,0,1,2,3,4,5,6,7,8,9,10,11,12,13,14,15,16,17,18,19,20,21,22,23,24,25,26,27,28,29,30,31,32,33,34,35,36,37,38,39,40,41,42,43,44,45,46,47,48,49,50,51,52,53,54,55,56,57,58,59,60,61,62,63,64,65,66,67,68,69,70,71,72,73,74,75,76,77,78,79,80,81,82,83,84,85,86,87,88,89,90,91,92,93,94,95,96,97,98,99,100,101,102,103,104,105,106,107,108,109,110,111,112,113,114,115,116,117,118,119,120,121,122,123,124,125,126,127,128,129,130,131,132,133,134,135,136,137,138,139,140,141,142,143,144,145,146,147,148,149,150,151,152,153,154,155,156,157,158,159,160,161,162,163,164,165,166,167,168,169,170,171,172,173,174,175,176,177,178,179,180,181,182,183,184,185,186,187,188,189,190,191,192,193,194,195,196,197,198,199,200,201,202,203,204,205,206,207,208,209,210,211,212,213,214,215,216,217,218,219,220,221,222,223,224,225,226,227,228,229,230,231,232,233,234,235,236,237,238,239,240,241,242,243,244,245,246,247,248,249,250,251,252,253,254,255,256,257,258,259,260,261,262,263,264,265,266,267,268,269,270,271,272,273,274,275,276,277,278,279,280,281,282,283,284,285,286,287,288,289,290,291,292,293,294,295,296,297,298,299,300,301,302,303,304,305,306,307,308,309,310,311,312,313,314,315,316,317,318,319,320,321,322,323,324,325,326,327,328,329,330,331,332,333,334,335,336,337,338,339,340,341,342,343,344,345,346,347,348,349,350,351,352,353,354,355,356,357,358,359,360,361,362,363,364,365,366,367,368,369,370,371,372,373,374,375,376,377,378,379,380,381,382,383,384,385,386,387,388,389,390,391,392,393,394,395,396,397,398,399,400,401,402,403,404,405,406,407,408,409,410,411,412,413,414,415,416,417,418,419,420,421,422,423,424,425,426,427,428,429,430,431,432,433,434,435,436,437,438,439,440,441,442,443,444,445,446,447,448,449,450,451,452,453,454,455,456,457,458,459,460,461,462,463,464,465,466,467,468,469,470,471,472,473,474,475,476,477,478,479,480,481,482,483,484,485,486,487,488,489,490,491,492,493,494,495,496,497,498,499,500,501,502,503,504,505,506,507,508,509,510,511,512,513,514,515,516,517,518,519,520,521,522,523,524,525,526,527,528,529,530,531,532,533,534,535,536,537,538,539,540,541,542,543,544,545,546,547,548,549,550,551,552,553,554,555,556,557,558,559,560,561,562,563,564,565,566,567,568,569,570,571,572,573,574,575,576,577,578,579,580,581,582,583,584,585,586,587,588,589,590,591,592,593,594,595,596,597,598,599,600,601,602,603,604,605,606,607,608,609,610,611,612,613,614,615,616,617,618,619,620,621,622,623,624,625,626,627,628,629,630,631,632,633,634,635,636,637,638,639,640,641,642,643,644,645,646,647,648,649,650,651,652,653,654,655,656,657,658,659,660,661,662,663,664,665,666,667,668,669,670,671,672,673,674,675,676,677,678,679,680,681,682,683,684,685,686,687,688,689,690,691,692,693,694,695,696,697,698,699,700,701,702,703,704,705,706,707,708,709,710,711,712,713,714,715,716,717,718,719,720,721,722,723,724,725,726,727,728,729,730,731,732,733,734,735,736,737,738,739,740,741,742,743,744,745,746,747,748,749,750,751,752,753,754,755,756,757,758,759,760,761,762,763,764,765,766,767,768,769,770,771,772,773,774,775,776,777,778,779,780,781,782,783,784,785,786,787,788,789,790,791,792,793,794,795,796,797,798,799,800,801,802,803,804,805,806,807,808,809,810,811,812,813,814,815,816,817,818,819,820,821,822,823,824,825,826,827,828,829,830,831,832,833,834,835,836,837,838,839,840,841,842,843,844,845,846,847,848,849,850,851,852,853,854,855,856,857,858,859,860,861,862,863,864,865,866,867,868,869,870,871,872,873,874,875,876,877,878,879,880,881,882,883,884,885,886,887,888,889,890,891,892,893,894,895,896,897,898,899,900,901,902,903,904,905,906,907,908,909,910,911,912,913,914,915,916,917,918,919,920,921,922,923,924,925,926,927,928,929,930,931,932,933,934,935,936,937,938,939,940,941,942,943,944,945,946,947,948,949,950,951,952,953,954,955,956,957,958,959,960,961,962,963,964,965,966,967,968,969,970,971,972,973,974,975,976,977,978,979,980,981,982,983,984,985,986,987,988,989,990,991,992,993,994,995,996,997,998,999,1000,1001,1002,1003,1004,1005,1006,1007,1008,1009,1010,1011,1012,1013,1014,1015,1016,1017,1018,1019,1020,1021,1022,1023,1024,1025,1026,1027,1028,1029,1030,1031,1032,1033,1034,1035,1036,1037,1038,1039,1040,1041,1042,1043,1044,1045,1046,1047,1048,1049,1050,1051,1052,1053,1054,1055,1056,1057,1058,1059,1060,1061,1062,1063,1064,1065,1066,1067,1068,1069,1070,1071,1072,1073,1074,1075,1076,1077,1078,1079,1080,1081,1082,1083,1084,1085,1086,1087,1088,1089,1090,1091,1092,1093,1094,1095,1096,1097,1098,1099,1100,1101,1102,1103,1104,1105,1106,1107,1108,1109,1110,1111,1112,1113,1114,1115,1116,1117,1118,1119,1120,1121,1122,1123,1124,1125,1126,1127,1128,1129,1130,1131,1132,1133,1134,1135,1136,1137,1138,1139,1140,1141,1142,1143,1144,1145,1146,1147,1148,1149,1150,1151,1152,1153,1154,1155,1156,1157,1158,1159,1160,1161,1162,1163,1164,1165,1166,1167,1168,1169,1170,1171,1172,1173,1174,1175,1176,1177,1178,1179,1180,1181,1182,1183,1184,1185,1186,1187,1188,1189,1190,1191,1192,1193,1194,1195,1196,1197,1198,1199,1200,1201,1202,1203,1204,1205,1206,1207,1208,1209,1210,1211,1212,1213,1214,1215,1216,1217,1218,1219,1220,1221,1222,1223,1224,1225,1226,1227,1228,1229,1230,1231,1232,1233,1234,1235,1236,1237,1238,1239,1240,1241,1242,1243,1244,1245,1246,1247,1248,1249,1250,1251,1252,1253,1254,1255,1256,1257,1258,1259,1260,1261,1262,1263,1264,1265,1266,1267,1268,1269,1270,1271,1272,1273,1274,1275,1276,1277,1278,1279,1280,1281,1282,1283,1284,1285,1286,1287,1288,1289,1290,1291,1292,1293,1294,1295,1296,1297,1298,1299,1300,1301,1302,1303,1304,1305,1306,1307,1308,1309,1310,1311,1312,1313,1314,1315,1316,1317,1318,1319,1320,1321,1322,1323,1324,1325,1326,1327,1328,1329,1330,1331,1332,1333,1334,1335,1336,1337,1338,1339,1340,1341,1342,1343,1344,1345,1346,1347,1348,1349,1350,1351,1352,1353,1354,1355,1356,1357,1358,1359,1360,1361,1362,1363,1364,1365,1366,1367,1368,1369,1370,1371,1372,1373,1374,1375,1376,1377,1378,1379,1380,1381,1382,1383,1384,1385,1386,1387,1388,1389,1390,1391,1392,1393,1394,1395,1396,1397,1398,1399,1400,1401,1402,1403,1404,1405,1406,1407,1408,1409,1410,1411,1412,1413,1414,1415,1416,1417,1418,1419,1420,1421,1422,1423,1424,1425,1426,1427,1428,1429,1430,1431,1432,1433,1434,1435,1436,1437,1438,1439,1440,1441,1442,1443,1444,1445,1446,1447,1448,1449,1450,1451,1452,1453,1454,1455,1456,1457,1458,1459,1460,1461,1462,1463,1464,1465,1466,1467,1468,1469,1470,1471,1472,1473,1474,1475,1476,1477,1478,1479,1480,1481,1482,1483,1484,1485,1486,1487,1488,1489,1490,1491,1492,1493,1494,1495,1496,1497,1498,1499,1500,1501,1502,1503,1504,1505,1506,1507,1508,1509,1510,1511,1512,1513,1514,1515,1516,1517,1518,1519,1520,1521,1522,1523,1524,1525,1526,1527,1528,1529,1530,1531,1532,1533,1534,1535,1536,1537,1538,1539,1540,1541,1542,1543,1544,1545,1546,1547,1548,1549,1550,1551,1552,1553,1554,1555,1556,1557,1558,1559,1560,1561,1562,1563,1564,1565,1566,1567,1568,1569,1570,1571,1572,1573,1574,1575,1576,1577,1578,1579,1580,1581,1582,1583,1584,1585,1586,1587,1588,1589,1590,1591,1592,1593,1594,1595,1596,1597,1598,1599,1600,1601,1602,1603,1604,1605,1606,1607,1608,1609,1610,1611,1612,1613,1614,1615,1616,1617,1618,1619,1620,1621,1622,1623,1624,1625,1626,1627,1628,1629,1630,1631,1632,1633,1634,1635,1636,1637,1638,1639,1640,1641,1642,1643,1644,1645,1646,1647,1648,1649,1650,1651,1652,1653,1654,1655,1656,1657,1658,1659,1660,1661,1662,1663,1664,1665,1666,1667,1668,1669,1670,1671,1672,1673,1674,1675,1676,1677,1678,1679,1680,1681,1682,1683,1684,1685,1686,1687,1688,1689,1690,1691,1692,1693,1694,1695,1696,1697,1698,1699,1700,1701,1702,1703,1704,1705,1706,1707,1708,1709,1710,1711,1712,1713,1714,1715,1716,1717,1718,1719,1720,1721,1722,1723,1724,1725,1726,1727,1728,1729,1730,1731,1732,1733,1734,1735,1736,1737,1738,1739,1740,1741,1742,1743,1744,1745,1746,1747,1748,1749,1750,1751,1752,1753,1754,1755,1756,1757,1758,1759,1760,1761,1762,1763,1764,1765,1766,1767,1768,1769,1770,1771,1772,1773,1774,1775,1776,1777,1778,1779,1780,1781,1782,1783,1784,1785,1786,1787,1788,1789,1790,1791,1792,1793,1794,1795,1796,1797,1798,1799,1800,1801,1802,1803,1804,1805,1806,1807,1808,1809,1810,1811,1812,1813,1814,1815,1816,1817,1818,1819,1820,1821,1822,1823,1824,1825,1826,1827,1828,1829,1830,1831,1832,1833,1834,1835,1836,1837,1838,1839,1840,1841,1842,1843,1844,1845,1846,1847,1848,1849,1850,1851,1852,1853,1854,1855,1856,1857,1858,1859,1860,1861,1862,1863,1864,1865,1866,1867,1868,1869,1870,1871,1872,1873,1874,1875,1876,1877,1878,1879,1880,1881,1882,1883,1884,1885,1886,1887,1888,1889,1890,1891,1892,1893,1894,1895,1896,1897,1898,1899,1900,1901,1902,1903,1904,1905,1906,1907,1908,1909,1910,1911,1912,1913,1914,1915,1916,1917,1918,1919,1920,1921,1922,1923,1924,1925,1926,1927,1928,1929,1930,1931,1932,1933,1934,1935,1936,1937,1938,1939,1940,1941,1942,1943,1944,1945,1946,1947,1948,1949,1950,1951,1952,1953,1954,1955,1956,1957,1958,1959,1960,1961,1962,1963,1964,1965,1966,1967,1968,1969,1970,1971,1972,1973,1974,1975,1976,1977,1978,1979,1980,1981,1982,1983,1984,1985,1986,1987,1988,1989,1990,1991,1992,1993,1994,1995,1996,1997,1998,1999,2000,2001,2002,2003,2004,2005,2006,2007,2008,2009,2010,2011,2012,2013,2014,2015,2016,2017,2018,2019,2020,2021,2022,2023,2024,2025,2026,2027,2028,2029,2030,2031,2032,2033,2034,2035,2036,2037,2038,2039,2040,2041,2042,2043,2044,2045,2046,2047,2048,2049,2050,2051,2052,2053,2054,2055,2056,2057,2058,2059,2060,2061,2062,2063,2064,2065,2066,2067,2068,2069,2070,2071,2072,2073,2074,2075,2076,2077,2078,2079,2080,2081,2082,2083,2084,2085,2086,2087,2088,2089,2090,2091,2092,2093,2094,2095,2096,2097,2098,2099,2100,2101,2102,2103,2104,2105,2106,2107,2108,2109,2110,2111,2112,2113,2114,2115,2116,2117,2118,2119,2120,2121,2122,2123,2124,2125,2126,2127,2128,2129,2130,2131,2132,2133,2134,2135,2136,2137,2138,2139,2140,2141,2142,2143,2144,2145,2146,2147,2148,2149,2150,2151,2152,2153,2154,2155,2156,2157,2158,2159,2160,2161,2162,2163,2164,2165,2166,2167,2168,2169,2170,2171,2172,2173,2174,2175,2176,2177,2178,2179,2180,2181,2182,2183,2184,2185,2186,2187,2188,2189,2190,2191,2192,2193,2194,2195,2196,2197,2198,2199,2200,2201,2202,2203,2204,2205,2206,2207,2208,2209,2210,2211,2212,2213,2214,2215,2216,2217,2218,2219,2220,2221,2222,2223,2224,2225,2226,2227,2228,2229,2230,2231,2232,2233,2234,2235,2236,2237,2238,2239,2240,2241,2242,2243,2244,2245,2246,2247,2248,2249,2250,2251,2252,2253,2254,2255,2256,2257,2258,2259,2260,2261,2262,2263,2264,2265,2266,2267,2268,2269,2270,2271,2272,2273,2274,2275,2276,2277,2278,2279,2280,2281,2282,2283,2284,2285,2286,2287,2288,2289,2290,2291,2292,2293,2294,2295,2296,2297,2298,2299,2300,2301,2302,2303,2304,2305,2306,2307,2308,2309,2310,2311,2312,2313,2314,2315,2316,2317,2318,2319,2320,2321,2322,2323,2324,2325,2326,2327,2328,2329,2330,2331,2332,2333,2334,2335,2336,2337,2338,2339,2340,2341,2342,2343,2344,2345,2346,2347,2348,2349,2350,2351,2352,2353,2354,2355,2356,2357,2358,2359,2360,2361,2362,2363,2364,2365,2366,2367,2368,2369,2370,2371,2372,2373,2374,2375,2376,2377,2378,2379,2380,2381,2382,2383,2384,2385,2386,2387,2388,2389,2390,2391,2392,2393,2394,2395,2396,2397,2398,2399,2400,2401,2402,2403,2404,2405,2406,2407,2408,2409,2410,2411,2412,2413,2414,2415,2416,2417,2418,2419,2420,2421,2422,2423,2424,2425,2426,2427,2428,2429,2430,2431,2432,2433,2434,2435,2436,2437,2438,2439,2440,2441,2442,2443,2444,2445,2446,2447,2448,2449,2450,2451,2452,2453,2454,2455,2456,2457,2458,2459,2460,2461,2462,2463,2464,2465,2466,2467,2468,2469,2470,2471,2472,2473,2474,2475,2476,2477,2478,2479,2480,2481,2482,2483,2484,2485,2486,2487,2488,2489,2490,2491,2492,2493,2494,2495,2496,2497,2498,2499,2500,2501,2502,2503,2504,2505,2506,2507,2508,2509,2510,2511,2512,2513,2514,2515,2516,2517,2518,2519,2520,2521,2522,2523,2524,2525,2526,2527,2528,2529,2530,2531,2532,2533,2534,2535,2536,2537,2538,2539,2540,2541,2542,2543,2544,2545,2546,2547,2548,2549,2550,2551,2552,2553,2554,2555,2556,2557,2558,2559,2560,2561,2562,2563,2564,2565,2566,2567,2568,2569,2570,2571,2572,2573,2574,2575,2576,2577,2578,2579,2580,2581,2582,2583,2584,2585,2586,2587,2588,2589,2590,2591,2592,2593,2594,2595,2596,2597,2598,2599,2600,2601,2602,2603,2604,2605,2606,2607,2608,2609,2610,2611,2612,2613,2614,2615,2616,2617,2618,2619,2620,2621,2622,2623,2624,2625,2626,2627,2628,2629,2630,2631,2632,2633,2634,2635,2636,2637,2638,2639,2640,2641,2642,2643,2644,2645,2646,2647,2648,2649,2650,2651,2652,2653,2654,2655,2656,2657,2658,2659,2660,2661,2662,2663,2664,2665,2666,2667,2668,2669,2670,2671,2672,2673,2674,2675,2676,2677,2678,2679,2680,2681,2682,2683,2684,2685,2686,2687,2688,2689,2690,2691,2692,2693,2694,2695,2696,2697,2698,2699,2700,2701,2702,2703,2704,2705,2706,2707,2708,2709,2710,2711,2712,2713,2714,2715,2716,2717,2718,2719,2720,2721,2722,2723,2724,2725,2726,2727,2728,2729,2730,2731,2732,2733,2734,2735,2736,2737,2738,2739,2740,2741,2742,2743,2744,2745,2746,2747,2748,2749,2750,2751,2752,2753,2754,2755,2756,2757,2758,2759,2760,2761,2762,2763,2764,2765,2766,2767,2768,2769,2770,2771,2772,2773,2774,2775,2776,2777,2778,2779,2780,2781,2782,2783,2784,2785,2786,2787,2788,2789,2790,2791,2792,2793,2794,2795,2796,2797,2798,2799,2800,2801,2802,2803,2804,2805,2806,2807,2808,2809,2810,2811,2812,2813,2814,2815,2816,2817,2818,2819,2820,2821,2822,2823,2824,2825,2826,2827,2828,2829,2830,2831,2832,2833,2834,2835,2836,2837,2838,2839,2840,2841,2842,2843,2844,2845,2846,2847,2848,2849,2850,2851,2852,2853,2854,2855,2856,2857,2858,2859,2860,2861,2862,2863,2864,2865,2866,2867,2868,2869,2870,2871,2872,2873,2874,2875,2876,2877,2878,2879,2880,2881,2882,2883,2884,2885,2886,2887,2888,2889,2890,2891,2892,2893,2894,2895,2896,2897,2898,2899,2900,2901,2902,2903,2904,2905,2906,2907,2908,2909,2910,2911,2912,2913,2914,2915,2916,2917,2918,2919,2920,2921,2922,2923,2924,2925,2926,2927,2928,2929,2930,2931,2932,2933,2934,2935,2936,2937,2938,2939,2940,2941,2942,2943,2944,2945,2946,2947,2948,2949,2950,2951,2952,2953,2954,2955,2956,2957,2958,2959,2960,2961,2962,2963,2964,2965,2966,2967,2968,2969,2970,2971,2972,2973,2974,2975,2976,2977,2978,2979,2980,2981,2982,2983,2984,2985,2986,2987,2988,2989,2990,2991,2992,2993,2994,2995,2996,2997,2998,2999,3000,3001,3002,3003,3004,3005,3006,3007,3008,3009,3010,3011,3012,3013,3014,3015,3016,3017,3018,3019,3020,3021,3022,3023,3024,3025,3026,3027,3028,3029,3030,3031,3032,3033,3034,3035,3036,3037,3038,3039,3040,3041,3042,3043,3044,3045,3046,3047,3048,3049,3050,3051,3052,3053,3054,3055,3056,3057,3058,3059,3060,3061,3062,3063,3064,3065,3066,3067,3068,3069,3070,3071,3072,3073,3074,3075,3076,3077,3078,3079,3080,3081,3082,3083,3084,3085,3086,3087,3088,3089,3090,3091,3092,3093,3094,3095,3096,3097,3098,3099,3100,3101,3102,3103,3104,3105,3106,3107,3108,3109,3110,3111,3112,3113,3114,3115,3116,3117,3118,3119,3120,3121,3122,3123,3124,3125,3126,3127,3128,3129,3130,3131,3132,3133,3134,3135,3136,3137,3138,3139,3140,3141,3142,3143,3144,3145,3146,3147,3148,3149,3150,3151,3152,3153,3154,3155,3156,3157,3158,3159,3160,3161,3162,3163,3164,3165,3166,3167,3168,3169,3170,3171,3172,3173,3174,3175,3176,3177,3178,3179,3180,3181,3182,3183,3184,3185,3186,3187,3188,3189,3190,3191,3192,3193,3194,3195,3196,3197,3198,3199,3200,3201,3202,3203,3204,3205,3206,3207,3208,3209,3210,3211,3212,3213,3214,3215,3216,3217,3218,3219,3220,3221,3222,3223,3224,3225,3226,3227,3228,3229,3230,3231,3232,3233,3234,3235,3236,3237,3238,3239,3240,3241,3242,3243,3244,3245,3246,3247,3248,3249,3250,3251,3252,3253,3254,3255,3256,3257,3258,3259,3260,3261,3262,3263,3264,3265,3266,3267,3268,3269,3270,3271,3272,3273,3274,3275,3276,3277,3278,3279,3280,3281,3282,3283,3284,3285,3286,3287,3288,3289,3290,3291,3292,3293,3294,3295,3296,3297,3298,3299,3300,3301,3302,3303,3304,3305,3306,3307,3308,3309,3310,3311,3312,3313,3314,3315,3316,3317,3318,3319,3320,3321,3322,3323,3324,3325,3326,3327,3328,3329,3330,3331,3332,3333,3334,3335,3336,3337,3338,3339,3340,3341,3342,3343,3344,3345,3346,3347,3348,3349,3350,3351,3352,3353,3354,3355,3356,3357,3358,3359,3360,3361,3362,3363,3364,3365,3366,3367,3368,3369,3370,3371,3372,3373,3374,3375,3376,3377,3378,3379,3380,3381,3382,3383,3384,3385,3386,3387,3388,3389,3390,3391,3392,3393,3394,3395,3396,3397,3398,3399,3400,3401,3402,3403,3404,3405,3406,3407,3408,3409,3410,3411,3412,3413,3414,3415,3416,3417,3418,3419,3420,3421,3422,3423,3424,3425,3426,3427,3428,3429,3430,3431,3432,3433,3434,3435,3436,3437,3438,3439,3440,3441,3442,3443,3444,3445,3446,3447,3448,3449,3450,3451,3452,3453,3454,3455,3456,3457,3458,3459,3460,3461,3462,3463,3464,3465,3466,3467,3468,3469,3470,3471,3472,3473,3474,3475,3476,3477,3478,3479,3480,3481,3482,3483,3484,3485,3486,3487,3488,3489,3490,3491,3492,3493,3494,3495,3496,3497,3498,3499,3500,3501,3502,3503,3504,3505,3506,3507,3508,3509,3510,3511,3512,3513,3514,3515,3516,3517,3518,3519,3520,3521,3522,3523,3524,3525,3526,3527,3528,3529,3530,3531,3532,3533,3534,3535,3536,3537,3538,3539,3540,3541,3542,3543,3544,3545,3546,3547,3548,3549,3550,3551,3552,3553,3554,3555,3556,3557,3558,3559,3560,3561,3562,3563,3564,3565,3566,3567,3568,3569,3570,3571,3572,3573,3574,3575,3576,3577,3578,3579,3580,3581,3582,3583,3584,3585,3586,3587,3588,3589,3590,3591,3592,3593,3594,3595,3596,3597,3598,3599,3600,3601,3602,3603,3604,3605,3606,3607,3608,3609,3610,3611,3612,3613,3614,3615,3616,3617,3618,3619,3620,3621,3622,3623,3624,3625,3626,3627,3628,3629,3630,3631,3632,3633,3634,3635,3636,3637,3638,3639,3640,3641,3642,3643,3644,3645,3646,3647,3648,3649,3650,3651,3652,3653,3654,3655,3656,3657,3658,3659,3660,3661,3662,3663,3664,3665,3666,3667,3668,3669,3670,3671,3672,3673,3674,3675,3676,3677,3678,3679,3680,3681,3682,3683,3684,3685,3686,3687,3688,3689,3690,3691,3692,3693,3694,3695,3696,3697,3698,3699,3700,3701,3702,3703,3704,3705,3706,3707,3708,3709,3710,3711,3712,3713,3714,3715,3716,3717,3718,3719,3720,3721,3722,3723,3724,3725,3726,3727,3728,3729,3730,3731,3732,3733,3734,3735,3736,3737,3738,3739,3740,3741,3742,3743,3744,3745,3746,3747,3748,3749,3750,3751,3752,3753,3754,3755,3756,3757,3758,3759,3760,3761,3762,3763,3764,3765,3766,3767,3768,3769,3770,3771,3772,3773,3774,3775,3776,3777,3778,3779,3780,3781,3782,3783,3784,3785,3786,3787,3788,3789,3790,3791,3792,3793,3794,3795,3796,3797,3798,3799,3800,3801,3802,3803,3804,3805,3806,3807,3808,3809,3810,3811,3812,3813,3814,3815,3816,3817,3818,3819,3820,3821,3822,3823,3824,3825,3826,3827,3828,3829,3830,3831,3832,3833,3834,3835,3836,3837,3838,3839,3840,3841,3842,3843,3844,3845,3846,3847,3848,3849,3850,3851,3852,3853,3854,3855,3856,3857,3858,3859,3860,3861,3862,3863,3864,3865,3866,3867,3868,3869,3870,3871,3872,3873,3874,3875,3876,3877,3878,3879,3880,3881,3882,3883,3884,3885,3886,3887,3888,3889,3890,3891,3892,3893,3894,3895,3896,3897,3898,3899,3900,3901,3902,3903,3904,3905,3906,3907,3908,3909,3910,3911,3912,3913,3914,3915,3916,3917,3918,3919,3920,3921,3922,3923,3924,3925,3926,3927,3928,3929,3930,3931,3932,3933,3934,3935,3936,3937,3938,3939,3940,3941,3942,3943,3944,3945,3946,3947,3948,3949,3950,3951,3952,3953,3954,3955,3956,3957,3958,3959,3960,3961,3962,3963,3964,3965,3966,3967,3968,3969,3970,3971,3972,3973,3974,3975,3976,3977,3978,3979,3980,3981,3982,3983,3984,3985,3986,3987,3988,3989,3990,3991,3992,3993,3994,3995,3996,3997,3998,3999,4000,4001,4002,4003,4004,4005,4006,4007,4008,4009,4010,4011,4012,4013,4014,4015,4016,4017,4018,4019,4020,4021,4022,4023,4024,4025,4026,4027,4028,4029,4030,4031,4032,4033,4034,4035,4036,4037,4038,4039,4040,4041,4042,4043,4044,4045,4046,4047,4048,4049,4050,4051,4052,4053,4054,4055,4056,4057,4058,4059,4060,4061,4062,4063,4064,4065,4066,4067,4068,4069,4070,4071,4072,4073,4074,4075,4076,4077,4078,4079,4080,4081,4082,4083,4084,4085,4086,4087,4088,4089,4090,4091,4092,4093,4094,4095,4096,4097,4098,4099,4100,4101,4102,4103,4104,4105,4106,4107,4108,4109,4110,4111,4112,4113,4114,4115,4116,4117,4118,4119,4120,4121,4122,4123,4124,4125,4126,4127,4128,4129,4130,4131,4132,4133,4134,4135,4136,4137,4138,4139,4140,4141,4142,4143,4144,4145,4146,4147,4148,4149,4150,4151,4152,4153,4154,4155,4156,4157,4158,4159,4160,4161,4162,4163,4164,4165,4166,4167,4168,4169,4170,4171,4172,4173,4174,4175,4176,4177,4178,4179,4180,4181,4182,4183,4184,4185,4186,4187,4188,4189,4190,4191,4192,4193,4194,4195,4196,4197,4198,4199,4200,4201,4202,4203,4204,4205,4206,4207,4208,4209,4210,4211,4212,4213,4214,4215,4216,4217,4218,4219,4220,4221,4222,4223,4224,4225,4226,4227,4228,4229,4230,4231,4232,4233,4234,4235,4236,4237,4238,4239,4240,4241,4242,4243,4244,4245,4246,4247,4248,4249,4250,4251,4252,4253,4254,4255,4256,4257,4258,4259,4260,4261,4262,4263,4264,4265,4266,4267,4268,4269,4270,4271,4272,4273,4274,4275,4276,4277,4278,4279,4280,4281,4282,4283,4284,4285,4286,4287,4288,4289,4290,4291,4292,4293,4294,4295,4296,4297,4298,4299,4300,4301,4302,4303,4304,4305,4306,4307,4308,4309,4310,4311,4312,4313,4314,4315,4316,4317,4318,4319,4320,4321,4322,4323,4324,4325,4326,4327,4328,4329,4330,4331,4332,4333,4334,4335,4336,4337,4338,4339,4340,4341,4342,4343,4344,4345,4346,4347,4348,4349,4350,4351,4352,4353,4354,4355,4356,4357,4358,4359,4360,4361,4362,4363,4364,4365,4366,4367,4368,4369,4370,4371,4372,4373,4374,4375,4376,4377,4378,4379,4380,4381,4382,4383,4384,4385,4386,4387,4388,4389,4390,4391,4392,4393,4394,4395,4396,4397,4398,4399,4400,4401,4402,4403,4404,4405,4406,4407,4408,4409,4410,4411,4412,4413,4414,4415,4416,4417,4418,4419,4420,4421,4422,4423,4424,4425,4426,4427,4428,4429,4430,4431,4432,4433,4434,4435,4436,4437,4438,4439,4440,4441,4442,4443,4444,4445,4446,4447,4448,4449,4450,4451,4452,4453,4454,4455,4456,4457,4458,4459,4460,4461,4462,4463,4464,4465,4466,4467,4468,4469,4470,4471,4472,4473,4474,4475,4476,4477,4478,4479,4480,4481,4482,4483,4484,4485,4486,4487,4488,4489,4490,4491,4492,4493,4494,4495,4496,4497,4498,4499,4500,4501,4502,4503,4504,4505,4506,4507,4508,4509,4510,4511,4512,4513,4514,4515,4516,4517,4518,4519,4520,4521,4522,4523,4524,4525,4526,4527,4528,4529,4530,4531,4532,4533,4534,4535,4536,4537,4538,4539,4540,4541,4542,4543,4544,4545,4546,4547,4548,4549,4550,4551,4552,4553,4554,4555,4556,4557,4558,4559,4560,4561,4562,4563,4564,4565,4566,4567,4568,4569,4570,4571,4572,4573,4574,4575,4576,4577,4578,4579,4580,4581,4582,4583,4584,4585,4586,4587,4588,4589,4590,4591,4592,4593,4594,4595,4596,4597,4598,4599,4600,4601,4602,4603,4604,4605,4606,4607,4608,4609,4610,4611,4612,4613,4614,4615,4616,4617,4618,4619,4620,4621,4622,4623,4624,4625,4626,4627,4628,4629,4630,4631,4632,4633,4634,4635,4636,4637,4638,4639,4640,4641,4642,4643,4644,4645,4646,4647,4648,4649,4650,4651,4652,4653,4654,4655,4656,4657,4658,4659,4660,4661,4662,4663,4664,4665,4666,4667,4668,4669,4670,4671,4672,4673,4674,4675,4676,4677,4678,4679,4680,4681,4682,4683,4684,4685,4686,4687,4688,4689,4690,4691,4692,4693,4694,4695,4696,4697,4698,4699,4700,4701,4702,4703,4704,4705,4706,4707,4708,4709,4710,4711,4712,4713,4714,4715,4716,4717,4718,4719,4720,4721,4722,4723,4724,4725,4726,4727,4728,4729,4730,4731,4732,4733,4734,4735,4736,4737,4738,4739,4740,4741,4742,4743,4744,4745,4746,4747,4748,4749,4750,4751,4752,4753,4754,4755,4756,4757,4758,4759,4760,4761,4762,4763,4764,4765,4766,4767,4768,4769,4770,4771,4772,4773,4774,4775,4776,4777,4778,4779,4780,4781,4782,4783,4784,4785,4786,4787,4788,4789,4790,4791,4792,4793,4794,4795,4796,4797,4798,4799,4800,4801,4802,4803,4804,4805,4806,4807,4808,4809,4810,4811,4812,4813,4814,4815,4816,4817,4818,4819,4820,4821,4822,4823,4824,4825,4826,4827,4828,4829,4830,4831,4832,4833,4834,4835,4836,4837,4838,4839,4840,4841,4842,4843,4844,4845,4846,4847,4848,4849,4850,4851,4852,4853,4854,4855,4856,4857,4858,4859,4860,4861,4862,4863,4864,4865,4866,4867,4868,4869,4870,4871,4872,4873,4874,4875,4876,4877,4878,4879,4880,4881,4882,4883,4884,4885,4886,4887,4888,4889,4890,4891,4892,4893,4894,4895,4896,4897,4898,4899,4900,4901,4902,4903,4904,4905,4906,4907,4908,4909,4910,4911,4912,4913,4914,4915,4916,4917,4918,4919,4920,4921,4922,4923,4924,4925,4926,4927,4928,4929,4930,4931,4932,4933,4934,4935,4936,4937,4938,4939,4940,4941,4942,4943,4944,4945,4946,4947,4948,4949,4950,4951,4952,4953,4954,4955,4956,4957,4958,4959,4960,4961,4962,4963,4964,4965,4966,4967,4968,4969,4970,4971,4972,4973,4974,4975,4976,4977,4978,4979,4980,4981,4982,4983,4984,4985,4986,4987,4988,4989,4990,4991,4992,4993,4994,4995,4996,4997,4998,4999,5000,5001,5002,5003,5004,5005,5006,5007,5008,5009,5010,5011,5012,5013,5014,5015,5016,5017,5018,5019,5020,5021,5022,5023,5024,5025,5026,5027,5028,5029,5030,5031,5032,5033,5034,5035,5036,5037,5038,5039,5040,5041,5042,5043,5044,5045,5046,5047,5048,5049,5050,5051,5052,5053,5054,5055,5056,5057,5058,5059,5060,5061,5062,5063,5064,5065,5066,5067,5068,5069,5070,5071,5072,5073,5074,5075,5076,5077,5078,5079,5080,5081,5082,5083,5084,5085,5086,5087,5088,5089,5090,5091,5092,5093,5094,5095,5096,5097,5098,5099,5100,5101,5102,5103,5104,5105,5106,5107,5108,5109,5110,5111,5112,5113,5114,5115,5116,5117,5118,5119,5120,5121,5122,5123,5124,5125,5126,5127,5128,5129,5130,5131,5132,5133,5134,5135,5136,5137,5138,5139,5140,5141,5142,5143,5144,5145,5146,5147,5148,5149,5150,5151,5152,5153,5154,5155,5156,5157,5158,5159,5160,5161,5162,5163,5164,5165,5166,5167,5168,5169,5170,5171,5172,5173,5174,5175,5176,5177,5178,5179,5180,5181,5182,5183,5184,5185,5186,5187,5188,5189,5190,5191,5192,5193,5194,5195,5196,5197,5198,5199,5200,5201,5202,5203,5204,5205,5206,5207,5208,5209,5210,5211,5212,5213,5214,5215,5216,5217,5218,5219,5220,5221,5222,5223,5224,5225,5226,5227,5228,5229,5230,5231,5232,5233,5234,5235,5236,5237,5238,5239,5240,5241,5242,5243,5244,5245,5246,5247,5248,5249,5250,5251,5252,5253,5254,5255,5256,5257,5258,5259,5260,5261,5262,5263,5264,5265,5266,5267,5268,5269,5270,5271,5272,5273,5274,5275,5276,5277,5278,5279,5280,5281,5282,5283,5284,5285,5286,5287,5288,5289,5290,5291,5292,5293,5294,5295,5296,5297,5298,5299,5300,5301,5302,5303,5304,5305,5306,5307,5308,5309,5310,5311,5312,5313,5314,5315,5316,5317,5318,5319,5320,5321,5322,5323,5324,5325,5326,5327,5328,5329,5330,5331,5332,5333,5334,5335,5336,5337,5338,5339,5340,5341,5342,5343,5344,5345,5346,5347,5348,5349,5350,5351,5352,5353,5354,5355,5356,5357,5358,5359,5360,5361,5362,5363,5364,5365,5366,5367,5368,5369,5370,5371,5372,5373,5374,5375,5376,5377,5378,5379,5380,5381,5382,5383,5384,5385,5386,5387,5388,5389,5390,5391,5392,5393,5394,5395,5396,5397,5398,5399,5400,5401,5402,5403,5404,5405,5406,5407,5408,5409,5410,5411,5412,5413,5414,5415,5416,5417,5418,5419,5420,5421,5422,5423,5424,5425,5426,5427,5428,5429,5430,5431,5432,5433,5434,5435,5436,5437,5438,5439,5440,5441,5442,5443,5444,5445,5446,5447,5448,5449,5450,5451,5452,5453,5454,5455,5456,5457,5458,5459,5460,5461,5462,5463,5464,5465,5466,5467,5468,5469,5470,5471,5472,5473,5474,5475,5476,5477,5478,5479,5480,5481,5482,5483,5484,5485,5486,5487,5488,5489,5490,5491,5492,5493,5494,5495,5496,5497,5498,5499,5500,5501,5502,5503,5504,5505,5506,5507,5508,5509,5510,5511,5512,5513,5514,5515,5516,5517,5518,5519,5520,5521,5522,5523,5524,5525,5526,5527,5528,5529,5530,5531,5532,5533,5534,5535,5536,5537,5538,5539,5540,5541,5542,5543,5544,5545,5546,5547,5548,5549,5550,5551,5552,5553,5554,5555,5556,5557,5558,5559,5560,5561,5562,5563,5564,5565,5566,5567,5568,5569,5570,5571,5572,5573,5574,5575,5576,5577,5578,5579,5580,5581,5582,5583,5584,5585,5586,5587,5588,5589,5590,5591,5592,5593,5594,5595,5596,5597,5598,5599,5600,5601,5602,5603,5604,5605,5606,5607,5608,5609,5610,5611,5612,5613,5614,5615,5616,5617,5618,5619,5620,5621,5622,5623,5624,5625,5626,5627,5628,5629,5630,5631,5632,5633,5634,5635,5636,5637,5638,5639,5640,5641,5642,5643,5644,5645,5646,5647,5648,5649,5650,5651,5652,5653,5654,5655,5656,5657,5658,5659,5660,5661,5662,5663,5664,5665,5666,5667,5668,5669,5670,5671,5672,5673,5674,5675,5676,5677,5678,5679,5680,5681,5682,5683,5684,5685,5686,5687,5688,5689,5690,5691,5692,5693,5694,5695,5696,5697,5698,5699,5700,5701,5702,5703,5704,5705,5706,5707,5708,5709,5710,5711,5712,5713,5714,5715,5716,5717,5718,5719,5720,5721,5722,5723,5724,5725,5726,5727,5728,5729,5730,5731,5732,5733,5734,5735,5736,5737,5738,5739,5740,5741,5742,5743,5744,5745,5746,5747,5748,5749,5750,5751,5752,5753,5754,5755,5756,5757,5758,5759,5760,5761,5762,5763,5764,5765,5766,5767,5768,5769,5770,5771,5772,5773,5774,5775,5776,5777,5778,5779,5780,5781,5782,5783,5784,5785,5786,5787,5788,5789,5790,5791,5792,5793,5794,5795,5796,5797,5798,5799,5800,5801,5802,5803,5804,5805,5806,5807,5808,5809,5810,5811,5812,5813,5814,5815,5816,5817,5818,5819,5820,5821,5822,5823,5824,5825,5826,5827,5828,5829,5830,5831,5832,5833,5834,5835,5836,5837,5838,5839,5840,5841,5842,5843,5844,5845,5846,5847,5848,5849,5850,5851,5852,5853,5854,5855,5856,5857,5858,5859,5860,5861,5862,5863,5864,5865,5866,5867,5868,5869,5870,5871,5872,5873,5874,5875,5876,5877,5878,5879,5880,5881,5882,5883,5884,5885,5886,5887,5888,5889,5890,5891,5892,5893,5894,5895,5896,5897,5898,5899,5900,5901,5902,5903,5904,5905,5906,5907,5908,5909,5910,5911,5912,5913,5914,5915,5916,5917,5918,5919,5920,5921,5922,5923,5924,5925,5926,5927,5928,5929,5930,5931,5932,5933,5934,5935,5936,5937,5938,5939,5940,5941,5942,5943,5944,5945,5946,5947,5948,5949,5950,5951,5952,5953,5954,5955,5956,5957,5958,5959,5960,5961,5962,5963,5964,5965,5966,5967,5968,5969,5970,5971,5972,5973,5974,5975,5976,5977,5978,5979,5980,5981,5982,5983,5984,5985,5986,5987,5988,5989,5990,5991,5992,5993,5994,5995,5996,5997,5998,5999,6000,6001,6002,6003,6004,6005,6006,6007,6008,6009,6010,6011,6012,6013,6014,6015,6016,6017,6018,6019,6020,6021,6022,6023,6024,6025,6026,6027,6028,6029,6030,6031,6032,6033,6034,6035,6036,6037,6038,6039,6040,6041,6042,6043,6044,6045,6046,6047,6048,6049,6050,6051,6052,6053,6054,6055,6056,6057,6058,6059,6060,6061,6062,6063,6064,6065,6066,6067,6068,6069,6070,6071,6072,6073,6074,6075,6076,6077,6078,6079,6080,6081,6082,6083,6084,6085,6086,6087,6088,6089,6090,6091,6092,6093,6094,6095,6096,6097,6098,6099,6100,6101,6102,6103,6104,6105,6106,6107,6108,6109,6110,6111,6112,6113,6114,6115,6116,6117,6118,6119,6120,6121,6122,6123,6124,6125,6126,6127,6128,6129,6130,6131,6132,6133,6134,6135,6136,6137,6138,6139,6140,6141,6142,6143,6144,6145,6146,6147,6148,6149,6150,6151,6152,6153,6154,6155,6156,6157,6158,6159,6160,6161,6162,6163,6164,6165,6166,6167,6168,6169,6170,6171,6172,6173,6174,6175,6176,6177,6178,6179,6180,6181,6182,6183,6184,6185,6186,6187,6188,6189,6190,6191,6192,6193,6194,6195,6196,6197,6198,6199,6200,6201,6202,6203,6204,6205,6206,6207,6208,6209,6210,6211,6212,6213,6214,6215,6216,6217,6218,6219,6220,6221,6222,6223,6224,6225,6226,6227,6228,6229,6230,6231,6232,6233,6234,6235,6236,6237,6238,6239,6240,6241,6242,6243,6244,6245,6246,6247,6248,6249,6250,6251,6252,6253,6254,6255,6256,6257,6258,6259,6260,6261,6262,6263,6264,6265,6266,6267,6268,6269,6270,6271,6272,6273,6274,6275,6276,6277,6278,6279,6280,6281,6282,6283,6284,6285,6286,6287,6288,6289,6290,6291,6292,6293,6294,6295,6296,6297,6298,6299,6300,6301,6302,6303,6304,6305,6306,6307,6308,6309,6310,6311,6312,6313,6314,6315,6316,6317,6318,6319,6320,6321,6322,6323,6324,6325,6326,6327,6328,6329,6330,6331,6332,6333,6334,6335,6336,6337,6338,6339,6340,6341,6342,6343,6344,6345,6346,6347,6348,6349,6350,6351,6352,6353,6354,6355,6356,6357,6358,6359,6360,6361,6362,6363,6364,6365,6366,6367,6368,6369,6370,6371,6372,6373,6374,6375,6376,6377,6378,6379,6380,6381,6382,6383,6384,6385,6386,6387,6388,6389,6390,6391,6392,6393,6394,6395,6396,6397,6398,6399,6400,6401,6402,6403,6404,6405,6406,6407,6408,6409,6410,6411,6412,6413,6414,6415,6416,6417,6418,6419,6420,6421,6422,6423,6424,6425,6426,6427,6428,6429,6430,6431,6432,6433,6434,6435,6436,6437,6438,6439,6440,6441,6442,6443,6444,6445,6446,6447,6448,6449,6450,6451,6452,6453,6454,6455,6456,6457,6458,6459,6460,6461,6462,6463,6464,6465,6466,6467,6468,6469,6470,6471,6472,6473,6474,6475,6476,6477,6478,6479,6480,6481,6482,6483,6484,6485,6486,6487,6488,6489,6490,6491,6492,6493,6494,6495,6496,6497,6498,6499,6500,6501,6502,6503,6504,6505,6506,6507,6508,6509,6510,6511,6512,6513,6514,6515,6516,6517,6518,6519,6520,6521,6522,6523,6524,6525,6526,6527,6528,6529,6530,6531,6532,6533,6534,6535,6536,6537,6538,6539,6540,6541,6542,6543,6544,6545,6546,6547,6548,6549,6550,6551,6552,6553,6554,6555,6556,6557,6558,6559,6560,6561,6562,6563,6564,6565,6566,6567,6568,6569,6570,6571,6572,6573,6574,6575,6576,6577,6578,6579,6580,6581,6582,6583,6584,6585,6586,6587,6588,6589,6590,6591,6592,6593,6594,6595,6596,6597,6598,6599,6600,6601,6602,6603,6604,6605,6606,6607,6608,6609,6610,6611,6612,6613,6614,6615,6616,6617,6618,6619,6620,6621,6622,6623,6624,6625,6626,6627,6628,6629,6630,6631,6632,6633,6634,6635,6636,6637,6638,6639,6640,6641,6642,6643,6644,6645,6646,6647,6648,6649,6650,6651,6652,6653,6654,6655,6656,6657,6658,6659,6660,6661,6662,6663,6664,6665,6666,6667,6668,6669,6670,6671,6672,6673,6674,6675,6676,6677,6678,6679,6680,6681,6682,6683,6684,6685,6686,6687,6688,6689,6690,6691,6692,6693,6694,6695,6696,6697,6698,6699,6700,6701,6702,6703,6704,6705,6706,6707,6708,6709,6710,6711,6712,6713,6714,6715,6716,6717,6718,6719,6720,6721,6722,6723,6724,6725,6726,6727,6728,6729,6730,6731,6732,6733,6734,6735,6736,6737,6738,6739,6740,6741,6742,6743,6744,6745,6746,6747,6748,6749,6750,6751,6752,6753,6754,6755,6756,6757,6758,6759,6760,6761,6762,6763,6764,6765,6766,6767,6768,6769,6770,6771,6772,6773,6774,6775,6776,6777,6778,6779,6780,6781,6782,6783,6784,6785,6786,6787,6788,6789,6790,6791,6792,6793,6794,6795,6796,6797,6798,6799,6800,6801,6802,6803,6804,6805,6806,6807,6808,6809,6810,6811,6812,6813,6814,6815,6816,6817,6818,6819,6820,6821,6822,6823,6824,6825,6826,6827,6828,6829,6830,6831,6832,6833,6834,6835,6836,6837,6838,6839,6840,6841,6842,6843,6844,6845,6846,6847,6848,6849,6850,6851,6852,6853,6854,6855,6856,6857,6858,6859,6860,6861,6862,6863,6864,6865,6866,6867,6868,6869,6870,6871,6872,6873,6874,6875,6876,6877,6878,6879,6880,6881,6882,6883,6884,6885,6886,6887,6888,6889,6890,6891,6892,6893,6894,6895,6896,6897,6898,6899,6900,6901,6902,6903,6904,6905,6906,6907,6908,6909,6910,6911,6912,6913,6914,6915,6916,6917,6918,6919,6920,6921,6922,6923,6924,6925,6926,6927,6928,6929,6930,6931,6932,6933,6934,6935,6936,6937,6938,6939,6940,6941,6942,6943,6944,6945,6946,6947,6948,6949,6950,6951,6952,6953,6954,6955,6956,6957,6958,6959,6960,6961,6962,6963,6964,6965,6966,6967,6968,6969,6970,6971,6972,6973,6974,6975,6976,6977,6978,6979,6980,6981,6982,6983,6984,6985,6986,6987,6988,6989,6990,6991,6992,6993,6994,6995,6996,6997,6998,6999,7000
0,0.07918529128015725,0.07918529128015725,0.07918529128015725,0.07918529128015725,0.07918529128015725,0.07918529128015725,0.07918529128015725,0.07918529128015725,0.07918529128015725,0.07918529128015725,0.07918529128015725,0.07918529128015725,0.07918529128015725,0.07918529128015725,0.07918529128015725,0.07918529128015725,0.07918529128015725,0.07918529128015725,0.07918529128015725,0.07918529128015725,0.07918529128015725,0.07918529128015725,0.07918529128015725,0.07918529128015725,0.07918529128015725,0.07918529128015725,0.07918529128015725,0.07918529128015725,0.07918529128015725,0.07918529128015725,0.07918529128015725,0.07918529128015725,0.07918529128015725,0.07918529128015725,0.07918529128015725,0.07918529128015725,0.07918529128015725,0.07918529128015725,0.07918529128015725,0.07918529128015725,0.07918529128015725,0.07918529128015725,0.07918529128015725,0.07918529128015725,0.07918529128015725,0.07918529128015725,0.07918529128015725,0.07918529128015725,0.07918529128015725,0.07918529128015725,0.07918529128015725,0.07918529128015725,0.07918529128015725,0.07918529128015725,0.07918529128015725,0.07918529128015725,0.07918529128015725,0.07918529128015725,0.07918529128015725,0.07918529128015725,0.07918529128015725,0.07918529128015725,0.07918529128015725,0.07918529128015725,0.07918529128015725,0.07918529128015725,0.07918529128015725,0.07918529128015725,0.07918529128015725,0.07918529128015725,0.07918529128015725,0.07918529128015725,0.07918529128015725,0.07918529128015725,0.07918529128015725,0.07918529128015725,0.07918529128015725,0.07918529128015725,0.07918529128015725,0.07918529128015725,0.07918529128015725,0.07918529128015725,0.07918529128015725,0.07918529128015725,0.07918529128015725,0.07918529128015725,0.07918529128015725,0.07918529128015725,0.07918529128015725,0.07918529128015725,0.07918529128015725,0.07918529128015725,0.07918529128015725,0.07918529128015725,0.07918529128015725,0.07918529128015725,0.07918529128015725,0.07918529128015725,0.07918529128015725,0.07918529128015725,0.07918529128015725,0.07918529128015725,0.07918529128015725,0.07918529128015725,0.07918529128015725,0.07918529128015725,0.07918529128015725,0.07918529128015725,0.07918529128015725,0.07918529128015725,0.07918529128015725,0.07918529128015725,0.07918529128015725,0.07918529128015725,0.07918529128015725,0.07918529128015725,0.07918529128015725,0.07918529128015725,0.07918529128015725,0.07918529128015725,0.07918529128015725,0.07918529128015725,0.07918529128015725,0.07918529128015725,0.07918529128015725,0.07918529128015725,0.07918529128015725,0.07918529128015725,0.07918529128015725,0.07918529128015725,0.07918529128015725,0.07918529128015725,0.07918529128015725,0.07918529128015725,0.07918529128015725,0.07918529128015725,0.07918529128015725,0.07918529128015725,0.07918529128015725,0.07918529128015725,0.07918529128015725,0.07918529128015725,0.07918529128015725,0.07918529128015725,0.07918529128015725,0.07918529128015725,0.07918529128015725,0.07918529128015725,0.07918529128015725,0.07918529128015725,0.07918529128015725,0.07918529128015725,0.07918529128015725,0.07918529128015725,0.07918529128015725,0.07918529128015725,0.07918529128015725,0.07918529128015725,0.07918529128015725,0.07918529128015725,0.07918529128015725,0.07918529128015725,0.07918529128015725,0.07918529128015725,0.07918529128015725,0.07918529128015725,0.07918529128015725,0.07918529128015725,0.07918529128015725,0.07918529128015725,0.07918529128015725,0.07918529128015725,0.07918529128015725,0.07918529128015725,0.07918529128015725,0.07918529128015725,0.07918529128015725,0.07918529128015725,0.07918529128015725,0.07918529128015725,0.07918529128015725,0.07918529128015725,0.07918529128015725,0.07918529128015725,0.07918529128015725,0.07918529128015725,0.07918529128015725,0.07918529128015725,0.07918529128015725,0.07918529128015725,0.07918529128015725,0.07918529128015725,0.07918529128015725,0.07918529128015725,0.07918529128015725,0.07918529128015725,0.07918529128015725,0.07918529128015725,0.07918529128015725,0.07918529128015725,0.07918529128015725,0.07918529128015725,0.07918529128015725,0.07918529128015725,0.07918529128015725,0.07918529128015725,0.07918529128015725,0.07918529128015725,0.07918529128015725,0.07918529128015725,0.07918529128015725,0.07918529128015725,0.07918529128015725,0.07918529128015725,0.07918529128015725,0.07918529128015725,0.07918529128015725,0.07918529128015725,0.07918529128015725,0.07918529128015725,0.07918529128015725,0.07918529128015725,0.07918529128015725,0.07918529128015725,0.07918529128015725,0.07918529128015725,0.07918529128015725,0.07918529128015725,0.07918529128015725,0.07918529128015725,0.07918529128015725,0.07918529128015725,0.07918529128015725,0.07918529128015725,0.07918529128015725,0.07918529128015725,0.07918529128015725,0.07918529128015725,0.07918529128015725,0.07918529128015725,0.07918529128015725,0.07918529128015725,0.07918529128015725,0.07918529128015725,0.07918529128015725,0.07918529128015725,0.07918529128015725,0.07918529128015725,0.07918529128015725,0.07918529128015725,0.07918529128015725,0.07918529128015725,0.07918529128015725,0.07918529128015725,0.07918529128015725,0.07918529128015725,0.07918529128015725,0.07918529128015725,0.07918529128015725,0.07918529128015725,0.07918529128015725,0.07918529128015725,0.07918529128015725,0.07918529128015725,0.07918529128015725,0.07918529128015725,0.07918529128015725,0.07918529128015725,0.07918529128015725,0.07918529128015725,0.07918529128015725,0.07918529128015725,0.07918529128015725,0.07918529128015725,0.07918529128015725,0.07918529128015725,0.07918529128015725,0.07918529128015725,0.07918529128015725,0.07918529128015725,0.07918529128015725,0.07918529128015725,0.07918529128015725,0.07918529128015725,0.07918529128015725,0.07918529128015725,0.07918529128015725,0.07918529128015725,0.07918529128015725,0.07918529128015725,0.07918529128015725,0.07918529128015725,0.07918529128015725,0.07918529128015725,0.07918529128015725,0.07918529128015725,0.07918529128015725,0.07918529128015725,0.07918529128015725,0.07918529128015725,0.07918529128015725,0.07918529128015725,0.07918529128015725,0.07918529128015725,0.07918529128015725,0.07918529128015725,0.07918529128015725,0.07918529128015725,0.07918529128015725,0.07918529128015725,0.07918529128015725,0.07918529128015725,0.07918529128015725,0.07918529128015725,0.07918529128015725,0.07918529128015725,0.07918529128015725,0.07918529128015725,0.07918529128015725,0.07918529128015725,0.07918529128015725,0.07918529128015725,0.07918529128015725,0.07918529128015725,0.07918529128015725,0.07918529128015725,0.07918529128015725,0.07918529128015725,0.07918529128015725,0.07918529128015725,0.07918529128015725,0.07918529128015725,0.07918529128015725,0.07918529128015725,0.07918529128015725,0.07918529128015725,0.07918529128015725,0.07918529128015725,0.07918529128015725,0.07918529128015725,0.07918529128015725,0.07918529128015725,0.07918529128015725,0.07918529128015725,0.07918529128015725,0.07918529128015725,0.07918529128015725,0.07918529128015725,0.07918529128015725,0.07918529128015725,0.07918529128015725,0.07918529128015725,0.07918529128015725,0.07918529128015725,0.07918529128015725,0.07918529128015725,0.07918529128015725,0.07918529128015725,0.07918529128015725,0.07918529128015725,0.07918529128015725,0.07918529128015725,0.07918529128015725,0.07918529128015725,0.07918529128015725,0.07918529128015725,0.07918529128015725,0.07918529128015725,0.07918529128015725,0.07918529128015725,0.07918529128015725,0.07918529128015725,0.07918529128015725,0.07918529128015725,0.07918529128015725,0.07918529128015725,0.07918529128015725,0.07918529128015725,0.07918529128015725,0.07918529128015725,0.07918529128015725,0.07918529128015725,0.07918529128015725,0.07918529128015725,0.07918529128015725,0.07918529128015725,0.07918529128015725,0.07918529128015725,0.07918529128015725,0.07918529128015725,0.07918529128015725,0.07918529128015725,0.07918529128015725,0.07918529128015725,0.07918529128015725,0.07918529128015725,0.07918529128015725,0.07918529128015725,0.07918529128015725,0.07918529128015725,0.07918529128015725,0.07918529128015725,0.07918529128015725,0.07918529128015725,0.07918529128015725,0.07918529128015725,0.07918529128015725,0.07918529128015725,0.07918529128015725,0.07918529128015725,0.07918529128015725,0.07918529128015725,0.07918529128015725,0.07918529128015725,0.07918529128015725,0.07918529128015725,0.07918529128015725,0.07918529128015725,0.07918529128015725,0.07918529128015725,0.07918529128015725,0.07918529128015725,0.07918529128015725,0.07918529128015725,0.07918529128015725,0.07918529128015725,0.07918529128015725,0.07918529128015725,0.07918529128015725,0.07918529128015725,0.07918529128015725,0.07918529128015725,0.07918529128015725,0.07918529128015725,0.07918529128015725,0.07918529128015725,0.07918529128015725,0.07918529128015725,0.07918529128015725,0.07918529128015725,0.07918529128015725,0.07918529128015725,0.07918529128015725,0.07918529128015725,0.07918529128015725,0.07918529128015725,0.07918529128015725,0.07918529128015725,0.07918529128015725,0.07918529128015725,0.07918529128015725,0.07918529128015725,0.07918529128015725,0.07918529128015725,0.07918529128015725,0.07918529128015725,0.07918529128015725,0.07918529128015725,0.07918529128015725,0.07918529128015725,0.07918529128015725,0.07918529128015725,0.07918529128015725,0.07918529128015725,0.07918529128015725,0.07918529128015725,0.07918529128015725,0.07918529128015725,0.07918529128015725,0.07918529128015725,0.07918529128015725,0.07918529128015725,0.07918529128015725,0.07918529128015725,0.07918529128015725,0.07918529128015725,0.07918529128015725,0.07918529128015725,0.07918529128015725,0.07918529128015725,0.07918529128015725,0.07918529128015725,0.07918529128015725,0.07918529128015725,0.07918529128015725,0.07918529128015725,0.07918529128015725,0.07918529128015725,0.07918529128015725,0.07918529128015725,0.07918529128015725,0.07918529128015725,0.07918529128015725,0.07918529128015725,0.07918529128015725,0.07918529128015725,0.07918529128015725,0.07918529128015725,0.07918529128015725,0.07918529128015725,0.07918529128015725,0.07918529128015725,0.07918529128015725,0.07918529128015725,0.07918529128015725,0.07918529128015725,0.07918529128015725,0.07918529128015725,0.07918529128015725,0.07918529128015725,0.07918529128015725,0.07918529128015725,0.07918529128015725,0.07918529128015725,0.07918529128015725,0.07918529128015725,0.07918529128015725,0.07918529128015725,0.07918529128015725,0.07918529128015725,0.07918529128015725,0.07918529128015725,0.07918529128015725,0.07918529128015725,0.07918529128015725,0.07918529128015725,0.07918529128015725,0.07918529128015725,0.07918529128015725,0.07918529128015725,0.07918529128015725,0.07918529128015725,0.07918529128015725,0.07918529128015725,0.07918529128015725,0.07918529128015725,0.07918529128015725,0.07918529128015725,0.07918529128015725,0.07918529128015725,0.07918529128015725,0.07918529128015725,0.07918529128015725,0.07918529128015725,0.07918529128015725,0.07918529128015725,0.07918529128015725,0.07918529128015725,0.07918529128015725,0.07918529128015725,0.07918529128015725,0.07918529128015725,0.07918529128015725,0.07918529128015725,0.07918529128015725,0.07918529128015725,0.07918529128015725,0.07918529128015725,0.07918529128015725,0.07918529128015725,0.07918529128015725,0.07918529128015725,0.07918529128015725,0.07918529128015725,0.07918529128015725,0.07918529128015725,0.07918529128015725,0.07918529128015725,0.07918529128015725,0.07918529128015725,0.07918529128015725,0.07918529128015725,0.07918529128015725,0.07918529128015725,0.07918529128015725,0.07918529128015725,0.07918529128015725,0.07918529128015725,0.07918529128015725,0.07918529128015725,0.07918529128015725,0.07918529128015725,0.07918529128015725,0.07918529128015725,0.07918529128015725,0.07918529128015725,0.07918529128015725,0.07918529128015725,0.07918529128015725,0.07918529128015725,0.07918529128015725,0.07918529128015725,0.07918529128015725,0.07918529128015725,0.07918529128015725,0.07918529128015725,0.07918529128015725,0.07918529128015725,0.07918529128015725,0.07918529128015725,0.07918529128015725,0.07918529128015725,0.07918529128015725,0.07918529128015725,0.07918529128015725,0.07918529128015725,0.07918529128015725,0.07918529128015725,0.07918529128015725,0.07918529128015725,0.07918529128015725,0.07918529128015725,0.07918529128015725,0.07918529128015725,0.07918529128015725,0.07918529128015725,0.07918529128015725,0.07918529128015725,0.07918529128015725,0.07918529128015725,0.07918529128015725,0.07918529128015725,0.07918529128015725,0.07918529128015725,0.07918529128015725,0.07918529128015725,0.07918529128015725,0.07918529128015725,0.07918529128015725,0.07918529128015725,0.07918529128015725,0.07918529128015725,0.07918529128015725,0.07918529128015725,0.07918529128015725,0.07918529128015725,0.07918529128015725,0.07918529128015725,0.07918529128015725,0.07918529128015725,0.07918529128015725,0.07918529128015725,0.07918529128015725,0.07918529128015725,0.07918529128015725,0.07918529128015725,0.07918529128015725,0.07918529128015725,0.07918529128015725,0.07918529128015725,0.07918529128015725,0.07918529128015725,0.07918529128015725,0.07918529128015725,0.07918529128015725,0.07918529128015725,0.07918529128015725,0.07918529128015725,0.07918529128015725,0.07918529128015725,0.07918529128015725,0.07918529128015725,0.07918529128015725,0.07918529128015725,0.07918529128015725,0.07918529128015725,0.07918529128015725,0.07918529128015725,0.07918529128015725,0.07918529128015725,0.07918529128015725,0.07918529128015725,0.07918529128015725,0.07918529128015725,0.07918529128015725,0.07918529128015725,0.07918529128015725,0.07918529128015725,0.07918529128015725,0.07918529128015725,0.07918529128015725,0.07918529128015725,0.07918529128015725,0.07918529128015725,0.07918529128015725,0.07918529128015725,0.07918529128015725,0.07918529128015725,0.07918529128015725,0.07918529128015725,0.07918529128015725,0.07918529128015725,0.07918529128015725,0.07918529128015725,0.07918529128015725,0.07918529128015725,0.07918529128015725,0.07918529128015725,0.07918529128015725,0.07918529128015725,0.07918529128015725,0.07918529128015725,0.07918529128015725,0.07918529128015725,0.07918529128015725,0.07918529128015725,0.07918529128015725,0.07918529128015725,0.07918529128015725,0.07918529128015725,0.07918529128015725,0.07918529128015725,0.07918529128015725,0.07918529128015725,0.07918529128015725,0.07918529128015725,0.07918529128015725,0.07918529128015725,0.07918529128015725,0.07918529128015725,0.07918529128015725,0.07918529128015725,0.07918529128015725,0.07918529128015725,0.07918529128015725,0.07918529128015725,0.07918529128015725,0.07918529128015725,0.07918529128015725,0.07918529128015725,0.07918529128015725,0.07918529128015725,0.07918529128015725,0.07918529128015725,0.07918529128015725,0.07918529128015725,0.07918529128015725,0.07918529128015725,0.07918529128015725,0.07918529128015725,0.07918529128015725,0.07918529128015725,0.07918529128015725,0.07918529128015725,0.07918529128015725,0.07918529128015725,0.07918529128015725,0.07918529128015725,0.07918529128015725,0.07918529128015725,0.07918529128015725,0.07918529128015725,0.07918529128015725,0.07918529128015725,0.07918529128015725,0.07918529128015725,0.07918529128015725,0.07918529128015725,0.07918529128015725,0.07918529128015725,0.07918529128015725,0.07918529128015725,0.07918529128015725,0.07918529128015725,0.07918529128015725,0.07918529128015725,0.07918529128015725,0.07918529128015725,0.07918529128015725,0.07918529128015725,0.07918529128015725,0.07918529128015725,0.07918529128015725,0.07918529128015725,0.07918529128015725,0.07918529128015725,0.07918529128015725,0.07918529128015725,0.07918529128015725,0.07918529128015725,0.07918529128015725,0.07918529128015725,0.07918529128015725,0.07918529128015725,0.07918529128015725,0.07918529128015725,0.07918529128015725,0.07918529128015725,0.07918529128015725,0.07918529128015725,0.07918529128015725,0.07918529128015725,0.07918529128015725,0.07918529128015725,0.07918529128015725,0.07918529128015725,0.07918529128015725,0.07918529128015725,0.07918529128015725,0.07918529128015725,0.07918529128015725,0.07918529128015725,0.07918529128015725,0.07918529128015725,0.07918529128015725,0.07918529128015725,0.07918529128015725,0.07918529128015725,0.07918529128015725,0.07918529128015725,0.07918529128015725,0.07918529128015725,0.07918529128015725,0.07918529128015725,0.07918529128015725,0.07918529128015725,0.07918529128015725,0.07918529128015725,0.07918529128015725,0.07918529128015725,0.07918529128015725,0.07918529128015725,0.07918529128015725,0.07918529128015725,0.07918529128015725,0.07918529128015725,0.07918529128015725,0.07918529128015725,0.07918529128015725,0.07918529128015725,0.07918529128015725,0.07918529128015725,0.07918529128015725,0.07918529128015725,0.07918529128015725,0.07918529128015725,0.07918529128015725,0.07918529128015725,0.07918529128015725,0.07918529128015725,0.07918529128015725,0.07918529128015725,0.07918529128015725,0.07918529128015725,0.07918529128015725,0.07918529128015725,0.07918529128015725,0.07918529128015725,0.07918529128015725,0.07918529128015725,0.07918529128015725,0.07918529128015725,0.07918529128015725,0.07918529128015725,0.07918529128015725,0.07918529128015725,0.07918529128015725,0.07918529128015725,0.07918529128015725,0.07918529128015725,0.07918529128015725,0.07918529128015725,0.07918529128015725,0.07918529128015725,0.07918529128015725,0.07918529128015725,0.07918529128015725,0.07918529128015725,0.07918529128015725,0.07918529128015725,0.07918529128015725,0.07918529128015725,0.07918529128015725,0.07918529128015725,0.07918529128015725,0.07918529128015725,0.07918529128015725,0.07918529128015725,0.07918529128015725,0.07918529128015725,0.07918529128015725,0.07918529128015725,0.07918529128015725,0.07918529128015725,0.07918529128015725,0.07918529128015725,0.07918529128015725,0.07918529128015725,0.07918529128015725,0.07918529128015725,0.07918529128015725,0.07918529128015725,0.07918529128015725,0.07918529128015725,0.07918529128015725,0.07918529128015725,0.07918529128015725,0.07918529128015725,0.07918529128015725,0.07918529128015725,0.07918529128015725,0.07918529128015725,0.07918529128015725,0.07918529128015725,0.07918529128015725,0.07918529128015725,0.07918529128015725,0.07918529128015725,0.07918529128015725,0.07918529128015725,0.07918529128015725,0.07918529128015725,0.07918529128015725,0.07918529128015725,0.07918529128015725,0.07918529128015725,0.07918529128015725,0.07918529128015725,0.07918529128015725,0.07918529128015725,0.07918529128015725,0.07918529128015725,0.07918529128015725,0.07918529128015725,0.07918529128015725,0.07918529128015725,0.07918529128015725,0.07918529128015725,0.07918529128015725,0.07918529128015725,0.07918529128015725,0.07918529128015725,0.07918529128015725,0.07918529128015725,0.07918529128015725,0.07918529128015725,0.07918529128015725,0.07918529128015725,0.07918529128015725,0.07918529128015725,0.07918529128015725,0.07918529128015725,0.07918529128015725,0.07918529128015725,0.07918529128015725,0.07918529128015725,0.07918529128015725,0.07918529128015725,0.07918529128015725,0.07918529128015725,0.07918529128015725,0.07918529128015725,0.07918529128015725,0.07918529128015725,0.07918529128015725,0.07918529128015725,0.07918529128015725,0.07918529128015725,0.07918529128015725,0.07918529128015725,0.07918529128015725,0.07918529128015725,0.07918529128015725,0.07918529128015725,0.07918529128015725,0.07918529128015725,0.07918529128015725,0.07918529128015725,0.07918529128015725,0.07918529128015725,0.07918529128015725,0.07918529128015725,0.07918529128015725,0.07918529128015725,0.07918529128015725,0.07918529128015725,0.07918529128015725,0.07918529128015725,0.07918529128015725,0.07918529128015725,0.07918529128015725,0.07918529128015725,0.07918529128015725,0.07918529128015725,0.07918529128015725,0.07918529128015725,0.07918529128015725,0.07918529128015725,0.07918529128015725,0.07918529128015725,0.07918529128015725,0.07918529128015725,0.07918529128015725,0.07918529128015725,0.07918529128015725,0.07918529128015725,0.07918529128015725,0.07918529128015725,0.07918529128015725,0.07918529128015725,0.07918529128015724,0.07918529128015725,0.07918529128015725,0.07918529128015724,0.07918529128015724,0.07918529128015726,0.07918529128015724,0.07918529128015722,0.07918529128015724,0.07918529128015722,0.07918529128015725,0.07918529128015722,0.07918529128015722,0.07918529128015724,0.07918529128015722,0.07918529128015724,0.07918529128015725,0.07918529128015724,0.07918529128015725,0.07918529128015722,0.07918529128015722,0.07918529128015724,0.07918529128015722,0.07918529128015726,0.07918529128015724,0.07918529128015724,0.07918529128015724,0.07918529128015725,0.07918529128015724,0.07918529128015724,0.07918529128015725,0.07918529128015725,0.07918529128015725,0.07918529128015725,0.07918529128015725,0.07918529128015725,0.07918529128015724,0.07918529128015724,0.07918529128015724,0.07918529128015725,0.07918529128015725,0.07918529128015722,0.07918529128015725,0.07918529128015725,0.07918529128015722,0.07918529128015722,0.07918529128015724,0.07918529128015724,0.07918529128015722,0.07918529128015725,0.07918529128015725,0.07918529128015724,0.07918529128015725,0.07918529128015722,0.07918529128015722,0.07918529128015722,0.07918529128015725,0.07918529128015725,0.07918529128015725,0.07918529128015725,0.07918529128015726,0.07918529128015726,0.07918529128015725,0.07918529128015725,0.0791852912801573,0.07918529128015726,0.07918529128015729,0.07918529128015728,0.07918529128015724,0.07918529128015725,0.07918529128015726,0.07918529128015725,0.07918529128015725,0.07918529128015725,0.07918529128015728,0.0791852912801573,0.07918529128015728,0.07918529128015729,0.07918529128015732,0.0791852912801573,0.07918529128015729,0.07918529128015729,0.07918529128015729,0.0791852912801573,0.07918529128015728,0.07918529128015729,0.07918529128015726,0.07918529128015728,0.07918529128015728,0.07918529128015726,0.07918529128015729,0.0791852912801573,0.07918529128015729,0.07918529128015729,0.07918529128015729,0.07918529128015733,0.07918529128015732,0.0791852912801573,0.07918529128015728,0.07918529128015729,0.07918529128015726,0.07918529128015729,0.07918529128015729,0.07918529128015726,0.07918529128015726,0.07918529128015724,0.07918529128015726,0.07918529128015724,0.07918529128015721,0.07918529128015722,0.07918529128015726,0.07918529128015735,0.07918529128015733,0.07918529128015732,0.07918529128015718,0.0791852912801573,0.07918529128015725,0.0791852912801572,0.0791852912801572,0.07918529128015725,0.07918529128015721,0.07918529128015722,0.0791852912801572,0.07918529128015749,0.07918529128015743,0.07918529128015746,0.07918529128015743,0.07918529128015746,0.07918529128015736,0.07918529128015747,0.07918529128015742,0.07918529128015753,0.07918529128015803,0.0791852912801581,0.07918529128015811,0.07918529128015808,0.0791852912801576,0.07918529128015883,0.07918529128015844,0.07918529128015868,0.07918529128015855,0.07918529128015604,0.07918529128015603,0.07918529128015606,0.07918086028486009,0.07918086028485978,0.07918086028485964,0.0791808602848595,0.07918086028485997,0.07918086028485963,0.07918086028486436,0.07918086028486528,0.07918086028486138,0.07918086028486032,0.07918086028486171,0.07918086028486264,0.07918086028485005,0.0791808602848522,0.079180860284878,0.07918086028488684,0.07918086028488654,0.07918086028488802,0.07918086028486251,0.07918086028489087,0.07918086028489528,0.07918086028489643,0.07918086028490857,0.07918086028490845,0.07918086028490708,0.07918086028491883,0.07918086028491873,0.07918086028491807,0.07918086028491479,0.07918086028491467,0.07918086028491252,0.07918086028491317,0.07918086028491395,0.07918086028491395,0.0791808602849131,0.07918086028491304,0.07918086028491166,0.07918086028491277,0.0791808602849128,0.07918086028491245,0.07918086028491295,0.07918086028491297,0.07918086028491296,0.07918086028491304,0.07918086028491116,0.07918086028491074,0.0791808602849107,0.07918086028491186,0.079180860284912,0.07918086028491228,0.07918086028491234,0.0791808602849124,0.07918086028491338,0.07918086028491327,0.07918086028491333,0.07918086028491325,0.07918086028491327,0.07918086028491346,0.0791808602849136,0.07918086028491278,0.07918086028491224,0.0791808602849122,0.07918086028491216,0.07918086028491098,0.07918086028491104,0.07918086028491064,0.07918086028491061,0.07918086028491043,0.07918086028491042,0.07918086028491025,0.07918086028491027,0.07918086028491025,0.07918086028491031,0.07918086028491016,0.07918086028490998,0.07918086028491049,0.07918086028491049,0.07918086028491045,0.07918086028491063,0.07918086028491064,0.07918086028491042,0.07918086028491049,0.07918086028491045,0.07918086028491048,0.07918086028491017,0.07918086028491013,0.07918086028490988,0.07918086028491,0.07918086028491009,0.0791808602849102,0.0791808602849102,0.0791808602849102,0.0791808602849101,0.07918086028491012,0.0791808602849101,0.0791808602849101,0.07918086028491006,0.07918086028491009,0.07918086028491003,0.07918086028491007,0.0791808602849101,0.0791808602849101,0.07918086028491016,0.07918086028491013,0.07918086028491007,0.07918086028491021,0.07918086028491,0.07918086028490996,0.07918086028490998,0.07918086028491002,0.07918086028491009,0.07918086028491007,0.07918086028491012,0.07918086028491009,0.0791808602849101,0.07918086028491006,0.07918086028491006,0.07918086028490998,0.07918086028490999,0.07918086028490996,0.07918086028491,0.07918086028491005,0.07918086028491006,0.07918086028491005,0.07918086028491005,0.07918086028491003,0.07918086028491006,0.07918086028490998,0.07918086028490988,0.07918086028490989,0.07918086028490992,0.07918086028490992,0.07918086028490988,0.07918086028490985,0.07918086028490982,0.07918086028490988,0.07918086028490987,0.07918086028490982,0.07918086028490987,0.07918086028490987,0.07918086028490984,0.07918086028490984,0.07918086028490988,0.07918086028490981,0.07918086028490982,0.07918086028490982,0.07918086028490978,0.07918086028490975,0.07918086028490975,0.07918086028490977,0.07918086028490977,0.07918086028490977,0.07918086028490977,0.07918086028490977,0.07918086028490977,0.07918086028490975,0.07918086028490978,0.07918086028490977,0.07918086028490975,0.07918086028490981,0.07918086028490978,0.07918086028490982,0.0791808602849098,0.07918086028490977,0.0791808602849098,0.07918086028490981,0.07918086028490978,0.0791808602849098,0.07918086028490977,0.07918086028490977,0.07918086028490977,0.07918086028490978,0.07918086028490978,0.07918086028490975,0.07918086028490977,0.07918086028490975,0.07918086028490978,0.0791808602849098,0.07918086028490978,0.07918086028490982,0.0791808602849098,0.07918086028490978,0.07918086028490981,0.07918086028490977,0.07918086028490977,0.0791808602849098,0.07918086028490977,0.0791808602849098,0.0791808602849098,0.07918086028490977,0.07918086028490978,0.07918086028490975,0.07918086028490977,0.0791808602849098,0.0791808602849098,0.07918086028490977,0.0791808602849098,0.0791808602849098,0.07918086028490978,0.07918086028490982,0.0791808602849098,0.07918086028490981,0.07918086028490977,0.0791808602849098,0.0791808602849098,0.07918086028490977,0.07918086028490975,0.07918086028490977,0.07918086028490982,0.07918086028490977,0.07918086028490977,0.07918086028490978,0.07918086028490978,0.07918086028490977,0.07918086028490981,0.07918086028490978,0.07918086028490977,0.07918086028490977,0.0791808602849098,0.0791808602849098,0.07918086028490978,0.0791808602849098,0.07918086028490977,0.07918086028490977,0.07918086028490973,0.07918086028490974,0.07918086028490973,0.07918086028490973,0.07918086028490968,0.07918086028490974,0.07918086028490971,0.07918086028490973,0.07918086028490974,0.07918086028490971,0.07918086028490968,0.07918086028490974,0.07918086028490974,0.07918086028490974,0.07918086028490974,0.07918086028490974,0.07918086028490975,0.07918086028490974,0.07918086028490974,0.07918086028490968,0.0791808602849097,0.07918086028490966,0.07918086028490963,0.07918086028490963,0.07918086028490948,0.0791808602849095,0.07918086028490946,0.07918086028490946,0.0791808602849095,0.07918086028490944,0.07918086028490942,0.07918086028490945,0.07918086028490944,0.07918086028490941,0.07918086028490944,0.07918086028490944,0.0791808602849094,0.07918086028490941,0.07918086028490945,0.07918086028490945,0.07918086028490949,0.07918086028490946,0.07918086028490949,0.07918086028490948,0.07918086028490946,0.07918086028490949,0.0791808602849095,0.07918086028490953,0.07918086028490955,0.07918086028490953,0.07918086028490955,0.07918086028490952,0.07918086028490938,0.07918086028490932,0.0791808602849093,0.07918086028490931,0.0791808602849093,0.0791808602849093,0.07918086028490932,0.07918086028490928,0.07918086028490925,0.07918086028490927,0.07918086028490932,0.07918086028490932,0.07918086028490931,0.07918086028490932,0.07918086028490932,0.07918086028490932,0.0791808602849093,0.07918086028490927,0.07918086028490928,0.07918086028490928,0.07918086028490932,0.0791808602849093,0.07918086028490932,0.07918086028490935,0.07918086028490934,0.07918086028490937,0.07918086028490945,0.07918086028490945,0.07918086028490948,0.07918086028490944,0.07918086028490937,0.07918086028490935,0.07918086028490938,0.07918086028490928,0.07918086028490932,0.07918086028490927,0.07918086028490924,0.07918086028490921,0.0791808602849092,0.07918086028490924,0.07918086028490962,0.07918086028490959,0.07918086028490955,0.07918086028490957,0.07918086028490957,0.07918086028490957,0.07918086028490956,0.07918086028490955,0.07918086028490955,0.07918086028490956,0.07918086028490959,0.07918086028490955,0.07918086028490957,0.07918086028490955,0.07918086028490957,0.07918086028490956,0.07918086028490948,0.0791808602849095,0.07918086028490952,0.07918086028490948,0.0791808602849095,0.0791808602849095,0.0791808602849095,0.07918086028490948,0.07918086028490949,0.0791808602849095,0.07918086028490941,0.07918086028490946,0.07918086028490944,0.0791808602849094,0.07918086028490941,0.07918086028490941,0.07918086028490946,0.07918086028490941,0.07918086028490941,0.07918086028490945,0.07918086028490941,0.07918086028490949,0.07918086028490946,0.07918086028490949,0.07918086028490949,0.0791808602849095,0.0791808602849095,0.07918086028490946,0.07918086028490945,0.07918086028490945,0.07918086028490945,0.07918086028490952,0.07918086028490953,0.0791808602849095,0.07918086028490952,0.07918086028490953,0.0791808602849095,0.07918086028490949,0.0791808602849095,0.07918086028490953,0.07918086028490948,0.07918086028490946,0.07918086028490945,0.07918086028490946,0.07918086028490944,0.07918086028490945,0.07918086028490944,0.07918086028490941,0.07918086028490938,0.07918086028490938,0.0791808602849094,0.07918086028490941,0.07918086028490944,0.07918086028490944,0.07918086028490942,0.07918086028490946,0.07918086028490942,0.07918086028490944,0.07918086028490942,0.07918086028490938,0.07918086028490942,0.07918086028490945,0.07918086028490945,0.07918086028490945,0.07918086028490948,0.07918086028490946,0.07918086028490952,0.0791808602849095,0.07918086028490955,0.07918086028490955,0.07918086028490953,0.07918086028490953,0.07918086028490955,0.07918086028490956,0.07918086028490952,0.07918086028490952,0.07918086028490953,0.07918086028490952,0.07918086028490942,0.07918086028490942,0.07918086028490945,0.0791808602849094,0.07918086028490942,0.07918086028490945,0.07918086028490944,0.0791808602849094,0.07918086028490938,0.0791808602849094,0.07918086028490941,0.07918086028490938,0.07918086028490941,0.07918086028490934,0.07918086028490932,0.07918086028490932,0.07918086028490934,0.07918086028490932,0.07918086028490934,0.07918086028490932,0.07918086028490932,0.07918086028490931,0.07918086028490932,0.07918086028490927,0.07918086028490921,0.07918086028490927,0.07918086028490928,0.07918086028490931,0.0791808602849093,0.07918086028490934,0.07918086028490932,0.07918086028490934,0.07918086028490935,0.07918086028490938,0.07918086028490935,0.07918086028490938,0.07918086028490937,0.07918086028490938,0.07918086028490941,0.07918086028490937,0.07918086028490937,0.0791808602849094,0.07918086028490937,0.07918086028490938,0.07918086028490937,0.07918086028490938,0.07918086028490938,0.0791808602849094,0.07918086028490927,0.07918086028490919,0.07918086028490919,0.0791808602849092,0.0791808602849092,0.07918086028490921,0.07918086028490921,0.07918086028490924,0.07918086028490928,0.07918086028490928,0.07918086028490927,0.0791808602849093,0.0791808602849093,0.07918086028490928,0.07918086028490924,0.07918086028490924,0.07918086028490925,0.07918086028490927,0.07918086028490925,0.0791808602849093,0.07918086028490927,0.07918086028490927,0.0791808602849092,0.07918086028490914,0.07918086028490913,0.07918086028490913,0.07918086028490912,0.07918086028490914,0.0791808602849091,0.07918086028490899,0.07918086028490895,0.07918086028490896,0.07918086028490896,0.07918086028490896,0.07918086028490894,0.079180860284909,0.07918086028490902,0.07918086028490902,0.07918086028490899,0.07918086028490896,0.079180860284909,0.07918086028490899,0.07918086028490896,0.07918086028490896,0.07918086028490892,0.0791808602849089,0.07918086028490891,0.07918086028490892,0.07918086028490887,0.0791808602849089,0.0791808602849089,0.07918086028490882,0.07918086028490884,0.07918086028490882,0.07918086028490885,0.07918086028490884,0.07918086028490887,0.07918086028490887,0.07918086028490887,0.07918086028490874,0.07918086028490873,0.07918086028490877,0.07918086028490881,0.07918086028490878,0.07918086028490878,0.07918086028490881,0.07918086028490866,0.07918086028490867,0.07918086028490869,0.07918086028490867,0.07918086028490869,0.07918086028490871,0.07918086028490869,0.07918086028490873,0.07918086028490876,0.07918086028490876,0.07918086028490878,0.0791808602849088,0.07918086028490874,0.07918086028490876,0.07918086028490864,0.0791808602849086,0.07918086028490864,0.07918086028490856,0.07918086028490857,0.07918086028490862,0.07918086028490857,0.07918086028490859,0.07918086028490857,0.07918086028490857,0.07918086028490856,0.0791808602849086,0.0791808602849086,0.07918086028490859,0.0791808602849086,0.07918086028490859,0.07918086028490859,0.07918086028490855,0.07918086028490856,0.07918086028490852,0.07918086028490853,0.07918086028490855,0.07918086028490852,0.07918086028490845,0.07918086028490855,0.07918086028490856,0.07918086028490856,0.07918086028490859,0.07918086028490859,0.07918086028490857,0.07918086028490859,0.07918086028490866,0.07918086028490859,0.07918086028490846,0.07918086028490845,0.07918086028490848,0.07918086028490848,0.07918086028490845,0.0791808602849085,0.07918086028490848,0.07918086028490846,0.07918086028490846,0.07918086028490846,0.07918086028490852,0.07918086028490853,0.07918086028490855,0.07918086028490853,0.07918086028490852,0.07918086028490853,0.07918086028490864,0.07918086028490863,0.07918086028490855,0.07918086028490857,0.07918086028490853,0.07918086028490852,0.07918086028490849,0.07918086028490848,0.07918086028490852,0.07918086028490852,0.07918086028490856,0.07918086028490853,0.0791808602849085,0.07918086028490853,0.07918086028490853,0.0791808602849085,0.07918086028490849,0.07918086028490848,0.07918086028490849,0.07918086028490838,0.07918086028490841,0.07918086028490848,0.07918086028490844,0.07918086028490846,0.07918086028490846,0.07918086028490844,0.07918086028490845,0.07918086028490844,0.07918086028490845,0.07918086028490844,0.07918086028490845,0.07918086028490845,0.07918086028490848,0.07918086028490845,0.07918086028490845,0.07918086028490841,0.07918086028490841,0.07918086028490842,0.07918086028490844,0.07918086028490841,0.07918086028490838,0.07918086028490837,0.07918086028490832,0.07918086028490837,0.07918086028490837,0.07918086028490837,0.07918086028490837,0.07918086028490835,0.07918086028490845,0.07918086028490848,0.07918086028490852,0.07918086028490852,0.07918086028490855,0.07918086028490857,0.07918086028490859,0.07918086028490856,0.07918086028490853,0.07918086028490852,0.07918086028490853,0.07918086028490848,0.07918086028490846,0.07918086028490849,0.07918086028490849,0.07918086028490828,0.07918086028490817,0.07918086028490816,0.07918086028490816,0.07918086028490817,0.07918086028490814,0.07918086028490814,0.07918086028490814,0.07918086028490814,0.07918086028490816,0.07918086028490816,0.07918086028490816,0.07918086028490813,0.0791808602849081,0.07918086028490809,0.07918086028490813,0.07918086028490813,0.07918086028490817,0.07918086028490817,0.0791808602849082,0.07918086028490819,0.0791808602849082,0.0791808602849082,0.07918086028490813,0.0791808602849081,0.0791808602849081,0.07918086028490762,0.07918086028490762,0.07918086028490763,0.07918086028490763,0.07918086028490759,0.07918086028490713,0.0791808602849054,0.0791808602849054,0.07918086028490541,0.07918086028490592,0.0791808602849059,0.0791808602849059,0.07918086028490676,0.07918086028490673,0.07918086028490673,0.07918086028490677,0.07918086028490676,0.07918086028490676,0.07918086028490604,0.07918086028490602,0.07918086028490601,0.07918086028490601,0.079180860284906,0.079180860284906,0.07918086028490602,0.07918086028490605,0.07918086028490613,0.0791808602849061,0.07918086028490609,0.07918086028490612,0.07918086028490617,0.07918086028490616,0.07918086028490616,0.0791808602849061,0.07918086028490613,0.07918086028490615,0.07918086028490615,0.07918086028490616,0.07918086028490617,0.07918086028490617,0.07918086028490622,0.07918086028490619,0.07918086028490616,0.07918086028490616,0.07918086028490616,0.07918086028490624,0.07918086028490627,0.07918086028490628,0.07918086028490624,0.07918086028490627,0.07918086028490637,0.07918086028490633,0.07918086028490652,0.07918086028490653,0.07918086028490649,0.07918086028490656,0.07918086028490659,0.0791808602849066,0.0791808602849066,0.07918086028490656,0.07918086028490672,0.07918086028490672,0.07918086028490667,0.07918086028490672,0.07918086028490676,0.07918086028490672,0.07918086028490672,0.07918086028490676,0.07918086028490677,0.07918086028490677,0.07918086028490674,0.07918086028490673,0.07918086028490677,0.07918086028490674,0.07918086028490678,0.07918086028490678,0.0791808602849068,0.07918086028490681,0.0791808602849068,0.07918086028490674,0.07918086028490673,0.07918086028490672,0.07918086028490676,0.07918086028490677,0.0791808602849067,0.07918086028490663,0.07918086028490662,0.07918086028490663,0.07918086028490662,0.07918086028490665,0.07918086028490669,0.07918086028490666,0.07918086028490667,0.07918086028490666,0.07918086028490663,0.0791808602849066,0.07918086028490667,0.07918086028490665,0.07918086028490663,0.07918086028490665,0.07918086028490667,0.07918086028490669,0.0791808602849067,0.07918086028490666,0.07918086028490669,0.07918086028490666,0.07918086028490669,0.07918086028490672,0.0791808602849067,0.0791808602849067,0.0791808602849067,0.0791808602849067,0.07918086028490672,0.07918086028490667,0.07918086028490669,0.07918086028490672,0.0791808602849067,0.0791808602849067,0.07918086028490673,0.0791808602849067,0.07918086028490674,0.07918086028490674,0.07918086028490672,0.07918086028490669,0.0791808602849067,0.0791808602849067,0.07918086028490674,0.07918086028490672,0.07918086028490669,0.07918086028490672,0.07918086028490672,0.07918086028490669,0.0791808602849067,0.07918086028490667,0.07918086028490666,0.07918086028490665,0.07918086028490666,0.07918086028490666,0.07918086028490673,0.07918086028490672,0.07918086028490673,0.07918086028490673,0.07918086028490673,0.07918086028490676,0.07918086028490665,0.07918086028490665,0.07918086028490665,0.07918086028490669,0.07918086028490669,0.07918086028490667,0.07918086028490669,0.0791808602849067,0.07918086028490658,0.07918086028490659,0.07918086028490662,0.0791808602849068,0.07918086028490677,0.07918086028490677,0.07918086028490677,0.07918086028490674,0.07918086028490674,0.07918086028490673,0.07918086028490673,0.0791808602849067,0.07918086028490669,0.07918086028490678,0.07918086028490802,0.07918086028490802,0.079180860284908,0.07918086028490798,0.07918086028490796,0.07918086028490798,0.07918086028490799,0.07918086028490799,0.07918086028490798,0.07918086028490798,0.07918086028490802,0.079180860284908,0.07918086028490795,0.07918086028490792,0.07918086028490795,0.07918086028490792,0.07918086028490794,0.07918086028490795,0.07918086028490794,0.07918086028490794,0.07918086028490794,0.07918086028490792,0.07918086028490794,0.07918086028490794,0.07918086028490794,0.07918086028490792,0.07918086028490794,0.07918086028490795,0.07918086028490794,0.07918086028490792,0.07918086028490795,0.07918086028490792,0.07918086028490791,0.07918086028490792,0.07918086028490792,0.07918086028490792,0.07918086028490792,0.07918086028490791,0.07918086028490791,0.07918086028490792,0.07918086028490791,0.07918086028490794,0.0791808602849079,0.07918086028490799,0.07918086028490791,0.07918086028490788,0.07918086028490788,0.07918086028490784,0.0791808602849079,0.07918086028490788,0.07918086028490788,0.07918086028490787,0.07918086028490787,0.07918086028490787,0.0791808602849079,0.07918086028490788,0.0791808602849079,0.07918086028490787,0.07918086028490788,0.07918086028490787,0.07918086028490788,0.07918086028490791,0.07918086028490788,0.0791808602849079,0.07918086028490787,0.0791808602849079,0.07918086028490788,0.07918086028490787,0.07918086028490785,0.0791808602849079,0.07918086028490788,0.07918086028490788,0.07918086028490785,0.07918086028490788,0.07918086028490788,0.0791808602849079,0.07918086028490788,0.0791808602849079,0.0791808602849079,0.07918086028490791,0.07918086028490788,0.0791808602849079,0.07918086028490787,0.07918086028490791,0.07918086028490788,0.0791808602849079,0.07918086028490788,0.0791808602849079,0.07918086028490787,0.07918086028490791,0.07918086028490788,0.07918086028490788,0.07918086028490788,0.07918086028490788,0.07918086028490788,0.0791808602849079,0.0791808602849079,0.0791808602849079,0.07918086028490791,0.0791808602849079,0.07918086028490788,0.07918086028490788,0.0791808602849079,0.07918086028490792,0.07918086028490791,0.07918086028490791,0.07918086028490788,0.07918086028490791,0.07918086028490788,0.0791808602849079,0.07918086028490788,0.07918086028490785,0.07918086028490788,0.07918086028490788,0.07918086028490785,0.07918086028490788,0.07918086028490788,0.07918086028490791,0.07918086028490787,0.0791808602849079,0.07918086028490788,0.0791808602849079,0.0791808602849079,0.07918086028490791,0.07918086028490788,0.0791808602849079,0.07918086028490791,0.0791808602849079,0.07918086028490791,0.0791808602849079,0.0791808602849079,0.07918086028490791,0.07918086028490791,0.07918086028490792,0.07918086028490791,0.07918086028490791,0.0791808602849079,0.07918086028490791,0.07918086028490791,0.07918086028490788,0.07918086028490791,0.0791808602849079,0.07918086028490792,0.07918086028490787,0.0791808602849079,0.07918086028490788,0.07918086028490791,0.07918086028490791,0.07918086028490788,0.07918086028490791,0.07918086028490788,0.07918086028490788,0.07918086028490787,0.07918086028490788,0.07918086028490787,0.0791808602849079,0.07918086028490788,0.07918086028490788,0.07918086028490787,0.0791808602849079,0.07918086028490788,0.07918086028490791,0.07918086028490785,0.0791808602849079,0.07918086028490791,0.0791808602849079,0.0791808602849079,0.07918086028490788,0.0791808602849079,0.07918086028490791,0.07918086028490791,0.07918086028490791,0.0791808602849079,0.07918086028490788,0.07918086028490791,0.07918086028490788,0.07918086028490791,0.07918086028490791,0.07918086028490791,0.07918086028490791,0.07918086028490791,0.07918086028490791,0.07918086028490791,0.07918086028490788,0.07918086028490788,0.07918086028490791,0.07918086028490791,0.0791808602849079,0.07918086028490791,0.07918086028490791,0.07918086028490791,0.07918086028490791,0.0791808602849079,0.0791808602849079,0.07918086028490791,0.0791808602849079,0.0791808602849079,0.07918086028490791,0.0791808602849079,0.07918086028490788,0.07918086028490791,0.07918086028490788,0.0791808602849079,0.07918086028490788,0.07918086028490788,0.07918086028490791,0.0791808602849079,0.0791808602849079,0.07918086028490788,0.07918086028490791,0.07918086028490791,0.0791808602849079,0.0791808602849079,0.07918086028490788,0.0791808602849079,0.07918086028490791,0.07918086028490791,0.07918086028490788,0.07918086028490791,0.0791808602849079,0.0791808602849079,0.07918086028490788,0.07918086028490791,0.0791808602849079,0.07918086028490791,0.07918086028490788,0.0791808602849079,0.07918086028490791,0.07918086028490791,0.07918086028490792,0.07918086028490791,0.07918086028490788,0.0791808602849079,0.07918086028490791,0.07918086028490791,0.07918086028490792,0.07918086028490791,0.07918086028490791,0.0791808602849079,0.07918086028490791,0.07918086028490791,0.0791808602849079,0.0791808602849079,0.07918086028490788,0.0791808602849079,0.07918086028490791,0.07918086028490791,0.07918086028490794,0.07918086028490791,0.07918086028490791,0.0791808602849079,0.07918086028490791,0.07918086028490791,0.0791808602849079,0.07918086028490791,0.07918086028490791,0.07918086028490791,0.07918086028490791,0.07918086028490792,0.07918086028490792,0.07918086028490792,0.07918086028490792,0.07918086028490795,0.07918086028490792,0.07918086028490791,0.07918086028490794,0.07918086028490792,0.07918086028490792,0.0791808602849079,0.07918086028490791,0.07918086028490788,0.07918086028490787,0.0791808602849079,0.07918086028490787,0.0791808602849079,0.07918086028490788,0.0791808602849079,0.0791808602849079,0.07918086028490791,0.07918086028490791,0.0791808602849079,0.07918086028490791,0.07918086028490791,0.07918086028490788,0.07918086028490791,0.0791808602849079,0.07918086028490792,0.0791808602849079,0.07918086028490788,0.07918086028490788,0.07918086028490791,0.07918086028490791,0.0791808602849079,0.0791808602849079,0.0791808602849079,0.07918086028490787,0.07918086028490787,0.07918086028490788,0.0791808602849079,0.07918086028490788,0.07918086028490788,0.07918086028490787,0.07918086028490788,0.07918086028490788,0.07918086028490787,0.07918086028490788,0.07918086028490788,0.0791808602849079,0.07918086028490788,0.07918086028490788,0.07918086028490785,0.07918086028490785,0.07918086028490787,0.07918086028490785,0.07918086028490785,0.07918086028490787,0.07918086028490785,0.07918086028490787,0.07918086028490788,0.07918086028490787,0.07918086028490787,0.07918086028490788,0.07918086028490784,0.07918086028490787,0.0791808602849079,0.0791808602849079,0.07918086028490788,0.07918086028490787,0.07918086028490788,0.07918086028490791,0.07918086028490787,0.0791808602849079,0.07918086028490787,0.07918086028490788,0.0791808602849079,0.07918086028490788,0.07918086028490788,0.07918086028490785,0.0791808602849079,0.07918086028490788,0.0791808602849079,0.0791808602849079,0.07918086028490787,0.0791808602849079,0.07918086028490788,0.07918086028490787,0.07918086028490788,0.07918086028490787,0.07918086028490788,0.07918086028490788,0.07918086028490785,0.07918086028490785,0.07918086028490785,0.07918086028490785,0.07918086028490785,0.07918086028490787,0.07918086028490784,0.07918086028490785,0.07918086028490785,0.07918086028490787,0.07918086028490785,0.07918086028490787,0.07918086028490787,0.07918086028490787,0.07918086028490787,0.07918086028490788,0.07918086028490787,0.07918086028490787,0.07918086028490788,0.07918086028490787,0.07918086028490787,0.07918086028490785,0.07918086028490787,0.07918086028490787,0.07918086028490788,0.07918086028490787,0.07918086028490787,0.07918086028490784,0.07918086028490785,0.07918086028490788,0.07918086028490785,0.07918086028490785,0.07918086028490785,0.07918086028490788,0.0791808602849079,0.07918086028490788,0.07918086028490787,0.07918086028490785,0.07918086028490788,0.07918086028490785,0.07918086028490785,0.07918086028490787,0.07918086028490785,0.07918086028490785,0.07918086028490787,0.07918086028490787,0.07918086028490784,0.07918086028490785,0.07918086028490787,0.07918086028490787,0.07918086028490787,0.07918086028490785,0.07918086028490784,0.07918086028490785,0.07918086028490784,0.07918086028490785,0.07918086028490785,0.07918086028490783,0.07918086028490785,0.07918086028490785,0.07918086028490785,0.07918086028490785,0.07918086028490785,0.07918086028490785,0.07918086028490783,0.07918086028490784,0.07918086028490787,0.07918086028490783,0.07918086028490784,0.07918086028490783,0.07918086028490787,0.07918086028490784,0.07918086028490785,0.07918086028490788,0.07918086028490784,0.07918086028490787,0.07918086028490787,0.07918086028490784,0.07918086028490785,0.07918086028490787,0.07918086028490784,0.07918086028490785,0.07918086028490784,0.07918086028490784,0.07918086028490785,0.07918086028490785,0.07918086028490783,0.07918086028490783,0.07918086028490783,0.07918086028490784,0.07918086028490783,0.07918086028490785,0.07918086028490784,0.07918086028490784,0.07918086028490785,0.07918086028490784,0.07918086028490784,0.07918086028490784,0.07918086028490783,0.07918086028490783,0.07918086028490784,0.07918086028490781,0.07918086028490784,0.07918086028490783,0.07918086028490783,0.07918086028490783,0.07918086028490783,0.07918086028490783,0.07918086028490783,0.07918086028490783,0.07918086028490784,0.07918086028490785,0.07918086028490784,0.07918086028490784,0.07918086028490783,0.07918086028490784,0.07918086028490784,0.07918086028490784,0.07918086028490784,0.07918086028490781,0.07918086028490783,0.07918086028490781,0.07918086028490784,0.07918086028490784,0.07918086028490783,0.07918086028490784,0.07918086028490784,0.07918086028490784,0.07918086028490781,0.07918086028490783,0.07918086028490783,0.07918086028490783,0.07918086028490783,0.07918086028490783,0.07918086028490784,0.07918086028490785,0.07918086028490784,0.07918086028490785,0.07918086028490785,0.07918086028490784,0.07918086028490784,0.07918086028490784,0.07918086028490784,0.07918086028490784,0.07918086028490785,0.07918086028490784,0.07918086028490787,0.07918086028490785,0.07918086028490787,0.07918086028490784,0.07918086028490785,0.07918086028490784,0.07918086028490785,0.07918086028490784,0.07918086028490785,0.07918086028490785,0.07918086028490785,0.07918086028490784,0.07918086028490785,0.07918086028490783,0.07918086028490785,0.07918086028490785,0.07918086028490783,0.07918086028490785,0.07918086028490784,0.07918086028490785,0.07918086028490783,0.07918086028490785,0.0791808602849078,0.07918086028490783,0.07918086028490783,0.07918086028490783,0.07918086028490784,0.07918086028490783,0.07918086028490784,0.07918086028490783,0.07918086028490783,0.07918086028490785,0.07918086028490783,0.07918086028490784,0.07918086028490783,0.07918086028490785,0.07918086028490784,0.07918086028490785,0.07918086028490785,0.07918086028490785,0.07918086028490785,0.07918086028490785,0.07918086028490785,0.07918086028490785,0.07918086028490784,0.07918086028490783,0.07918086028490787,0.07918086028490784,0.07918086028490784,0.07918086028490785,0.07918086028490784,0.07918086028490784,0.07918086028490784,0.07918086028490783,0.07918086028490784,0.07918086028490781,0.07918086028490784,0.07918086028490783,0.07918086028490785,0.07918086028490784,0.07918086028490784,0.07918086028490784,0.07918086028490784,0.07918086028490784,0.07918086028490784,0.07918086028490784,0.07918086028490785,0.07918086028490784,0.07918086028490784,0.07918086028490784,0.07918086028490784,0.07918086028490784,0.07918086028490784,0.07918086028490784,0.07918086028490783,0.07918086028490784,0.07918086028490784,0.07918086028490787,0.07918086028490785,0.07918086028490785,0.07918086028490784,0.07918086028490785,0.07918086028490785,0.07918086028490784,0.07918086028490787,0.07918086028490785,0.07918086028490784,0.07918086028490787,0.07918086028490785,0.07918086028490785,0.07918086028490787,0.07918086028490785,0.07918086028490785,0.07918086028490785,0.07918086028490785,0.07918086028490785,0.07918086028490787,0.07918086028490785,0.07918086028490787,0.07918086028490785,0.07918086028490785,0.07918086028490785,0.07918086028490785,0.07918086028490785,0.07918086028490784,0.07918086028490785,0.07918086028490785,0.07918086028490787,0.07918086028490784,0.07918086028490785,0.07918086028490787,0.07918086028490785,0.07918086028490785,0.07918086028490787,0.07918086028490785,0.07918086028490785,0.07918086028490787,0.07918086028490785,0.07918086028490787,0.07918086028490787,0.07918086028490785,0.07918086028490787,0.07918086028490787,0.07918086028490787,0.07918086028490785,0.07918086028490787,0.07918086028490785,0.07918086028490784,0.07918086028490787,0.07918086028490785,0.07918086028490787,0.07918086028490788,0.07918086028490787,0.07918086028490784,0.07918086028490787,0.07918086028490787,0.07918086028490788,0.07918086028490787,0.07918086028490785,0.07918086028490787,0.0791808602849079,0.07918086028490785,0.07918086028490788,0.07918086028490785,0.07918086028490785,0.07918086028490788,0.07918086028490787,0.07918086028490785,0.07918086028490784,0.07918086028490785,0.07918086028490785,0.07918086028490785,0.07918086028490784,0.07918086028490785,0.07918086028490784,0.07918086028490784,0.07918086028490785,0.07918086028490785,0.07918086028490784,0.07918086028490788,0.07918086028490788,0.0791808602849079,0.07918086028490788,0.07918086028490791,0.07918086028490787,0.07918086028490787,0.0791808602849079,0.07918086028490788,0.0791808602849079,0.0791808602849079,0.07918086028490788,0.07918086028490787,0.07918086028490791,0.07918086028490788,0.07918086028490788,0.07918086028490788,0.07918086028490788,0.07918086028490788,0.07918086028490787,0.07918086028490788,0.07918086028490791,0.0791808602849079,0.0791808602849079,0.07918086028490788,0.07918086028490788,0.0791808602849079,0.07918086028490791,0.0791808602849079,0.07918086028490788,0.0791808602849079,0.07918086028490788,0.07918086028490787,0.07918086028490787,0.0791808602849079,0.07918086028490787,0.07918086028490787,0.07918086028490788,0.07918086028490788,0.07918086028490788,0.0791808602849079,0.07918086028490791,0.07918086028490788,0.07918086028490788,0.07918086028490788,0.0791808602849079,0.0791808602849079,0.0791808602849079,0.07918086028490791,0.07918086028490788,0.07918086028490791,0.07918086028490788,0.0791808602849079,0.07918086028490788,0.07918086028490788,0.07918086028490787,0.07918086028490788,0.07918086028490788,0.07918086028490787,0.07918086028490788,0.07918086028490785,0.07918086028490788,0.07918086028490787,0.0791808602849079,0.07918086028490788,0.0791808602849079,0.0791808602849079,0.07918086028490788,0.0791808602849079,0.07918086028490788,0.0791808602849079,0.07918086028490788,0.07918086028490788,0.07918086028490791,0.0791808602849079,0.07918086028490791,0.0791808602849079,0.07918086028490788,0.07918086028490791,0.0791808602849079,0.07918086028490791,0.07918086028490788,0.07918086028490787,0.0791808602849079,0.07918086028490791,0.07918086028490791,0.07918086028490788,0.07918086028490791,0.07918086028490791,0.07918086028490791,0.07918086028490791,0.07918086028490791,0.0791808602849079,0.07918086028490791,0.07918086028490787,0.0791808602849079,0.0791808602849079,0.07918086028490788,0.07918086028490787,0.07918086028490787,0.07918086028490788,0.07918086028490788,0.07918086028490791,0.07918086028490788,0.07918086028490788,0.07918086028490785,0.07918086028490787,0.07918086028490787,0.0791808602849079,0.07918086028490785,0.07918086028490788,0.07918086028490785,0.07918086028490788,0.07918086028490788,0.07918086028490788,0.07918086028490791,0.07918086028490787,0.07918086028490788,0.07918086028490785,0.07918086028490785,0.07918086028490787,0.07918086028490788,0.0791808602849079,0.07918086028490788,0.07918086028490788,0.07918086028490788,0.07918086028490788,0.0791808602849079,0.0791808602849079,0.07918086028490788,0.0791808602849079,0.07918086028490785,0.07918086028490788,0.07918086028490787,0.0791808602849079,0.07918086028490787,0.07918086028490785,0.07918086028490785,0.07918086028490787,0.07918086028490785,0.07918086028490778,0.07918086028490785,0.07918086028490785,0.07918086028490784,0.07918086028490785,0.07918086028490785,0.07918086028490787,0.07918086028490784,0.07918086028490787,0.07918086028490784,0.07918086028490785,0.07918086028490785,0.07918086028490787,0.07918086028490785,0.07918086028490785,0.07918086028490787,0.07918086028490785,0.07918086028490787,0.07918086028490787,0.07918086028490784,0.07918086028490787,0.07918086028490785,0.07918086028490784,0.07918086028490785,0.07918086028490785,0.07918086028490785,0.07918086028490785,0.07918086028490785,0.07918086028490783,0.07918086028490785,0.07918086028490784,0.07918086028490787,0.07918086028490784,0.07918086028490785,0.07918086028490787,0.07918086028490785,0.07918086028490785,0.07918086028490787,0.07918086028490785,0.07918086028490785,0.07918086028490787,0.07918086028490787,0.07918086028490785,0.07918086028490787,0.07918086028490785,0.07918086028490785,0.07918086028490784,0.07918086028490785,0.07918086028490788,0.07918086028490785,0.07918086028490787,0.07918086028490785,0.07918086028490787,0.07918086028490787,0.07918086028490785,0.07918086028490787,0.07918086028490788,0.07918086028490785,0.07918086028490788,0.07918086028490787,0.07918086028490785,0.07918086028490785,0.07918086028490785,0.07918086028490785,0.07918086028490787,0.07918086028490785,0.07918086028490785,0.07918086028490784,0.07918086028490783,0.07918086028490787,0.07918086028490785,0.07918086028490785,0.07918086028490784,0.07918086028490784,0.07918086028490784,0.07918086028490785,0.07918086028490784,0.07918086028490785,0.07918086028490785,0.07918086028490784,0.07918086028490784,0.07918086028490784,0.07918086028490784,0.07918086028490785,0.07918086028490785,0.07918086028490785,0.07918086028490784,0.07918086028490784,0.07918086028490785,0.07918086028490785,0.07918086028490784,0.07918086028490785,0.07918086028490785,0.07918086028490784,0.07918086028490785,0.07918086028490784,0.07918086028490784,0.07918086028490784,0.07918086028490785,0.07918086028490785,0.07918086028490785,0.07918086028490785,0.07918086028490787,0.07918086028490785,0.07918086028490785,0.07918086028490784,0.07918086028490784,0.07918086028490784,0.07918086028490785,0.07918086028490784,0.07918086028490783,0.07918086028490785,0.07918086028490784,0.07918086028490783,0.07918086028490783,0.07918086028490783,0.07918086028490783,0.07918086028490783,0.07918086028490783,0.07918086028490783,0.07918086028490784,0.07918086028490783,0.07918086028490784,0.07918086028490784,0.07918086028490784,0.07918086028490783,0.07918086028490784,0.07918086028490784,0.07918086028490783,0.07918086028490781,0.07918086028490778,0.07918086028490778,0.07918086028490781,0.07918086028490777,0.07918086028490778,0.0791808602849078,0.0791808602849078,0.07918086028490778,0.07918086028490778,0.0791808602849078,0.07918086028490783,0.07918086028490784,0.07918086028490781,0.07918086028490781,0.0791808602849078,0.07918086028490781,0.07918086028490781,0.0791808602849078,0.0791808602849078,0.07918086028490781,0.07918086028490778,0.07918086028490778,0.0791808602849078,0.07918086028490778,0.07918086028490778,0.07918086028490778,0.07918086028490777,0.07918086028490778,0.0791808602849078,0.0791808602849078,0.07918086028490778,0.07918086028490778,0.07918086028490777,0.07918086028490778,0.0791808602849078,0.0791808602849078,0.07918086028490778,0.07918086028490777,0.07918086028490778,0.07918086028490777,0.07918086028490777,0.07918086028490776,0.07918086028490777,0.07918086028490777,0.07918086028490778,0.0791808602849078,0.07918086028490777,0.07918086028490778,0.07918086028490778,0.07918086028490778,0.07918086028490778,0.07918086028490778,0.0791808602849078,0.0791808602849078,0.0791808602849078,0.0791808602849078,0.07918086028490778,0.07918086028490778,0.07918086028490778,0.07918086028490778,0.07918086028490778,0.07918086028490778,0.07918086028490778,0.07918086028490777,0.07918086028490778,0.07918086028490778,0.07918086028490777,0.0791808602849078,0.07918086028490778,0.07918086028490778,0.07918086028490778,0.07918086028490778,0.0791808602849078,0.0791808602849078,0.0791808602849078,0.07918086028490778,0.07918086028490778,0.07918086028490778,0.07918086028490777,0.07918086028490778,0.07918086028490778,0.07918086028490777,0.07918086028490778,0.07918086028490778,0.07918086028490777,0.0791808602849078,0.07918086028490781,0.07918086028490781,0.0791808602849078,0.07918086028490778,0.07918086028490777,0.07918086028490778,0.07918086028490776,0.07918086028490778,0.0791808602849078,0.07918086028490778,0.07918086028490777,0.07918086028490776,0.07918086028490776,0.07918086028490777,0.07918086028490776,0.07918086028490777,0.07918086028490774,0.07918086028490776,0.07918086028490776,0.07918086028490776,0.07918086028490776,0.07918086028490777,0.07918086028490776,0.07918086028490776,0.07918086028490777,0.07918086028490777,0.07918086028490777,0.07918086028490777,0.07918086028490774,0.07918086028490776,0.07918086028490776,0.07918086028490774,0.07918086028490776,0.07918086028490774,0.07918086028490776,0.07918086028490776,0.07918086028490776,0.07918086028490777,0.07918086028490776,0.07918086028490774,0.07918086028490777,0.07918086028490777,0.07918086028490776,0.07918086028490776,0.07918086028490777,0.07918086028490776,0.07918086028490776,0.07918086028490776,0.07918086028490776,0.07918086028490774,0.07918086028490776,0.07918086028490774,0.07918086028490774,0.07918086028490776,0.07918086028490778,0.07918086028490774,0.07918086028490776,0.07918086028490774,0.07918086028490776,0.07918086028490776,0.07918086028490776,0.07918086028490774,0.07918086028490776,0.07918086028490777,0.07918086028490774,0.07918086028490776,0.07918086028490776,0.07918086028490774,0.07918086028490776,0.07918086028490776,0.07918086028490774,0.07918086028490776,0.07918086028490776,0.07918086028490776,0.07918086028490774,0.07918086028490776,0.07918086028490777,0.07918086028490776,0.07918086028490776,0.07918086028490776,0.07918086028490776,0.07918086028490774,0.07918086028490776,0.07918086028490776,0.07918086028490776,0.07918086028490776,0.07918086028490776,0.07918086028490771,0.07918086028490774,0.07918086028490776,0.07918086028490778,0.07918086028490774,0.07918086028490771,0.07918086028490776,0.07918086028490774,0.07918086028490776,0.07918086028490771,0.07918086028490773,0.07918086028490771,0.0791808602849077,0.0791808602849077,0.07918086028490771,0.07918086028490771,0.07918086028490771,0.07918086028490771,0.07918086028490771,0.07918086028490771,0.07918086028490774,0.07918086028490774,0.07918086028490771,0.07918086028490771,0.0791808602849077,0.0791808602849077,0.0791808602849077,0.07918086028490773,0.07918086028490773,0.07918086028490773,0.07918086028490771,0.0791808602849077,0.0791808602849077,0.07918086028490771,0.07918086028490773,0.07918086028490774,0.07918086028490773,0.07918086028490774,0.07918086028490774,0.07918086028490776,0.07918086028490774,0.07918086028490773,0.07918086028490771,0.07918086028490773,0.07918086028490769,0.07918086028490771,0.07918086028490773,0.07918086028490773,0.07918086028490776,0.07918086028490773,0.07918086028490771,0.0791808602849077,0.07918086028490773,0.07918086028490773,0.07918086028490773,0.07918086028490773,0.07918086028490773,0.07918086028490773,0.07918086028490774,0.07918086028490774,0.07918086028490773,0.07918086028490771,0.07918086028490771,0.07918086028490773,0.0791808602849077,0.0791808602849077,0.07918086028490773,0.07918086028490771,0.0791808602849077,0.0791808602849077,0.07918086028490773,0.07918086028490773,0.07918086028490773,0.07918086028490773,0.07918086028490771,0.07918086028490773,0.07918086028490773,0.07918086028490774,0.07918086028490773,0.07918086028490774,0.07918086028490774,0.07918086028490773,0.07918086028490771,0.07918086028490773,0.07918086028490776,0.07918086028490773,0.07918086028490773,0.07918086028490773,0.07918086028490773,0.07918086028490771,0.07918086028490773,0.07918086028490773,0.07918086028490774,0.07918086028490773,0.07918086028490774,0.07918086028490773,0.07918086028490771,0.07918086028490774,0.07918086028490771,0.07918086028490771,0.07918086028490773,0.07918086028490771,0.07918086028490769,0.0791808602849077,0.07918086028490776,0.07918086028490773,0.07918086028490773,0.07918086028490776,0.07918086028490773,0.07918086028490773,0.0791808602849077,0.0791808602849077,0.07918086028490773,0.07918086028490771,0.0791808602849077,0.07918086028490773,0.07918086028490774,0.07918086028490773,0.07918086028490771,0.07918086028490771,0.07918086028490773,0.07918086028490771,0.07918086028490773,0.0791808602849077,0.07918086028490771,0.0791808602849077,0.07918086028490771,0.0791808602849077,0.0791808602849077,0.07918086028490771,0.0791808602849077,0.07918086028490773,0.07918086028490771,0.07918086028490771,0.0791808602849077,0.07918086028490771,0.0791808602849077,0.07918086028490771,0.07918086028490773,0.07918086028490771,0.07918086028490771,0.0791808602849077,0.0791808602849077,0.07918086028490774,0.0791808602849077,0.07918086028490773,0.07918086028490773,0.07918086028490773,0.07918086028490776,0.07918086028490773,0.07918086028490774,0.07918086028490769,0.07918086028490771,0.07918086028490773,0.0791808602849077,0.0791808602849077,0.0791808602849077,0.07918086028490769,0.0791808602849077,0.0791808602849077,0.07918086028490771,0.0791808602849077,0.07918086028490771,0.0791808602849077,0.0791808602849077,0.0791808602849077,0.0791808602849077,0.07918086028490771,0.07918086028490771,0.07918086028490771,0.0791808602849077,0.0791808602849077,0.07918086028490771,0.0791808602849077,0.0791808602849077,0.07918086028490771,0.07918086028490767,0.07918086028490769,0.0791808602849077,0.07918086028490769,0.07918086028490771,0.0791808602849077,0.0791808602849077,0.07918086028490769,0.07918086028490769,0.0791808602849077,0.0791808602849077,0.07918086028490769,0.0791808602849077,0.07918086028490771,0.07918086028490769,0.0791808602849077,0.07918086028490773,0.0791808602849077,0.07918086028490769,0.07918086028490771,0.0791808602849077,0.0791808602849077,0.0791808602849077,0.0791808602849077,0.0791808602849077,0.07918086028490774,0.07918086028490774,0.0791808602849077,0.0791808602849077,0.07918086028490773,0.07918086028490773,0.07918086028490771,0.07918086028490773,0.07918086028490771,0.0791808602849077,0.0791808602849077,0.07918086028490769,0.07918086028490769,0.0791808602849077,0.0791808602849077,0.0791808602849077,0.0791808602849077,0.0791808602849077,0.07918086028490773,0.07918086028490773,0.07918086028490773,0.07918086028490771,0.0791808602849077,0.07918086028490773,0.07918086028490773,0.07918086028490773,0.07918086028490771,0.0791808602849077,0.07918086028490771,0.0791808602849077,0.07918086028490771,0.0791808602849077,0.0791808602849077,0.07918086028490773,0.07918086028490774,0.07918086028490773,0.07918086028490773,0.07918086028490774,0.07918086028490773,0.07918086028490774,0.07918086028490776,0.07918086028490776,0.07918086028490774,0.07918086028490776,0.07918086028490774,0.07918086028490778,0.07918086028490776,0.07918086028490776,0.07918086028490776,0.07918086028490776,0.07918086028490776,0.07918086028490773,0.07918086028490774,0.07918086028490774,0.07918086028490774,0.07918086028490773,0.07918086028490773,0.07918086028490774,0.07918086028490771,0.07918086028490774,0.07918086028490774,0.07918086028490771,0.07918086028490774,0.07918086028490774,0.07918086028490771,0.07918086028490774,0.07918086028490773,0.07918086028490774,0.07918086028490771,0.07918086028490771,0.07918086028490771,0.07918086028490769,0.07918086028490771,0.0791808602849077,0.07918086028490773,0.07918086028490773,0.07918086028490773,0.07918086028490773,0.0791808602849077,0.07918086028490773,0.07918086028490773,0.07918086028490774,0.07918086028490774,0.07918086028490771,0.07918086028490773,0.07918086028490773,0.07918086028490771,0.07918086028490773,0.07918086028490771,0.07918086028490771,0.07918086028490773,0.07918086028490773,0.07918086028490773,0.0791808602849077,0.07918086028490773,0.07918086028490774,0.0791808602849077,0.07918086028490771,0.07918086028490773,0.07918086028490774,0.07918086028490773,0.07918086028490773,0.07918086028490773,0.07918086028490773,0.0791808602849077,0.0791808602849077,0.07918086028490774,0.07918086028490771,0.07918086028490771,0.0791808602849077,0.0791808602849077,0.07918086028490773,0.0791808602849077,0.0791808602849077,0.0791808602849077,0.07918086028490771,0.0791808602849077,0.0791808602849077,0.0791808602849077,0.0791808602849077,0.0791808602849077,0.0791808602849077,0.0791808602849077,0.07918086028490771,0.0791808602849077,0.0791808602849077,0.07918086028490771,0.0791808602849077,0.07918086028490767,0.07918086028490766,0.07918086028490766,0.07918086028490764,0.07918086028490766,0.07918086028490764,0.07918086028490767,0.07918086028490763,0.07918086028490764,0.07918086028490764,0.07918086028490766,0.07918086028490766,0.07918086028490767,0.07918086028490767,0.07918086028490767,0.07918086028490764,0.07918086028490766,0.07918086028490764,0.07918086028490763,0.07918086028490766,0.07918086028490767,0.07918086028490763,0.07918086028490764,0.07918086028490767,0.07918086028490764,0.07918086028490767,0.07918086028490767,0.07918086028490767,0.07918086028490764,0.07918086028490764,0.07918086028490766,0.07918086028490764,0.07918086028490767,0.07918086028490767,0.07918086028490766,0.07918086028490767,0.07918086028490766,0.07918086028490767,0.07918086028490766,0.07918086028490766,0.07918086028490767,0.07918086028490766,0.07918086028490766,0.07918086028490767,0.07918086028490766,0.07918086028490764,0.07918086028490763,0.07918086028490764,0.07918086028490766,0.07918086028490767,0.07918086028490767,0.07918086028490767,0.07918086028490767,0.07918086028490767,0.07918086028490766,0.07918086028490767,0.07918086028490766,0.07918086028490766,0.07918086028490767,0.07918086028490767,0.07918086028490767,0.07918086028490766,0.07918086028490767,0.07918086028490767,0.07918086028490767,0.07918086028490767,0.07918086028490767,0.07918086028490769,0.0791808602849077,0.07918086028490767,0.07918086028490767,0.07918086028490769,0.07918086028490767,0.07918086028490767,0.07918086028490769,0.07918086028490766,0.07918086028490769,0.07918086028490767,0.07918086028490769,0.07918086028490767,0.07918086028490767,0.07918086028490769,0.07918086028490767,0.07918086028490767,0.07918086028490767,0.07918086028490766,0.07918086028490767,0.07918086028490767,0.07918086028490766,0.07918086028490766,0.07918086028490767,0.07918086028490767,0.07918086028490766,0.07918086028490767,0.07918086028490767,0.07918086028490767,0.07918086028490767,0.07918086028490767,0.07918086028490767,0.07918086028490767,0.07918086028490767,0.07918086028490769,0.07918086028490767,0.07918086028490767,0.07918086028490767,0.07918086028490764,0.07918086028490769,0.07918086028490769,0.07918086028490767,0.07918086028490769,0.07918086028490767,0.07918086028490767,0.07918086028490767,0.07918086028490767,0.0791808602849077,0.07918086028490769,0.07918086028490767,0.07918086028490769,0.0791808602849077,0.0791808602849077,0.07918086028490769,0.07918086028490766,0.07918086028490769,0.07918086028490769,0.07918086028490767,0.07918086028490769,0.0791808602849077,0.07918086028490767,0.07918086028490769,0.07918086028490769,0.07918086028490767,0.07918086028490769,0.0791808602849077,0.07918086028490767,0.07918086028490769,0.07918086028490769,0.0791808602849077,0.07918086028490766,0.07918086028490767,0.07918086028490769,0.07918086028490767,0.07918086028490769,0.07918086028490769,0.07918086028490771,0.07918086028490769,0.0791808602849077,0.0791808602849077,0.0791808602849077,0.07918086028490771,0.07918086028490771,0.07918086028490773,0.07918086028490771,0.07918086028490771,0.07918086028490773,0.0791808602849077,0.07918086028490771,0.07918086028490771,0.0791808602849077,0.07918086028490771,0.0791808602849077,0.07918086028490769,0.0791808602849077,0.0791808602849077,0.0791808602849077,0.07918086028490769,0.07918086028490769,0.0791808602849077,0.07918086028490773,0.0791808602849077,0.07918086028490771,0.07918086028490771,0.0791808602849077,0.07918086028490771,0.07918086028490773,0.07918086028490771,0.0791808602849077,0.07918086028490773,0.07918086028490771,0.0791808602849077,0.07918086028490773,0.07918086028490771,0.07918086028490771,0.07918086028490771,0.07918086028490773,0.07918086028490771,0.0791808602849077,0.0791808602849077,0.07918086028490771,0.07918086028490771,0.07918086028490769,0.0791808602849077,0.07918086028490769,0.0791808602849077,0.0791808602849077,0.0791808602849077,0.0791808602849077,0.07918086028490771,0.07918086028490771,0.0791808602849077,0.0791808602849077,0.07918086028490771,0.07918086028490767,0.07918086028490767,0.0791808602849077,0.07918086028490771,0.07918086028490769,0.0791808602849077,0.0791808602849077,0.0791808602849077,0.07918086028490769,0.0791808602849077,0.0791808602849077,0.07918086028490769,0.07918086028490767,0.07918086028490769,0.07918086028490769,0.07918086028490769,0.07918086028490771,0.07918086028490771,0.0791808602849077,0.0791808602849077,0.0791808602849077,0.07918086028490773,0.07918086028490769,0.07918086028490771,0.07918086028490767,0.0791808602849077,0.07918086028490771,0.07918086028490773,0.07918086028490773,0.07918086028490774,0.07918086028490773,0.07918086028490773,0.07918086028490773,0.07918086028490773,0.07918086028490773,0.07918086028490774,0.07918086028490771,0.07918086028490771,0.0791808602849077,0.0791808602849077,0.0791808602849077,0.07918086028490773,0.0791808602849077,0.0791808602849077,0.07918086028490773,0.0791808602849077,0.07918086028490773,0.07918086028490771,0.07918086028490773,0.07918086028490776,0.07918086028490771,0.07918086028490773,0.0791808602849077,0.07918086028490776,0.07918086028490773,0.0791808602849077,0.0791808602849077,0.07918086028490773,0.07918086028490771,0.07918086028490773,0.07918086028490773,0.07918086028490773,0.07918086028490773,0.07918086028490771,0.07918086028490771,0.07918086028490771,0.07918086028490773,0.07918086028490774,0.0791808602849077,0.07918086028490771,0.07918086028490769,0.0791808602849077,0.07918086028490771,0.07918086028490773,0.07918086028490771,0.07918086028490773,0.0791808602849077,0.07918086028490773,0.0791808602849077,0.07918086028490773,0.0791808602849077,0.07918086028490774,0.07918086028490771,0.07918086028490769,0.0791808602849077,0.07918086028490771,0.07918086028490771,0.07918086028490769,0.07918086028490769,0.0791808602849077,0.07918086028490769,0.07918086028490769,0.0791808602849077,0.0791808602849077,0.07918086028490771,0.07918086028490771,0.07918086028490771,0.07918086028490771,0.07918086028490773,0.07918086028490771,0.07918086028490771,0.07918086028490771,0.07918086028490771,0.07918086028490773,0.07918086028490771,0.07918086028490771,0.07918086028490773,0.07918086028490773,0.07918086028490774,0.07918086028490771,0.07918086028490773,0.07918086028490774,0.07918086028490773,0.07918086028490774,0.07918086028490773,0.07918086028490773,0.07918086028490771,0.07918086028490773,0.0791808602849077,0.07918086028490771,0.07918086028490771,0.07918086028490774,0.07918086028490771,0.07918086028490776,0.07918086028490773,0.07918086028490776,0.0791808602849077,0.07918086028490773,0.07918086028490771,0.07918086028490774,0.07918086028490773,0.07918086028490773,0.0791808602849077,0.07918086028490773,0.07918086028490771,0.07918086028490773,0.0791808602849077,0.07918086028490776,0.0791808602849077,0.07918086028490773,0.0791808602849077,0.07918086028490771,0.07918086028490771,0.07918086028490774,0.07918086028490771,0.07918086028490773,0.07918086028490771,0.0791808602849077,0.07918086028490745,0.07918086028490763,0.07918086028490752,0.07918086028490762,0.07918086028490759,0.0791808602849076,0.0791808602849076,0.07918086028490759,0.07918086028490762,0.07918086028490759,0.07918086028490759,0.07918086028490758,0.07918086028490758,0.07918086028490759,0.07918086028490758,0.07918086028490759,0.07918086028490758,0.07918086028490756,0.07918086028490756,0.07918086028490758,0.07918086028490756,0.0791808602849076,0.07918086028490759,0.07918086028490759,0.07918086028490759,0.07918086028490759,0.07918086028490759,0.0791808602849076,0.0791808602849076,0.07918086028490759,0.07918086028490759,0.0791808602849076,0.07918086028490759,0.07918086028490759,0.0791808602849076,0.07918086028490762,0.07918086028490762,0.0791808602849076,0.0791808602849076,0.07918086028490759,0.07918086028490759,0.07918086028490759,0.07918086028490758,0.07918086028490759,0.07918086028490758,0.07918086028490759,0.07918086028490758,0.07918086028490759,0.0791808602849076,0.07918086028490759,0.07918086028490759,0.07918086028490759,0.07918086028490759,0.07918086028490756,0.07918086028490759,0.07918086028490758,0.07918086028490756,0.07918086028490756,0.07918086028490755,0.07918086028490753,0.07918086028490756,0.07918086028490755,0.07918086028490755,0.07918086028490756,0.07918086028490758,0.07918086028490758,0.0791808602849076,0.0791808602849076,0.07918086028490758,0.07918086028490758,0.07918086028490759,0.07918086028490758,0.07918086028490758,0.07918086028490759,0.07918086028490756,0.07918086028490759,0.07918086028490759,0.0791808602849076,0.07918086028490759,0.0791808602849076,0.0791808602849076,0.0791808602849076,0.0791808602849076,0.0791808602849076,0.0791808602849076,0.07918086028490759,0.07918086028490758,0.07918086028490759,0.07918086028490758,0.07918086028490759,0.07918086028490759,0.07918086028490759,0.07918086028490758,0.07918086028490756,0.07918086028490758,0.07918086028490756,0.07918086028490756,0.07918086028490758,0.07918086028490758,0.07918086028490759,0.07918086028490759,0.07918086028490759,0.07918086028490756,0.07918086028490756,0.07918086028490758,0.07918086028490758,0.07918086028490756,0.07918086028490755,0.07918086028490756,0.07918086028490758,0.07918086028490755,0.07918086028490758,0.07918086028490758,0.07918086028490759,0.07918086028490758,0.07918086028490756,0.07918086028490755,0.07918086028490756,0.07918086028490756,0.07918086028490759,0.07918086028490758,0.07918086028490758,0.07918086028490756,0.07918086028490753,0.07918086028490756,0.07918086028490755,0.07918086028490758,0.07918086028490758,0.07918086028490758,0.07918086028490756,0.07918086028490755,0.07918086028490758,0.07918086028490759,0.07918086028490758,0.07918086028490753,0.07918086028490755,0.07918086028490755,0.07918086028490758,0.07918086028490759,0.07918086028490755,0.07918086028490756,0.07918086028490758,0.07918086028490758,0.07918086028490758,0.07918086028490763,0.07918086028490762,0.07918086028490762,0.0791808602849076,0.0791808602849076,0.07918086028490759,0.0791808602849076,0.07918086028490763,0.07918086028490762,0.07918086028490762,0.07918086028490763,0.07918086028490763,0.07918086028490762,0.07918086028490763,0.07918086028490763,0.07918086028490762,0.07918086028490762,0.07918086028490762,0.0791808602849076,0.0791808602849076,0.0791808602849076,0.07918086028490763,0.0791808602849076,0.07918086028490762,0.07918086028490762,0.07918086028490763,0.07918086028490762,0.07918086028490764,0.07918086028490762,0.07918086028490759,0.0791808602849076,0.07918086028490759,0.07918086028490762,0.0791808602849076,0.0791808602849076,0.0791808602849076,0.07918086028490759,0.07918086028490758,0.0791808602849076,0.07918086028490759,0.07918086028490759,0.0791808602849076,0.07918086028490763,0.07918086028490759,0.0791808602849076,0.0791808602849076,0.07918086028490762,0.0791808602849076,0.0791808602849076,0.07918086028490759,0.0791808602849076,0.07918086028490759,0.07918086028490762,0.07918086028490762,0.07918086028490759,0.07918086028490759,0.0791808602849076,0.07918086028490759,0.07918086028490759,0.0791808602849076,0.07918086028490759,0.0791808602849076,0.0791808602849076,0.0791808602849076,0.07918086028490758,0.07918086028490759,0.07918086028490759,0.07918086028490758,0.07918086028490762,0.07918086028490759,0.0791808602849076,0.07918086028490763,0.07918086028490759,0.0791808602849076,0.0791808602849076,0.07918086028490762,0.0791808602849076,0.0791808602849076,0.07918086028490762,0.07918086028490759,0.07918086028490759,0.07918086028490759,0.0791808602849076,0.07918086028490759,0.07918086028490759,0.0791808602849076,0.07918086028490762,0.07918086028490762,0.07918086028490762,0.07918086028490762,0.07918086028490766,0.07918086028490764,0.07918086028490763,0.07918086028490763,0.07918086028490764,0.07918086028490764,0.07918086028490763,0.07918086028490766,0.07918086028490766,0.07918086028490763,0.07918086028490763,0.07918086028490764,0.0791808602849076,0.0791808602849076,0.07918086028490763,0.07918086028490764,0.07918086028490762,0.07918086028490763,0.07918086028490762,0.07918086028490763,0.07918086028490763,0.07918086028490763,0.07918086028490763,0.07918086028490763,0.07918086028490763,0.07918086028490762,0.07918086028490763,0.07918086028490763,0.07918086028490766,0.07918086028490767,0.07918086028490766,0.07918086028490764,0.07918086028490766,0.07918086028490764,0.07918086028490764,0.07918086028490764,0.07918086028490763,0.07918086028490762,0.07918086028490763,0.07918086028490764,0.07918086028490764,0.07918086028490763,0.07918086028490763,0.07918086028490764,0.07918086028490763,0.07918086028490766,0.07918086028490766,0.07918086028490767,0.07918086028490764,0.07918086028490763,0.07918086028490766,0.07918086028490764,0.07918086028490764,0.07918086028490766,0.07918086028490766,0.07918086028490764,0.07918086028490766,0.07918086028490766,0.07918086028490767,0.07918086028490764,0.07918086028490763,0.07918086028490764,0.07918086028490763,0.07918086028490763,0.0791808602849076,0.07918086028490763,0.07918086028490762,0.07918086028490763,0.07918086028490763,0.07918086028490764,0.07918086028490763,0.07918086028490766,0.07918086028490762,0.07918086028490763,0.07918086028490763,0.07918086028490763,0.07918086028490762,0.07918086028490763,0.07918086028490763,0.07918086028490763,0.07918086028490766,0.07918086028490764,0.07918086028490764,0.07918086028490764,0.07918086028490766,0.07918086028490764,0.07918086028490766,0.07918086028490762,0.07918086028490764,0.07918086028490764,0.0791808602849076,0.0791808602849076,0.07918086028490763,0.07918086028490763,0.07918086028490766,0.0791808602849077,0.07918086028490767,0.07918086028490769,0.07918086028490769,0.07918086028490769,0.07918086028490769,0.07918086028490769,0.07918086028490769,0.0791808602849077,0.07918086028490767,0.07918086028490769,0.07918086028490769,0.07918086028490767,0.07918086028490769,0.07918086028490769,0.07918086028490767,0.07918086028490769,0.07918086028490767,0.07918086028490769,0.07918086028490769,0.07918086028490767,0.0791808602849077,0.0791808602849077,0.07918086028490769,0.07918086028490769,0.07918086028490766,0.07918086028490769,0.07918086028490767,0.07918086028490767,0.0791808602849077,0.07918086028490767,0.07918086028490769,0.07918086028490769,0.07918086028490769,0.07918086028490769,0.07918086028490769,0.07918086028490769,0.07918086028490767,0.07918086028490767,0.07918086028490767,0.07918086028490766,0.0791808602849077,0.07918086028490769,0.0791808602849077,0.07918086028490767,0.07918086028490767,0.07918086028490769,0.07918086028490769,0.07918086028490767,0.07918086028490767,0.07918086028490769,0.07918086028490767,0.07918086028490769,0.07918086028490767,0.0791808602849077,0.07918086028490767,0.07918086028490769,0.0791808602849077,0.0791808602849077,0.0791808602849077,0.0791808602849077,0.07918086028490769,0.07918086028490769,0.07918086028490769,0.07918086028490769,0.0791808602849077,0.07918086028490767,0.0791808602849077,0.07918086028490769,0.0791808602849077,0.07918086028490769,0.07918086028490769,0.0791808602849077,0.0791808602849077,0.0791808602849077,0.0791808602849077,0.07918086028490769,0.07918086028490767,0.07918086028490769,0.07918086028490769,0.0791808602849077,0.07918086028490769,0.07918086028490769,0.07918086028490766,0.07918086028490771,0.0791808602849077,0.07918086028490771,0.07918086028490771,0.0791808602849077,0.07918086028490769,0.0791808602849077,0.0791808602849077,0.07918086028490769,0.07918086028490769,0.0791808602849077,0.07918086028490766,0.07918086028490767,0.07918086028490767,0.07918086028490767,0.07918086028490767,0.07918086028490767,0.0791808602849077,0.07918086028490769,0.0791808602849077,0.07918086028490769,0.0791808602849077,0.07918086028490767,0.07918086028490767,0.07918086028490769,0.07918086028490769,0.07918086028490769,0.0791808602849077,0.07918086028490771,0.0791808602849077,0.07918086028490771,0.07918086028490769,0.0791808602849077,0.07918086028490771,0.07918086028490771,0.07918086028490771,0.07918086028490771,0.0791808602849077,0.07918086028490769,0.0791808602849077,0.07918086028490769,0.07918086028490773,0.0791808602849077,0.0791808602849077,0.0791808602849077,0.07918086028490767,0.0791808602849077,0.0791808602849077,0.07918086028490771,0.07918086028490767,0.0791808602849077,0.0791808602849077,0.0791808602849077,0.07918086028490767,0.0791808602849077,0.0791808602849077,0.07918086028490771,0.0791808602849077,0.0791808602849077,0.07918086028490769,0.07918086028490769,0.0791808602849077,0.0791808602849077,0.07918086028490771,0.0791808602849077,0.0791808602849077,0.07918086028490767,0.0791808602849077,0.07918086028490769,0.0791808602849077,0.07918086028490771,0.0791808602849077,0.07918086028490771,0.07918086028490771,0.07918086028490771,0.07918086028490771,0.07918086028490769,0.07918086028490767,0.07918086028490767,0.07918086028490767,0.07918086028490767,0.07918086028490767,0.07918086028490767,0.07918086028490766,0.07918086028490767,0.07918086028490767,0.07918086028490769,0.07918086028490769,0.07918086028490769,0.0791808602849077,0.07918086028490771,0.07918086028490771,0.0791808602849077,0.07918086028490771,0.07918086028490773,0.07918086028490771,0.07918086028490771,0.0791808602849077,0.07918086028490769,0.0791808602849077,0.0791808602849077,0.0791808602849077,0.07918086028490773,0.0791808602849077,0.0791808602849077,0.07918086028490769,0.0791808602849077,0.07918086028490771,0.07918086028490771,0.0791808602849077,0.0791808602849077,0.0791808602849077,0.07918086028490769,0.07918086028490771,0.0791808602849077,0.07918086028490771,0.0791808602849077,0.07918086028490771,0.0791808602849077,0.07918086028490771,0.0791808602849077,0.07918086028490769,0.07918086028490769,0.07918086028490769,0.07918086028490766,0.07918086028490766,0.07918086028490769,0.07918086028490767,0.07918086028490769,0.07918086028490769,0.0791808602849077,0.0791808602849078,0.07918086028490771,0.07918086028490773,0.07918086028490773,0.07918086028490774,0.07918086028490773,0.07918086028490773,0.07918086028490773,0.07918086028490771,0.07918086028490774,0.07918086028490774,0.07918086028490773,0.07918086028490774,0.07918086028490771,0.07918086028490773,0.07918086028490773,0.07918086028490773,0.07918086028490774,0.07918086028490773,0.07918086028490773,0.07918086028490771,0.07918086028490771,0.07918086028490773,0.07918086028490773,0.07918086028490774,0.07918086028490773,0.07918086028490771,0.07918086028490773,0.07918086028490776,0.07918086028490773,0.07918086028490774,0.07918086028490774,0.07918086028490771,0.07918086028490771,0.07918086028490773,0.07918086028490771,0.0791808602849077,0.07918086028490771,0.07918086028490773,0.0791808602849077,0.07918086028490773,0.07918086028490771,0.0791808602849077,0.0791808602849077,0.07918086028490771,0.07918086028490771,0.0791808602849077,0.0791808602849077,0.07918086028490769,0.07918086028490773,0.0791808602849077,0.07918086028490771,0.07918086028490771,0.07918086028490774,0.07918086028490773,0.07918086028490771,0.07918086028490774,0.07918086028490774,0.0791808602849077,0.0791808602849077,0.07918086028490773,0.0791808602849077,0.0791808602849077,0.0791808602849077,0.07918086028490773,0.0791808602849077,0.07918086028490773,0.07918086028490771,0.07918086028490773,0.07918086028490771,0.07918086028490771,0.0791808602849077,0.07918086028490771,0.0791808602849077,0.0791808602849077,0.07918086028490769,0.0791808602849077,0.07918086028490769,0.0791808602849077,0.0791808602849077,0.07918086028490769,0.0791808602849077,0.0791808602849077,0.0791808602849077,0.0791808602849077,0.07918086028490769,0.0791808602849077,0.07918086028490771,0.07918086028490769,0.0791808602849077,0.07918086028490771,0.0791808602849077,0.07918086028490771,0.0791808602849077,0.07918086028490767,0.07918086028490773,0.07918086028490771,0.07918086028490771,0.07918086028490773,0.07918086028490773,0.0791808602849077,0.07918086028490773,0.07918086028490771,0.07918086028490773,0.0791808602849077,0.07918086028490773,0.07918086028490774,0.0791808602849077,0.07918086028490771,0.07918086028490771,0.0791808602849077,0.07918086028490771,0.0791808602849077,0.07918086028490771,0.0791808602849077,0.0791808602849077,0.07918086028490771,0.07918086028490769,0.0791808602849077,0.07918086028490771,0.0791808602849077,0.07918086028490771,0.0791808602849077,0.0791808602849077,0.0791808602849077,0.07918086028490771,0.07918086028490769,0.0791808602849077,0.07918086028490771,0.07918086028490771,0.0791808602849077,0.07918086028490771,0.07918086028490771,0.07918086028490771,0.0791808602849077,0.07918086028490769,0.0791808602849077,0.07918086028490767,0.07918086028490769,0.07918086028490769,0.0791808602849077,0.07918086028490767,0.07918086028490767,0.07918086028490766,0.0791808602849077,0.0791808602849077,0.0791808602849077,0.07918086028490771,0.0791808602849077,0.07918086028490769,0.0791808602849077,0.0791808602849077,0.0791808602849077,0.07918086028490769,0.0791808602849077,0.07918086028490767,0.07918086028490767,0.07918086028490769,0.07918086028490771,0.07918086028490767,0.07918086028490767,0.07918086028490769,0.07918086028490767,0.07918086028490767,0.07918086028490767,0.0791808602849077,0.07918086028490769,0.07918086028490769,0.07918086028490771,0.07918086028490769,0.07918086028490769,0.07918086028490769,0.07918086028490767,0.07918086028490769,0.07918086028490769,0.07918086028490767,0.07918086028490767,0.07918086028490769,0.07918086028490769,0.07918086028490769,0.07918086028490767,0.07918086028490767,0.07918086028490769,0.07918086028490771,0.0791808602849077,0.07918086028490769,0.0791808602849077,0.07918086028490769,0.07918086028490767,0.07918086028490767,0.07918086028490767,0.07918086028490767,0.07918086028490771,0.0791808602849077,0.07918086028490767,0.0791808602849077,0.0791808602849077,0.07918086028490773,0.0791808602849077,0.0791808602849077,0.07918086028490769,0.07918086028490769,0.07918086028490767,0.0791808602849077,0.0791808602849077,0.07918086028490769,0.07918086028490771,0.0791808602849077,0.07918086028490771,0.07918086028490773,0.07918086028490771,0.0791808602849077,0.07918086028490769,0.07918086028490767,0.07918086028490766,0.07918086028490769,0.0791808602849077,0.0791808602849077,0.07918086028490767,0.0791808602849077,0.07918086028490769,0.07918086028490771,0.07918086028490769,0.07918086028490769,0.07918086028490767,0.07918086028490767,0.07918086028490767,0.07918086028490767,0.07918086028490767,0.0791808602849077,0.07918086028490769,0.0791808602849077,0.07918086028490769,0.07918086028490767,0.07918086028490767,0.07918086028490767,0.07918086028490769,0.07918086028490767,0.07918086028490769,0.07918086028490769,0.07918086028490767,0.07918086028490766,0.0791808602849077,0.0791808602849077,0.07918086028490771,0.07918086028490767,0.0791808602849077,0.07918086028490771,0.07918086028490771,0.0791808602849077,0.07918086028490771,0.07918086028490767,0.07918086028490769,0.07918086028490769,0.07918086028490766,0.0791808602849077,0.0791808602849077,0.0791808602849077,0.0791808602849077,0.07918086028490767,0.0791808602849077,0.07918086028490769,0.0791808602849077,0.0791808602849077,0.07918086028490769,0.0791808602849077,0.0791808602849077,0.07918086028490771,0.07918086028490771,0.07918086028490769,0.07918086028490767,0.0791808602849077,0.07918086028490769,0.07918086028490769,0.07918086028490767,0.07918086028490769,0.07918086028490769,0.0791808602849077,0.0791808602849077,0.07918086028490767,0.0791808602849077,0.0791808602849077,0.07918086028490769,0.0791808602849077,0.0791808602849077,0.07918086028490771,0.0791808602849077,0.07918086028490769,0.07918086028490769,0.0791808602849077,0.07918086028490769,0.07918086028490769,0.07918086028490769,0.0791808602849077,0.07918086028490771,0.0791808602849077,0.07918086028490773,0.07918086028490773,0.0791808602849077,0.07918086028490776,0.07918086028490773,0.07918086028490771,0.07918086028490771,0.07918086028490773,0.07918086028490771,0.07918086028490773,0.0791808602849077,0.07918086028490771,0.07918086028490771,0.07918086028490773,0.07918086028490771,0.07918086028490773,0.07918086028490774,0.07918086028490774,0.07918086028490771,0.07918086028490771,0.07918086028490769,0.07918086028490771,0.07918086028490773,0.0791808602849077,0.07918086028490773,0.07918086028490774,0.07918086028490773,0.07918086028490776,0.07918086028490773,0.07918086028490771,0.07918086028490771,0.07918086028490774,0.07918086028490774,0.07918086028490776,0.07918086028490774,0.07918086028490776,0.07918086028490774,0.07918086028490777,0.07918086028490774,0.07918086028490776,0.07918086028490776,0.07918086028490773,0.07918086028490774,0.07918086028490774,0.07918086028490776,0.07918086028490776,0.07918086028490774,0.07918086028490774,0.07918086028490776,0.07918086028490776,0.07918086028490774,0.07918086028490774,0.07918086028490776,0.0791808602849077,0.07918086028490774,0.07918086028490774,0.07918086028490771,0.07918086028490774,0.07918086028490773,0.07918086028490773,0.07918086028490774,0.07918086028490773,0.07918086028490773,0.07918086028490774,0.07918086028490776,0.07918086028490774,0.07918086028490774,0.07918086028490774,0.07918086028490774,0.07918086028490774,0.07918086028490774,0.07918086028490774,0.07918086028490773,0.07918086028490773,0.07918086028490777,0.07918086028490773,0.07918086028490774,0.07918086028490774,0.07918086028490773,0.07918086028490774,0.07918086028490774,0.07918086028490773,0.07918086028490771,0.07918086028490774,0.07918086028490776,0.07918086028490771,0.07918086028490774,0.07918086028490776,0.07918086028490774,0.07918086028490773,0.07918086028490776,0.07918086028490774,0.07918086028490774,0.07918086028490774,0.07918086028490771,0.07918086028490771,0.07918086028490774,0.07918086028490774,0.07918086028490773,0.0791808602849077,0.07918086028490771,0.07918086028490771,0.07918086028490773,0.07918086028490771,0.07918086028490771,0.07918086028490773,0.0791808602849077,0.0791808602849077,0.0791808602849077,0.07918086028490773,0.07918086028490771,0.0791808602849077,0.0791808602849077,0.0791808602849077,0.07918086028490774,0.07918086028490771,0.07918086028490773,0.07918086028490774,0.07918086028490771,0.07918086028490773,0.07918086028490771,0.07918086028490773,0.07918086028490773,0.07918086028490774,0.07918086028490773,0.07918086028490773,0.07918086028490771,0.07918086028490773,0.07918086028490773,0.07918086028490774,0.07918086028490771,0.07918086028490771,0.0791808602849077,0.07918086028490773,0.0791808602849077,0.07918086028490771,0.07918086028490773,0.07918086028490773,0.07918086028490771,0.07918086028490773,0.07918086028490773,0.07918086028490773,0.07918086028490771,0.07918086028490771,0.0791808602849077,0.0791808602849077,0.07918086028490774,0.07918086028490771,0.0791808602849077,0.07918086028490774,0.07918086028490773,0.07918086028490771,0.07918086028490774,0.07918086028490774,0.07918086028490773,0.07918086028490773,0.07918086028490771,0.07918086028490773,0.07918086028490774,0.07918086028490771,0.07918086028490774,0.07918086028490771,0.07918086028490776,0.07918086028490773,0.07918086028490776,0.07918086028490774,0.07918086028490773,0.07918086028490774,0.07918086028490776,0.07918086028490773,0.07918086028490774,0.07918086028490774,0.07918086028490774,0.07918086028490774,0.07918086028490773,0.07918086028490773,0.07918086028490776,0.07918086028490773,0.07918086028490774,0.07918086028490771,0.07918086028490771,0.07918086028490774,0.07918086028490773,0.07918086028490774,0.07918086028490773,0.07918086028490774,0.07918086028490776,0.07918086028490774,0.07918086028490774,0.07918086028490774,0.07918086028490773,0.07918086028490774,0.07918086028490774,0.07918086028490773,0.07918086028490774,0.07918086028490776,0.07918086028490776,0.07918086028490774,0.07918086028490774,0.07918086028490777,0.07918086028490776,0.07918086028490774,0.0791808602849077,0.07918086028490771,0.07918086028490769,0.0791808602849077,0.0791808602849077,0.0791808602849077,0.0791808602849077,0.07918086028490774,0.07918086028490771,0.0791808602849077,0.07918086028490771,0.0791808602849077,0.0791808602849077,0.07918086028490771,0.0791808602849077,0.07918086028490771,0.0791808602849077,0.0791808602849077,0.0791808602849077,0.0791808602849077,0.07918086028490771,0.07918086028490771,0.0791808602849077,0.07918086028490771,0.07918086028490769,0.07918086028490771,0.07918086028490771,0.0791808602849077,0.07918086028490771,0.07918086028490771,0.07918086028490771,0.07918086028490771,0.0791808602849077,0.07918086028490771,0.07918086028490771,0.07918086028490773,0.0791808602849077,0.0791808602849077,0.07918086028490773,0.0791808602849077,0.07918086028490774,0.07918086028490771,0.07918086028490771,0.07918086028490774,0.07918086028490771,0.07918086028490771,0.07918086028490769,0.07918086028490773,0.0791808602849077,0.07918086028490771,0.07918086028490769,0.07918086028490773,0.07918086028490773,0.07918086028490771,0.07918086028490771,0.07918086028490774,0.07918086028490771,0.07918086028490771,0.07918086028490771,0.0791808602849077,0.0791808602849077,0.0791808602849077,0.07918086028490769,0.0791808602849077,0.0791808602849077,0.07918086028490771,0.0791808602849077,0.0791808602849077,0.0791808602849077,0.0791808602849077,0.07918086028490771,0.0791808602849077,0.0791808602849077,0.07918086028490771,0.07918086028490771,0.07918086028490771,0.07918086028490771,0.0791808602849077,0.07918086028490773,0.07918086028490774,0.0791808602849077,0.0791808602849077,0.07918086028490771,0.07918086028490771,0.07918086028490773,0.07918086028490771,0.0791808602849077,0.07918086028490773,0.0791808602849077,0.07918086028490771,0.07918086028490771,0.0791808602849077,0.0791808602849077,0.0791808602849077,0.07918086028490773,0.07918086028490771,0.07918086028490771,0.07918086028490773,0.07918086028490771,0.07918086028490771,0.0791808602849077,0.07918086028490771,0.07918086028490771,0.07918086028490769,0.07918086028490769,0.0791808602849077,0.0791808602849077,0.07918086028490771,0.0791808602849077,0.07918086028490773,0.07918086028490771,0.07918086028490771,0.07918086028490771,0.07918086028490769,0.0791808602849077,0.07918086028490771,0.07918086028490767,0.07918086028490769,0.0791808602849077,0.07918086028490771,0.07918086028490769,0.0791808602849077,0.0791808602849077,0.0791808602849077,0.07918086028490771,0.07918086028490771,0.0791808602849077,0.07918086028490771,0.0791808602849077,0.0791808602849077,0.0791808602849077,0.0791808602849077,0.07918086028490771,0.07918086028490771,0.0791808602849077,0.07918086028490769,0.0791808602849077,0.07918086028490769,0.0791808602849077,0.07918086028490767,0.07918086028490769,0.07918086028490767,0.07918086028490767,0.0791808602849077,0.0791808602849077,0.07918086028490771,0.07918086028490767,0.07918086028490767,0.07918086028490766,0.07918086028490767,0.07918086028490769,0.07918086028490767,0.07918086028490771,0.07918086028490767,0.07918086028490769,0.0791808602849077,0.07918086028490769,0.07918086028490769,0.07918086028490767,0.07918086028490769,0.07918086028490767,0.07918086028490771,0.07918086028490769,0.0791808602849077,0.0791808602849077,0.07918086028490767,0.0791808602849077,0.07918086028490769,0.07918086028490769,0.07918086028490769,0.0791808602849077,0.07918086028490769,0.07918086028490769,0.0791808602849077,0.07918086028490767,0.0791808602849077,0.0791808602849077,0.0791808602849077,0.07918086028490773,0.07918086028490769,0.07918086028490769,0.07918086028490766,0.07918086028490767,0.07918086028490767,0.0791808602849077,0.0791808602849077,0.07918086028490769,0.07918086028490769,0.07918086028490769,0.07918086028490769,0.07918086028490767,0.07918086028490769,0.07918086028490766,0.07918086028490769,0.07918086028490767,0.07918086028490767,0.07918086028490769,0.07918086028490769,0.07918086028490767,0.0791808602849077,0.07918086028490769,0.0791808602849077,0.07918086028490777,0.0791808602849077,0.07918086028490771,0.0791808602849077,0.0791808602849077,0.0791808602849077,0.0791808602849077,0.07918086028490771,0.07918086028490771,0.07918086028490771,0.07918086028490771,0.07918086028490774,0.07918086028490773,0.0791808602849077,0.07918086028490771,0.07918086028490773,0.07918086028490773,0.07918086028490771,0.0791808602849077,0.07918086028490771,0.07918086028490774,0.0791808602849077,0.0791808602849077,0.07918086028490771,0.07918086028490771,0.0791808602849077,0.0791808602849077,0.07918086028490771,0.0791808602849077,0.07918086028490771,0.07918086028490773,0.07918086028490771,0.0791808602849077,0.07918086028490773,0.07918086028490771,0.07918086028490773,0.0791808602849077,0.0791808602849077,0.0791808602849077,0.07918086028490773,0.07918086028490771,0.07918086028490773,0.0791808602849077,0.07918086028490774,0.0791808602849077,0.07918086028490771,0.07918086028490771,0.07918086028490771,0.0791808602849077,0.07918086028490771,0.07918086028490773,0.07918086028490771,0.07918086028490773,0.07918086028490773,0.07918086028490773,0.07918086028490774,0.07918086028490774,0.07918086028490773,0.07918086028490771,0.07918086028490771,0.07918086028490771,0.07918086028490771,0.07918086028490771,0.07918086028490769,0.0791808602849077,0.0791808602849077,0.07918086028490771,0.07918086028490773,0.07918086028490771,0.07918086028490774,0.07918086028490771,0.07918086028490773,0.0791808602849077,0.07918086028490773,0.0791808602849077,0.07918086028490773,0.07918086028490771,0.0791808602849077,0.07918086028490771,0.07918086028490771,0.07918086028490774,0.07918086028490771,0.0791808602849077,0.07918086028490771,0.07918086028490773,0.0791808602849077,0.07918086028490771,0.07918086028490773,0.07918086028490776,0.07918086028490773,0.07918086028490773,0.07918086028490773,0.07918086028490773,0.07918086028490773,0.07918086028490774,0.07918086028490773,0.07918086028490776,0.07918086028490771,0.07918086028490774,0.07918086028490773,0.07918086028490774,0.07918086028490776,0.07918086028490777,0.07918086028490776,0.07918086028490774,0.07918086028490774,0.07918086028490776,0.07918086028490774,0.07918086028490774,0.07918086028490776,0.07918086028490776,0.07918086028490773,0.07918086028490774,0.07918086028490774,0.07918086028490774,0.07918086028490771,0.07918086028490771,0.07918086028490774,0.07918086028490771,0.07918086028490774,0.07918086028490774,0.07918086028490776,0.07918086028490776,0.07918086028490773,0.07918086028490774,0.07918086028490774,0.07918086028490774,0.07918086028490773,0.07918086028490774,0.07918086028490774,0.07918086028490771,0.07918086028490777,0.07918086028490774,0.07918086028490778,0.07918086028490777,0.07918086028490778,0.07918086028490776,0.07918086028490776,0.07918086028490776,0.07918086028490776,0.07918086028490776,0.07918086028490774,0.07918086028490776,0.07918086028490774,0.07918086028490776,0.07918086028490777,0.07918086028490776,0.07918086028490778,0.07918086028490777,0.07918086028490777,0.07918086028490777,0.07918086028490778,0.07918086028490777,0.07918086028490777,0.07918086028490778,0.07918086028490778,0.07918086028490777,0.07918086028490777,0.07918086028490778,0.07918086028490776,0.07918086028490774,0.07918086028490776,0.07918086028490776,0.07918086028490776,0.07918086028490774,0.07918086028490777,0.07918086028490777,0.07918086028490778,0.07918086028490778,0.07918086028490776,0.07918086028490777,0.07918086028490776,0.07918086028490778,0.07918086028490777,0.07918086028490776,0.07918086028490776,0.07918086028490776,0.07918086028490778,0.07918086028490776,0.07918086028490777,0.07918086028490776,0.07918086028490774,0.07918086028490774,0.07918086028490776,0.07918086028490776,0.07918086028490774,0.07918086028490776,0.07918086028490778,0.07918086028490778,0.07918086028490778,0.07918086028490776,0.07918086028490776,0.07918086028490774,0.07918086028490777,0.07918086028490777,0.07918086028490774,0.07918086028490776,0.07918086028490778,0.07918086028490777,0.07918086028490777,0.07918086028490777,0.07918086028490777,0.07918086028490777,0.07918086028490777,0.07918086028490777,0.07918086028490777,0.07918086028490776,0.07918086028490777,0.07918086028490778,0.07918086028490778,0.07918086028490778,0.07918086028490777,0.0791808602849078,0.07918086028490777,0.07918086028490776,0.07918086028490776,0.07918086028490776,0.07918086028490776,0.07918086028490777,0.07918086028490776,0.07918086028490777,0.07918086028490774,0.07918086028490774,0.07918086028490774,0.07918086028490776,0.07918086028490777,0.07918086028490776,0.07918086028490776,0.07918086028490774,0.07918086028490776,0.07918086028490777,0.07918086028490774,0.07918086028490776,0.07918086028490776,0.07918086028490774,0.07918086028490774,0.07918086028490774,0.07918086028490776,0.07918086028490776,0.07918086028490774,0.07918086028490776,0.07918086028490778,0.07918086028490776,0.07918086028490777,0.0791808602849078,0.07918086028490777,0.07918086028490777,0.07918086028490777,0.07918086028490776,0.07918086028490777,0.07918086028490777,0.07918086028490777,0.07918086028490777,0.07918086028490778,0.07918086028490778,0.07918086028490777,0.07918086028490777,0.07918086028490778,0.07918086028490777,0.07918086028490777,0.07918086028490776,0.07918086028490777,0.07918086028490776,0.07918086028490774,0.07918086028490777,0.07918086028490777,0.07918086028490778,0.07918086028490778,0.07918086028490776,0.07918086028490777,0.07918086028490776,0.07918086028490778,0.07918086028490777,0.07918086028490777,0.07918086028490777,0.07918086028490776,0.07918086028490776,0.07918086028490776,0.07918086028490778,0.07918086028490776,0.07918086028490774,0.07918086028490774,0.07918086028490776,0.07918086028490776,0.07918086028490776,0.07918086028490776,0.07918086028490774,0.07918086028490776,0.07918086028490776,0.07918086028490774,0.07918086028490774,0.07918086028490774,0.07918086028490774,0.07918086028490777,0.07918086028490773,0.07918086028490776,0.07918086028490776,0.07918086028490778,0.07918086028490777,0.07918086028490778,0.07918086028490776,0.07918086028490774,0.07918086028490774,0.07918086028490776,0.07918086028490776,0.07918086028490777,0.07918086028490776,0.07918086028490774,0.07918086028490774,0.07918086028490777,0.07918086028490777,0.07918086028490776,0.07918086028490777,0.07918086028490777,0.07918086028490774,0.07918086028490776,0.07918086028490776,0.07918086028490776,0.07918086028490777,0.07918086028490776,0.07918086028490777,0.07918086028490776,0.07918086028490777,0.07918086028490776,0.07918086028490774,0.07918086028490777,0.07918086028490776,0.07918086028490776,0.07918086028490776,0.07918086028490778,0.07918086028490778,0.07918086028490777,0.07918086028490776,0.07918086028490774,0.07918086028490776,0.07918086028490778,0.07918086028490774,0.07918086028490778,0.0791808602849077,0.07918086028490774,0.07918086028490776,0.07918086028490776,0.07918086028490771,0.0791808602849077,0.07918086028490776,0.07918086028490771,0.07918086028490774,0.07918086028490776,0.07918086028490773,0.07918086028490773,0.07918086028490774,0.07918086028490776,0.07918086028490774,0.07918086028490773,0.07918086028490776,0.07918086028490776,0.07918086028490774,0.07918086028490776,0.07918086028490776,0.07918086028490776,0.07918086028490773,0.07918086028490773,0.07918086028490774,0.07918086028490774,0.07918086028490774,0.07918086028490773,0.07918086028490776,0.07918086028490774,0.07918086028490773,0.07918086028490773,0.07918086028490773,0.07918086028490776,0.07918086028490773,0.07918086028490771,0.07918086028490774,0.07918086028490773,0.07918086028490771,0.07918086028490776,0.07918086028490773,0.07918086028490774,0.07918086028490773,0.07918086028490774,0.0791808602849077,0.07918086028490771,0.07918086028490774,0.07918086028490771,0.07918086028490771,0.0791808602849077,0.07918086028490773,0.0791808602849077,0.07918086028490774,0.07918086028490774,0.07918086028490774,0.07918086028490771,0.07918086028490773,0.07918086028490773,0.07918086028490774,0.07918086028490774,0.07918086028490776,0.07918086028490773,0.07918086028490773,0.07918086028490774,0.07918086028490776,0.07918086028490773,0.07918086028490774,0.07918086028490774,0.07918086028490774,0.07918086028490774,0.07918086028490774,0.07918086028490774,0.07918086028490777,0.07918086028490774,0.07918086028490774,0.07918086028490773,0.07918086028490776,0.07918086028490773,0.07918086028490774,0.07918086028490774,0.07918086028490774,0.07918086028490776,0.07918086028490774,0.07918086028490774,0.07918086028490773,0.07918086028490774,0.07918086028490773,0.07918086028490773,0.07918086028490774,0.07918086028490771,0.07918086028490773,0.07918086028490773,0.07918086028490776,0.07918086028490776,0.07918086028490773,0.07918086028490773,0.07918086028490774,0.07918086028490773,0.07918086028490771,0.07918086028490773,0.07918086028490773,0.07918086028490776,0.07918086028490776,0.07918086028490777,0.07918086028490774,0.07918086028490774,0.07918086028490771,0.07918086028490771,0.07918086028490774,0.07918086028490773,0.07918086028490776,0.07918086028490773,0.07918086028490774,0.07918086028490776,0.07918086028490774,0.07918086028490774,0.07918086028490773,0.07918086028490774,0.07918086028490776,0.07918086028490774,0.07918086028490776,0.07918086028490773,0.07918086028490773,0.07918086028490774,0.07918086028490776,0.07918086028490777,0.07918086028490774,0.07918086028490774,0.07918086028490771,0.07918086028490773,0.07918086028490774,0.07918086028490774,0.07918086028490773,0.07918086028490774,0.07918086028490773,0.07918086028490776,0.07918086028490774,0.07918086028490773,0.07918086028490773,0.07918086028490773,0.07918086028490774,0.07918086028490773,0.07918086028490774,0.07918086028490773,0.07918086028490771,0.07918086028490776,0.07918086028490773,0.07918086028490773,0.07918086028490771,0.07918086028490771,0.07918086028490773,0.07918086028490771,0.07918086028490773,0.0791808602849077,0.07918086028490771,0.0791808602849077,0.07918086028490773,0.07918086028490774,0.07918086028490776,0.07918086028490771,0.07918086028490773,0.07918086028490771,0.07918086028490773,0.07918086028490773,0.07918086028490771,0.07918086028490774,0.07918086028490771,0.07918086028490773,0.07918086028490771,0.0791808602849077,0.07918086028490773,0.07918086028490774,0.07918086028490773,0.07918086028490773,0.07918086028490773,0.07918086028490773,0.07918086028490771,0.07918086028490773,0.07918086028490771,0.07918086028490769,0.07918086028490774,0.07918086028490773,0.07918086028490773,0.07918086028490774,0.07918086028490774,0.07918086028490774,0.07918086028490774,0.07918086028490774,0.07918086028490771,0.0791808602849077,0.07918086028490771,0.07918086028490769,0.0791808602849077,0.07918086028490773,0.07918086028490773,0.07918086028490771,0.07918086028490771,0.07918086028490771,0.07918086028490773,0.07918086028490774,0.07918086028490771,0.07918086028490773,0.0791808602849077,0.0791808602849077,0.07918086028490771,0.0791808602849077,0.07918086028490771,0.07918086028490771,0.07918086028490771,0.07918086028490771,0.0791808602849077,0.07918086028490769,0.0791808602849077,0.07918086028490769,0.0791808602849077,0.07918086028490774,0.07918086028490771,0.07918086028490771,0.07918086028490773,0.0791808602849077,0.07918086028490771,0.0791808602849077,0.07918086028490769,0.07918086028490773,0.0791808602849077,0.07918086028490771,0.07918086028490771,0.0791808602849077,0.07918086028490776,0.07918086028490773,0.07918086028490773,0.07918086028490774,0.07918086028490771,0.07918086028490776,0.07918086028490773,0.07918086028490771,0.07918086028490774,0.07918086028490771,0.07918086028490773,0.07918086028490773,0.07918086028490771,0.0791808602849077,0.07918086028490774,0.07918086028490773,0.07918086028490773,0.07918086028490776,0.07918086028490776,0.07918086028490773,0.07918086028490774,0.07918086028490774,0.07918086028490771,0.0791808602849077,0.07918086028490773,0.07918086028490773,0.07918086028490773,0.07918086028490771,0.07918086028490771,0.07918086028490771,0.07918086028490774,0.07918086028490771,0.07918086028490773,0.07918086028490773,0.0791808602849077,0.07918086028490771,0.07918086028490776,0.07918086028490773,0.07918086028490773,0.0791808602849077,0.07918086028490771,0.0791808602849077,0.07918086028490771,0.07918086028490771,0.07918086028490774,0.07918086028490771,0.07918086028490773,0.07918086028490773,0.0791808602849077,0.07918086028490773,0.07918086028490771,0.07918086028490773,0.07918086028490773,0.0791808602849077,0.07918086028490773,0.07918086028490771,0.07918086028490771,0.07918086028490771,0.07918086028490776,0.07918086028490771,0.07918086028490771,0.07918086028490771,0.0791808602849077,0.0791808602849077,0.07918086028490771,0.07918086028490771,0.07918086028490771,0.0791808602849077,0.07918086028490771,0.0791808602849077,0.07918086028490771,0.07918086028490771,0.07918086028490773,0.07918086028490769,0.0791808602849077,0.07918086028490773,0.07918086028490771,0.07918086028490771,0.0791808602849077,0.0791808602849077,0.0791808602849077,0.0791808602849077,0.07918086028490766,0.07918086028490767,0.07918086028490767,0.07918086028490766,0.07918086028490767,0.07918086028490767,0.07918086028490767,0.07918086028490767,0.07918086028490769,0.07918086028490767,0.07918086028490767,0.07918086028490767,0.07918086028490769,0.07918086028490767,0.07918086028490767,0.0791808602849077,0.07918086028490769,0.07918086028490767,0.07918086028490767,0.0791808602849077,0.07918086028490767,0.07918086028490769,0.07918086028490767,0.07918086028490767,0.07918086028490767,0.07918086028490769,0.07918086028490769,0.07918086028490767,0.07918086028490767,0.07918086028490767,0.07918086028490769,0.07918086028490767,0.07918086028490769,0.07918086028490767,0.07918086028490769,0.07918086028490769,0.07918086028490767,0.07918086028490767,0.07918086028490767,0.07918086028490766,0.07918086028490766,0.07918086028490769,0.07918086028490769,0.0791808602849077,0.07918086028490769,0.07918086028490767,0.07918086028490767,0.07918086028490767,0.07918086028490769,0.07918086028490767,0.07918086028490767,0.07918086028490769,0.07918086028490769,0.07918086028490767,0.07918086028490769,0.07918086028490769,0.07918086028490769,0.07918086028490767,0.07918086028490767,0.07918086028490767,0.07918086028490767,0.07918086028490767,0.07918086028490767,0.07918086028490767,0.07918086028490769,0.07918086028490769,0.07918086028490767,0.07918086028490767,0.07918086028490769,0.0791808602849077,0.0791808602849077,0.07918086028490767,0.07918086028490767,0.07918086028490769,0.07918086028490769,0.0791808602849077,0.07918086028490769,0.07918086028490769,0.07918086028490766,0.07918086028490766,0.07918086028490767,0.07918086028490769,0.07918086028490766,0.0791808602849077,0.07918086028490767,0.07918086028490769,0.07918086028490769,0.07918086028490769,0.07918086028490769,0.07918086028490769,0.07918086028490767,0.07918086028490769,0.07918086028490769,0.07918086028490766,0.07918086028490769,0.07918086028490767,0.0791808602849077,0.07918086028490767,0.07918086028490767,0.07918086028490766,0.07918086028490764,0.07918086028490767,0.07918086028490766,0.07918086028490767,0.07918086028490767,0.07918086028490767,0.07918086028490766,0.07918086028490766,0.07918086028490766,0.07918086028490766,0.07918086028490766,0.07918086028490766,0.07918086028490767,0.07918086028490766,0.07918086028490766,0.07918086028490767,0.07918086028490766,0.07918086028490767,0.07918086028490766,0.07918086028490766,0.07918086028490769,0.07918086028490767,0.07918086028490769,0.07918086028490769,0.0791808602849077,0.07918086028490767,0.07918086028490767,0.07918086028490767,0.07918086028490766,0.07918086028490769,0.07918086028490767,0.07918086028490767,0.0791808602849077,0.07918086028490767,0.07918086028490769,0.07918086028490767,0.07918086028490767,0.07918086028490767,0.07918086028490766,0.07918086028490767,0.07918086028490767,0.07918086028490767,0.07918086028490764,0.0791808602849077,0.07918086028490767,0.07918086028490769,0.07918086028490766,0.07918086028490767,0.07918086028490769,0.07918086028490767,0.07918086028490769,0.07918086028490767,0.07918086028490767,0.0791808602849077,0.07918086028490771,0.07918086028490769,0.07918086028490769,0.0791808602849077,0.0791808602849077,0.0791808602849077,0.0791808602849077,0.07918086028490769,0.07918086028490767,0.0791808602849077,0.07918086028490771,0.07918086028490769,0.0791808602849077,0.07918086028490771,0.07918086028490769,0.07918086028490771,0.0791808602849077,0.0791808602849077,0.0791808602849077,0.0791808602849077,0.07918086028490774,0.0791808602849077,0.07918086028490773,0.07918086028490776,0.07918086028490774,0.07918086028490771,0.07918086028490771,0.07918086028490774,0.07918086028490771,0.07918086028490773,0.07918086028490773,0.0791808602849077,0.07918086028490776,0.07918086028490774,0.07918086028490774,0.07918086028490773,0.07918086028490774,0.07918086028490774,0.0791808602849077,0.07918086028490773,0.07918086028490773,0.07918086028490773,0.0791808602849077,0.07918086028490774,0.07918086028490773,0.07918086028490771,0.07918086028490773,0.07918086028490771,0.07918086028490774,0.07918086028490773,0.07918086028490774,0.07918086028490771,0.07918086028490771,0.07918086028490773,0.07918086028490776,0.07918086028490776,0.07918086028490776,0.07918086028490774,0.07918086028490774,0.07918086028490773,0.07918086028490774,0.07918086028490774,0.07918086028490776,0.07918086028490773,0.07918086028490774,0.07918086028490774,0.07918086028490776,0.07918086028490774,0.07918086028490776,0.07918086028490774,0.07918086028490773,0.07918086028490774,0.07918086028490776,0.07918086028490777,0.07918086028490776,0.07918086028490776,0.07918086028490776,0.07918086028490776,0.07918086028490777,0.07918086028490776,0.07918086028490777,0.07918086028490774,0.07918086028490776,0.07918086028490776,0.07918086028490776,0.07918086028490774,0.07918086028490774,0.07918086028490776,0.07918086028490776,0.07918086028490776,0.07918086028490776,0.07918086028490776,0.07918086028490776,0.07918086028490776,0.07918086028490774,0.07918086028490776,0.07918086028490776,0.07918086028490776,0.07918086028490773,0.07918086028490774,0.07918086028490776,0.07918086028490776,0.07918086028490774,0.07918086028490776,0.07918086028490776,0.07918086028490776,0.07918086028490777,0.07918086028490776,0.07918086028490774,0.07918086028490774,0.07918086028490771,0.07918086028490774,0.07918086028490774,0.07918086028490776,0.07918086028490776,0.07918086028490776,0.07918086028490773,0.07918086028490771,0.07918086028490773,0.07918086028490773,0.07918086028490776,0.07918086028490774,0.07918086028490776,0.07918086028490774,0.07918086028490774,0.07918086028490773,0.07918086028490773,0.07918086028490785,0.07918086028490781,0.07918086028490783,0.07918086028490783,0.07918086028490784,0.07918086028490781,0.07918086028490783,0.07918086028490783,0.07918086028490781,0.07918086028490781,0.07918086028490781,0.07918086028490783,0.07918086028490781,0.07918086028490784,0.07918086028490781,0.07918086028490783,0.07918086028490783,0.07918086028490781,0.07918086028490777,0.07918086028490777,0.0791808602849078,0.07918086028490781,0.07918086028490778,0.07918086028490778,0.07918086028490781,0.07918086028490778,0.0791808602849078,0.0791808602849078,0.0791808602849078,0.0791808602849078,0.07918086028490778,0.07918086028490781,0.07918086028490778,0.07918086028490781,0.0791808602849078,0.07918086028490778,0.07918086028490778,0.07918086028490777,0.07918086028490778,0.07918086028490776,0.07918086028490783,0.07918086028490784,0.07918086028490783,0.07918086028490783,0.07918086028490784,0.07918086028490783,0.07918086028490783,0.07918086028490783,0.07918086028490783,0.0791808602849078,0.0791808602849078,0.07918086028490783,0.07918086028490781,0.07918086028490784,0.07918086028490781,0.07918086028490781,0.07918086028490781,0.07918086028490783,0.07918086028490783,0.07918086028490783,0.07918086028490783,0.07918086028490783,0.07918086028490781,0.07918086028490784,0.07918086028490781,0.0791808602849078,0.07918086028490778,0.07918086028490778,0.0791808602849078,0.07918086028490783,0.07918086028490783,0.07918086028490781,0.07918086028490783,0.07918086028490783,0.0791808602849078,0.0791808602849078,0.07918086028490778,0.07918086028490777,0.07918086028490778,0.07918086028490778,0.0791808602849078,0.0791808602849078,0.07918086028490778,0.0791808602849078,0.0791808602849078,0.0791808602849078,0.07918086028490777,0.07918086028490778,0.07918086028490778,0.07918086028490778,0.0791808602849078,0.0791808602849078,0.0791808602849078,0.0791808602849078,0.0791808602849078,0.07918086028490781,0.07918086028490778,0.0791808602849078,0.07918086028490778,0.0791808602849078,0.07918086028490778,0.0791808602849078,0.0791808602849078,0.07918086028490777,0.07918086028490776,0.07918086028490774,0.07918086028490777,0.07918086028490777,0.0791808602849078,0.07918086028490777,0.07918086028490778,0.07918086028490778,0.07918086028490777,0.07918086028490776,0.07918086028490777,0.07918086028490777,0.07918086028490778,0.07918086028490778,0.07918086028490777,0.07918086028490778,0.07918086028490778,0.0791808602849078,0.07918086028490778,0.07918086028490777,0.07918086028490777,0.07918086028490778,0.07918086028490781,0.0791808602849078,0.07918086028490781,0.0791808602849078,0.0791808602849078,0.07918086028490777,0.07918086028490778,0.07918086028490781,0.07918086028490778,0.07918086028490781,0.0791808602849078,0.07918086028490778,0.07918086028490781,0.07918086028490781,0.0791808602849078,0.0791808602849078,0.07918086028490781,0.07918086028490781,0.07918086028490778,0.0791808602849078,0.0791808602849078,0.07918086028490781,0.07918086028490778,0.07918086028490777,0.07918086028490778,0.07918086028490778,0.0791808602849078,0.07918086028490778,0.0791808602849078,0.0791808602849078,0.07918086028490778,0.07918086028490777,0.0791808602849078,0.07918086028490778,0.07918086028490778,0.07918086028490781,0.07918086028490781,0.07918086028490783,0.0791808602849078,0.0791808602849078,0.0791808602849078,0.07918086028490783,0.07918086028490778,0.0791808602849078,0.07918086028490781,0.07918086028490783,0.07918086028490781,0.0791808602849078,0.07918086028490781,0.0791808602849078,0.0791808602849078,0.07918086028490781,0.07918086028490778,0.07918086028490778,0.07918086028490781,0.07918086028490781,0.0791808602849078,0.07918086028490778,0.07918086028490781,0.0791808602849078,0.0791808602849078,0.0791808602849078,0.07918086028490781,0.07918086028490781,0.07918086028490781,0.07918086028490778,0.0791808602849078,0.07918086028490778,0.0791808602849078,0.0791808602849078,0.07918086028490778,0.0791808602849078,0.07918086028490778,0.0791808602849078,0.07918086028490783,0.0791808602849078,0.07918086028490781,0.0791808602849078,0.07918086028490777,0.07918086028490777,0.07918086028490778,0.07918086028490781,0.07918086028490778,0.07918086028490783,0.07918086028490781,0.07918086028490781,0.07918086028490781,0.0791808602849078,0.0791808602849078,0.0791808602849078,0.07918086028490781,0.07918086028490783,0.07918086028490781,0.07918086028490778,0.07918086028490783,0.07918086028490783,0.07918086028490778,0.0791808602849078,0.07918086028490781,0.0791808602849078,0.07918086028490781,0.07918086028490784,0.07918086028490781,0.07918086028490781,0.07918086028490781,0.0791808602849078,0.07918086028490778,0.0791808602849078,0.0791808602849078,0.0791808602849078,0.07918086028490781,0.07918086028490783,0.07918086028490781,0.07918086028490778,0.0791808602849078,0.0791808602849078,0.07918086028490777,0.0791808602849078,0.07918086028490781,0.07918086028490781,0.0791808602849078,0.0791808602849078,0.0791808602849078,0.07918086028490778,0.07918086028490777,0.0791808602849078,0.07918086028490778,0.07918086028490783,0.0791808602849078,0.07918086028490781,0.07918086028490777,0.07918086028490778,0.0791808602849078,0.07918086028490778,0.07918086028490781,0.07918086028490781,0.07918086028490778,0.07918086028490781,0.0791808602849078,0.07918086028490781,0.07918086028490778,0.07918086028490778,0.0791808602849078,0.07918086028490781,0.07918086028490781,0.0791808602849078,0.07918086028490778,0.0791808602849078,0.07918086028490781,0.0791808602849078,0.0791808602849078,0.0791808602849078,0.07918086028490778,0.07918086028490781,0.07918086028490778,0.07918086028490781,0.07918086028490781,0.0791808602849078,0.07918086028490781,0.0791808602849078,0.0791808602849078,0.07918086028490777,0.07918086028490781,0.07918086028490777,0.07918086028490778,0.07918086028490781,0.07918086028490781,0.07918086028490783,0.07918086028490784,0.07918086028490778,0.0791808602849078,0.0791808602849078,0.07918086028490777,0.0791808602849078,0.07918086028490778,0.0791808602849078,0.07918086028490781,0.0791808602849078,0.07918086028490778,0.07918086028490781,0.0791808602849078,0.07918086028490777,0.0791808602849078,0.07918086028490778,0.0791808602849078,0.07918086028490778,0.07918086028490778,0.07918086028490777,0.07918086028490777,0.07918086028490778,0.07918086028490781,0.07918086028490778,0.07918086028490778,0.07918086028490778,0.07918086028490778,0.0791808602849078,0.07918086028490778,0.07918086028490777,0.07918086028490778,0.07918086028490778,0.0791808602849078,0.0791808602849078,0.07918086028490778,0.07918086028490778,0.07918086028490778,0.07918086028490778,0.07918086028490777,0.07918086028490777,0.07918086028490778,0.0791808602849078,0.07918086028490778,0.07918086028490778,0.07918086028490777,0.07918086028490777,0.07918086028490778,0.07918086028490778,0.0791808602849078,0.07918086028490778,0.07918086028490778,0.07918086028490778,0.07918086028490777,0.07918086028490777,0.07918086028490778,0.07918086028490778,0.07918086028490776,0.07918086028490778,0.07918086028490777,0.07918086028490777,0.07918086028490777,0.07918086028490777,0.0791808602849078,0.07918086028490776,0.07918086028490777,0.07918086028490774,0.07918086028490778,0.07918086028490776,0.07918086028490777,0.07918086028490776,0.07918086028490776,0.07918086028490776,0.07918086028490778,0.07918086028490776,0.07918086028490776,0.07918086028490776,0.07918086028490776,0.07918086028490777,0.07918086028490776,0.07918086028490776,0.07918086028490777,0.07918086028490777,0.07918086028490776,0.07918086028490776,0.07918086028490776,0.07918086028490777,0.07918086028490778,0.07918086028490777,0.07918086028490777,0.07918086028490777,0.07918086028490777,0.07918086028490777,0.07918086028490777,0.07918086028490777,0.07918086028490777,0.07918086028490778,0.07918086028490777,0.07918086028490776,0.07918086028490778,0.07918086028490777,0.07918086028490776,0.07918086028490776,0.07918086028490777,0.07918086028490776,0.07918086028490773,0.07918086028490777,0.07918086028490776,0.07918086028490776,0.07918086028490776,0.07918086028490776,0.07918086028490776,0.07918086028490774,0.07918086028490776,0.07918086028490774,0.07918086028490776,0.07918086028490776,0.07918086028490774,0.07918086028490776,0.07918086028490774,0.07918086028490776,0.07918086028490773,0.07918086028490777,0.07918086028490774,0.07918086028490777,0.07918086028490776,0.07918086028490776,0.07918086028490773,0.07918086028490774,0.07918086028490774,0.07918086028490774,0.07918086028490776,0.07918086028490777,0.07918086028490776,0.07918086028490774,0.07918086028490776,0.07918086028490773,0.07918086028490774,0.07918086028490774,0.07918086028490774,0.07918086028490771,0.07918086028490776,0.07918086028490774,0.07918086028490773,0.07918086028490774,0.07918086028490773,0.07918086028490773,0.07918086028490771,0.07918086028490774,0.07918086028490776,0.07918086028490774,0.07918086028490773,0.07918086028490773,0.07918086028490771,0.07918086028490773,0.0791808602849077,0.07918086028490773,0.07918086028490773,0.07918086028490771,0.0791808602849077,0.07918086028490771,0.07918086028490771,0.07918086028490771,0.0791808602849077,0.0791808602849077,0.07918086028490771,0.07918086028490773,0.07918086028490771,0.07918086028490774,0.07918086028490773,0.07918086028490773,0.07918086028490771,0.07918086028490774,0.07918086028490773,0.07918086028490776,0.07918086028490773,0.07918086028490776,0.07918086028490774,0.07918086028490774,0.07918086028490771,0.07918086028490771,0.0791808602849077,0.07918086028490773,0.07918086028490773,0.07918086028490774,0.07918086028490771,0.07918086028490773,0.07918086028490771,0.07918086028490771,0.0791808602849077,0.07918086028490771,0.07918086028490773,0.07918086028490773,0.07918086028490774,0.07918086028490774,0.07918086028490773,0.07918086028490773,0.07918086028490771,0.07918086028490773,0.07918086028490776,0.07918086028490774,0.07918086028490773,0.07918086028490773,0.07918086028490773,0.07918086028490774,0.07918086028490773,0.07918086028490774,0.07918086028490773,0.07918086028490771,0.07918086028490773,0.07918086028490777,0.07918086028490773,0.07918086028490774,0.07918086028490773,0.07918086028490773,0.07918086028490771,0.07918086028490773,0.07918086028490773,0.07918086028490771,0.07918086028490773,0.07918086028490771,0.07918086028490774,0.07918086028490774,0.07918086028490773,0.07918086028490774,0.07918086028490773,0.07918086028490774,0.07918086028490773,0.07918086028490773,0.07918086028490773,0.07918086028490773,0.07918086028490773,0.07918086028490771,0.0791808602849077,0.07918086028490771,0.07918086028490773,0.07918086028490771,0.07918086028490774,0.07918086028490776,0.07918086028490774,0.07918086028490773,0.07918086028490773,0.0791808602849077,0.07918086028490771,0.07918086028490773,0.07918086028490776,0.07918086028490774,0.07918086028490776,0.07918086028490776,0.07918086028490774,0.07918086028490771,0.07918086028490774,0.07918086028490771,0.07918086028490774,0.07918086028490771,0.07918086028490774,0.07918086028490773,0.07918086028490776,0.07918086028490773,0.07918086028490774,0.07918086028490773,0.07918086028490771,0.07918086028490773,0.0791808602849077,0.07918086028490773,0.07918086028490774,0.07918086028490771,0.07918086028490773,0.07918086028490773,0.07918086028490773,0.07918086028490771,0.07918086028490776,0.07918086028490773,0.07918086028490773,0.07918086028490774,0.07918086028490774,0.07918086028490776,0.07918086028490774,0.07918086028490774,0.07918086028490771,0.07918086028490771,0.07918086028490773,0.07918086028490771,0.07918086028490773,0.07918086028490774,0.07918086028490773,0.07918086028490773,0.07918086028490773,0.07918086028490773,0.07918086028490776,0.07918086028490774,0.07918086028490776,0.07918086028490774,0.07918086028490776,0.07918086028490776,0.07918086028490771,0.07918086028490771,0.07918086028490773,0.07918086028490776,0.07918086028490774,0.07918086028490773,0.07918086028490773,0.07918086028490773,0.07918086028490773,0.07918086028490774,0.07918086028490774,0.07918086028490773,0.07918086028490773,0.07918086028490773,0.07918086028490773,0.07918086028490773,0.07918086028490773,0.07918086028490773,0.07918086028490773,0.07918086028490774,0.07918086028490771,0.07918086028490771,0.07918086028490773,0.0791808602849077,0.07918086028490773,0.07918086028490773,0.07918086028490771,0.0791808602849077,0.07918086028490771,0.0791808602849077,0.07918086028490773,0.07918086028490774,0.07918086028490771,0.07918086028490773,0.07918086028490773,0.07918086028490773,0.07918086028490771,0.07918086028490771,0.0791808602849077,0.07918086028490773,0.07918086028490771,0.07918086028490771,0.07918086028490771,0.07918086028490771,0.07918086028490773,0.07918086028490769,0.0791808602849077,0.0791808602849077,0.07918086028490771,0.07918086028490771,0.07918086028490771,0.07918086028490769,0.07918086028490769,0.07918086028490769,0.0791808602849077,0.07918086028490769,0.0791808602849077,0.0791808602849077,0.0791808602849077,0.0791808602849077,0.0791808602849077,0.0791808602849077,0.0791808602849077,0.0791808602849077,0.07918086028490771,0.07918086028490773,0.07918086028490773,0.07918086028490771,0.0791808602849077,0.07918086028490773,0.07918086028490771,0.0791808602849077,0.0791808602849077,0.0791808602849077,0.07918086028490771,0.0791808602849077,0.0791808602849077,0.0791808602849077,0.07918086028490769,0.07918086028490773,0.07918086028490771,0.0791808602849077,0.07918086028490771,0.07918086028490771,0.07918086028490771,0.0791808602849077,0.07918086028490769,0.07918086028490769,0.0791808602849077,0.07918086028490769,0.0791808602849077,0.0791808602849077,0.0791808602849077,0.0791808602849077,0.07918086028490767,0.07918086028490766,0.07918086028490769,0.0791808602849077,0.0791808602849077,0.07918086028490771,0.07918086028490769,0.07918086028490767,0.07918086028490769,0.07918086028490767,0.07918086028490769,0.07918086028490767,0.0791808602849077,0.07918086028490769,0.07918086028490769,0.0791808602849077,0.07918086028490771,0.07918086028490769,0.07918086028490769,0.07918086028490767,0.07918086028490767,0.0791808602849077,0.07918086028490767,0.0791808602849077,0.0791808602849077,0.0791808602849077,0.0791808602849077,0.0791808602849077,0.07918086028490769,0.0791808602849077,0.07918086028490771,0.07918086028490771,0.07918086028490771,0.0791808602849077,0.0791808602849077,0.07918086028490769,0.07918086028490769,0.0791808602849077,0.07918086028490771,0.07918086028490767,0.0791808602849077,0.07918086028490771,0.0791808602849077,0.07918086028490769,0.07918086028490769,0.0791808602849077,0.07918086028490767,0.0791808602849077,0.07918086028490769,0.07918086028490769,0.0791808602849077,0.0791808602849077,0.0791808602849077,0.0791808602849077,0.0791808602849077,0.07918086028490771,0.07918086028490771,0.0791808602849077,0.07918086028490769,0.0791808602849077,0.07918086028490769,0.07918086028490767,0.07918086028490769,0.07918086028490767,0.07918086028490771,0.0791808602849077,0.07918086028490771,0.07918086028490769,0.07918086028490769,0.0791808602849077,0.0791808602849077,0.07918086028490771,0.07918086028490771,0.07918086028490773,0.07918086028490771,0.07918086028490769,0.07918086028490769,0.07918086028490769,0.07918086028490769,0.0791808602849077,0.0791808602849077,0.07918086028490771,0.07918086028490773,0.07918086028490769,0.0791808602849077,0.0791808602849077,0.0791808602849077,0.0791808602849077,0.07918086028490771,0.0791808602849077,0.07918086028490769,0.07918086028490771,0.07918086028490767,0.07918086028490769,0.07918086028490769,0.0791808602849077,0.0791808602849077,0.07918086028490769,0.0791808602849077,0.0791808602849077,0.07918086028490769,0.07918086028490769,0.07918086028490766,0.07918086028490767,0.07918086028490767,0.0791808602849077,0.07918086028490771,0.0791808602849077,0.07918086028490767,0.07918086028490769,0.07918086028490769,0.0791808602849077,0.07918086028490771,0.07918086028490771,0.07918086028490769,0.07918086028490769,0.0791808602849077,0.0791808602849077,0.07918086028490769,0.07918086028490771,0.0791808602849077,0.07918086028490769,0.07918086028490769,0.07918086028490771,0.0791808602849077,0.0791808602849077,0.0791808602849077,0.07918086028490771,0.07918086028490769,0.0791808602849077,0.0791808602849077,0.0791808602849077,0.07918086028490771,0.0791808602849077,0.07918086028490771,0.0791808602849077,0.0791808602849077,0.07918086028490771,0.0791808602849077,0.07918086028490771,0.07918086028490773,0.0791808602849077,0.0791808602849077,0.07918086028490771,0.07918086028490769,0.07918086028490773,0.0791808602849077,0.0791808602849077,0.07918086028490771,0.07918086028490771,0.0791808602849077,0.0791808602849077,0.07918086028490771,0.07918086028490771,0.0791808602849077,0.0791808602849077,0.0791808602849077,0.0791808602849077,0.07918086028490769,0.07918086028490773,0.0791808602849077,0.0791808602849077,0.0791808602849077,0.0791808602849077,0.0791808602849077,0.0791808602849077,0.07918086028490771,0.07918086028490773,0.07918086028490771,0.0791808602849077,0.0791808602849077,0.07918086028490769,0.07918086028490771,0.07918086028490771,0.07918086028490771,0.0791808602849077,0.0791808602849077,0.0791808602849077,0.0791808602849077,0.07918086028490771,0.07918086028490774,0.07918086028490773,0.07918086028490771,0.07918086028490774,0.07918086028490773,0.07918086028490769,0.07918086028490773,0.0791808602849077,0.07918086028490771,0.07918086028490771,0.0791808602849077,0.07918086028490771,0.07918086028490771,0.0791808602849077,0.07918086028490773,0.0791808602849077,0.07918086028490769,0.0791808602849077,0.07918086028490769,0.0791808602849077,0.0791808602849077,0.0791808602849077,0.07918086028490769,0.0791808602849077,0.0791808602849077,0.07918086028490769,0.0791808602849077,0.0791808602849077,0.07918086028490771,0.07918086028490769,0.07918086028490769,0.07918086028490767,0.0791808602849077,0.0791808602849077,0.0791808602849077,0.0791808602849077,0.07918086028490771,0.07918086028490769,0.0791808602849077,0.0791808602849077,0.0791808602849077,0.07918086028490771,0.07918086028490769,0.0791808602849077,0.0791808602849077,0.0791808602849077,0.07918086028490769,0.07918086028490771,0.0791808602849077,0.07918086028490769,0.0791808602849077,0.07918086028490771,0.07918086028490771,0.0791808602849077,0.0791808602849077,0.0791808602849077,0.0791808602849077,0.0791808602849077,0.07918086028490771,0.0791808602849077,0.0791808602849077,0.07918086028490771,0.07918086028490771,0.0791808602849077,0.0791808602849077,0.0791808602849077,0.07918086028490771,0.0791808602849077,0.07918086028490771,0.07918086028490769,0.07918086028490769,0.07918086028490769,0.0791808602849077,0.0791808602849077,0.07918086028490771,0.07918086028490769,0.0791808602849077,0.0791808602849077,0.07918086028490767,0.07918086028490766,0.07918086028490769,0.0791808602849077,0.0791808602849077,0.07918086028490771,0.07918086028490771,0.0791808602849077,0.07918086028490769,0.0791808602849077,0.07918086028490771,0.07918086028490771,0.07918086028490769,0.07918086028490769,0.0791808602849077,0.0791808602849077,0.07918086028490771,0.07918086028490771,0.07918086028490771,0.0791808602849077,0.07918086028490769,0.07918086028490769,0.07918086028490767,0.0791808602849077,0.07918086028490769,0.07918086028490767,0.07918086028490769,0.07918086028490769,0.07918086028490769,0.07918086028490769,0.07918086028490769,0.0791808602849077,0.07918086028490767,0.07918086028490767,0.07918086028490767,0.07918086028490769,0.07918086028490767,0.07918086028490767,0.07918086028490767,0.0791808602849077,0.07918086028490769,0.07918086028490771,0.07918086028490769,0.0791808602849077,0.0791808602849077,0.0791808602849077,0.0791808602849077,0.0791808602849077,0.0791808602849077,0.07918086028490769,0.0791808602849077,0.0791808602849077,0.07918086028490769,0.07918086028490769,0.0791808602849077,0.0791808602849077,0.0791808602849077,0.07918086028490769,0.07918086028490769,0.07918086028490767,0.07918086028490769,0.07918086028490767,0.0791808602849077,0.07918086028490767,0.0791808602849077,0.0791808602849077,0.07918086028490769,0.07918086028490769,0.07918086028490769,0.0791808602849077,0.0791808602849077,0.07918086028490771,0.0791808602849077,0.07918086028490769,0.07918086028490769,0.07918086028490767,0.07918086028490767,0.0791808602849077,0.07918086028490771,0.0791808602849077,0.07918086028490769,0.07918086028490769,0.07918086028490767,0.07918086028490766,0.0791808602849077,0.07918086028490771,0.07918086028490771,0.0791808602849077,0.0791808602849077,0.0791808602849077,0.0791808602849077,0.07918086028490771,0.0791808602849077,0.0791808602849077,0.0791808602849077,0.0791808602849077,0.0791808602849077,0.07918086028490767,0.0791808602849077,0.07918086028490769,0.07918086028490767,0.07918086028490769,0.07918086028490767,0.07918086028490767,0.07918086028490767,0.0791808602849077,0.07918086028490769,0.07918086028490767,0.07918086028490769,0.07918086028490767,0.07918086028490769,0.07918086028490771,0.0791808602849077,0.07918086028490769,0.0791808602849077,0.07918086028490767,0.07918086028490767,0.07918086028490767,0.07918086028490771,0.0791808602849077,0.07918086028490769,0.07918086028490769,0.07918086028490767,0.07918086028490767,0.07918086028490769,0.07918086028490767
1,0.0,0.0,0.0,0.0,0.0,0.0,0.0,0.0,0.0,0.0,0.0,0.0,0.0,0.0,0.0,0.0,0.0,0.0,0.0,0.0,0.0,0.0,0.0,0.0,0.0,0.0,0.0,0.0,0.0,0.0,0.0,0.0,0.0,0.0,0.0,0.0,0.0,0.0,0.0,0.0,0.0,0.0,0.0,0.0,0.0,0.0,0.0,0.0,0.0,0.0,0.0,0.0,0.0,0.0,0.0,0.0,0.0,0.0,0.0,0.0,0.0,0.0,0.0,0.0,0.0,0.0,0.0,0.0,0.0,0.0,0.0,0.0,0.0,0.0,0.0,0.0,0.0,0.0,0.0,0.0,0.0,0.0,0.0,0.0,0.0,0.0,0.0,0.0,0.0,0.0,0.0,0.0,0.0,0.0,0.0,0.0,0.0,0.0,0.0,0.0,0.0,0.0,0.0,0.0,0.0,0.0,0.0,0.0,0.0,0.0,0.0,0.0,0.0,0.0,0.0,0.0,0.0,0.0,0.0,0.0,0.0,0.0,0.0,0.0,0.0,0.0,0.0,0.0,0.0,0.0,0.0,0.0,0.0,0.0,0.0,0.0,0.0,0.0,0.0,0.0,0.0,0.0,0.0,0.0,0.0,0.0,0.0,0.0,0.0,0.0,0.0,0.0,0.0,0.0,0.0,0.0,0.0,0.0,0.0,0.0,0.0,0.0,0.0,0.0,0.0,0.0,0.0,0.0,0.0,0.0,0.0,0.0,0.0,0.0,0.0,0.0,0.0,0.0,0.0,0.0,0.0,0.0,0.0,0.0,0.0,0.0,0.0,0.0,0.0,0.0,0.0,0.0,0.0,0.0,0.0,0.0,0.0,0.0,0.0,0.0,0.0,0.0,0.0,0.0,0.0,0.0,0.0,0.0,0.0,0.0,0.0,0.0,0.0,0.0,0.0,0.0,0.0,0.0,0.0,0.0,0.0,0.0,0.0,0.0,0.0,0.0,0.0,0.0,0.0,0.0,0.0,0.0,0.0,0.0,0.0,0.0,0.0,0.0,0.0,0.0,0.0,0.0,0.0,0.0,0.0,0.0,0.0,0.0,0.0,0.0,0.0,0.0,0.0,0.0,0.0,0.0,0.0,0.0,0.0,0.0,0.0,0.0,0.0,0.0,0.0,0.0,0.0,0.0,0.0,0.0,0.0,0.0,0.0,0.0,0.0,0.0,0.0,0.0,0.0,0.0,0.0,0.0,0.0,0.0,0.0,0.0,0.0,0.0,0.0,0.0,0.0,0.0,0.0,0.0,0.0,0.0,0.0,0.0,0.0,0.0,0.0,0.0,0.0,0.0,0.0,0.0,0.0,0.0,0.0,0.0,0.0,0.0,0.0,0.0,0.0,0.0,0.0,0.0,0.0,0.0,0.0,0.0,0.0,0.0,0.0,0.0,0.0,0.0,0.0,0.0,0.0,0.0,0.0,0.0,0.0,0.0,0.0,0.0,0.0,0.0,0.0,0.0,0.0,0.0,0.0,0.0,0.0,0.0,0.0,0.0,0.0,0.0,0.0,0.0,0.0,0.0,0.0,0.0,0.0,0.0,0.0,0.0,0.0,0.0,0.0,0.0,0.0,0.0,0.0,0.0,0.0,0.0,0.0,0.0,0.0,0.0,0.0,0.0,0.0,0.0,0.0,0.0,0.0,0.0,0.0,0.0,0.0,0.0,0.0,0.0,0.0,0.0,0.0,0.0,0.0,0.0,0.0,0.0,0.0,0.0,0.0,0.0,0.0,0.0,0.0,0.0,0.0,0.0,0.0,0.0,0.0,0.0,0.0,0.0,0.0,0.0,0.0,0.0,0.0,0.0,0.0,0.0,0.0,0.0,0.0,0.0,0.0,0.0,0.0,0.0,0.0,0.0,0.0,0.0,0.0,0.0,0.0,0.0,0.0,0.0,0.0,0.0,0.0,0.0,0.0,0.0,0.0,0.0,0.0,0.0,0.0,0.0,0.0,0.0,0.0,0.0,0.0,0.0,0.0,0.0,0.0,0.0,0.0,0.0,0.0,0.0,0.0,0.0,0.0,0.0,0.0,0.0,0.0,0.0,0.0,0.0,0.0,0.0,0.0,0.0,0.0,0.0,0.0,0.0,0.0,0.0,0.0,0.0,0.0,0.0,0.0,0.0,0.0,0.0,0.0,0.0,0.0,0.0,0.0,0.0,0.0,0.0,0.0,0.0,0.0,0.0,0.0,0.0,0.0,0.0,0.0,0.0,0.0,0.0,0.0,0.0,0.0,0.0,0.0,0.0,0.0,0.0,0.0,0.0,0.0,0.0,0.0,0.0,0.0,0.0,0.0,0.0,0.0,0.0,0.0,0.0,0.0,0.0,0.0,0.0,0.0,0.0,0.0,0.0,0.0,0.0,0.0,0.0,0.0,0.0,0.0,0.0,0.0,0.0,0.0,0.0,0.0,0.0,0.0,0.0,0.0,0.0,0.0,0.0,0.0,0.0,0.0,0.0,0.0,0.0,0.0,0.0,0.0,0.0,0.0,0.0,0.0,0.0,0.0,0.0,0.0,0.0,0.0,0.0,0.0,0.0,0.0,0.0,0.0,0.0,0.0,0.0,0.0,0.0,0.0,0.0,0.0,0.0,0.0,0.0,0.0,0.0,0.0,0.0,0.0,0.0,0.0,0.0,0.0,0.0,0.0,0.0,0.0,0.0,0.0,0.0,0.0,0.0,0.0,0.0,0.0,0.0,0.0,0.0,0.0,0.0,0.0,0.0,0.0,0.0,0.0,0.0,0.0,0.0,0.0,0.0,0.0,0.0,0.0,0.0,0.0,0.0,0.0,0.0,0.0,0.0,0.0,0.0,0.0,0.0,0.0,0.0,0.0,0.0,0.0,0.0,0.0,0.0,0.0,0.0,0.0,0.0,0.0,0.0,0.0,0.0,0.0,0.0,0.0,0.0,0.0,0.0,0.0,0.0,0.0,0.0,0.0,0.0,0.0,0.0,0.0,0.0,0.0,0.0,0.0,0.0,0.0,0.0,0.0,0.0,0.0,0.0,0.0,0.0,0.0,0.0,0.0,0.0,0.0,0.0,0.0,0.0,0.0,0.0,0.0,0.0,0.0,0.0,0.0,0.0,0.0,0.0,0.0,0.0,0.0,0.0,0.0,0.0,0.0,0.0,0.0,0.0,0.0,0.0,0.0,0.0,0.0,0.0,0.0,0.0,0.0,0.0,0.0,0.0,0.0,0.0,0.0,0.0,0.0,0.0,0.0,0.0,0.0,0.0,0.0,0.0,0.0,0.0,0.0,0.0,0.0,0.0,0.0,0.0,0.0,0.0,0.0,0.0,0.0,0.0,0.0,0.0,0.0,0.0,0.0,0.0,0.0,0.0,0.0,0.0,0.0,0.0,0.0,0.0,0.0,0.0,0.0,0.0,0.0,0.0,0.0,0.0,0.0,0.0,0.0,0.0,0.0,0.0,0.0,0.0,0.0,0.0,0.0,0.0,0.0,0.0,0.0,0.0,0.0,0.0,0.0,0.0,0.0,0.0,0.0,0.0,0.0,0.0,0.0,0.0,0.0,0.0,0.0,0.0,0.0,0.0,0.0,0.0,0.0,0.0,0.0,0.0,0.0,0.0,0.0,0.0,0.0,0.0,0.0,0.0,0.0,0.0,0.0,0.0,0.0,0.0,0.0,0.0,0.0,0.0,0.0,0.0,0.0,0.0,0.0,0.0,0.0,0.0,0.0,0.0,0.0,0.0,0.0,0.0,0.0,0.0,0.0,0.0,0.0,0.0,0.0,0.0,0.0,0.0,0.0,0.0,0.0,0.0,0.0,0.0,0.0,0.0,0.0,0.0,0.0,0.0,0.0,0.0,0.0,0.0,0.0,0.0,0.0,0.0,0.0,0.0,0.0,0.0,0.0,0.0,0.0,0.0,0.0,0.0,0.0,0.0,0.0,0.0,0.0,0.0,0.0,0.0,0.0,0.0,0.0,0.0,0.0,0.0,0.0,0.0,0.0,0.0,0.0,0.0,0.0,0.0,0.0,0.0,0.0,0.0,0.0,0.0,0.0,0.0,0.0,0.0,0.0,0.0,0.0,0.0,0.0,0.0,0.0,0.0,0.0,0.0,0.0,0.0,0.0,0.0,0.0,0.0,0.0,0.0,0.0,0.0,0.0,0.0,0.0,0.0,0.0,0.0,0.0,0.0,0.0,0.0,0.0,0.0,0.0,0.0,0.0,0.0,0.0,0.0,0.0,0.0,0.0,0.0,0.0,0.0,0.0,0.0,0.0,0.0,0.0,0.0,0.0,0.0,0.0,0.0,0.0,0.0,0.0,0.0,0.0,0.0,0.0,0.0,0.0,0.0,0.0,0.0,0.0,0.0,0.0,0.0,0.0,0.0,0.0,0.0,0.0,0.0,0.0,0.0,0.0,0.0,0.0,0.0,0.0,0.0,0.0,0.0,0.0,0.0,0.0,0.0,0.0,0.0,0.0,0.0,0.0,0.0,0.0,0.0,0.0,0.0,0.0,0.0,0.0,0.0,0.0,0.0,0.0,0.0,0.0,0.0,0.0,0.0,0.0,0.0,0.0,0.0,0.0,0.0,0.0,0.0,0.0,0.0,0.0,0.0,0.0,0.0,0.0,0.0,0.0,0.0,0.0,0.0,0.0,0.0,0.0,0.0,0.0,0.0,0.0,0.0,0.0,0.0,0.0,0.0,0.0,0.0,0.0,0.0,0.0,0.0,0.0,0.0,0.0,0.0,0.0,0.0,0.0,0.0,0.0,0.0,0.0,0.0,0.0,0.0,0.0,0.0,0.0,0.0,0.0,0.0,0.0,0.0,0.0,0.0,0.0,0.0,0.0,0.0,0.0,0.0,-5.0122351964172546e-70,-1.1705227721034843e-93,2.9928472608605526e-117,2.9928472608605543e-117,2.0049733058153223e-63,1.8929938308148482e-63,1.892993830814848e-63,2.0340357668254475e-63,2.0340357668254443e-63,2.034035766825448e-63,3.454321514793176e-62,3.4543215147931735e-62,3.4543215147931748e-62,5.579417018024285e-61,-1.385118829111021e-60,2.026624635575422e-80,-6.24547242058275e-62,-3.238633319199252e-61,7.428502070722413e-61,7.218220273393727e-61,7.077896826153549e-61,9.485526437135163e-61,-2.399928057770663e-59,-4.4079843352449995e-59,3.1652562259632033e-81,-3.542518549193563e-29,-6.964421580514819e-47,3.5137303444890936e-58,-1.87828173212571e-46,-1.4586468457702568e-59,1.2214500320795534e-37,-1.2269970311721543e-31,3.6763748981539254e-48,3.676373337927518e-48,3.6763733379275106e-48,3.536333419809716e-29,3.536333419809716e-29,4.0312328723630265e-29,4.0310072954458297e-29,1.8251165660301843e-29,1.8250501261366542e-29,-9.268118349346682e-29,1.4072219821449365e-28,1.4956334576535543e-28,-4.2835449141691655e-26,9.891194852562571e-29,9.398239277167026e-29,1.387127722052771e-27,2.756764022721708e-27,1.8712544565382496e-27,1.907469959863331e-27,1.7185234045299712e-27,3.521485724067524e-28,3.102176447200723e-28,3.876672908512221e-28,2.279418531502858e-27,1.2967385967980493e-27,8.25176601049004e-28,8.387313890565297e-28,8.21172837795065e-28,8.222638672775927e-28,8.254283795344267e-28,8.156098301187857e-28,7.904211066615026e-28,7.883569677824011e-28,4.262649677489916e-27,4.1808691102582875e-27,3.9168218308118604e-27,3.9004954425399346e-27,-6.230634588517913e-25,-3.1112033947110504e-27,1.2251056007111395e-26,4.259939219155078e-25,4.259437206885018e-25,4.910861923331431e-25,4.803626705405592e-25,4.581503706367017e-25,1.910910883882062e-24,1.910865811789946e-24,1.9108658118688434e-24,1.910865811847031e-24,1.910865821605075e-24,1.910865010475805e-24,1.897985647206375e-24,1.897985647206374e-24,1.8979861800735184e-24,1.897986079328889e-24,1.8991979890437454e-24,1.898732056136361e-24,1.898732056136362e-24,1.8987320566180022e-24,1.8987320566179996e-24,1.898732056618001e-24,1.898731960703226e-24,1.8987319607032266e-24,1.898731960642666e-24,1.898731960642669e-24,1.8987319606426497e-24,1.898731960642636e-24,1.8987319606426353e-24,1.898731960642634e-24,1.8987319606426056e-24,1.8987319606426063e-24,1.898731960642597e-24,1.8987319606425968e-24,1.8987133470405243e-24,1.8987133470405243e-24,1.8987133470405196e-24,1.8987133470405203e-24,1.8987133470405196e-24,1.8987133470405207e-24,1.8987133470405163e-24,1.898713347040512e-24,1.898713347040524e-24,1.8987133470405247e-24,1.8987133470405243e-24,1.8987133470405284e-24,1.8987133470405284e-24,1.8987133470405232e-24,1.898713347040525e-24,1.8987133470405243e-24,1.898713347040525e-24,1.8987133470405177e-24,1.8987133470405174e-24,1.8987133470405108e-24,1.898713347040514e-24,1.8987133470405155e-24,1.898713347040518e-24,1.8987133470405185e-24,1.898713347040519e-24,1.898713347040517e-24,1.8987133470405177e-24,1.8987133470405177e-24,1.8987133470405174e-24,1.8987133470405166e-24,1.8987133470405174e-24,1.898713347040516e-24,1.8987133470405174e-24,1.898713347040518e-24,1.8987133470405177e-24,1.898713347040519e-24,1.898713347040519e-24,1.8987133470405177e-24,1.8987133470405207e-24,1.8987133470405155e-24,1.898713347040514e-24,1.8987133470405144e-24,1.8987133470405163e-24,1.8987133470405174e-24,1.898713347040517e-24,1.898713347040518e-24,1.898713347040518e-24,1.8987133470405174e-24,1.8987133470405163e-24,1.8987133470405166e-24,1.898713347040515e-24,1.898713347040516e-24,1.8987133470405155e-24,1.898713347040516e-24,1.898713347040517e-24,1.8987133470405174e-24,1.8987133470405174e-24,1.8987133470405177e-24,1.8987133470405177e-24,1.8987133470405177e-24,1.898713347040516e-24,1.8987133470405137e-24,1.898713347040514e-24,1.8987133470405144e-24,1.8987133470405148e-24,1.898713347040514e-24,1.898713347040513e-24,1.898713347040513e-24,1.8987133470405137e-24,1.8987133470405133e-24,1.898713347040513e-24,1.898713347040514e-24,1.8987133470405144e-24,1.898713347040513e-24,1.8987133470405137e-24,1.8987133470405148e-24,1.898713347040514e-24,1.898713347040514e-24,1.8987133470405144e-24,1.8987133470405126e-24,1.8987133470405126e-24,1.8987133470405122e-24,1.8987133470405126e-24,1.8987133470405122e-24,1.8987133470405126e-24,1.8987133470405126e-24,1.8987133470405126e-24,1.8987133470405126e-24,1.8987133470405126e-24,1.8987133470405133e-24,1.8987133470405126e-24,1.8987133470405126e-24,1.8987133470405122e-24,1.8987133470405115e-24,1.8987133470405122e-24,1.898713347040512e-24,1.8987133470405115e-24,1.8987133470405115e-24,1.898713347040512e-24,1.8987133470405115e-24,1.898713347040512e-24,1.8987133470405115e-24,1.898713347040512e-24,1.898713347040512e-24,1.898713347040513e-24,1.898713347040513e-24,1.8987133470405126e-24,1.8987133470405133e-24,1.8987133470405126e-24,1.8987133470405133e-24,1.8987133470405137e-24,1.898713347040513e-24,1.8987133470405137e-24,1.8987133470405133e-24,1.898713347040513e-24,1.898713347040513e-24,1.8987133470405126e-24,1.898713347040513e-24,1.8987133470405137e-24,1.898713347040513e-24,1.8987133470405137e-24,1.8987133470405137e-24,1.898713347040513e-24,1.8987133470405137e-24,1.8987133470405133e-24,1.8987133470405126e-24,1.898713347040513e-24,1.8987133470405133e-24,1.898713347040513e-24,1.8987133470405133e-24,1.898713347040513e-24,1.898713347040513e-24,1.8987133470405137e-24,1.8987133470405137e-24,1.898713347040513e-24,1.898713347040512e-24,1.8987133470405126e-24,1.898713347040512e-24,1.8987133470405115e-24,1.8987133470405115e-24,1.898713347040512e-24,1.898713347040513e-24,1.898713347040511e-24,1.898713347040511e-24,1.8987133470405122e-24,1.898713347040512e-24,1.8987133470405115e-24,1.8987133470405126e-24,1.898713347040512e-24,1.8987133470405115e-24,1.898713347040512e-24,1.8987133470405126e-24,1.8987133470405122e-24,1.898713347040512e-24,1.8987133470405115e-24,1.898713347040511e-24,1.898713347040511e-24,1.89871334704051e-24,1.8987133470405097e-24,1.8987133470405097e-24,1.898713347040509e-24,1.8987133470405086e-24,1.8987133470405093e-24,1.8987133470405086e-24,1.8987133470405093e-24,1.8987133470405097e-24,1.8987133470405086e-24,1.8987133470405082e-24,1.8987133470405093e-24,1.898713347040509e-24,1.8987133470405097e-24,1.8987133470405097e-24,1.8987133470405097e-24,1.89871334704051e-24,1.8987133470405097e-24,1.89871334704051e-24,1.8987133470405086e-24,1.898713347040509e-24,1.8987133470405074e-24,1.898713347040507e-24,1.8987133470405067e-24,1.8987133470405034e-24,1.8987133470405038e-24,1.898713347040503e-24,1.8987133470405034e-24,1.898713347040504e-24,1.8987133470405023e-24,1.898713347040502e-24,1.8987133470405023e-24,1.8987133470405023e-24,1.8987133470405016e-24,1.8987133470405023e-24,1.898713347040502e-24,1.8987133470405016e-24,1.898713347040502e-24,1.8987133470405023e-24,1.8987133470405027e-24,1.898713347040503e-24,1.8987133470405027e-24,1.8987133470405034e-24,1.898713347040503e-24,1.898713347040503e-24,1.898713347040504e-24,1.898713347040504e-24,1.8987133470405045e-24,1.898713347040505e-24,1.8987133470405045e-24,1.8987133470405056e-24,1.898713347040505e-24,1.8987133470405016e-24,1.898713347040501e-24,1.8987133470404994e-24,1.8987133470405e-24,1.8987133470404997e-24,1.8987133470404994e-24,1.8987133470405e-24,1.8987133470404994e-24,1.898713347040499e-24,1.8987133470405e-24,1.8987133470405012e-24,1.8987133470405016e-24,1.8987133470405012e-24,1.8987133470405012e-24,1.8987133470405016e-24,1.8987133470405012e-24,1.898713347040501e-24,1.8987133470404997e-24,1.8987133470405005e-24,1.8987133470405e-24,1.8987133470405012e-24,1.8987133470405e-24,1.898713347040501e-24,1.8987133470405027e-24,1.8987133470405027e-24,1.898713347017266e-24,1.898713347017268e-24,1.898713347017268e-24,1.8987133470172683e-24,1.8987133470172672e-24,1.8987133470172665e-24,1.898713347017266e-24,1.898713347017266e-24,1.8987133632774816e-24,1.8987133632774827e-24,1.8987133632774812e-24,1.8987133632774805e-24,1.898713363277479e-24,1.8987133632774794e-24,1.8987133632774812e-24,1.8987133632774882e-24,1.898713363277488e-24,1.8987133632774875e-24,1.8987133632774882e-24,1.8987133632774882e-24,1.8987133632774882e-24,1.8987133632774882e-24,1.8987133632774875e-24,1.898713363277488e-24,1.8987133632774868e-24,1.8987133632774875e-24,1.8987133632774864e-24,1.8987133632774868e-24,1.8987133632774864e-24,1.898713363277487e-24,1.8987133632774868e-24,1.898713363277484e-24,1.8987133632774846e-24,1.8987133632774846e-24,1.8987133632774834e-24,1.898713363277484e-24,1.8987133632774846e-24,1.8987133632774846e-24,1.8987133632774842e-24,1.8987133632774846e-24,1.8987133632774842e-24,1.8987133632774827e-24,1.898713363277484e-24,1.898713363277483e-24,1.8987133632774827e-24,1.898713363277483e-24,1.8987133632774827e-24,1.8987133632774834e-24,1.8987133632774823e-24,1.8987133632774823e-24,1.898713363277483e-24,1.8987133632774823e-24,1.8987133632774846e-24,1.898713363277484e-24,1.8987133632774842e-24,1.8987133632774842e-24,1.898713363277485e-24,1.8987133632774857e-24,1.898713363277485e-24,1.8987133632774842e-24,1.8987133632774842e-24,1.8987133632774842e-24,1.898713363277486e-24,1.8987133632774864e-24,1.8987133632774857e-24,1.8987133632774868e-24,1.898713363277487e-24,1.8987133632774864e-24,1.8987133632774864e-24,1.8987133632774864e-24,1.898713363277487e-24,1.898713363277486e-24,1.8987133632774846e-24,1.8987133632774842e-24,1.898713363277485e-24,1.8987133632774842e-24,1.8987133632774842e-24,1.8987133632774834e-24,1.8987133632774827e-24,1.8987133632774816e-24,1.8987133632774812e-24,1.8987133632774816e-24,1.8987133632774823e-24,1.898713363277482e-24,1.8987133632774816e-24,1.8987133632774812e-24,1.8987133632774827e-24,1.8987133632774816e-24,1.898713363277482e-24,1.898713363277482e-24,1.898713363277481e-24,1.8987133632774816e-24,1.8987133632774823e-24,1.8987133632774823e-24,1.8987133632774823e-24,1.898713363277483e-24,1.8987133632774823e-24,1.8987133632774834e-24,1.898713363277483e-24,1.8987133632774857e-24,1.8987133632774857e-24,1.8987133632774853e-24,1.8987133632774857e-24,1.8987133632774868e-24,1.8987133632774868e-24,1.8987133632774857e-24,1.898713363277485e-24,1.898713363277485e-24,1.8987133632774853e-24,1.8987133632774834e-24,1.898713363277483e-24,1.898713363277484e-24,1.898713363277483e-24,1.8987133632774834e-24,1.898713363277483e-24,1.8987133632774827e-24,1.8987133632774816e-24,1.898713363277481e-24,1.8987133632774816e-24,1.8987133632774816e-24,1.8987133632774812e-24,1.89871336327748e-24,1.8987133632774787e-24,1.8987133632774783e-24,1.8987133632774783e-24,1.898713363277478e-24,1.8987133632774783e-24,1.898713363277479e-24,1.8987133632774787e-24,1.8987133632774787e-24,1.8987133632774783e-24,1.8987133632774783e-24,1.8987133632774765e-24,1.8987133632774757e-24,1.8987133632774765e-24,1.898713363277477e-24,1.8987133632774776e-24,1.8987133632774772e-24,1.898713363277478e-24,1.8987133632774772e-24,1.8987133632774772e-24,1.898713363277478e-24,1.8987133632774787e-24,1.8987133632774776e-24,1.8987133632774787e-24,1.8987133632774787e-24,1.8987133632774794e-24,1.89871336327748e-24,1.8987133632774794e-24,1.898713363277479e-24,1.8987133632774794e-24,1.898713363277479e-24,1.8987133632774794e-24,1.8987133632774794e-24,1.8987133632774794e-24,1.8987133632774794e-24,1.8987133632774798e-24,1.8987133632774754e-24,1.8987133632774735e-24,1.898713363277474e-24,1.8987133632774743e-24,1.898713363277474e-24,1.898713363277474e-24,1.898713363277474e-24,1.8987133632774757e-24,1.898713363277476e-24,1.898713363277476e-24,1.8987133632774754e-24,1.898713363277476e-24,1.898713363277476e-24,1.8987133632774757e-24,1.8987133632774754e-24,1.898713363277475e-24,1.8987133632774754e-24,1.8987133632774757e-24,1.8987133632774746e-24,1.8987133632774757e-24,1.898713363277475e-24,1.898713363277475e-24,1.8987133632774735e-24,1.8987133632774724e-24,1.898713363277472e-24,1.8987133632774717e-24,1.898713363277472e-24,1.898713363277472e-24,1.898713363277471e-24,1.898713363277468e-24,1.8987133632774673e-24,1.8987133632774673e-24,1.8987133632774666e-24,1.898713363277467e-24,1.8987133632774662e-24,1.898713363277468e-24,1.8987133632774684e-24,1.8987133632774677e-24,1.8987133632774673e-24,1.898713363277467e-24,1.8987133632774677e-24,1.8987133632774673e-24,1.8987133632774666e-24,1.8987133632774662e-24,1.898713363277466e-24,1.8987133632774662e-24,1.898713363277467e-24,1.898713363277467e-24,1.8987133632774662e-24,1.8987133632774662e-24,1.8987133632774662e-24,1.898713363277465e-24,1.8987133632774654e-24,1.8987133632774643e-24,1.8987133632774654e-24,1.8987133632774654e-24,1.8987133632774666e-24,1.8987133632774654e-24,1.898713363277466e-24,1.8987133632774625e-24,1.898713363277463e-24,1.8987133632774636e-24,1.8987133632774643e-24,1.8987133632774643e-24,1.898713363277464e-24,1.898713363277465e-24,1.898713363277462e-24,1.898713363277462e-24,1.8987133632774625e-24,1.898713363277463e-24,1.898713363277463e-24,1.898713363277464e-24,1.898713363277464e-24,1.898713363277465e-24,1.8987133632774662e-24,1.8987133632774666e-24,1.898713363277467e-24,1.8987133632774677e-24,1.8987133632774662e-24,1.8987133632774666e-24,1.8987133632774647e-24,1.898713363277464e-24,1.8987133632774643e-24,1.8987133632774625e-24,1.8987133632774632e-24,1.8987133632774654e-24,1.8987133632774643e-24,1.8987133632774643e-24,1.8987133632774643e-24,1.8987133632774636e-24,1.8987133632774632e-24,1.898713363277465e-24,1.8987133632774647e-24,1.8987133632774647e-24,1.898713363277465e-24,1.8987133632774647e-24,1.898713363277465e-24,1.898713363277464e-24,1.8987133632774643e-24,1.898713363277465e-24,1.898713363277466e-24,1.8987133632774662e-24,1.898713363277466e-24,1.8987133632774647e-24,1.8987133632774666e-24,1.8987133632774666e-24,1.898713363277467e-24,1.8987133632774673e-24,1.898713363277467e-24,1.8987133632774666e-24,1.898713363277467e-24,1.8987133632774684e-24,1.8987133632774662e-24,1.898713363277462e-24,1.898713363277461e-24,1.8987133632774618e-24,1.8987133632774614e-24,1.898713363277461e-24,1.898713363277462e-24,1.8987133632774618e-24,1.8987133632774618e-24,1.8987133632774618e-24,1.898713363277462e-24,1.898713363277464e-24,1.898713363277464e-24,1.898713363277465e-24,1.8987133632774647e-24,1.898713363277464e-24,1.898713363277464e-24,1.8987133632774662e-24,1.898713363277466e-24,1.898713363277464e-24,1.8987133632774647e-24,1.8987133632774632e-24,1.8987133632774632e-24,1.8987133632774636e-24,1.8987133632774636e-24,1.8987133632774647e-24,1.8987133632774647e-24,1.898713363277465e-24,1.8987133632774647e-24,1.898713363277464e-24,1.898713363277464e-24,1.8987133632774643e-24,1.8987133632774643e-24,1.8987133632774632e-24,1.898713363277463e-24,1.8987133632774632e-24,1.8987133632774607e-24,1.8987133632774614e-24,1.898713363277463e-24,1.898713363277462e-24,1.898713363277463e-24,1.8987133632774636e-24,1.898713363277463e-24,1.8987133632774632e-24,1.898713363277463e-24,1.898713363277464e-24,1.8987133632774625e-24,1.898713363277463e-24,1.8987133632774636e-24,1.8987133632774643e-24,1.8987133632774636e-24,1.8987133632774632e-24,1.898713363277462e-24,1.8987133632774625e-24,1.898713363277463e-24,1.898713363277463e-24,1.898713363277462e-24,1.8987133632774614e-24,1.898713363277461e-24,1.89871336327746e-24,1.8987133632774603e-24,1.8987133632774607e-24,1.898713363277461e-24,1.898713363277461e-24,1.89871336327746e-24,1.898713363277463e-24,1.8987133632774632e-24,1.8987133632774643e-24,1.8987133632774647e-24,1.898713363277465e-24,1.898713363277466e-24,1.898713363277466e-24,1.898713363277465e-24,1.8987133632774647e-24,1.8987133632774647e-24,1.8987133632774643e-24,1.8987133632774632e-24,1.8987133632774632e-24,1.8987133632774636e-24,1.8987133632774632e-24,1.8987133632774592e-24,1.898713363277455e-24,1.8987133632774555e-24,1.8987133632774555e-24,1.898713363277456e-24,1.8987133632774563e-24,1.8987133632774555e-24,1.8987133632774555e-24,1.8987133632774555e-24,1.8987133632774566e-24,1.898713363277456e-24,1.8987133632774566e-24,1.8987133632774555e-24,1.898713363277455e-24,1.8987133632774544e-24,1.8987133632774555e-24,1.8987133632774555e-24,1.8987133632774574e-24,1.8987133632774566e-24,1.8987133632774574e-24,1.8987133632774574e-24,1.8987133632774577e-24,1.898713363277458e-24,1.898713363277457e-24,1.8987133632774563e-24,1.898713363277457e-24,1.8987133632774445e-24,1.8987133632774445e-24,1.8987133632774445e-24,1.898713363277445e-24,1.898713363277443e-24,1.898713363277432e-24,1.89871336327739e-24,1.8987133632773905e-24,1.8987133632773912e-24,1.898713363277403e-24,1.898713363277402e-24,1.8987133632774026e-24,1.898713363277423e-24,1.8987133632774225e-24,1.8987133632774225e-24,1.8987133632774225e-24,1.898713363277422e-24,1.8987133632774225e-24,1.8987133632774052e-24,1.8987133632774052e-24,1.8987133632774045e-24,1.8987133632774045e-24,1.8987133632774034e-24,1.8987133632774037e-24,1.8987133632774045e-24,1.8987133632774052e-24,1.8987133632774074e-24,1.898713363277407e-24,1.898713363277343e-24,1.898713363277344e-24,1.898713363277345e-24,1.898713363277345e-24,1.898713363277345e-24,1.8987133632773435e-24,1.898713363277344e-24,1.898713363277344e-24,1.898713363277344e-24,1.8987133632773442e-24,1.8987133632773453e-24,1.8987133632773446e-24,1.8987133632773457e-24,1.898713363277345e-24,1.8987133632773442e-24,1.898713363277344e-24,1.898713363277344e-24,1.898713363277346e-24,1.8987133632773468e-24,1.8987133632773468e-24,1.8987133632773457e-24,1.8987133632773468e-24,1.898713363277349e-24,1.8987133632773483e-24,1.8987133632773523e-24,1.898713363277353e-24,1.898713363277352e-24,1.8987133632773534e-24,1.8987133632773545e-24,1.8987133632773545e-24,1.8987133632773552e-24,1.8987133632773545e-24,1.898713363277357e-24,1.8987133632773575e-24,1.8987133632773567e-24,1.898713363277357e-24,1.898713363277358e-24,1.898713363277357e-24,1.898713363277358e-24,1.898713363277359e-24,1.8987133632773593e-24,1.8987133632773593e-24,1.8987133632773586e-24,1.8987133632773586e-24,1.8987133632773593e-24,1.898713363277359e-24,1.8987133632773608e-24,1.8987133632773604e-24,1.898713363277361e-24,1.8987133632773615e-24,1.8987133632773608e-24,1.8987133632773597e-24,1.8987133632773593e-24,1.898713363277359e-24,1.89871336327736e-24,1.89871336327736e-24,1.898713363277359e-24,1.898713363277357e-24,1.8987133632773563e-24,1.8987133632773563e-24,1.8987133632773563e-24,1.898713363277357e-24,1.898713363277357e-24,1.8987133632773563e-24,1.8987133632773563e-24,1.898713363277356e-24,1.8987133632773556e-24,1.898713363277355e-24,1.8987133632773567e-24,1.8987133632773556e-24,1.8987133632773556e-24,1.8987133632773556e-24,1.898713363277356e-24,1.8987133632773567e-24,1.8987133632773567e-24,1.8987133632773563e-24,1.898713363277357e-24,1.8987133632773563e-24,1.8987133632773567e-24,1.8987133632773575e-24,1.898713363277357e-24,1.898713363277357e-24,1.8987133632773563e-24,1.898713363277357e-24,1.898713363277357e-24,1.898713363277356e-24,1.898713363277356e-24,1.898713363277354e-24,1.8987133632773534e-24,1.8987133632773534e-24,1.8987133632773545e-24,1.8987133632773534e-24,1.898713363277353e-24,1.8987133632773534e-24,1.898713363277353e-24,1.8987133632773527e-24,1.8987133632773534e-24,1.8987133632773534e-24,1.898713363277354e-24,1.8987133632773538e-24,1.898713363277353e-24,1.8987133632773538e-24,1.8987133632773538e-24,1.8987133632773534e-24,1.8987133632773538e-24,1.8987133632773527e-24,1.898713363277353e-24,1.8987133632773523e-24,1.8987133632773534e-24,1.8987133632773534e-24,1.8987133632773552e-24,1.8987133632773545e-24,1.8987133632773545e-24,1.8987133632773552e-24,1.898713363277355e-24,1.8987133632773552e-24,1.8987133632773527e-24,1.8987133632773527e-24,1.8987133632773523e-24,1.898713363277353e-24,1.8987133632773534e-24,1.8987133632773523e-24,1.898713363277353e-24,1.898713363277353e-24,1.8987133632773505e-24,1.898713363277351e-24,1.8987133632773512e-24,1.8987133632773545e-24,1.8987133632773534e-24,1.8987133632773534e-24,1.8987133632773534e-24,1.8987133632773527e-24,1.8987133632773534e-24,1.8987133632773523e-24,1.898713363277353e-24,1.8987133632773523e-24,1.898713363277352e-24,1.8987133632773545e-24,1.898713363277383e-24,1.8987133632773828e-24,1.8987133632773817e-24,1.898713363277382e-24,1.898713363277381e-24,1.8987133632773813e-24,1.8987133632773813e-24,1.898713363277382e-24,1.898713363277382e-24,1.8987133632773828e-24,1.8987133632773835e-24,1.898713363277383e-24,1.8987133632773824e-24,1.898713363277382e-24,1.8987133632773747e-24,1.8987133632773743e-24,1.898713363277379e-24,1.8987133632952518e-24,1.8987133632894687e-24,1.8987133632895183e-24,1.8987133632896e-24,1.8987133632929496e-24,1.8987133632929173e-24,1.898713363293245e-24,1.8987133632932443e-24,1.898713363293085e-24,1.8987133632930852e-24,1.898713363293071e-24,1.898713363293071e-24,1.898713363292779e-24,1.8987133632927803e-24,1.8987133632905884e-24,1.898713363290588e-24,1.898713363290588e-24,1.8987133632905884e-24,1.898713363290453e-24,1.8987133632904525e-24,1.8987133632916544e-24,1.8987133632916544e-24,1.898713363284775e-24,1.898713363291712e-24,1.8987133632860466e-24,1.8987133632860473e-24,1.8987133632792423e-24,1.8987133632851675e-24,1.8987133632880713e-24,1.898713363295558e-24,1.8987133632955592e-24,1.8987133632802172e-24,1.8987133632749256e-24,1.8987133632749267e-24,1.898713363293354e-24,1.8987133632933545e-24,1.8987133632960023e-24,1.8987133632963068e-24,1.8987133632951078e-24,1.898713363256038e-24,1.8987133632560377e-24,1.898713363256092e-24,1.8987133632538615e-24,1.8987133632538615e-24,1.898713363253862e-24,1.8987133632538615e-24,1.8987133632538615e-24,1.8987133632542583e-24,1.8987133632544225e-24,1.898713363252981e-24,1.898713363252981e-24,1.8987133632524054e-24,1.8987133376598414e-24,1.8987133376596276e-24,1.8987133376591354e-24,1.8987133376596463e-24,1.8987133373523133e-24,1.8987133373519e-24,1.898713337351898e-24,1.8987133373518527e-24,1.8987133373352062e-24,1.898713337335206e-24,1.8987133373352066e-24,1.898713337335206e-24,1.8987133373024132e-24,1.8987133373028864e-24,1.8987133373028875e-24,1.898713337303218e-24,1.898713337303219e-24,1.8987133373092366e-24,1.8987133373092366e-24,1.8987133373090882e-24,1.8987133373757475e-24,1.8987133373756943e-24,1.898713337375696e-24,1.8987133373762e-24,1.8987133373762435e-24,1.8987133373762075e-24,1.898713337376229e-24,1.8987133373759474e-24,1.89871333737608e-24,1.8987133373799242e-24,1.8987133373811016e-24,1.8987133373811328e-24,1.8987133373811328e-24,1.8987133373820816e-24,1.898713337382129e-24,1.8987133373821117e-24,1.898713337382112e-24,1.8987133373821088e-24,1.8987133373821088e-24,1.8987133373821088e-24,1.8987133373821628e-24,1.8987133373821624e-24,1.898713337382162e-24,1.8987133373822036e-24,1.8987133373822032e-24,1.898713337382517e-24,1.8987133373825177e-24,1.898713337382534e-24,1.8987133373825294e-24,1.8987133373825287e-24,1.8987133373825713e-24,1.8987133373824747e-24,1.898713337382932e-24,1.8987133373827292e-24,1.8987133373826315e-24,1.898713337382631e-24,1.8987133373826286e-24,1.8987133373827337e-24,1.8987133373826326e-24,1.8987133373828975e-24,1.8987133373829214e-24,1.898713337382223e-24,1.8987133373822227e-24,1.898713337382194e-24,1.8987133373822073e-24,1.8987133373822396e-24,1.898713337382207e-24,1.8987133373821837e-24,1.8987133373822407e-24,1.898713337382241e-24,1.8987133373822583e-24,1.898713337382259e-24,1.8987133373822583e-24,1.898713337382259e-24,1.8987133373823645e-24,1.898713337382052e-24,1.8987133373820515e-24,1.8987133373820522e-24,1.8987133373820225e-24,1.8987133373819523e-24,1.8987133373819905e-24,1.8987133373819898e-24,1.898713337381274e-24,1.8987133373812735e-24,1.898713337381196e-24,1.8987133373810957e-24,1.8987133373810964e-24,1.8987133373810957e-24,1.8987133373778693e-24,1.898713337377888e-24,1.8987133373777e-24,1.89871333737786e-24,1.8987133373778443e-24,1.8987133373745294e-24,1.8987133373748795e-24,1.8987133373748795e-24,1.89871333737488e-24,1.8987133373752858e-24,1.898713337376498e-24,1.8987133373764988e-24,1.8987133373764205e-24,1.89871333737642e-24,1.8987133373764767e-24,1.8987133373769054e-24,1.8987133373769168e-24,1.898713337376625e-24,1.8987133373751525e-24,1.8987133373514817e-24,1.8987133373514813e-24,1.8987133373514703e-24,1.8987133373514703e-24,1.8987133373515162e-24,1.8987133373513715e-24,1.898713337350118e-24,1.8987133373501405e-24,1.8987133373500274e-24,1.898713337351275e-24,1.8987133373512745e-24,1.8987133373515933e-24,1.8987133373515937e-24,1.898713337351594e-24,1.898713337351594e-24,1.8987133373515933e-24,1.8987133373515933e-24,1.8987133373515933e-24,1.8987133373515933e-24,1.8987133373515937e-24,1.8987133373514486e-24,1.8987133373512804e-24,1.8987133373518582e-24,1.898713337365899e-24,1.8987133373658943e-24,1.898713337365803e-24,1.8987133373657797e-24,1.8987133375263144e-24,1.8987133375263148e-24,1.898713337526315e-24,1.8987133375264735e-24,1.8987133375264735e-24,1.898713337526489e-24,1.8987133375264896e-24,1.8987133375264147e-24,1.898713337526355e-24,1.8987133375277313e-24,1.8987133375277313e-24,1.8987133375279807e-24,1.8987133375280185e-24,1.898713337527636e-24,1.898713337528396e-24,1.8987133375283774e-24,1.898713337528202e-24,1.898713337528159e-24,1.8987133365981e-24,1.8987133365982205e-24,1.898713336598196e-24,1.8987133365981253e-24,1.898713336598124e-24,1.8987133365966372e-24,1.8987133365965987e-24,1.898713336596599e-24,1.898713336596599e-24,1.898713336596599e-24,1.8987133365966266e-24,1.8987133365966203e-24,1.8987133365967074e-24,1.898713336597291e-24,1.898713336597338e-24,1.8987133365975027e-24,1.8987133365975027e-24,1.898713336596913e-24,1.898713336595942e-24,1.8987133365959503e-24,1.898713336599358e-24,1.898713336598949e-24,1.8987133365990444e-24,1.8987133365990448e-24,1.8987133366007827e-24,1.898713336600856e-24,1.898713336600608e-24,1.898713336600487e-24,1.898713336601591e-24,1.8987133366015905e-24,1.898713336601566e-24,1.8987133366015927e-24,1.8987133366016386e-24,1.8987133366016434e-24,1.8987133365965737e-24,1.898713336596574e-24,1.8987133365965693e-24,1.898713336596518e-24,1.898713336596308e-24,1.8987133365962545e-24,1.898713336596225e-24,1.898713336597645e-24,1.89871333659823e-24,1.8987133365981353e-24,1.8987133365983722e-24,1.8987133365983182e-24,1.898713336598894e-24,1.8987133365990048e-24,1.8987133365987403e-24,1.898713336598689e-24,1.8987133365981477e-24,1.898713336598144e-24,1.898713336598364e-24,1.898713336598568e-24,1.8987133365973598e-24,1.898713336597395e-24,1.898713336597396e-24,1.898713336596119e-24,1.898713336596119e-24,1.8987133365961182e-24,1.898713336596119e-24,1.898713336594452e-24,1.8987133365943858e-24,1.898713336594339e-24,1.8987133365943054e-24,1.8987133365943057e-24,1.8987133365943057e-24,1.8987133365955363e-24,1.898713336595536e-24,1.8987133365956135e-24,1.8987133365980218e-24,1.898713336598021e-24,1.8987133365961017e-24,1.8987133365958122e-24,1.898713336595812e-24,1.898713336596476e-24,1.8987133365964583e-24,1.8987133365964907e-24,1.898713336596522e-24,1.8987133365970575e-24,1.898713336596549e-24,1.898713336599049e-24,1.898713336599039e-24,1.898713336598794e-24,1.89871333659879e-24,1.8987133365978612e-24,1.898713336597861e-24,1.8987133365978612e-24,1.898713336597861e-24,1.8987133365978605e-24,1.8987133365978605e-24,1.898713336597888e-24,1.8987133365978877e-24,1.8987133365978028e-24,1.8987133365978094e-24,1.8987133365976823e-24,1.8987133365977698e-24,1.8987133365977698e-24,1.89871333659777e-24,1.8987133365874056e-24,1.8987133365875745e-24,1.8987133365876972e-24,1.8987133365864876e-24,1.898713336586437e-24,1.8987133365869045e-24,1.898713336586905e-24,1.8987133365869045e-24,1.8987133365870066e-24,1.898713336586282e-24,1.8987133365862705e-24,1.898713336586172e-24,1.898713336586699e-24,1.8987133365868035e-24,1.8987133365880433e-24,1.8987133365880172e-24,1.8987133365880172e-24,1.8987133365868002e-24,1.898713336586792e-24,1.8987133365868942e-24,1.8987133365868942e-24,1.8987133365870426e-24,1.8987133365871932e-24,1.8987133365871936e-24,1.8987133365871936e-24,1.8987133365872002e-24,1.8987133365872182e-24,1.8987133365872024e-24,1.8987133365872028e-24,1.8987133365872024e-24,1.8987133365872028e-24,1.898713336587202e-24,1.89871333658699e-24,1.8987133365869897e-24,1.898713336587376e-24,1.8987133365873758e-24,1.8987133365877872e-24,1.8987133365885157e-24,1.8987133365885153e-24,1.8987133365884113e-24,1.8987133365921042e-24,1.8987133365924697e-24,1.8987133365924697e-24,1.8987133365924808e-24,1.898713336592399e-24,1.898713336592399e-24,1.898713336592398e-24,1.8987133365923948e-24,1.898713336591805e-24,1.898713336591805e-24,1.898713336591805e-24,1.8987133365918038e-24,1.8987133365918045e-24,1.898713336591487e-24,1.8987133365914845e-24,1.898713336591484e-24,1.898713336591484e-24,1.8987133365914838e-24,1.8987133365914886e-24,1.898713336591489e-24,1.8987133365914886e-24,1.8987133365919316e-24,1.898713336591897e-24,1.898713336591913e-24,1.8987133365920054e-24,1.8987133365919077e-24,1.898713336591876e-24,1.8987133365919463e-24,1.898713336591947e-24,1.8987133365919463e-24,1.8987133365919463e-24,1.898713336591946e-24,1.8987133365919463e-24,1.8987133365938873e-24,1.8987133365941077e-24,1.898713336594128e-24,1.8987133365941272e-24,1.8987133365949596e-24,1.8987133365949596e-24,1.8987133365955385e-24,1.8987133365954e-24,1.8987133365948725e-24,1.898713336593782e-24,1.8987133365937826e-24,1.8987133369789583e-24,1.8987133369753007e-24,1.8987133369753007e-24,1.8987133369753246e-24,1.898713336976295e-24,1.8987133369762947e-24,1.8987133366073978e-24,1.898713336608132e-24,1.8987133366081303e-24,1.8987133366081068e-24,1.898713336608106e-24,1.898713336609894e-24,1.898713336609827e-24,1.8987133366098263e-24,1.8987133366099842e-24,1.8987133366504583e-24,1.898713336650874e-24,1.8987133366509087e-24,1.8987133366434792e-24,1.89871333664348e-24,1.8987133366434792e-24,1.8987133366436717e-24,1.8987133366440097e-24,1.8987133366440093e-24,1.898713336643811e-24,1.8987133366443094e-24,1.898713336644299e-24,1.898713336644299e-24,1.898713336644319e-24,1.89871333664435e-24,1.8987133366443553e-24,1.898713336643355e-24,1.8987133366438734e-24,1.898713336647492e-24,1.898713336646001e-24,1.8987133366326603e-24,1.898713336537058e-24,1.8987133365370588e-24,1.8987133365370588e-24,1.898713336535583e-24,1.8987133365360798e-24,1.8987133365360794e-24,1.898713336536079e-24,1.898713336535934e-24,1.8987133365366187e-24,1.8987133365366257e-24,1.8987133365366253e-24,1.8987133365365394e-24,1.8987133365365397e-24,1.89871333653654e-24,1.898713336536354e-24,1.8987133365356188e-24,1.898713336535932e-24,1.898713336535914e-24,1.898713336535916e-24,1.8987133365359156e-24,1.8987133365359163e-24,1.8987133365358686e-24,1.8987133365358686e-24,1.8987133365358627e-24,1.8987133365358623e-24,1.898713336535912e-24,1.8987133365359112e-24,1.8987133365338603e-24,1.898713336533591e-24,1.8987133365336543e-24,1.8987133365336194e-24,1.898713336534528e-24,1.8987133365345414e-24,1.8987133365344587e-24,1.8987133365343673e-24,1.8987133365340047e-24,1.898713336534005e-24,1.898713336533983e-24,1.89871333653403e-24,1.898713336532888e-24,1.8987133365309095e-24,1.898713336531011e-24,1.8987133365277276e-24,1.8987133365277287e-24,1.8987133365277334e-24,1.8987133365277338e-24,1.8987133365277437e-24,1.898713336527744e-24,1.8987133365276045e-24,1.8987133365275512e-24,1.8987133365275086e-24,1.898713336527509e-24,1.8987133365275097e-24,1.8987133365274998e-24,1.8987133365275354e-24,1.898713336527535e-24,1.898713336526663e-24,1.89871333652696e-24,1.8987133365269253e-24,1.89871333652699e-24,1.89871333652707e-24,1.89871333652707e-24,1.8987133365270785e-24,1.898713336527121e-24,1.8987133365271214e-24,1.898713336527108e-24,1.89871333652704e-24,1.898713336525593e-24,1.898713336525593e-24,1.898713336525593e-24,1.898713336525594e-24,1.8987133365255944e-24,1.8987133365255933e-24,1.898713336525656e-24,1.8987133365256554e-24,1.898713336524938e-24,1.898713336524917e-24,1.8987133365249097e-24,1.8987133365247326e-24,1.8987133365247334e-24,1.898713336524733e-24,1.8987133365246676e-24,1.8987133365246683e-24,1.8987133365246977e-24,1.898713336524698e-24,1.8987133365249442e-24,1.8987133365249718e-24,1.8987133365300444e-24,1.8987133365300488e-24,1.8987133365306215e-24,1.8987133365306204e-24,1.8987133365305407e-24,1.8987133365306883e-24,1.8987133365288806e-24,1.8987133365288806e-24,1.898713336528791e-24,1.898713336528791e-24,1.898713336529144e-24,1.898713336531782e-24,1.898713336531782e-24,1.8987133365317845e-24,1.8987133365317845e-24,1.8987133365590266e-24,1.898713336560545e-24,1.8987133365605654e-24,1.8987133365608805e-24,1.8987133365599717e-24,1.8987133365600676e-24,1.8987133365600676e-24,1.8987133365587797e-24,1.89871333655878e-24,1.8987133365587485e-24,1.8987133365586985e-24,1.8987133365586985e-24,1.8987133365587004e-24,1.89871333652422e-24,1.8987133365239208e-24,1.8987133365240494e-24,1.8987133365240516e-24,1.898713336523169e-24,1.898713336523332e-24,1.8987133365229675e-24,1.898713336522531e-24,1.898713336522444e-24,1.8987133365224448e-24,1.898713336522445e-24,1.898713336522414e-24,1.8987133365224136e-24,1.8987133365224136e-24,1.8987133380557196e-24,1.8987133380556913e-24,1.898713338055692e-24,1.8987133380557093e-24,1.8987133380557097e-24,1.898713338055764e-24,1.8987133380557637e-24,1.898713338055764e-24,1.8987133380558276e-24,1.8987133380558272e-24,1.8987133380552674e-24,1.8987133380558838e-24,1.8987133380558834e-24,1.898713338055856e-24,1.898713338055876e-24,1.898713338056619e-24,1.8987133380551693e-24,1.898713338051563e-24,1.8987133380515624e-24,1.898713338051995e-24,1.8987133380518765e-24,1.898713338051876e-24,1.8987133380536684e-24,1.898713338053671e-24,1.8987133380536717e-24,1.898713338054251e-24,1.898713338059577e-24,1.8987133380595774e-24,1.8987133380596557e-24,1.898713338059928e-24,1.8987133380599282e-24,1.898713338060061e-24,1.898713338060138e-24,1.898713338060138e-24,1.898713338059979e-24,1.898713338059979e-24,1.8987133380599323e-24,1.898713338059936e-24,1.898713338060553e-24,1.8987133380605527e-24,1.8987133380605527e-24,1.898713338060553e-24,1.8987133380613043e-24,1.8987133380613072e-24,1.898713338065399e-24,1.8987133380653987e-24,1.8987133380654788e-24,1.898713338065422e-24,1.8987133380654226e-24,1.898713338065422e-24,1.898713338065422e-24,1.8987133380669933e-24,1.8987133380669933e-24,1.8987133380670414e-24,1.8987133380670422e-24,1.8987133380675e-24,1.8987133380674995e-24,1.8987133380670422e-24,1.8987133380670047e-24,1.89871333806016e-24,1.8987133380598886e-24,1.8987133380596244e-24,1.8987133380596244e-24,1.8987133380800075e-24,1.8987133380800075e-24,1.898713338079923e-24,1.8987133379181706e-24,1.8987133379181107e-24,1.898713337919446e-24,1.8987133379194107e-24,1.8987133379186643e-24,1.8987133379183337e-24,1.8987133379183017e-24,1.8987133379182573e-24,1.898713337918257e-24,1.8987133379167486e-24,1.8987133379167945e-24,1.8987133379160334e-24,1.8987133379160334e-24,1.8987133379157076e-24,1.898713337915708e-24,1.8987133379164077e-24,1.8987133379215887e-24,1.89871333792165e-24,1.8987133379212357e-24,1.8987133379214517e-24,1.8987133379208173e-24,1.8987133379208177e-24,1.8987133379119772e-24,1.898713337911977e-24,1.8987133379133856e-24,1.898713337971296e-24,1.8987133379712967e-24,1.898713337971635e-24,1.898713337969049e-24,1.8987133379690497e-24,1.8987133379670032e-24,1.8987133379670025e-24,1.898713337967022e-24,1.8987133379668655e-24,1.898713337966865e-24,1.8987133379668555e-24,1.898713337966787e-24,1.898713337966841e-24,1.8987133379668126e-24,1.8987133379668126e-24,1.8987133379668126e-24,1.8987133379554856e-24,1.8987133379554856e-24,1.898713335999622e-24,1.8987133359996213e-24,1.8987133359996455e-24,1.898713335999646e-24,1.8987133359996466e-24,1.8987133359996588e-24,1.8987133359997455e-24,1.8987133359998064e-24,1.8987133360104443e-24,1.8987133360104436e-24,1.8987133360104436e-24,1.898713336010444e-24,1.8987133360104436e-24,1.8987133360104906e-24,1.898713336010491e-24,1.8987133360106548e-24,1.898713336010655e-24,1.8987133360100016e-24,1.8987133360118586e-24,1.8987133360116345e-24,1.8987133360116337e-24,1.8987133360116584e-24,1.8987133360116584e-24,1.8987133360116587e-24,1.8987133360115625e-24,1.8987133360115584e-24,1.8987133360115577e-24,1.898713336016958e-24,1.8987133360168254e-24,1.898713336017642e-24,1.89871333601405e-24,1.8987133360140538e-24,1.898713336014376e-24,1.898713336014327e-24,1.898713336012307e-24,1.8987133360122487e-24,1.8987133360122406e-24,1.898713336012214e-24,1.898713336013657e-24,1.8987133360137217e-24,1.89871333601766e-24,1.898713336023563e-24,1.8987133360235635e-24,1.898713336023563e-24,1.8987133360236572e-24,1.898713336023657e-24,1.89871333602366e-24,1.898713336023309e-24,1.8987133360262914e-24,1.898713336026293e-24,1.8987133360262933e-24,1.8987133360262936e-24,1.8987133360219406e-24,1.8987133360165804e-24,1.8987133359915324e-24,1.8987133359915324e-24,1.898713335991532e-24,1.8987133359915328e-24,1.898713335991328e-24,1.89871333599139e-24,1.8987133359913906e-24,1.8987133359891326e-24,1.8987133359891322e-24,1.8987133359895767e-24,1.8987133359895767e-24,1.898713335995901e-24,1.8987133359957546e-24,1.8987133359960408e-24,1.898713335996339e-24,1.898713336008025e-24,1.8987133360080275e-24,1.8987133360080268e-24,1.898713336005815e-24,1.8987133360058125e-24,1.898713336005812e-24,1.8987133360059355e-24,1.8987133360112877e-24,1.8987133360112877e-24,1.8987133360112877e-24,1.8987133360116187e-24,1.89871333601137e-24,1.89871333601137e-24,1.8987133360113696e-24,1.8987133360113696e-24,1.8987133360062492e-24,1.89871333600625e-24,1.8987133360062265e-24,1.8987133360062272e-24,1.898713336006859e-24,1.898713336007616e-24,1.8987133360020917e-24,1.8987133360020917e-24,1.8987133360019073e-24,1.8987133360019613e-24,1.8987133360019613e-24,1.898713336001922e-24,1.8987133359986313e-24,1.8987133359985086e-24,1.898713335998481e-24,1.8987133359984807e-24,1.8987133358831798e-24,1.8987133358831798e-24,1.898713335881912e-24,1.8987133358819124e-24,1.898713335881909e-24,1.8987133358819088e-24,1.8987133358936013e-24,1.8987133358937188e-24,1.8987133358942195e-24,1.8987133358942195e-24,1.898713335894219e-24,1.8987133358942195e-24,1.8987133358942074e-24,1.8987133358942066e-24,1.898713335894207e-24,1.898713335894207e-24,1.8987133358942066e-24,1.8987133358942066e-24,1.8987133358944094e-24,1.8987133358944098e-24,1.8987133358942323e-24,1.8987133358942327e-24,1.898713335894232e-24,1.8987133358942323e-24,1.898713335894232e-24,1.8987133358988553e-24,1.8987133358988546e-24,1.8987133358989935e-24,1.8987133358989935e-24,1.8987133358990915e-24,1.898713335899091e-24,1.8987133358990915e-24,1.8987133358946467e-24,1.8987133358946467e-24,1.8987133358947903e-24,1.8987133358947738e-24,1.8987133358947745e-24,1.8987133358947723e-24,1.8987133358947716e-24,1.898713335894757e-24,1.898713335891327e-24,1.898713335891327e-24,1.898713335891325e-24,1.898713335892253e-24,1.898713335892284e-24,1.8987133358922836e-24,1.8987133358922825e-24,1.8987133358922443e-24,1.8987133358922513e-24,1.8987133358922513e-24,1.8987133358922895e-24,1.8987133358922895e-24,1.8987133358934628e-24,1.89871333589332e-24,1.8987133358933195e-24,1.898713335893319e-24,1.8987133358933195e-24,1.898713335893319e-24,1.898713335893258e-24,1.8987133358936993e-24,1.8987133359015755e-24,1.8987133359008265e-24,1.8987133359006524e-24,1.8987133359021772e-24,1.898713335902586e-24,1.8987133359025864e-24,1.8987133359026254e-24,1.8987133359023837e-24,1.8987133359023833e-24,1.8987133359023943e-24,1.8987133359023943e-24,1.8987133359023763e-24,1.8987133359017996e-24,1.8987133359018e-24,1.898713335902455e-24,1.898713335902546e-24,1.8987133359022026e-24,1.898713335902203e-24,1.8987133359022022e-24,1.8987133359012166e-24,1.898713335901217e-24,1.89871333590118e-24,1.8987133359014477e-24,1.8987133359014165e-24,1.8987133359014157e-24,1.898713335901416e-24,1.898713335901394e-24,1.898713335901257e-24,1.8987133359029707e-24,1.898713335903209e-24,1.898713335903342e-24,1.898713335903342e-24,1.898713335903391e-24,1.8987133359032675e-24,1.8987133359032965e-24,1.898713335903297e-24,1.8987133359032983e-24,1.8987133359018455e-24,1.8987133359026805e-24,1.8987133359026812e-24,1.898713335902681e-24,1.8987133359008507e-24,1.898713335900753e-24,1.8987133359007527e-24,1.8987133359006417e-24,1.8987133359005106e-24,1.898713335900511e-24,1.8987133359003596e-24,1.8987133359003596e-24,1.8987133359003886e-24,1.898713335900389e-24,1.8987133359002872e-24,1.8987133358998475e-24,1.8987133358982103e-24,1.89871333589821e-24,1.8987133358982107e-24,1.8987133358982044e-24,1.898713335899253e-24,1.8987133358991404e-24,1.8987133358984542e-24,1.8987133358982254e-24,1.898713335898203e-24,1.8987133358982202e-24,1.89871333589856e-24,1.8987133358985604e-24,1.8987133358986386e-24,1.8987133358986298e-24,1.8987133358986022e-24,1.898713335898603e-24,1.8987133358986015e-24,1.898713335898601e-24,1.8987133359032348e-24,1.89871333590334e-24,1.89871333590334e-24,1.89871333590334e-24,1.8987133359033395e-24,1.8987133359056817e-24,1.8987133359056864e-24,1.8987133359056864e-24,1.898713335905686e-24,1.89871333590575e-24,1.8987133359056765e-24,1.8987133359056765e-24,1.8987133359056677e-24,1.8987133359051677e-24,1.898713335905167e-24,1.898713335905167e-24,1.8987133359053448e-24,1.898713335903489e-24,1.8987133358969852e-24,1.8987133358927384e-24,1.8987133358926502e-24,1.898713335893517e-24,1.8987133358935168e-24,1.8987133358863613e-24,1.898713335886361e-24,1.8987133358868804e-24,1.898713335886822e-24,1.8987133358878652e-24,1.8987133358878652e-24,1.898713335887865e-24,1.8987133358878652e-24,1.8987133358878986e-24,1.898713335888237e-24,1.8987133358880555e-24,1.898713335888061e-24,1.8987133358880617e-24,1.898713335888242e-24,1.898713335887551e-24,1.8987133358875515e-24,1.8987133358881683e-24,1.898713335888177e-24,1.8987133358873127e-24,1.8987133358873127e-24,1.8987133358885786e-24,1.8987133358885782e-24,1.8987133358885356e-24,1.8987133358884805e-24,1.89871333588848e-24,1.8987133358884654e-24,1.898713335888522e-24,1.8987133358801826e-24,1.898713335880191e-24,1.898713335880191e-24,1.8987133358801903e-24,1.8987133358801907e-24,1.8987133358804673e-24,1.8987133358744697e-24,1.898713335866414e-24,1.898713335866294e-24,1.898713335866294e-24,1.8987133358662945e-24,1.898713335866117e-24,1.8987133358661164e-24,1.898713335866558e-24,1.8987133358565926e-24,1.8987133358572965e-24,1.8987133358577777e-24,1.898713335857857e-24,1.8987133358578372e-24,1.898713335857838e-24,1.8987133358583706e-24,1.89871333585837e-24,1.89871333585837e-24,1.8987133358584242e-24,1.8987133356367392e-24,1.898713335635177e-24,1.8987133356351765e-24,1.898713335635353e-24,1.898713335635354e-24,1.8987133356352724e-24,1.898713335635275e-24,1.8987133356352746e-24,1.8987133356352746e-24,1.8987133356353628e-24,1.898713335640491e-24,1.898713335636111e-24,1.8987133356361103e-24,1.8987133356303526e-24,1.8987133356303526e-24,1.898713335630353e-24,1.898713335624205e-24,1.8987133356211268e-24,1.898713335621265e-24,1.8987133356212653e-24,1.898713335621449e-24,1.8987133356237254e-24,1.8987133356237254e-24,1.898713335623726e-24,1.898713335623726e-24,1.898713335623726e-24,1.8987133356227005e-24,1.8987133356226825e-24,1.898713335622682e-24,1.8987133356226825e-24,1.898713335622682e-24,1.898713335622682e-24,1.898713335622685e-24,1.898713336029931e-24,1.898713336036526e-24,1.898713336037578e-24,1.898713336037578e-24,1.898713336037578e-24,1.8987133360380063e-24,1.8987133360380078e-24,1.8987133360380647e-24,1.8987133360382778e-24,1.8987133360383e-24,1.8987133360382995e-24,1.8987133360226246e-24,1.8987133360790002e-24,1.8987133360710513e-24,1.898713336071281e-24,1.8987133360695522e-24,1.8987133360695522e-24,1.8987133360693355e-24,1.89871333606934e-24,1.8987133360693406e-24,1.8987133360693347e-24,1.8987133360693347e-24,1.8987133360692866e-24,1.898713336069286e-24,1.8987133360692804e-24,1.8987133360692807e-24,1.8987133360692936e-24,1.89871333606926e-24,1.8987133360692598e-24,1.89871333606926e-24,1.8987133360692598e-24,1.89871333606926e-24,1.89871333606926e-24,1.8987133360692065e-24,1.898713336069206e-24,1.8987133360688395e-24,1.898713336068581e-24,1.8987133360685806e-24,1.898713336068723e-24,1.8987133360686217e-24,1.8987133360683256e-24,1.8987133360683256e-24,1.89871333606785e-24,1.8987133360677956e-24,1.898713336067795e-24,1.898713336067794e-24,1.898713333624195e-24,1.8987133336222244e-24,1.8987133336221116e-24,1.8987133336219878e-24,1.8987133336219867e-24,1.8987133336223147e-24,1.8987133336223144e-24,1.898713333622315e-24,1.8987133336223147e-24,1.8987133336223305e-24,1.8987133336222894e-24,1.8987133336227842e-24,1.8987133336227842e-24,1.898713333622775e-24,1.8987133336227754e-24,1.8987133336226116e-24,1.898713333622612e-24,1.8987133336228107e-24,1.8987133336230608e-24,1.8987133336230726e-24,1.8987133336235648e-24,1.8987133336235648e-24,1.898713333623565e-24,1.8987133336235644e-24,1.8987133336235685e-24,1.8987133336235685e-24,1.8987133336233345e-24,1.8987133336232864e-24,1.8987133336178806e-24,1.898713333619199e-24,1.8987133336192794e-24,1.8987133336190726e-24,1.898713333619141e-24,1.8987133336192247e-24,1.8987133336187655e-24,1.898713333618765e-24,1.8987133336181e-24,1.8987133336191097e-24,1.8987133336191134e-24,1.898713333313565e-24,1.8987133333138643e-24,1.8987133333138643e-24,1.8987133333138797e-24,1.8987133333140865e-24,1.8987133333141218e-24,1.8987133333155298e-24,1.89871333331553e-24,1.8987133333144906e-24,1.8987133333144362e-24,1.898713333314159e-24,1.89871333331416e-24,1.898713333314192e-24,1.8987133333143477e-24,1.898713333440584e-24,1.8987133334419406e-24,1.8987133334419403e-24,1.8987133334415255e-24,1.898713333441525e-24,1.8987133334415314e-24,1.898713333441528e-24,1.8987133334419017e-24,1.8987133334419017e-24,1.898713333441898e-24,1.8987133334418984e-24,1.8987133334419513e-24,1.8987133334419634e-24,1.898713333441963e-24,1.8987133334419612e-24,1.8987133334424964e-24,1.898713333442278e-24,1.8987133334422786e-24,1.8987133334421787e-24,1.89871333344188e-24,1.8987133334417066e-24,1.898713333441391e-24,1.8987133334413907e-24,1.8987133334413904e-24,1.8987133334414414e-24,1.898713333441856e-24,1.898713333441852e-24,1.898713333441542e-24,1.8987133334415424e-24,1.898713333441543e-24,1.898713333442012e-24,1.8987133334420266e-24,1.8987133334440025e-24,1.898713333444071e-24,1.8987133334440268e-24,1.898713333444036e-24,1.898713333444036e-24,1.8987133334440378e-24,1.8987133334440378e-24,1.8987133334440378e-24,1.8987133334440367e-24,1.8987133334439173e-24,1.898713333443909e-24,1.898713333443908e-24,1.898713333443908e-24,1.898713333443837e-24,1.8987133334438387e-24,1.8987133334439485e-24,1.8987133334441142e-24,1.8987133334441216e-24,1.898713333444121e-24,1.8987133334437447e-24,1.898713333443745e-24,1.8987133334429314e-24,1.898713333442912e-24,1.8987133334429123e-24,1.898713333443048e-24,1.8987133334446817e-24,1.8987133334446817e-24,1.8987133334446817e-24,1.8987133334446946e-24,1.8987133334443967e-24,1.8987133334443993e-24,1.8987133334446347e-24,1.8987133334446344e-24,1.8987133334448584e-24,1.8987133334454657e-24,1.8987133334432965e-24,1.8987133334432833e-24,1.8987133334432847e-24,1.8987133334432888e-24,1.8987133334433766e-24,1.89871333344312e-24,1.8987133334431205e-24,1.898713333443121e-24,1.898713333443121e-24,1.8987133334431205e-24,1.8987133334430834e-24,1.898713333443041e-24,1.8987133334430526e-24,1.8987133334430533e-24,1.8987133334429692e-24,1.898713333442973e-24,1.8987133334429736e-24,1.898713333442954e-24,1.8987133334432227e-24,1.8987133334404724e-24,1.898713333439524e-24,1.898713333439917e-24,1.898713333439617e-24,1.8987133334396176e-24,1.898713333439457e-24,1.8987133334393557e-24,1.898713333439355e-24,1.898713333440432e-24,1.8987133334404327e-24,1.898713333440432e-24,1.8987133334404323e-24,1.8987133334403706e-24,1.898713333440371e-24,1.898713333440296e-24,1.898713333437793e-24,1.8987133334377276e-24,1.8987133334377412e-24,1.898713333437556e-24,1.8987133334385662e-24,1.898713333438566e-24,1.8987133334384586e-24,1.8987133334384582e-24,1.8987133334385174e-24,1.8987133334384663e-24,1.8987133334385104e-24,1.8987133334385108e-24,1.8987133334384836e-24,1.898713333438501e-24,1.8987133334385056e-24,1.898713333438326e-24,1.8987133334392642e-24,1.8987133334392646e-24,1.8987133334392642e-24,1.898713333439265e-24,1.898713333439559e-24,1.8987133334395037e-24,1.8987133334395033e-24,1.8987133334397432e-24,1.898713333439743e-24,1.8987133334399856e-24,1.8987133334399676e-24,1.8987133334402983e-24,1.8987133334403063e-24,1.8987133334403067e-24,1.898713333440307e-24,1.8987133334403927e-24,1.8987133334400025e-24,1.898713333426376e-24,1.8987133334263767e-24,1.898713333426379e-24,1.898713333424557e-24,1.898713333424556e-24,1.8987133334245565e-24,1.8987133334245503e-24,1.898713333424559e-24,1.898713333424549e-24,1.8987133334244787e-24,1.8987133334244783e-24,1.8987133334246715e-24,1.8987133334246715e-24,1.8987133334246715e-24,1.898713333424672e-24,1.898713333424681e-24,1.8987133334246895e-24,1.898713333424772e-24,1.898713333424772e-24,1.898713333424961e-24,1.8987133334249606e-24,1.8987133334249353e-24,1.898713333424933e-24,1.8987133334249327e-24,1.89871333342492e-24,1.898713333424919e-24,1.8987133334250223e-24,1.898713333425023e-24,1.8987133334250227e-24,1.8987133334249753e-24,1.8987133334250176e-24,1.8987133334250176e-24,1.8987133334250172e-24,1.8987133334250176e-24,1.8987133334250176e-24,1.8987133334250227e-24,1.898713333425023e-24,1.8987133334249966e-24,1.8987133334249823e-24,1.8987133334250267e-24,1.8987133334258746e-24,1.898713333425875e-24,1.8987133333973365e-24,1.8987133333973358e-24,1.898713333397337e-24,1.898713333396977e-24,1.898713333397134e-24,1.8987133334159806e-24,1.8987133334062864e-24,1.8987133333950237e-24,1.8987133333360723e-24,1.898713333322452e-24,1.8987133333524833e-24,1.8987133333786193e-24,1.8987133333786193e-24,1.8987133333371152e-24,1.8987133333371152e-24,1.898713333331682e-24,1.8987133333321645e-24,1.8987133333321645e-24,1.898713333331867e-24,1.8987133333234725e-24,1.8987133333250715e-24,1.8987133333249073e-24,1.898713333324908e-24,1.898713333324908e-24,1.898713333308413e-24,1.8987133333084137e-24,1.898713333308414e-24,1.8987133333088093e-24,1.8987133333087e-24,1.898713333308814e-24,1.898713333308702e-24,1.898713333271493e-24,1.898713333271913e-24,1.898713333271809e-24,1.89871333327181e-24,1.8987133332719484e-24,1.898713333279337e-24,1.8987133332793374e-24,1.8987133332793374e-24,1.8987133332792864e-24,1.8987133333009526e-24,1.8987133333027103e-24,1.8987133333028025e-24,1.898713333302803e-24,1.8987133333028033e-24,1.8987133332801967e-24,1.8987133332801974e-24,1.898713333261682e-24,1.898713333261684e-24,1.898713333260603e-24,1.8987133332539273e-24,1.898713333264872e-24,1.8987133332649498e-24,1.8987133332650276e-24,1.898713333265027e-24,1.8987133332638698e-24,1.8987133332638694e-24,1.898713333264118e-24,1.8987133332641177e-24,1.8987133332641247e-24,1.8987133332641247e-24,1.898713333264125e-24,1.898713333264142e-24,1.8987133332672016e-24,1.898713333266427e-24,1.898713333266427e-24,1.8987133332664327e-24,1.898713333266294e-24,1.8987133332917944e-24,1.898713333291661e-24,1.8987133332916618e-24,1.898713333291662e-24,1.8987133333217184e-24,1.89871333333991e-24,1.8987133333405587e-24,1.898713333324208e-24,1.8987133333245517e-24,1.8987133333245503e-24,1.898713333324294e-24,1.898713333324293e-24,1.898713333323723e-24,1.8987133333231463e-24,1.898713333322911e-24,1.898713333322888e-24,1.898713333322894e-24,1.898713333322773e-24,1.8987133333227374e-24,1.8987133333228546e-24,1.898713333322826e-24,1.8987133333228263e-24,1.8987133333228263e-24,1.8987133333228238e-24,1.8987133333228443e-24,1.898713333322844e-24,1.8987133333224285e-24,1.8987133333222694e-24,1.8987133333222125e-24,1.8987133333222132e-24,1.8987133333222107e-24,1.8987133333218925e-24,1.8987133333218834e-24,1.898713333321883e-24,1.8987133333218834e-24,1.898713333321732e-24,1.8987133333217603e-24,1.8987133333217607e-24,1.8987133333226827e-24,1.8987133333222672e-24,1.8987133333222647e-24,1.898713333321201e-24,1.898713333321201e-24,1.8987133333212012e-24,1.8987133333208434e-24,1.898713333320843e-24,1.898713333320844e-24,1.8987133333208434e-24,1.898713333320862e-24,1.89871333332427e-24,1.8987133333242454e-24,1.8987133333263675e-24,1.8987133333267124e-24,1.898713333326809e-24,1.8987133333268113e-24,1.898713333326366e-24,1.8987133333263664e-24,1.898713333326479e-24,1.8987133333265148e-24,1.8987133333265144e-24,1.898713333326623e-24,1.898713333326623e-24,1.8987133333266228e-24,1.8987133333267242e-24,1.8987133333267235e-24,1.8987133333269266e-24,1.8987133333250054e-24,1.8987133333250032e-24,1.898713333324732e-24,1.8987133333247314e-24,1.898713333335564e-24,1.8987133333355617e-24,1.8987133333080327e-24,1.8987133333081352e-24,1.898713333308136e-24,1.8987133333081536e-24,1.898713333308159e-24,1.8987133333081595e-24,1.898713333308695e-24,1.898713333308695e-24,1.8987133333087024e-24,1.8987133333086756e-24,1.8987133333087788e-24,1.8987133333094048e-24,1.8987133333093522e-24,1.8987133333093702e-24,1.898713333309364e-24,1.898713333309364e-24,1.898713333309308e-24,1.8987133333093996e-24,1.8987133333150795e-24,1.8987133333150795e-24,1.898713333315073e-24,1.8987133333150765e-24,1.89871333331498e-24,1.8987133333159534e-24,1.8987133333159526e-24,1.8987133333159493e-24,1.898713333316185e-24,1.8987133333163784e-24,1.8987133333166542e-24,1.8987133333166983e-24,1.898713333316689e-24,1.898713333316689e-24,1.898713333316689e-24,1.898713333316285e-24,1.8987133333162748e-24,1.8987133333168526e-24,1.8987133333169786e-24,1.898713333317008e-24,1.898713333317e-24,1.898713333317009e-24,1.8987133333170087e-24,1.898713333317008e-24,1.8987133333170275e-24,1.8987133333170275e-24,1.8987133332584566e-24,1.8987133332585947e-24,1.8987133332591436e-24,1.8987133332591414e-24,1.8987133332591417e-24,1.8987133332591417e-24,1.8987133332591388e-24,1.8987133332591395e-24,1.8987133332578663e-24,1.898713333257547e-24,1.898713333257492e-24,1.8987133332575328e-24,1.898713333257538e-24,1.8987133332575386e-24,1.898713333257275e-24,1.898713333257279e-24,1.8987133332572595e-24,1.8987133332573304e-24,1.8987133332573307e-24,1.8987133332569333e-24,1.8987133332569064e-24,1.8987133332569053e-24,1.8987133332570795e-24,1.8987133332569204e-24,1.8987133332576786e-24,1.8987133332577455e-24,1.8987133332577455e-24,1.8987133332577447e-24,1.8987133332577803e-24,1.8987133332577807e-24,1.8987133332578028e-24,1.8987133332577432e-24,1.898713333257753e-24,1.898713333257754e-24,1.8987133332577535e-24,1.898713333257784e-24,1.8987133332577837e-24,1.8987133332577734e-24,1.898713333257774e-24,1.8987133332579614e-24,1.8987133332555715e-24,1.898713333255572e-24,1.8987133332555715e-24,1.898713333255571e-24,1.8987133332555377e-24,1.898713333255539e-24,1.898713333255523e-24,1.8987133332555227e-24,1.898713333255523e-24,1.8987133332557306e-24,1.898713333255856e-24,1.8987133332558334e-24,1.8987133332552802e-24,1.8987133332552523e-24,1.898713333255252e-24,1.8987133332550756e-24,1.8987133332550752e-24,1.8987133332550745e-24,1.8987133332550778e-24,1.898713333254826e-24,1.8987133332548255e-24,1.8987133332516964e-24,1.8987133332517144e-24,1.89871333325223e-24,1.8987133332522177e-24,1.898713333252216e-24,1.8987133332522155e-24,1.8987133332523213e-24,1.8987133332523095e-24,1.898713333252287e-24,1.8987133332522897e-24,1.8987133332522893e-24,1.898713333252188e-24,1.8987133332522368e-24,1.8987133332514184e-24,1.8987133332531996e-24,1.8987133332472487e-24,1.8987133332473475e-24,1.898713333247348e-24,1.8987133332475535e-24,1.89871333324743e-24,1.8987133332474415e-24,1.8987133332474415e-24,1.898713333247441e-24,1.898713333246677e-24,1.8987133332462972e-24,1.898713333246303e-24,1.8987133332462726e-24,1.8987133332463094e-24,1.898713333248347e-24,1.898713333248337e-24,1.8987133332483316e-24,1.898713333246369e-24,1.8987133332463538e-24,1.898713333243372e-24,1.898713333243372e-24,1.8987133332433717e-24,1.8987133332428354e-24,1.8987133332413337e-24,1.8987133332183594e-24,1.8987133332183605e-24,1.8987133332183605e-24,1.898713333218361e-24,1.898713333218361e-24,1.8987133332184637e-24,1.8987133332175693e-24,1.8987133332175693e-24,1.8987133332175693e-24,1.8987133332177845e-24,1.8987133332177728e-24,1.898713333217774e-24,1.8987133332177735e-24,1.898713333219208e-24,1.8987133332192076e-24,1.898713333219208e-24,1.898713333219173e-24,1.8987133332155004e-24,1.8987133332151705e-24,1.8987133332151804e-24,1.898713333215175e-24,1.8987133332151742e-24,1.898713333215093e-24,1.898713333215109e-24,1.8987133332151088e-24,1.898713333215079e-24,1.8987133332148506e-24,1.8987133332148234e-24,1.8987133332149806e-24,1.8987133332146764e-24,1.898713333206947e-24,1.8987133332051237e-24,1.8987133332050554e-24,1.898713333205055e-24,1.8987133332050495e-24,1.89871333320505e-24,1.8987133332178617e-24,1.8987133332177092e-24,1.8987133332175806e-24,1.8987133332175803e-24,1.8987133332175806e-24,1.8987133332148175e-24,1.8987133329937526e-24,1.898713332994147e-24,1.898713332994264e-24,1.898713332994864e-24,1.8987133329946555e-24,1.898713332994554e-24,1.898713332996453e-24,1.8987133329964525e-24,1.898713332996465e-24,1.8987133329973874e-24,1.8987133329945842e-24,1.8987133329945846e-24,1.8987133329946312e-24,1.898713332993268e-24,1.898713332993333e-24,1.898713332993333e-24,1.8987133329924698e-24,1.898713332992482e-24,1.898713332992591e-24,1.898713332992591e-24,1.898713332992924e-24,1.8987133329931424e-24,1.898713332993142e-24,1.8987133330112553e-24,1.8987133330113218e-24,1.898713333011322e-24,1.8987133330113218e-24,1.8987133330144284e-24,1.8987133330137716e-24,1.898713333013774e-24,1.898713333013776e-24,1.898713333013776e-24,1.8987133330149967e-24,1.898713333014997e-24,1.8987133330149967e-24,1.89871333301514e-24,1.898713333015161e-24,1.898713333019913e-24,1.8987133330189555e-24,1.8987133329876404e-24,1.8987133329876404e-24,1.8987133329876404e-24,1.89871333298766e-24,1.89871333298766e-24,1.8987133329861835e-24,1.898713332986184e-24,1.898713332986186e-24,1.8987133329853327e-24,1.8987133329853074e-24,1.898713332985292e-24,1.898713332985207e-24,1.8987133329911606e-24,1.8987133329911606e-24,1.8987133329911613e-24,1.8987133329911606e-24,1.8987133329912183e-24,1.898713332991223e-24,1.8987133329912087e-24,1.8987133329912095e-24,1.8987133329910713e-24,1.8987133329909905e-24,1.898713332990508e-24,1.8987133329905244e-24,1.898713332990528e-24,1.8987133329905277e-24,1.8987133329903763e-24,1.8987133329903616e-24,1.898713332990361e-24,1.8987133329903613e-24,1.898713332990362e-24,1.8987133329902904e-24,1.8987133329902904e-24,1.8987133329902856e-24,1.898713332990286e-24,1.898713332990298e-24,1.8987133329901644e-24,1.8987133329901644e-24,1.8987133329901644e-24,1.898713332990157e-24,1.8987133329906992e-24,1.898713332990699e-24,1.8987133329905023e-24,1.8987133329941004e-24,1.8987133329941004e-24,1.8987133329940894e-24,1.89871333299409e-24,1.8987133329943344e-24,1.8987133329943348e-24,1.8987133329943344e-24,1.8987133329943502e-24,1.898713332995054e-24,1.8987133329954486e-24,1.8987133329953248e-24,1.8987133329954405e-24,1.89871333299544e-24,1.8987133329952293e-24,1.8987133329952296e-24,1.8987133329952296e-24,1.898713332993323e-24,1.898713332992879e-24,1.8987133329928078e-24,1.898713332992812e-24,1.8987133329928118e-24,1.8987133329928118e-24,1.8987133329887905e-24,1.8987133329890796e-24,1.8987133329236384e-24,1.898713332923566e-24,1.8987133329237963e-24,1.8987133329235744e-24,1.8987133329235792e-24,1.898713332923579e-24,1.8987133329235697e-24,1.898713332923873e-24,1.8987133329238735e-24,1.8987133329238735e-24,1.898713332923873e-24,1.8987133329238746e-24,1.898713332923875e-24,1.8987133329238746e-24,1.898713332923875e-24,1.8987133329238746e-24,1.8987133329238753e-24,1.8987133329239407e-24,1.8987133329240656e-24,1.8987133329240678e-24,1.8987133329240678e-24,1.8987133329240678e-24,1.898713332924686e-24,1.898713332924686e-24,1.8987133329259725e-24,1.8987133329259343e-24,1.8987133329259387e-24,1.898713332925939e-24,1.8987133329291e-24,1.8987133329291423e-24,1.898713332929142e-24,1.8987133329291426e-24,1.8987133329295404e-24,1.8987133329295206e-24,1.89871333292952e-24,1.898713332930067e-24,1.898713332930067e-24,1.8987133329297814e-24,1.8987133329328127e-24,1.8987133329331437e-24,1.8987133329331433e-24,1.8987133329331404e-24,1.898713332933155e-24,1.898713332932902e-24,1.8987133329328906e-24,1.898713332932864e-24,1.8987133329328348e-24,1.8987133329328344e-24,1.8987133329322254e-24,1.8987133329399766e-24,1.8987133329398088e-24,1.8987133329398084e-24,1.8987133329398088e-24,1.8987133329362055e-24,1.8987133329362033e-24,1.898713332935897e-24,1.8987133329351075e-24,1.8987133329351097e-24,1.8987133329343174e-24,1.8987133329349635e-24,1.8987133329349602e-24,1.8987133329349183e-24,1.8987133329347806e-24,1.8987133329357992e-24,1.898713332935888e-24,1.8987133329339405e-24,1.8987133329339405e-24,1.8987133329355094e-24,1.898713332935513e-24,1.898713332934978e-24,1.898713332938044e-24,1.898713332936489e-24,1.898713332936507e-24,1.8987133329364975e-24,1.8987133329365515e-24,1.898713332936552e-24,1.8987133329365523e-24,1.8987133329365523e-24,1.8987133329365523e-24,1.8987133329365934e-24,1.8987133329419206e-24,1.8987133329424775e-24,1.8987133329424775e-24,1.8987133329467827e-24,1.8987133329472522e-24,1.8987133329497608e-24,1.8987133329497604e-24,1.8987133329496807e-24,1.8987133329497744e-24,1.898713332949703e-24,1.898713332949666e-24,1.8987133329496656e-24,1.898713332949868e-24,1.898713332949868e-24,1.8987133329498335e-24,1.89871333294982e-24,1.89871333294982e-24,1.8987133329498203e-24,1.8987133329498196e-24,1.898713332949813e-24,1.898713332949803e-24,1.898713332949819e-24,1.8987133329498192e-24,1.8987133329498192e-24,1.8987133329498365e-24,1.8987133329489277e-24,1.8987133329489273e-24,1.898713332949395e-24,1.8987133329494023e-24,1.8987133329494823e-24,1.898713332949791e-24,1.898713332949811e-24,1.8987133329497123e-24,1.8987133329497314e-24,1.8987133329493255e-24,1.898713332949391e-24,1.8987133329494548e-24,1.8987133329496197e-24,1.898713332949207e-24,1.898713332949207e-24,1.898713332949232e-24,1.898713332949269e-24,1.8987133329492686e-24,1.898713332949269e-24,1.8987133329492686e-24,1.8987133329499272e-24,1.8987133329510737e-24,1.8987133329510737e-24,1.8987133329537942e-24,1.8987133329535275e-24,1.898713332953528e-24,1.8987133329537314e-24,1.8987133329537127e-24,1.8987133329537127e-24,1.8987133329536825e-24,1.8987133329537733e-24,1.898713332953773e-24,1.8987133329537523e-24,1.898713332953596e-24,1.8987133329537964e-24,1.8987133329537957e-24,1.8987133329538038e-24,1.898713332953981e-24,1.8987133329538934e-24,1.8987133329539213e-24,1.8987133329542688e-24,1.8987133329542688e-24,1.898713332954272e-24,1.8987133329543985e-24,1.898713332954399e-24,1.8987133329543985e-24,1.89871333295443e-24,1.898713332954472e-24,1.898713332954473e-24,1.8987133329544738e-24,1.8987133329544734e-24,1.898713332954448e-24,1.898713332954411e-24,1.8987133329546156e-24,1.8987133329546204e-24,1.8987133329546204e-24,1.8987133329546196e-24,1.89871333295462e-24,1.8987133329546178e-24,1.898713332954617e-24,1.8987133329546178e-24,1.898713332954637e-24,1.898713332954582e-24,1.8987133329545825e-24,1.8987133329542405e-24,1.8987133329546295e-24,1.8987133329546538e-24,1.898713332954769e-24,1.8987133329547695e-24,1.898713332954562e-24,1.898713332954562e-24,1.898713332954548e-24,1.8987133329544837e-24,1.8987133329544775e-24,1.8987133329545083e-24,1.8987133329539386e-24,1.8987133329537913e-24,1.8987133329537913e-24,1.898713332953686e-24,1.8987133329536844e-24,1.898713332953634e-24,1.8987133329536344e-24,1.8987133329536337e-24,1.8987133329533453e-24,1.898713332953351e-24,1.898713332953418e-24,1.8987133329534184e-24,1.8987133329534188e-24,1.89871333295317e-24,1.8987133329530356e-24,1.8987133329530445e-24,1.8987133329523946e-24,1.898713333471582e-24,1.8987133334723878e-24,1.8987133334705492e-24,1.898713333470847e-24,1.8987133334708468e-24,1.8987133334693976e-24,1.898713333468593e-24,1.8987133334719044e-24,1.898713332948563e-24,1.8987133329485633e-24,1.898713332948563e-24,1.8987133329485915e-24,1.8987133329483454e-24,1.8987133329483454e-24,1.8987133329483458e-24,1.8987133329505917e-24,1.8987133329505917e-24,1.898713332950593e-24,1.8987133329505917e-24,1.8987133329505377e-24,1.8987133329504874e-24,1.8987133329506064e-24,1.898713332950607e-24,1.8987133329506068e-24,1.8987133329506075e-24,1.898713332950235e-24,1.898713332951314e-24,1.898713332951341e-24,1.898713332951401e-24,1.8987133329513477e-24,1.8987133329513473e-24,1.898713332951347e-24,1.8987133329514116e-24,1.8987133329514116e-24,1.898713332951456e-24,1.898713332951497e-24,1.8987133329499147e-24,1.898713332949915e-24,1.898713332949754e-24,1.898713332949852e-24,1.8987133329498794e-24,1.8987133329497053e-24,1.8987133329496432e-24,1.8987133329496675e-24,1.898713332950118e-24,1.8987133329499665e-24,1.898713332949967e-24,1.898713332949095e-24,1.8987133329491407e-24,1.898713332949141e-24,1.898713332949112e-24,1.8987133329491154e-24,1.8987133329491257e-24,1.89871333294959e-24,1.89871333294959e-24,1.898713332959206e-24,1.8987133292496535e-24,1.8987133292617744e-24,1.898713329261774e-24,1.898713329261005e-24,1.8987133292860428e-24,1.8987133292857886e-24,1.898713329299321e-24,1.8987133292983315e-24,1.8987133293016824e-24,1.8987133292951323e-24,1.898713329354837e-24,1.898713329269557e-24,1.898713329269557e-24,1.89871332926954e-24,1.8987133292695392e-24,1.89871332926942e-24,1.8987133292694338e-24,1.8987133292695065e-24,1.8987133292695102e-24,1.8987133292695143e-24,1.8987133292695146e-24,1.8987133292695146e-24,1.8987133292694566e-24,1.898713329269383e-24,1.8987133292641044e-24,1.898713329264143e-24,1.898713329264143e-24,1.8987133292499224e-24,1.8987133292377395e-24,1.898713329237653e-24,1.8987133292411937e-24,1.8987133292412642e-24,1.8987133292416804e-24,1.8987133292335177e-24,1.8987133292331188e-24,1.8987133292318573e-24,1.8987133292387674e-24,1.8987133292604416e-24,1.8987133292665564e-24,1.8987133292666034e-24,1.898713329266595e-24,1.898713329266449e-24,1.898713329266445e-24,1.8987133293060365e-24,1.8987133293060354e-24,1.898713329337097e-24,1.8987133293370964e-24,1.8987133293371353e-24,1.898713329337315e-24,1.898713329337339e-24,1.8987133293370313e-24,1.8987133293359297e-24,1.898713329336331e-24,1.8987133293370927e-24,1.8987133293369825e-24,1.8987133293365744e-24,1.8987133293365736e-24,1.8987133293365744e-24,1.8987133293370453e-24,1.898713329335831e-24,1.8987133293359657e-24,1.8987133293359653e-24,1.898713329336495e-24,1.8987133293364954e-24,1.898713329336632e-24,1.8987133293360307e-24,1.898713329336004e-24,1.8987133293359084e-24,1.898713329341183e-24,1.8987133293411834e-24,1.898713329340627e-24,1.898713329340509e-24,1.8987133293406e-24,1.898713329340579e-24,1.8987133293405795e-24,1.898713329340941e-24,1.8987133293409568e-24,1.8987133293408785e-24,1.8987133293416437e-24,1.8987133293416437e-24,1.898713329341644e-24,1.898713329341587e-24,1.8987133293416937e-24,1.8987133293415945e-24,1.8987133293415937e-24,1.8987133293415456e-24,1.898713329341498e-24,1.898713329341685e-24,1.8987133293416852e-24,1.8987133293416852e-24,1.8987133293416852e-24,1.8987133293416852e-24,1.898713329342284e-24,1.8987133293376742e-24,1.898713329337674e-24,1.8987133293371147e-24,1.8987133293370593e-24,1.8987133293370593e-24,1.8987133293389658e-24,1.8987133293389654e-24,1.8987133293391292e-24,1.8987133293391425e-24,1.8987133293391425e-24,1.8987133293391425e-24,1.8987133293378803e-24,1.8987133293378296e-24,1.8987133293378604e-24,1.8987133293392876e-24,1.898713329339288e-24,1.898713329339288e-24,1.898713329339288e-24,1.8987133293391425e-24,1.898713329338929e-24,1.898713329339291e-24,1.898713329339291e-24,1.8987133293392405e-24,1.8987133293399198e-24,1.8987133293399183e-24,1.898713329339819e-24,1.8987133293398176e-24,1.89871332933982e-24,1.898713329339826e-24,1.898713329339758e-24,1.8987133293397585e-24,1.898713329339788e-24,1.8987133293402735e-24,1.898713329340525e-24,1.898713329341026e-24,1.898713329341026e-24,1.898713329341026e-24,1.8987133293430392e-24,1.898713329343037e-24,1.898713329343034e-24,1.8987133293431028e-24,1.8987133293431028e-24,1.898713329343103e-24,1.8987133293431028e-24,1.8987133293431028e-24,1.898713329343103e-24,1.8987133293431024e-24,1.8987133293431028e-24,1.8987133293431028e-24,1.8987133293424923e-24,1.89871332934267e-24,1.89871332934267e-24,1.8987133293426697e-24,1.8987133293480545e-24,1.898713329348054e-24,1.898713329348054e-24,1.898713329347989e-24,1.8987133293473794e-24,1.8987133293473797e-24,1.898713329347379e-24,1.898713329347042e-24,1.8987133293471942e-24,1.8987133293472346e-24,1.89871332934701e-24,1.898713329347009e-24,1.8987133293491485e-24,1.8987133293486232e-24,1.8987133293424717e-24,1.898713329342889e-24,1.8987133293430293e-24,1.89871332934284e-24,1.8987133293426638e-24,1.8987133293428093e-24,1.8987133293428093e-24,1.8987133293427652e-24,1.8987133293427626e-24,1.8987133293427645e-24,1.8987133293427292e-24,1.89871332934276e-24,1.8987133293427597e-24,1.898713329342759e-24,1.8987133293414865e-24,1.898713329341486e-24,1.898713329341453e-24,1.898713329341589e-24,1.8987133293416172e-24,1.898713329341617e-24,1.8987133293415493e-24,1.8987133293415493e-24,1.898713329341551e-24,1.8987133293392277e-24,1.898713329339248e-24,1.8987133293392475e-24,1.898713329339248e-24,1.898713329339248e-24,1.8987133293392435e-24,1.8987133293392435e-24,1.8987133293392457e-24,1.8987133293392273e-24,1.898713329339224e-24,1.898713329339224e-24,1.898713329338037e-24,1.8987133293375453e-24,1.8987133293375445e-24,1.8987133293375923e-24,1.898713329337599e-24,1.898713329337573e-24,1.898713329337573e-24,1.8987133293375735e-24,1.898713329337573e-24,1.898713329275515e-24,1.8987133292754233e-24,1.8987133292755787e-24,1.8987133292755956e-24,1.8987133292756507e-24,1.8987133292756507e-24,1.8987133292756272e-24,1.898713329275628e-24,1.8987133292756125e-24,1.8987133292755886e-24,1.898713329275588e-24,1.8987133292755886e-24,1.8987133292831562e-24,1.8987133292831566e-24,1.898713329283156e-24,1.8987133292832503e-24,1.8987133292862162e-24,1.8987133292859157e-24,1.898713329285044e-24,1.898713329285046e-24,1.898713329284999e-24,1.8987133292849996e-24,1.8987133292849985e-24,1.8987133292842546e-24,1.8987133292839585e-24,1.89871332928405e-24,1.8987133292840503e-24,1.8987133292839732e-24,1.8987133292844816e-24,1.8987133292844812e-24,1.8987133292796048e-24,1.8987133292796184e-24,1.8987133292796793e-24,1.898713329279679e-24,1.8987133292796176e-24,1.8987133292796184e-24,1.8987133292796176e-24,1.8987133292796184e-24,1.8987133292796184e-24,1.8987133292796213e-24,1.898713329279621e-24,1.8987133292795864e-24,1.8987133292799714e-24,1.898713329289377e-24,1.898713329274578e-24,1.8987133292742882e-24,1.8987133292742945e-24,1.898713329274294e-24,1.8987133292742923e-24,1.8987133292724703e-24,1.898713329272499e-24,1.898713329272457e-24,1.898713329272458e-24,1.898713329272459e-24,1.898713329272459e-24,1.8987133292724666e-24,1.898713329272802e-24,1.8987133292728027e-24,1.8987133292554293e-24,1.8987133292554296e-24,1.8987133292554293e-24,1.8987133292537068e-24,1.8987133292537068e-24,1.898713329253685e-24,1.8987133292536844e-24,1.8987133292536833e-24,1.8987133292536715e-24,1.8987133292536513e-24,1.8987133292536326e-24,1.8987133292536322e-24,1.898713329253631e-24,1.8987133292536315e-24,1.8987133292536366e-24,1.8987133292536183e-24,1.8987133292536194e-24,1.8987133292536186e-24,1.898713329253619e-24,1.8987133292536377e-24,1.8987133292536377e-24,1.898713329253615e-24,1.898713329253615e-24,1.8987133292536153e-24,1.8987133292534717e-24,1.8987133292534717e-24,1.8987133292535547e-24,1.8987133292535547e-24,1.898713329253705e-24,1.8987133292537035e-24,1.898713329253007e-24,1.8987133292530066e-24,1.8987133292537116e-24,1.8987133292535915e-24,1.8987133292535915e-24,1.8987133292537285e-24,1.8987133292537193e-24,1.89871332925372e-24,1.8987133292537204e-24,1.8987133292536612e-24,1.898713329253651e-24,1.8987133292548735e-24,1.8987133292548735e-24,1.89871332925488e-24,1.89871332925488e-24,1.8987133292704128e-24,1.8987133292702412e-24,1.8987133292703885e-24,1.8987133292703485e-24,1.8987133292705373e-24,1.8987133292704297e-24,1.8987133292704297e-24,1.8987133292569504e-24,1.8987133292569508e-24,1.8987133292569486e-24,1.8987133292569493e-24,1.8987133292569423e-24,1.898713329256967e-24,1.898713329253629e-24,1.898713329253629e-24,1.8987133292536293e-24,1.8987133292520174e-24,1.898713329252e-24,1.898713329249868e-24,1.898713329249905e-24,1.898713329249905e-24,1.898713329249906e-24,1.8987133292498894e-24,1.8987133292498905e-24,1.8987133292498897e-24,1.8987133292499055e-24,1.8987133292499055e-24,1.8987133292498857e-24,1.8987133292498607e-24,1.8987133292489585e-24,1.8987133292489585e-24,1.898713329249218e-24,1.8987133292493718e-24,1.898713329249372e-24,1.8987133292493725e-24,1.8987133292491738e-24,1.8987133292491745e-24,1.898713329249194e-24,1.898713329249194e-24,1.898713329291639e-24,1.8987133292916374e-24,1.8987133292792485e-24,1.898713329279249e-24,1.898713329279635e-24,1.8987133292796345e-24,1.8987133292725158e-24,1.8987133201771286e-24,1.8987133201771283e-24,1.8987133201771533e-24,1.8987133201771555e-24,1.898713320177155e-24,1.898713320176616e-24,1.898713320176645e-24,1.8987133201766456e-24,1.8987133201766775e-24,1.8987133201765736e-24,1.8987133201846202e-24,1.898713320186658e-24,1.8987133201866017e-24,1.898713320185611e-24,1.898713320182945e-24,1.8987133201827166e-24,1.898713320182719e-24,1.8987133201828063e-24,1.898713320183154e-24,1.8987133201831975e-24,1.8987133201829738e-24,1.8987133201810658e-24,1.8987133201997474e-24,1.8987133202010746e-24,1.898713320200392e-24,1.8987133201984892e-24,1.8987133201984268e-24,1.898713320198428e-24,1.898713320198428e-24,1.8987133201984326e-24,1.8987133201984334e-24,1.898713320198432e-24,1.8987133201984315e-24,1.8987133201984587e-24,1.898713320198458e-24,1.8987133201984584e-24,1.8987133201990957e-24,1.89871332019942e-24,1.8987133201997793e-24,1.898713320199779e-24,1.8987133201997797e-24,1.8987133201996992e-24,1.8987133201996992e-24,1.898713320199549e-24,1.8987133202003678e-24,1.898713320200368e-24,1.8987133201998105e-24,1.8987133201996875e-24,1.8987133201997995e-24,1.898713320199191e-24,1.8987133202101898e-24,1.8987133202107827e-24,1.898713320210185e-24,1.898713320111144e-24,1.89871332010491e-24,1.898713320103188e-24,1.8987133201045286e-24,1.8987133201045294e-24,1.8987133201045246e-24,1.8987133201039435e-24,1.898713320103943e-24,1.8987133201039016e-24,1.8987133201039012e-24,1.8987133201090947e-24,1.8987133201091355e-24,1.8987133201091105e-24,1.89871332010911e-24,1.8987133201091384e-24,1.898713320109159e-24,1.898713320108698e-24,1.898713320108698e-24,1.898713320110314e-24,1.8987133201103448e-24,1.898713320110322e-24,1.8987133201103224e-24,1.8987133201103224e-24,1.8987133201103227e-24,1.8987133201103224e-24,1.8987133201103224e-24,1.898713320110322e-24,1.8987133201104502e-24,1.8987133201104502e-24,1.8987133201104866e-24,1.8987133201108763e-24,1.8987133201109024e-24,1.8987133201108767e-24,1.8987133201108767e-24,1.898713320110876e-24,1.8987133201108767e-24,1.898713320110876e-24,1.898713320110876e-24,1.898713320110876e-24,1.898713320110876e-24,1.898713320111153e-24,1.8987133201111533e-24,1.898713320111141e-24,1.8987133201109186e-24,1.898713320111027e-24,1.898713320111028e-24,1.8987133201110288e-24,1.898713320111028e-24,1.898713320111028e-24,1.8987133201109983e-24,1.8987133201109512e-24,1.8987133201109516e-24,1.898713320110951e-24,1.8987133201102775e-24,1.898713320110106e-24,1.8987133201112837e-24,1.8987133201112117e-24,1.8987133201111177e-24,1.8987133201111298e-24,1.8987133201111305e-24,1.8987133201130947e-24,1.8987133201128897e-24,1.8987133201128897e-24,1.8987133201129463e-24,1.8987133201122843e-24,1.8987133201116944e-24,1.8987133201110335e-24,1.8987133201110346e-24,1.8987133201117113e-24,1.8987133201105512e-24,1.8987133201081734e-24,1.898713320110548e-24,1.8987133201105475e-24,1.898713320110743e-24,1.8987133201106522e-24,1.8987133201105185e-24,1.8987133201105193e-24,1.8987133201105284e-24,1.898713320110529e-24,1.898713320110283e-24,1.8987133201102797e-24,1.898713320110314e-24,1.8987133201103235e-24,1.8987133201103235e-24,1.8987133201103293e-24,1.8987133201103323e-24,1.898713320110332e-24,1.8987133201159633e-24,1.8987133201167314e-24,1.898713320116908e-24,1.8987133201169088e-24,1.8987133201169084e-24,1.898713320116908e-24,1.8987133201124063e-24,1.898713320112547e-24,1.898713319992537e-24,1.898713319994137e-24,1.898713319993913e-24,1.8987133199939135e-24,1.8987133199939128e-24,1.8987133200083133e-24,1.8987133200083133e-24,1.8987133200059017e-24,1.898713320014685e-24,1.8987133200144446e-24,1.898713320014445e-24,1.8987133200144446e-24,1.8987133200136023e-24,1.898713320004832e-24,1.8987133200047365e-24,1.8987133200047365e-24,1.8987133200011186e-24,1.898713320001119e-24,1.8987133200012596e-24,1.898713319999845e-24,1.8987133199999372e-24,1.898713319999923e-24,1.898713319999923e-24,1.8987133199999225e-24,1.8987133199997583e-24,1.898713319999758e-24,1.8987133199994956e-24,1.898713319999496e-24,1.898713319999496e-24,1.8987133199998942e-24,1.8987133199998505e-24,1.898713320007179e-24,1.898713320005242e-24,1.8987133200050947e-24,1.898713320005095e-24,1.8987133200053698e-24,1.89871332000537e-24,1.8987133200052695e-24,1.8987133200052677e-24,1.8987133200034953e-24,1.8987133200034964e-24,1.8987133200036407e-24,1.8987133200036304e-24,1.898713320003755e-24,1.898713320004462e-24,1.898713320004368e-24,1.898713320004368e-24,1.8987133200044636e-24,1.8987133200043622e-24,1.8987133200042296e-24,1.8987133200042292e-24,1.898713320004866e-24,1.8987133200048438e-24,1.898713320004844e-24,1.8987133200047795e-24,1.8987133200015285e-24,1.898713320001528e-24,1.8987133200015278e-24,1.8987133200015186e-24,1.8987133200012255e-24,1.898713320001226e-24,1.8987133200139708e-24,1.8987133200139708e-24,1.8987133200139704e-24,1.898713320014302e-24,1.8987133200143014e-24,1.8987133200143025e-24,1.8987133200143017e-24,1.8987133200083236e-24,1.8987133200078982e-24,1.8987133200083684e-24,1.8987133200087927e-24,1.8987133200080055e-24,1.8987133200070816e-24,1.8987133200076066e-24,1.8987133200076066e-24,1.898713320008432e-24,1.8987133200084823e-24,1.898713320008391e-24,1.898713320008391e-24,1.8987133200074743e-24,1.8987133200078887e-24,1.8987133200078233e-24,1.898713320007984e-24,1.898713320008154e-24,1.8987133200081535e-24,1.8987133200092747e-24,1.8987133200092758e-24,1.898713320008419e-24,1.898713320008397e-24,1.8987133200088592e-24,1.898713320008863e-24,1.898713320008888e-24,1.8987133200089867e-24,1.8987133200089624e-24,1.8987133200089624e-24,1.8987133200089613e-24,1.8987133200089617e-24,1.8987133200089613e-24,1.898713320008961e-24,1.8987133200089617e-24,1.898713320008962e-24,1.8987133200081785e-24,1.8987133200039607e-24,1.898713320004452e-24,1.8987133200026816e-24,1.8987133199964937e-24,1.8987133199956536e-24,1.898713319995654e-24,1.8987133199955173e-24,1.898713319995359e-24,1.8987133199948932e-24,1.8987133199948925e-24,1.898713319994893e-24,1.8987133199958417e-24,1.8987133200089738e-24,1.8987133200085686e-24,1.8987133199771517e-24,1.8987133199771517e-24,1.8987133199776432e-24,1.8987133199776436e-24,1.898713319978149e-24,1.8987133199781494e-24,1.8987133199781494e-24,1.8987133199782045e-24,1.8987133199785204e-24,1.8987133199785204e-24,1.8987133199785186e-24,1.8987133199785583e-24,1.8987133199785586e-24,1.8987133199785476e-24,1.8987133199785472e-24,1.898713319978543e-24,1.898713319978411e-24,1.89871331997841e-24,1.8987133199784102e-24,1.8987133199785406e-24,1.8987133199782273e-24,1.898713319978248e-24,1.898713319978248e-24,1.8987133199759703e-24,1.8987133199759703e-24,1.898713319975968e-24,1.898713319918033e-24,1.8987133199186018e-24,1.898713319918601e-24,1.898713319918946e-24,1.898713319918909e-24,1.8987133199189093e-24,1.898713319919814e-24,1.8987133199198184e-24,1.8987133199198735e-24,1.898713319919825e-24,1.8987133199199154e-24,1.8987133199199154e-24,1.898713319916795e-24,1.898713319916278e-24,1.8987133199162784e-24,1.8987133199164018e-24,1.8987133199164e-24,1.8987133199162185e-24,1.898713319916218e-24,1.8987133199163305e-24,1.8987133199163305e-24,1.89871331991633e-24,1.8987133199163305e-24,1.898713319916331e-24,1.89871331991633e-24,1.8987133199165432e-24,1.898713319916543e-24,1.8987133199165443e-24,1.8987133199165443e-24,1.898713319864052e-24,1.8987133198640515e-24,1.8987133198639593e-24,1.8987133198632033e-24,1.8987133198523972e-24,1.8987133198190073e-24,1.898713319795904e-24,1.8987133197959948e-24,1.8987133197959955e-24,1.8987133197969745e-24,1.898713319796974e-24,1.8987133197966927e-24,1.8987133197961693e-24,1.8987133197961697e-24,1.898713319796085e-24,1.8987133197960844e-24,1.8987133197960415e-24,1.898713319796042e-24,1.8987133197960415e-24,1.8987133197960374e-24,1.8987133197938668e-24,1.8987133197939083e-24,1.8987133197957094e-24,1.8987133197956686e-24,1.898713319795669e-24,1.8987133197957446e-24,1.898713319795976e-24,1.8987133197954015e-24,1.898713319795409e-24,1.898713319795392e-24,1.8987133197953924e-24,1.8987133197953997e-24,1.8987133197954008e-24,1.898713319795357e-24,1.898713319795635e-24,1.898713319796838e-24,1.8987133197988024e-24,1.898713319798802e-24,1.8987133197986466e-24,1.8987133197986466e-24,1.8987133197870563e-24,1.8987133197870563e-24,1.8987133197870563e-24,1.898713319787057e-24,1.89871331978706e-24,1.89871331978706e-24,1.8987133197870673e-24,1.898713319787067e-24,1.8987133197865666e-24,1.8987133197863194e-24,1.8987133197850653e-24,1.898713319785112e-24,1.8987133197851193e-24,1.898713319785226e-24,1.8987133197852243e-24,1.898713319786693e-24,1.898713319786693e-24,1.898713319786693e-24,1.8987133197862393e-24,1.8987133197862455e-24,1.898713319786261e-24,1.8987133197862595e-24,1.8987133197861926e-24,1.8987133197864685e-24,1.898713319786467e-24,1.8987133197864693e-24,1.898713319786726e-24,1.898713319786783e-24,1.898713319786779e-24,1.8987133198066977e-24,1.8987133198067366e-24,1.898713319807565e-24,1.8987133198075705e-24,1.898713319807624e-24,1.898713319807848e-24,1.8987133198078475e-24,1.8987133198078467e-24,1.8987133197815895e-24,1.8987133197815895e-24,1.89871331978159e-24,1.898713319781622e-24,1.898713319781659e-24,1.898713319781659e-24,1.8987133197816596e-24,1.898713319781659e-24,1.8987133197816383e-24,1.8987133197816365e-24,1.898713319781628e-24,1.8987133197816277e-24,1.898713319782073e-24,1.8987133197820733e-24,1.8987133197809466e-24,1.898713319780954e-24,1.8987133197809536e-24,1.898713319780938e-24,1.898713319781077e-24,1.898713319781077e-24,1.8987133197805084e-24,1.8987133197810344e-24,1.8987133197810337e-24,1.898713319780643e-24,1.898713319780642e-24,1.898713319780643e-24,1.898713319780642e-24,1.898713319780663e-24,1.8987133197838942e-24,1.898713319782433e-24,1.8987133197824557e-24,1.8987133197821894e-24,1.8987133197821897e-24,1.8987133197821897e-24,1.8987133197821894e-24,1.8987133197821816e-24,1.8987133197821813e-24,1.8987133197822658e-24,1.898713319782266e-24,1.8987133197830666e-24,1.8987133197830486e-24,1.898713319783049e-24,1.898713319789382e-24,1.898713319789382e-24,1.898713319789479e-24,1.898713319789479e-24,1.8987133197901258e-24,1.8987133197906367e-24,1.8987133197904e-24,1.8987133197903972e-24,1.898713319790336e-24,1.8987133197915415e-24,1.8987133197915422e-24,1.8987133197915654e-24,1.8987133197915782e-24,1.8987133197912168e-24,1.89871331979136e-24,1.89871331979136e-24,1.8987133197913597e-24,1.8987133197912708e-24,1.8987133197907943e-24,1.8987133197908347e-24,1.898713319791018e-24,1.8987133197910537e-24,1.898713319791053e-24,1.8987133197910427e-24,1.8987133197910456e-24,1.898713319791041e-24,1.898713319791041e-24,1.8987133197910746e-24,1.8987133197824906e-24,1.898713319784647e-24,1.898713319784487e-24,1.8987133196754824e-24,1.898713319677028e-24,1.8987133124329366e-24,1.8987133124329006e-24,1.8987133124329013e-24,1.8987133124329344e-24,1.898713312432983e-24,1.8987133124354804e-24,1.89871331243548e-24,1.8987133124354797e-24,1.8987133124354606e-24,1.898713312435475e-24,1.8987133124354746e-24,1.898713312435475e-24,1.898713312436095e-24,1.8987133124355774e-24,1.8987133124355304e-24,1.8987133124360865e-24,1.8987133124360873e-24,1.898713312436261e-24,1.8987133124362607e-24,1.898713312436239e-24,1.898713312436239e-24,1.8987133124362397e-24,1.8987133124362423e-24,1.8987133124362423e-24,1.898713312436242e-24,1.898713312436242e-24,1.8987133124362434e-24,1.8987133124362423e-24,1.898713312435369e-24,1.8987133124353695e-24,1.898713312436213e-24,1.898713312436213e-24,1.8987133124362125e-24,1.8987133124361964e-24,1.8987133124361968e-24,1.8987133124361964e-24,1.8987133124361968e-24,1.898713312436274e-24,1.898713312436269e-24,1.8987133124362496e-24,1.8987133124362496e-24,1.8987133124362882e-24,1.8987133124362882e-24,1.898713312436288e-24,1.8987133124362478e-24,1.8987133124362478e-24,1.8987133124362463e-24,1.8987133124362467e-24,1.898713312436192e-24,1.8987133124392126e-24,1.8987133124392824e-24,1.8987133124392824e-24,1.8987133124391575e-24,1.898713312439158e-24,1.8987133124391575e-24,1.8987133124391575e-24,1.8987133124391568e-24,1.898713312439019e-24,1.8987133124390187e-24,1.8987133124389897e-24,1.898713312439361e-24,1.898713312439361e-24,1.8987133124443488e-24,1.898713312444349e-24,1.8987133124435866e-24,1.898713312443765e-24,1.898713312445158e-24,1.8987133124451577e-24,1.898713312445042e-24,1.898713312445042e-24,1.898713312445101e-24,1.8987133124451015e-24,1.8987133124450666e-24,1.898713312445067e-24,1.8987133124450313e-24,1.8987133124442515e-24,1.8987133124442515e-24,1.898713312444251e-24,1.898713312444251e-24,1.8987133124441093e-24,1.8987133124441086e-24,1.89871331244398e-24,1.8987133124445744e-24,1.8987133124449274e-24,1.8987133124449274e-24,1.8987133124449266e-24,1.8987133124449303e-24,1.898713312444824e-24,1.898713312444874e-24,1.898713312444874e-24,1.898713312444874e-24,1.8987133124437273e-24,1.8987133124434422e-24,1.8987133124427343e-24,1.8987133124495684e-24,1.8987133124495687e-24,1.8987133124497204e-24,1.8987133124397354e-24,1.8987133124345077e-24,1.898713312434481e-24,1.8987133124254516e-24,1.8987133124206575e-24,1.898713312444628e-24,1.8987133124446276e-24,1.8987133124446276e-24,1.8987133124436534e-24,1.898713312443532e-24,1.8987133124435495e-24,1.8987133124436115e-24,1.898713312443828e-24,1.898713312443762e-24,1.8987133124437144e-24,1.8987133124436755e-24,1.898713312443676e-24,1.898713312443657e-24,1.898713312443041e-24,1.898713312443183e-24,1.898713312444725e-24,1.8987133124446504e-24,1.8987133124446497e-24,1.8987133124441773e-24,1.8987133124440002e-24,1.8987133124442577e-24,1.8987133124442695e-24,1.8987133124451063e-24,1.898713312444636e-24,1.898713312444409e-24,1.8987133124444094e-24,1.8987133124448785e-24,1.8987133124524953e-24,1.8987133124519745e-24,1.8987133124564568e-24,1.898713312419002e-24,1.898713312387331e-24,1.8987133123873322e-24,1.8987133123873307e-24,1.8987133123873303e-24,1.8987133123873634e-24,1.8987133123869505e-24,1.89871331238695e-24,1.8987133123865692e-24,1.8987133123866813e-24,1.8987133123866816e-24,1.8987133123523094e-24,1.89871331235231e-24,1.898713312353506e-24,1.8987133124032895e-24,1.8987133124172717e-24,1.8987133124173018e-24,1.8987133124188193e-24,1.8987133124189034e-24,1.898713312427173e-24,1.8987133124355704e-24,1.8987133124319095e-24,1.8987133124314922e-24,1.8987133124248786e-24,1.898713312418717e-24,1.898713312433733e-24,1.898713312437644e-24,1.898713312438222e-24,1.898713312434734e-24,1.8987133124345713e-24,1.8987133124324726e-24,1.8987133124327393e-24,1.8987133124327257e-24,1.89871331243257e-24,1.8987133124325678e-24,1.8987133124325373e-24,1.8987133124325208e-24,1.8987133124325208e-24,1.8987133124324605e-24,1.898713312432461e-24,1.8987133124324598e-24,1.8987133124306157e-24,1.8987133124372282e-24,1.8987133124372378e-24,1.8987133124372374e-24,1.898713312469205e-24,1.898713312469206e-24,1.8987133124692146e-24,1.898713312469922e-24,1.8987133124866754e-24,1.8987133124857567e-24,1.8987133124857567e-24,1.8987133124857563e-24,1.8987133124857567e-24,1.8987133124855297e-24,1.898713312485589e-24,1.898713312485513e-24,1.898713312485504e-24,1.8987133124854588e-24,1.8987133124854764e-24,1.8987133124854764e-24,1.898713312485476e-24,1.8987133124855058e-24,1.898713312485626e-24,1.898713312485651e-24,1.898713312485626e-24,1.8987133124856252e-24,1.898713312486193e-24,1.8987133124861924e-24,1.89871331248612e-24,1.898713312486119e-24,1.8987133124856755e-24,1.898713312485675e-24,1.8987133124857457e-24,1.8987133124923777e-24,1.898713312492305e-24,1.8987133124923046e-24,1.8987133124849427e-24,1.8987133124849438e-24,1.898713312484943e-24,1.898713312479572e-24,1.8987133124856303e-24,1.8987133124852883e-24,1.8987133124699426e-24,1.8987133124699533e-24,1.898713312469196e-24,1.8987133124691954e-24,1.8987133124692164e-24,1.8987133124680945e-24,1.8987133123252485e-24,1.898713312357207e-24,1.898713312357054e-24,1.89871331234516e-24,1.8987133123451595e-24,1.8987133123451312e-24,1.898713312344619e-24,1.898713312344758e-24,1.898713312344758e-24,1.898713312344758e-24,1.8987133123430506e-24,1.898713312343063e-24,1.8987133123446294e-24,1.8987133123446294e-24,1.898713312344764e-24,1.898713312344764e-24,1.898713312344741e-24,1.898713312344741e-24,1.8987133123443344e-24,1.898713312344334e-24,1.898713312344335e-24,1.8987133123443344e-24,1.898713312344191e-24,1.8987133123437875e-24,1.8987133123437897e-24,1.898713312343865e-24,1.898713312343774e-24,1.898713312343333e-24,1.8987133123433426e-24,1.8987133123433422e-24,1.8987133123395564e-24,1.8987133123395557e-24,1.8987133123395524e-24,1.898713312339535e-24,1.898713312339513e-24,1.898713312339513e-24,1.898713312339513e-24,1.8987133123395197e-24,1.8987133123395193e-24,1.8987133123395035e-24,1.898713312339425e-24,1.8987133123394245e-24,1.898713312339585e-24,1.8987133123399994e-24,1.898713312339999e-24,1.8987133123400898e-24,1.8987133123400894e-24,1.8987133123403484e-24,1.8987133123402812e-24,1.8987133123417755e-24,1.8987133123418115e-24,1.898713312341822e-24,1.898713312341785e-24,1.8987133123417855e-24,1.8987133123418e-24,1.8987133123418e-24,1.898713312341643e-24,1.8987133123417168e-24,1.8987133123417168e-24,1.898713312341502e-24,1.8987133123414148e-24,1.898713312341418e-24,1.898713312341418e-24,1.898713312341492e-24,1.898713312341678e-24,1.8987133123415992e-24,1.8987133123415992e-24,1.8987133123415996e-24,1.8987133123415996e-24,1.898713312341603e-24,1.898713312341604e-24,1.898713312341604e-24,1.8987133123415695e-24,1.898713312341312e-24,1.898713312341314e-24,1.8987133123413127e-24,1.8987133123414993e-24,1.898713312341505e-24,1.8987133123427776e-24,1.898713312342775e-24,1.8987133123427747e-24,1.8987133123407e-24,1.8987133123403763e-24,1.898713312340376e-24,1.898713312340371e-24,1.89871331233867e-24,1.8987133123386605e-24,1.898713312338662e-24,1.8987133123398587e-24,1.8987133123398584e-24,1.8987133123398007e-24,1.8987133123343122e-24,1.8987133123341337e-24,1.898713312334125e-24,1.8987133123341256e-24,1.898713312334139e-24,1.8987133123341392e-24,1.89871331232831e-24,1.8987133123153758e-24,1.898713312315376e-24,1.898713312315376e-24,1.8987133123154316e-24,1.898713312315432e-24,1.898713312315363e-24,1.898713312315369e-24,1.8987133123167217e-24,1.8987133123165053e-24,1.8987133123160006e-24,1.898713312315991e-24,1.8987133123159907e-24,1.898713312314347e-24,1.898713312315112e-24,1.8987133123145092e-24,1.898713312313684e-24,1.898713312313684e-24,1.898713312313255e-24,1.898713312313255e-24,1.8987133123133943e-24,1.8987133123133954e-24,1.8987133123135247e-24,1.8987133123135306e-24,1.898713312313531e-24,1.898713312313531e-24,1.8987133123135302e-24,1.89871331231353e-24,1.898713312313529e-24,1.89871331231284e-24,1.898713312313414e-24,1.8987133123134145e-24,1.898713312306222e-24,1.898713312306673e-24,1.8987133123065265e-24,1.898713312304121e-24,1.8987133123034632e-24,1.898713312303463e-24,1.8987133123034463e-24,1.898713312303529e-24,1.8987133123046553e-24,1.898713312304648e-24,1.8987133123046505e-24,1.898713312304441e-24,1.8987133123042086e-24,1.8987133123041766e-24,1.8987133123041766e-24,1.8987133123008775e-24,1.8987133123009778e-24,1.8987133123009774e-24,1.8987133122986433e-24,1.898713312298445e-24,1.8987133122986022e-24,1.898713312298602e-24,1.898713312298028e-24,1.898713312297884e-24,1.898713312297884e-24,1.898713312300299e-24,1.8987133123004966e-24,1.8987133122993193e-24,1.898713312299384e-24,1.8987133122993835e-24,1.8987133120292204e-24,1.8987133120292208e-24,1.898713312029176e-24,1.8987133120284398e-24,1.8987133120282877e-24,1.8987133120282863e-24,1.898713312028287e-24,1.8987133120283667e-24,1.898713312028367e-24,1.8987133120283667e-24,1.898713312028361e-24,1.8987133120283274e-24,1.8987133120283274e-24,1.8987133120283278e-24,1.8987133120283278e-24,1.898713312028339e-24,1.89871331202698e-24,1.8987133120269796e-24,1.8987133120269025e-24,1.8987133120257553e-24,1.8987133120251918e-24,1.898713312025227e-24,1.8987133120252267e-24,1.8987133120252112e-24,1.8987133120252112e-24,1.8987133120252123e-24,1.8987133120254592e-24,1.8987133120268786e-24,1.898713312026879e-24,1.898713312014797e-24,1.8987133120147967e-24,1.898713312014302e-24,1.8987133120147578e-24,1.8987133120147574e-24,1.8987133120147655e-24,1.8987133120154443e-24,1.8987133120154443e-24,1.8987133120162496e-24,1.8987133120155384e-24,1.8987133120155388e-24,1.8987133120155384e-24,1.8987133120155384e-24,1.8987133120155303e-24,1.8987133120163385e-24,1.898713312032323e-24,1.8987133120323226e-24,1.8987133120322697e-24,1.8987133120322734e-24,1.898713312032273e-24,1.898713312032235e-24,1.8987133120322344e-24,1.8987133120322348e-24,1.898713312032281e-24,1.8987133120322396e-24,1.8987133120311166e-24,1.8987133120307004e-24,1.8987133120307004e-24,1.8987133120307e-24,1.898713312030591e-24,1.8987133120305913e-24,1.898713312030591e-24,1.8987133120305913e-24,1.898713312030833e-24,1.8987133120319185e-24,1.8987133120319185e-24,1.898713312031919e-24,1.8987133112776732e-24,1.8987133112776732e-24,1.8987133112778518e-24,1.8987133112778518e-24,1.8987133112777934e-24,1.898713311277564e-24,1.898713311277522e-24,1.898713311279107e-24,1.898713311279126e-24,1.898713311276101e-24,1.8987133112720893e-24,1.8987133112720893e-24,1.8987133112720896e-24,1.8987133112765977e-24,1.8987133112765977e-24,1.898713311543269e-24,1.8987133115432692e-24,1.8987133115432446e-24,1.8987133115460816e-24,1.898713311546082e-24,1.898713311547013e-24,1.898713311547006e-24,1.8987133115472214e-24,1.8987133115432597e-24,1.8987133115432597e-24,1.8987133115432597e-24,1.8987133115434088e-24,1.898713311543242e-24,1.8987133115432347e-24,1.8987133115432343e-24,1.8987133115454174e-24,1.8987133115454343e-24,1.8987133115447055e-24,1.8987133115412474e-24,1.8987133115412477e-24,1.8987133115412716e-24,1.8987133115414927e-24,1.8987133115411724e-24,1.8987133115411728e-24,1.898713311541173e-24,1.8987133116433574e-24,1.898713311643357e-24,1.8987133116433225e-24,1.8987133116433196e-24,1.898713311643303e-24,1.898713311643303e-24,1.8987133116432637e-24,1.898713311643298e-24,1.8987133116434066e-24,1.898713311643387e-24,1.8987133116433868e-24,1.8987133116433868e-24,1.8987133116433868e-24,1.8987133116435227e-24,1.898713311643522e-24,1.8987133116435157e-24,1.898713311643542e-24,1.8987133116435425e-24,1.8987133116434926e-24,1.898713311643493e-24,1.8987133116435014e-24,1.8987133116436366e-24,1.8987133116438713e-24,1.898713311643864e-24,1.8987133116438507e-24,1.898713311643851e-24,1.898713311643844e-24,1.8987133116438445e-24,1.898713311643845e-24,1.898713311643844e-24,1.898713311643844e-24,1.8987133116438445e-24,1.8987133116438563e-24,1.8987133116436638e-24,1.8987133116436744e-24,1.8987133116437005e-24,1.8987133116436998e-24,1.8987133116439286e-24,1.8987133116438992e-24,1.8987133116439176e-24,1.898713311644085e-24,1.898713311644096e-24,1.8987133116439764e-24,1.8987133116439764e-24,1.898713311644004e-24,1.8987133116439863e-24,1.898713311643988e-24,1.8987133116422212e-24,1.8987133116422212e-24,1.898713311642225e-24,1.8987133116403694e-24,1.8987133116403805e-24,1.8987133116398107e-24,1.898713311640008e-24,1.8987133116400458e-24,1.8987133116400315e-24,1.8987133116409847e-24,1.898713311641109e-24,1.898713311641109e-24,1.8987133116411357e-24,1.8987133116411365e-24,1.8987133116411956e-24,1.898713311641143e-24,1.8987133116411376e-24,1.8987133116411383e-24,1.8987133116411835e-24,1.8987133116412062e-24,1.898713311641242e-24,1.898713311640502e-24,1.898713311640418e-24,1.8987133116398258e-24,1.8987133116398254e-24,1.8987133116397163e-24,1.8987133115432303e-24,1.8987133115429202e-24,1.8987133115428177e-24,1.8987133115425837e-24,1.898713311542583e-24,1.8987133115445626e-24,1.89871331154392e-24,1.898713311543942e-24,1.8987133115433728e-24,1.8987133115433188e-24,1.8987133115425973e-24,1.8987133115419868e-24,1.898713311545363e-24,1.8987133115453634e-24,1.898713311545363e-24,1.8987133115448807e-24,1.898713311544882e-24,1.8987133115447176e-24,1.8987133115447176e-24,1.898713311544718e-24,1.898713311544669e-24,1.8987133115447834e-24,1.8987133115447834e-24,1.8987133115466425e-24,1.8987133115466917e-24,1.898713311546692e-24,1.8987133115468137e-24,1.898713311546813e-24,1.898713311546705e-24,1.8987133115466987e-24,1.898713311545722e-24,1.8987133115457216e-24,1.898713311545602e-24,1.8987133115456026e-24,1.898713311545668e-24,1.8987133115456672e-24,1.898713311545576e-24,1.8987133115455757e-24,1.8987133115528506e-24,1.8987133115554077e-24,1.8987133115001286e-24,1.898713311500102e-24,1.8987133115000955e-24,1.898713311498939e-24,1.8987133114997395e-24,1.8987133115028524e-24,1.8987133115017706e-24,1.898713311501773e-24,1.8987133115013794e-24,1.8987133115013794e-24,1.8987133115013812e-24,1.8987133115014778e-24,1.8987133115013878e-24,1.898713311504207e-24,1.8987133115122575e-24,1.898713311481967e-24,1.8987133114819675e-24,1.898713311481968e-24,1.8987133114826394e-24,1.8987133114824914e-24,1.898713311479202e-24,1.8987133114799993e-24,1.8987133114804056e-24,1.8987133114734382e-24,1.8987133114736553e-24,1.8987133114744124e-24,1.898713311484645e-24,1.8987133114826104e-24,1.8987133114826108e-24,1.8987133114829285e-24,1.898713311482777e-24,1.898713311482023e-24,1.8987133114822342e-24,1.898713311482059e-24,1.8987133114826993e-24,1.89871331148202e-24,1.8987133114822254e-24,1.8987133114855704e-24,1.8987133114855774e-24,1.8987133114856347e-24,1.898713311485634e-24,1.8987133114856336e-24,1.8987133114835578e-24,1.898713311483546e-24,1.898713311483586e-24,1.89871331148356e-24,1.8987133114832753e-24,1.898713311483108e-24,1.8987133114832213e-24,1.898713311483148e-24,1.898713311483145e-24,1.8987133114831452e-24,1.898713311483272e-24,1.8987133114832723e-24,1.8987133114835063e-24,1.8987133114835063e-24,1.8987133114846124e-24,1.8987133114974455e-24,1.898713311493497e-24,1.8987133114935616e-24,1.8987133115025442e-24,1.8987133115025446e-24,1.89871331150276e-24,1.8987133115027635e-24,1.898713311502763e-24,1.8987133115027628e-24,1.8987133115027624e-24,1.8987133115027624e-24,1.8987133115027628e-24,1.8987133115027624e-24,1.8987133115027036e-24,1.898713311502703e-24,1.8987133115025725e-24,1.8987133115025027e-24,1.8987133115021776e-24,1.8987133115021567e-24,1.8987133115021886e-24,1.8987133115021387e-24,1.898713311502139e-24,1.8987133115021673e-24,1.898713311674188e-24,1.8987133116742138e-24,1.8987133116740463e-24,1.8987133117232613e-24,1.8987133114287452e-24,1.898713310336378e-24,1.8987133103354322e-24,1.8987133103354322e-24,1.898713310335433e-24,1.898713310335625e-24,1.8987133103356254e-24,1.8987133103354994e-24,1.8987133103355586e-24,1.8987133103353547e-24,1.898713310335354e-24,1.8987133103389484e-24,1.8987133103389484e-24,1.8987133103448013e-24,1.8987133103452197e-24,1.89871331034522e-24,1.89871331034522e-24,1.898713310344878e-24,1.898713310344878e-24,1.898713310342194e-24,1.8987133103421943e-24,1.8987133103421946e-24,1.898713310342284e-24,1.898713310342753e-24,1.8987133103427464e-24,1.898713310342786e-24,1.8987133103427765e-24,1.8987133103427765e-24,1.898713310342776e-24,1.8987133103412013e-24,1.8987133103418956e-24,1.8987133103420253e-24,1.8987133103420256e-24,1.8987133103420245e-24,1.898713310342101e-24,1.8987133103421006e-24,1.8987133103419926e-24,1.8987133103420356e-24,1.8987133103418346e-24,1.89871331034185e-24,1.8987133103418497e-24,1.8987133103414515e-24,1.89871331034141e-24,1.8987133103414868e-24,1.898713310341484e-24,1.898713310341653e-24,1.898713310341652e-24,1.898713310341652e-24,1.8987133103416477e-24,1.898713310341648e-24,1.8987133103416216e-24,1.8987133103415885e-24,1.8987133103415878e-24,1.898713310341588e-24,1.8987133103415602e-24,1.89871331034156e-24,1.898713310348552e-24,1.8987133103485515e-24,1.8987133103482506e-24,1.8987133103482506e-24,1.8987133103482514e-24,1.8987133103488395e-24,1.8987133103488413e-24,1.898713310348841e-24,1.8987133103488395e-24,1.8987133103488332e-24,1.8987133103487987e-24,1.8987133103487983e-24,1.8987133103489394e-24,1.89871331034894e-24,1.8987133103489016e-24,1.898713310348912e-24,1.8987133103487767e-24,1.8987133103489306e-24,1.898713310348868e-24,1.8987133103493075e-24,1.898713310349307e-24,1.8987133103492795e-24,1.898713310348722e-24,1.8987133103362088e-24,1.8987133103362084e-24,1.8987133103366085e-24,1.8987133103365688e-24,1.8987133103369255e-24,1.8987133103370353e-24,1.8987133103370393e-24,1.898713310337039e-24,1.898713310336886e-24,1.8987133103367774e-24,1.8987133103367767e-24,1.8987133103367804e-24,1.8987133103367807e-24,1.8987133103367686e-24,1.8987133103367675e-24,1.8987133103367705e-24,1.8987133103367745e-24,1.898713310336775e-24,1.898713310336786e-24,1.898713310336786e-24,1.8987133103367862e-24,1.8987133103367763e-24,1.8987133103367436e-24,1.898713310336744e-24,1.898713310336796e-24,1.898713310336855e-24,1.8987133103366606e-24,1.8987133103377006e-24,1.8987133103377002e-24,1.8987133103380694e-24,1.8987133103377524e-24,1.8987133103375856e-24,1.8987133103374735e-24,1.898713310337474e-24,1.8987133103374702e-24,1.898713310337471e-24,1.8987133103374548e-24,1.898713310169041e-24,1.8987133101658855e-24,1.898713310158465e-24,1.898713310158461e-24,1.8987133101590217e-24,1.8987133101590225e-24,1.8987133101601308e-24,1.8987133101601175e-24,1.898713310160116e-24,1.8987133101600474e-24,1.8987133101588553e-24,1.898713310158904e-24,1.898713310158374e-24,1.898713310157966e-24,1.8987133101588755e-24,1.898713310159326e-24,1.8987133101592047e-24,1.8987133101575763e-24,1.898713310157577e-24,1.8987133101575678e-24,1.8987133101576325e-24,1.8987133101575274e-24,1.8987133101575267e-24,1.898713310157291e-24,1.898713310157292e-24,1.8987133101570715e-24,1.8987133101574378e-24,1.8987133101576e-24,1.8987133101575314e-24,1.8987133101575667e-24,1.8987133101563335e-24,1.898713310156334e-24,1.89871331015633e-24,1.898713310156292e-24,1.898713310156292e-24,1.8987133101562913e-24,1.898713310156327e-24,1.8987133101573823e-24,1.898713310157382e-24,1.8987133101573727e-24,1.898713310157373e-24,1.8987133101573724e-24,1.8987133101581104e-24,1.8987133101581096e-24,1.89871331015811e-24,1.89871331015811e-24,1.898713310158028e-24,1.8987133101580277e-24,1.898713310158684e-24,1.8987133102505626e-24,1.8987133102505623e-24,1.8987133102505626e-24,1.8987133102765128e-24,1.898713310276513e-24,1.898713310276513e-24,1.898713310276511e-24,1.8987133102765113e-24,1.898713310276952e-24,1.898713310276952e-24,1.8987133102768386e-24,1.8987133123933702e-24,1.8987133123952462e-24,1.8987133123952447e-24,1.8987133123952848e-24,1.8987133123952844e-24,1.898713312395657e-24,1.8987133123956573e-24,1.8987133123959824e-24,1.8987133123959926e-24,1.898713312395996e-24,1.898713312395851e-24,1.8987133123959666e-24,1.898713312394872e-24,1.8987133124016144e-24,1.8987133124017922e-24,1.8987133124018933e-24,1.8987133124017456e-24,1.8987133124017456e-24,1.8987133124017526e-24,1.8987133124015902e-24,1.898713312403968e-24,1.898713312403963e-24,1.898713312404052e-24,1.8987133124030114e-24,1.8987133124029387e-24,1.898713312402939e-24,1.8987133124029233e-24,1.8987133124028785e-24,1.898713312402878e-24,1.8987133124028733e-24,1.8987133124028722e-24,1.898713312402873e-24,1.8987133124028726e-24,1.8987133124028726e-24,1.8987133124028726e-24,1.8987133124028726e-24,1.8987133124007277e-24,1.8987133123997267e-24,1.8987133123997263e-24,1.8987133123996874e-24,1.898713312399688e-24,1.8987133123996877e-24,1.8987133123996877e-24,1.8987133123996874e-24,1.8987133123993887e-24,1.8987133123992976e-24,1.8987133124015906e-24,1.898713312401456e-24,1.898713312401656e-24,1.8987133124017926e-24,1.8987133124018352e-24,1.8987133124018356e-24,1.898713312401545e-24,1.898713312401747e-24,1.8987133124029725e-24,1.8987133124106937e-24,1.8987133124106933e-24,1.898713312411841e-24,1.898713312412587e-24,1.8987133124125866e-24,1.8987133124126163e-24,1.8987133124126167e-24,1.8987133124076594e-24,1.898713312407476e-24,1.8987133124056956e-24,1.898713312405696e-24,1.8987133124081035e-24,1.8987133124080694e-24,1.898713312402762e-24,1.898713312403239e-24,1.898713312406245e-24,1.898713312411587e-24,1.8987133124108046e-24,1.898713312411164e-24,1.8987133124111646e-24,1.898713312413165e-24,1.8987133124132033e-24,1.898713312413204e-24,1.898713312414058e-24,1.8987133124146033e-24,1.8987133124146033e-24,1.898713312416539e-24,1.898713312416503e-24,1.8987133124164624e-24,1.898713312417176e-24,1.898713312416883e-24,1.8987133124171828e-24,1.898713312417183e-24,1.8987133124171086e-24,1.898713312416531e-24,1.8987133124165355e-24,1.898713312422281e-24,1.898713312423308e-24,1.8987133124233056e-24,1.8987133124230657e-24,1.8987133124230657e-24,1.8987133124227965e-24,1.898713312333089e-24,1.898713312333164e-24,1.8987133123330644e-24,1.8987133123330637e-24,1.898713312333064e-24,1.89871331233302e-24,1.8987133123335673e-24,1.8987133123473547e-24,1.8987133123473555e-24,1.8987133123473555e-24,1.8987133123473547e-24,1.8987133137767783e-24,1.8987133137763624e-24,1.8987133137758915e-24,1.8987133137759246e-24,1.8987133137766798e-24,1.8987133137772914e-24,1.8987133137772518e-24,1.8987133137772514e-24,1.8987133137772745e-24,1.8987133137772745e-24,1.8987133137772745e-24,1.8987133137772745e-24,1.8987133137769403e-24,1.898713313777097e-24,1.898713313777095e-24,1.898713313777976e-24,1.898713313777977e-24,1.8987133137780434e-24,1.8987133137782524e-24,1.8987133137720087e-24,1.8987133137720087e-24,1.898713313772009e-24,1.898713313778055e-24,1.8987133137780544e-24,1.8987133137780548e-24,1.898713313780151e-24,1.898713313780179e-24,1.8987133137807107e-24,1.898713313780939e-24,1.8987133137809395e-24,1.898713313780939e-24,1.8987133137809395e-24,1.898713313780916e-24,1.8987133137805994e-24,1.8987133137806e-24,1.8987133137804932e-24,1.898713313780001e-24,1.898713313779553e-24,1.8987133137793313e-24,1.89871331377882e-24,1.8987133137788214e-24,1.898713313778348e-24,1.8987133137783505e-24,1.8987133137764635e-24,1.8987133137766846e-24,1.8987133137768407e-24,1.8987133137765523e-24,1.898713313776057e-24,1.8987133137760744e-24,1.8987133137759216e-24,1.898713313776096e-24,1.8987133137760957e-24,1.8987133137745588e-24,1.898713313775242e-24,1.8987133137752964e-24,1.898713313775209e-24,1.898713313775209e-24,1.8987133137751667e-24,1.898713313774215e-24,1.898713313774216e-24,1.8987133137742293e-24,1.898713313774101e-24,1.898713313774108e-24,1.8987133137746892e-24,1.8987133137784295e-24,1.8987133137784302e-24,1.8987133137786715e-24,1.898713313778671e-24,1.8987133137786708e-24,1.898713313778835e-24,1.898713313778834e-24,1.8987133137786304e-24,1.8987133137787145e-24,1.8987133137787145e-24,1.8987133137786822e-24,1.8987133137797302e-24,1.8987133137794073e-24,1.898713313779406e-24,1.8987133137794066e-24,1.898713313779403e-24,1.8987133137790363e-24,1.8987133137787784e-24,1.8987133137847845e-24,1.8987133137847852e-24,1.8987133137847837e-24,1.898713313783766e-24,1.8987133137837662e-24,1.8987133137837662e-24,1.8987133136686287e-24,1.898713313668628e-24,1.8987133136684267e-24,1.8987133136681593e-24,1.8987133136681593e-24,1.8987133136682026e-24,1.898713313668222e-24,1.898713313668222e-24,1.8987133136682225e-24,1.898713313668772e-24,1.8987133136688565e-24,1.8987133136688506e-24,1.8987133136887694e-24,1.8987133136886882e-24,1.8987133136891095e-24,1.8987133136894556e-24,1.898713313689456e-24,1.898713313688581e-24,1.8987133136885806e-24,1.898713313688525e-24,1.898713313688189e-24,1.8987133136881868e-24,1.8987133136883363e-24,1.8987133136883925e-24,1.898713313688394e-24,1.898713313688394e-24,1.8987133136637817e-24,1.8987133136658524e-24,1.8987133136656955e-24,1.8987133136656257e-24,1.8987133136657668e-24,1.898713313665766e-24,1.898713313665766e-24,1.8987133136649377e-24,1.8987133136629592e-24,1.8987133136153425e-24,1.8987133136151063e-24,1.898713313615106e-24,1.8987133136151074e-24,1.8987133136196352e-24,1.898713313617823e-24,1.8987133136177357e-24,1.8987133136177758e-24,1.898713313617776e-24,1.8987133136177758e-24,1.898713313618118e-24,1.8987133136181244e-24,1.898713313618201e-24,1.8987133136181802e-24,1.898713313705273e-24,1.8987133137052737e-24,1.8987133137052707e-24,1.898713313705271e-24,1.8987133137052707e-24,1.8987133137047932e-24,1.8987133137050287e-24,1.8987133137049324e-24,1.8987133137049324e-24,1.8987133137146442e-24,1.898713313714644e-24,1.898713313713834e-24,1.898713313713465e-24,1.898713313713465e-24,1.8987133137130048e-24,1.8987133137130044e-24,1.8987133137130048e-24,1.8987133137204893e-24,1.8987133137191452e-24,1.898713313719216e-24,1.8987133137193693e-24,1.898713313717823e-24,1.898713313717579e-24,1.8987133137175785e-24,1.8987133137112705e-24,1.8987133137111383e-24,1.8987133137111383e-24,1.898713313708677e-24,1.8987133137086584e-24,1.898713313708658e-24,1.8987133137085555e-24,1.8987133137085555e-24,1.898713313708472e-24,1.8987133137092208e-24,1.898713313709977e-24,1.8987133137099764e-24,1.8987133136806937e-24,1.8987133136805427e-24,1.898713313680527e-24,1.8987133136805273e-24,1.89871331368069e-24,1.89871331368069e-24,1.8987133136798312e-24,1.8987133136796244e-24,1.8987133136796215e-24,1.898713313680056e-24,1.8987133136800608e-24,1.8987133136801196e-24,1.898713313680294e-24,1.8987133136787295e-24,1.8987133136787295e-24,1.8987133136787226e-24,1.898713313678723e-24,1.898713313678723e-24,1.898713313678749e-24,1.8987133136791097e-24,1.8987133136791017e-24,1.8987133136793404e-24,1.8987133136792354e-24,1.8987133136784155e-24,1.8987133136788067e-24,1.8987133136787824e-24,1.8987133136781705e-24,1.898713313678184e-24,1.8987133136781833e-24,1.898713313678636e-24,1.8987133136787556e-24,1.898713313681575e-24,1.8987133136844843e-24,1.8987133136844843e-24,1.898713313686602e-24,1.8987133136866017e-24,1.8987133136885486e-24,1.8987133136885875e-24,1.898713313688618e-24,1.8987133136881324e-24,1.898713313688132e-24,1.8987133136876126e-24,1.898713313686998e-24,1.8987133136866447e-24,1.8987133136866443e-24,1.898713313686644e-24,1.8987133136871993e-24,1.898713313687199e-24,1.8987133136871993e-24,1.8987133135851697e-24,1.898713313581616e-24,1.898713313581278e-24,1.898713313581278e-24,1.898713313581616e-24,1.8987133135586976e-24,1.8987133135586965e-24,1.8987133135579255e-24,1.89871331355836e-24,1.8987133135583597e-24,1.8987133135755873e-24,1.8987133135772212e-24,1.8987133135775636e-24,1.898713313577587e-24,1.8987133135777373e-24,1.898713313575228e-24,1.8987133135752725e-24,1.89871331357518e-24,1.898713313575071e-24,1.8987133135750697e-24,1.8987133135750704e-24,1.898713313574931e-24,1.8987133135763767e-24,1.8987133135760644e-24,1.8987133135761412e-24,1.898713313576193e-24,1.898713313576192e-24,1.8987133135761915e-24,1.898713313576192e-24,1.8987133135761754e-24,1.898713313576358e-24,1.898713313576358e-24,1.8987133135813053e-24,1.8987133135815345e-24,1.8987133135815353e-24,1.898713313581534e-24,1.898713313581453e-24,1.8987133135818365e-24,1.898713313581836e-24,1.8987133135820135e-24,1.8987133135820135e-24,1.8987133135820135e-24,1.8987133135821002e-24,1.8987133135821013e-24,1.8987133135813435e-24,1.8987133135813163e-24,1.898713313582008e-24,1.898713313582326e-24,1.8987133135823835e-24,1.898713313582334e-24,1.8987133135783107e-24,1.8987133135774633e-24,1.898713313577467e-24,1.8987133135777524e-24,1.8987133135778233e-24,1.8987133135779133e-24,1.8987133135787967e-24,1.898713313578796e-24,1.898713313578652e-24,1.8987133135884115e-24,1.8987133135894937e-24,1.898713313589374e-24,1.8987133135896976e-24,1.8987133135909124e-24,1.8987133135909113e-24,1.898713313593274e-24,1.898713313593644e-24,1.8987133135934978e-24,1.8987133135934978e-24,1.8987133135985638e-24,1.8987133135984936e-24,1.8987133135984256e-24,1.8987133136003263e-24,1.8987133135988878e-24,1.898713313598887e-24,1.898713313598888e-24,1.8987133135988874e-24,1.8987133135975826e-24,1.898713313597968e-24,1.8987133135985057e-24,1.8987133135985057e-24,1.8987133135984352e-24,1.8987133135993414e-24,1.8987133135995122e-24,1.898713313600179e-24,1.898713313600083e-24,1.8987133136001544e-24,1.8987133136002543e-24,1.898713313600547e-24,1.8987133136005316e-24,1.8987133136005316e-24,1.8987133136017854e-24,1.8987133136017945e-24,1.8987133136028297e-24,1.8987133136028308e-24,1.8987133136051337e-24,1.898713313605432e-24,1.8987133136046653e-24,1.8987133136046205e-24,1.8987133136046212e-24,1.8987133136046216e-24,1.8987133136041885e-24,1.8987133136041885e-24,1.8987133136041437e-24,1.898713313604144e-24,1.8987133136126804e-24,1.898713313612664e-24,1.8987133136040915e-24,1.898713313604141e-24,1.898713313605038e-24,1.8987133135984517e-24,1.8987133135984664e-24,1.8987133135964993e-24,1.8987133135945807e-24,1.8987133135946527e-24,1.8987133135946732e-24,1.898713313594693e-24,1.898713313595216e-24,1.898713313596898e-24,1.8987133135970514e-24,1.898713313597134e-24,1.8987133135970037e-24,1.8987133135970044e-24,1.89871331359706e-24,1.8987133135970602e-24,1.8987133135970595e-24,1.8987133135970595e-24,1.898713313595126e-24,1.8987133135951093e-24,1.8987133135947067e-24,1.8987133135959986e-24,1.8987133135975003e-24,1.8987133135975003e-24,1.8987133135976035e-24,1.8987133135976035e-24,1.8987133135971425e-24,1.898713313596803e-24,1.8987133135968035e-24,1.8987133135968156e-24,1.898713313596815e-24,1.8987133135968152e-24,1.8987133135970577e-24,1.8987133135980657e-24,1.8987133135978203e-24,1.898713313597703e-24,1.898713313597704e-24,1.898713313597704e-24,1.8987133135977035e-24,1.898713313600421e-24,1.8987133136003777e-24,1.8987133136001988e-24,1.8987133136000577e-24,1.8987133136000335e-24,1.8987133135971796e-24,1.8987133135972814e-24,1.8987133135972817e-24,1.898713313597313e-24,1.8987133135973122e-24,1.898713317996441e-24,1.8987133179967398e-24,1.8987133179966116e-24,1.8987133179964544e-24,1.8987133180002295e-24,1.8987133180008246e-24,1.898713318000824e-24,1.898713318000823e-24,1.8987133180008235e-24,1.8987133180005837e-24,1.898713318001267e-24,1.8987133180012666e-24,1.8987133180018212e-24,1.8987133180020446e-24,1.8987133180020997e-24,1.8987133180020993e-24,1.8987133180025732e-24,1.8987133180025732e-24,1.898713318005998e-24,1.898713318007221e-24,1.8987133180072215e-24,1.8987133180072035e-24,1.8987133180066885e-24,1.8987133180228714e-24,1.898713318022871e-24,1.898713318022199e-24,1.8987133180221735e-24,1.898713318022174e-24,1.8987133180222895e-24,1.898713318022209e-24,1.8987133180221573e-24,1.898713318022183e-24,1.898713318021915e-24,1.8987133180201207e-24,1.8987133180184295e-24,1.8987133180184938e-24,1.898713318018494e-24,1.8987133175885395e-24,1.8987133157523482e-24,1.8987133157519475e-24,1.8987133157518376e-24,1.8987133157518376e-24,1.89871331575196e-24,1.8987133157509817e-24,1.8987133157509814e-24,1.8987133157509814e-24,1.8987133157518244e-24,1.898713315751811e-24,1.898713315810597e-24,1.898713315810596e-24,1.8987133158102634e-24,1.8987133158102516e-24,1.8987133158103067e-24,1.898713315810037e-24,1.8987133158100643e-24,1.8987133158097594e-24,1.89871331580976e-24,1.8987133158100944e-24,1.8987133158103108e-24,1.8987133158100147e-24,1.898713315810013e-24,1.8987133158098975e-24,1.8987133158099438e-24,1.898713315809945e-24,1.898713315809945e-24,1.8987133158123073e-24,1.89871331581249e-24,1.8987133158125688e-24,1.8987133158113184e-24,1.898713315807616e-24,1.8987133158101032e-24,1.898713315810124e-24,1.8987133158100422e-24,1.8987133158104915e-24,1.8987133158104915e-24,1.898713315810778e-24,1.8987133158106458e-24,1.8987133158111086e-24,1.8987133158111086e-24,1.8987133158111086e-24,1.898713315812094e-24,1.8987133158120957e-24,1.898713315812096e-24,1.8987133158115167e-24,1.898713315810529e-24,1.8987133158105293e-24,1.8987133158137873e-24,1.8987133158137318e-24,1.8987133158137314e-24,1.8987133158114503e-24,1.8987133158089108e-24,1.8987133158081662e-24,1.898713315808166e-24,1.8987133158093924e-24,1.8987133158119076e-24,1.8987133158119653e-24,1.8987133158119653e-24,1.8987133158119653e-24,1.8987133158119645e-24,1.898713315812127e-24,1.8987133158111667e-24,1.898713315811166e-24,1.8987133158142174e-24,1.8987133158130056e-24,1.8987133158141535e-24,1.898713315814154e-24,1.8987133158133193e-24,1.8987133158130456e-24,1.898713315816672e-24,1.89871331581504e-24,1.8987133158160696e-24,1.8987133158163282e-24,1.8987133158162202e-24,1.898713315827772e-24,1.8987133158277713e-24,1.8987133158279384e-24,1.898713315827938e-24,1.8987133158282877e-24,1.898713315828335e-24,1.89871331582834e-24,1.898713315828339e-24,1.8987133158283395e-24,1.898713315828339e-24,1.898713315828633e-24,1.8987133158278006e-24,1.8987133158278054e-24,1.8987133158274855e-24,1.8987133158271743e-24,1.8987133158280464e-24,1.8987133158276824e-24,1.8987133158278315e-24,1.898713315827685e-24,1.898713315827685e-24,1.898713315828836e-24,1.8987133158290588e-24,1.8987133158210908e-24,1.8987133158210798e-24,1.898713315820973e-24,1.898713315820962e-24,1.8987133158212785e-24,1.8987133158212116e-24,1.8987133158211848e-24,1.8987133158233235e-24,1.8987133158233235e-24,1.8987133158234006e-24,1.898713315823401e-24,1.898713315824404e-24,1.898713315824404e-24,1.8987133158226538e-24,1.8987133158229403e-24,1.8987133158229403e-24,1.8987133158229403e-24,1.8987133158229407e-24,1.8987133158229403e-24,1.8987133158239568e-24,1.8987133158244464e-24,1.8987133158244464e-24,1.898713315824446e-24,1.8987133158292847e-24,1.8987133158285537e-24,1.8987133158285533e-24,1.8987133158285533e-24,1.8987133158293538e-24,1.898713315820579e-24,1.8987133158192992e-24,1.8987133158193e-24,1.8987133158193073e-24,1.8987133158193077e-24,1.8987133158185947e-24,1.898713315818585e-24,1.898713315818864e-24,1.8987133158189793e-24,1.898713315818979e-24,1.8987133158175118e-24,1.898713315817512e-24,1.898713315817512e-24,1.8987133158176473e-24,1.8987133158170823e-24,1.8987133158170125e-24,1.898713315817012e-24,1.898713315816816e-24,1.8987133158168325e-24,1.8987133158168325e-24,1.898713315816773e-24,1.8987133158164836e-24,1.8987133158158642e-24,1.8987133158158635e-24,1.8987133158158642e-24,1.8987133158158628e-24,1.898713315808818e-24,1.898713315808818e-24,1.898713315808818e-24,1.8987133158121387e-24,1.898713315811568e-24,1.898713315811568e-24,1.898713315811273e-24,1.89871331581128e-24,1.8987133158112798e-24,1.8987133158112805e-24,1.8987133158114286e-24,1.898713315811428e-24,1.8987133158106623e-24,1.8987133158116306e-24,1.898713315811347e-24,1.8987133158113467e-24,1.898713315809271e-24,1.898713315808641e-24,1.8987133158086467e-24,1.898713315814183e-24,1.8987133158143328e-24,1.8987133157986168e-24,1.898713315799149e-24,1.89871331579925e-24,1.8987133157983894e-24,1.8987133158003404e-24,1.898713315800304e-24,1.8987133158000806e-24,1.8987133158000806e-24,1.8987133157989206e-24,1.8987133157987343e-24,1.8987133157948725e-24,1.8987133157948736e-24,1.898713315795196e-24,1.898713315794523e-24,1.8987133157942348e-24,1.8987133157942344e-24,1.898713315793383e-24,1.898713315793525e-24,1.8987133157935276e-24,1.898713315793448e-24,1.898713315792823e-24,1.898713315795258e-24,1.898713315795918e-24,1.8987133157960344e-24,1.8987133157960347e-24,1.8987133157960344e-24,1.8987133157967294e-24,1.898713315794924e-24,1.8987133157949235e-24,1.898713315794951e-24,1.898713315794952e-24,1.898713315795045e-24,1.8987133157985327e-24,1.8987133157979622e-24,1.8987133157979508e-24,1.8987133157877093e-24,1.8987133157877056e-24,1.8987133157877053e-24,1.898713315787705e-24,1.8987133157882702e-24,1.8987133157850222e-24,1.8987133157849315e-24,1.8987133157849406e-24,1.8987133157849946e-24,1.8987133157842405e-24,1.8987133157846486e-24,1.898713315788817e-24,1.898713315788797e-24,1.898713315788797e-24,1.898713315788107e-24,1.8987133157881068e-24,1.898713315788928e-24,1.89871331578752e-24,1.8987133157878022e-24,1.8987133157878033e-24,1.8987133157884513e-24,1.8987133157848745e-24,1.898713315784932e-24,1.898713315785979e-24,1.8987133157863733e-24,1.8987133157855427e-24,1.898713315785542e-24,1.8987133157855214e-24,1.898713315785521e-24,1.8987133157898362e-24,1.8987133157913757e-24,1.8987133157932635e-24,1.8987133157925898e-24,1.898713315792851e-24,1.8987133157928514e-24,1.8987133157928514e-24,1.8987133157929054e-24,1.8987133157970695e-24,1.898713315797019e-24,1.8987133157968807e-24,1.8987133157968807e-24,1.8987133157971717e-24,1.898713315793611e-24,1.8987133157957343e-24,1.8987133157957343e-24,1.8987133157957343e-24,1.8987133157957346e-24,1.8987133157957343e-24,1.898713315795734e-24,1.898713315795734e-24,1.898713315795735e-24,1.8987133157956718e-24,1.8987133157956714e-24,1.8987133157955006e-24,1.8987133157955006e-24,1.8987133157954793e-24,1.89871331579594e-24,1.89871331579594e-24,1.8987133157954907e-24,1.8987133157957438e-24,1.898713315795744e-24,1.8987133157952152e-24,1.8987133157952435e-24,1.8987133157944364e-24,1.898713315794967e-24,1.898713315794967e-24,1.898713315794967e-24,1.898713315793724e-24,1.898713315799999e-24,1.8987133158000233e-24,1.8987133158012146e-24,1.898713315776958e-24,1.8987133157770656e-24,1.8987133157770656e-24,1.8987133157740574e-24,1.8987133157771603e-24,1.89871331577716e-24,1.8987133157771603e-24,1.8987133157781647e-24,1.898713315778165e-24,1.8987133157730806e-24,1.8987133157730806e-24,1.8987133157730377e-24,1.8987133157732305e-24,1.898713315773963e-24,1.8987133157739454e-24,1.8987133157739457e-24,1.8987133157739454e-24,1.8987133157739457e-24,1.8987133157654778e-24,1.8987133157654774e-24,1.898713315772077e-24,1.898713315760787e-24,1.89871331576185e-24,1.898713315760537e-24,1.898713315760898e-24,1.898713315760899e-24,1.898713315760898e-24,1.8987133157554493e-24,1.898713315754914e-24,1.8987133157549137e-24,1.89871331576109e-24,1.898713315761091e-24,1.89871331576109e-24,1.898713315761091e-24,1.8987133157597634e-24,1.8987133157598398e-24,1.8987133157597186e-24,1.8987133157697845e-24,1.898713315776953e-24,1.8987133157769286e-24,1.8987133157796377e-24,1.898713315779638e-24,1.8987133157796377e-24,1.8987133157951877e-24,1.898713315795119e-24,1.8987133157951193e-24,1.8987133157968536e-24,1.898713315795633e-24,1.898713315795633e-24,1.8987133157895897e-24,1.898713315786258e-24,1.898713315786259e-24,1.898713315786178e-24,1.8987133157857466e-24,1.898713315785747e-24,1.898713315785344e-24,1.8987133157826738e-24,1.898713315782653e-24,1.8987133157946793e-24,1.8987133157946815e-24,1.8987133157946815e-24,1.898713315795306e-24,1.898713315779544e-24,1.898713315770355e-24,1.89871331577034e-24,1.8987133157703395e-24,1.8987133157703395e-24,1.898713315773867e-24,1.8987133157738668e-24,1.898713315773878e-24,1.898713315773878e-24,1.898713315773878e-24,1.898713315773878e-24,1.8987133157738785e-24,1.8987133157770917e-24,1.898713315775851e-24,1.898713315775851e-24,1.898713315775851e-24,1.8987133157795462e-24,1.898713315779546e-24,1.8987133157673883e-24,1.898713315767388e-24,1.898713315770922e-24,1.898713315770922e-24,1.898713315770617e-24,1.8987133157706165e-24,1.8987133157706165e-24,1.8987133157709725e-24,1.8987133157707205e-24,1.8987133157707205e-24,1.8987133157707205e-24,1.898713315769477e-24,1.8987133157694767e-24,1.8987133157694767e-24,1.898713315761225e-24,1.8987133157629578e-24,1.8987133157629574e-24,1.8987133157629578e-24,1.8987133157631756e-24,1.8987133157622496e-24,1.8987133157622496e-24,1.8987133157626658e-24,1.898713315762665e-24,1.8987133157614624e-24,1.898713315738414e-24,1.898713315737235e-24,1.898713315741009e-24,1.8987133157410084e-24,1.898713315741683e-24,1.8987133157402035e-24,1.8987133157402035e-24,1.8987133157289375e-24,1.8987133157289375e-24,1.8987133157289364e-24,1.8987133157224488e-24,1.8987133157224484e-24,1.8987133157225575e-24,1.8987133157225575e-24,1.89871331572371e-24,1.8987133157524845e-24,1.8987133157549325e-24,1.898713315749941e-24,1.8987133157484654e-24,1.898713315749568e-24,1.898713315749567e-24,1.8987133157499036e-24,1.8987133157499032e-24,1.8987133157499032e-24,1.8987133157499032e-24,1.8987133157499036e-24,1.8987133157519313e-24,1.8987133157519317e-24,1.8987133157519317e-24,1.898713315751932e-24,1.8987133157519313e-24,1.8987133157519317e-24,1.898713315749061e-24,1.898713315749061e-24,1.8987133157490613e-24,1.898713315749061e-24,1.8987133157424513e-24,1.8987133157449382e-24,1.8987133157271644e-24,1.8987133155455564e-24,1.8987133155447328e-24,1.8987133155447328e-24,1.8987133155877978e-24,1.8987133155881023e-24,1.8987133155881027e-24,1.8987133155880802e-24,1.89871331558808e-24,1.89871331544532e-24,1.8987133154458983e-24,1.8987133154286042e-24,1.8987133154286053e-24,1.8987133154377477e-24,1.8987133154398287e-24,1.8987133154302826e-24,1.898713315430283e-24,1.898713315430285e-24,1.898713315717318e-24,1.898713315718961e-24,1.898713315718585e-24,1.898713315718585e-24,1.898713315718585e-24,1.898713315720548e-24,1.898713315720548e-24,1.898713315720548e-24,1.8987133157387643e-24,1.898713315738764e-24,1.898713315714886e-24,1.898713315714982e-24,1.898713315714982e-24,1.8987133157149822e-24,1.898713315713834e-24,1.8987133157059177e-24,1.8987133157065348e-24,1.8987133157065344e-24,1.8987133156610876e-24,1.898713315658805e-24,1.8987133156586327e-24,1.89871331565862e-24,1.8987133156543965e-24,1.898713315654397e-24,1.8987133156754856e-24,1.898713315677176e-24,1.898713315674881e-24,1.8987133156748813e-24,1.898713315674881e-24,1.898713315674881e-24,1.898713315672052e-24,1.898713315673047e-24,1.898713315673032e-24,1.8987133156753783e-24,1.8987133156753787e-24,1.8987133156753783e-24,1.8987133156753787e-24,1.8987133156757835e-24,1.8987133156509295e-24,1.8987133156509295e-24,1.8987133156474827e-24,1.8987133156474824e-24,1.8987133156474824e-24,1.898713315647482e-24,1.898713315647482e-24,1.8987133156457096e-24,1.8987133156240654e-24,1.898713315624066e-24,1.898713315624065e-24,1.8987133156240658e-24,1.8987133156240658e-24,1.8987133156240654e-24,1.898713315624065e-24,1.898713315624065e-24,1.898713315624065e-24,1.8987133156240647e-24,1.8987133156240654e-24,1.898713315624065e-24,1.898713315624065e-24,1.898713315628819e-24,1.8987133156288192e-24,1.8987133156288192e-24,1.898713315640035e-24,1.8987133156404977e-24,1.89871331564054e-24,1.89871331564054e-24,1.8987133156405396e-24,1.898713315641492e-24,1.8987133156648474e-24,1.898713315658031e-24,1.8987133156580306e-24,1.8987133156581287e-24,1.898713315659058e-24,1.898713315636668e-24,1.8987133156398593e-24,1.8987133156398593e-24,1.8987133156397432e-24,1.8987133156526626e-24,1.8987133156520066e-24,1.8987133156725616e-24,1.898713315670639e-24,1.8987133156706393e-24,1.8987133156709272e-24,1.8987133156714235e-24,1.898713315671422e-24,1.8987133156714536e-24,1.898713315670547e-24,1.8987133156561168e-24,1.8987133156561168e-24,1.898713315655586e-24,1.898713315653848e-24,1.898713315653261e-24,1.8987133156590658e-24,1.8987133156590658e-24,1.8987133156567012e-24,1.8987133156529914e-24,1.8987133155885648e-24,1.8987133155893876e-24,1.8987133155903905e-24,1.8987133155910447e-24,1.8987133155910454e-24,1.8987133155896264e-24,1.8987133155876648e-24,1.8987133155876648e-24,1.8987133155876644e-24,1.8987133155893197e-24,1.898713315588868e-24,1.898713315588915e-24,1.898713315588915e-24,1.898713315588594e-24,1.8987133155885945e-24,1.8987133155885938e-24,1.898713315588475e-24,1.898713315588475e-24,1.898713315588476e-24,1.898713315576527e-24,1.8987133155765266e-24,1.898713315571748e-24,1.8987133155717482e-24,1.898713315571575e-24,1.8987133155719e-24,1.8987133155719007e-24,1.8987133155732925e-24,1.8987133155732918e-24,1.8987133155734178e-24,1.8987133155733917e-24,1.8987133155763844e-24,1.898713315576384e-24,1.8987133155692007e-24,1.8987133155689887e-24,1.898713315569827e-24,1.8987133155681402e-24,1.898713315567457e-24,1.898713315548097e-24,1.8987133155443034e-24,1.8987133155443037e-24,1.8987133155441112e-24,1.8987133155507223e-24,1.8987133155507227e-24,1.8987133155507227e-24,1.8987133155507227e-24,1.8987133155508858e-24,1.8987133155508854e-24,1.8987133155508854e-24,1.8987133155519073e-24,1.898713315551907e-24,1.8987133155528397e-24,1.8987133155528393e-24,1.89871331555284e-24,1.8987133155531288e-24,1.8987133155531284e-24,1.8987133155613124e-24,1.898713315559601e-24,1.8987133155609098e-24,1.89871331556084e-24,1.8987133155523415e-24,1.898713315552342e-24,1.8987133155087105e-24,1.898713315510029e-24,1.8987133155110953e-24,1.898713315497393e-24,1.898713315497394e-24,1.8987133154988804e-24,1.8987133154987897e-24,1.8987133154987897e-24,1.89871331549879e-24,1.8987133154990123e-24,1.8987133154989917e-24,1.8987133154989917e-24,1.8987133154989917e-24,1.8987133154989917e-24,1.898713315498722e-24,1.8987133155126837e-24,1.8987133155105035e-24,1.8987133155105035e-24,1.8987133155105134e-24,1.898713315503722e-24,1.898713315501511e-24,1.8987133155055503e-24,1.8987133155054794e-24,1.8987133154938504e-24,1.8987133154938515e-24,1.8987133154936616e-24,1.898713315493669e-24,1.898713315493669e-24,1.8987133154931326e-24,1.89871331549219e-24,1.89871331549219e-24,1.8987133154921908e-24,1.898713315492755e-24,1.898713315493389e-24,1.8987133154933887e-24,1.8987133154933894e-24,1.8987133154933082e-24,1.8987133154932285e-24,1.898713315492008e-24,1.8987133154920075e-24,1.898713315491664e-24,1.898713315491493e-24,1.8987133154919138e-24,1.898713315491914e-24,1.898713315492934e-24,1.8987133154929295e-24,1.89871331549293e-24,1.8987133154928975e-24,1.8987133154921996e-24,1.8987133154922e-24,1.8987133154927807e-24,1.898713315493934e-24,1.898713315495742e-24,1.8987133154957415e-24,1.8987133154958366e-24,1.898713315495563e-24,1.8987133154958256e-24,1.8987133154955215e-24,1.8987133154955215e-24,1.898713315495522e-24,1.898713315495521e-24,1.8987133154953848e-24,1.898713315494927e-24,1.8987133154955207e-24,1.898713315482933e-24,1.898713315482933e-24,1.8987133154829326e-24,1.8987133154870197e-24,1.8987133154870193e-24,1.898713315486536e-24,1.8987133154916195e-24,1.8987133154916195e-24,1.8987133154900587e-24,1.898713315488211e-24,1.8987133154882102e-24,1.898713315484905e-24,1.8987133154850224e-24,1.8987133154848766e-24,1.8987133154848766e-24,1.898713315484877e-24,1.8987133155019172e-24,1.898713315501917e-24,1.8987133155019172e-24,1.8987133155019323e-24,1.8987133155019323e-24,1.8987133087320774e-24,1.8987133087265335e-24,1.898713308726474e-24,1.8987133087264743e-24,1.8987133087263406e-24,1.898713308726341e-24,1.8987133087263403e-24,1.8987133087263406e-24,1.8987133087249756e-24,1.8987133087249756e-24,1.8987133087249756e-24,1.8987133087251967e-24,1.8987133087223112e-24,1.8987133087228538e-24,1.898713308722545e-24,1.8987133087226477e-24,1.898713308710478e-24,1.8987133087105394e-24,1.8987133087105398e-24,1.8987133087105398e-24,1.8987133087105398e-24,1.89871330871054e-24,1.898713308710637e-24,1.898713308703625e-24,1.898713308703703e-24,1.898713308703943e-24,1.8987133087039427e-24,1.8987133087032943e-24,1.898713308703039e-24,1.898713308703631e-24,1.8987133087037667e-24,1.898713308703767e-24,1.8987133087037667e-24,1.898713308700361e-24,1.898713308700361e-24,1.8987133087003622e-24,1.8987133087003255e-24,1.898713308700376e-24,1.8987133087020138e-24,1.89871330870203e-24,1.89871330870203e-24,1.8987133087022298e-24,1.8987133087022298e-24,1.89871330870223e-24,1.898713308702229e-24,1.898713308702229e-24,1.8987133087022287e-24,1.8987133087022287e-24,1.898713308702229e-24,1.898713308702229e-24,1.8987133087022287e-24,1.8987133087022287e-24,1.8987133087022287e-24,1.898713308702427e-24,1.898713308702427e-24,1.8987133087059704e-24,1.8987133087068708e-24,1.8987133087065453e-24,1.898713308706932e-24,1.8987133087068157e-24,1.8987133087071206e-24,1.8987133087066136e-24,1.8987133087066133e-24,1.8987133087066136e-24,1.8987133087066144e-24,1.8987133087061937e-24,1.8987133087072128e-24,1.8987133087072124e-24,1.8987133087086524e-24,1.898713308708379e-24,1.898713308708263e-24,1.8987133087127684e-24,1.898713308711868e-24,1.8987133087118273e-24,1.8987133087119614e-24,1.898713308711961e-24,1.8987133087119614e-24,1.898713308711961e-24,1.8987133087115467e-24,1.8987133087112348e-24,1.8987133087127038e-24,1.8987133087127166e-24,1.898713308712702e-24,1.8987133087126593e-24,1.8987133087126204e-24,1.8987133087126208e-24,1.8987133087126303e-24,1.898713308712632e-24,1.8987133087126153e-24,1.8987133087126156e-24,1.898713308712644e-24,1.898713308712644e-24,1.8987133087143017e-24,1.8987133087143054e-24,1.898713308716727e-24,1.8987133087167772e-24,1.898713308716754e-24,1.8987133087182268e-24,1.8987133087182264e-24,1.898713308921166e-24,1.898713308921164e-24,1.898713308921151e-24,1.898713308921162e-24,1.898713308921162e-24,1.8987133089211953e-24,1.8987133089211986e-24,1.8987133089210664e-24,1.898713308921066e-24,1.898713308921066e-24,1.8987133089210668e-24,1.8987133089210403e-24,1.8987133089210142e-24,1.8987133089210146e-24,1.898713308921014e-24,1.8987133089210513e-24,1.8987133089210513e-24,1.8987133089210517e-24,1.8987132925889903e-24,1.8987132925890528e-24,1.898713292589139e-24,1.8987132925890807e-24,1.8987132925890656e-24,1.8987132925900395e-24,1.8987132925857298e-24,1.8987132925857294e-24,1.898713292585743e-24,1.8987132925943682e-24,1.8987132925943682e-24,1.8987132925943756e-24,1.8987132925943752e-24,1.898713292594376e-24,1.8987132925939943e-24,1.8987132925940134e-24,1.8987132925940137e-24,1.8987132925911077e-24,1.8987132925911077e-24,1.8987132925911084e-24,1.8987132925911246e-24,1.898713292590674e-24,1.8987132925907525e-24,1.8987132925901475e-24,1.898713292588682e-24,1.8987132925884323e-24,1.898713292588433e-24,1.8987132925882872e-24,1.8987132925882593e-24,1.898713292588259e-24,1.8987132925845837e-24,1.8987132925844606e-24,1.8987132925842626e-24,1.8987132925796062e-24
2,0.0,0.0,0.0,0.0,0.0,0.0,0.0,0.0,0.0,0.0,0.0,0.0,0.0,0.0,0.0,0.0,0.0,0.0,0.0,0.0,0.0,0.0,0.0,0.0,0.0,0.0,0.0,0.0,0.0,0.0,0.0,0.0,0.0,0.0,0.0,0.0,0.0,0.0,0.0,0.0,0.0,0.0,0.0,0.0,0.0,0.0,0.0,0.0,0.0,0.0,0.0,0.0,0.0,0.0,0.0,0.0,0.0,0.0,0.0,0.0,0.0,0.0,0.0,0.0,0.0,0.0,0.0,0.0,0.0,0.0,0.0,0.0,0.0,0.0,0.0,0.0,0.0,0.0,0.0,0.0,0.0,0.0,0.0,0.0,0.0,0.0,0.0,0.0,0.0,0.0,0.0,0.0,0.0,0.0,0.0,0.0,0.0,0.0,0.0,0.0,0.0,0.0,0.0,0.0,0.0,0.0,0.0,0.0,0.0,0.0,0.0,0.0,0.0,0.0,0.0,0.0,0.0,0.0,0.0,0.0,0.0,0.0,0.0,0.0,0.0,0.0,0.0,0.0,0.0,0.0,0.0,0.0,0.0,0.0,0.0,0.0,0.0,0.0,0.0,0.0,0.0,0.0,0.0,0.0,0.0,0.0,0.0,0.0,0.0,0.0,0.0,0.0,0.0,0.0,0.0,0.0,0.0,0.0,0.0,0.0,0.0,0.0,0.0,0.0,0.0,0.0,0.0,0.0,0.0,0.0,0.0,0.0,0.0,0.0,0.0,0.0,0.0,0.0,0.0,0.0,0.0,0.0,0.0,0.0,0.0,0.0,0.0,0.0,0.0,0.0,0.0,0.0,0.0,0.0,0.0,0.0,0.0,0.0,0.0,0.0,0.0,0.0,0.0,0.0,0.0,0.0,0.0,0.0,0.0,0.0,0.0,0.0,0.0,0.0,0.0,0.0,0.0,0.0,0.0,0.0,0.0,0.0,0.0,0.0,0.0,0.0,0.0,0.0,0.0,0.0,0.0,0.0,0.0,0.0,0.0,0.0,0.0,0.0,0.0,0.0,0.0,0.0,0.0,0.0,0.0,0.0,0.0,0.0,0.0,0.0,0.0,0.0,0.0,0.0,0.0,0.0,0.0,0.0,0.0,0.0,0.0,0.0,0.0,0.0,0.0,0.0,0.0,0.0,0.0,0.0,0.0,0.0,0.0,0.0,0.0,0.0,0.0,0.0,0.0,0.0,0.0,0.0,0.0,0.0,0.0,0.0,0.0,0.0,0.0,0.0,0.0,0.0,0.0,0.0,0.0,0.0,0.0,0.0,0.0,0.0,0.0,0.0,0.0,0.0,0.0,0.0,0.0,0.0,0.0,0.0,0.0,0.0,0.0,0.0,0.0,0.0,0.0,0.0,0.0,0.0,0.0,0.0,0.0,0.0,0.0,0.0,0.0,0.0,0.0,0.0,0.0,0.0,0.0,0.0,0.0,0.0,0.0,0.0,0.0,0.0,0.0,0.0,0.0,0.0,0.0,0.0,0.0,0.0,0.0,0.0,0.0,0.0,0.0,0.0,0.0,0.0,0.0,0.0,0.0,0.0,0.0,0.0,0.0,0.0,0.0,0.0,0.0,0.0,0.0,0.0,0.0,0.0,0.0,0.0,0.0,0.0,0.0,0.0,0.0,0.0,0.0,0.0,0.0,0.0,0.0,0.0,0.0,0.0,0.0,0.0,0.0,0.0,0.0,0.0,0.0,0.0,0.0,0.0,0.0,0.0,0.0,0.0,0.0,0.0,0.0,0.0,0.0,0.0,0.0,0.0,0.0,0.0,0.0,0.0,0.0,0.0,0.0,0.0,0.0,0.0,0.0,0.0,0.0,0.0,0.0,0.0,0.0,0.0,0.0,0.0,0.0,0.0,0.0,0.0,0.0,0.0,0.0,0.0,0.0,0.0,0.0,0.0,0.0,0.0,0.0,0.0,0.0,0.0,0.0,0.0,0.0,0.0,0.0,0.0,0.0,0.0,0.0,0.0,0.0,0.0,0.0,0.0,0.0,0.0,0.0,0.0,0.0,0.0,0.0,0.0,0.0,0.0,0.0,0.0,0.0,0.0,0.0,0.0,0.0,0.0,0.0,0.0,0.0,0.0,0.0,0.0,0.0,0.0,0.0,0.0,0.0,0.0,0.0,0.0,0.0,0.0,0.0,0.0,0.0,0.0,0.0,0.0,0.0,0.0,0.0,0.0,0.0,0.0,0.0,0.0,0.0,0.0,0.0,0.0,0.0,0.0,0.0,0.0,0.0,0.0,0.0,0.0,0.0,0.0,0.0,0.0,0.0,0.0,0.0,0.0,0.0,0.0,0.0,0.0,0.0,0.0,0.0,0.0,0.0,0.0,0.0,0.0,0.0,0.0,0.0,0.0,0.0,0.0,0.0,0.0,0.0,0.0,0.0,0.0,0.0,0.0,0.0,0.0,0.0,0.0,0.0,0.0,0.0,0.0,0.0,0.0,0.0,0.0,0.0,0.0,0.0,0.0,0.0,0.0,0.0,0.0,0.0,0.0,0.0,0.0,0.0,0.0,0.0,0.0,0.0,0.0,0.0,0.0,0.0,0.0,0.0,0.0,0.0,0.0,0.0,0.0,0.0,0.0,0.0,0.0,0.0,0.0,0.0,0.0,0.0,0.0,0.0,0.0,0.0,0.0,0.0,0.0,0.0,0.0,0.0,0.0,0.0,0.0,0.0,0.0,0.0,0.0,0.0,0.0,0.0,0.0,0.0,0.0,0.0,0.0,0.0,0.0,0.0,0.0,0.0,0.0,0.0,0.0,0.0,0.0,0.0,0.0,0.0,0.0,0.0,0.0,0.0,0.0,0.0,0.0,0.0,0.0,0.0,0.0,0.0,0.0,0.0,0.0,0.0,0.0,0.0,0.0,0.0,0.0,0.0,0.0,0.0,0.0,0.0,0.0,0.0,0.0,0.0,0.0,0.0,0.0,0.0,0.0,0.0,0.0,0.0,0.0,0.0,0.0,0.0,0.0,0.0,0.0,0.0,0.0,0.0,0.0,0.0,0.0,0.0,0.0,0.0,0.0,0.0,0.0,0.0,0.0,0.0,0.0,0.0,0.0,0.0,0.0,0.0,0.0,0.0,0.0,0.0,0.0,0.0,0.0,0.0,0.0,0.0,0.0,0.0,0.0,0.0,0.0,0.0,0.0,0.0,0.0,0.0,0.0,0.0,0.0,0.0,0.0,0.0,0.0,0.0,0.0,0.0,0.0,0.0,0.0,0.0,0.0,0.0,0.0,0.0,0.0,0.0,0.0,0.0,0.0,0.0,0.0,0.0,0.0,0.0,0.0,0.0,0.0,0.0,0.0,0.0,0.0,0.0,0.0,0.0,0.0,0.0,0.0,0.0,0.0,0.0,0.0,0.0,0.0,0.0,0.0,0.0,0.0,0.0,0.0,0.0,0.0,0.0,0.0,0.0,0.0,0.0,0.0,0.0,0.0,0.0,0.0,0.0,0.0,0.0,0.0,0.0,0.0,0.0,0.0,0.0,0.0,0.0,0.0,0.0,0.0,0.0,0.0,0.0,0.0,0.0,0.0,0.0,0.0,0.0,0.0,0.0,0.0,0.0,0.0,0.0,0.0,0.0,0.0,0.0,0.0,0.0,0.0,0.0,0.0,0.0,0.0,0.0,0.0,0.0,0.0,0.0,0.0,0.0,0.0,0.0,0.0,0.0,0.0,0.0,0.0,0.0,0.0,0.0,0.0,0.0,0.0,0.0,0.0,0.0,0.0,0.0,0.0,0.0,0.0,0.0,0.0,0.0,0.0,0.0,0.0,0.0,0.0,0.0,0.0,0.0,0.0,0.0,0.0,0.0,0.0,0.0,0.0,0.0,0.0,0.0,0.0,0.0,0.0,0.0,0.0,0.0,0.0,0.0,0.0,0.0,0.0,0.0,0.0,0.0,0.0,0.0,0.0,0.0,0.0,0.0,0.0,0.0,0.0,0.0,0.0,0.0,0.0,0.0,0.0,0.0,0.0,0.0,0.0,0.0,0.0,0.0,0.0,0.0,0.0,0.0,0.0,0.0,0.0,0.0,0.0,0.0,0.0,0.0,0.0,0.0,0.0,0.0,0.0,0.0,0.0,0.0,0.0,0.0,0.0,0.0,0.0,0.0,0.0,0.0,0.0,0.0,0.0,0.0,0.0,0.0,0.0,0.0,0.0,0.0,0.0,0.0,0.0,0.0,0.0,0.0,0.0,0.0,0.0,0.0,0.0,0.0,0.0,0.0,0.0,0.0,0.0,0.0,0.0,0.0,0.0,0.0,0.0,0.0,0.0,0.0,0.0,0.0,0.0,0.0,0.0,0.0,0.0,0.0,0.0,0.0,0.0,0.0,0.0,0.0,0.0,0.0,0.0,0.0,0.0,0.0,0.0,0.0,0.0,0.0,0.0,0.0,0.0,0.0,0.0,0.0,0.0,0.0,0.0,0.0,0.0,0.0,0.0,0.0,0.0,0.0,0.0,0.0,0.0,0.0,0.0,0.0,0.0,0.0,0.0,0.0,0.0,0.0,0.0,0.0,0.0,0.0,0.0,0.0,0.0,0.0,0.0,0.0,0.0,0.0,0.0,0.0,0.0,0.0,0.0,0.0,0.0,0.0,0.0,0.0,0.0,0.0,0.0,0.0,0.0,0.0,0.0,0.0,0.0,0.0,0.0,0.0,0.0,0.0,0.0,0.0,0.0,0.0,0.0,0.0,0.0,0.0,0.0,0.0,0.0,0.0,0.0,0.0,0.0,0.0,0.0,0.0,0.0,0.0,0.0,0.0,0.0,0.0,0.0,0.0,0.0,0.0,0.0,0.0,0.0,0.0,0.0,0.0,0.0,0.0,0.0,0.0,0.0,0.0,0.0,0.0,0.0,0.0,0.0,0.0,0.0,0.0,-3.7356445421562035e-61,5.515935727405129e-81,5.515935727405131e-81,5.515935727405129e-81,5.515935727405149e-81,5.515935727405145e-81,5.515935727405146e-81,5.515935727405144e-81,5.515935727405146e-81,5.51593572740514e-81,5.515935727405146e-81,5.515935727405143e-81,5.515935727405151e-81,5.515935727405185e-81,5.515935727405189e-81,5.515935727405191e-81,5.515935727405189e-81,5.515935727405154e-81,-3.00069616334139e-32,8.990799305202628e-49,8.990786997155144e-49,8.990786997155127e-49,8.990786997154838e-49,8.99078699715484e-49,8.99078699715484e-49,8.990283896967316e-49,-6.589820894271771e-30,-2.3464716126874967e-44,-3.2442514506183455e-30,4.977770847356688e-29,4.9775847402174894e-29,4.977584740217787e-29,-3.0546020198779017e-28,-1.4628109440245247e-41,2.999584349327324e-29,-6.569528923184912e-29,-5.622817274109003e-33,1.2638355768575498e-28,1.157076163595157e-29,1.1570761635955348e-29,1.157085222630228e-29,1.1570852612599197e-29,1.157085261259941e-29,2.3419311244044747e-29,2.3404212782371754e-29,1.830669497333792e-29,1.6217589976079213e-29,1.6217589976081696e-29,1.621758997608167e-29,-4.457967097754064e-29,-2.4770035224780336e-31,2.5115918169536456e-33,2.5115918169536244e-33,3.2970129521804975e-33,3.297012952180492e-33,2.6691741048427424e-29,2.6691741048427643e-29,2.66917410484279e-29,2.6691741048427906e-29,2.669174104842762e-29,6.739828642102354e-27,6.739828642102237e-27,-1.4282656625793343e-26,4.492585430849557e-28,1.590401276959927e-25,1.6288185695222446e-25,1.7028917128254565e-25,1.852260345115441e-25,1.8522868486513998e-25,1.7547487303116206e-25,-2.614928708710081e-25,2.1883456289111612e-43,3.3017835571195582e-28,-1.862119973323747e-27,-4.641160805656658e-25,-2.838886514986159e-27,2.520193418727524e-41,5.425162432549028e-29,5.425162432549021e-29,5.425162432549026e-29,6.923504199957624e-26,6.923504199957625e-26,6.927523279129319e-26,6.927523279129333e-26,6.92752327912926e-26,6.927523279129212e-26,6.927523279129208e-26,6.927523279129203e-26,6.9275232791291e-26,6.927523279129102e-26,6.92752327912907e-26,6.927523279129069e-26,-1.523778178263285e-25,1.3079143763118688e-43,1.3079143763151504e-43,1.3079143763151508e-43,1.3079143763151504e-43,1.3079143763151514e-43,1.3079143763151486e-43,1.307914376315146e-43,1.3079143763151542e-43,1.3079143763151544e-43,1.3079143763151538e-43,1.3079143763151566e-43,1.307914376315157e-43,1.3079143763151536e-43,1.3079143763151544e-43,1.3079143763151538e-43,1.3079143763151544e-43,1.3079143763151492e-43,1.307914376315149e-43,1.3079143763151446e-43,1.307914376315147e-43,1.3079143763151482e-43,1.3079143763151498e-43,1.30791437631515e-43,1.30791437631515e-43,1.3079143763151486e-43,1.3079143763151488e-43,1.3079143763151488e-43,1.3079143763151488e-43,1.3079143763151486e-43,1.3079143763151488e-43,1.3079143763151476e-43,1.3079143763151486e-43,1.307914376315149e-43,1.307914376315149e-43,1.3079143763151498e-43,1.3079143763151496e-43,1.3079143763151488e-43,1.307914376315151e-43,1.3079143763151476e-43,1.3079143763151466e-43,1.3079143763151468e-43,1.3079143763151474e-43,1.3079143763151488e-43,1.3079143763151486e-43,1.307914376315149e-43,1.3079143763151492e-43,1.3079143763151488e-43,1.3079143763151486e-43,1.3079143763151488e-43,1.3079143763151472e-43,1.3079143763151476e-43,1.3079143763151472e-43,1.3079143763151478e-43,1.307914376315148e-43,1.3079143763151484e-43,1.307914376315148e-43,1.3079143763151484e-43,1.307914376315148e-43,1.3079143763151484e-43,1.3079143763151474e-43,1.3079143763151458e-43,1.307914376315146e-43,1.3079143763151462e-43,1.3079143763151466e-43,1.307914376315146e-43,1.3079143763151454e-43,1.3079143763151452e-43,1.3079143763151462e-43,1.3079143763151458e-43,1.3079143763151452e-43,1.3079143763151621e-43,1.307914376315162e-43,1.3079143763151611e-43,1.3079143763151615e-43,1.3079143763151621e-43,1.3079143763125377e-43,1.3079143763121984e-43,1.3079143763121986e-43,1.3079143763121976e-43,1.3079143763121974e-43,1.3079143763121974e-43,1.3079143763121974e-43,1.3079143763121976e-43,1.3079143763121976e-43,1.3079143763121974e-43,1.3079143763122665e-43,1.3079143763122667e-43,1.3079143763122663e-43,1.3079143763122669e-43,1.3079143763122665e-43,1.3079143762950073e-43,1.307914376295008e-43,1.3079143762950075e-43,1.307914376295008e-43,1.3079143762950073e-43,1.3079143762950067e-43,1.3079143762950075e-43,1.3079143774918383e-43,1.307914377491838e-43,1.3079143774918192e-43,1.3079143774919532e-43,1.3079143774919534e-43,1.3079143774919532e-43,1.3079143774919534e-43,1.307914377491954e-43,1.3079143774729427e-43,1.3079143774728033e-43,1.307914377472803e-43,1.307914377471316e-43,1.3079143774713161e-43,1.3079143774713157e-43,1.3079143774713163e-43,1.3079143774381334e-43,1.307914377438133e-43,1.3079143774381332e-43,1.3079143774381328e-43,1.3079145371529903e-43,1.3079145371529907e-43,1.3079145371529905e-43,1.3079145371529909e-43,1.3079145371529913e-43,1.3079145371529907e-43,1.307914537152991e-43,1.3079145371529905e-43,1.3079145371529905e-43,1.3079145371529907e-43,1.3079145371529905e-43,1.3079145371529905e-43,1.3079145371529907e-43,1.3079145371529907e-43,1.3079145371529903e-43,1.3079145371529909e-43,1.3079145371529909e-43,1.3079145371529909e-43,1.30791453715299e-43,1.3079145371529907e-43,1.3079145371529905e-43,1.3079145371529905e-43,1.3079145371529903e-43,1.3079145371529903e-43,1.307914537152991e-43,1.3079145371529897e-43,1.3079145371529899e-43,1.3079145371529905e-43,1.3079145371529907e-43,1.3079145371529905e-43,1.3079145371529907e-43,1.3079145371529903e-43,1.3079145371529903e-43,1.3079145371529907e-43,1.3079145371529907e-43,1.3079145371529905e-43,1.3079145371529903e-43,1.3079145371529905e-43,1.30791453715299e-43,1.30791453715299e-43,1.3079145371529895e-43,1.307914537152989e-43,1.3079145371529889e-43,1.3079145371529885e-43,1.3079145371529879e-43,1.3079145371529885e-43,1.307914537152988e-43,1.3079145371529887e-43,1.307914537152989e-43,1.3079145371529885e-43,1.3079145371529885e-43,1.3079145371529895e-43,1.3079145371529893e-43,1.3079145371529893e-43,1.3079145371529895e-43,1.3079145371529897e-43,1.30791453715299e-43,1.3079145371529897e-43,1.3079145371529895e-43,1.307914537152989e-43,1.3079145371529889e-43,1.307914537152988e-43,1.3079145371529877e-43,1.3079145371529875e-43,1.307914537152986e-43,1.3079145371529863e-43,1.3079145371529859e-43,1.3079145371529859e-43,1.3079145371529865e-43,1.3079145371529855e-43,1.307914537152985e-43,1.3079145371529857e-43,1.3079145371529853e-43,1.307914537152985e-43,1.3079145371529859e-43,1.3079145371529853e-43,1.307914537152985e-43,1.3079145371529853e-43,1.3079145371529859e-43,1.3079145371529865e-43,1.307914537152987e-43,1.3079145371529869e-43,1.3079145371529873e-43,1.307914537152987e-43,1.3079145371529867e-43,1.3079145371529877e-43,1.3079145371529879e-43,1.3079145371529883e-43,1.3079145371529887e-43,1.3079145371529885e-43,1.3079145371529889e-43,1.3079145371529887e-43,1.3079145371529865e-43,1.3079145371529855e-43,1.3079145371529849e-43,1.3079145371529853e-43,1.3079145371529853e-43,1.3079145371529849e-43,1.3079145371529855e-43,1.307914537152985e-43,1.3079145371529847e-43,1.3079145371529853e-43,1.307914537152986e-43,1.3079145371529863e-43,1.3079145371529857e-43,1.3079145371529859e-43,1.3079145371529863e-43,1.307914537152986e-43,1.3079145371529859e-43,1.3079145371529849e-43,1.307914537152985e-43,1.3079145371529849e-43,1.3079145371529859e-43,1.307914537152985e-43,1.3079145371529857e-43,1.3079145371529863e-43,1.3079145371529863e-43,-8.664850535645918e-34,4.448401688925498e-48,4.4484016889254975e-48,4.4484016889254987e-48,4.448401688925497e-48,4.448401688925493e-48,4.4484016889254926e-48,4.4484016889254944e-48,1.624262319069453e-31,1.6242623190694543e-31,1.6242623190694532e-31,1.6242623190694528e-31,1.6242623190694513e-31,1.6242623190694515e-31,1.6242623190694526e-31,1.62426231906946e-31,1.6242623190694596e-31,1.624262319069459e-31,1.6242623190694596e-31,1.6242623190694596e-31,1.6242623190694594e-31,1.6242623190694594e-31,1.6242623190694587e-31,1.6242623190694587e-31,1.6242623190694585e-31,1.6242623190694587e-31,1.624262319069458e-31,1.6242623190694585e-31,1.624262319069458e-31,1.6242623190694587e-31,1.6242623190694585e-31,1.624262319069457e-31,1.6242623190694574e-31,1.6242623190694574e-31,1.6242623190694567e-31,1.6242623190694572e-31,1.6242623190694576e-31,1.6242623190694574e-31,1.624262319069457e-31,1.6242623190694574e-31,1.6242623190694572e-31,1.6242623190694552e-31,1.6242623190694563e-31,1.6242623190694554e-31,1.6242623190694554e-31,1.6242623190694554e-31,1.6242623190694556e-31,1.6242623190694567e-31,1.6242623190694554e-31,1.6242623190694556e-31,1.624262319069456e-31,1.6242623190694554e-31,1.6242623190694576e-31,1.6242623190694572e-31,1.624262319069458e-31,1.6242623190694578e-31,1.6242623190694578e-31,1.624262319069458e-31,1.6242623190694574e-31,1.624262319069457e-31,1.6242623190694572e-31,1.6242623190694574e-31,1.624262319069459e-31,1.6242623190694594e-31,1.6242623190694591e-31,1.62426231906946e-31,1.6242623190694602e-31,1.6242623190694596e-31,1.6242623190694594e-31,1.6242623190694598e-31,1.62426231906946e-31,1.6242623190694594e-31,1.6242623190694572e-31,1.624262319069456e-31,1.6242623190694572e-31,1.6242623190694567e-31,1.624262319069456e-31,1.6242623190694548e-31,1.6242623190694548e-31,1.6242623190694537e-31,1.6242623190694535e-31,1.6242623190694537e-31,1.6242623190694548e-31,1.624262319069455e-31,1.6242623190694548e-31,1.6242623190694545e-31,1.6242623190694552e-31,1.6242623190694545e-31,1.624262319069455e-31,1.6242623190694548e-31,1.6242623190694535e-31,1.6242623190694552e-31,1.6242623190694554e-31,1.6242623190694554e-31,1.6242623190694552e-31,1.6242623190694554e-31,1.624262319069455e-31,1.6242623190694563e-31,1.6242623190694559e-31,1.6242623190694578e-31,1.624262319069458e-31,1.6242623190694576e-31,1.624262319069458e-31,1.6242623190694583e-31,1.6242623190694587e-31,1.6242623190694574e-31,1.6242623190694576e-31,1.6242623190694576e-31,1.6242623190694578e-31,1.6242623190694556e-31,1.6242623190694556e-31,1.624262319069456e-31,1.6242623190694556e-31,1.6242623190694559e-31,1.624262319069456e-31,1.6242623190694556e-31,1.6242623190694552e-31,1.6242623190694548e-31,1.6242623190694552e-31,1.624262319069455e-31,1.6242623190694548e-31,1.6242623190694545e-31,1.6242623190694524e-31,1.6242623190694524e-31,1.6242623190694524e-31,1.6242623190694524e-31,1.6242623190694524e-31,1.6242623190694526e-31,1.6242623190694524e-31,1.6242623190694524e-31,1.6242623190694524e-31,1.624262319069453e-31,1.6242623190694517e-31,1.6242623190694508e-31,1.624262319069452e-31,1.6242623190694524e-31,1.6242623190694526e-31,1.6242623190694524e-31,1.624262319069453e-31,1.6242623190694528e-31,1.6242623190694528e-31,1.6242623190694532e-31,1.624262319069454e-31,1.6242623190694532e-31,1.6242623190694543e-31,1.6242623190694535e-31,1.6242623190694532e-31,1.6242623190694543e-31,1.6242623190694532e-31,1.6242623190694532e-31,1.6242623190694535e-31,1.624262319069453e-31,1.6242623190694535e-31,1.6242623190694532e-31,1.624262319069453e-31,1.624262319069453e-31,1.6242623190694535e-31,1.624262319069449e-31,1.6242623190694473e-31,1.6242623190694475e-31,1.6242623190694373e-31,1.624262319069437e-31,1.624262319069437e-31,1.6242623190694366e-31,1.6242623190694373e-31,1.6242623190694375e-31,1.624262319069438e-31,1.6242623190694377e-31,1.6242623190694381e-31,1.6242623190694383e-31,1.6242623190694381e-31,1.6242623190694377e-31,1.6242623190694381e-31,1.6242623190694381e-31,1.6242623190694386e-31,1.6242623190694381e-31,1.6242623190694392e-31,1.6242623190694386e-31,1.6242623190694383e-31,1.6242623190694375e-31,1.6242623190694362e-31,1.6242623190694355e-31,1.6242623190694355e-31,1.624262319069435e-31,1.6242623190694355e-31,1.6242623190694344e-31,1.6242623190694324e-31,1.6242623190694316e-31,1.624262319069432e-31,1.6242623190694318e-31,1.6242623190694322e-31,1.6242623190694313e-31,1.6242623190694329e-31,1.6242623190694329e-31,1.6242623190694327e-31,1.6242623190694322e-31,1.6242623190694313e-31,1.6242623190694322e-31,1.6242623190694322e-31,1.6242623190694311e-31,1.6242623190694311e-31,1.6242623190694307e-31,1.624262319069431e-31,1.6242623190694318e-31,1.6242623190694322e-31,1.624262319069431e-31,1.6242623190694313e-31,1.6242623190694313e-31,1.6242623190694302e-31,1.6242623190694302e-31,1.6242623190694298e-31,1.6242623190694305e-31,1.6242623190694305e-31,1.6242623190694311e-31,1.6242623190694305e-31,1.6242623190694307e-31,1.6242623190694274e-31,1.6242623190694272e-31,1.6242623190694283e-31,1.6242623190694285e-31,1.6242623190694283e-31,1.6242623190694283e-31,1.624262319069429e-31,1.6242623190694252e-31,1.6242623190694254e-31,1.6242623190694256e-31,1.6242623190694254e-31,1.6242623190694254e-31,1.6242623190694259e-31,1.6242623190694259e-31,1.6242623190694267e-31,1.6242623190694276e-31,1.6242623190694278e-31,1.6242623190694283e-31,1.6242623190694287e-31,1.624262319069428e-31,1.6242623190694283e-31,1.6242623190694254e-31,1.6242623190694248e-31,1.624262319069425e-31,1.6242623190694237e-31,1.6242623190694237e-31,1.6242623190694252e-31,1.6242623190694248e-31,1.6242623190694243e-31,1.6242623190694243e-31,1.6242623190694237e-31,1.6242623190694235e-31,1.624262319069425e-31,1.624262319069425e-31,1.6242623190694248e-31,1.624262319069425e-31,1.6242623190694248e-31,1.6242622974709646e-31,1.624262297470964e-31,1.6242622974709641e-31,1.6242622974709652e-31,1.6242622974709654e-31,1.6242622974709659e-31,1.6242622974709657e-31,1.6242622974709652e-31,1.6242622974709668e-31,1.624262297470967e-31,1.6242622974709663e-31,1.6242622974709672e-31,1.624262297470967e-31,1.6242622974709665e-31,1.6242622974709668e-31,1.624262297470968e-31,1.624262297470966e-31,1.6242622974709626e-31,1.6242622974709617e-31,1.6242622974709622e-31,1.6242622974709622e-31,1.624262297470962e-31,1.6242622974709626e-31,1.6242622974709622e-31,1.6242622974709622e-31,1.6242622974709622e-31,1.6242622974709626e-31,1.624240342519118e-31,1.6242403425191182e-31,1.6242403425191188e-31,1.624240342519118e-31,1.6242403425191175e-31,1.6242403425191173e-31,1.6242403425191197e-31,1.6242403425191188e-31,1.6242403425191168e-31,1.6242403425191175e-31,1.6242403425191166e-31,1.6242403425191162e-31,1.6242403425191162e-31,1.6242403425191157e-31,1.6242403425191166e-31,1.6242403425191164e-31,1.6242403425191173e-31,1.6242403425191162e-31,1.6242403425191155e-31,1.6242403425191157e-31,1.6242403425191155e-31,1.6242403425191149e-31,1.6242403425191144e-31,1.6242403425191142e-31,1.6242403425191142e-31,1.6242403425191122e-31,1.624240342519113e-31,1.6242403425191144e-31,1.6242403425191138e-31,1.6242403425191142e-31,1.6242403425191144e-31,1.624240342519114e-31,1.6242403425191144e-31,1.624240342519114e-31,1.6242403425191147e-31,1.6242403425191144e-31,1.6242403425191142e-31,1.6242403425191149e-31,1.6242403425191157e-31,1.624240342519115e-31,1.6242403425191149e-31,1.6242403425191142e-31,1.624240342519114e-31,1.6242403425191142e-31,1.624240342519114e-31,1.624240342519113e-31,1.6242403425191122e-31,1.6242403425191118e-31,1.6242403425191107e-31,1.6242403425191105e-31,1.624240342519111e-31,1.6242403425191114e-31,1.6242403425191114e-31,1.6242403425191105e-31,1.6242403425191127e-31,1.6242403425191131e-31,1.6242403425191142e-31,1.6242403425191144e-31,1.6242403425191147e-31,1.6242403425191153e-31,1.624240342519115e-31,1.6242403425191147e-31,1.6242403425236516e-31,1.6242403425236514e-31,1.6242403425236514e-31,1.6242403425236505e-31,1.6242403425236507e-31,1.624240342523651e-31,1.624240342523651e-31,1.624240342523646e-31,1.6242403425236435e-31,1.6242403425236433e-31,1.6242403425236435e-31,1.6242403425236433e-31,1.624240342523643e-31,1.6242403425236424e-31,1.6242403425236428e-31,1.6242403425236428e-31,1.6242403425236433e-31,1.6242403425236428e-31,1.6242403425236435e-31,1.6242403425236424e-31,1.6242403425236417e-31,1.6242403425236417e-31,1.624240342523643e-31,1.6242403425236428e-31,1.6242403425236435e-31,1.6242403425236435e-31,1.6242403425236437e-31,1.6242403425236435e-31,1.6242403425236437e-31,1.6242403425236437e-31,1.6242403425236422e-31,1.6242403425236415e-31,1.6242403425236415e-31,1.6242403425236312e-31,1.6242403425236317e-31,1.6242403425236319e-31,1.6242403425236319e-31,1.624240342523631e-31,1.6242403425236216e-31,1.624240342523586e-31,1.6242403425235863e-31,1.6242403425235863e-31,1.6242403425235968e-31,1.6242403425235966e-31,1.6242403425235966e-31,1.6242403425236141e-31,1.6242403425236135e-31,1.6242403425236135e-31,1.6242403425236141e-31,1.6242403425236137e-31,1.6242403425236137e-31,1.6242403425235992e-31,1.6242403425235992e-31,1.6242403425235988e-31,1.6242403425235982e-31,1.624240342523598e-31,1.6242403425235982e-31,1.6242403425235986e-31,1.6242403425235992e-31,1.6242403425236006e-31,1.6242403425236001e-31,1.6242226758469531e-31,1.6242226758469534e-31,1.6242226758469545e-31,1.624222675846954e-31,1.624222675846954e-31,1.6242226758469531e-31,1.6242226758469536e-31,1.6242226758469536e-31,1.6242226758469538e-31,1.6242226758469448e-31,1.624222675846945e-31,1.6242226758469444e-31,1.624222675846945e-31,1.6242226758469446e-31,1.6242226758469446e-31,1.6242226758469444e-31,1.6242226758469442e-31,1.624222675846946e-31,1.6242226758469466e-31,1.624222675846947e-31,1.6242226758469461e-31,1.6242226758469468e-31,1.624222675846949e-31,1.6242226758469485e-31,1.624222675846953e-31,1.6242226758469534e-31,1.6242226758469518e-31,1.6242226758469536e-31,1.6242226758469542e-31,1.6242226758469542e-31,1.6242226758469545e-31,1.624222675846954e-31,1.6242226758469566e-31,1.6242226758469566e-31,1.624222675846956e-31,1.6242226758469569e-31,1.6242226758469577e-31,1.6242226758469569e-31,1.6242226758469573e-31,1.6242226758469582e-31,1.6242226758469582e-31,1.6242226758469582e-31,1.6242226758469577e-31,1.6242226758469575e-31,1.6242226758469582e-31,1.6242226758469577e-31,1.6242226758469588e-31,1.6242226758469584e-31,1.624222675846959e-31,1.6242226758469595e-31,1.6242226758469588e-31,1.6242226758469582e-31,1.6242226758469582e-31,1.6242226758469577e-31,1.6242226758469584e-31,1.624222675846959e-31,1.624222675846957e-31,1.6242226758469555e-31,1.6242226758469551e-31,1.6242226758469551e-31,1.6242226758469553e-31,1.6242226758469558e-31,1.6242226758469558e-31,1.624222675846955e-31,1.6242226758469553e-31,1.624222675846955e-31,1.6242226758469553e-31,1.6242226758469545e-31,1.6242226758469558e-31,1.6242226758469553e-31,1.6242226758469551e-31,1.624222675846955e-31,1.6242226758469555e-31,1.624222675846956e-31,1.624222675846956e-31,1.6242226758469558e-31,1.6242226758469562e-31,1.6242226758469553e-31,1.6242226758469555e-31,1.6242226758469564e-31,1.6242226758469558e-31,1.6242226758469562e-31,1.6242226758469558e-31,1.624222675846956e-31,1.6242226758469562e-31,1.624222675846955e-31,1.6242226758469551e-31,1.6242226758469562e-31,1.624222675846956e-31,1.624222675846956e-31,1.6242226758469566e-31,1.624222675846956e-31,1.6242226758469564e-31,1.6242226758469564e-31,1.624222675846956e-31,1.6242226758469558e-31,1.6242226758469562e-31,1.6242226758469564e-31,1.6242226758469573e-31,1.6242226758469569e-31,1.6242226758469566e-31,1.624222675846957e-31,1.6242226758469569e-31,1.6242226758469558e-31,1.6242226758469562e-31,1.6242226758469555e-31,1.6242226758469555e-31,1.6242226758469547e-31,1.6242226758469558e-31,1.6242226758469558e-31,1.6242226758469566e-31,1.624222675846956e-31,1.6242226758469562e-31,1.6242226758469562e-31,1.6242226758469562e-31,1.6242226758469566e-31,1.624222675846954e-31,1.6242226758469542e-31,1.624222675846954e-31,1.6242226758469547e-31,1.624222675846955e-31,1.624222675846954e-31,1.6242226758469547e-31,1.6242226758469542e-31,1.6242226758469516e-31,1.6242226758469518e-31,1.6242226758469518e-31,1.6242226758469534e-31,1.6242226758469525e-31,1.6242226758469527e-31,1.6242226758469527e-31,1.6242226758469518e-31,1.624222675846952e-31,1.6242226758469514e-31,1.6242226758469516e-31,1.6242226758469512e-31,1.6242226758469514e-31,1.6242226758469534e-31,1.624222675846978e-31,1.6242226758469779e-31,1.624222675846977e-31,1.6242226758469766e-31,1.624222675846976e-31,1.6242226758469761e-31,1.6242226758469763e-31,1.6242226758469766e-31,1.6242226758469777e-31,1.6242226758469779e-31,1.6242226758469783e-31,1.6242226758469785e-31,1.6242226758469768e-31,1.6242226758469766e-31,1.6242229728581655e-31,1.6242229728581648e-31,1.6242228671480241e-31,1.6242228671480244e-31,1.6242228671480244e-31,1.6242228417343598e-31,1.6242228417343596e-31,1.6242244716333084e-31,1.6242246195664437e-31,1.6242235242765192e-31,1.6242235242765186e-31,1.6242235242765186e-31,1.6242235242765243e-31,1.6242235242794565e-31,1.6242235242794565e-31,1.6242170691559792e-31,1.6242170553539474e-31,1.6242318613210155e-31,1.6242318613210153e-31,1.6242318613157052e-31,1.6242318613157054e-31,1.624243059763125e-31,1.6242430597630526e-31,1.624211746504472e-31,1.624211746504472e-31,1.6242432918659377e-31,1.6242432918659377e-31,1.624249726131906e-31,1.6242497261319064e-31,1.6242497317918404e-31,1.624249724397368e-31,1.6243512533349492e-31,1.6241073723868435e-31,1.6241073723868424e-31,1.624107372386844e-31,1.6241073723868437e-31,1.624107370737298e-31,1.624261994717754e-31,1.6242619947177538e-31,1.6242620733434469e-31,1.6242620733434473e-31,1.6232844326373296e-31,1.6232844326523842e-31,1.623284432652384e-31,1.6232838226911019e-31,1.6232838226911012e-31,1.6232838226911016e-31,1.6232838226911019e-31,1.6232838226911266e-31,1.6232838226911266e-31,1.6232838226911264e-31,1.6232838226911266e-31,1.6232828694639892e-31,1.623282869464023e-31,1.6232828694640223e-31,1.623282869464023e-31,1.623346594230676e-31,1.6233465942306762e-31,1.623340007841378e-31,1.6233400078413784e-31,1.6233403199838083e-31,1.6233403199838083e-31,1.6233406750751336e-31,1.6233407375802484e-31,1.6233407375802482e-31,1.6233407375663053e-31,1.6233407375203523e-31,1.6233407375090891e-31,1.6233407375090887e-31,1.623340733719496e-31,1.6233397343866009e-31,1.6233397343866013e-31,1.6232856478389615e-31,1.6232856478391597e-31,1.6232861899712614e-31,1.6232861899712622e-31,1.6232861899712616e-31,1.6232861788621282e-31,1.6233029382958175e-31,1.6233020423033493e-31,1.6233025374283731e-31,1.6233025374283731e-31,1.6233025374283731e-31,1.6233025374283731e-31,1.6232669798882406e-31,1.6232669798882406e-31,1.6232669798882401e-31,1.6232669798882331e-31,1.6232669798882336e-31,1.623266044580913e-31,1.6232660445809127e-31,1.623266044580913e-31,1.6232660445809123e-31,1.6232660445809127e-31,1.6232660445809123e-31,1.623266044580913e-31,1.623266044580884e-31,1.6232660445808755e-31,1.6232668184461268e-31,1.6232668184461268e-31,1.6232668184461266e-31,1.6232668184461268e-31,1.6232668184461268e-31,1.6232668184461272e-31,1.6232668184461266e-31,1.6232668184461272e-31,1.6232651810380458e-31,1.6232651810380462e-31,1.623265181038046e-31,1.6232651810380462e-31,1.6232651810380478e-31,1.623265256908983e-31,1.6232665573008299e-31,1.62326655730083e-31,1.62326655730083e-31,1.6232665573008297e-31,1.62326655730083e-31,1.6232665573007887e-31,1.6232665573007887e-31,1.6232663780006556e-31,1.6232663780006554e-31,1.6232663780006554e-31,1.6232663780006552e-31,1.6232663780006556e-31,1.6232663780006545e-31,1.6232663780006539e-31,1.6232663780006545e-31,1.6232663780006112e-31,1.6232663780006118e-31,1.623266378000611e-31,1.6232625959019062e-31,1.6232625959019062e-31,1.6232625959019294e-31,1.6232632419486197e-31,1.6232632419486195e-31,1.62326324194862e-31,1.6232632419486195e-31,1.6232398860569844e-31,1.6232398860569717e-31,1.623240186049069e-31,1.6232401860490684e-31,1.6232401860490693e-31,1.623240186049109e-31,1.623271348495579e-31,1.6232714955271047e-31,1.6232714955271052e-31,1.6232714955271047e-31,1.6232714955271052e-31,1.6232909622699657e-31,1.6232909622699666e-31,1.6232948644287674e-31,1.6232948644287676e-31,1.6232994843310351e-31,1.6232994843310347e-31,1.623299484331035e-31,1.6232994843310351e-31,1.623299484331035e-31,1.623299484331035e-31,1.6232997149294047e-31,1.623299714929404e-31,1.6233007575560644e-31,1.6233007575560637e-31,1.6215139374017726e-31,1.6215139374017728e-31,1.6215139374017728e-31,1.6215139374017888e-31,1.6215139374017888e-31,1.6215139374017893e-31,1.6215255627383453e-31,1.621525562738345e-31,1.621526211063078e-31,1.621510419421385e-31,1.6215104194213913e-31,1.621507634121724e-31,1.6215076341217292e-31,1.6215076341217297e-31,1.6215076341217297e-31,1.6215076341217292e-31,1.6215076341217292e-31,1.621507634121686e-31,1.621507634121686e-31,1.6215076341216863e-31,1.6215076341216863e-31,1.6215076341216863e-31,1.621507634121686e-31,1.6214688236231106e-31,1.621468795344571e-31,1.6214687953445708e-31,1.6214687953445708e-31,1.6203046319478384e-31,1.6203046319478382e-31,1.6203046319478577e-31,1.6203046319478577e-31,1.6203046319478577e-31,1.620304592182428e-31,1.6203045921824284e-31,1.6203047149232964e-31,1.620304903998715e-31,1.620300709375565e-31,1.620300709375565e-31,1.6203041772628248e-31,1.620303648905831e-31,1.6203036489058312e-31,1.6202918443963055e-31,1.620292113982985e-31,1.62029311698349e-31,1.6202935347109898e-31,1.6276079277912795e-31,1.6276086608699394e-31,1.6276086608699394e-31,1.6276088571548352e-31,1.6276088571548348e-31,1.6276088571548352e-31,1.6276089008388503e-31,1.6276089008388564e-31,1.627608900838857e-31,1.6276089008388562e-31,1.6276089207304797e-31,1.6276089207304803e-31,1.6276135383836019e-31,1.6276135383836019e-31,1.6276135383836023e-31,1.6276135383836017e-31,1.6276135383835995e-31,1.627619885635071e-31,1.6276198856350713e-31,1.6276202829793546e-31,1.6275882288021874e-31,1.6275910985367224e-31,1.6275910985367226e-31,1.6275910985367003e-31,1.6275910985367e-31,1.6275914468853242e-31,1.6275943467079193e-31,1.6275943467079188e-31,1.6275803535120865e-31,1.6275803535120862e-31,1.6275803535120862e-31,1.6275803535120865e-31,1.6275792336802065e-31,1.6275791877354896e-31,1.6275791877354898e-31,1.6275791877354902e-31,1.6275821539337475e-31,1.6275821026651276e-31,1.6275857472908914e-31,1.6275860852907096e-31,1.6275866485992188e-31,1.6275924832190068e-31,1.6275862256666742e-31,1.627585662071322e-31,1.6275856620713225e-31,1.6275856620713223e-31,1.6275856620713225e-31,1.6275869632134222e-31,1.6275869632134224e-31,1.6275875215350112e-31,1.6275875215350108e-31,1.6275875061221649e-31,1.6275875061221647e-31,1.6275866677383424e-31,1.627555033720931e-31,1.6275560144908478e-31,1.627556034122184e-31,1.6275560341221845e-31,1.6275560341221845e-31,1.627556034122184e-31,1.62755603915759e-31,1.6275537917024138e-31,1.6275537917024134e-31,1.6275537627731117e-31,1.6275537627731113e-31,1.6275537627731336e-31,1.6275537461159154e-31,1.6275516415399227e-31,1.6275516415399225e-31,1.6275519665659049e-31,1.6275519665659049e-31,1.6275519665659045e-31,1.6275519665659045e-31,1.6275550865429586e-31,1.6275550865429584e-31,1.6275550865429584e-31,1.6275550865429584e-31,1.6275550865429584e-31,1.6275550865429584e-31,1.6275550865429584e-31,1.6275515081119885e-31,1.6275515081119883e-31,1.6275515081119885e-31,1.6275515081119883e-31,1.6275511642181827e-31,1.6275500589856867e-31,1.627550058985698e-31,1.6275500589857557e-31,1.6275500589858181e-31,1.6275500589857603e-31,1.62755005898573e-31,1.62755005898573e-31,1.6275500589857303e-31,1.62755005898573e-31,1.627549982660123e-31,1.6275505671433301e-31,1.6275505671433304e-31,1.6275505671433304e-31,1.6275505671433306e-31,1.6275505671433306e-31,1.6275505671433306e-31,1.6275505671433301e-31,1.627552993474658e-31,1.6275529934746584e-31,1.6275529934746582e-31,1.6275529934746584e-31,1.6275529937333602e-31,1.6275587467282134e-31,1.6275619332722934e-31,1.627561933272293e-31,1.6275641340047261e-31,1.6275641340047257e-31,1.6275641340047261e-31,1.627555334805838e-31,1.6275558305969652e-31,1.6275558305970146e-31,1.6275565787557077e-31,1.6275573892219404e-31,1.6275573892219404e-31,1.6275616083192184e-31,1.627563921572826e-31,1.6275639215728253e-31,1.627563918896372e-31,1.6275639188963715e-31,1.627563796433656e-31,1.6275637964336562e-31,1.627563371570934e-31,1.6275633715709305e-31,1.6275633715709097e-31,1.627563371570937e-31,1.6275633715709366e-31,1.6275633715709366e-31,1.6275633715710218e-31,1.627560873199218e-31,1.627560873199218e-31,1.6275609615685124e-31,1.6275609615685127e-31,1.6275609652755864e-31,1.6275609652755869e-31,1.6275609652755867e-31,1.6275609652721064e-31,1.6275609652721066e-31,1.6275609652721066e-31,1.6275609652721066e-31,1.6275609652721283e-31,1.627560965272128e-31,1.6275609312648608e-31,1.6275524571482707e-31,1.627551141180143e-31,1.6275511411801427e-31,1.6275511411801423e-31,1.6275511411767535e-31,1.6275511411767535e-31,1.6275511726595667e-31,1.6275511847791865e-31,1.6275511847569713e-31,1.6275511847570086e-31,1.627551184757009e-31,1.627551184756979e-31,1.6275511847569786e-31,1.6275511847569786e-31,1.627552074477263e-31,1.627551626344145e-31,1.627551626344145e-31,1.6275516263441452e-31,1.6275516102582374e-31,1.627551592007194e-31,1.6275515920071946e-31,1.6275515920071942e-31,1.6275515920082524e-31,1.6275515920082526e-31,1.6275515920124731e-31,1.6275515920124731e-31,1.627641844192182e-31,1.6276418212103988e-31,1.6276418212103977e-31,1.6276418212103986e-31,1.6276418212103532e-31,1.6276402018316176e-31,1.6276402018316415e-31,1.62762138546983e-31,1.6276213850723424e-31,1.6276213850723426e-31,1.6276213850257508e-31,1.627764511279151e-31,1.627764511279065e-31,1.627744556665096e-31,1.6277445566650966e-31,1.6277445566651167e-31,1.6090061391253085e-31,1.6089941521412577e-31,1.6093978244485478e-31,1.6093978244485475e-31,1.6093978244485473e-31,1.6093978279861627e-31,1.6093933700726669e-31,1.609393370072666e-31,1.609386003278932e-31,1.6093860032788381e-31,1.6094010247098642e-31,1.609401024709864e-31,1.6094010247098649e-31,1.609401024709865e-31,1.6094010247098647e-31,1.6094015297759135e-31,1.6094015297759135e-31,1.6094015297758885e-31,1.6094015297758887e-31,1.6093950178773565e-31,1.609395017877356e-31,1.6093950178773037e-31,1.6093950178773028e-31,1.6093950178773028e-31,1.6093950178773028e-31,1.609395017877303e-31,1.6093950178773024e-31,1.6093950178773022e-31,1.6094351839620635e-31,1.6094312260707148e-31,1.6101199184250822e-31,1.6101199184250677e-31,1.6101199184250677e-31,1.6101198547819875e-31,1.6100964531205404e-31,1.6100964531205401e-31,1.61009645312054e-31,1.6101594948539792e-31,1.6103017950700774e-31,1.610296634465982e-31,1.6102966339331186e-31,1.610296633933118e-31,1.6102966339331184e-31,1.610312495319724e-31,1.6103124953197242e-31,1.6103180578273376e-31,1.6098328867212604e-31,1.6098328867212608e-31,1.6098328867212604e-31,1.6098328867212604e-31,1.6098328867287164e-31,1.6098328867287168e-31,1.6098328867287486e-31,1.6098328867287486e-31,1.6098328867286459e-31,1.6098332675066944e-31,1.6098442979609825e-31,1.6098443268095234e-31,1.6098443268095234e-31,1.6098442589609309e-31,1.6098442589609309e-31,1.6098442589609309e-31,1.6098443184480817e-31,1.6098464181786991e-31,1.6098465435371318e-31,1.6098517894952338e-31,1.6098517894952336e-31,1.6098517934102934e-31,1.6098517934102932e-31,1.6098517934102932e-31,1.6098278776598215e-31,1.6098272440562245e-31,1.6098272440562243e-31,1.6098272472314368e-31,1.6098272472314361e-31,1.6098272474926572e-31,1.6098171240225677e-31,1.6098095802707652e-31,1.6098103534334243e-31,1.609810353433424e-31,1.6098105383993241e-31,1.609810538399193e-31,1.609810538399193e-31,1.6098105383991927e-31,1.609810311666403e-31,1.6098103116664342e-31,1.6098103116664346e-31,1.6098103116664344e-31,1.609810102757517e-31,1.6098101027575163e-31,1.6098074376886746e-31,1.6098074376886746e-31,1.6098075377369266e-31,1.6098069427844792e-31,1.6098069427844796e-31,1.6098069427844794e-31,1.6098074694659586e-31,1.6098074694659586e-31,1.609807466841849e-31,1.6098074668418525e-31,1.6098074928599179e-31,1.6098074928599179e-31,1.6098074928599174e-31,1.6098071612044653e-31,1.6098071612044651e-31,1.6098071612044656e-31,1.6098071612044651e-31,1.6098072718328578e-31,1.6098171091656455e-31,1.6098171091656444e-31,1.6098171091656685e-31,1.609817109165669e-31,1.609817109165703e-31,1.6098171091657022e-31,1.609817109165703e-31,1.609817109165703e-31,1.6098167796879225e-31,1.609816779687923e-31,1.609816779687923e-31,1.6098158038923358e-31,1.6098158038922497e-31,1.6098155773105599e-31,1.6098155217964962e-31,1.6098155217964962e-31,1.6098155217964962e-31,1.6098155264657185e-31,1.6098155264657183e-31,1.6098155264657183e-31,1.6098155264657185e-31,1.6098155264657284e-31,1.6098156115297125e-31,1.6098156115297125e-31,1.6098156115297162e-31,1.60981561152833e-31,1.6098168873722442e-31,1.6098168873722442e-31,1.6098124717744125e-31,1.6097937834304619e-31,1.6097937834303894e-31,1.6097937834303887e-31,1.6097937834382903e-31,1.60979378343829e-31,1.609793753527756e-31,1.609793753527756e-31,1.6097937535277565e-31,1.6099945687632801e-31,1.6099938442838095e-31,1.6099938442838093e-31,1.6099938442838093e-31,1.6100208873239359e-31,1.6100208873239359e-31,1.610020887323936e-31,1.6100246274819434e-31,1.6100254175406429e-31,1.610025417116328e-31,1.6100254171163282e-31,1.6100254171163282e-31,1.610025417116217e-31,1.6100254171162167e-31,1.5761602931229037e-31,1.5761607205966155e-31,1.5761607201915795e-31,1.5761607201915787e-31,1.5761607201915795e-31,1.5761606892895562e-31,1.5761606892895562e-31,1.5761606892895562e-31,1.5761606892895562e-31,1.5761606488096276e-31,1.576159622260288e-31,1.5761593026540189e-31,1.5761593026540565e-31,1.5761593026540565e-31,1.576159302654057e-31,1.5761593026540567e-31,1.5761620268025968e-31,1.576162026802597e-31,1.5761689157271515e-31,1.5761710194236878e-31,1.5761710194236873e-31,1.5761710194236876e-31,1.5761710194236873e-31,1.5761710194236922e-31,1.5761710194236917e-31,1.576179172277265e-31,1.5761681079726326e-31,1.5761681079726657e-31,1.576168107972665e-31,1.5761681079726654e-31,1.5761681079726823e-31,1.5761680375020615e-31,1.5761680375020615e-31,1.5761680375020617e-31,1.5761677550469432e-31,1.5761677550469427e-31,1.576167755046943e-31,1.576167755046943e-31,1.5761677550469432e-31,1.576167755047221e-31,1.5761677550472013e-31,1.5761677550472013e-31,1.5761677550472015e-31,1.5761677903969962e-31,1.5761677903969964e-31,1.5761677903971107e-31,1.5761677903971104e-31,1.5761677903971104e-31,1.5761677903564417e-31,1.5761677903562696e-31,1.5761677903562698e-31,1.5761677903562698e-31,1.5761677903628476e-31,1.5761671026352575e-31,1.5761670761426093e-31,1.5761661805274152e-31,1.5761661805653965e-31,1.5761616981984575e-31,1.5761626033643563e-31,1.5761626033474694e-31,1.5761626033474687e-31,1.5761617059853426e-31,1.5761617059853426e-31,1.5761325031253601e-31,1.5761325031253601e-31,1.5761325031253597e-31,1.5761325031253597e-31,1.5761331928166334e-31,1.576133176760959e-31,1.57613317676096e-31,1.576129593639257e-31,1.576119099343483e-31,1.5761193329385702e-31,1.5761183614628574e-31,1.5761184070813019e-31,1.5761184070813017e-31,1.5761184070813019e-31,1.576122598141892e-31,1.5761225981418893e-31,1.5761157389336865e-31,1.5761157389336594e-31,1.5761089761202146e-31,1.5761089761202148e-31,1.5761089761202148e-31,1.57610922798004e-31,1.5761092303079635e-31,1.5761092303079643e-31,1.576109230288794e-31,1.5761092302888673e-31,1.5761092302888673e-31,1.5761092302888677e-31,1.5761092293710715e-31,1.5761092328249353e-31,1.5761092327343818e-31,1.5761092327343814e-31,1.5761092329750844e-31,1.5761092329750844e-31,1.5761092451093088e-31,1.5761083858260443e-31,1.5761079565331536e-31,1.5761079565336178e-31,1.576107248942982e-31,1.5761072489429823e-31,1.576107248942982e-31,1.5760943138484118e-31,1.5760943144148668e-31,1.5760943144148679e-31,1.5761266261949876e-31,1.5761266261950737e-31,1.576092598474814e-31,1.5760925984748137e-31,1.576093285944533e-31,1.5760932859445334e-31,1.5760932856184506e-31,1.5760933970524745e-31,1.5760933970524743e-31,1.576094473653457e-31,1.5760944736534565e-31,1.5760944736534567e-31,1.5760944736534565e-31,1.5760944736537146e-31,1.5760944736537466e-31,1.5760944736537466e-31,1.5760944734711633e-31,1.5760938389844982e-31,1.5760938389844704e-31,1.576093927431947e-31,1.576093927431947e-31,1.5760939274319464e-31,1.576093927993527e-31,1.5760937827971472e-31,1.5760937827971474e-31,1.5760937827971476e-31,1.5760937827971474e-31,1.5760937827971476e-31,1.5760937827744345e-31,1.576093782774435e-31,1.5760937827744345e-31,1.5760925272420059e-31,1.5761184945064415e-31,1.5761184945064415e-31,1.5761239531475108e-31,1.576123953147511e-31,1.5761459135466565e-31,1.5761459135466563e-31,1.5761459135466567e-31,1.5761457076101016e-31,1.5761537875401062e-31,1.5761537875401057e-31,1.5761537875401062e-31,1.5761537875401062e-31,1.576153787540035e-31,1.5761537875214654e-31,1.5761533167032328e-31,1.5761533167032328e-31,1.5761250341670562e-31,1.5761250341670566e-31,1.5761250341670562e-31,1.5761250341670562e-31,1.5761250341671127e-31,1.5761250563583508e-31,1.5760414263361532e-31,1.5759944408321602e-31,1.5760940294449765e-31,1.57609402944526e-31,1.5760940294453491e-31,1.5760940294455845e-31,1.5760948079480258e-31,1.5760948094545012e-31,1.576094809454607e-31,1.576094809454607e-31,1.576094809454607e-31,1.5760932567732691e-31,1.5760932567924222e-31,1.576112707018605e-31,1.5761114500005103e-31,1.5760974057495835e-31,1.5761024353730764e-31,1.5761024353730762e-31,1.5761024316574558e-31,1.5761024316574553e-31,1.576474355893161e-31,1.5764743539938602e-31,1.5764743539938598e-31,1.5764750363024216e-31,1.5765899396768898e-31,1.5765899396766977e-31,1.5765899396746875e-31,1.5765681374537543e-31,1.5765681374537539e-31,1.5765681374547442e-31,1.5765681374541267e-31,1.5765681374541267e-31,1.5765681374541267e-31,1.576568137454127e-31,1.576570127704373e-31,1.5765701277043737e-31,1.5765576904015656e-31,1.576557690401566e-31,1.5765816463306484e-31,1.576581646330439e-31,1.5765817585080525e-31,1.5765817585080519e-31,1.5765817585080079e-31,1.5765817585080076e-31,1.5767245091637709e-31,1.576722126283055e-31,1.5767221601293076e-31,1.5767221601294464e-31,1.5767221601294464e-31,1.5767221612457976e-31,1.5767031222862567e-31,1.5767031222863369e-31,1.576703122286337e-31,1.5767031222864853e-31,1.5767031222864853e-31,1.576703122286485e-31,1.5767031222864846e-31,1.576703122286485e-31,1.5767031222864849e-31,1.576703122286702e-31,1.5767040048988322e-31,1.5767040048988317e-31,1.5767040048989364e-31,1.5767040048989364e-31,1.5767040048989362e-31,1.5767040048490946e-31,1.5767107158174293e-31,1.5767107158118362e-31,1.576714799298369e-31,1.5767147992981083e-31,1.576714799298108e-31,1.5767147992981115e-31,1.5767147992981735e-31,1.5767081398313993e-31,1.576708139737531e-31,1.5767053892515308e-31,1.5767053891318227e-31,1.5767078688519214e-31,1.5767078688519211e-31,1.57670786954263e-31,1.576724421896071e-31,1.576724421896161e-31,1.5767244218961615e-31,1.5767244831058723e-31,1.5767244872857225e-31,1.576724520319646e-31,1.576724520319656e-31,1.5767245203196557e-31,1.576732387024637e-31,1.5767323870253902e-31,1.5767323870253902e-31,1.5767283213076243e-31,1.5767283213076238e-31,1.5767283213076234e-31,1.5767283213076238e-31,1.576728258736834e-31,1.5767283291600822e-31,1.576728329160082e-31,1.5767281816013558e-31,1.5767281816013558e-31,1.5767285792527437e-31,1.5767285792527437e-31,1.5767285792527437e-31,1.5767285792527437e-31,1.576728579252636e-31,1.5767285792526358e-31,1.576728579252636e-31,1.576728579252636e-31,1.5768091231450883e-31,1.5768091231450883e-31,1.5768091232966164e-31,1.5770142072099581e-31,1.5770142072099581e-31,1.5769016944068515e-31,1.576901694655506e-31,1.5769040797186473e-31,1.5769040797185343e-31,1.5769043063590472e-31,1.5769043063590474e-31,1.5769038810555708e-31,1.5768953900324906e-31,1.5768953900322927e-31,1.5768953680883668e-31,1.5768961652137976e-31,1.5768920872856093e-31,1.5768920872855718e-31,1.5768920872855716e-31,1.5768920872855714e-31,1.5768920872842255e-31,1.5768920872842257e-31,1.5768920880539911e-31,1.5768369788243165e-31,1.576836978824316e-31,1.576836978824316e-31,1.5768369788243167e-31,1.5768367460995156e-31,1.5768371257823639e-31,1.5768344177507105e-31,1.5768344177507103e-31,1.5768288093024102e-31,1.5768288093024106e-31,1.5768288093024106e-31,1.5768283792224372e-31,1.5768283792224372e-31,1.5768283792224372e-31,1.576827869841859e-31,1.5768278698418588e-31,1.576827869841859e-31,1.5768278698419146e-31,1.5768278698419146e-31,1.5768278011935653e-31,1.5768278024722944e-31,1.5768278024722944e-31,1.5768285744171213e-31,1.576828574417169e-31,1.5768285744171688e-31,1.576828723404782e-31,1.5768340220410758e-31,1.5768340220411095e-31,1.5768340220411095e-31,1.5768340220411093e-31,1.5768314097455644e-31,1.5768314097455642e-31,1.5768314097455644e-31,1.5768314097455646e-31,1.5768314097455644e-31,1.5768735158852949e-31,1.5768554483084408e-31,1.5768554483084408e-31,1.5768554483084408e-31,1.5768554483084405e-31,1.5768554483087164e-31,1.57685544830873e-31,1.5768554483087304e-31,1.5768554483087298e-31,1.576855658493865e-31,1.5768556584938655e-31,1.5768557790950637e-31,1.5768557790950628e-31,1.5768557790950628e-31,1.5768557790950628e-31,1.576855779095063e-31,1.5768557790949269e-31,1.5768557790949266e-31,1.5768557790949266e-31,1.5768557790949266e-31,1.5768557790949877e-31,1.5768557790950403e-31,1.576852818488872e-31,1.5768533799080535e-31,1.576853379908051e-31,1.576853337715185e-31,1.576853337715185e-31,1.5768533377034954e-31,1.5768533371916515e-31,1.5768523245581089e-31,1.576873200176182e-31,1.5768732001761816e-31,1.5769800554382581e-31,1.5769800554382584e-31,1.5768750109532962e-31,1.5767877131525786e-31,1.576787713127712e-31,1.5767877131276427e-31,1.5767916636798483e-31,1.576790901473559e-31,1.576790901473559e-31,1.5767909014735287e-31,1.5767909014736102e-31,1.5767909014736104e-31,1.5767909014736106e-31,1.5767909014736104e-31,1.5767935556823295e-31,1.576793525608659e-31,1.5767935256086592e-31,1.576793525608659e-31,1.5767935256086587e-31,1.5767935256085983e-31,1.5767935256085983e-31,1.5767940455602304e-31,1.5760583868791387e-31,1.5760583868791271e-31,1.576058386871978e-31,1.5760583868719895e-31,1.5760216417148444e-31,1.576021607670685e-31,1.5760216076701427e-31,1.576021716643122e-31,1.576021716643122e-31,1.5760249960597146e-31,1.5760249960597148e-31,1.5760249960597142e-31,1.5760249960597477e-31,1.5760249960597479e-31,1.5760249960597479e-31,1.575953802039585e-31,1.5759538020418232e-31,1.5759546994405412e-31,1.5759546994405412e-31,1.5759546397906917e-31,1.5759553517053478e-31,1.5759553517053476e-31,1.5759521746890144e-31,1.5759961276062353e-31,1.5759961276062355e-31,1.5759961276062355e-31,1.575995631632757e-31,1.575995642568472e-31,1.5759956425684725e-31,1.5759954774372216e-31,1.5759954774371318e-31,1.5759954773314417e-31,1.5759764923153372e-31,1.576631616334074e-31,1.576631616334074e-31,1.5766316163340812e-31,1.5766316847044134e-31,1.5766211643111329e-31,1.5766192770485323e-31,1.57664643068355e-31,1.5766464297709272e-31,1.5766464297012062e-31,1.576640928734566e-31,1.5766409287345646e-31,1.5762892989817784e-31,1.5762852827154273e-31,1.5762852855944425e-31,1.5762852855944428e-31,1.5762852855944428e-31,1.5762853862382416e-31,1.5762853862382416e-31,1.5762852449500138e-31,1.5762852449500138e-31,1.576287649946115e-31,1.5762809468744385e-31,1.5762809468744388e-31,1.5762809468744385e-31,1.5762809468744388e-31,1.5762809468744727e-31,1.5762849745748344e-31,1.5762855167439089e-31,1.5762855167439319e-31,1.5762855165903743e-31,1.576285516590374e-31,1.5762855165931302e-31,1.5762861144928275e-31,1.5762861144928278e-31,1.5762861144928262e-31,1.5763387194872186e-31,1.5763387194872188e-31,1.5763387194872186e-31,1.5763387196469007e-31,1.5763387196469007e-31,1.5763387802138993e-31,1.5763387802138993e-31,1.576338780214378e-31,1.5763370093369443e-31,1.576337009336944e-31,1.5763359811478253e-31,1.5763359811478257e-31,1.5763359811478257e-31,1.5763359811544236e-31,1.576335981148952e-31,1.5763373899575235e-31,1.576337572021866e-31,1.5763375720221485e-31,1.5763375720221485e-31,1.5763375720221485e-31,1.5763370428911105e-31,1.5763370428911102e-31,1.576337041291513e-31,1.576337041291513e-31,1.5763370412915132e-31,1.5763373870381228e-31,1.5763373870381222e-31,1.5763373870376519e-31,1.5763373870381027e-31,1.5763373870381027e-31,1.576337387040143e-31,1.5763377727828352e-31,1.576337772782835e-31,1.5763513044016838e-31,1.5763513044016836e-31,1.5763513044016836e-31,1.5763496220736876e-31,1.576349622073688e-31,1.576349851297897e-31,1.5763498512979774e-31,1.5763429510689718e-31,1.5763433975144953e-31,1.5763433975144634e-31,1.5763433975144636e-31,1.5763433975144634e-31,1.576348161193422e-31,1.576364461126725e-31,1.5763644610647247e-31,1.5763644610638475e-31,1.576362647117901e-31,1.576362647117901e-31,1.5763626471179019e-31,1.5763626471179058e-31,1.5763626471179058e-31,1.5763626471179058e-31,1.57635967609485e-31,1.5763596760948606e-31,1.5763596760948602e-31,1.5763596760948602e-31,1.5763582123959913e-31,1.5763582123959913e-31,1.5763568226862348e-31,1.576353691956321e-31,1.576353758088906e-31,1.5763537580889065e-31,1.5763537580889065e-31,1.5763537580889065e-31,1.5763537580888892e-31,1.5763535542176164e-31,1.5763535542408946e-31,1.5763580474343338e-31,1.5763591848591652e-31,1.5763591849308596e-31,1.5763638876864819e-31,1.5763632929068104e-31,1.5763632929068106e-31,1.5761525988509523e-31,1.5761525988509523e-31,1.5761537374762693e-31,1.5761537363799952e-31,1.5761526455278298e-31,1.5761314054440089e-31,1.576131416784718e-31,1.5761314167847189e-31,1.576123886629114e-31,1.5761238866291138e-31,1.5761238457488355e-31,1.5761238457488355e-31,1.5761235570922647e-31,1.5761235570922642e-31,1.5761239823934871e-31,1.576123982418275e-31,1.576123982418275e-31,1.5761239824189522e-31,1.5761239824189522e-31,1.576123232245136e-31,1.5761232322451355e-31,1.576123230593331e-31,1.5761232305933313e-31,1.576199276433626e-31,1.5761992767017085e-31,1.5761992767017085e-31,1.5761992568973504e-31,1.5761992345787844e-31,1.5761831429636138e-31,1.5761831429636162e-31,1.576183165445438e-31,1.5761829141292813e-31,1.5761829141292813e-31,1.576182914057502e-31,1.5761829140575118e-31,1.5761829632502433e-31,1.5761872704811396e-31,1.5761872704811396e-31,1.57618727048114e-31,1.576189006211521e-31,1.576189006211219e-31,1.5761890062112192e-31,1.5761890096450523e-31,1.5761890096562373e-31,1.5761902732844464e-31,1.5761902765014436e-31,1.5761902765014434e-31,1.5761872669532048e-31,1.5761872669532046e-31,1.5761938930974164e-31,1.576196382189104e-31,1.5761963821891042e-31,1.5762041771852835e-31,1.5762041715970513e-31,1.5762029789154107e-31,1.5762030732647093e-31,1.5762030207271482e-31,1.5762030207271484e-31,1.5762030207271482e-31,1.5762030207271482e-31,1.5762030207271482e-31,1.576203030037356e-31,1.5762024476436524e-31,1.5762025219045357e-31,1.576202521904535e-31,1.576202521904535e-31,1.576202521904535e-31,1.5762025219045353e-31,1.5762025219045348e-31,1.5762025219045348e-31,1.576202170721398e-31,1.5762021707213977e-31,1.5762048942586564e-31,1.5762048942591472e-31,1.5761944731952358e-31,1.576194473195236e-31,1.576194473195236e-31,1.576195089599196e-31,1.5761950895991958e-31,1.576195089598601e-31,1.576195089598601e-31,1.5761950001267506e-31,1.5761949967686149e-31,1.5761950120285992e-31,1.5761950120285988e-31,1.576195012028599e-31,1.5761950120285986e-31,1.5761950120285988e-31,1.576195012028599e-31,1.5761950120285988e-31,1.5761950120285988e-31,1.5761944248411283e-31,1.5761944248411283e-31,1.5761930385191847e-31,1.5761930385191904e-31,1.5761930385191904e-31,1.5761930385191908e-31,1.5761930385191902e-31,1.576193150499857e-31,1.576193150499857e-31,1.576193147008896e-31,1.5761931470088657e-31,1.5761902724127652e-31,1.5761902724127652e-31,1.5761902724127654e-31,1.5761902489961454e-31,1.5761902489961452e-31,1.5761902489961452e-31,1.5762279132048575e-31,1.576227913204857e-31,1.5762252206276775e-31,1.5762252206275711e-31,1.5762257384695157e-31,1.5762258383621514e-31,1.5762258383639601e-31,1.5762258383639601e-31,1.5762258383639612e-31,1.5762258383639604e-31,1.5762258383639915e-31,1.576225838363992e-31,1.576225838363992e-31,1.5762258383639917e-31,1.5762233599216366e-31,1.5762222139764052e-31,1.5762216583972508e-31,1.5762219234332894e-31,1.5762153291094317e-31,1.5762153291210662e-31,1.576215948316734e-31,1.5762159483167337e-31,1.5762153521716699e-31,1.57621535217167e-31,1.57621535217167e-31,1.57621535217167e-31,1.5762154894120376e-31,1.5762153046176915e-31,1.5762152086727505e-31,1.576215208672751e-31,1.5762152086727507e-31,1.5762152086727472e-31,1.576215208672688e-31,1.5762152086862522e-31,1.5762152086862525e-31,1.5762152086862525e-31,1.5762152086857526e-31,1.5762152086857524e-31,1.5762152086902797e-31,1.57621520869028e-31,1.57621520869028e-31,1.576215208690277e-31,1.5762151494927048e-31,1.5762151494927028e-31,1.5762151494828438e-31,1.5762151494828433e-31,1.5762151494828433e-31,1.5762151494828433e-31,1.5762172723967493e-31,1.5762172723967497e-31,1.5762253764530779e-31,1.5762253764530777e-31,1.5762253669786163e-31,1.5762239328768933e-31,1.5762235220742546e-31,1.5762235220742546e-31,1.576224463297066e-31,1.5762244632970656e-31,1.576212915953748e-31,1.576212915953748e-31,1.5762129159537735e-31,1.576212915953716e-31,1.576212915953716e-31,1.576212915953716e-31,1.5762129159537163e-31,1.5762129159536868e-31,1.5762129159536865e-31,1.5762129159537003e-31,1.5762129159537006e-31,1.576212978090652e-31,1.5762129780906523e-31,1.576212978090652e-31,1.5762129780906516e-31,1.5762129780906518e-31,1.5762129780906518e-31,1.5762129780906518e-31,1.576210452220388e-31,1.5762104522203877e-31,1.5762104522203877e-31,1.576210452220412e-31,1.5762104522434541e-31,1.5762104522434544e-31,1.576210452243454e-31,1.576210452243454e-31,1.5762110364152371e-31,1.576211036415237e-31,1.5762110364152367e-31,1.5762110367455453e-31,1.5762110363150644e-31,1.5762110364311132e-31,1.5762110351964538e-31,1.5762110349834924e-31,1.5762110346383164e-31,1.5762108233533458e-31,1.5762108231874542e-31,1.576210823187454e-31,1.576209925204864e-31,1.5762099250099527e-31,1.5762099248997467e-31,1.576210874453946e-31,1.5762108744539466e-31,1.576210874453947e-31,1.576210874453947e-31,1.5762108741907789e-31,1.576210874190779e-31,1.5762108741907786e-31,1.5762108740098647e-31,1.5764276457186476e-31,1.5764276457186465e-31,1.576427642793067e-31,1.5764276427813642e-31,1.5764967213910044e-31,1.576496723007274e-31,1.5764967231063227e-31,1.5764967254039808e-31,1.576496725400445e-31,1.5764979888886458e-31,1.576799026978101e-31,1.5768435628791832e-31,1.5768435628791832e-31,1.5768435628791836e-31,1.5768435629591485e-31,1.576843563149921e-31,1.5768435631499213e-31,1.5768373702222346e-31,1.5768373702222346e-31,1.5766847102214228e-31,1.5766847102420878e-31,1.5766847101485498e-31,1.57668471014855e-31,1.5766847101058908e-31,1.5766829614855377e-31,1.5766829614855374e-31,1.5765555372238332e-31,1.5765555365358565e-31,1.576365152210391e-31,1.576365152187208e-31,1.5763649316324546e-31,1.576364931632455e-31,1.5763649316324546e-31,1.5763649316324548e-31,1.5763649316324542e-31,1.576364931632455e-31,1.5763649376049216e-31,1.5763649376049216e-31,1.5763649376049214e-31,1.5763648115024397e-31,1.5763648115024446e-31,1.576364811502444e-31,1.576364811502432e-31,1.5763648115024316e-31,1.5763668401773163e-31,1.5762848536679175e-31,1.5762890328475712e-31,1.5762992039434697e-31,1.576299203943469e-31,1.5762841329985764e-31,1.5762837454062468e-31,1.5762837454062463e-31,1.5762837450590149e-31,1.5759938299446117e-31,1.5759938299446113e-31,1.575993828108507e-31,1.5759936595206648e-31,1.575993659520665e-31,1.5759936595206648e-31,1.5759936595206648e-31,1.5759936595206648e-31,1.5759936595206446e-31,1.5759936595206453e-31,1.5759943189112948e-31,1.575994318911295e-31,1.5759942857082141e-31,1.575994269229585e-31,1.575994699917008e-31,1.5759935270989653e-31,1.5759935270989656e-31,1.5759935693042206e-31,1.575993569304168e-31,1.575993569304157e-31,1.5759935693041564e-31,1.5759935097345716e-31,1.5759935097345335e-31,1.5759935097345333e-31,1.5759935097345333e-31,1.5759867736814231e-31,1.5759867736814238e-31,1.5759868004388604e-31,1.5759868004388604e-31,1.5759868004388604e-31,1.5759868004388598e-31,1.575986800438834e-31,1.5759908311657246e-31,1.5759905685138446e-31,1.5759905685138497e-31,1.5759905685138501e-31,1.5759905685138506e-31,1.5759905685138503e-31,1.575998698548476e-31,1.575998698548491e-31,1.575998698548491e-31,1.5759986985484906e-31,1.575998698146871e-31,1.5759400594419893e-31,1.5759400593866325e-31,1.5759424738538998e-31,1.5759424738538995e-31,1.5759424745326594e-31,1.5759424745326598e-31,1.5759424745320943e-31,1.5759430620986848e-31,1.5759430275932712e-31,1.5759430275932712e-31,1.575943027595154e-31,1.575884115312252e-31,1.575884115315909e-31,1.575863460224143e-31,1.5758637127660116e-31,1.5758637127660116e-31,1.575863740965671e-31,1.5758577066813805e-31,1.5758577067972742e-31,1.5758577067972116e-31,1.5758577067972125e-31,1.575857704740002e-31,1.5758577047400013e-31,1.5758577047400008e-31,1.5758577054328308e-31,1.5758577054328308e-31,1.5758577062509007e-31,1.5758569301331373e-31,1.57585693013314e-31,1.5758569580137429e-31,1.5758560184716659e-31,1.5758560184716657e-31,1.5758589224645274e-31,1.5758589224645278e-31,1.5758589224645278e-31,1.5758591251782973e-31,1.5758577203632974e-31,1.5758554942557865e-31,1.575855332605875e-31,1.5758551727902677e-31,1.5758551727902674e-31,1.5758551727902677e-31,1.5758554453693182e-31,1.5758554453693177e-31,1.5758479911589543e-31,1.575847991158955e-31,1.5758480436750685e-31,1.575848043675069e-31,1.5758483397121853e-31,1.5758483397121855e-31,1.5758483397121918e-31,1.5758483397121918e-31,1.575848339712192e-31,1.5758483397121918e-31,1.575847712121639e-31,1.5758477121216393e-31,1.5758479453441189e-31,1.5758571539182672e-31,1.5758571539182654e-31,1.5758571539182654e-31,1.5758570823406528e-31,1.5758570823406528e-31,1.5758575344100613e-31,1.5758575344100613e-31,1.5758575344100613e-31,1.5758575344100613e-31,1.5758575344100613e-31,1.5758575349431573e-31,1.5758573659658385e-31,1.575857365950749e-31,1.57692635299594e-31,1.57692635299594e-31,1.5769357183483352e-31,1.5769357533558798e-31,1.5769357533558798e-31,1.5769357533558756e-31,1.5769357628014799e-31,1.5769357628014803e-31,1.5769435526303183e-31,1.576941580915671e-31,1.5769415809156715e-31,1.5769415809156713e-31,1.5769416971873917e-31,1.5769416971873917e-31,1.5769426199737924e-31,1.5769426199737924e-31,1.5769445936865803e-31,1.57694459368658e-31,1.5769445936865943e-31,1.5769463619832854e-31,1.5769463619832857e-31,1.5769463619833e-31,1.576945351733456e-31,1.5769467786929392e-31,1.5769467786929392e-31,1.5769467786929392e-31,1.5769467786929392e-31,1.576946778692939e-31,1.5769467786929394e-31,1.576946778692932e-31,1.5769467786929324e-31,1.5769469051020633e-31,1.5769469051020633e-31,1.5769469051020635e-31,1.5769469051020633e-31,1.5769469051020633e-31,1.5769469051020633e-31,1.5769467917986396e-31,1.5769467917986337e-31,1.5769467917986335e-31,1.5769467917986335e-31,1.5769467917986335e-31,1.5769467917986352e-31,1.576946791798698e-31,1.5769468876045225e-31,1.5769468876045205e-31,1.5769468876045205e-31,1.5769468876045205e-31,1.576946887604477e-31,1.5769530875502663e-31,1.576953087550266e-31,1.5769530875502663e-31,1.5769560449529182e-31,1.576956044952918e-31,1.5769560449529075e-31,1.5769560657558354e-31,1.5769560657558352e-31,1.576956065755835e-31,1.5769560657558356e-31,1.5769541920813095e-31,1.5769541920813092e-31,1.5769678182786143e-31,1.576967818278614e-31,1.5769649307205258e-31,1.576964930720526e-31,1.576964930720526e-31,1.5769649172114726e-31,1.5769649172114722e-31,1.5769649172114722e-31,1.5769640995385643e-31,1.5769640995385645e-31,1.5769640995385643e-31,1.5769644778701642e-31,1.57695421553924e-31,1.5769542171150445e-31,1.5769542170941575e-31,1.5769542171042769e-31,1.5769655681822592e-31,1.5769690852344672e-31,1.5769690801681042e-31,1.576969080168104e-31,1.5769826439526253e-31,1.5769826439526253e-31,1.576982629937135e-31,1.5769826299371352e-31,1.576982629937135e-31,1.5769826267764038e-31,1.5769504871180591e-31,1.5769390117392218e-31,1.5769390117392214e-31,1.5769424703506332e-31,1.5769424702241343e-31,1.576942471927005e-31,1.576942471927005e-31,1.5769424719345517e-31,1.5769135981399636e-31,1.5769135981395342e-31,1.5769135981394871e-31,1.5769665530108713e-31,1.5770584388169162e-31,1.5770584384465406e-31,1.5770584371830502e-31,1.5770584372185155e-31,1.577058437206208e-31,1.5770584372062073e-31,1.5770572900109528e-31,1.5770572900109655e-31,1.5770572900109655e-31,1.5770572900109657e-31,1.5770572900109655e-31,1.5770573090258097e-31,1.5770573090258047e-31,1.5770573090258047e-31,1.5770573090258045e-31,1.577057309025827e-31,1.5770572830538705e-31,1.577053510699451e-31,1.5770540592614777e-31,1.577054157810036e-31,1.5770541578100365e-31,1.5770541578100363e-31,1.5770541545000134e-31,1.5770541545000134e-31,1.5770541941416224e-31,1.5770541941416224e-31,1.5770572664072343e-31,1.5770572664072339e-31,1.5770571198899936e-31,1.5770571198736417e-31,1.5770571198736415e-31,1.5770571198737116e-31,1.5770571198737118e-31,1.5770571198737116e-31,1.5770571198737114e-31,1.5770571198737114e-31,1.5770571198574719e-31,1.5770571198574714e-31,1.5769499823641465e-31,1.5769499823641465e-31,1.5769499823641465e-31,1.5769615863539707e-31,1.5771756945265068e-31,1.5771696029145523e-31,1.5771685882866736e-31,1.5771685978875545e-31,1.577175008041165e-31,1.5771750080411648e-31,1.577175008041165e-31,1.5771750077673816e-31,1.5771747918973746e-31,1.5771747918973746e-31,1.577174791897374e-31,1.5771747915448902e-31,1.5771767659517337e-31,1.5771767659517337e-31,1.5771795835361409e-31,1.5771795835361406e-31,1.5771769386766655e-31,1.5771760111158945e-31,1.577176011115894e-31,1.577176011115835e-31,1.5771760111158347e-31,1.5771739728170546e-31,1.5771739728170546e-31,1.5771739855767667e-31,1.5771739855767663e-31,1.5771739855767667e-31,1.5771739855767667e-31,1.577215369612731e-31,1.577242822348849e-31,1.577242822348849e-31,1.5772428223488481e-31,1.5772428223488481e-31,1.5772428223488477e-31,1.5772428223488481e-31,1.5772428223782264e-31,1.5772447687337726e-31,1.5772447687337717e-31,1.5772167296683482e-31,1.5772236347980056e-31,1.5772236347980056e-31,1.5772236348092308e-31,1.5772236346736458e-31,1.5772221790366e-31,1.5772221683610028e-31,1.5772221683630846e-31,1.5772221683630843e-31,1.5772223647830975e-31,1.5772228692477605e-31,1.5772228692477605e-31,1.5772232249908675e-31,1.5772232249908671e-31,1.5772232249941435e-31,1.5772232249941665e-31,1.5772232249941781e-31,1.5772232249940588e-31,1.5772236445651936e-31,1.5772229945348193e-31,1.577223124529551e-31,1.577223124529555e-31,1.5772224022014883e-31,1.5772255088246564e-31,1.5772255088246568e-31,1.5772253165689015e-31,1.577225316568902e-31,1.5772253165689018e-31,1.5772253165712654e-31,1.5772253165712645e-31,1.577225316568369e-31,1.5772253165683684e-31,1.5772253167789597e-31,1.5772265124321356e-31,1.5772265124321358e-31,1.577226557189297e-31,1.5772265571892967e-31,1.5772283930657637e-31,1.5772283930657637e-31,1.5772283930657637e-31,1.5772283930657637e-31,1.5772284406042126e-31,1.5772377770319776e-31,1.5772379429476859e-31,1.577238438124733e-31,1.5772384381247327e-31,1.577238438124716e-31,1.5772384404656418e-31,1.5772384404656423e-31,1.5772178237110752e-31,1.5772178237110754e-31,1.5772178237108624e-31,1.577217568647831e-31,1.5772205069324082e-31,1.5772205069324087e-31,1.5772055831106157e-31,1.5772073674724737e-31,1.5772073674724732e-31,1.577207367472473e-31,1.5772073674724735e-31,1.577217639558212e-31,1.577217639558212e-31,1.5772176395582125e-31,1.577222230006693e-31,1.5772222118188377e-31,1.5772222118188373e-31,1.5772222097925002e-31,1.5772222097925006e-31,1.5772199506907193e-31,1.5772199506907193e-31,1.5772204376345908e-31,1.576867113265052e-31,1.576867113265052e-31,1.5768671132650523e-31,1.5768671167926104e-31,1.5768671167926101e-31,1.5768671167926097e-31,1.576867116792681e-31,1.576867116792681e-31,1.57686711679272e-31,1.57686711679272e-31,1.5768671167927205e-31,1.5768671167927203e-31,1.5768671166116283e-31,1.5768671166116283e-31,1.5765452700874374e-31,1.5765458790904034e-31,1.5765458790809103e-31,1.5765458766188376e-31,1.5765458766188372e-31,1.5765458766188372e-31,1.5765458766188372e-31,1.5765458766188374e-31,1.5765403805489946e-31,1.5765403805489948e-31,1.5765404493664906e-31,1.576540449366491e-31,1.5765358705965768e-31,1.576535723197969e-31,1.5765357231979813e-31,1.57653572319795e-31,1.576535723197949e-31,1.5765360093349397e-31,1.5765360093349395e-31,1.5765376929839442e-31,1.5765376929839442e-31,1.5765376929839442e-31,1.576511903682776e-31,1.5765119036827764e-31,1.5765119036827637e-31,1.5765119036827637e-31,1.5765120145524576e-31,1.5765120619642162e-31,1.5765120277904055e-31,1.5765119701122613e-31,1.5765170701883076e-31,1.5765125515128704e-31,1.5765125515128704e-31,1.576467686999941e-31,1.5764692954704043e-31,1.5764692954704045e-31,1.5764692954564069e-31,1.5764692954564067e-31,1.5764693007475284e-31,1.5764693007605188e-31,1.576469300760516e-31,1.5764693007612276e-31,1.5764693042337076e-31,1.5764693042337074e-31,1.5764631578047145e-31,1.5764741886831697e-31,1.5764741886831697e-31,1.576474188683169e-31,1.5764836378786034e-31,1.5764836378107068e-31,1.5764836378107068e-31,1.576483637807574e-31,1.5764836277143283e-31,1.576483627707673e-31,1.5764836277008993e-31,1.576483627700899e-31,1.5764842099297684e-31,1.5764842099297684e-31,1.5764887452150971e-31,1.5764883757709213e-31,1.5764950146956044e-31,1.5764950146956046e-31,1.576494528491884e-31,1.576510049241032e-31,1.5765100612356843e-31,1.5765100612356845e-31,1.5765017964857807e-31,1.5765017645278415e-31,1.5765017645278415e-31,1.576501764527842e-31,1.5765017645277854e-31,1.5765017645277857e-31,1.576501764527786e-31,1.5765017645277859e-31,1.5765019738126018e-31,1.5765019738126016e-31,1.5765019738126016e-31,1.5765019738125832e-31,1.576501973812583e-31,1.5765019738125827e-31,1.5765019738125797e-31,1.57650197381258e-31,1.5765019738125797e-31,1.576502008859959e-31,1.5765018228034592e-31,1.576501413577811e-31,1.5765014135778428e-31,1.5765014135778426e-31,1.576501413577843e-31,1.5765014135778428e-31,1.5765014135778023e-31,1.5765022565918823e-31,1.576502321156469e-31,1.5765023211564688e-31,1.5765023211564686e-31,1.576502128453693e-31,1.5765025567334756e-31,1.5765025567334756e-31,1.5765031709452673e-31,1.576502944494186e-31,1.5765029444941863e-31,1.5765037673936831e-31,1.5765022905034144e-31,1.5765022905036357e-31,1.5765018769077578e-31,1.5765018769077578e-31,1.5765018769077576e-31,1.5765018769077576e-31,1.5765018769077576e-31,1.576499064115971e-31,1.5765076246574394e-31,1.5765076246574472e-31,1.5764936835835035e-31,1.5764936835835042e-31,1.5764936835835044e-31,1.5764939049024167e-31,1.5764939049024167e-31,1.576493904902425e-31,1.576493904902425e-31,1.5764938553146456e-31,1.5764938553146456e-31,1.5764938553146458e-31,1.5764938553146458e-31,1.5764938553146454e-31,1.5764938553146451e-31,1.5764938553146454e-31,1.5764969250805597e-31,1.57649692508056e-31,1.5764969250805595e-31,1.5764969250805595e-31,1.5764969250806333e-31,1.5764969250806329e-31,1.5764969250806329e-31,1.5764969250806329e-31,1.5764969250806329e-31,1.5765026626575525e-31,1.5765026626575525e-31,1.5765028196940371e-31,1.5765028196940371e-31,1.5765028196940378e-31,1.5765028196940371e-31,1.5765032405878035e-31,1.5765032405878035e-31,1.5765032291505079e-31,1.576503228300965e-31,1.576503228385851e-31,1.5765032283858521e-31,1.5765032283858524e-31,1.5765032283858521e-31,1.5765032284016684e-31,1.5765032284016682e-31,1.5765025623568612e-31,1.5765025623567337e-31,1.5765052555180966e-31,1.5765052979723372e-31,1.5765052979723374e-31,1.5765026211140732e-31,1.576502621114045e-31,1.5765026211140445e-31,1.5765026211140445e-31,1.5765024552459357e-31,1.5765024552459355e-31,1.5765029467643881e-31,1.5765029467643877e-31,1.5765029467643881e-31,1.5765029467643881e-31,1.5765029467643881e-31,1.576501366251302e-31,1.5765013662513013e-31,1.5765018718470518e-31,1.576501871847052e-31,1.576501871847052e-31,1.5765020512898152e-31,1.5765018496921824e-31,1.5765018496921824e-31,1.5765212215457358e-31,1.5765319111438123e-31,1.5765319111438118e-31,1.5762918381218303e-31,1.5762915758101926e-31,1.5763641362970053e-31,1.5763620120504468e-31,1.5763620120504477e-31,1.5763620118529057e-31,1.5763620117435515e-31,1.5763620117435512e-31,1.5763620117435512e-31,1.5762971060993755e-31,1.5762971060993757e-31,1.576297106099376e-31,1.5762971041254555e-31,1.5762971041254557e-31,1.5762968959590656e-31,1.5762968959590651e-31,1.5762968971216916e-31,1.5762968971216916e-31,1.5762869526334998e-31,1.576286410969666e-31,1.5762833416105708e-31,1.5762848845553775e-31,1.5762848845553775e-31,1.575908116322893e-31,1.5759075658400857e-31,1.5759075658400708e-31,1.5759075658400705e-31,1.5759075658400655e-31,1.5759075658400653e-31,1.5759075658400655e-31,1.5759075736501754e-31,1.5759075736501756e-31,1.5759075736501751e-31,1.5759075736502152e-31,1.575907573650215e-31,1.5759075736502148e-31,1.5759075736502154e-31,1.5759071688019847e-31,1.5759071688019847e-31,1.5759071688019843e-31,1.5759071688019845e-31,1.575907168801984e-31,1.5759056758335316e-31,1.5759051339341672e-31,1.5759029667945877e-31,1.5759029667945877e-31,1.5759029667945888e-31,1.5759008593084392e-31,1.575901641190745e-31,1.5759016411984843e-31,1.5759016411984843e-31,1.5759016411984843e-31,1.5759016411984843e-31,1.5759017782270672e-31,1.5759017782270676e-31,1.5759017782270674e-31,1.5759017782270679e-31,1.57590177793151e-31,1.5759017739983366e-31,1.5759017739983366e-31,1.5759017742494134e-31,1.5759017742515502e-31,1.5758411420334894e-31,1.5758411420334905e-31,1.5758411420338027e-31,1.575841142033801e-31,1.5759055759712374e-31,1.5759010551662907e-31,1.5759010583097296e-31,1.5759010587312997e-31,1.5759010587313e-31,1.5758990426844629e-31,1.5758991387309032e-31,1.5758991387309025e-31,1.5758991387309027e-31,1.5758989317096075e-31,1.575898931709607e-31,1.575898931709607e-31,1.5758989317096073e-31,1.5758989317096075e-31,1.5758989286457466e-31,1.5758989286457468e-31,1.5758989285941169e-31,1.5758981468900225e-31,1.5758981468900227e-31,1.5758981479151133e-31,1.5758981479151135e-31,1.575898148300294e-31,1.5758981483501843e-31,1.5758981483501845e-31,1.5758974153035136e-31,1.5758668804768969e-31,1.5758668808955604e-31,1.5758920976063076e-31,1.5758920972729268e-31,1.5758920972729268e-31,1.5758920948865068e-31,1.5758920948865064e-31,1.576012187256853e-31,1.5760108224988366e-31,1.576083422141482e-31,1.5761586289243336e-31,1.5761586292633524e-31,1.5761586292914535e-31,1.5761588816439537e-31,1.5761588816439537e-31,1.576158881643953e-31,1.5762216502945261e-31,1.5762168954419353e-31,1.5762189840430708e-31,1.5762195784800252e-31,1.576136817172752e-31,1.5764207829926812e-31,1.5764207829926812e-31,1.576422495638795e-31,1.5760724898020409e-31,1.5760724897901349e-31,1.5760724939790114e-31,1.5760724939790116e-31,1.5760745677656184e-31,1.5760745678558033e-31,1.5760781072004093e-31,1.5760781072005625e-31,1.5760792286874134e-31,1.5760816303465215e-31,1.5760816303465212e-31,1.576081330595884e-31,1.5760492284071902e-31,1.576049228407255e-31,1.5760584227186037e-31,1.5760533139898295e-31,1.5760533139898295e-31,1.5760531726698255e-31,1.5760531726698262e-31,1.576053172669826e-31,1.5760531726698253e-31,1.5760536976970169e-31,1.5760536976970173e-31,1.5760536976970169e-31,1.5760536976970175e-31,1.5760542602307232e-31,1.5760514822573844e-31,1.5760511964536068e-31,1.5760511964536066e-31,1.5760518999199785e-31,1.5760517381212724e-31,1.5760517381212726e-31,1.5760517381212726e-31,1.5760517381224699e-31,1.5760517381384407e-31,1.5760823837535563e-31,1.5760834559581058e-31,1.5760853727927968e-31,1.576173788950417e-31,1.5762677495887296e-31,1.5762677574580386e-31,1.5762677574645653e-31,1.5762641932271231e-31,1.576264193227136e-31,1.5762641932271365e-31,1.5762642759442618e-31,1.5762642759442782e-31,1.5762642759442782e-31,1.5762642759442787e-31,1.5762645257898925e-31,1.576264563829556e-31,1.5762639484099582e-31,1.5762639484099584e-31,1.576263948410014e-31,1.5762639484100138e-31,1.5762656371348517e-31,1.5762656371348517e-31,1.5762656371348517e-31,1.5762656371349036e-31,1.5762661397497247e-31,1.5762661397497245e-31,1.5762661360870268e-31,1.5762683801968593e-31,1.576268390714486e-31,1.5762683907144855e-31,1.5762683907144862e-31,1.5762669305520825e-31,1.576266930552083e-31,1.5762671275684945e-31,1.5762671275684951e-31,1.5762656842689617e-31,1.576265683885464e-31,1.576265683885464e-31,1.5762656828796075e-31,1.576308377046357e-31,1.5763083403077222e-31,1.5763083403077226e-31,1.5763082953350947e-31,1.5763082953350947e-31,1.5763082953350947e-31,1.576308295335095e-31,1.576308295335095e-31,1.5763082953350952e-31,1.5763082953350796e-31,1.576308295335775e-31,1.5763082953381086e-31,1.5763133836217188e-31,1.5763133836217188e-31,1.5763133836214513e-31,1.576313383621451e-31,1.5763256520521863e-31,1.576325652052186e-31,1.576325652062093e-31,1.576319188572572e-31,1.5763407742466092e-31,1.5763407741923058e-31,1.5763407741773122e-31,1.576340774177312e-31,1.5763417245745126e-31,1.576343225552529e-31,1.5763398076081292e-31,1.5763398076096815e-31,1.5763398076096815e-31,1.5763418355114147e-31,1.576386133873129e-31,1.5763861338731293e-31,1.5763848755284103e-31,1.576385317129834e-31,1.576385317129834e-31,1.576390768320745e-31,1.576390768320707e-31,1.576390768320707e-31,1.5763907683207072e-31,1.5763907683207067e-31,1.576390768320707e-31,1.5763909827900112e-31,1.576390982790011e-31,1.5763909827900112e-31,1.576390982790011e-31,1.5763909827900108e-31,1.5763910876804449e-31,1.5763910876804453e-31,1.5763873682287782e-31,1.5763873682287784e-31,1.5763883651820657e-31,1.5763883651811205e-31,1.5763883651811207e-31,1.5763883651811203e-31,1.5763883651811205e-31,1.5763883651810323e-31,1.5763883651810327e-31,1.5763883651810445e-31,1.5763884633325563e-31,1.5763884633330223e-31,1.5763884633330223e-31,1.5763884633317596e-31,1.576388450793227e-31,1.576388450793227e-31,1.576388450793227e-31,1.576388450793227e-31,1.5763884507932269e-31,1.5763878825108373e-31,1.576387781358319e-31,1.5763877813583191e-31,1.5763877813583191e-31,1.576387781358319e-31,1.576387781358319e-31,1.5763877813583191e-31,1.5763877813583193e-31,1.5763875553589892e-31,1.5763875553589888e-31,1.576387555358989e-31,1.5762405142041276e-31,1.5762441202286193e-31,1.5762441184103058e-31,1.5762449927206623e-31,1.576249811259064e-31,1.5762491432570517e-31,1.5762491432692378e-31,1.576249143269237e-31,1.576262801589055e-31,1.5762683461689476e-31,1.5762727713300534e-31,1.5762727298063744e-31,1.5762727298031609e-31,1.576272729803161e-31,1.5762659089450919e-31,1.5762558864381268e-31,1.5762558864422436e-31,1.576258691931632e-31,1.5762586919316323e-31,1.5762586919320104e-31,1.5762586919320108e-31,1.5762586919322933e-31,1.5762586919322955e-31,1.5762586919322957e-31,1.5762586919322955e-31,1.5762586919322955e-31,1.5762586531570629e-31,1.576258653157093e-31,1.5762586531570924e-31,1.5762586531570927e-31,1.5762586531571362e-31,1.5762586531571362e-31,1.5762586531571483e-31,1.5762586531571811e-31,1.5762586531571815e-31,1.5762586531571813e-31,1.5762584525484087e-31,1.5762584525484085e-31,1.5762584803093754e-31,1.5762579655296237e-31,1.5762579655296237e-31,1.5762581975622517e-31,1.5762581975622536e-31,1.5762581975622534e-31,1.5762628012887212e-31,1.5762622684809752e-31,1.576262650737012e-31,1.5762626507370052e-31,1.576262650737005e-31,1.576262650737005e-31,1.5762625516192539e-31,1.5762666616268943e-31,1.5762666616269013e-31,1.5762666659974324e-31,1.5762666674473346e-31,1.5762666671627574e-31,1.5759602107408144e-31,1.5759602106855798e-31,1.5759602106855798e-31,1.5759602107823813e-31,1.575960218218929e-31,1.5759602433703462e-31,1.5759603273961103e-31,1.5759603273961103e-31,1.57596032739611e-31,1.5759603273961098e-31,1.5759603273961103e-31,1.5759603273961105e-31,1.5759603273961103e-31,1.5759603274876606e-31,1.57596032748766e-31,1.5759603273104443e-31,1.575960327310444e-31,1.5759603273104386e-31,1.5759603273104384e-31,1.5759603273104382e-31,1.575960327310414e-31,1.575959007798113e-31,1.5759590077981051e-31,1.5759581559333767e-31,1.575958155933377e-31,1.5759581617334413e-31,1.5759581707759068e-31,1.575967837942534e-31,1.5759678379425339e-31,1.5759678379425339e-31,1.5759592906216023e-31,1.575959290621602e-31,1.575959290621602e-31,1.5759592906216016e-31,1.575959290621602e-31,1.5768547357007688e-31,1.576854801904726e-31,1.576855067449152e-31,1.576855067449152e-31,1.5768550673660328e-31,1.576855012538326e-31,1.5768550125383257e-31,1.5768550125383253e-31,1.576855012538326e-31,1.576855012538326e-31,1.576855224367324e-31,1.5768549530528567e-31,1.5768549530528565e-31,1.5768549530528565e-31,1.5768549530487143e-31,1.5768549530500449e-31,1.5768545877145186e-31,1.576854587714519e-31,1.57685463173337e-31,1.5768546317333698e-31,1.5768546317333692e-31,1.5768546317333473e-31,1.5768546317333475e-31,1.5768546317333475e-31,1.5768546317333473e-31,1.576861289391992e-31,1.576861289391992e-31,1.5768612893919919e-31,1.5768612893919923e-31,1.576861289391992e-31,1.5768612893919925e-31,1.5768612893920105e-31,1.5768612893920105e-31,1.576861289393872e-31,1.576861289393872e-31,1.5768612893938801e-31,1.5768422613612771e-31,1.576739602306842e-31,1.5767396023068416e-31,1.5767396023064902e-31,1.5767396023064902e-31,1.5767396023202956e-31,1.5767410412734812e-31,1.5767410412843205e-31,1.5767408271228373e-31,1.5767408271251757e-31,1.5767353068164696e-31,1.576735306816468e-31,1.5767353066601267e-31,1.5767353066601267e-31,1.5767353066629455e-31,1.5766023398592875e-31,1.5766023403746594e-31,1.629352374402284e-31,1.6293523744022838e-31,1.6293507792590104e-31,1.6293507792590106e-31,1.6293507792593743e-31,1.6293539318444524e-31,1.6292364014081778e-31,1.629236401257631e-31,1.6292438631730696e-31,1.6292438800142261e-31,1.6292451657312227e-31,1.62947165134898e-31,1.6294508622772069e-31,1.6294508622772067e-31,1.629476850957872e-31,1.629476850957872e-31,1.6294766686112997e-31,1.6294766686112997e-31,1.6294766686112995e-31,1.6294769984223262e-31,1.62948020111962e-31,1.6294802011196205e-31,1.6294802011190572e-31,1.6294802011190572e-31,1.6295450784829104e-31,1.6295451376443478e-31,1.6295451376443476e-31,1.6295451395523243e-31,1.6295451395523243e-31,1.629545139552324e-31,1.629545139552324e-31,1.629545139552325e-31,1.6295451395231131e-31,1.6295446684879811e-31,1.629544668487981e-31,1.6295446684879807e-31,1.6295508334862894e-31,1.6295508334862902e-31,1.6295505338612972e-31,1.629550533861297e-31,1.629550533861619e-31,1.6295511248686782e-31,1.6295457667930834e-31,1.629546668397822e-31,1.6295466683978222e-31,1.6295466683947032e-31,1.6295466683947036e-31,1.6295466683496342e-31,1.629545779286549e-31,1.6295457792865497e-31,1.6295457792865497e-31,1.629525298421912e-31,1.629525297572387e-31,1.6295252975723875e-31,1.6295252977768057e-31,1.6295252977766767e-31,1.629525297734803e-31,1.6295252994657277e-31,1.6295252991816039e-31,1.6295252991816048e-31,1.629525299181604e-31,1.6295246638398232e-31,1.6295246638398148e-31,1.6295074723278636e-31,1.6295074723278638e-31,1.62950757440976e-31,1.62950757440976e-31,1.62950757440976e-31,1.6295075744097596e-31,1.6295075744097599e-31,1.6295075744097478e-31,1.629507574409748e-31,1.6295074078437726e-31,1.629507444652282e-31,1.6295074446523328e-31,1.6295074446523242e-31,1.6295074441834734e-31,1.6295074442691278e-31,1.6295074442691276e-31,1.629507444197224e-31,1.629507444197224e-31,1.6295074441972236e-31,1.6295074011666947e-31,1.6295074011667217e-31,1.6295074011667214e-31,1.6295074011667219e-31,1.6295074011667214e-31,1.629507401166721e-31,1.6295074011667217e-31,1.6297292986156384e-31,1.6297292986156388e-31,1.6297292986156386e-31,1.6297292986156384e-31,1.6297275303323316e-31,1.6297275303322687e-31,1.6297272706996135e-31,1.6297272706996142e-31,1.6297272706996135e-31,1.6297272706996144e-31,1.6297272706996144e-31,1.6297272706996315e-31,1.6297272706994922e-31,1.6297269223847561e-31,1.6297271540875584e-31,1.6297271540875587e-31,1.6297271540884715e-31,1.6297271540884717e-31,1.6297271540884717e-31,1.6297271540884715e-31,1.6297251037577613e-31,1.6297252303666446e-31,1.6297252303666446e-31,1.6297252303665557e-31,1.6297070966243116e-31,1.6297070966243116e-31,1.6297070966243116e-31,1.6297064911140158e-31,1.6297087150167457e-31,1.629708715016746e-31,1.6297087150167455e-31,1.6297087150167455e-31,1.6297070405307673e-31,1.6297070405307676e-31,1.6297305443341531e-31,1.6297352344450267e-31,1.6297352344450385e-31,1.6297352344450385e-31,1.6297352344450385e-31,1.6297358879419727e-31,1.6297358879419727e-31,1.6297358879419725e-31,1.6297358048602587e-31,1.6297369473754837e-31,1.6297373031493407e-31,1.6297335131933067e-31,1.629728465718364e-31,1.6297284657183936e-31,1.629728453381446e-31,1.6296935594965748e-31,1.629693559434822e-31,1.629635337544311e-31,1.6296353375443103e-31,1.629631002769736e-31,1.6296310027697364e-31,1.6296310027698364e-31,1.6296310027698366e-31,1.6296310027698362e-31,1.6296310027692536e-31,1.6304104004251945e-31,1.6304104004251945e-31,1.6304104004251948e-31,1.6304104004247258e-31,1.6304104004247253e-31,1.630410400424725e-31,1.630410383422239e-31,1.630643819981458e-31,1.630431140181829e-31,1.6304387577551564e-31,1.6304456977085458e-31,1.6304456977085454e-31,1.6304523991395674e-31,1.630452399139568e-31,1.6304544500490213e-31,1.6304544503090677e-31,1.630454448334497e-31,1.630454448334497e-31,1.6304495944815256e-31,1.6304857543850954e-31,1.6304857543850954e-31,1.6304857543850954e-31,1.630485754380263e-31,1.630485754379597e-31,1.6304875678597957e-31,1.6304875678599444e-31,1.6304835290524924e-31,1.6304835289972258e-31,1.6304835289972265e-31,1.630483528997226e-31,1.6304825190732099e-31,1.6304825190732103e-31,1.6304825190732103e-31,1.6304822665207268e-31,1.6304822665207268e-31,1.6304807809404326e-31,1.6304807809404326e-31,1.6304807802606967e-31,1.6304807918296714e-31,1.6304807918309584e-31,1.630480791830923e-31,1.6304800449330226e-31,1.6308141252248687e-31,1.6308133904549072e-31,1.6308133904547925e-31,1.630817008417538e-31,1.6308170084175385e-31,1.630817008417538e-31,1.6308178978860563e-31,1.6308178978860558e-31,1.6308178978860543e-31,1.6308178973230669e-31,1.630972990906386e-31,1.6309729909363448e-31,1.6309729909363453e-31,1.6309439330888608e-31,1.6309439330888429e-31,1.6309439330891257e-31,1.6309439330891257e-31,1.6309443500267447e-31,1.6309443500267195e-31,1.6309443501823114e-31,1.6309443501823114e-31,1.630944350182311e-31,1.6309443501823114e-31,1.6309443501825794e-31,1.6309443501825715e-31,1.6309443501825709e-31,1.6309443501825709e-31,1.6309443501825706e-31,1.6309420730113988e-31,1.6309420730113992e-31,1.6309420730108251e-31,1.630942073010825e-31,1.6309510539131357e-31,1.630951053913136e-31,1.6309494385234029e-31,1.6309486111535768e-31,1.6309486091726927e-31,1.6309486091726927e-31,1.6309486091726925e-31,1.630948609172693e-31,1.6309486091747467e-31,1.6309486091747467e-31,1.630949532697635e-31,1.6309495326988067e-31,1.6307122860288362e-31,1.6307122859480803e-31,1.6307122859480803e-31,1.6307129525942239e-31,1.6307129525942234e-31,1.6307129231981186e-31,1.6307125016885411e-31,1.6307117067014625e-31,1.6307123299307028e-31,1.6307123299307026e-31,1.6307123299307022e-31,1.6307123299307024e-31,1.6307123299291373e-31,1.6307123299280097e-31,1.6307123299290633e-31,1.6307123299311766e-31,1.630706625955059e-31,1.6306926556125085e-31,1.630686970461092e-31,1.6306913717692463e-31,1.6307310308016544e-31,1.630716052417969e-31,1.6307160360840473e-31,1.6307288382777134e-31,1.6307288382777134e-31,1.630728838353353e-31,1.6307185817496997e-31,1.6307185817707675e-31,1.6307051516357937e-31,1.6307051516357933e-31,1.6307021444722397e-31,1.6307021444722393e-31,1.6307021468197814e-31,1.6307033068712832e-31,1.6307033068712727e-31,1.6307033068712727e-31,1.630703306872254e-31,1.630703306872254e-31,1.6307033068722534e-31,1.630703306872254e-31,1.6307033068722646e-31,1.6307033068722646e-31,1.6307033068722646e-31,1.63070330198693e-31,1.6307033019869298e-31,1.6307033019869295e-31,1.630702983374235e-31,1.6307029833742352e-31,1.6307029834404786e-31,1.6307029834404786e-31,1.6307029834404783e-31,1.6306918961507097e-31,1.6306923570064955e-31,1.6306923570064009e-31,1.6307093353020158e-31,1.630709335302016e-31,1.6307093353020163e-31,1.630709944492122e-31,1.6307136210630255e-31,1.630713621063025e-31,1.6307136210630246e-31,1.630713726357177e-31,1.6307137263535188e-31,1.6307137263535182e-31,1.630713726353519e-31,1.6307132440491435e-31,1.6307137670324108e-31,1.6307135524922048e-31,1.6307135525005738e-31,1.630713552500574e-31,1.6307103206197267e-31,1.6307103205125864e-31,1.6307103205125864e-31,1.6307103181558864e-31,1.6307141121183321e-31,1.6307141121182045e-31,1.63071200509099e-31,1.630712007469803e-31,1.630712007469802e-31,1.6307120074698448e-31,1.6307120074698448e-31,1.6307120074698448e-31,1.6307120074698455e-31,1.6307120074698531e-31,1.6307120074698531e-31,1.6307120074698472e-31,1.6307205752378339e-31,1.6307205751967664e-31,1.6307380630952031e-31,1.6305396000300495e-31,1.6305439224458817e-31,1.630544131092343e-31,1.6305442433790359e-31,1.6305442433790354e-31,1.630544243379036e-31,1.630558912157335e-31,1.630558912157469e-31,1.6305679638762306e-31,1.6305679638762306e-31,1.6305679631967149e-31,1.6305631585267997e-31,1.6305631585268e-31,1.6305655970662247e-31,1.6305265783245552e-31,1.6305265907753025e-31,1.6305267730185262e-31,1.6305287902692063e-31,1.6305287902692063e-31,1.6305091153993742e-31,1.630509115399375e-31,1.6305091153993512e-31,1.630509056314808e-31,1.6305090563148085e-31,1.6305090563148083e-31,1.630509191352548e-31,1.6305092499646762e-31,1.630509249964676e-31,1.6305091970692938e-31,1.630509197069294e-31,1.6305093965096916e-31,1.6305094846784917e-31,1.6305094846784917e-31,1.6305156573406473e-31,1.6305156573406475e-31,1.6305132238390563e-31,1.6305132238390565e-31,1.6305795366392768e-31,1.630579536830999e-31,1.6305795371501834e-31,1.6305795371503597e-31,1.6305795686463558e-31,1.6305795686463442e-31,1.6305795704082607e-31,1.630579570408211e-31,1.6305991588118083e-31,1.6306006005651885e-31,1.6306014400678112e-31,1.630601037816151e-31,1.6306010378161513e-31,1.6306011156730995e-31,1.630601221110746e-31,1.630596812554779e-31,1.630596812554823e-31,1.6305968125548233e-31,1.6305968125548228e-31,1.6305968129831415e-31,1.630596813034976e-31,1.630596813034976e-31,1.6305968366617198e-31,1.6306035009313867e-31,1.630603524684002e-31,1.630603422874165e-31,1.6306036674061533e-31,1.6306036674061531e-31,1.6306036499803658e-31,1.6306036499803658e-31,1.630603649980366e-31,1.630603649980366e-31,1.630603649980366e-31,1.6306023277807862e-31,1.6306023277807862e-31,1.6306023277807857e-31,1.6306023261551495e-31,1.6306039814606017e-31,1.6306039815508596e-31,1.6306039815448695e-31,1.6306021495944592e-31,1.6306018295119882e-31,1.6306018295123412e-31,1.6305879287673918e-31,1.63058792877105e-31,1.6305879287710503e-31,1.6305897151808507e-31,1.6305899628986095e-31,1.6305899628986095e-31,1.6305899628986093e-31,1.6305899628986095e-31,1.6305899628986095e-31,1.6305899629737104e-31,1.6305899629735203e-31,1.6305899630569046e-31,1.6305898163697838e-31,1.6305898163697842e-31,1.6305902085232819e-31,1.6305902085232819e-31,1.6305902085550517e-31,1.6306007024590089e-31,1.6306007024589246e-31,1.6306007024589252e-31,1.6306006994604454e-31,1.6306006994604454e-31,1.6306006994604454e-31,1.630600699461169e-31,1.630600699461169e-31,1.6305973117728533e-31,1.6305973117384497e-31,1.63059731173845e-31,1.6305973117384497e-31,1.6305973699931552e-31,1.6305973699931548e-31,1.6305968358984636e-31,1.6305968358981129e-31,1.6305968358981124e-31,1.6305968358981122e-31,1.6305968358983086e-31,1.6306030540288592e-31,1.6306030540288588e-31,1.6306030540288592e-31,1.6306030540288592e-31,1.6305995254117104e-31,1.6305995254117102e-31,1.6305995107174092e-31,1.6305995177808339e-31,1.6305994095333776e-31,1.6306091248934757e-31,1.6306091248934623e-31,1.6306091248934616e-31,1.6306089761161542e-31,1.6305943871482119e-31,1.6305943871482125e-31,1.6305943871482011e-31,1.6305943871481816e-31,1.6305943871481819e-31,1.6305959327591997e-31,1.6305959327591993e-31,1.6305959327591995e-31,1.6305956303479533e-31,1.6305956303479723e-31,1.6305956303472555e-31,1.6305956303472553e-31,1.6305956303472553e-31,1.630595630643715e-31,1.6305861967749078e-31,1.630586196774908e-31,1.6305853132058842e-31,1.630607270522885e-31,1.6306072698607976e-31,1.6305918702793614e-31,1.6910592120354205e-31,1.6910592120354205e-31,1.6910592120354067e-31,1.691059612624788e-31,1.6910596126247877e-31,1.6910571726688713e-31,1.6910571726688604e-31,1.6910571726688799e-31,1.6910571726688799e-31,1.6910571726688799e-31,1.6910571726688799e-31,1.6910571728622882e-31,1.6916172031087493e-31,1.6916171976114057e-31,1.6916172365007955e-31,1.691615556362067e-31,1.6916155563620346e-31,1.6916155563620342e-31,1.6916155563614837e-31,1.6916237449681647e-31,1.6916237449827612e-31,1.691624211986889e-31,1.691624211986889e-31,1.691624212002914e-31,1.6916242120021527e-31,1.6916242138194444e-31,1.6916242084462274e-31,1.6916242084462272e-31,1.6916242119969852e-31,1.6916242120019752e-31,1.6916242120019752e-31,1.6916242119966546e-31,1.6916181626855977e-31,1.6916254936375308e-31,1.691625493637516e-31,1.6916254936375137e-31,1.6916254936375166e-31,1.6916255550163262e-31,1.6916255550163266e-31,1.6916255550163266e-31,1.691625555016323e-31,1.6916250704072764e-31,1.6916250704072766e-31,1.6916250704072762e-31,1.6916264760301592e-31,1.6916264760301592e-31,1.6916264760301587e-31,1.6916264760301592e-31,1.6916277618323718e-31,1.691627761832372e-31,1.69162715330222e-31,1.6916271533030107e-31,1.6916265430759408e-31,1.6916265430761405e-31,1.6916265430761412e-31,1.6916265430775749e-31,1.691626543077575e-31,1.6916265430775758e-31,1.6916265430775753e-31,1.6916266484770146e-31,1.6916239620420917e-31,1.691623962042092e-31,1.6916239620420922e-31,1.691624103607412e-31,1.691624103607412e-31,1.6915849892631251e-31,1.6915937816412108e-31,1.6915937816412034e-31,1.6915937816412043e-31,1.6915937816421414e-31,1.6915941214511e-31,1.691594121423039e-31,1.69159450381474e-31,1.6915945038147402e-31,1.6915968163669674e-31,1.6915991516827568e-31,1.6915991516827568e-31,1.6915991516827568e-31,1.6915991516826817e-31,1.6915991516826817e-31,1.6915991516826815e-31,1.691596718571673e-31,1.6915967185691094e-31,1.6915742795014905e-31,1.691574279501794e-31,1.6915742795017937e-31,1.6915742634568762e-31,1.6915740948276342e-31,1.6915740948276342e-31,1.6915740948276342e-31,1.691574094827634e-31,1.6915732100123703e-31,1.6915743088643105e-31,1.6915773004754995e-31,1.6915773004754995e-31,1.6915772996840393e-31,1.6915475263680543e-31,1.691547527539195e-31,1.691547525780022e-31,1.6914797936898008e-31,1.6914797936898006e-31,1.6914797936898008e-31,1.6913569551135948e-31,1.6913726516072096e-31,1.6913726521569443e-31,1.6913726521604107e-31,1.691372652160411e-31,1.6913725565550085e-31,1.6913725565550085e-31,1.6913725565550085e-31,1.6913725565550083e-31,1.6913729063102764e-31,1.691373098113723e-31,1.6913730981137238e-31,1.6913730981137232e-31,1.6913730981137232e-31,1.691373845413994e-31,1.6913738454139933e-31,1.6913738454139935e-31,1.691373845413993e-31,1.6913738454139937e-31,1.6913738454139933e-31,1.691373845413993e-31,1.69137378448709e-31,1.69137378448709e-31,1.6913674257004366e-31,1.6913674257004611e-31,1.6913674257004611e-31,1.6913648467039596e-31,1.6913648467039599e-31,1.6913648476826206e-31,1.691364722184509e-31,1.6913647221845087e-31,1.691364722184509e-31,1.6913647226339288e-31,1.691364723110756e-31,1.6910552979140496e-31,1.69105529791405e-31,1.69105529791405e-31,1.6908543994198382e-31,1.6908996144750156e-31,1.6908996132210295e-31,1.6906781348533935e-31,1.6906781348533942e-31,1.6908392333368442e-31,1.6908392333368442e-31,1.6908392324473722e-31,1.690839232447372e-31,1.69075795381076e-31,1.6907570054608126e-31,1.6905624648370918e-31,1.690562464837092e-31,1.6905624648370916e-31,1.6905624648370916e-31,1.690556845011056e-31,1.6905568450110557e-31,1.6905575540930866e-31,1.690557554093087e-31,1.6905575552743715e-31,1.6905585181247902e-31,1.6905585182110038e-31,1.6905548089540372e-31,1.6905548099126363e-31,1.690469115910483e-31,1.6904292750673038e-31,1.6904292750673032e-31,1.690429285954926e-31,1.6904294281188398e-31,1.6904291243379653e-31,1.6904291243379653e-31,1.6904291243379647e-31,1.6904291243379653e-31,1.690429124337965e-31,1.6903798103426513e-31,1.6903798103426516e-31,1.6903798104292617e-31,1.690387886077338e-31,1.6903878860773384e-31,1.6903878860773389e-31,1.69038778199992e-31,1.690228417042289e-31,1.6902284173938353e-31,1.6902284173938353e-31,1.6902284173938383e-31,1.6902284173938383e-31,1.690228417393839e-31,1.6902284173938388e-31,1.690228417393839e-31,1.6902287781074767e-31,1.690228795256582e-31,1.690228221495659e-31,1.6902271483400595e-31,1.6902271483400597e-31,1.6902271483400592e-31,1.6902267987117998e-31,1.6902263879709458e-31,1.690226387970946e-31,1.6902265746533905e-31,1.690226574653377e-31,1.690226574653377e-31,1.6902265746533762e-31,1.6902268153996506e-31,1.6902267947651145e-31,1.6902267947651152e-31,1.6902267947651147e-31,1.6902268642898683e-31,1.6902268642898683e-31,1.690226366750713e-31,1.69022466316257e-31,1.6902263993241429e-31,1.690226399324143e-31,1.6902263993241449e-31,1.6902263993241457e-31,1.6902296336977813e-31,1.6902296414810108e-31,1.6902296414810108e-31,1.6902279531409392e-31,1.6904013901674635e-31,1.6903949458277436e-31,1.690480357511141e-31,1.6904803583475664e-31,1.6904803558781832e-31,1.6904802764292594e-31,1.6904802764292592e-31,1.6904802763637299e-31,1.6906941434387937e-31,1.6906941434387937e-31,1.690696052468334e-31,1.6906911075241414e-31,1.6906911075241254e-31,1.6906911075241952e-31,1.6906911075241952e-31,1.6906911075241957e-31,1.6906911075241952e-31,1.6906911075242049e-31,1.6906911075242049e-31,1.6906911076099724e-31,1.690690976958478e-31,1.6906909769584777e-31,1.6906897007325448e-31,1.6906897007325608e-31,1.6906897007325568e-31,1.6906897007325776e-31,1.6906918125863856e-31,1.6906937180886403e-31,1.6906937180886401e-31,1.6906937180886401e-31,1.6906937180886397e-31,1.6906937180886401e-31,1.6906937180886403e-31,1.6906937180597977e-31,1.6907069921750664e-31,1.6907069921750664e-31,1.6907069921750662e-31,1.6907069921750666e-31,1.6907068861345665e-31,1.6907068860609443e-31,1.6907068860609565e-31,1.6907066180547832e-31,1.6907066180547583e-31,1.690706618054759e-31,1.6907066180547587e-31,1.6907066180547517e-31,1.6907066180547513e-31,1.690706618054752e-31,1.6907066180547513e-31,1.6907066180547517e-31,1.6907066180547515e-31,1.6907066180547517e-31,1.6907066180547515e-31,1.6907066180547517e-31,1.6907064849798827e-31,1.6907064849798825e-31,1.6907064849798832e-31,1.6907064849798832e-31,1.6907064849798832e-31,1.6907064849798368e-31,1.6907064849715866e-31,1.6907059360995599e-31,1.6907059360662258e-31,1.6907059360662234e-31,1.6907059360662236e-31,1.6907069674457089e-31,1.6907069674418794e-31,1.690704356452627e-31,1.6907043565027376e-31,1.6907043565027413e-31,1.6907043564652697e-31,1.69070435646527e-31,1.6907043563938677e-31,1.6907053037957802e-31,1.69070530379578e-31,1.6907053037957675e-31,1.690705303795767e-31,1.6907053038267949e-31,1.6907053038267916e-31,1.690705673936134e-31,1.6907056739361336e-31,1.6907051744706727e-31,1.690705174470673e-31,1.6907056435437874e-31,1.6907058378157922e-31,1.690705837815792e-31,1.6907057558484656e-31,1.6907057559265337e-31,1.690705755926534e-31,1.6907057559309278e-31,1.6907079874112904e-31,1.6907137549212005e-31,1.690713754954197e-31,1.6907137550360222e-31,1.6907137550360222e-31,1.6907137377759624e-31,1.69071373779202e-31,1.6907183467952105e-31,1.6907183467952111e-31,1.690734672277146e-31,1.6907346722771466e-31,1.6907346722745443e-31,1.6907341209015272e-31,1.6907341141682495e-31,1.6907210961890867e-31,1.690721095803282e-31,1.6907210958032823e-31,1.6907240838938376e-31,1.6907241291642552e-31,1.690724129164255e-31,1.6907241291642554e-31,1.690724129164255e-31,1.6907241291642552e-31,1.6907241291642574e-31,1.6907302987125526e-31,1.6907302987125524e-31,1.6907336816402066e-31,1.6907232327377509e-31,1.6907232327377656e-31,1.6907232327377653e-31,1.690723232737828e-31,1.6907232327378286e-31,1.690723232737828e-31,1.6907232327378288e-31,1.6907230102508636e-31,1.6907228507810284e-31,1.6907228546401864e-31,1.6907228492012872e-31,1.6907228492012877e-31,1.6907228492116612e-31,1.6907228492116612e-31,1.6910623320885192e-31,1.691062332088519e-31,1.691062332891655e-31,1.6910759650211998e-31,1.6910705811126317e-31,1.6910705811126312e-31,1.6910705804286752e-31,1.6910705804285876e-31,1.691070555664328e-31,1.6910705556643272e-31,1.6910705556643272e-31,1.6910705556643268e-31,1.691070547666409e-31,1.6910705476664093e-31,1.6910692969443604e-31,1.6910694035944706e-31,1.6910671787353942e-31,1.6910671655979947e-31,1.691066627753582e-31,1.6910666277535815e-31,1.691077944069136e-31,1.6910855006508148e-31,1.6910856779186154e-31,1.691085659423861e-31,1.691085659423861e-31,1.6910863108278539e-31,1.6910863108278539e-31,1.6910882539257433e-31,1.6910844262644988e-31,1.6910844262644983e-31,1.6910844262644986e-31,1.6910844262645272e-31,1.691084426264526e-31,1.6910959631386752e-31,1.691095978967363e-31,1.6912567319358936e-31,1.6912574709877634e-31,1.6912574722549745e-31,1.6912574722549276e-31,1.6912496139657536e-31,1.691249613965781e-31,1.6912496139657805e-31,1.6912511536963256e-31,1.691251536660772e-31,1.6912515366607755e-31,1.6912515366607691e-31,1.6912515366607691e-31,1.6912519979780062e-31,1.6912519979780064e-31,1.6912519979780062e-31,1.6912519228437958e-31,1.691251921778342e-31,1.6912519217783426e-31,1.6912472572677574e-31,1.6912472572677572e-31,1.6912475452892838e-31,1.6912475452892725e-31,1.6912475452974725e-31,1.6912475452974725e-31,1.6912816181092013e-31,1.6912816181093e-31,1.691281615400128e-31,1.6912816154001277e-31,1.6912816154001275e-31,1.6912816143729863e-31,1.6912816143645342e-31,1.6912814902466893e-31,1.6912842943463588e-31,1.691284292515691e-31,1.691284292515691e-31,1.6912857957090585e-31,1.6912857957205586e-31,1.6912857957203825e-31,1.6912857957203823e-31,1.6912857676826395e-31,1.6912857676826397e-31,1.691285767682639e-31,1.691285763579908e-31,1.6912863129455807e-31,1.6912862226736676e-31,1.6912862226736676e-31,1.691286251188557e-31,1.6912862511906597e-31,1.6912862511909325e-31,1.69128388739164e-31,1.6912842857197945e-31,1.6912828595767664e-31,1.6912828595767664e-31,1.6912828595767662e-31,1.691282859576766e-31,1.691282859576766e-31,1.6912828595767664e-31,1.6912828595767662e-31,1.6912828595767627e-31,1.6912823269073828e-31,1.6912823269073832e-31,1.69128232690739e-31,1.6912823269074651e-31,1.6951688943901177e-31,1.6951688943901175e-31,1.6951688943901177e-31,1.6951673802063115e-31,1.695167380206312e-31,1.6951667734545669e-31,1.6951667734545669e-31,1.6951570496294641e-31,1.6951570496294646e-31,1.6951570496297253e-31,1.6951337518983109e-31,1.6951337519026718e-31,1.6951337519037282e-31,1.6951337519037282e-31,1.6951337519037284e-31,1.6951337519037287e-31,1.6951026960811976e-31,1.695102694818772e-31,1.6951026489796711e-31,1.695090491191288e-31,1.6950904911912876e-31,1.6950904911912874e-31,1.695079938837976e-31,1.6950799775857296e-31,1.6950733493953758e-31,1.6950733493824889e-31,1.6950671228947635e-31,1.6951043979204618e-31,1.6951441565325502e-31,1.6951524088058282e-31,1.6951524088058282e-31,1.6950997474166456e-31,1.6950997474194926e-31,1.6950998331324809e-31,1.695099833132481e-31,1.6951192630401511e-31,1.6951192630401511e-31,1.695119263040151e-31,1.695112681664973e-31,1.695112681668483e-31,1.6966676187267497e-31,1.6966676187267458e-31,1.6966707227805022e-31,1.696670505137771e-31,1.696670505137771e-31,1.6966705051377707e-31,1.6966705051377712e-31,1.6966705051378023e-31,1.6966705051378023e-31,1.6966705051378027e-31,1.6966705051343962e-31,1.6966708577844938e-31,1.6966708577859518e-31,1.6966708577859523e-31,1.6966708577859166e-31,1.696670751844481e-31,1.696670781031763e-31,1.6966716864252968e-31,1.6966716864252963e-31,1.6966716864362424e-31,1.6966720323977432e-31,1.696672032397743e-31,1.69667203239774e-31,1.6966740623162893e-31,1.6966740623162884e-31,1.6966740623162882e-31,1.6966740623162218e-31,1.6966741328571388e-31,1.696674132857139e-31,1.6966741328571386e-31,1.6966741794734431e-31,1.6966741794737e-31,1.6966741794734256e-31,1.6966744328721336e-31,1.6966742336741823e-31,1.696674655662267e-31,1.6966746556623834e-31,1.6966746556623836e-31,1.6966746556623836e-31,1.6966746556623834e-31,1.6966746556623836e-31,1.6966746556623836e-31,1.6966746556623831e-31,1.6966746556487084e-31,1.696674655648709e-31,1.6966746556487089e-31,1.6966746556487093e-31,1.6966746556487093e-31,1.6966746556487095e-31,1.6966746515227697e-31,1.6966775980991678e-31,1.6966775980991678e-31,1.69667712311417e-31,1.6966771231141705e-31,1.6966771231141702e-31,1.6966772586794286e-31,1.6966772586794284e-31,1.6966772586794284e-31,1.6966772586794455e-31,1.6966789357498723e-31,1.6966789357498747e-31,1.6966765196501992e-31,1.6966765196501994e-31,1.6966765196501994e-31,1.6966765196502e-31,1.6966765196502003e-31,1.6966765141240454e-31,1.6966765141240451e-31,1.696586621225551e-31,1.6965874023063873e-31,1.6967457030531981e-31,1.696745703550814e-31,1.6967278225597823e-31,1.6967278237961122e-31,1.696727823960327e-31,1.696696558406308e-31,1.696696558406308e-31,1.6966965578150666e-31,1.6966965578137987e-31,1.6967103060409794e-31,1.6967103060409788e-31,1.6967103060409796e-31,1.6967103060442077e-31,1.6967103060442074e-31,1.6967103060442072e-31,1.6966781196089895e-31,1.6966781196089836e-31,1.6966781196089836e-31,1.6966769908878217e-31,1.696676990887901e-31,1.6966770553585449e-31,1.6966770553585449e-31,1.6966770553585252e-31,1.696677055358525e-31,1.6966769082245526e-31,1.6966769082245349e-31,1.6966725016168905e-31,1.696672492275734e-31,1.696672492275734e-31,1.6966730373118454e-31,1.6966730373118452e-31,1.6966730373118454e-31,1.6966730373118452e-31,1.6966735743645288e-31,1.6966735743645294e-31,1.6966735743645292e-31,1.6966735743645485e-31,1.6966734184774535e-31,1.6966734186333162e-31,1.6966734186333167e-31,1.696661423958559e-31,1.6966626743573404e-31,1.696662674357341e-31,1.6966626758390669e-31,1.6966631543141196e-31,1.6966631543141196e-31,1.6962122415817603e-31,1.6962122471390886e-31,1.6961833501259746e-31,1.6961833501259748e-31,1.6961833044112873e-31,1.6961862158291398e-31,1.6961862158291595e-31,1.6961859037854004e-31,1.6958976607356678e-31,1.6958976607356686e-31,1.6958977384526313e-31,1.695897736263019e-31,1.695897736059501e-31,1.6961404678612998e-31,1.6962542040790256e-31,1.6962571245872292e-31,1.6962638854898763e-31,1.6962638854898765e-31,1.6962638854273258e-31,1.6958811553476462e-31,1.695881155347646e-31,1.6958780621176994e-31,1.6958742135629327e-31,1.6958742135629332e-31,1.6958751966182652e-31,1.6959770214911728e-31,1.6959067497708106e-31,1.695910257043403e-31,1.6959232268464528e-31,1.6959447193721534e-31,1.6957709007309208e-31,1.6958305832661926e-31,1.6958305480659163e-31,1.6958305480659168e-31,1.6958305480659163e-31,1.6958305480659238e-31,1.6958305480659238e-31,1.6958305480659236e-31,1.6958305480659238e-31,1.6958305480659238e-31,1.695845863637144e-31,1.6958461187697381e-31,1.6958461187697386e-31,1.6958461187697383e-31,1.6958461187697381e-31,1.6958461187697386e-31,1.6958461930235622e-31,1.6958460427493901e-31,1.6958460427493987e-31,1.6958444894681201e-31,1.6958444260392761e-31,1.6958426151117863e-31,1.695842615111801e-31,1.695842615111804e-31,1.6958412584512635e-31,1.695841258451264e-31,1.6958498941861642e-31,1.6958498941861642e-31,1.695849894168966e-31,1.695845949283263e-31,1.6958459492832627e-31,1.6958459492832498e-31,1.6958459492832494e-31,1.6958459492832494e-31,1.6958459492832798e-31,1.6958459492832682e-31,1.6958459492832676e-31,1.6958481341497798e-31,1.6958481341497793e-31,1.695850208871456e-31,1.6958504508835338e-31,1.6958504508835331e-31,1.6958504508835331e-31,1.695850573018423e-31,1.6958507350614732e-31,1.6958507350614737e-31,1.695850737601197e-31,1.695850755780756e-31,1.6958465695128974e-31,1.6959038963642272e-31,1.6959038963642264e-31,1.6959039074239252e-31,1.6959039074239254e-31,1.695903907423925e-31,1.6959039077419825e-31,1.6959039077419825e-31,1.6959039077419823e-31,1.695903907742611e-31,1.695903907742611e-31,1.6959039077426107e-31,1.6959039077426111e-31,1.6959039077426105e-31,1.6959039077455548e-31,1.695903907745562e-31,1.695903907745562e-31,1.6959009012688378e-31,1.6959009003823199e-31,1.6959009003722025e-31,1.6959009003722027e-31,1.6959009003722027e-31,1.6959009003722025e-31,1.6959009003727028e-31,1.6959009003726903e-31,1.6958978210267591e-31,1.6958960810420696e-31,1.695896081042069e-31,1.6958960810420694e-31,1.6958963361528586e-31,1.6958963361528584e-31,1.6958963361528586e-31,1.6959203701193974e-31,1.6959203701160302e-31,1.6959134298041034e-31,1.6959134298041039e-31,1.695913429804104e-31,1.6959134298039942e-31,1.6959134298039938e-31,1.6959134298039938e-31,1.6959134298039933e-31,1.6959134298039933e-31,1.695913429803994e-31,1.6959134298039933e-31,1.6959134298039938e-31,1.6959134298039929e-31,1.695913429803993e-31,1.6959134298039929e-31,1.6959134298039927e-31,1.6959134298039929e-31,1.695913429803993e-31,1.695913429803993e-31,1.6959134298039933e-31,1.6959134298039929e-31,1.6959136751933828e-31,1.6959136751238506e-31,1.6959136751238508e-31,1.6959136751233116e-31,1.6959136751233111e-31,1.6959136751233116e-31,1.6959136750145217e-31,1.695913675014522e-31,1.6959065896040582e-31,1.6959065896040584e-31,1.6959065896040584e-31,1.6959065895008049e-31,1.6959065895008046e-31,1.6959024276075233e-31,1.6959060696137854e-31,1.6959060696125752e-31,1.6959060696125748e-31,1.6959060696031447e-31,1.695906069603145e-31,1.6959064561416994e-31,1.6959007260362982e-31,1.6958939547610826e-31,1.69588212569498e-31,1.6958835255232764e-31,1.6958835255232766e-31,1.695883525523276e-31,1.6958835255232761e-31,1.6959900808947257e-31,1.695990080894726e-31,1.695990080894726e-31,1.695990080894726e-31,1.695992447754416e-31,1.6959924477544162e-31,1.695992467456067e-31,1.695992447862005e-31,1.6959924478620048e-31,1.6959891143052708e-31,1.6959891143052712e-31,1.695989114313967e-31,1.6963742191676242e-31,1.6963742191676277e-31,1.696374219167627e-31,1.6963742156120919e-31,1.6963742156120925e-31,1.6963741908478913e-31,1.6963741908478917e-31,1.696374190847891e-31,1.696374190847891e-31,1.6963741908478917e-31,1.6963741403112027e-31,1.6963744687192862e-31,1.6963744687192864e-31,1.6963744687192864e-31,1.696374468719287e-31,1.6963751469780773e-31,1.6963628572865021e-31,1.696328050999823e-31,1.6963280509998228e-31,1.6963291761353788e-31,1.696335604178851e-31,1.6963347567458825e-31,1.696334756745883e-31,1.6963347567458828e-31,1.6963347567457312e-31,1.696334756745731e-31,1.6953687313467573e-31,1.6952329854516905e-31,1.6950816475530078e-31,1.6950816475530074e-31,1.6950876907954137e-31,1.6950876907967292e-31,1.6950876907967292e-31,1.695087690796729e-31,1.695087690796729e-31,1.6950876907967292e-31,1.6950929677180415e-31,1.6950921453741996e-31,1.6950921453742e-31,1.6950921454200074e-31,1.6950921454200074e-31,1.6950921454200074e-31,1.695092001133445e-31,1.695092001133445e-31,1.6950920011334324e-31,1.6950920055666971e-31,1.695090954662733e-31,1.695090954662733e-31,1.6950909546563811e-31,1.6950935051336532e-31,1.6950935051338577e-31,1.695093505133857e-31,1.6950952591660298e-31,1.695092549672657e-31,1.6950925496728907e-31,1.6950934991949177e-31,1.695204596418771e-31,1.6952045964332597e-31,1.69520459643326e-31,1.6950622959611342e-31,1.6950622966506002e-31,1.6950622966506004e-31,1.6950622966506e-31,1.6950622966506004e-31,1.6950622966506002e-31,1.6950622966506002e-31,1.6950622966506002e-31,1.6950622966506e-31,1.6950622966506004e-31,1.695062296648889e-31,1.695062296648889e-31,1.6950622966418578e-31,1.695063009390717e-31,1.695063009317304e-31,1.6951396721742496e-31,1.6951396721742494e-31,1.6951520397678438e-31,1.695152039767844e-31,1.6951520397678438e-31,1.6951520397676016e-31,1.6951520397676016e-31,1.6951535950649591e-31,1.6951535949961446e-31,1.6951535949961449e-31,1.695153594996145e-31,1.6951562100456123e-31,1.6951562100456128e-31,1.6951562100456121e-31,1.6951562100456121e-31,1.6951562100456125e-31,1.6951562100456388e-31,1.6951562024453594e-31,1.6952765615766494e-31,1.695276561576649e-31,1.695283384751232e-31,1.695283384751232e-31,1.6952754731397048e-31,1.6952732470544694e-31,1.6952630806906799e-31,1.6955070215756964e-31,1.6955070215756969e-31,1.6955269654129506e-31,1.6955269654129501e-31,1.6955269679520758e-31,1.6955269679520756e-31,1.6955278925968124e-31,1.6955349459964162e-31,1.6955349459964156e-31,1.6955349459964165e-31,1.6955349459964162e-31,1.695534794675875e-31,1.6955347946758756e-31,1.6955347578929803e-31,1.6955342726136244e-31,1.6955342712467296e-31,1.6955341582065856e-31,1.6955341584846893e-31,1.6955341584439283e-31,1.6955341584439286e-31,1.6955341584439281e-31,1.6955422255833458e-31,1.6955422255833454e-31,1.6955422255833451e-31,1.6955426196219566e-31,1.6955426196221296e-31,1.6955426196221296e-31,1.6955426196220865e-31,1.695542619622086e-31,1.695542619622086e-31,1.695542619622039e-31,1.6955426196220392e-31,1.6955426196220392e-31,1.6955348018788643e-31,1.6955414708794239e-31,1.6955413828140188e-31,1.695541382814019e-31,1.6955418614628546e-31,1.6955418614628548e-31,1.6955418614628553e-31,1.695541861462855e-31,1.6955418613944669e-31,1.6955418621304476e-31,1.695541862140867e-31,1.695541862140867e-31,1.6955424370542464e-31,1.6955424370561454e-31,1.6955423114975603e-31,1.6955423114975414e-31,1.6955423114975414e-31,1.695542311497541e-31,1.6955423114975417e-31,1.6955423120666716e-31,1.6955423120666714e-31,1.6955423224493782e-31,1.6955423216490713e-31,1.6955423217195434e-31,1.6955068407676392e-31,1.6954152714927999e-31,1.6954152714927999e-31,1.6954146353454238e-31,1.6954146353454245e-31,1.6954146353454243e-31,1.6954146353454243e-31,1.6954146353454243e-31,1.695411176324946e-31,1.6953979596405483e-31,1.6953979598483103e-31,1.6953979598483099e-31,1.6953970752409578e-31,1.695397212299179e-31,1.695397212299179e-31,1.6953981611800314e-31,1.6953780465300977e-31,1.6953780460041912e-31,1.6953780460041903e-31,1.6953813830918613e-31,1.695381382964818e-31,1.6954622038090189e-31,1.6954595739619057e-31,1.6954595739908925e-31,1.6954652886586187e-31,1.6954652901392278e-31,1.695468607032057e-31,1.6954686070320569e-31,1.695468149562228e-31,1.6954681495622282e-31,1.6954681495597365e-31,1.695468149559793e-31,1.6954681495597932e-31,1.6954681506154747e-31,1.6954681506154754e-31,1.6954681506154754e-31,1.6954681506154752e-31,1.695468150615475e-31,1.6954681506154927e-31,1.695468150615492e-31,1.695467356892786e-31,1.6955895323373333e-31,1.6955895323373331e-31,1.69558953171099e-31,1.69558953171099e-31,1.6955934823804938e-31,1.6955933534714023e-31,1.6955933534714023e-31,1.695593353471402e-31,1.6955933534714868e-31,1.6955933534714868e-31,1.6955928485584022e-31,1.6955928489153922e-31,1.6955908057323528e-31,1.6955908057320334e-31,1.6955908057320331e-31,1.6955776015511646e-31,1.6955776015511646e-31,1.6955776015511646e-31,1.695577604467056e-31,1.6955776044670565e-31,1.695577604467056e-31,1.6955776044670563e-31,1.695577605830737e-31,1.6955776945843982e-31,1.695577694584398e-31,1.695572876447633e-31,1.6955728764481651e-31,1.6955728764481653e-31,1.6955728764481656e-31,1.6955728764481653e-31,1.6955728701239825e-31,1.695572870123983e-31,1.6955728132029177e-31,1.6955731836867983e-31,1.6955731839821644e-31,1.6955732278691368e-31,1.6955725408815588e-31,1.6955725537456991e-31,1.6955725884671625e-31,1.695572588467162e-31,1.695581443217345e-31,1.6955814411818605e-31,1.6952980226602326e-31,1.6951850136564607e-31,1.6951947547912403e-31,1.695194022642335e-31,1.6951940218439142e-31,1.6951940218439144e-31,1.695194021843914e-31,1.6951867839431593e-31,1.6951867839431593e-31,1.695182153772528e-31,1.695182153772529e-31,1.6951821537724006e-31,1.6951824924793519e-31,1.695182492479352e-31,1.6951824923831683e-31,1.695182271236824e-31,1.6951822712368235e-31,1.6951764126958282e-31,1.6951745455963455e-31,1.695148804809871e-31,1.6951488048097896e-31,1.695144562009366e-31,1.6951445620093657e-31,1.6951445615826649e-31,1.6951383065006809e-31,1.6951383065006806e-31,1.6951395312391102e-31,1.6955717373921205e-31,1.6955717373921205e-31,1.6955704066467127e-31,1.6955704066467136e-31,1.695572156324462e-31,1.6955721580729286e-31,1.695572158072929e-31,1.6955753544116865e-31,1.6955753544116865e-31,1.6955753544353877e-31,1.6955753544353874e-31,1.6955753544460638e-31,1.6955753521130383e-31,1.6955613108363185e-31,1.6955613107382046e-31,1.6955613107382037e-31,1.6955613107382046e-31,1.695561310738204e-31,1.6955613107382037e-31,1.6955589188491487e-31,1.6955589189852787e-31,1.6955586095374495e-31,1.695558609537449e-31,1.6955586095374293e-31,1.6955586095342265e-31,1.6955576987680259e-31,1.6952239089175343e-31,1.6952285443365684e-31,1.69522854434117e-31,1.6952285443411697e-31,1.695224909010084e-31,1.695224909010084e-31,1.6952249090100846e-31,1.6952249090100842e-31,1.6952249101627483e-31,1.695223850774805e-31,1.695238950254347e-31,1.695238950254347e-31,1.6952389502543473e-31,1.695238938292205e-31,1.695238779673906e-31,1.695238779673906e-31,1.6952387796739062e-31,1.6952230462421015e-31,1.6952230462421017e-31,1.6952217676038661e-31,1.6952217676038666e-31,1.6952217676041411e-31,1.6952217676041322e-31,1.6952217676041324e-31,1.69519469401154e-31,1.6951946940115399e-31,1.6952816956409361e-31,1.695281694157798e-31,1.6952816696607122e-31,1.6952816696607124e-31,1.695238277407236e-31,1.6952382774072357e-31,1.6952382774072355e-31,1.695238277407236e-31,1.6952382774071917e-31,1.6952382774071915e-31,1.6952380798251767e-31,1.6952381585732746e-31,1.6952382655923186e-31,1.6952401779605e-31,1.6952401779603986e-31,1.6952401779603981e-31,1.6952401779604533e-31,1.6952401761703725e-31,1.6952436156523159e-31,1.695243615652316e-31,1.6952436156523163e-31,1.6952436156557116e-31,1.6952029514645118e-31,1.695202268316285e-31,1.6951961470662971e-31,1.6951961470662971e-31,1.695196147065927e-31,1.6951961470659269e-31,1.6951961470659269e-31,1.6951961470659269e-31,1.6951469789289116e-31,1.6951469789289116e-31,1.6951469789289123e-31,1.6951470108126823e-31,1.6951470108126819e-31,1.6951470108126823e-31,1.6951470108126427e-31,1.6952205161766633e-31,1.695222091661773e-31,1.6952220916617729e-31,1.6952220916617724e-31,1.6952220835971572e-31,1.695222083597154e-31,1.6952281682327186e-31,1.695211272375457e-31,1.6952112723754575e-31,1.6952112723454027e-31,1.6952112723454027e-31,1.6952112723454023e-31,1.695211272345402e-31,1.6952085842722492e-31,1.695207869021531e-31,1.6952078709911234e-31,1.6952071900892807e-31,1.6952071900892809e-31,1.6952087798012229e-31,1.6952081367855052e-31,1.695208003520875e-31,1.6952080035263988e-31,1.6952080035263997e-31,1.6952078553109398e-31,1.6952073104154176e-31,1.695209010881668e-31,1.695209010881668e-31,1.6952090108816674e-31,1.695209010877966e-31,1.6952090108779658e-31,1.6952090108779662e-31,1.6952192813095247e-31,1.695219398214032e-31,1.6952114838540559e-31,1.6952058020333327e-31,1.6952058020850511e-31,1.695189323460376e-31,1.6951893234266038e-31,1.6951937765517002e-31,1.6951937759432102e-31,1.6951937759432097e-31,1.6951901452155006e-31,1.6951943805167906e-31,1.695194382366434e-31,1.6955834186664242e-31,1.6955834186665267e-31,1.6955420242280367e-31,1.6955420242280185e-31,1.695526617453603e-31,1.6955266174536033e-31,1.6951006807174605e-31,1.6951019439438627e-31,1.6951019445901542e-31,1.6951019445891166e-31,1.6951019445891164e-31,1.6951019445891168e-31,1.6951019445891166e-31,1.695101944589279e-31,1.695101944602871e-31,1.6951019446028705e-31,1.6951019446028252e-31,1.6951036966929917e-31,1.6951283407900413e-31,1.6951309953543698e-31,1.695130995076348e-31,1.6951302123620811e-31,1.6951302121223067e-31,1.695113026659732e-31,1.6951130266597318e-31,1.6951130266597322e-31,1.6948309130891197e-31,1.6948309130012444e-31,1.6947384875189199e-31,1.6947414448596039e-31,1.6947414448596037e-31,1.6948640011021473e-31,1.6947298994858096e-31,1.694725626237089e-31,1.6947263199886433e-31,1.6947263199720723e-31,1.6947348253090244e-31,1.6947348275501883e-31,1.6947348275501883e-31,1.6947293988934365e-31,1.6947299644705238e-31,1.6947312554577308e-31,1.694731255457819e-31,1.694731255473859e-31,1.6947312556799235e-31,1.6947312556799448e-31,1.6947312556799448e-31,1.6947312556799452e-31,1.6947312556799454e-31,1.694731255679945e-31,1.6941009304961593e-31,1.6941009313273301e-31,1.6941009313273297e-31,1.693854564392777e-31,1.6938545643927768e-31,1.6937853697613891e-31,1.693781907839573e-31,1.6937819078404368e-31,1.693781907840363e-31,1.6937834797564236e-31,1.6937834751304641e-31,1.6937881571731989e-31,1.6937881571731984e-31,1.6937881571731986e-31,1.6937881571731982e-31,1.693787971040019e-31,1.693787971040019e-31,1.693787971040019e-31,1.693789257663746e-31,1.6937887190476763e-31,1.6937887190476761e-31,1.6937887190476761e-31,1.693788719047676e-31,1.6937800124500932e-31,1.693780012450124e-31,1.6937800124501243e-31,1.6937800124501238e-31,1.6937666404737613e-31,1.69376841636255e-31,1.6937650900065005e-31,1.6937650900065007e-31,1.6937650900065272e-31,1.6937512345685897e-31,1.6937512345685892e-31,1.6937508065434282e-31,1.6937508065434239e-31,1.6937714562933753e-31,1.6937714562933748e-31,1.693771175470632e-31,1.6937343952811126e-31,1.6937525758629694e-31,1.693752575863014e-31,1.6937525758630268e-31,1.693752575863104e-31,1.6937525758631047e-31,1.6937526120557611e-31,1.6937405939774397e-31,1.69374059397744e-31,1.6937444549355694e-31,1.693753547081835e-31,1.6937540045382182e-31,1.6937540045382182e-31,1.69376258878404e-31,1.6937611000502951e-31,1.6937615023148113e-31,1.6937615023148113e-31,1.6937615023148113e-31,1.693761502314769e-31,1.693761502314769e-31,1.6937615023147683e-31,1.6937516070900042e-31,1.6937516079993411e-31,1.693743711672546e-31,1.6937455483111526e-31,1.6937510699554342e-31,1.6937516337414895e-31,1.6937516337414897e-31,1.6937516337414902e-31,1.6937516337414895e-31,1.693751633741417e-31,1.6937516337414173e-31,1.6937516337414173e-31,1.6937771071350805e-31,1.6937796212040968e-31,1.6937796212040968e-31,1.693779621204097e-31,1.6937796212040966e-31,1.6938758660999932e-31,1.6938758660999934e-31,1.6938758660999934e-31,1.6939827474111028e-31,1.693983386304483e-31,1.6939836824521857e-31,1.693983682452186e-31,1.693977403997106e-31,1.693977403997106e-31,1.6939774039971065e-31,1.693976929826818e-31,1.6939769298268181e-31,1.6939769298268856e-31,1.6939769298268853e-31,1.693976929826873e-31,1.6939769298268726e-31,1.6939769298268724e-31,1.6939896077492103e-31,1.6939900233533937e-31,1.6939900233533926e-31,1.693990023353393e-31,1.6939900233533933e-31,1.6939900233533935e-31,1.693990023353393e-31,1.6939900233538128e-31,1.693991322336718e-31,1.6939913223367178e-31,1.6939913223366188e-31,1.693991544180765e-31,1.6939915441807334e-31,1.6939915441807332e-31,1.6939915441807338e-31,1.6939885472472336e-31,1.6940099574242833e-31,1.694011645200261e-31,1.6940116452002615e-31,1.694011645200171e-31,1.6940116452002698e-31,1.69401164520027e-31,1.6940116263254449e-31,1.694016075642397e-31,1.6940127358965879e-31,1.6940131108086944e-31,1.6939998460648174e-31,1.693997588091077e-31,1.6939975880910774e-31,1.6939975880910776e-31,1.6939975880910772e-31,1.6450936988119295e-31,1.6450936988119293e-31,1.6450936988119293e-31,1.6450936988119297e-31,1.6450936988119295e-31,1.6450936988119297e-31,1.6450936988119293e-31,1.6450936988119742e-31,1.6450936988120512e-31,1.6450911860893732e-31,1.6450876755044505e-31,1.6450876755616557e-31,1.6450876755616563e-31,1.645087675561656e-31,1.645087675561656e-31,1.6450876755616204e-31,1.6450876755616204e-31,1.6450876755616202e-31,1.6450733578728114e-31,1.6450733578728119e-31,1.6450733578732458e-31,1.6450733578732456e-31,1.645082649840727e-31,1.6450826498407276e-31,1.6450826498407276e-31,1.6450947722060371e-31,1.645094117009754e-31,1.6450941170097763e-31,1.64509144034413e-31,1.6450914403441304e-31,1.645091964909584e-31,1.645091964909584e-31,1.6450976368028238e-31,1.6450976368028238e-31,1.6451025737205515e-31,1.645102211255161e-31,1.6451022112551788e-31,1.646863167213659e-31,1.6468631672136587e-31,1.6468631672136591e-31,1.6468631672136591e-31,1.6468631672136598e-31,1.6468631672136587e-31,1.646863167213659e-31,1.646863167213796e-31,1.6468631672137955e-31,1.6468631672137962e-31,1.6468631672137962e-31,1.6484138371369808e-31,1.64841383713698e-31,1.6484143531362838e-31,1.6484039218464862e-31,1.6484039218464855e-31,1.6483971745265924e-31,1.6483971745265929e-31,1.6483971745265929e-31,1.648397174526522e-31,1.6483962210451977e-31,1.648396221045198e-31,1.6483962210451975e-31,1.6483985802830005e-31,1.6483973213216922e-31,1.6483961535078046e-31,1.6483961535078025e-31,1.6483961535078044e-31,1.6484119622661363e-31,1.6484103913579743e-31,1.648410391357974e-31,1.6484170360958298e-31,1.6484236750463926e-31,1.648427784750087e-31,1.648427784750088e-31,1.648427784750088e-31,1.6484277847500882e-31,1.6484277847500409e-31,1.6484298260559902e-31,1.648429761897298e-31,1.6484419143085172e-31,1.6484419143084945e-31,1.6484419143082477e-31,1.6484392881189484e-31,1.6484392422406766e-31,1.6484392422407817e-31,1.6484392422407813e-31,1.648439242240782e-31,1.648439242240782e-31,1.6484692616113267e-31,1.6484692616113272e-31,1.6484692616117322e-31,1.6484759580308406e-31,1.6484759580308402e-31,1.6484788381430674e-31,1.6484788381430667e-31,1.6484764553316542e-31,1.6484764553316547e-31,1.6484764553316547e-31,1.6484764553316549e-31,1.6484764553316643e-31,1.6484764553316636e-31,1.64847569684651e-31,1.6484756968465103e-31,1.6484756968465057e-31,1.6484204551840189e-31,1.6484204551840186e-31,1.648420479046222e-31,1.6484204790462872e-31,1.6484204790462872e-31,1.648420479046287e-31,1.6484204790462875e-31,1.6484204790462872e-31,1.6484003958031914e-31,1.6483970018824856e-31,1.648400459262786e-31,1.648245536355056e-31,1.6482455363550557e-31,1.648245141746245e-31,1.648245141746245e-31,1.648245141746244e-31,1.648245141746245e-31,1.6482451417462454e-31,1.6482451417460602e-31,1.6482451417462075e-31,1.64824514174622e-31,1.64824514174622e-31,1.64824498212265e-31,1.6482449821226499e-31,1.6482475680990433e-31,1.648246637920105e-31,1.648246637920105e-31,1.648246637920105e-31,1.64824863272444e-31,1.64824863272444e-31,1.6482486327244292e-31,1.6482327637893868e-31,1.6482340469288234e-31,1.6482492047742973e-31,1.648249204774297e-31,1.6482516847304163e-31,1.6482518265125206e-31,1.648249244281605e-31,1.648249244281605e-31,1.6482491467330538e-31,1.648249146733054e-31,1.6482491467330396e-31,1.6482510408695827e-31,1.6482510408695832e-31,1.648251040869583e-31,1.6482510408696287e-31,1.6482640679944066e-31,1.6482640679944064e-31,1.6482640679944064e-31,1.6482640679944064e-31,1.6482640679944066e-31,1.6482640679944165e-31,1.6482640679944165e-31,1.6482618477361062e-31,1.648261847736106e-31,1.648261847736106e-31,1.6482054733637688e-31,1.6482091354842465e-31,1.6482091354842454e-31,1.6482091354843124e-31,1.6482091354843115e-31,1.648209135484312e-31,1.6482091354843115e-31,1.6482091354843117e-31,1.6482091354843115e-31,1.6482091354844343e-31,1.6482062473045251e-31,1.6482080021690637e-31,1.6482085072347528e-31,1.6482071172134735e-31,1.6482071172134732e-31,1.6482071172134732e-31,1.6482071172133215e-31,1.64820711721332e-31,1.64820711721332e-31,1.64820711721332e-31,1.6482022881108305e-31,1.6482022881108305e-31,1.6482022881108305e-31,1.6482022881108305e-31,1.6482022881108305e-31,1.6482022881108307e-31,1.6481862682095165e-31,1.6481862682095167e-31,1.6481862682095163e-31,1.6481862682096601e-31,1.64818626820966e-31,1.6481862682096601e-31,1.64818626820966e-31,1.6481862682096601e-31,1.6481862682096603e-31,1.6481780890767602e-31,1.6481780890764666e-31,1.6481778596991097e-31,1.6481778596991095e-31,1.6481778596991093e-31,1.648177859698953e-31,1.648177859698953e-31,1.6481778596989527e-31,1.6481778596989525e-31,1.6482605973493178e-31,1.6482605973493178e-31,1.6482605973493175e-31,1.6482549990853425e-31,1.6482549990853425e-31,1.6482546621881734e-31,1.6483320357973959e-31,1.648330682271794e-31,1.6485063958146468e-31,1.648507818798094e-31,1.6485078008889112e-31,1.6484890841717543e-31,1.6484890841717547e-31,1.6484890841717543e-31,1.6484890841717543e-31,1.6484890841717538e-31,1.6484890841717545e-31,1.6485029910067952e-31,1.6485029910067956e-31,1.6485029910067952e-31,1.6485040958238328e-31,1.6485101369432757e-31,1.6485100029804808e-31,1.6485100029804808e-31,1.6485100029804806e-31,1.6485103983228135e-31,1.648510464539943e-31,1.6485086339219565e-31,1.648507852462921e-31,1.648507852462921e-31,1.648517208975762e-31,1.6485166157014954e-31,1.6485166157014954e-31,1.6485166157014954e-31,1.6485109903158482e-31,1.6484969905719119e-31,1.6484969905719114e-31,1.648496990571911e-31,1.6484969905714755e-31,1.6484969905714757e-31,1.6484969905714757e-31,1.648496990571475e-31,1.6484969759158096e-31,1.6484969759158098e-31,1.6484969563602948e-31,1.6484969563604123e-31,1.6484969563604121e-31,1.648496956360412e-31,1.6485086944357016e-31,1.6485141840744109e-31,1.648514244030274e-31,1.6485110976940606e-31,1.6485135294655682e-31,1.6485135294655684e-31,1.6485135294655684e-31,1.6485135294655682e-31,1.6485135294655682e-31,1.6485135294655684e-31,1.6485135294684974e-31,1.6485135294684976e-31,1.648502730521515e-31,1.6484999147833132e-31,1.648499914783314e-31,1.6484999147833135e-31,1.6484999147833135e-31,1.648499914783313e-31,1.6484888511740834e-31,1.648488467002721e-31,1.6484884670027214e-31,1.6484884669933833e-31,1.648488466993384e-31,1.648488466992713e-31,1.6485127573185543e-31,1.6484955915200484e-31,1.6484955915200482e-31,1.6484762292123272e-31,1.6484762292123276e-31,1.6484762292123276e-31,1.6484762292128135e-31,1.648481530452431e-31,1.6484815304524311e-31,1.648481530452431e-31,1.6484811765056921e-31,1.648481176505692e-31,1.648481176505692e-31,1.648481176505692e-31,1.6484331933104749e-31,1.648433193310475e-31,1.6484331933100972e-31,1.6484331933101324e-31,1.6484331933103008e-31,1.6484331933106192e-31,1.6484331933106192e-31,1.6484331933106196e-31,1.648432663637602e-31,1.6484326636367024e-31,1.6484352625920336e-31,1.6484352625918843e-31,1.6484352625918845e-31,1.6484305138000053e-31,1.6484305138000057e-31,1.648430513800005e-31,1.648430513800005e-31,1.6484305138002915e-31,1.6484305106001385e-31,1.648430510600138e-31,1.648430510600138e-31,1.6484320611511048e-31,1.6484320611511046e-31,1.6484320611511046e-31,1.6484277360319695e-31,1.6484277360319697e-31,1.6484272507968876e-31,1.648411967846532e-31,1.6417603192450488e-31,1.6417603192450494e-31,1.6417603192450494e-31,1.6417603192450492e-31,1.6417603192450494e-31,1.6417603192450562e-31,1.6417603192450564e-31,1.6417528502044019e-31,1.6417528502044019e-31,1.6417528502044019e-31,1.6417528502044016e-31,1.6417528502044016e-31,1.641748409664678e-31,1.641748435816284e-31,1.6417489282612003e-31,1.6417489282629894e-31,1.6417489282629892e-31,1.641748928263041e-31,1.6417489282630415e-31,1.6417489282629364e-31,1.6417637201481704e-31,1.6418640504154261e-31,1.641858555089619e-31,1.6418585550896191e-31,1.6418432646453356e-31,1.6418432646453358e-31,1.6418432646453354e-31,1.641878608528274e-31,1.641878608528274e-31,1.6418786085277327e-31,1.6417960152089162e-31,1.6417960152089173e-31,1.6417960152089167e-31,1.6417960152092295e-31,1.6417960152092287e-31,1.6417960152092293e-31,1.6417960152092284e-31,1.6415040443588605e-31,1.6415040443588603e-31,1.641504239957269e-31,1.6415042399572688e-31,1.6415042399572688e-31,1.6415042399572688e-31,1.6414269074849569e-31,1.6414264631283178e-31,1.6414264631278368e-31,1.6414329918282982e-31,1.6414189021125901e-31,1.6414189021125901e-31,1.6414342804172946e-31,1.641454186317447e-31,1.6414541844538225e-31,1.641454184453822e-31,1.641454184453822e-31,1.6414541844538223e-31,1.6414541844538223e-31,1.6414541844538227e-31,1.6414543301974254e-31,1.641416035887833e-31,1.6414160358878324e-31,1.6414160358878326e-31,1.6414186894475108e-31,1.641476375046498e-31,1.641476375046498e-31,1.6414763750464985e-31,1.6414763750466846e-31,1.6414763750458138e-31,1.641476375045814e-31,1.6414763750458138e-31,1.6414763750458143e-31,1.6414763750457564e-31,1.6414763750457567e-31,1.6414763750457562e-31,1.641476375045757e-31,1.6414763750457564e-31,1.64147209400143e-31,1.6414720940015822e-31,1.6414720940015822e-31,1.6414720940015827e-31,1.6414720940015825e-31,1.6415219810485296e-31,1.6415219810511306e-31,1.6415180466490855e-31,1.6415180466490855e-31,1.6415180466490858e-31,1.641518046647767e-31,1.641518046647767e-31,1.6415361180143906e-31,1.6415361180143903e-31,1.6415361180144996e-31,1.6415361180144994e-31,1.6415361180144996e-31,1.6415361180142658e-31,1.6415361180142655e-31,1.641536118014266e-31,1.6416010627311892e-31,1.6416010627311892e-31,1.6416010627315858e-31,1.6416039564505747e-31,1.6416394032457982e-31,1.6416394032457982e-31,1.6416370637957538e-31,1.6416370637951466e-31,1.6416392762607906e-31,1.6416392762607904e-31,1.6416393478260427e-31,1.6416393478260427e-31,1.641639347826042e-31,1.6416393478260425e-31,1.641644807842258e-31,1.641644807842258e-31,1.6416448078422578e-31,1.6416448078422578e-31,1.6416448078422575e-31,1.641644807842258e-31,1.641644807842258e-31,1.641647121039012e-31,1.641647121038994e-31,1.6416571138916834e-31,1.6416571138916836e-31,1.641657113891683e-31,1.6416571138916834e-31,1.6416571138916832e-31,1.6416571138916836e-31,1.6416571138916832e-31,1.6416571138916838e-31,1.6416571138916836e-31,1.6416571138916832e-31,1.6416571138916832e-31,1.6416571138963622e-31,1.6416571138963622e-31,1.6416571138948967e-31,1.641657113894897e-31,1.6416571138948974e-31,1.641657113895139e-31,1.641657113895139e-31,1.6417508698856249e-31,1.641750869885625e-31,1.641750869885625e-31,1.6417508698856253e-31,1.6417508698856255e-31,1.6418627025409436e-31,1.6421164488692893e-31,1.642116448869289e-31,1.6421226509174315e-31,1.6421226509174312e-31,1.6427675984371535e-31,1.6427652653993726e-31,1.6427652653993724e-31,1.6427650248781317e-31,1.6427650248781312e-31,1.6428304319171495e-31,1.6428304319171502e-31,1.6429544964476296e-31,1.6429544964492921e-31,1.642954496449292e-31,1.6429544964492917e-31,1.6429544964492917e-31,1.6429544964492917e-31,1.6429544900880533e-31,1.6429544900880529e-31,1.6429544900880524e-31,1.6429544900880524e-31,1.6429544900880524e-31,1.6429544900874116e-31,1.6429544900874116e-31,1.6429544900874118e-31,1.6429544900874118e-31,1.6427775776150418e-31,1.6427775776124043e-31,1.6429290294852986e-31,1.6429247448294764e-31,1.6429247448239741e-31,1.6429247448239741e-31,1.6429045234090454e-31,1.6429045234090452e-31,1.6429045234090447e-31,1.6429045234071094e-31,1.6429045234071092e-31,1.6429045234071096e-31,1.6429045234071094e-31,1.6429047570997448e-31,1.6429047570997446e-31,1.6429047571037147e-31,1.6429047571037147e-31,1.6429047571037149e-31,1.6429482868012235e-31,1.6429482868012238e-31,1.642948286803963e-31,1.642948286803963e-31,1.6429482868039635e-31,1.6429394062776695e-31,1.6429280107277038e-31,1.6429210446361405e-31,1.6429210446378372e-31,1.6429210446378372e-31,1.6429210446378372e-31,1.6429210446378367e-31,1.6429210446378372e-31,1.642921044635506e-31,1.6429425168121929e-31,1.6429425168121927e-31,1.6429425168121924e-31,1.6429425168120182e-31,1.6429425168120177e-31,1.6429511747008098e-31,1.64295117470081e-31,1.6429511747008107e-31,1.6429511746996132e-31,1.6429511746996139e-31,1.642951174699614e-31,1.6429511746996139e-31,1.6429511747001869e-31,1.642951174700187e-31,1.6429511747003415e-31,1.642951174700341e-31,1.6429511747003415e-31,1.6429511747003412e-31,1.6429511747003415e-31,1.642877857177104e-31,1.6428778571757784e-31,1.6428778571757784e-31,1.6428778571757784e-31,1.642880051918942e-31,1.6428800028849745e-31,1.6428800028847315e-31,1.642880002884731e-31,1.642863392427722e-31,1.642815778429567e-31,1.642709549063874e-31,1.642709549063874e-31,1.642709549063874e-31,1.6427095490638737e-31,1.6427095490638746e-31,1.6427095490638744e-31,1.6427095490648124e-31,1.6427095490648122e-31,1.6426038827683077e-31,1.6426038827683083e-31,1.6425308392232123e-31,1.6425308392232128e-31,1.642530839223213e-31,1.642530839223213e-31,1.6425355693283319e-31,1.6425355693283312e-31,1.6425370392223886e-31,1.6425370392223886e-31,1.642639115564799e-31,1.642639115564783e-31,1.642639115564783e-31,1.642634772992739e-31,1.642640911941341e-31,1.6426282207254649e-31,1.6426282207259866e-31,1.6426282207259866e-31,1.642628220725986e-31,1.643083134974553e-31,1.6430259402783402e-31,1.64302594027834e-31,1.6430259402783395e-31,1.6430259402784313e-31,1.6430464895505503e-31,1.6430464895505503e-31,1.643046489550801e-31,1.6430464895509727e-31,1.6430464895509727e-31,1.6430464895509725e-31,1.6430457732228264e-31,1.6430457732228264e-31,1.6430358914001007e-31,1.6430358914001009e-31,1.6430358914008558e-31,1.643035891400856e-31,1.6430358914008563e-31,1.6430358914008296e-31,1.6430358914008293e-31,1.6430358914008291e-31,1.6430058654568653e-31,1.6430058654559575e-31,1.6430436187093832e-31,1.643037317930047e-31,1.643037317929215e-31,1.6430373179292145e-31,1.643037317929214e-31,1.643037317929214e-31,1.6430373179292147e-31,1.6430088228985424e-31,1.6430088228985422e-31,1.6430088228985426e-31,1.6430088228985424e-31,1.6430088228985422e-31,1.6430088228985422e-31,1.6430088228985424e-31,1.643008822898542e-31,1.643008822898542e-31,1.6430088228985422e-31,1.6430088228985424e-31,1.643008822898542e-31,1.643008822898567e-31,1.643008822898695e-31,1.643008822898695e-31,1.6429966657274403e-31,1.64299666572744e-31,1.64299666572744e-31,1.6429930174563794e-31,1.6429930174562548e-31,1.642993017456255e-31,1.6429930174562546e-31,1.6429930174562552e-31,1.6429930174562552e-31,1.642993017456511e-31,1.6429930174565112e-31,1.643011674795766e-31,1.643009807183961e-31,1.6430098071839613e-31,1.6431110640947036e-31,1.6431110640950682e-31,1.6431110640950682e-31,1.6431110640950684e-31,1.643111064095068e-31,1.6432889157874902e-31,1.6432889157874904e-31,1.6433407298070068e-31,1.6433413699208151e-31,1.6433413699208153e-31,1.6433413699208151e-31,1.6433413699208151e-31,1.6433422137759346e-31,1.6433422137759348e-31,1.6433422137759346e-31,1.6433422137759346e-31,1.6433538771611097e-31,1.6432419969012695e-31,1.6431766389997754e-31,1.6431766389991378e-31,1.6431766389991378e-31,1.643330405917555e-31,1.6433304059175545e-31,1.643293678285406e-31,1.6432936782854058e-31,1.6432936782854056e-31,1.6432936769177971e-31,1.6432929363884517e-31,1.64329391603949e-31,1.6432939153303495e-31,1.643292211753069e-31,1.6432922117530685e-31,1.64338249613755e-31,1.6433825048661375e-31,1.6433810934174925e-31,1.6433809416116695e-31,1.6433809416116693e-31,1.6433809389020582e-31,1.6433809389020577e-31,1.643380853601433e-31,1.6433796958482342e-31,1.6433796954784083e-31,1.6433796942317598e-31,1.6433796942317598e-31,1.6433794268163568e-31,1.6433794268163568e-31,1.6433786028352236e-31,1.6433786028352234e-31,1.643378603965322e-31,1.6433784044775262e-31,1.6433784610115033e-31,1.6433784604562112e-31,1.6434678142640356e-31,1.6434632510954416e-31,1.6434860229627806e-31,1.6434860229627806e-31,1.6434860229627804e-31,1.6434876487253033e-31,1.6434876482139058e-31,1.6434927758661678e-31,1.6434927748829075e-31,1.6434927722233519e-31,1.6434927663579627e-31,1.643490611003357e-31,1.643490611003357e-31,1.6434864746795509e-31,1.6434332151702723e-31,1.643433215170303e-31,1.6434332151703027e-31,1.6434659414446076e-31,1.6434659414446078e-31,1.6434659414446074e-31,1.6434694054753748e-31,1.643469405475323e-31,1.6434731866023939e-31,1.6434843927064315e-31,1.6434843927064313e-31,1.6434843927064313e-31,1.6434824793343551e-31,1.643475696007157e-31,1.6434752129986504e-31,1.643475212998651e-31,1.6435561190606135e-31,1.6435561190606862e-31,1.6435561190608276e-31,1.643556119060828e-31,1.6435561190607589e-31,1.643556119060759e-31,1.6435561190607589e-31,1.6435567770959782e-31,1.6435567770958687e-31,1.6435590389736577e-31,1.643559038973658e-31,1.6435590389735623e-31,1.6435590389734775e-31,1.6435590389734775e-31,1.6435590389734775e-31,1.6435590389738158e-31,1.6435587213436428e-31,1.6436150324576573e-31,1.643615032457658e-31,1.6436150324576573e-31,1.643615032457658e-31,1.6436150324576576e-31,1.6436192725607777e-31,1.6436192725607779e-31,1.643619272560778e-31,1.643619272560863e-31,1.6436192725604348e-31,1.6436161792920582e-31,1.6436161792920584e-31,1.6436161792920584e-31,1.643614838416669e-31,1.6436148384168646e-31,1.643614838416865e-31,1.6436199629457204e-31,1.6436199629457206e-31,1.6436093501064794e-31,1.6436093501064295e-31,1.6436093501067258e-31,1.643610072877215e-31,1.643610072877215e-31,1.6436100728772605e-31,1.6436102189607433e-31,1.643610823951874e-31,1.643585482435308e-31,1.643585482435308e-31,1.6435854824353082e-31,1.6435854824353085e-31,1.6435854824353085e-31,1.6435854824353087e-31,1.6435854824341924e-31,1.6435854824342384e-31,1.6435854824340536e-31,1.6435854824340534e-31,1.6435854824340539e-31,1.6435854824340536e-31,1.6435854824340534e-31,1.6435854824344329e-31,1.6435854824346363e-31,1.6435854824346363e-31,1.6435854824346356e-31,1.6435854824346356e-31,1.6435826940564342e-31,1.6435866573132344e-31,1.6435867376632176e-31,1.6435834277718424e-31,1.6435834277718424e-31,1.643591374725628e-31,1.6435913747258405e-31,1.6435913747258405e-31,1.6435913747259232e-31,1.6435913747259232e-31,1.6435913747259237e-31,1.6435913747259232e-31,1.6435746008661487e-31,1.6435851159353553e-31,1.6435851159353557e-31,1.6435851159353555e-31,1.643587267554619e-31,1.643591058082442e-31,1.6435910580824417e-31,1.6435910580824415e-31,1.6435910580824417e-31,1.6435910580824423e-31,1.6435910580824426e-31,1.6435910580824428e-31,1.6435911854713424e-31,1.6435911854337196e-31,1.6435905921383199e-31,1.6435907349930036e-31,1.6435907349930036e-31,1.6435907349207238e-31,1.6435906750175498e-31,1.6435956996622493e-31,1.643595699662839e-31,1.6435956996759998e-31,1.6435953108732642e-31,1.6435953108182977e-31,1.6435953108182977e-31,1.6435953108459781e-31,1.6435953108459788e-31,1.6435951650683471e-31,1.6435952610777038e-31,1.6435952610777031e-31,1.64359526109285e-31,1.6435952611033406e-31,1.6435952611033403e-31,1.6435952611033406e-31,1.643595261103341e-31,1.6435952610380267e-31,1.6435952610558937e-31,1.6435952611126406e-31,1.6435952611126404e-31,1.64359526111264e-31,1.6435952612282663e-31,1.643595261181487e-31,1.643595261181487e-31,1.6435951859173544e-31,1.6435951859395674e-31,1.643595185871928e-31,1.6435952300557882e-31,1.643595219121616e-31,1.643595219062775e-31,1.6435952190627747e-31,1.6435951428104376e-31,1.6435951428104374e-31,1.6435940227368315e-31,1.6435941320024699e-31,1.6435941320434182e-31,1.643594132043419e-31,1.6435941321687677e-31,1.6435941322892228e-31,1.6435941323203146e-31,1.6435941323203146e-31,1.6435941322863528e-31,1.643594132285083e-31,1.6435941322625014e-31,1.6435941322625012e-31,1.643594132262501e-31,1.6435941322625012e-31,1.643594132262501e-31,1.6435941327024478e-31,1.6435837115913818e-31,1.64364629147288e-31,1.6436475772966433e-31,1.6436477229773182e-31,1.6436502461127273e-31,1.6436502461127273e-31,1.6436502461127273e-31,1.6436242381659602e-31,1.6436263781529801e-31,1.6437460037931345e-31,1.64374600385232e-31,1.6437460037809856e-31,1.6437460037809856e-31,1.6437460037809856e-31,1.6437460037809856e-31
3,0.10945612414928066,0.10945612414928066,0.10945612414928066,0.10945612414928066,0.10945612414928066,0.10945612414928066,0.10945612414928066,0.10945612414928066,0.10945612414928066,0.10945612414928066,0.10945612414928066,0.10945612414928066,0.10945612414928066,0.10945612414928066,0.10945612414928066,0.10945612414928066,0.10945612414928066,0.10945612414928066,0.10945612414928066,0.10945612414928066,0.10945612414928066,0.10945612414928066,0.10945612414928066,0.10945612414928066,0.10945612414928066,0.10945612414928066,0.10945612414928066,0.10945612414928066,0.10945612414928066,0.10945612414928066,0.10945612414928066,0.10945612414928066,0.10945612414928066,0.10945612414928066,0.10945612414928066,0.10945612414928066,0.10945612414928066,0.10945612414928066,0.10945612414928066,0.10945612414928066,0.10945612414928066,0.10945612414928066,0.10945612414928066,0.10945612414928066,0.10945612414928066,0.10945612414928066,0.10945612414928066,0.10945612414928066,0.10945612414928066,0.10945612414928066,0.10945612414928066,0.10945612414928066,0.10945612414928066,0.10945612414928066,0.10945612414928066,0.10945612414928066,0.10945612414928066,0.10945612414928066,0.10945612414928066,0.10945612414928066,0.10945612414928066,0.10945612414928066,0.10945612414928066,0.10945612414928066,0.10945612414928066,0.10945612414928066,0.10945612414928066,0.10945612414928066,0.10945612414928066,0.10945612414928066,0.10945612414928066,0.10945612414928066,0.10945612414928066,0.10945612414928066,0.10945612414928066,0.10945612414928066,0.10945612414928066,0.10945612414928066,0.10945612414928066,0.10945612414928066,0.10945612414928066,0.10945612414928066,0.10945612414928066,0.10945612414928066,0.10945612414928066,0.10945612414928066,0.10945612414928066,0.10945612414928066,0.10945612414928066,0.10945612414928066,0.10945612414928066,0.10945612414928066,0.10945612414928066,0.10945612414928066,0.10945612414928066,0.10945612414928066,0.10945612414928066,0.10945612414928066,0.10945612414928066,0.10945612414928066,0.10945612414928066,0.10945612414928066,0.10945612414928066,0.10945612414928066,0.10945612414928066,0.10945612414928066,0.10945612414928066,0.10945612414928066,0.10945612414928066,0.10945612414928066,0.10945612414928066,0.10945612414928066,0.10945612414928066,0.10945612414928066,0.10945612414928066,0.10945612414928066,0.10945612414928066,0.10945612414928066,0.10945612414928066,0.10945612414928066,0.10945612414928066,0.10945612414928066,0.10945612414928066,0.10945612414928066,0.10945612414928066,0.10945612414928066,0.10945612414928066,0.10945612414928066,0.10945612414928066,0.10945612414928066,0.10945612414928066,0.10945612414928066,0.10945612414928066,0.10945612414928066,0.10945612414928066,0.10945612414928066,0.10945612414928066,0.10945612414928066,0.10945612414928066,0.10945612414928066,0.10945612414928066,0.10945612414928066,0.10945612414928066,0.10945612414928066,0.10945612414928066,0.10945612414928066,0.10945612414928066,0.10945612414928066,0.10945612414928066,0.10945612414928066,0.10945612414928066,0.10945612414928066,0.10945612414928066,0.10945612414928066,0.10945612414928066,0.10945612414928066,0.10945612414928066,0.10945612414928066,0.10945612414928066,0.10945612414928066,0.10945612414928066,0.10945612414928066,0.10945612414928066,0.10945612414928066,0.10945612414928066,0.10945612414928066,0.10945612414928066,0.10945612414928066,0.10945612414928066,0.10945612414928066,0.10945612414928066,0.10945612414928066,0.10945612414928066,0.10945612414928066,0.10945612414928066,0.10945612414928066,0.10945612414928066,0.10945612414928066,0.10945612414928066,0.10945612414928066,0.10945612414928066,0.10945612414928066,0.10945612414928066,0.10945612414928066,0.10945612414928066,0.10945612414928066,0.10945612414928066,0.10945612414928066,0.10945612414928066,0.10945612414928066,0.10945612414928066,0.10945612414928066,0.10945612414928066,0.10945612414928066,0.10945612414928066,0.10945612414928066,0.10945612414928066,0.10945612414928066,0.10945612414928066,0.10945612414928066,0.10945612414928066,0.10945612414928066,0.10945612414928066,0.10945612414928066,0.10945612414928066,0.10945612414928066,0.10945612414928066,0.10945612414928066,0.10945612414928066,0.10945612414928066,0.10945612414928066,0.10945612414928066,0.10945612414928066,0.10945612414928066,0.10945612414928066,0.10945612414928066,0.10945612414928066,0.10945612414928066,0.10945612414928066,0.10945612414928066,0.10945612414928066,0.10945612414928066,0.10945612414928066,0.10945612414928066,0.10945612414928066,0.10945612414928066,0.10945612414928066,0.10945612414928066,0.10945612414928066,0.10945612414928066,0.10945612414928066,0.10945612414928066,0.10945612414928066,0.10945612414928066,0.10945612414928066,0.10945612414928066,0.10945612414928066,0.10945612414928066,0.10945612414928066,0.10945612414928066,0.10945612414928066,0.10945612414928066,0.10945612414928066,0.10945612414928066,0.10945612414928066,0.10945612414928066,0.10945612414928066,0.10945612414928066,0.10945612414928066,0.10945612414928066,0.10945612414928066,0.10945612414928066,0.10945612414928066,0.10945612414928066,0.10945612414928066,0.10945612414928066,0.10945612414928066,0.10945612414928066,0.10945612414928066,0.10945612414928066,0.10945612414928066,0.10945612414928066,0.10945612414928066,0.10945612414928066,0.10945612414928066,0.10945612414928066,0.10945612414928066,0.10945612414928066,0.10945612414928066,0.10945612414928066,0.10945612414928066,0.10945612414928066,0.10945612414928066,0.10945612414928066,0.10945612414928066,0.10945612414928066,0.10945612414928066,0.10945612414928066,0.10945612414928066,0.10945612414928066,0.10945612414928066,0.10945612414928066,0.10945612414928066,0.10945612414928066,0.10945612414928066,0.10945612414928066,0.10945612414928066,0.10945612414928066,0.10945612414928066,0.10945612414928066,0.10945612414928066,0.10945612414928066,0.10945612414928066,0.10945612414928066,0.10945612414928066,0.10945612414928066,0.10945612414928066,0.10945612414928066,0.10945612414928066,0.10945612414928066,0.10945612414928066,0.10945612414928066,0.10945612414928066,0.10945612414928066,0.10945612414928066,0.10945612414928066,0.10945612414928066,0.10945612414928066,0.10945612414928066,0.10945612414928066,0.10945612414928066,0.10945612414928066,0.10945612414928066,0.10945612414928066,0.10945612414928066,0.10945612414928066,0.10945612414928066,0.10945612414928066,0.10945612414928066,0.10945612414928066,0.10945612414928066,0.10945612414928066,0.10945612414928066,0.10945612414928066,0.10945612414928066,0.10945612414928066,0.10945612414928066,0.10945612414928066,0.10945612414928066,0.10945612414928066,0.10945612414928066,0.10945612414928066,0.10945612414928066,0.10945612414928066,0.10945612414928066,0.10945612414928066,0.10945612414928066,0.10945612414928066,0.10945612414928066,0.10945612414928066,0.10945612414928066,0.10945612414928066,0.10945612414928066,0.10945612414928066,0.10945612414928066,0.10945612414928066,0.10945612414928066,0.10945612414928066,0.10945612414928066,0.10945612414928066,0.10945612414928066,0.10945612414928066,0.10945612414928066,0.10945612414928066,0.10945612414928066,0.10945612414928066,0.10945612414928066,0.10945612414928066,0.10945612414928066,0.10945612414928066,0.10945612414928066,0.10945612414928066,0.10945612414928066,0.10945612414928066,0.10945612414928066,0.10945612414928066,0.10945612414928066,0.10945612414928066,0.10945612414928066,0.10945612414928066,0.10945612414928066,0.10945612414928066,0.10945612414928066,0.10945612414928066,0.10945612414928066,0.10945612414928066,0.10945612414928066,0.10945612414928066,0.10945612414928066,0.10945612414928066,0.10945612414928066,0.10945612414928066,0.10945612414928066,0.10945612414928066,0.10945612414928066,0.10945612414928066,0.10945612414928066,0.10945612414928066,0.10945612414928066,0.10945612414928066,0.10945612414928066,0.10945612414928066,0.10945612414928066,0.10945612414928066,0.10945612414928066,0.10945612414928066,0.10945612414928066,0.10945612414928066,0.10945612414928066,0.10945612414928066,0.10945612414928066,0.10945612414928066,0.10945612414928066,0.10945612414928066,0.10945612414928066,0.10945612414928066,0.10945612414928066,0.10945612414928066,0.10945612414928066,0.10945612414928066,0.10945612414928066,0.10945612414928066,0.10945612414928066,0.10945612414928066,0.10945612414928066,0.10945612414928066,0.10945612414928066,0.10945612414928066,0.10945612414928066,0.10945612414928066,0.10945612414928066,0.10945612414928066,0.10945612414928066,0.10945612414928066,0.10945612414928066,0.10945612414928066,0.10945612414928066,0.10945612414928066,0.10945612414928066,0.10945612414928066,0.10945612414928066,0.10945612414928066,0.10945612414928066,0.10945612414928066,0.10945612414928066,0.10945612414928066,0.10945612414928066,0.10945612414928066,0.10945612414928066,0.10945612414928066,0.10945612414928066,0.10945612414928066,0.10945612414928066,0.10945612414928066,0.10945612414928066,0.10945612414928066,0.10945612414928066,0.10945612414928066,0.10945612414928066,0.10945612414928066,0.10945612414928066,0.10945612414928066,0.10945612414928066,0.10945612414928066,0.10945612414928066,0.10945612414928066,0.10945612414928066,0.10945612414928066,0.10945612414928066,0.10945612414928066,0.10945612414928066,0.10945612414928066,0.10945612414928066,0.10945612414928066,0.10945612414928066,0.10945612414928066,0.10945612414928066,0.10945612414928066,0.10945612414928066,0.10945612414928066,0.10945612414928066,0.10945612414928066,0.10945612414928066,0.10945612414928066,0.10945612414928066,0.10945612414928066,0.10945612414928066,0.10945612414928066,0.10945612414928066,0.10945612414928066,0.10945612414928066,0.10945612414928066,0.10945612414928066,0.10945612414928066,0.10945612414928066,0.10945612414928066,0.10945612414928066,0.10945612414928066,0.10945612414928066,0.10945612414928066,0.10945612414928066,0.10945612414928066,0.10945612414928066,0.10945612414928066,0.10945612414928066,0.10945612414928066,0.10945612414928066,0.10945612414928066,0.10945612414928066,0.10945612414928066,0.10945612414928066,0.10945612414928066,0.10945612414928066,0.10945612414928066,0.10945612414928066,0.10945612414928066,0.10945612414928066,0.10945612414928066,0.10945612414928066,0.10945612414928066,0.10945612414928066,0.10945612414928066,0.10945612414928066,0.10945612414928066,0.10945612414928066,0.10945612414928066,0.10945612414928066,0.10945612414928066,0.10945612414928066,0.10945612414928066,0.10945612414928066,0.10945612414928066,0.10945612414928066,0.10945612414928066,0.10945612414928066,0.10945612414928066,0.10945612414928066,0.10945612414928066,0.10945612414928066,0.10945612414928066,0.10945612414928066,0.10945612414928066,0.10945612414928066,0.10945612414928066,0.10945612414928066,0.10945612414928066,0.10945612414928066,0.10945612414928066,0.10945612414928066,0.10945612414928066,0.10945612414928066,0.10945612414928066,0.10945612414928066,0.10945612414928066,0.10945612414928066,0.10945612414928066,0.10945612414928066,0.10945612414928066,0.10945612414928066,0.10945612414928066,0.10945612414928066,0.10945612414928066,0.10945612414928066,0.10945612414928066,0.10945612414928066,0.10945612414928066,0.10945612414928066,0.10945612414928066,0.10945612414928066,0.10945612414928066,0.10945612414928066,0.10945612414928066,0.10945612414928066,0.10945612414928066,0.10945612414928066,0.10945612414928066,0.10945612414928066,0.10945612414928066,0.10945612414928066,0.10945612414928066,0.10945612414928066,0.10945612414928066,0.10945612414928066,0.10945612414928066,0.10945612414928066,0.10945612414928066,0.10945612414928066,0.10945612414928066,0.10945612414928066,0.10945612414928066,0.10945612414928066,0.10945612414928066,0.10945612414928066,0.10945612414928066,0.10945612414928066,0.10945612414928066,0.10945612414928066,0.10945612414928066,0.10945612414928066,0.10945612414928066,0.10945612414928066,0.10945612414928066,0.10945612414928066,0.10945612414928066,0.10945612414928066,0.10945612414928066,0.10945612414928066,0.10945612414928066,0.10945612414928066,0.10945612414928066,0.10945612414928066,0.10945612414928066,0.10945612414928066,0.10945612414928066,0.10945612414928066,0.10945612414928066,0.10945612414928066,0.10945612414928066,0.10945612414928066,0.10945612414928066,0.10945612414928066,0.10945612414928066,0.10945612414928066,0.10945612414928066,0.10945612414928066,0.10945612414928066,0.10945612414928066,0.10945612414928066,0.10945612414928066,0.10945612414928066,0.10945612414928066,0.10945612414928066,0.10945612414928066,0.10945612414928066,0.10945612414928066,0.10945612414928066,0.10945612414928066,0.10945612414928066,0.10945612414928066,0.10945612414928066,0.10945612414928066,0.10945612414928066,0.10945612414928066,0.10945612414928066,0.10945612414928066,0.10945612414928066,0.10945612414928066,0.10945612414928066,0.10945612414928066,0.10945612414928066,0.10945612414928066,0.10945612414928066,0.10945612414928066,0.10945612414928066,0.10945612414928066,0.10945612414928066,0.10945612414928066,0.10945612414928066,0.10945612414928066,0.10945612414928066,0.10945612414928066,0.10945612414928066,0.10945612414928066,0.10945612414928066,0.10945612414928066,0.10945612414928066,0.10945612414928066,0.10945612414928066,0.10945612414928066,0.10945612414928066,0.10945612414928066,0.10945612414928066,0.10945612414928066,0.10945612414928066,0.10945612414928066,0.10945612414928066,0.10945612414928066,0.10945612414928066,0.10945612414928066,0.10945612414928066,0.10945612414928066,0.10945612414928066,0.10945612414928066,0.10945612414928066,0.10945612414928066,0.10945612414928066,0.10945612414928066,0.10945612414928066,0.10945612414928066,0.10945612414928066,0.10945612414928066,0.10945612414928066,0.10945612414928066,0.10945612414928066,0.10945612414928066,0.10945612414928066,0.10945612414928066,0.10945612414928066,0.10945612414928066,0.10945612414928066,0.10945612414928066,0.10945612414928066,0.10945612414928066,0.10945612414928066,0.10945612414928066,0.10945612414928066,0.10945612414928066,0.10945612414928066,0.10945612414928066,0.10945612414928066,0.10945612414928066,0.10945612414928066,0.10945612414928066,0.10945612414928066,0.10945612414928066,0.10945612414928066,0.10945612414928066,0.10945612414928066,0.10945612414928066,0.10945612414928066,0.10945612414928066,0.10945612414928066,0.10945612414928066,0.10945612414928066,0.10945612414928066,0.10945612414928066,0.10945612414928066,0.10945612414928066,0.10945612414928066,0.10945612414928066,0.10945612414928066,0.10945612414928066,0.10945612414928066,0.10945612414928066,0.10945612414928066,0.10945612414928066,0.10945612414928066,0.10945612414928066,0.10945612414928066,0.10945612414928066,0.10945612414928066,0.10945612414928066,0.10945612414928066,0.10945612414928066,0.10945612414928066,0.10945612414928066,0.10945612414928066,0.10945612414928066,0.10945612414928066,0.10945612414928066,0.10945612414928066,0.10945612414928066,0.10945612414928066,0.10945612414928066,0.10945612414928066,0.10945612414928066,0.10945612414928066,0.10945612414928066,0.10945612414928066,0.10945612414928066,0.10945612414928066,0.10945612414928066,0.10945612414928066,0.10945612414928066,0.10945612414928066,0.10945612414928066,0.10945612414928066,0.10945612414928066,0.10945612414928066,0.10945612414928066,0.10945612414928066,0.10945612414928066,0.10945612414928066,0.10945612414928066,0.10945612414928066,0.10945612414928066,0.10945612414928066,0.10945612414928066,0.10945612414928066,0.10945612414928066,0.10945612414928066,0.10945612414928066,0.10945612414928066,0.10945612414928066,0.10945612414928066,0.10945612414928066,0.10945612414928066,0.10945612414928066,0.10945612414928066,0.10945612414928066,0.10945612414928066,0.10945612414928066,0.10945612414928066,0.10945612414928066,0.10945612414928066,0.10945612414928066,0.10945612414928066,0.10945612414928066,0.10945612414928066,0.10945612414928066,0.10945612414928066,0.10945612414928066,0.10945612414928066,0.10945612414928066,0.10945612414928066,0.10945612414928066,0.10945612414928066,0.10945612414928066,0.10945612414928066,0.10945612414928066,0.10945612414928066,0.10945612414928066,0.10945612414928066,0.10945612414928066,0.10945612414928066,0.10945612414928066,0.10945612414928066,0.10945612414928066,0.10945612414928066,0.10945612414928066,0.10945612414928066,0.10945612414928066,0.10945612414928066,0.10945612414928066,0.10945612414928066,0.10945612414928066,0.10945612414928066,0.10945612414928066,0.10945612414928066,0.10945612414928066,0.10945612414928066,0.10945612414928066,0.10945612414928066,0.10945612414928066,0.10945612414928066,0.10945612414928066,0.10945612414928066,0.10945612414928066,0.10945612414928066,0.10945612414928066,0.10945612414928066,0.10945612414928066,0.10945612414928066,0.10945612414928066,0.10945612414928066,0.10945612414928066,0.10945612414928066,0.10945612414928066,0.10945612414928066,0.10945612414928066,0.10945612414928066,0.10945612414928066,0.10945612414928066,0.10945612414928066,0.10945612414928066,0.10945612414928066,0.10945612414928066,0.10945612414928066,0.10945612414928066,0.10945612414928066,0.10945612414928066,0.10945612414928066,0.10945612414928066,0.10945612414928066,0.10945612414928066,0.10945612414928066,0.10945612414928066,0.10945612414928066,0.10945612414928066,0.10945612414928066,0.10945612414928066,0.10945612414928066,0.10945612414928066,0.10945612414928066,0.10945612414928066,0.10945612414928066,0.10945612414928066,0.10945612414928066,0.10945612414928066,0.10945612414928066,0.10945612414928066,0.10945612414928066,0.10945612414928066,0.10945612414928066,0.10945612414928066,0.10945612414928066,0.10945612414928066,0.10945612414928066,0.10945612414928066,0.10945612414928066,0.10945612414928066,0.10945612414928066,0.10945612414928066,0.10945612414928066,0.10945612414928066,0.10945612414928066,0.10945612414928066,0.10945612414928066,0.10945612414928066,0.10945612414928066,0.10945612414928066,0.10945612414928066,0.10945612414928066,0.10945612414928066,0.10945612414928066,0.10945612414928066,0.10945612414928066,0.10945612414928066,0.10945612414928066,0.10945612414928066,0.10945612414928066,0.10945612414928066,0.10945612414928066,0.10945612414928066,0.10945612414928066,0.10945612414928066,0.10945612414928066,0.10945612414928066,0.10945612414928066,0.10945612414928066,0.10945612414928066,0.10945612414928066,0.10945612414928066,0.10945612414928066,0.10945612414928066,0.10945612414928066,0.10945612414928066,0.10945612414928066,0.10945612414928066,0.10945612414928066,0.10945612414928066,0.10945612414928066,0.10945612414928066,0.10945612414928066,0.10945612414928066,0.10945612414928066,0.10945612414928066,0.10945612414928066,0.10945612414928066,0.10945612414928066,0.10945612414928066,0.10945612414928066,0.10945612414928066,0.10945612414928066,0.10945612414928066,0.10945612414928066,0.10945612414928066,0.10945612414928066,0.10945612414928066,0.10945612414928066,0.10945612414928066,0.10945612414928066,0.10945612414928066,0.10945612414928066,0.10945612414928066,0.10945612414928066,0.10945612414928066,0.10945612414928066,0.10945612414928066,0.10945612414928066,0.10945612414928066,0.10945612414928066,0.10945612414928066,0.10945612414928066,0.10945612414928066,0.10945612414928066,0.10945612414928066,0.10945612414928066,0.10945612414928066,0.10945612414928066,0.10945612414928066,0.10945612414928066,0.10945612414928066,0.10945612414928066,0.10945612414928066,0.10945612414928066,0.10945612414928066,0.10945612414928066,0.10945612414928066,0.10945612414928066,0.10945612414928066,0.10945612414928066,0.10945612414928066,0.10945612414928066,0.10945612414928066,0.10945612414928066,0.10945612414928066,0.10945612414928066,0.10945612414928066,0.10945612414928066,0.10945612414928066,0.10945612414928066,0.10945612414928066,0.10945612414928066,0.10945612414928066,0.10945612414928066,0.10945612414928066,0.10945612414928066,0.10945612414928066,0.10945612414928066,0.10945612414928066,0.10945612414928066,0.10945612414928066,0.10945612414928066,0.10945612414928066,0.10945612414928066,0.10945612414928066,0.10945612414928066,0.10945612414928066,0.10945612414928066,0.10945292577504515,0.10944962164613628,0.10944621702713654,0.10944271660378581,0.109439124533367,0.10943544449063929,0.10943167970971673,0.10942783302220947,0.10942390689190665,0.10941990344625954,0.1094158245049088,0.10941167160548973,0.10940744602693742,0.1094031488105008,0.10939878077866351,0.10939434255215504,0.10938983456522063,0.10938525707930821,0.10938061019531335,0.10937589386451359,0.10937110789831006,0.10936625197688324,0.10936132565685966,0.10935632837807636,0.10935125946952082,0.10934611815451772,0.10934090355522333,0.10933561469648545,0.10933025050911771,0.10932480983263339,0.10931929141747802,0.10931369392679553,0.10930801593775934,0.1093022559424955,0.10929641234862056,0.10929048347941599,0.10928446757365587,0.10927836278510328,0.10927216718168759,0.10926587874437267,0.10925949536572445,0.10925301484818338,0.10924643490204607,0.10923975314315744,0.10923296709031499,0.10922607416238325,0.10921907167511437,0.10921195683767172,0.10920472674884897,0.10919737839297697,0.10918990863550787,0.10918231421826662,0.10917459175435454,0.10916673772269112,0.10915874846217659,0.10915062016545622,0.10914234887226507,0.10913393046233008,0.1091253606478035,0.10911663496519934,0.10910774876680225,0.10909869721151418,0.10908947525510228,0.10908007763980737,0.10907049888326932,0.10906073326671988,0.10905077482239234,0.10904061732008839,0.109030254252842,0.10901967882161079,0.10900888391891998,0.10899786211137999,0.1089866056209857,0.1089751063051028,0.10896335563503344,0.10895134467304685,0.10893906404774352,0.10892650392761824,0.10891365399266467,0.10890050340385465,0.108887040770306,0.10887325411393513,0.1088591308313693,0.1088446576528707,0.10882982059799731,0.10881460492769869,0.10879899509251069,0.10878297467647645,0.1087665263363828,0.10874963173585293,0.1087322714737847,0.10871442500656893,0.10869607056345182,0.10867718505433614,0.10865774396922886,0.10863772126845067,0.10861708926261184,0.10859581848123989,0.10857387752880218,0.10855123292670942,0.1085278489397025,0.10850368738481893,0.10847870742089398,0.10845286531628069,0.10842611419215535,0.10839840373841192,0.10836967989873138,0.10833988452092431,0.10830895496808415,0.10827682368543633,0.10824341771700924,0.1082086581653654,0.10817245958660843,0.10813472931166174,0.10809536668341445,0.1080542621976619,0.10801129653383133,0.10796633945917716,0.10791924858744692,0.10786986796982126,0.10781802649217956,0.10776353604829916,0.10770618945335289,0.10764575805587137,0.10758198899903046,0.10751460207350952,0.10744328609406086,0.10736769472010253,0.10728744162691249,0.10720209491818694,0.10711117065275828,0.10701412533825161,0.10691034722280089,0.10679914619360688,0.10667974206990839,0.10655125106111653,0.10641267015387697,0.10626285920359192,0.10610052055055262,0.10592417608016451,0.10573214183371457,0.10552250059783926,0.10529307343652115,0.10504139193449949,0.10480633138129472,0.1045059433494524,0.10417452845777288,0.1038083877802284,0.10340357186933644,0.10295599304900278,0.10246160928650215,0.10191669527275986,0.10131820716356005,0.10066422864741228,0.0999544576021237,0.09919065989960864,0.09837699225438579,0.09752009533790507,0.09662889241034925,0.09571409284553452,0.0947874724388111,0.09386105410477417,0.09294632417052727,0.09205359223293973,0.0911915535137738,0.09036706283658183,0.08958509316561615,0.08884883354700865,0.08815987829219346,0.08751846544030153,0.0869237324316401,0.08637396686040073,0.08586683838658242,0.08539960394653556,0.0849692825713656,0.08457279890732941,0.08420709639424269,0.08386922232381756,0.08355638784893944,0.08326600653136886,0.08299571523629662,0.08274338114103144,0.08250709836795649,0.08228517734108913,0.08207612946686041,0.08187864921633622,0.08169159518599953,0.08151397127005792,0.08134490870591958,0.08118364945739845,0.08102953119227133,0.08088197391433112,0.08074046825097712,0.08060456529150162,0.08047386784714214,0.08034802298363974,0.08022671567320655,0.08010966341819958,0.07999661170956147,0.07988733019637544,0.07978160945740698,0.07967925827958913,0.07958010136180382,0.07948397737443337,0.07939073731595095,0.0793002431171671,0.0792123664517169,0.07912698771948913,0.07904399517232957,0.0789632841604993,0.0788847564793221,0.07880831979997245,0.07873388717110591,0.07866137658024383,0.07859071056579989,0.07852181587215908,0.07845462314155159,0.07838906663749234,0.07832508399545335,0.07826261599713051,0.07820160636525834,0.07814200157645021,0.07808375068985683,0.07802680518984237,0.07797111884112123,0.07791664755500936,0.07786334926564437,0.07781118381520045,0.07776011284721542,0.07771009970730522,0.07766110935057284,0.0776131082551748,0.0775660643414861,0.07751994689644671,0.07747472650265154,0.07743037497183446,0.0773868652824055,0.07734417152075193,0.07730226882602197,0.0772611333381554,0.07722074214892764,0.07718107325580692,0.07714210551843043,0.0771038186175326,0.07706619301615894,0.0770292099230229,0.07699285125786699,0.07695709961870198,0.07692193825080863,0.07688735101739363,0.07685332237179053,0.07681983733113501,0.07678688145139198,0.07675444080368567,0.07672250195183812,0.07669105193105241,0.07666007822767297,0.07662956875995766,0.07659951185981104,0.07656989625541677,0.07654071105472449,0.0765119457297393,0.07648359010157478,0.0764556343262179,0.07642806888097954,0.07640088455158281,0.07637407241985965,0.07634762385202504,0.07632153048749121,0.07629578422820146,0.07627037722844973,0.0762453018851636,0.07622055082863109,0.07619611691363577,0.07617199321099255,0.07614817299945821,0.07612464975799704,0.07610141715838428,0.07607846905813391,0.07605579949372665,0.07603340267413335,0.07601127297461235,0.07598940493077035,0.07596779323287199,0.07594643272038923,0.07592531837677675,0.075904445324462,0.07588380882004282,0.07586340424968054,0.07584322712467831,0.0758232730772396,0.07580353785640016,0.07578401732411004,0.07576470745148442,0.07574560431519452,0.07572670409400156,0.07570800306542567,0.0756894976025426,0.07567118417090457,0.07565305932557821,0.07563511970829555,0.0756173620447114,0.07559978314176546,0.07558237988514163,0.07556514923682131,0.07554808823272866,0.07553119398046063,0.07551446365710057,0.07549789450711053,0.0754814838403012,0.07546522902987218,0.07544912751052466,0.07543317677663913,0.07541737438051863,0.07540171793069297,0.07538620509028263,0.0753708335754187,0.07535560115371837,0.07534050564281117,0.0753255449089178,0.07531071686547565,0.07529601947181053,0.07528145073185367,0.07526700869290183,0.07525269144441861,0.07523849711687412,0.07522442388062461,0.07521046994482755,0.07519663355639243,0.07518291299896566,0.07516930659194791,0.07515581268954279,0.07514242967983786,0.07512915598391014,0.07511599005496492,0.07510293037749881,0.07508997546649006,0.0750771238666127,0.07506437415147686,0.07505172492289115,0.07503917481014713,0.07502672246932776,0.07501436658263504,0.07500210585773795,0.07498993902714066,0.07497786484756953,0.07496588209937786,0.07495398958596877,0.07494218613323483,0.07493047058901373,0.07491884182256063,0.07490729872403544,0.07489584020400485,0.07488446519295827,0.07487317264083869,0.07486196151658572,0.07485083080769225,0.07483977951977396,0.07482880667614966,0.07481791131743458,0.0748070925011445,0.07479634930131082,0.07478568080810619,0.07477508612748072,0.07476456438080754,0.07475411470453878,0.07474373624987007,0.0747334281824147,0.07472318968188621,0.0747130199417889,0.0747029181691185,0.07469288358406838,0.07468291541974402,0.07467301292188712,0.07466317534860388,0.07465340197030046,0.07464369206882829,0.07463404493783607,0.07462445988232459,0.07461493621840874,0.07460547327308756,0.07459607038401779,0.07458672689929467,0.07457744217723757,0.07456821558618136,0.07455904650427261,0.07454993431927119,0.07454087842835641,0.07453187823793804,0.07452293316347243,0.07451404262928196,0.0745052060683803,0.07449642292230116,0.07448769264092994,0.07447901468234241,0.07447038851264465,0.07446181360581734,0.07445328944356448,0.0744448155151649,0.0744363913173278,0.0744280163540512,0.07441969013648424,0.07441141218279167,0.07440318201802269,0.07439499917398244,0.07438686318910549,0.07437877360833345,0.07437072998299477,0.07436273187068745,0.07435477883516407,0.07434687044621978,0.07433900627958254,0.07433118591680599,0.07432340894516466,0.07431567495755108,0.0743079835523762,0.07430033433347034,0.07429272690998821,0.07428516089631436,0.07427763591197178,0.07427015158153223,0.07426270753452696,0.07425530340536234,0.07424793883323529,0.0742406134620502,0.07423332694033882,0.07422607892118122,0.0742188690621282,0.07421169702512599,0.07420456247644186,0.07419746508659146,0.07419040453026828,0.07418338048627328,0.07417639263744738,0.07416944067060419,0.07416252427646486,0.07415564314959378,0.07414879698833605,0.07414198549475565,0.0741352083745753,0.07412846533711728,0.0741217560952455,0.07411508036530894,0.07410843786708551,0.07410182832372836,0.07409525146171132,0.07408870701077688,0.07408219470388584,0.07407571427716503,0.07406926546985901,0.07406284802428163,0.07405646168576789,0.07405010620262775,0.07404378132610032,0.07403748681030867,0.07403122241221627,0.07402498789158345,0.07401878301092515,0.07401260753546907,0.0740064612331152,0.07400034387439547,0.07399425523243533,0.07398819508291361,0.07398216320402555,0.07397615937644561,0.07397018338329096,0.07396423501008549,0.07395831404472475,0.07395242027744116,0.07394655350077048,0.073940713509518,0.07393490010072659,0.07392911307364354,0.07392335222968985,0.07391761737242888,0.07391190830753576,0.07390622484276797,0.0739005667879352,0.07389493395487112,0.07388932615740482,0.07388374321133287,0.07387818493439188,0.07387265114623175,0.07386714166838883,0.07386165632426056,0.07385619493907922,0.07385075733988751,0.07384534335551286,0.07383995281654417,0.07383458555530753,0.07382924140584257,0.07382392020387966,0.07381862178681717,0.07381334599369886,0.0738080926651926,0.07380286164356789,0.07379765277267557,0.07379246589792608,0.07378730086626988,0.07378215752617633,0.0737770357276144,0.0737719353220329,0.07376685616234133,0.07376179810289092,0.07375676099945616,0.07375174470921628,0.07374674909073736,0.07374177400395457,0.07373681931015473,0.07373188487195913,0.07372697055330664,0.073722076219437,0.0737172017368745,0.073712346973412,0.07370751179809489,0.07370269608120542,0.07369789969424748,0.07369312250993153,0.07368836440215916,0.07368362524600923,0.07367890491772279,0.0736742032946892,0.07366952025543187,0.07366485567959469,0.0736602094479281,0.07365558144227612,0.07365097154556294,0.07364637964177988,0.0736418056159726,0.07363724935422877,0.07363271074366542,0.07362818967241659,0.07362368602962151,0.07361919970541278,0.07361473059090433,0.07361027857818023,0.0736058435602833,0.0736014254312036,0.07359702408586781,0.07359263942012816,0.07358827133075166,0.07358391971540967,0.07357958447266752,0.07357526550197403,0.07357096270365147,0.07356667597888618,0.07356240522971776,0.07355815035902989,0.0735539112705409,0.07354968786879415,0.07354548005914888,0.0735412877477708,0.07353711084162341,0.073532949248459,0.07352880287680964,0.07352467163597834,0.0735205554360318,0.07351645418779053,0.07351236780282124,0.07350829619342839,0.07350423927264632,0.07350019695423113,0.07349616915265295,0.07349215578308811,0.0734881567614115,0.07348417200418912,0.07348020142867044,0.07347624495278136,0.07347230249511656,0.07346837397493286,0.07346445931214167,0.0734605584273024,0.07345667124161535,0.07345279767691515,0.07344893765566396,0.07344509110094469,0.07344125793645491,0.07343743808650006,0.07343363147598736,0.07342983803041919,0.07342605767588739,0.07342229033906689,0.07341853594720951,0.07341479442813852,0.07341106571024228,0.07340734972246869,0.07340364639431954,0.07339995565584449,0.07339627743763605,0.07339261167082364,0.07338895828706836,0.07338531721855754,0.07338168839799952,0.07337807175861824,0.07337446723414835,0.07337087475882995,0.07336729426740349,0.0733637256951049,0.07336016897766072,0.07335662405128307,0.07335309085266511,0.0733495693189759,0.07334605938785632,0.07334256099741376,0.07333907408621827,0.07333559859329747,0.07333213445813226,0.07332868162065267,0.07332524002123315,0.07332180960068876,0.07331839030027017,0.07331498206166025,0.07331158482696944,0.07330819853873198,0.07330482313990153,0.0733014585738475,0.07329810478435084,0.07329476171560036,0.07329142931218868,0.07328810751910857,0.073284796281749,0.07328149554589176,0.07327820525770738,0.07327492536375185,0.07327165581096272,0.07326839654665576,0.07326514751852128,0.07326190867462094,0.073258679963384,0.07325546133360424,0.0732522527344362,0.07324905411539245,0.07324586542633955,0.07324268661749565,0.07323951763942663,0.07323635844304333,0.07323320897959809,0.07323006920068205,0.0732269390582219,0.07322381850447664,0.07322070749203495,0.07321760597381204,0.07321451390304687,0.07321143123329889,0.07320835791844564,0.07320529391267977,0.07320223917050607,0.07319919364673898,0.07319615729649952,0.07319313007521286,0.07319011193860556,0.07318710284270309,0.07318410274382676,0.07318111159859174,0.07317812936390386,0.07317515599695758,0.07317219145523321,0.07316923569649462,0.07316628867878673,0.07316335036043284,0.07316042070003263,0.07315749965645961,0.07315458718885853,0.07315168325664345,0.07314878781949534,0.07314590083735957,0.07314302227044397,0.07314015207921637,0.07313729022440252,0.07313443666698388,0.07313159136819551,0.07312875428952378,0.07312592539270452,0.07312310463972056,0.07312029199280011,0.07311748741441441,0.0731146908672757,0.07311190231433527,0.07310912171878171,0.07310634904403855,0.07310358425376245,0.07310082731184155,0.07309807818239333,0.07309533682976226,0.07309260321851901,0.07308987731345777,0.0730871590795946,0.07308444848216573,0.0730817454866259,0.07307905005864614,0.07307636216411238,0.07307368176912363,0.07307100883999029,0.0730683433432324,0.07306568524557779,0.07306303451396083,0.0730603911155204,0.07305775501759831,0.07305512618773795,0.07305250459368225,0.07304989020337255,0.0730472829849467,0.07304468290673757,0.07304208993727171,0.07303950404526745,0.07303692519963388,0.07303435336946888,0.07303178852405769,0.07302923063287187,0.07302667966556754,0.07302413559198373,0.07302159838214153,0.07301906800624211,0.07301654443466557,0.07301402763796953,0.07301151758688788,0.0730090142523291,0.07300651760537535,0.07300402761728074,0.07300154425947021,0.07299906750353831,0.07299659732124755,0.0729941336845276,0.0729916765654736,0.07298922593634516,0.07298678176956502,0.07298434403771771,0.07298191271354859,0.07297948776996248,0.07297706918002224,0.07297465691694809,0.07297225095411593,0.07296985126505655,0.07296745782345426,0.07296507060314578,0.07296268957811894,0.07296031472251213,0.07295794601061244,0.07295558341685504,0.07295322691582201,0.07295087648224101,0.07294853209098463,0.0729461937170688,0.07294386133565228,0.07294153492203528,0.07293921445165844,0.07293689990010198,0.07293459124308431,0.0729322884564616,0.07292999151622626,0.07292770039850618,0.07292541507956378,0.07292313553579484,0.07292086174372776,0.07291859368002261,0.07291633132146991,0.07291407464498993,0.0729118236276318,0.07290957824657224,0.07290733847911522,0.07290510430269045,0.07290287569485296,0.07290065263328185,0.07289843509577974,0.07289622306027145,0.07289401650480369,0.07289181540754382,0.07288961974677907,0.07288742950091574,0.07288524464847833,0.0728830651681088,0.07288089103856547,0.07287872223872265,0.07287655874756951,0.07287440054420938,0.07287224760785882,0.07287009991784707,0.07286795745361506,0.07286582019471477,0.07286368812080844,0.07286156121166776,0.07285943944717295,0.07285732280731265,0.07285521127218234,0.07285310482198414,0.07285100343702579,0.07284890709772028,0.0728468157845848,0.07284472947824026,0.07284264815941034,0.072840571808921,0.07283850040769972,0.07283643393677475,0.0728343723772745,0.07283231571042632,0.07283026391755791,0.07282821698009391,0.07282617487955642,0.07282413759756463,0.0728221051158338,0.07282007741617472,0.07281805448049322,0.0728160362907892,0.07281402282915633,0.07281201407778118,0.07281001001894283,0.0728080106350119,0.07280601590845058,0.0728040258218113,0.07280204035773666,0.07280005949895836,0.07279808322829727,0.07279611152866208,0.07279414438304944,0.07279218177454279,0.07279022368631229,0.07278827010161387,0.0727863210037887,0.07278437637626327,0.07278243620254791,0.07278050046623567,0.07277856915100579,0.07277664224061718,0.07277471971891189,0.07277280156981347,0.07277088777732563,0.07276897832553188,0.07276707319860332,0.07276517238078112,0.07276327585638986,0.07276138360982964,0.07275949562558161,0.0727576118882048,0.07275573238233053,0.07275385709267147,0.07275198600401461,0.07275011910122248,0.07274825636923274,0.07274639779305607,0.07274454335778169,0.07274269304856808,0.07274084685064831,0.07273900474932828,0.072737166729986,0.07273533277807137,0.07273350287910564,0.0727316770186812,0.07272985518246014,0.07272803735617539,0.07272622352562928,0.07272441367669327,0.07272260779530726,0.07272080586747988,0.07271900787928738,0.07271721381687374,0.07271542366644972,0.07271363741429283,0.0727118550467468,0.07271007655022121,0.07270830191119089,0.07270653111619604,0.07270476415184111,0.07270300100479496,0.0727012416617903,0.07269948610962321,0.07269773433515285,0.07269598632530108,0.07269424206705201,0.07269250154745163,0.07269076475360772,0.07268903167268904,0.07268730229192484,0.07268557659860557,0.07268385458008086,0.07268213622376064,0.07268042151711425,0.07267871044766962,0.07267700300301361,0.07267529917079131,0.07267359893870579,0.0726719022945177,0.07267020922604474,0.07266851972116181,0.07266683376780037,0.072665151353948,0.07266347246764811,0.07266179709699995,0.07266012523015786,0.07265845685533112,0.07265679196078367,0.07265513053483363,0.07265347256585322,0.07265181804226827,0.07265016695255778,0.072648519285254,0.07264687502894172,0.07264523417225828,0.072643596703893,0.07264196261258699,0.07264033188713291,0.07263870451637466,0.07263708048920695,0.07263545979457516,0.0726338424214749,0.07263222835895179,0.07263061759610141,0.07262901012206847,0.07262740592604704,0.07262580499727998,0.07262420732505885,0.0726226128987234,0.07262102170766145,0.07261943374130872,0.07261784898914825,0.07261626744071044,0.0726146890855725,0.07261311391335844,0.07261154191373878,0.07260997307643,0.07260840739119456,0.0726068448478406,0.0726052854362216,0.07260372914623615,0.07260217596782778,0.07260062589098458,0.07259907890573895,0.07259753500216759,0.07259599417039089,0.0725944564005729,0.07259292168292118,0.07259139000768626,0.07258986136516168,0.07258833574568356,0.07258681313963046,0.0725852935374232,0.07258377692952432,0.0725822633064385,0.07258075265871156,0.07257924497693068,0.07257774025172396,0.07257623847376052,0.07257473963374987,0.07257324372244198,0.07257175073062688,0.07257026064913465,0.07256877346883481,0.07256728918063662,0.07256580777548838,0.0725643292443776,0.07256285357833057,0.07256138076841213,0.07255991080572557,0.07255844368141251,0.07255697938665236,0.07255551791266242,0.07255405925069752,0.07255260339204994,0.07255115032804908,0.07254970005006127,0.07254825254948975,0.07254680781777421,0.07254536584639082,0.07254392662685182,0.07254249015070556,0.07254105640953609,0.0725396253949631,0.07253819709864168,0.07253677151226223,0.07253534862755004,0.07253392843626533,0.07253251093020303,0.07253109610119243,0.07252968394109723,0.07252827444181521,0.07252686759527806,0.07252546339345113,0.07252406182833358,0.07252266289195787,0.07252126657638955,0.07251987287372731,0.07251848177610279,0.07251709327568018,0.07251570736465633,0.07251432403526033,0.07251294327975356,0.0725115650904295,0.07251018945961415,0.07250881637966233,0.07250744584296354,0.07250607784193756,0.07250471236903532,0.07250334941673885,0.07250198897756095,0.07250063104404521,0.07249927560876562,0.07249792266432682,0.07249657220336347,0.07249522421854031,0.07249387870255213,0.0724925356481234,0.07249253564254479,0.07249253564044374,0.0724925356396518,0.0724925356393526,0.07249253563923894,0.07249253563919512,0.07249253563917761,0.07249253563916998,0.07249253563916615,0.07249253563916369,0.07249253563916178,0.07249253563916007,0.07249253563915847,0.07249253563915688,0.0724925356391553,0.07249253563915371,0.07249253563915216,0.07249253563915059,0.072492535639149,0.07249253563914744,0.07249253563914586,0.07249253563914429,0.07249253563914271,0.07249253563914113,0.07249253563913957,0.072492535639138,0.07249253563913642,0.07249253563913485,0.07249253563913328,0.07249253563913179,0.07249253563913018,0.07249253563912862,0.07249253563912704,0.07249253563912553,0.07249253563912399,0.07249253563912242,0.07249253563912077,0.07249253563911924,0.07249253563911763,0.07249253563911606,0.07249253563911451,0.07249253563911293,0.07249253563911137,0.07249253563910978,0.07249253563910824,0.07249253563910664,0.07249253563910509,0.07249253563910352,0.07249253563910192,0.07249253563910035,0.07249253563909877,0.07249253563909724,0.07249253563909565,0.0724925356390941,0.07249253563909248,0.07249253563909094,0.07249253563908939,0.07249253563908781,0.07249253563908623,0.07249253563908467,0.0724925356390831,0.07249253563908152,0.07249253563907997,0.0724925356390784,0.07249253563907683,0.07249253563907528,0.0724925356390737,0.07249253563907214,0.07249253563907054,0.072492535639069,0.0724925356390674,0.07249253563906585,0.07249253563906426,0.07249253563906269,0.07249253563906109,0.07249253563905957,0.07249253563905798,0.07249253563905642,0.07249253563905483,0.07249253563905328,0.07249253563905171,0.07249253563905014,0.07249253563904857,0.072492535639047,0.07249253563904542,0.07249253563904387,0.07249253563904227,0.0724925356390407,0.07249253563903915,0.07249253563903758,0.07249253563903603,0.07249253563903446,0.07249253563903285,0.07249253563903132,0.07249253563902973,0.0724925356390282,0.07249253563902658,0.07249253563902501,0.07249253563902344,0.07249253563902186,0.07249253563902028,0.07249253563901871,0.07249253563901714,0.0724925356390156,0.07249253563901399,0.07249253563901245,0.07249253563901085,0.07249253563900931,0.07249253563900773,0.07249253563900618,0.0724925356390046,0.07249253563900303,0.07249253563900146,0.07249253563899992,0.07249253563899834,0.07249253563899676,0.0724925356389952,0.07249253563899363,0.07249253563899206,0.07249253563899051,0.07249253563898894,0.07249253563898736,0.07249253563898578,0.07249253563898422,0.07249253563898266,0.07249253563898107,0.0724925356389795,0.07249253563897792,0.07249253563897637,0.07249253563897474,0.07249253563897319,0.07249253563897164,0.07249253563897008,0.0724925356389685,0.07249253563896692,0.07249253563896536,0.07249253563896375,0.0724925356389622,0.0724925356389606,0.07249253563895905,0.07249253563895745,0.07249253563895591,0.07249253563895432,0.07249253563895278,0.07249253563895118,0.07249253563894963,0.07249253563894803,0.07249253563894648,0.07249253563894487,0.07249253563894334,0.07249253563894177,0.07249253563894019,0.07249253563893862,0.07249253563893704,0.07249253563893547,0.07249253563893393,0.07249253563893235,0.07249253563893078,0.07249253563892921,0.07249253563892762,0.07249253563892609,0.0724925356389245,0.07249253563892294,0.07249253563892136,0.07249253563891979,0.07249253563891819,0.07249253563891661,0.07249253563891507,0.07249253563891347,0.07249253563891189,0.07249253563891032,0.07249253563890876,0.0724925356389072,0.0724925356389056,0.07249253563890404,0.07249253563890248,0.07249253563890092,0.07249253563889932,0.07249253563889776,0.0724925356388962,0.07249253563889463,0.07249253563889306,0.07249253563889148,0.07249253563888992,0.07249253563888833,0.07249253563888676,0.0724925356388852,0.07249253563888364,0.07249253563888206,0.07249253563888047,0.07249253563887893,0.07249253563887738,0.0724925356388758,0.07249253563887423,0.07249253563887265,0.07249253563887108,0.07249253563886952,0.07249253563886796,0.07249253563886637,0.0724925356388648,0.07249253563886322,0.07249253563886167,0.0724925356388601,0.0724925356388585,0.07249253563885696,0.07249253563885537,0.07249253563885383,0.07249253563885222,0.07249253563885068,0.07249253563884911,0.07249253563884754,0.07249253563884595,0.0724925356388444,0.07249253563884286,0.07249253563884127,0.07249253563883971,0.0724925356388381,0.07249253563883651,0.07249253563883497,0.07249253563883339,0.07249253563883182,0.07249253563883025,0.07249253563882865,0.07249253563882709,0.07249253563882554,0.07249253563882395,0.07249253563882237,0.0724925356388208,0.07249253563881919,0.07249253563881763,0.07249253563881608,0.0724925356388145,0.07249253563881292,0.07249253563881138,0.0724925356388098,0.07249253563880823,0.07249253563880664,0.07249253563880509,0.07249253563880353,0.07249253563880195,0.07249253563880037,0.07249253563879883,0.07249253563879726,0.07249253563879568,0.07249253563879411,0.07249253563879254,0.07249253563879098,0.07249253563878942,0.07249253563878785,0.07249253563878626,0.07249253563878467,0.07249253563878312,0.07249253563878154,0.07249253563877998,0.07249253563877839,0.07249253563877682,0.07249253563877524,0.07249253563877366,0.0724925356387721,0.07249253563877052,0.07249253563876899,0.0724925356387674,0.07249253563876584,0.07249253563876425,0.07249253563876272,0.07249253563876115,0.07249253563875957,0.072492535638758,0.07249253563875643,0.07249253563875484,0.0724925356387533,0.07249253563875173,0.07249253563875016,0.07249253563874858,0.072492535638747,0.07249253563874543,0.07249253563874389,0.07249253563874232,0.07249253563874075,0.07249253563873917,0.0724925356387376,0.07249253563873603,0.07249253563873446,0.07249253563873288,0.07249253563873131,0.07249253563872972,0.07249253563872814,0.07249253563872658,0.07249253563872501,0.07249253563872345,0.07249253563872186,0.0724925356387203,0.07249253563871873,0.07249253563871716,0.0724925356387156,0.07249253563871402,0.07249253563871243,0.07249253563871086,0.07249253563870929,0.07249253563870774,0.07249253563870615,0.07249253563870459,0.07249253563870303,0.07249253563870148,0.07249253563869992,0.07249253563869834,0.07249253563869677,0.07249253563869519,0.0724925356386936,0.07249253563869204,0.0724925356386905,0.07249253563868892,0.07249253563868734,0.07249253563868574,0.07249253563868419,0.07249253563868263,0.07249253563868101,0.07249253563867947,0.07249253563867789,0.07249253563867633,0.07249253563867475,0.07249253563867321,0.07249253563867164,0.07249253563867004,0.07249253563866849,0.07249253563866691,0.07249253563866537,0.0724925356386638,0.0724925356386622,0.07249253563866065,0.07249253563865907,0.07249253563865748,0.07249253563865593,0.07249253563865432,0.07249253563865277,0.0724925356386512,0.0724925356386496,0.07249253563864802,0.07249253563864644,0.07249253563864487,0.07249253563864332,0.07249253563864175,0.07249253563864015,0.07249253563863858,0.072492535638637,0.07249253563863546,0.07249253563863388,0.07249253563863231,0.07249253563863073,0.07249253563862916,0.07249253563862758,0.07249253563862604,0.07249253563862446,0.07249253563862289,0.0724925356386213,0.07249253563861974,0.07249253563861817,0.07249253563861656,0.07249253563861503,0.07249253563861346,0.07249253563861188,0.07249253563861031,0.07249253563860875,0.07249253563860714,0.0724925356386056,0.07249253563860406,0.07249253563860246,0.07249253563860086,0.0724925356385993,0.07249253563859775,0.0724925356385962,0.07249253563859462,0.07249253563859302,0.07249253563859145,0.07249253563858991,0.07249253563858833,0.07249253563858675,0.07249253563858518,0.0724925356385836,0.07249253563858205,0.07249253563858049,0.07249253563857891,0.07249253563857731,0.07249253563857577,0.07249253563857422,0.07249253563857265,0.07249253563857108,0.0724925356385695,0.07249253563856792,0.07249253563856635,0.07249253563856475,0.07249253563856321,0.07249253563856164,0.07249253563856005,0.0724925356385585,0.07249253563855693,0.07249253563855533,0.07249253563855378,0.07249253563855221,0.07249253563855064,0.07249253563854906,0.07249253563854746,0.07249253563854594,0.07249253563854431,0.07249253563854274,0.07249253563854119,0.07249253563853962,0.07249253563853802,0.07249253563853646,0.07249253563853493,0.07249253563853332,0.07249253563853178,0.07249253563853021,0.0724925356385286,0.07249253563852706,0.07249253563852548,0.07249253563852388,0.07249253563852234,0.07249253563852075,0.07249253563851916,0.07249253563851758,0.07249253563851604,0.07249253563851445,0.07249253563851288,0.0724925356385113,0.07249253563850973,0.07249253563850813,0.0724925356385066,0.07249253563850504,0.07249253563850346,0.07249253563850189,0.07249253563850032,0.07249253563849876,0.0724925356384972,0.0724925356384956,0.07249253563849405,0.07249253563849248,0.07249253563849088,0.07249253563848933,0.07249253563848776,0.07249253563848619,0.07249253563848461,0.07249253563848301,0.07249253563848146,0.07249253563847988,0.0724925356384783,0.07249253563847675,0.07249253563847519,0.0724925356384736,0.07249253563847206,0.07249253563847047,0.07249253563846891,0.0724925356384673,0.07249253563846575,0.07249253563846417,0.07249253563846259,0.07249253563846102,0.07249253563845943,0.0724925356384579,0.07249253563845631,0.07249253563845472,0.07249253563845318,0.07249253563845161,0.07249253563845003,0.07249253563844843,0.07249253563844686,0.0724925356384453,0.07249253563844373,0.07249253563844216,0.07249253563844059,0.07249253563843899,0.07249253563843744,0.07249253563843586,0.07249253563843432,0.07249253563843273,0.07249253563843115,0.07249253563842958,0.072492535638428,0.0724925356384264,0.07249253563842487,0.0724925356384233,0.07249253563842172,0.07249253563842015,0.07249253563841856,0.07249253563841698,0.07249253563841541,0.07249253563841383,0.07249253563841225,0.07249253563841068,0.0724925356384091,0.07249253563840753,0.07249253563840595,0.0724925356384044,0.07249253563840281,0.07249253563840123,0.07249253563839964,0.07249253563839807,0.07249253563839653,0.07249253563839492,0.07249253563839338,0.07249253563839177,0.07249253563839021,0.07249253563838862,0.07249253563838706,0.07249253563838545,0.07249253563838391,0.07249253563838233,0.07249253563838076,0.07249253563837921,0.07249253563837761,0.07249253563837607,0.07249253563837449,0.07249253563837289,0.07249253563837134,0.07249253563836974,0.07249253563836822,0.0724925356383666,0.07249253563836504,0.07249253563836347,0.07249253563836189,0.0724925356383603,0.07249253563835875,0.07249253563835718,0.0724925356383556,0.07249253563835403,0.07249253563835246,0.07249253563835087,0.07249253563834931,0.07249253563834776,0.07249253563834618,0.0724925356383446,0.07249253563834303,0.07249253563834145,0.07249253563833988,0.07249253563833832,0.0724925356383367,0.07249253563833513,0.07249253563833355,0.07249253563833198,0.0724925356383304,0.07249253563832886,0.07249253563832725,0.07249253563832571,0.07249253563832415,0.07249253563832256,0.072492535638321,0.07249253563831941,0.07249253563831785,0.07249253563831629,0.07249253563831469,0.07249253563831315,0.07249253563831155,0.07249253563830997,0.0724925356383084,0.07249253563830682,0.07249253563830525,0.07249253563830366,0.0724925356383021,0.0724925356383005,0.07249253563829897,0.07249253563829738,0.0724925356382958,0.07249253563829423,0.07249253563829268,0.07249253563829111,0.07249253563828953,0.07249253563828797,0.07249253563828635,0.07249253563828477,0.07249253563828323,0.07249253563828162,0.07249253563828005,0.07249253563827848,0.07249253563827689,0.07249253563827532,0.07249253563827374,0.07249253563827218,0.07249253563827059,0.07249253563826905,0.07249253563826745,0.07249253563826585,0.07249253563826427,0.07249253563826273,0.07249253563826114,0.07249253563825958,0.072492535638258,0.07249253563825643,0.07249253563825485,0.07249253563825328,0.07249253563825171,0.07249253563825013,0.07249253563824856,0.07249253563824698,0.0724925356382454,0.07249253563824384,0.07249253563824226,0.0724925356382407,0.07249253563823913,0.07249253563823756,0.07249253563823597,0.0724925356382344,0.07249253563823282,0.07249253563823123,0.07249253563822969,0.07249253563822808,0.07249253563822652,0.07249253563822496,0.07249253563822336,0.07249253563822179,0.07249253563822021,0.07249253563821867,0.07249253563821706,0.07249253563821553,0.07249253563821396,0.07249253563821235,0.07249253563821076,0.0724925356382092,0.07249253563820764,0.07249253563820607,0.0724925356382045,0.0724925356382029,0.07249253563820132,0.0724925356381998,0.07249253563819817,0.07249253563819665,0.07249253563819505,0.07249253563819347,0.07249253563819191,0.07249253563819033,0.07249253563818875,0.07249253563818717,0.07249253563818563,0.07249253563818402,0.07249253563818246,0.07249253563818087,0.07249253563817934,0.07249253563817772,0.07249253563817613,0.07249253563817458,0.07249253563817298,0.07249253563817139,0.07249253563816983,0.07249253563816828,0.07249253563816668,0.0724925356381651,0.07249253563816355,0.07249253563816194,0.07249253563816038,0.07249253563815883,0.07249253563815723,0.07249253563815566,0.0724925356381541,0.07249253563815249,0.07249253563815092,0.07249253563814938,0.07249253563814777,0.0724925356381462,0.07249253563814462,0.07249253563814305,0.07249253563814147,0.07249253563813988,0.07249253563813832,0.07249253563813678,0.07249253563813518,0.07249253563813361,0.07249253563813202,0.07249253563813043,0.0724925356381289,0.07249253563812733,0.07249253563812573,0.07249253563812415,0.0724925356381226,0.072492535638121,0.07249253563811944,0.07249253563811787,0.07249253563811632,0.07249253563811472,0.07249253563811314,0.07249253563811157,0.07249253563810999,0.07249253563810841,0.07249253563810686,0.07249253563810527,0.07249253563810368,0.07249253563810211,0.07249253563810054,0.07249253563809899,0.0724925356380974,0.07249253563809582,0.07249253563809424,0.07249253563809265,0.0724925356380911,0.07249253563808951,0.07249253563808795,0.07249253563808636,0.07249253563808479,0.0724925356380832,0.07249253563808164,0.07249253563808007,0.07249253563807848,0.07249253563807692,0.07249253563807531,0.07249253563807377,0.07249253563807216,0.07249253563807062,0.07249253563806905,0.07249253563806747,0.07249253563806589,0.07249253563806432,0.07249253563806275,0.07249253563806116,0.0724925356380596,0.07249253563805802,0.07249253563805644,0.0724925356380549,0.07249253563805332,0.07249253563805175,0.07249253563805015,0.07249253563804858,0.07249253563804701,0.07249253563804545,0.07249253563804389,0.0724925356380423,0.07249253563804071,0.07249253563803915,0.07249253563803758,0.07249253563803598,0.07249253563803437,0.07249253563803285,0.07249253563803128,0.07249253563802968,0.07249253563802811,0.07249253563802655,0.07249253563802495,0.07249253563802338,0.07249253563802179,0.07249253563802022,0.07249253563801865,0.07249253563801704,0.07249253563801547,0.07249253563801392,0.07249253563801235,0.07249253563801077,0.07249253563800921,0.07249253563800763,0.07249253563800605,0.07249253563800448,0.0724925356380029,0.07249253563800133,0.07249253563799976,0.07249253563799815,0.07249253563799662,0.07249253563799501,0.07249253563799346,0.07249253563799189,0.07249253563799031,0.07249253563798876,0.07249253563798713,0.07249253563798559,0.072492535637984,0.07249253563798243,0.07249253563798085,0.0724925356379793,0.07249253563797774,0.07249253563797615,0.07249253563797457,0.07249253563797299,0.07249253563797144,0.07249253563796987,0.0724925356379683,0.07249253563796672,0.07249253563796514,0.07249253563796354,0.07249253563796199,0.07249253563796039,0.07249253563795884,0.07249253563795727,0.07249253563795566,0.0724925356379541,0.07249253563795252,0.07249253563795091,0.0724925356379493,0.07249253563794779,0.07249253563794622,0.07249253563794462,0.07249253563794306,0.07249253563794146,0.07249253563793992,0.07249253563793832,0.07249253563793678,0.07249253563793519,0.07249253563793362,0.07249253563793202,0.07249253563793048,0.0724925356379289,0.0724925356379273,0.07249253563792572,0.07249253563792415,0.07249253563792259,0.072492535637921,0.07249253563791945,0.07249253563791787,0.07249253563791629,0.07249253563791469,0.07249253563791312,0.07249253563791155,0.07249253563791,0.07249253563790843,0.07249253563790685,0.07249253563790524,0.07249253563790369,0.0724925356379021,0.07249253563790055,0.07249253563789898,0.0724925356378974,0.07249253563789582,0.07249253563789425,0.0724925356378927,0.07249253563789111,0.07249253563788952,0.07249253563788795,0.07249253563788637,0.0724925356378848,0.0724925356378832,0.07249253563788166,0.07249253563788008,0.0724925356378785,0.07249253563787691,0.07249253563787533,0.07249253563787378,0.07249253563787217,0.07249253563787063,0.07249253563786905,0.07249253563786746,0.0724925356378659,0.0724925356378643,0.07249253563786272,0.07249253563786118,0.07249253563785957,0.07249253563785801,0.07249253563785642,0.07249253563785485,0.07249253563785325,0.07249253563785167,0.07249253563785012,0.07249253563784858,0.072492535637847,0.07249253563784541,0.0724925356378438,0.07249253563784223,0.0724925356378407,0.07249253563783911,0.07249253563783752,0.07249253563783593,0.07249253563783437,0.07249253563783276,0.0724925356378312,0.07249253563782963,0.07249253563782805,0.0724925356378265,0.07249253563782493,0.07249253563782337,0.07249253563782178,0.07249253563782021,0.07249253563781864,0.07249253563781707,0.07249253563781549,0.07249253563781392,0.07249253563781236,0.07249253563781076,0.07249253563780919,0.07249253563780761,0.07249253563780603,0.07249253563780449,0.0724925356378029,0.07249253563780132,0.07249253563779973,0.07249253563779816,0.07249253563779658,0.07249253563779502,0.07249253563779347,0.07249253563779187,0.0724925356377903,0.07249253563778872,0.07249253563778717,0.07249253563778559,0.072492535637784,0.07249253563778243,0.07249253563778085,0.07249253563777927,0.07249253563777769,0.07249253563777609,0.07249253563777455,0.07249253563777298,0.07249253563777139,0.0724925356377698,0.07249253563776824,0.0724925356377667,0.07249253563776512,0.07249253563776353,0.07249253563776197,0.0724925356377604,0.07249253563775883,0.07249253563775726,0.07249253563775568,0.0724925356377541,0.07249253563775251,0.07249253563775095,0.07249253563774939,0.07249253563774778,0.0724925356377463,0.0724925356377447,0.07249253563774312,0.07249253563774155,0.07249253563773998,0.07249253563773841,0.07249253563773683,0.07249253563773526,0.07249253563773367,0.07249253563773209,0.07249253563773053,0.07249253563772899,0.0724925356377274,0.07249253563772579,0.07249253563772422,0.07249253563772265,0.07249253563772107,0.07249253563771947,0.07249253563771792,0.07249253563771632,0.07249253563771477,0.0724925356377132,0.07249253563771159,0.07249253563771003,0.07249253563770845,0.0724925356377069,0.0724925356377053,0.07249253563770372,0.07249253563770218,0.0724925356377006,0.07249253563769904,0.07249253563769746,0.07249253563769587,0.07249253563769428,0.07249253563769273,0.07249253563769116,0.07249253563768958,0.072492535637688,0.07249253563768639,0.07249253563768483,0.07249253563768326,0.07249253563768168,0.07249253563768009,0.07249253563767852,0.07249253563767694,0.07249253563767537,0.07249253563767383,0.07249253563767222,0.07249253563767068,0.07249253563766908,0.07249253563766751,0.07249253563766592,0.07249253563766435,0.07249253563766277,0.0724925356376612,0.07249253563765962,0.07249253563765802,0.07249253563765647,0.0724925356376549,0.07249253563765332,0.07249253563765176,0.07249253563765018,0.07249253563764858,0.07249253563764703,0.07249253563764545,0.07249253563764385,0.07249253563764227,0.0724925356376407,0.07249253563763913,0.07249253563763755,0.07249253563763601,0.07249253563763441,0.07249253563763282,0.07249253563763125,0.07249253563762967,0.07249253563762809,0.0724925356376265,0.07249253563762492,0.07249253563762335,0.07249253563762176,0.07249253563762019,0.07249253563761861,0.07249253563761703,0.07249253563761547,0.07249253563761389,0.07249253563761228,0.07249253563761071,0.07249253563760914,0.07249253563760756,0.07249253563760598,0.0724925356376044,0.07249253563760281,0.07249253563760127,0.07249253563759968,0.07249253563759814,0.07249253563759656,0.07249253563759499,0.07249253563759339,0.07249253563759181,0.07249253563759023,0.07249253563758863,0.07249253563758708,0.07249253563758551,0.07249253563758391,0.07249253563758236,0.07249253563758082,0.07249253563757924,0.07249253563757768,0.0724925356375761,0.07249253563757452,0.07249253563757292,0.07249253563757138,0.07249253563756981,0.07249253563756823,0.07249253563756665,0.07249253563756507,0.07249253563756347,0.0724925356375619,0.07249253563756032,0.07249253563755877,0.07249253563755716,0.0724925356375556,0.07249253563755402,0.07249253563755245,0.07249253563755091,0.07249253563754932,0.07249253563754773,0.07249253563754615,0.07249253563754457,0.072492535637543,0.0724925356375414,0.07249253563753984,0.07249253563753826,0.07249253563753667,0.0724925356375351,0.07249253563753354,0.07249253563753194,0.07249253563753037,0.07249253563752879,0.07249253563752721,0.07249253563752565,0.0724925356375241,0.07249253563752249,0.07249253563752092,0.07249253563751935,0.0724925356375178,0.07249253563751619,0.0724925356375146,0.07249253563751301,0.07249253563751144,0.0724925356375099,0.07249253563750829,0.07249253563750671,0.07249253563750514,0.07249253563750356,0.07249253563750198,0.07249253563750042,0.07249253563749883,0.07249253563749727,0.07249253563749569,0.07249253563749412,0.07249253563749253,0.07249253563749096,0.0724925356374894,0.07249253563748781,0.07249253563748624,0.07249253563748465,0.07249253563748306,0.07249253563748148,0.07249253563747994,0.07249253563747834,0.07249253563747676,0.0724925356374752,0.07249253563747361,0.072492535637472,0.07249253563747046,0.07249253563746887,0.07249253563746733,0.0724925356374657,0.0724925356374641,0.07249253563746257,0.07249253563746097,0.07249253563745943,0.07249253563745782,0.07249253563745627,0.07249253563745467,0.07249253563745309,0.07249253563745152,0.07249253563744995,0.0724925356374484,0.0724925356374468,0.07249253563744522,0.07249253563744364,0.07249253563744207,0.07249253563744051,0.07249253563743893,0.07249253563743735,0.07249253563743575,0.07249253563743417,0.07249253563743259,0.07249253563743101,0.07249253563742945,0.0724925356374279,0.0724925356374263,0.0724925356374247,0.07249253563742313,0.07249253563742154,0.07249253563741999,0.07249253563741842,0.07249253563741685,0.07249253563741526,0.07249253563741367,0.07249253563741209,0.07249253563741054,0.07249253563740896,0.07249253563740736,0.07249253563740578,0.0724925356374042,0.0724925356374026,0.07249253563740103,0.07249253563739946,0.07249253563739791,0.07249253563739633,0.07249253563739474,0.07249253563739314,0.07249253563739157,0.07249253563739,0.07249253563738842,0.07249253563738685,0.07249253563738527,0.07249253563738368,0.0724925356373821,0.07249253563738056,0.07249253563737898,0.07249253563737738,0.07249253563737582,0.07249253563737423,0.07249253563737265,0.07249253563737106,0.07249253563736949,0.07249253563736792,0.07249253563736632,0.07249253563736473,0.07249253563736315,0.07249253563736159,0.07249253563736002,0.07249253563735844,0.07249253563735686,0.07249253563735529,0.07249253563735371,0.07249253563735211,0.07249253563735054,0.07249253563734898,0.07249253563734742,0.07249253563734583,0.07249253563734424,0.07249253563734265,0.07249253563734105,0.07249253563733951,0.07249253563733793,0.07249253563733635,0.07249253563733478,0.0724925356373332,0.0724925356373316,0.07249253563733005,0.07249253563732846,0.07249253563732691,0.07249253563732531,0.07249253563732373,0.07249253563732216,0.07249253563732055,0.07249253563731901,0.0724925356373174,0.07249253563731582,0.07249253563731425,0.07249253563731267,0.07249253563731108,0.07249253563730951,0.07249253563730798,0.07249253563730637,0.07249253563730479,0.07249253563730323,0.07249253563730162,0.07249253563730007,0.07249253563729847,0.0724925356372969,0.07249253563729535,0.07249253563729376,0.07249253563729219,0.07249253563729066,0.07249253563728908,0.07249253563728748,0.0724925356372859,0.0724925356372843,0.07249253563728274,0.07249253563728114,0.0724925356372796,0.072492535637278,0.07249253563727645,0.07249253563727484,0.07249253563727326,0.07249253563727172,0.07249253563727012,0.07249253563726854,0.07249253563726696,0.0724925356372654,0.0724925356372638,0.07249253563726221,0.07249253563726062,0.07249253563725908,0.07249253563725747,0.0724925356372559,0.07249253563725433,0.07249253563725275,0.07249253563725121,0.0724925356372496,0.07249253563724802,0.07249253563724646,0.07249253563724485,0.07249253563724328,0.07249253563724169,0.07249253563724013,0.07249253563723858,0.07249253563723697,0.07249253563723541,0.0724925356372338,0.07249253563723224,0.0724925356372307,0.07249253563722909,0.07249253563722749,0.07249253563722592,0.07249253563722434,0.07249253563722276,0.07249253563722119,0.07249253563721964,0.07249253563721803,0.07249253563721647,0.07249253563721489,0.0724925356372133,0.07249253563721174,0.07249253563721017,0.07249253563720857,0.07249253563720699,0.0724925356372054,0.0724925356372038,0.07249253563720222,0.07249253563720065,0.07249253563719908,0.0724925356371975,0.0724925356371959,0.07249253563719431,0.07249253563719273,0.07249253563719116,0.07249253563718959,0.07249253563718802,0.07249253563718643,0.07249253563718484,0.07249253563718325,0.07249253563718168,0.07249253563718012,0.07249253563717853,0.07249253563717695,0.07249253563717538,0.0724925356371738,0.0724925356371722,0.07249253563717063,0.07249253563716909,0.0724925356371675,0.07249253563716591,0.07249253563716432,0.07249253563716274,0.07249253563716115,0.07249253563715959,0.07249253563715799,0.07249253563715642,0.07249253563715484,0.07249253563715326,0.07249253563715166,0.07249253563715008,0.07249253563714854,0.07249253563714696,0.07249253563714536,0.07249253563714379,0.0724925356371422,0.07249253563714061,0.07249253563713906,0.07249253563713745,0.07249253563713588,0.07249253563713429,0.07249253563713272,0.07249253563713114,0.07249253563712958,0.072492535637128,0.07249253563712642,0.07249253563712484,0.07249253563712324,0.07249253563712163,0.07249253563712006,0.07249253563711852,0.07249253563711691,0.07249253563711533,0.07249253563711375,0.07249253563711217,0.07249253563711058,0.072492535637109,0.07249253563710743,0.07249253563710584,0.07249253563710427,0.07249253563710269,0.07249253563710108,0.0724925356370995,0.0724925356370979,0.07249253563709634,0.07249253563709473,0.07249253563709317,0.07249253563709157,0.07249253563709002,0.0724925356370884,0.07249253563708682,0.07249253563708523,0.0724925356370837,0.0724925356370821,0.07249253563708052,0.07249253563707893,0.07249253563707736,0.07249253563707579,0.07249253563707418,0.07249253563707263,0.07249253563707105,0.07249253563706945,0.0724925356370679,0.0724925356370663,0.07249253563706473,0.07249253563706314,0.07249253563706158,0.07249253563706,0.07249253563705839,0.07249253563705685,0.07249253563705527,0.07249253563705367,0.07249253563705212,0.07249253563705053,0.072492535637049,0.07249253563704738,0.07249253563704582,0.07249253563704423,0.07249253563704264,0.07249253563704107,0.0724925356370395,0.07249253563703792,0.07249253563703634,0.07249253563703478,0.0724925356370332,0.0724925356370316,0.07249253563703004,0.07249253563702845,0.07249253563702689,0.0724925356370253,0.07249253563702368,0.07249253563702214,0.07249253563702054,0.07249253563701898,0.0724925356370174,0.0724925356370158,0.07249253563701422,0.07249253563701266,0.0724925356370111,0.07249253563700951,0.0724925356370079,0.07249253563700633,0.07249253563700475,0.07249253563700317,0.07249253563700159,0.07249253563700002,0.07249253563699845,0.07249253563699687,0.07249253563699529,0.07249253563699372,0.07249253563699214,0.07249253563699054,0.07249253563698896,0.07249253563698742,0.07249253563698582,0.07249253563698425,0.07249253563698266,0.07249253563698109,0.07249253563697952,0.07249253563697791,0.07249253563697634,0.07249253563697478,0.07249253563697321,0.07249253563697161,0.07249253563697003,0.07249253563696845,0.07249253563696688,0.07249253563696531,0.07249253563696371,0.07249253563696213,0.07249253563696058,0.072492535636959,0.07249253563695739,0.07249253563695586,0.07249253563695435,0.07249253563695274,0.07249253563695114,0.07249253563694955,0.07249253563694798,0.07249253563694641,0.07249253563694481,0.07249253563694324,0.07249253563694165,0.07249253563694008,0.07249253563693848,0.07249253563693692,0.07249253563693536,0.07249253563693378,0.0724925356369322,0.07249253563693062,0.072492535636929,0.07249253563692744,0.07249253563692586,0.07249253563692425,0.07249253563692269,0.07249253563692111,0.0724925356369195,0.07249253563691792,0.07249253563691638,0.07249253563691478,0.07249253563691321,0.07249253563691162,0.07249253563691004,0.07249253563690844,0.07249253563690686,0.0724925356369053,0.07249253563690371,0.07249253563690215,0.07249253563690057,0.07249253563689897,0.0724925356368974,0.07249253563689582,0.07249253563689426,0.07249253563689266,0.07249253563689108,0.0724925356368895,0.07249253563688791,0.07249253563688632,0.07249253563688475,0.07249253563688318,0.07249253563688157,0.07249253563687998,0.07249253563687841,0.07249253563687684,0.07249253563687527,0.07249253563687368,0.0724925356368721,0.07249253563687051,0.07249253563686893,0.07249253563686733,0.07249253563686578,0.07249253563686417,0.07249253563686262,0.07249253563686106,0.07249253563685946,0.07249253563685787,0.07249253563685629,0.07249253563685472,0.07249253563685311,0.07249253563685157,0.07249253563684997,0.07249253563684839,0.07249253563684682,0.07249253563684527,0.07249253563684364,0.07249253563684206,0.0724925356368405,0.07249253563683891,0.07249253563683733,0.07249253563683576,0.07249253563683415,0.0724925356368326,0.07249253563683102,0.07249253563682943,0.07249253563682785,0.07249253563682626,0.07249253563682469,0.0724925356368231,0.07249253563682152,0.07249253563681994,0.07249253563681834,0.07249253563681679,0.07249253563681518,0.0724925356368136,0.07249253563681203,0.07249253563681046,0.07249253563680885,0.07249253563680726,0.0724925356368057,0.07249253563680412,0.07249253563680254,0.07249253563680097,0.07249253563679937,0.07249253563679778,0.07249253563679622,0.07249253563679464,0.07249253563679303,0.07249253563679146,0.0724925356367899,0.0724925356367883,0.07249253563678669,0.07249253563678514,0.07249253563678354,0.07249253563678194,0.07249253563678038,0.0724925356367788,0.07249253563677721,0.07249253563677563,0.07249253563677405,0.07249253563677248,0.07249253563677088,0.07249253563676929,0.07249253563676773,0.07249253563676616,0.07249253563676458,0.072492535636763,0.07249253563676139,0.07249253563675985,0.07249253563675827,0.07249253563675669,0.0724925356367551,0.07249253563675354,0.07249253563675193,0.07249253563675034,0.07249253563674878,0.0724925356367472,0.0724925356367456,0.07249253563674403,0.07249253563674245,0.07249253563674087,0.07249253563673928,0.07249253563673771,0.0724925356367361,0.07249253563673452,0.07249253563673295,0.07249253563673136,0.07249253563672978,0.07249253563672818,0.07249253563672664,0.07249253563672504,0.07249253563672348,0.07249253563672188,0.07249253563672022,0.07249253563671866,0.07249253563671706,0.07249253563671551,0.07249253563671393,0.07249253563671233,0.07249253563671076,0.07249253563670918,0.0724925356367076,0.07249253563670605,0.07249253563670445,0.07249253563670288,0.07249253563670129,0.0724925356366997,0.07249253563669811,0.07249253563669653,0.07249253563669494,0.07249253563669335,0.07249253563669177,0.07249253563669021,0.07249253563668864,0.07249253563668705,0.07249253563668548,0.0724925356366839,0.07249253563668231,0.07249253563668072,0.07249253563667915,0.07249253563667755,0.07249253563667596,0.07249253563667442,0.07249253563667282,0.07249253563667123,0.07249253563666967,0.07249253563666808,0.07249253563666648,0.0724925356366649,0.07249253563666336,0.07249253563666176,0.07249253563666017,0.07249253563665857,0.07249253563665699,0.0724925356366554,0.07249253563665382,0.07249253563665227,0.07249253563665067,0.07249253563664912,0.07249253563664752,0.07249253563664591,0.07249253563664436,0.07249253563664276,0.0724925356366412,0.07249253563663961,0.072492535636638,0.07249253563663645,0.07249253563663483,0.07249253563663323,0.07249253563663167,0.07249253563663009,0.07249253563662852,0.07249253563662694,0.07249253563662536,0.07249253563662378,0.07249253563662218,0.07249253563662061,0.07249253563661903,0.07249253563661745,0.07249253563661584,0.07249253563661427,0.07249253563661268,0.0724925356366111,0.07249253563660951,0.07249253563660794,0.07249253563660636,0.07249253563660478,0.07249253563660318,0.07249253563660162,0.0724925356366,0.07249253563659847,0.07249253563659683,0.07249253563659527,0.0724925356365937,0.07249253563659212,0.07249253563659054,0.07249253563658896,0.07249253563658739,0.07249253563658581,0.07249253563658421,0.07249253563658263,0.07249253563658106,0.07249253563657947,0.07249253563657787,0.0724925356365763,0.0724925356365747,0.07249253563657311,0.07249253563657153,0.07249253563656997,0.07249253563656838,0.07249253563656678,0.0724925356365652,0.07249253563656362,0.07249253563656205,0.07249253563656044,0.07249253563655889,0.07249253563655732,0.07249253563655571,0.07249253563655415,0.07249253563655256,0.07249253563655099,0.0724925356365494,0.0724925356365478,0.07249253563654622,0.07249253563654466,0.07249253563654307,0.0724925356365415,0.07249253563653993,0.07249253563653836,0.07249253563653676,0.07249253563653515,0.0724925356365336,0.072492535636532,0.07249253563653045,0.07249253563652887,0.07249253563652726,0.07249253563652569,0.07249253563652408,0.07249253563652253,0.07249253563652094,0.07249253563651938,0.07249253563651778,0.07249253563651621,0.0724925356365146,0.07249253563651306,0.07249253563651147,0.0724925356365099,0.0724925356365083,0.07249253563650675,0.07249253563650514,0.07249253563650354,0.07249253563650199,0.0724925356365004,0.07249253563649881,0.07249253563649721,0.07249253563649563,0.0724925356364941,0.07249253563649247,0.07249253563649091,0.07249253563648934,0.07249253563648776,0.07249253563648615,0.07249253563648456,0.072492535636483,0.0724925356364814,0.07249253563647984,0.07249253563647823,0.07249253563647666,0.07249253563647505,0.07249253563647347,0.0724925356364719,0.0724925356364703,0.07249253563646875,0.07249253563646718,0.07249253563646559,0.072492535636464,0.07249253563646241,0.07249253563646085,0.07249253563645927,0.07249253563645768,0.0724925356364561,0.07249253563645451,0.07249253563645293,0.07249253563645133,0.07249253563644976,0.07249253563644817,0.07249253563644659,0.072492535636445,0.07249253563644344,0.07249253563644183,0.07249253563644029,0.07249253563643868,0.07249253563643711,0.0724925356364355,0.07249253563643393,0.07249253563643233,0.07249253563643077,0.07249253563642921,0.07249253563642763,0.07249253563642602,0.07249253563642445,0.07249253563642284,0.07249253563642127,0.07249253563641966,0.07249253563641814,0.07249253563641653,0.07249253563641497,0.07249253563641336,0.07249253563641178,0.0724925356364102,0.07249253563640862,0.07249253563640704,0.07249253563640545,0.07249253563640386,0.07249253563640227,0.07249253563640067,0.07249253563639926,0.07249253563639771,0.07249253563639622,0.07249253563639461,0.07249253563639303,0.07249253563639145,0.07249253563638985,0.07249253563638831,0.07249253563638669,0.07249253563638514,0.07249253563638353,0.07249253563638194,0.07249253563638035,0.07249253563637878,0.0724925356363772,0.07249253563637562,0.07249253563637402,0.07249253563637242,0.07249253563637086,0.07249253563636926,0.07249253563636769,0.0724925356363661,0.07249253563636454,0.07249253563636296,0.07249253563636136,0.07249253563635978,0.0724925356363582,0.07249253563635663,0.07249253563635505,0.07249253563635347,0.0724925356363519,0.07249253563635029,0.0724925356363487,0.07249253563634714,0.07249253563634558,0.072492535636344,0.07249253563634242,0.07249253563634082,0.07249253563633924,0.07249253563633765,0.07249253563633605,0.07249253563633448,0.07249253563633291,0.0724925356363313,0.07249253563632974,0.07249253563632814,0.07249253563632657,0.07249253563632499,0.07249253563632342,0.07249253563632184,0.07249253563632024,0.07249253563631866,0.07249253563631707,0.07249253563631551,0.07249253563631389,0.07249253563631233,0.07249253563631075,0.07249253563630914,0.07249253563630756,0.072492535636306,0.07249253563630438,0.07249253563630281,0.07249253563630127,0.07249253563629968,0.0724925356362981,0.07249253563629651,0.07249253563629492,0.07249253563629332,0.07249253563629177,0.07249253563629017,0.07249253563628859,0.07249253563628699,0.07249253563628542,0.07249253563628383,0.07249253563628225,0.07249253563628069,0.07249253563627911,0.07249253563627751,0.07249253563627593,0.07249253563627435,0.07249253563627277,0.07249253563627119,0.07249253563626959,0.07249253563626801,0.07249253563626641,0.07249253563626482,0.07249253563626325,0.07249253563626164,0.07249253563626007,0.0724925356362585,0.0724925356362569,0.07249253563625534,0.07249253563625374,0.07249253563625215,0.07249253563625056,0.07249253563624897,0.07249253563624741,0.07249253563624582,0.07249253563624425,0.07249253563624265,0.07249253563624107,0.07249253563623947,0.0724925356362379,0.07249253563623632,0.07249253563623476,0.07249253563623317,0.07249253563623155,0.07249253563622997,0.07249253563622841,0.07249253563622682,0.07249253563622526,0.07249253563622367,0.0724925356362221,0.07249253563622052,0.07249253563621891,0.0724925356362173,0.07249253563621574,0.07249253563621416,0.07249253563621258,0.07249253563621098,0.0724925356362094,0.07249253563620782,0.07249253563620621,0.07249253563620466,0.07249253563620306,0.07249253563620148,0.0724925356361999,0.07249253563619831,0.07249253563619672,0.07249253563619512,0.0724925356361936,0.07249253563619201,0.07249253563619042,0.0724925356361888,0.07249253563618722,0.07249253563618564,0.07249253563618409,0.0724925356361825,0.07249253563618087,0.07249253563617929,0.07249253563617772,0.07249253563617614,0.07249253563617432,0.07249253563617279,0.07249253563617122,0.07249253563616964,0.07249253563616805,0.07249253563616645,0.07249253563616488,0.07249253563616331,0.0724925356361617,0.07249253563616012,0.07249253563615854,0.07249253563615699,0.07249253563615538,0.07249253563615381,0.07249253563615221,0.07249253563615063,0.07249253563614906,0.07249253563614746,0.0724925356361459,0.0724925356361443,0.07249253563614272,0.07249253563614112,0.07249253563613954,0.07249253563613793,0.07249253563613638,0.07249253563613477,0.0724925356361332,0.07249253563613163,0.07249253563613005,0.07249253563612844,0.07249253563612686,0.07249253563612526,0.07249253563612366,0.07249253563612212,0.07249253563612054,0.07249253563611896,0.07249253563611736,0.07249253563611578,0.07249253563611417,0.07249253563611262,0.07249253563611102,0.07249253563610947,0.07249253563610787,0.07249253563610632,0.07249253563610471,0.07249253563610313,0.07249253563610154,0.07249253563609995,0.07249253563609838,0.07249253563609678,0.07249253563609517,0.07249253563609362,0.07249253563609202,0.07249253563609047,0.07249253563608889,0.07249253563608728,0.0724925356360857,0.07249253563608413,0.07249253563608253,0.07249253563608098,0.07249253563607945,0.07249253563607784,0.07249253563607624,0.07249253563607466,0.07249253563607308,0.07249253563607148,0.0724925356360699,0.07249253563606833,0.07249253563606674,0.07249253563606517,0.07249253563606357,0.07249253563606199,0.07249253563606042,0.07249253563605881,0.07249253563605723,0.07249253563605565,0.07249253563605405,0.07249253563605246,0.07249253563605089,0.07249253563604931,0.07249253563604771,0.07249253563604614,0.07249253563604457,0.07249253563604299,0.07249253563604138,0.07249253563603979,0.07249253563603819,0.07249253563603665,0.07249253563603504,0.07249253563603346,0.07249253563603186,0.0724925356360303,0.07249253563602868,0.0724925356360271,0.07249253563602549,0.07249253563602394,0.07249253563602234,0.07249253563602073,0.07249253563601919,0.07249253563601761,0.072492535636016,0.0724925356360144,0.07249253563601284,0.0724925356360112,0.07249253563600964,0.07249253563600809,0.0724925356360065,0.0724925356360049,0.07249253563600332,0.07249253563600173,0.07249253563600015,0.07249253563599854,0.07249253563599693,0.07249253563599534,0.07249253563599373,0.07249253563599216,0.07249253563599053,0.07249253563598895,0.07249253563598736,0.07249253563598582,0.07249253563598422,0.07249253563598264,0.07249253563598106,0.07249253563597946,0.07249253563597786,0.07249253563597628,0.07249253563597471,0.07249253563597312,0.07249253563597151,0.07249253563596994,0.07249253563596836,0.07249253563596678,0.07249253563596515,0.0724925356359636,0.07249253563596202,0.07249253563596042,0.07249253563595887,0.07249253563595728,0.07249253563595573,0.07249253563595412,0.07249253563595251,0.07249253563595094,0.07249253563594936,0.07249253563594778,0.0724925356359462,0.0724925356359446,0.07249253563594303,0.07249253563594145,0.07249253563593985,0.07249253563593828,0.07249253563593669,0.07249253563593511,0.07249253563593355,0.07249253563593196,0.07249253563593036,0.07249253563592875,0.0724925356359272,0.07249253563592559,0.072492535635924,0.07249253563592241,0.07249253563592087,0.07249253563591926,0.07249253563591769,0.07249253563591608,0.0724925356359145,0.07249253563591292,0.0724925356359113,0.07249253563590974,0.07249253563590816,0.07249253563590657,0.07249253563590498,0.07249253563590341,0.07249253563590181,0.07249253563590022,0.07249253563589865,0.07249253563589707,0.07249253563589547,0.07249253563589389,0.07249253563589228,0.0724925356358907,0.07249253563588909,0.0724925356358875,0.07249253563588595,0.07249253563588437,0.07249253563588277,0.07249253563588125,0.07249253563587961,0.07249253563587799,0.07249253563587645,0.07249253563587485,0.07249253563587327,0.07249253563587169,0.0724925356358701,0.07249253563586851,0.07249253563586695,0.07249253563586534,0.07249253563586375,0.07249253563586217,0.07249253563586057,0.07249253563585899,0.07249253563585739,0.0724925356358558,0.07249253563585421,0.07249253563585263,0.07249253563585105,0.07249253563584947,0.07249253563584789,0.07249253563584632,0.07249253563584472,0.07249253563584312,0.07249253563584156,0.07249253563583995,0.07249253563583839,0.07249253563583678,0.07249253563583519,0.07249253563583366,0.07249253563583202,0.07249253563583047,0.07249253563582887,0.07249253563582729,0.07249253563582572,0.07249253563582413,0.07249253563582254,0.07249253563582098,0.0724925356358194,0.07249253563581777,0.07249253563581617,0.07249253563581462,0.072492535635813,0.07249253563581141,0.07249253563580982,0.07249253563580821,0.07249253563580665,0.07249253563580509,0.07249253563580349,0.0724925356358019,0.07249253563580031,0.07249253563579873,0.07249253563579718,0.07249253563579557,0.072492535635794,0.07249253563579237,0.0724925356357908,0.07249253563578924,0.07249253563578764,0.07249253563578607,0.07249253563578449,0.0724925356357829,0.07249253563578131,0.07249253563577975,0.07249253563577815,0.07249253563577658,0.07249253563577497,0.0724925356357734,0.0724925356357718,0.0724925356357702,0.07249253563576862,0.07249253563576702,0.07249253563576544,0.07249253563576387,0.07249253563576231,0.07249253563576072,0.07249253563575911,0.07249253563575754,0.07249253563575594,0.07249253563575438,0.07249253563575277,0.07249253563575117,0.07249253563574959,0.07249253563574796,0.07249253563574641,0.0724925356357448,0.07249253563574322,0.07249253563574165,0.07249253563574005,0.07249253563573846,0.07249253563573688,0.0724925356357353,0.0724925356357337,0.0724925356357321,0.07249253563573055,0.07249253563572891,0.07249253563572734,0.07249253563572575,0.07249253563572416,0.07249253563572258,0.07249253563572101,0.07249253563571945,0.07249253563571785,0.07249253563571628,0.07249253563571467,0.07249253563571312,0.0724925356357115,0.0724925356357099,0.07249253563570833,0.07249253563570673,0.07249253563570517,0.07249253563570357,0.072492535635702,0.07249253563570039,0.07249253563569881,0.07249253563569721,0.07249253563569563,0.07249253563569405,0.07249253563569245,0.07249253563569089,0.07249253563568928,0.07249253563568768,0.07249253563568608,0.07249253563568453,0.0724925356356829,0.07249253563568137,0.07249253563567976,0.07249253563567816,0.07249253563567656,0.07249253563567495,0.07249253563567339,0.07249253563567183,0.07249253563567025,0.07249253563566864,0.07249253563566707,0.07249253563566548,0.0724925356356639,0.07249253563566228,0.07249253563566073,0.07249253563565915,0.07249253563565757,0.07249253563565598,0.07249253563565437,0.07249253563565278,0.07249253563565122,0.07249253563564961,0.07249253563564802,0.07249253563564645,0.07249253563564485,0.07249253563564326,0.07249253563564165,0.07249253563564008,0.07249253563563847,0.07249253563563689,0.07249253563563532,0.07249253563563374,0.07249253563563215,0.07249253563563056,0.07249253563562898,0.07249253563562752,0.0724925356356259,0.07249253563562429,0.07249253563562269,0.07249253563562108,0.07249253563561953,0.07249253563561793,0.07249253563561635,0.07249253563561475,0.07249253563561317,0.07249253563561152,0.07249253563560995,0.07249253563560837,0.07249253563560676,0.07249253563560518,0.07249253563560362,0.07249253563560203,0.07249253563560042,0.07249253563559885,0.07249253563559728,0.07249253563559567,0.07249253563559407,0.07249253563559248,0.0724925356355909,0.07249253563558931,0.07249253563558773,0.07249253563558615,0.07249253563558458,0.07249253563558297,0.07249253563558138,0.07249253563557978,0.07249253563557823,0.07249253563557664,0.07249253563557508,0.07249253563557347,0.07249253563557188,0.0724925356355703,0.0724925356355687,0.07249253563556715,0.07249253563556556,0.07249253563556399,0.07249253563556238,0.0724925356355608,0.07249253563555923,0.07249253563555765,0.07249253563555605,0.07249253563555445,0.07249253563555286,0.07249253563555126,0.07249253563554968,0.07249253563554808,0.07249253563554654,0.07249253563554493,0.07249253563554336,0.07249253563554178,0.0724925356355402,0.0724925356355386,0.07249253563553694,0.07249253563553534,0.07249253563553375,0.07249253563553218,0.0724925356355306,0.07249253563552902,0.07249253563552742,0.07249253563552582,0.07249253563552424,0.07249253563552267,0.07249253563552108,0.07249253563551948,0.07249253563551789,0.07249253563551629,0.0724925356355147,0.07249253563551311,0.07249253563551152,0.07249253563550997,0.07249253563550838,0.07249253563550678,0.07249253563550519,0.0724925356355036,0.07249253563550202,0.07249253563550043,0.07249253563549886,0.07249253563549725,0.07249253563549567,0.0724925356354941,0.0724925356354925,0.0724925356354909,0.07249253563548935,0.07249253563548774,0.07249253563548615,0.07249253563548458,0.07249253563548298,0.07249253563548139,0.0724925356354798,0.07249253563547825,0.07249253563547664,0.07249253563547507,0.07249253563547346,0.07249253563547188,0.07249253563547027,0.07249253563546872,0.07249253563546709,0.0724925356354655,0.07249253563546394,0.07249253563546233,0.07249253563546078,0.07249253563545917,0.07249253563545757,0.072492535635456,0.07249253563545445,0.07249253563545287,0.07249253563545126,0.07249253563544968,0.0724925356354481,0.07249253563544647,0.07249253563544489,0.07249253563544333,0.07249253563544174,0.07249253563544014,0.07249253563543856,0.07249253563543698,0.07249253563543538,0.07249253563543384,0.07249253563543223,0.07249253563543066,0.07249253563542907,0.07249253563542747,0.07249253563542586,0.0724925356354243,0.0724925356354227,0.07249253563542113,0.07249253563541953,0.07249253563541795,0.07249253563541636,0.07249253563541477,0.07249253563541319,0.07249253563541158,0.07249253563541001,0.07249253563540842,0.07249253563540685,0.07249253563540527,0.07249253563540367,0.0724925356354021,0.0724925356354005,0.07249253563539888,0.07249253563539733,0.07249253563539576,0.07249253563539416,0.07249253563539261,0.072492535635391,0.07249253563538939,0.07249253563538782,0.07249253563538623,0.07249253563538464,0.07249253563538305,0.07249253563538147,0.07249253563537986,0.07249253563537832,0.0724925356353767,0.07249253563537514,0.07249253563537353,0.07249253563537196,0.07249253563537038,0.07249253563536875,0.07249253563536719,0.0724925356353656,0.07249253563536401,0.07249253563536243,0.07249253563536083,0.07249253563535925,0.07249253563535765,0.07249253563535606,0.07249253563535447,0.07249253563535286,0.07249253563535131,0.07249253563534973,0.07249253563534812,0.07249253563534655,0.07249253563534495,0.07249253563534336,0.07249253563534179,0.07249253563534022,0.07249253563533861,0.07249253563533702,0.07249253563533546,0.07249253563533387,0.07249253563533226,0.0724925356353307,0.07249253563532912,0.07249253563532751,0.07249253563532594,0.07249253563532433,0.07249253563532275,0.07249253563532115,0.07249253563531959,0.07249253563531799,0.07249253563531641,0.07249253563531481,0.07249253563531322,0.07249253563531163,0.07249253563531009,0.07249253563530846,0.07249253563530687,0.07249253563530529,0.07249253563530368,0.07249253563530207,0.07249253563530052,0.0724925356352989,0.07249253563529733,0.07249253563529573,0.07249253563529415,0.07249253563529254,0.07249253563529094,0.07249253563528937,0.0724925356352878,0.07249253563528618,0.07249253563528459,0.07249253563528302,0.07249253563528144,0.07249253563527984,0.07249253563527827,0.07249253563527673,0.07249253563527512,0.07249253563527353,0.07249253563527196,0.07249253563527036,0.07249253563526878,0.07249253563526717,0.07249253563526559,0.07249253563526402,0.07249253563526241,0.07249253563526081,0.07249253563525923,0.07249253563525763,0.07249253563525605,0.07249253563525448,0.07249253563525286,0.07249253563525127,0.0724925356352497,0.07249253563524813,0.07249253563524653,0.07249253563524492,0.07249253563524335,0.07249253563524176,0.07249253563524015,0.07249253563523858,0.07249253563523698,0.07249253563523538,0.07249253563523379,0.07249253563523218,0.07249253563523057,0.072492535635229,0.07249253563522745,0.07249253563522585,0.07249253563522426,0.07249253563522265,0.07249253563522104,0.07249253563521946,0.07249253563521785,0.0724925356352163,0.07249253563521468,0.07249253563521309,0.07249253563521155,0.07249253563520992,0.07249253563520837,0.07249253563520677,0.07249253563520523,0.07249253563520362,0.07249253563520203,0.07249253563520043,0.07249253563519883,0.07249253563519728,0.07249253563519568,0.0724925356351941,0.07249253563519249,0.07249253563519094,0.07249253563518931,0.07249253563518776,0.07249253563518615,0.07249253563518455,0.07249253563518296,0.07249253563518135,0.07249253563517978,0.0724925356351782,0.0724925356351766,0.07249253563517503,0.07249253563517345,0.07249253563517186,0.07249253563517026,0.07249253563516868,0.0724925356351671,0.07249253563516549,0.07249253563516392,0.07249253563516232,0.07249253563516071,0.07249253563515912,0.0724925356351575,0.07249253563515588,0.07249253563515434,0.07249253563515275,0.07249253563515116,0.07249253563514954,0.07249253563514799,0.07249253563514639,0.07249253563514482,0.07249253563514323,0.07249253563514163,0.07249253563514002,0.07249253563513845,0.07249253563513687,0.07249253563513526,0.0724925356351337,0.07249253563513212,0.07249253563513053,0.07249253563512895,0.07249253563512732,0.07249253563512575,0.07249253563512414,0.07249253563512258,0.072492535635121,0.0724925356351194,0.0724925356351178,0.07249253563511622,0.07249253563511464,0.07249253563511307,0.07249253563511146,0.07249253563510985,0.0724925356351083,0.0724925356351067,0.07249253563510509,0.0724925356351035,0.07249253563510191,0.07249253563510033,0.07249253563509876,0.07249253563509718,0.07249253563509556,0.07249253563509399,0.07249253563509238,0.07249253563509077,0.0724925356350892,0.0724925356350876,0.07249253563508604,0.07249253563508443,0.07249253563508284,0.07249253563508123,0.07249253563507965,0.07249253563507806,0.07249253563507645,0.07249253563507485,0.07249253563507327,0.0724925356350717,0.07249253563507008,0.0724925356350685,0.07249253563506691,0.07249253563506529,0.07249253563506373,0.07249253563506212,0.07249253563506051,0.07249253563505892,0.07249253563505736,0.07249253563505575,0.07249253563505419,0.07249253563505258,0.07249253563505098,0.07249253563504938,0.0724925356350478,0.07249253563504623,0.07249253563504464,0.07249253563504304,0.07249253563504145,0.07249253563503982,0.07249253563503824,0.07249253563503662,0.07249253563503505,0.07249253563503348,0.07249253563503184,0.0724925356350303,0.07249253563502871,0.07249253563502712,0.07249253563502556,0.07249253563502395,0.07249253563502236,0.07249253563502078,0.07249253563501909,0.0724925356350175,0.07249253563501594,0.07249253563501434,0.07249253563501276,0.07249253563501115,0.07249253563500961,0.072492535635008,0.07249253563500645,0.07249253563500484,0.07249253563500321,0.07249253563500165,0.07249253563500006,0.07249253563499847,0.07249253563499689,0.0724925356349953,0.07249253563499371,0.07249253563499213,0.07249253563499053,0.07249253563498893,0.07249253563498735,0.07249253563498574,0.07249253563498413,0.07249253563498259,0.07249253563498101,0.07249253563497939,0.07249253563497782,0.07249253563497622,0.07249253563497463,0.07249253563497306,0.07249253563497143,0.07249253563496985,0.07249253563496826,0.07249253563496666,0.07249253563496508,0.0724925356349635,0.07249253563496193,0.07249253563496033,0.07249253563495875,0.07249253563495715,0.07249253563495557,0.07249253563495398,0.07249253563495238,0.07249253563495082,0.0724925356349492,0.07249253563494762,0.07249253563494604,0.07249253563494444,0.07249253563494285,0.07249253563494125,0.07249253563493965,0.07249253563493804,0.07249253563493649,0.0724925356349349,0.07249253563493328,0.07249253563493172,0.07249253563493012,0.07249253563492851,0.0724925356349269,0.07249253563492536,0.07249253563492376,0.07249253563492218,0.07249253563492059,0.07249253563491896,0.07249253563491738,0.07249253563491581,0.07249253563491424,0.07249253563491262,0.07249253563491104,0.07249253563490943,0.07249253563490785,0.07249253563490626,0.07249253563490467,0.07249253563490307,0.07249253563490149,0.0724925356348999,0.07249253563489827,0.0724925356348967,0.07249253563489513,0.07249253563489355,0.07249253563489193,0.07249253563489033,0.07249253563488875,0.0724925356348872,0.07249253563488557,0.07249253563488399,0.07249253563488241,0.07249253563488081,0.07249253563487924,0.07249253563487762,0.07249253563487601,0.07249253563487447,0.07249253563487289,0.07249253563487129,0.07249253563486971,0.07249253563486811,0.07249253563486655,0.07249253563486495,0.07249253563486335,0.07249253563486174,0.07249253563486016,0.07249253563485854,0.07249253563485698,0.07249253563485537,0.07249253563485382,0.07249253563485222,0.07249253563485063,0.07249253563484905,0.07249253563484745,0.07249253563484585,0.07249253563484427,0.07249253563484268,0.07249253563484108,0.07249253563483948,0.07249253563483789,0.07249253563483632,0.0724925356348347,0.0724925356348331,0.07249253563483153,0.07249253563482994,0.07249253563482833,0.07249253563482677,0.07249253563482516,0.07249253563482357,0.07249253563482196,0.07249253563482036,0.07249253563481876,0.0724925356348172,0.07249253563481557,0.07249253563481403,0.07249253563481242,0.07249253563481085,0.07249253563480924,0.07249253563480768,0.07249253563480607,0.07249253563480446,0.07249253563480289,0.07249253563480129,0.0724925356347997,0.07249253563479811,0.07249253563479652,0.07249253563479492,0.07249253563479333,0.07249253563479173,0.07249253563479015,0.07249253563478858,0.07249253563478697,0.07249253563478539,0.07249253563478378,0.0724925356347822,0.07249253563478063,0.072492535634779,0.07249253563477745,0.07249253563477585,0.07249253563477429,0.07249253563477269,0.07249253563477107,0.07249253563476947,0.07249253563476787,0.07249253563476629,0.0724925356347647,0.0724925356347631,0.0724925356347615,0.0724925356347599,0.07249253563475833,0.07249253563475674,0.07249253563475513,0.07249253563475352,0.07249253563475198,0.07249253563475037,0.07249253563474879,0.07249253563474724,0.07249253563474567,0.07249253563474406,0.07249253563474246,0.07249253563474088,0.07249253563473927,0.07249253563473769,0.07249253563473614,0.07249253563473454,0.07249253563473292,0.07249253563473135,0.07249253563472977,0.07249253563472817,0.0724925356347266,0.07249253563472499,0.0724925356347234,0.07249253563472181,0.0724925356347202,0.07249253563471861,0.07249253563471703,0.07249253563471544,0.07249253563471385,0.07249253563471225,0.07249253563471068,0.07249253563470906,0.0724925356347075,0.07249253563470592,0.07249253563470431,0.07249253563470273,0.07249253563470115,0.07249253563469954,0.07249253563469796,0.07249253563469636,0.07249253563469475,0.07249253563469316,0.07249253563469157,0.07249253563468998,0.07249253563468837,0.07249253563468681,0.07249253563468519,0.07249253563468364,0.07249253563468203,0.07249253563468043,0.07249253563467886,0.07249253563467727,0.07249253563467567,0.07249253563467406,0.0724925356346725,0.07249253563467088,0.07249253563466931,0.07249253563466772,0.07249253563466614,0.07249253563466454,0.07249253563466293,0.07249253563466133,0.07249253563465978,0.07249253563465816,0.07249253563465657,0.07249253563465496,0.07249253563465338,0.07249253563465177,0.07249253563465018,0.07249253563464858,0.07249253563464698,0.0724925356346454,0.0724925356346438,0.07249253563464221,0.07249253563464063,0.07249253563463903,0.07249253563463744,0.07249253563463588,0.07249253563463426,0.07249253563463269,0.07249253563463112,0.07249253563462954,0.07249253563462793,0.07249253563462633,0.07249253563462475,0.07249253563462316,0.07249253563462156,0.07249253563461994,0.07249253563461835,0.07249253563461676,0.07249253563461518,0.07249253563461362,0.07249253563461201,0.07249253563461042,0.07249253563460883,0.07249253563460724,0.07249253563460566,0.07249253563460405,0.07249253563460246,0.07249253563460088,0.07249253563459929,0.07249253563459772,0.07249253563459611,0.07249253563459451,0.07249253563459294,0.07249253563459132,0.07249253563458972,0.0724925356345881,0.07249253563458655,0.07249253563458494,0.07249253563458333,0.07249253563458175,0.07249253563458014,0.07249253563457855,0.07249253563457697,0.0724925356345754,0.07249253563457383,0.07249253563457224,0.07249253563457064,0.07249253563456903,0.07249253563456744,0.07249253563456583,0.07249253563456425,0.07249253563456264,0.07249253563456105,0.07249253563455949,0.07249253563455789,0.07249253563455631,0.07249253563455473,0.07249253563455312,0.07249253563455153,0.07249253563454994,0.07249253563454838,0.07249253563454679,0.0724925356345452,0.07249253563454361,0.07249253563454201,0.07249253563454044,0.07249253563453886,0.07249253563453728,0.07249253563453566,0.07249253563453409,0.07249253563453248,0.0724925356345309,0.0724925356345293,0.07249253563452772,0.0724925356345261,0.07249253563452451,0.07249253563452294,0.07249253563452135,0.07249253563451981,0.07249253563451818,0.07249253563451659,0.07249253563451498,0.07249253563451336,0.07249253563451177,0.07249253563451016,0.07249253563450861,0.07249253563450699,0.07249253563450545,0.07249253563450378,0.07249253563450224,0.07249253563450067,0.07249253563449903,0.07249253563449747,0.07249253563449588,0.07249253563449432,0.07249253563449268,0.07249253563449111,0.07249253563448951,0.0724925356344879,0.07249253563448632,0.07249253563448471,0.07249253563448317,0.07249253563448155,0.07249253563447997,0.07249253563447837,0.07249253563447677,0.07249253563447518,0.0724925356344736,0.07249253563447201,0.07249253563447039,0.07249253563446885,0.07249253563446724,0.07249253563446564,0.07249253563446408,0.07249253563446245,0.07249253563446084,0.07249253563445922,0.07249253563445765,0.07249253563445608,0.0724925356344545,0.0724925356344529,0.0724925356344513,0.07249253563444971,0.07249253563444812,0.07249253563444653,0.07249253563444492,0.07249253563444337,0.07249253563444173,0.07249253563444018,0.07249253563443857,0.07249253563443696,0.07249253563443538,0.0724925356344338,0.07249253563443221,0.07249253563443063,0.07249253563442902,0.07249253563442742,0.07249253563442586,0.07249253563442422,0.07249253563442262,0.07249253563442101,0.07249253563441942,0.07249253563441783,0.07249253563441624,0.07249253563441467,0.07249253563441306,0.07249253563441146,0.07249253563440987,0.07249253563440829,0.07249253563440668,0.07249253563440507,0.07249253563440351,0.0724925356344019,0.07249253563440032,0.07249253563439872,0.07249253563439712,0.07249253563439552,0.07249253563439396,0.07249253563439233,0.07249253563439073,0.07249253563438916,0.07249253563438757,0.07249253563438596,0.07249253563438435,0.07249253563438278,0.0724925356343812,0.07249253563437959,0.07249253563437803,0.07249253563437641,0.07249253563437481,0.07249253563437323,0.07249253563437162,0.07249253563437005,0.07249253563436843,0.07249253563436683,0.07249253563436522,0.07249253563436367,0.07249253563436207,0.07249253563436049,0.07249253563435888,0.0724925356343573,0.07249253563435569,0.07249253563435414,0.07249253563435253,0.07249253563435093,0.07249253563434933,0.07249253563434774,0.07249253563434614,0.07249253563434453,0.07249253563434295,0.07249253563434135,0.07249253563433979,0.0724925356343382,0.0724925356343366,0.072492535634335,0.07249253563433337,0.07249253563433176,0.0724925356343302,0.07249253563432859,0.07249253563432702,0.07249253563432538,0.07249253563432381,0.07249253563432222,0.07249253563432062,0.07249253563431905,0.07249253563431744,0.07249253563431589,0.07249253563431428,0.0724925356343127,0.07249253563431109,0.07249253563430952,0.0724925356343079,0.07249253563430633,0.07249253563430472,0.07249253563430313,0.07249253563430154,0.07249253563429996,0.07249253563429839,0.07249253563429678,0.07249253563429515,0.07249253563429357,0.072492535634292,0.07249253563429041,0.07249253563428881,0.07249253563428722,0.07249253563428563,0.07249253563428404,0.07249253563428243,0.07249253563428083,0.07249253563427924,0.07249253563427764,0.07249253563427607,0.07249253563427444,0.07249253563427287,0.07249253563427124,0.07249253563426969,0.072492535634268,0.0724925356342664,0.07249253563426482,0.07249253563426325,0.07249253563426167,0.07249253563426007,0.07249253563425846,0.07249253563425688,0.07249253563425527,0.07249253563425369,0.07249253563425209,0.07249253563425051,0.07249253563424889,0.07249253563424732,0.07249253563424571,0.07249253563424413,0.0724925356342425,0.0724925356342409,0.07249253563423934,0.07249253563423771,0.07249253563423617,0.07249253563423456,0.07249253563423298,0.07249253563423137,0.07249253563422975,0.07249253563422818,0.07249253563422657,0.07249253563422497,0.0724925356342234,0.0724925356342218,0.0724925356342202,0.07249253563421859,0.07249253563421702,0.07249253563421541,0.07249253563421383,0.07249253563421222,0.07249253563421067,0.07249253563420906,0.07249253563420746,0.07249253563420585,0.07249253563420426,0.07249253563420266,0.07249253563420104,0.07249253563419943,0.07249253563419784,0.07249253563419626,0.07249253563419468,0.07249253563419307,0.07249253563419149,0.07249253563418988,0.0724925356341883,0.07249253563418667,0.07249253563418509,0.07249253563418348,0.07249253563418191,0.0724925356341803,0.07249253563417873,0.07249253563417711,0.0724925356341755,0.0724925356341739,0.07249253563417238,0.0724925356341708,0.0724925356341692,0.0724925356341676,0.072492535634166,0.07249253563416438,0.0724925356341628,0.07249253563416122,0.07249253563415967,0.07249253563415804,0.07249253563415643,0.07249253563415484,0.07249253563415324,0.07249253563415166,0.07249253563415005,0.07249253563414845,0.07249253563414684,0.07249253563414526,0.07249253563414369,0.07249253563414208,0.0724925356341405,0.0724925356341389,0.07249253563413728,0.07249253563413569,0.07249253563413409,0.07249253563413252,0.07249253563413094,0.07249253563412932,0.07249253563412775,0.07249253563412615,0.07249253563412454,0.07249253563412295,0.07249253563412136,0.07249253563411977,0.07249253563411819,0.0724925356341166,0.07249253563411498,0.07249253563411338,0.07249253563411182,0.0724925356341102,0.07249253563410864,0.07249253563410703,0.07249253563410543,0.07249253563410382,0.07249253563410223,0.07249253563410062,0.07249253563409902,0.07249253563409744,0.07249253563409583,0.07249253563409427,0.07249253563409266,0.07249253563409108,0.07249253563408947,0.0724925356340879,0.07249253563408627,0.07249253563408467,0.07249253563408307,0.07249253563408148,0.07249253563407991,0.07249253563407833,0.07249253563407672,0.07249253563407512,0.07249253563407351,0.07249253563407194,0.07249253563407032,0.07249253563406877,0.07249253563406717,0.07249253563406557,0.07249253563406396,0.07249253563406237,0.07249253563406077,0.07249253563405918,0.07249253563405758,0.07249253563405597,0.07249253563405442,0.0724925356340528,0.0724925356340512,0.0724925356340496,0.07249253563404802,0.07249253563404642,0.07249253563404483,0.07249253563404322,0.07249253563404165,0.07249253563404003,0.07249253563403844,0.07249253563403688,0.07249253563403527,0.07249253563403367,0.07249253563403207,0.07249253563403046,0.07249253563402888,0.0724925356340273,0.0724925356340257,0.0724925356340241,0.07249253563402253,0.0724925356340209,0.0724925356340193,0.07249253563401771,0.07249253563401614,0.07249253563401452,0.07249253563401294,0.07249253563401133,0.07249253563400973,0.07249253563400813,0.07249253563400654,0.07249253563400496,0.07249253563400339,0.07249253563400178,0.0724925356340002,0.07249253563399857,0.07249253563399699,0.07249253563399537,0.07249253563399378,0.0724925356339922,0.07249253563399059,0.07249253563398902,0.0724925356339874,0.07249253563398582,0.07249253563398421,0.07249253563398264,0.07249253563398103,0.07249253563397944,0.07249253563397781,0.07249253563397626,0.07249253563397465,0.07249253563397307,0.07249253563397147,0.07249253563396986,0.07249253563396829,0.07249253563396668,0.07249253563396507,0.07249253563396349,0.0724925356339619,0.0724925356339603,0.07249253563395873,0.07249253563395712,0.07249253563395552,0.07249253563395393,0.07249253563395237,0.07249253563395075,0.07249253563394918,0.07249253563394756,0.07249253563394595,0.07249253563394437,0.07249253563394276,0.07249253563394116,0.07249253563393956,0.07249253563393797,0.07249253563393637,0.07249253563393478,0.0724925356339332,0.07249253563393158,0.07249253563392999,0.0724925356339284,0.07249253563392682,0.07249253563392519,0.07249253563392362,0.07249253563392202,0.07249253563392044,0.07249253563391883,0.07249253563391725,0.07249253563391564,0.07249253563391403,0.07249253563391243,0.07249253563391082,0.07249253563390926,0.07249253563390767,0.07249253563390606,0.07249253563390447,0.07249253563390286,0.07249253563390128,0.0724925356338997,0.0724925356338981,0.07249253563389649,0.07249253563389488,0.07249253563389328,0.07249253563389169,0.07249253563389005,0.07249253563388848,0.07249253563388693,0.07249253563388536,0.07249253563388379,0.0724925356338822,0.07249253563388058,0.07249253563387897,0.07249253563387742,0.0724925356338758,0.07249253563387423,0.07249253563387263,0.07249253563387102,0.07249253563386941,0.07249253563386782,0.07249253563386622,0.07249253563386464,0.07249253563386303,0.07249253563386146,0.07249253563385984,0.07249253563385825,0.07249253563385667,0.07249253563385509,0.07249253563385347,0.07249253563385188,0.07249253563385027,0.07249253563384869,0.0724925356338471,0.07249253563384551,0.0724925356338439,0.07249253563384231,0.0724925356338407,0.0724925356338391,0.07249253563383752,0.07249253563383591,0.07249253563383434,0.07249253563383273,0.07249253563383111,0.07249253563382954,0.07249253563382792,0.07249253563382635,0.07249253563382478,0.07249253563382317,0.07249253563382159,0.07249253563381998,0.07249253563381841,0.07249253563381677,0.07249253563381519,0.07249253563381362,0.07249253563381201,0.07249253563381042,0.07249253563380881,0.07249253563380724,0.0724925356338056,0.07249253563380402,0.0724925356338024,0.07249253563380081,0.0724925356337992,0.07249253563379762,0.07249253563379603,0.07249253563379443,0.07249253563379285,0.07249253563379125,0.07249253563378964,0.07249253563378803,0.07249253563378644,0.07249253563378488,0.07249253563378327,0.0724925356337817,0.07249253563378008,0.0724925356337785,0.07249253563377689,0.07249253563377528,0.07249253563377368,0.07249253563377214,0.0724925356337705,0.07249253563376892,0.07249253563376734,0.07249253563376576,0.07249253563376414,0.07249253563376258,0.07249253563376098,0.07249253563375938,0.07249253563375778,0.07249253563375618,0.07249253563375456,0.07249253563375295,0.07249253563375137,0.07249253563374976,0.07249253563374815,0.0724925356337466,0.07249253563374497,0.07249253563374339,0.0724925356337418,0.07249253563374024,0.07249253563373863,0.07249253563373702,0.07249253563373541,0.07249253563373381,0.07249253563373222,0.07249253563373063,0.07249253563372902,0.07249253563372743,0.07249253563372585,0.07249253563372425,0.07249253563372265,0.07249253563372106,0.07249253563371946,0.07249253563371785,0.07249253563371624,0.07249253563371465,0.07249253563371304,0.07249253563371147,0.07249253563370985,0.07249253563370826,0.0724925356337067,0.07249253563370509,0.07249253563370348,0.07249253563370188,0.07249253563370027,0.07249253563369872,0.07249253563369709,0.07249253563369557,0.07249253563369396,0.07249253563369243,0.0724925356336908,0.07249253563368918,0.0724925356336876,0.07249253563368598,0.0724925356336844,0.07249253563368278,0.0724925356336812,0.07249253563367962,0.07249253563367801,0.07249253563367641,0.07249253563367482,0.07249253563367321,0.07249253563367165,0.07249253563367004,0.07249253563366845,0.07249253563366685,0.07249253563366524,0.07249253563366365,0.07249253563366206,0.07249253563366048,0.07249253563365887,0.07249253563365726,0.07249253563365572,0.0724925356336541,0.07249253563365252,0.07249253563365089,0.07249253563364931,0.07249253563364771,0.0724925356336461,0.07249253563364454,0.07249253563364291,0.07249253563364136,0.07249253563363973,0.07249253563363814,0.07249253563363656,0.07249253563363496,0.07249253563363334,0.07249253563363174,0.07249253563363013,0.07249253563362858,0.072492535633627,0.07249253563362537,0.07249253563362379,0.07249253563362217,0.0724925356336206,0.07249253563361897,0.07249253563361735,0.0724925356336158,0.07249253563361421,0.07249253563361262,0.07249253563361102,0.07249253563360941,0.0724925356336078,0.07249253563360619,0.07249253563360464,0.07249253563360303,0.07249253563360142,0.07249253563359984,0.07249253563359821,0.07249253563359663,0.07249253563359503,0.07249253563359345,0.07249253563359187,0.07249253563359026,0.07249253563358868,0.07249253563358707,0.07249253563358544,0.07249253563358384,0.07249253563358224,0.07249253563358064,0.07249253563357907,0.07249253563357749,0.07249253563357588,0.07249253563357429,0.07249253563357269,0.07249253563357111,0.07249253563356951,0.0724925356335679,0.07249253563356631,0.0724925356335647,0.07249253563356313,0.07249253563356155,0.07249253563355995,0.07249253563355834,0.07249253563355677,0.07249253563355514,0.07249253563355355,0.07249253563355194,0.07249253563355033,0.07249253563354875,0.07249253563354716,0.07249253563354557,0.07249253563354399,0.07249253563354238,0.07249253563354077,0.07249253563353922,0.07249253563353761,0.07249253563353603,0.0724925356335344,0.0724925356335328,0.07249253563353122,0.0724925356335296,0.072492535633528,0.0724925356335264,0.07249253563352481,0.07249253563352323,0.07249253563352162,0.07249253563352001,0.07249253563351842,0.0724925356335168,0.07249253563351524,0.07249253563351361,0.07249253563351199,0.07249253563351044,0.07249253563350881,0.07249253563350726,0.07249253563350565,0.07249253563350402,0.07249253563350241,0.07249253563350083,0.07249253563349922,0.07249253563349761,0.07249253563349606,0.07249253563349445,0.07249253563349284,0.07249253563349126,0.07249253563348965,0.07249253563348806,0.07249253563348643,0.07249253563348486,0.07249253563348326,0.07249253563348168,0.07249253563348007,0.07249253563347846,0.07249253563347687,0.07249253563347528,0.07249253563347369,0.0724925356334721,0.0724925356334705,0.07249253563346887,0.0724925356334673,0.07249253563346572,0.07249253563346411,0.07249253563346252,0.07249253563346089,0.07249253563345931,0.07249253563345771,0.07249253563345613,0.07249253563345454,0.07249253563345295,0.07249253563345134,0.07249253563344975,0.07249253563344815,0.07249253563344654,0.07249253563344499,0.07249253563344338,0.07249253563344177,0.07249253563344016,0.07249253563343853,0.07249253563343697,0.07249253563343536,0.07249253563343376,0.07249253563343216,0.07249253563343061,0.07249253563342899,0.0724925356334274,0.0724925356334258,0.07249253563342418,0.0724925356334226,0.07249253563342099,0.07249253563341941,0.07249253563341782,0.07249253563341618,0.07249253563341458,0.07249253563341299,0.07249253563341139,0.07249253563340978,0.07249253563340821,0.07249253563340657,0.07249253563340499,0.07249253563340341,0.07249253563340181,0.0724925356334002,0.07249253563339861,0.07249253563339698,0.0724925356333954,0.07249253563339371,0.07249253563339209,0.07249253563339052,0.07249253563338892,0.07249253563338731,0.07249253563338572,0.07249253563338412,0.07249253563338251,0.07249253563338091,0.0724925356333793,0.0724925356333777,0.07249253563337613,0.0724925356333745,0.07249253563337293,0.07249253563337132,0.07249253563336971,0.07249253563336815,0.07249253563336654,0.07249253563336493,0.07249253563336332,0.07249253563336175,0.07249253563336013,0.07249253563335854,0.07249253563335695,0.07249253563335534,0.07249253563335376,0.07249253563335213,0.07249253563335052,0.07249253563334894,0.07249253563334734,0.07249253563334572,0.07249253563334414,0.07249253563334254,0.07249253563334093,0.07249253563333935,0.07249253563333775,0.07249253563333616,0.07249253563333455,0.07249253563333295,0.07249253563333136,0.07249253563332975,0.07249253563332815,0.07249253563332657,0.07249253563332497,0.07249253563332338,0.07249253563332178,0.0724925356333202,0.07249253563331859,0.07249253563331699,0.0724925356333154,0.07249253563331379,0.07249253563331216,0.07249253563331055,0.07249253563330896,0.07249253563330733,0.07249253563330578,0.07249253563330418,0.07249253563330257,0.07249253563330095,0.07249253563329935,0.07249253563329774,0.07249253563329615,0.07249253563329455,0.07249253563329297,0.07249253563329135,0.07249253563328978,0.07249253563328817,0.07249253563328657,0.07249253563328499,0.07249253563328338,0.07249253563328181,0.0724925356332802,0.07249253563327858,0.072492535633277,0.0724925356332754,0.07249253563327382,0.07249253563327224,0.07249253563327064,0.07249253563326903,0.07249253563326741,0.07249253563326583,0.07249253563326422,0.07249253563326265,0.07249253563326104,0.07249253563325947,0.07249253563325785,0.07249253563325625,0.07249253563325467,0.07249253563325306,0.07249253563325145,0.07249253563324987,0.07249253563324826,0.07249253563324666,0.07249253563324509,0.07249253563324347,0.0724925356332419,0.07249253563324036,0.07249253563323875,0.07249253563323713,0.07249253563323553,0.0724925356332339,0.07249253563323231,0.07249253563323073,0.07249253563322912,0.07249253563322754,0.07249253563322597,0.07249253563322437,0.07249253563322278,0.07249253563322118,0.07249253563321957,0.07249253563321797,0.07249253563321638,0.07249253563321477,0.07249253563321319,0.07249253563321156,0.07249253563320998,0.07249253563320837,0.07249253563320678,0.07249253563320517,0.07249253563320356,0.07249253563320196,0.07249253563320045,0.07249253563319882,0.07249253563319723,0.07249253563319562,0.07249253563319404,0.07249253563319243,0.07249253563319082,0.07249253563318922,0.07249253563318764,0.07249253563318606,0.07249253563318445,0.07249253563318284,0.07249253563318125,0.07249253563317964,0.07249253563317805,0.07249253563317644,0.07249253563317483,0.07249253563317327,0.07249253563317165,0.07249253563317005,0.07249253563316845,0.07249253563316685,0.07249253563316524,0.07249253563316366,0.07249253563316206,0.07249253563316044,0.07249253563315881,0.07249253563315727,0.07249253563315566,0.07249253563315407,0.07249253563315244,0.07249253563315085,0.07249253563314924,0.07249253563314766,0.0724925356331461,0.07249253563314445,0.07249253563314287,0.0724925356331413,0.07249253563313968,0.07249253563313807,0.0724925356331365,0.07249253563313487,0.07249253563313326,0.07249253563313171,0.07249253563313011,0.0724925356331285,0.0724925356331269,0.07249253563312531,0.07249253563312369,0.07249253563312211,0.0724925356331205,0.07249253563311889,0.07249253563311726,0.07249253563311568,0.07249253563311411,0.07249253563311249,0.07249253563311091,0.07249253563310933,0.0724925356331077,0.07249253563310608,0.07249253563310447,0.07249253563310291,0.07249253563310128,0.0724925356330997,0.0724925356330981,0.07249253563309646,0.0724925356330949,0.0724925356330933,0.0724925356330917,0.07249253563309009,0.07249253563308852,0.07249253563308693,0.0724925356330853,0.07249253563308372,0.07249253563308213,0.07249253563308052,0.07249253563307889,0.07249253563307734,0.07249253563307574,0.07249253563307412,0.07249253563307255,0.07249253563307094,0.07249253563306934,0.07249253563306775,0.07249253563306615,0.07249253563306451,0.07249253563306293,0.07249253563306132,0.07249253563305977,0.07249253563305816,0.07249253563305655,0.07249253563305495,0.07249253563305336,0.07249253563305175,0.07249253563305014,0.07249253563304854,0.07249253563304697,0.07249253563304535,0.07249253563304374,0.07249253563304216,0.07249253563304053,0.07249253563303892,0.07249253563303733,0.07249253563303572,0.07249253563303411,0.07249253563303251,0.07249253563303094,0.07249253563302933,0.07249253563302772,0.07249253563302614,0.07249253563302452,0.07249253563302291,0.07249253563302131,0.07249253563301972,0.07249253563301815,0.07249253563301654,0.07249253563301496,0.07249253563301335,0.07249253563301175,0.07249253563301014,0.07249253563300856,0.07249253563300698,0.07249253563300538,0.07249253563300379,0.0724925356330022,0.0724925356330006,0.07249253563299898,0.07249253563299737,0.07249253563299578,0.07249253563299418,0.07249253563299256,0.07249253563299098,0.07249253563298937,0.07249253563298777,0.07249253563298619,0.07249253563298458,0.07249253563298295,0.07249253563298139,0.0724925356329798,0.07249253563297821,0.07249253563297661,0.072492535632975,0.07249253563297338,0.07249253563297177,0.07249253563297015,0.07249253563296858,0.072492535632967,0.07249253563296543,0.07249253563296382,0.07249253563296221,0.0724925356329606,0.07249253563295899,0.07249253563295736,0.07249253563295578,0.07249253563295421,0.0724925356329526,0.07249253563295104,0.07249253563294941,0.07249253563294782,0.0724925356329462,0.0724925356329446,0.07249253563294304,0.07249253563294142,0.07249253563293982,0.07249253563293824,0.07249253563293664,0.07249253563293502,0.07249253563293344,0.07249253563293183,0.07249253563293023,0.07249253563292862,0.07249253563292701,0.0724925356329254,0.07249253563292381,0.07249253563292225,0.07249253563292063,0.07249253563291906,0.07249253563291747,0.07249253563291586,0.07249253563291423,0.07249253563291264,0.07249253563291105,0.07249253563290947,0.07249253563290786,0.07249253563290627,0.0724925356329047,0.07249253563290309,0.07249253563290148,0.0724925356328999,0.07249253563289829,0.0724925356328967,0.07249253563289508,0.07249253563289351,0.07249253563289187,0.0724925356328903,0.07249253563288868,0.07249253563288707,0.07249253563288549,0.07249253563288387,0.07249253563288229,0.07249253563288066,0.0724925356328791,0.0724925356328775,0.07249253563287589,0.0724925356328743,0.0724925356328727,0.07249253563287109,0.07249253563286946,0.07249253563286788,0.07249253563286626,0.07249253563286465,0.07249253563286305,0.07249253563286147,0.07249253563285984,0.07249253563285826,0.07249253563285664,0.07249253563285506,0.07249253563285345,0.07249253563285188,0.07249253563285026,0.0724925356328487,0.07249253563284709,0.0724925356328455,0.07249253563284386,0.07249253563284228,0.07249253563284067,0.07249253563283906,0.07249253563283743,0.07249253563283586,0.07249253563283427,0.07249253563283269,0.0724925356328311,0.0724925356328295,0.07249253563282791,0.07249253563282632,0.0724925356328247,0.0724925356328231,0.07249253563282147,0.07249253563281989,0.0724925356328183,0.07249253563281671,0.07249253563281512,0.07249253563281352,0.07249253563281192,0.07249253563281033,0.07249253563280873,0.07249253563280714,0.07249253563280553,0.07249253563280393,0.07249253563280234,0.07249253563280073,0.07249253563279914,0.07249253563279753,0.07249253563279594,0.07249253563279433,0.07249253563279272,0.07249253563279115,0.07249253563278953,0.07249253563278796,0.07249253563278632,0.07249253563278475,0.07249253563278313,0.07249253563278153,0.07249253563277992,0.07249253563277828,0.07249253563277668,0.07249253563277505,0.07249253563277348,0.07249253563277189,0.07249253563277033,0.07249253563276871,0.0724925356327671,0.07249253563276552,0.07249253563276392,0.0724925356327623,0.07249253563276072,0.07249253563275909,0.07249253563275751,0.07249253563275593,0.0724925356327543,0.0724925356327527,0.0724925356327511,0.0724925356327495,0.07249253563274789,0.07249253563274628,0.0724925356327447,0.07249253563274309,0.07249253563274152,0.0724925356327399,0.07249253563273832,0.07249253563273671,0.0724925356327351,0.07249253563273347,0.07249253563273186,0.0724925356327303,0.07249253563272866,0.07249253563272708,0.07249253563272547,0.07249253563272384,0.07249253563272229,0.07249253563272068,0.07249253563271905,0.07249253563271746,0.07249253563271585,0.07249253563271427,0.07249253563271264,0.07249253563271107,0.07249253563270946,0.07249253563270788,0.07249253563270625,0.07249253563270464,0.07249253563270304,0.07249253563270144,0.07249253563269985,0.07249253563269825,0.07249253563269668,0.07249253563269509,0.07249253563269345,0.07249253563269185,0.07249253563269029,0.07249253563268868,0.07249253563268707,0.07249253563268551,0.07249253563268389,0.0724925356326823,0.07249253563268067,0.07249253563267909,0.07249253563267748,0.07249253563267591,0.07249253563267427,0.07249253563267273,0.07249253563267112,0.07249253563266954,0.07249253563266793,0.07249253563266632,0.07249253563266472,0.07249253563266311,0.0724925356326615,0.07249253563265991,0.07249253563265831,0.0724925356326567,0.07249253563265512,0.07249253563265351,0.0724925356326519,0.07249253563265029,0.0724925356326487,0.07249253563264707,0.07249253563264549,0.07249253563264388,0.07249253563264228,0.07249253563264069,0.0724925356326391,0.07249253563263748,0.0724925356326359,0.07249253563263429,0.07249253563263268,0.0724925356326311,0.07249253563262947,0.07249253563262792,0.07249253563262628,0.0724925356326247,0.0724925356326231,0.0724925356326215,0.07249253563261988,0.07249253563261826,0.07249253563261664,0.07249253563261504,0.07249253563261344,0.07249253563261188,0.07249253563261025,0.07249253563260867,0.07249253563260706,0.07249253563260546,0.07249253563260386,0.07249253563260227,0.07249253563260065,0.07249253563259908,0.07249253563259749,0.0724925356325959,0.07249253563259428,0.07249253563259264,0.07249253563259107,0.07249253563258945,0.07249253563258784,0.07249253563258623,0.07249253563258466,0.07249253563258301,0.07249253563258146,0.07249253563257987,0.07249253563257825,0.07249253563257665,0.07249253563257506,0.07249253563257343,0.07249253563257183,0.07249253563257023,0.07249253563256865,0.07249253563256704,0.07249253563256544,0.07249253563256385,0.07249253563256226,0.07249253563256064,0.07249253563255907,0.07249253563255748,0.07249253563255585,0.07249253563255427,0.07249253563255266,0.07249253563255106,0.07249253563254944,0.07249253563254784,0.07249253563254625,0.07249253563254465,0.07249253563254303,0.07249253563254146,0.07249253563253985,0.07249253563253828,0.07249253563253667,0.07249253563253508,0.07249253563253345,0.07249253563253184,0.07249253563253026,0.07249253563252864,0.07249253563252708,0.07249253563252549,0.07249253563252385,0.07249253563252228,0.07249253563252066,0.07249253563251906,0.07249253563251744,0.07249253563251583,0.07249253563251426,0.07249253563251266,0.07249253563251107,0.07249253563250946,0.07249253563250785,0.07249253563250624,0.07249253563250466,0.07249253563250302,0.07249253563250144,0.07249253563249984,0.0724925356324982,0.07249253563249664,0.07249253563249501,0.07249253563249343,0.07249253563249183,0.07249253563249021,0.07249253563248861,0.07249253563248699,0.0724925356324854,0.07249253563248377,0.07249253563248223,0.07249253563248059,0.072492535632479,0.07249253563247741,0.0724925356324758,0.07249253563247421,0.07249253563247261,0.07249253563247099,0.07249253563246938,0.0724925356324678,0.07249253563246616,0.0724925356324646,0.07249253563246298,0.0724925356324614,0.07249253563245979,0.07249253563245818,0.07249253563245658,0.07249253563245502,0.07249253563245342,0.07249253563245178,0.07249253563245021,0.07249253563244859,0.07249253563244701,0.07249253563244538,0.07249253563244377,0.07249253563244218,0.07249253563244056,0.07249253563243899,0.0724925356324374,0.07249253563243578,0.07249253563243419,0.07249253563243259,0.072492535632431,0.07249253563242938,0.07249253563242779,0.07249253563242619,0.07249253563242458,0.07249253563242299,0.0724925356324214,0.07249253563241981,0.0724925356324182,0.0724925356324166,0.07249253563241498,0.07249253563241338,0.07249253563241179,0.07249253563241018,0.07249253563240861,0.07249253563240703,0.0724925356324054,0.07249253563240379,0.07249253563240217,0.07249253563240059,0.072492535632399,0.07249253563239741,0.07249253563239583,0.07249253563239422,0.0724925356323926,0.072492535632391,0.07249253563238937,0.07249253563238778,0.07249253563238618,0.07249253563238461,0.072492535632383,0.07249253563238141,0.07249253563237981,0.0724925356323782,0.0724925356323766,0.072492535632375,0.07249253563237343,0.0724925356323718,0.07249253563237021,0.07249253563236857,0.072492535632367,0.07249253563236538,0.07249253563236378,0.07249253563236217,0.07249253563236058,0.07249253563235897,0.0724925356323574,0.07249253563235579,0.07249253563235418,0.07249253563235258,0.07249253563235099,0.07249253563234939,0.0724925356323478,0.0724925356323462,0.07249253563234462,0.07249253563234301,0.0724925356323414,0.07249253563233979,0.07249253563233818,0.07249253563233658,0.07249253563233497,0.07249253563233338,0.07249253563233177,0.07249253563233016,0.07249253563232858,0.07249253563232697,0.07249253563232538,0.07249253563232377,0.07249253563232216,0.07249253563232058,0.07249253563231897,0.07249253563231736,0.07249253563231578,0.07249253563231418,0.07249253563231257,0.07249253563231095,0.07249253563230937,0.07249253563230774,0.07249253563230613,0.07249253563230457,0.07249253563230296,0.07249253563230135,0.07249253563229976,0.07249253563229817,0.07249253563229655,0.07249253563229495,0.07249253563229335,0.07249253563229173,0.07249253563229016,0.07249253563228855,0.07249253563228693,0.07249253563228536,0.07249253563228374,0.07249253563228215,0.07249253563228053,0.07249253563227895,0.07249253563227732,0.07249253563227576,0.07249253563227413,0.07249253563227256,0.07249253563227093,0.07249253563226934,0.07249253563226775,0.07249253563226614,0.07249253563226454,0.07249253563226296,0.07249253563226138,0.07249253563225974,0.07249253563225817,0.07249253563225655,0.07249253563225495,0.07249253563225336,0.07249253563225175,0.07249253563225014,0.07249253563224856,0.07249253563224697,0.07249253563224531,0.07249253563224375,0.07249253563224214,0.07249253563224055,0.07249253563223894,0.07249253563223736,0.07249253563223577,0.07249253563223416,0.07249253563223258,0.07249253563223096,0.07249253563222936,0.07249253563222775,0.07249253563222613,0.07249253563222455,0.07249253563222295,0.07249253563222134,0.07249253563221973,0.07249253563221814,0.07249253563221651,0.07249253563221492,0.0724925356322133,0.0724925356322117,0.0724925356322101,0.07249253563220849,0.07249253563220688,0.07249253563220528,0.07249253563220368,0.07249253563220208,0.07249253563220044,0.07249253563219887,0.07249253563219726,0.0724925356321957,0.07249253563219406,0.07249253563219249,0.07249253563219085,0.07249253563218926,0.07249253563218763,0.07249253563218602,0.0724925356321844,0.07249253563218283,0.07249253563218125,0.07249253563217965,0.07249253563217803,0.07249253563217645,0.07249253563217481,0.0724925356321732,0.07249253563217159,0.07249253563217,0.07249253563216838,0.0724925356321668,0.0724925356321652,0.07249253563216361,0.07249253563216201,0.0724925356321604,0.0724925356321588,0.0724925356321572,0.07249253563215563,0.07249253563215402,0.07249253563215241,0.0724925356321508,0.0724925356321492,0.07249253563214761,0.07249253563214599,0.07249253563214439,0.07249253563214277,0.07249253563214117,0.07249253563213957,0.072492535632138,0.0724925356321364,0.0724925356321348,0.07249253563213319,0.07249253563213158,0.07249253563212997,0.07249253563212837,0.07249253563212679,0.07249253563212518,0.07249253563212357,0.07249253563212195,0.07249253563212037,0.07249253563211876,0.07249253563211715,0.07249253563211555,0.07249253563211391,0.07249253563211235,0.07249253563211071,0.07249253563210913,0.07249253563210752,0.07249253563210592,0.07249253563210431,0.07249253563210269,0.07249253563210109,0.07249253563209948,0.0724925356320979,0.07249253563209629,0.07249253563209472,0.07249253563209312,0.0724925356320915,0.07249253563208988,0.07249253563208828,0.07249253563208666,0.07249253563208508,0.07249253563208348,0.07249253563208191,0.07249253563208027,0.07249253563207869,0.07249253563207708,0.07249253563207547,0.07249253563207385,0.07249253563207227,0.07249253563207064,0.07249253563206906,0.07249253563206744,0.07249253563206587,0.07249253563206424,0.07249253563206266,0.07249253563206104,0.07249253563205946,0.07249253563205782,0.07249253563205622,0.07249253563205463,0.07249253563205299,0.07249253563205142,0.07249253563204981,0.07249253563204819,0.0724925356320466,0.072492535632045,0.07249253563204339,0.07249253563204176,0.0724925356320402,0.07249253563203857,0.07249253563203696,0.07249253563203535,0.07249253563203374,0.07249253563203217,0.07249253563203056,0.07249253563202897,0.07249253563202733,0.07249253563202573,0.07249253563202414,0.07249253563202253,0.07249253563202093,0.07249253563201932,0.07249253563201771,0.07249253563201609,0.07249253563201451,0.07249253563201288,0.07249253563201132,0.07249253563200969,0.0724925356320081,0.0724925356320065,0.0724925356320049,0.07249253563200328,0.07249253563200166,0.07249253563200006,0.07249253563199846,0.0724925356319969,0.07249253563199529,0.07249253563199366,0.07249253563199207,0.07249253563199046,0.07249253563198885,0.07249253563198725,0.07249253563198567,0.07249253563198406,0.07249253563198245,0.07249253563198084,0.07249253563197924,0.07249253563197765,0.07249253563197605,0.07249253563197444,0.07249253563197285,0.07249253563197126,0.07249253563196965,0.07249253563196804,0.07249253563196645,0.07249253563196482,0.07249253563196324,0.07249253563196163,0.07249253563196004,0.07249253563195841,0.07249253563195686,0.07249253563195523,0.07249253563195364,0.07249253563195206,0.07249253563195042,0.07249253563194884,0.07249253563194723,0.07249253563194563,0.07249253563194401,0.07249253563194243,0.0724925356319408,0.07249253563193923,0.07249253563193762,0.07249253563193601,0.0724925356319344,0.0724925356319328,0.07249253563193123,0.07249253563192957,0.072492535631928,0.0724925356319264,0.07249253563192481,0.0724925356319232,0.07249253563192161,0.07249253563192,0.07249253563191838,0.0724925356319168,0.0724925356319152,0.0724925356319136,0.07249253563191199,0.07249253563191038,0.0724925356319088,0.07249253563190716,0.07249253563190557,0.07249253563190396,0.07249253563190236,0.07249253563190075,0.07249253563189917,0.07249253563189757,0.07249253563189598,0.07249253563189435,0.07249253563189274,0.07249253563189116,0.07249253563188954,0.07249253563188794,0.07249253563188633,0.07249253563188474,0.07249253563188315,0.07249253563188152,0.0724925356318799,0.07249253563187832,0.0724925356318767,0.07249253563187512,0.07249253563187351,0.07249253563187188,0.07249253563187028,0.0724925356318687,0.07249253563186708,0.07249253563186547,0.07249253563186384,0.07249253563186224,0.07249253563186063,0.07249253563185903,0.07249253563185742,0.07249253563185583,0.07249253563185423,0.07249253563185264,0.07249253563185104,0.0724925356318494,0.07249253563184783,0.07249253563184624,0.07249253563184463,0.07249253563184303,0.07249253563184141,0.0724925356318398,0.07249253563183819,0.0724925356318366,0.072492535631835,0.07249253563183339,0.07249253563183178,0.07249253563183015,0.07249253563182857,0.07249253563182696,0.07249253563182537,0.07249253563182373,0.07249253563182216,0.07249253563182054,0.07249253563181894,0.07249253563181733,0.0724925356318157,0.07249253563181413,0.07249253563181252,0.0724925356318109,0.0724925356318093,0.07249253563180773,0.07249253563180609,0.07249253563180452,0.0724925356318029,0.07249253563180129,0.07249253563179968,0.07249253563179807,0.07249253563179647,0.07249253563179484,0.07249253563179324,0.07249253563179166,0.07249253563179009,0.07249253563178845,0.07249253563178686,0.07249253563178526,0.07249253563178365,0.07249253563178203,0.07249253563178042,0.07249253563177882,0.0724925356317772,0.07249253563177563,0.072492535631774,0.0724925356317724,0.07249253563177079,0.0724925356317692,0.0724925356317676,0.07249253563176598,0.07249253563176437,0.07249253563176279,0.0724925356317612,0.07249253563175957,0.07249253563175795,0.07249253563175634,0.07249253563175473,0.07249253563175312,0.07249253563175152,0.0724925356317499,0.07249253563174833,0.07249253563174671,0.07249253563174514,0.07249253563174352,0.0724925356317419,0.07249253563174031,0.07249253563173869,0.07249253563173712,0.07249253563173552,0.07249253563173391,0.0724925356317323,0.07249253563173065,0.07249253563172903,0.07249253563172746,0.07249253563172586,0.07249253563172427,0.07249253563172266,0.07249253563172106,0.07249253563171947,0.07249253563171783,0.07249253563171623,0.07249253563171465,0.07249253563171304,0.07249253563171143,0.07249253563170986,0.07249253563170822,0.0724925356317066,0.072492535631705,0.07249253563170338,0.07249253563170177,0.07249253563170018,0.07249253563169857,0.07249253563169697,0.07249253563169533,0.07249253563169374,0.07249253563169213,0.0724925356316905,0.0724925356316889,0.0724925356316873,0.07249253563168569,0.07249253563168409,0.07249253563168252,0.07249253563168091,0.07249253563167929,0.07249253563167767,0.07249253563167607,0.07249253563167447,0.07249253563167288,0.0724925356316713,0.07249253563166967,0.07249253563166805,0.07249253563166645,0.07249253563166486,0.07249253563166325,0.07249253563166162,0.07249253563166004,0.0724925356316584,0.07249253563165678,0.07249253563165518,0.07249253563165359,0.07249253563165196,0.07249253563165035,0.07249253563164879,0.07249253563164719,0.07249253563164554,0.07249253563164397,0.07249253563164236,0.07249253563164076,0.07249253563163915,0.07249253563163754,0.07249253563163593,0.07249253563163435,0.07249253563163274,0.07249253563163116,0.07249253563162952,0.07249253563162794,0.07249253563162635,0.07249253563162471,0.07249253563162313,0.07249253563162152,0.07249253563161989,0.07249253563161834,0.07249253563161671,0.0724925356316151,0.0724925356316135,0.0724925356316119,0.07249253563161026,0.07249253563160865,0.07249253563160707,0.07249253563160546,0.07249253563160386,0.07249253563160223,0.07249253563160064,0.07249253563159899,0.07249253563159742,0.07249253563159583,0.0724925356315942,0.0724925356315926,0.07249253563159097,0.07249253563158937,0.07249253563158778,0.07249253563158617,0.07249253563158456,0.07249253563158299,0.07249253563158137,0.07249253563157977,0.07249253563157818,0.07249253563157654,0.07249253563157496,0.07249253563157335,0.07249253563157175,0.07249253563157011,0.07249253563156853,0.07249253563156692,0.07249253563156531,0.0724925356315637,0.07249253563156213,0.07249253563156052,0.07249253563155889,0.07249253563155732,0.0724925356315557,0.07249253563155407,0.0724925356315525,0.07249253563155088,0.07249253563154928,0.07249253563154767,0.07249253563154606,0.07249253563154445,0.07249253563154283,0.07249253563154122,0.07249253563153964,0.07249253563153801,0.07249253563153639,0.07249253563153478,0.07249253563153318,0.07249253563153157,0.07249253563152998,0.07249253563152838,0.07249253563152676,0.07249253563152516,0.07249253563152358,0.07249253563152197,0.07249253563152039,0.07249253563151879,0.0724925356315172,0.07249253563151556,0.07249253563151396,0.07249253563151233,0.07249253563151076,0.07249253563150915,0.07249253563150754,0.07249253563150596,0.07249253563150435,0.07249253563150274,0.07249253563150113,0.07249253563149952,0.0724925356314979,0.07249253563149631,0.07249253563149469,0.07249253563149308,0.07249253563149147,0.07249253563148987,0.07249253563148826,0.07249253563148667,0.07249253563148506,0.07249253563148342,0.07249253563148181,0.07249253563148023,0.0724925356314786,0.07249253563147699,0.07249253563147537,0.0724925356314738,0.07249253563147219,0.07249253563147058,0.07249253563146899,0.07249253563146735,0.07249253563146575,0.07249253563146416,0.07249253563146255,0.07249253563146091,0.0724925356314593,0.07249253563145769,0.07249253563145613,0.0724925356314545,0.07249253563145291,0.0724925356314513,0.07249253563144968,0.0724925356314481,0.07249253563144649,0.0724925356314449,0.0724925356314433,0.07249253563144167,0.07249253563144006,0.07249253563143844,0.07249253563143683,0.07249253563143519,0.07249253563143362,0.07249253563143201,0.07249253563143042,0.07249253563142881,0.0724925356314272,0.0724925356314256,0.07249253563142395,0.07249253563142238,0.0724925356314208,0.07249253563141918,0.07249253563141757,0.07249253563141596,0.07249253563141435,0.07249253563141274,0.07249253563141117,0.07249253563140957,0.07249253563140798,0.07249253563140634,0.07249253563140472,0.07249253563140311,0.07249253563140151,0.07249253563139992,0.07249253563139829,0.07249253563139668,0.07249253563139507,0.0724925356313935,0.0724925356313919,0.07249253563139027,0.07249253563138866,0.07249253563138708,0.07249253563138544,0.07249253563138383,0.07249253563138223,0.07249253563138063,0.07249253563137903,0.0724925356313774,0.07249253563137581,0.07249253563137421,0.0724925356313726,0.07249253563137102,0.07249253563136938,0.07249253563136777,0.07249253563136616,0.07249253563136457,0.07249253563136294,0.07249253563136138,0.07249253563135977,0.07249253563135816,0.07249253563135653,0.07249253563135494,0.07249253563135333,0.07249253563135173,0.07249253563135015,0.07249253563134854,0.07249253563134694,0.0724925356313453,0.0724925356313437,0.07249253563134209,0.07249253563134048,0.07249253563133884,0.07249253563133724,0.07249253563133563,0.07249253563133405,0.07249253563133244,0.07249253563133082,0.07249253563132921,0.07249253563132763,0.07249253563132603,0.0724925356313244,0.07249253563132281,0.07249253563132119,0.07249253563131958,0.07249253563131798,0.07249253563131636,0.07249253563131475,0.07249253563131318,0.07249253563131158,0.07249253563130996,0.07249253563130835,0.07249253563130673,0.0724925356313051,0.0724925356313035,0.07249253563130192,0.07249253563130031,0.07249253563129873,0.07249253563129712,0.07249253563129551,0.07249253563129389,0.07249253563129228,0.0724925356312907,0.07249253563128907,0.07249253563128748,0.07249253563128587,0.0724925356312843,0.07249253563128268,0.07249253563128107,0.07249253563127947,0.07249253563127786,0.07249253563127624,0.07249253563127464,0.07249253563127302,0.07249253563127141,0.07249253563126978,0.07249253563126822,0.07249253563126659,0.07249253563126495,0.07249253563126339,0.07249253563126175,0.07249253563126014,0.07249253563125856,0.07249253563125693,0.07249253563125532,0.07249253563125373,0.07249253563125209,0.07249253563125048,0.07249253563124888,0.0724925356312473,0.07249253563124569,0.07249253563124408,0.07249253563124246,0.07249253563124086,0.07249253563123925,0.07249253563123766,0.07249253563123603
4,0.021049254644092432,0.02104925464409243,0.02104925464409243,0.02104925464409243,0.021049254644092432,0.02104925464409243,0.02104925464409243,0.02104925464409243,0.02104925464409243,0.021049254644092432,0.02104925464409243,0.02104925464409243,0.021049254644092432,0.02104925464409243,0.02104925464409243,0.02104925464409243,0.02104925464409243,0.02104925464409243,0.02104925464409243,0.021049254644092432,0.02104925464409243,0.02104925464409243,0.02104925464409243,0.021049254644092432,0.02104925464409243,0.02104925464409243,0.02104925464409243,0.021049254644092432,0.02104925464409243,0.02104925464409243,0.021049254644092432,0.02104925464409243,0.021049254644092432,0.021049254644092432,0.02104925464409243,0.02104925464409243,0.02104925464409243,0.02104925464409243,0.021049254644092432,0.02104925464409243,0.02104925464409243,0.021049254644092432,0.02104925464409243,0.02104925464409243,0.02104925464409243,0.02104925464409243,0.02104925464409243,0.02104925464409243,0.02104925464409243,0.02104925464409243,0.021049254644092432,0.02104925464409243,0.02104925464409243,0.02104925464409243,0.021049254644092432,0.021049254644092432,0.02104925464409243,0.02104925464409243,0.021049254644092432,0.02104925464409243,0.02104925464409243,0.021049254644092432,0.02104925464409243,0.02104925464409243,0.02104925464409243,0.021049254644092432,0.02104925464409243,0.02104925464409243,0.02104925464409243,0.021049254644092432,0.02104925464409243,0.02104925464409243,0.021049254644092432,0.02104925464409243,0.02104925464409243,0.02104925464409243,0.02104925464409243,0.021049254644092432,0.02104925464409243,0.02104925464409243,0.02104925464409243,0.02104925464409243,0.021049254644092432,0.02104925464409243,0.02104925464409243,0.02104925464409243,0.02104925464409243,0.021049254644092432,0.02104925464409243,0.02104925464409243,0.021049254644092432,0.02104925464409243,0.02104925464409243,0.02104925464409243,0.02104925464409243,0.02104925464409243,0.02104925464409243,0.02104925464409243,0.02104925464409243,0.02104925464409243,0.021049254644092432,0.02104925464409243,0.02104925464409243,0.02104925464409243,0.021049254644092432,0.02104925464409243,0.02104925464409243,0.021049254644092432,0.02104925464409243,0.02104925464409243,0.02104925464409243,0.02104925464409243,0.021049254644092432,0.02104925464409243,0.021049254644092432,0.02104925464409243,0.021049254644092432,0.021049254644092432,0.021049254644092432,0.02104925464409243,0.02104925464409243,0.02104925464409243,0.02104925464409243,0.02104925464409243,0.02104925464409243,0.02104925464409243,0.021049254644092432,0.021049254644092432,0.02104925464409243,0.02104925464409243,0.021049254644092432,0.02104925464409243,0.02104925464409243,0.02104925464409243,0.02104925464409243,0.021049254644092432,0.02104925464409243,0.02104925464409243,0.02104925464409243,0.02104925464409243,0.021049254644092432,0.02104925464409243,0.02104925464409243,0.02104925464409243,0.021049254644092432,0.02104925464409243,0.02104925464409243,0.02104925464409243,0.02104925464409243,0.021049254644092432,0.021049254644092432,0.021049254644092432,0.021049254644092432,0.021049254644092432,0.02104925464409243,0.02104925464409243,0.021049254644092432,0.02104925464409243,0.02104925464409243,0.02104925464409243,0.02104925464409243,0.021049254644092432,0.02104925464409243,0.02104925464409243,0.021049254644092432,0.02104925464409243,0.02104925464409243,0.02104925464409243,0.021049254644092432,0.02104925464409243,0.02104925464409243,0.02104925464409243,0.02104925464409243,0.02104925464409243,0.021049254644092432,0.021049254644092432,0.02104925464409243,0.02104925464409243,0.02104925464409243,0.02104925464409243,0.02104925464409243,0.02104925464409243,0.02104925464409243,0.02104925464409243,0.021049254644092432,0.021049254644092432,0.02104925464409243,0.021049254644092432,0.02104925464409243,0.02104925464409243,0.021049254644092432,0.02104925464409243,0.021049254644092432,0.02104925464409243,0.02104925464409243,0.021049254644092432,0.021049254644092432,0.021049254644092432,0.02104925464409243,0.02104925464409243,0.02104925464409243,0.02104925464409243,0.02104925464409243,0.02104925464409243,0.02104925464409243,0.021049254644092432,0.02104925464409243,0.021049254644092432,0.02104925464409243,0.021049254644092432,0.021049254644092432,0.021049254644092432,0.02104925464409243,0.021049254644092432,0.021049254644092432,0.02104925464409243,0.021049254644092432,0.021049254644092432,0.02104925464409243,0.02104925464409243,0.02104925464409243,0.02104925464409243,0.02104925464409243,0.021049254644092432,0.021049254644092432,0.02104925464409243,0.02104925464409243,0.021049254644092432,0.021049254644092432,0.021049254644092432,0.02104925464409243,0.02104925464409243,0.021049254644092432,0.021049254644092432,0.02104925464409243,0.02104925464409243,0.02104925464409243,0.021049254644092432,0.02104925464409243,0.02104925464409243,0.02104925464409243,0.021049254644092432,0.021049254644092432,0.021049254644092432,0.021049254644092432,0.02104925464409243,0.02104925464409243,0.02104925464409243,0.021049254644092432,0.02104925464409243,0.02104925464409243,0.02104925464409243,0.02104925464409243,0.02104925464409243,0.021049254644092432,0.02104925464409243,0.02104925464409243,0.02104925464409243,0.02104925464409243,0.02104925464409243,0.02104925464409243,0.02104925464409243,0.02104925464409243,0.02104925464409243,0.021049254644092432,0.02104925464409243,0.021049254644092432,0.02104925464409243,0.02104925464409243,0.02104925464409243,0.021049254644092432,0.02104925464409243,0.021049254644092432,0.021049254644092432,0.02104925464409243,0.02104925464409243,0.02104925464409243,0.02104925464409243,0.021049254644092432,0.02104925464409243,0.021049254644092432,0.02104925464409243,0.021049254644092432,0.021049254644092432,0.02104925464409243,0.02104925464409243,0.02104925464409243,0.021049254644092432,0.02104925464409243,0.02104925464409243,0.021049254644092432,0.02104925464409243,0.021049254644092432,0.02104925464409243,0.02104925464409243,0.021049254644092432,0.021049254644092432,0.02104925464409243,0.02104925464409243,0.02104925464409243,0.02104925464409243,0.02104925464409243,0.021049254644092432,0.02104925464409243,0.02104925464409243,0.02104925464409243,0.02104925464409243,0.02104925464409243,0.02104925464409243,0.02104925464409243,0.02104925464409243,0.02104925464409243,0.02104925464409243,0.021049254644092432,0.021049254644092432,0.021049254644092432,0.02104925464409243,0.02104925464409243,0.021049254644092432,0.02104925464409243,0.02104925464409243,0.02104925464409243,0.021049254644092432,0.02104925464409243,0.02104925464409243,0.02104925464409243,0.02104925464409243,0.021049254644092432,0.02104925464409243,0.02104925464409243,0.02104925464409243,0.02104925464409243,0.02104925464409243,0.021049254644092432,0.021049254644092432,0.02104925464409243,0.02104925464409243,0.02104925464409243,0.02104925464409243,0.021049254644092432,0.02104925464409243,0.02104925464409243,0.021049254644092432,0.02104925464409243,0.02104925464409243,0.02104925464409243,0.021049254644092432,0.02104925464409243,0.021049254644092432,0.02104925464409243,0.02104925464409243,0.02104925464409243,0.02104925464409243,0.021049254644092432,0.02104925464409243,0.02104925464409243,0.02104925464409243,0.021049254644092432,0.02104925464409243,0.02104925464409243,0.02104925464409243,0.02104925464409243,0.02104925464409243,0.02104925464409243,0.021049254644092432,0.02104925464409243,0.021049254644092432,0.02104925464409243,0.02104925464409243,0.02104925464409243,0.02104925464409243,0.021049254644092432,0.021049254644092432,0.021049254644092432,0.021049254644092432,0.02104925464409243,0.021049254644092432,0.021049254644092432,0.02104925464409243,0.02104925464409243,0.021049254644092432,0.02104925464409243,0.02104925464409243,0.021049254644092432,0.02104925464409243,0.02104925464409243,0.02104925464409243,0.021049254644092432,0.02104925464409243,0.02104925464409243,0.02104925464409243,0.021049254644092432,0.02104925464409243,0.02104925464409243,0.02104925464409243,0.021049254644092432,0.021049254644092432,0.02104925464409243,0.02104925464409243,0.02104925464409243,0.021049254644092432,0.021049254644092432,0.02104925464409243,0.021049254644092432,0.02104925464409243,0.02104925464409243,0.021049254644092432,0.02104925464409243,0.021049254644092432,0.02104925464409243,0.02104925464409243,0.021049254644092432,0.02104925464409243,0.02104925464409243,0.02104925464409243,0.021049254644092432,0.02104925464409243,0.021049254644092432,0.02104925464409243,0.021049254644092432,0.021049254644092432,0.02104925464409243,0.02104925464409243,0.02104925464409243,0.021049254644092432,0.02104925464409243,0.021049254644092432,0.02104925464409243,0.02104925464409243,0.02104925464409243,0.02104925464409243,0.02104925464409243,0.02104925464409243,0.021049254644092432,0.02104925464409243,0.02104925464409243,0.02104925464409243,0.021049254644092432,0.02104925464409243,0.02104925464409243,0.02104925464409243,0.021049254644092432,0.02104925464409243,0.02104925464409243,0.02104925464409243,0.021049254644092432,0.02104925464409243,0.021049254644092432,0.021049254644092432,0.02104925464409243,0.021049254644092432,0.02104925464409243,0.021049254644092432,0.02104925464409243,0.02104925464409243,0.021049254644092432,0.021049254644092432,0.021049254644092432,0.02104925464409243,0.02104925464409243,0.02104925464409243,0.02104925464409243,0.021049254644092432,0.02104925464409243,0.02104925464409243,0.021049254644092432,0.021049254644092432,0.021049254644092432,0.02104925464409243,0.02104925464409243,0.02104925464409243,0.021049254644092432,0.021049254644092432,0.021049254644092432,0.02104925464409243,0.02104925464409243,0.02104925464409243,0.021049254644092432,0.02104925464409243,0.02104925464409243,0.02104925464409243,0.02104925464409243,0.02104925464409243,0.02104925464409243,0.021049254644092432,0.02104925464409243,0.02104925464409243,0.02104925464409243,0.021049254644092432,0.02104925464409243,0.021049254644092432,0.02104925464409243,0.021049254644092432,0.021049254644092432,0.02104925464409243,0.02104925464409243,0.02104925464409243,0.02104925464409243,0.02104925464409243,0.02104925464409243,0.02104925464409243,0.02104925464409243,0.02104925464409243,0.021049254644092432,0.02104925464409243,0.021049254644092432,0.02104925464409243,0.021049254644092432,0.02104925464409243,0.02104925464409243,0.021049254644092432,0.02104925464409243,0.02104925464409243,0.02104925464409243,0.021049254644092432,0.02104925464409243,0.021049254644092432,0.021049254644092432,0.02104925464409243,0.021049254644092432,0.021049254644092432,0.02104925464409243,0.02104925464409243,0.02104925464409243,0.02104925464409243,0.02104925464409243,0.021049254644092432,0.02104925464409243,0.021049254644092432,0.02104925464409243,0.021049254644092432,0.02104925464409243,0.02104925464409243,0.02104925464409243,0.021049254644092432,0.02104925464409243,0.02104925464409243,0.021049254644092432,0.02104925464409243,0.02104925464409243,0.021049254644092432,0.02104925464409243,0.021049254644092432,0.02104925464409243,0.021049254644092432,0.021049254644092432,0.02104925464409243,0.02104925464409243,0.021049254644092432,0.02104925464409243,0.02104925464409243,0.021049254644092432,0.021049254644092432,0.02104925464409243,0.02104925464409243,0.02104925464409243,0.02104925464409243,0.021049254644092432,0.02104925464409243,0.02104925464409243,0.02104925464409243,0.02104925464409243,0.021049254644092432,0.02104925464409243,0.02104925464409243,0.021049254644092432,0.02104925464409243,0.02104925464409243,0.02104925464409243,0.02104925464409243,0.02104925464409243,0.021049254644092432,0.02104925464409243,0.02104925464409243,0.021049254644092432,0.021049254644092432,0.02104925464409243,0.02104925464409243,0.02104925464409243,0.021049254644092432,0.021049254644092432,0.02104925464409243,0.021049254644092432,0.021049254644092432,0.02104925464409243,0.02104925464409243,0.02104925464409243,0.02104925464409243,0.02104925464409243,0.021049254644092432,0.02104925464409243,0.021049254644092432,0.02104925464409243,0.021049254644092432,0.02104925464409243,0.021049254644092432,0.02104925464409243,0.02104925464409243,0.02104925464409243,0.02104925464409243,0.021049254644092432,0.021049254644092432,0.02104925464409243,0.02104925464409243,0.02104925464409243,0.02104925464409243,0.02104925464409243,0.02104925464409243,0.02104925464409243,0.021049254644092432,0.02104925464409243,0.02104925464409243,0.02104925464409243,0.02104925464409243,0.02104925464409243,0.02104925464409243,0.02104925464409243,0.02104925464409243,0.02104925464409243,0.02104925464409243,0.02104925464409243,0.021049254644092432,0.02104925464409243,0.02104925464409243,0.02104925464409243,0.02104925464409243,0.02104925464409243,0.02104925464409243,0.02104925464409243,0.02104925464409243,0.02104925464409243,0.021049254644092432,0.02104925464409243,0.02104925464409243,0.021049254644092432,0.02104925464409243,0.02104925464409243,0.021049254644092432,0.02104925464409243,0.021049254644092432,0.02104925464409243,0.02104925464409243,0.02104925464409243,0.02104925464409243,0.02104925464409243,0.021049254644092432,0.02104925464409243,0.02104925464409243,0.021049254644092432,0.02104925464409243,0.021049254644092432,0.021049254644092432,0.021049254644092432,0.02104925464409243,0.02104925464409243,0.021049254644092432,0.02104925464409243,0.021049254644092432,0.021049254644092432,0.02104925464409243,0.021049254644092432,0.02104925464409243,0.021049254644092432,0.02104925464409243,0.02104925464409243,0.021049254644092432,0.02104925464409243,0.02104925464409243,0.021049254644092432,0.02104925464409243,0.02104925464409243,0.021049254644092432,0.02104925464409243,0.02104925464409243,0.02104925464409243,0.021049254644092432,0.02104925464409243,0.02104925464409243,0.02104925464409243,0.02104925464409243,0.021049254644092432,0.02104925464409243,0.021049254644092432,0.02104925464409243,0.02104925464409243,0.021049254644092432,0.02104925464409243,0.02104925464409243,0.02104925464409243,0.02104925464409243,0.021049254644092432,0.02104925464409243,0.02104925464409243,0.02104925464409243,0.02104925464409243,0.02104925464409243,0.021049254644092432,0.021049254644092432,0.02104925464409243,0.02104925464409243,0.021049254644092432,0.021049254644092432,0.021049254644092432,0.02104925464409243,0.02104925464409243,0.021049254644092432,0.021049254644092432,0.021049254644092432,0.021049254644092432,0.02104925464409243,0.02104925464409243,0.02104925464409243,0.021049254644092432,0.02104925464409243,0.02104925464409243,0.02104925464409243,0.021049254644092432,0.02104925464409243,0.02104925464409243,0.021049254644092432,0.02104925464409243,0.02104925464409243,0.021049254644092432,0.02104925464409243,0.02104925464409243,0.02104925464409243,0.02104925464409243,0.021049254644092432,0.02104925464409243,0.02104925464409243,0.021049254644092432,0.02104925464409243,0.02104925464409243,0.021049254644092432,0.021049254644092432,0.02104925464409243,0.02104925464409243,0.021049254644092432,0.02104925464409243,0.021049254644092432,0.021049254644092432,0.021049254644092432,0.02104925464409243,0.02104925464409243,0.021049254644092432,0.02104925464409243,0.02104925464409243,0.021049254644092432,0.02104925464409243,0.021049254644092432,0.02104925464409243,0.02104925464409243,0.02104925464409243,0.02104925464409243,0.02104925464409243,0.021049254644092432,0.02104925464409243,0.02104925464409243,0.021049254644092432,0.02104925464409243,0.02104925464409243,0.021049254644092432,0.02104925464409243,0.021049254644092432,0.02104925464409243,0.02104925464409243,0.021049254644092432,0.02104925464409243,0.02104925464409243,0.02104925464409243,0.02104925464409243,0.02104925464409243,0.02104925464409243,0.02104925464409243,0.02104925464409243,0.02104925464409243,0.021049254644092432,0.02104925464409243,0.02104925464409243,0.02104925464409243,0.02104925464409243,0.021049254644092432,0.021049254644092432,0.02104925464409243,0.02104925464409243,0.021049254644092432,0.02104925464409243,0.02104925464409243,0.02104925464409243,0.02104925464409243,0.02104925464409243,0.02104925464409243,0.02104925464409243,0.02104925464409243,0.02104925464409243,0.021049254644092432,0.02104925464409243,0.021049254644092432,0.02104925464409243,0.021049254644092432,0.02104925464409243,0.02104925464409243,0.02104925464409243,0.02104925464409243,0.02104925464409243,0.021049254644092432,0.021049254644092432,0.02104925464409243,0.02104925464409243,0.02104925464409243,0.021049254644092432,0.02104925464409243,0.02104925464409243,0.02104925464409243,0.021049254644092432,0.02104925464409243,0.02104925464409243,0.02104925464409243,0.021049254644092432,0.02104925464409243,0.021049254644092432,0.021049254644092432,0.021049254644092432,0.02104925464409243,0.02104925464409243,0.02104925464409243,0.02104925464409243,0.02104925464409243,0.02104925464409243,0.02104925464409243,0.02104925464409243,0.021049254644092432,0.021049254644092432,0.021049254644092432,0.02104925464409243,0.02104925464409243,0.02104925464409243,0.02104925464409243,0.02104925464409243,0.02104925464409243,0.02104925464409243,0.02104925464409243,0.021049254644092432,0.02104925464409243,0.021049254644092432,0.021049254644092432,0.02104925464409243,0.02104925464409243,0.02104925464409243,0.02104925464409243,0.02104925464409243,0.02104925464409243,0.021049254644092432,0.02104925464409243,0.02104925464409243,0.02104925464409243,0.02104925464409243,0.02104925464409243,0.02104925464409243,0.02104925464409243,0.021049254644092432,0.021049254644092432,0.02104925464409243,0.021049254644092432,0.02104925464409243,0.02104925464409243,0.02104925464409243,0.02104925464409243,0.02104925464409243,0.02104925464409243,0.021049254644092432,0.021049254644092432,0.02104925464409243,0.02104925464409243,0.02104925464409243,0.021049254644092432,0.02104925464409243,0.02104925464409243,0.02104925464409243,0.02104925464409243,0.021049254644092432,0.021049254644092432,0.02104925464409243,0.02104925464409243,0.02104925464409243,0.02104925464409243,0.02104925464409243,0.02104925464409243,0.02104925464409243,0.02104925464409243,0.02104925464409243,0.02104925464409243,0.021049254644092432,0.02104925464409243,0.021049254644092432,0.02104925464409243,0.02104925464409243,0.02104925464409243,0.02104925464409243,0.02104925464409243,0.02104925464409243,0.02104925464409243,0.02104925464409243,0.02104925464409243,0.021049254644092432,0.02104925464409243,0.021049254644092432,0.021049254644092432,0.02104925464409243,0.02104925464409243,0.02104925464409243,0.021049254644092432,0.02104925464409243,0.02104925464409243,0.02104925464409243,0.02104925464409243,0.02104925464409243,0.02104925464409243,0.02104925464409243,0.021049254644092432,0.021049254644092432,0.021049254644092432,0.021049254644092432,0.02104925464409243,0.02104925464409243,0.02104925464409243,0.02104925464409243,0.02104925464409243,0.02104925464409243,0.02104925464409243,0.02104925464409243,0.02104925464409243,0.02104925464409243,0.02104925464409243,0.02104925464409243,0.02104925464409243,0.02104925464409243,0.02104925464409243,0.02104925464409243,0.02104925464409243,0.02104925464409243,0.02104925464409243,0.021049254644092432,0.02104925464409243,0.02104925464409243,0.02104925464409243,0.02104925464409243,0.02104925464409243,0.02104925464409243,0.02104925464409243,0.02104925464409243,0.02104925464409243,0.021049254644092432,0.02104925464409243,0.021049254644092432,0.02104925464409243,0.021049254644092432,0.02104925464409243,0.02104925464409243,0.021049254644092432,0.02104925464409243,0.021049254644092432,0.02104925464409243,0.02104925464409243,0.02104925464409243,0.02104925464409243,0.02104925464409243,0.02104925464409243,0.021049254644092432,0.021049254644092432,0.02104925464409243,0.021049254644092432,0.021049254644092432,0.02104925464409243,0.02104925464409243,0.02104925464409243,0.02104925464409243,0.021049254644092432,0.021049254644092432,0.02104925464409243,0.021049254644092432,0.02104925464409243,0.02104925464409243,0.02104925464409243,0.021049254644092432,0.02104925464409243,0.021049254644092432,0.02104925464409243,0.02104925464409243,0.02104925464409243,0.02104925464409243,0.021049254644092432,0.021049254644092432,0.02104925464409243,0.02104925464409243,0.02104925464409243,0.021049254644092432,0.02104925464409243,0.02104925464409243,0.02104925464409243,0.021044505761577313,0.021039528232578618,0.021034333520332748,0.021028932349474193,0.02102333468900316,0.021017549751491654,0.02101158600446087,0.02100545119062897,0.020999152354390444,0.02099269587244149,0.020986087486925757,0.02097933233984844,0.020972435007807703,0.02096539953633365,0.02095822947331594,0.020950927901153982,0.020943497467375,0.020935940413564794,0.020928258602516986,0.020920453543565393,0.020912526416098958,0.020904478091291253,0.02089630915209374,0.02088801991155872,0.020879610429564644,0.020871080528024007,0.02086242980465467,0.0208536576453969,0.020844763235556344,0.020835745569751353,0.020826603460738728,0.020817335547188537,0.020807940300475204,0.02079841603054707,0.02078876089092907,0.020778972882915667,0.020769049858998558,0.020758989525575564,0.020748789444978873,0.020738447036858947,0.020727959578955145,0.020717324207281188,0.020706537915749283,0.020695597555253475,0.020684499832229464,0.020673241306705267,0.02066181838985298,0.020650227341049696,0.020638464264452927,0.020626525105092084,0.020614405644475125,0.020602101495708222,0.02058960809812036,0.020576920711385078,0.020564034409127272,0.020550944072000817,0.02053764438021866,0.0205241298055163,0.020510394602524438,0.020496432799524344,0.02048223818855615,0.02046780431484771,0.020453124465523928,0.020438191657559324,0.02042299862492734,0.020407537804895168,0.020391801323412173,0.02037578097953016,0.02035946822879214,0.020342854165517073,0.020325929503901365,0.020308684557857976,0.02029110921949009,0.020273192936107562,0.02025492468566765,0.020236292950527635,0.020217285689361014,0.02019789030711089,0.02017809362280776,0.020157881835083435,0.02013724048518651,0.02011615441729328,0.020094607735880562,0.020072583759908728,0.020050064973534572,0.020027032973048534,0.02000346840969673,0.019979350928012143,0.019954659099244775,0.01992937034943155,0.01990346088159787,0.01987690559153491,0.019849677976520853,0.019821750036299313,0.019793092165539483,0.0197636730369206,0.019733459473877887,0.01970241631193815,0.01967050624744566,0.01963768967233165,0.019603924493417295,0.019569165934554635,0.019533366319693886,0.01949647483472489,0.01945843726566533,0.019419195710442306,0.019378688261162555,0.0193368486533399,0.019293605878071447,0.01924888375260814,0.019202600444126028,0.01915466794076096,0.01910499146315387,0.019053468808733126,0.0189999896198693,0.018944434565684544,0.018886674425828934,0.01882656906269506,0.018763966266584015,0.018698700455888128,0.018630591211643666,0.018559441622602094,0.01848503641330951,0.01840713982342021,0.018325493201656412,0.018239812272246515,0.018149784025509014,0.01805506317724181,0.01795526813402758,0.017849976393476758,0.017738719300232957,0.017620976070790325,0.017496166993946516,0.017363645710589428,0.01722269047919076,0.01707249434600471,0.016912154167618352,0.016740658487712223,0.016556874363485092,0.016359533389941363,0.016147217411242937,0.015918344772225815,0.015671158528827746,0.015403718773008154,0.015168308334013418,0.014857911448283207,0.014520776786472693,0.01415439447658279,0.013756248688779905,0.013323953746507003,0.012855447740536208,0.012349248930383581,0.011804769326606852,0.011222661874528203,0.010605154576351762,0.009956303028394953,0.00928208332208473,0.008590261404968208,0.00789001667966847,0.0071913567354933185,0.006504414699835665,0.005838748045001082,0.00520274819659044,0.004603231917394513,0.004045237019362794,0.0035320037508018466,0.003065098792792236,0.0026446313067064364,0.002269514962134838,0.0019377402329593355,0.0016466327536070566,0.001393083513863748,0.0011737441707914149,0.0009851858223629694,0.0008240227132339643,0.0006870040989979129,0.0005710783583357748,0.0004734337486818113,0.0003915201629781969,0.00032305598987695985,0.0002660237858454074,0.00021865798985881265,0.00017942739390109456,0.00014701456288489828,0.0001202939064442487,9.830966446489349e-05,8.025469132666579e-05,6.545061541231694e-05,5.3329708648032166e-05,4.341861936869482e-05,3.532399174385349e-05,2.8719907222865988e-05,2.3337027786710948e-05,1.8953290247106514e-05,1.538598748112716e-05,1.2485071367954842e-05,1.0127518899026281e-05,8.212614340047252e-06,6.658014181840632e-06,5.396476374185261e-06,4.373149968318872e-06,3.5433351638825937e-06,2.870636504139895e-06,2.325443419629093e-06,1.883682441693744e-06,1.5257942307743273e-06,1.2358961741962205e-06,1.0010978190230493e-06,8.109419206880065e-07,6.569485628320037e-07,5.322437067581318e-07,4.3125680466160056e-07,3.4947483386972917e-07,2.832423700843705e-07,2.295991885417167e-07,1.861484263887268e-07,1.509496115282662e-07,1.2243190866191808e-07,9.932379103600198e-08,8.059604903688268e-08,6.541562150570429e-08,5.3108205121285904e-08,4.3127980252172754e-08,3.5033103877616676e-08,2.8465874383320738e-08,2.3136679840390728e-08,1.8811009480897002e-08,1.5298944633806183e-08,1.2446656231724368e-08,1.0129525927297125e-08,8.246580777763767e-09,6.715990555807222e-09,5.471424623994724e-09,4.459104084242573e-09,3.6354163043857735e-09,2.9649843295921473e-09,2.4191042432219106e-09,1.9744801716573297e-09,1.6122000784643214e-09,1.3169063711604425e-09,1.0761241400569233e-09,8.797169608953781e-10,7.194459433836353e-10,5.88612356882438e-10,4.817679232890925e-10,3.944799061691801e-10,3.231405823426393e-10,2.6481266895792814e-10,2.1710388574497842e-10,1.780651314977606e-10,1.461078047992844e-10,1.1993664916496957e-10,9.849519061537322e-11,8.0921392278542e-11,6.651160109399576e-11,5.4691226343335244e-11,4.499088497868311e-11,3.702698782118385e-11,3.0485934379348966e-11,2.511124095790933e-11,2.069305389962062e-11,1.7059602891937836e-11,1.4070232860400896e-11,1.1609720768353628e-11,9.583638647221892e-12,7.914568820584605e-12,6.539013522501242e-12,5.40487053686383e-12,4.469370387285841e-12,3.697390029492297e-12,3.060073785146449e-12,2.5337050923457207e-12,2.0987830886723175e-12,1.7392665377406307e-12,1.441954524431792e-12,1.1959789739435481e-12,9.92388635159104e-13,8.2380790518732e-13,6.841569173205557e-13,5.684217979129205e-13,4.724660232199865e-13,3.928754601380651e-13,3.2683102402070486e-13,2.7200398858118366e-13,2.2646988300864157e-13,1.8863764703667074e-13,1.5719131611432596e-13,1.3104200070618274e-13,1.0928832619767815e-13,9.118382929722602e-14,7.611007655692925e-14,6.355449159061354e-14,5.3092058635362217e-14,4.4370218543090845e-14,3.709639503003571e-14,3.102768889481972e-14,2.5962359898509717e-14,2.1732783316997905e-14,1.8199623472956793e-14,1.5247011996006877e-14,1.2778555917074973e-14,1.0714031426732889e-14,8.986644405626725e-15,7.540759641475376e-15,6.330017779520303e-15,5.315773166181724e-15,4.465797375868447e-15,3.7532027989900015e-15,3.155548576975093e-15,2.654097694610099e-15,2.233199425401202e-15,1.87977577258627e-15,1.5828942219029749e-15,1.3334121579805663e-15,1.1236808059853366e-15,9.47298635876966e-16,7.989058840713931e-16,6.740132688654752e-16,5.688591531012446e-16,4.802903843505938e-16,4.056628388047295e-16,3.4275840232204813e-16,2.8971561398089417e-16,2.449717237288482e-16,2.0721425819675167e-16,1.7534052018161228e-16,1.484237091944868e-16,1.256845697735611e-16,1.0646765657274601e-16,9.022145685207677e-17,7.64817371344646e-17,6.485758577580068e-17,5.5019710604023795e-17,4.6690623587437756e-17,3.963640515630193e-17,3.365979136890539e-17,2.8594369280034726e-17,2.4299701045186105e-17,2.0657226648200563e-17,1.7566819645862483e-17,1.4943890788904445e-17,1.2716951477279865e-17,1.0825563297943376e-17,9.218611841311455e-18,7.852852985796711e-18,6.691688201194048e-18,5.704132420311115e-18,4.86394388835611e-18,4.148890308229672e-18,3.540129713013113e-18,3.0216879447767922e-18,2.580017510024844e-18,2.2036250073875966e-18,1.8827563583886424e-18,1.6091307806024086e-18,1.3757158772500904e-18,1.1765374225512045e-18,1.0065184350170668e-18,8.613429823570376e-19,7.3734087773574535e-19,6.313900295199758e-19,5.408337136079257e-19,4.634104642145967e-19,3.9719463839950377e-19,3.405460124065484e-19,2.920670230516937e-19,2.505664825053438e-19,2.150287762227125e-19,1.8458770681101115e-19,1.5850427576792905e-19,1.3614780404817797e-19,1.1697988448093624e-19,1.0054073683392157e-19,8.643760204117227e-20,7.43348676673328e-20,6.394566365416727e-20,5.502470716550093e-20,4.73622088889176e-20,4.0779175012765694e-20,3.512094167997691e-20,3.025657838908441e-20,2.6073473140206516e-20,2.2475162264785054e-20,1.9378989869209885e-20,1.6714110124768272e-20,1.4419781657074663e-20,1.2443910877191288e-20,1.0741807539203255e-20,9.275121280009477e-21,8.01093254452122e-21,6.920975248549953e-21,5.9809718883995956e-21,5.170064660315367e-21,4.4703285804814705e-21,3.866354661614541e-21,3.3448929599551328e-21,2.894546802876129e-21,2.5055107816695162e-21,2.16934617961807e-21,1.8787884304647493e-21,1.6275819908421016e-21,1.410338682477159e-21,1.2224161333447415e-21,1.0598134360968726e-21,9.190815595411159e-22,7.972464052933591e-22,6.917427060232606e-22,6.00357221625486e-22,5.211799117239367e-22,4.5256195271515e-22,3.930796298187104e-22,3.415032733626734e-22,2.9677052722913323e-22,2.579633389492288e-22,2.2428814786635455e-22,1.9505882221108425e-22,1.696819596684114e-22,1.4764422061767138e-22,1.2850141001121847e-22,1.1186906395904562e-22,9.741433146806081e-23,8.484897127048641e-23,7.392330897015836e-23,6.442102144027799e-23,5.615463403574854e-23,4.8961632177999814e-23,4.270110260641711e-23,3.725083139034663e-23,3.250479593489653e-23,2.837099692843248e-23,2.47695836719838e-23,2.163123267390519e-23,1.889574493550718e-23,1.651083212216182e-23,1.4431065918702476e-23,1.2616968401264553e-23,1.1034224300318645e-23,9.652998650363248e-24,8.447345579667749e-24,7.394695939314193e-24,6.475413148152049e-24,5.671881232393655e-24,4.9703439486507195e-24,4.357248410540954e-24,3.821315955152228e-24,3.352721840156546e-24,2.942905822269965e-24,2.584407674431306e-24,2.270724324065676e-24,1.9961857406927693e-24,1.755847086526864e-24,1.5453949768270238e-24,1.3610659847919402e-24,1.1995757749103394e-24,1.0580574641751468e-24,9.340079970374757e-25,8.252414813776689e-25,7.298485724759088e-25,6.461611129621813e-25,5.72721341506802e-25,5.082550738036299e-25,4.516483380584916e-25,4.0192701539880343e-25,3.582390947105658e-25,3.198392026981592e-25,2.8607511441399624e-25,2.5637598808376382e-25,2.3024210153151724e-25,2.072358965658254e-25,1.8697416291386954e-25,1.6912121520130876e-25,1.533829354988158e-25,1.3950157049565643e-25,1.2725118671726732e-25,1.1643369970081604e-25,1.0687540389047066e-25,9.842393945957502e-26,9.094564047696925e-26,8.432321597396709e-26,7.845372169301753e-26,7.32467857009604e-26,6.862305576452701e-26,6.451284048563779e-26,6.085491976720361e-26,5.759550328894404e-26,5.468731838877108e-26,5.857534350928932e-26,5.549277829118597e-26,5.274055858374599e-26,5.027977128979097e-26,4.807618289759634e-26,4.609967000050324e-26,4.432371985579747e-26,4.272499227837936e-26,4.1282935259708255e-26,3.997944765590215e-26,3.879858312064142e-26,3.772629018954767e-26,3.6745375024116074e-26,3.585508917030678e-26,3.504037902412562e-26,3.4292759099697423e-26,3.3604742531659367e-26,3.296972169684743e-26,3.238186326664318e-26,3.1836015927685004e-26,3.1327629225520906e-26,3.085268217707843e-26,3.040762046288642e-26,2.9989301158548417e-26,2.959494408943203e-26,2.922208900746106e-26,2.8868557885713455e-26,2.853242171261902e-26,2.819457402590437e-26,2.789024859253422e-26,2.759852776918748e-26,2.7318244330849006e-26,1.0147598469430976e-25,1.0941164960935496e-25,9.993805453488954e-26,9.151237834579364e-26,8.401547486441226e-26,7.73419090796682e-26,7.139836275590593e-26,6.610222733972868e-26,6.138036193520029e-26,5.716799678726516e-26,5.340776505472864e-26,5.004884771173419e-26,4.704621822721506e-26,4.435997526181648e-26,4.195475302223834e-26,3.979920014569185e-26,3.7865519068583244e-26,3.6129058789150156e-26,3.456795477275811e-26,3.316281048755712e-26,3.189641570938787e-26,3.075349730811051e-26,2.9720498732241466e-26,2.878538485426576e-26,-1.1934875387892185e-25,2.257735060461598e-27,4.2532162718572734e-27,6.015622432399852e-27,7.570869818663474e-27,8.94198039932811e-27,3.177465451219673e-26,3.051008874044069e-26,2.9369000477002605e-26,2.833799128966828e-26,2.740514614163043e-26,2.655986726235861e-26,2.579272684775982e-26,2.5095336400116883e-26,2.4460230808309816e-26,2.388076548965084e-26,1.5231358877800562e-25,1.3812177705211556e-25,9.059841134219613e-26,8.295965507931535e-26,7.612694387160224e-26,7.00132175412306e-26,6.454092534663582e-26,5.964097681711059e-26,5.525180946619873e-26,9.268743803873891e-27,1.0164094488141441e-26,1.0953284046407768e-26,1.1647816027560432e-26,1.2257946229116239e-26,1.2792819227078183e-26,1.3260589820293525e-26,1.3668531074408645e-26,1.4023130458296628e-26,1.433017539774901e-26,1.4594829423422723e-26,1.4821699956585394e-26,1.501489866011348e-26,1.5178095177589886e-26,1.5314564993089062e-26,1.5427232059670544e-26,1.551870677481543e-26,1.5591319815273563e-26,1.5647152287286329e-26,1.5688062597090102e-26,1.5715710402091941e-26,1.5731577962736066e-26,1.5736989180156964e-26,1.573312657230305e-26,1.5721046414616961e-26,1.5701692244953334e-26,1.5675906911388837e-26,1.564444332181909e-26,1.5607974036133603e-26,1.5567099827166556e-26,1.5522357322079814e-26,1.547422582390777e-26,1.542313340219507e-26,1.5369462331533084e-26,1.531355394872083e-26,1.5255712990746605e-26,1.519621147097924e-26,1.5135292140623371e-26,1.5073171583112812e-26,1.5010042978757134e-26,1.4946078575813298e-26,1.488143189934368e-26,1.481623972580904e-26,1.4750623848798288e-26,1.4684692657646825e-26,1.4618542549437536e-26,1.4552259191853137e-26,1.4485918652800094e-26,1.4419588411020653e-26,1.4353328260354706e-26,1.42871911188529e-26,-7.38259519042361e-26,1.3468953112831751e-27,2.5523714362277908e-27,3.630802788365895e-27,4.595093974510927e-27,5.45683145110625e-27,6.226419385194353e-27,6.913201380955366e-27,7.52556955576127e-27,8.071062293115001e-27,8.556451858944323e-27,8.98782294200464e-27,9.370643067748366e-27,9.709825733779217e-27,1.0009787027240578e-26,1.0274496401859193e-26,1.050752222438929e-26,1.0712072633215535e-26,1.0891032196335764e-26,1.1046994804867923e-26,1.1182293191683427e-26,1.129902542566479e-26,1.1399078693008294e-26,1.1484150647046893e-26,-6.41227139693073e-26,1.1793763519532632e-27,2.2383737832020996e-27,3.188919035985905e-27,4.041749920331782e-27,4.8065348955511454e-27,5.491980513495953e-27,6.105927966726753e-27,6.655439856903828e-27,7.146878183083827e-27,7.585974446534666e-27,7.97789267625133e-27,8.327286096993261e-27,8.638348086237662e-27,8.914858001941999e-27,9.160222401112742e-27,9.377512117923687e-27,9.569495620427689e-27,9.738669023070681e-27,9.887283093215478e-27,1.0017367556114788e-26,1.0130752969553192e-26,1.022909041511665e-26,1.0313869225113005e-26,1.0386432942782665e-26,1.0447993693834536e-26,1.0499645128614418e-26,1.0542374078911596e-26,1.0577071056974124e-26,1.0604539714334884e-26,1.062550536330864e-26,1.0640622655360707e-26,1.0650482500224174e-26,1.0655618301990423e-26,1.0656511579681333e-26,1.0653597033899433e-26,1.064726711451756e-26,1.0637876139168365e-26,1.0625744006796147e-26,1.0611159546698007e-26,1.059438353891561e-26,1.0575651439218948e-26,1.055517583622614e-26,1.0533148669208076e-26,1.0509743228878158e-26,1.048511596259613e-26,1.0459408103693659e-26,1.0432747142373792e-26,1.0405248152825896e-26,1.0377014991663895e-26,1.0348141379826955e-26,1.031871187947533e-26,1.028880277605513e-26,1.0258482875013817e-26,1.0227814221339746e-26,1.0196852749450129e-26,1.0165648870359991e-26,1.0134248002136397e-26,1.010269104915109e-26,1.0071014835174465e-26,1.0039252494833197e-26,1.0007433827192297e-26,9.975585615599535e-27,9.943731916656054e-27,9.911894321550042e-27,9.88009219218501e-27,9.848342874838339e-27,9.816661893309595e-27,9.78506312357917e-27,9.753558951710498e-27,9.72216041689179e-27,9.690877340551535e-27,9.659718443256073e-27,9.628691450611465e-27,9.597803188989283e-27,9.56705967187446e-27,9.536466178430111e-27,9.506027324366177e-27,9.475747126092147e-27,9.445629058792445e-27,9.415676109005853e-27,9.38589082221184e-27,9.35627534586746e-27,9.326831468426941e-27,9.297560654580609e-27,9.268464077285534e-27,9.23954264659099e-27,9.210797035964395e-27,9.182227705843544e-27,9.153834925232271e-27,9.125618790915207e-27,9.097579245340582e-27,9.069716092430772e-27,9.042029011891603e-27,9.014517572346035e-27,8.987181243228674e-27,7.893635082478621e-27,7.961305180744882e-27,8.020674357926581e-27,8.07250685177518e-27,8.11749718110182e-27,8.156276550517803e-27,8.189418661080063e-27,8.217444983194917e-27,1.1049562524874508e-25,1.0149777670276308e-25,9.32979661795824e-26,8.582463986814905e-26,7.901271515995136e-26,7.280299032392132e-26,6.714160860342828e-26,6.197957156324515e-26,5.727229712033414e-26,5.297921812061639e-26,4.906341771095274e-26,4.549129810506624e-26,4.2232279659246537e-26,3.9258527461093005e-26,3.654470289457498e-26,3.406773788070396e-26,3.180662970665485e-26,2.9742254550099553e-26,2.785719798091538e-26,2.6135600881618317e-26,2.4563019372250065e-26,2.3126297456235968e-26,2.1813451222101703e-26,2.0613563544044358e-26,1.95166883213134e-26,1.8513763385261757e-26,1.759653128277636e-26,1.675746721812623e-26,1.5989713500852837e-26,1.5287019907331607e-26,1.464368941820723e-26,1.4054528843069677e-26,1.3514803888515437e-26,1.302019826648395e-26,1.2566776476397973e-26,1.2150949928705964e-26,1.1769446106730197e-26,1.141928049285725e-26,1.109773100851598e-26,1.0802314741438965e-26,1.0530766753712059e-26,1.0281020783006697e-26,1.0051191666597253e-26,9.839559332924916e-27,9.644554219935161e-27,9.464743991977501e-27,9.298821438446286e-27,9.145593448502674e-27,9.003970965195314e-27,8.87295983122517e-27,8.751652446913069e-27,8.639220167168699e-27,-8.825197081315096e-27,6.258312559833925e-28,1.196770101787054e-27,1.7175481886108677e-27,2.1924866979331075e-27,2.6255322315864792e-27,3.0202895383883555e-27,3.380051358496898e-27,3.707825641340723e-27,4.006360370168929e-27,4.278166205333021e-27,4.525537139559778e-27,4.75056934106655e-27,4.955178344894603e-27,5.141114738325178e-27,5.3099784734003744e-27,5.4632319276702324e-27,5.602211823481964e-27,5.728140106433589e-27,5.842133874548293e-27,5.9452144416790076e-27,6.0383156113131015e-27,6.122291229952137e-27,6.197922083447864e-27,6.265922193841938e-27,6.03285768344566e-27,6.111954030325362e-27,6.1831667733709746e-27,6.2471686984530374e-27,6.3045752666595104e-27,6.3559495353303285e-27,6.401806651170995e-27,6.4426179551680026e-27,6.478814733032053e-27,6.510791642087707e-27,6.538909842649198e-27,6.563499859728417e-27,6.584864198283011e-27,6.60327973354018e-27,6.618999895820874e-27,6.632256667746673e-27,6.6432624099004e-27,6.652211530051037e-27,6.659282009193629e-27,6.66463679692139e-27,6.668425087401369e-27,6.670783486183825e-27,6.671837077331863e-27,6.671700399371191e-27,6.670478338058614e-27,6.66826694287809e-27,6.665154174063075e-27,6.66122058597036e-27,6.656539952315049e-27,6.651179838225219e-27,6.645202123710414e-27,3.680424500808776e-27,3.916703587267738e-27,4.1300156106625225e-27,1.0994359864015031e-26,1.0630426400479571e-26,1.0295256516105372e-26,9.986483608806646e-27,9.701937662373013e-27,9.4396288033818e-27,9.19773223041089e-27,8.974574413463952e-27,8.768620455997299e-27,8.578462520737918e-27,8.402809229388292e-27,8.240475953254598e-27,8.090375919626542e-27,7.951512064665617e-27,7.822969569850763e-27,7.703909024064866e-27,7.593560158426889e-27,7.491216105778026e-27,-4.374887184374308e-26,5.0546682498870115e-28,9.691382910866829e-28,1.394423995694513e-27,1.7844536564050566e-27,2.142100255056231e-27,2.470001253335011e-27,2.7705780423734765e-27,3.0460537739691153e-27,3.298469709290951e-27,3.529700209302913e-27,3.7414664805338774e-27,3.935349180290463e-27,4.1127999767047e-27,4.275152150942285e-27,4.423630321453675e-27,4.5593593635712576e-27,4.683372591514026e-27,4.79661926426342e-27,4.899971471574925e-27,4.9942304516476785e-27,5.08013238791835e-27,5.1583537279373124e-27,5.2295160642629525e-27,5.2941906135816136e-27,5.3529023274278246e-27,5.406133664998136e-27,5.4543280560629344e-27,5.8156297794950906e-27,5.829883851572139e-27,-5.734845287683004e-26,4.707105368627965e-28,9.03300754909525e-28,1.3008202573397809e-27,1.6660731851603148e-27,2.0016381165698058e-27,7.078380813720014e-27,6.987301509901136e-27,6.90266572005984e-27,6.823964068618395e-27,6.750728007641902e-27,6.682526509629821e-27,6.618963039351427e-27,6.559672772212707e-27,6.504320038385087e-27,6.4525959745706076e-27,6.40421636621621e-27,6.358919664756832e-27,6.316465165439039e-27,6.276631332760846e-27,6.239214261381999e-27,6.204026261536476e-27,6.170894558773756e-27,6.139660098678634e-27,6.110176448164096e-27,6.082308785295848e-27,-2.1183832457127402e-26,4.4454651734211135e-28,8.537036879062838e-28,1.2302572501620952e-27,1.5767723322850641e-27,1.8956110455163143e-27,2.1889486647188345e-27,2.458788509910418e-27,2.7069756341597905e-27,2.9352094141896586e-27,3.145055132223074e-27,3.337954630530347e-27,3.51523611342905e-27,3.678123165407017e-27,3.9754978995341655e-27,4.1015263658495674e-27,4.217163039389322e-27,4.3232210250834155e-27,4.420449568038265e-27,4.509539101993655e-27,4.5911258967828185e-27,1.6738057686708742e-25,1.5498578479891853e-25,1.4354628591728982e-25,1.32989667138076e-25,1.2324388045759196e-25,1.1424780229274307e-25,1.0594331911509557e-25,9.827685339403614e-26,9.119900708519411e-26,8.466423333423333e-26,7.863053414775879e-26,7.305918196282845e-26,6.791446321279983e-26,6.316344213987618e-26,5.877574324419621e-26,5.472335088919585e-26,5.0980424700592625e-26,4.752312950567206e-26,4.4329478659686576e-26,1.366071880778015e-26,1.303559942626902e-26,1.2457615349099283e-26,1.1923148456764267e-26,1.1428860479856984e-26,1.0971671144527675e-26,1.0548738095261282e-26,1.0157438391757624e-26,9.795351454814455e-27,9.460243346793161e-27,9.150052281556768e-27,1.5439420438645397e-26,1.4678129097279607e-26,1.3974036462462836e-26,1.3322778448898257e-26,1.2720326338745912e-26,1.2162960834066782e-26,1.1647248130907434e-26,1.1170017855778317e-26,1.0728342718918544e-26,1.0319519749725166e-26,9.941052990487444e-27,9.59063753436088e-27,9.266144802416894e-27,8.965608962930643e-27,8.687214403767331e-27,8.442500162162027e-27,8.202497838757634e-27,7.980054382372983e-27,7.98005438195025e-27,7.980054381782075e-27,7.980054381728907e-27,7.980054381719428e-27,7.980054381726406e-27,7.98005438173958e-27,7.980054381755086e-27,7.980054381771472e-27,7.980054381788192e-27,7.980054381805037e-27,7.980054381821927e-27,7.980054381838835e-27,7.980054381855752e-27,7.980054381872671e-27,7.980054381889592e-27,7.980054381906512e-27,7.980054381923433e-27,7.980054381940354e-27,7.980054381957271e-27,7.980054381974194e-27,7.980054381991114e-27,7.980054382008035e-27,7.980054382024953e-27,7.980054382041872e-27,7.98005438205879e-27,7.980054382075705e-27,7.98005438209262e-27,7.98005438210954e-27,7.98005438212646e-27,7.980054382143383e-27,7.980054382160295e-27,7.980054382177216e-27,7.980054382194132e-27,7.980054382211047e-27,7.980054382227968e-27,7.980054382244882e-27,7.980054382261795e-27,7.980054382278717e-27,7.980054382295642e-27,7.980054382312559e-27,7.980054382329478e-27,7.980054382346396e-27,7.980054382363313e-27,7.980054382380227e-27,7.980054382397146e-27,7.98005438241406e-27,7.980054382430976e-27,7.980054382447895e-27,7.98005438246481e-27,7.980054382481725e-27,7.980054382498642e-27,7.98005438251556e-27,7.980054382532473e-27,7.980054382549388e-27,7.980054382566299e-27,7.980054382583218e-27,7.980054382600136e-27,7.98005438261705e-27,7.980054382633963e-27,7.980054382650879e-27,7.980054382667794e-27,7.980054382684709e-27,7.980054382701623e-27,7.980054382718536e-27,7.980054382735451e-27,7.980054382752364e-27,7.98005438276928e-27,7.980054382786193e-27,7.980054382803102e-27,7.980054382820019e-27,7.980054382836929e-27,7.980054382853844e-27,7.980054382870755e-27,7.980054382887667e-27,7.980054382904578e-27,7.980054382921494e-27,7.980054382938405e-27,7.980054382955318e-27,7.98005438297223e-27,7.980054382989141e-27,7.980054383006053e-27,7.980054383022965e-27,7.980054383039876e-27,7.980054383056788e-27,7.980054383073698e-27,7.98005438309061e-27,7.980054383107518e-27,7.980054383124429e-27,7.98005438314134e-27,7.980054383158253e-27,7.980054383175162e-27,7.980054383192073e-27,7.980054383208979e-27,7.980054383225893e-27,7.9800543832428e-27,7.980054383259713e-27,7.980054383276619e-27,7.980054383293527e-27,7.980054383310436e-27,7.980054383327347e-27,7.980054383344254e-27,7.980054383361165e-27,7.980054383378074e-27,7.980054383394985e-27,7.98005438341189e-27,7.980054383428803e-27,7.980054383445708e-27,7.980054383462619e-27,7.980054383479524e-27,7.980054383496433e-27,7.980054383513338e-27,7.980054383530244e-27,7.980054383547153e-27,7.980054383564061e-27,7.980054383580967e-27,7.980054383597872e-27,7.980054383614782e-27,7.980054383631686e-27,7.980054383648594e-27,7.9800543836655e-27,7.980054383682404e-27,7.98005438369931e-27,7.980054383716215e-27,7.980054383733123e-27,7.980054383750028e-27,7.98005438376693e-27,7.980054383783836e-27,7.98005438380074e-27,7.980054383817648e-27,7.980054383834547e-27,7.980054383851455e-27,7.980054383868358e-27,7.980054383885266e-27,7.980054383902168e-27,7.980054383919068e-27,7.980054383935976e-27,7.980054383952875e-27,7.98005438396978e-27,7.980054383986682e-27,7.980054384003587e-27,7.98005438402049e-27,7.980054384037396e-27,7.980054384054298e-27,7.9800543840712e-27,7.980054384088102e-27,7.980054384105005e-27,7.980054384121906e-27,7.980054384138812e-27,7.980054384155708e-27,7.980054384172618e-27,7.98005438418952e-27,7.98005438420642e-27,7.980054384223321e-27,7.980054384240221e-27,7.980054384257124e-27,7.980054384274024e-27,7.980054384290925e-27,7.980054384307828e-27,7.980054384324729e-27,7.980054384341627e-27,7.98005438435853e-27,7.980054384375429e-27,7.980054384392333e-27,7.980054384409232e-27,7.980054384426134e-27,7.980054384443032e-27,7.980054384459931e-27,7.980054384476831e-27,7.980054384493728e-27,7.980054384510625e-27,7.980054384527525e-27,7.980054384544424e-27,7.980054384561324e-27,7.980054384578222e-27,7.98005438459512e-27,7.98005438461202e-27,7.980054384628918e-27,7.980054384645813e-27,7.980054384662712e-27,7.980054384679608e-27,7.980054384696506e-27,7.980054384713405e-27,7.980054384730303e-27,7.980054384747201e-27,7.980054384764099e-27,7.980054384780992e-27,7.980054384797893e-27,7.980054384814786e-27,7.980054384831687e-27,7.980054384848581e-27,7.980054384865476e-27,7.980054384882375e-27,7.980054384899272e-27,7.980054384916167e-27,7.980054384933061e-27,7.98005438494996e-27,7.980054384966856e-27,7.980054384983749e-27,7.980054385000644e-27,7.980054385017539e-27,7.980054385034435e-27,7.980054385051328e-27,7.980054385068225e-27,7.980054385085115e-27,7.980054385102012e-27,7.980054385118905e-27,7.9800543851358e-27,7.980054385152693e-27,7.98005438516959e-27,7.980054385186482e-27,7.980054385203375e-27,7.980054385220267e-27,7.980054385237162e-27,7.980054385254057e-27,7.980054385270949e-27,7.980054385287844e-27,7.980054385304736e-27,7.980054385321625e-27,7.98005438533852e-27,7.980054385355413e-27,7.980054385372305e-27,7.980054385389198e-27,7.980054385406087e-27,7.98005438542298e-27,7.980054385439873e-27,7.980054385456762e-27,7.980054385473653e-27,7.980054385490545e-27,7.980054385507431e-27,7.980054385524323e-27,7.980054385541216e-27,7.980054385558104e-27,7.980054385574996e-27,7.980054385591891e-27,7.980054385608778e-27,7.98005438562567e-27,7.980054385642557e-27,7.980054385659447e-27,7.980054385676336e-27,7.980054385693226e-27,7.980054385710115e-27,7.980054385727005e-27,7.980054385743896e-27,7.980054385760783e-27,7.980054385777675e-27,7.980054385794562e-27,7.980054385811452e-27,7.98005438582834e-27,7.980054385845232e-27,7.980054385862115e-27,7.980054385879002e-27,7.980054385895892e-27,7.98005438591278e-27,7.980054385929666e-27,7.98005438594655e-27,7.980054385963439e-27,7.980054385980323e-27,7.98005438599721e-27,7.980054386014097e-27,7.980054386030982e-27,7.980054386047871e-27,7.980054386064753e-27,7.980054386081642e-27,7.980054386098527e-27,7.980054386115416e-27,7.980054386132302e-27,7.980054386149186e-27,7.98005438616607e-27,7.980054386182957e-27,7.980054386199839e-27,7.980054386216727e-27,7.98005438623361e-27,7.980054386250496e-27,7.980054386267378e-27,7.980054386284262e-27,7.980054386301146e-27,7.980054386318034e-27,7.980054386334917e-27,7.980054386351801e-27,7.980054386368684e-27,7.980054386385568e-27,7.98005438640245e-27,7.980054386419331e-27,7.980054386436218e-27,7.9800543864531e-27,7.980054386469984e-27,7.980054386486866e-27,7.980054386503751e-27,7.980054386520632e-27,7.980054386537517e-27,7.980054386554396e-27,7.980054386571278e-27,7.980054386588162e-27,7.980054386605043e-27,7.980054386621925e-27,7.980054386638807e-27,7.980054386655686e-27,7.980054386672569e-27,7.98005438668945e-27,7.98005438670633e-27,7.980054386723212e-27,7.98005438674009e-27,7.980054386756972e-27,7.980054386773855e-27,7.980054386790734e-27,7.980054386807616e-27,7.980054386824495e-27,7.980054386841374e-27,7.980054386858253e-27,7.980054386875134e-27,7.980054386892016e-27,7.980054386908895e-27,7.980054386925773e-27,7.98005438694265e-27,7.980054386959532e-27,7.980054386976413e-27,7.980054386993288e-27,7.98005438701017e-27,7.980054387027046e-27,7.980054387043925e-27,7.980054387060802e-27,7.980054387077683e-27,7.980054387094559e-27,7.980054387111434e-27,7.980054387128316e-27,7.980054387145192e-27,7.98005438716207e-27,7.98005438717895e-27,7.980054387195822e-27,7.980054387212703e-27,7.980054387229577e-27,7.980054387246454e-27,7.980054387263333e-27,7.980054387280206e-27,7.980054387297084e-27,7.98005438731396e-27,7.980054387330835e-27,7.980054387347708e-27,7.980054387364584e-27,7.98005438738146e-27,7.980054387398335e-27,7.980054387415211e-27,7.980054387432085e-27,7.980054387448961e-27,7.980054387465836e-27,7.980054387482713e-27,7.980054387499587e-27,7.98005438751646e-27,7.980054387533335e-27,7.980054387550208e-27,7.980054387567084e-27,7.980054387583959e-27,7.980054387600831e-27,7.980054387617703e-27,7.980054387634576e-27,7.980054387651448e-27,7.98005438766832e-27,7.98005438768519e-27,7.980054387702064e-27,7.980054387718937e-27,7.98005438773581e-27,7.98005438775268e-27,7.980054387769553e-27,7.98005438778642e-27,7.980054387803295e-27,7.98005438782017e-27,7.980054387837039e-27,7.98005438785391e-27,7.980054387870781e-27,7.980054387887655e-27,7.980054387904527e-27,7.980054387921399e-27,7.980054387938266e-27,7.980054387955137e-27,7.980054387972009e-27,7.980054387988879e-27,7.980054388005748e-27,7.980054388022617e-27,7.980054388039488e-27,7.980054388056358e-27,7.980054388073224e-27,7.980054388090095e-27,7.980054388106962e-27,7.980054388123833e-27,7.980054388140703e-27,7.980054388157572e-27,7.980054388174441e-27,7.980054388191309e-27,7.980054388208175e-27,7.980054388225045e-27,7.980054388241913e-27,7.980054388258782e-27,7.98005438827565e-27,7.980054388292513e-27,7.980054388309385e-27,7.980054388326252e-27,7.980054388343119e-27,7.980054388359986e-27,7.980054388376852e-27,7.980054388393719e-27,7.980054388410583e-27,7.980054388427451e-27,7.980054388444318e-27,7.980054388461182e-27,7.980054388478047e-27,7.980054388494914e-27,7.980054388511785e-27,7.980054388528646e-27,7.980054388545514e-27,7.980054388562385e-27,7.980054388579248e-27,7.980054388596117e-27,7.98005438861298e-27,7.980054388629843e-27,7.980054388646712e-27,7.980054388663576e-27,7.980054388680439e-27,7.980054388697305e-27,7.980054388714168e-27,7.980054388731035e-27,7.980054388747897e-27,7.980054388764763e-27,7.980054388781625e-27,7.980054388798488e-27,7.98005438881535e-27,7.980054388832214e-27,7.980054388849075e-27,7.980054388865941e-27,7.980054388882806e-27,7.980054388899666e-27,7.980054388916531e-27,7.980054388933393e-27,7.980054388950256e-27,7.980054388967121e-27,7.980054388983981e-27,7.980054389000844e-27,7.980054389017708e-27,7.980054389034564e-27,7.98005438905143e-27,7.98005438906829e-27,7.980054389085152e-27,7.980054389102013e-27,7.980054389118872e-27,7.980054389135736e-27,7.980054389152594e-27,7.980054389169454e-27,7.980054389186319e-27,7.980054389203182e-27,7.980054389220039e-27,7.9800543892369e-27,7.980054389253758e-27,7.980054389270623e-27,7.980054389287479e-27,7.980054389304342e-27,7.980054389321203e-27,7.980054389338059e-27,7.980054389354918e-27,7.980054389371777e-27,7.98005438938864e-27,7.980054389405499e-27,7.980054389422355e-27,7.980054389439215e-27,7.980054389456076e-27,7.980054389472933e-27,7.98005438948979e-27,7.98005438950665e-27,7.980054389523506e-27,7.980054389540364e-27,7.980054389557223e-27,7.98005438957408e-27,7.980054389590936e-27,7.980054389607797e-27,7.980054389624653e-27,7.980054389641512e-27,7.980054389658368e-27,7.980054389675223e-27,7.98005438969208e-27,7.980054389708938e-27,7.980054389725792e-27,7.98005438974265e-27,7.980054389759505e-27,7.980054389776361e-27,7.980054389793217e-27,7.98005438981007e-27,7.980054389826929e-27,7.980054389843781e-27,7.980054389860637e-27,7.980054389877493e-27,7.980054389894348e-27,7.980054389911203e-27,7.980054389928057e-27,7.98005438994491e-27,7.980054389961767e-27,7.980054389978621e-27,7.980054389995475e-27,7.980054390012326e-27,7.980054390029181e-27,7.980054390046036e-27,7.980054390062886e-27,7.980054390079742e-27,7.980054390096594e-27,7.98005439011345e-27,7.980054390130299e-27,7.980054390147157e-27,7.980054390164e-27,7.980054390180856e-27,7.980054390197709e-27,7.980054390214562e-27,7.980054390231419e-27,7.980054390248268e-27,7.980054390265122e-27,7.980054390281974e-27,7.980054390298823e-27,7.980054390315678e-27,7.980054390332527e-27,7.98005439034938e-27,7.980054390366226e-27,7.98005439038308e-27,7.980054390399931e-27,7.980054390416783e-27,7.980054390433633e-27,7.980054390450484e-27,7.980054390467334e-27,7.980054390484181e-27,7.980054390501033e-27,7.980054390517884e-27,7.98005439053473e-27,7.98005439055158e-27,7.980054390568432e-27,7.98005439058528e-27,7.980054390602128e-27,7.980054390618976e-27,7.980054390635825e-27,7.980054390652674e-27,7.980054390669523e-27,7.980054390686367e-27,7.980054390703218e-27,7.980054390720064e-27,7.980054390736911e-27,7.980054390753757e-27,7.980054390770608e-27,7.980054390787454e-27,7.980054390804304e-27,7.980054390821152e-27,7.980054390837999e-27,7.980054390854845e-27,7.980054390871693e-27,7.980054390888542e-27,7.980054390905388e-27,7.980054390922234e-27,7.980054390939079e-27,7.980054390955925e-27,7.980054390972769e-27,7.980054390989617e-27,7.980054391006461e-27,7.980054391023307e-27,7.980054391040152e-27,7.980054391056998e-27,7.980054391073841e-27,7.980054391090689e-27,7.980054391107534e-27,7.980054391124377e-27,7.980054391141221e-27,7.980054391158067e-27,7.980054391174912e-27,7.980054391191757e-27,7.980054391208601e-27,7.980054391225443e-27,7.980054391242288e-27,7.980054391259134e-27,7.980054391275974e-27,7.980054391292819e-27,7.980054391309662e-27,7.980054391326504e-27,7.98005439134335e-27,7.98005439136019e-27,7.980054391377032e-27,7.980054391393872e-27,7.980054391410718e-27,7.980054391427557e-27,7.980054391444399e-27,7.980054391461241e-27,7.980054391478085e-27,7.980054391494924e-27,7.980054391511769e-27,7.980054391528611e-27,7.980054391545451e-27,7.980054391562294e-27,7.980054391579135e-27,7.980054391595974e-27,7.980054391612812e-27,7.980054391629653e-27,7.980054391646493e-27,7.980054391663332e-27,7.980054391680172e-27,7.980054391697014e-27,7.980054391713853e-27,7.980054391730695e-27,7.980054391747534e-27,7.980054391764373e-27,7.980054391781213e-27,7.980054391798052e-27,7.980054391814889e-27,7.980054391831732e-27,7.980054391848569e-27,7.980054391865409e-27,7.980054391882248e-27,7.980054391899085e-27,7.980054391915926e-27,7.98005439193276e-27,7.9800543919496e-27,7.980054391966436e-27,7.980054391983275e-27,7.980054392000116e-27,7.98005439201695e-27,7.980054392033782e-27,7.980054392050621e-27,7.980054392067458e-27,7.980054392084297e-27,7.980054392101133e-27,7.980054392117966e-27,7.980054392134803e-27,7.980054392151643e-27,7.980054392168473e-27,7.980054392185313e-27,7.980054392202145e-27,7.980054392218981e-27,7.98005439223582e-27,7.980054392252656e-27,7.98005439226949e-27,7.980054392286322e-27,7.98005439230316e-27,7.980054392319993e-27,7.980054392336829e-27,7.980054392353662e-27,7.9800543923705e-27,7.980054392387331e-27,7.980054392404165e-27,7.980054392420999e-27,7.980054392437834e-27,7.980054392454673e-27,7.98005439247151e-27,7.980054392488345e-27,7.98005439250518e-27,7.980054392522013e-27,7.980054392538847e-27,7.980054392555676e-27,7.980054392572509e-27,7.980054392589345e-27,7.980054392606174e-27,7.980054392623009e-27,7.980054392639842e-27,7.980054392656672e-27,7.980054392673504e-27,7.98005439269034e-27,7.980054392707167e-27,7.980054392723999e-27,7.98005439274083e-27,7.98005439275766e-27,7.980054392774491e-27,7.980054392791322e-27,7.980054392808152e-27,7.980054392824985e-27,7.980054392841815e-27,7.980054392858647e-27,7.980054392875476e-27,7.980054392892305e-27,7.980054392909138e-27,7.980054392925968e-27,7.980054392942796e-27,7.980054392959623e-27,7.980054392976455e-27,7.980054392993281e-27,7.98005439301011e-27,7.980054393026937e-27,7.980054393043769e-27,7.980054393060595e-27,7.980054393077422e-27,7.980054393094251e-27,7.98005439311108e-27,7.980054393127907e-27,7.980054393144736e-27,7.980054393161565e-27,7.98005439317839e-27,7.980054393195217e-27,7.980054393212046e-27,7.980054393228875e-27,7.9800543932457e-27,7.980054393262528e-27,7.980054393279354e-27,7.980054393296179e-27,7.980054393313007e-27,7.980054393329832e-27,7.980054393346658e-27,7.980054393363484e-27,7.980054393380313e-27,7.980054393397135e-27,7.980054393413963e-27,7.98005439343079e-27,7.980054393447614e-27,7.98005439346444e-27,7.980054393481263e-27,7.980054393498089e-27,7.980054393514912e-27,7.980054393531738e-27,7.980054393548566e-27,7.980054393565391e-27,7.980054393582213e-27,7.980054393599039e-27,7.980054393615861e-27,7.980054393632683e-27,7.98005439364951e-27,7.98005439366633e-27,7.980054393683153e-27,7.980054393699982e-27,7.980054393716804e-27,7.98005439373363e-27,7.98005439375045e-27,7.980054393767272e-27,7.980054393784098e-27,7.980054393800917e-27,7.980054393817741e-27,7.980054393834561e-27,7.980054393851382e-27,7.980054393868208e-27,7.980054393885029e-27,7.980054393901851e-27,7.980054393918671e-27,7.980054393935493e-27,7.980054393952316e-27,7.980054393969136e-27,7.980054393985958e-27,7.980054394002778e-27,7.980054394019598e-27,7.980054394036421e-27,7.980054394053237e-27,7.980054394070059e-27,7.98005439408688e-27,7.980054394103697e-27,7.980054394120517e-27,7.980054394137337e-27,7.980054394154157e-27,7.980054394170976e-27,7.9800543941878e-27,7.980054394204615e-27,7.980054394221434e-27,7.980054394238253e-27,7.980054394255072e-27,7.98005439427189e-27,7.980054394288714e-27,7.980054394305528e-27,7.980054394322351e-27,7.980054394339164e-27,7.980054394355986e-27,7.980054394372803e-27,7.980054394389621e-27,7.980054394406441e-27,7.980054394423256e-27,7.980054394440072e-27,7.980054394456886e-27,7.980054394473705e-27,7.980054394490521e-27,7.980054394507342e-27,7.980054394524157e-27,7.980054394540973e-27,7.98005439455779e-27,7.980054394574605e-27,7.980054394591422e-27,7.980054394608238e-27,7.980054394625054e-27,7.98005439464187e-27,7.980054394658686e-27,7.980054394675498e-27,7.980054394692316e-27,7.98005439470913e-27,7.980054394725947e-27,7.980054394742761e-27,7.980054394759574e-27,7.980054394776392e-27,7.980054394793206e-27,7.98005439481002e-27,7.980054394826835e-27,7.980054394843656e-27,7.980054394860473e-27,7.980054394877285e-27,7.980054394894099e-27,7.980054394910912e-27,7.98005439492773e-27,7.980054394944541e-27,7.980054394961358e-27,7.980054394978167e-27,7.980054394994983e-27,7.980054395011795e-27,7.980054395028608e-27,7.980054395045421e-27,7.980054395062234e-27,7.980054395079047e-27,7.98005439509586e-27,7.980054395112673e-27,7.980054395129482e-27,7.980054395146292e-27,7.980054395163104e-27,7.980054395179914e-27,7.980054395196724e-27,7.980054395213536e-27,7.980054395230349e-27,7.980054395247159e-27,7.98005439526397e-27,7.98005439528078e-27,7.980054395297587e-27,7.980054395314399e-27,7.980054395331207e-27,7.980054395348019e-27,7.980054395364826e-27,7.980054395381638e-27,7.980054395398447e-27,7.980054395415257e-27,7.980054395432066e-27,7.980054395448876e-27,7.980054395465685e-27,7.980054395482493e-27,7.980054395499302e-27,7.980054395516112e-27,7.98005439553292e-27,7.98005439554973e-27,7.980054395566537e-27,7.980054395583346e-27,7.980054395600152e-27,7.980054395616959e-27,7.98005439563377e-27,7.980054395650577e-27,7.980054395667384e-27,7.980054395684191e-27,7.980054395700997e-27,7.980054395717805e-27,7.980054395734613e-27,7.980054395751419e-27,7.980054395768228e-27,7.980054395785032e-27,7.980054395801841e-27,7.980054395818646e-27,7.98005439583545e-27,7.980054395852253e-27,7.980054395869058e-27,7.980054395885862e-27,7.980054395902671e-27,7.980054395919475e-27,7.98005439593628e-27,7.980054395953081e-27,7.980054395969886e-27,7.980054395986692e-27,7.980054396003498e-27,7.980054396020299e-27,7.980054396037105e-27,7.98005439605391e-27,7.98005439607071e-27,7.980054396087516e-27,7.980054396104319e-27,7.980054396121123e-27,7.980054396137925e-27,7.980054396154728e-27,7.980054396171531e-27,7.980054396188332e-27,7.980054396205137e-27,7.980054396221941e-27,7.980054396238744e-27,7.980054396255544e-27,7.980054396272347e-27,7.980054396289149e-27,7.98005439630595e-27,7.980054396322754e-27,7.980054396339555e-27,7.980054396356357e-27,7.980054396373158e-27,7.98005439638996e-27,7.980054396406762e-27,7.980054396423562e-27,7.980054396440363e-27,7.980054396457164e-27,7.980054396473965e-27,7.980054396490768e-27,7.980054396507565e-27,7.980054396524366e-27,7.980054396541169e-27,7.980054396557966e-27,7.980054396574766e-27,7.980054396591566e-27,7.980054396608364e-27,7.980054396625165e-27,7.980054396641967e-27,7.980054396658767e-27,7.980054396675563e-27,7.980054396692364e-27,7.980054396709163e-27,7.980054396725959e-27,7.980054396742755e-27,7.980054396759553e-27,7.980054396776354e-27,7.98005439679315e-27,7.980054396809948e-27,7.980054396826747e-27,7.980054396843547e-27,7.980054396860344e-27,7.98005439687714e-27,7.980054396893937e-27,7.980054396910736e-27,7.980054396927532e-27,7.98005439694433e-27,7.980054396961128e-27,7.980054396977921e-27,7.980054396994714e-27,7.980054397011506e-27,7.9800543970283e-27,7.980054397045097e-27,7.980054397061892e-27,7.980054397078689e-27,7.980054397095488e-27,7.980054397112282e-27,7.980054397129078e-27,7.980054397145871e-27,7.98005439716267e-27,7.980054397179468e-27,7.980054397196263e-27,7.980054397213056e-27,7.98005439722985e-27,7.980054397246645e-27,7.980054397263439e-27,7.980054397280232e-27,7.980054397297026e-27,7.980054397313821e-27,7.980054397330614e-27,7.980054397347408e-27,7.9800543973642e-27,7.980054397380993e-27,7.980054397397786e-27,7.980054397414577e-27,7.98005439743137e-27,7.980054397448163e-27,7.980054397464956e-27,7.98005439748175e-27,7.980054397498544e-27,7.980054397515334e-27,7.980054397532125e-27,7.980054397548917e-27,7.980054397565708e-27,7.980054397582501e-27,7.980054397599293e-27,7.980054397616086e-27,7.980054397632875e-27,7.980054397649665e-27,7.980054397666458e-27,7.980054397683248e-27,7.980054397700038e-27,7.980054397716831e-27,7.98005439773362e-27,7.980054397750411e-27,7.980054397767203e-27,7.980054397783991e-27,7.980054397800784e-27,7.980054397817572e-27,7.98005439783436e-27,7.98005439785115e-27,7.980054397867939e-27,7.980054397884726e-27,7.980054397901519e-27,7.980054397918306e-27,7.980054397935092e-27,7.980054397951884e-27,7.980054397968671e-27,7.980054397985463e-27,7.980054398002248e-27,7.980054398019037e-27,7.980054398035823e-27,7.980054398052614e-27,7.980054398069399e-27,7.980054398086186e-27,7.980054398102973e-27,7.980054398119762e-27,7.980054398136549e-27,7.980054398153335e-27,7.980054398170127e-27,7.980054398186911e-27,7.980054398203697e-27,7.980054398220485e-27,7.980054398237273e-27,7.98005439825406e-27,7.980054398270844e-27,7.980054398287629e-27,7.980054398304414e-27,7.980054398321197e-27,7.980054398337986e-27,7.980054398354772e-27,7.980054398371555e-27,7.980054398388344e-27,7.980054398405126e-27,7.980054398421912e-27,7.980054398438698e-27,7.980054398455482e-27,7.980054398472267e-27,7.980054398489051e-27,7.980054398505833e-27,7.980054398522616e-27,7.980054398539407e-27,7.980054398556183e-27,7.980054398572967e-27,7.98005439858975e-27,7.980054398606533e-27,7.980054398623315e-27,7.980054398640098e-27,7.980054398656879e-27,7.980054398673662e-27,7.980054398690444e-27,7.980054398707226e-27,7.98005439872401e-27,7.980054398740795e-27,7.980054398757575e-27,7.980054398774358e-27,7.98005439879114e-27,7.980054398807921e-27,7.980054398824703e-27,7.980054398841481e-27,7.980054398858263e-27,7.980054398875046e-27,7.980054398891826e-27,7.980054398908606e-27,7.980054398925386e-27,7.980054398942166e-27,7.980054398958946e-27,7.980054398975726e-27,7.980054398992506e-27,7.980054399009286e-27,7.98005439902607e-27,7.98005439904285e-27,7.980054399059628e-27,7.980054399076411e-27,7.98005439909319e-27,7.980054399109968e-27,7.980054399126748e-27,7.980054399143528e-27,7.980054399160307e-27,7.980054399177083e-27,7.980054399193863e-27,7.980054399210641e-27,7.980054399227417e-27,7.980054399244196e-27,7.980054399260974e-27,7.980054399277749e-27,7.980054399294529e-27,7.980054399311303e-27,7.98005439932808e-27,7.98005439934486e-27,7.980054399361639e-27,7.980054399378412e-27,7.980054399395189e-27,7.980054399411965e-27,7.980054399428744e-27,7.980054399445516e-27,7.980054399462294e-27,7.980054399479071e-27,7.980054399495845e-27,7.980054399512624e-27,7.980054399529398e-27,7.980054399546172e-27,7.980054399562948e-27,7.980054399579721e-27,7.980054399596497e-27,7.980054399613273e-27,7.980054399630046e-27,7.980054399646823e-27,7.9800543996636e-27,7.980054399680374e-27,7.980054399697146e-27,7.980054399713923e-27,7.980054399730696e-27,7.98005439974747e-27,7.980054399764243e-27,7.980054399781017e-27,7.980054399797792e-27,7.980054399814562e-27,7.980054399831337e-27,7.98005439984811e-27,7.980054399864883e-27,7.980054399881658e-27,7.980054399898429e-27,7.9800543999152e-27,7.980054399931975e-27,7.980054399948746e-27,7.980054399965518e-27,7.980054399982286e-27,7.980054399999056e-27,7.980054400015832e-27,7.9800544000326e-27,7.980054400049374e-27,7.980054400066142e-27,7.980054400082914e-27,7.980054400099682e-27,7.980054400116452e-27,7.980054400133225e-27,7.980054400149997e-27,7.980054400166768e-27,7.980054400183537e-27,7.980054400200307e-27,7.980054400217077e-27,7.980054400233845e-27,7.980054400250615e-27,7.980054400267387e-27,7.980054400284155e-27,7.980054400300921e-27,7.980054400317691e-27,7.980054400334458e-27,7.980054400351227e-27,7.980054400367998e-27,7.980054400384768e-27,7.980054400401535e-27,7.980054400418303e-27,7.980054400435068e-27,7.980054400451837e-27,7.980054400468604e-27,7.980054400485374e-27,7.980054400502143e-27,7.98005440051891e-27,7.980054400535677e-27,7.980054400552444e-27,7.98005440056921e-27,7.980054400585977e-27,7.980054400602744e-27,7.98005440061951e-27,7.980054400636278e-27,7.980054400653043e-27,7.980054400669811e-27,7.980054400686577e-27,7.980054400703343e-27,7.980054400720111e-27,7.980054400736876e-27,7.980054400753638e-27,7.980054400770407e-27,7.980054400787174e-27,7.98005440080394e-27,7.980054400820704e-27,7.980054400837467e-27,7.980054400854234e-27,7.980054400870997e-27,7.980054400887763e-27,7.98005440090453e-27,7.980054400921293e-27,7.980054400938056e-27,7.980054400954821e-27,7.980054400971584e-27,7.980054400988347e-27,7.980054401005111e-27,7.980054401021877e-27,7.980054401038637e-27,7.980054401055403e-27,7.980054401072163e-27,7.980054401088928e-27,7.980054401105691e-27,7.980054401122454e-27,7.980054401139217e-27,7.98005440115598e-27,7.980054401172744e-27,7.980054401189506e-27,7.980054401206267e-27,7.980054401223028e-27,7.980054401239793e-27,7.980054401256553e-27,7.980054401273315e-27,7.980054401290074e-27,7.980054401306835e-27,7.980054401323598e-27,7.980054401340357e-27,7.980054401357117e-27,7.980054401373878e-27,7.980054401390638e-27,7.980054401407397e-27,7.98005440142416e-27,7.980054401440922e-27,7.980054401457684e-27,7.980054401474441e-27,7.980054401491202e-27,7.98005440150796e-27,7.980054401524718e-27,7.98005440154148e-27,7.980054401558235e-27,7.980054401574995e-27,7.980054401591754e-27,7.980054401608512e-27,7.980054401625268e-27,7.980054401642026e-27,7.980054401658788e-27,7.980054401675543e-27,7.9800544016923e-27,7.980054401709062e-27,7.980054401725816e-27,7.980054401742573e-27,7.980054401759329e-27,7.980054401776085e-27,7.980054401792845e-27,7.980054401809599e-27,7.980054401826356e-27,7.980054401843116e-27,7.980054401859872e-27,7.980054401876627e-27,7.980054401893382e-27,7.980054401910139e-27,7.980054401926896e-27,7.980054401943651e-27,7.980054401960407e-27,7.980054401977161e-27,7.980054401993921e-27,7.980054402010674e-27,7.98005440202743e-27,7.980054402044185e-27,7.980054402060938e-27,7.980054402077694e-27,7.980054402094448e-27,7.980054402111205e-27,7.980054402127957e-27,7.980054402144711e-27,7.980054402161462e-27,7.98005440217822e-27,7.980054402194971e-27,7.980054402211726e-27,7.980054402228479e-27,7.980054402245233e-27,7.980054402261989e-27,7.980054402278739e-27,7.980054402295492e-27,7.980054402312246e-27,7.980054402328996e-27,7.98005440234575e-27,7.980054402362503e-27,7.980054402379256e-27,7.980054402396012e-27,7.980054402412759e-27,7.980054402429513e-27,7.980054402446263e-27,7.980054402463016e-27,7.980054402479768e-27,7.980054402496518e-27,7.98005440251327e-27,7.980054402530021e-27,7.980054402546771e-27,7.980054402563524e-27,7.980054402580275e-27,7.980054402597027e-27,7.980054402613776e-27,7.980054402630528e-27,7.980054402647276e-27,7.980054402664026e-27,7.980054402680776e-27,7.980054402697526e-27,7.980054402714276e-27,7.980054402731027e-27,7.980054402747776e-27,7.980054402764523e-27,7.980054402781272e-27,7.980054402798021e-27,7.98005440281477e-27,7.98005440283152e-27,7.980054402848268e-27,7.980054402865014e-27,7.980054402881764e-27,7.980054402898512e-27,7.98005440291526e-27,7.98005440293201e-27,7.980054402948754e-27,7.980054402965502e-27,7.980054402982248e-27,7.980054402998996e-27,7.980054403015745e-27,7.980054403032489e-27,7.980054403049237e-27,7.980054403065986e-27,7.98005440308273e-27,7.980054403099477e-27,7.980054403116223e-27,7.980054403132973e-27,7.980054403149716e-27,7.98005440316646e-27,7.980054403183208e-27,7.980054403199952e-27,7.980054403216697e-27,7.980054403233442e-27,7.980054403250188e-27,7.980054403266936e-27,7.98005440328368e-27,7.980054403300422e-27,7.980054403317166e-27,7.980054403333913e-27,7.98005440335066e-27,7.980054403367407e-27,7.980054403384151e-27,7.980054403400893e-27,7.980054403417636e-27,7.98005440343438e-27,7.980054403451124e-27,7.980054403467864e-27,7.980054403484607e-27,7.980054403501348e-27,7.980054403518094e-27,7.980054403534835e-27,7.980054403551579e-27,7.980054403568322e-27,7.980054403585065e-27,7.980054403601804e-27,7.980054403618544e-27,7.980054403635286e-27,7.980054403652028e-27,7.980054403668773e-27,7.980054403685513e-27,7.980054403702255e-27,7.980054403718995e-27,7.980054403735736e-27,7.980054403752479e-27,7.980054403769222e-27,7.98005440378596e-27,7.980054403802699e-27,7.980054403819442e-27,7.980054403836183e-27,7.980054403852921e-27,7.980054403869661e-27,7.9800544038864e-27,7.980054403903144e-27,7.980054403919884e-27,7.980054403936624e-27,7.980054403953365e-27,7.980054403970108e-27,7.980054403986845e-27,7.980054404003585e-27,7.980054404020322e-27,7.980054404037065e-27,7.980054404053802e-27,7.980054404070539e-27,7.980054404087277e-27,7.980054404104018e-27,7.980054404120754e-27,7.980054404137488e-27,7.980054404154228e-27,7.980054404170966e-27,7.980054404187702e-27,7.98005440420444e-27,7.980054404221176e-27,7.980054404237916e-27,7.98005440425465e-27,7.98005440427139e-27,7.980054404288126e-27,7.980054404304861e-27,7.9800544043216e-27,7.980054404338337e-27,7.980054404355071e-27,7.98005440437181e-27,7.980054404388549e-27,7.980054404405288e-27,7.98005440442202e-27,7.980054404438756e-27,7.98005440445549e-27,7.980054404472223e-27,7.98005440448896e-27,7.980054404505692e-27,7.980054404522431e-27,7.980054404539168e-27,7.9800544045559e-27,7.980054404572636e-27,7.980054404589369e-27,7.980054404606105e-27,7.980054404622837e-27,7.980054404639571e-27,7.980054404656304e-27,7.980054404673035e-27,7.980054404689771e-27,7.980054404706505e-27,7.980054404723239e-27,7.980054404739972e-27,7.980054404756703e-27,7.98005440477344e-27,7.980054404790173e-27,7.980054404806906e-27,7.980054404823637e-27,7.980054404840367e-27,7.980054404857101e-27,7.980054404873832e-27,7.980054404890562e-27,7.980054404907293e-27,7.980054404924028e-27,7.980054404940759e-27,7.980054404957492e-27,7.980054404974223e-27,7.980054404990954e-27,7.980054405007685e-27,7.980054405024414e-27,7.980054405041145e-27,7.980054405057878e-27,7.980054405074608e-27,7.980054405091336e-27,7.980054405108066e-27,7.980054405124794e-27,7.980054405141527e-27,7.980054405158255e-27,7.980054405174987e-27,7.980054405191717e-27,7.980054405208446e-27,7.980054405225175e-27,7.980054405241902e-27,7.98005440525863e-27,7.98005440527536e-27,7.980054405292088e-27,7.980054405308817e-27,7.980054405325541e-27,7.980054405342274e-27,7.980054405359e-27,7.980054405375726e-27,7.980054405392459e-27,7.980054405409177e-27,7.9800544054259e-27,7.980054405442627e-27,7.980054405459352e-27,7.98005440547608e-27,7.980054405492808e-27,7.980054405509535e-27,7.980054405526266e-27,7.980054405542987e-27,7.980054405559717e-27,7.980054405576443e-27,7.980054405593168e-27,7.980054405609898e-27,7.980054405626624e-27,7.980054405643348e-27,7.980054405660073e-27,7.980054405676796e-27,7.980054405693521e-27,7.980054405710247e-27,7.98005440572697e-27,7.980054405743698e-27,7.980054405760421e-27,7.980054405777143e-27,7.980054405793868e-27,7.980054405810596e-27,7.980054405827319e-27,7.980054405844044e-27,7.980054405860765e-27,7.980054405877491e-27,7.98005440589421e-27,7.980054405910933e-27,7.980054405927659e-27,7.98005440594438e-27,7.980054405961106e-27,7.980054405977831e-27,7.980054405994551e-27,7.980054406011275e-27,7.980054406027996e-27,7.980054406044719e-27,7.980054406061442e-27,7.980054406078163e-27,7.980054406094886e-27,7.980054406111607e-27,7.980054406128328e-27,7.980054406145054e-27,7.980054406161772e-27,7.980054406178493e-27,7.980054406195213e-27,7.980054406211934e-27,7.980054406228657e-27,7.980054406245378e-27,7.9800544062621e-27,7.98005440627882e-27,7.98005440629554e-27,7.98005440631226e-27,7.98005440632898e-27,7.980054406345703e-27,7.98005440636242e-27,7.980054406379142e-27,7.980054406395864e-27,7.980054406412583e-27,7.980054406429299e-27,7.980054406446019e-27,7.980054406462741e-27,7.980054406479458e-27,7.98005440649618e-27,7.980054406512896e-27,7.980054406529616e-27,7.980054406546336e-27,7.980054406563054e-27,7.98005440657977e-27,7.980054406596487e-27,7.980054406613207e-27,7.980054406629922e-27,7.98005440664664e-27,7.980054406663357e-27,7.980054406680073e-27,7.980054406696793e-27,7.98005440671351e-27,7.980054406730227e-27,7.980054406746942e-27,7.98005440676366e-27,7.980054406780377e-27,7.980054406797093e-27,7.980054406813807e-27,7.980054406830524e-27,7.980054406847236e-27,7.980054406863956e-27,7.98005440688067e-27,7.980054406897386e-27,7.980054406914103e-27,7.980054406930817e-27,7.980054406947532e-27,7.980054406964245e-27,7.980054406980963e-27,7.980054406997677e-27,7.980054407014389e-27,7.980054407031105e-27,7.980054407047818e-27,7.98005440706453e-27,7.980054407081246e-27,7.98005440709796e-27,7.980054407114671e-27,7.980054407131387e-27,7.9800544071481e-27,7.980054407164812e-27,7.980054407181523e-27,7.980054407198239e-27,7.980054407214953e-27,7.980054407231661e-27,7.980054407248378e-27,7.980054407265088e-27,7.980054407281799e-27,7.980054407298513e-27,7.980054407315226e-27,7.98005440733194e-27,7.980054407348651e-27,7.980054407365362e-27,7.980054407382075e-27,7.980054407398786e-27,7.980054407415497e-27,7.980054407432207e-27,7.980054407448915e-27,7.980054407465628e-27,7.98005440748234e-27,7.980054407499049e-27,7.98005440751576e-27,7.980054407532474e-27,7.98005440754918e-27,7.980054407565891e-27,7.980054407582602e-27,7.98005440759931e-27,7.98005440761602e-27,7.980054407632731e-27,7.98005440764944e-27,7.980054407666148e-27,7.980054407682856e-27,7.980054407699566e-27,7.980054407716273e-27,7.980054407732981e-27,7.980054407749692e-27,7.980054407766398e-27,7.980054407783108e-27,7.980054407799817e-27,7.980054407816524e-27,7.980054407833233e-27,7.980054407849944e-27,7.980054407866649e-27,7.980054407883359e-27,7.980054407900069e-27,7.980054407916777e-27,7.980054407933485e-27,7.980054407950191e-27,7.980054407966895e-27,7.980054407983603e-27,7.980054408000307e-27,7.980054408017014e-27,7.980054408033721e-27,7.980054408050426e-27,7.980054408067135e-27,7.980054408083837e-27,7.980054408100543e-27,7.980054408117248e-27,7.980054408133952e-27,7.980054408150659e-27,7.98005440816736e-27,7.980054408184066e-27,7.980054408200773e-27,7.980054408217481e-27,7.980054408234185e-27,7.980054408250889e-27,7.980054408267593e-27,7.980054408284297e-27,7.980054408301002e-27,7.980054408317708e-27,7.98005440833441e-27,7.980054408351112e-27,7.980054408367818e-27,7.98005440838452e-27,7.980054408401224e-27,7.98005440841793e-27,7.980054408434632e-27,7.980054408451333e-27,7.980054408468038e-27,7.980054408484741e-27,7.98005440850144e-27,7.980054408518139e-27,7.980054408534841e-27,7.980054408551545e-27,7.980054408568248e-27,7.980054408584948e-27,7.980054408601652e-27,7.98005440861835e-27,7.980054408635054e-27,7.980054408651757e-27,7.980054408668455e-27,7.980054408685157e-27,7.980054408701859e-27,7.98005440871856e-27,7.980054408735262e-27,7.98005440875196e-27,7.980054408768666e-27,7.980054408785359e-27,7.980054408802058e-27,7.980054408818762e-27,7.980054408835459e-27,7.980054408852159e-27,7.980054408868859e-27,7.980054408885558e-27,7.980054408902258e-27,7.980054408918956e-27,7.980054408935656e-27,7.980054408952356e-27,7.980054408969053e-27,7.980054408985748e-27,7.980054409002448e-27,7.980054409019147e-27,7.980054409035844e-27,7.980054409052544e-27,7.980054409069242e-27,7.980054409085935e-27,7.980054409102633e-27,7.980054409119328e-27,7.98005440913603e-27,7.980054409152722e-27,7.980054409169423e-27,7.980054409186117e-27,7.980054409202815e-27,7.980054409219515e-27,7.98005440923621e-27,7.980054409252909e-27,7.980054409269606e-27,7.980054409286301e-27,7.980054409303001e-27,7.980054409319696e-27,7.980054409336392e-27,7.980054409353088e-27,7.980054409369782e-27,7.98005440938648e-27,7.980054409403173e-27,7.980054409419866e-27,7.980054409436561e-27,7.980054409453254e-27,7.980054409469952e-27,7.980054409486645e-27,7.980054409503339e-27,7.980054409520033e-27,7.980054409536725e-27,7.98005440955342e-27,7.980054409570112e-27,7.980054409586808e-27,7.980054409603504e-27,7.980054409620192e-27,7.980054409636889e-27,7.98005440965358e-27,7.980054409670278e-27,7.980054409686966e-27,7.980054409703656e-27,7.980054409720349e-27,7.980054409737046e-27,7.980054409753737e-27,7.980054409770429e-27,7.980054409787123e-27,7.980054409803814e-27,7.980054409820505e-27,7.980054409837196e-27,7.980054409853888e-27,7.98005440987058e-27,7.980054409887274e-27,7.980054409903964e-27,7.980054409920652e-27,7.980054409937344e-27,7.980054409954033e-27,7.980054409970724e-27,7.980054409987416e-27,7.980054410004107e-27,7.980054410020799e-27,7.980054410037488e-27,7.980054410054176e-27,7.980054410070868e-27,7.980054410087554e-27,7.980054410104245e-27,7.980054410120931e-27,7.980054410137623e-27,7.980054410154309e-27,7.980054410170994e-27,7.980054410187687e-27,7.980054410204376e-27,7.980054410221066e-27,7.980054410237748e-27,7.980054410254437e-27,7.980054410271128e-27,7.980054410287813e-27,7.980054410304501e-27,7.980054410321192e-27,7.980054410337879e-27,7.98005441035457e-27,7.980054410371259e-27,7.980054410387947e-27,7.980054410404632e-27,7.98005441042132e-27,7.980054410438006e-27,7.980054410454693e-27,7.980054410471378e-27,7.980054410488063e-27,7.980054410504752e-27,7.980054410521435e-27,7.980054410538124e-27,7.98005441055481e-27,7.980054410571494e-27,7.980054410588181e-27,7.980054410604865e-27,7.98005441062155e-27,7.980054410638236e-27,7.980054410654918e-27,7.980054410671607e-27,7.980054410688289e-27,7.980054410704973e-27,7.980054410721655e-27,7.980054410738345e-27,7.980054410755025e-27,7.98005441077171e-27,7.980054410788394e-27,7.980054410805081e-27,7.980054410821763e-27,7.980054410838449e-27,7.98005441085513e-27,7.980054410871817e-27,7.980054410888493e-27,7.980054410905179e-27,7.980054410921857e-27,7.980054410938542e-27,7.980054410955226e-27,7.980054410971907e-27,7.980054410988587e-27,7.980054411005274e-27,7.98005441102195e-27,7.980054411038634e-27,7.980054411055314e-27,7.980054411072001e-27,7.980054411088679e-27,7.980054411105361e-27,7.980054411122041e-27,7.980054411138722e-27,7.980054411155402e-27,7.980054411172086e-27,7.980054411188764e-27,7.980054411205446e-27,7.980054411222125e-27,7.980054411238804e-27,7.980054411255423e-27,7.980054411272123e-27,7.9800544112888e-27,7.980054411305488e-27,7.980054411322165e-27,7.980054411338845e-27,7.980054411355524e-27,7.980054411372204e-27,7.980054411388885e-27,7.98005441140556e-27,7.98005441142224e-27,7.980054411438915e-27,7.980054411455593e-27,7.980054411472274e-27,7.980054411488951e-27,7.98005441150563e-27,7.980054411522306e-27,7.980054411538981e-27,7.98005441155566e-27,7.980054411572338e-27,7.980054411589014e-27,7.980054411605694e-27,7.980054411622372e-27,7.980054411639049e-27,7.980054411655724e-27,7.980054411672401e-27,7.98005441168908e-27,7.980054411705757e-27,7.980054411722433e-27,7.98005441173911e-27,7.980054411755788e-27,7.980054411772465e-27,7.98005441178914e-27,7.980054411805814e-27,7.980054411822493e-27,7.980054411839169e-27,7.980054411855844e-27,7.980054411872518e-27,7.980054411889192e-27,7.980054411905867e-27,7.980054411922541e-27,7.980054411939212e-27,7.980054411955886e-27,7.980054411972563e-27,7.980054411989234e-27,7.98005441200591e-27,7.980054412022583e-27,7.980054412039258e-27,7.980054412055933e-27,7.980054412072606e-27,7.98005441208928e-27,7.980054412105951e-27,7.980054412122623e-27,7.980054412139294e-27,7.98005441215597e-27,7.98005441217264e-27,7.980054412189312e-27,7.980054412205983e-27,7.980054412222655e-27,7.980054412239326e-27,7.980054412256001e-27,7.98005441227267e-27,7.980054412289342e-27,7.980054412306014e-27,7.980054412322687e-27,7.980054412339356e-27,7.980054412356032e-27,7.980054412372703e-27,7.980054412389372e-27,7.980054412406043e-27,7.980054412422713e-27,7.980054412439382e-27,7.980054412456053e-27,7.980054412472725e-27,7.980054412489394e-27,7.980054412506065e-27,7.980054412522735e-27,7.980054412539404e-27,7.980054412556072e-27,7.980054412572743e-27,7.980054412589412e-27,7.98005441260608e-27,7.98005441262275e-27,7.980054412639419e-27,7.980054412656087e-27,7.980054412672757e-27,7.98005441268942e-27,7.980054412706093e-27,7.98005441272276e-27,7.980054412739429e-27,7.980054412756096e-27,7.980054412772763e-27,7.98005441278943e-27,7.980054412806095e-27,7.980054412822761e-27,7.98005441283943e-27,7.980054412856096e-27,7.980054412872761e-27,7.980054412889428e-27,7.980054412906098e-27,7.980054412922763e-27,7.980054412939428e-27,7.98005441295609e-27,7.980054412972759e-27,7.980054412989425e-27,7.980054413006091e-27,7.980054413022756e-27,7.980054413039423e-27,7.980054413056087e-27,7.980054413072755e-27,7.980054413089417e-27,7.980054413106085e-27,7.980054413122749e-27,7.980054413139414e-27,7.98005441315608e-27,7.98005441317274e-27,7.980054413189403e-27,7.98005441320607e-27,7.980054413222732e-27,7.980054413239399e-27,7.980054413256061e-27,7.980054413272725e-27,7.980054413289389e-27,7.98005441330605e-27,7.980054413322715e-27,7.980054413339375e-27,7.980054413356038e-27,7.980054413372704e-27,7.980054413389368e-27,7.980054413406027e-27,7.980054413422688e-27,7.980054413439353e-27,7.980054413456016e-27,7.980054413472677e-27,7.980054413489336e-27,7.980054413505999e-27,7.980054413522663e-27,7.980054413539325e-27,7.980054413555986e-27,7.980054413572645e-27,7.980054413589308e-27,7.980054413605972e-27,7.98005441362263e-27,7.980054413639292e-27,7.980054413655959e-27,7.98005441367262e-27,7.980054413689281e-27,7.980054413705939e-27,7.9800544137226e-27,7.98005441373926e-27,7.980054413755919e-27,7.980054413772581e-27,7.980054413789241e-27,7.9800544138059e-27,7.980054413822561e-27,7.98005441383922e-27,7.980054413855879e-27,7.980054413872539e-27,7.980054413889197e-27,7.980054413905856e-27,7.980054413922516e-27,7.980054413939174e-27,7.980054413955832e-27,7.980054413972489e-27,7.980054413989147e-27,7.980054414005808e-27,7.980054414022464e-27,7.980054414039124e-27,7.98005441405578e-27,7.98005441407244e-27,7.980054414089098e-27,7.980054414105755e-27,7.98005441412241e-27,7.980054414139065e-27,7.980054414155719e-27,7.980054414172374e-27,7.980054414189035e-27,7.980054414205689e-27,7.980054414222346e-27,7.980054414238998e-27,7.980054414255655e-27,7.98005441427231e-27,7.980054414288968e-27,7.980054414305623e-27,7.98005441432228e-27,7.980054414338935e-27,7.980054414355593e-27,7.980054414372244e-27,7.980054414388901e-27,7.980054414405558e-27,7.980054414422211e-27,7.980054414438867e-27,7.98005441445552e-27,7.980054414472171e-27,7.980054414488828e-27,7.980054414505479e-27,7.980054414522135e-27,7.980054414538789e-27,7.98005441455544e-27,7.980054414572094e-27,7.980054414588748e-27,7.980054414605399e-27,7.980054414622053e-27,7.980054414638709e-27,7.98005441465536e-27,7.980054414672008e-27,7.98005441468866e-27,7.980054414705313e-27,7.980054414721964e-27,7.980054414738616e-27,7.98005441475527e-27,7.98005441477192e-27,7.980054414788575e-27,7.980054414805226e-27,7.980054414821877e-27,7.980054414838532e-27,7.980054414855178e-27,7.980054414871829e-27,7.98005441488848e-27,7.98005441490513e-27,7.98005441492178e-27,7.980054414938432e-27,7.980054414955084e-27,7.980054414971733e-27,7.980054414988383e-27,7.980054415005037e-27,7.980054415021688e-27,7.980054415038334e-27,7.980054415054984e-27,7.980054415071635e-27,7.980054415088286e-27,7.980054415104935e-27,7.980054415121582e-27,7.980054415138231e-27,7.980054415154883e-27,7.98005441517153e-27,7.980054415188178e-27,7.980054415204823e-27,7.980054415221476e-27,7.980054415238122e-27,7.980054415254768e-27,7.980054415271418e-27,7.980054415288065e-27,7.98005441530471e-27,7.980054415321357e-27,7.980054415338002e-27,7.980054415354646e-27,7.980054415371295e-27,7.980054415387943e-27,7.98005441540459e-27,7.980054415421234e-27,7.980054415437882e-27,7.980054415454527e-27,7.98005441547117e-27,7.980054415487816e-27,7.980054415504457e-27,7.980054415521103e-27,7.980054415537744e-27,7.98005441555439e-27,7.980054415571027e-27,7.980054415587673e-27,7.980054415604318e-27,7.980054415620966e-27,7.980054415637612e-27,7.980054415654256e-27,7.980054415670899e-27,7.980054415687542e-27,7.980054415704185e-27,7.980054415720828e-27,7.98005441573747e-27,7.980054415754113e-27,7.980054415770757e-27,7.9800544157874e-27,7.980054415804046e-27,7.980054415820691e-27,7.98005441583733e-27,7.980054415853975e-27,7.980054415870618e-27,7.98005441588726e-27,7.980054415903905e-27,7.980054415920548e-27,7.98005441593719e-27,7.980054415953831e-27,7.980054415970472e-27,7.980054415987117e-27,7.980054416003756e-27,7.9800544160204e-27,7.980054416037041e-27,7.980054416053682e-27,7.980054416070324e-27,7.980054416086962e-27,7.980054416103606e-27,7.980054416120247e-27,7.980054416136886e-27,7.980054416153527e-27,7.980054416170168e-27,7.980054416186807e-27,7.980054416203448e-27,7.980054416220085e-27,7.980054416236727e-27,7.980054416253364e-27,7.980054416270003e-27,7.980054416286645e-27,7.980054416303286e-27,7.980054416319924e-27,7.980054416336564e-27,7.9800544163532e-27,7.98005441636984e-27,7.980054416386478e-27,7.980054416403116e-27,7.980054416419755e-27,7.980054416436393e-27,7.980054416453033e-27,7.98005441646967e-27,7.980054416486307e-27,7.980054416502944e-27,7.980054416519583e-27,7.980054416536218e-27,7.980054416552858e-27,7.980054416569496e-27,7.980054416586134e-27,7.980054416602768e-27,7.980054416619409e-27,7.980054416636044e-27,7.98005441665268e-27,7.98005441666932e-27,7.980054416685962e-27,7.980054416702597e-27,7.980054416719237e-27,7.98005441673587e-27,7.9800544167525e-27,7.980054416769138e-27,7.980054416785774e-27,7.980054416802408e-27,7.980054416819045e-27,7.98005441683568e-27,7.980054416852315e-27,7.98005441686895e-27,7.980054416885582e-27,7.980054416902217e-27,7.980054416918853e-27,7.980054416935486e-27,7.98005441695212e-27,7.980054416968755e-27,7.980054416985387e-27,7.980054417002022e-27,7.980054417018653e-27,7.980054417035288e-27,7.980054417051924e-27,7.980054417068556e-27,7.980054417085191e-27,7.980054417101822e-27,7.980054417118456e-27,7.980054417135088e-27,7.980054417151717e-27,7.980054417168354e-27,7.980054417184985e-27,7.980054417201615e-27,7.980054417218249e-27,7.980054417234879e-27,7.980054417251511e-27,7.980054417268142e-27,7.980054417284775e-27,7.980054417301408e-27,7.980054417318037e-27,7.980054417334666e-27,7.980054417351296e-27,7.980054417367925e-27,7.980054417384555e-27,7.980054417401184e-27,7.980054417417818e-27,7.980054417434447e-27,7.980054417451078e-27,7.980054417467706e-27,7.980054417484334e-27,7.980054417500965e-27,7.980054417517594e-27,7.980054417534222e-27,7.980054417550851e-27,7.980054417567481e-27,7.98005441758411e-27,7.980054417600743e-27,7.980054417617366e-27,7.980054417633997e-27,7.980054417650625e-27,7.980054417667257e-27,7.980054417683885e-27,7.980054417700515e-27,7.980054417717141e-27,7.980054417733769e-27,7.980054417750396e-27,7.980054417767022e-27,7.98005441778365e-27,7.980054417800275e-27,7.980054417816902e-27,7.980054417833527e-27,7.980054417850156e-27,7.980054417866781e-27,7.98005441788341e-27,7.980054417900036e-27,7.980054417916664e-27,7.98005441793329e-27,7.980054417949917e-27,7.980054417966545e-27,7.98005441798317e-27,7.980054417999794e-27,7.98005441801642e-27,7.980054418033044e-27,7.980054418049672e-27,7.980054418066295e-27,7.980054418082922e-27,7.980054418099548e-27,7.98005441811617e-27,7.980054418132799e-27,7.980054418149421e-27,7.980054418166043e-27,7.980054418182667e-27,7.980054418199288e-27,7.98005441821591e-27,7.980054418232533e-27,7.980054418249157e-27,7.980054418265781e-27,7.9800544182824e-27,7.980054418299025e-27,7.980054418315646e-27,7.98005441833227e-27,7.980054418348893e-27,7.980054418365517e-27,7.980054418382138e-27,7.980054418398761e-27,7.980054418415387e-27,7.980054418432006e-27,7.980054418448631e-27,7.980054418465249e-27,7.980054418481873e-27,7.980054418498492e-27,7.980054418515113e-27,7.980054418531735e-27,7.980054418548354e-27,7.980054418564978e-27,7.9800544185816e-27,7.980054418598222e-27,7.98005441861484e-27,7.980054418631463e-27,7.980054418648082e-27,7.980054418664703e-27,7.980054418681323e-27,7.980054418697943e-27,7.980054418714565e-27,7.980054418731183e-27,7.980054418747802e-27,7.98005441876442e-27,7.980054418781038e-27,7.980054418797656e-27,7.980054418814277e-27,7.980054418830893e-27,7.980054418847513e-27,7.98005441886413e-27,7.980054418880746e-27,7.980054418897368e-27,7.980054418913989e-27,7.980054418930607e-27,7.98005441894722e-27,7.980054418963844e-27,7.98005441898046e-27,7.980054418997078e-27,7.980054419013693e-27,7.980054419030313e-27,7.980054419046929e-27,7.980054419063547e-27,7.980054419080162e-27,7.980054419096779e-27,7.980054419113395e-27,7.980054419130013e-27,7.98005441914663e-27,7.980054419163246e-27,7.980054419179864e-27,7.980054419196479e-27,7.980054419213094e-27,7.980054419229709e-27,7.980054419246327e-27,7.98005441926294e-27,7.980054419279556e-27,7.980054419296172e-27,7.980054419312789e-27,7.980054419329405e-27,7.980054419346019e-27,7.980054419362634e-27,7.980054419379237e-27,7.980054419395845e-27,7.980054419412459e-27,7.98005441942907e-27,7.980054419445686e-27,7.980054419462303e-27,7.980054419478913e-27,7.980054419495528e-27,7.980054419512139e-27,7.980054419528756e-27,7.980054419545372e-27,7.980054419561989e-27,7.9800544195786e-27,7.980054419595214e-27,7.980054419611828e-27,7.980054419628443e-27,7.980054419645055e-27,7.980054419661666e-27,7.980054419678282e-27,7.980054419694892e-27,7.980054419711504e-27,7.980054419728113e-27,7.980054419744724e-27,7.980054419761335e-27,7.980054419777947e-27,7.980054419794558e-27,7.98005441981117e-27,7.980054419827783e-27,7.980054419844391e-27,7.980054419861e-27,7.980054419877609e-27,7.980054419894222e-27,7.980054419910833e-27,7.980054419927442e-27,7.980054419944052e-27,7.980054419960662e-27,7.980054419977272e-27,7.98005441999388e-27,7.980054420010492e-27,7.980054420027098e-27,7.98005442004371e-27,7.980054420060318e-27,7.980054420076927e-27,7.980054420093537e-27,7.980054420110145e-27,7.98005442012675e-27,7.980054420143359e-27,7.980054420159965e-27,7.98005442017657e-27,7.980054420193177e-27,7.980054420209786e-27,7.980054420226395e-27,7.980054420243002e-27,7.98005442025961e-27,7.980054420276219e-27,7.980054420292828e-27,7.980054420309422e-27,7.980054420326023e-27,7.980054420342632e-27,7.980054420359237e-27,7.980054420375843e-27,7.980054420392448e-27,7.980054420409053e-27,7.98005442042566e-27,7.980054420442263e-27,7.980054420458871e-27,7.980054420475479e-27,7.980054420492081e-27,7.980054420508688e-27,7.98005442052529e-27,7.980054420541898e-27,7.980054420558501e-27,7.980054420575106e-27,7.98005442059171e-27,7.980054420608316e-27,7.980054420624921e-27,7.980054420641525e-27,7.980054420658127e-27,7.980054420674733e-27,7.980054420691336e-27,7.980054420707939e-27,7.980054420724541e-27,7.980054420741143e-27,7.980054420757748e-27,7.980054420774356e-27,7.980054420790957e-27,7.98005442080756e-27,7.980054420824163e-27,7.980054420840763e-27,7.980054420857366e-27,7.980054420873968e-27,7.980054420890571e-27,7.98005442090717e-27,7.980054420923774e-27,7.980054420940376e-27,7.980054420956976e-27,7.980054420973579e-27,7.980054420990178e-27,7.98005442100678e-27,7.98005442102338e-27,7.980054421039985e-27,7.980054421056583e-27,7.980054421073183e-27,7.980054421089784e-27,7.980054421106385e-27,7.98005442112299e-27,7.980054421139585e-27,7.980054421156187e-27,7.980054421172789e-27,7.98005442118939e-27,7.98005442120599e-27,7.980054421222588e-27,7.98005442123919e-27,7.980054421255791e-27,7.980054421272382e-27,7.980054421288982e-27,7.980054421305585e-27,7.98005442132218e-27,7.980054421338779e-27,7.980054421355377e-27,7.980054421371977e-27,7.980054421388574e-27,7.980054421405174e-27,7.980054421421771e-27,7.980054421438371e-27,7.980054421454968e-27,7.980054421471566e-27,7.980054421488162e-27,7.98005442150476e-27,7.980054421521359e-27,7.980054421537954e-27,7.980054421554549e-27,7.980054421571147e-27,7.980054421587743e-27,7.980054421604341e-27,7.980054421620936e-27,7.980054421637531e-27,7.980054421654127e-27,7.980054421670724e-27,7.980054421687322e-27,7.980054421703915e-27,7.98005442172051e-27,7.98005442173711e-27,7.980054421753704e-27,7.980054421770298e-27,7.980054421786894e-27,7.980054421803491e-27,7.980054421820084e-27,7.98005442183668e-27,7.980054421853273e-27,7.980054421869865e-27,7.980054421886461e-27,7.980054421903053e-27,7.98005442191965e-27,7.980054421936243e-27,7.980054421952835e-27,7.980054421969426e-27,7.980054421986022e-27,7.980054422002613e-27,7.980054422019208e-27,7.9800544220358e-27,7.980054422052396e-27,7.980054422068989e-27,7.980054422085578e-27,7.980054422102171e-27,7.980054422118763e-27,7.980054422135357e-27,7.980054422151949e-27,7.980054422168538e-27,7.980054422185129e-27,7.980054422201722e-27,7.980054422218313e-27,7.980054422234905e-27,7.980054422251496e-27,7.98005442226809e-27,7.980054422284681e-27,7.980054422301274e-27,7.980054422317861e-27,7.980054422334452e-27,7.980054422351043e-27,7.98005442236763e-27,7.980054422384223e-27,7.98005442240081e-27,7.980054422417401e-27,7.980054422433995e-27,7.980054422450582e-27,7.98005442246717e-27,7.980054422483764e-27,7.980054422500353e-27,7.980054422516939e-27,7.980054422533527e-27,7.980054422550113e-27,7.980054422566703e-27,7.98005442258329e-27,7.980054422599878e-27,7.980054422616467e-27,7.980054422633057e-27,7.980054422649643e-27,7.98005442266623e-27,7.980054422682821e-27,7.98005442269941e-27,7.980054422716001e-27,7.98005442273259e-27,7.980054422749181e-27,7.980054422765765e-27,7.980054422782352e-27,7.980054422798943e-27,7.980054422815527e-27,7.980054422832113e-27,7.980054422848699e-27,7.980054422865287e-27,7.980054422881869e-27,7.980054422898457e-27,7.980054422915045e-27,7.980054422931631e-27,7.980054422948214e-27,7.980054422964801e-27,7.980054422981386e-27,7.98005442299797e-27,7.980054423014557e-27,7.980054423031142e-27,7.98005442304773e-27,7.98005442306431e-27,7.980054423080897e-27,7.980054423097484e-27,7.980054423114065e-27,7.98005442313065e-27,7.980054423147232e-27,7.980054423163817e-27,7.980054423180399e-27,7.980054423196981e-27,7.980054423213566e-27,7.980054423230148e-27,7.980054423246731e-27,7.980054423263315e-27,7.980054423279897e-27,7.980054423296478e-27,7.980054423313061e-27,7.980054423329643e-27,7.980054423346228e-27,7.980054423362807e-27,7.980054423379388e-27,7.980054423395973e-27,7.980054423412555e-27,7.980054423429133e-27,7.980054423445713e-27,7.980054423462297e-27,7.980054423478877e-27,7.980054423495461e-27,7.980054423512038e-27,7.980054423528618e-27,7.980054423545201e-27,7.980054423561785e-27,7.980054423578367e-27,7.980054423594946e-27,7.980054423611525e-27,7.980054423628103e-27,7.980054423644685e-27,7.980054423661261e-27,7.980054423677846e-27,7.980054423694422e-27,7.980054423711002e-27,7.980054423727584e-27,7.980054423744161e-27,7.980054423760743e-27,7.980054423777323e-27,7.980054423793902e-27,7.980054423810478e-27,7.980054423827056e-27,7.98005442384363e-27,7.98005442386021e-27,7.980054423876789e-27,7.980054423893365e-27,7.980054423909944e-27,7.980054423926521e-27,7.9800544239431e-27,7.980054423959675e-27,7.980054423976257e-27,7.980054423992832e-27,7.98005442400941e-27,7.980054424025983e-27,7.980054424042559e-27,7.980054424059136e-27,7.980054424075713e-27,7.980054424092288e-27,7.980054424108866e-27,7.980054424125445e-27,7.98005442414202e-27,7.980054424158593e-27,7.98005442417517e-27,7.980054424191747e-27,7.98005442420832e-27,7.980054424224897e-27,7.980054424241469e-27,7.980054424258044e-27,7.98005442427462e-27,7.980054424291192e-27,7.980054424307763e-27,7.980054424324342e-27,7.980054424340918e-27,7.980054424357493e-27,7.980054424374064e-27,7.980054424390642e-27,7.980054424407214e-27,7.98005442442379e-27,7.980054424440363e-27,7.980054424456937e-27,7.980054424473509e-27,7.980054424490082e-27,7.980054424506654e-27,7.980054424523225e-27,7.980054424539803e-27,7.980054424556376e-27,7.980054424572948e-27,7.980054424589521e-27,7.98005442460609e-27,7.980054424622668e-27,7.980054424639239e-27,7.980054424655812e-27,7.980054424672383e-27,7.980054424688956e-27,7.98005442470553e-27,7.980054424722102e-27,7.980054424738672e-27,7.980054424755246e-27,7.980054424771815e-27,7.980054424788385e-27,7.980054424804957e-27,7.980054424821528e-27,7.980054424838099e-27,7.980054424854668e-27,7.98005442487124e-27,7.980054424887809e-27,7.98005442490438e-27,7.98005442492095e-27,7.980054424937518e-27,7.980054424954091e-27,7.980054424970659e-27,7.980054424987226e-27,7.980054425003797e-27,7.980054425020369e-27,7.980054425036938e-27,7.980054425053506e-27,7.980054425070076e-27,7.980054425086643e-27,7.980054425103212e-27,7.98005442511978e-27,7.980054425136346e-27,7.980054425152914e-27,7.980054425169486e-27,7.980054425186053e-27,7.980054425202617e-27,7.980054425219186e-27,7.980054425235755e-27,7.98005442525232e-27,7.980054425268892e-27,7.980054425285455e-27,7.98005442530202e-27,7.980054425318588e-27,7.980054425335155e-27,7.980054425351719e-27,7.980054425368286e-27,7.980054425384853e-27,7.980054425401419e-27,7.980054425417984e-27,7.980054425434551e-27,7.980054425451118e-27,7.980054425467683e-27,7.98005442548425e-27,7.980054425500814e-27,7.980054425517376e-27,7.980054425533942e-27,7.980054425550504e-27,7.980054425567072e-27,7.980054425583636e-27,7.980054425600198e-27,7.980054425616766e-27,7.98005442563333e-27,7.980054425649894e-27,7.98005442566646e-27,7.98005442568302e-27,7.980054425699583e-27,7.980054425716145e-27,7.980054425732694e-27,7.980054425749257e-27,7.980054425765824e-27,7.980054425782387e-27,7.98005442579895e-27,7.98005442581551e-27,7.980054425832076e-27,7.980054425848635e-27,7.9800544258652e-27,7.98005442588176e-27,7.98005442589832e-27,7.980054425914886e-27,7.980054425931445e-27,7.980054425948008e-27,7.98005442596457e-27,7.980054425981132e-27,7.980054425997691e-27,7.980054426014254e-27,7.980054426030814e-27,7.980054426047375e-27,7.980054426063936e-27,7.980054426080495e-27,7.980054426097053e-27,7.980054426113616e-27,7.980054426130177e-27,7.980054426146733e-27,7.980054426163295e-27,7.980054426179854e-27,7.980054426196413e-27,7.980054426212976e-27,7.980054426229534e-27,7.980054426246093e-27,7.980054426262654e-27,7.980054426279211e-27,7.980054426295773e-27,7.980054426312331e-27,7.98005442632889e-27,7.980054426345448e-27,7.980054426362007e-27,7.980054426378562e-27,7.98005442639512e-27,7.980054426411677e-27,7.980054426428233e-27,7.980054426444795e-27,7.98005442646135e-27,7.980054426477906e-27,7.980054426494465e-27,7.980054426511021e-27,7.980054426527579e-27,7.980054426544137e-27,7.980054426560694e-27,7.980054426577248e-27,7.980054426593805e-27,7.980054426610361e-27,7.980054426626915e-27,7.980054426643475e-27,7.98005442666003e-27,7.980054426676585e-27,7.980054426693138e-27,7.980054426709697e-27,7.980054426726249e-27,7.980054426742805e-27,7.98005442675936e-27,7.980054426775912e-27,7.980054426792467e-27,7.980054426809025e-27,7.98005442682558e-27,7.980054426842133e-27,7.980054426858686e-27,7.98005442687524e-27,7.980054426891794e-27,7.980054426908348e-27,7.980054426924902e-27,7.980054426941454e-27,7.98005442695801e-27,7.98005442697456e-27,7.980054426991114e-27,7.980054427007666e-27,7.980054427024224e-27,7.980054427040779e-27,7.980054427057329e-27,7.98005442707388e-27,7.980054427090433e-27,7.980054427106988e-27,7.980054427123537e-27,7.980054427140093e-27,7.980054427156645e-27,7.980054427173195e-27,7.980054427189747e-27,7.980054427206296e-27,7.980054427222847e-27,7.980054427239399e-27,7.980054427255952e-27,7.980054427272501e-27,7.980054427289053e-27,7.980054427305602e-27,7.980054427322154e-27,7.980054427338705e-27,7.980054427355255e-27,7.980054427371804e-27,7.980054427388356e-27,7.980054427404904e-27,7.980054427421455e-27,7.980054427438003e-27,7.980054427454552e-27,7.980054427471103e-27,7.980054427487653e-27,7.9800544275042e-27,7.980054427520751e-27,7.9800544275373e-27,7.980054427553848e-27,7.980054427570397e-27,7.980054427586944e-27,7.980054427603492e-27,7.98005442762004e-27,7.98005442763659e-27,7.980054427653135e-27,7.980054427669681e-27,7.980054427686233e-27,7.980054427702779e-27,7.980054427719325e-27,7.980054427735877e-27,7.980054427752425e-27,7.980054427768972e-27,7.98005442778552e-27,7.980054427802063e-27,7.980054427818611e-27,7.98005442783516e-27,7.980054427851703e-27,7.980054427868252e-27,7.980054427884796e-27,7.980054427901345e-27,7.98005442791789e-27,7.980054427934439e-27,7.980054427950982e-27,7.980054427967527e-27,7.980054427984071e-27,7.980054428000619e-27,7.980054428017161e-27,7.980054428033707e-27,7.980054428050253e-27,7.980054428066796e-27,7.980054428083341e-27,7.980054428099884e-27,7.980054428116426e-27,7.980054428132972e-27,7.980054428149514e-27,7.98005442816606e-27,7.980054428182601e-27,7.980054428199143e-27,7.98005442821569e-27,7.980054428232231e-27,7.980054428248778e-27,7.98005442826532e-27,7.980054428281864e-27,7.980054428298407e-27,7.980054428314949e-27,7.980054428331489e-27,7.980054428348035e-27,7.980054428364574e-27,7.980054428381116e-27,7.980054428397658e-27,7.9800544284142e-27,7.980054428430742e-27,7.980054428447287e-27,7.980054428463829e-27,7.980054428480368e-27,7.980054428496908e-27,7.980054428513453e-27,7.980054428529992e-27,7.98005442854653e-27,7.980054428563078e-27,7.980054428579619e-27,7.980054428596158e-27,7.980054428612697e-27,7.980054428629236e-27,7.980054428645773e-27,7.980054428662315e-27,7.980054428678857e-27,7.980054428695395e-27,7.980054428711932e-27,7.980054428728473e-27,7.980054428745014e-27,7.980054428761555e-27,7.980054428778097e-27,7.980054428794633e-27,7.98005442881117e-27,7.98005442882771e-27,7.980054428844246e-27,7.980054428860783e-27,7.980054428877325e-27,7.980054428893863e-27,7.980054428910402e-27,7.980054428926939e-27,7.980054428943477e-27,7.980054428960011e-27,7.98005442897655e-27,7.980054428993088e-27,7.980054429009623e-27,7.980054429026162e-27,7.980054429042699e-27,7.980054429059234e-27,7.98005442907577e-27,7.980054429092308e-27,7.980054429108842e-27,7.980054429125377e-27,7.980054429141915e-27,7.980054429158446e-27,7.980054429174981e-27,7.980054429191522e-27,7.980054429208055e-27,7.980054429224592e-27,7.980054429241126e-27,7.98005442925766e-27,7.980054429274198e-27,7.98005442929073e-27,7.980054429307266e-27,7.980054429323796e-27,7.980054429340335e-27,7.980054429356866e-27,7.9800544293734e-27,7.980054429389932e-27,7.980054429406467e-27,7.980054429423001e-27,7.980054429439535e-27,7.980054429456065e-27,7.980054429472603e-27,7.980054429489133e-27,7.980054429505666e-27,7.980054429522198e-27,7.98005442953873e-27,7.980054429555262e-27,7.980054429571794e-27,7.980054429588325e-27,7.980054429604859e-27,7.98005442962139e-27,7.980054429637922e-27,7.980054429654453e-27,7.980054429670986e-27,7.980054429687516e-27,7.980054429704045e-27,7.980054429720577e-27,7.98005442973711e-27,7.980054429753642e-27,7.980054429770176e-27,7.980054429786706e-27,7.980054429803235e-27,7.980054429819765e-27,7.980054429836296e-27,7.98005442985283e-27,7.980054429869361e-27,7.980054429885885e-27,7.980054429902416e-27,7.980054429918948e-27,7.980054429935488e-27,7.98005442995202e-27,7.980054429968547e-27,7.980054429985075e-27,7.980054430001605e-27,7.980054430018133e-27,7.980054430034662e-27,7.980054430051191e-27,7.98005443006772e-27,7.980054430084249e-27,7.980054430100775e-27,7.980054430117307e-27,7.980054430133833e-27,7.980054430150359e-27,7.98005443016689e-27,7.980054430183415e-27,7.980054430199943e-27,7.980054430216469e-27,7.980054430232998e-27,7.980054430249524e-27,7.980054430266048e-27,7.980054430282576e-27,7.980054430299104e-27,7.980054430315631e-27,7.980054430332159e-27,7.980054430348686e-27,7.980054430365214e-27,7.98005443038174e-27,7.980054430398264e-27,7.98005443041479e-27,7.980054430431315e-27,7.980054430447838e-27,7.980054430464364e-27,7.980054430480888e-27,7.980054430497412e-27,7.980054430513941e-27,7.980054430530466e-27,7.980054430546989e-27,7.980054430563515e-27,7.980054430580041e-27,7.980054430596566e-27,7.98005443061309e-27,7.980054430629614e-27,7.980054430646138e-27,7.980054430662662e-27,7.980054430679186e-27,7.98005443069571e-27,7.980054430712233e-27,7.980054430728759e-27,7.98005443074528e-27,7.980054430761804e-27,7.980054430778327e-27,7.980054430794849e-27,7.98005443081137e-27,7.980054430827895e-27,7.98005443084442e-27,7.980054430860937e-27,7.980054430877463e-27,7.980054430893985e-27,7.980054430910507e-27,7.98005443092703e-27,7.98005443094355e-27,7.980054430960071e-27,7.980054430976591e-27,7.980054430993112e-27,7.980054431009633e-27,7.980054431026154e-27,7.980054431042677e-27,7.980054431059194e-27,7.980054431075719e-27,7.980054431092232e-27,7.980054431108755e-27,7.980054431125276e-27,7.980054431141793e-27,7.980054431158314e-27,7.980054431174834e-27,7.980054431191357e-27,7.980054431207873e-27,7.980054431224395e-27,7.98005443124091e-27,7.98005443125743e-27,7.980054431273947e-27,7.980054431290465e-27,7.980054431306985e-27,7.980054431323504e-27,7.980054431340022e-27,7.980054431356538e-27,7.980054431373058e-27,7.980054431389577e-27,7.980054431406093e-27,7.980054431422613e-27,7.980054431439128e-27,7.980054431455648e-27,7.980054431472164e-27,7.98005443148868e-27,7.9800544315052e-27,7.980054431521714e-27,7.980054431538231e-27,7.980054431554744e-27,7.980054431571263e-27,7.980054431587781e-27,7.9800544316043e-27,7.980054431620813e-27,7.980054431637329e-27,7.980054431653845e-27,7.980054431670361e-27,7.980054431686878e-27,7.98005443170339e-27,7.980054431719908e-27,7.980054431736418e-27,7.980054431752935e-27,7.980054431769447e-27,7.980054431785962e-27,7.980054431802476e-27,7.980054431818994e-27,7.980054431835506e-27,7.980054431852025e-27,7.980054431868535e-27,7.98005443188505e-27,7.980054431901578e-27,7.980054431918087e-27,7.980054431934602e-27,7.980054431951114e-27,7.980054431967627e-27,7.98005443198414e-27,7.980054432000653e-27,7.980054432017168e-27,7.980054432033681e-27,7.980054432050194e-27,7.980054432066706e-27,7.98005443208322e-27,7.98005443209973e-27,7.980054432116242e-27,7.980054432132754e-27,7.980054432149266e-27,7.980054432165778e-27,7.980054432182288e-27,7.980054432198798e-27,7.980054432215309e-27,7.980054432231822e-27,7.980054432248332e-27,7.980054432264841e-27,7.980054432281355e-27,7.980054432297866e-27,7.980054432314375e-27,7.980054432330884e-27,7.980054432347395e-27,7.980054432363904e-27,7.980054432380416e-27,7.980054432396926e-27,7.980054432413436e-27,7.980054432429945e-27,7.980054432446456e-27,7.980054432462966e-27,7.980054432479478e-27,7.980054432495985e-27,7.980054432512493e-27,7.980054432529001e-27,7.980054432545513e-27,7.980054432562022e-27,7.980054432578531e-27,7.980054432595035e-27,7.980054432611547e-27,7.980054432628052e-27,7.980054432644562e-27,7.98005443266107e-27,7.980054432677578e-27,7.980054432694084e-27,7.980054432710593e-27,7.9800544327271e-27,7.980054432743605e-27,7.980054432760115e-27,7.980054432776621e-27,7.980054432793129e-27,7.980054432809636e-27,7.980054432826142e-27,7.98005443284265e-27,7.980054432859153e-27,7.98005443287566e-27,7.980054432892168e-27,7.980054432908672e-27,7.98005443292518e-27,7.980054432941681e-27,7.980054432958187e-27,7.980054432974692e-27,7.980054432991198e-27,7.980054433007705e-27,7.98005443302421e-27,7.980054433040717e-27,7.98005443305722e-27,7.980054433073725e-27,7.98005443309023e-27,7.980054433106736e-27,7.980054433123236e-27,7.980054433139743e-27,7.980054433156246e-27,7.980054433172748e-27,7.980054433189253e-27,7.980054433205756e-27,7.980054433222262e-27,7.980054433238765e-27,7.980054433255267e-27,7.980054433271771e-27,7.980054433288274e-27,7.980054433304775e-27,7.980054433321279e-27,7.980054433337782e-27,7.980054433354288e-27,7.980054433370788e-27,7.980054433387289e-27,7.980054433403793e-27,7.980054433420294e-27,7.980054433436794e-27,7.980054433453298e-27,7.980054433469799e-27,7.980054433486303e-27,7.9800544335028e-27,7.980054433519302e-27,7.98005443353582e-27,7.980054433552321e-27,7.980054433568823e-27,7.980054433585326e-27,7.980054433601825e-27,7.980054433618324e-27,7.980054433634821e-27,7.980054433651326e-27,7.980054433667825e-27,7.980054433684323e-27,7.980054433700824e-27,7.980054433717324e-27,7.980054433733821e-27,7.980054433750322e-27,7.98005443376682e-27,7.98005443378332e-27,7.980054433799817e-27,7.980054433816315e-27,7.980054433832817e-27,7.980054433849312e-27,7.980054433865812e-27,7.980054433882312e-27,7.980054433898811e-27,7.98005443391531e-27,7.980054433931804e-27,7.980054433948303e-27,7.9800544339648e-27,7.980054433981295e-27,7.980054433997794e-27,7.980054434014293e-27,7.980054434030784e-27,7.980054434047279e-27,7.980054434063779e-27,7.980054434080274e-27,7.980054434096772e-27,7.980054434113267e-27,7.980054434129766e-27,7.980054434146262e-27,7.980054434162756e-27,7.980054434179252e-27,7.980054434195747e-27,7.980054434212244e-27,7.980054434228737e-27,7.98005443424523e-27,7.980054434261726e-27,7.98005443427822e-27,7.980054434294717e-27,7.98005443431121e-27,7.980054434327706e-27,7.9800544343442e-27,7.980054434360695e-27,7.980054434377185e-27,7.98005443439368e-27,7.980054434410175e-27,7.98005443442667e-27,7.980054434443163e-27,7.980054434459656e-27,7.980054434476148e-27,7.980054434492642e-27,7.980054434509135e-27,7.98005443452563e-27,7.980054434542122e-27,7.980054434558615e-27,7.980054434575109e-27,7.980054434591601e-27,7.980054434608091e-27,7.980054434624586e-27,7.980054434641077e-27,7.980054434657573e-27,7.980054434674063e-27,7.980054434690554e-27,7.980054434707045e-27,7.980054434723534e-27,7.980054434740028e-27,7.98005443475652e-27,7.98005443477301e-27,7.9800544347895e-27,7.980054434805991e-27,7.980054434822482e-27,7.980054434838971e-27,7.980054434855463e-27,7.980054434871954e-27,7.980054434888443e-27,7.980054434904932e-27,7.980054434921424e-27,7.980054434937912e-27,7.980054434954401e-27,7.980054434970886e-27,7.98005443498738e-27,7.980054435003869e-27,7.980054435020355e-27,7.980054435036845e-27,7.980054435053331e-27,7.980054435069818e-27,7.980054435086311e-27,7.980054435102799e-27,7.980054435119285e-27,7.980054435135776e-27,7.980054435152267e-27,7.980054435168755e-27,7.980054435185241e-27,7.980054435201727e-27,7.980054435218216e-27,7.980054435234703e-27,7.980054435251189e-27,7.980054435267676e-27,7.980054435284162e-27,7.98005443530065e-27,7.980054435317134e-27,7.980054435333624e-27,7.980054435350109e-27,7.980054435366596e-27,7.980054435383084e-27,7.980054435399571e-27,7.980054435416054e-27,7.98005443543254e-27,7.980054435449024e-27,7.980054435465509e-27,7.980054435481993e-27,7.980054435498482e-27,7.980054435514967e-27,7.980054435531451e-27,7.980054435547933e-27,7.980054435564419e-27,7.980054435580903e-27,7.980054435597389e-27,7.980054435613876e-27,7.980054435630358e-27,7.980054435646844e-27,7.980054435663325e-27,7.980054435679811e-27,7.980054435696294e-27,7.980054435712776e-27,7.980054435729259e-27,7.980054435745743e-27,7.980054435762224e-27,7.980054435778707e-27,7.980054435795191e-27,7.980054435811676e-27,7.980054435828157e-27,7.98005443584464e-27,7.980054435861126e-27,7.98005443587761e-27,7.980054435894091e-27,7.980054435910574e-27,7.980054435927055e-27,7.980054435943534e-27,7.980054435960016e-27,7.9800544359765e-27,7.980054435992977e-27,7.98005443600946e-27,7.980054436025942e-27,7.980054436042424e-27,7.980054436058904e-27,7.980054436075385e-27,7.980054436091866e-27,7.980054436108344e-27,7.980054436124825e-27,7.980054436141306e-27,7.980054436157783e-27,7.980054436174264e-27,7.980054436190741e-27,7.980054436207222e-27,7.9800544362237e-27,7.98005443624018e-27,7.980054436256662e-27,7.980054436273142e-27,7.98005443628962e-27,7.9800544363061e-27,7.980054436322576e-27,7.980054436339055e-27,7.980054436355531e-27,7.980054436372014e-27,7.980054436388491e-27,7.98005443640497e-27,7.980054436421447e-27,7.980054436437923e-27,7.980054436454402e-27,7.98005443647088e-27,7.98005443648736e-27,7.980054436503832e-27,7.98005443652031e-27,7.980054436536783e-27,7.980054436553263e-27,7.980054436569737e-27,7.980054436586216e-27,7.980054436602692e-27,7.980054436619166e-27,7.980054436635645e-27,7.980054436652121e-27,7.980054436668595e-27,7.980054436685068e-27,7.980054436701546e-27,7.980054436718022e-27,7.980054436734499e-27,7.98005443675097e-27,7.980054436767448e-27,7.980054436783922e-27,7.980054436800401e-27,7.980054436816872e-27,7.98005443683335e-27,7.980054436849821e-27,7.980054436866293e-27,7.98005443688277e-27,7.980054436899242e-27,7.980054436915718e-27,7.980054436932192e-27,7.980054436948665e-27,7.980054436965138e-27,7.980054436981611e-27,7.980054436998085e-27,7.980054437014558e-27,7.980054437031031e-27,7.980054437047506e-27,7.980054437063979e-27,7.980054437080449e-27,7.98005443709692e-27,7.980054437113392e-27,7.980054437129865e-27,7.980054437146337e-27,7.98005443716281e-27,7.980054437179281e-27,7.980054437195753e-27,7.980054437212224e-27,7.980054437228694e-27,7.980054437245166e-27,7.980054437261639e-27,7.980054437278109e-27,7.980054437294578e-27,7.98005443731105e-27,7.980054437327522e-27,7.980054437343994e-27,7.980054437360463e-27,7.980054437376931e-27,7.980054437393401e-27,7.980054437409871e-27,7.980054437426343e-27,7.980054437442819e-27,7.980054437459293e-27,7.980054437475759e-27,7.980054437492234e-27,7.980054437508704e-27,7.980054437525175e-27,7.980054437541641e-27,7.980054437558107e-27,7.980054437574577e-27,7.980054437591044e-27,7.980054437607516e-27,7.980054437623986e-27,7.98005443764045e-27,7.980054437656919e-27,7.980054437673386e-27,7.980054437689852e-27,7.980054437706321e-27,7.980054437722785e-27,7.980054437739257e-27,7.980054437755724e-27,7.980054437772191e-27,7.980054437788661e-27,7.980054437805127e-27,7.980054437821593e-27,7.980054437838057e-27,7.980054437854523e-27,7.980054437870992e-27,7.980054437887458e-27,7.980054437903926e-27,7.98005443792039e-27,7.980054437936857e-27,7.980054437953321e-27,7.980054437969787e-27,7.980054437986254e-27,7.98005443800272e-27,7.980054438019184e-27,7.98005443803565e-27,7.980054438052112e-27,7.980054438068577e-27,7.98005443808504e-27,7.980054438101506e-27,7.980054438117973e-27,7.980054438134436e-27,7.9800544381509e-27,7.980054438167365e-27,7.98005443818383e-27,7.980054438200288e-27,7.980054438216754e-27,7.980054438233218e-27,7.98005443824968e-27,7.980054438266143e-27,7.980054438282606e-27,7.98005443829907e-27,7.980054438315529e-27,7.980054438331993e-27,7.980054438348453e-27,7.980054438364913e-27,7.980054438381379e-27,7.980054438397842e-27,7.980054438414304e-27,7.980054438430765e-27,7.980054438447227e-27,7.980054438463688e-27,7.98005443848015e-27,7.980054438496613e-27,7.980054438513073e-27,7.980054438529536e-27,7.980054438545994e-27,7.980054438562456e-27,7.980054438578913e-27,7.980054438595372e-27,7.980054438611832e-27,7.980054438628289e-27,7.980054438644752e-27,7.980054438661212e-27,7.980054438677669e-27,7.98005443869413e-27,7.980054438710588e-27,7.980054438727051e-27,7.980054438743508e-27,7.980054438759971e-27,7.980054438776431e-27,7.980054438792887e-27,7.980054438809347e-27,7.980054438825805e-27,7.980054438842264e-27,7.980054438858721e-27,7.98005443887518e-27,7.980054438891639e-27,7.980054438908096e-27,7.980054438924556e-27,7.980054438941012e-27,7.98005443895747e-27,7.980054438973926e-27,7.980054438990388e-27,7.980054439006843e-27,7.980054439023299e-27,7.980054439039755e-27,7.980054439056214e-27,7.980054439072671e-27,7.980054439089131e-27,7.980054439105587e-27,7.980054439122045e-27,7.980054439138504e-27,7.98005443915496e-27,7.980054439171415e-27,7.98005443918787e-27,7.980054439204324e-27,7.980054439220778e-27,7.980054439237231e-27,7.98005443925369e-27,7.980054439270144e-27,7.980054439286603e-27,7.980054439303054e-27,7.980054439319512e-27,7.980054439335966e-27,7.980054439352417e-27,7.980054439368873e-27,7.980054439385326e-27,7.980054439401782e-27,7.980054439418239e-27,7.98005443943469e-27,7.980054439451148e-27,7.9800544394676e-27,7.980054439484054e-27,7.980054439500501e-27,7.980054439516947e-27,7.980054439533401e-27,7.98005443954985e-27,7.980054439566302e-27,7.980054439582754e-27,7.980054439599205e-27,7.98005443961566e-27,7.980054439632113e-27,7.980054439648563e-27,7.980054439665017e-27,7.980054439681467e-27,7.980054439697921e-27,7.980054439714371e-27,7.980054439730821e-27,7.980054439747271e-27,7.980054439763724e-27,7.980054439780176e-27,7.980054439796627e-27,7.980054439813079e-27,7.980054439829527e-27,7.980054439845977e-27,7.98005443986243e-27,7.98005443987888e-27,7.98005443989533e-27,7.980054439911777e-27,7.980054439928229e-27,7.980054439944679e-27,7.980054439961129e-27,7.980054439977579e-27,7.980054439994025e-27,7.980054440010476e-27,7.980054440026922e-27,7.980054440043373e-27,7.980054440059822e-27,7.980054440076273e-27,7.980054440092718e-27,7.980054440109165e-27,7.98005444012561e-27,7.980054440142062e-27,7.980054440158512e-27,7.980054440174958e-27,7.98005444019141e-27,7.980054440207854e-27,7.980054440224304e-27,7.98005444024075e-27,7.980054440257195e-27,7.980054440273645e-27,7.980054440290094e-27,7.98005444030654e-27,7.980054440322985e-27,7.980054440339432e-27,7.98005444035588e-27,7.980054440372324e-27,7.980054440388771e-27,7.980054440405217e-27,7.980054440421658e-27,7.980054440438108e-27,7.98005444045455e-27,7.980054440470995e-27,7.980054440487444e-27,7.980054440503887e-27,7.980054440520333e-27,7.980054440536777e-27,7.980054440553223e-27,7.980054440569665e-27,7.980054440586108e-27,7.980054440602551e-27,7.980054440618995e-27,7.98005444063544e-27,7.980054440651887e-27,7.980054440668333e-27,7.980054440684774e-27,7.98005444070122e-27,7.980054440717661e-27,7.980054440734107e-27,7.980054440750551e-27,7.980054440766993e-27,7.980054440783437e-27,7.980054440799877e-27,7.980054440816323e-27,7.980054440832766e-27,7.980054440849208e-27,7.980054440865653e-27,7.980054440882094e-27,7.980054440898536e-27,7.98005444091498e-27,7.980054440931418e-27,7.980054440947858e-27,7.980054440964303e-27,7.980054440980744e-27,7.980054440997187e-27,7.98005444101363e-27,7.98005444103007e-27,7.980054441046511e-27,7.980054441062954e-27,7.980054441079394e-27,7.980054441095837e-27,7.980054441112274e-27,7.980054441128714e-27,7.980054441145157e-27,7.980054441161595e-27,7.980054441178034e-27,7.980054441194475e-27,7.980054441210917e-27,7.98005444122736e-27,7.980054441243797e-27,7.980054441260234e-27,7.980054441276675e-27,7.980054441293114e-27,7.980054441309554e-27,7.98005444132599e-27,7.980054441342427e-27,7.980054441358868e-27,7.980054441375305e-27,7.980054441391745e-27,7.980054441408182e-27,7.980054441424618e-27,7.980054441441055e-27,7.980054441457495e-27,7.98005444147393e-27,7.980054441490368e-27,7.98005444150681e-27,7.980054441523245e-27,7.980054441539679e-27,7.980054441556116e-27,7.980054441572554e-27,7.980054441588988e-27,7.98005444160542e-27,7.98005444162186e-27,7.980054441638296e-27,7.980054441654732e-27,7.980054441671168e-27,7.9800544416876e-27,7.980054441704038e-27,7.980054441720476e-27,7.98005444173691e-27,7.980054441753347e-27,7.980054441769783e-27,7.980054441786217e-27,7.980054441802653e-27,7.980054441819092e-27,7.980054441835524e-27,7.980054441851962e-27,7.980054441868392e-27,7.980054441884826e-27,7.980054441901259e-27,7.980054441917693e-27,7.980054441934126e-27,7.980054441950563e-27,7.980054441966997e-27,7.98005444198343e-27,7.980054441999861e-27,7.980054442016294e-27,7.98005444203273e-27,7.980054442049161e-27,7.980054442065592e-27,7.980054442082025e-27,7.980054442098455e-27,7.980054442114891e-27,7.980054442131322e-27,7.980054442147754e-27,7.980054442164185e-27,7.980054442180621e-27,7.98005444219705e-27,7.980054442213482e-27,7.980054442229909e-27,7.980054442246342e-27,7.980054442262773e-27,7.980054442279206e-27,7.980054442295638e-27,7.98005444231207e-27,7.980054442328497e-27,7.980054442344929e-27,7.98005444236136e-27,7.980054442377793e-27,7.980054442394221e-27,7.980054442410654e-27,7.980054442427081e-27,7.980054442443513e-27,7.980054442459944e-27,7.980054442476371e-27,7.980054442492801e-27,7.98005444250923e-27,7.980054442525658e-27,7.980054442542088e-27,7.980054442558507e-27,7.980054442574932e-27,7.980054442591362e-27,7.980054442607792e-27,7.980054442624219e-27,7.980054442640649e-27,7.980054442657076e-27,7.980054442673503e-27,7.980054442689933e-27,7.980054442706359e-27,7.980054442722784e-27,7.980054442739214e-27,7.980054442755639e-27,7.980054442772069e-27,7.980054442788494e-27,7.980054442804921e-27,7.980054442821351e-27,7.980054442837777e-27,7.980054442854203e-27,7.98005444287063e-27,7.980054442887057e-27,7.980054442903481e-27,7.98005444291991e-27,7.980054442936335e-27,7.98005444295276e-27,7.980054442969186e-27,7.98005444298561e-27,7.980054443002033e-27,7.980054443018459e-27,7.980054443034886e-27,7.98005444305131e-27,7.980054443067737e-27,7.980054443084161e-27,7.980054443100586e-27,7.980054443117008e-27,7.980054443133434e-27,7.980054443149858e-27,7.980054443166284e-27,7.980054443182707e-27,7.98005444319913e-27,7.980054443215551e-27,7.980054443231976e-27,7.980054443248404e-27,7.980054443264826e-27,7.980054443281252e-27,7.980054443297673e-27,7.980054443314097e-27,7.980054443330519e-27,7.980054443346942e-27,7.980054443363366e-27,7.980054443379786e-27,7.980054443396204e-27,7.980054443412628e-27,7.980054443429051e-27,7.98005444344547e-27,7.980054443461894e-27,7.980054443478317e-27,7.980054443494736e-27,7.980054443511156e-27,7.980054443527578e-27,7.980054443543996e-27,7.980054443560416e-27,7.980054443576837e-27,7.980054443593259e-27,7.980054443609677e-27,7.980054443626103e-27,7.980054443642521e-27,7.98005444365894e-27,7.980054443675363e-27,7.980054443691781e-27,7.980054443708202e-27,7.980054443724624e-27,7.980054443741042e-27,7.980054443757463e-27,7.980054443773883e-27,7.980054443790303e-27,7.980054443806725e-27,7.980054443823142e-27,7.980054443839563e-27,7.980054443855979e-27,7.980054443872398e-27,7.980054443888817e-27,7.980054443905237e-27,7.980054443921654e-27,7.980054443938078e-27,7.980054443954492e-27,7.980054443970912e-27,7.980054443987329e-27,7.980054444003743e-27,7.980054444020163e-27,7.98005444403658e-27,7.980054444052994e-27,7.980054444069413e-27,7.98005444408583e-27,7.980054444102244e-27,7.980054444118664e-27,7.98005444413508e-27,7.980054444151497e-27,7.980054444167908e-27,7.980054444184325e-27,7.980054444200739e-27,7.980054444217156e-27,7.980054444233575e-27,7.980054444249989e-27,7.980054444266406e-27,7.980054444282821e-27,7.980054444299237e-27,7.980054444315651e-27,7.980054444332065e-27,7.98005444434848e-27,7.980054444364895e-27,7.980054444381309e-27,7.980054444397723e-27,7.980054444414139e-27,7.980054444430549e-27,7.980054444446967e-27,7.980054444463379e-27,7.980054444479793e-27,7.980054444496205e-27,7.98005444451262e-27,7.980054444529035e-27,7.980054444545462e-27,7.980054444561872e-27,7.980054444578286e-27,7.980054444594698e-27,7.980054444611112e-27,7.980054444627522e-27,7.980054444643936e-27,7.980054444660347e-27,7.98005444467676e-27,7.980054444693174e-27,7.980054444709585e-27,7.980054444725995e-27,7.98005444474241e-27,7.98005444475882e-27,7.980054444775233e-27,7.980054444791643e-27,7.980054444808053e-27,7.980054444824466e-27,7.980054444840876e-27,7.980054444857287e-27,7.980054444873697e-27,7.980054444890107e-27,7.980054444906516e-27,7.980054444922929e-27,7.980054444939338e-27,7.980054444955749e-27,7.980054444972159e-27,7.980054444988571e-27,7.980054445004978e-27,7.980054445021388e-27,7.980054445037798e-27,7.980054445054208e-27,7.980054445070616e-27,7.980054445087029e-27,7.980054445103439e-27,7.980054445119844e-27,7.980054445136251e-27,7.980054445152666e-27,7.980054445169073e-27,7.98005444518548e-27,7.980054445201888e-27,7.980054445218294e-27,7.9800544452347e-27,7.98005444525111e-27,7.980054445267519e-27,7.980054445283926e-27,7.980054445300334e-27,7.980054445316743e-27,7.980054445333148e-27,7.980054445349558e-27,7.980054445365965e-27,7.980054445382372e-27,7.98005444539877e-27,7.980054445415179e-27,7.980054445431587e-27,7.98005444544799e-27,7.9800544454644e-27,7.980054445480808e-27,7.980054445497214e-27,7.980054445513618e-27,7.980054445530025e-27,7.98005444554643e-27,7.980054445562833e-27,7.980054445579242e-27,7.980054445595647e-27,7.980054445612048e-27,7.980054445628454e-27,7.980054445644857e-27,7.980054445661264e-27,7.980054445677666e-27,7.980054445694072e-27,7.980054445710476e-27,7.980054445726876e-27,7.980054445743281e-27,7.980054445759687e-27,7.980054445776088e-27,7.980054445792492e-27,7.980054445808899e-27,7.9800544458253e-27,7.980054445841702e-27,7.980054445858107e-27,7.98005444587451e-27,7.980054445890914e-27,7.980054445907315e-27,7.98005444592372e-27,7.980054445940118e-27,7.980054445956519e-27,7.980054445972923e-27,7.980054445989329e-27,7.98005444600573e-27,7.980054446022131e-27,7.980054446038532e-27,7.980054446054934e-27,7.98005444607133e-27,7.980054446087733e-27,7.980054446104134e-27,7.98005444612054e-27,7.980054446136936e-27,7.980054446153335e-27,7.980054446169738e-27,7.980054446186136e-27,7.980054446202535e-27,7.980054446218935e-27,7.980054446235333e-27,7.980054446251734e-27,7.980054446268134e-27,7.980054446284532e-27,7.980054446300934e-27,7.980054446317329e-27,7.98005444633373e-27,7.980054446350127e-27,7.980054446366527e-27,7.980054446382927e-27,7.980054446399325e-27,7.980054446415725e-27,7.98005444643212e-27,7.980054446448522e-27,7.980054446464917e-27,7.980054446481317e-27,7.980054446497714e-27,7.980054446514114e-27,7.980054446530511e-27,7.980054446546908e-27,7.980054446563308e-27,7.980054446579705e-27,7.980054446596102e-27,7.980054446612496e-27,7.980054446628893e-27,7.98005444664529e-27,7.980054446661686e-27,7.980054446678082e-27,7.98005444669448e-27,7.980054446710876e-27,7.980054446727271e-27,7.980054446743668e-27,7.980054446760065e-27,7.980054446776459e-27,7.980054446792856e-27,7.980054446809252e-27,7.980054446825647e-27,7.98005444684204e-27,7.980054446858437e-27,7.980054446874827e-27,7.980054446891223e-27,7.980054446907616e-27,7.980054446924012e-27,7.980054446940409e-27,7.980054446956803e-27,7.980054446973195e-27,7.980054446989591e-27,7.980054447005983e-27,7.980054447022376e-27,7.980054447038769e-27,7.980054447055163e-27,7.980054447071558e-27,7.980054447087951e-27,7.980054447104345e-27,7.980054447120738e-27,7.980054447137129e-27,7.980054447153523e-27,7.980054447169914e-27,7.98005444718631e-27,7.980054447202698e-27,7.980054447219092e-27,7.980054447235483e-27,7.980054447251874e-27,7.980054447268263e-27,7.980054447284657e-27,7.980054447301048e-27,7.98005444731744e-27,7.980054447333829e-27,7.980054447350222e-27,7.980054447366609e-27,7.980054447383001e-27,7.980054447399388e-27,7.980054447415778e-27,7.98005444743217e-27,7.98005444744856e-27,7.980054447464949e-27,7.980054447481335e-27,7.980054447497727e-27,7.980054447514119e-27,7.980054447530509e-27,7.980054447546897e-27,7.980054447563286e-27,7.980054447579681e-27,7.980054447596065e-27,7.980054447612456e-27,7.980054447628848e-27,7.980054447645235e-27,7.980054447661627e-27,7.980054447678013e-27,7.980054447694405e-27,7.980054447710791e-27,7.980054447727182e-27,7.980054447743569e-27,7.980054447759956e-27,7.980054447776344e-27,7.98005444779273e-27,7.980054447809116e-27,7.980054447825503e-27,7.980054447841895e-27,7.980054447858281e-27,7.98005444787467e-27,7.980054447891055e-27,7.980054447907442e-27,7.980054447923829e-27,7.980054447940214e-27,7.980054447956601e-27,7.980054447972985e-27,7.980054447989371e-27,7.980054448005759e-27,7.980054448022147e-27,7.980054448038533e-27,7.98005444805492e-27,7.980054448071302e-27,7.98005444808769e-27,7.980054448104073e-27,7.980054448120459e-27,7.980054448136841e-27,7.98005444815323e-27,7.980054448169615e-27,7.980054448186e-27,7.980054448202383e-27,7.980054448218772e-27,7.980054448235154e-27,7.980054448251537e-27,7.980054448267917e-27,7.980054448284303e-27,7.980054448300689e-27,7.980054448317073e-27,7.980054448333457e-27,7.98005444834984e-27,7.980054448366222e-27,7.980054448382606e-27,7.980054448398987e-27,7.980054448415368e-27,7.980054448431751e-27,7.980054448448134e-27,7.98005444846452e-27,7.980054448480903e-27,7.980054448497286e-27,7.980054448513668e-27,7.980054448530051e-27,7.980054448546432e-27,7.980054448562813e-27,7.980054448579196e-27,7.980054448595577e-27,7.980054448611958e-27,7.98005444862834e-27,7.98005444864472e-27,7.9800544486611e-27,7.980054448677483e-27,7.980054448693864e-27,7.980054448710244e-27,7.980054448726623e-27,7.980054448743004e-27,7.980054448759383e-27,7.980054448775767e-27,7.980054448792144e-27,7.980054448808525e-27,7.980054448824905e-27,7.980054448841286e-27,7.980054448857664e-27,7.98005444887404e-27,7.980054448890418e-27,7.980054448906795e-27,7.980054448923177e-27,7.980054448939555e-27,7.980054448955937e-27,7.980054448972315e-27,7.98005444898869e-27,7.980054449005069e-27,7.980054449021448e-27,7.980054449037822e-27,7.980054449054203e-27,7.980054449070579e-27,7.98005444908696e-27,7.980054449103337e-27,7.980054449119711e-27,7.980054449136089e-27,7.980054449152467e-27,7.980054449168844e-27,7.98005444918522e-27,7.980054449201595e-27,7.980054449217973e-27,7.980054449234349e-27,7.980054449250727e-27,7.9800544492671e-27,7.980054449283476e-27,7.980054449299853e-27,7.980054449316229e-27,7.980054449332603e-27,7.980054449348978e-27,7.980054449365355e-27,7.980054449381729e-27,7.980054449398107e-27,7.98005444941448e-27,7.980054449430854e-27,7.980054449447232e-27,7.980054449463606e-27,7.980054449479977e-27,7.980054449496353e-27,7.980054449512725e-27,7.980054449529099e-27,7.980054449545473e-27,7.980054449561847e-27,7.980054449578221e-27,7.980054449594596e-27,7.980054449610968e-27,7.98005444962734e-27,7.980054449643714e-27,7.980054449660088e-27,7.98005444967646e-27,7.980054449692835e-27,7.980054449709209e-27,7.980054449725581e-27,7.980054449741948e-27,7.980054449758322e-27,7.980054449774697e-27,7.980054449791066e-27,7.98005444980744e-27,7.980054449823812e-27,7.980054449840182e-27,7.980054449856554e-27,7.980054449872924e-27,7.980054449889295e-27,7.980054449905668e-27,7.98005444992204e-27,7.980054449938407e-27,7.980054449954782e-27,7.980054449971154e-27,7.980054449987526e-27,7.980054450003894e-27,7.980054450020264e-27,7.980054450036635e-27,7.980054450053003e-27,7.980054450069373e-27,7.980054450085743e-27,7.980054450102111e-27,7.98005445011848e-27,7.98005445013485e-27,7.98005445015122e-27,7.980054450167588e-27,7.980054450183955e-27,7.980054450200328e-27,7.980054450216693e-27,7.980054450233063e-27,7.980054450249434e-27,7.980054450265802e-27,7.980054450282172e-27,7.980054450298539e-27,7.980054450314905e-27,7.980054450331274e-27,7.980054450347638e-27,7.980054450364006e-27,7.980054450380375e-27,7.980054450396741e-27,7.98005445041311e-27,7.980054450429474e-27,7.980054450445843e-27,7.980054450462212e-27,7.980054450478575e-27,7.980054450494942e-27,7.980054450511308e-27,7.980054450527672e-27,7.980054450544038e-27,7.980054450560403e-27,7.980054450576773e-27,7.980054450593134e-27,7.980054450609504e-27,7.980054450625869e-27,7.980054450642233e-27,7.980054450658597e-27,7.980054450674961e-27,7.980054450691326e-27,7.980054450707691e-27,7.980054450724054e-27,7.980054450740424e-27,7.980054450756786e-27,7.980054450773149e-27,7.980054450789517e-27,7.98005445080588e-27,7.98005445082224e-27,7.980054450838604e-27,7.98005445085497e-27,7.980054450871331e-27,7.980054450887696e-27,7.980054450904062e-27,7.980054450920421e-27,7.980054450936785e-27,7.980054450953149e-27,7.980054450969509e-27,7.980054450985871e-27,7.980054451002234e-27,7.980054451018598e-27,7.98005445103496e-27,7.980054451051323e-27,7.980054451067684e-27,7.980054451084046e-27,7.980054451100404e-27,7.980054451116768e-27,7.980054451133131e-27,7.980054451149488e-27,7.980054451165852e-27,7.980054451182214e-27,7.980054451198577e-27,7.980054451214935e-27,7.980054451231296e-27,7.980054451247657e-27,7.980054451264014e-27,7.980054451280375e-27,7.980054451296737e-27,7.980054451313095e-27,7.98005445132946e-27,7.980054451345819e-27,7.980054451362177e-27,7.980054451378534e-27,7.980054451394892e-27,7.980054451411252e-27,7.980054451427609e-27,7.98005445144397e-27,7.980054451460328e-27,7.980054451476685e-27,7.980054451493047e-27,7.980054451509404e-27,7.980054451525764e-27,7.98005445154212e-27,7.980054451558474e-27,7.980054451574835e-27,7.980054451591195e-27,7.980054451607552e-27,7.98005445162391e-27,7.980054451640267e-27,7.980054451656622e-27,7.980054451672983e-27,7.980054451689338e-27,7.980054451705697e-27,7.980054451722053e-27,7.980054451738406e-27,7.980054451754767e-27,7.980054451771119e-27,7.980054451787479e-27,7.980054451803836e-27,7.980054451820188e-27,7.980054451836546e-27,7.9800544518529e-27,7.980054451869257e-27,7.98005445188561e-27,7.980054451901968e-27,7.980054451918319e-27,7.980054451934677e-27,7.980054451951034e-27,7.980054451967389e-27,7.980054451983743e-27,7.9800544520001e-27,7.980054452016448e-27,7.980054452032805e-27,7.980054452049158e-27,7.980054452065511e-27,7.980054452081868e-27,7.980054452098219e-27,7.980054452114573e-27,7.980054452130926e-27,7.98005445214728e-27,7.980054452163633e-27,7.980054452179991e-27,7.980054452196342e-27,7.980054452212692e-27,7.980054452229048e-27,7.980054452245398e-27,7.980054452261752e-27,7.980054452278101e-27,7.980054452294454e-27,7.980054452310805e-27,7.980054452327156e-27,7.980054452343511e-27,7.980054452359865e-27,7.980054452376216e-27,7.98005445239257e-27,7.980054452408918e-27,7.980054452425269e-27,7.98005445244162e-27,7.980054452457971e-27,7.980054452474324e-27,7.980054452490675e-27,7.980054452507026e-27,7.980054452523375e-27,7.980054452539725e-27,7.980054452556076e-27,7.980054452572426e-27,7.980054452588775e-27,7.980054452605123e-27,7.980054452621473e-27,7.980054452637821e-27,7.980054452654174e-27,7.980054452670526e-27,7.980054452686873e-27,7.980054452703221e-27,7.980054452719569e-27,7.980054452735917e-27,7.980054452752265e-27,7.980054452768616e-27,7.980054452784964e-27,7.980054452801313e-27,7.98005445281766e-27,7.980054452834009e-27,7.980054452850353e-27,7.980054452866701e-27,7.980054452883048e-27,7.980054452899396e-27,7.980054452915741e-27,7.980054452932088e-27,7.980054452948436e-27,7.980054452964781e-27,7.98005445298113e-27,7.980054452997475e-27,7.980054453013826e-27,7.980054453030165e-27,7.980054453046513e-27,7.980054453062857e-27,7.980054453079207e-27,7.980054453095552e-27,7.980054453111899e-27,7.980054453128243e-27,7.98005445314459e-27,7.980054453160932e-27,7.980054453177279e-27,7.980054453193622e-27,7.980054453209969e-27,7.980054453226314e-27,7.980054453242657e-27,7.980054453259004e-27,7.980054453275349e-27,7.98005445329169e-27,7.980054453308035e-27,7.980054453324379e-27,7.980054453340721e-27,7.980054453357067e-27,7.980054453373409e-27,7.980054453389753e-27,7.980054453406098e-27,7.98005445342244e-27,7.980054453438783e-27,7.980054453455124e-27,7.98005445347147e-27,7.980054453487812e-27,7.980054453504156e-27,7.980054453520496e-27,7.980054453536839e-27,7.980054453553183e-27,7.980054453569522e-27,7.980054453585863e-27,7.980054453602207e-27,7.980054453618547e-27,7.980054453634888e-27,7.98005445365123e-27,7.980054453667571e-27,7.98005445368391e-27,7.98005445370025e-27,7.980054453716593e-27,7.980054453732935e-27,7.980054453749275e-27,7.980054453765615e-27,7.980054453781956e-27,7.980054453798297e-27,7.980054453814637e-27,7.980054453830978e-27,7.980054453847316e-27,7.980054453863658e-27,7.980054453879997e-27,7.980054453896335e-27,7.980054453912676e-27,7.980054453929012e-27,7.980054453945353e-27,7.98005445396169e-27,7.980054453978032e-27,7.980054453994369e-27,7.980054454010712e-27,7.980054454027047e-27,7.980054454043385e-27,7.98005445405972e-27,7.980054454076061e-27,7.980054454092398e-27,7.980054454108737e-27,7.980054454125075e-27,7.980054454141416e-27,7.980054454157752e-27,7.980054454174087e-27,7.980054454190425e-27,7.980054454206759e-27,7.980054454223097e-27,7.980054454239436e-27,7.980054454255773e-27,7.980054454272107e-27,7.980054454288448e-27,7.980054454304783e-27,7.980054454321117e-27,7.980054454337456e-27,7.980054454353792e-27,7.98005445437013e-27,7.980054454386464e-27,7.980054454402802e-27,7.980054454419138e-27,7.980054454435471e-27,7.980054454451806e-27,7.98005445446814e-27,7.980054454484475e-27,7.98005445450081e-27,7.980054454517144e-27,7.980054454533482e-27,7.980054454549816e-27,7.980054454566148e-27,7.980054454582484e-27,7.980054454598816e-27,7.980054454615151e-27,7.980054454631484e-27,7.980054454647817e-27,7.98005445466415e-27,7.980054454680485e-27,7.980054454696817e-27,7.980054454713148e-27,7.980054454729486e-27,7.980054454745819e-27,7.980054454762153e-27,7.980054454778484e-27,7.980054454794817e-27,7.98005445481115e-27,7.980054454827483e-27,7.980054454843813e-27,7.980054454860148e-27,7.980054454876476e-27,7.98005445489281e-27,7.980054454909141e-27,7.98005445492547e-27,7.9800544549418e-27,7.980054454958135e-27,7.980054454974465e-27,7.980054454990797e-27,7.980054455007127e-27,7.980054455023459e-27,7.980054455039789e-27,7.98005445505612e-27,7.980054455072449e-27,7.98005445508878e-27,7.980054455105111e-27,7.980054455121443e-27,7.980054455137773e-27,7.980054455154104e-27,7.980054455170433e-27,7.980054455186763e-27,7.98005445520309e-27,7.980054455219419e-27,7.980054455235753e-27,7.980054455252082e-27,7.980054455268409e-27,7.980054455284738e-27,7.980054455301065e-27,7.980054455317394e-27,7.980054455333722e-27,7.980054455350052e-27,7.980054455366378e-27,7.980054455382707e-27,7.980054455399035e-27,7.980054455415367e-27,7.980054455431691e-27,7.98005445544802e-27,7.980054455464347e-27,7.980054455480672e-27,7.980054455496999e-27,7.980054455513325e-27,7.980054455529653e-27,7.980054455545979e-27,7.980054455562304e-27,7.980054455578629e-27,7.980054455594956e-27,7.980054455611284e-27,7.980054455627607e-27,7.980054455643935e-27,7.980054455660258e-27,7.980054455676586e-27,7.98005445569291e-27,7.980054455709235e-27,7.98005445572556e-27,7.980054455741884e-27,7.980054455758209e-27,7.980054455774533e-27,7.980054455790858e-27,7.980054455807183e-27,7.98005445582351e-27,7.980054455839834e-27,7.980054455856159e-27,7.980054455872484e-27,7.980054455888808e-27,7.98005445590513e-27,7.980054455921454e-27,7.980054455937775e-27,7.980054455954098e-27,7.980054455970421e-27,7.980054455986749e-27,7.980054456003068e-27,7.980054456019393e-27,7.980054456035716e-27,7.980054456052037e-27,7.980054456068356e-27,7.980054456084683e-27,7.980054456101002e-27,7.980054456117327e-27,7.980054456133647e-27,7.980054456149972e-27,7.980054456166291e-27,7.980054456182617e-27,7.980054456198936e-27,7.980054456215258e-27,7.980054456231578e-27,7.980054456247899e-27,7.98005445626422e-27,7.980054456280538e-27,7.980054456296861e-27,7.980054456313182e-27,7.980054456329502e-27,7.980054456345821e-27,7.980054456362142e-27,7.980054456378462e-27,7.98005445639478e-27,7.980054456411106e-27,7.980054456427423e-27,7.980054456443742e-27,7.980054456460063e-27,7.980054456476383e-27,7.980054456492704e-27,7.980054456509022e-27,7.98005445652534e-27,7.980054456541656e-27,7.980054456557976e-27,7.980054456574294e-27,7.980054456590612e-27,7.98005445660693e-27,7.98005445662325e-27,7.980054456639566e-27,7.980054456655884e-27,7.980054456672202e-27,7.980054456688518e-27,7.980054456704839e-27,7.980054456721156e-27,7.980054456737474e-27,7.98005445675379e-27,7.980054456770108e-27,7.980054456786425e-27,7.980054456802737e-27,7.980054456819055e-27,7.980054456835372e-27,7.98005445685169e-27,7.980054456868007e-27,7.980054456884322e-27,7.980054456900638e-27,7.980054456916955e-27,7.98005445693327e-27,7.980054456949588e-27,7.980054456965903e-27,7.98005445698222e-27,7.980054456998535e-27,7.980054457014847e-27,7.980054457031162e-27,7.980054457047477e-27,7.980054457063793e-27,7.980054457080106e-27,7.98005445709642e-27,7.980054457112735e-27,7.98005445712905e-27,7.980054457145363e-27,7.980054457161678e-27,7.980054457177989e-27,7.980054457194305e-27,7.980054457210619e-27,7.980054457226931e-27,7.980054457243242e-27,7.980054457259557e-27,7.98005445727587e-27,7.980054457292186e-27,7.980054457308497e-27,7.980054457324808e-27,7.980054457341123e-27,7.980054457357437e-27,7.980054457373749e-27,7.98005445739006e-27,7.980054457406372e-27,7.980054457422683e-27,7.980054457438995e-27,7.980054457455307e-27,7.98005445747162e-27,7.980054457487932e-27,7.980054457504241e-27,7.980054457520555e-27,7.980054457536862e-27,7.980054457553177e-27,7.980054457569483e-27,7.980054457585798e-27,7.980054457602105e-27,7.980054457618416e-27,7.980054457634724e-27,7.980054457651032e-27,7.980054457667343e-27,7.98005445768365e-27,7.980054457699961e-27,7.980054457716271e-27,7.980054457732582e-27,7.980054457748893e-27,7.980054457765199e-27,7.980054457781507e-27,7.980054457797817e-27,7.980054457814126e-27,7.980054457830434e-27,7.980054457846746e-27,7.980054457863056e-27,7.980054457879364e-27,7.98005445789567e-27,7.980054457911978e-27,7.980054457928287e-27,7.980054457944593e-27,7.980054457960903e-27,7.980054457977209e-27,7.980054457993515e-27,7.980054458009825e-27,7.980054458026128e-27,7.980054458042435e-27,7.980054458058744e-27,7.980054458075049e-27,7.980054458091363e-27,7.980054458107667e-27,7.980054458123973e-27,7.980054458140281e-27,7.980054458156586e-27,7.980054458172893e-27,7.980054458189196e-27,7.9800544582055e-27,7.980054458221805e-27,7.980054458238109e-27,7.980054458254415e-27,7.98005445827072e-27,7.980054458287027e-27,7.980054458303331e-27,7.980054458319633e-27,7.980054458335938e-27,7.98005445835224e-27,7.980054458368548e-27,7.980054458384853e-27,7.980054458401159e-27,7.980054458417462e-27,7.980054458433764e-27,7.980054458450065e-27,7.98005445846637e-27,7.980054458482673e-27,7.980054458498978e-27,7.98005445851528e-27,7.980054458531585e-27,7.980054458547889e-27,7.980054458564192e-27,7.980054458580496e-27,7.980054458596801e-27,7.980054458613102e-27,7.980054458629406e-27,7.980054458645705e-27,7.980054458662006e-27,7.980054458678312e-27,7.980054458694612e-27,7.980054458710915e-27,7.980054458727215e-27,7.980054458743518e-27,7.98005445875982e-27,7.980054458776121e-27,7.98005445879242e-27,7.980054458808723e-27,7.980054458825025e-27,7.980054458841327e-27,7.980054458857625e-27,7.980054458873925e-27,7.980054458890224e-27,7.980054458906522e-27,7.980054458922823e-27,7.980054458939122e-27,7.980054458955426e-27,7.980054458971721e-27,7.980054458988025e-27,7.980054459004325e-27,7.980054459020623e-27,7.980054459036923e-27,7.980054459053224e-27,7.980054459069521e-27,7.98005445908582e-27,7.980054459102122e-27,7.98005445911842e-27,7.980054459134719e-27,7.980054459151018e-27,7.980054459167318e-27,7.980054459183616e-27,7.980054459199914e-27,7.98005445921621e-27,7.980054459232511e-27,7.980054459248809e-27,7.980054459265104e-27,7.9800544592814e-27,7.980054459297698e-27,7.980054459313993e-27,7.98005445933029e-27,7.980054459346588e-27,7.980054459362881e-27,7.980054459379185e-27,7.980054459395479e-27,7.98005445941178e-27,7.980054459428072e-27,7.980054459444367e-27,7.980054459460666e-27,7.980054459476957e-27,7.980054459493258e-27,7.980054459509554e-27,7.98005445952585e-27,7.980054459542146e-27,7.980054459558435e-27,7.980054459574729e-27,7.980054459591025e-27,7.98005445960732e-27,7.980054459623617e-27,7.980054459639912e-27,7.980054459656205e-27,7.980054459672502e-27,7.980054459688793e-27,7.980054459705089e-27,7.980054459721384e-27,7.980054459737675e-27,7.980054459753969e-27,7.980054459770265e-27,7.980054459786557e-27,7.980054459802848e-27,7.980054459819144e-27,7.980054459835434e-27,7.980054459851726e-27,7.98005445986802e-27,7.980054459884312e-27,7.980054459900605e-27,7.980054459916896e-27,7.980054459933191e-27,7.980054459949483e-27,7.980054459965774e-27,7.980054459982066e-27,7.980054459998357e-27,7.98005446001465e-27,7.980054460030942e-27,7.980054460047235e-27,7.980054460063526e-27,7.980054460079815e-27,7.980054460096106e-27,7.980054460112397e-27,7.980054460128689e-27,7.98005446014498e-27,7.980054460161272e-27,7.98005446017756e-27,7.980054460193848e-27,7.98005446021014e-27,7.980054460226429e-27,7.98005446024272e-27,7.980054460259009e-27,7.9800544602753e-27,7.98005446029159e-27,7.980054460307877e-27,7.980054460324164e-27,7.980054460340454e-27,7.980054460356741e-27,7.98005446037303e-27,7.980054460389322e-27,7.980054460405609e-27,7.980054460421895e-27,7.980054460438186e-27,7.980054460454475e-27,7.980054460470763e-27,7.980054460487051e-27,7.98005446050334e-27,7.980054460519628e-27,7.980054460535915e-27,7.980054460552201e-27,7.98005446056849e-27,7.980054460584774e-27,7.980054460601063e-27,7.980054460617353e-27,7.980054460633638e-27,7.980054460649924e-27,7.980054460666212e-27,7.980054460682499e-27,7.980054460698786e-27,7.980054460715072e-27,7.980054460731358e-27,7.980054460747644e-27,7.980054460763932e-27,7.980054460780216e-27,7.9800544607965e-27,7.980054460812787e-27,7.980054460829074e-27,7.980054460845359e-27,7.980054460861642e-27,7.980054460877927e-27,7.980054460894211e-27,7.980054460910497e-27,7.980054460926784e-27,7.980054460943069e-27,7.980054460959352e-27,7.980054460975635e-27,7.98005446099192e-27,7.980054461008203e-27,7.980054461024488e-27,7.980054461040772e-27,7.980054461057057e-27,7.980054461073338e-27,7.980054461089621e-27,7.980054461105903e-27,7.980054461122184e-27,7.98005446113847e-27,7.980054461154753e-27,7.980054461171035e-27,7.980054461187314e-27,7.980054461203598e-27,7.980054461219883e-27,7.980054461236163e-27,7.980054461252445e-27,7.98005446126873e-27,7.980054461285011e-27,7.980054461301292e-27,7.980054461317575e-27,7.980054461333855e-27,7.980054461350133e-27,7.980054461366418e-27,7.980054461382695e-27,7.980054461398978e-27,7.980054461415257e-27,7.980054461431538e-27,7.98005446144782e-27,7.980054461464098e-27,7.98005446148038e-27,7.980054461496663e-27,7.980054461512941e-27,7.980054461529218e-27,7.980054461545497e-27,7.980054461561776e-27,7.980054461578055e-27,7.980054461594336e-27,7.980054461610615e-27,7.980054461626893e-27,7.98005446164317e-27,7.98005446165945e-27,7.98005446167573e-27,7.980054461692007e-27,7.980054461708287e-27,7.980054461724567e-27,7.980054461740841e-27,7.980054461757119e-27,7.980054461773392e-27,7.980054461789675e-27,7.980054461805951e-27,7.980054461822227e-27,7.980054461838507e-27,7.980054461854784e-27,7.980054461871061e-27,7.980054461887339e-27,7.980054461903614e-27,7.98005446191989e-27,7.980054461936168e-27,7.980054461952443e-27,7.98005446196872e-27,7.980054461984994e-27,7.980054462001272e-27,7.980054462017546e-27,7.980054462033825e-27,7.980054462050098e-27,7.980054462066372e-27,7.980054462082648e-27,7.980054462098928e-27,7.9800544621152e-27,7.980054462131478e-27,7.98005446214775e-27,7.980054462164026e-27,7.980054462180303e-27,7.980054462196576e-27,7.980054462212852e-27,7.980054462229125e-27,7.980054462245401e-27,7.980054462261677e-27,7.980054462277951e-27,7.980054462294223e-27,7.980054462310497e-27,7.98005446232677e-27,7.980054462343047e-27,7.980054462359316e-27,7.980054462375592e-27,7.980054462391863e-27,7.980054462408133e-27,7.980054462424408e-27,7.980054462440682e-27,7.980054462456956e-27,7.980054462473228e-27,7.980054462489497e-27,7.980054462505772e-27,7.980054462522044e-27,7.980054462538315e-27,7.980054462554585e-27,7.980054462570857e-27,7.980054462587131e-27,7.980054462603402e-27,7.980054462619674e-27,7.980054462635944e-27,7.980054462652215e-27,7.980054462668484e-27,7.980054462684756e-27,7.98005446270103e-27,7.980054462717299e-27,7.980054462733567e-27,7.98005446274984e-27,7.98005446276611e-27,7.98005446278238e-27,7.98005446279865e-27,7.98005446281492e-27,7.980054462831191e-27,7.980054462847456e-27,7.980054462863724e-27,7.980054462879994e-27,7.98005446289626e-27,7.980054462912534e-27,7.980054462928802e-27,7.980054462945068e-27,7.980054462961339e-27,7.980054462977607e-27,7.980054462993876e-27,7.980054463010142e-27,7.98005446302641e-27,7.98005446304268e-27,7.980054463058944e-27,7.980054463075211e-27,7.980054463091479e-27,7.980054463107746e-27,7.980054463124016e-27,7.980054463140282e-27,7.980054463156551e-27,7.980054463172822e-27,7.980054463189088e-27,7.980054463205357e-27,7.980054463221621e-27,7.980054463237887e-27,7.980054463254154e-27,7.980054463270421e-27,7.980054463286688e-27,7.980054463302953e-27,7.980054463319219e-27,7.980054463335485e-27,7.98005446335175e-27,7.980054463368017e-27,7.980054463384282e-27,7.980054463400547e-27,7.980054463416813e-27,7.980054463433078e-27,7.980054463449341e-27,7.980054463465605e-27,7.98005446348187e-27,7.980054463498132e-27,7.980054463514397e-27,7.980054463530659e-27,7.980054463546925e-27,7.980054463563186e-27,7.980054463579454e-27,7.980054463595716e-27,7.980054463611979e-27,7.980054463628244e-27,7.980054463644506e-27,7.980054463660773e-27,7.980054463677033e-27,7.9800544636933e-27,7.98005446370956e-27,7.98005446372582e-27,7.980054463742083e-27,7.980054463758342e-27,7.980054463774604e-27,7.980054463790869e-27,7.980054463807131e-27,7.980054463823393e-27,7.980054463839655e-27,7.980054463855916e-27,7.980054463872175e-27,7.980054463888436e-27,7.9800544639047e-27,7.980054463920963e-27,7.980054463937223e-27,7.980054463953487e-27,7.980054463969746e-27,7.980054463986004e-27,7.980054464002267e-27,7.98005446401853e-27,7.980054464034788e-27,7.98005446405105e-27,7.98005446406731e-27,7.980054464083569e-27,7.980054464099825e-27,7.980054464116083e-27,7.980054464132345e-27,7.980054464148604e-27,7.980054464164862e-27,7.980054464181122e-27,7.980054464197382e-27,7.980054464213641e-27,7.980054464229897e-27,7.980054464246159e-27,7.980054464262416e-27,7.980054464278673e-27,7.980054464294933e-27,7.980054464311187e-27,7.980054464327447e-27,7.980054464343707e-27,7.980054464359965e-27,7.980054464376221e-27,7.98005446439248e-27,7.980054464408737e-27,7.980054464424992e-27,7.98005446444125e-27,7.98005446445751e-27,7.980054464473768e-27,7.980054464490021e-27,7.980054464506278e-27,7.980054464522535e-27,7.980054464538792e-27,7.980054464555048e-27,7.980054464571304e-27
5,0.0,0.0,0.0,0.0,0.0,0.0,0.0,0.0,0.0,0.0,0.0,0.0,0.0,0.0,0.0,0.0,0.0,0.0,0.0,0.0,0.0,0.0,0.0,0.0,0.0,0.0,0.0,0.0,0.0,0.0,0.0,0.0,0.0,0.0,0.0,0.0,0.0,0.0,0.0,0.0,0.0,0.0,0.0,0.0,0.0,0.0,0.0,0.0,0.0,0.0,0.0,0.0,0.0,0.0,0.0,0.0,0.0,0.0,0.0,0.0,0.0,0.0,0.0,0.0,0.0,0.0,0.0,0.0,0.0,0.0,0.0,0.0,0.0,0.0,0.0,0.0,0.0,0.0,0.0,0.0,0.0,0.0,0.0,0.0,0.0,0.0,0.0,0.0,0.0,0.0,0.0,0.0,0.0,0.0,0.0,0.0,0.0,0.0,0.0,0.0,0.0,0.0,0.0,0.0,0.0,0.0,0.0,0.0,0.0,0.0,0.0,0.0,0.0,0.0,0.0,0.0,0.0,0.0,0.0,0.0,0.0,0.0,0.0,0.0,0.0,0.0,0.0,0.0,0.0,0.0,0.0,0.0,0.0,0.0,0.0,0.0,0.0,0.0,0.0,0.0,0.0,0.0,0.0,0.0,0.0,0.0,0.0,0.0,0.0,0.0,0.0,0.0,0.0,0.0,0.0,0.0,0.0,0.0,0.0,0.0,0.0,0.0,0.0,0.0,0.0,0.0,0.0,0.0,0.0,0.0,0.0,0.0,0.0,0.0,0.0,0.0,0.0,0.0,0.0,0.0,0.0,0.0,0.0,0.0,0.0,0.0,0.0,0.0,0.0,0.0,0.0,0.0,0.0,0.0,0.0,0.0,0.0,0.0,0.0,0.0,0.0,0.0,0.0,0.0,0.0,0.0,0.0,0.0,0.0,0.0,0.0,0.0,0.0,0.0,0.0,0.0,0.0,0.0,0.0,0.0,0.0,0.0,0.0,0.0,0.0,0.0,0.0,0.0,0.0,0.0,0.0,0.0,0.0,0.0,0.0,0.0,0.0,0.0,0.0,0.0,0.0,0.0,0.0,0.0,0.0,0.0,0.0,0.0,0.0,0.0,0.0,0.0,0.0,0.0,0.0,0.0,0.0,0.0,0.0,0.0,0.0,0.0,0.0,0.0,0.0,0.0,0.0,0.0,0.0,0.0,0.0,0.0,0.0,0.0,0.0,0.0,0.0,0.0,0.0,0.0,0.0,0.0,0.0,0.0,0.0,0.0,0.0,0.0,0.0,0.0,0.0,0.0,0.0,0.0,0.0,0.0,0.0,0.0,0.0,0.0,0.0,0.0,0.0,0.0,0.0,0.0,0.0,0.0,0.0,0.0,0.0,0.0,0.0,0.0,0.0,0.0,0.0,0.0,0.0,0.0,0.0,0.0,0.0,0.0,0.0,0.0,0.0,0.0,0.0,0.0,0.0,0.0,0.0,0.0,0.0,0.0,0.0,0.0,0.0,0.0,0.0,0.0,0.0,0.0,0.0,0.0,0.0,0.0,0.0,0.0,0.0,0.0,0.0,0.0,0.0,0.0,0.0,0.0,0.0,0.0,0.0,0.0,0.0,0.0,0.0,0.0,0.0,0.0,0.0,0.0,0.0,0.0,0.0,0.0,0.0,0.0,0.0,0.0,0.0,0.0,0.0,0.0,0.0,0.0,0.0,0.0,0.0,0.0,0.0,0.0,0.0,0.0,0.0,0.0,0.0,0.0,0.0,0.0,0.0,0.0,0.0,0.0,0.0,0.0,0.0,0.0,0.0,0.0,0.0,0.0,0.0,0.0,0.0,0.0,0.0,0.0,0.0,0.0,0.0,0.0,0.0,0.0,0.0,0.0,0.0,0.0,0.0,0.0,0.0,0.0,0.0,0.0,0.0,0.0,0.0,0.0,0.0,0.0,0.0,0.0,0.0,0.0,0.0,0.0,0.0,0.0,0.0,0.0,0.0,0.0,0.0,0.0,0.0,0.0,0.0,0.0,0.0,0.0,0.0,0.0,0.0,0.0,0.0,0.0,0.0,0.0,0.0,0.0,0.0,0.0,0.0,0.0,0.0,0.0,0.0,0.0,0.0,0.0,0.0,0.0,0.0,0.0,0.0,0.0,0.0,0.0,0.0,0.0,0.0,0.0,0.0,0.0,0.0,0.0,0.0,0.0,0.0,0.0,0.0,0.0,0.0,0.0,0.0,0.0,0.0,0.0,0.0,0.0,0.0,0.0,0.0,0.0,0.0,0.0,0.0,0.0,0.0,0.0,0.0,0.0,0.0,0.0,0.0,0.0,0.0,0.0,0.0,0.0,0.0,0.0,0.0,0.0,0.0,0.0,0.0,0.0,0.0,0.0,0.0,0.0,0.0,0.0,0.0,0.0,0.0,0.0,0.0,0.0,0.0,0.0,0.0,0.0,0.0,0.0,0.0,0.0,0.0,0.0,0.0,0.0,0.0,0.0,0.0,0.0,0.0,0.0,0.0,0.0,0.0,0.0,0.0,0.0,0.0,0.0,0.0,0.0,0.0,0.0,0.0,0.0,0.0,0.0,0.0,0.0,0.0,0.0,0.0,0.0,0.0,0.0,0.0,0.0,0.0,0.0,0.0,0.0,0.0,0.0,0.0,0.0,0.0,0.0,0.0,0.0,0.0,0.0,0.0,0.0,0.0,0.0,0.0,0.0,0.0,0.0,0.0,0.0,0.0,0.0,0.0,0.0,0.0,0.0,0.0,0.0,0.0,0.0,0.0,0.0,0.0,0.0,0.0,0.0,0.0,0.0,0.0,0.0,0.0,0.0,0.0,0.0,0.0,0.0,0.0,0.0,0.0,0.0,0.0,0.0,0.0,0.0,0.0,0.0,0.0,0.0,0.0,0.0,0.0,0.0,0.0,0.0,0.0,0.0,0.0,0.0,0.0,0.0,0.0,0.0,0.0,0.0,0.0,0.0,0.0,0.0,0.0,0.0,0.0,0.0,0.0,0.0,0.0,0.0,0.0,0.0,0.0,0.0,0.0,0.0,0.0,0.0,0.0,0.0,0.0,0.0,0.0,0.0,0.0,0.0,0.0,0.0,0.0,0.0,0.0,0.0,0.0,0.0,0.0,0.0,0.0,0.0,0.0,0.0,0.0,0.0,0.0,0.0,0.0,0.0,0.0,0.0,0.0,0.0,0.0,0.0,0.0,0.0,0.0,0.0,0.0,0.0,0.0,0.0,0.0,0.0,0.0,0.0,0.0,0.0,0.0,0.0,0.0,0.0,0.0,0.0,0.0,0.0,0.0,0.0,0.0,0.0,0.0,0.0,0.0,0.0,0.0,0.0,0.0,0.0,0.0,0.0,0.0,0.0,0.0,0.0,0.0,0.0,0.0,0.0,0.0,0.0,0.0,0.0,0.0,0.0,0.0,0.0,0.0,0.0,0.0,0.0,0.0,0.0,0.0,0.0,0.0,0.0,0.0,0.0,0.0,0.0,0.0,0.0,0.0,0.0,0.0,0.0,0.0,0.0,0.0,0.0,0.0,0.0,0.0,0.0,0.0,0.0,0.0,0.0,0.0,0.0,0.0,0.0,0.0,0.0,0.0,0.0,0.0,0.0,0.0,0.0,0.0,0.0,0.0,0.0,0.0,0.0,0.0,0.0,0.0,0.0,0.0,0.0,0.0,0.0,0.0,0.0,0.0,0.0,0.0,0.0,0.0,0.0,0.0,0.0,0.0,0.0,0.0,0.0,0.0,0.0,0.0,0.0,0.0,0.0,0.0,0.0,0.0,0.0,0.0,0.0,0.0,0.0,0.0,0.0,0.0,0.0,0.0,0.0,0.0,0.0,0.0,0.0,0.0,0.0,0.0,0.0,0.0,0.0,0.0,0.0,0.0,0.0,0.0,0.0,0.0,0.0,0.0,0.0,0.0,0.0,0.0,0.0,0.0,0.0,0.0,0.0,0.0,0.0,0.0,0.0,0.0,0.0,0.0,0.0,0.0,0.0,0.0,0.0,0.0,0.0,0.0,0.0,0.0,0.0,0.0,0.0,0.0,0.0,0.0,0.0,0.0,0.0,0.0,0.0,0.0,0.0,0.0,0.0,0.0,0.0,0.0,0.0,0.0,0.0,0.0,0.0,0.0,0.0,0.0,0.0,0.0,0.0,0.0,0.0,0.0,0.0,0.0,0.0,0.0,0.0,0.0,0.0,0.0,0.0,0.0,0.0,0.0,0.0,0.0,0.0,0.0,0.0,0.0,0.0,0.0,0.0,0.0,0.0,0.0,0.0,0.0,0.0,0.0,0.0,0.0,0.0,0.0,0.0,0.0,0.0,0.0,0.0,0.0,0.0,0.0,0.0,0.0,0.0,0.0,0.0,0.0,0.0,0.0,0.0,0.0,0.0,0.0,0.0,0.0,0.0,1.1188572625424996e-06,2.4658706795555257e-06,4.031164789264279e-06,5.804612400725413e-06,7.776075127568923e-06,9.935584454327664e-06,1.2273475159385755e-05,1.4780480803622692e-05,1.7447799225765522e-05,2.026713451317076e-05,2.323072069352289e-05,2.6331331382304724e-05,2.9562278789428405e-05,3.291740480653504e-05,3.639106634030179e-05,3.9978116603521695e-05,4.367388371078007e-05,4.7474147626669386e-05,5.1375116278510876e-05,5.5373401452545563e-05,5.946599494115971e-05,6.365024528602118e-05,6.792383536688482e-05,7.228476100932905e-05,7.67313107261059e-05,8.126204666033014e-05,8.587578676383331e-05,9.057158821694181e-05,9.534873207611802e-05,0.00010020670912102256,0.00010514520686250482,0.00011016409766586468,0.0001152634279390058,0.00012044340833285696,0.00012570440490156678,0.00013104693116815756,0.0001364716410449678,0.00014197932255823086,0.0001475708923296664,0.00015324739076995466,0.00015900997794217477,0.0001648599300560987,0.0001707986365573759,0.0001768275977786436,0.00018294842312272845,0.00018916282975074144,0.0001954726417511809,0.00020187978976877801,0.00020838631107432425,0.00021499435005977333,0.00022170615914517627,0.00022852410008627387,0.00023545064567458786,0.0002424883818235402,0.0002496400100367185,0.00025690835025642697,0.00026429634409326676,0.00027180705843897983,0.0002794436894675489,0.0002872095670314039,0.00029510815946188915,0.00030314307878489145,0.0003113180863660914,0.0003196370990007188,0.0003281041954663363,0.00033672362355987093,0.00034549980764163644,0.0003544373567128838,0.0003635410730554954,0.00037281596146608424,0.0003822672391202305,0.0003919003461041043,0.000401720956658597,0.0004117349911801569,0.00042194862903117573,0.00043236832221331975,0.00044300080996856843,0.0004538531343698268,0.0004649326569766612,0.0004762470766339518,0.0004878044485005504,0.000499613204401247,0.0005116821746056107,0.0005240206111456611,0.0005366382127954595,0.0005495451518464652,0.000562752102825561,0.0005762702733168587,0.0005901114370625693,0.0006042879695361252,0.0006188128861994695,0.0006336998836752301,0.0006489633840903488,0.0006646185828698474,0.0006806815002893714,0.0006971690371247596,0.0007140990347723315,0.0007314903402508591,0.0007493628765382782,0.0007677377187435197,0.0007866371766656503,0.0008060848843499963,0.0008261058973154599,0.0008467267981981958,0.0008679758116351293,0.0008898829293000085,0.000912480046099614,0.0009358011086464288,0.0009598822772425466,0.0009847621027390201,0.00101048171977887,0.0010370850580909859,0.001064619073667964,0.0010931340018522089,0.0011226836345467638,0.001153325623983622,0.0011851218156941057,0.0012181386135615788,0.0012524473800468025,0.0012881248748953386,0.001325253735813319,0.0013639230047312644,0.001404228703321956,0.0014462744613635166,0.0014901722012659396,0.0015360428815401896,0.0015840173010380186,0.001634236964289376,0.0016868550059599456,0.0017420371690470616,0.001799962826493726,0.0018608260288578513,0.0019248365507392548,0.0019922208948079598,0.002063223193107299,0.002138105919008432,0.0022171502874519943,0.0023006561729958784,0.002388941311170897,0.002482339464753053,0.0025811971287247504,0.0026858682154699085,0.0027967059845492503,0.0029140513347632405,0.0030198571909135297,0.0031496690600291465,0.003286770796805234,0.003431239081978694,0.0035829933520766582,0.0037417418801755672,0.0039069219282885205,0.004077639193787894,0.004252615159574244,0.004430154356647102,0.004608145161787818,0.004784105994494123,0.004955282246892225,0.005118788583449169,0.005271779458105889,0.005411622434188342,0.00553604794198908,0.005643255889305739,0.005731970815878485,0.005801448481209759,0.005851444514797994,0.0058821586043832355,0.005894166728800157,0.005888350835685509,0.005865831793063521,0.005827908434568392,0.005776003477337787,0.005711616001377414,0.00563627981171887,0.005551527075189541,0.005458856880441674,0.0053597086280073244,0.0052554403119989945,0.005147311771313148,0.0050364728842242764,0.004923956502979369,0.004810675729594474,0.00469742496640179,0.004584884063799166,0.004473624842582416,0.004364119284632698,0.0042567487489953105,0.004151813663538495,0.004049543248960123,0.003950104938784999,0.0038536132597055107,0.0037601380069548626,0.003669711654633075,0.003582335945582314,0.00349798768166453,0.0034166237477626506,0.0033381854228074037,0.003262602041160321,0.003189794071979661,0.003119675684425286,0.003052156864149937,0.002987145142198597,0.002924546992275049,0.0028642689466264414,0.0028062184750604017,0.002750304666042223,0.0026964387436503915,0.0026445344492282683,0.002594508313012774,0.0025462798354436247,0.0024997715969484013,0.002454909310181912,0.002411621827100412,0.0023698411108778543,0.0023295021809529148,0.0022905430379286224,0.002252904573810292,0.0022165304719761287,0.002181367100418263,0.002147363401045396,0.0021144707772566104,0.002082642981502096,0.0020518360041134626,0.0020220079644353564,0.0019931190049597845,0.001965131188979837,0.001938008402127797,0.001911716258015732,0.0018862220080811244,0.001861494455694612,0.0018375038744797053,0.0018142219308082638,0.001791621610320391,0.00176967714838562,0.0017483639643158045,0.0017276585992020428,0.0017075386571924391,0.0016879827500558475,0.0016689704448536987,0.0016504822145674287,0.001632499391508837,0.001615004123367641,0.001597979331740411,0.0015814086730039356,0.001565276501389264,0.0015495678341332813,0.001534268318580812,0.0015193642011232696,0.0015048422978636536,0.00149068996690422,0.0014768950821581026,0.0014634460086052875,0.0014503315788762922,0.001437541071129978,0.0014250641881059743,0.0014128910373068042,0.0014010121122326,0.0013894182746089538,0.0013781007375542114,0.0013670510496206257,0.0013562610796704403,0.0013457230025294812,0.0013354292853791105,0.0013253726748377777,0.00131554618470553,0.0013059430843158641,0.0012965568874769983,0.0012873813419610443,0.001278410419508556,0.001269638306330635,0.001261059394067338,0.0012526682711895272,0.001244459714813268,0.0012364286828987856,0.0012285703068339792,0.0012208798843584825,0.001213352872821233,0.001205984882754215,0.0011987716717451373,0.0011917091385867913,0.0011847933177048077,0.0011780203738287422,0.0011713865969096013,0.0011648883972641202,0.0011585223009376246,0.0011522849452713386,0.001146173074665205,0.0011401835365295757,0.0011343132774097975,0.0011285593392805287,0.0011229188560020191,0.0011173890499256095,0.0011119672286356017,0.001106650781855448,0.0011014371784539186,0.0010963239635939463,0.001091308755995126,0.0010863892453099933,0.001081563189610189,0.0010768284129730116,0.001072182803167819,0.0010676243094351436,0.0010631509403568637,0.0010587607618090078,0.001054451894998379,0.0010502225145768642,0.0010460708468280774,0.0010419951679264655,0.0010379938022646404,0.00103406512084605,0.0010302075397349115,0.0010264195185734877,0.0010226995591488047,0.001019046204017682,0.0010154580351827906,0.0010119336728174836,0.001008471774039168,0.0010050710317287498,0.001001730173391655,0.0009984479600650567,0.0009952231852587182,0.000992054673938799,0.0009889412815488711,0.0009858818930646393,0.0009828754220823999,0.0009799208099387803,0.0009770170248668548,0.0009741630611761524,0.0009713579384646733,0.0009686007008582666,0.0009658904162754867,0.0009632261757186951,0.0009606070925904098,0.000958032302027294,0.0009555009602698022,0.0009530122440394094,0.0009505653499440592,0.0009481594939021301,0.0009457939105870312,0.0009434678528871356,0.0009411805913868855,0.0009389314138657251,0.0009367196248079037,0.0009345445449337905,0.0009324055107456165,0.0009303018740861542,0.0009282330017127397,0.0009261982748851274,0.0009241970889663169,0.0009222288530352575,0.0009202929895144997,0.0009183889338063888,0.0009165161339423169,0.0009146740502422178,0.0009128621549869085,0.0009110799320976773,0.0009093268768274178,0.000907602495461087,0.0009059063050240573,0.0009042378330023022,0.0009025966170680992,0.0009009822048153976,0.0008993941535031941,0.0008978320298061142,0.0008962954095725692,0.0008947838775914956,0.0008932970273630417,0.0008918344608791284,0.000890395788408572,0.0008889806282883889,0.0008875886067247504,0.0008862193575919188,0.0008848725222452912,0.0008835477493380603,0.000882244694636648,0.0008809630208497431,0.0008797023976506088,0.0008784625009310779,0.0008772430132257825,0.000876043623360771,0.0008748640263041293,0.0008737039230142181,0.0008725630203018483,0.0008714410306888017,0.0008703376722734578,0.0008692526685989884,0.0008681857485260179,0.0008671366461079864,0.0008661051004700274,0.0008650908556928193,0.0008640936606953795,0.0008631132691268947,0.0008621494392555289,0.0008612019338628791,0.0008602705201466434,0.0008593549696123232,0.0008584550579810383,0.0008575705650941642,0.0008567012748195946,0.0008558469749642421,0.0008550074571836036,0.0008541825168983227,0.0008533719532100409,0.0008525755688222705,0.0008517931699592987,0.0008510245662895947,0.0008502695708527487,0.0008495279999848551,0.0008487996732474157,0.0008480844133581585,0.0008473820461236792,0.0008466924003737311,0.0008460153078960584,0.0008453506033741739,0.0008446981243262477,0.0008440577110453065,0.0008434292065404224,0.0008428124564820712,0.0008422073091437105,0.0008416136153507057,0.0008410312284250736,0.0008404600041341638,0.000839899800646078,0.0008393504784725493,0.000838811900424465,0.0008382839315661471,0.0008377664391687166,0.0008372592926659918,0.0008367623636107008,0.0008362755256323409,0.0008357986543956572,0.000835331627560475,0.0008348743247406326,0.0008344266274677171,0.0008339884191517978,0.0008335595850449513,0.0008331400122052412,0.000832729589461669,0.0008323282073795368,0.0008319357582272814,0.0008315521359430015,0.0008311772361030305,0.0008308109558902025,0.0008304531940632343,0.000830103850927314,0.0008297628283023028,0.0008294300294984249,0.0008291053592864901,0.0008287887238652105,0.0008284800308436252,0.0008281791892089709,0.000827886109301796,0.0008276007027929033,0.0008273228826563431,0.0008270525631459641,0.0008267896597748052,0.0008265340892868751,0.0008262857696396569,0.000826044619979023,0.0008258105606200519,0.0008255835130237113,0.0008253633997790007,0.0008251501445743457,0.0008249436721916559,0.0008247439084783637,0.0008245507803287032,0.0008243642156668292,0.0008241841434282203,0.0008240104935416588,0.0008238431969129503,0.0008236821854059422,0.0008235273918283465,0.0008233787499116958,0.0008232361943001057,0.0008230996605302458,0.0008229690850188793,0.0008228444050462657,0.0008227255587410634,0.0008226124850694302,0.0008225051238155065,0.0008224034155708375,0.000822307301720291,0.000822216724428559,0.0008221316266263912,0.0008220519519999925,0.000821977644975611,0.0008219086507090463,0.0008218449150718996,0.0008217863846445064,0.0008217330066971491,0.0008216847291833662,0.0008216415007288116,0.0008216032706181525,0.0008215699887859759,0.0008215416058057152,0.0008215180728791945,0.0008214993418277012,0.0008214853650797321,0.0008214760956646268,0.0008214714871979271,0.0008214714938781752,0.0008214760704727612,0.0008214851723120236,0.0008214987552787141,0.0008215167757998646,0.0008215391908381569,0.0008215659578839426,0.0008215970349463441,0.0008216323805462588,0.0008216719537064554,0.0008217157139463905,0.0008217636212731887,0.0008218156361740807,0.0008218717196093782,0.000821931833005354,0.0008219959382469384,0.0008220639976708676,0.0008221359740588565,0.0008222118306304403,0.0008222915310391399,0.0008223750393612408,0.0008224623200927386,0.0008225533381424774,0.0008226480588257987,0.0008227464478585564,0.0008228484713518235,0.0008229540958050663,0.0008230632881009665,0.0008231760154999018,0.0008232922456346811,0.0008234119465039445,0.0008235350864682872,0.0008236616342451614,0.0008237915589017362,0.000823924829852015,0.0008240614168510999,0.0008242012899900554,0.0008243444196914817,0.0008244907767046863,0.0008246403321009496,0.0008247930572693765,0.000824948923911936,0.0008251079040395926,0.0008252699699676519,0.0008254350943112155,0.0008256032499828924,0.0008257744101838426,0.0008259485484060194,0.0008261256384248667,0.0008263056542952385,0.0008264885703484199,0.0008266743611873067,0.000826863001685501,0.000827054466979832,0.0008272487324686525,0.000827445773808251,0.0008276455669112064,0.0008278480879391514,0.0008280533133018743,0.000828261219653897,0.0008284717838906872,0.0008286849831450101,0.0008289007947854712,0.0008291191964117644,0.0008293401658525217,0.0008295636811616298,0.0008297897206157251,0.0008300182627114263,0.0008302492861618222,0.0008304827698952951,0.0008307186930502061,0.0008309570349742005,0.0008311977752206424,0.0008314408935464371,0.0008316863699086285,0.0008319341844626141,0.0008321843175602636,0.0008324367497453774,0.0008326914617527826,0.0008329484345058342,0.0008332076491146368,0.0008334690868706325,0.0008337327292482966,0.0008339985579007024,0.0008342665546577038,0.0008345367015235217,0.0008348089806751899,0.0008350833744599196,0.0008353598653933139,0.0008356384361566478,0.0008359190695961126,0.0008362017487189029,0.0008364864566931858,0.0008367731768454319,0.0008370618926578377,0.0008373525877676242,0.0008376452459640596,0.0008379398511873159,0.0008382363875265808,0.0008385348392178384,0.0008388351906428023,0.0008391374263266082,0.0008394415309369555,0.0008397474892794291,0.0008400552863030487,0.0008403649070896087,0.0008406763368576206,0.0008409895609594395,0.0008413045648796805,0.000841621334233851,0.0008419398547659532,0.0008422601123486629,0.0008425820929802888,0.0008429057827840681,0.0008432311680067521,0.0008435582350169034,0.0008438869703034658,0.0008442173604747799,0.000844549392257145,0.0008448830524931599,0.0008452183281405935,0.0008455552062711916,0.0008458936740694083,0.000846233718830716,0.000846575327960902,0.0008469184889742692,0.0008472631894937193,0.0008476094172482738,0.0008479571600718211,0.0008483064059027817,0.000848657142781836,0.0008490093588525725,0.0008493630423577575,0.0008497181816429626,0.0008500747651493297,0.0008504327814162661,0.0008507922190801404,0.0008511530668722244,0.0008515153136191184,0.0008518789482384935,0.0008522439597429859,0.0008526103372352518,0.0008529780699086612,0.0008533471470460285,0.0008537175580188631,0.0008540892922858504,0.0008544623393924101,0.000854836688969994,0.0008552123307341952,0.0008555892544854491,0.0008559674501068672,0.0008563469075635416,0.0008567276169020098,0.0008571095682494346,0.0008574927518117998,0.0008578771578759577,0.0008582627768048108,0.0008586495990400845,0.0008590376150981916,0.0008594268155722032,0.000859817191130185,0.0008602087325141832,0.0008606014305380574,0.0008609952760925984,0.0008613902601368761,0.0008617863737010846,0.000862183607887267,0.0008625819538668326,0.0008629814028802623,0.0008633819462350962,0.0008637835753101462,0.0008641862815477946,0.0008645900564579373,0.0008649948916161794,0.0008654007786638048,0.0008658077093051149,0.000866215675309268,0.0008666246685085111,0.000867034680797624,0.0008674457041326926,0.0008678577305320066,0.0008682707520743127,0.0008686847608985717,0.0008690997492015489,0.0008695157092439651,0.0008699326333402359,0.0008703505138636168,0.0008707693432465657,0.0008711891139770338,0.0008716098185976055,0.0008720314497096885,0.0008724539999683477,0.0008728774620833225,0.0008733018288185717,0.0008737270929921093,0.0008741532474744875,0.0008745802851891871,0.0008750081991122248,0.0008754369822708645,0.0008758666277436596,0.0008762971286600846,0.0008767284781996407,0.0008771606695914809,0.0008775936961151245,0.0008780275510976782,0.0008784622279152613,0.0008788977199918481,0.000879334020799685,0.0008797711238573253,0.0008802090227301968,0.0008806477110302719,0.0008810871824154953,0.0008815274305881994,0.0008819684492972924,0.0008824102323357154,0.0008828527735396415,0.0008832960667901533,0.000883740106013321,0.0008841848851756988,0.0008846303982873781,0.0008850766394009932,0.0008855236026110414,0.0008859712820534717,0.0008864196719055558,0.0008868687663856541,0.0008873185597523279,0.0008877690463045654,0.0008882202203804971,0.0008886720763584748,0.0008891246086550028,0.0008895778117268751,0.000890031680068131,0.0008904862082120711,0.0008909413907270515,0.0008913972222213384,0.0008918536973407959,0.0008923108107666039,0.0008927685572163735,0.0008932269314453169,0.0008936859282432596,0.0008941455424361795,0.0008946057688849749,0.0008950666024858411,0.0008955280381696564,0.0008959900709015721,0.000896452695681,0.0008969159075410578,0.0008973797015480433,0.0008978440728028129,0.0008983090164377386,0.0008987745276188885,0.0008992406015437851,0.0008997072334437095,0.0009001744185808782,0.000900642152248532,0.0009011104297724451,0.0009015792465088804,0.0009020485978452362,0.0009025184791997281,0.0009029888860206767,0.0009034598137866377,0.0009039312580059066,0.0009044032142168294,0.0009048756779868426,0.000905348644912586,0.000905822110619887,0.0009062960707630545,0.0009067705210246426,0.0009072454571164766,0.0009077208747773318,0.0009081967697741328,0.0009086731379012423,0.0009091499749813791,0.0009096272768633938,0.0009101050394229525,0.0009105832585631238,0.0009110619302133492,0.0009115410503291199,0.0009120206148922371,0.0009125006199103212,0.0009129810614172955,0.0009134619354710476,0.000913943238157022,0.0009144249655830319,0.0009149071138839833,0.0009153896792189483,0.0009158726577713059,0.0009163560457490037,0.000916839839383769,0.0009173240349319789,0.0009178086286732876,0.0009182936169106123,0.0009187789959715837,0.0009192647622060003,0.0009197509119870168,0.0009202374417113959,0.0009207243477962384,0.0009212116266841053,0.0009216992748384457,0.0009221872887453999,0.0009226756649128234,0.0009231643998708089,0.000923653490171013,0.0009241429323866579,0.0009246327231123976,0.0009251228589640607,0.0009256133365787417,0.0009261041526142539,0.0009265953037494195,0.0009270867866833709,0.000927578598136207,0.0009280707348479031,0.000928563193578862,0.0009290559711093958,0.0009295490642396658,0.0009300424697898087,0.0009305361845993162,0.0009310302055272925,0.0009315245294521313,0.0009320191532709407,0.000932514073900647,0.000933009288276607,0.000933504793353018,0.0009340005861027384,0.0009344966635171147,0.0009349930226054418,0.0009354896603964607,0.0009359865739360461,0.0009364837602876691,0.0009369812165334523,0.0009374789397728917,0.0009379769271232868,0.0009384751757191992,0.0009389736827128187,0.0009394724452729028,0.0009399714605859689,0.0009404707258553216,0.0009409702383011727,0.0009414699951601881,0.0009419699936865087,0.0009424702311493014,0.0009429707048352957,0.0009434714120473034,0.0009439723501040589,0.0009444735163406967,0.0009449749081080596,0.0009454765227730077,0.0009459783577174197,0.0009464804103400271,0.0009469826780542423,0.0009474851582890419,0.0009479878484886649,0.0009484907461127007,0.0009489938486356425,0.0009494971535471379,0.0009500006583517513,0.0009505043605685296,0.0009510082577314671,0.0009515123473892083,0.0009520166271048193,0.0009525210944557951,0.0009530257470334302,0.0009535305824438615,0.0009540355983071329,0.0009545407922572359,0.0009550461619421715,0.0009555517050243771,0.0009560574191781536,0.0009565633020929098,0.0009570693514713197,0.0009575755650300034,0.0009580819404981678,0.0009585884756186819,0.0009590951681479479,0.000959602015854321,0.0009601090165200618,0.000960616167940661,0.0009611234679238666,0.0009616309142898411,0.0009621385048723356,0.000962646237516801,0.0009631541100831323,0.0009636621204406606,0.0009641702664729078,0.0009646785460759532,0.0009651869571572862,0.0009656954976365481,0.0009662041654459583,0.000966712958529373,0.0009672218748421518,0.0009677309123519263,0.0009682400690379949,0.0009687493428912603,0.0009692587319141091,0.000969768234120689,0.0009702778475368951,0.0009707875701984129,0.0009712974001538128,0.0009718073354622863,0.0009723173741944368,0.0009728275144317642,0.00097333775426681,0.0009738480918029213,0.0009743585251544096,0.0009748690524463553,0.000975379671814466,0.0009758903814047169,0.0009764011793755507,0.0009769120638938899,0.0009774230331379803,0.0009779340852958177,0.000978445218566492,0.0009789564311589347,0.0009794677212924406,0.0009799790871964044,0.000980490527110246,0.000981002039283647,0.0009815136219764378,0.000982025273456682,0.0009825369920044716,0.0009830487759086152,0.000983560623467928,0.000984072532990201,0.0009845845027935804,0.000985096531205291,0.0009856086165624073,0.0009861207572111274,0.0009866329515070735,0.0009871451978154936,0.0009876574945099931,0.0009881698399742658,0.0009886822326004635,0.000989194670790665,0.0009897071529552574,0.0009902196775135666,0.000990732242894349,0.0009912448475358697,0.0009917574898823103,0.0009922701683893254,0.0009927828815206915,0.000993295627748443,0.0009938084055535737,0.000994321213425386,0.000994834049861608,0.000995346913368652,0.0009958598024607658,0.0009963727156616304,0.0009968856515021837,0.0009973986085218354,0.0009979115852684322,0.000998424580297951,0.000998937592174228,0.0009994506194695215,0.0009999636607635042,0.0010004767146439668,0.0010009897797073127,0.0010015028545566815,0.0010020159378045105,0.0010025290280693117,0.0010030421239789016,0.001003555224166669,0.0010040683272759666,0.0010045814319562204,0.0010050945368650524,0.0010056076406676465,0.0010061207420349596,0.0010066338396489906,0.0010071469321960786,0.0010076600183704433,0.0010081730968740216,0.0010086861664156698,0.0010091992257118528,0.0010097122734860043,0.0010102253084673947,0.0010107383293955989,0.0010112513350140776,0.0010117643240754202,0.0010122772953364684,0.001012790247563492,0.0010133031795287962,0.001013816090011614,0.0010143289777977621,0.001014841841679855,0.0010153546804576397,0.0010158674929368766,0.001016380277930334,0.0010168930342571844,0.0010174057607446982,0.0010179184562234037,0.0010184311195329664,0.0010189437495187327,0.0010194563450325,0.001019968904932527,0.0010204814280831216,0.001020993913355186,0.0010215063596260615,0.0010220187657785057,0.0010225311307024041,0.0010230434532934644,0.0010235557324528295,0.0010240679670894938,0.001024067967089494,0.0010240679670894936,0.001024067967089494,0.001024067967089494,0.001024067967089494,0.001024067967089494,0.0010240679670894938,0.0010240679670894936,0.0010240679670894938,0.001024067967089494,0.0010240679670894936,0.0010240679670894936,0.0010240679670894938,0.001024067967089494,0.001024067967089494,0.0010240679670894938,0.0010240679670894942,0.001024067967089494,0.0010240679670894936,0.0010240679670894938,0.0010240679670894938,0.0010240679670894938,0.0010240679670894936,0.0010240679670894936,0.0010240679670894936,0.0010240679670894936,0.0010240679670894936,0.001024067967089493,0.001024067967089493,0.0010240679670894936,0.0010240679670894925,0.001024067967089492,0.0010240679670894925,0.0010240679670894927,0.0010240679670894938,0.0010240679670894936,0.0010240679670894936,0.001024067967089494,0.0010240679670894945,0.0010240679670894947,0.0010240679670894949,0.0010240679670894949,0.0010240679670894949,0.0010240679670894947,0.0010240679670894949,0.0010240679670894947,0.0010240679670894947,0.001024067967089495,0.0010240679670894947,0.0010240679670894949,0.0010240679670894947,0.0010240679670894949,0.0010240679670894949,0.0010240679670894949,0.0010240679670894947,0.001024067967089495,0.001024067967089495,0.001024067967089495,0.0010240679670894949,0.001024067967089495,0.001024067967089495,0.001024067967089495,0.001024067967089495,0.001024067967089495,0.001024067967089495,0.0010240679670894953,0.001024067967089495,0.001024067967089495,0.001024067967089495,0.0010240679670894958,0.0010240679670894953,0.0010240679670894955,0.0010240679670894953,0.0010240679670894953,0.0010240679670894949,0.0010240679670894955,0.0010240679670894953,0.0010240679670894953,0.0010240679670894953,0.0010240679670894953,0.0010240679670894953,0.0010240679670894953,0.0010240679670894953,0.0010240679670894953,0.0010240679670894955,0.0010240679670894955,0.0010240679670894953,0.0010240679670894953,0.0010240679670894955,0.0010240679670894955,0.0010240679670894955,0.0010240679670894955,0.0010240679670894953,0.0010240679670894955,0.0010240679670894953,0.0010240679670894955,0.0010240679670894953,0.0010240679670894949,0.0010240679670894953,0.0010240679670894953,0.001024067967089495,0.0010240679670894953,0.0010240679670894953,0.0010240679670894955,0.0010240679670894949,0.0010240679670894955,0.0010240679670894953,0.0010240679670894955,0.0010240679670894953,0.0010240679670894955,0.0010240679670894953,0.0010240679670894953,0.0010240679670894955,0.0010240679670894955,0.0010240679670894955,0.0010240679670894953,0.0010240679670894955,0.0010240679670894955,0.0010240679670894955,0.0010240679670894955,0.0010240679670894955,0.0010240679670894955,0.0010240679670894955,0.0010240679670894955,0.0010240679670894955,0.0010240679670894953,0.0010240679670894955,0.0010240679670894953,0.0010240679670894955,0.001024067967089495,0.0010240679670894953,0.0010240679670894953,0.0010240679670894955,0.0010240679670894955,0.0010240679670894953,0.0010240679670894955,0.0010240679670894953,0.0010240679670894953,0.001024067967089495,0.0010240679670894953,0.001024067967089495,0.0010240679670894953,0.0010240679670894953,0.0010240679670894953,0.001024067967089495,0.0010240679670894955,0.0010240679670894953,0.0010240679670894955,0.0010240679670894949,0.0010240679670894955,0.0010240679670894955,0.0010240679670894953,0.0010240679670894955,0.0010240679670894953,0.0010240679670894955,0.0010240679670894955,0.0010240679670894955,0.0010240679670894955,0.0010240679670894955,0.0010240679670894953,0.0010240679670894955,0.001024067967089495,0.0010240679670894955,0.0010240679670894955,0.0010240679670894955,0.0010240679670894955,0.0010240679670894955,0.0010240679670894955,0.0010240679670894955,0.0010240679670894953,0.0010240679670894953,0.0010240679670894953,0.0010240679670894953,0.0010240679670894953,0.0010240679670894953,0.0010240679670894955,0.0010240679670894955,0.0010240679670894953,0.0010240679670894953,0.0010240679670894955,0.0010240679670894955,0.0010240679670894953,0.0010240679670894953,0.0010240679670894955,0.0010240679670894953,0.001024067967089495,0.0010240679670894953,0.0010240679670894953,0.0010240679670894953,0.0010240679670894953,0.0010240679670894955,0.0010240679670894955,0.0010240679670894955,0.0010240679670894955,0.0010240679670894953,0.0010240679670894955,0.0010240679670894955,0.0010240679670894955,0.0010240679670894958,0.0010240679670894955,0.0010240679670894958,0.0010240679670894955,0.0010240679670894958,0.0010240679670894955,0.0010240679670894955,0.0010240679670894955,0.0010240679670894958,0.0010240679670894955,0.0010240679670894958,0.0010240679670894958,0.0010240679670894955,0.0010240679670894953,0.0010240679670894955,0.001024067967089496,0.0010240679670894958,0.001024067967089496,0.0010240679670894958,0.0010240679670894953,0.0010240679670894958,0.0010240679670894958,0.0010240679670894955,0.001024067967089496,0.0010240679670894955,0.0010240679670894955,0.0010240679670894958,0.0010240679670894958,0.0010240679670894958,0.0010240679670894958,0.0010240679670894955,0.0010240679670894955,0.0010240679670894958,0.0010240679670894955,0.0010240679670894958,0.001024067967089496,0.0010240679670894955,0.001024067967089496,0.0010240679670894955,0.0010240679670894958,0.001024067967089496,0.001024067967089496,0.0010240679670894955,0.0010240679670894958,0.001024067967089496,0.0010240679670894958,0.0010240679670894962,0.001024067967089496,0.0010240679670894962,0.0010240679670894962,0.0010240679670894962,0.0010240679670894962,0.0010240679670894958,0.001024067967089496,0.001024067967089496,0.001024067967089496,0.0010240679670894955,0.0010240679670894955,0.0010240679670894955,0.0010240679670894953,0.0010240679670894955,0.0010240679670894953,0.0010240679670894955,0.0010240679670894953,0.0010240679670894955,0.0010240679670894955,0.001024067967089496,0.0010240679670894958,0.0010240679670894955,0.0010240679670894958,0.0010240679670894958,0.0010240679670894955,0.0010240679670894955,0.0010240679670894955,0.0010240679670894958,0.0010240679670894955,0.0010240679670894955,0.0010240679670894955,0.0010240679670894958,0.0010240679670894958,0.0010240679670894955,0.0010240679670894955,0.0010240679670894955,0.0010240679670894953,0.0010240679670894953,0.0010240679670894953,0.0010240679670894955,0.0010240679670894953,0.0010240679670894953,0.0010240679670894953,0.0010240679670894953,0.0010240679670894955,0.0010240679670894953,0.0010240679670894953,0.0010240679670894955,0.0010240679670894955,0.0010240679670894955,0.0010240679670894955,0.0010240679670894953,0.001024067967089495,0.0010240679670894953,0.0010240679670894953,0.0010240679670894953,0.0010240679670894953,0.0010240679670894953,0.0010240679670894955,0.0010240679670894955,0.0010240679670894955,0.0010240679670894955,0.0010240679670894955,0.001024067967089495,0.0010240679670894953,0.0010240679670894955,0.0010240679670894955,0.0010240679670894955,0.0010240679670894953,0.0010240679670894953,0.0010240679670894955,0.0010240679670894953,0.0010240679670894955,0.0010240679670894953,0.0010240679670894955,0.0010240679670894955,0.0010240679670894955,0.0010240679670894955,0.0010240679670894953,0.0010240679670894955,0.0010240679670894955,0.0010240679670894955,0.0010240679670894958,0.0010240679670894955,0.0010240679670894958,0.0010240679670894955,0.0010240679670894955,0.0010240679670894955,0.0010240679670894955,0.0010240679670894955,0.0010240679670894953,0.0010240679670894953,0.0010240679670894953,0.0010240679670894953,0.0010240679670894953,0.0010240679670894953,0.0010240679670894953,0.001024067967089495,0.0010240679670894953,0.0010240679670894953,0.0010240679670894955,0.0010240679670894953,0.0010240679670894953,0.0010240679670894955,0.0010240679670894955,0.0010240679670894955,0.0010240679670894955,0.0010240679670894955,0.0010240679670894955,0.0010240679670894955,0.0010240679670894955,0.0010240679670894955,0.0010240679670894953,0.0010240679670894955,0.0010240679670894955,0.0010240679670894955,0.0010240679670894955,0.0010240679670894955,0.001024067967089495,0.0010240679670894953,0.0010240679670894955,0.0010240679670894953,0.0010240679670894953,0.0010240679670894953,0.0010240679670894955,0.0010240679670894958,0.0010240679670894955,0.0010240679670894953,0.0010240679670894953,0.0010240679670894955,0.0010240679670894953,0.0010240679670894953,0.0010240679670894953,0.0010240679670894953,0.0010240679670894955,0.0010240679670894955,0.0010240679670894953,0.0010240679670894949,0.0010240679670894953,0.0010240679670894953,0.0010240679670894955,0.0010240679670894955,0.0010240679670894953,0.001024067967089495,0.0010240679670894953,0.001024067967089495,0.0010240679670894953,0.0010240679670894953,0.0010240679670894949,0.0010240679670894953,0.0010240679670894953,0.0010240679670894953,0.0010240679670894953,0.0010240679670894953,0.0010240679670894953,0.0010240679670894949,0.0010240679670894949,0.0010240679670894955,0.001024067967089495,0.0010240679670894953,0.0010240679670894953,0.0010240679670894958,0.0010240679670894955,0.001024067967089496,0.0010240679670894962,0.0010240679670894958,0.0010240679670894962,0.001024067967089496,0.0010240679670894958,0.001024067967089496,0.001024067967089496,0.0010240679670894958,0.001024067967089496,0.0010240679670894958,0.001024067967089496,0.0010240679670894958,0.0010240679670894958,0.0010240679670894955,0.0010240679670894955,0.0010240679670894955,0.0010240679670894958,0.0010240679670894955,0.0010240679670894958,0.001024067967089496,0.0010240679670894958,0.001024067967089496,0.001024067967089496,0.0010240679670894958,0.001024067967089496,0.0010240679670894958,0.001024067967089496,0.001024067967089496,0.0010240679670894953,0.0010240679670894958,0.0010240679670894958,0.001024067967089496,0.001024067967089496,0.0010240679670894955,0.001024067967089496,0.0010240679670894955,0.0010240679670894955,0.001024067967089496,0.001024067967089496,0.001024067967089496,0.001024067967089496,0.0010240679670894955,0.001024067967089496,0.0010240679670894955,0.001024067967089496,0.001024067967089496,0.0010240679670894955,0.0010240679670894955,0.0010240679670894955,0.001024067967089496,0.001024067967089496,0.0010240679670894958,0.001024067967089496,0.001024067967089496,0.001024067967089496,0.0010240679670894955,0.001024067967089496,0.0010240679670894958,0.0010240679670894958,0.0010240679670894958,0.0010240679670894958,0.0010240679670894955,0.001024067967089496,0.001024067967089496,0.0010240679670894962,0.001024067967089496,0.001024067967089496,0.001024067967089496,0.001024067967089496,0.001024067967089496,0.001024067967089496,0.001024067967089496,0.001024067967089496,0.0010240679670894962,0.0010240679670894962,0.0010240679670894962,0.0010240679670894958,0.001024067967089496,0.001024067967089496,0.001024067967089496,0.001024067967089496,0.001024067967089496,0.001024067967089496,0.001024067967089496,0.001024067967089496,0.001024067967089496,0.001024067967089496,0.001024067967089496,0.001024067967089496,0.0010240679670894958,0.001024067967089496,0.001024067967089496,0.001024067967089496,0.001024067967089496,0.0010240679670894962,0.0010240679670894964,0.0010240679670894968,0.0010240679670894968,0.0010240679670894968,0.001024067967089497,0.0010240679670894968,0.001024067967089497,0.001024067967089497,0.0010240679670894968,0.0010240679670894973,0.001024067967089497,0.0010240679670894973,0.0010240679670894968,0.0010240679670894973,0.0010240679670894973,0.0010240679670894973,0.0010240679670894973,0.0010240679670894975,0.0010240679670894975,0.0010240679670894973,0.0010240679670894975,0.0010240679670894975,0.0010240679670894973,0.0010240679670894973,0.0010240679670894975,0.0010240679670894973,0.0010240679670894973,0.0010240679670894973,0.0010240679670894973,0.0010240679670894973,0.0010240679670894973,0.001024067967089497,0.0010240679670894973,0.001024067967089497,0.0010240679670894973,0.001024067967089497,0.0010240679670894975,0.0010240679670894973,0.001024067967089498,0.001024067967089498,0.001024067967089498,0.001024067967089498,0.001024067967089498,0.001024067967089498,0.001024067967089498,0.001024067967089498,0.001024067967089498,0.001024067967089498,0.001024067967089498,0.001024067967089498,0.0010240679670894981,0.0010240679670894981,0.001024067967089498,0.0010240679670894981,0.001024067967089498,0.0010240679670894984,0.0010240679670894984,0.0010240679670894984,0.0010240679670894984,0.0010240679670894984,0.0010240679670894984,0.0010240679670894984,0.0010240679670894986,0.0010240679670894981,0.0010240679670894981,0.0010240679670894986,0.0010240679670894984,0.0010240679670894984,0.0010240679670894986,0.0010240679670894984,0.0010240679670894986,0.0010240679670894984,0.0010240679670894984,0.0010240679670894984,0.0010240679670894986,0.0010240679670894984,0.0010240679670894984,0.0010240679670894984,0.0010240679670894984,0.0010240679670894981,0.0010240679670894984,0.0010240679670894984,0.0010240679670894984,0.0010240679670894984,0.0010240679670894984,0.0010240679670894984,0.0010240679670894981,0.0010240679670894984,0.0010240679670894984,0.0010240679670894984,0.0010240679670894984,0.0010240679670894984,0.0010240679670894984,0.0010240679670894984,0.0010240679670894984,0.0010240679670894984,0.0010240679670894986,0.0010240679670894984,0.0010240679670894984,0.0010240679670894988,0.0010240679670894984,0.0010240679670894984,0.0010240679670894984,0.0010240679670894984,0.0010240679670894984,0.0010240679670894981,0.0010240679670894986,0.0010240679670894984,0.0010240679670894986,0.0010240679670894988,0.0010240679670894988,0.0010240679670894984,0.0010240679670894988,0.0010240679670894988,0.001024067967089499,0.0010240679670894988,0.0010240679670894986,0.0010240679670894986,0.001024067967089499,0.0010240679670894984,0.0010240679670894988,0.0010240679670894986,0.0010240679670894986,0.0010240679670894988,0.0010240679670894988,0.0010240679670894988,0.0010240679670894986,0.0010240679670894986,0.0010240679670894984,0.0010240679670894984,0.0010240679670894984,0.0010240679670894988,0.0010240679670894984,0.0010240679670894984,0.0010240679670894986,0.0010240679670894984,0.0010240679670894984,0.001024067967089499,0.001024067967089499,0.001024067967089499,0.001024067967089499,0.0010240679670894994,0.0010240679670894988,0.0010240679670894988,0.0010240679670894992,0.0010240679670894988,0.0010240679670894992,0.0010240679670894992,0.0010240679670894988,0.001024067967089499,0.0010240679670894994,0.0010240679670894992,0.0010240679670894992,0.0010240679670894992,0.0010240679670894992,0.0010240679670894992,0.0010240679670894992,0.0010240679670894992,0.0010240679670894994,0.0010240679670894992,0.0010240679670894994,0.0010240679670894992,0.0010240679670894992,0.0010240679670894994,0.0010240679670894994,0.0010240679670894992,0.0010240679670894992,0.0010240679670894992,0.001024067967089499,0.0010240679670894992,0.0010240679670894992,0.0010240679670894994,0.001024067967089499,0.001024067967089499,0.0010240679670894992,0.0010240679670894992,0.0010240679670894992,0.0010240679670894992,0.0010240679670894994,0.0010240679670894992,0.0010240679670894992,0.0010240679670894992,0.0010240679670894992,0.0010240679670894994,0.0010240679670894992,0.0010240679670894994,0.001024067967089499,0.0010240679670894994,0.0010240679670894992,0.0010240679670894994,0.0010240679670894992,0.0010240679670894992,0.0010240679670894992,0.0010240679670894994,0.0010240679670894994,0.0010240679670894992,0.0010240679670894994,0.0010240679670894992,0.0010240679670894994,0.0010240679670894992,0.0010240679670894994,0.0010240679670894994,0.0010240679670894994,0.0010240679670894994,0.0010240679670894994,0.0010240679670894994,0.0010240679670894994,0.0010240679670894994,0.0010240679670894994,0.0010240679670894992,0.0010240679670894997,0.0010240679670894997,0.0010240679670894997,0.0010240679670894997,0.0010240679670894997,0.0010240679670894999,0.0010240679670894994,0.0010240679670894997,0.0010240679670894994,0.0010240679670894992,0.0010240679670894997,0.0010240679670894997,0.0010240679670894997,0.0010240679670894994,0.0010240679670894997,0.0010240679670894999,0.0010240679670894999,0.0010240679670894999,0.0010240679670894997,0.0010240679670894994,0.0010240679670894997,0.0010240679670894992,0.0010240679670894997,0.0010240679670894997,0.0010240679670894992,0.0010240679670894992,0.0010240679670894992,0.0010240679670894992,0.0010240679670894992,0.0010240679670894997,0.0010240679670894994,0.0010240679670894994,0.0010240679670894992,0.0010240679670894992,0.0010240679670894992,0.0010240679670894994,0.0010240679670894992,0.0010240679670894994,0.0010240679670894992,0.0010240679670894994,0.0010240679670894994,0.0010240679670894992,0.0010240679670894997,0.0010240679670894992,0.0010240679670894992,0.001024067967089499,0.001024067967089499,0.0010240679670894992,0.0010240679670894994,0.0010240679670894994,0.0010240679670894992,0.0010240679670894994,0.0010240679670894992,0.0010240679670894994,0.0010240679670894994,0.0010240679670894994,0.0010240679670894994,0.0010240679670894994,0.0010240679670894992,0.0010240679670894994,0.0010240679670894992,0.0010240679670894994,0.0010240679670894992,0.001024067967089499,0.0010240679670894992,0.0010240679670894992,0.001024067967089499,0.001024067967089501,0.001024067967089502,0.001024067967089502,0.0010240679670895016,0.0010240679670895018,0.0010240679670895016,0.001024067967089502,0.0010240679670895018,0.0010240679670895023,0.0010240679670895018,0.0010240679670895018,0.0010240679670895018,0.001024067967089502,0.001024067967089502,0.001024067967089502,0.001024067967089502,0.001024067967089502,0.0010240679670895023,0.0010240679670895023,0.0010240679670895018,0.001024067967089502,0.001024067967089502,0.001024067967089502,0.001024067967089502,0.0010240679670895023,0.0010240679670895023,0.0010240679670895023,0.0010240679670895023,0.0010240679670895018,0.001024067967089502,0.0010240679670895018,0.0010240679670895023,0.001024067967089502,0.0010240679670895023,0.0010240679670895023,0.0010240679670895023,0.0010240679670895023,0.0010240679670895023,0.001024067967089502,0.001024067967089502,0.001024067967089502,0.0010240679670895023,0.0010240679670895023,0.0010240679670895023,0.0010240679670895023,0.0010240679670895023,0.001024067967089502,0.001024067967089502,0.0010240679670895023,0.001024067967089502,0.001024067967089502,0.001024067967089502,0.001024067967089502,0.001024067967089502,0.001024067967089502,0.001024067967089502,0.0010240679670895023,0.001024067967089502,0.0010240679670895023,0.001024067967089502,0.001024067967089502,0.0010240679670895018,0.0010240679670895018,0.0010240679670895018,0.001024067967089502,0.001024067967089502,0.001024067967089502,0.0010240679670895018,0.0010240679670895018,0.0010240679670895023,0.0010240679670895023,0.001024067967089502,0.001024067967089502,0.001024067967089502,0.0010240679670895018,0.001024067967089502,0.001024067967089502,0.001024067967089502,0.001024067967089502,0.001024067967089502,0.001024067967089502,0.0010240679670895018,0.001024067967089502,0.001024067967089502,0.0010240679670895023,0.001024067967089502,0.001024067967089502,0.001024067967089502,0.001024067967089502,0.001024067967089502,0.0010240679670895018,0.001024067967089502,0.001024067967089502,0.001024067967089502,0.001024067967089502,0.001024067967089502,0.001024067967089502,0.0010240679670895023,0.0010240679670895023,0.0010240679670895025,0.0010240679670895023,0.0010240679670895023,0.0010240679670895023,0.0010240679670895023,0.0010240679670895023,0.0010240679670895023,0.0010240679670895023,0.001024067967089502,0.0010240679670895023,0.0010240679670895023,0.001024067967089502,0.0010240679670895023,0.0010240679670895023,0.001024067967089502,0.0010240679670895018,0.0010240679670895018,0.001024067967089502,0.0010240679670895018,0.0010240679670895018,0.001024067967089502,0.001024067967089502,0.001024067967089502,0.001024067967089502,0.0010240679670895018,0.001024067967089502,0.0010240679670895018,0.001024067967089502,0.001024067967089502,0.001024067967089502,0.001024067967089502,0.0010240679670895018,0.0010240679670895016,0.0010240679670895016,0.0010240679670895016,0.0010240679670895018,0.0010240679670895018,0.0010240679670895018,0.0010240679670895018,0.0010240679670895016,0.0010240679670895018,0.0010240679670895023,0.001024067967089502,0.0010240679670895018,0.0010240679670895018,0.0010240679670895018,0.001024067967089502,0.0010240679670895018,0.0010240679670895018,0.0010240679670895016,0.0010240679670895018,0.0010240679670895016,0.0010240679670895016,0.0010240679670895016,0.0010240679670895016,0.0010240679670895018,0.0010240679670895016,0.0010240679670895018,0.0010240679670895018,0.0010240679670895018,0.0010240679670895018,0.001024067967089502,0.0010240679670895018,0.0010240679670895018,0.0010240679670895018,0.001024067967089502,0.001024067967089502,0.0010240679670895018,0.0010240679670895016,0.0010240679670895016,0.0010240679670895016,0.0010240679670895016,0.0010240679670895016,0.0010240679670895016,0.0010240679670895016,0.0010240679670895016,0.0010240679670895018,0.0010240679670895016,0.0010240679670895023,0.001024067967089502,0.0010240679670895023,0.001024067967089502,0.001024067967089502,0.0010240679670895018,0.0010240679670895023,0.0010240679670895023,0.001024067967089502,0.001024067967089502,0.001024067967089502,0.0010240679670895023,0.0010240679670895023,0.001024067967089502,0.0010240679670895018,0.001024067967089502,0.0010240679670895018,0.0010240679670895018,0.0010240679670895018,0.001024067967089502,0.0010240679670895023,0.001024067967089502,0.0010240679670895023,0.0010240679670895023,0.0010240679670895023,0.0010240679670895025,0.0010240679670895025,0.0010240679670895025,0.0010240679670895025,0.0010240679670895023,0.0010240679670895023,0.001024067967089502,0.0010240679670895025,0.0010240679670895025,0.0010240679670895025,0.0010240679670895027,0.0010240679670895027,0.0010240679670895025,0.0010240679670895027,0.001024067967089503,0.0010240679670895027,0.0010240679670895027,0.0010240679670895027,0.0010240679670895025,0.0010240679670895027,0.0010240679670895033,0.0010240679670895038,0.0010240679670895038,0.0010240679670895038,0.0010240679670895036,0.0010240679670895036,0.0010240679670895033,0.0010240679670895033,0.0010240679670895036,0.0010240679670895036,0.0010240679670895031,0.0010240679670895036,0.0010240679670895038,0.0010240679670895038,0.0010240679670895038,0.0010240679670895038,0.0010240679670895038,0.0010240679670895033,0.0010240679670895038,0.0010240679670895038,0.0010240679670895038,0.0010240679670895038,0.0010240679670895036,0.0010240679670895036,0.0010240679670895036,0.0010240679670895036,0.0010240679670895036,0.0010240679670895033,0.0010240679670895036,0.0010240679670895036,0.0010240679670895038,0.0010240679670895038,0.0010240679670895038,0.0010240679670895036,0.0010240679670895038,0.0010240679670895038,0.0010240679670895038,0.0010240679670895033,0.0010240679670895038,0.0010240679670895036,0.0010240679670895033,0.0010240679670895033,0.0010240679670895038,0.0010240679670895033,0.0010240679670895033,0.0010240679670895033,0.0010240679670895033,0.0010240679670895038,0.0010240679670895038,0.0010240679670895033,0.0010240679670895033,0.0010240679670895033,0.0010240679670895038,0.0010240679670895033,0.0010240679670895033,0.0010240679670895033,0.0010240679670895033,0.0010240679670895038,0.0010240679670895033,0.0010240679670895033,0.0010240679670895036,0.0010240679670895033,0.0010240679670895033,0.0010240679670895036,0.0010240679670895033,0.0010240679670895036,0.0010240679670895038,0.0010240679670895036,0.0010240679670895033,0.0010240679670895036,0.0010240679670895038,0.0010240679670895036,0.0010240679670895038,0.0010240679670895033,0.0010240679670895033,0.0010240679670895033,0.0010240679670895033,0.0010240679670895033,0.0010240679670895033,0.0010240679670895036,0.0010240679670895036,0.0010240679670895036,0.0010240679670895038,0.0010240679670895038,0.0010240679670895046,0.001024067967089504,0.0010240679670895036,0.0010240679670895042,0.001024067967089504,0.0010240679670895042,0.0010240679670895038,0.0010240679670895038,0.0010240679670895036,0.0010240679670895036,0.0010240679670895036,0.0010240679670895036,0.0010240679670895038,0.0010240679670895038,0.0010240679670895038,0.0010240679670895038,0.0010240679670895038,0.0010240679670895038,0.0010240679670895038,0.0010240679670895036,0.0010240679670895033,0.0010240679670895033,0.0010240679670895033,0.0010240679670895033,0.0010240679670895036,0.0010240679670895036,0.0010240679670895036,0.0010240679670895033,0.0010240679670895033,0.0010240679670895033,0.0010240679670895033,0.0010240679670895038,0.0010240679670895038,0.0010240679670895038,0.0010240679670895038,0.0010240679670895038,0.0010240679670895038,0.0010240679670895038,0.0010240679670895036,0.0010240679670895036,0.0010240679670895036,0.0010240679670895031,0.0010240679670895036,0.0010240679670895036,0.0010240679670895038,0.0010240679670895038,0.0010240679670895038,0.0010240679670895033,0.0010240679670895033,0.0010240679670895038,0.0010240679670895038,0.0010240679670895036,0.0010240679670895038,0.0010240679670895038,0.0010240679670895038,0.0010240679670895038,0.0010240679670895038,0.0010240679670895036,0.0010240679670895036,0.0010240679670895036,0.0010240679670895036,0.0010240679670895031,0.0010240679670895033,0.0010240679670895036,0.0010240679670895033,0.0010240679670895033,0.0010240679670895033,0.0010240679670895036,0.0010240679670895036,0.0010240679670895036,0.0010240679670895038,0.0010240679670895036,0.0010240679670895038,0.0010240679670895038,0.0010240679670895038,0.0010240679670895038,0.0010240679670895038,0.0010240679670895038,0.0010240679670895038,0.0010240679670895036,0.0010240679670895036,0.0010240679670895038,0.0010240679670895036,0.0010240679670895036,0.0010240679670895036,0.0010240679670895036,0.0010240679670895033,0.0010240679670895038,0.0010240679670895038,0.0010240679670895038,0.0010240679670895038,0.0010240679670895038,0.0010240679670895038,0.0010240679670895033,0.0010240679670895038,0.0010240679670895033,0.0010240679670895033,0.0010240679670895036,0.0010240679670895033,0.0010240679670895031,0.0010240679670895031,0.0010240679670895036,0.0010240679670895033,0.0010240679670895033,0.0010240679670895038,0.0010240679670895033,0.0010240679670895033,0.0010240679670895031,0.0010240679670895031,0.0010240679670895033,0.0010240679670895033,0.0010240679670895033,0.0010240679670895038,0.0010240679670895038,0.0010240679670895038,0.0010240679670895033,0.0010240679670895033,0.0010240679670895036,0.0010240679670895033,0.0010240679670895036,0.0010240679670895033,0.0010240679670895036,0.0010240679670895033,0.0010240679670895033,0.0010240679670895033,0.0010240679670895033,0.0010240679670895033,0.0010240679670895033,0.0010240679670895038,0.0010240679670895033,0.0010240679670895033,0.0010240679670895033,0.0010240679670895033,0.0010240679670895031,0.0010240679670895033,0.0010240679670895036,0.0010240679670895033,0.0010240679670895036,0.0010240679670895033,0.0010240679670895033,0.0010240679670895036,0.0010240679670895031,0.0010240679670895033,0.0010240679670895033,0.0010240679670895033,0.0010240679670895038,0.0010240679670895033,0.0010240679670895033,0.0010240679670895038,0.0010240679670895042,0.0010240679670895044,0.0010240679670895042,0.001024067967089504,0.001024067967089504,0.001024067967089504,0.001024067967089504,0.0010240679670895042,0.0010240679670895042,0.0010240679670895042,0.0010240679670895042,0.0010240679670895042,0.0010240679670895042,0.0010240679670895042,0.0010240679670895042,0.0010240679670895042,0.0010240679670895044,0.0010240679670895042,0.0010240679670895038,0.0010240679670895038,0.001024067967089504,0.001024067967089504,0.0010240679670895038,0.001024067967089504,0.0010240679670895036,0.0010240679670895036,0.0010240679670895038,0.0010240679670895036,0.001024067967089504,0.0010240679670895038,0.0010240679670895038,0.0010240679670895038,0.0010240679670895036,0.0010240679670895038,0.0010240679670895038,0.0010240679670895038,0.001024067967089504,0.001024067967089504,0.0010240679670895038,0.0010240679670895038,0.0010240679670895036,0.0010240679670895033,0.0010240679670895031,0.0010240679670895033,0.0010240679670895031,0.0010240679670895033,0.0010240679670895031,0.001024067967089503,0.0010240679670895031,0.0010240679670895031,0.0010240679670895033,0.0010240679670895027,0.001024067967089503,0.0010240679670895033,0.0010240679670895033,0.0010240679670895033,0.0010240679670895033,0.0010240679670895033,0.0010240679670895033,0.0010240679670895033,0.0010240679670895027,0.0010240679670895031,0.0010240679670895033,0.0010240679670895033,0.0010240679670895031,0.0010240679670895033,0.0010240679670895033,0.0010240679670895033,0.0010240679670895033,0.0010240679670895031,0.0010240679670895027,0.0010240679670895027,0.0010240679670895031,0.001024067967089503,0.001024067967089503,0.001024067967089503,0.001024067967089503,0.001024067967089503,0.001024067967089503,0.001024067967089503,0.0010240679670895027,0.001024067967089503,0.0010240679670895031,0.0010240679670895031,0.0010240679670895031,0.0010240679670895031,0.0010240679670895031,0.0010240679670895031,0.0010240679670895033,0.0010240679670895033,0.0010240679670895036,0.0010240679670895033,0.0010240679670895038,0.0010240679670895033,0.0010240679670895038,0.0010240679670895036,0.0010240679670895036,0.0010240679670895033,0.0010240679670895036,0.0010240679670895036,0.0010240679670895031,0.0010240679670895036,0.0010240679670895033,0.0010240679670895031,0.0010240679670895031,0.0010240679670895033,0.0010240679670895031,0.0010240679670895031,0.0010240679670895031,0.0010240679670895033,0.0010240679670895031,0.0010240679670895033,0.0010240679670895033,0.0010240679670895033,0.0010240679670895036,0.0010240679670895036,0.0010240679670895038,0.0010240679670895036,0.0010240679670895036,0.0010240679670895036,0.0010240679670895031,0.0010240679670895036,0.0010240679670895031,0.0010240679670895036,0.0010240679670895038,0.0010240679670895036,0.0010240679670895038,0.0010240679670895033,0.0010240679670895038,0.0010240679670895038,0.0010240679670895038,0.0010240679670895038,0.0010240679670895033,0.0010240679670895038,0.0010240679670895036,0.0010240679670895036,0.0010240679670895036,0.0010240679670895033,0.0010240679670895036,0.0010240679670895036,0.0010240679670895038,0.0010240679670895038,0.0010240679670895033,0.0010240679670895038,0.0010240679670895038,0.0010240679670895033,0.0010240679670895033,0.0010240679670895036,0.0010240679670895038,0.0010240679670895038,0.0010240679670895036,0.0010240679670895036,0.0010240679670895038,0.0010240679670895033,0.0010240679670895031,0.0010240679670895038,0.0010240679670895036,0.0010240679670895033,0.0010240679670895033,0.0010240679670895033,0.0010240679670895036,0.0010240679670895031,0.0010240679670895033,0.0010240679670895033,0.0010240679670895033,0.0010240679670895033,0.0010240679670895033,0.0010240679670895031,0.0010240679670895031,0.0010240679670895031,0.0010240679670895033,0.0010240679670895031,0.0010240679670895033,0.0010240679670895033,0.0010240679670895031,0.0010240679670895033,0.0010240679670895033,0.0010240679670895027,0.0010240679670895025,0.0010240679670895025,0.0010240679670895025,0.0010240679670895027,0.0010240679670895027,0.001024067967089503,0.0010240679670895027,0.0010240679670895027,0.0010240679670895027,0.0010240679670895027,0.001024067967089503,0.001024067967089503,0.001024067967089503,0.001024067967089503,0.0010240679670895027,0.0010240679670895027,0.0010240679670895027,0.0010240679670895025,0.0010240679670895027,0.0010240679670895027,0.0010240679670895027,0.0010240679670895027,0.001024067967089503,0.0010240679670895027,0.001024067967089503,0.0010240679670895027,0.0010240679670895027,0.0010240679670895025,0.0010240679670895025,0.0010240679670895027,0.0010240679670895027,0.001024067967089503,0.001024067967089503,0.0010240679670895027,0.0010240679670895027,0.0010240679670895027,0.0010240679670895027,0.0010240679670895027,0.0010240679670895027,0.0010240679670895027,0.0010240679670895027,0.0010240679670895027,0.0010240679670895027,0.0010240679670895027,0.0010240679670895025,0.0010240679670895025,0.0010240679670895025,0.0010240679670895027,0.0010240679670895027,0.0010240679670895027,0.0010240679670895027,0.0010240679670895027,0.001024067967089503,0.0010240679670895027,0.001024067967089503,0.0010240679670895027,0.0010240679670895027,0.001024067967089503,0.0010240679670895027,0.0010240679670895025,0.0010240679670895025,0.0010240679670895027,0.0010240679670895025,0.0010240679670895027,0.0010240679670895025,0.0010240679670895027,0.001024067967089503,0.001024067967089503,0.0010240679670895025,0.0010240679670895025,0.0010240679670895025,0.0010240679670895025,0.0010240679670895025,0.0010240679670895027,0.0010240679670895023,0.0010240679670895027,0.0010240679670895025,0.0010240679670895027,0.0010240679670895023,0.0010240679670895023,0.0010240679670895025,0.0010240679670895025,0.0010240679670895023,0.0010240679670895023,0.0010240679670895023,0.0010240679670895027,0.0010240679670895025,0.0010240679670895025,0.0010240679670895025,0.0010240679670895025,0.0010240679670895025,0.0010240679670895025,0.0010240679670895027,0.0010240679670895027,0.0010240679670895027,0.0010240679670895027,0.0010240679670895025,0.0010240679670895023,0.0010240679670895025,0.0010240679670895025,0.0010240679670895023,0.0010240679670895023,0.0010240679670895023,0.0010240679670895023,0.001024067967089502,0.0010240679670895025,0.0010240679670895025,0.0010240679670895023,0.0010240679670895025,0.0010240679670895023,0.0010240679670895023,0.0010240679670895023,0.0010240679670895023,0.0010240679670895027,0.0010240679670895025,0.0010240679670895023,0.0010240679670895025,0.0010240679670895025,0.0010240679670895025,0.0010240679670895023,0.001024067967089502,0.0010240679670895023,0.0010240679670895025,0.0010240679670895023,0.0010240679670895023,0.0010240679670895027,0.0010240679670895023,0.0010240679670895023,0.0010240679670895025,0.0010240679670895023,0.0010240679670895023,0.0010240679670895025,0.0010240679670895023,0.0010240679670895025,0.0010240679670895023,0.0010240679670895025,0.001024067967089502,0.0010240679670895023,0.0010240679670895025,0.0010240679670895023,0.0010240679670895025,0.0010240679670895025,0.0010240679670895027,0.0010240679670895025,0.0010240679670895027,0.0010240679670895025,0.0010240679670895025,0.001024067967089503,0.001024067967089503,0.001024067967089503,0.001024067967089503,0.0010240679670895027,0.001024067967089503,0.0010240679670895027,0.0010240679670895027,0.001024067967089503,0.0010240679670895027,0.0010240679670895027,0.0010240679670895027,0.0010240679670895027,0.0010240679670895027,0.0010240679670895027,0.0010240679670895027,0.0010240679670895025,0.0010240679670895025,0.0010240679670895027,0.001024067967089503,0.0010240679670895027,0.001024067967089503,0.0010240679670895027,0.001024067967089503,0.001024067967089503,0.0010240679670895027,0.0010240679670895027,0.0010240679670895027,0.001024067967089503,0.0010240679670895027,0.0010240679670895027,0.001024067967089503,0.0010240679670895027,0.0010240679670895027,0.0010240679670895027,0.0010240679670895031,0.001024067967089503,0.0010240679670895027,0.0010240679670895027,0.0010240679670895027,0.0010240679670895027,0.0010240679670895025,0.0010240679670895027,0.0010240679670895025,0.0010240679670895027,0.0010240679670895027,0.0010240679670895025,0.0010240679670895027,0.0010240679670895023,0.0010240679670895023,0.0010240679670895023,0.0010240679670895023,0.0010240679670895025,0.0010240679670895018,0.0010240679670895018,0.0010240679670895023,0.001024067967089502,0.001024067967089502,0.0010240679670895023,0.001024067967089502,0.0010240679670895023,0.001024067967089502,0.001024067967089502,0.001024067967089502,0.001024067967089502,0.0010240679670895018,0.0010240679670895018,0.001024067967089502,0.001024067967089502,0.0010240679670895023,0.0010240679670895023,0.001024067967089502,0.001024067967089502,0.001024067967089502,0.0010240679670895023,0.0010240679670895016,0.0010240679670895023,0.0010240679670895016,0.001024067967089502,0.0010240679670895023,0.0010240679670895023,0.0010240679670895023,0.0010240679670895023,0.0010240679670895025,0.0010240679670895023,0.0010240679670895023,0.0010240679670895023,0.0010240679670895025,0.0010240679670895023,0.0010240679670895023,0.0010240679670895023,0.001024067967089502,0.001024067967089502,0.001024067967089502,0.0010240679670895023,0.001024067967089502,0.001024067967089502,0.0010240679670895023,0.001024067967089502,0.0010240679670895023,0.001024067967089502,0.0010240679670895023,0.0010240679670895027,0.001024067967089502,0.0010240679670895023,0.001024067967089502,0.0010240679670895027,0.0010240679670895023,0.001024067967089502,0.001024067967089502,0.0010240679670895023,0.001024067967089502,0.0010240679670895023,0.0010240679670895025,0.0010240679670895025,0.0010240679670895023,0.0010240679670895023,0.0010240679670895023,0.0010240679670895023,0.0010240679670895023,0.0010240679670895023,0.001024067967089502,0.0010240679670895023,0.0010240679670895018,0.0010240679670895018,0.001024067967089502,0.0010240679670895023,0.0010240679670895023,0.0010240679670895023,0.001024067967089502,0.0010240679670895023,0.001024067967089502,0.0010240679670895023,0.001024067967089502,0.0010240679670895027,0.0010240679670895023,0.001024067967089502,0.0010240679670895025,0.0010240679670895025,0.0010240679670895023,0.001024067967089502,0.001024067967089502,0.0010240679670895023,0.001024067967089502,0.001024067967089502,0.0010240679670895023,0.001024067967089502,0.001024067967089502,0.001024067967089502,0.0010240679670895023,0.0010240679670895023,0.0010240679670895027,0.0010240679670895025,0.0010240679670895023,0.0010240679670895023,0.0010240679670895023,0.0010240679670895023,0.001024067967089502,0.0010240679670895023,0.0010240679670895025,0.0010240679670895023,0.0010240679670895023,0.001024067967089502,0.0010240679670895023,0.0010240679670895025,0.0010240679670895023,0.0010240679670895025,0.0010240679670895023,0.0010240679670895023,0.0010240679670895023,0.0010240679670895025,0.001024067967089502,0.001024067967089502,0.0010240679670895023,0.0010240679670895025,0.0010240679670895023,0.0010240679670895025,0.0010240679670895023,0.0010240679670895027,0.001024067967089502,0.0010240679670895023,0.001024067967089502,0.0010240679670895023,0.0010240679670895025,0.0010240679670895023,0.001024067967089502,0.0010240679670895023,0.0010240679670895023,0.0010240679670895023,0.001024067967089502,0.0010240679670895027,0.001024067967089502,0.0010240679670895023,0.001024067967089502,0.001024067967089502,0.001024067967089502,0.0010240679670895025,0.0010240679670895023,0.0010240679670895023,0.0010240679670895023,0.001024067967089502,0.0010240679670895,0.0010240679670895023,0.0010240679670895046,0.0010240679670895057,0.0010240679670895053,0.0010240679670895053,0.0010240679670895055,0.0010240679670895055,0.0010240679670895055,0.0010240679670895053,0.0010240679670895053,0.0010240679670895049,0.001024067967089505,0.001024067967089505,0.001024067967089505,0.001024067967089505,0.001024067967089505,0.0010240679670895049,0.0010240679670895049,0.0010240679670895049,0.0010240679670895049,0.0010240679670895053,0.001024067967089505,0.0010240679670895053,0.001024067967089505,0.001024067967089505,0.0010240679670895049,0.001024067967089505,0.001024067967089505,0.0010240679670895049,0.001024067967089505,0.0010240679670895053,0.001024067967089505,0.0010240679670895049,0.0010240679670895053,0.0010240679670895053,0.0010240679670895053,0.0010240679670895053,0.0010240679670895053,0.0010240679670895053,0.0010240679670895049,0.0010240679670895049,0.0010240679670895049,0.001024067967089505,0.0010240679670895049,0.001024067967089505,0.0010240679670895049,0.0010240679670895049,0.001024067967089505,0.0010240679670895049,0.001024067967089505,0.001024067967089505,0.001024067967089505,0.0010240679670895046,0.001024067967089505,0.0010240679670895046,0.0010240679670895046,0.0010240679670895046,0.0010240679670895044,0.0010240679670895044,0.0010240679670895046,0.0010240679670895044,0.0010240679670895044,0.0010240679670895046,0.0010240679670895046,0.0010240679670895046,0.001024067967089505,0.001024067967089505,0.001024067967089505,0.0010240679670895049,0.0010240679670895049,0.0010240679670895049,0.0010240679670895049,0.001024067967089505,0.0010240679670895046,0.001024067967089505,0.001024067967089505,0.001024067967089505,0.001024067967089505,0.001024067967089505,0.001024067967089505,0.001024067967089505,0.001024067967089505,0.0010240679670895053,0.001024067967089505,0.001024067967089505,0.0010240679670895049,0.001024067967089505,0.0010240679670895049,0.001024067967089505,0.0010240679670895049,0.0010240679670895046,0.0010240679670895049,0.0010240679670895046,0.0010240679670895046,0.0010240679670895046,0.0010240679670895046,0.0010240679670895046,0.0010240679670895049,0.0010240679670895049,0.0010240679670895049,0.0010240679670895049,0.0010240679670895046,0.0010240679670895046,0.0010240679670895046,0.0010240679670895046,0.0010240679670895046,0.0010240679670895044,0.0010240679670895046,0.0010240679670895049,0.0010240679670895046,0.0010240679670895049,0.0010240679670895046,0.0010240679670895049,0.0010240679670895049,0.0010240679670895044,0.0010240679670895044,0.0010240679670895046,0.0010240679670895046,0.0010240679670895049,0.0010240679670895046,0.0010240679670895046,0.0010240679670895046,0.0010240679670895044,0.0010240679670895046,0.0010240679670895046,0.0010240679670895046,0.0010240679670895046,0.0010240679670895049,0.0010240679670895046,0.0010240679670895044,0.0010240679670895049,0.001024067967089505,0.0010240679670895046,0.0010240679670895044,0.0010240679670895044,0.0010240679670895044,0.0010240679670895049,0.0010240679670895049,0.0010240679670895044,0.0010240679670895046,0.0010240679670895049,0.0010240679670895049,0.0010240679670895049,0.0010240679670895053,0.0010240679670895053,0.0010240679670895053,0.001024067967089505,0.001024067967089505,0.0010240679670895053,0.0010240679670895053,0.0010240679670895053,0.0010240679670895053,0.0010240679670895053,0.0010240679670895057,0.0010240679670895053,0.0010240679670895053,0.0010240679670895053,0.0010240679670895053,0.0010240679670895057,0.0010240679670895055,0.0010240679670895055,0.0010240679670895053,0.0010240679670895053,0.0010240679670895055,0.0010240679670895057,0.0010240679670895055,0.0010240679670895057,0.0010240679670895055,0.0010240679670895057,0.0010240679670895057,0.001024067967089506,0.0010240679670895055,0.0010240679670895053,0.0010240679670895053,0.001024067967089505,0.0010240679670895053,0.0010240679670895053,0.0010240679670895053,0.0010240679670895053,0.0010240679670895053,0.001024067967089505,0.0010240679670895053,0.001024067967089505,0.0010240679670895053,0.0010240679670895053,0.0010240679670895055,0.0010240679670895053,0.0010240679670895053,0.001024067967089505,0.0010240679670895053,0.0010240679670895053,0.0010240679670895053,0.001024067967089505,0.0010240679670895053,0.001024067967089505,0.0010240679670895053,0.001024067967089505,0.001024067967089505,0.001024067967089505,0.0010240679670895053,0.001024067967089505,0.0010240679670895053,0.0010240679670895062,0.0010240679670895057,0.0010240679670895053,0.0010240679670895053,0.0010240679670895053,0.001024067967089505,0.001024067967089505,0.001024067967089505,0.001024067967089505,0.0010240679670895055,0.001024067967089505,0.0010240679670895053,0.0010240679670895057,0.0010240679670895053,0.0010240679670895053,0.0010240679670895053,0.0010240679670895053,0.0010240679670895053,0.0010240679670895053,0.0010240679670895057,0.0010240679670895055,0.0010240679670895057,0.0010240679670895062,0.0010240679670895062,0.0010240679670895062,0.001024067967089506,0.0010240679670895062,0.0010240679670895066,0.0010240679670895064,0.0010240679670895066,0.0010240679670895066,0.0010240679670895068,0.0010240679670895066,0.0010240679670895066,0.0010240679670895064,0.0010240679670895066,0.0010240679670895064,0.0010240679670895064,0.001024067967089507,0.001024067967089507,0.001024067967089507,0.001024067967089507,0.001024067967089507,0.0010240679670895064,0.001024067967089507,0.0010240679670895072,0.0010240679670895068,0.0010240679670895064,0.0010240679670895066,0.0010240679670895066,0.0010240679670895066,0.0010240679670895066,0.0010240679670895066,0.0010240679670895066,0.0010240679670895066,0.0010240679670895068,0.0010240679670895066,0.0010240679670895066,0.0010240679670895066,0.001024067967089507,0.001024067967089507,0.0010240679670895072,0.001024067967089507,0.001024067967089507,0.0010240679670895068,0.0010240679670895068,0.0010240679670895068,0.0010240679670895068,0.0010240679670895066,0.0010240679670895066,0.001024067967089507,0.001024067967089507,0.0010240679670895066,0.0010240679670895066,0.001024067967089507,0.0010240679670895066,0.001024067967089507,0.001024067967089507,0.001024067967089507,0.0010240679670895068,0.0010240679670895066,0.001024067967089507,0.001024067967089507,0.001024067967089507,0.001024067967089507,0.001024067967089507,0.001024067967089507,0.001024067967089507,0.001024067967089507,0.001024067967089507,0.0010240679670895068,0.0010240679670895066,0.0010240679670895068,0.0010240679670895066,0.0010240679670895066,0.0010240679670895064,0.0010240679670895068,0.0010240679670895066,0.0010240679670895066,0.0010240679670895066,0.001024067967089507,0.0010240679670895066,0.001024067967089507,0.0010240679670895066,0.0010240679670895068,0.0010240679670895068,0.0010240679670895066,0.0010240679670895066,0.0010240679670895066,0.0010240679670895068,0.0010240679670895066,0.001024067967089507,0.001024067967089507,0.0010240679670895068,0.0010240679670895068,0.001024067967089507,0.0010240679670895068,0.001024067967089507,0.0010240679670895066,0.001024067967089507,0.0010240679670895068,0.0010240679670895068,0.0010240679670895072,0.0010240679670895075,0.0010240679670895075,0.0010240679670895081,0.0010240679670895077,0.0010240679670895072,0.0010240679670895075,0.0010240679670895075,0.0010240679670895075,0.0010240679670895075,0.0010240679670895077,0.0010240679670895077,0.0010240679670895077,0.0010240679670895075,0.0010240679670895075,0.0010240679670895075,0.0010240679670895075,0.0010240679670895075,0.0010240679670895075,0.0010240679670895075,0.0010240679670895075,0.0010240679670895075,0.0010240679670895075,0.0010240679670895075,0.0010240679670895075,0.0010240679670895077,0.0010240679670895075,0.0010240679670895075,0.0010240679670895075,0.0010240679670895072,0.0010240679670895075,0.0010240679670895072,0.0010240679670895075,0.0010240679670895077,0.0010240679670895075,0.0010240679670895075,0.0010240679670895075,0.0010240679670895075,0.0010240679670895075,0.0010240679670895075,0.0010240679670895075,0.0010240679670895075,0.0010240679670895075,0.001024067967089507,0.001024067967089507,0.0010240679670895077,0.0010240679670895075,0.0010240679670895077,0.0010240679670895075,0.0010240679670895072,0.0010240679670895077,0.0010240679670895075,0.0010240679670895075,0.0010240679670895075,0.0010240679670895072,0.0010240679670895075,0.0010240679670895075,0.0010240679670895072,0.0010240679670895075,0.0010240679670895072,0.0010240679670895075,0.0010240679670895075,0.0010240679670895077,0.0010240679670895077,0.0010240679670895077,0.0010240679670895075,0.0010240679670895075,0.0010240679670895075,0.0010240679670895077,0.0010240679670895075,0.0010240679670895075,0.0010240679670895077,0.0010240679670895075,0.0010240679670895075,0.0010240679670895075,0.0010240679670895075,0.0010240679670895075,0.0010240679670895077,0.001024067967089508,0.0010240679670895077,0.0010240679670895075,0.0010240679670895075,0.0010240679670895075,0.0010240679670895075,0.0010240679670895075,0.0010240679670895075,0.0010240679670895075,0.0010240679670895072,0.0010240679670895077,0.0010240679670895075,0.0010240679670895077,0.0010240679670895077,0.0010240679670895075,0.0010240679670895072,0.0010240679670895075,0.0010240679670895075,0.0010240679670895075,0.0010240679670895072,0.0010240679670895075,0.0010240679670895068,0.001024067967089507,0.001024067967089507,0.001024067967089507,0.001024067967089507,0.001024067967089507,0.0010240679670895075,0.001024067967089507,0.0010240679670895075,0.0010240679670895072,0.0010240679670895077,0.0010240679670895075,0.0010240679670895075,0.0010240679670895075,0.0010240679670895075,0.0010240679670895075,0.0010240679670895077,0.001024067967089508,0.0010240679670895077,0.0010240679670895077,0.0010240679670895075,0.0010240679670895075,0.0010240679670895077,0.0010240679670895077,0.001024067967089508,0.0010240679670895077,0.0010240679670895077,0.0010240679670895077,0.0010240679670895077,0.0010240679670895075,0.0010240679670895077,0.0010240679670895075,0.0010240679670895075,0.0010240679670895075,0.001024067967089507,0.0010240679670895075,0.0010240679670895075,0.0010240679670895077,0.0010240679670895075,0.0010240679670895075,0.0010240679670895075,0.0010240679670895075,0.001024067967089507,0.0010240679670895075,0.0010240679670895075,0.0010240679670895075,0.0010240679670895075,0.0010240679670895075,0.001024067967089507,0.0010240679670895075,0.0010240679670895075,0.0010240679670895075,0.0010240679670895077,0.0010240679670895075,0.0010240679670895075,0.0010240679670895072,0.0010240679670895075,0.0010240679670895072,0.0010240679670895075,0.0010240679670895077,0.0010240679670895075,0.0010240679670895077,0.0010240679670895077,0.0010240679670895077,0.0010240679670895077,0.001024067967089507,0.001024067967089507,0.0010240679670895068,0.001024067967089507,0.0010240679670895072,0.001024067967089507,0.001024067967089507,0.0010240679670895068,0.001024067967089507,0.0010240679670895068,0.0010240679670895072,0.0010240679670895075,0.0010240679670895075,0.0010240679670895075,0.0010240679670895077,0.0010240679670895077,0.0010240679670895075,0.0010240679670895077,0.0010240679670895077,0.0010240679670895077,0.0010240679670895077,0.0010240679670895075,0.0010240679670895075,0.0010240679670895072,0.0010240679670895075,0.0010240679670895075,0.0010240679670895077,0.0010240679670895075,0.0010240679670895075,0.0010240679670895072,0.0010240679670895075,0.0010240679670895077,0.0010240679670895077,0.0010240679670895075,0.0010240679670895075,0.0010240679670895075,0.0010240679670895075,0.0010240679670895075,0.0010240679670895075,0.0010240679670895077,0.0010240679670895075,0.0010240679670895077,0.0010240679670895075,0.0010240679670895075,0.0010240679670895075,0.0010240679670895075,0.0010240679670895072,0.0010240679670895072,0.0010240679670895072,0.0010240679670895072,0.0010240679670895075,0.0010240679670895075,0.0010240679670895075,0.0010240679670895075,0.0010240679670895077,0.0010240679670895064,0.0010240679670895057,0.0010240679670895057,0.0010240679670895057,0.0010240679670895057,0.0010240679670895057,0.0010240679670895057,0.0010240679670895057,0.0010240679670895057,0.0010240679670895057,0.0010240679670895062,0.0010240679670895057,0.0010240679670895057,0.0010240679670895057,0.0010240679670895057,0.0010240679670895057,0.001024067967089506,0.001024067967089506,0.0010240679670895062,0.0010240679670895062,0.0010240679670895062,0.0010240679670895062,0.0010240679670895062,0.0010240679670895062,0.0010240679670895062,0.0010240679670895062,0.0010240679670895062,0.0010240679670895062,0.0010240679670895068,0.0010240679670895068,0.0010240679670895068,0.0010240679670895068,0.0010240679670895068,0.0010240679670895064,0.0010240679670895066,0.0010240679670895066,0.0010240679670895064,0.0010240679670895066,0.0010240679670895068,0.0010240679670895066,0.0010240679670895066,0.0010240679670895066,0.0010240679670895064,0.0010240679670895062,0.0010240679670895066,0.0010240679670895064,0.0010240679670895062,0.0010240679670895064,0.0010240679670895064,0.0010240679670895066,0.0010240679670895066,0.0010240679670895066,0.0010240679670895066,0.0010240679670895068,0.0010240679670895068,0.0010240679670895066,0.0010240679670895068,0.0010240679670895068,0.0010240679670895075,0.0010240679670895075,0.0010240679670895077,0.0010240679670895075,0.0010240679670895075,0.0010240679670895075,0.0010240679670895081,0.0010240679670895077,0.0010240679670895081,0.001024067967089508,0.0010240679670895081,0.001024067967089508,0.0010240679670895077,0.0010240679670895077,0.0010240679670895077,0.0010240679670895077,0.0010240679670895077,0.0010240679670895075,0.0010240679670895077,0.0010240679670895075,0.0010240679670895077,0.0010240679670895075,0.0010240679670895075,0.0010240679670895077,0.0010240679670895077,0.0010240679670895077,0.0010240679670895077,0.0010240679670895075,0.0010240679670895077,0.0010240679670895077,0.0010240679670895075,0.0010240679670895077,0.001024067967089508,0.0010240679670895075,0.001024067967089508,0.0010240679670895077,0.0010240679670895075,0.0010240679670895077,0.0010240679670895077,0.0010240679670895077,0.0010240679670895077,0.0010240679670895077,0.0010240679670895075,0.0010240679670895077,0.0010240679670895075,0.001024067967089508,0.0010240679670895075,0.001024067967089508,0.001024067967089508,0.0010240679670895075,0.0010240679670895077,0.0010240679670895077,0.0010240679670895077,0.0010240679670895077,0.0010240679670895075,0.0010240679670895075,0.0010240679670895075,0.0010240679670895075,0.0010240679670895077,0.0010240679670895075,0.0010240679670895075,0.0010240679670895077,0.0010240679670895075,0.0010240679670895077,0.0010240679670895077,0.0010240679670895075,0.0010240679670895075,0.0010240679670895075,0.0010240679670895072,0.0010240679670895075,0.0010240679670895075,0.0010240679670895077,0.0010240679670895075,0.001024067967089508,0.001024067967089508,0.0010240679670895077,0.0010240679670895077,0.0010240679670895075,0.0010240679670895077,0.0010240679670895075,0.0010240679670895072,0.0010240679670895075,0.0010240679670895075,0.0010240679670895075,0.0010240679670895072,0.0010240679670895075,0.0010240679670895075,0.0010240679670895075,0.0010240679670895075,0.0010240679670895077,0.0010240679670895075,0.0010240679670895075,0.0010240679670895075,0.0010240679670895075,0.0010240679670895075,0.0010240679670895072,0.0010240679670895075,0.001024067967089507,0.0010240679670895072,0.0010240679670895075,0.0010240679670895075,0.001024067967089507,0.001024067967089507,0.0010240679670895072,0.001024067967089507,0.001024067967089507,0.001024067967089507,0.0010240679670895075,0.001024067967089507,0.0010240679670895072,0.0010240679670895077,0.0010240679670895072,0.0010240679670895072,0.001024067967089507,0.001024067967089507,0.0010240679670895072,0.001024067967089507,0.001024067967089507,0.0010240679670895068,0.001024067967089507,0.001024067967089507,0.001024067967089507,0.001024067967089507,0.001024067967089507,0.001024067967089507,0.0010240679670895072,0.001024067967089507,0.0010240679670895066,0.001024067967089507,0.001024067967089507,0.0010240679670895066,0.0010240679670895066,0.0010240679670895066,0.0010240679670895066,0.0010240679670895075,0.0010240679670895072,0.001024067967089507,0.0010240679670895072,0.0010240679670895075,0.0010240679670895077,0.0010240679670895075,0.001024067967089507,0.001024067967089507,0.001024067967089507,0.0010240679670895068,0.0010240679670895075,0.001024067967089507,0.001024067967089507,0.0010240679670895075,0.001024067967089507,0.0010240679670895075,0.0010240679670895077,0.0010240679670895075,0.001024067967089507,0.0010240679670895068,0.001024067967089507,0.0010240679670895068,0.001024067967089507,0.001024067967089507,0.001024067967089507,0.0010240679670895068,0.001024067967089507,0.001024067967089507,0.0010240679670895072,0.001024067967089507,0.001024067967089507,0.0010240679670895068,0.0010240679670895068,0.001024067967089507,0.001024067967089507,0.0010240679670895066,0.001024067967089507,0.001024067967089507,0.001024067967089507,0.001024067967089507,0.0010240679670895068,0.001024067967089507,0.0010240679670895066,0.001024067967089507,0.0010240679670895066,0.0010240679670895066,0.0010240679670895068,0.0010240679670895066,0.001024067967089506,0.0010240679670895066,0.0010240679670895066,0.0010240679670895066,0.0010240679670895064,0.0010240679670895068,0.0010240679670895068,0.0010240679670895068,0.0010240679670895068,0.0010240679670895068,0.0010240679670895064,0.0010240679670895066,0.0010240679670895066,0.0010240679670895062,0.0010240679670895066,0.0010240679670895066,0.0010240679670895066,0.0010240679670895066,0.0010240679670895064,0.0010240679670895068,0.0010240679670895066,0.0010240679670895066,0.0010240679670895066,0.0010240679670895066,0.0010240679670895066,0.0010240679670895068,0.0010240679670895066,0.0010240679670895066,0.0010240679670895064,0.0010240679670895062,0.0010240679670895066,0.0010240679670895064,0.0010240679670895064,0.0010240679670895062,0.0010240679670895064,0.0010240679670895064,0.0010240679670895064,0.0010240679670895066,0.0010240679670895062,0.0010240679670895066,0.0010240679670895062,0.0010240679670895062,0.0010240679670895062,0.0010240679670895064,0.0010240679670895064,0.0010240679670895062,0.001024067967089506,0.0010240679670895062,0.0010240679670895062,0.0010240679670895062,0.001024067967089506,0.0010240679670895062,0.0010240679670895066,0.0010240679670895064,0.0010240679670895062,0.0010240679670895066,0.0010240679670895066,0.0010240679670895066,0.0010240679670895068,0.0010240679670895066,0.0010240679670895062,0.0010240679670895062,0.0010240679670895064,0.0010240679670895062,0.0010240679670895066,0.0010240679670895062,0.0010240679670895064,0.0010240679670895062,0.0010240679670895064,0.0010240679670895066,0.0010240679670895066,0.0010240679670895066,0.0010240679670895066,0.0010240679670895064,0.0010240679670895064,0.001024067967089506,0.0010240679670895064,0.0010240679670895066,0.0010240679670895062,0.0010240679670895066,0.0010240679670895066,0.0010240679670895066,0.0010240679670895068,0.0010240679670895066,0.0010240679670895066,0.0010240679670895064,0.0010240679670895066,0.0010240679670895066,0.0010240679670895068,0.0010240679670895068,0.0010240679670895066,0.0010240679670895066,0.0010240679670895072,0.001024067967089507,0.0010240679670895072,0.001024067967089507,0.0010240679670895066,0.001024067967089507,0.001024067967089507,0.001024067967089507,0.001024067967089507,0.001024067967089507,0.0010240679670895068,0.001024067967089507,0.001024067967089507,0.001024067967089507,0.001024067967089507,0.001024067967089507,0.0010240679670895066,0.001024067967089507,0.001024067967089507,0.0010240679670895068,0.001024067967089507,0.001024067967089507,0.001024067967089507,0.001024067967089507,0.001024067967089507,0.001024067967089507,0.0010240679670895072,0.001024067967089507,0.001024067967089507,0.001024067967089507,0.001024067967089507,0.001024067967089507,0.001024067967089507,0.001024067967089507,0.0010240679670895072,0.001024067967089507,0.001024067967089507,0.0010240679670895072,0.001024067967089507,0.0010240679670895072,0.001024067967089507,0.0010240679670895068,0.001024067967089507,0.001024067967089507,0.001024067967089507,0.0010240679670895068,0.001024067967089507,0.001024067967089507,0.0010240679670895068,0.0010240679670895072,0.001024067967089507,0.001024067967089507,0.001024067967089507,0.0010240679670895072,0.001024067967089507,0.0010240679670895072,0.001024067967089507,0.0010240679670895068,0.0010240679670895068,0.0010240679670895072,0.001024067967089507,0.001024067967089507,0.0010240679670895066,0.0010240679670895068,0.0010240679670895068,0.001024067967089507,0.0010240679670895068,0.0010240679670895068,0.001024067967089507,0.0010240679670895068,0.0010240679670895064,0.0010240679670895066,0.0010240679670895068,0.001024067967089507,0.0010240679670895066,0.0010240679670895066,0.0010240679670895066,0.001024067967089507,0.0010240679670895066,0.001024067967089507,0.001024067967089507,0.001024067967089507,0.001024067967089507,0.0010240679670895068,0.0010240679670895068,0.001024067967089507,0.0010240679670895072,0.001024067967089507,0.001024067967089507,0.001024067967089507,0.001024067967089507,0.001024067967089507,0.001024067967089507,0.0010240679670895068,0.001024067967089507,0.0010240679670895066,0.001024067967089507,0.0010240679670895068,0.0010240679670895068,0.001024067967089507,0.001024067967089507,0.001024067967089507,0.0010240679670895068,0.0010240679670895068,0.001024067967089507,0.0010240679670895068,0.001024067967089507,0.0010240679670895066,0.0010240679670895066,0.001024067967089507,0.0010240679670895068,0.0010240679670895066,0.001024067967089507,0.001024067967089507,0.0010240679670895068,0.0010240679670895072,0.001024067967089507,0.001024067967089507,0.001024067967089507,0.0010240679670895068,0.001024067967089507,0.0010240679670895072,0.0010240679670895068,0.001024067967089507,0.0010240679670895068,0.0010240679670895072,0.001024067967089507,0.0010240679670895072,0.001024067967089507,0.001024067967089507,0.001024067967089507,0.0010240679670895072,0.001024067967089507,0.0010240679670895072,0.0010240679670895075,0.001024067967089507,0.001024067967089507,0.001024067967089507,0.001024067967089507,0.0010240679670895072,0.001024067967089507,0.0010240679670895072,0.0010240679670895068,0.0010240679670895068,0.0010240679670895075,0.001024067967089507,0.0010240679670895075,0.0010240679670895075,0.0010240679670895077,0.0010240679670895077,0.0010240679670895075,0.0010240679670895075,0.0010240679670895077,0.0010240679670895075,0.0010240679670895075,0.0010240679670895075,0.0010240679670895075,0.0010240679670895075,0.0010240679670895077,0.0010240679670895077,0.0010240679670895077,0.0010240679670895077,0.001024067967089508,0.0010240679670895077,0.0010240679670895075,0.0010240679670895075,0.0010240679670895077,0.0010240679670895072,0.0010240679670895072,0.0010240679670895072,0.001024067967089507,0.0010240679670895075,0.0010240679670895077,0.0010240679670895077,0.0010240679670895072,0.0010240679670895075,0.0010240679670895075,0.0010240679670895075,0.0010240679670895075,0.0010240679670895072,0.0010240679670895072,0.0010240679670895072,0.0010240679670895072,0.001024067967089507,0.0010240679670895075,0.0010240679670895075,0.0010240679670895075,0.0010240679670895072,0.0010240679670895075,0.001024067967089507,0.0010240679670895075,0.0010240679670895075,0.0010240679670895072,0.0010240679670895075,0.0010240679670895075,0.0010240679670895075,0.0010240679670895075,0.0010240679670895075,0.0010240679670895075,0.0010240679670895075,0.0010240679670895075,0.0010240679670895072,0.001024067967089507,0.0010240679670895077,0.0010240679670895075,0.0010240679670895077,0.0010240679670895075,0.0010240679670895075,0.0010240679670895077,0.0010240679670895075,0.0010240679670895075,0.0010240679670895072,0.0010240679670895075,0.0010240679670895072,0.0010240679670895075,0.0010240679670895072,0.0010240679670895077,0.0010240679670895077,0.0010240679670895075,0.0010240679670895075,0.0010240679670895077,0.0010240679670895075,0.0010240679670895075,0.0010240679670895075,0.0010240679670895075,0.0010240679670895075,0.001024067967089507,0.001024067967089507,0.0010240679670895072,0.0010240679670895072,0.0010240679670895072,0.001024067967089507,0.0010240679670895075,0.001024067967089507,0.001024067967089507,0.0010240679670895075,0.0010240679670895072,0.0010240679670895075,0.0010240679670895077,0.0010240679670895077,0.0010240679670895077,0.0010240679670895077,0.0010240679670895077,0.0010240679670895077,0.001024067967089508,0.0010240679670895075,0.0010240679670895075,0.0010240679670895077,0.0010240679670895077,0.0010240679670895077,0.0010240679670895077,0.0010240679670895075,0.0010240679670895077,0.0010240679670895075,0.0010240679670895077,0.0010240679670895077,0.0010240679670895075,0.0010240679670895075,0.0010240679670895075,0.0010240679670895077,0.0010240679670895077,0.0010240679670895077,0.001024067967089508,0.0010240679670895077,0.0010240679670895077,0.0010240679670895075,0.0010240679670895077,0.0010240679670895077,0.0010240679670895075,0.0010240679670895075,0.0010240679670895075,0.0010240679670895075,0.0010240679670895075,0.0010240679670895077,0.0010240679670895077,0.0010240679670895077,0.0010240679670895077,0.0010240679670895075,0.0010240679670895075,0.0010240679670895075,0.0010240679670895077,0.0010240679670895068,0.001024067967089507,0.0010240679670895075,0.0010240679670895072,0.0010240679670895072,0.0010240679670895072,0.0010240679670895072,0.0010240679670895072,0.0010240679670895077,0.0010240679670895077,0.0010240679670895077,0.0010240679670895077,0.0010240679670895075,0.0010240679670895075,0.0010240679670895075,0.0010240679670895075,0.0010240679670895077,0.0010240679670895075,0.0010240679670895075,0.0010240679670895072,0.0010240679670895072,0.0010240679670895075,0.0010240679670895077,0.001024067967089507,0.001024067967089507,0.001024067967089507,0.001024067967089507,0.0010240679670895075,0.0010240679670895072,0.0010240679670895072,0.001024067967089507,0.0010240679670895068,0.0010240679670895068,0.0010240679670895068,0.001024067967089507,0.001024067967089507,0.0010240679670895072,0.0010240679670895066,0.001024067967089507,0.001024067967089507,0.001024067967089507,0.001024067967089507,0.0010240679670895075,0.0010240679670895077,0.0010240679670895075,0.0010240679670895077,0.0010240679670895072,0.0010240679670895075,0.0010240679670895075,0.0010240679670895072,0.0010240679670895075,0.0010240679670895072,0.0010240679670895072,0.0010240679670895072,0.0010240679670895075,0.0010240679670895072,0.0010240679670895072,0.0010240679670895072,0.001024067967089507,0.0010240679670895075,0.0010240679670895075,0.0010240679670895075,0.0010240679670895077,0.0010240679670895072,0.0010240679670895072,0.0010240679670895068,0.001024067967089507,0.0010240679670895072,0.0010240679670895075,0.0010240679670895072,0.0010240679670895072,0.0010240679670895072,0.0010240679670895072,0.0010240679670895072,0.001024067967089507,0.0010240679670895072,0.0010240679670895068,0.0010240679670895072,0.001024067967089507,0.001024067967089507,0.001024067967089507,0.001024067967089507,0.001024067967089507,0.0010240679670895072,0.001024067967089507,0.0010240679670895072,0.0010240679670895094,0.001024067967089509,0.001024067967089509,0.0010240679670895088,0.001024067967089509,0.001024067967089509,0.001024067967089509,0.001024067967089509,0.001024067967089509,0.001024067967089509,0.0010240679670895092,0.0010240679670895092,0.0010240679670895092,0.001024067967089509,0.001024067967089509,0.001024067967089509,0.001024067967089509,0.001024067967089509,0.001024067967089509,0.0010240679670895088,0.0010240679670895092,0.001024067967089509,0.0010240679670895088,0.0010240679670895092,0.001024067967089509,0.0010240679670895088,0.0010240679670895086,0.001024067967089509,0.001024067967089509,0.001024067967089509,0.001024067967089509,0.001024067967089509,0.0010240679670895088,0.001024067967089509,0.001024067967089509,0.0010240679670895092,0.001024067967089509,0.001024067967089509,0.001024067967089509,0.0010240679670895092,0.001024067967089509,0.0010240679670895092,0.001024067967089509,0.0010240679670895092,0.0010240679670895088,0.001024067967089509,0.001024067967089509,0.001024067967089509,0.001024067967089509,0.001024067967089509,0.001024067967089509,0.0010240679670895088,0.001024067967089509,0.001024067967089509,0.0010240679670895092,0.0010240679670895094,0.0010240679670895092,0.0010240679670895092,0.001024067967089509,0.001024067967089509,0.001024067967089509,0.001024067967089509,0.001024067967089509,0.0010240679670895088,0.0010240679670895088,0.0010240679670895088,0.001024067967089509,0.0010240679670895092,0.001024067967089509,0.0010240679670895092,0.001024067967089509,0.001024067967089509,0.001024067967089509,0.001024067967089509,0.0010240679670895088,0.001024067967089509,0.001024067967089509,0.001024067967089509,0.001024067967089509,0.001024067967089509,0.0010240679670895092,0.001024067967089509,0.0010240679670895088,0.001024067967089509,0.0010240679670895092,0.001024067967089509,0.001024067967089509,0.0010240679670895092,0.0010240679670895094,0.001024067967089509,0.001024067967089509,0.0010240679670895092,0.0010240679670895092,0.001024067967089509,0.0010240679670895094,0.001024067967089509,0.0010240679670895094,0.001024067967089509,0.001024067967089509,0.0010240679670895107,0.001024067967089511,0.001024067967089511,0.0010240679670895112,0.0010240679670895112,0.001024067967089511,0.0010240679670895107,0.001024067967089511,0.001024067967089511,0.001024067967089511,0.001024067967089511,0.0010240679670895112,0.0010240679670895107,0.001024067967089511,0.001024067967089511,0.0010240679670895107,0.0010240679670895105,0.0010240679670895105,0.001024067967089511,0.0010240679670895105,0.001024067967089511,0.001024067967089511,0.001024067967089511,0.001024067967089511,0.0010240679670895107,0.001024067967089511,0.0010240679670895107,0.0010240679670895107,0.0010240679670895107,0.001024067967089511,0.001024067967089511,0.0010240679670895105,0.0010240679670895112,0.001024067967089511,0.0010240679670895114,0.0010240679670895112,0.0010240679670895116,0.0010240679670895114,0.0010240679670895112,0.0010240679670895112,0.0010240679670895112,0.0010240679670895112,0.001024067967089511,0.001024067967089511,0.001024067967089511,0.0010240679670895112,0.0010240679670895114,0.0010240679670895112,0.0010240679670895116,0.0010240679670895114,0.0010240679670895114,0.0010240679670895114,0.0010240679670895114,0.0010240679670895114,0.0010240679670895114,0.0010240679670895114,0.0010240679670895116,0.0010240679670895114,0.0010240679670895114,0.0010240679670895114,0.001024067967089511,0.001024067967089511,0.001024067967089511,0.001024067967089511,0.0010240679670895107,0.0010240679670895107,0.001024067967089511,0.0010240679670895112,0.0010240679670895114,0.0010240679670895112,0.001024067967089511,0.001024067967089511,0.001024067967089511,0.0010240679670895112,0.001024067967089511,0.001024067967089511,0.001024067967089511,0.001024067967089511,0.0010240679670895112,0.001024067967089511,0.001024067967089511,0.001024067967089511,0.0010240679670895107,0.0010240679670895107,0.0010240679670895107,0.001024067967089511,0.001024067967089511,0.001024067967089511,0.0010240679670895114,0.0010240679670895116,0.0010240679670895114,0.0010240679670895112,0.0010240679670895112,0.001024067967089511,0.0010240679670895112,0.0010240679670895112,0.001024067967089511,0.001024067967089511,0.0010240679670895114,0.0010240679670895114,0.0010240679670895114,0.0010240679670895112,0.0010240679670895112,0.0010240679670895114,0.0010240679670895114,0.0010240679670895114,0.0010240679670895112,0.0010240679670895112,0.0010240679670895112,0.0010240679670895116,0.0010240679670895114,0.0010240679670895114,0.0010240679670895114,0.0010240679670895116,0.0010240679670895114,0.0010240679670895114,0.0010240679670895114,0.0010240679670895114,0.0010240679670895114,0.0010240679670895114,0.0010240679670895114,0.0010240679670895114,0.001024067967089511,0.0010240679670895114,0.001024067967089511,0.0010240679670895114,0.0010240679670895114,0.0010240679670895114,0.0010240679670895114,0.0010240679670895114,0.0010240679670895114,0.0010240679670895114,0.0010240679670895114,0.0010240679670895112,0.0010240679670895114,0.0010240679670895112,0.0010240679670895112,0.0010240679670895112,0.0010240679670895112,0.0010240679670895114,0.0010240679670895114,0.0010240679670895114,0.0010240679670895116,0.0010240679670895114,0.0010240679670895116,0.0010240679670895118,0.0010240679670895116,0.0010240679670895114,0.0010240679670895116,0.0010240679670895114,0.0010240679670895114,0.0010240679670895114,0.0010240679670895114,0.0010240679670895116,0.0010240679670895116,0.0010240679670895116,0.0010240679670895116,0.0010240679670895116,0.0010240679670895116,0.0010240679670895114,0.0010240679670895116,0.0010240679670895114,0.0010240679670895114,0.0010240679670895112,0.0010240679670895112,0.0010240679670895116,0.0010240679670895116,0.0010240679670895116,0.0010240679670895116,0.0010240679670895114,0.0010240679670895114,0.0010240679670895114,0.0010240679670895116,0.0010240679670895116,0.0010240679670895114,0.0010240679670895114,0.0010240679670895114,0.0010240679670895114,0.0010240679670895114,0.0010240679670895118,0.0010240679670895114,0.0010240679670895112,0.001024067967089511,0.0010240679670895114,0.0010240679670895112,0.0010240679670895114,0.0010240679670895112,0.001024067967089511,0.0010240679670895114,0.0010240679670895114,0.0010240679670895112,0.001024067967089511,0.001024067967089511,0.001024067967089511,0.0010240679670895114,0.001024067967089511,0.0010240679670895114,0.0010240679670895114,0.0010240679670895116,0.0010240679670895114,0.0010240679670895116,0.0010240679670895114,0.0010240679670895112,0.0010240679670895114,0.0010240679670895114,0.0010240679670895114,0.0010240679670895114,0.0010240679670895114,0.0010240679670895112,0.001024067967089511,0.0010240679670895116,0.0010240679670895114,0.0010240679670895114,0.0010240679670895116,0.0010240679670895116,0.0010240679670895114,0.0010240679670895114,0.0010240679670895114,0.0010240679670895114,0.0010240679670895114,0.0010240679670895116,0.0010240679670895116,0.0010240679670895114,0.0010240679670895114,0.0010240679670895112,0.0010240679670895112,0.0010240679670895116,0.0010240679670895114,0.0010240679670895114,0.0010240679670895114,0.0010240679670895116,0.0010240679670895116,0.0010240679670895116,0.0010240679670895114,0.0010240679670895112,0.001024067967089511,0.0010240679670895114,0.0010240679670895122,0.0010240679670895127,0.0010240679670895133,0.0010240679670895138,0.001024067967089514,0.001024067967089514,0.0010240679670895138,0.0010240679670895135,0.001024067967089514,0.001024067967089514,0.0010240679670895144,0.0010240679670895144,0.0010240679670895144,0.0010240679670895144,0.0010240679670895146,0.0010240679670895146,0.0010240679670895146,0.0010240679670895144,0.0010240679670895148,0.0010240679670895148,0.0010240679670895148,0.0010240679670895148,0.0010240679670895148,0.0010240679670895146,0.0010240679670895146,0.0010240679670895144,0.0010240679670895146,0.0010240679670895146,0.0010240679670895146,0.0010240679670895144,0.0010240679670895148,0.0010240679670895144,0.0010240679670895146,0.0010240679670895144,0.0010240679670895144,0.0010240679670895146,0.0010240679670895146,0.0010240679670895142,0.0010240679670895148,0.0010240679670895144,0.0010240679670895146,0.001024067967089515,0.0010240679670895148,0.001024067967089515,0.001024067967089515,0.001024067967089515,0.0010240679670895146,0.0010240679670895146,0.0010240679670895148,0.0010240679670895148,0.0010240679670895148,0.0010240679670895148,0.0010240679670895148,0.0010240679670895146,0.001024067967089515,0.0010240679670895148,0.001024067967089515,0.0010240679670895148,0.0010240679670895148,0.0010240679670895148,0.0010240679670895148,0.001024067967089515,0.001024067967089515,0.0010240679670895148,0.0010240679670895148,0.0010240679670895148,0.001024067967089515,0.0010240679670895148,0.0010240679670895153,0.0010240679670895148,0.0010240679670895148,0.0010240679670895148,0.001024067967089515,0.001024067967089515,0.0010240679670895155,0.0010240679670895148,0.0010240679670895148,0.0010240679670895148,0.001024067967089515,0.0010240679670895148,0.001024067967089515,0.0010240679670895153,0.0010240679670895148,0.001024067967089515,0.001024067967089515,0.001024067967089515,0.0010240679670895148,0.0010240679670895148,0.0010240679670895148,0.0010240679670895148,0.001024067967089515,0.0010240679670895148,0.001024067967089515,0.001024067967089515,0.001024067967089515,0.001024067967089515,0.001024067967089515,0.0010240679670895148,0.0010240679670895148,0.0010240679670895148,0.0010240679670895148,0.0010240679670895148,0.0010240679670895148,0.001024067967089515,0.001024067967089515,0.0010240679670895153,0.001024067967089515,0.0010240679670895148,0.0010240679670895148,0.0010240679670895148,0.001024067967089515,0.0010240679670895148,0.001024067967089515,0.0010240679670895148,0.001024067967089515,0.0010240679670895153,0.001024067967089515,0.0010240679670895148,0.0010240679670895148,0.0010240679670895148,0.0010240679670895153,0.001024067967089515,0.001024067967089515,0.0010240679670895148,0.001024067967089515,0.0010240679670895148,0.001024067967089515,0.0010240679670895153,0.001024067967089515,0.0010240679670895148,0.0010240679670895148,0.0010240679670895148,0.0010240679670895148,0.0010240679670895148,0.0010240679670895148,0.001024067967089515,0.0010240679670895148,0.001024067967089515,0.001024067967089515,0.001024067967089515,0.0010240679670895148,0.0010240679670895148,0.0010240679670895148,0.0010240679670895148,0.001024067967089515,0.0010240679670895148,0.0010240679670895148,0.001024067967089515,0.001024067967089515,0.001024067967089515,0.0010240679670895146,0.0010240679670895148,0.0010240679670895148,0.0010240679670895148,0.0010240679670895148,0.0010240679670895146,0.0010240679670895148,0.0010240679670895146,0.001024067967089515,0.0010240679670895148,0.001024067967089515,0.0010240679670895148,0.0010240679670895148,0.0010240679670895146,0.0010240679670895148,0.0010240679670895148,0.0010240679670895148,0.001024067967089515,0.0010240679670895148,0.001024067967089515,0.0010240679670895148,0.0010240679670895146,0.0010240679670895148,0.0010240679670895148,0.001024067967089515,0.001024067967089515,0.0010240679670895148,0.0010240679670895148,0.0010240679670895148,0.0010240679670895148,0.0010240679670895148,0.0010240679670895146,0.001024067967089515,0.0010240679670895148,0.0010240679670895148,0.001024067967089515,0.001024067967089515,0.001024067967089515,0.001024067967089515,0.001024067967089515,0.0010240679670895148,0.0010240679670895146,0.0010240679670895146,0.0010240679670895146,0.0010240679670895146,0.0010240679670895148,0.0010240679670895148,0.0010240679670895148,0.0010240679670895148,0.0010240679670895148,0.0010240679670895148,0.0010240679670895148,0.0010240679670895146,0.0010240679670895148,0.0010240679670895146,0.0010240679670895146,0.0010240679670895148,0.0010240679670895146,0.0010240679670895146,0.0010240679670895148,0.0010240679670895146,0.0010240679670895148,0.0010240679670895146,0.0010240679670895142,0.0010240679670895146,0.0010240679670895146,0.0010240679670895146,0.001024067967089515,0.0010240679670895146,0.0010240679670895144,0.0010240679670895148,0.0010240679670895146,0.0010240679670895148,0.0010240679670895146,0.0010240679670895146,0.0010240679670895148,0.0010240679670895146,0.0010240679670895148,0.0010240679670895148,0.0010240679670895148,0.0010240679670895148,0.0010240679670895148,0.0010240679670895148,0.0010240679670895148,0.0010240679670895148,0.001024067967089515,0.0010240679670895148,0.0010240679670895146,0.0010240679670895148,0.0010240679670895148,0.001024067967089515,0.0010240679670895148,0.0010240679670895146,0.0010240679670895146,0.0010240679670895148,0.0010240679670895148,0.0010240679670895148,0.001024067967089515,0.001024067967089515,0.0010240679670895148,0.001024067967089515,0.001024067967089515,0.0010240679670895148,0.0010240679670895146,0.0010240679670895148,0.0010240679670895148,0.0010240679670895148,0.0010240679670895148,0.0010240679670895146,0.0010240679670895146,0.0010240679670895148,0.0010240679670895148,0.0010240679670895148,0.001024067967089515,0.0010240679670895148,0.0010240679670895148,0.001024067967089515,0.0010240679670895148,0.001024067967089515,0.0010240679670895146,0.0010240679670895148,0.0010240679670895146,0.0010240679670895146,0.0010240679670895148,0.001024067967089515,0.0010240679670895148,0.0010240679670895148,0.0010240679670895148,0.0010240679670895146,0.001024067967089515,0.0010240679670895148,0.0010240679670895148,0.0010240679670895148,0.0010240679670895146,0.0010240679670895148,0.0010240679670895148,0.0010240679670895148,0.0010240679670895148,0.001024067967089515,0.0010240679670895146,0.0010240679670895148,0.0010240679670895146,0.0010240679670895146,0.0010240679670895146,0.0010240679670895146,0.0010240679670895146,0.0010240679670895148,0.0010240679670895144,0.0010240679670895146,0.0010240679670895146,0.0010240679670895148,0.0010240679670895146,0.0010240679670895148,0.0010240679670895146,0.0010240679670895146,0.0010240679670895148,0.0010240679670895146,0.0010240679670895148,0.0010240679670895148,0.0010240679670895144,0.0010240679670895146,0.0010240679670895146,0.0010240679670895142,0.0010240679670895142,0.0010240679670895142,0.0010240679670895142,0.0010240679670895142,0.0010240679670895142,0.0010240679670895144,0.0010240679670895144,0.0010240679670895142,0.0010240679670895142,0.0010240679670895142,0.001024067967089514,0.0010240679670895144,0.0010240679670895142,0.0010240679670895142,0.0010240679670895144,0.0010240679670895144,0.0010240679670895144,0.0010240679670895142,0.0010240679670895144,0.0010240679670895142,0.0010240679670895144,0.0010240679670895144,0.0010240679670895144,0.0010240679670895144,0.0010240679670895142,0.0010240679670895142,0.0010240679670895144,0.0010240679670895144,0.0010240679670895144,0.0010240679670895146,0.0010240679670895146,0.0010240679670895144,0.0010240679670895144,0.0010240679670895146,0.0010240679670895146,0.0010240679670895146,0.0010240679670895144,0.0010240679670895142,0.0010240679670895142,0.0010240679670895142,0.0010240679670895148,0.0010240679670895148,0.0010240679670895148,0.0010240679670895146,0.0010240679670895146,0.0010240679670895146,0.0010240679670895146,0.0010240679670895146,0.0010240679670895144,0.0010240679670895142,0.0010240679670895142,0.0010240679670895144,0.001024067967089514,0.0010240679670895144,0.0010240679670895144,0.0010240679670895142,0.001024067967089514,0.001024067967089514,0.0010240679670895138,0.0010240679670895138,0.0010240679670895138,0.0010240679670895138,0.0010240679670895135,0.0010240679670895138,0.0010240679670895135,0.0010240679670895135,0.0010240679670895138,0.0010240679670895135,0.0010240679670895138,0.0010240679670895138,0.0010240679670895133,0.0010240679670895135,0.0010240679670895135,0.0010240679670895135,0.0010240679670895138,0.0010240679670895138,0.0010240679670895135,0.0010240679670895133,0.001024067967089513,0.001024067967089513,0.0010240679670895133,0.0010240679670895133,0.0010240679670895135,0.0010240679670895133,0.0010240679670895135,0.0010240679670895135,0.0010240679670895133,0.0010240679670895133,0.0010240679670895133,0.001024067967089513,0.0010240679670895133,0.0010240679670895133,0.0010240679670895129,0.0010240679670895133,0.0010240679670895133,0.0010240679670895133,0.001024067967089513,0.001024067967089513,0.0010240679670895125,0.0010240679670895127,0.0010240679670895129,0.0010240679670895129,0.0010240679670895129,0.0010240679670895129,0.0010240679670895129,0.0010240679670895127,0.0010240679670895129,0.0010240679670895127,0.0010240679670895127,0.0010240679670895127,0.0010240679670895129,0.0010240679670895129,0.0010240679670895127,0.0010240679670895129,0.0010240679670895129,0.0010240679670895129,0.0010240679670895129,0.0010240679670895129,0.0010240679670895129,0.001024067967089513,0.0010240679670895129,0.0010240679670895129,0.001024067967089513,0.0010240679670895133,0.001024067967089513,0.0010240679670895129,0.0010240679670895129,0.0010240679670895129,0.001024067967089513,0.001024067967089513,0.0010240679670895125,0.0010240679670895129,0.0010240679670895127,0.0010240679670895127,0.0010240679670895127,0.0010240679670895125,0.0010240679670895125,0.001024067967089512,0.0010240679670895122,0.0010240679670895122,0.0010240679670895122,0.001024067967089512,0.0010240679670895125,0.0010240679670895122,0.001024067967089512,0.001024067967089512,0.0010240679670895122,0.0010240679670895122,0.001024067967089512,0.001024067967089512,0.0010240679670895122,0.0010240679670895122,0.0010240679670895125,0.0010240679670895127,0.0010240679670895122,0.0010240679670895125,0.0010240679670895129,0.0010240679670895127,0.0010240679670895125,0.0010240679670895127,0.0010240679670895125,0.0010240679670895125,0.0010240679670895127,0.0010240679670895127,0.0010240679670895125,0.0010240679670895125,0.0010240679670895129,0.0010240679670895125,0.0010240679670895129,0.0010240679670895129,0.0010240679670895127,0.0010240679670895125,0.0010240679670895129,0.001024067967089513,0.0010240679670895129,0.001024067967089513,0.0010240679670895133,0.001024067967089513,0.0010240679670895129,0.0010240679670895129,0.001024067967089513,0.0010240679670895129,0.001024067967089513,0.001024067967089513,0.0010240679670895127,0.0010240679670895127,0.0010240679670895125,0.0010240679670895125,0.0010240679670895122,0.0010240679670895122,0.0010240679670895125,0.001024067967089512,0.0010240679670895122,0.0010240679670895122,0.001024067967089512,0.0010240679670895118,0.0010240679670895125,0.0010240679670895125,0.001024067967089512,0.0010240679670895122,0.0010240679670895122,0.0010240679670895125,0.0010240679670895122,0.0010240679670895122,0.001024067967089512,0.0010240679670895122,0.0010240679670895122,0.0010240679670895125,0.0010240679670895125,0.0010240679670895125,0.0010240679670895122,0.0010240679670895125,0.0010240679670895122,0.0010240679670895125,0.0010240679670895125,0.0010240679670895127,0.0010240679670895122,0.0010240679670895122,0.0010240679670895125,0.0010240679670895125,0.0010240679670895122,0.0010240679670895122,0.0010240679670895122,0.001024067967089512,0.0010240679670895122,0.0010240679670895125,0.0010240679670895125,0.0010240679670895122,0.0010240679670895125,0.0010240679670895125,0.0010240679670895125,0.0010240679670895125,0.0010240679670895122,0.0010240679670895125,0.0010240679670895125,0.0010240679670895127,0.0010240679670895125,0.0010240679670895127,0.0010240679670895125,0.0010240679670895125,0.0010240679670895125,0.0010240679670895125,0.0010240679670895127,0.0010240679670895127,0.0010240679670895127,0.0010240679670895125,0.0010240679670895125,0.0010240679670895127,0.0010240679670895127,0.0010240679670895125,0.0010240679670895125,0.0010240679670895122,0.0010240679670895125,0.0010240679670895127,0.0010240679670895127,0.0010240679670895125,0.0010240679670895127,0.0010240679670895127,0.0010240679670895127,0.0010240679670895127,0.0010240679670895125,0.0010240679670895122,0.0010240679670895125,0.001024067967089512,0.0010240679670895125,0.0010240679670895127,0.0010240679670895127,0.0010240679670895125,0.0010240679670895125,0.0010240679670895122,0.0010240679670895118,0.0010240679670895118,0.0010240679670895118,0.001024067967089512,0.001024067967089512,0.0010240679670895122,0.0010240679670895118,0.0010240679670895116,0.0010240679670895116,0.0010240679670895116,0.0010240679670895127,0.0010240679670895122,0.0010240679670895122,0.0010240679670895122,0.0010240679670895125,0.001024067967089512,0.0010240679670895122,0.0010240679670895122,0.0010240679670895125,0.0010240679670895122,0.0010240679670895122,0.0010240679670895118,0.001024067967089512,0.001024067967089512,0.0010240679670895118,0.001024067967089512,0.001024067967089512,0.0010240679670895118,0.0010240679670895114,0.0010240679670895114,0.0010240679670895118,0.001024067967089512,0.0010240679670895116,0.0010240679670895116,0.001024067967089511,0.0010240679670895107,0.0010240679670895107,0.0010240679670895107,0.0010240679670895107,0.001024067967089511,0.0010240679670895105,0.0010240679670895112,0.0010240679670895105,0.0010240679670895112,0.0010240679670895107,0.0010240679670895105,0.0010240679670895107,0.0010240679670895105,0.0010240679670895105,0.0010240679670895103,0.0010240679670895112,0.0010240679670895112,0.0010240679670895112,0.0010240679670895112,0.0010240679670895112,0.0010240679670895112,0.0010240679670895112,0.0010240679670895114,0.001024067967089511,0.001024067967089511,0.001024067967089511,0.0010240679670895114,0.0010240679670895112,0.0010240679670895116,0.0010240679670895112,0.0010240679670895114,0.001024067967089511,0.0010240679670895114,0.001024067967089511,0.0010240679670895112,0.0010240679670895112,0.0010240679670895112,0.001024067967089511,0.0010240679670895112,0.0010240679670895112,0.0010240679670895112,0.0010240679670895107,0.001024067967089511,0.001024067967089511,0.0010240679670895114,0.0010240679670895116,0.0010240679670895112,0.0010240679670895112,0.0010240679670895114,0.0010240679670895112,0.001024067967089511,0.001024067967089511,0.0010240679670895114,0.0010240679670895118,0.0010240679670895118,0.001024067967089512,0.001024067967089512,0.001024067967089512,0.001024067967089512,0.0010240679670895118,0.0010240679670895118,0.0010240679670895118,0.0010240679670895118,0.001024067967089512,0.001024067967089512,0.001024067967089512,0.001024067967089512,0.001024067967089512,0.0010240679670895118,0.0010240679670895118,0.001024067967089512,0.0010240679670895118,0.001024067967089512,0.0010240679670895118,0.001024067967089512,0.001024067967089512,0.001024067967089512,0.001024067967089512,0.0010240679670895116,0.0010240679670895114,0.0010240679670895112,0.0010240679670895114,0.0010240679670895116,0.0010240679670895118,0.0010240679670895116,0.0010240679670895116,0.0010240679670895118,0.0010240679670895118,0.0010240679670895114,0.0010240679670895118,0.0010240679670895114,0.0010240679670895118,0.001024067967089512,0.0010240679670895116,0.0010240679670895116,0.0010240679670895118,0.001024067967089512,0.0010240679670895116,0.0010240679670895116,0.0010240679670895118,0.0010240679670895118,0.001024067967089512,0.001024067967089512,0.001024067967089512,0.001024067967089512,0.001024067967089512,0.0010240679670895116,0.0010240679670895118,0.001024067967089512,0.0010240679670895118,0.001024067967089512,0.0010240679670895118,0.0010240679670895118,0.001024067967089512,0.0010240679670895122,0.0010240679670895118,0.0010240679670895118,0.0010240679670895118,0.001024067967089512,0.0010240679670895118,0.0010240679670895118,0.001024067967089512,0.001024067967089512,0.0010240679670895118,0.0010240679670895116,0.0010240679670895118,0.0010240679670895118,0.0010240679670895118,0.0010240679670895118,0.001024067967089512,0.001024067967089512,0.0010240679670895116,0.0010240679670895116,0.0010240679670895118,0.0010240679670895118,0.001024067967089512,0.0010240679670895122,0.0010240679670895118,0.001024067967089512,0.001024067967089512,0.0010240679670895118,0.0010240679670895118,0.0010240679670895122,0.0010240679670895118,0.001024067967089512,0.001024067967089512,0.0010240679670895122,0.001024067967089512,0.0010240679670895118,0.001024067967089512,0.0010240679670895118,0.0010240679670895118,0.001024067967089512,0.0010240679670895118,0.0010240679670895118,0.001024067967089512,0.001024067967089512,0.001024067967089512,0.0010240679670895118,0.001024067967089512,0.0010240679670895118,0.0010240679670895118,0.001024067967089512,0.001024067967089512,0.001024067967089512,0.001024067967089512,0.001024067967089512,0.001024067967089512,0.0010240679670895116,0.0010240679670895118,0.0010240679670895118,0.0010240679670895118,0.001024067967089512,0.0010240679670895118,0.001024067967089512,0.0010240679670895122,0.001024067967089512,0.001024067967089512,0.0010240679670895118,0.0010240679670895116,0.0010240679670895116,0.0010240679670895118,0.001024067967089512,0.0010240679670895118,0.001024067967089512,0.001024067967089512,0.0010240679670895122,0.001024067967089512,0.001024067967089512,0.0010240679670895118,0.001024067967089512,0.001024067967089512,0.0010240679670895125,0.001024067967089512,0.0010240679670895118,0.0010240679670895122,0.0010240679670895122,0.0010240679670895118,0.001024067967089512,0.0010240679670895122,0.0010240679670895118,0.001024067967089512,0.0010240679670895125,0.001024067967089512,0.001024067967089512,0.001024067967089512,0.0010240679670895118,0.0010240679670895118,0.001024067967089512,0.0010240679670895118,0.001024067967089512,0.001024067967089512,0.001024067967089512,0.0010240679670895122,0.0010240679670895118,0.001024067967089512,0.0010240679670895118,0.0010240679670895118,0.001024067967089512,0.001024067967089512,0.001024067967089512,0.001024067967089512,0.001024067967089512,0.001024067967089512,0.0010240679670895118,0.0010240679670895118,0.0010240679670895118,0.0010240679670895118,0.001024067967089512,0.001024067967089512,0.001024067967089512,0.0010240679670895118,0.0010240679670895118,0.0010240679670895118,0.0010240679670895118,0.001024067967089512,0.001024067967089512,0.0010240679670895118,0.001024067967089512,0.001024067967089512,0.001024067967089512,0.001024067967089512,0.0010240679670895116,0.0010240679670895118,0.001024067967089512,0.001024067967089512,0.001024067967089512,0.001024067967089512,0.0010240679670895118,0.001024067967089512,0.001024067967089512,0.001024067967089512,0.001024067967089512,0.0010240679670895116,0.0010240679670895118,0.0010240679670895118,0.001024067967089512,0.001024067967089512,0.001024067967089512,0.001024067967089512,0.001024067967089512,0.0010240679670895118,0.0010240679670895116,0.001024067967089512,0.0010240679670895118,0.0010240679670895118,0.001024067967089512,0.001024067967089512,0.0010240679670895122,0.0010240679670895125,0.0010240679670895118,0.0010240679670895118,0.0010240679670895118,0.0010240679670895118,0.001024067967089512,0.001024067967089512,0.0010240679670895118,0.001024067967089512,0.001024067967089512,0.0010240679670895118,0.0010240679670895122,0.001024067967089512,0.0010240679670895118,0.001024067967089512,0.001024067967089512,0.001024067967089512,0.0010240679670895118,0.0010240679670895118,0.0010240679670895118,0.0010240679670895114,0.0010240679670895118,0.001024067967089512,0.0010240679670895118,0.001024067967089512,0.0010240679670895118,0.0010240679670895118,0.001024067967089512,0.0010240679670895118,0.0010240679670895118,0.0010240679670895118,0.0010240679670895118,0.0010240679670895118,0.001024067967089512,0.0010240679670895118,0.0010240679670895118,0.0010240679670895118,0.0010240679670895118,0.0010240679670895118,0.0010240679670895114,0.0010240679670895118,0.001024067967089512,0.0010240679670895118,0.0010240679670895118,0.0010240679670895114,0.0010240679670895118,0.0010240679670895116,0.001024067967089512,0.0010240679670895118,0.001024067967089512,0.0010240679670895116,0.0010240679670895118,0.0010240679670895114,0.0010240679670895116,0.0010240679670895116,0.0010240679670895116,0.0010240679670895114,0.0010240679670895116,0.0010240679670895116,0.0010240679670895114,0.0010240679670895114,0.0010240679670895116,0.001024067967089512,0.0010240679670895116,0.0010240679670895114,0.0010240679670895112,0.0010240679670895116,0.0010240679670895114,0.0010240679670895116,0.0010240679670895114,0.0010240679670895114,0.0010240679670895114,0.0010240679670895116,0.0010240679670895114,0.0010240679670895114,0.0010240679670895112,0.0010240679670895114,0.0010240679670895114,0.0010240679670895114,0.0010240679670895116,0.0010240679670895114,0.0010240679670895114,0.0010240679670895114,0.0010240679670895114,0.0010240679670895114,0.0010240679670895116,0.0010240679670895116,0.0010240679670895116,0.0010240679670895116,0.0010240679670895116,0.0010240679670895116,0.0010240679670895114,0.0010240679670895116,0.0010240679670895114,0.0010240679670895116,0.0010240679670895118,0.0010240679670895114,0.0010240679670895114,0.0010240679670895116,0.0010240679670895114,0.0010240679670895114,0.0010240679670895114,0.0010240679670895114,0.0010240679670895114,0.001024067967089511,0.0010240679670895116,0.0010240679670895116,0.0010240679670895114,0.0010240679670895114,0.0010240679670895114,0.0010240679670895114,0.0010240679670895114,0.0010240679670895114,0.001024067967089511,0.0010240679670895114,0.0010240679670895114,0.001024067967089511,0.0010240679670895114,0.001024067967089511,0.0010240679670895114,0.001024067967089511,0.0010240679670895114,0.0010240679670895112,0.0010240679670895114,0.0010240679670895112,0.0010240679670895112,0.001024067967089511,0.001024067967089511,0.001024067967089511,0.001024067967089511,0.0010240679670895112,0.0010240679670895116,0.0010240679670895114,0.001024067967089511,0.001024067967089511,0.001024067967089511,0.001024067967089511,0.001024067967089511,0.0010240679670895112,0.001024067967089511,0.0010240679670895112,0.0010240679670895112,0.001024067967089511,0.001024067967089511,0.001024067967089511,0.001024067967089511,0.001024067967089511,0.0010240679670895112,0.0010240679670895112,0.001024067967089511,0.0010240679670895112,0.001024067967089511,0.0010240679670895107,0.001024067967089511,0.0010240679670895105,0.001024067967089511,0.0010240679670895112,0.0010240679670895107,0.0010240679670895107,0.0010240679670895107,0.0010240679670895107,0.0010240679670895105,0.0010240679670895107,0.0010240679670895107,0.001024067967089511,0.001024067967089511,0.0010240679670895107,0.0010240679670895112,0.0010240679670895107,0.001024067967089511,0.0010240679670895107,0.001024067967089511,0.001024067967089511,0.0010240679670895112,0.001024067967089511,0.0010240679670895112,0.001024067967089511,0.0010240679670895112,0.001024067967089511,0.0010240679670895107,0.0010240679670895105,0.001024067967089511,0.001024067967089511,0.0010240679670895112,0.0010240679670895107,0.0010240679670895112,0.0010240679670895107,0.0010240679670895107,0.0010240679670895105,0.0010240679670895107,0.0010240679670895107,0.001024067967089511,0.001024067967089511,0.001024067967089511,0.0010240679670895112,0.001024067967089511,0.0010240679670895107,0.0010240679670895107,0.001024067967089511,0.0010240679670895112,0.001024067967089511,0.001024067967089511,0.001024067967089511,0.0010240679670895112,0.001024067967089511,0.001024067967089511,0.001024067967089511,0.001024067967089511,0.001024067967089511,0.0010240679670895112,0.001024067967089511,0.0010240679670895112,0.001024067967089511,0.001024067967089511,0.0010240679670895107,0.001024067967089511,0.001024067967089511,0.001024067967089511,0.001024067967089511,0.0010240679670895107,0.001024067967089511,0.0010240679670895112,0.001024067967089511,0.001024067967089511,0.0010240679670895107,0.001024067967089511,0.001024067967089511,0.001024067967089511,0.0010240679670895112,0.001024067967089511,0.001024067967089511,0.0010240679670895107,0.0010240679670895105,0.001024067967089511,0.001024067967089511,0.001024067967089511,0.001024067967089511,0.0010240679670895112,0.0010240679670895112,0.0010240679670895107,0.001024067967089511,0.0010240679670895105,0.001024067967089511,0.001024067967089511,0.0010240679670895112,0.001024067967089511,0.001024067967089511,0.0010240679670895112,0.001024067967089511,0.0010240679670895107,0.001024067967089511,0.001024067967089511,0.0010240679670895112,0.001024067967089511,0.0010240679670895112,0.001024067967089511,0.0010240679670895112,0.001024067967089511,0.001024067967089511,0.001024067967089511,0.001024067967089511,0.001024067967089511,0.0010240679670895105,0.001024067967089511,0.001024067967089511,0.001024067967089511,0.001024067967089511,0.001024067967089511,0.0010240679670895107,0.0010240679670895105,0.0010240679670895112,0.001024067967089511,0.001024067967089511,0.0010240679670895112,0.001024067967089511,0.0010240679670895112,0.001024067967089511,0.0010240679670895112,0.001024067967089511,0.001024067967089511,0.001024067967089511,0.001024067967089511,0.001024067967089511,0.0010240679670895112,0.0010240679670895112,0.001024067967089511,0.001024067967089511,0.001024067967089511,0.0010240679670895112,0.0010240679670895112,0.0010240679670895112,0.001024067967089511,0.0010240679670895114,0.0010240679670895112,0.001024067967089511,0.0010240679670895107,0.001024067967089511,0.0010240679670895112,0.001024067967089511,0.001024067967089511,0.001024067967089511,0.001024067967089511,0.001024067967089511,0.001024067967089511,0.001024067967089511,0.001024067967089511,0.001024067967089511,0.001024067967089511,0.001024067967089511,0.001024067967089511,0.001024067967089511,0.001024067967089511,0.001024067967089511,0.001024067967089511,0.001024067967089511,0.001024067967089511,0.001024067967089511,0.0010240679670895105,0.001024067967089511,0.001024067967089511,0.001024067967089511,0.0010240679670895105,0.001024067967089511,0.0010240679670895107,0.001024067967089511,0.0010240679670895112,0.0010240679670895105,0.001024067967089511,0.001024067967089511,0.001024067967089511,0.001024067967089511,0.0010240679670895107,0.0010240679670895105,0.001024067967089511,0.0010240679670895107,0.0010240679670895107,0.0010240679670895107,0.0010240679670895105,0.001024067967089511,0.0010240679670895103,0.0010240679670895105,0.0010240679670895105,0.0010240679670895107,0.0010240679670895105,0.0010240679670895105,0.0010240679670895105,0.0010240679670895103,0.0010240679670895103,0.0010240679670895105,0.0010240679670895105,0.0010240679670895105,0.0010240679670895105,0.0010240679670895105,0.0010240679670895103,0.0010240679670895105,0.0010240679670895105,0.0010240679670895105,0.0010240679670895105,0.0010240679670895105,0.0010240679670895107,0.0010240679670895107,0.0010240679670895107,0.0010240679670895105,0.001024067967089511,0.0010240679670895105,0.0010240679670895107,0.0010240679670895107,0.0010240679670895105,0.0010240679670895107,0.0010240679670895105,0.0010240679670895105,0.0010240679670895105,0.0010240679670895105,0.001024067967089511,0.0010240679670895107,0.0010240679670895105,0.0010240679670895107,0.0010240679670895107,0.0010240679670895107,0.0010240679670895105,0.0010240679670895103,0.0010240679670895103,0.0010240679670895105,0.0010240679670895105,0.0010240679670895105,0.0010240679670895105,0.0010240679670895105,0.0010240679670895105,0.0010240679670895103,0.0010240679670895099,0.0010240679670895105,0.0010240679670895105,0.0010240679670895105,0.0010240679670895107,0.0010240679670895103,0.00102406796708951,0.00102406796708951,0.00102406796708951,0.0010240679670895105,0.0010240679670895105,0.0010240679670895105,0.0010240679670895105,0.0010240679670895105,0.0010240679670895107,0.0010240679670895105,0.0010240679670895105,0.0010240679670895105,0.0010240679670895105,0.0010240679670895105,0.001024067967089511,0.0010240679670895105,0.001024067967089511,0.001024067967089511,0.0010240679670895112,0.001024067967089511,0.001024067967089511,0.0010240679670895107,0.0010240679670895112,0.0010240679670895112,0.0010240679670895112,0.001024067967089511,0.001024067967089511,0.001024067967089511,0.0010240679670895105,0.0010240679670895107,0.001024067967089511,0.0010240679670895112,0.0010240679670895105,0.001024067967089511,0.0010240679670895112,0.001024067967089511,0.0010240679670895107,0.0010240679670895107,0.001024067967089511,0.0010240679670895105,0.001024067967089511,0.001024067967089511,0.001024067967089511,0.0010240679670895112,0.0010240679670895114,0.0010240679670895114,0.0010240679670895114,0.0010240679670895112,0.0010240679670895116,0.0010240679670895116,0.0010240679670895112,0.0010240679670895112,0.001024067967089511,0.001024067967089511,0.001024067967089511,0.001024067967089511,0.001024067967089511,0.0010240679670895116,0.0010240679670895112,0.0010240679670895114,0.001024067967089511,0.001024067967089511,0.0010240679670895114,0.001024067967089511,0.0010240679670895114,0.0010240679670895116,0.0010240679670895116,0.0010240679670895116,0.001024067967089511,0.001024067967089511,0.001024067967089511,0.001024067967089511,0.001024067967089511,0.0010240679670895112,0.0010240679670895112,0.0010240679670895116,0.0010240679670895112,0.0010240679670895114,0.0010240679670895114,0.001024067967089511,0.0010240679670895112,0.0010240679670895116,0.0010240679670895112,0.001024067967089511,0.0010240679670895114,0.001024067967089511,0.001024067967089511,0.0010240679670895112,0.0010240679670895112,0.0010240679670895112,0.001024067967089511,0.0010240679670895112,0.0010240679670895112,0.001024067967089511,0.001024067967089511,0.0010240679670895107,0.001024067967089511,0.001024067967089511,0.0010240679670895112,0.0010240679670895112,0.001024067967089511,0.001024067967089511,0.001024067967089511,0.0010240679670895112,0.001024067967089511,0.0010240679670895114,0.0010240679670895112,0.001024067967089511,0.0010240679670895112,0.0010240679670895112,0.0010240679670895112,0.001024067967089511,0.0010240679670895114,0.0010240679670895112,0.001024067967089511,0.001024067967089511,0.0010240679670895112,0.001024067967089511,0.001024067967089511,0.001024067967089511,0.0010240679670895112,0.0010240679670895107,0.0010240679670895112,0.0010240679670895112,0.0010240679670895112,0.0010240679670895112,0.0010240679670895112,0.0010240679670895112,0.0010240679670895112,0.001024067967089511,0.0010240679670895112,0.001024067967089511,0.0010240679670895112,0.0010240679670895112,0.0010240679670895112,0.001024067967089511,0.0010240679670895112,0.001024067967089511,0.0010240679670895114,0.001024067967089511,0.001024067967089511,0.0010240679670895112,0.0010240679670895112,0.001024067967089511,0.001024067967089511,0.0010240679670895112,0.0010240679670895112,0.001024067967089511,0.001024067967089511,0.001024067967089511,0.0010240679670895107,0.0010240679670895107,0.001024067967089511,0.001024067967089511,0.001024067967089511,0.0010240679670895107,0.0010240679670895107,0.001024067967089511,0.001024067967089511,0.001024067967089511,0.0010240679670895112,0.001024067967089511,0.001024067967089511,0.001024067967089511,0.0010240679670895105,0.001024067967089511,0.001024067967089511,0.001024067967089511,0.0010240679670895107,0.0010240679670895107,0.001024067967089511,0.0010240679670895107,0.001024067967089511,0.0010240679670895112,0.0010240679670895112,0.001024067967089511,0.0010240679670895112,0.0010240679670895112,0.0010240679670895107,0.0010240679670895112,0.001024067967089511,0.001024067967089511,0.001024067967089511,0.001024067967089511,0.0010240679670895112,0.0010240679670895107,0.0010240679670895107,0.001024067967089511,0.001024067967089511,0.0010240679670895105,0.0010240679670895105,0.0010240679670895107,0.0010240679670895105,0.0010240679670895107,0.0010240679670895107,0.0010240679670895105,0.0010240679670895105,0.0010240679670895107,0.0010240679670895107,0.0010240679670895107,0.001024067967089511,0.001024067967089511,0.0010240679670895105,0.0010240679670895105,0.0010240679670895103,0.0010240679670895107,0.0010240679670895107,0.0010240679670895105,0.0010240679670895107,0.0010240679670895107,0.0010240679670895107,0.0010240679670895105,0.0010240679670895107,0.0010240679670895107,0.001024067967089511,0.0010240679670895105,0.0010240679670895105,0.0010240679670895107,0.0010240679670895107,0.0010240679670895105,0.001024067967089511,0.001024067967089511,0.0010240679670895105,0.0010240679670895105,0.001024067967089511,0.0010240679670895107,0.0010240679670895107,0.0010240679670895105,0.0010240679670895107,0.001024067967089511,0.001024067967089511,0.001024067967089511,0.0010240679670895107,0.0010240679670895107,0.001024067967089511,0.001024067967089511,0.0010240679670895107,0.0010240679670895107,0.0010240679670895105,0.001024067967089511,0.0010240679670895107,0.001024067967089511,0.0010240679670895107,0.0010240679670895105,0.0010240679670895105,0.0010240679670895107,0.0010240679670895107,0.0010240679670895107,0.0010240679670895105,0.0010240679670895107,0.0010240679670895107,0.0010240679670895105,0.0010240679670895103,0.0010240679670895105,0.0010240679670895107,0.0010240679670895107,0.0010240679670895107,0.0010240679670895107,0.0010240679670895107,0.0010240679670895105,0.0010240679670895105,0.0010240679670895112,0.0010240679670895107,0.0010240679670895105,0.0010240679670895107,0.0010240679670895107,0.0010240679670895107,0.001024067967089511,0.001024067967089511,0.001024067967089511,0.0010240679670895105,0.0010240679670895103,0.0010240679670895103,0.00102406796708951,0.0010240679670895105,0.0010240679670895105,0.00102406796708951,0.00102406796708951,0.0010240679670895103,0.0010240679670895103,0.00102406796708951,0.00102406796708951,0.0010240679670895103,0.00102406796708951,0.0010240679670895099,0.00102406796708951,0.00102406796708951,0.00102406796708951,0.0010240679670895099,0.0010240679670895099,0.0010240679670895103,0.00102406796708951,0.0010240679670895105,0.00102406796708951,0.00102406796708951,0.0010240679670895103,0.0010240679670895103,0.00102406796708951,0.0010240679670895103,0.0010240679670895103,0.00102406796708951,0.00102406796708951,0.00102406796708951,0.00102406796708951,0.00102406796708951,0.0010240679670895103,0.0010240679670895103,0.00102406796708951,0.0010240679670895099,0.00102406796708951,0.00102406796708951,0.00102406796708951,0.0010240679670895099,0.00102406796708951,0.00102406796708951,0.0010240679670895103,0.0010240679670895103,0.00102406796708951,0.00102406796708951,0.00102406796708951,0.0010240679670895105,0.0010240679670895103,0.0010240679670895107,0.00102406796708951,0.00102406796708951,0.00102406796708951,0.0010240679670895099,0.0010240679670895099,0.0010240679670895103,0.0010240679670895103,0.0010240679670895103,0.0010240679670895103,0.00102406796708951,0.0010240679670895099,0.0010240679670895099,0.0010240679670895103,0.0010240679670895103,0.0010240679670895105,0.0010240679670895105,0.0010240679670895103,0.00102406796708951,0.0010240679670895103,0.0010240679670895105,0.0010240679670895103,0.0010240679670895103,0.0010240679670895103,0.0010240679670895103,0.00102406796708951,0.0010240679670895099,0.0010240679670895103,0.00102406796708951,0.0010240679670895099,0.0010240679670895099,0.00102406796708951,0.00102406796708951,0.0010240679670895099,0.00102406796708951,0.00102406796708951,0.00102406796708951,0.00102406796708951,0.00102406796708951,0.00102406796708951,0.0010240679670895103,0.00102406796708951,0.00102406796708951,0.0010240679670895103,0.0010240679670895099,0.0010240679670895099,0.0010240679670895099,0.0010240679670895103,0.0010240679670895103,0.00102406796708951,0.0010240679670895099,0.00102406796708951,0.00102406796708951,0.00102406796708951,0.00102406796708951
6,3.093356029020023e-41,1.1396597532792643e-40,2.6267661257381506e-40,4.857393445606237e-40,7.88692891464806e-40,1.1750739352432496e-39,1.6471407772105537e-39,2.2063354255261266e-39,2.8535786552437846e-39,3.589458414977839e-39,4.4143501314644116e-39,5.3284935284322836e-39,6.332041678267477e-39,7.425092323296788e-39,8.607707875578947e-39,9.879928187500043e-39,1.1241778706269103e-38,1.2693275680861303e-38,1.4234429486843472e-38,1.5865246749394755e-38,1.758573169893483e-38,1.939588703674176e-38,2.1295714487680627e-38,2.3285215153140964e-38,2.53643897364002e-38,2.753323868652708e-38,2.9791762290268087e-38,3.213996073072156e-38,3.457783412480234e-38,3.7105382547164977e-38,3.9722606045479215e-38,4.242950465018386e-38,4.5226078380715106e-38,4.81123272494838e-38,5.108825126441458e-38,5.415385043056782e-38,5.730912475117453e-38,6.055407422829797e-38,6.388869886325549e-38,6.731299865688836e-38,7.082697360973395e-38,7.443062372213498e-38,7.812394899431057e-38,8.190694942640063e-38,8.57796250184944e-38,8.974197577064886e-38,9.379400168290075e-38,9.793570275527278e-38,1.021670789877799e-37,1.0648813038043171e-37,1.1089885693323415e-37,1.1539925864619117e-37,1.1998933551930536e-37,1.2466908755257816e-37,1.2943851474601086e-37,1.342976170996038e-37,1.3924639461335759e-37,1.4428484728727257e-37,1.494129751213484e-37,1.5463077811558558e-37,1.5993825626998418e-37,1.65335409584544e-37,1.7082223805926538e-37,1.7639874169414823e-37,1.8206492048919238e-37,1.87820774444398e-37,1.93666303559765e-37,1.996015078352934e-37,2.056263872709832e-37,2.117409418668344e-37,2.1794517162284716e-37,2.242390765390213e-37,2.306226566153566e-37,2.3709591185185367e-37,2.4365884224851226e-37,2.503114478053323e-37,2.5705372852231365e-37,2.638856843994564e-37,2.7080731543676076e-37,2.778186216342267e-37,2.8491960299185404e-37,2.921102595096428e-37,2.993905911875931e-37,3.0676059802570483e-37,3.1422028002397837e-37,3.21769637182413e-37,3.2940866950100897e-37,3.3713737697976627e-37,3.4495575961868524e-37,3.5286381741776536e-37,3.608615503770072e-37,3.6894895849641032e-37,3.77126041775975e-37,3.853928002157011e-37,3.937492338155888e-37,4.02195342575638e-37,4.107311264958485e-37,4.193565855762204e-37,4.28071719816754e-37,4.3687652921744884e-37,4.457710137783053e-37,4.547551734993232e-37,4.638290083805027e-37,4.729925184218439e-37,4.822457036233465e-37,4.915885639850108e-37,5.010210995068361e-37,5.105433101888228e-37,5.201551960309707e-37,5.298567570332799e-37,5.396479931957505e-37,5.495289045183828e-37,5.594994910011765e-37,5.695597526441317e-37,5.797096894472484e-37,5.899493014105267e-37,6.002785885339663e-37,6.106975508175678e-37,6.212061882613303e-37,6.31804500865254e-37,6.424924886293395e-37,6.532701515535866e-37,6.641374896379947e-37,6.750945028825641e-37,6.861411912872953e-37,6.97277554852188e-37,7.085035935772422e-37,7.198193074624576e-37,7.312246965078345e-37,7.42719760713373e-37,7.543045000790731e-37,7.659789146049346e-37,7.777430042909575e-37,7.89596769137142e-37,8.015402091434878e-37,8.13573324309995e-37,8.256961146366634e-37,8.379085801234936e-37,8.50210720770485e-37,8.626025365776375e-37,8.750840275449512e-37,8.87655193672427e-37,9.003160349600645e-37,9.130665514078635e-37,9.259067430158237e-37,9.388366097839454e-37,9.518561517122287e-37,9.649653688006736e-37,9.781642610492802e-37,9.914528284580477e-37,1.004831071026977e-36,1.0182989887560674e-36,1.0318565816453197e-36,1.0455038496947335e-36,1.0592407929043082e-36,1.0730674112740442e-36,1.0869837048039417e-36,1.1009896734940012e-36,1.1150853173442224e-36,1.129270636354605e-36,1.1435456305251495e-36,1.1579102998558544e-36,1.1723646443467207e-36,1.1869086639977484e-36,1.2015423588089377e-36,1.2162657287802886e-36,1.2310787739118007e-36,1.2459814942034748e-36,1.2609738896553097e-36,1.2760559602673069e-36,1.2912277060394651e-36,1.306489126971785e-36,1.3218402230642659e-36,1.337280994316909e-36,1.352811440729713e-36,1.3684315623026784e-36,1.3841413590358054e-36,1.3999408309290938e-36,1.4158299779825438e-36,1.431808800196155e-36,1.4478772975699278e-36,1.4640354701038617e-36,1.4802833177979575e-36,1.4966208406522156e-36,1.513048038666634e-36,1.5295649118412134e-36,1.5461714601759547e-36,1.5628676836708574e-36,1.579653582325922e-36,1.5965291561411476e-36,1.6134944051165352e-36,1.630549329252084e-36,1.6476939285477943e-36,1.6649282030036664e-36,1.6822521526197003e-36,1.699665777395895e-36,1.717169077332252e-36,1.7347620524287694e-36,1.7524447026854482e-36,1.7702170281022878e-36,1.7880790286792884e-36,1.8060307044164512e-36,1.8240720553137746e-36,1.8422030813712595e-36,1.860423782588906e-36,1.8787341589667142e-36,1.897134210504684e-36,1.915623937202815e-36,1.934203339061108e-36,1.9528724160795624e-36,1.9716311682581778e-36,1.990479595596955e-36,2.0094176980958938e-36,2.0284454757549934e-36,2.0475629285742548e-36,2.066770056553678e-36,2.0860668596932628e-36,2.105453337993009e-36,2.1249294914529164e-36,2.1444953200729854e-36,2.1641508238532156e-36,2.183896002793607e-36,2.20373085689416e-36,2.2236553861548745e-36,2.243669590575751e-36,2.2637734701567888e-36,2.2839670248979887e-36,2.3042502547993498e-36,2.3246231598608722e-36,2.3450857400825563e-36,2.3656379954644012e-36,2.3862799260064085e-36,2.4070115317085766e-36,2.427832812570906e-36,2.4487437685933972e-36,2.4697443997760502e-36,2.4908347061188655e-36,2.5120146876218413e-36,2.5332843442849784e-36,2.554643676108276e-36,2.5760926830917353e-36,2.597631365235356e-36,2.6192597225391385e-36,2.640977755003083e-36,2.6627854626271886e-36,2.684682845411457e-36,2.7066699033558874e-36,2.7287466364604776e-36,2.750913044725229e-36,2.773169128150141e-36,2.795514886735216e-36,2.8179503204804517e-36,2.840475429385849e-36,2.8630902134514095e-36,2.8857946726771305e-36,2.9085888070630126e-36,2.9314726166090575e-36,2.9544461013152617e-36,2.977509261181628e-36,3.000662096208156e-36,3.023904606394845e-36,3.0472367917416945e-36,3.0706586522487064e-36,3.09417018791588e-36,3.117771398743215e-36,3.1414622847307114e-36,3.165242845878369e-36,3.189113082186188e-36,3.2130729936541694e-36,3.2371225802823115e-36,3.261261842070615e-36,3.28549077901908e-36,3.3098093911277064e-36,3.3342176783964935e-36,3.3587156408254424e-36,3.383303278414553e-36,3.407980591163824e-36,3.4327475790732574e-36,3.457604242142852e-36,3.482550580372607e-36,3.507586593762524e-36,3.532712282312603e-36,3.5579276460228425e-36,3.5832326848932444e-36,3.608627398923807e-36,3.6341117881145326e-36,3.6596858524654184e-36,3.6853495919764665e-36,3.711103006647675e-36,3.7369460964790454e-36,3.762878861470577e-36,3.78890130162227e-36,3.815013416934125e-36,3.8412152074061414e-36,3.867506673038319e-36,3.89388781383066e-36,3.9203586297831616e-36,3.946919120895824e-36,3.9735692871686525e-36,4.0003091286016376e-36,4.0271386451947844e-36,4.0540578369480956e-36,4.0810667038615645e-36,4.108165245935196e-36,4.135353463168989e-36,4.1626313555629424e-36,4.1899989231170583e-36,4.217456165831336e-36,4.245003083705775e-36,4.2726396767403745e-36,4.3003659449351374e-36,4.328181888290061e-36,4.3560875068051444e-36,4.38408280048039e-36,4.412167769315797e-36,4.440342413311365e-36,4.468606732467095e-36,4.496960726782986e-36,4.52540439625904e-36,4.5539377408952536e-36,4.5825607606916305e-36,4.6112734556481666e-36,4.6400758257648657e-36,4.668967871041726e-36,4.697949591478747e-36,4.7270209870759314e-36,4.756182057833278e-36,4.7854328037507846e-36,4.814773224828453e-36,4.844203321066283e-36,4.873723092464278e-36,4.903332539022432e-36,4.9330316607407465e-36,4.9628204576192234e-36,4.992698929657862e-36,5.0226670768566605e-36,5.0527248992156206e-36,5.082872396734742e-36,5.113109569414027e-36,5.14343641725347e-36,5.1738529402530766e-36,5.204359138412844e-36,5.2349550117327734e-36,5.2656405602128624e-36,5.2964157838531145e-36,5.3272806826535277e-36,5.358235256614104e-36,5.3892795057348385e-36,5.4204134300157376e-36,5.451637029456797e-36,5.482950304058019e-36,5.514353253819402e-36,5.545845878740946e-36,5.5774281788226516e-36,5.6091001540645184e-36,5.640861804466546e-36,5.672713130028735e-36,5.704654130751087e-36,5.7366848066335985e-36,5.768805157676271e-36,5.8010151838791066e-36,5.833314885242103e-36,5.8657042617652604e-36,5.89818331344858e-36,5.9307520402920604e-36,5.9634104422957044e-36,5.996158519459508e-36,6.028996271783476e-36,6.061923699267604e-36,6.09494080191189e-36,6.128047579716338e-36,6.161244032680948e-36,6.194530160805718e-36,6.227905964090649e-36,6.261371442535743e-36,6.294926596140999e-36,6.328571424906415e-36,6.362305928831991e-36,6.396130107917729e-36,6.430043962163633e-36,6.464047491569694e-36,6.498140696135918e-36,6.532323575862304e-36,6.56659613074885e-36,6.600958360795559e-36,6.635410266002429e-36,6.669951846369461e-36,6.704583101896654e-36,6.73930403258401e-36,6.774114638431524e-36,6.8090149194392e-36,6.844004875607038e-36,6.879084506935041e-36,6.914253813423203e-36,6.949512795071527e-36,6.984861451880014e-36,7.020299783848661e-36,7.055827790977469e-36,7.091445473266438e-36,7.127152830715568e-36,7.16294986332486e-36,7.198836571094313e-36,7.234812954023926e-36,7.270879012113704e-36,7.30703474536364e-36,7.34328015377374e-36,7.379615237344001e-36,7.416039996074422e-36,7.452554429965005e-36,7.489158539015751e-36,7.525852323226658e-36,7.562635782597724e-36,7.599508917128954e-36,7.636471726820345e-36,7.673524211671895e-36,7.710666371683608e-36,7.747898206855486e-36,7.785219717187522e-36,7.822630902679718e-36,7.860131763332078e-36,7.8977222991446e-36,7.935402510117282e-36,7.973172396250124e-36,8.011031957543131e-36,8.048981193996297e-36,8.087020105609629e-36,8.125148692383119e-36,8.163366954316774e-36,8.201674891410592e-36,8.240072503664566e-36,8.278559791078702e-36,8.317136753652999e-36,8.355803391387458e-36,8.394559704282078e-36,8.433405692336858e-36,8.472341355551804e-36,8.511366693926907e-36,8.550481707462173e-36,8.589686396157605e-36,8.628980760013192e-36,8.668364799028942e-36,8.707838513204853e-36,8.747401902540928e-36,8.787054967037159e-36,8.826797706693555e-36,8.866630121510113e-36,8.906552211486832e-36,8.946563976623713e-36,8.986665416920753e-36,9.026856532377956e-36,9.06713732299532e-36,9.107507788772848e-36,9.147967929710532e-36,9.18851774580838e-36,9.229157237066387e-36,9.269886403484559e-36,9.310705245062896e-36,9.351613761801392e-36,9.392611953700052e-36,9.433699820758874e-36,9.474877362977855e-36,9.516144580356997e-36,9.557501472896303e-36,9.598948040595767e-36,9.640484283455391e-36,9.682110201475178e-36,9.723825794655125e-36,9.765631062995234e-36,9.807526006495505e-36,9.849510625155938e-36,9.891584918976533e-36,9.933748887957287e-36,9.976002532098206e-36,1.0018345851399286e-35,1.0060778845860524e-35,1.0103301515481927e-35,1.0145913860263489e-35,1.0188615880205218e-35,1.02314075753071e-35,1.0274288945569149e-35,1.0317259990991357e-35,1.0360320711573731e-35,1.0403471107316264e-35,1.0446711178218958e-35,1.0490040924281816e-35,1.0533460345504833e-35,1.0576969441888012e-35,1.062056821343135e-35,1.0664256660134852e-35,1.0708034781998515e-35,1.0751902579022341e-35,1.0795860051206324e-35,1.0839907198550474e-35,1.0884044021054781e-35,1.0928270518719255e-35,1.0972586691543886e-35,1.101699253952868e-35,1.1061488062673634e-35,1.110607326097875e-35,1.1150748134444029e-35,1.1195512683069464e-35,1.1240366906855067e-35,1.128531080580083e-35,1.1330344379906759e-35,1.1375467629172843e-35,1.142068055359909e-35,1.1465983153185497e-35,1.1511375427932065e-35,1.1556857377838796e-35,1.1602429002905683e-35,1.1648090303132736e-35,1.1693841278519951e-35,1.1739681929067322e-35,1.178561225477486e-35,1.183163225564256e-35,1.1877741931670419e-35,1.192394128285844e-35,1.1970230309206623e-35,1.2016609010714965e-35,1.206307738738347e-35,1.2109635439212138e-35,1.2156283166200974e-35,1.2203020568349963e-35,1.2249847645659112e-35,1.2296764398128424e-35,1.2343770825757894e-35,1.2390866928547524e-35,1.2438052706497323e-35,1.2485328159607282e-35,1.2532693287877402e-35,1.2580148091307684e-35,1.262769256989813e-35,1.267532672364873e-35,1.2723050552559495e-35,1.2770864056630424e-35,1.2818767235861512e-35,1.2866760090252765e-35,1.2914842619804176e-35,1.296301482451575e-35,1.3011276704387484e-35,1.3059628259419379e-35,1.3108069489611436e-35,1.3156600394963657e-35,1.3205220975476039e-35,1.3253931231148575e-35,1.330273116198128e-35,1.3351620767974142e-35,1.3400600049127168e-35,1.3449669005440354e-35,1.34988276369137e-35,1.3548075943547207e-35,1.359741392534088e-35,1.3646841582294712e-35,1.3696358914408706e-35,1.374596592168286e-35,1.3795662604117176e-35,1.3845448961711656e-35,1.38953249944663e-35,1.3945290702381105e-35,1.3995346085456064e-35,1.4045491143691188e-35,1.4095725877086475e-35,1.4146050285641923e-35,1.4196464369357534e-35,1.4246968128233302e-35,1.4297561562269234e-35,1.4348244671465334e-35,1.4399017455821589e-35,1.4449879915338004e-35,1.4500832050014577e-35,1.4551873859851322e-35,1.4603005344848224e-35,1.4654226505005286e-35,1.470553734032251e-35,1.4756937850799892e-35,1.480842803643744e-35,1.4860007897235148e-35,1.4911677433193018e-35,1.496343664431105e-35,1.5015285530589239e-35,1.5067224092027592e-35,1.5119252328626106e-35,1.5171370240384784e-35,1.5223577827303624e-35,1.5275875089382622e-35,1.5328262026621786e-35,1.5380738639021112e-35,1.5433304926580592e-35,1.5485960889300237e-35,1.5538706527180042e-35,1.5591541840220005e-35,1.5644466828420134e-35,1.5697481491780428e-35,1.5750585830300878e-35,1.5803779843981494e-35,1.5857063532822267e-35,1.5910436896823203e-35,1.59638999359843e-35,1.6017452650305562e-35,1.6071095039786982e-35,1.6124827104428568e-35,1.617864884423031e-35,1.6232560259192215e-35,1.6286561349314285e-35,1.6340652114596513e-35,1.63948325550389e-35,1.6449102670641452e-35,1.6503462461404166e-35,1.6557911927327037e-35,1.6612451068410075e-35,1.6667079884653276e-35,1.6721798376056634e-35,1.6776606542620153e-35,1.683150438434383e-35,1.6886491901227674e-35,1.6941569093271677e-35,1.6996735960475842e-35,1.7051992502840166e-35,1.7107338720364658e-35,1.716277461304931e-35,1.7218300180894115e-35,1.727391542389909e-35,1.732962034206422e-35,1.7385414935389518e-35,1.7441299203874977e-35,1.7497273147520598e-35,1.7553336766326378e-35,1.7609490060292324e-35,1.7665733029418423e-35,1.7722065673704687e-35,1.7778487993151115e-35,1.7834999987757702e-35,1.789160165752445e-35,1.7948293002451362e-35,1.8005074022538436e-35,1.8061944717785669e-35,1.8118905088193064e-35,1.817595513376062e-35,1.8233094854488335e-35,1.8290324250376215e-35,1.8347643321424254e-35,1.8405052067632457e-35,1.8462550489000822e-35,1.8520138585529343e-35,1.8577816357218027e-35,1.8635583804066876e-35,1.8693440926075886e-35,1.8751387723245054e-35,1.8809424195574387e-35,1.8867550343063879e-35,1.8925766165713536e-35,1.8984071663523353e-35,1.904246683649333e-35,1.910095168462347e-35,1.915952620791377e-35,1.9218190406364232e-35,1.9276944279974856e-35,1.9335787828745644e-35,1.939472105267659e-35,1.9453743951767706e-35,1.951285652601898e-35,1.9572058775430415e-35,1.9631350700002008e-35,1.9690732299733763e-35,1.9750203574625682e-35,1.9809764524677758e-35,1.9869415149889998e-35,1.9929155450262398e-35,1.9988985425794958e-35,2.004890507648768e-35,2.0108914402340568e-35,2.016901340335361e-35,2.022920207952681e-35,2.028948043086018e-35,2.034984845735371e-35,2.04103061590074e-35,2.0470853535821257e-35,2.0531490587795275e-35,2.0592217314929455e-35,2.0653033717223793e-35,2.0713939794678297e-35,2.077493554729295e-35,2.0836020975067775e-35,2.0897196078002763e-35,2.0958460856097908e-35,2.101981530935321e-35,2.108125943776868e-35,2.114279324134431e-35,2.1204416720080097e-35,2.126612987397605e-35,2.1327932703032168e-35,2.1389825207248442e-35,2.145180738662488e-35,2.1513879241161476e-35,2.157604077085823e-35,2.1638291975715151e-35,2.1700632855732232e-35,2.1763063410909474e-35,2.1825583641246884e-35,2.1888193546744449e-35,2.1950893127402177e-35,2.2013682383220068e-35,2.2076561314198117e-35,2.2139529920336326e-35,2.2202588201634703e-35,2.226573615809324e-35,2.2328973789711937e-35,2.2392301096490796e-35,2.245571807842982e-35,2.2519224735529003e-35,2.258282106778835e-35,2.2646507075207854e-35,2.2710282757787515e-35,2.2774148115527342e-35,2.2838103148427337e-35,2.2902147856487484e-35,2.2966282239707795e-35,2.3030506298088266e-35,2.3094820031628905e-35,2.3159223440329697e-35,2.322371652419065e-35,2.3288299283211761e-35,2.335297171739304e-35,2.3417733826734478e-35,2.3482585611236077e-35,2.354752707089784e-35,2.3612558205719762e-35,2.3677679015701845e-35,2.3742889500844097e-35,2.3808189661146506e-35,2.387357949660907e-35,2.3939059007231803e-35,2.4004628193014698e-35,2.4070287053957763e-35,2.4136035590060976e-35,2.420187380132435e-35,2.4267801687747893e-35,2.4333819249331594e-35,2.4399926486075457e-35,2.4466123397979484e-35,2.4532409985043673e-35,2.459878624726802e-35,2.466525218465253e-35,2.47318077971972e-35,2.4798453084902036e-35,2.486518804776703e-35,2.493201268579218e-35,2.4998926998977503e-35,2.5065930987322987e-35,2.513302465082863e-35,2.5200207989494427e-35,2.526748100332039e-35,2.5334843692306514e-35,2.54022960564528e-35,2.5469838095759243e-35,2.553746981022586e-35,2.5605191199852625e-35,2.5673002264639555e-35,2.574090300458665e-35,2.5808893419693904e-35,2.587697350996132e-35,2.59451432753889e-35,2.6013402715976634e-35,2.6081751831724537e-35,2.615019062263259e-35,2.621871908870082e-35,2.6287337229929203e-35,2.635604504631775e-35,2.642484253786645e-35,2.6493729704575316e-35,2.6562706546444344e-35,2.663177306347353e-35,2.6700929255662885e-35,2.67701751230124e-35,2.683951066552207e-35,2.69089358831919e-35,2.69784507760219e-35,2.7048055344012057e-35,2.711774958716238e-35,2.7187533505472854e-35,2.7257407098943503e-35,2.732737036757431e-35,2.739742331136528e-35,2.746756593031641e-35,2.75377982244277e-35,2.760812019369915e-35,2.7678531838130766e-35,2.7749033157722535e-35,2.781962415247447e-35,2.7890304822386567e-35,2.7961075167458825e-35,2.803193518769124e-35,2.810288488308382e-35,2.8173924253636567e-35,2.8245053299349467e-35,2.8316272020222535e-35,2.8387580416255766e-35,2.845897848744915e-35,2.8530466233802707e-35,2.8602043655316417e-35,2.8673710751990295e-35,2.874546752382433e-35,2.881731397081853e-35,2.8889250092972886e-35,2.896127589028741e-35,2.90333913627621e-35,2.9105596510396945e-35,2.9177891333191954e-35,2.925027583114712e-35,2.932275000426245e-35,2.939531385253794e-35,2.946796737597359e-35,2.9540710574569403e-35,2.961354344832537e-35,2.968646599724151e-35,2.9759478221317806e-35,2.983258012055426e-35,2.990577169495088e-35,2.997905294450765e-35,3.005242386922459e-35,3.01258844691017e-35,3.0199434744138963e-35,3.0273074694336386e-35,3.034680431969398e-35,3.0420623620211727e-35,3.049453259588964e-35,3.056853124672771e-35,3.064261957272594e-35,3.071679757388433e-35,3.0791065250202887e-35,3.0865422601681593e-35,3.093986962832048e-35,3.1014406330119517e-35,3.1089032707078723e-35,3.116374875919809e-35,3.1238554486477614e-35,3.13134498889173e-35,3.1388434966517147e-35,3.146350971927715e-35,3.1538674147197326e-35,3.1613928250277653e-35,3.168927202851814e-35,3.1764705481918795e-35,3.184022861047961e-35,3.191584141420058e-35,3.199154389308172e-35,3.206733604712302e-35,3.214321787632448e-35,3.2219189380686103e-35,3.229525056020788e-35,3.237140141488983e-35,3.244764194473194e-35,3.2523972149734205e-35,3.260039202989664e-35,3.2676901585219234e-35,3.275350081570199e-35,3.283018972134491e-35,3.2906968302147977e-35,3.2983836558111217e-35,3.306079448923461e-35,3.313784209551817e-35,3.321497937696189e-35,3.329220633356577e-35,3.3369522965329823e-35,3.344692927225403e-35,3.3524425254338397e-35,3.360201091158293e-35,3.3679686243987613e-35,3.3757451251552474e-35,3.383530593427748e-35,3.391325029216266e-35,3.399128432520799e-35,3.4069408033413493e-35,3.414762141677915e-35,3.422592447530496e-35,3.4304317208990946e-35,3.4382799617837095e-35,3.4461371701843397e-35,3.4540033461009856e-35,3.461878489533649e-35,3.4697626004823274e-35,3.4776556789470223e-35,3.485557724927734e-35,3.493468738424462e-35,3.501388719437205e-35,3.509317667965965e-35,3.5172555840107406e-35,3.525202467571533e-35,3.5331583186483407e-35,3.541123137241166e-35,3.549096923350006e-35,3.5570796769748624e-35,3.5650713981157355e-35,3.5730720867726245e-35,3.5810817429455303e-35,3.5891003666344513e-35,3.5971279578393886e-35,3.6051645165603417e-35,3.613210042797311e-35,3.621264536550297e-35,3.629327997819299e-35,3.637400426604316e-35,3.645481822905351e-35,3.6535721867224023e-35,3.6616715180554685e-35,3.669779816904551e-35,3.677897083269649e-35,3.6860233171507643e-35,3.694158518547896e-35,3.702302687461042e-35,3.7104558238902064e-35,3.718617927835385e-35,3.726788999296581e-35,3.734969038273792e-35,3.74315804476702e-35,3.751356018776263e-35,3.7595629603015235e-35,3.7677788693427996e-35,3.7760037459000924e-35,3.784237589973401e-35,3.7924804015627256e-35,3.800732180668067e-35,3.808992927289423e-35,3.8172626414267967e-35,3.8255413230801853e-35,3.833828972249592e-35,3.8421255889350136e-35,3.850431173136451e-35,3.8587457248539055e-35,3.867069244087375e-35,3.8754017308368616e-35,3.883743185102364e-35,3.8920936068838823e-35,3.900452996181417e-35,3.908821352994968e-35,3.9171986773245347e-35,3.925584969170118e-35,3.9339802285317164e-35,3.942384455409332e-35,3.950797649802964e-35,3.959219811712612e-35,3.967650941138275e-35,3.9760910380799544e-35,3.9845401025376507e-35,3.9929981345113633e-35,4.0014651340010907e-35,4.009941101006836e-35,4.0184260355285974e-35,4.0269199375663753e-35,4.035422807120168e-35,4.0439346441899767e-35,4.052455448775801e-35,4.060985220877643e-35,4.0695239604955e-35,4.0780716676293736e-35,4.0866283422792635e-35,4.095193984445169e-35,4.1037685941270916e-35,4.1123521713250304e-35,4.1209447160389855e-35,4.1295462282689575e-35,4.1381567080149436e-35,4.1467761552769466e-35,4.1554045700549653e-35,4.164041952349e-35,4.172688302159051e-35,4.181343619485118e-35,4.1900079043272006e-35,4.1986811566853e-35,4.207363376559416e-35,4.216054563949548e-35,4.224754718855696e-35,4.23346384127786e-35,4.2421819312160415e-35,4.250908988670239e-35,4.259645013640451e-35,4.26839000612668e-35,4.277143966128926e-35,4.2859068936471877e-35,4.2946787886814657e-35,4.3034596512317595e-35,4.3122494812980697e-35,4.3210482788803956e-35,4.329856043978739e-35,4.338672776593097e-35,4.3474984767234717e-35,4.356333144369862e-35,4.3651767795322686e-35,4.3740293822106913e-35,4.382890952405129e-35,4.3917614901155845e-35,4.4006409953420556e-35,4.4095294680845435e-35,4.418426908343046e-35,4.427333316117566e-35,4.4362486914081003e-35,4.445173034214653e-35,4.4541063445372213e-35,4.4630486223758044e-35,4.471999867730403e-35,5.180535821757666e-06,1.0484453817309927e-05,1.5903967558160325e-05,2.1432440704689163e-05,2.7064230924593917e-05,3.279455634763161e-05,3.861938126627048e-05,4.453531829253922e-05,5.053954458739689e-05,5.6629730121979615e-05,6.280397622162895e-05,6.90607628954955e-05,7.539890367214285e-05,8.181750684865462e-05,8.831594222235359e-05,9.489381251155797e-05,0.00010155092879237019,0.00010828728937665702,0.00011510306164536976,0.0001219985664225718,0.00012897426453923916,0.000136030745287401,0.00014316871651105944,0.00015038899611741874,0.00015769250482474152,0.00016508025998987182,0.00017255337038197638,0.00018011303178840088,0.00018776052335539603,0.00019549720458042515,0.0002033245128851691,0.00021124396170852007,0.00021925713906745478,0.00022736570654142613,0.0002355713986432615,0.0002438760225432605,0.0002522814581202977,0.0002607896583162609,0.00026940264977498704,0.00027812253374950835,0.00028695148726464565,0.0002958917645243973,0.00030494569855599066,0.0003141157030845115,0.00032340427463402126,0.00033281399485259424,0.00034234753306067975,0.00035200764902357625,0.0003617971959501025,0.00037171912372131375,0.0003817764823542263,0.0003919724257067346,0.00040231021543173405,0.00041279322518927484,0.0004234249451272157,0.0004342089866420744,0.0004451490874335218,0.0004562491168669309,0.00046751308166044194,0.0004789451319143878,0.0004905495675027641,0.0005023308448479579,0.0005142935841028502,0.0005264425767651194,0.0005387827937518538,0.0005513193939650858,0.0005640577333807719,0.0005770033746973855,0.0005901620975828453,0.0006035399095623278,0.0006171430575933036,0.000630978040376996,0.0006450516214625543,0.0006593708432018185,0.0006739430416207946,0.0006887758622771855,0.0007038772771836066,0.0007192556028780425,0.0007349195197358604,0.000750878092623524,0.0007671407930051127,0.0007837175226224444,0.0008006186388824065,0.0008178549820975638,0.0008354379047411512,0.0008533793028934448,0.0008716916500749182,0.0008903880336819191,0.0009094821942626923,0.0009289885678973906,0.0009489223319740094,0.0009692994546832393,0.0009901367485922435,0.001011451928696138,0.0010332636753921107,0.0010555917028715605,0.0010784568334836744,0.001101881078688711,0.0011258877272930453,0.001150501441741923,0.001175748363340833,0.0012016562273845538,0.0012282544892962361,0.0012555744630194426,0.0012836494730666058,0.0013125150218114244,0.0013422089738230373,0.0013727717592816643,0.0014042465987930254,0.0014366797522382293,0.001470120794663883,0.0015046229226413335,0.0015402432950141303,0.0015770434125182773,0.0016150895414150251,0.0016544531870322306,0.0016952116239882208,0.0017374484908833456,0.0017812544584209166,0.0018267279812714747,0.001873976145559707,0.0019231156256514937,0.0019742737659827615,0.0020275898060225614,0.0020832162691302603,0.002141320539048489,0.002202086651079619,0.0022657173285579625,0.0023324362989775855,0.002402490927864716,0.0024761552118811314,0.0025537331751660816,0.002635562713725355,0.0027220199303987407,0.002813523995522364,0.0029105425527268794,0.0030135976606622456,0.003123272212928271,0.0032402167000804213,0.0033651560549223885,0.0034988961356986785,0.003642329127335442,0.003796436722776812,0.0039622894246441566,0.0041149784663378685,0.0043055723879593675,0.004511325140808952,0.0047334808641351055,0.004973202336463269,0.005231464965850491,0.005508913281864926,0.005805679767550492,0.0061211750867813065,0.006453872523471359,0.006801125597888129,0.007159070601442424,0.00752266671394289,0.007885908094637305,0.008242204795111181,0.00858488349321911,0.008907723328563587,0.009205432363728549,0.009473989496598084,0.009710814957534111,0.00991477259749063,0.010086036914591999,0.010225871387278894,0.01033636466266629,0.010420162747707445,0.010480223843136002,0.010519611388030769,0.010541331938075311,0.01054821808295281,0.010542852462468057,0.010527526603823258,0.010504227315452606,0.010474643353966511,0.010440185716572705,0.010402015940803809,0.010361077997133742,0.01031813056436957,0.010273777559629249,0.010228495684095572,0.010182658418773617,0.0101365563723311,0.010090414177317562,0.010044404291693974,0.009998658128853399,0.009953274944584325,0.009908328874571591,0.009863874498087637,0.00981995117699824,0.00977658646714658,0.009733798777809404,0.0096915994453612,0.009649994348944394,0.009608985168839413,0.00956857036646422,0.009528745947654944,0.00948950605727442,0.009450843442534392,0.009412749814102141,0.009375216127586815,0.009338232802968145,0.009301789895621254,0.009265877229556426,0.009230484501039825,0.009195601359511654,0.009161217469839864,0.00912732256079564,0.009093906462303916,0.009060959133948523,0.009028470686593503,0.008996431398576839,0.008964831727618753,0.008933662319340478,0.008902914013098829,0.008872577845691714,0.008842645053373708,0.008813107072528945,0.008783955539277076,0.008755182288232856,0.008726779350594113,0.008698738951699508,0.008671053508169548,0.008643715624722397,0.008616718090738598,0.008590053876635856,0.008563716130102683,0.00853769817223218,0.00851199349358845,0.008486595750234293,0.008461498759741696,0.008436696497205123,0.008412183091272328,0.008387952820206074,0.008364000107987157,0.008340319520467763,0.008316905761582033,0.008293753669620063,0.008270858213569788,0.008248214489530632,0.00822581771720176,0.008203663236447311,0.008181746503939973,0.008160063089884229,0.008138608674819782,0.008117379046505386,0.008096370096883111,0.008075577819122656,0.008054998304744751,0.008034627740823851,0.008014462407267607,0.007994498674173386,0.007974732999259812,0.007955161925372206,0.007935782078060536,0.007916590163228137,0.007897582964849999,0.007878757342758681,0.007860110230496495,0.007841638633232124,0.007823339625740274,0.007805210350442257,0.007787248015506462,0.007769449893006531,0.007751813317135912,0.00773433568247717,0.007717014442324296,0.007699847107056623,0.007682831242562741,0.007665964468712842,0.007649244457878347,0.0076326689334967595,0.007616235668680873,0.007599942484870827,0.007583787250527519,0.0075677678798661595,0.00755188233162881,0.007536128607894324,0.007520504752924907,0.007505008852047874,0.007489639030571502,0.007474393452733862,0.007459270320683665,0.007444267873492009,0.0074293843861939135,0.007414618168858913,0.0073999675656896075,0.007385430954147166,0.007371006744103137,0.007356693377016792,0.007342489325136308,0.0073283930907244,0.007314403205306478,0.007300518228941099,0.007286736749511873,0.0072730573820400995,0.007259478768017527,0.007245999574758535,0.007232618494771137,0.007219334245146115,0.007206145566963876,0.007193051224718242,0.00718005000575676,0.007167140719737023,0.007154322198098379,0.00714159329354861,0.007128952879565077,0.0071163998499099495,0.007103933118158875,0.0070915516172429215,0.007079254299003149,0.007067040133757543,0.007054908109879882,0.007042857233390159,0.007030886527556183,0.007018995032506069,0.0070071818048511765,0.006995445917319311,0.006983786458397764,0.006972202531985858,0.006960693257056842,0.006949257767328746,0.00693789521094397,0.006926604750157252,0.0069153855610319,0.006904236833143948,0.006893157769293987,0.006882147585226491,0.0068712055093563965,0.006860330782502684,0.006849522657628889,0.00683878039959,0.006828103284886039,0.006817490601421719,0.0068069416482722375,0.006796455735454853,0.006786032183706276,0.0067756703242655225,0.006765369498662124,0.006755129058509667,0.006744948365304316,0.006734826790228282,0.006724763713958075,0.006714758526477443,0.006704810626894783,0.006694919423264982,0.0066850843324155005,0.006675304779776595,0.006665580199215615,0.0066559100328752,0.006646293731015286,0.006636730751858782,0.006627220561440949,0.006617762633462167,0.006608356449144188,0.006599001497089723,0.006589697273145169,0.006580443280266549,0.006571239028388501,0.006562084034296217,0.006552977821500276,0.006543919920114334,0.006534909866735496,0.006525947204327425,0.006517031482105997,0.006508162255427507,0.006499339085679369,0.006490561540173133,0.006481829192039993,0.00647314162012841,0.006464498408904011,0.00645589914835175,0.006447343433880016,0.0064388308662322235,0.006430361051378341,0.00642193360044259,0.006413548129609452,0.006405204260037574,0.006396901617775601,0.006388639833679652,0.006380418543332581,0.006372237386964894,0.006364096009377327,0.006355994059864976,0.006347931192143044,0.0063399070642740415,0.006331921338596513,0.006323973681655207,0.0063160637641326315,0.006308191260782021,0.006300355850361648,0.006292557215570357,0.0062847950429845475,0.006277069022996273,0.006269378849752596,0.006261724221096161,0.006254104838506906,0.006246520407044937,0.006238970635294478,0.006231455235308962,0.006223973922557104,0.006216526415870083,0.006209112437389737,0.006201731712517665,0.006194383969865387,0.006187068941205402,0.006179786361423205,0.006172535968470144,0.006165317503317239,0.006158130709909795,0.006150975335122917,0.006143851128717813,0.006136757843298895,0.006129695234271726,0.006122663059801663,0.006115661080773327,0.006108689060750755,0.006101746765938304,0.006094833965142281,0.006087950429733173,0.0060810959336086825,0.006074270253157361,0.006067473167222855,0.0060607044570688585,0.006053963906344638,0.006047251301051176,0.006040566429507926,0.006033909082320132,0.006027279052346708,0.006020676134668726,0.006014100126558385,0.006007550827448564,0.0060010280389028794,0.005994531564586257,0.00598806121023601,0.00598161678363342,0.005975198094575775,0.005968804954848905,0.0059624371782001796,0.005956094580311927,0.005949776978775363,0.005943484193064871,0.005937216044512811,0.005930972356284637,0.005924752953354491,0.005918557662481246,0.005912386312184806,0.00590623873272291,0.005900114756068297,0.005894014215886179,0.005887936947512164,0.005881882787930475,0.005875851575752544,0.005869843151195955,0.0058638573560637055,0.005857894033723823,0.0058519530290892735,0.005846034188598224,0.005840137360194591,0.005834262393308921,0.005828409138839541,0.005822577449134017,0.005816767177970907,0.005810978180541806,0.005805210313433645,0.0057994634346112866,0.005793737403400368,0.005788032080470441,0.005782347327818314,0.005776683008751735,0.005771038987873218,0.005765415131064207,0.005759811305469423,0.005754227379481472,0.005748663222725685,0.005743118706045163,0.005737593701486072,0.005732088082283155,0.005726601722845445,0.00572113449874219,0.005715686286689011,0.005710256964534215,0.005704846411245381,0.00569945450689607,0.005694081132652782,0.005688726170762062,0.005683389504537825,0.0056780710183488665,0.005672770597606515,0.005667488128752502,0.005662223499246997,0.005656976597556783,0.005651747313143679,0.005646535536453006,0.005641341158902344,0.005636164072870359,0.005631004171685835,0.005625861349616832,0.0056207355018600205,0.005615626524530147,0.005610534314649648,0.005605458770138427,0.005600399789803758,0.00559535727333032,0.005590331121270395,0.005585321235034176,0.005580327516880229,0.005575349869906065,0.005570388198038865,0.005565442406026295,0.005560512399427499,0.0055555980846041615,0.005550699368711723,0.005545816159690701,0.0055409483662581275,0.005536095897899122,0.005531258664858527,0.005526436578132725,0.0055216295494615,0.005516837491320057,0.005512060316911103,0.005507297940157077,0.005502550275692432,0.005497817238856075,0.00549309874568386,0.0054883947129012,0.005483705057915764,0.005479029698810301,0.005474368554335506,0.005469721543903017,0.005465088587578485,0.005460469606074758,0.005455864520745096,0.005451273253576543,0.005446695727183345,0.005442131864800437,0.005437581590277057,0.00543304482807041,0.005428521503239415,0.0054240115414385375,0.005419514868911704,0.005415031412486273,0.005410561099567108,0.005406103858130709,0.005401659616719413,0.005397228304435681,0.005392809850936445,0.005388404186427523,0.005384011241658121,0.005379630947915379,0.005375263237018997,0.005370908041315932,0.005366565293675137,0.005362234927482456,0.005357916876635319,0.005353611075537862,0.005349317459095887,0.005345035962711906,0.00534076652228028,0.005336509074182402,0.005332263555281936,0.005328029902920117,0.005323808054911096,0.0053195979495373686,0.005315399525545229,0.0053112127221402825,0.005307037478983028,0.005302873736184478,0.0052987214343018325,0.005294580514334203,0.0052904509177183956,0.005286332586324729,0.005282225462452926,0.005278129488828003,0.005274044608596279,0.00526997076532136,0.005265907902980227,0.005261855965959328,0.0052578148990507344,0.005253784647448345,0.005249765156744115,0.005245756372924359,0.0052417582423660534,0.0052377707118332305,0.005233793728473369,0.005229827239813849,0.005225871193758442,0.0052219255385838595,0.005217990222936286,0.005214065195828026,0.005210150406634122,0.005206245805089046,0.005202351341283431,0.0051984669656608175,0.0051945926290144434,0.005190728282484088,0.005186873877552921,0.005183029366044412,0.005179194700119259,0.005175369832272355,0.005171554715329778,0.005167749302445866,0.0051639535471002295,0.005160167403094876,0.005156390824551331,0.0051526237659078105,0.005148866181916399,0.005145118027640292,0.0051413792584510095,0.005137649830025721,0.005133929698344527,0.0051302188196878165,0.005126517150633622,0.00512282464805502,0.005119141269117563,0.005115466971276723,0.005111801712275371,0.005108145450141283,0.005104498143184672,0.0051008597499957575,0.005097230229442322,0.005093609540667356,0.005089997643086659,0.005086394496386524,0.00508280006052141,0.0050792142957116464,0.005075637162441171,0.005072068621455295,0.005068508633758452,0.005064957160612042,0.0050614141635322175,0.005057879604287753,0.005054353444897909,0.005050835647630319,0.005047326174998905,0.005043824989761822,0.005040332054919392,0.0050368473337120976,0.005033370789618577,0.005029902386353636,0.005026442087866294,0.005022989858337821,0.005019545662179838,0.005016109464032409,0.005012681228762142,0.005009260921460344,0.0050058485074411544,0.005002443952239727,0.004999047221610422,0.00499565828152502,0.004992277098170925,0.004988903637949432,0.004985537867473978,0.004982179753568417,0.004978829263265324,0.0049754863638042995,0.0049721510226303075,0.004968823207392002,0.004965502885940118,0.004962190026325823,0.004958884596799126,0.004955586565807275,0.004952295901993188,0.004949012574193891,0.004945736551438984,0.0049424678029490925,0.004939206298134359,0.004935952006592967,0.004932704898109607,0.004929464942654045,0.004926232110379649,0.004923006371621947,0.004919787696897196,0.004916576056900975,0.004913371422506771,0.0049101737647645905,0.0049069830548996,0.004903799264310739,0.004900622364569381,0.004897452327418014,0.00489428912476888,0.004891132728702691,0.004887983111467322,0.0048848402454765155,0.004881704103308621,0.004878574657705315,0.004875451881570355,0.004872335747968352,0.004869226230123527,0.004866123301418499,0.004863026935393078,0.004859937105743077,0.0048568537863191135,0.004853776951125453,0.004850706574318843,0.004847642630207355,0.004844585093249252,0.00484153393805185,0.00483848913937041,0.004835450672107028,0.004832418511309503,0.004829392632170303,0.004826373010025445,0.004823359620353442,0.004820352438774238,0.004817351441048151,0.004814356603074849,0.0048113679008923065,0.004808385310675783,0.004805408808736812,0.004802438371522202,0.004799473975613036,0.004796515597723675,0.004793563214700812,0.004790616803522472,0.004787676341297071,0.004784741805262448,0.004781813172784939,0.004778890421358441,0.004775973528603467,0.004773062472266252,0.004770157230217833,0.0047672577804531435,0.004764364101090126,0.004761476170368835,0.0047585939666505775,0.0047557174684170235,0.004752846654269354,0.004749981502927404,0.004747121993228814,0.004744268104128174,0.0047414198146962195,0.004738577104118994,0.0047357399516970095,0.004732908336844461,0.004730082239088408,0.004727261638067983,0.004724446513533596,0.004721636845346149,0.004718832613476266,0.004716033798003511,0.0047132403791156335,0.004710452337107807,0.004707669652381876,0.0047048923054456146,0.004702120276911977,0.004699353547498385,0.004696592098025985,0.004693835909418943,0.004691084962703691,0.004688339239008276,0.004685598719561622,0.004682863385692849,0.004680133218830575,0.004677408200502217,0.00467468831233335,0.004671973536046999,0.004669263853462994,0.0046665592464972825,0.004663859697161309,0.004661165187561332,0.004658475699897795,0.004655791216464673,0.004653111719648859,0.004650437191929516,0.00464776761587746,0.004645102974154536,0.00464244324951301,0.004639788424794949,0.004637138482931632,0.004634493406942944,0.004631853179936772,0.004629217785108448,0.004626587205740086,0.004623961425200106,0.004621340426942594,0.004618724194506743,0.004616112711516304,0.004613505961678981,0.004610903928785901,0.004608306596711143,0.004605713949411042,0.0046031259709236935,0.004600542645368482,0.004597963956945486,0.004595389889934936,0.0045928204286967995,0.00459025555767008,0.0045876952613724134,0.004585139524399591,0.004582588331424888,0.004580041667198716,0.004577499516547742,0.00457496186437561,0.004572428695660854,0.004569899995457136,0.004567375748892824,0.004564855941170412,0.004562340557566055,0.004559829583429086,0.0045573230041815495,0.004554820805317693,0.004552322972403577,0.004549829491076573,0.004547340347044833,0.004544855526087096,0.004542375014051886,0.0045398987968573645,0.004537426860490577,0.0045349591910074,0.004532495774531752,0.004530036597255441,0.004527581645437469,0.004525130905403863,0.004522684363547073,0.004520242006325552,0.004517803820263624,0.004515369791950718,0.004512939908040441,0.004510514155252583,0.00450809252036926,0.004505674990236779,0.004503261551764658,0.004500852191924714,0.0044984468977508065,0.004496045656343175,0.004493648454858332,0.004491255280516607,0.004488866120597511,0.0044864809624428235,0.004484099793454798,0.004481722601092668,0.004479349372877896,0.004476980096390024,0.004474614759267332,0.0044722533492063425,0.004469895853960742,0.004467542261344389,0.0044651925592258225,0.004462846735531298,0.004460504778243751,0.004458166675402217,0.004455832415101648,0.004453501985492568,0.004451175374780741,0.00444885257122641,0.0044465335631448865,0.004444218338905421,0.004441906886931237,0.004439599195698919,0.004437295253738474,0.004434995049632732,0.004432698572017202,0.004430405809579581,0.004428116751059559,0.004425831385248475,0.004423549700989019,0.004421271687174913,0.004418997332750648,0.004416726626711108,0.004414459558101336,0.004412196116016203,0.00440993628960013,0.0044076800680468405,0.004405427440598846,0.004403178396547498,0.004400932925232452,0.004398691016041608,0.004396452658410492,0.00439421784182211,0.004391986555807055,0.00438975878994246,0.004387534533852532,0.0043853137772078,0.004383096509724871,0.004380882721166332,0.004378672401340377,0.004376465540100553,0.004374262127345594,0.004372062153018802,0.004369865607108314,0.004367672479646581,0.004365482760709996,0.00436329644041875,0.004361113508936714,0.004358933956471004,0.004356757773271795,0.004354584949632074,0.004352415475887395,0.004350249342415636,0.0043480865396367625,0.004345927058012553,0.004343770888046478,0.004341618020283179,0.004339468445308618,0.004337322153749571,0.004335179136273496,0.004333039383588281,0.004330902886442027,0.004328769635622799,0.004326639621958421,0.004324512836316242,0.004322389269602887,0.004320268912764155,0.0043181517567846325,0.004316037792687565,0.004313927011534639,0.004311819404425749,0.0043097149624987995,0.00430761367692947,0.00430551553893104,0.004303420539754141,0.0043013286706865776,0.004299239923053102,0.0042971542882152105,0.004295071757570975,0.004292992322554784,0.004290915974637177,0.0042888427053246365,0.004286772506159394,0.00428470536871922,0.0042826412846172545,0.004280580245501786,0.004278522243056064,0.004276467268998127,0.004274415315080584,0.004272366373090444,0.004270320434848925,0.004268277492211261,0.004266237537066526,0.004264200561337436,0.0042621665569801785,0.004260135515984237,0.004258107430372184,0.004256082292199528,0.004254060093554528,0.0042520408265580125,0.004250024483363191,0.0042480110561555155,0.0042460005371524724,0.004243992918603423,0.00424198819278944,0.004239986352023123,0.004237987388648437,0.004235991295040546,0.004233998063605636,0.004232007686780766,0.004230020157033695,0.004228035466862711,0.004226053608796477,0.0042240745753938805,0.004222098359243835,0.004220124952965168,0.004218154349206433,0.004216186540645765,0.004214221519990711,0.0042122592799780844,0.004210299813373812,0.004208343112972785,0.004206389171598688,0.0042044379821038645,0.004202489537369166,0.004200543830303781,0.004198600853845122,0.004196660600958652,0.004194723064637749,0.0041927882379035495,0.004190856113804814,0.004188926685417788,0.004186999945846041,0.0041850758882203305,0.004183154505698492,0.004181235791465247,0.004179319738732098,0.004177406340737165,0.004175495590745092,0.004173587482046866,0.004171682007959697,0.00416977916182689,0.004167878937017693,0.004165981326927196,0.004164086324976155,0.004162193924610898,0.004160304119303181,0.004158416902550084,0.004156532267873721,0.004154650208821396,0.004152770718965275,0.0041508937919023025,0.004149019421254092,0.004147147600666776,0.004145278323810905,0.0041434115843813025,0.004141547376096982,0.004139685692700975,0.00413782652796023,0.004135969875665504,0.0041341157296312285,0.004134115729631451,0.004134115729631566,0.004134115729631611,0.0041341157296316275,0.0041341157296316345,0.004134115729631636,0.004134115729631637,0.004134115729631636,0.004134115729631639,0.004134115729631638,0.004134115729631636,0.004134115729631635,0.004134115729631637,0.004134115729631636,0.004134115729631637,0.004134115729631636,0.004134115729631638,0.004134115729631637,0.004134115729631635,0.0041341157296316345,0.004134115729631635,0.004134115729631636,0.004134115729631635,0.004134115729631635,0.0041341157296316345,0.004134115729631635,0.0041341157296316345,0.004134115729631635,0.004134115729631631,0.0041341157296316345,0.004134115729631632,0.004134115729631632,0.004134115729631636,0.004134115729631636,0.004134115729631638,0.004134115729631637,0.004134115729631637,0.004134115729631635,0.004134115729631639,0.00413411572963164,0.0041341157296316405,0.0041341157296316405,0.0041341157296316405,0.004134115729631639,0.00413411572963164,0.004134115729631639,0.004134115729631639,0.0041341157296316405,0.00413411572963164,0.00413411572963164,0.00413411572963164,0.00413411572963164,0.004134115729631639,0.004134115729631639,0.004134115729631638,0.004134115729631639,0.00413411572963164,0.0041341157296316405,0.004134115729631638,0.0041341157296316405,0.00413411572963164,0.0041341157296316405,0.00413411572963164,0.0041341157296316405,0.00413411572963164,0.004134115729631641,0.0041341157296316405,0.0041341157296316405,0.0041341157296316405,0.0041341157296316405,0.00413411572963164,0.0041341157296316405,0.0041341157296316405,0.00413411572963164,0.00413411572963164,0.00413411572963164,0.00413411572963164,0.004134115729631639,0.00413411572963164,0.0041341157296316405,0.00413411572963164,0.0041341157296316405,0.004134115729631639,0.0041341157296316405,0.00413411572963164,0.0041341157296316405,0.0041341157296316405,0.00413411572963164,0.0041341157296316405,0.0041341157296316405,0.004134115729631641,0.0041341157296316405,0.00413411572963164,0.0041341157296316405,0.0041341157296316405,0.004134115729631641,0.00413411572963164,0.004134115729631639,0.0041341157296316405,0.0041341157296316405,0.00413411572963164,0.004134115729631641,0.0041341157296316405,0.004134115729631642,0.00413411572963164,0.004134115729631642,0.0041341157296316405,0.004134115729631642,0.004134115729631643,0.004134115729631642,0.004134115729631642,0.004134115729631642,0.004134115729631643,0.004134115729631643,0.004134115729631643,0.004134115729631641,0.004134115729631642,0.004134115729631643,0.004134115729631642,0.004134115729631643,0.004134115729631643,0.004134115729631643,0.004134115729631642,0.004134115729631644,0.004134115729631642,0.004134115729631642,0.004134115729631642,0.0041341157296316405,0.004134115729631641,0.00413411572963164,0.004134115729631642,0.004134115729631641,0.004134115729631643,0.004134115729631641,0.0041341157296316405,0.004134115729631641,0.0041341157296316405,0.0041341157296316405,0.00413411572963164,0.00413411572963164,0.00413411572963164,0.0041341157296316405,0.00413411572963164,0.0041341157296316405,0.00413411572963164,0.004134115729631642,0.00413411572963164,0.004134115729631641,0.004134115729631639,0.0041341157296316405,0.0041341157296316405,0.00413411572963164,0.004134115729631641,0.00413411572963164,0.004134115729631641,0.0041341157296316405,0.0041341157296316405,0.00413411572963164,0.0041341157296316405,0.00413411572963164,0.004134115729631641,0.0041341157296316405,0.004134115729631642,0.004134115729631643,0.004134115729631643,0.004134115729631643,0.004134115729631643,0.004134115729631644,0.004134115729631643,0.004134115729631641,0.004134115729631642,0.004134115729631642,0.004134115729631643,0.004134115729631642,0.004134115729631643,0.004134115729631644,0.004134115729631644,0.004134115729631641,0.004134115729631642,0.004134115729631643,0.004134115729631642,0.004134115729631642,0.004134115729631642,0.004134115729631642,0.004134115729631642,0.004134115729631641,0.004134115729631641,0.004134115729631641,0.004134115729631643,0.004134115729631642,0.004134115729631642,0.004134115729631644,0.004134115729631644,0.004134115729631644,0.004134115729631642,0.004134115729631643,0.004134115729631644,0.004134115729631642,0.004134115729631643,0.004134115729631642,0.004134115729631643,0.004134115729631645,0.004134115729631644,0.004134115729631643,0.004134115729631644,0.004134115729631643,0.004134115729631644,0.004134115729631643,0.004134115729631646,0.004134115729631645,0.004134115729631646,0.004134115729631644,0.004134115729631646,0.004134115729631645,0.004134115729631646,0.004134115729631647,0.004134115729631646,0.004134115729631642,0.004134115729631645,0.004134115729631646,0.004134115729631645,0.004134115729631647,0.004134115729631645,0.004134115729631645,0.004134115729631644,0.004134115729631645,0.004134115729631645,0.004134115729631645,0.004134115729631644,0.004134115729631644,0.004134115729631646,0.004134115729631645,0.004134115729631645,0.004134115729631646,0.004134115729631645,0.004134115729631645,0.004134115729631645,0.004134115729631645,0.004134115729631646,0.004134115729631645,0.004134115729631645,0.004134115729631644,0.004134115729631645,0.004134115729631645,0.004134115729631646,0.004134115729631646,0.004134115729631645,0.004134115729631646,0.004134115729631646,0.004134115729631646,0.004134115729631644,0.004134115729631645,0.004134115729631646,0.004134115729631645,0.004134115729631644,0.004134115729631643,0.004134115729631643,0.004134115729631641,0.004134115729631643,0.004134115729631642,0.004134115729631644,0.004134115729631641,0.004134115729631644,0.004134115729631643,0.004134115729631645,0.004134115729631645,0.004134115729631643,0.004134115729631644,0.004134115729631644,0.004134115729631643,0.004134115729631644,0.004134115729631644,0.004134115729631644,0.004134115729631644,0.004134115729631643,0.004134115729631643,0.004134115729631645,0.004134115729631645,0.004134115729631643,0.004134115729631643,0.004134115729631644,0.004134115729631642,0.004134115729631642,0.004134115729631641,0.004134115729631643,0.004134115729631641,0.004134115729631642,0.004134115729631643,0.004134115729631642,0.004134115729631643,0.004134115729631642,0.004134115729631642,0.004134115729631642,0.004134115729631643,0.004134115729631642,0.004134115729631642,0.0041341157296316405,0.0041341157296316405,0.004134115729631641,0.0041341157296316405,0.004134115729631641,0.0041341157296316405,0.004134115729631641,0.004134115729631641,0.004134115729631642,0.004134115729631641,0.004134115729631642,0.004134115729631641,0.0041341157296316405,0.004134115729631643,0.004134115729631644,0.004134115729631643,0.004134115729631642,0.004134115729631641,0.004134115729631641,0.004134115729631643,0.004134115729631641,0.004134115729631643,0.004134115729631643,0.004134115729631644,0.004134115729631644,0.004134115729631643,0.004134115729631643,0.004134115729631641,0.004134115729631643,0.004134115729631643,0.004134115729631643,0.004134115729631644,0.004134115729631643,0.004134115729631645,0.004134115729631643,0.004134115729631643,0.004134115729631643,0.004134115729631642,0.004134115729631642,0.004134115729631642,0.0041341157296316405,0.0041341157296316405,0.0041341157296316405,0.004134115729631641,0.0041341157296316405,0.0041341157296316405,0.004134115729631639,0.0041341157296316405,0.0041341157296316405,0.004134115729631641,0.0041341157296316405,0.00413411572963164,0.004134115729631641,0.00413411572963164,0.0041341157296316405,0.0041341157296316405,0.0041341157296316405,0.0041341157296316405,0.004134115729631641,0.004134115729631641,0.0041341157296316405,0.00413411572963164,0.0041341157296316405,0.0041341157296316405,0.0041341157296316405,0.0041341157296316405,0.0041341157296316405,0.00413411572963164,0.004134115729631639,0.0041341157296316405,0.00413411572963164,0.00413411572963164,0.00413411572963164,0.0041341157296316405,0.0041341157296316405,0.0041341157296316405,0.00413411572963164,0.00413411572963164,0.0041341157296316405,0.00413411572963164,0.00413411572963164,0.0041341157296316405,0.00413411572963164,0.0041341157296316405,0.00413411572963164,0.0041341157296316405,0.004134115729631638,0.00413411572963164,0.00413411572963164,0.0041341157296316405,0.0041341157296316405,0.00413411572963164,0.0041341157296316405,0.00413411572963164,0.00413411572963164,0.0041341157296316405,0.0041341157296316405,0.00413411572963164,0.0041341157296316405,0.00413411572963164,0.00413411572963164,0.0041341157296316405,0.00413411572963164,0.0041341157296316405,0.00413411572963164,0.0041341157296316405,0.004134115729631642,0.0041341157296316405,0.0041341157296316405,0.004134115729631641,0.004134115729631644,0.004134115729631641,0.004134115729631643,0.004134115729631645,0.004134115729631643,0.004134115729631644,0.004134115729631644,0.004134115729631642,0.004134115729631645,0.004134115729631645,0.004134115729631643,0.004134115729631645,0.004134115729631643,0.004134115729631644,0.004134115729631643,0.004134115729631644,0.004134115729631642,0.004134115729631642,0.004134115729631642,0.004134115729631643,0.004134115729631641,0.004134115729631643,0.004134115729631644,0.004134115729631643,0.004134115729631645,0.004134115729631644,0.004134115729631644,0.004134115729631644,0.004134115729631643,0.004134115729631643,0.004134115729631643,0.0041341157296316405,0.004134115729631642,0.004134115729631641,0.004134115729631643,0.004134115729631643,0.004134115729631641,0.004134115729631643,0.004134115729631641,0.004134115729631641,0.004134115729631643,0.004134115729631645,0.004134115729631642,0.004134115729631642,0.0041341157296316405,0.004134115729631643,0.0041341157296316405,0.004134115729631642,0.004134115729631644,0.004134115729631641,0.004134115729631642,0.004134115729631642,0.004134115729631645,0.004134115729631646,0.004134115729631645,0.004134115729631645,0.004134115729631645,0.004134115729631645,0.004134115729631644,0.004134115729631645,0.004134115729631644,0.004134115729631645,0.004134115729631644,0.004134115729631645,0.004134115729631646,0.004134115729631647,0.004134115729631646,0.0041341157296316475,0.004134115729631647,0.004134115729631646,0.004134115729631646,0.004134115729631646,0.004134115729631646,0.004134115729631645,0.004134115729631645,0.004134115729631646,0.0041341157296316475,0.004134115729631647,0.0041341157296316475,0.004134115729631647,0.004134115729631645,0.004134115729631646,0.004134115729631644,0.004134115729631645,0.004134115729631644,0.004134115729631644,0.004134115729631644,0.004134115729631644,0.004134115729631645,0.004134115729631643,0.004134115729631645,0.004134115729631645,0.004134115729631644,0.004134115729631644,0.004134115729631645,0.004134115729631645,0.004134115729631645,0.004134115729631646,0.004134115729631644,0.004134115729631647,0.004134115729631646,0.004134115729631647,0.0041341157296316475,0.004134115729631646,0.004134115729631647,0.004134115729631647,0.004134115729631646,0.0041341157296316475,0.004134115729631647,0.0041341157296316475,0.004134115729631647,0.0041341157296316475,0.004134115729631648,0.0041341157296316475,0.004134115729631648,0.004134115729631651,0.00413411572963165,0.004134115729631651,0.004134115729631652,0.004134115729631653,0.00413411572963165,0.004134115729631651,0.004134115729631652,0.004134115729631651,0.004134115729631652,0.004134115729631652,0.004134115729631651,0.004134115729631652,0.004134115729631653,0.00413411572963165,0.004134115729631653,0.00413411572963165,0.004134115729631652,0.004134115729631651,0.0041341157296316535,0.004134115729631652,0.004134115729631654,0.004134115729631655,0.0041341157296316535,0.004134115729631654,0.0041341157296316535,0.004134115729631654,0.0041341157296316535,0.0041341157296316535,0.004134115729631654,0.0041341157296316535,0.0041341157296316535,0.004134115729631654,0.004134115729631654,0.0041341157296316535,0.0041341157296316535,0.0041341157296316535,0.004134115729631652,0.0041341157296316535,0.004134115729631654,0.004134115729631654,0.004134115729631654,0.004134115729631654,0.004134115729631654,0.004134115729631654,0.004134115729631654,0.004134115729631654,0.0041341157296316535,0.004134115729631654,0.004134115729631653,0.0041341157296316535,0.004134115729631654,0.004134115729631653,0.004134115729631654,0.0041341157296316535,0.0041341157296316535,0.0041341157296316535,0.004134115729631655,0.0041341157296316535,0.004134115729631654,0.004134115729631654,0.004134115729631654,0.004134115729631654,0.004134115729631654,0.004134115729631655,0.004134115729631655,0.004134115729631655,0.004134115729631655,0.004134115729631655,0.004134115729631654,0.004134115729631655,0.004134115729631656,0.004134115729631655,0.004134115729631655,0.004134115729631655,0.004134115729631655,0.004134115729631655,0.004134115729631655,0.004134115729631654,0.004134115729631655,0.004134115729631654,0.004134115729631654,0.004134115729631655,0.004134115729631654,0.004134115729631654,0.0041341157296316535,0.0041341157296316535,0.004134115729631653,0.004134115729631652,0.004134115729631653,0.004134115729631652,0.004134115729631652,0.0041341157296316535,0.0041341157296316535,0.004134115729631652,0.0041341157296316535,0.004134115729631654,0.004134115729631654,0.004134115729631654,0.0041341157296316535,0.004134115729631653,0.004134115729631654,0.004134115729631651,0.0041341157296316535,0.004134115729631652,0.004134115729631653,0.0041341157296316535,0.0041341157296316535,0.004134115729631653,0.004134115729631653,0.0041341157296316535,0.004134115729631652,0.004134115729631653,0.004134115729631651,0.004134115729631653,0.004134115729631652,0.004134115729631652,0.004134115729631651,0.004134115729631652,0.004134115729631655,0.004134115729631656,0.004134115729631657,0.004134115729631656,0.004134115729631656,0.004134115729631657,0.004134115729631655,0.004134115729631655,0.004134115729631657,0.004134115729631655,0.004134115729631657,0.004134115729631657,0.004134115729631655,0.004134115729631657,0.004134115729631659,0.004134115729631657,0.004134115729631656,0.004134115729631656,0.004134115729631655,0.004134115729631656,0.004134115729631655,0.004134115729631656,0.004134115729631658,0.004134115729631656,0.004134115729631657,0.004134115729631655,0.004134115729631655,0.004134115729631656,0.004134115729631656,0.004134115729631655,0.004134115729631654,0.004134115729631655,0.004134115729631654,0.004134115729631654,0.004134115729631654,0.004134115729631655,0.004134115729631654,0.004134115729631654,0.0041341157296316535,0.004134115729631655,0.0041341157296316535,0.004134115729631654,0.004134115729631654,0.004134115729631654,0.004134115729631654,0.004134115729631654,0.004134115729631654,0.004134115729631654,0.004134115729631655,0.004134115729631654,0.0041341157296316535,0.004134115729631654,0.0041341157296316535,0.0041341157296316535,0.004134115729631653,0.004134115729631653,0.004134115729631653,0.0041341157296316535,0.0041341157296316535,0.004134115729631651,0.004134115729631653,0.004134115729631651,0.004134115729631653,0.00413411572963165,0.004134115729631653,0.004134115729631652,0.004134115729631652,0.004134115729631653,0.004134115729631652,0.004134115729631653,0.004134115729631651,0.004134115729631653,0.004134115729631652,0.004134115729631651,0.004134115729631652,0.004134115729631652,0.004134115729631651,0.004134115729631651,0.004134115729631651,0.004134115729631653,0.004134115729631652,0.004134115729631652,0.004134115729631651,0.00413411572963165,0.004134115729631652,0.004134115729631652,0.004134115729631652,0.00413411572963165,0.004134115729631652,0.004134115729631652,0.004134115729631652,0.004134115729631653,0.004134115729631653,0.004134115729631652,0.004134115729631652,0.00413411572963165,0.004134115729631651,0.004134115729631651,0.004134115729631649,0.004134115729631649,0.004134115729631649,0.004134115729631649,0.00413411572963165,0.004134115729631651,0.00413411572963165,0.004134115729631649,0.004134115729631649,0.004134115729631649,0.00413411572963165,0.004134115729631651,0.00413411572963165,0.004134115729631652,0.004134115729631651,0.004134115729631653,0.004134115729631652,0.004134115729631652,0.004134115729631653,0.004134115729631651,0.004134115729631651,0.00413411572963165,0.004134115729631649,0.00413411572963165,0.004134115729631652,0.004134115729631652,0.004134115729631653,0.004134115729631652,0.004134115729631652,0.004134115729631652,0.004134115729631652,0.004134115729631652,0.004134115729631653,0.004134115729631652,0.00413411572963165,0.004134115729631652,0.004134115729631651,0.004134115729631652,0.004134115729631651,0.004134115729631649,0.00413411572963165,0.004134115729631652,0.004134115729631651,0.004134115729631651,0.004134115729631656,0.004134115729631655,0.004134115729631654,0.004134115729631654,0.004134115729631654,0.004134115729631655,0.004134115729631654,0.004134115729631656,0.004134115729631655,0.004134115729631654,0.004134115729631654,0.004134115729631655,0.004134115729631655,0.004134115729631656,0.004134115729631655,0.004134115729631656,0.004134115729631656,0.004134115729631657,0.004134115729631655,0.004134115729631656,0.004134115729631655,0.004134115729631655,0.004134115729631655,0.004134115729631656,0.004134115729631657,0.004134115729631656,0.004134115729631656,0.004134115729631654,0.004134115729631656,0.004134115729631654,0.004134115729631656,0.004134115729631655,0.004134115729631656,0.004134115729631656,0.004134115729631656,0.004134115729631657,0.004134115729631657,0.004134115729631656,0.004134115729631656,0.004134115729631657,0.004134115729631656,0.004134115729631657,0.004134115729631657,0.004134115729631657,0.004134115729631657,0.004134115729631655,0.004134115729631655,0.004134115729631657,0.004134115729631656,0.004134115729631656,0.004134115729631656,0.004134115729631655,0.004134115729631656,0.004134115729631655,0.004134115729631656,0.004134115729631657,0.004134115729631656,0.004134115729631658,0.004134115729631656,0.004134115729631656,0.004134115729631654,0.004134115729631654,0.004134115729631654,0.004134115729631657,0.004134115729631656,0.004134115729631656,0.004134115729631654,0.004134115729631655,0.004134115729631658,0.004134115729631657,0.004134115729631655,0.004134115729631655,0.004134115729631655,0.004134115729631654,0.004134115729631656,0.004134115729631656,0.004134115729631656,0.004134115729631656,0.004134115729631656,0.004134115729631654,0.004134115729631654,0.004134115729631657,0.004134115729631656,0.004134115729631657,0.004134115729631655,0.004134115729631656,0.004134115729631655,0.004134115729631655,0.004134115729631655,0.004134115729631655,0.004134115729631655,0.004134115729631655,0.004134115729631655,0.004134115729631656,0.004134115729631655,0.004134115729631656,0.004134115729631655,0.004134115729631655,0.004134115729631657,0.004134115729631656,0.004134115729631656,0.004134115729631655,0.004134115729631657,0.004134115729631656,0.004134115729631656,0.004134115729631655,0.004134115729631656,0.004134115729631656,0.004134115729631655,0.004134115729631654,0.004134115729631655,0.004134115729631655,0.0041341157296316535,0.004134115729631654,0.004134115729631654,0.004134115729631655,0.0041341157296316535,0.004134115729631654,0.004134115729631654,0.004134115729631655,0.004134115729631655,0.004134115729631654,0.004134115729631654,0.004134115729631654,0.004134115729631654,0.004134115729631654,0.004134115729631654,0.004134115729631653,0.004134115729631652,0.00413411572963165,0.004134115729631651,0.004134115729631652,0.004134115729631652,0.004134115729631652,0.004134115729631653,0.0041341157296316535,0.004134115729631653,0.004134115729631652,0.004134115729631653,0.004134115729631655,0.004134115729631654,0.004134115729631654,0.004134115729631654,0.004134115729631654,0.004134115729631655,0.0041341157296316535,0.004134115729631654,0.0041341157296316535,0.004134115729631654,0.0041341157296316535,0.004134115729631653,0.004134115729631653,0.004134115729631653,0.004134115729631653,0.00413411572963165,0.00413411572963165,0.004134115729631652,0.004134115729631651,0.004134115729631653,0.004134115729631652,0.004134115729631651,0.004134115729631651,0.00413411572963165,0.004134115729631653,0.004134115729631652,0.004134115729631653,0.00413411572963165,0.004134115729631651,0.004134115729631651,0.004134115729631652,0.004134115729631651,0.004134115729631652,0.004134115729631653,0.004134115729631652,0.0041341157296316535,0.004134115729631652,0.0041341157296316535,0.0041341157296316535,0.004134115729631654,0.004134115729631652,0.004134115729631653,0.004134115729631653,0.0041341157296316535,0.004134115729631655,0.0041341157296316535,0.004134115729631654,0.0041341157296316535,0.004134115729631654,0.004134115729631654,0.004134115729631655,0.004134115729631653,0.004134115729631654,0.004134115729631653,0.004134115729631653,0.004134115729631653,0.0041341157296316535,0.004134115729631655,0.004134115729631654,0.004134115729631654,0.004134115729631653,0.0041341157296316535,0.004134115729631654,0.004134115729631654,0.004134115729631654,0.004134115729631654,0.004134115729631653,0.0041341157296316535,0.004134115729631652,0.0041341157296316535,0.004134115729631654,0.0041341157296316535,0.004134115729631654,0.0041341157296316535,0.004134115729631654,0.004134115729631655,0.004134115729631656,0.004134115729631656,0.004134115729631655,0.004134115729631654,0.004134115729631654,0.004134115729631655,0.004134115729631655,0.004134115729631657,0.004134115729631657,0.004134115729631657,0.004134115729631655,0.004134115729631656,0.004134115729631655,0.004134115729631655,0.004134115729631655,0.004134115729631655,0.004134115729631654,0.004134115729631658,0.00413411572963166,0.004134115729631659,0.00413411572963166,0.0041341157296316605,0.00413411572963166,0.004134115729631659,0.00413411572963166,0.0041341157296316605,0.00413411572963166,0.0041341157296316605,0.004134115729631659,0.004134115729631659,0.004134115729631658,0.004134115729631659,0.004134115729631659,0.004134115729631659,0.004134115729631659,0.00413411572963166,0.00413411572963166,0.004134115729631659,0.00413411572963166,0.004134115729631659,0.00413411572963166,0.004134115729631659,0.00413411572963166,0.004134115729631659,0.00413411572963166,0.004134115729631659,0.004134115729631659,0.00413411572963166,0.00413411572963166,0.004134115729631659,0.004134115729631659,0.00413411572963166,0.004134115729631659,0.004134115729631661,0.004134115729631662,0.0041341157296316605,0.004134115729631661,0.0041341157296316605,0.004134115729631662,0.004134115729631661,0.004134115729631661,0.004134115729631661,0.004134115729631661,0.004134115729631662,0.004134115729631661,0.0041341157296316605,0.004134115729631661,0.0041341157296316605,0.004134115729631661,0.004134115729631662,0.0041341157296316605,0.004134115729631662,0.004134115729631662,0.004134115729631663,0.0041341157296316605,0.004134115729631662,0.004134115729631662,0.004134115729631662,0.004134115729631662,0.004134115729631661,0.0041341157296316605,0.0041341157296316605,0.0041341157296316605,0.004134115729631661,0.004134115729631661,0.004134115729631661,0.004134115729631662,0.00413411572963166,0.004134115729631661,0.004134115729631661,0.004134115729631662,0.00413411572963166,0.004134115729631659,0.00413411572963166,0.0041341157296316605,0.004134115729631661,0.00413411572963166,0.0041341157296316605,0.004134115729631659,0.00413411572963166,0.004134115729631659,0.004134115729631659,0.004134115729631659,0.00413411572963166,0.004134115729631659,0.00413411572963166,0.00413411572963166,0.00413411572963166,0.0041341157296316605,0.004134115729631659,0.004134115729631657,0.004134115729631656,0.004134115729631655,0.004134115729631656,0.004134115729631658,0.004134115729631658,0.004134115729631658,0.004134115729631655,0.004134115729631656,0.004134115729631656,0.004134115729631656,0.004134115729631656,0.004134115729631656,0.004134115729631655,0.004134115729631656,0.004134115729631656,0.004134115729631657,0.004134115729631657,0.004134115729631656,0.004134115729631655,0.004134115729631655,0.004134115729631654,0.004134115729631655,0.004134115729631656,0.004134115729631655,0.004134115729631657,0.004134115729631656,0.004134115729631655,0.004134115729631654,0.004134115729631656,0.004134115729631657,0.004134115729631656,0.004134115729631656,0.004134115729631656,0.004134115729631656,0.004134115729631656,0.004134115729631656,0.004134115729631655,0.004134115729631655,0.004134115729631655,0.004134115729631656,0.004134115729631655,0.004134115729631655,0.004134115729631656,0.004134115729631654,0.004134115729631654,0.0041341157296316535,0.004134115729631656,0.004134115729631656,0.004134115729631656,0.004134115729631656,0.004134115729631656,0.004134115729631655,0.004134115729631656,0.004134115729631656,0.004134115729631656,0.004134115729631658,0.004134115729631656,0.004134115729631656,0.004134115729631655,0.004134115729631656,0.004134115729631657,0.004134115729631656,0.004134115729631655,0.004134115729631656,0.004134115729631656,0.004134115729631654,0.004134115729631656,0.004134115729631656,0.004134115729631658,0.004134115729631656,0.004134115729631657,0.004134115729631656,0.004134115729631655,0.004134115729631656,0.004134115729631655,0.0041341157296316535,0.004134115729631654,0.0041341157296316535,0.004134115729631653,0.0041341157296316535,0.004134115729631654,0.004134115729631654,0.0041341157296316535,0.004134115729631655,0.004134115729631654,0.004134115729631654,0.004134115729631653,0.004134115729631653,0.004134115729631654,0.0041341157296316535,0.0041341157296316535,0.004134115729631655,0.004134115729631655,0.004134115729631654,0.004134115729631654,0.004134115729631654,0.004134115729631655,0.004134115729631654,0.004134115729631655,0.004134115729631654,0.004134115729631655,0.0041341157296316535,0.0041341157296316535,0.004134115729631654,0.0041341157296316535,0.004134115729631654,0.004134115729631654,0.004134115729631655,0.0041341157296316535,0.004134115729631654,0.004134115729631652,0.0041341157296316535,0.004134115729631652,0.0041341157296316535,0.0041341157296316535,0.0041341157296316535,0.0041341157296316535,0.004134115729631653,0.004134115729631651,0.004134115729631653,0.004134115729631652,0.004134115729631653,0.004134115729631653,0.004134115729631653,0.004134115729631654,0.004134115729631653,0.0041341157296316535,0.004134115729631652,0.0041341157296316535,0.004134115729631655,0.0041341157296316535,0.004134115729631653,0.0041341157296316535,0.0041341157296316535,0.0041341157296316535,0.004134115729631654,0.004134115729631654,0.004134115729631654,0.004134115729631654,0.004134115729631654,0.0041341157296316535,0.004134115729631654,0.0041341157296316535,0.0041341157296316535,0.004134115729631655,0.0041341157296316535,0.004134115729631652,0.004134115729631652,0.004134115729631653,0.0041341157296316535,0.0041341157296316535,0.004134115729631653,0.004134115729631652,0.004134115729631651,0.004134115729631652,0.004134115729631651,0.004134115729631653,0.004134115729631651,0.004134115729631653,0.004134115729631651,0.004134115729631651,0.004134115729631652,0.004134115729631652,0.004134115729631652,0.004134115729631653,0.004134115729631653,0.004134115729631652,0.004134115729631653,0.0041341157296316535,0.004134115729631652,0.00413411572963165,0.004134115729631652,0.00413411572963165,0.00413411572963165,0.004134115729631649,0.00413411572963165,0.004134115729631651,0.00413411572963165,0.004134115729631651,0.004134115729631649,0.004134115729631651,0.004134115729631651,0.004134115729631652,0.004134115729631651,0.004134115729631652,0.00413411572963165,0.004134115729631651,0.004134115729631652,0.004134115729631649,0.004134115729631652,0.004134115729631652,0.004134115729631653,0.004134115729631652,0.004134115729631652,0.004134115729631652,0.004134115729631653,0.004134115729631651,0.004134115729631651,0.004134115729631648,0.004134115729631649,0.004134115729631649,0.004134115729631648,0.004134115729631648,0.0041341157296316475,0.004134115729631648,0.0041341157296316475,0.004134115729631648,0.0041341157296316475,0.004134115729631647,0.004134115729631647,0.0041341157296316475,0.004134115729631647,0.004134115729631647,0.004134115729631646,0.004134115729631647,0.004134115729631647,0.0041341157296316475,0.0041341157296316475,0.004134115729631648,0.004134115729631647,0.004134115729631646,0.004134115729631645,0.004134115729631647,0.004134115729631646,0.004134115729631645,0.004134115729631645,0.004134115729631645,0.004134115729631645,0.004134115729631642,0.004134115729631644,0.004134115729631643,0.004134115729631642,0.004134115729631641,0.004134115729631641,0.004134115729631642,0.004134115729631641,0.004134115729631641,0.004134115729631642,0.004134115729631641,0.004134115729631643,0.004134115729631643,0.004134115729631641,0.004134115729631642,0.004134115729631641,0.004134115729631644,0.004134115729631642,0.004134115729631642,0.004134115729631642,0.004134115729631641,0.004134115729631641,0.004134115729631641,0.004134115729631642,0.004134115729631642,0.004134115729631643,0.004134115729631642,0.0041341157296316405,0.004134115729631641,0.004134115729631642,0.004134115729631643,0.004134115729631643,0.0041341157296316405,0.004134115729631643,0.004134115729631641,0.004134115729631642,0.004134115729631641,0.0041341157296316405,0.004134115729631642,0.004134115729631642,0.004134115729631643,0.004134115729631643,0.004134115729631641,0.004134115729631642,0.004134115729631643,0.004134115729631641,0.004134115729631641,0.004134115729631642,0.004134115729631643,0.004134115729631644,0.004134115729631643,0.004134115729631643,0.004134115729631643,0.004134115729631642,0.004134115729631641,0.004134115729631643,0.004134115729631642,0.004134115729631641,0.0041341157296316405,0.004134115729631641,0.004134115729631642,0.004134115729631641,0.0041341157296316405,0.004134115729631641,0.004134115729631641,0.004134115729631641,0.004134115729631641,0.004134115729631641,0.004134115729631641,0.004134115729631641,0.004134115729631642,0.00413411572963164,0.004134115729631641,0.004134115729631641,0.0041341157296316405,0.004134115729631641,0.004134115729631642,0.00413411572963164,0.004134115729631639,0.004134115729631639,0.00413411572963164,0.00413411572963164,0.004134115729631639,0.00413411572963164,0.004134115729631639,0.004134115729631638,0.004134115729631637,0.004134115729631637,0.004134115729631639,0.004134115729631638,0.004134115729631638,0.004134115729631639,0.004134115729631637,0.004134115729631637,0.004134115729631637,0.004134115729631636,0.004134115729631637,0.004134115729631638,0.004134115729631635,0.004134115729631636,0.004134115729631638,0.004134115729631637,0.004134115729631638,0.004134115729631637,0.004134115729631638,0.004134115729631635,0.004134115729631635,0.004134115729631636,0.004134115729631636,0.004134115729631637,0.004134115729631638,0.004134115729631636,0.004134115729631637,0.004134115729631636,0.004134115729631637,0.004134115729631637,0.004134115729631638,0.004134115729631638,0.004134115729631638,0.004134115729631638,0.004134115729631637,0.004134115729631638,0.004134115729631636,0.004134115729631637,0.004134115729631637,0.004134115729631638,0.004134115729631638,0.004134115729631639,0.004134115729631638,0.004134115729631638,0.004134115729631639,0.004134115729631638,0.0041341157296316405,0.004134115729631638,0.004134115729631639,0.0041341157296316405,0.00413411572963164,0.004134115729631638,0.004134115729631638,0.004134115729631638,0.004134115729631637,0.004134115729631638,0.004134115729631638,0.004134115729631639,0.00413411572963164,0.0041341157296316405,0.004134115729631639,0.004134115729631639,0.004134115729631639,0.00413411572963164,0.004134115729631639,0.004134115729631639,0.004134115729631637,0.004134115729631639,0.004134115729631637,0.004134115729631639,0.004134115729631638,0.004134115729631638,0.004134115729631639,0.004134115729631639,0.004134115729631638,0.004134115729631637,0.004134115729631637,0.004134115729631638,0.004134115729631638,0.004134115729631636,0.004134115729631637,0.004134115729631636,0.004134115729631636,0.0041341157296316345,0.004134115729631636,0.004134115729631636,0.004134115729631635,0.004134115729631637,0.0041341157296316345,0.0041341157296316345,0.004134115729631635,0.004134115729631635,0.004134115729631634,0.004134115729631634,0.004134115729631634,0.004134115729631634,0.004134115729631632,0.004134115729631634,0.004134115729631634,0.004134115729631633,0.004134115729631634,0.004134115729631634,0.0041341157296316345,0.004134115729631633,0.0041341157296316345,0.004134115729631635,0.004134115729631634,0.004134115729631634,0.0041341157296316345,0.004134115729631634,0.004134115729631634,0.004134115729631633,0.004134115729631631,0.004134115729631632,0.004134115729631633,0.004134115729631632,0.004134115729631632,0.004134115729631633,0.004134115729631631,0.004134115729631631,0.004134115729631631,0.004134115729631632,0.004134115729631631,0.004134115729631633,0.004134115729631632,0.004134115729631632,0.004134115729631632,0.004134115729631632,0.00413411572963163,0.00413411572963163,0.004134115729631631,0.004134115729631631,0.004134115729631631,0.004134115729631632,0.004134115729631633,0.004134115729631632,0.0041341157296316345,0.004134115729631632,0.004134115729631633,0.004134115729631634,0.0041341157296316345,0.0041341157296316345,0.004134115729631635,0.0041341157296316345,0.004134115729631635,0.0041341157296316345,0.004134115729631634,0.004134115729631634,0.004134115729631633,0.004134115729631634,0.004134115729631632,0.004134115729631633,0.004134115729631633,0.004134115729631633,0.004134115729631634,0.004134115729631633,0.004134115729631632,0.004134115729631633,0.004134115729631634,0.004134115729631633,0.004134115729631634,0.004134115729631634,0.004134115729631634,0.004134115729631634,0.0041341157296316345,0.004134115729631634,0.004134115729631634,0.004134115729631635,0.004134115729631634,0.004134115729631634,0.004134115729631635,0.004134115729631634,0.004134115729631634,0.0041341157296316345,0.004134115729631635,0.0041341157296316345,0.004134115729631634,0.0041341157296316345,0.004134115729631634,0.004134115729631634,0.004134115729631633,0.0041341157296316345,0.004134115729631634,0.004134115729631635,0.004134115729631635,0.004134115729631633,0.0041341157296316345,0.004134115729631633,0.004134115729631634,0.004134115729631633,0.004134115729631632,0.004134115729631632,0.00413411572963163,0.00413411572963163,0.004134115729631633,0.004134115729631631,0.004134115729631631,0.004134115729631631,0.004134115729631632,0.004134115729631631,0.004134115729631631,0.004134115729631631,0.004134115729631632,0.004134115729631632,0.00413411572963163,0.004134115729631631,0.00413411572963163,0.004134115729631631,0.004134115729631631,0.004134115729631633,0.004134115729631634,0.004134115729631634,0.004134115729631633,0.0041341157296316345,0.004134115729631633,0.0041341157296316345,0.004134115729631633,0.004134115729631634,0.004134115729631635,0.004134115729631635,0.004134115729631635,0.004134115729631635,0.004134115729631636,0.004134115729631635,0.004134115729631635,0.0041341157296316345,0.004134115729631636,0.004134115729631636,0.0041341157296316345,0.004134115729631635,0.0041341157296316345,0.004134115729631634,0.004134115729631634,0.004134115729631635,0.004134115729631634,0.004134115729631634,0.0041341157296316345,0.004134115729631634,0.004134115729631634,0.004134115729631633,0.004134115729631633,0.004134115729631635,0.004134115729631634,0.0041341157296316345,0.004134115729631634,0.004134115729631635,0.0041341157296316345,0.004134115729631634,0.004134115729631633,0.0041341157296316345,0.004134115729631634,0.004134115729631633,0.004134115729631634,0.004134115729631634,0.004134115729631634,0.004134115729631632,0.004134115729631634,0.004134115729631632,0.004134115729631634,0.0041341157296316345,0.004134115729631632,0.004134115729631633,0.004134115729631631,0.004134115729631631,0.004134115729631632,0.004134115729631634,0.004134115729631634,0.0041341157296316345,0.004134115729631632,0.004134115729631634,0.004134115729631632,0.004134115729631634,0.004134115729631633,0.004134115729631634,0.004134115729631633,0.004134115729631631,0.004134115729631634,0.004134115729631633,0.004134115729631633,0.004134115729631631,0.004134115729631631,0.004134115729631633,0.004134115729631631,0.004134115729631631,0.004134115729631634,0.004134115729631632,0.004134115729631634,0.004134115729631634,0.004134115729631634,0.004134115729631634,0.0041341157296316345,0.0041341157296316345,0.004134115729631634,0.004134115729631634,0.004134115729631633,0.004134115729631634,0.004134115729631632,0.004134115729631633,0.004134115729631634,0.004134115729631634,0.0041341157296316345,0.004134115729631633,0.0041341157296316345,0.0041341157296316345,0.0041341157296316345,0.0041341157296316345,0.004134115729631634,0.004134115729631634,0.004134115729631634,0.004134115729631634,0.004134115729631634,0.004134115729631633,0.004134115729631634,0.004134115729631635,0.004134115729631633,0.0041341157296316345,0.004134115729631634,0.004134115729631635,0.004134115729631634,0.004134115729631635,0.004134115729631634,0.004134115729631635,0.004134115729631635,0.004134115729631635,0.004134115729631633,0.0041341157296316345,0.004134115729631633,0.0041341157296316345,0.004134115729631634,0.004134115729631635,0.0041341157296316345,0.004134115729631635,0.0041341157296316345,0.004134115729631633,0.004134115729631634,0.0041341157296316345,0.0041341157296316345,0.0041341157296316345,0.0041341157296316345,0.004134115729631634,0.004134115729631643,0.004134115729631651,0.004134115729631647,0.004134115729631651,0.00413411572963165,0.00413411572963165,0.00413411572963165,0.00413411572963165,0.004134115729631651,0.004134115729631649,0.00413411572963165,0.004134115729631649,0.004134115729631649,0.004134115729631649,0.004134115729631649,0.004134115729631649,0.004134115729631649,0.004134115729631649,0.004134115729631649,0.004134115729631649,0.004134115729631649,0.004134115729631651,0.004134115729631652,0.004134115729631652,0.004134115729631652,0.004134115729631652,0.004134115729631652,0.004134115729631652,0.004134115729631653,0.004134115729631651,0.004134115729631652,0.004134115729631653,0.004134115729631653,0.004134115729631651,0.004134115729631653,0.004134115729631653,0.0041341157296316535,0.004134115729631652,0.004134115729631652,0.004134115729631653,0.004134115729631652,0.004134115729631652,0.004134115729631651,0.004134115729631653,0.004134115729631651,0.004134115729631652,0.004134115729631651,0.004134115729631651,0.004134115729631652,0.004134115729631652,0.0041341157296316535,0.004134115729631652,0.004134115729631651,0.00413411572963165,0.004134115729631653,0.004134115729631652,0.004134115729631651,0.004134115729631651,0.00413411572963165,0.00413411572963165,0.004134115729631652,0.004134115729631649,0.00413411572963165,0.004134115729631651,0.004134115729631652,0.004134115729631653,0.0041341157296316535,0.004134115729631654,0.004134115729631654,0.004134115729631654,0.004134115729631654,0.004134115729631655,0.0041341157296316535,0.004134115729631654,0.004134115729631653,0.004134115729631654,0.0041341157296316535,0.004134115729631654,0.004134115729631655,0.004134115729631655,0.004134115729631654,0.004134115729631655,0.004134115729631655,0.004134115729631654,0.004134115729631655,0.0041341157296316535,0.004134115729631654,0.004134115729631654,0.0041341157296316535,0.0041341157296316535,0.004134115729631653,0.004134115729631652,0.004134115729631653,0.004134115729631651,0.004134115729631651,0.004134115729631651,0.004134115729631651,0.004134115729631653,0.004134115729631652,0.004134115729631652,0.004134115729631652,0.004134115729631652,0.004134115729631649,0.00413411572963165,0.004134115729631649,0.00413411572963165,0.004134115729631649,0.004134115729631648,0.004134115729631649,0.00413411572963165,0.004134115729631648,0.00413411572963165,0.004134115729631649,0.00413411572963165,0.004134115729631651,0.004134115729631649,0.004134115729631649,0.004134115729631649,0.00413411572963165,0.00413411572963165,0.00413411572963165,0.004134115729631649,0.004134115729631649,0.004134115729631649,0.00413411572963165,0.004134115729631649,0.004134115729631651,0.004134115729631651,0.004134115729631651,0.004134115729631651,0.004134115729631649,0.004134115729631651,0.004134115729631652,0.004134115729631652,0.004134115729631649,0.00413411572963165,0.004134115729631649,0.004134115729631652,0.004134115729631652,0.00413411572963165,0.00413411572963165,0.004134115729631652,0.00413411572963165,0.00413411572963165,0.004134115729631654,0.004134115729631654,0.004134115729631654,0.004134115729631653,0.0041341157296316535,0.004134115729631653,0.004134115729631654,0.004134115729631655,0.0041341157296316535,0.004134115729631655,0.004134115729631655,0.004134115729631655,0.004134115729631654,0.004134115729631655,0.004134115729631654,0.004134115729631655,0.004134115729631655,0.004134115729631655,0.004134115729631654,0.0041341157296316535,0.004134115729631654,0.004134115729631654,0.004134115729631654,0.004134115729631654,0.004134115729631654,0.004134115729631654,0.004134115729631654,0.004134115729631654,0.004134115729631653,0.004134115729631651,0.004134115729631651,0.004134115729631649,0.004134115729631652,0.004134115729631651,0.004134115729631651,0.004134115729631649,0.00413411572963165,0.004134115729631648,0.00413411572963165,0.004134115729631649,0.00413411572963165,0.004134115729631649,0.004134115729631652,0.004134115729631651,0.004134115729631651,0.004134115729631651,0.004134115729631651,0.004134115729631651,0.004134115729631651,0.00413411572963165,0.004134115729631652,0.004134115729631652,0.004134115729631654,0.0041341157296316535,0.004134115729631653,0.004134115729631652,0.0041341157296316535,0.004134115729631652,0.0041341157296316535,0.004134115729631654,0.004134115729631654,0.004134115729631652,0.004134115729631653,0.004134115729631652,0.004134115729631651,0.004134115729631651,0.004134115729631651,0.004134115729631651,0.0041341157296316535,0.004134115729631653,0.004134115729631653,0.004134115729631654,0.004134115729631652,0.004134115729631653,0.004134115729631652,0.004134115729631653,0.004134115729631652,0.004134115729631652,0.004134115729631653,0.004134115729631652,0.004134115729631652,0.004134115729631653,0.004134115729631653,0.004134115729631653,0.0041341157296316535,0.004134115729631653,0.004134115729631655,0.004134115729631654,0.004134115729631655,0.004134115729631654,0.004134115729631655,0.004134115729631654,0.004134115729631655,0.0041341157296316535,0.004134115729631654,0.004134115729631653,0.004134115729631651,0.004134115729631652,0.004134115729631652,0.004134115729631651,0.004134115729631651,0.004134115729631651,0.004134115729631649,0.004134115729631649,0.004134115729631651,0.004134115729631651,0.004134115729631649,0.00413411572963165,0.004134115729631649,0.004134115729631649,0.004134115729631646,0.004134115729631644,0.004134115729631645,0.004134115729631644,0.004134115729631644,0.004134115729631642,0.004134115729631642,0.004134115729631643,0.004134115729631643,0.004134115729631644,0.004134115729631643,0.004134115729631643,0.004134115729631642,0.004134115729631642,0.004134115729631641,0.004134115729631642,0.004134115729631641,0.0041341157296316405,0.0041341157296316405,0.004134115729631641,0.004134115729631641,0.0041341157296316405,0.0041341157296316405,0.004134115729631641,0.004134115729631641,0.004134115729631642,0.004134115729631642,0.004134115729631642,0.004134115729631641,0.0041341157296316405,0.004134115729631642,0.004134115729631642,0.004134115729631643,0.004134115729631642,0.004134115729631643,0.004134115729631642,0.004134115729631643,0.004134115729631643,0.004134115729631643,0.004134115729631644,0.004134115729631642,0.004134115729631643,0.004134115729631642,0.004134115729631643,0.004134115729631641,0.004134115729631643,0.004134115729631642,0.004134115729631642,0.004134115729631642,0.004134115729631644,0.004134115729631642,0.004134115729631643,0.004134115729631642,0.004134115729631642,0.004134115729631641,0.004134115729631641,0.004134115729631642,0.004134115729631641,0.004134115729631642,0.004134115729631641,0.004134115729631643,0.004134115729631642,0.004134115729631643,0.004134115729631642,0.004134115729631642,0.004134115729631641,0.004134115729631643,0.004134115729631641,0.004134115729631643,0.004134115729631641,0.00413411572963164,0.0041341157296316405,0.004134115729631643,0.004134115729631643,0.004134115729631645,0.004134115729631641,0.00413411572963164,0.004134115729631641,0.00413411572963164,0.0041341157296316405,0.0041341157296316405,0.0041341157296316405,0.0041341157296316405,0.004134115729631642,0.00413411572963164,0.0041341157296316405,0.00413411572963164,0.0041341157296316405,0.00413411572963164,0.0041341157296316405,0.0041341157296316405,0.0041341157296316405,0.0041341157296316405,0.00413411572963164,0.0041341157296316405,0.0041341157296316405,0.004134115729631642,0.004134115729631642,0.004134115729631642,0.004134115729631642,0.004134115729631641,0.004134115729631641,0.0041341157296316405,0.004134115729631641,0.004134115729631642,0.004134115729631641,0.004134115729631641,0.004134115729631641,0.0041341157296316405,0.0041341157296316405,0.0041341157296316405,0.004134115729631641,0.00413411572963164,0.0041341157296316405,0.00413411572963164,0.00413411572963164,0.004134115729631641,0.004134115729631642,0.004134115729631643,0.004134115729631641,0.0041341157296316405,0.0041341157296316405,0.004134115729631641,0.00413411572963164,0.0041341157296316405,0.0041341157296316405,0.0041341157296316405,0.0041341157296316405,0.00413411572963164,0.0041341157296316405,0.0041341157296316405,0.004134115729631641,0.004134115729631641,0.004134115729631641,0.004134115729631642,0.004134115729631642,0.0041341157296316405,0.004134115729631641,0.004134115729631641,0.0041341157296316405,0.0041341157296316405,0.0041341157296316405,0.0041341157296316405,0.0041341157296316405,0.0041341157296316405,0.0041341157296316405,0.00413411572963164,0.0041341157296316405,0.0041341157296316405,0.004134115729631642,0.00413411572963164,0.00413411572963164,0.004134115729631639,0.00413411572963164,0.00413411572963164,0.0041341157296316405,0.0041341157296316405,0.0041341157296316405,0.00413411572963164,0.0041341157296316405,0.0041341157296316405,0.00413411572963164,0.0041341157296316405,0.00413411572963164,0.004134115729631639,0.004134115729631639,0.00413411572963164,0.004134115729631639,0.004134115729631639,0.004134115729631639,0.004134115729631638,0.004134115729631637,0.004134115729631638,0.004134115729631637,0.004134115729631637,0.004134115729631638,0.004134115729631639,0.004134115729631639,0.00413411572963164,0.004134115729631638,0.004134115729631639,0.004134115729631638,0.004134115729631638,0.00413411572963164,0.004134115729631638,0.00413411572963164,0.004134115729631639,0.0041341157296316405,0.0041341157296316405,0.0041341157296316405,0.00413411572963164,0.00413411572963164,0.004134115729631641,0.004134115729631641,0.004134115729631643,0.004134115729631642,0.004134115729631642,0.004134115729631643,0.004134115729631642,0.004134115729631641,0.004134115729631642,0.004134115729631641,0.0041341157296316405,0.0041341157296316405,0.004134115729631639,0.0041341157296316405,0.004134115729631641,0.004134115729631641,0.0041341157296316405,0.004134115729631642,0.004134115729631642,0.004134115729631642,0.0041341157296316405,0.004134115729631642,0.004134115729631643,0.004134115729631643,0.004134115729631643,0.004134115729631642,0.004134115729631641,0.004134115729631642,0.004134115729631643,0.004134115729631643,0.004134115729631645,0.004134115729631643,0.004134115729631644,0.004134115729631642,0.004134115729631645,0.004134115729631643,0.004134115729631645,0.004134115729631646,0.004134115729631645,0.004134115729631647,0.004134115729631646,0.004134115729631646,0.004134115729631645,0.004134115729631643,0.004134115729631642,0.004134115729631641,0.004134115729631641,0.004134115729631643,0.004134115729631642,0.004134115729631642,0.0041341157296316405,0.004134115729631642,0.004134115729631645,0.004134115729631646,0.0041341157296316475,0.004134115729631648,0.004134115729631648,0.00413411572963165,0.004134115729631649,0.004134115729631648,0.00413411572963165,0.004134115729631651,0.00413411572963165,0.004134115729631649,0.004134115729631648,0.004134115729631648,0.0041341157296316475,0.004134115729631649,0.004134115729631649,0.004134115729631651,0.00413411572963165,0.004134115729631649,0.004134115729631649,0.00413411572963165,0.00413411572963165,0.00413411572963165,0.004134115729631649,0.00413411572963165,0.00413411572963165,0.004134115729631649,0.004134115729631651,0.004134115729631649,0.004134115729631651,0.00413411572963165,0.00413411572963165,0.00413411572963165,0.00413411572963165,0.004134115729631649,0.004134115729631649,0.004134115729631649,0.0041341157296316475,0.0041341157296316475,0.0041341157296316475,0.00413411572963165,0.004134115729631648,0.00413411572963165,0.004134115729631649,0.00413411572963165,0.0041341157296316535,0.004134115729631651,0.004134115729631653,0.004134115729631652,0.004134115729631653,0.004134115729631652,0.004134115729631653,0.004134115729631651,0.00413411572963165,0.004134115729631652,0.0041341157296316535,0.004134115729631651,0.004134115729631652,0.004134115729631651,0.004134115729631652,0.004134115729631651,0.004134115729631652,0.004134115729631653,0.004134115729631653,0.0041341157296316535,0.004134115729631652,0.004134115729631653,0.004134115729631653,0.004134115729631653,0.004134115729631653,0.004134115729631653,0.004134115729631652,0.0041341157296316535,0.004134115729631654,0.0041341157296316535,0.004134115729631653,0.0041341157296316535,0.004134115729631653,0.004134115729631652,0.004134115729631652,0.004134115729631652,0.004134115729631652,0.004134115729631652,0.004134115729631654,0.004134115729631653,0.004134115729631654,0.0041341157296316535,0.0041341157296316535,0.004134115729631652,0.0041341157296316535,0.004134115729631652,0.004134115729631652,0.004134115729631652,0.004134115729631652,0.0041341157296316535,0.004134115729631653,0.0041341157296316535,0.004134115729631653,0.004134115729631654,0.0041341157296316535,0.004134115729631653,0.0041341157296316535,0.004134115729631654,0.0041341157296316535,0.004134115729631654,0.004134115729631654,0.004134115729631654,0.0041341157296316535,0.0041341157296316535,0.004134115729631654,0.0041341157296316535,0.004134115729631655,0.004134115729631654,0.004134115729631655,0.0041341157296316535,0.004134115729631654,0.004134115729631653,0.004134115729631654,0.0041341157296316535,0.0041341157296316535,0.004134115729631652,0.004134115729631653,0.004134115729631652,0.0041341157296316535,0.004134115729631653,0.004134115729631652,0.004134115729631652,0.004134115729631652,0.004134115729631653,0.004134115729631652,0.004134115729631651,0.0041341157296316535,0.0041341157296316535,0.004134115729631652,0.004134115729631653,0.0041341157296316535,0.004134115729631653,0.0041341157296316535,0.004134115729631653,0.004134115729631651,0.004134115729631653,0.004134115729631651,0.004134115729631651,0.004134115729631651,0.004134115729631651,0.004134115729631649,0.004134115729631652,0.00413411572963165,0.004134115729631652,0.004134115729631649,0.004134115729631652,0.004134115729631652,0.004134115729631649,0.004134115729631649,0.00413411572963165,0.00413411572963165,0.004134115729631651,0.00413411572963165,0.004134115729631649,0.00413411572963165,0.004134115729631649,0.00413411572963165,0.004134115729631648,0.004134115729631649,0.00413411572963165,0.004134115729631649,0.004134115729631649,0.00413411572963165,0.004134115729631648,0.004134115729631649,0.004134115729631649,0.004134115729631648,0.004134115729631649,0.004134115729631649,0.00413411572963165,0.004134115729631649,0.004134115729631651,0.004134115729631651,0.00413411572963165,0.00413411572963165,0.004134115729631649,0.004134115729631649,0.004134115729631648,0.004134115729631648,0.004134115729631649,0.004134115729631649,0.004134115729631648,0.0041341157296316475,0.004134115729631648,0.00413411572963165,0.00413411572963165,0.00413411572963165,0.004134115729631651,0.00413411572963165,0.004134115729631649,0.004134115729631651,0.004134115729631649,0.00413411572963165,0.004134115729631649,0.00413411572963165,0.004134115729631648,0.004134115729631649,0.004134115729631649,0.00413411572963165,0.004134115729631648,0.004134115729631649,0.004134115729631648,0.004134115729631648,0.00413411572963165,0.004134115729631649,0.004134115729631652,0.004134115729631651,0.004134115729631651,0.004134115729631652,0.00413411572963165,0.00413411572963165,0.004134115729631649,0.004134115729631649,0.00413411572963165,0.00413411572963165,0.00413411572963165,0.004134115729631649,0.00413411572963165,0.004134115729631649,0.004134115729631651,0.00413411572963165,0.004134115729631649,0.00413411572963165,0.004134115729631651,0.00413411572963165,0.004134115729631648,0.00413411572963165,0.004134115729631649,0.004134115729631648,0.004134115729631648,0.004134115729631648,0.004134115729631648,0.004134115729631649,0.0041341157296316475,0.004134115729631646,0.004134115729631647,0.004134115729631648,0.004134115729631648,0.0041341157296316475,0.004134115729631646,0.004134115729631646,0.004134115729631646,0.004134115729631644,0.004134115729631646,0.004134115729631645,0.004134115729631645,0.004134115729631646,0.004134115729631645,0.004134115729631647,0.004134115729631647,0.0041341157296316475,0.0041341157296316475,0.004134115729631646,0.004134115729631647,0.004134115729631646,0.0041341157296316475,0.004134115729631646,0.004134115729631647,0.004134115729631644,0.004134115729631647,0.004134115729631644,0.004134115729631647,0.004134115729631645,0.004134115729631646,0.004134115729631644,0.004134115729631644,0.004134115729631644,0.004134115729631645,0.004134115729631645,0.004134115729631645,0.004134115729631646,0.004134115729631645,0.004134115729631645,0.004134115729631644,0.004134115729631645,0.004134115729631645,0.004134115729631646,0.004134115729631645,0.004134115729631645,0.004134115729631644,0.004134115729631645,0.004134115729631642,0.004134115729631645,0.004134115729631645,0.004134115729631645,0.004134115729631644,0.004134115729631645,0.004134115729631646,0.004134115729631645,0.004134115729631646,0.004134115729631646,0.004134115729631644,0.004134115729631644,0.004134115729631645,0.004134115729631642,0.004134115729631645,0.004134115729631645,0.004134115729631645,0.004134115729631645,0.004134115729631643,0.004134115729631646,0.004134115729631644,0.004134115729631645,0.004134115729631645,0.004134115729631645,0.004134115729631645,0.004134115729631646,0.004134115729631645,0.004134115729631647,0.004134115729631644,0.004134115729631644,0.004134115729631645,0.004134115729631644,0.004134115729631643,0.004134115729631642,0.004134115729631643,0.004134115729631642,0.004134115729631642,0.004134115729631642,0.004134115729631641,0.004134115729631642,0.0041341157296316405,0.004134115729631641,0.004134115729631641,0.004134115729631641,0.004134115729631642,0.0041341157296316405,0.00413411572963164,0.0041341157296316405,0.004134115729631642,0.004134115729631641,0.004134115729631641,0.004134115729631641,0.004134115729631644,0.004134115729631643,0.004134115729631642,0.004134115729631643,0.004134115729631643,0.004134115729631642,0.004134115729631644,0.004134115729631644,0.004134115729631643,0.004134115729631643,0.004134115729631643,0.004134115729631642,0.004134115729631642,0.0041341157296316405,0.0041341157296316405,0.004134115729631641,0.004134115729631641,0.004134115729631642,0.004134115729631641,0.004134115729631642,0.004134115729631641,0.004134115729631641,0.0041341157296316405,0.00413411572963164,0.0041341157296316405,0.004134115729631641,0.004134115729631639,0.0041341157296316405,0.00413411572963164,0.0041341157296316405,0.004134115729631642,0.0041341157296316405,0.0041341157296316405,0.0041341157296316405,0.0041341157296316405,0.00413411572963164,0.004134115729631641,0.004134115729631641,0.004134115729631641,0.00413411572963164,0.004134115729631644,0.004134115729631643,0.004134115729631646,0.004134115729631645,0.004134115729631643,0.004134115729631645,0.004134115729631644,0.004134115729631645,0.004134115729631644,0.004134115729631645,0.004134115729631644,0.004134115729631645,0.004134115729631644,0.004134115729631644,0.004134115729631644,0.004134115729631645,0.004134115729631644,0.004134115729631647,0.0041341157296316475,0.004134115729631645,0.0041341157296316475,0.004134115729631647,0.004134115729631647,0.0041341157296316475,0.004134115729631647,0.004134115729631647,0.0041341157296316475,0.004134115729631647,0.004134115729631648,0.0041341157296316475,0.004134115729631648,0.0041341157296316475,0.0041341157296316475,0.004134115729631647,0.0041341157296316475,0.004134115729631646,0.004134115729631647,0.004134115729631647,0.004134115729631646,0.004134115729631645,0.004134115729631647,0.004134115729631647,0.004134115729631647,0.004134115729631647,0.004134115729631647,0.004134115729631646,0.004134115729631647,0.0041341157296316475,0.004134115729631646,0.0041341157296316475,0.004134115729631647,0.004134115729631647,0.004134115729631645,0.0041341157296316475,0.0041341157296316475,0.004134115729631647,0.004134115729631647,0.004134115729631645,0.004134115729631645,0.004134115729631647,0.004134115729631647,0.004134115729631645,0.004134115729631645,0.004134115729631645,0.004134115729631645,0.004134115729631647,0.004134115729631646,0.004134115729631646,0.0041341157296316475,0.004134115729631647,0.004134115729631645,0.004134115729631646,0.004134115729631646,0.004134115729631647,0.004134115729631645,0.004134115729631646,0.004134115729631645,0.004134115729631647,0.004134115729631645,0.004134115729631646,0.004134115729631647,0.004134115729631647,0.004134115729631647,0.004134115729631647,0.004134115729631646,0.0041341157296316475,0.004134115729631647,0.004134115729631646,0.004134115729631645,0.004134115729631645,0.004134115729631645,0.004134115729631645,0.004134115729631646,0.004134115729631644,0.004134115729631645,0.004134115729631644,0.004134115729631646,0.004134115729631644,0.004134115729631645,0.004134115729631645,0.004134115729631645,0.004134115729631645,0.004134115729631645,0.004134115729631645,0.004134115729631645,0.004134115729631644,0.004134115729631645,0.004134115729631644,0.004134115729631644,0.004134115729631645,0.004134115729631645,0.004134115729631645,0.004134115729631647,0.0041341157296316475,0.004134115729631646,0.004134115729631648,0.0041341157296316475,0.0041341157296316475,0.004134115729631647,0.004134115729631647,0.004134115729631647,0.0041341157296316475,0.004134115729631646,0.0041341157296316475,0.004134115729631646,0.0041341157296316475,0.004134115729631647,0.004134115729631647,0.004134115729631647,0.004134115729631646,0.0041341157296316475,0.004134115729631647,0.004134115729631645,0.004134115729631646,0.0041341157296316475,0.004134115729631646,0.004134115729631646,0.004134115729631645,0.004134115729631645,0.004134115729631646,0.004134115729631645,0.004134115729631646,0.004134115729631644,0.004134115729631644,0.0041341157296316475,0.004134115729631647,0.0041341157296316475,0.0041341157296316475,0.0041341157296316475,0.004134115729631648,0.004134115729631647,0.004134115729631647,0.004134115729631647,0.004134115729631647,0.004134115729631646,0.004134115729631647,0.004134115729631646,0.004134115729631647,0.004134115729631647,0.004134115729631647,0.004134115729631645,0.004134115729631646,0.004134115729631647,0.004134115729631645,0.004134115729631644,0.004134115729631646,0.004134115729631647,0.004134115729631646,0.004134115729631647,0.004134115729631646,0.004134115729631645,0.004134115729631647,0.004134115729631649,0.0041341157296316475,0.004134115729631647,0.004134115729631647,0.004134115729631647,0.004134115729631647,0.0041341157296316475,0.004134115729631645,0.004134115729631647,0.004134115729631647,0.004134115729631647,0.004134115729631645,0.004134115729631647,0.004134115729631648,0.0041341157296316475,0.0041341157296316475,0.004134115729631647,0.004134115729631646,0.004134115729631647,0.0041341157296316475,0.004134115729631646,0.0041341157296316475,0.0041341157296316475,0.004134115729631648,0.004134115729631647,0.004134115729631647,0.0041341157296316475,0.004134115729631647,0.0041341157296316475,0.004134115729631646,0.004134115729631645,0.004134115729631647,0.004134115729631644,0.004134115729631647,0.004134115729631645,0.004134115729631645,0.0041341157296316475,0.004134115729631647,0.004134115729631647,0.004134115729631645,0.004134115729631647,0.004134115729631645,0.004134115729631647,0.004134115729631644,0.004134115729631647,0.004134115729631647,0.004134115729631646,0.004134115729631645,0.004134115729631647,0.004134115729631645,0.004134115729631646,0.004134115729631645,0.004134115729631645,0.004134115729631645,0.004134115729631645,0.004134115729631645,0.004134115729631645,0.004134115729631646,0.004134115729631645,0.004134115729631645,0.004134115729631645,0.004134115729631645,0.004134115729631645,0.004134115729631646,0.004134115729631645,0.004134115729631646,0.0041341157296316475,0.0041341157296316475,0.0041341157296316475,0.0041341157296316475,0.004134115729631647,0.004134115729631649,0.00413411572963165,0.004134115729631648,0.004134115729631648,0.004134115729631648,0.004134115729631649,0.004134115729631649,0.00413411572963165,0.004134115729631649,0.00413411572963165,0.004134115729631649,0.00413411572963165,0.004134115729631649,0.004134115729631649,0.004134115729631649,0.004134115729631649,0.00413411572963165,0.00413411572963165,0.004134115729631649,0.004134115729631651,0.00413411572963165,0.00413411572963165,0.004134115729631649,0.00413411572963165,0.00413411572963165,0.0041341157296316475,0.004134115729631648,0.004134115729631648,0.004134115729631649,0.004134115729631648,0.00413411572963165,0.00413411572963165,0.00413411572963165,0.00413411572963165,0.00413411572963165,0.004134115729631648,0.004134115729631649,0.004134115729631649,0.004134115729631648,0.004134115729631648,0.004134115729631651,0.00413411572963165,0.004134115729631649,0.00413411572963165,0.004134115729631649,0.004134115729631649,0.00413411572963165,0.004134115729631652,0.004134115729631651,0.004134115729631652,0.004134115729631651,0.004134115729631651,0.004134115729631651,0.004134115729631652,0.004134115729631652,0.004134115729631651,0.00413411572963165,0.00413411572963165,0.004134115729631649,0.00413411572963165,0.004134115729631653,0.004134115729631649,0.004134115729631651,0.004134115729631651,0.004134115729631651,0.004134115729631652,0.004134115729631651,0.00413411572963165,0.00413411572963165,0.004134115729631649,0.004134115729631649,0.004134115729631649,0.004134115729631652,0.00413411572963165,0.004134115729631651,0.00413411572963165,0.004134115729631652,0.004134115729631652,0.004134115729631652,0.004134115729631653,0.004134115729631651,0.004134115729631653,0.004134115729631651,0.004134115729631653,0.004134115729631652,0.004134115729631652,0.004134115729631652,0.004134115729631651,0.004134115729631653,0.004134115729631653,0.004134115729631652,0.004134115729631653,0.004134115729631653,0.004134115729631653,0.004134115729631653,0.0041341157296316535,0.004134115729631652,0.004134115729631654,0.004134115729631654,0.004134115729631654,0.004134115729631656,0.004134115729631654,0.004134115729631655,0.0041341157296316535,0.004134115729631654,0.004134115729631654,0.004134115729631656,0.004134115729631655,0.004134115729631655,0.004134115729631654,0.004134115729631655,0.004134115729631654,0.004134115729631654,0.004134115729631654,0.004134115729631654,0.004134115729631655,0.004134115729631654,0.004134115729631654,0.0041341157296316535,0.004134115729631655,0.004134115729631654,0.004134115729631655,0.004134115729631654,0.004134115729631654,0.004134115729631655,0.004134115729631653,0.004134115729631653,0.004134115729631652,0.004134115729631652,0.004134115729631652,0.004134115729631651,0.004134115729631652,0.004134115729631652,0.004134115729631652,0.004134115729631653,0.004134115729631654,0.004134115729631653,0.004134115729631652,0.0041341157296316535,0.0041341157296316535,0.0041341157296316535,0.0041341157296316535,0.004134115729631653,0.004134115729631653,0.004134115729631655,0.0041341157296316535,0.004134115729631653,0.0041341157296316535,0.004134115729631654,0.004134115729631653,0.004134115729631653,0.004134115729631654,0.004134115729631654,0.0041341157296316535,0.004134115729631654,0.0041341157296316535,0.004134115729631653,0.004134115729631655,0.004134115729631654,0.004134115729631655,0.0041341157296316535,0.0041341157296316535,0.004134115729631653,0.004134115729631655,0.004134115729631654,0.004134115729631654,0.004134115729631652,0.004134115729631655,0.0041341157296316535,0.004134115729631654,0.004134115729631653,0.0041341157296316535,0.004134115729631653,0.004134115729631654,0.0041341157296316535,0.004134115729631653,0.004134115729631655,0.0041341157296316535,0.004134115729631655,0.004134115729631655,0.004134115729631655,0.004134115729631654,0.004134115729631653,0.004134115729631652,0.0041341157296316535,0.0041341157296316535,0.0041341157296316535,0.004134115729631652,0.004134115729631653,0.004134115729631652,0.004134115729631653,0.0041341157296316535,0.004134115729631653,0.004134115729631654,0.004134115729631654,0.004134115729631655,0.0041341157296316535,0.0041341157296316535,0.004134115729631653,0.004134115729631654,0.004134115729631653,0.004134115729631653,0.004134115729631653,0.004134115729631653,0.004134115729631654,0.004134115729631654,0.004134115729631653,0.0041341157296316535,0.004134115729631654,0.0041341157296316535,0.004134115729631654,0.004134115729631654,0.004134115729631654,0.004134115729631654,0.004134115729631654,0.004134115729631654,0.004134115729631654,0.0041341157296316535,0.004134115729631655,0.0041341157296316535,0.004134115729631655,0.0041341157296316535,0.004134115729631654,0.004134115729631656,0.004134115729631658,0.004134115729631657,0.00413411572963166,0.004134115729631659,0.004134115729631659,0.004134115729631658,0.00413411572963166,0.00413411572963166,0.00413411572963166,0.00413411572963166,0.00413411572963166,0.004134115729631659,0.004134115729631659,0.00413411572963166,0.004134115729631659,0.004134115729631658,0.004134115729631657,0.004134115729631659,0.004134115729631657,0.004134115729631659,0.004134115729631659,0.00413411572963166,0.00413411572963166,0.004134115729631659,0.004134115729631659,0.004134115729631659,0.00413411572963166,0.004134115729631659,0.00413411572963166,0.004134115729631659,0.004134115729631658,0.004134115729631659,0.004134115729631657,0.004134115729631659,0.004134115729631657,0.004134115729631658,0.004134115729631657,0.004134115729631657,0.004134115729631656,0.004134115729631656,0.004134115729631656,0.004134115729631655,0.004134115729631655,0.004134115729631655,0.004134115729631656,0.004134115729631656,0.004134115729631655,0.004134115729631656,0.004134115729631656,0.004134115729631655,0.004134115729631654,0.004134115729631654,0.004134115729631654,0.004134115729631655,0.004134115729631655,0.004134115729631656,0.004134115729631654,0.0041341157296316535,0.004134115729631654,0.004134115729631656,0.004134115729631656,0.004134115729631657,0.004134115729631656,0.004134115729631656,0.004134115729631655,0.004134115729631657,0.004134115729631657,0.00413411572963166,0.004134115729631658,0.004134115729631657,0.004134115729631657,0.004134115729631655,0.004134115729631656,0.004134115729631656,0.004134115729631655,0.004134115729631655,0.004134115729631654,0.004134115729631655,0.004134115729631654,0.004134115729631655,0.004134115729631654,0.004134115729631654,0.004134115729631654,0.004134115729631654,0.004134115729631654,0.004134115729631654,0.0041341157296316535,0.004134115729631654,0.004134115729631654,0.0041341157296316535,0.004134115729631653,0.004134115729631652,0.004134115729631651,0.004134115729631652,0.004134115729631652,0.004134115729631649,0.00413411572963165,0.004134115729631652,0.004134115729631653,0.004134115729631652,0.004134115729631652,0.004134115729631651,0.004134115729631652,0.004134115729631651,0.004134115729631651,0.00413411572963165,0.004134115729631651,0.00413411572963165,0.004134115729631652,0.00413411572963165,0.004134115729631651,0.004134115729631652,0.0041341157296316535,0.004134115729631652,0.00413411572963165,0.00413411572963165,0.004134115729631649,0.00413411572963165,0.00413411572963165,0.00413411572963165,0.00413411572963165,0.004134115729631649,0.004134115729631649,0.004134115729631649,0.00413411572963165,0.004134115729631651,0.004134115729631649,0.00413411572963165,0.004134115729631649,0.00413411572963165,0.004134115729631649,0.004134115729631649,0.004134115729631649,0.00413411572963165,0.004134115729631648,0.004134115729631648,0.004134115729631648,0.004134115729631649,0.00413411572963165,0.004134115729631649,0.0041341157296316535,0.004134115729631654,0.004134115729631653,0.004134115729631654,0.004134115729631655,0.0041341157296316535,0.004134115729631654,0.0041341157296316535,0.0041341157296316535,0.0041341157296316535,0.004134115729631654,0.004134115729631654,0.004134115729631654,0.004134115729631654,0.004134115729631654,0.004134115729631654,0.004134115729631654,0.004134115729631654,0.0041341157296316535,0.004134115729631654,0.004134115729631653,0.0041341157296316535,0.0041341157296316535,0.0041341157296316535,0.004134115729631654,0.004134115729631654,0.004134115729631654,0.004134115729631654,0.004134115729631653,0.004134115729631654,0.004134115729631653,0.004134115729631654,0.004134115729631655,0.0041341157296316535,0.0041341157296316535,0.004134115729631653,0.004134115729631653,0.004134115729631652,0.004134115729631654,0.004134115729631652,0.004134115729631652,0.00413411572963165,0.004134115729631653,0.004134115729631651,0.004134115729631653,0.004134115729631651,0.004134115729631651,0.004134115729631652,0.004134115729631652,0.004134115729631651,0.004134115729631651,0.00413411572963165,0.004134115729631651,0.004134115729631652,0.004134115729631651,0.004134115729631652,0.004134115729631653,0.004134115729631654,0.004134115729631653,0.004134115729631654,0.004134115729631653,0.004134115729631653,0.0041341157296316535,0.004134115729631653,0.004134115729631652,0.004134115729631653,0.004134115729631652,0.004134115729631651,0.004134115729631651,0.004134115729631653,0.004134115729631652,0.004134115729631653,0.004134115729631653,0.0041341157296316535,0.004134115729631652,0.004134115729631652,0.004134115729631652,0.004134115729631652,0.004134115729631652,0.004134115729631653,0.004134115729631652,0.004134115729631652,0.004134115729631653,0.004134115729631652,0.004134115729631652,0.0041341157296316535,0.004134115729631653,0.004134115729631653,0.004134115729631653,0.0041341157296316535,0.004134115729631654,0.004134115729631653,0.004134115729631653,0.004134115729631651,0.004134115729631652,0.004134115729631653,0.0041341157296316535,0.004134115729631655,0.004134115729631657,0.00413411572963166,0.00413411572963166,0.004134115729631661,0.00413411572963166,0.00413411572963166,0.0041341157296316605,0.0041341157296316605,0.004134115729631661,0.004134115729631661,0.00413411572963166,0.00413411572963166,0.0041341157296316605,0.004134115729631661,0.0041341157296316605,0.00413411572963166,0.004134115729631661,0.004134115729631661,0.004134115729631662,0.004134115729631662,0.0041341157296316605,0.004134115729631661,0.0041341157296316605,0.00413411572963166,0.00413411572963166,0.00413411572963166,0.0041341157296316605,0.004134115729631659,0.004134115729631661,0.00413411572963166,0.00413411572963166,0.00413411572963166,0.0041341157296316605,0.0041341157296316605,0.0041341157296316605,0.004134115729631659,0.0041341157296316605,0.004134115729631659,0.004134115729631661,0.004134115729631662,0.004134115729631661,0.004134115729631662,0.004134115729631661,0.004134115729631664,0.0041341157296316605,0.004134115729631662,0.004134115729631662,0.004134115729631662,0.004134115729631661,0.004134115729631661,0.004134115729631662,0.0041341157296316605,0.004134115729631662,0.004134115729631661,0.0041341157296316605,0.004134115729631661,0.0041341157296316605,0.004134115729631661,0.004134115729631661,0.004134115729631662,0.004134115729631662,0.0041341157296316605,0.0041341157296316605,0.004134115729631661,0.0041341157296316605,0.00413411572963166,0.00413411572963166,0.00413411572963166,0.00413411572963166,0.00413411572963166,0.004134115729631659,0.00413411572963166,0.004134115729631662,0.0041341157296316605,0.0041341157296316605,0.00413411572963166,0.004134115729631661,0.00413411572963166,0.004134115729631661,0.0041341157296316605,0.0041341157296316605,0.0041341157296316605,0.0041341157296316605,0.0041341157296316605,0.0041341157296316605,0.004134115729631661,0.004134115729631661,0.0041341157296316605,0.004134115729631661,0.004134115729631661,0.004134115729631661,0.004134115729631661,0.004134115729631662,0.004134115729631662,0.004134115729631661,0.004134115729631661,0.004134115729631662,0.004134115729631661,0.004134115729631663,0.004134115729631664,0.004134115729631663,0.004134115729631665,0.004134115729631665,0.004134115729631666,0.004134115729631664,0.004134115729631665,0.004134115729631665,0.004134115729631664,0.0041341157296316666,0.004134115729631664,0.0041341157296316666,0.004134115729631665,0.004134115729631666,0.004134115729631666,0.004134115729631665,0.004134115729631665,0.004134115729631664,0.004134115729631665,0.0041341157296316666,0.004134115729631665,0.004134115729631666,0.004134115729631664,0.004134115729631665,0.0041341157296316605,0.004134115729631659,0.004134115729631658,0.004134115729631656,0.004134115729631656,0.004134115729631656,0.004134115729631655,0.004134115729631657,0.004134115729631656,0.004134115729631657,0.004134115729631657,0.004134115729631656,0.004134115729631657,0.004134115729631657,0.004134115729631656,0.004134115729631656,0.004134115729631656,0.004134115729631657,0.004134115729631656,0.004134115729631657,0.004134115729631655,0.004134115729631655,0.004134115729631657,0.004134115729631656,0.004134115729631656,0.004134115729631655,0.004134115729631656,0.004134115729631656,0.004134115729631655,0.004134115729631656,0.004134115729631654,0.004134115729631656,0.004134115729631656,0.004134115729631656,0.004134115729631657,0.004134115729631658,0.004134115729631657,0.004134115729631656,0.004134115729631656,0.004134115729631657,0.004134115729631659,0.004134115729631658,0.004134115729631659,0.004134115729631657,0.004134115729631659,0.004134115729631658,0.004134115729631656,0.004134115729631658,0.004134115729631659,0.00413411572963166,0.00413411572963166,0.004134115729631659,0.004134115729631659,0.004134115729631659,0.00413411572963166,0.004134115729631659,0.004134115729631658,0.004134115729631659,0.004134115729631657,0.004134115729631658,0.004134115729631658,0.004134115729631659,0.004134115729631659,0.004134115729631659,0.004134115729631659,0.004134115729631658,0.004134115729631655,0.004134115729631656,0.004134115729631655,0.004134115729631656,0.004134115729631657,0.004134115729631658,0.004134115729631655,0.004134115729631656,0.004134115729631656,0.004134115729631657,0.004134115729631657,0.004134115729631656,0.004134115729631656,0.004134115729631656,0.004134115729631657,0.004134115729631657,0.004134115729631657,0.004134115729631657,0.004134115729631658,0.004134115729631656,0.004134115729631657,0.004134115729631655,0.004134115729631654,0.004134115729631656,0.004134115729631655,0.004134115729631655,0.004134115729631657,0.004134115729631655,0.004134115729631655,0.004134115729631655,0.004134115729631655,0.004134115729631656,0.004134115729631655,0.004134115729631655,0.004134115729631657,0.004134115729631656,0.004134115729631656,0.004134115729631655,0.004134115729631656,0.004134115729631659,0.004134115729631657,0.004134115729631657,0.004134115729631657,0.004134115729631656,0.004134115729631657,0.004134115729631655,0.004134115729631654,0.004134115729631655,0.004134115729631654,0.004134115729631655,0.004134115729631654,0.004134115729631654,0.004134115729631654,0.004134115729631655,0.004134115729631654,0.004134115729631654,0.004134115729631655,0.004134115729631655,0.004134115729631654,0.004134115729631654,0.004134115729631654,0.004134115729631654,0.004134115729631652,0.004134115729631654,0.0041341157296316535,0.004134115729631654,0.0041341157296316535,0.0041341157296316535,0.004134115729631653,0.004134115729631654,0.0041341157296316535,0.004134115729631654,0.004134115729631654,0.0041341157296316535,0.004134115729631654,0.004134115729631654,0.004134115729631654,0.004134115729631654,0.004134115729631653,0.004134115729631652,0.004134115729631652,0.004134115729631652,0.004134115729631653,0.0041341157296316535,0.0041341157296316535,0.004134115729631653,0.0041341157296316535,0.004134115729631652,0.0041341157296316535,0.004134115729631653,0.004134115729631653,0.004134115729631652,0.004134115729631652,0.0041341157296316535,0.004134115729631653,0.004134115729631652,0.0041341157296316535,0.0041341157296316535,0.004134115729631653,0.004134115729631652,0.004134115729631652,0.004134115729631651,0.004134115729631652,0.004134115729631651,0.004134115729631652,0.004134115729631652,0.00413411572963165,0.004134115729631651,0.004134115729631651,0.004134115729631653,0.004134115729631652,0.0041341157296316535,0.004134115729631651,0.004134115729631652,0.004134115729631653,0.004134115729631652,0.004134115729631652,0.004134115729631652,0.00413411572963165,0.004134115729631652,0.004134115729631655,0.0041341157296316535,0.004134115729631654,0.0041341157296316535,0.0041341157296316535,0.004134115729631654,0.004134115729631654,0.004134115729631653,0.0041341157296316535,0.004134115729631653,0.004134115729631653,0.004134115729631653,0.004134115729631652,0.0041341157296316535,0.0041341157296316535,0.004134115729631654,0.004134115729631655,0.004134115729631654,0.004134115729631654,0.004134115729631654,0.004134115729631654,0.004134115729631653,0.0041341157296316535,0.0041341157296316535,0.004134115729631653,0.0041341157296316535,0.004134115729631651,0.004134115729631651,0.004134115729631651,0.004134115729631653,0.004134115729631652,0.0041341157296316535,0.004134115729631652,0.004134115729631653,0.004134115729631651,0.004134115729631652,0.004134115729631652,0.004134115729631652,0.004134115729631651,0.004134115729631652,0.00413411572963165,0.004134115729631651,0.004134115729631652,0.004134115729631652,0.004134115729631653,0.004134115729631653,0.004134115729631651,0.004134115729631652,0.004134115729631651,0.004134115729631652,0.00413411572963165,0.004134115729631649,0.004134115729631649,0.00413411572963165,0.004134115729631649,0.00413411572963165,0.004134115729631651,0.004134115729631649,0.004134115729631649,0.004134115729631649,0.0041341157296316475,0.0041341157296316475,0.004134115729631648,0.004134115729631648,0.0041341157296316475,0.004134115729631648,0.0041341157296316475,0.004134115729631647,0.0041341157296316475,0.004134115729631647,0.0041341157296316475,0.004134115729631647,0.004134115729631645,0.004134115729631646,0.004134115729631646,0.004134115729631645,0.004134115729631647,0.004134115729631645,0.004134115729631646,0.004134115729631644,0.004134115729631644,0.004134115729631644,0.004134115729631645,0.004134115729631644,0.004134115729631647,0.004134115729631644,0.004134115729631646,0.004134115729631645,0.004134115729631645,0.004134115729631645,0.004134115729631646,0.004134115729631644,0.004134115729631645,0.004134115729631645,0.004134115729631643,0.004134115729631644,0.004134115729631644,0.004134115729631643,0.004134115729631642,0.004134115729631642,0.00413411572963164,0.00413411572963164,0.004134115729631642,0.004134115729631641,0.004134115729631641,0.004134115729631642,0.004134115729631641,0.004134115729631641,0.004134115729631641,0.004134115729631641,0.004134115729631642,0.004134115729631643,0.004134115729631643,0.004134115729631643,0.0041341157296316405,0.004134115729631643,0.004134115729631642,0.004134115729631643,0.004134115729631642,0.004134115729631643,0.004134115729631643,0.004134115729631645,0.004134115729631642,0.004134115729631643,0.004134115729631641,0.004134115729631643,0.004134115729631641,0.004134115729631642,0.004134115729631642,0.004134115729631642,0.004134115729631642,0.004134115729631642,0.0041341157296316405,0.004134115729631643,0.004134115729631641,0.004134115729631642,0.004134115729631642,0.00413411572963164,0.004134115729631642,0.00413411572963164,0.0041341157296316405,0.00413411572963164,0.0041341157296316405,0.00413411572963164,0.004134115729631641,0.0041341157296316405,0.0041341157296316405,0.00413411572963164,0.0041341157296316405,0.0041341157296316405,0.0041341157296316405,0.00413411572963164,0.004134115729631641,0.00413411572963164,0.004134115729631641,0.004134115729631643,0.004134115729631641,0.004134115729631641,0.004134115729631644,0.004134115729631644,0.004134115729631642,0.004134115729631644,0.004134115729631642,0.004134115729631642,0.004134115729631643,0.004134115729631644,0.004134115729631642,0.004134115729631643,0.004134115729631644,0.004134115729631642,0.004134115729631643,0.004134115729631643,0.004134115729631642,0.004134115729631642,0.004134115729631643,0.004134115729631645,0.004134115729631644,0.004134115729631646,0.0041341157296316475,0.004134115729631647,0.004134115729631646,0.004134115729631645,0.004134115729631646,0.004134115729631644,0.004134115729631646,0.004134115729631645,0.004134115729631644,0.004134115729631643,0.004134115729631641,0.004134115729631642,0.0041341157296316405,0.004134115729631641,0.004134115729631642,0.0041341157296316405,0.004134115729631643,0.004134115729631643,0.004134115729631642,0.0041341157296316405,0.004134115729631644,0.004134115729631643,0.004134115729631642,0.004134115729631643,0.004134115729631644,0.004134115729631644,0.004134115729631644,0.004134115729631644,0.004134115729631643,0.004134115729631643,0.004134115729631643,0.004134115729631646,0.004134115729631645,0.004134115729631644,0.004134115729631645,0.004134115729631646,0.004134115729631644,0.004134115729631645,0.004134115729631644,0.004134115729631646,0.004134115729631644,0.004134115729631646,0.004134115729631645,0.004134115729631645,0.004134115729631644,0.004134115729631645,0.004134115729631644,0.004134115729631644,0.004134115729631644,0.004134115729631649,0.004134115729631648,0.004134115729631647,0.0041341157296316475,0.004134115729631647,0.004134115729631646,0.004134115729631647,0.004134115729631647,0.004134115729631648,0.004134115729631647,0.0041341157296316475,0.0041341157296316475,0.0041341157296316475,0.0041341157296316475,0.004134115729631648,0.004134115729631648,0.004134115729631648,0.004134115729631648,0.004134115729631648,0.004134115729631649,0.004134115729631647,0.0041341157296316475,0.0041341157296316475,0.004134115729631648,0.004134115729631647,0.0041341157296316475,0.004134115729631646,0.0041341157296316475,0.004134115729631648,0.004134115729631649,0.0041341157296316475,0.004134115729631649,0.004134115729631648,0.004134115729631649,0.00413411572963165,0.004134115729631649,0.0041341157296316475,0.0041341157296316475,0.004134115729631647,0.004134115729631648,0.004134115729631649,0.00413411572963165,0.004134115729631649,0.004134115729631648,0.0041341157296316475,0.004134115729631646,0.004134115729631645,0.004134115729631645,0.004134115729631646,0.004134115729631646,0.004134115729631647,0.004134115729631645,0.004134115729631646,0.004134115729631645,0.004134115729631645,0.0041341157296316405,0.004134115729631639,0.00413411572963164,0.004134115729631639,0.004134115729631639,0.004134115729631637,0.004134115729631638,0.004134115729631638,0.004134115729631638,0.004134115729631637,0.004134115729631637,0.0041341157296316345,0.004134115729631635,0.004134115729631635,0.0041341157296316345,0.0041341157296316345,0.004134115729631635,0.0041341157296316345,0.0041341157296316345,0.004134115729631633,0.0041341157296316345,0.004134115729631635,0.004134115729631634,0.004134115729631634,0.004134115729631635,0.004134115729631634,0.0041341157296316345,0.004134115729631635,0.004134115729631635,0.004134115729631636,0.0041341157296316345,0.004134115729631636,0.004134115729631635,0.004134115729631636,0.004134115729631635,0.0041341157296316345,0.004134115729631634,0.004134115729631634,0.004134115729631634,0.004134115729631632,0.004134115729631634,0.004134115729631634,0.004134115729631634,0.0041341157296316345,0.004134115729631634,0.004134115729631634,0.004134115729631634,0.0041341157296316345,0.004134115729631634,0.004134115729631633,0.004134115729631633,0.0041341157296316345,0.004134115729631634,0.004134115729631635,0.004134115729631634,0.0041341157296316345,0.004134115729631635,0.004134115729631635,0.004134115729631634,0.004134115729631635,0.004134115729631635,0.004134115729631635,0.0041341157296316345,0.004134115729631635,0.004134115729631635,0.004134115729631635,0.0041341157296316345,0.0041341157296316345,0.004134115729631635,0.004134115729631635,0.004134115729631635,0.0041341157296316345,0.004134115729631635,0.004134115729631635,0.0041341157296316345,0.004134115729631634,0.0041341157296316345,0.004134115729631634,0.004134115729631635,0.004134115729631635,0.004134115729631636,0.004134115729631635,0.004134115729631635,0.004134115729631637,0.004134115729631636,0.004134115729631638,0.004134115729631635,0.004134115729631635,0.004134115729631636,0.004134115729631635,0.004134115729631635,0.004134115729631636,0.004134115729631635,0.004134115729631636,0.004134115729631635,0.004134115729631636,0.0041341157296316345,0.004134115729631636,0.0041341157296316345,0.004134115729631635,0.004134115729631636,0.004134115729631636,0.004134115729631636,0.0041341157296316345,0.004134115729631634,0.004134115729631633,0.004134115729631634,0.004134115729631634,0.004134115729631635,0.0041341157296316345,0.004134115729631634,0.0041341157296316345,0.004134115729631633,0.004134115729631633,0.004134115729631634,0.004134115729631634,0.0041341157296316345,0.0041341157296316345,0.004134115729631633,0.0041341157296316345,0.004134115729631635,0.004134115729631635,0.0041341157296316345,0.004134115729631634,0.004134115729631634,0.004134115729631633,0.0041341157296316345,0.0041341157296316345,0.004134115729631635,0.004134115729631634,0.004134115729631635,0.004134115729631633,0.004134115729631633,0.0041341157296316345,0.004134115729631634,0.004134115729631635,0.004134115729631635,0.004134115729631634,0.004134115729631635,0.004134115729631635,0.0041341157296316345,0.0041341157296316345,0.004134115729631635,0.004134115729631635,0.004134115729631634,0.0041341157296316345,0.004134115729631634,0.0041341157296316345,0.004134115729631634,0.004134115729631633,0.004134115729631634,0.004134115729631633,0.0041341157296316345,0.004134115729631633,0.004134115729631634,0.004134115729631634,0.004134115729631632,0.004134115729631632,0.004134115729631633,0.004134115729631631,0.004134115729631632,0.004134115729631633,0.004134115729631633,0.004134115729631633,0.004134115729631632,0.004134115729631631,0.004134115729631632,0.0041341157296316345,0.004134115729631631,0.004134115729631634,0.004134115729631633,0.0041341157296316345,0.004134115729631633,0.004134115729631634,0.004134115729631634,0.004134115729631633,0.004134115729631633,0.0041341157296316345,0.004134115729631633,0.0041341157296316345,0.004134115729631635,0.0041341157296316345,0.0041341157296316345,0.004134115729631634,0.0041341157296316345,0.0041341157296316345,0.004134115729631634,0.0041341157296316345,0.0041341157296316345,0.004134115729631635,0.0041341157296316345,0.004134115729631634,0.0041341157296316345,0.004134115729631634,0.0041341157296316345,0.0041341157296316345,0.004134115729631634,0.0041341157296316345,0.004134115729631634,0.0041341157296316345,0.004134115729631636,0.004134115729631634,0.004134115729631635,0.004134115729631634,0.004134115729631633,0.004134115729631633,0.004134115729631633,0.0041341157296316345,0.004134115729631634,0.0041341157296316345,0.004134115729631634,0.004134115729631634,0.004134115729631634,0.004134115729631633,0.004134115729631634,0.004134115729631634,0.0041341157296316345,0.004134115729631635,0.004134115729631635,0.004134115729631634,0.004134115729631635,0.004134115729631635,0.004134115729631634,0.004134115729631634,0.0041341157296316345,0.004134115729631634,0.004134115729631634,0.004134115729631635,0.004134115729631633,0.0041341157296316345,0.0041341157296316345,0.004134115729631633,0.004134115729631633,0.004134115729631634,0.004134115729631633,0.004134115729631634,0.004134115729631634,0.0041341157296316345,0.004134115729631635,0.0041341157296316345,0.0041341157296316345,0.004134115729631635,0.004134115729631634,0.004134115729631635,0.0041341157296316345,0.004134115729631636,0.0041341157296316345,0.004134115729631635,0.0041341157296316345,0.0041341157296316345,0.004134115729631633,0.0041341157296316345,0.004134115729631633,0.004134115729631635,0.004134115729631634,0.0041341157296316345,0.004134115729631634,0.004134115729631634,0.004134115729631634,0.004134115729631633,0.0041341157296316345,0.0041341157296316345,0.004134115729631634,0.0041341157296316345,0.004134115729631633,0.004134115729631634,0.004134115729631632,0.004134115729631631,0.004134115729631633,0.004134115729631633,0.004134115729631634,0.004134115729631633,0.004134115729631632,0.004134115729631632,0.004134115729631634,0.004134115729631632,0.004134115729631633,0.004134115729631632,0.004134115729631631,0.004134115729631633,0.004134115729631632,0.004134115729631634,0.0041341157296316345,0.004134115729631633,0.0041341157296316345,0.004134115729631634,0.0041341157296316345,0.004134115729631633,0.004134115729631635,0.004134115729631634,0.004134115729631634,0.004134115729631635,0.004134115729631635,0.004134115729631636,0.004134115729631636,0.0041341157296316345,0.004134115729631635,0.004134115729631635,0.004134115729631634,0.004134115729631636,0.004134115729631635,0.004134115729631636,0.004134115729631636,0.004134115729631636,0.004134115729631635,0.004134115729631638,0.004134115729631635,0.004134115729631635,0.004134115729631636,0.004134115729631636,0.004134115729631636,0.004134115729631635,0.0041341157296316345,0.004134115729631635,0.0041341157296316345,0.004134115729631635,0.004134115729631636,0.004134115729631635,0.004134115729631635,0.004134115729631635,0.004134115729631635,0.004134115729631635,0.0041341157296316345,0.004134115729631635,0.004134115729631635,0.004134115729631636,0.004134115729631635,0.004134115729631635,0.004134115729631636,0.004134115729631635,0.004134115729631635,0.004134115729631635,0.004134115729631636,0.0041341157296316345,0.004134115729631635,0.004134115729631636,0.004134115729631636,0.004134115729631635,0.004134115729631635,0.0041341157296316345,0.004134115729631635,0.004134115729631635,0.004134115729631636,0.004134115729631635,0.004134115729631635,0.0041341157296316345,0.0041341157296316345,0.0041341157296316345,0.0041341157296316345,0.0041341157296316345,0.004134115729631633,0.004134115729631634,0.004134115729631634,0.004134115729631633,0.004134115729631634,0.004134115729631633,0.004134115729631635,0.004134115729631634,0.0041341157296316345,0.004134115729631633,0.004134115729631635,0.0041341157296316345,0.004134115729631635,0.004134115729631635,0.004134115729631635,0.004134115729631635,0.004134115729631635,0.0041341157296316345,0.0041341157296316345,0.0041341157296316345,0.0041341157296316345,0.004134115729631635,0.0041341157296316345,0.004134115729631635,0.0041341157296316345,0.004134115729631635,0.0041341157296316345,0.004134115729631635,0.0041341157296316345,0.004134115729631635,0.004134115729631635,0.004134115729631635,0.004134115729631635,0.004134115729631635,0.004134115729631635,0.004134115729631635,0.004134115729631636,0.004134115729631636,0.004134115729631635,0.004134115729631637,0.004134115729631635,0.004134115729631636,0.004134115729631638,0.004134115729631636,0.004134115729631635,0.0041341157296316345,0.004134115729631635,0.0041341157296316345,0.004134115729631633,0.004134115729631635,0.0041341157296316345,0.0041341157296316345,0.0041341157296316345,0.0041341157296316345,0.004134115729631633,0.004134115729631633,0.004134115729631634,0.004134115729631633,0.004134115729631635,0.004134115729631634,0.004134115729631634,0.0041341157296316345,0.004134115729631634,0.0041341157296316345,0.004134115729631634,0.004134115729631635,0.004134115729631635,0.004134115729631635,0.0041341157296316345,0.0041341157296316345,0.004134115729631634,0.004134115729631634,0.0041341157296316345,0.004134115729631634,0.004134115729631634,0.004134115729631635,0.0041341157296316345,0.004134115729631634,0.0041341157296316345,0.004134115729631633,0.004134115729631634,0.004134115729631634,0.004134115729631634,0.004134115729631632,0.0041341157296316345,0.004134115729631633,0.004134115729631632,0.004134115729631632,0.004134115729631632,0.004134115729631632,0.004134115729631631,0.004134115729631633,0.004134115729631634,0.004134115729631632,0.004134115729631632,0.00413411572963163,0.00413411572963163,0.00413411572963163,0.00413411572963163,0.004134115729631631,0.004134115729631632,0.00413411572963163,0.004134115729631631,0.00413411572963163,0.004134115729631631,0.00413411572963163,0.004134115729631631,0.004134115729631632,0.004134115729631633,0.004134115729631633,0.004134115729631631,0.004134115729631634,0.004134115729631631,0.004134115729631633,0.004134115729631631,0.004134115729631633,0.004134115729631631,0.004134115729631633,0.004134115729631631,0.0041341157296316345,0.004134115729631632,0.004134115729631633,0.004134115729631631,0.004134115729631631,0.004134115729631629,0.004134115729631631,0.004134115729631631,0.004134115729631632,0.004134115729631631,0.004134115729631632,0.00413411572963163,0.004134115729631631,0.004134115729631629,0.00413411572963163,0.004134115729631629,0.00413411572963163,0.00413411572963163,0.004134115729631631,0.004134115729631631,0.00413411572963163,0.004134115729631629,0.004134115729631631,0.004134115729631632,0.004134115729631632,0.004134115729631631,0.004134115729631632,0.004134115729631632,0.004134115729631632,0.004134115729631631,0.004134115729631632,0.004134115729631632,0.004134115729631631,0.004134115729631632,0.004134115729631634,0.004134115729631632,0.004134115729631631,0.004134115729631632,0.004134115729631631,0.004134115729631631,0.004134115729631631,0.004134115729631631,0.004134115729631631,0.004134115729631631,0.00413411572963163,0.004134115729631632,0.004134115729631631,0.004134115729631632,0.004134115729631631,0.004134115729631631,0.004134115729631632,0.004134115729631631,0.004134115729631632,0.004134115729631632,0.004134115729631631,0.004134115729631631,0.00413411572963163,0.004134115729631631,0.004134115729631631,0.004134115729631632,0.004134115729631632,0.004134115729631631,0.004134115729631632,0.004134115729631632,0.00413411572963163,0.004134115729631632,0.004134115729631631,0.004134115729631631,0.004134115729631631,0.004134115729631633,0.004134115729631632,0.004134115729631632,0.004134115729631633,0.004134115729631631,0.00413411572963163,0.004134115729631631,0.004134115729631631,0.004134115729631632,0.004134115729631632,0.004134115729631633,0.004134115729631632,0.004134115729631634,0.004134115729631633,0.004134115729631634,0.004134115729631633,0.004134115729631632,0.004134115729631633,0.004134115729631632,0.004134115729631634,0.0041341157296316345,0.004134115729631634,0.004134115729631634,0.004134115729631634,0.004134115729631634,0.004134115729631633,0.004134115729631635,0.0041341157296316345,0.004134115729631634,0.0041341157296316345,0.0041341157296316345,0.0041341157296316345,0.0041341157296316345,0.0041341157296316345,0.004134115729631634,0.004134115729631634,0.004134115729631634,0.004134115729631634,0.004134115729631634,0.0041341157296316345,0.0041341157296316345,0.004134115729631634,0.0041341157296316345,0.004134115729631633,0.0041341157296316345,0.004134115729631634,0.004134115729631634,0.004134115729631634,0.0041341157296316345,0.004134115729631634,0.004134115729631633,0.004134115729631632,0.004134115729631633,0.004134115729631634,0.004134115729631634,0.004134115729631633,0.004134115729631633,0.004134115729631633,0.004134115729631634,0.004134115729631634,0.0041341157296316345,0.004134115729631634,0.004134115729631634,0.0041341157296316345,0.004134115729631634,0.004134115729631634,0.0041341157296316345,0.004134115729631634,0.004134115729631634,0.004134115729631635,0.004134115729631633,0.004134115729631634,0.004134115729631634,0.004134115729631633,0.004134115729631634,0.004134115729631634,0.004134115729631634,0.004134115729631634,0.004134115729631634,0.004134115729631634,0.004134115729631634,0.004134115729631634,0.004134115729631632,0.004134115729631634,0.004134115729631633,0.004134115729631634,0.004134115729631633,0.004134115729631634,0.004134115729631632,0.004134115729631634,0.004134115729631632,0.004134115729631631,0.004134115729631631,0.00413411572963163,0.00413411572963163,0.004134115729631629,0.00413411572963163,0.00413411572963163,0.004134115729631631,0.00413411572963163,0.00413411572963163,0.00413411572963163,0.004134115729631628,0.004134115729631629,0.004134115729631628,0.004134115729631629,0.004134115729631629,0.00413411572963163,0.004134115729631631,0.004134115729631631,0.004134115729631631,0.004134115729631631,0.00413411572963163,0.004134115729631631,0.004134115729631631,0.004134115729631632,0.004134115729631632,0.004134115729631631,0.00413411572963163,0.004134115729631631,0.004134115729631629,0.00413411572963163,0.00413411572963163,0.004134115729631631,0.004134115729631633,0.004134115729631631,0.004134115729631631,0.004134115729631631,0.00413411572963163,0.004134115729631632,0.004134115729631632,0.004134115729631631,0.004134115729631632,0.004134115729631632,0.004134115729631633,0.00413411572963163,0.00413411572963163,0.004134115729631629,0.00413411572963163,0.004134115729631629,0.004134115729631629,0.00413411572963163,0.00413411572963163,0.004134115729631629,0.004134115729631629,0.0041341157296316275,0.00413411572963163,0.004134115729631629,0.004134115729631629,0.004134115729631629,0.004134115729631628,0.0041341157296316275,0.004134115729631628,0.004134115729631627,0.004134115729631628,0.004134115729631627,0.004134115729631628,0.004134115729631627,0.0041341157296316275,0.004134115729631627,0.004134115729631628,0.004134115729631627,0.0041341157296316275,0.004134115729631626,0.004134115729631626,0.004134115729631627,0.004134115729631627,0.0041341157296316275,0.0041341157296316275,0.004134115729631628,0.004134115729631629,0.004134115729631628,0.0041341157296316275,0.004134115729631628,0.00413411572963163,0.004134115729631629,0.004134115729631628,0.004134115729631629,0.004134115729631629,0.0041341157296316275,0.004134115729631629,0.00413411572963163,0.004134115729631631,0.00413411572963163,0.00413411572963163,0.004134115729631631,0.00413411572963163,0.00413411572963163,0.004134115729631629,0.004134115729631629,0.004134115729631628,0.004134115729631629,0.004134115729631628,0.00413411572963163,0.004134115729631629,0.00413411572963163,0.00413411572963163,0.00413411572963163,0.004134115729631629,0.004134115729631631,0.00413411572963163,0.004134115729631628,0.0041341157296316275,0.0041341157296316275,0.004134115729631627,0.004134115729631627,0.004134115729631627,0.004134115729631626,0.0041341157296316275,0.004134115729631627,0.004134115729631627,0.004134115729631626,0.004134115729631625,0.0041341157296316275,0.004134115729631626,0.004134115729631628,0.004134115729631628,0.004134115729631628,0.0041341157296316275,0.004134115729631626,0.004134115729631626,0.004134115729631626,0.004134115729631626,0.004134115729631627,0.004134115729631626,0.0041341157296316275,0.004134115729631628,0.004134115729631626,0.004134115729631626,0.004134115729631626,0.004134115729631625,0.004134115729631625,0.004134115729631625,0.004134115729631624,0.004134115729631622,0.004134115729631625,0.004134115729631622,0.004134115729631622,0.0041341157296316215,0.004134115729631622,0.004134115729631622,0.0041341157296316215,0.0041341157296316215,0.004134115729631622,0.0041341157296316215,0.004134115729631622,0.0041341157296316215,0.004134115729631622,0.0041341157296316215,0.004134115729631624,0.004134115729631623,0.004134115729631623,0.004134115729631622,0.004134115729631623,0.004134115729631624,0.004134115729631624,0.004134115729631626,0.004134115729631625,0.004134115729631625,0.004134115729631625,0.004134115729631626,0.004134115729631626,0.004134115729631625,0.004134115729631626,0.004134115729631626,0.004134115729631625,0.004134115729631625,0.004134115729631626,0.004134115729631625,0.004134115729631624,0.004134115729631626,0.004134115729631625,0.004134115729631623,0.004134115729631624,0.004134115729631625,0.004134115729631624,0.004134115729631625,0.004134115729631625,0.004134115729631624,0.004134115729631624,0.004134115729631623,0.004134115729631624,0.004134115729631622,0.004134115729631624,0.004134115729631624,0.004134115729631622,0.004134115729631622,0.0041341157296316215,0.004134115729631622,0.004134115729631623,0.0041341157296316215,0.0041341157296316215,0.004134115729631622,0.004134115729631622,0.0041341157296316215,0.004134115729631621,0.0041341157296316215,0.004134115729631622,0.004134115729631622,0.004134115729631621,0.0041341157296316215,0.00413411572963162,0.004134115729631621,0.004134115729631621,0.004134115729631621,0.00413411572963162,0.004134115729631621,0.004134115729631621,0.004134115729631621,0.0041341157296316215,0.004134115729631622,0.004134115729631624,0.004134115729631622,0.004134115729631622,0.0041341157296316215,0.00413411572963162,0.0041341157296316215,0.004134115729631622,0.004134115729631622,0.0041341157296316215,0.0041341157296316215,0.0041341157296316215,0.004134115729631621,0.0041341157296316215,0.004134115729631622,0.004134115729631623,0.0041341157296316215,0.004134115729631623,0.0041341157296316215,0.004134115729631621,0.004134115729631622,0.0041341157296316215,0.0041341157296316215,0.004134115729631622,0.0041341157296316215,0.004134115729631622,0.004134115729631621,0.004134115729631621,0.0041341157296316215,0.004134115729631621,0.004134115729631619,0.004134115729631619,0.004134115729631619,0.00413411572963162,0.00413411572963162,0.00413411572963162,0.004134115729631619,0.00413411572963162,0.004134115729631619,0.00413411572963162,0.00413411572963162,0.00413411572963162,0.00413411572963162,0.004134115729631619,0.004134115729631618,0.004134115729631617,0.004134115729631619,0.004134115729631619,0.004134115729631617,0.004134115729631617,0.004134115729631617,0.004134115729631617,0.004134115729631617,0.004134115729631617,0.004134115729631617,0.004134115729631618,0.004134115729631616,0.004134115729631618,0.004134115729631617,0.004134115729631618,0.004134115729631616,0.004134115729631619,0.004134115729631617,0.004134115729631617,0.004134115729631616,0.004134115729631619,0.004134115729631617,0.004134115729631618,0.004134115729631616,0.004134115729631618,0.004134115729631617,0.004134115729631617,0.004134115729631617,0.004134115729631616,0.004134115729631615,0.004134115729631616,0.004134115729631616,0.004134115729631615,0.004134115729631615,0.004134115729631615,0.004134115729631616,0.004134115729631616,0.004134115729631616,0.004134115729631616,0.0041341157296316145,0.004134115729631615,0.0041341157296316145,0.004134115729631615,0.004134115729631615,0.004134115729631614,0.0041341157296316145,0.004134115729631614,0.004134115729631613,0.004134115729631612,0.004134115729631614,0.0041341157296316145,0.0041341157296316145,0.0041341157296316145,0.0041341157296316145,0.004134115729631614,0.004134115729631613,0.004134115729631614,0.004134115729631615,0.0041341157296316145,0.004134115729631614,0.0041341157296316145,0.004134115729631615,0.004134115729631616,0.004134115729631616,0.004134115729631616,0.004134115729631618,0.004134115729631615,0.004134115729631615,0.0041341157296316145,0.0041341157296316145,0.004134115729631615,0.004134115729631615,0.0041341157296316145,0.0041341157296316145,0.004134115729631615,0.004134115729631616,0.0041341157296316145,0.004134115729631615,0.004134115729631615,0.0041341157296316145,0.004134115729631613,0.004134115729631613,0.004134115729631613,0.004134115729631613,0.004134115729631612,0.004134115729631614,0.004134115729631615,0.004134115729631615,0.004134115729631616,0.004134115729631615,0.0041341157296316145,0.004134115729631615,0.004134115729631615,0.004134115729631616,0.004134115729631615,0.004134115729631616,0.004134115729631615,0.0041341157296316145,0.0041341157296316145,0.0041341157296316145,0.0041341157296316145,0.004134115729631615,0.004134115729631615,0.004134115729631615,0.004134115729631614,0.0041341157296316145,0.004134115729631614,0.0041341157296316145,0.004134115729631613,0.004134115729631615,0.004134115729631615,0.004134115729631615,0.004134115729631615,0.0041341157296316145,0.004134115729631615,0.0041341157296316145,0.004134115729631616,0.004134115729631615,0.004134115729631616,0.004134115729631615,0.004134115729631615,0.004134115729631615,0.0041341157296316145,0.0041341157296316145,0.004134115729631615,0.004134115729631615,0.004134115729631615,0.004134115729631615,0.0041341157296316145,0.004134115729631613,0.004134115729631614,0.004134115729631615,0.004134115729631616,0.004134115729631615,0.004134115729631616,0.004134115729631615,0.004134115729631615,0.004134115729631615,0.004134115729631617,0.004134115729631615,0.004134115729631616,0.0041341157296316145,0.004134115729631615,0.0041341157296316145,0.004134115729631614,0.004134115729631615,0.0041341157296316145,0.004134115729631614,0.004134115729631614,0.004134115729631614,0.0041341157296316145,0.004134115729631613,0.0041341157296316145,0.004134115729631614,0.004134115729631614,0.0041341157296316145,0.004134115729631613,0.004134115729631612,0.0041341157296316145,0.004134115729631614,0.004134115729631614,0.004134115729631614,0.004134115729631613,0.004134115729631613,0.004134115729631614,0.004134115729631614,0.0041341157296316145,0.004134115729631613,0.004134115729631613,0.004134115729631613,0.004134115729631614,0.004134115729631614,0.004134115729631614
7,8.391587969889431e-24,2.2141512374444357e-23,3.9312930952695855e-23,5.86690989440127e-23,7.942030949731421e-23,1.010623058488001e-22,1.232731015759246e-22,1.4584709654846446e-22,1.6865300754890441e-22,1.9160700543189105e-22,2.1465556221613613e-22,2.377644983240152e-22,2.6091198884267737e-22,2.8408409776548196e-22,3.0727192644148945e-22,3.304697927559788e-22,3.536740684704755e-22,3.768824368217558e-22,4.0009341847159647e-22,4.233060688083357e-22,4.465197846628096e-22,4.697341808894038e-22,4.929490115585294e-22,5.161641196351318e-22,5.393794048465735e-22,5.6259480316510245e-22,5.858102737066499e-22,6.090257903652426e-22,6.3224133647125835e-22,6.554569013805322e-22,6.786724782963754e-22,7.018880628788534e-22,7.251036523567586e-22,7.483192449605732e-22,7.715348395603958e-22,7.947504354347427e-22,8.179660321229195e-22,8.411816293307564e-22,8.643972268704156e-22,8.87612824621955e-22,9.108284225087887e-22,9.340440204820116e-22,9.57259618510398e-22,9.804752165740082e-22,1.003690814660109e-21,1.0269064127605722e-21,1.0501220108702056e-21,1.0733376089856953e-21,1.0965532071049233e-21,1.1197688052265388e-21,1.1429844033496783e-21,1.1662000014737907e-21,1.1894155995985245e-21,1.2126311977236561e-21,1.2358467958490407e-21,1.2590623939745878e-21,1.2822779921002385e-21,1.3054935902259568e-21,1.3287091883517153e-21,1.3519247864775012e-21,1.375140384603304e-21,1.3983559827291177e-21,1.4215715808549388e-21,1.4447871789807644e-21,1.4680027771065929e-21,1.4912183752324232e-21,1.5144339733582546e-21,1.5376495714840861e-21,1.5608651696099185e-21,1.5840807677357492e-21,1.607296365861582e-21,1.630511963987414e-21,1.6537275621132458e-21,1.6769431602390786e-21,1.700158758364911e-21,1.7233743564907434e-21,1.7465899546165764e-21,1.769805552742409e-21,1.7930211508682423e-21,1.8162367489940757e-21,1.8394523471199086e-21,1.8626679452457427e-21,1.8858835433715757e-21,1.9090991414974086e-21,1.9323147396232435e-21,1.955530337749077e-21,1.9787459358749098e-21,2.001961534000743e-21,2.025177132126576e-21,2.0483927302524087e-21,2.0716083283782413e-21,2.0948239265040742e-21,2.1180395246299076e-21,2.1412551227557398e-21,2.1644707208815743e-21,2.1876863190074072e-21,2.21090191713324e-21,2.2341175152590735e-21,2.2573331133849072e-21,2.2805487115107413e-21,2.3037643096365743e-21,2.326979907762408e-21,2.3501955058882413e-21,2.373411104014076e-21,2.3966267021399103e-21,2.4198423002657455e-21,2.4430578983915796e-21,2.4662734965174133e-21,2.4894890946432467e-21,2.51270469276908e-21,2.5359202908949133e-21,2.5591358890207467e-21,2.58235148714658e-21,2.605567085272413e-21,2.628782683398246e-21,2.6519982815240797e-21,2.6752138796499126e-21,2.698429477775748e-21,2.7216450759015808e-21,2.744860674027414e-21,2.7680762721532475e-21,2.7912918702790812e-21,2.8145074684049145e-21,2.837723066530747e-21,2.8609386646565805e-21,2.8841542627824142e-21,2.9073698609082464e-21,2.9305854590340782e-21,2.9538010571599112e-21,2.977016655285745e-21,3.0002322534115786e-21,3.0234478515374116e-21,3.0466634496632453e-21,3.0698790477890783e-21,3.0930946459149112e-21,3.116310244040744e-21,3.1395258421665768e-21,3.1627414402924105e-21,3.185957038418243e-21,3.2091726365440764e-21,3.232388234669908e-21,3.25560383279574e-21,3.278819430921574e-21,3.3020350290474068e-21,3.3252506271732405e-21,3.3484662252990735e-21,3.3716818234249072e-21,3.394897421550741e-21,3.4181130196765746e-21,3.441328617802408e-21,3.464544215928241e-21,3.487759814054075e-21,3.510975412179908e-21,3.534191010305741e-21,3.557406608431575e-21,3.580622206557408e-21,3.6038378046832406e-21,3.6270534028090736e-21,3.650269000934909e-21,3.673484599060743e-21,3.6967001971865785e-21,3.719915795312412e-21,3.743131393438246e-21,3.766346991564079e-21,3.789562589689912e-21,3.8127781878157455e-21,3.835993785941579e-21,3.859209384067414e-21,3.882424982193247e-21,3.90564058031908e-21,3.928856178444914e-21,3.952071776570748e-21,3.975287374696581e-21,3.9985029728224145e-21,4.0217185709482475e-21,4.0449341690740805e-21,4.068149767199913e-21,4.091365365325747e-21,4.114580963451581e-21,4.1377965615774146e-21,4.161012159703249e-21,4.184227757829082e-21,4.207443355954916e-21,4.23065895408075e-21,4.253874552206584e-21,4.277090150332416e-21,4.300305748458249e-21,4.323521346584083e-21,4.3467369447099165e-21,4.3699525428357495e-21,4.393168140961582e-21,4.4163837390874154e-21,4.439599337213249e-21,4.462814935339083e-21,4.486030533464917e-21,4.50924613159075e-21,4.5324617297165855e-21,4.555677327842419e-21,4.578892925968253e-21,4.602108524094087e-21,4.625324122219918e-21,4.64853972034575e-21,4.671755318471582e-21,4.694970916597414e-21,4.718186514723246e-21,4.7414021128490784e-21,4.76461771097491e-21,4.787833309100743e-21,4.811048907226573e-21,4.834264505352406e-21,4.857480103478237e-21,4.8806957016040694e-21,4.9039112997299024e-21,4.927126897855735e-21,4.950342495981567e-21,4.9735580941074e-21,4.996773692233232e-21,5.019989290359065e-21,5.043204888484899e-21,5.0664204866107316e-21,5.0896360847365646e-21,5.112851682862396e-21,5.136067280988228e-21,5.159282879114062e-21,5.1824984772398934e-21,5.205714075365726e-21,5.228929673491558e-21,5.2521452716173916e-21,5.275360869743225e-21,5.298576467869059e-21,5.3217920659948935e-21,5.3450076641207264e-21,5.3682232622465594e-21,5.391438860372392e-21,5.414654458498227e-21,5.43787005662406e-21,5.461085654749894e-21,5.4843012528757295e-21,5.507516851001562e-21,5.530732449127395e-21,5.553948047253226e-21,5.5771636453790606e-21,5.6003792435048936e-21,5.6235948416307265e-21,5.646810439756561e-21,5.670026037882396e-21,5.69324163600823e-21,5.7164572341340644e-21,5.739672832259899e-21,5.762888430385732e-21,5.786104028511566e-21,5.809319626637401e-21,5.832535224763232e-21,5.855750822889068e-21,5.878966421014902e-21,5.902182019140735e-21,5.925397617266569e-21,5.948613215392402e-21,5.971828813518235e-21,5.995044411644068e-21,6.018260009769903e-21,6.041475607895736e-21,6.064691206021569e-21,6.087906804147403e-21,6.111122402273236e-21,6.134338000399069e-21,6.1575535985249035e-21,6.1807691966507365e-21,6.2039847947765694e-21,6.227200392902404e-21,6.250415991028237e-21,6.27363158915407e-21,6.296847187279904e-21,6.320062785405739e-21,6.343278383531572e-21,6.366493981657406e-21,6.389709579783238e-21,6.4129251779090706e-21,6.436140776034905e-21,6.459356374160738e-21,6.4825719722865695e-21,6.505787570412402e-21,6.529003168538235e-21,6.552218766664066e-21,6.575434364789898e-21,6.598649962915731e-21,6.621865561041563e-21,6.6450811591673935e-21,6.668296757293226e-21,6.691512355419057e-21,6.7147279535448886e-21,6.737943551670721e-21,6.761159149796555e-21,6.784374747922387e-21,6.807590346048219e-21,6.830805944174051e-21,6.854021542299885e-21,6.877237140425717e-21,6.900452738551555e-21,6.92366833667739e-21,6.946883934803223e-21,6.970099532929058e-21,6.993315131054893e-21,7.016530729180724e-21,7.039746327306559e-21,7.062961925432393e-21,7.086177523558228e-21,7.10939312168406e-21,7.132608719809893e-21,7.155824317935728e-21,7.179039916061563e-21,7.202255514187395e-21,7.225471112313229e-21,7.248686710439061e-21,7.271902308564895e-21,7.295117906690726e-21,7.318333504816559e-21,7.341549102942391e-21,7.364764701068225e-21,7.387980299194059e-21,7.411195897319893e-21,7.434411495445726e-21,7.457627093571559e-21,7.480842691697392e-21,7.504058289823226e-21,7.52727388794906e-21,7.550489486074893e-21,7.573705084200727e-21,7.596920682326562e-21,7.620136280452398e-21,7.643351878578236e-21,7.666567476704071e-21,7.689783074829905e-21,7.712998672955741e-21,7.736214271081577e-21,7.759429869207409e-21,7.782645467333244e-21,7.80586106545908e-21,7.829076663584913e-21,7.852292261710747e-21,7.875507859836582e-21,7.898723457962419e-21,7.921939056088254e-21,7.945154654214086e-21,7.968370252339921e-21,7.991585850465755e-21,8.01480144859159e-21,8.038017046717426e-21,8.06123264484326e-21,8.084448242969093e-21,8.10766384109493e-21,8.130879439220765e-21,8.154095037346599e-21,8.177310635472434e-21,8.200526233598268e-21,8.223741831724101e-21,8.246957429849938e-21,8.270173027975772e-21,8.293388626101607e-21,8.316604224227442e-21,8.339819822353274e-21,8.363035420479108e-21,8.38625101860494e-21,8.409466616730775e-21,8.432682214856608e-21,8.455897812982443e-21,8.479113411108275e-21,8.502329009234109e-21,8.525544607359944e-21,8.548760205485778e-21,8.571975803611612e-21,8.595191401737444e-21,8.618406999863276e-21,8.641622597989108e-21,8.664838196114939e-21,8.688053794240773e-21,8.711269392366606e-21,8.734484990492438e-21,8.75770058861827e-21,8.780916186744103e-21,8.804131784869938e-21,8.827347382995769e-21,8.850562981121604e-21,8.873778579247436e-21,8.896994177373268e-21,8.920209775499099e-21,8.943425373624933e-21,8.966640971750765e-21,8.989856569876599e-21,9.013072168002431e-21,9.036287766128265e-21,9.059503364254095e-21,9.082718962379932e-21,9.105934560505763e-21,9.129150158631594e-21,9.152365756757429e-21,9.175581354883261e-21,9.198796953009095e-21,9.222012551134927e-21,9.24522814926076e-21,9.268443747386593e-21,9.291659345512427e-21,9.314874943638259e-21,9.338090541764093e-21,9.361306139889925e-21,9.384521738015755e-21,9.407737336141592e-21,9.430952934267423e-21,9.454168532393255e-21,9.47738413051909e-21,9.500599728644923e-21,9.523815326770756e-21,9.54703092489659e-21,9.570246523022422e-21,9.593462121148256e-21,9.61667771927409e-21,9.639893317399922e-21,9.663108915525754e-21,9.686324513651588e-21,9.70954011177742e-21,9.732755709903252e-21,9.755971308029089e-21,9.77918690615492e-21,9.802402504280755e-21,9.825618102406589e-21,9.848833700532424e-21,9.872049298658258e-21,9.895264896784093e-21,9.918480494909931e-21,9.941696093035765e-21,9.964911691161598e-21,9.98812728928743e-21,1.0011342887413261e-20,1.0034558485539094e-20,1.0057774083664929e-20,1.0080989681790765e-20,1.0104205279916599e-20,1.0127420878042433e-20,1.0150636476168267e-20,1.0173852074294099e-20,1.0197067672419933e-20,1.0220283270545766e-20,1.0243498868671603e-20,1.0266714466797438e-20,1.028993006492327e-20,1.0313145663049101e-20,1.0336361261174936e-20,1.0359576859300767e-20,1.0382792457426601e-20,1.0406008055552433e-20,1.0429223653678267e-20,1.0452439251804099e-20,1.0475654849929928e-20,1.049887044805576e-20,1.0522086046181593e-20,1.0545301644307425e-20,1.0568517242433261e-20,1.0591732840559095e-20,1.061494843868493e-20,1.0638164036810766e-20,1.0661379634936596e-20,1.0684595233062432e-20,1.0707810831188265e-20,1.0731026429314102e-20,1.0754242027439934e-20,1.0777457625565768e-20,1.0800673223691603e-20,1.0823888821817434e-20,1.0847104419943269e-20,1.0870320018069101e-20,1.0893535616194935e-20,1.0916751214320767e-20,1.0939966812446598e-20,1.0963182410572433e-20,1.0986398008698264e-20,1.1009613606824099e-20,1.1032829204949933e-20,1.1056044803075768e-20,1.1079260401201599e-20,1.1102475999327432e-20,1.1125691597453265e-20,1.1148907195579098e-20,1.1172122793704932e-20,1.1195338391830769e-20,1.1218553989956603e-20,1.1241769588082436e-20,1.1264985186208271e-20,1.1288200784334105e-20,1.131141638245994e-20,1.1334631980585773e-20,1.135784757871161e-20,1.1381063176837445e-20,1.1404278774963278e-20,1.1427494373089112e-20,1.1450709971214947e-20,1.1473925569340781e-20,1.1497141167466615e-20,1.152035676559245e-20,1.1543572363718284e-20,1.1566787961844119e-20,1.159000355996995e-20,1.1613219158095785e-20,1.1636434756221618e-20,1.1659650354347455e-20,1.1682865952473292e-20,1.1706081550599129e-20,1.1729297148724964e-20,1.1752512746850798e-20,1.1775728344976631e-20,1.1798943943102463e-20,1.1822159541228299e-20,1.1845375139354132e-20,1.1868590737479965e-20,1.1891806335605798e-20,1.191502193373163e-20,1.1938237531857461e-20,1.1961453129983296e-20,1.1984668728109129e-20,1.2007884326234962e-20,1.2031099924360796e-20,1.2054315522486631e-20,1.2077531120612465e-20,1.2100746718738299e-20,1.2123962316864134e-20,1.2147177914989966e-20,1.21703935131158e-20,1.2193609111241632e-20,1.2216824709367461e-20,1.2240040307493292e-20,1.2263255905619124e-20,1.2286471503744956e-20,1.2309687101870787e-20,1.2332902699996625e-20,1.2356118298122456e-20,1.2379333896248288e-20,1.2402549494374122e-20,1.2425765092499954e-20,1.2448980690625788e-20,1.2472196288751623e-20,1.2495411886877457e-20,1.2518627485003289e-20,1.2541843083129123e-20,1.2565058681254955e-20,1.2588274279380789e-20,1.2611489877506621e-20,1.2634705475632453e-20,1.2657921073758287e-20,1.2681136671884119e-20,1.2704352270009951e-20,1.2727567868135778e-20,1.2750783466261611e-20,1.277399906438744e-20,1.2797214662513276e-20,1.2820430260639108e-20,1.2843645858764939e-20,1.2866861456890771e-20,1.28900770550166e-20,1.2913292653142432e-20,1.2936508251268263e-20,1.29597238493941e-20,1.2982939447519935e-20,1.3006155045645767e-20,1.3029370643771601e-20,1.3052586241897435e-20,1.3075801840023267e-20,1.30990174381491e-20,1.3122233036274936e-20,1.3145448634400766e-20,1.3168664232526602e-20,1.3191879830652434e-20,1.3215095428778268e-20,1.32383110269041e-20,1.3261526625029933e-20,1.3284742223155766e-20,1.33079578212816e-20,1.3331173419407432e-20,1.3354389017533265e-20,1.33776046156591e-20,1.3400820213784931e-20,1.3424035811910766e-20,1.34472514100366e-20,1.3470467008162435e-20,1.3493682606288269e-20,1.3516898204414103e-20,1.3540113802539938e-20,1.356332940066577e-20,1.3586544998791604e-20,1.360976059691744e-20,1.3632976195043268e-20,1.3656191793169104e-20,1.3679407391294936e-20,1.3702622989420768e-20,1.3725838587546597e-20,1.3749054185672432e-20,1.3772269783798262e-20,1.37954853819241e-20,1.3818700980049935e-20,1.3841916578175764e-20,1.38651321763016e-20,1.3888347774427435e-20,1.391156337255327e-20,1.3934778970679102e-20,1.395799456880493e-20,1.398121016693076e-20,1.4004425765056593e-20,1.4027641363182425e-20,1.405085696130826e-20,1.4074072559434092e-20,1.4097288157559928e-20,1.412050375568576e-20,1.4143719353811595e-20,1.4166934951937427e-20,1.419015055006326e-20,1.4213366148189095e-20,1.4236581746314927e-20,1.425979734444076e-20,1.4283012942566588e-20,1.430622854069242e-20,1.4329444138818256e-20,1.4352659736944088e-20,1.4375875335069923e-20,1.4399090933195755e-20,1.4422306531321588e-20,1.4445522129447423e-20,1.4468737727573255e-20,1.4491953325699087e-20,1.451516892382492e-20,1.4538384521950758e-20,1.456160012007659e-20,1.4584815718202422e-20,1.4608031316328254e-20,1.463124691445409e-20,1.4654462512579922e-20,1.467767811070575e-20,1.470089370883159e-20,1.472410930695742e-20,1.4747324905083257e-20,1.4770540503209086e-20,1.4793756101334918e-20,1.4816971699460753e-20,1.4840187297586586e-20,1.486340289571242e-20,1.4886618493838253e-20,1.4909834091964085e-20,1.4933049690089917e-20,1.4956265288215747e-20,1.497948088634158e-20,1.500269648446741e-20,1.5025912082593243e-20,1.5049127680719072e-20,1.5072343278844908e-20,1.509555887697074e-20,1.5118774475096575e-20,1.5141990073222404e-20,1.516520567134824e-20,1.5188421269474075e-20,1.521163686759991e-20,1.5234852465725742e-20,1.5258068063851577e-20,1.5281283661977413e-20,1.5304499260103242e-20,1.5327714858229077e-20,1.5350930456354912e-20,1.5374146054480744e-20,1.5397361652606577e-20,1.542057725073241e-20,1.5443792848858244e-20,1.5467008446984076e-20,1.5490224045109912e-20,1.5513439643235744e-20,1.553665524136158e-20,1.555987083948741e-20,1.5583086437613243e-20,1.5606302035739073e-20,1.5629517633864905e-20,1.565273323199074e-20,1.5675948830116572e-20,1.5699164428242404e-20,1.5722380026368237e-20,1.574559562449407e-20,1.57688112226199e-20,1.579202682074574e-20,1.581524241887157e-20,1.58384580169974e-20,1.5861673615123233e-20,1.5884889213249065e-20,1.59081048113749e-20,1.5931320409500733e-20,1.5954536007626565e-20,1.5977751605752403e-20,1.6000967203878235e-20,1.6024182802004067e-20,1.60473984001299e-20,1.6070613998255735e-20,1.6093829596381567e-20,1.61170451945074e-20,1.6140260792633235e-20,1.6163476390759067e-20,1.6186691988884902e-20,1.6209907587010734e-20,1.6233123185136563e-20,1.6256338783262393e-20,1.6279554381388228e-20,1.630276997951406e-20,1.6325985577639895e-20,1.6349201175765727e-20,1.6372416773891557e-20,1.6395632372017392e-20,1.6418847970143224e-20,1.644206356826906e-20,1.646527916639489e-20,1.6488494764520724e-20,1.6511710362646556e-20,1.6534925960772385e-20,1.6558141558898217e-20,1.6581357157024053e-20,1.6604572755149885e-20,1.6627788353275714e-20,1.6651003951401546e-20,1.6674219549527378e-20,1.6697435147653214e-20,1.6720650745779043e-20,1.6743866343904875e-20,1.6767081942030704e-20,1.6790297540156533e-20,1.6813513138282366e-20,1.6836728736408198e-20,1.685994433453403e-20,1.6883159932659865e-20,1.6906375530785695e-20,1.6929591128911527e-20,1.6952806727037356e-20,1.6976022325163188e-20,1.6999237923289023e-20,1.7022453521414853e-20,1.7045669119540685e-20,1.7068884717666517e-20,1.709210031579235e-20,1.711531591391818e-20,1.7138531512044014e-20,1.7161747110169846e-20,1.7184962708295678e-20,1.720817830642151e-20,1.7231393904547342e-20,1.7254609502673175e-20,1.727782510079901e-20,1.7301040698924845e-20,1.7324256297050674e-20,1.734747189517651e-20,1.7370687493302345e-20,1.7393903091428177e-20,1.741711868955401e-20,1.7440334287679844e-20,1.746354988580568e-20,1.7486765483931512e-20,1.7509981082057344e-20,1.753319668018318e-20,1.7556412278309014e-20,1.7579627876434847e-20,1.760284347456068e-20,1.762605907268651e-20,1.7649274670812343e-20,1.767249026893818e-20,1.769570586706401e-20,1.7718921465189846e-20,1.774213706331568e-20,1.776535266144151e-20,1.7788568259567343e-20,1.7811783857693172e-20,1.7834999455819007e-20,1.7858215053944836e-20,1.7881430652070668e-20,1.7904646250196498e-20,1.7927861848322327e-20,1.7951077446448156e-20,1.797429304457399e-20,1.799750864269982e-20,1.8020724240825653e-20,1.8043939838951482e-20,1.806715543707731e-20,1.8090371035203143e-20,1.811358663332898e-20,1.8136802231454814e-20,1.8160017829580646e-20,1.8183233427706478e-20,1.8206449025832313e-20,1.8229664623958146e-20,1.8252880222083978e-20,1.827609582020981e-20,1.8299311418335642e-20,1.8322527016461474e-20,1.834574261458731e-20,1.836895821271314e-20,1.839217381083897e-20,1.84153894089648e-20,1.843860500709064e-20,1.846182060521647e-20,1.8485036203342303e-20,1.8508251801468135e-20,1.8531467399593967e-20,1.8554682997719803e-20,1.8577898595845635e-20,1.860111419397147e-20,1.8624329792097308e-20,1.8647545390223143e-20,1.8670760988348976e-20,1.869397658647481e-20,1.8717192184600646e-20,1.8740407782726478e-20,1.8763623380852317e-20,1.8786838978978152e-20,1.8810054577103984e-20,1.8833270175229822e-20,1.8856485773355654e-20,1.8879701371481484e-20,1.8902916969607322e-20,1.8926132567733157e-20,1.8949348165858986e-20,1.897256376398482e-20,1.8995779362110648e-20,1.9018994960236486e-20,1.9042210558362318e-20,1.906542615648815e-20,1.9088641754613983e-20,1.9111857352739815e-20,1.9135072950865647e-20,1.915828854899148e-20,1.918150414711731e-20,1.9204719745243144e-20,1.9227935343368976e-20,1.9251150941494805e-20,1.9274366539620637e-20,1.9297582137746473e-20,1.9320797735872308e-20,1.9344013333998143e-20,1.936722893212398e-20,1.9390444530249813e-20,1.941366012837565e-20,1.943687572650148e-20,1.9460091324627313e-20,1.9483306922753145e-20,1.950652252087898e-20,1.9529738119004813e-20,1.955295371713065e-20,1.957616931525648e-20,1.9599384913382312e-20,1.9622600511508145e-20,1.9645816109633983e-20,1.9669031707759812e-20,1.969224730588565e-20,1.9715462904011482e-20,1.9738678502137315e-20,1.9761894100263147e-20,1.9785109698388976e-20,1.9808325296514814e-20,1.9831540894640646e-20,1.985475649276648e-20,1.987797209089231e-20,1.9901187689018143e-20,1.9924403287143975e-20,1.9947618885269808e-20,1.9970834483395643e-20,1.9994050081521475e-20,2.0017265679647307e-20,2.004048127777314e-20,2.0063696875898972e-20,2.0086912474024804e-20,2.0110128072150636e-20,2.0133343670276465e-20,2.0156559268402297e-20,2.0179774866528133e-20,2.0202990464653965e-20,2.0226206062779797e-20,2.0249421660905632e-20,2.0272637259031468e-20,2.0295852857157303e-20,2.0319068455283135e-20,2.0342284053408967e-20,2.03654996515348e-20,2.0388715249660635e-20,2.0411930847786467e-20,2.0435146445912296e-20,2.0458362044038134e-20,2.048157764216397e-20,2.05047932402898e-20,2.0528008838415634e-20,2.055122443654147e-20,2.05744400346673e-20,2.0597655632793143e-20,2.0620871230918975e-20,2.0644086829044807e-20,2.066730242717064e-20,2.0690518025296468e-20,2.0713733623422307e-20,2.073694922154814e-20,2.076016481967397e-20,2.07833804177998e-20,2.0806596015925638e-20,2.082981161405147e-20,2.0853027212177306e-20,2.0876242810303138e-20,2.089945840842897e-20,2.092267400655481e-20,2.0945889604680644e-20,2.0969105202806476e-20,2.0992320800932308e-20,2.101553639905814e-20,2.1038751997183976e-20,2.1061967595309808e-20,2.108518319343564e-20,2.1108398791561472e-20,2.1131614389687305e-20,2.1154829987813137e-20,2.117804558593897e-20,2.12012611840648e-20,2.122447678219064e-20,2.124769238031647e-20,2.12709079784423e-20,2.1294123576568133e-20,2.1317339174693965e-20,2.1340554772819797e-20,2.136377037094563e-20,2.1386985969071462e-20,2.141020156719729e-20,2.1433417165323126e-20,2.1456632763448958e-20,2.147984836157479e-20,2.1503063959700623e-20,2.1526279557826455e-20,2.154949515595229e-20,2.1572710754078123e-20,2.1595926352203955e-20,2.1619141950329787e-20,2.1642357548455622e-20,2.1665573146581454e-20,2.1688788744707287e-20,2.171200434283312e-20,2.173521994095895e-20,2.175843553908478e-20,2.1781651137210615e-20,2.180486673533645e-20,2.1828082333462283e-20,2.1851297931588118e-20,2.187451352971395e-20,2.1897729127839783e-20,2.1920944725965618e-20,2.194416032409145e-20,2.1967375922217282e-20,2.199059152034312e-20,2.2013807118468953e-20,2.2037022716594782e-20,2.2060238314720617e-20,2.208345391284645e-20,2.210666951097228e-20,2.2129885109098114e-20,2.2153100707223946e-20,2.217631630534978e-20,2.2199531903475613e-20,2.2222747501601446e-20,2.2245963099727278e-20,2.2269178697853107e-20,2.229239429597894e-20,2.231560989410477e-20,2.2338825492230607e-20,2.236204109035644e-20,2.238525668848227e-20,2.24084722866081e-20,2.2431687884733932e-20,2.2454903482859765e-20,2.2478119080985603e-20,2.2501334679111435e-20,2.2524550277237264e-20,2.2547765875363097e-20,2.257098147348893e-20,2.259419707161476e-20,2.2617412669740596e-20,2.2640628267866434e-20,2.2663843865992267e-20,2.2687059464118102e-20,2.2710275062243934e-20,2.2733490660369766e-20,2.27567062584956e-20,2.277992185662144e-20,2.2803137454747275e-20,2.282635305287311e-20,2.2849568650998942e-20,2.2872784249124778e-20,2.2895999847250607e-20,2.2919215445376442e-20,2.294243104350227e-20,2.2965646641628103e-20,2.298886223975394e-20,2.3012077837879777e-20,2.3035293436005606e-20,2.305850903413144e-20,2.308172463225727e-20,2.3104940230383106e-20,2.312815582850894e-20,2.3151371426634773e-20,2.3174587024760602e-20,1.2162091609954493e-06,2.520545439630702e-06,3.91026610205427e-06,5.382636010064689e-06,6.934982932100934e-06,8.564739221447966e-06,1.0269472358672458e-05,1.2046906512659315e-05,1.3894936944858087e-05,1.5811638782283675e-05,1.7795271418750876e-05,1.9844279574738914e-05,2.1957291852030648e-05,2.413311745572528e-05,2.6370741621266293e-05,2.8669320171307262e-05,3.102817353900707e-05,3.344678051652893e-05,3.5924771931655265e-05,3.846192440478122e-05,4.1058154302395526e-05,4.371351197099414e-05,4.6428176313084e-05,4.92024497469894e-05,5.2036753578627106e-05,5.49316238014567e-05,5.7887707333010804e-05,6.090575868968738e-05,6.398663709724689e-05,6.713130403087458e-05,7.034082117709389e-05,7.361634880832767e-05,7.695914455986293e-05,8.037056259919224e-05,8.385205317956805e-05,8.740516256670776e-05,9.103153333257857e-05,9.473290500806838e-05,9.851111508965802e-05,0.00010236810039536981,0.00010630589876731843,0.00011032665111936971,0.00011443260383016399,0.00011862611148328427,0.00012290963995820658,0.00012728576987681227,0.0001317572004127834,0.00013632675347263648,0.000140997378258669,0.00014577215622682384,0.00015065430645395443,0.0001556471914307464,0.00016075432329998014,0.00016597937056087036,0.00017132616526337004,0.0001767987107185388,0.00018240118975468224,0.00018813797355057466,0.0001940136310815474,0.000200032939216982,0.000206200893511721,0.00021252271973696025,0.0002190038862032733,0.00022565011692892567,0.00023246740571468435,0.00023946203119218275,0.00024664057291651426,0.0002540099285828945,0.00026157733245250653,0.0002693503750820665,0.00027733702446072615,0.0002855456486629656,0.00029398504014673877,0.0003026644418252804,0.0003115935750650278,0.00032078266976561616,0.00033024249670976177,0.0003399844023659474,0.0003500203463673241,0.0003603629418992159,0.00037102549925763933,0.00038202207286325637,0.0003933675120496672,0.000405077515974906,0.00041716869304440137,0.00042965862527320563,0.00044256593806350075,0.0004559103759266162,0.0004697128847342535,0.00048399570115331404,0.0004987824499934241,0.0005140982502749361,0.000529969830930789,0.0005464256571525452,0.0005634960685208433,0.0005812134301944569,0.0005996122985943431,0.000618729603195972,0.0006386048462483221,0.0006592803224744236,0.0006808013610760145,0.0007032165926720387,0.000726578244156466,0.0007509424648673137,0.0007763696879261546,0.0008029250311573995,0.0008306787426153385,0.0008597066964828081,0.0008900909459510953,0.0009219203406714287,0.0009552912175218896,0.0009903081747870128,0.0010270849413954004,0.0010657453547432754,0.0011064244627679845,0.0011492697685289146,0.0011944426385262236,0.001242119899624997,0.0012924956535988127,0.0013457833433860975,0.0014022181110711655,0.001462059494700788,0.0015255945194572608,0.0015931412487738955,0.0016650528728969624,0.0017417224266834646,0.0018235882452799592,0.0019111402864663053,0.002004927472137983,0.002105566229318396,0.0022137504436139186,0.0023302630755630445,0.00245598973280949,0.0025919345380129555,0.0027392386822484194,0.0028992021029290763,0.0030733087679492037,0.0032632560727130187,0.003470988845819466,0.003698738383345741,0.003949066744062718,0.004224916169234504,0.004529662837271657,0.004867173075132564,0.005169768176180429,0.005579950240694803,0.006037027183499056,0.006547152714187516,0.007117062944632418,0.007753957812420161,0.008465276844048996,0.009258338161056071,0.010139818768604005,0.011115077978342375,0.012187366476387206,0.013357016176643996,0.014620754405538495,0.015971305584456547,0.017397413059832792,0.018884331332179767,0.0204147296233829,0.021969854039963946,0.023530753090089764,0.025079387478053997,0.026599503096408596,0.028077216024400206,0.029501317086131195,0.0308633397484291,0.03215744953818049,0.03338021226946763,0.03453028964971413,0.03560809990391635,0.03661547104704773,0.037555306463039555,0.038431276445921314,0.039247544777771745,0.040008535713821014,0.04071874357877799,0.04138258445097793,0.04200428717461122,0.042587819294023006,0.04313684250443221,0.043654691837951204,0.04414437295249129,0.04460857242029172,0.0450496766654757,0.045469796039512886,0.04587079134541723,0.046254300858933076,0.046621766523980625,0.046974458433330875,0.04731349722517209,0.04763987409629453,0.04795446846593407,0.0482580633818969,0.048551358839734125,0.048834983220421124,0.04910950306300397,0.04937543138447667,0.0496332347460734,0.049883339246901394,0.05012613560589468,0.05036198347279813,0.0505912150896667,0.050814138406700404,0.051031039740529194,0.05124218604964527,0.051447826886651095,0.05164819608463493,0.05184351321577263,0.05203398486082201,0.05221980571904458,0.052401159583345173,0.052578220201315584,0.05275115203928948,0.052920110963670684,0.05308524485136316,0.0532466941391915,0.053404592320550615,0.05355906639620559,0.05371023728505325,0.05385822019969931,0.05400312499105143,0.05414505646541138,0.054284114677067605,0.054420395198980315,0.05455398937377436,0.05468498454694238,0.05481346428395459,0.054939508572704375,0.05506319401261783,0.05518459399150284,0.05530377885120203,0.0554208160428938,0.05553577027288003,0.055648703639558685,0.05575967576224605,0.05586874390242387,0.05597596307795979,0.05608138617077463,0.05618506402841211,0.056287045559912305,0.056387377826370134,0.056486106126516084,0.05658327407764345,0.056678923692172714,0.05677309545012657,0.056865828367767046,0.05695716006262898,0.057047126815164606,0.05713576362721494,0.057223104277463424,0.05730918137409632,0.05739402640478897,0.05747766978419679,0.05756014089908372,0.05764146815122453,0.05772167899821075,0.0578007999922672,0.05787885681720047,0.057955874323573985,0.05803187656221113,0.058106886816112036,0.058180927630880515,0.05825402084372455,0.058326187611120954,0.0583974484352072,0.05846782318896485,0.05853733114026813,0.05860599097484262,0.05867382081820253,0.058740838256611194,0.058807060357110225,0.05887250368668272,0.05893718433057234,0.05900111790981114,0.059064319597994644,0.059126804137341345,0.059188585854065084,0.05924967867310856,0.05931009613224981,0.05936985139562654,0.05942895726669855,0.05948742620067869,0.05954527031645447,0.059602501408025324,0.05965913095548036,0.059715170135532875,0.05977062983163637,0.05982552064370102,0.05987985289742579,0.05993363665325797,0.05998688171502594,0.06003959763821329,0.06009179373792863,0.06014347909656712,0.060194662571180925,0.06024535280057306,0.06029555821212288,0.060345287028357994,0.06039454727328185,0.060443346778468805,0.060491693188934055,0.060539593968791106,0.06058705640670383,0.06063408762114134,0.060680694565444636,0.060726884032713764,0.060772662660521864,0.06081803693545955,0.06086301319752622,0.060907597644363,0.06095179633534174,0.06099561519551297,0.06103906001941735,0.06108213647476834,0.061124850106010174,0.061167206337754666,0.061209210478105715,0.061250867721868565,0.06129218315365574,0.061333161750890756,0.061373808386712324,0.061414127832783785,0.06145412476201013,0.06149380375117127,0.061533169283466485,0.061572225750979655,0.06161097745706646,0.061649428618664834,0.06168758336853376,0.06172544575742252,0.06176301975616828,0.06180030925773763,0.06183731807919596,0.06187404996362109,0.061910508581957915,0.06194669753481726,0.06198262035421857,0.062018280505282485,0.06205368138787302,0.06208882633818758,0.06212371863030331,0.062158361477677455,0.06219275803460246,0.06222691139761965,0.062260824606891835,0.062294500647536194,0.0623279424509183,0.06236115289591081,0.06239413481011473,0.06242689097104659,0.06245942410729209,0.06249173689962847,0.06252383198211439,0.06255571194314982,0.06258737932650685,0.06261883663233175,0.06265008631812076,0.06268113079966779,0.06271197245198742,0.06274261361021277,0.06277305657046896,0.06280330359072352,0.0628333568916147,0.06286321865725648,0.06289289103602369,0.06292237614131588,0.06295167605230093,0.06298079281464133,0.0630097284411977,0.063038484912718,0.06306706417850877,0.06309546815708567,0.0631236987368114,0.06315175777611468,0.06317964710530691,0.06320736852595087,0.06323492381184556,0.06326231470958758,0.06328954293911528,0.0633166101942447,0.06334351814318824,0.06337026842906258,0.0633968626703835,0.06342330246154908,0.06344958937331122,0.06347572495323545,0.06350171072615103,0.06352754819458778,0.06355323883920604,0.06357878411921303,0.06360418547277108,0.06362944431739902,0.06365456205035712,0.06367954004903019,0.06370437967129863,0.06372908225590079,0.06375364912278879,0.0637780815734737,0.06380238089136496,0.06382654834210119,0.06385058517387443,0.06387449261774539,0.06389827188795301,0.06392192418221748,0.06394545068203529,0.06396885255296834,0.06399213094492688,0.06401528699244607,0.06403832181495693,0.06406123651705035,0.06408403218873641,0.06410670990569786,0.06412927072953778,0.06415171570802214,0.06417404587531811,0.06419626225222523,0.06421836584640424,0.06424035765259863,0.06426223865285287,0.06428400981672844,0.06430567210150924,0.06432722645240803,0.06434867380276707,0.06437001507425434,0.06439125117705613,0.06441238301006505,0.06443341146106524,0.06445433740691292,0.06447516171371387,0.06449588523699651,0.06451650882188306,0.06453703330325587,0.06455745950592084,0.06457778824476791,0.06459802032492816,0.06461815654192768,0.06463819768183902,0.06465814452142866,0.06467799782830273,0.06469775836104907,0.06471742686937723,0.0647370040942553,0.06475649076804342,0.0647758876146274,0.06479519534954715,0.06481441468012147,0.06483354630557621,0.06485259091716386,0.06487154919828397,0.06489042182460134,0.06490920946416039,0.06492791277749867,0.06494653241775943,0.06496506903079821,0.06498352325529237,0.0650018957228448,0.06502018705808814,0.0650383978787854,0.06505652879593057,0.06507458041384268,0.0650925533302679,0.06511044813646999,0.06512826541732314,0.06514600575140364,0.06516366971107893,0.06518125786259536,0.06519877076616491,0.06521620897604911,0.06523357304064328,0.06525086350255688,0.06526808089869583,0.06528522576033963,0.06530229861322048,0.06531929997759855,0.06533623036833712,0.06535309029497767,0.06536988026181013,0.06538660076794556,0.06540325230738597,0.06541983536909295,0.06543635043705527,0.06545279799035619,0.06546917850323813,0.06548549244516717,0.06550174028089634,0.06551792247052923,0.06553403946957871,0.06555009172902902,0.06556607969539484,0.06558200381077887,0.06559786451292983,0.06561366223529838,0.06562939740709309,0.065645070453335,0.06566068179491077,0.0656762318486268,0.06569172102725918,0.06570714973960746,0.06572251839054304,0.0657378273810599,0.06575307710832297,0.06576826796571622,0.06578340034289011,0.06579847462580816,0.06581349119679261,0.06582845043456989,0.06584335271431438,0.06585819840769311,0.06587298788290841,0.06588772150474008,0.06590239963458752,0.06591702263051086,0.06593159084727135,0.06594610463637131,0.06596056434609338,0.06597497032153929,0.06598932290466868,0.06600362243433527,0.0660178692463248,0.06603206367339147,0.06604620604529361,0.06606029668882919,0.0660743359278708,0.06608832408339983,0.06610226147354038,0.06611614841359262,0.06612998521606578,0.06614377219071027,0.06615750964454994,0.06617119788191374,0.06618483720446582,0.06619842791123717,0.06621197029865517,0.06622546466057341,0.06623891128830119,0.06625231047063199,0.06626566249387222,0.06627896764186933,0.06629222619603935,0.06630543843539415,0.06631860463656856,0.06633172507384649,0.06634480001918783,0.06635782974225285,0.06637081451042925,0.06638375458885659,0.06639665024045073,0.06640950172592859,0.06642230930383196,0.06643507323055194,0.06644779376035137,0.06646047114538844,0.06647310563573937,0.06648569747942243,0.06649824692241646,0.06651075420868584,0.06652321958020142,0.06653564327696157,0.06654802553701301,0.0665603665964721,0.06657266668954495,0.06658492604854775,0.06659714490392638,0.0666093234842765,0.06662146201636285,0.06663356072513815,0.06664561983376266,0.06665763956362207,0.06666962013434632,0.06668156176382782,0.06669346466823928,0.06670532906205136,0.06671715515805043,0.06672894316735578,0.06674069329943642,0.06675240576212797,0.06676408076164969,0.06677571850262067,0.0667873191880754,0.06679888301948075,0.06681041019675125,0.06682190091826487,0.06683335538087806,0.06684477377994164,0.06685615630931516,0.06686750316138215,0.06687881452706447,0.06689009059583725,0.06690133155574245,0.06691253759340375,0.06692370889404019,0.0669348456414796,0.06694594801817294,0.06695701620520715,0.0669680503823185,0.06697905072790603,0.06699001741904417,0.06700095063149582,0.06701185053972472,0.06702271731690833,0.06703355113494905,0.06704435216448923,0.06705512057491983,0.06706585653439409,0.06707656020983915,0.06708723176696758,0.06709787137028896,0.06710847918312107,0.06711905536760125,0.06712960008469748,0.06714011349421929,0.06715059575482882,0.06716104702405118,0.06717146745828528,0.06718185721281428,0.06719221644181597,0.06720254529837279,0.06721284393448222,0.06722311250106652,0.06723335114798293,0.067243560024033,0.06725373927697273,0.06726388905352161,0.06727400949937268,0.06728410075920141,0.06729416297667493,0.06730419629446134,0.06731420085423856,0.06732417679670347,0.06733412426158035,0.06734404338763046,0.06735393431265961,0.06736379717352713,0.06737363210615455,0.06738343924553343,0.06739321872573442,0.06740297067991417,0.06741269524032469,0.06742239253832065,0.06743206270436733,0.06744170586804864,0.06745132215807453,0.0674609117022889,0.06747047462767712,0.06748001106037332,0.06748952112566796,0.06749900494801522,0.06750846265104003,0.06751789435754522,0.06752730018951895,0.06753668026814123,0.06754603471379102,0.06755536364605369,0.06756466718372667,0.06757394544482721,0.0675831985465983,0.06759242660551563,0.067601629737294,0.06761080805689383,0.06761996167852698,0.06762909071566464,0.06763819528104154,0.06764727548666306,0.06765633144381153,0.0676653632630521,0.06767437105423865,0.0676833549265193,0.06769231498834381,0.06770125134746724,0.06771016411095708,0.06771905338519861,0.06772791927590059,0.06773676188810045,0.06774558132617033,0.06775437769382218,0.06776315109411331,0.06777190162945163,0.06778062940160107,0.06778933451168666,0.06779801706019993,0.06780667714700346,0.06781531487133735,0.06782393033182255,0.06783252362646656,0.06784109485266894,0.06784964410722534,0.06785817148633227,0.06786667708559294,0.06787516100002093,0.06788362332404534,0.06789206415151537,0.067900483575705,0.0679088816893172,0.06791725858448897,0.06792561435279541,0.06793394908525426,0.06794226287233035,0.06795055580393977,0.06795882796945436,0.06796707945770576,0.06797531035698996,0.067983520755071,0.0679917107391854,0.06799988039604622,0.06800802981184723,0.06801615907226656,0.06802426826247097,0.06803235746711987,0.06804042677036884,0.06804847625587385,0.06805650600679498,0.06806451610580021,0.06807250663506878,0.06808047767629576,0.0680884293106954,0.06809636161900426,0.06810427468148515,0.06811216857793101,0.06812004338766817,0.06812789918955976,0.06813573606200957,0.0681435540829652,0.06815135332992152,0.06815913387992427,0.06816689580957287,0.0681746391950245,0.06818236411199674,0.0681900706357714,0.06819775884119726,0.06820542880269373,0.06821308059425316,0.06822071428944515,0.06822832996141923,0.06823592768290741,0.06824350752622789,0.06825106956328796,0.06825861386558675,0.06826614050421856,0.0682736495498754,0.06828114107285042,0.06828861514304033,0.06829607182994867,0.06830351120268838,0.06831093332998477,0.06831833828017815,0.06832572612122698,0.06833309692071013,0.06834045074582999,0.06834778766341469,0.06835510773992182,0.06836241104143972,0.06836969763369084,0.06837696758203453,0.06838422095146914,0.06839145780663486,0.06839867821181635,0.06840588223094482,0.06841306992760114,0.06842024136501768,0.06842739660608127,0.06843453571333535,0.06844165874898252,0.06844876577488672,0.06845585685257591,0.0684629320432441,0.06846999140775409,0.06847703500663922,0.06848406290010609,0.06849107514803661,0.06849807180999051,0.0685050529452073,0.06851201861260851,0.06851896887079997,0.06852590377807412,0.06853282339241175,0.06853972777148454,0.06854661697265697,0.06855349105298877,0.06856035006923608,0.0685671940778549,0.06857402313500166,0.06858083729653645,0.06858763661802464,0.06859442115473843,0.0686011909616595,0.06860794609348062,0.06861468660460755,0.06862141254916118,0.06862812398097927,0.06863482095361852,0.0686415035203564,0.06864817173419288,0.06865482564785313,0.06866146531378656,0.06866809078417249,0.06867470211091985,0.0686812993456692,0.06868788253979448,0.068694451744405,0.06870100701034712,0.06870754838820582,0.06871407592830674,0.06872058968071748,0.0687270896952497,0.06873357602146063,0.06874004870865445,0.06874650780588455,0.06875295336195464,0.06875938542542076,0.06876580404459258,0.06877220926753516,0.06877860114207049,0.06878497971577921,0.06879134503600194,0.06879769714984098,0.06880403610416197,0.06881036194559478,0.06881667472053589,0.06882297447515044,0.06882926125537,0.06883553510689956,0.06884179607521536,0.06884804420556713,0.06885427954298091,0.06886050213225961,0.06886671201797684,0.06887290924449459,0.06887909385595134,0.06888526589627059,0.06889142540915645,0.0688975724380973,0.06890370702637236,0.06890982921704392,0.06891593905296466,0.06892203657677726,0.06892812183091637,0.06893419485761076,0.06894025569887886,0.06894630439653907,0.06895234099220511,0.0689583655272884,0.06896437804299996,0.06897037858035109,0.06897636718015474,0.06898234388302674,0.068988308729388,0.06899426175946353,0.06900020301328566,0.06900613253069418,0.06901205035133812,0.06901795651467647,0.06902385105997959,0.06902973402633014,0.0690356054526245,0.06904146537757373,0.06904731383970487,0.0690531508773619,0.06905897652870681,0.0690647908317209,0.06907059382420568,0.06907638554378412,0.06908216602790172,0.06908793531382745,0.0690936934386549,0.06909944043930341,0.06910517635251885,0.06911090121487498,0.06911661506277422,0.06912231793244908,0.06912800985996287,0.06913369088121046,0.06913936103191996,0.06914502034765281,0.06915066886380584,0.06915630661561142,0.06916193363813866,0.06916754996629455,0.06917315563482476,0.06917875067831472,0.06918433513119053,0.06918990902771958,0.06919547240201199,0.06920102528802126,0.06920656771954536,0.06921209973022736,0.06921762135355644,0.06922313262286899,0.06922863357134924,0.06923412423203033,0.06923960463779523,0.06924507482137739,0.0692505348153617,0.06925598465218548,0.06926142436413933,0.06926685398336767,0.06927227354186995,0.06927768307150126,0.06928308260397331,0.0692884721708553,0.0692938518035744,0.06929922153341705,0.06930458139152931,0.06930993140891795,0.06931527161645108,0.06932060204485936,0.06932592272473616,0.06933123368653872,0.06933653496058888,0.06934182657707372,0.06934710856604652,0.06935238095742746,0.06935764378100422,0.06936289706643295,0.06936814084323885,0.06937337514081719,0.06937859998843332,0.06938381541522441,0.06938902145019947,0.06939421812224032,0.06939940546010215,0.06940458349241445,0.06940975224768148,0.06941491175428327,0.06942006204047589,0.06942520313439265,0.06943033506404434,0.06943545785732001,0.06944057154198799,0.06944567614569608,0.06945077169597254,0.06945585822022655,0.069460935745749,0.06946600429971322,0.0694710639091754,0.06947611460107533,0.06948115640223715,0.06948618933936986,0.06949121343906788,0.06949622872781203,0.0695012352319697,0.06950623297779575,0.06951122199143307,0.06951620229891319,0.06952117392615681,0.06952613689897459,0.0695310912430674,0.06953603698402737,0.0695409741473382,0.06954590275837572,0.06955082284240857,0.06955573442459888,0.06956063753000252,0.06956553218357012,0.06957041841014718,0.0695752962344751,0.06958016568119119,0.06958502677482983,0.06958987953982237,0.06959472400049838,0.0695995601810857,0.06960438810571111,0.06960920779840102,0.06961401928308147,0.06961882258357982,0.06962361772362392,0.06962840472684342,0.06963318361677012,0.06963795441683839,0.069642717150386,0.06964747184065417,0.06965221851078833,0.06965695718383902,0.0696616878827615,0.06966641063041705,0.06967112544957273,0.06967583236290284,0.06968053139298847,0.06968522256231859,0.06968990589329024,0.06969458140820906,0.06969924912928993,0.06970390907865712,0.06970856127834513,0.06971320575029895,0.06971784251637565,0.06972247159834023,0.06972709301787317,0.06973170679656619,0.06973631295592374,0.06974091151736365,0.06974550250221734,0.06975008593173045,0.06975466182706322,0.06975923020929092,0.06976379109940431,0.06976834451831007,0.0697728904868311,0.06977742902570745,0.06977742903128697,0.06977742903338882,0.06977742903418167,0.06977742903448172,0.06977742903459626,0.06977742903464097,0.06977742903465935,0.06977742903466783,0.06977742903467257,0.0697774290346759,0.06977742903467868,0.06977742903468126,0.06977742903468377,0.06977742903468624,0.06977742903468871,0.06977742903469114,0.06977742903469362,0.06977742903469607,0.06977742903469851,0.06977742903470095,0.06977742903470341,0.06977742903470587,0.0697774290347083,0.06977742903471074,0.06977742903471318,0.06977742903471566,0.0697774290347181,0.06977742903472059,0.06977742903472305,0.06977742903472549,0.06977742903472797,0.06977742903473046,0.06977742903473291,0.06977742903473538,0.06977742903473784,0.06977742903474024,0.06977742903474267,0.06977742903474515,0.06977742903474764,0.06977742903475008,0.06977742903475256,0.06977742903475502,0.06977742903475749,0.06977742903475992,0.06977742903476239,0.06977742903476483,0.06977742903476729,0.06977742903476974,0.06977742903477217,0.06977742903477462,0.06977742903477706,0.06977742903477953,0.06977742903478196,0.06977742903478441,0.06977742903478684,0.06977742903478933,0.06977742903479177,0.06977742903479422,0.06977742903479664,0.06977742903479912,0.06977742903480158,0.06977742903480404,0.06977742903480648,0.06977742903480894,0.06977742903481138,0.06977742903481383,0.06977742903481628,0.0697774290348187,0.06977742903482115,0.06977742903482365,0.06977742903482605,0.06977742903482853,0.06977742903483095,0.06977742903483342,0.06977742903483583,0.06977742903483831,0.06977742903484076,0.06977742903484321,0.06977742903484567,0.06977742903484813,0.06977742903485057,0.06977742903485304,0.06977742903485548,0.06977742903485794,0.06977742903486038,0.06977742903486282,0.06977742903486525,0.06977742903486771,0.06977742903487016,0.06977742903487263,0.06977742903487509,0.06977742903487752,0.06977742903487995,0.0697774290348824,0.06977742903488486,0.06977742903488734,0.06977742903488976,0.0697774290348922,0.06977742903489467,0.06977742903489711,0.06977742903489954,0.06977742903490203,0.06977742903490448,0.06977742903490694,0.06977742903490937,0.06977742903491185,0.06977742903491428,0.06977742903491674,0.06977742903491918,0.06977742903492165,0.06977742903492408,0.06977742903492654,0.06977742903492899,0.06977742903493145,0.06977742903493392,0.06977742903493635,0.0697774290349388,0.06977742903494125,0.0697774290349437,0.06977742903494615,0.06977742903494859,0.06977742903495106,0.06977742903495351,0.06977742903495597,0.06977742903495843,0.06977742903496086,0.06977742903496331,0.06977742903496575,0.06977742903496824,0.06977742903497063,0.06977742903497311,0.06977742903497554,0.06977742903497802,0.06977742903498044,0.06977742903498288,0.06977742903498534,0.06977742903498776,0.0697774290349902,0.06977742903499265,0.06977742903499513,0.06977742903499755,0.06977742903500003,0.06977742903500245,0.0697774290350049,0.06977742903500735,0.06977742903500982,0.06977742903501225,0.06977742903501472,0.06977742903501713,0.0697774290350196,0.06977742903502206,0.0697774290350245,0.06977742903502697,0.06977742903502941,0.06977742903503185,0.06977742903503431,0.06977742903503675,0.06977742903503922,0.06977742903504167,0.0697774290350441,0.06977742903504658,0.069777429035049,0.06977742903505149,0.06977742903505392,0.06977742903505638,0.06977742903505882,0.06977742903506128,0.06977742903506373,0.06977742903506616,0.0697774290350686,0.06977742903507105,0.0697774290350735,0.06977742903507597,0.06977742903507839,0.06977742903508086,0.06977742903508331,0.06977742903508576,0.0697774290350882,0.06977742903509065,0.0697774290350931,0.06977742903509555,0.069777429035098,0.06977742903510042,0.0697774290351029,0.06977742903510532,0.06977742903510777,0.06977742903511022,0.06977742903511266,0.06977742903511511,0.06977742903511755,0.06977742903512,0.06977742903512248,0.06977742903512493,0.06977742903512738,0.06977742903512982,0.06977742903513229,0.06977742903513473,0.06977742903513719,0.06977742903513964,0.0697774290351421,0.06977742903514454,0.06977742903514701,0.06977742903514948,0.0697774290351519,0.06977742903515438,0.0697774290351568,0.06977742903515928,0.0697774290351617,0.06977742903516417,0.06977742903516662,0.06977742903516906,0.06977742903517149,0.06977742903517396,0.06977742903517643,0.06977742903517888,0.06977742903518135,0.06977742903518377,0.06977742903518619,0.06977742903518869,0.06977742903519113,0.06977742903519359,0.06977742903519606,0.06977742903519848,0.06977742903520094,0.0697774290352034,0.06977742903520583,0.0697774290352083,0.06977742903521074,0.06977742903521318,0.06977742903521562,0.06977742903521811,0.06977742903522054,0.06977742903522301,0.06977742903522549,0.0697774290352279,0.06977742903523036,0.06977742903523279,0.06977742903523526,0.0697774290352377,0.06977742903524016,0.06977742903524262,0.06977742903524507,0.06977742903524754,0.06977742903524997,0.06977742903525246,0.0697774290352549,0.06977742903525734,0.0697774290352598,0.06977742903526225,0.06977742903526468,0.06977742903526711,0.06977742903526958,0.06977742903527201,0.06977742903527445,0.0697774290352769,0.06977742903527934,0.06977742903528178,0.06977742903528421,0.06977742903528669,0.06977742903528912,0.06977742903529159,0.06977742903529402,0.06977742903529649,0.06977742903529895,0.0697774290353014,0.06977742903530386,0.06977742903530629,0.06977742903530876,0.06977742903531123,0.06977742903531366,0.06977742903531613,0.06977742903531856,0.06977742903532103,0.06977742903532345,0.0697774290353259,0.06977742903532835,0.06977742903533082,0.06977742903533328,0.0697774290353357,0.06977742903533815,0.0697774290353406,0.06977742903534304,0.06977742903534549,0.06977742903534795,0.06977742903535042,0.06977742903535285,0.0697774290353553,0.06977742903535775,0.06977742903536019,0.06977742903536265,0.06977742903536509,0.06977742903536753,0.06977742903536999,0.06977742903537244,0.06977742903537489,0.06977742903537736,0.0697774290353798,0.06977742903538223,0.06977742903538468,0.06977742903538713,0.06977742903538958,0.06977742903539201,0.06977742903539447,0.06977742903539691,0.06977742903539938,0.06977742903540182,0.06977742903540426,0.06977742903540672,0.06977742903540914,0.0697774290354116,0.06977742903541408,0.0697774290354165,0.06977742903541895,0.06977742903542138,0.06977742903542385,0.06977742903542632,0.06977742903542875,0.06977742903543122,0.06977742903543364,0.06977742903543611,0.06977742903543856,0.069777429035441,0.06977742903544344,0.06977742903544587,0.06977742903544834,0.06977742903545078,0.06977742903545325,0.06977742903545572,0.06977742903545815,0.06977742903546062,0.06977742903546305,0.0697774290354655,0.06977742903546796,0.0697774290354704,0.06977742903547288,0.06977742903547532,0.06977742903547775,0.06977742903548019,0.06977742903548263,0.0697774290354851,0.06977742903548756,0.06977742903548999,0.06977742903549244,0.06977742903549489,0.06977742903549734,0.06977742903549981,0.06977742903550224,0.06977742903550471,0.06977742903550715,0.06977742903550961,0.06977742903551205,0.06977742903551452,0.06977742903551694,0.0697774290355194,0.06977742903552185,0.06977742903552431,0.06977742903552676,0.06977742903552918,0.06977742903553166,0.06977742903553412,0.06977742903553656,0.069777429035539,0.06977742903554146,0.06977742903554388,0.06977742903554633,0.0697774290355488,0.0697774290355512,0.06977742903555366,0.06977742903555612,0.06977742903555859,0.06977742903556104,0.06977742903556348,0.06977742903556593,0.06977742903556837,0.06977742903557083,0.06977742903557327,0.0697774290355757,0.06977742903557815,0.0697774290355806,0.06977742903558305,0.0697774290355855,0.06977742903558795,0.06977742903559037,0.06977742903559284,0.0697774290355953,0.06977742903559774,0.0697774290356002,0.06977742903560262,0.06977742903560508,0.06977742903560753,0.06977742903560998,0.06977742903561245,0.06977742903561489,0.06977742903561732,0.06977742903561979,0.06977742903562224,0.06977742903562469,0.06977742903562714,0.06977742903562958,0.06977742903563203,0.06977742903563446,0.0697774290356369,0.0697774290356394,0.0697774290356418,0.06977742903564427,0.06977742903564672,0.0697774290356492,0.06977742903565162,0.06977742903565409,0.06977742903565658,0.069777429035659,0.06977742903566148,0.06977742903566392,0.06977742903566635,0.06977742903566882,0.06977742903567125,0.06977742903567369,0.06977742903567616,0.06977742903567859,0.06977742903568104,0.06977742903568349,0.06977742903568594,0.06977742903568837,0.06977742903569081,0.06977742903569326,0.06977742903569571,0.06977742903569815,0.06977742903570061,0.0697774290357031,0.06977742903570552,0.06977742903570798,0.06977742903571045,0.06977742903571289,0.06977742903571536,0.06977742903571779,0.06977742903572025,0.06977742903572269,0.06977742903572513,0.0697774290357276,0.06977742903573006,0.06977742903573253,0.06977742903573499,0.06977742903573741,0.0697774290357399,0.06977742903574231,0.06977742903574476,0.06977742903574721,0.06977742903574968,0.06977742903575211,0.06977742903575455,0.06977742903575698,0.06977742903575947,0.06977742903576191,0.06977742903576437,0.06977742903576682,0.06977742903576924,0.0697774290357717,0.06977742903577412,0.06977742903577662,0.06977742903577906,0.06977742903578148,0.06977742903578396,0.0697774290357864,0.06977742903578886,0.06977742903579129,0.06977742903579376,0.0697774290357962,0.06977742903579864,0.06977742903580109,0.06977742903580354,0.06977742903580597,0.06977742903580844,0.06977742903581088,0.06977742903581335,0.0697774290358158,0.06977742903581823,0.06977742903582067,0.06977742903582312,0.06977742903582557,0.06977742903582801,0.06977742903583047,0.06977742903583291,0.06977742903583539,0.06977742903583782,0.06977742903584029,0.0697774290358427,0.06977742903584516,0.06977742903584762,0.06977742903585006,0.0697774290358525,0.06977742903585496,0.06977742903585739,0.06977742903585984,0.06977742903586229,0.06977742903586473,0.06977742903586717,0.06977742903586966,0.0697774290358721,0.06977742903587454,0.069777429035877,0.06977742903587944,0.06977742903588192,0.06977742903588434,0.06977742903588682,0.06977742903588927,0.06977742903589174,0.06977742903589416,0.06977742903589662,0.0697774290358991,0.06977742903590152,0.069777429035904,0.06977742903590643,0.06977742903590889,0.06977742903591136,0.06977742903591379,0.06977742903591626,0.06977742903591867,0.06977742903592114,0.06977742903592359,0.06977742903592606,0.0697774290359285,0.06977742903593097,0.06977742903593342,0.06977742903593587,0.06977742903593832,0.06977742903594078,0.0697774290359432,0.06977742903594565,0.06977742903594812,0.06977742903595056,0.069777429035953,0.06977742903595548,0.0697774290359579,0.06977742903596036,0.06977742903596283,0.06977742903596523,0.0697774290359677,0.06977742903597013,0.06977742903597259,0.06977742903597503,0.06977742903597751,0.06977742903597992,0.06977742903598243,0.0697774290359849,0.06977742903598733,0.06977742903598977,0.06977742903599224,0.06977742903599468,0.06977742903599714,0.06977742903599957,0.06977742903600201,0.06977742903600447,0.06977742903600691,0.06977742903600938,0.06977742903601182,0.06977742903601426,0.0697774290360167,0.06977742903601916,0.06977742903602159,0.06977742903602407,0.06977742903602652,0.06977742903602896,0.0697774290360314,0.06977742903603384,0.0697774290360363,0.06977742903603873,0.0697774290360412,0.06977742903604361,0.06977742903604607,0.06977742903604855,0.06977742903605097,0.06977742903605343,0.0697774290360559,0.06977742903605832,0.06977742903606081,0.06977742903606324,0.06977742903606571,0.06977742903606814,0.06977742903607062,0.06977742903607304,0.06977742903607549,0.06977742903607793,0.06977742903608039,0.06977742903608283,0.06977742903608529,0.06977742903608775,0.06977742903609017,0.06977742903609263,0.06977742903609507,0.06977742903609752,0.06977742903609997,0.06977742903610241,0.06977742903610486,0.0697774290361073,0.06977742903610976,0.06977742903611218,0.06977742903611464,0.06977742903611711,0.06977742903611954,0.069777429036122,0.06977742903612444,0.06977742903612688,0.06977742903612932,0.06977742903613181,0.06977742903613422,0.06977742903613668,0.06977742903613912,0.06977742903614155,0.069777429036144,0.06977742903614643,0.06977742903614892,0.06977742903615135,0.06977742903615383,0.06977742903615629,0.06977742903615874,0.06977742903616116,0.06977742903616363,0.06977742903616609,0.06977742903616857,0.06977742903617101,0.06977742903617344,0.06977742903617587,0.06977742903617835,0.06977742903618075,0.06977742903618324,0.06977742903618567,0.06977742903618812,0.06977742903619061,0.06977742903619304,0.06977742903619549,0.06977742903619792,0.06977742903620038,0.06977742903620279,0.06977742903620526,0.0697774290362077,0.06977742903621016,0.0697774290362126,0.06977742903621505,0.0697774290362175,0.06977742903621995,0.06977742903622247,0.06977742903622496,0.06977742903622738,0.06977742903622984,0.0697774290362323,0.06977742903623477,0.06977742903623718,0.06977742903623964,0.06977742903624211,0.06977742903624455,0.06977742903624702,0.06977742903624948,0.06977742903625189,0.06977742903625436,0.06977742903625685,0.06977742903625926,0.06977742903626172,0.06977742903626416,0.06977742903626662,0.06977742903626907,0.06977742903627152,0.06977742903627396,0.06977742903627644,0.06977742903627888,0.06977742903628134,0.06977742903628378,0.06977742903628621,0.06977742903628868,0.06977742903629114,0.06977742903629357,0.06977742903629601,0.06977742903629847,0.06977742903630092,0.06977742903630335,0.0697774290363058,0.06977742903630828,0.0697774290363107,0.06977742903631313,0.06977742903631559,0.06977742903631806,0.0697774290363205,0.06977742903632297,0.06977742903632543,0.06977742903632786,0.06977742903633032,0.06977742903633276,0.06977742903633521,0.06977742903633764,0.06977742903634011,0.06977742903634257,0.06977742903634498,0.06977742903634745,0.0697774290363499,0.06977742903635235,0.06977742903635478,0.06977742903635724,0.06977742903635967,0.06977742903636215,0.0697774290363646,0.06977742903636702,0.0697774290363695,0.06977742903637194,0.0697774290363744,0.06977742903637682,0.0697774290363793,0.06977742903638175,0.0697774290363842,0.06977742903638666,0.0697774290363891,0.06977742903639157,0.06977742903639401,0.06977742903639648,0.06977742903639893,0.06977742903640136,0.06977742903640383,0.06977742903640627,0.06977742903640873,0.06977742903641117,0.0697774290364136,0.06977742903641608,0.0697774290364185,0.06977742903642097,0.06977742903642338,0.06977742903642584,0.06977742903642832,0.06977742903643076,0.0697774290364332,0.06977742903643563,0.0697774290364381,0.06977742903644055,0.06977742903644299,0.06977742903644545,0.06977742903644789,0.06977742903645032,0.06977742903645277,0.0697774290364552,0.06977742903645767,0.06977742903646011,0.06977742903646254,0.069777429036465,0.06977742903646747,0.06977742903646991,0.06977742903647235,0.06977742903647483,0.06977742903647725,0.0697774290364797,0.06977742903648214,0.06977742903648461,0.06977742903648705,0.06977742903648952,0.06977742903649194,0.06977742903649442,0.06977742903649684,0.06977742903649932,0.06977742903650178,0.0697774290365042,0.06977742903650669,0.0697774290365091,0.06977742903651157,0.06977742903651399,0.06977742903651643,0.0697774290365189,0.06977742903652137,0.06977742903652383,0.06977742903652626,0.06977742903652871,0.06977742903653114,0.0697774290365336,0.06977742903653605,0.06977742903653848,0.06977742903654095,0.0697774290365434,0.06977742903654582,0.06977742903654828,0.06977742903655071,0.06977742903655318,0.06977742903655561,0.06977742903655805,0.06977742903656049,0.06977742903656296,0.06977742903656539,0.06977742903656779,0.06977742903657029,0.06977742903657276,0.0697774290365752,0.06977742903657765,0.06977742903658009,0.06977742903658256,0.069777429036585,0.06977742903658747,0.06977742903658989,0.06977742903659236,0.06977742903659478,0.06977742903659727,0.0697774290365997,0.06977742903660215,0.06977742903660458,0.06977742903660705,0.06977742903660951,0.06977742903661195,0.06977742903661441,0.06977742903661685,0.06977742903661929,0.06977742903662172,0.06977742903662418,0.06977742903662663,0.06977742903662908,0.06977742903663153,0.06977742903663396,0.06977742903663639,0.06977742903663885,0.06977742903664128,0.06977742903664377,0.06977742903664619,0.06977742903664866,0.06977742903665109,0.06977742903665353,0.06977742903665599,0.06977742903665843,0.06977742903666086,0.06977742903666331,0.06977742903666574,0.06977742903666818,0.06977742903667064,0.06977742903667308,0.06977742903667554,0.06977742903667798,0.0697774290366804,0.06977742903668284,0.06977742903668532,0.06977742903668774,0.0697774290366902,0.06977742903669265,0.0697774290366951,0.06977742903669755,0.06977742903669998,0.06977742903670243,0.0697774290367049,0.06977742903670732,0.0697774290367098,0.06977742903671223,0.06977742903671469,0.0697774290367171,0.06977742903671957,0.06977742903672202,0.06977742903672449,0.06977742903672693,0.06977742903672936,0.06977742903673179,0.06977742903673423,0.06977742903673671,0.06977742903673916,0.06977742903674158,0.06977742903674401,0.06977742903674648,0.06977742903674893,0.06977742903675137,0.06977742903675382,0.06977742903675627,0.06977742903675871,0.06977742903676114,0.0697774290367636,0.06977742903676602,0.0697774290367685,0.06977742903677095,0.0697774290367734,0.06977742903677586,0.06977742903677829,0.06977742903678075,0.0697774290367832,0.06977742903678565,0.0697774290367881,0.06977742903679054,0.069777429036793,0.06977742903679543,0.06977742903679789,0.06977742903680031,0.06977742903680277,0.06977742903680523,0.0697774290368077,0.06977742903681015,0.06977742903681258,0.06977742903681504,0.06977742903681751,0.06977742903681995,0.0697774290368224,0.06977742903682482,0.0697774290368273,0.06977742903682974,0.0697774290368322,0.06977742903683465,0.06977742903683708,0.06977742903683955,0.06977742903684199,0.0697774290368444,0.06977742903684683,0.06977742903684929,0.06977742903685175,0.06977742903685419,0.06977742903685664,0.06977742903685907,0.06977742903686154,0.06977742903686397,0.06977742903686643,0.06977742903686887,0.06977742903687133,0.06977742903687376,0.06977742903687623,0.06977742903687867,0.06977742903688108,0.0697774290368836,0.06977742903688602,0.06977742903688847,0.06977742903689094,0.06977742903689335,0.06977742903689581,0.06977742903689826,0.06977742903690073,0.06977742903690316,0.06977742903690559,0.06977742903690805,0.06977742903691052,0.06977742903691297,0.0697774290369154,0.06977742903691785,0.06977742903692029,0.06977742903692274,0.06977742903692517,0.06977742903692763,0.06977742903693007,0.06977742903693253,0.06977742903693497,0.06977742903693739,0.06977742903693984,0.06977742903694228,0.06977742903694474,0.06977742903694716,0.06977742903694963,0.0697774290369521,0.06977742903695452,0.069777429036957,0.06977742903695944,0.06977742903696187,0.0697774290369643,0.06977742903696675,0.06977742903696922,0.06977742903697168,0.06977742903697412,0.06977742903697655,0.06977742903697899,0.06977742903698143,0.06977742903698389,0.06977742903698633,0.06977742903698879,0.06977742903699125,0.06977742903699369,0.06977742903699616,0.06977742903699859,0.06977742903700107,0.06977742903700353,0.06977742903700597,0.0697774290370084,0.06977742903701084,0.06977742903701328,0.06977742903701574,0.06977742903701821,0.06977742903702062,0.0697774290370231,0.06977742903702554,0.06977742903702798,0.06977742903703042,0.06977742903703288,0.06977742903703531,0.06977742903703776,0.0697774290370402,0.06977742903704263,0.06977742903704508,0.06977742903704755,0.06977742903704999,0.06977742903705243,0.06977742903705486,0.0697774290370573,0.06977742903705975,0.06977742903706223,0.06977742903706469,0.06977742903706712,0.06977742903706957,0.069777429037072,0.06977742903707446,0.06977742903707687,0.06977742903707934,0.06977742903708178,0.06977742903708424,0.06977742903708671,0.06977742903708914,0.06977742903709157,0.06977742903709402,0.06977742903709648,0.06977742903709892,0.06977742903710137,0.06977742903710378,0.06977742903710625,0.06977742903710878,0.06977742903711118,0.06977742903711366,0.0697774290371161,0.06977742903711855,0.06977742903712099,0.06977742903712342,0.06977742903712586,0.06977742903712829,0.06977742903713074,0.06977742903713319,0.06977742903713562,0.0697774290371381,0.06977742903714058,0.06977742903714303,0.06977742903714548,0.06977742903714794,0.06977742903715038,0.06977742903715281,0.06977742903715528,0.06977742903715772,0.06977742903716017,0.06977742903716261,0.06977742903716505,0.06977742903716748,0.06977742903716994,0.0697774290371724,0.06977742903717485,0.06977742903717729,0.06977742903717976,0.0697774290371822,0.06977742903718467,0.06977742903718712,0.06977742903718957,0.069777429037192,0.06977742903719446,0.0697774290371969,0.06977742903719934,0.06977742903720176,0.06977742903720423,0.06977742903720667,0.0697774290372091,0.06977742903721154,0.06977742903721401,0.06977742903721644,0.06977742903721888,0.06977742903722133,0.06977742903722377,0.06977742903722624,0.06977742903722871,0.06977742903723114,0.06977742903723357,0.06977742903723602,0.0697774290372385,0.06977742903724092,0.06977742903724338,0.06977742903724582,0.06977742903724828,0.06977742903725075,0.06977742903725315,0.0697774290372556,0.06977742903725805,0.06977742903726049,0.06977742903726293,0.0697774290372654,0.06977742903726783,0.0697774290372703,0.06977742903727274,0.06977742903727518,0.06977742903727763,0.06977742903728011,0.06977742903728255,0.06977742903728501,0.06977742903728747,0.0697774290372899,0.06977742903729234,0.06977742903729478,0.06977742903729724,0.06977742903729962,0.06977742903730207,0.06977742903730452,0.06977742903730696,0.06977742903730941,0.06977742903731188,0.0697774290373143,0.06977742903731678,0.06977742903731918,0.0697774290373216,0.06977742903732408,0.06977742903732653,0.06977742903732899,0.0697774290373314,0.06977742903733387,0.0697774290373363,0.06977742903733875,0.06977742903734119,0.06977742903734364,0.06977742903734611,0.06977742903734854,0.06977742903735099,0.06977742903735344,0.06977742903735588,0.06977742903735834,0.06977742903736078,0.06977742903736321,0.06977742903736565,0.06977742903736808,0.06977742903737054,0.069777429037373,0.06977742903737547,0.06977742903737792,0.06977742903738036,0.06977742903738281,0.06977742903738524,0.06977742903738769,0.06977742903739013,0.06977742903739259,0.06977742903739505,0.06977742903739748,0.06977742903739995,0.0697774290374024,0.06977742903740485,0.0697774290374073,0.06977742903740972,0.06977742903741217,0.06977742903741461,0.06977742903741704,0.0697774290374195,0.06977742903742196,0.06977742903742441,0.06977742903742687,0.0697774290374293,0.06977742903743171,0.06977742903743417,0.06977742903743663,0.0697774290374391,0.06977742903744154,0.06977742903744398,0.06977742903744642,0.06977742903744888,0.06977742903745134,0.06977742903745378,0.0697774290374562,0.06977742903745865,0.0697774290374611,0.06977742903746356,0.06977742903746598,0.06977742903746842,0.06977742903747089,0.06977742903747332,0.06977742903747576,0.0697774290374782,0.06977742903748069,0.06977742903748313,0.06977742903748557,0.069777429037488,0.06977742903749046,0.0697774290374929,0.06977742903749536,0.06977742903749778,0.06977742903750024,0.06977742903750271,0.06977742903750514,0.0697774290375076,0.06977742903751004,0.0697774290375125,0.06977742903751495,0.06977742903751738,0.06977742903751981,0.06977742903752226,0.06977742903752472,0.06977742903752715,0.06977742903752963,0.06977742903753206,0.06977742903753453,0.06977742903753698,0.06977742903753942,0.06977742903754186,0.06977742903754429,0.06977742903754676,0.06977742903754917,0.06977742903755163,0.06977742903755407,0.06977742903755652,0.06977742903755893,0.06977742903756139,0.06977742903756388,0.0697774290375663,0.06977742903756874,0.06977742903757121,0.06977742903757364,0.06977742903757608,0.06977742903757851,0.06977742903758095,0.06977742903758342,0.06977742903758585,0.0697774290375883,0.06977742903759077,0.0697774290375932,0.06977742903759565,0.06977742903759807,0.06977742903760052,0.06977742903760298,0.0697774290376054,0.06977742903760786,0.06977742903761029,0.06977742903761278,0.06977742903761519,0.06977742903761765,0.06977742903762009,0.06977742903762255,0.069777429037625,0.06977742903762744,0.06977742903762991,0.06977742903763233,0.06977742903763479,0.0697774290376372,0.06977742903763967,0.0697774290376421,0.06977742903764457,0.06977742903764704,0.06977742903764945,0.06977742903765193,0.06977742903765435,0.0697774290376568,0.06977742903765927,0.06977742903766168,0.06977742903766417,0.06977742903766661,0.06977742903766905,0.0697774290376715,0.06977742903767394,0.0697774290376764,0.0697774290376788,0.06977742903768128,0.06977742903768373,0.06977742903768618,0.0697774290376886,0.06977742903769106,0.06977742903769349,0.06977742903769595,0.0697774290376984,0.06977742903770086,0.0697774290377033,0.06977742903770577,0.06977742903770821,0.06977742903771066,0.06977742903771311,0.06977742903771555,0.069777429037718,0.06977742903772045,0.06977742903772288,0.06977742903772531,0.06977742903772774,0.06977742903773021,0.06977742903773265,0.06977742903773511,0.06977742903773756,0.06977742903773998,0.06977742903774244,0.06977742903774489,0.06977742903774735,0.0697774290377498,0.06977742903775223,0.06977742903775469,0.0697774290377571,0.06977742903775958,0.06977742903776202,0.06977742903776446,0.0697774290377669,0.06977742903776939,0.06977742903777182,0.06977742903777426,0.06977742903777671,0.06977742903777917,0.06977742903778161,0.06977742903778403,0.0697774290377865,0.06977742903778893,0.06977742903779137,0.06977742903779384,0.06977742903779627,0.06977742903779875,0.06977742903780118,0.06977742903780364,0.06977742903780605,0.06977742903780852,0.06977742903781099,0.06977742903781343,0.06977742903781588,0.0697774290378183,0.06977742903782073,0.06977742903782318,0.06977742903782566,0.06977742903782808,0.06977742903783056,0.06977742903783303,0.06977742903783546,0.06977742903783793,0.06977742903784036,0.06977742903784281,0.06977742903784527,0.0697774290378477,0.06977742903785013,0.06977742903785256,0.06977742903785501,0.06977742903785748,0.0697774290378599,0.06977742903786233,0.06977742903786477,0.06977742903786721,0.06977742903786967,0.0697774290378721,0.06977742903787455,0.06977742903787695,0.06977742903787942,0.06977742903788188,0.06977742903788428,0.06977742903788674,0.06977742903788918,0.06977742903789164,0.06977742903789406,0.06977742903789654,0.06977742903789896,0.06977742903790145,0.06977742903790389,0.06977742903790635,0.06977742903790876,0.06977742903791123,0.06977742903791367,0.0697774290379161,0.06977742903791855,0.06977742903792102,0.06977742903792344,0.06977742903792587,0.06977742903792833,0.06977742903793077,0.06977742903793319,0.06977742903793566,0.06977742903793809,0.06977742903794054,0.06977742903794298,0.06977742903794544,0.06977742903794791,0.06977742903795033,0.06977742903795281,0.06977742903795527,0.0697774290379577,0.06977742903796018,0.06977742903796262,0.06977742903796506,0.06977742903796749,0.06977742903796995,0.06977742903797239,0.06977742903797483,0.0697774290379773,0.06977742903797972,0.06977742903798219,0.06977742903798463,0.06977742903798709,0.06977742903798953,0.06977742903799196,0.06977742903799443,0.06977742903799687,0.06977742903799934,0.06977742903800177,0.06977742903800421,0.06977742903800667,0.06977742903800913,0.06977742903801158,0.06977742903801401,0.06977742903801645,0.06977742903801891,0.06977742903802138,0.06977742903802381,0.06977742903802626,0.06977742903802868,0.06977742903803115,0.0697774290380336,0.06977742903803603,0.06977742903803848,0.06977742903804092,0.06977742903804339,0.06977742903804585,0.06977742903804827,0.06977742903805072,0.06977742903805317,0.06977742903805559,0.06977742903805803,0.06977742903806051,0.06977742903806297,0.0697774290380654,0.06977742903806786,0.06977742903807028,0.06977742903807277,0.06977742903807518,0.06977742903807764,0.06977742903808008,0.06977742903808255,0.069777429038085,0.06977742903808742,0.06977742903808988,0.06977742903809232,0.06977742903809477,0.06977742903809721,0.06977742903809965,0.06977742903810213,0.06977742903810458,0.069777429038107,0.06977742903810948,0.06977742903811214,0.06977742903811454,0.06977742903811697,0.06977742903811943,0.06977742903812188,0.06977742903812434,0.06977742903812677,0.06977742903812924,0.06977742903813165,0.06977742903813411,0.06977742903813655,0.069777429038139,0.06977742903814145,0.06977742903814392,0.06977742903814635,0.0697774290381488,0.06977742903815125,0.06977742903815369,0.06977742903815615,0.06977742903815855,0.06977742903816103,0.06977742903816349,0.06977742903816592,0.06977742903816835,0.06977742903817083,0.06977742903817326,0.06977742903817571,0.06977742903817814,0.06977742903818059,0.06977742903818301,0.06977742903818544,0.06977742903818791,0.06977742903819034,0.06977742903819281,0.06977742903819527,0.06977742903819768,0.06977742903820015,0.06977742903820258,0.06977742903820504,0.06977742903820747,0.06977742903820992,0.06977742903821235,0.06977742903821481,0.06977742903821725,0.0697774290382197,0.06977742903822215,0.06977742903822458,0.069777429038227,0.06977742903822945,0.06977742903823192,0.06977742903823436,0.06977742903823683,0.06977742903823927,0.06977742903824172,0.06977742903824417,0.06977742903824659,0.06977742903824907,0.06977742903825149,0.06977742903825396,0.06977742903825644,0.06977742903825886,0.0697774290382613,0.06977742903826374,0.0697774290382662,0.06977742903826863,0.0697774290382711,0.06977742903827354,0.06977742903827598,0.06977742903827845,0.06977742903828091,0.06977742903828334,0.06977742903828577,0.06977742903828825,0.06977742903829069,0.06977742903829313,0.06977742903829559,0.069777429038298,0.06977742903830048,0.0697774290383029,0.06977742903830537,0.06977742903830782,0.06977742903831026,0.06977742903831273,0.06977742903831516,0.06977742903831761,0.06977742903832004,0.06977742903832249,0.06977742903832497,0.0697774290383274,0.06977742903832984,0.06977742903833228,0.06977742903833474,0.06977742903833715,0.0697774290383396,0.06977742903834207,0.06977742903834451,0.06977742903834695,0.06977742903834941,0.06977742903835184,0.06977742903835427,0.06977742903835675,0.06977742903835919,0.06977742903836162,0.06977742903836406,0.06977742903836652,0.06977742903836898,0.06977742903837139,0.06977742903837388,0.06977742903837632,0.06977742903837875,0.06977742903838123,0.06977742903838366,0.06977742903838612,0.06977742903838856,0.069777429038391,0.06977742903839347,0.0697774290383959,0.06977742903839834,0.0697774290384008,0.06977742903840325,0.06977742903840568,0.06977742903840813,0.06977742903841055,0.06977742903841302,0.06977742903841547,0.06977742903841791,0.06977742903842034,0.06977742903842281,0.06977742903842524,0.06977742903842768,0.06977742903843014,0.06977742903843256,0.06977742903843501,0.06977742903843748,0.06977742903843992,0.06977742903844235,0.0697774290384448,0.06977742903844726,0.06977742903844969,0.06977742903845215,0.0697774290384546,0.06977742903845705,0.06977742903845949,0.06977742903846194,0.0697774290384644,0.06977742903846683,0.0697774290384693,0.06977742903847173,0.0697774290384741,0.06977742903847656,0.06977742903847903,0.06977742903848148,0.06977742903848394,0.06977742903848637,0.06977742903848884,0.06977742903849128,0.06977742903849371,0.06977742903849618,0.06977742903849861,0.06977742903850107,0.06977742903850351,0.06977742903850595,0.06977742903850839,0.06977742903851084,0.06977742903851329,0.0697774290385157,0.06977742903851816,0.06977742903852062,0.0697774290385231,0.06977742903852553,0.06977742903852797,0.06977742903853042,0.06977742903853286,0.06977742903853532,0.06977742903853777,0.06977742903854021,0.06977742903854267,0.06977742903854514,0.06977742903854757,0.06977742903855001,0.0697774290385525,0.06977742903855493,0.06977742903855737,0.06977742903855981,0.06977742903856227,0.06977742903856471,0.06977742903856712,0.06977742903856957,0.06977742903857201,0.06977742903857446,0.0697774290385769,0.06977742903857935,0.06977742903858176,0.06977742903858423,0.06977742903858668,0.06977742903858909,0.06977742903859156,0.06977742903859398,0.06977742903859643,0.06977742903859888,0.06977742903860129,0.06977742903860376,0.06977742903860619,0.06977742903860862,0.0697774290386111,0.06977742903861354,0.06977742903861599,0.06977742903861846,0.06977742903862089,0.06977742903862333,0.06977742903862576,0.06977742903862823,0.06977742903863067,0.06977742903863311,0.06977742903863554,0.069777429038638,0.06977742903864047,0.06977742903864292,0.06977742903864537,0.06977742903864782,0.06977742903865024,0.0697774290386527,0.06977742903865512,0.0697774290386576,0.06977742903866001,0.0697774290386625,0.0697774290386649,0.06977742903866738,0.06977742903866985,0.06977742903867232,0.06977742903867476,0.06977742903867722,0.06977742903867966,0.0697774290386821,0.06977742903868454,0.06977742903868699,0.06977742903868943,0.06977742903869188,0.0697774290386943,0.06977742903869674,0.06977742903869918,0.06977742903870161,0.06977742903870407,0.06977742903870653,0.06977742903870895,0.0697774290387114,0.06977742903871385,0.06977742903871627,0.06977742903871874,0.06977742903872117,0.06977742903872364,0.06977742903872611,0.06977742903872851,0.06977742903873098,0.0697774290387334,0.06977742903873588,0.0697774290387383,0.06977742903874073,0.06977742903874316,0.06977742903874565,0.06977742903874809,0.06977742903875055,0.069777429038753,0.06977742903875545,0.0697774290387579,0.06977742903876034,0.0697774290387628,0.06977742903876524,0.0697774290387677,0.06977742903877014,0.06977742903877256,0.06977742903877503,0.06977742903877746,0.06977742903877991,0.06977742903878238,0.06977742903878482,0.06977742903878728,0.06977742903878972,0.06977742903879214,0.06977742903879462,0.06977742903879702,0.0697774290387995,0.06977742903880191,0.06977742903880438,0.06977742903880679,0.06977742903880922,0.06977742903881168,0.06977742903881413,0.06977742903881658,0.069777429038819,0.06977742903882145,0.06977742903882392,0.06977742903882636,0.06977742903882879,0.06977742903883126,0.06977742903883367,0.06977742903883614,0.06977742903883857,0.06977742903884104,0.06977742903884349,0.06977742903884593,0.06977742903884837,0.06977742903885081,0.06977742903885326,0.0697774290388557,0.06977742903885815,0.06977742903886058,0.06977742903886303,0.0697774290388655,0.06977742903886791,0.06977742903887037,0.0697774290388728,0.06977742903887527,0.06977742903887771,0.06977742903888014,0.06977742903888258,0.06977742903888501,0.06977742903888748,0.06977742903888991,0.06977742903889238,0.06977742903889478,0.06977742903889723,0.06977742903889968,0.06977742903890216,0.06977742903890458,0.06977742903890706,0.06977742903890949,0.06977742903891195,0.06977742903891437,0.06977742903891682,0.06977742903891926,0.06977742903892171,0.06977742903892417,0.06977742903892663,0.06977742903892904,0.06977742903893151,0.06977742903893393,0.0697774290389364,0.06977742903893881,0.06977742903894131,0.0697774290389437,0.06977742903894618,0.06977742903894861,0.06977742903895104,0.0697774290389535,0.06977742903895597,0.0697774290389584,0.06977742903896085,0.06977742903896329,0.06977742903896575,0.06977742903896794,0.06977742903897054,0.06977742903897312,0.06977742903897566,0.0697774290389781,0.06977742903898053,0.06977742903898299,0.06977742903898544,0.0697774290389879,0.06977742903899033,0.06977742903899278,0.06977742903899521,0.06977742903899764,0.0697774290390001,0.06977742903900254,0.069777429039005,0.06977742903900744,0.06977742903900987,0.06977742903901232,0.06977742903901477,0.06977742903901721,0.06977742903901968,0.06977742903902212,0.06977742903902459,0.069777429039027,0.06977742903902946,0.06977742903903189,0.06977742903903436,0.0697774290390368,0.06977742903903922,0.06977742903904166,0.06977742903904413,0.06977742903904657,0.069777429039049,0.06977742903905149,0.06977742903905393,0.06977742903905639,0.06977742903905881,0.06977742903906126,0.06977742903906371,0.06977742903906614,0.0697774290390686,0.06977742903907103,0.0697774290390735,0.06977742903907592,0.06977742903907838,0.06977742903908081,0.06977742903908327,0.06977742903908574,0.06977742903908817,0.06977742903909064,0.06977742903909305,0.0697774290390955,0.06977742903909792,0.06977742903910039,0.06977742903910282,0.06977742903910526,0.06977742903910772,0.06977742903911013,0.0697774290391126,0.06977742903911506,0.06977742903911749,0.06977742903911993,0.0697774290391224,0.06977742903912486,0.0697774290391273,0.06977742903912977,0.06977742903913221,0.06977742903913466,0.06977742903913708,0.06977742903913953,0.06977742903914198,0.06977742903914443,0.06977742903914688,0.0697774290391493,0.06977742903915177,0.06977742903915422,0.06977742903915668,0.06977742903915912,0.06977742903916155,0.06977742903916401,0.06977742903916644,0.06977742903916889,0.06977742903917132,0.06977742903917379,0.06977742903917622,0.06977742903917865,0.06977742903918113,0.06977742903918355,0.06977742903918602,0.06977742903918843,0.06977742903919087,0.06977742903919333,0.06977742903919575,0.0697774290391982,0.06977742903920064,0.06977742903920309,0.06977742903920556,0.06977742903920801,0.06977742903921047,0.06977742903921293,0.06977742903921536,0.06977742903921778,0.06977742903922023,0.06977742903922268,0.06977742903922514,0.06977742903922755,0.06977742903923,0.06977742903923242,0.06977742903923491,0.06977742903923732,0.0697774290392398,0.06977742903924225,0.06977742903924469,0.06977742903924715,0.06977742903924956,0.069777429039252,0.06977742903925446,0.06977742903925692,0.06977742903925939,0.0697774290392618,0.06977742903926426,0.06977742903926669,0.06977742903926913,0.0697774290392716,0.06977742903927403,0.06977742903927649,0.06977742903927894,0.0697774290392814,0.06977742903928383,0.06977742903928626,0.06977742903928873,0.06977742903929118,0.06977742903929361,0.06977742903929604,0.06977742903929848,0.06977742903930093,0.0697774290393034,0.06977742903930584,0.06977742903930825,0.0697774290393107,0.06977742903931317,0.06977742903931558,0.06977742903931809,0.06977742903932059,0.06977742903932303,0.06977742903932549,0.0697774290393279,0.06977742903933036,0.06977742903933282,0.06977742903933526,0.06977742903933767,0.0697774290393401,0.06977742903934255,0.06977742903934502,0.06977742903934744,0.06977742903934987,0.06977742903935231,0.06977742903935476,0.06977742903935721,0.06977742903935967,0.06977742903936211,0.06977742903936456,0.06977742903936697,0.06977742903936943,0.06977742903937188,0.06977742903937434,0.06977742903937681,0.06977742903937922,0.0697774290393817,0.06977742903938414,0.0697774290393866,0.06977742903938901,0.06977742903939144,0.06977742903939387,0.06977742903939631,0.06977742903939879,0.06977742903940122,0.06977742903940366,0.06977742903940608,0.06977742903940855,0.06977742903941096,0.06977742903941343,0.06977742903941586,0.06977742903941832,0.06977742903942075,0.06977742903942323,0.06977742903942566,0.0697774290394281,0.06977742903943054,0.06977742903943297,0.06977742903943543,0.06977742903943787,0.06977742903944029,0.06977742903944274,0.0697774290394452,0.06977742903944767,0.06977742903945008,0.06977742903945254,0.06977742903945497,0.06977742903945744,0.06977742903945984,0.06977742903946228,0.06977742903946474,0.06977742903946718,0.06977742903946961,0.06977742903947208,0.06977742903947451,0.06977742903947695,0.0697774290394794,0.06977742903948185,0.06977742903948429,0.06977742903948675,0.06977742903948918,0.06977742903949163,0.0697774290394941,0.06977742903949653,0.06977742903949898,0.06977742903950143,0.06977742903950387,0.06977742903950633,0.06977742903950877,0.06977742903951124,0.06977742903951367,0.0697774290395161,0.06977742903951857,0.06977742903952103,0.06977742903952347,0.06977742903952593,0.06977742903952837,0.06977742903953085,0.06977742903953328,0.06977742903953575,0.0697774290395382,0.06977742903954064,0.0697774290395431,0.06977742903954552,0.06977742903954796,0.06977742903955042,0.06977742903955286,0.06977742903955529,0.06977742903955778,0.06977742903956023,0.06977742903956267,0.0697774290395651,0.06977742903956755,0.06977742903956997,0.06977742903957244,0.0697774290395749,0.06977742903957733,0.06977742903957974,0.0697774290395822,0.06977742903958466,0.0697774290395871,0.06977742903958951,0.06977742903959196,0.06977742903959439,0.06977742903959683,0.06977742903959928,0.0697774290396017,0.06977742903960414,0.0697774290396066,0.06977742903960908,0.06977742903961151,0.06977742903961397,0.0697774290396164,0.06977742903961885,0.06977742903962128,0.06977742903962375,0.06977742903962618,0.06977742903962861,0.06977742903963105,0.06977742903963349,0.06977742903963596,0.0697774290396384,0.06977742903964083,0.06977742903964329,0.06977742903964576,0.06977742903964818,0.06977742903965065,0.06977742903965312,0.06977742903965556,0.06977742903965797,0.0697774290396604,0.06977742903966287,0.06977742903966533,0.06977742903966776,0.06977742903967023,0.06977742903967266,0.0697774290396751,0.06977742903967754,0.06977742903967998,0.06977742903968245,0.06977742903968487,0.06977742903968727,0.06977742903968975,0.06977742903969221,0.06977742903969464,0.06977742903969708,0.06977742903969954,0.06977742903970198,0.06977742903970441,0.06977742903970686,0.06977742903970935,0.06977742903971176,0.06977742903971423,0.06977742903971666,0.0697774290397191,0.06977742903972155,0.069777429039724,0.06977742903972645,0.06977742903972889,0.06977742903973135,0.06977742903973379,0.06977742903973626,0.06977742903973869,0.06977742903974114,0.06977742903974359,0.06977742903974603,0.06977742903974848,0.06977742903975094,0.06977742903975336,0.06977742903975583,0.0697774290397583,0.06977742903976075,0.0697774290397632,0.0697774290397657,0.06977742903976816,0.06977742903977062,0.06977742903977303,0.06977742903977543,0.06977742903977789,0.06977742903978033,0.06977742903978279,0.06977742903978523,0.06977742903978768,0.06977742903979013,0.06977742903979257,0.069777429039795,0.06977742903979745,0.06977742903979989,0.06977742903980233,0.06977742903980477,0.06977742903980722,0.06977742903980964,0.0697774290398121,0.06977742903981454,0.069777429039817,0.06977742903981944,0.06977742903982188,0.06977742903982434,0.0697774290398268,0.06977742903982923,0.06977742903983168,0.06977742903983411,0.0697774290398366,0.06977742903983902,0.06977742903984147,0.06977742903984394,0.06977742903984634,0.06977742903984879,0.06977742903985124,0.06977742903985369,0.06977742903985613,0.06977742903985858,0.06977742903986102,0.06977742903986345,0.0697774290398659,0.06977742903986832,0.06977742903987078,0.06977742903987327,0.0697774290398757,0.06977742903987814,0.06977742903988056,0.069777429039883,0.06977742903988546,0.06977742903988791,0.06977742903989034,0.06977742903989279,0.06977742903989521,0.06977742903989768,0.06977742903990014,0.06977742903990256,0.06977742903990503,0.06977742903990745,0.06977742903990992,0.06977742903991237,0.06977742903991481,0.06977742903991727,0.06977742903991971,0.06977742903992214,0.06977742903992458,0.06977742903992704,0.06977742903992946,0.06977742903993192,0.06977742903993434,0.0697774290399368,0.06977742903993925,0.0697774290399417,0.06977742903994416,0.0697774290399466,0.06977742903994905,0.06977742903995149,0.06977742903995396,0.0697774290399564,0.06977742903995882,0.06977742903996126,0.0697774290399637,0.06977742903996616,0.06977742903996859,0.06977742903997103,0.06977742903997347,0.06977742903997591,0.0697774290399784,0.06977742903998081,0.06977742903998328,0.06977742903998572,0.06977742903998815,0.06977742903999058,0.06977742903999304,0.06977742903999548,0.06977742903999792,0.06977742904000037,0.06977742904000282,0.06977742904000524,0.06977742904000768,0.06977742904001014,0.06977742904001258,0.06977742904001503,0.06977742904001748,0.06977742904001993,0.06977742904002236,0.06977742904002482,0.06977742904002725,0.0697774290400297,0.06977742904003213,0.06977742904003457,0.06977742904003705,0.06977742904003947,0.06977742904004194,0.06977742904004441,0.06977742904004687,0.0697774290400493,0.06977742904005173,0.06977742904005417,0.0697774290400566,0.06977742904005906,0.06977742904006151,0.06977742904006397,0.0697774290400664,0.06977742904006884,0.06977742904007128,0.06977742904007371,0.06977742904007614,0.0697774290400786,0.06977742904008104,0.06977742904008347,0.06977742904008591,0.06977742904008835,0.06977742904009081,0.06977742904009329,0.06977742904009573,0.06977742904009815,0.06977742904010063,0.06977742904010306,0.06977742904010553,0.06977742904010795,0.06977742904011043,0.06977742904011287,0.06977742904011533,0.06977742904011779,0.06977742904012021,0.06977742904012266,0.06977742904012511,0.06977742904012757,0.06977742904013,0.06977742904013247,0.0697774290401349,0.06977742904013734,0.06977742904013978,0.06977742904014225,0.06977742904014468,0.06977742904014712,0.0697774290401496,0.06977742904015204,0.06977742904015449,0.06977742904015692,0.06977742904015936,0.06977742904016156,0.06977742904016397,0.0697774290401664,0.06977742904016883,0.06977742904017128,0.06977742904017376,0.06977742904017618,0.06977742904017863,0.06977742904018104,0.06977742904018351,0.0697774290401859,0.06977742904018837,0.06977742904019081,0.06977742904019328,0.06977742904019572,0.06977742904019821,0.06977742904020065,0.06977742904020308,0.06977742904020555,0.06977742904020798,0.06977742904021042,0.06977742904021285,0.06977742904021528,0.06977742904021772,0.06977742904022016,0.06977742904022262,0.06977742904022508,0.06977742904022755,0.06977742904022997,0.06977742904023242,0.06977742904023485,0.06977742904023732,0.06977742904023977,0.06977742904024221,0.06977742904024464,0.06977742904024709,0.06977742904024954,0.06977742904025197,0.06977742904025443,0.06977742904025687,0.06977742904025931,0.06977742904026175,0.0697774290402642,0.06977742904026665,0.06977742904026908,0.06977742904027152,0.06977742904027398,0.06977742904027642,0.06977742904027887,0.0697774290402813,0.06977742904028375,0.06977742904028622,0.06977742904028865,0.0697774290402911,0.06977742904029355,0.069777429040296,0.06977742904029842,0.06977742904030083,0.06977742904030328,0.06977742904030573,0.06977742904030818,0.06977742904031062,0.06977742904031306,0.06977742904031552,0.06977742904031796,0.06977742904032043,0.0697774290403229,0.06977742904032531,0.06977742904032777,0.06977742904033019,0.06977742904033264,0.06977742904033507,0.06977742904033754,0.06977742904034,0.06977742904034244,0.0697774290403449,0.06977742904034731,0.06977742904034977,0.06977742904035221,0.06977742904035467,0.06977742904035712,0.06977742904035956,0.069777429040362,0.06977742904036445,0.06977742904036693,0.06977742904036936,0.0697774290403718,0.06977742904037426,0.06977742904037668,0.06977742904037909,0.06977742904038156,0.069777429040384,0.06977742904038643,0.06977742904038889,0.06977742904039136,0.06977742904039377,0.06977742904039626,0.06977742904039866,0.06977742904040109,0.06977742904040352,0.069777429040406,0.06977742904040841,0.06977742904041086,0.0697774290404133,0.06977742904041574,0.06977742904041821,0.06977742904042064,0.06977742904042308,0.06977742904042553,0.069777429040428,0.06977742904043042,0.06977742904043285,0.06977742904043531,0.06977742904043777,0.06977742904044024,0.06977742904044268,0.06977742904044515,0.06977742904044756,0.06977742904045002,0.06977742904045246,0.06977742904045493,0.06977742904045735,0.06977742904045983,0.06977742904046227,0.06977742904046472,0.06977742904046715,0.06977742904046959,0.06977742904047203,0.06977742904047446,0.06977742904047692,0.06977742904047934,0.06977742904048177,0.06977742904048423,0.06977742904048666,0.06977742904048913,0.06977742904049157,0.06977742904049401,0.06977742904049647,0.06977742904049891,0.06977742904050138,0.06977742904050381,0.06977742904050624,0.06977742904050871,0.06977742904051115,0.06977742904051357,0.06977742904051602,0.0697774290405185,0.0697774290405209,0.06977742904052338,0.0697774290405258,0.06977742904052824,0.06977742904053069,0.06977742904053312,0.06977742904053556,0.06977742904053802,0.06977742904054046,0.06977742904054289,0.06977742904054537,0.06977742904054779,0.06977742904055025,0.06977742904055267,0.06977742904055513,0.06977742904055757,0.06977742904055999,0.06977742904056243,0.06977742904056487,0.0697774290405673,0.06977742904056976,0.0697774290405722,0.06977742904057464,0.0697774290405771,0.06977742904057954,0.069777429040582,0.06977742904058443,0.0697774290405869,0.06977742904058935,0.06977742904059178,0.06977742904059425,0.06977742904059668,0.06977742904059912,0.06977742904060155,0.06977742904060402,0.06977742904060644,0.06977742904060888,0.06977742904061136,0.0697774290406138,0.06977742904061622,0.06977742904061869,0.06977742904062116,0.06977742904062358,0.06977742904062603,0.06977742904062846,0.06977742904063092,0.06977742904063335,0.06977742904063579,0.06977742904063824,0.0697774290406407,0.06977742904064313,0.06977742904064556,0.069777429040648,0.06977742904065046,0.06977742904065294,0.06977742904065538,0.06977742904065788,0.06977742904066028,0.06977742904066271,0.06977742904066521,0.06977742904066765,0.06977742904067008,0.06977742904067251,0.06977742904067497,0.0697774290406774,0.06977742904067984,0.0697774290406823,0.06977742904068476,0.06977742904068719,0.06977742904068962,0.06977742904069208,0.06977742904069452,0.06977742904069698,0.06977742904069945,0.06977742904070193,0.06977742904070433,0.06977742904070677,0.06977742904070923,0.06977742904071167,0.06977742904071411,0.06977742904071656,0.06977742904071901,0.06977742904072144,0.06977742904072387,0.06977742904072631,0.06977742904072876,0.06977742904073118,0.06977742904073364,0.06977742904073608,0.06977742904073851,0.06977742904074095,0.06977742904074342,0.0697774290407459,0.06977742904074831,0.06977742904075075,0.06977742904075321,0.06977742904075566,0.06977742904075808,0.06977742904076054,0.06977742904076298,0.06977742904076542,0.06977742904076789,0.06977742904077032,0.06977742904077273,0.06977742904077519,0.06977742904077767,0.06977742904078012,0.06977742904078255,0.06977742904078497,0.06977742904078742,0.06977742904078989,0.0697774290407923,0.06977742904079479,0.06977742904079719,0.06977742904079964,0.06977742904080213,0.06977742904080454,0.06977742904080701,0.06977742904080945,0.06977742904081191,0.06977742904081434,0.06977742904081678,0.06977742904081924,0.06977742904082167,0.06977742904082414,0.06977742904082657,0.06977742904082901,0.06977742904083142,0.06977742904083391,0.06977742904083632,0.0697774290408388,0.06977742904084124,0.06977742904084366,0.06977742904084612,0.06977742904084856,0.06977742904085102,0.06977742904085345,0.06977742904085589,0.06977742904085837,0.06977742904086082,0.06977742904086326,0.06977742904086567,0.0697774290408681,0.06977742904087056,0.06977742904087299,0.06977742904087544,0.06977742904087787,0.0697774290408803,0.06977742904088276,0.06977742904088521,0.06977742904088761,0.06977742904089011,0.06977742904089254,0.069777429040895,0.06977742904089741,0.0697774290408999,0.06977742904090233,0.06977742904090478,0.06977742904090724,0.06977742904090968,0.06977742904091211,0.06977742904091457,0.069777429040917,0.0697774290409194,0.06977742904092188,0.06977742904092434,0.06977742904092678,0.06977742904092925,0.06977742904093165,0.06977742904093412,0.06977742904093655,0.069777429040939,0.06977742904094145,0.0697774290409439,0.06977742904094636,0.0697774290409488,0.06977742904095124,0.0697774290409537,0.06977742904095613,0.06977742904095854,0.06977742904096101,0.06977742904096344,0.06977742904096589,0.06977742904096833,0.06977742904097078,0.06977742904097323,0.06977742904097567,0.06977742904097813,0.06977742904098054,0.06977742904098301,0.06977742904098543,0.06977742904098787,0.06977742904099032,0.0697774290409928,0.06977742904099525,0.06977742904099768,0.06977742904100014,0.06977742904100258,0.06977742904100502,0.06977742904100749,0.06977742904100992,0.06977742904101236,0.06977742904101482,0.06977742904101727,0.0697774290410197,0.06977742904102217,0.06977742904102463,0.06977742904102706,0.06977742904102953,0.06977742904103196,0.06977742904103439,0.06977742904103683,0.06977742904103927,0.06977742904104169,0.06977742904104416,0.06977742904104656,0.06977742904104901,0.06977742904105147,0.06977742904105393,0.0697774290410564,0.06977742904105882,0.06977742904106128,0.06977742904106374,0.06977742904106615,0.0697774290410686,0.06977742904107101,0.06977742904107347,0.06977742904107591,0.06977742904107834,0.06977742904108082,0.06977742904108326,0.06977742904108572,0.06977742904108819,0.0697774290410906,0.06977742904109305,0.0697774290410955,0.06977742904109793,0.06977742904110038,0.06977742904110285,0.06977742904110527,0.06977742904110772,0.06977742904111014,0.06977742904111264,0.06977742904111507,0.06977742904111756,0.06977742904111998,0.0697774290411224,0.06977742904112487,0.06977742904112731,0.06977742904112977,0.06977742904113221,0.06977742904113465,0.06977742904113707,0.06977742904113954,0.06977742904114198,0.06977742904114442,0.06977742904114688,0.06977742904114931,0.06977742904115172,0.06977742904115421,0.06977742904115666,0.06977742904115906,0.06977742904116153,0.06977742904116396,0.0697774290411664,0.06977742904116886,0.06977742904117129,0.06977742904117375,0.0697774290411762,0.06977742904117865,0.0697774290411811,0.06977742904118354,0.06977742904118599,0.06977742904118843,0.06977742904119087,0.06977742904119331,0.06977742904119576,0.06977742904119819,0.06977742904120063,0.0697774290412031,0.0697774290412055,0.06977742904120796,0.0697774290412104,0.06977742904121284,0.0697774290412153,0.06977742904121775,0.06977742904122018,0.06977742904122262,0.06977742904122511,0.06977742904122754,0.06977742904122995,0.06977742904123242,0.06977742904123486,0.0697774290412373,0.06977742904123974,0.0697774290412422,0.06977742904124462,0.06977742904124706,0.0697774290412495,0.06977742904125193,0.06977742904125438,0.06977742904125686,0.06977742904125929,0.06977742904126172,0.06977742904126415,0.0697774290412666,0.06977742904126903,0.06977742904127149,0.06977742904127393,0.06977742904127637,0.06977742904127883,0.06977742904128126,0.0697774290412837,0.06977742904128614,0.0697774290412886,0.06977742904129106,0.06977742904129347,0.06977742904129593,0.06977742904129837,0.06977742904130084,0.06977742904130325,0.06977742904130571,0.06977742904130815,0.0697774290413106,0.06977742904131307,0.06977742904131548,0.06977742904131794,0.06977742904132038,0.06977742904132284,0.06977742904132525,0.06977742904132771,0.06977742904133014,0.06977742904133259,0.06977742904133505,0.06977742904133748,0.06977742904133992,0.06977742904134236,0.06977742904134479,0.06977742904134726,0.06977742904134968,0.06977742904135212,0.06977742904135457,0.06977742904135702,0.06977742904135945,0.06977742904136189,0.06977742904136432,0.06977742904136679,0.06977742904136922,0.06977742904137166,0.06977742904137407,0.06977742904137653,0.06977742904137899,0.06977742904138141,0.06977742904138383,0.06977742904138631,0.06977742904138876,0.06977742904139117,0.06977742904139364,0.06977742904139608,0.06977742904139853,0.06977742904140095,0.0697774290414034,0.06977742904140584,0.06977742904140831,0.06977742904141074,0.0697774290414132,0.06977742904141562,0.0697774290414181,0.06977742904142052,0.06977742904142299,0.0697774290414254,0.06977742904142785,0.06977742904143029,0.06977742904143275,0.06977742904143516,0.06977742904143763,0.06977742904144008,0.0697774290414425,0.06977742904144496,0.0697774290414474,0.06977742904144985,0.0697774290414523,0.06977742904145473,0.06977742904145717,0.0697774290414596,0.06977742904146204,0.06977742904146451,0.06977742904146694,0.06977742904146945,0.0697774290414719,0.06977742904147435,0.06977742904147681,0.06977742904147921,0.06977742904148167,0.06977742904148414,0.06977742904148655,0.06977742904148901,0.06977742904149145,0.06977742904149391,0.06977742904149634,0.0697774290414988,0.06977742904150126,0.06977742904150366,0.06977742904150613,0.06977742904150859,0.06977742904151102,0.06977742904151343,0.06977742904151592,0.06977742904151837,0.06977742904152079,0.06977742904152323,0.06977742904152567,0.0697774290415281,0.06977742904153057,0.06977742904153303,0.06977742904153546,0.06977742904153787,0.06977742904154033,0.06977742904154277,0.06977742904154523,0.06977742904154768,0.06977742904155011,0.06977742904155255,0.06977742904155501,0.06977742904155745,0.06977742904155988,0.06977742904156237,0.06977742904156481,0.06977742904156725,0.06977742904156968,0.06977742904157214,0.06977742904157455,0.06977742904157701,0.06977742904157944,0.06977742904158188,0.06977742904158435,0.06977742904158678,0.06977742904158923,0.06977742904159166,0.0697774290415941,0.06977742904159656,0.06977742904159899,0.06977742904160145,0.06977742904160388,0.06977742904160629,0.06977742904160877,0.06977742904161122,0.06977742904161369,0.0697774290416161,0.06977742904161854,0.06977742904162101,0.06977742904162343,0.06977742904162587,0.06977742904162829,0.06977742904163076,0.06977742904163318,0.06977742904163563,0.06977742904163806,0.06977742904164053,0.06977742904164298,0.06977742904164538,0.06977742904164784,0.06977742904165031,0.06977742904165272,0.06977742904165517,0.0697774290416576,0.06977742904166005,0.0697774290416625,0.06977742904166492,0.06977742904166737,0.06977742904166981,0.06977742904167224,0.0697774290416747,0.06977742904167715,0.06977742904167962,0.06977742904168205,0.06977742904168449,0.06977742904168696,0.06977742904168939,0.06977742904169186,0.06977742904169433,0.06977742904169677,0.06977742904169922,0.06977742904170164,0.0697774290417041,0.06977742904170657,0.06977742904170901,0.06977742904171146,0.06977742904171388,0.06977742904171635,0.06977742904171887,0.06977742904172132,0.06977742904172377,0.0697774290417262,0.06977742904172865,0.06977742904173106,0.06977742904173354,0.06977742904173598,0.0697774290417384,0.06977742904174086,0.0697774290417433,0.06977742904174578,0.0697774290417482,0.06977742904175065,0.06977742904175312,0.06977742904175555,0.06977742904175799,0.0697774290417604,0.06977742904176287,0.0697774290417653,0.06977742904176773,0.06977742904177017,0.06977742904177263,0.06977742904177507,0.06977742904177753,0.06977742904177998,0.06977742904178244,0.0697774290417849,0.06977742904178733,0.06977742904178977,0.0697774290417922,0.06977742904179463,0.06977742904179708,0.0697774290417995,0.06977742904180197,0.06977742904180441,0.06977742904180682,0.06977742904180927,0.06977742904181172,0.06977742904181415,0.06977742904181661,0.06977742904181905,0.06977742904182152,0.06977742904182398,0.06977742904182642,0.06977742904182889,0.06977742904183132,0.06977742904183375,0.0697774290418362,0.06977742904183866,0.06977742904184107,0.06977742904184352,0.06977742904184596,0.06977742904184839,0.06977742904185084,0.06977742904185329,0.0697774290418557,0.06977742904185816,0.06977742904186061,0.06977742904186306,0.06977742904186553,0.06977742904186796,0.06977742904187041,0.06977742904187284,0.06977742904187527,0.06977742904187771,0.06977742904188015,0.06977742904188262,0.06977742904188505,0.0697774290418875,0.06977742904188991,0.0697774290418924,0.06977742904189485,0.06977742904189728,0.06977742904189974,0.06977742904190215,0.06977742904190463,0.06977742904190706,0.0697774290419095,0.06977742904191193,0.06977742904191436,0.06977742904191682,0.06977742904191925,0.06977742904192173,0.06977742904192417,0.06977742904192662,0.06977742904192906,0.06977742904193152,0.06977742904193394,0.06977742904193639,0.06977742904193883,0.06977742904194126,0.06977742904194373,0.06977742904194617,0.0697774290419486,0.06977742904195108,0.0697774290419535,0.06977742904195595,0.06977742904195836,0.06977742904196081,0.06977742904196325,0.06977742904196571,0.06977742904196814,0.06977742904197057,0.06977742904197302,0.06977742904197545,0.0697774290419779,0.06977742904198035,0.06977742904198281,0.06977742904198521,0.06977742904198768,0.0697774290419901,0.06977742904199255,0.069777429041995,0.06977742904199744,0.06977742904199988,0.06977742904200233,0.06977742904200478,0.0697774290420072,0.06977742904200963,0.06977742904201203,0.06977742904201449,0.06977742904201692,0.06977742904201939,0.06977742904202183,0.06977742904202427,0.06977742904202673,0.06977742904202917,0.06977742904203163,0.0697774290420341,0.06977742904203656,0.06977742904203897,0.06977742904204139,0.06977742904204386,0.06977742904204629,0.06977742904204874,0.06977742904205117,0.0697774290420536,0.06977742904205603,0.0697774290420585,0.06977742904206091,0.06977742904206334,0.06977742904206582,0.06977742904206824,0.06977742904207068,0.06977742904207311,0.0697774290420756,0.06977742904207802,0.06977742904208048,0.06977742904208294,0.06977742904208535,0.0697774290420878,0.06977742904209025,0.06977742904209268,0.06977742904209513,0.06977742904209756,0.06977742904209999,0.06977742904210245,0.06977742904210493,0.06977742904210736,0.06977742904210982,0.06977742904211222,0.06977742904211469,0.0697774290421171,0.06977742904211957,0.06977742904212199,0.06977742904212444,0.06977742904212686,0.06977742904212933,0.06977742904213179,0.0697774290421342,0.06977742904213668,0.06977742904213911,0.06977742904214158,0.06977742904214405,0.06977742904214648,0.06977742904214893,0.06977742904215135,0.06977742904215378,0.06977742904215624,0.06977742904215868,0.06977742904216112,0.06977742904216354,0.06977742904216598,0.06977742904216844,0.0697774290421709,0.06977742904217334,0.06977742904217578,0.06977742904217824,0.06977742904218066,0.0697774290421831,0.06977742904218555,0.06977742904218802,0.06977742904219043,0.06977742904219292,0.06977742904219533,0.06977742904219777,0.0697774290422002,0.06977742904220266,0.06977742904220512,0.06977742904220757,0.06977742904220999,0.06977742904221244,0.06977742904221491,0.06977742904221733,0.06977742904221979,0.06977742904222223,0.0697774290422247,0.0697774290422271,0.06977742904222956,0.06977742904223201,0.06977742904223445,0.0697774290422369,0.06977742904223934,0.06977742904224177,0.06977742904224424,0.06977742904224667,0.06977742904224912,0.06977742904225158,0.06977742904225405,0.06977742904225648,0.06977742904225895,0.06977742904226136,0.06977742904226382,0.06977742904226626,0.06977742904226872,0.06977742904227116,0.06977742904227359,0.06977742904227605,0.06977742904227849,0.06977742904228092,0.06977742904228336,0.0697774290422858,0.06977742904228826,0.06977742904229067,0.06977742904229313,0.06977742904229559,0.06977742904229801,0.06977742904230047,0.0697774290423029,0.06977742904230534,0.0697774290423078,0.06977742904231021,0.06977742904231268,0.06977742904231513,0.06977742904231755,0.06977742904232001,0.06977742904232245,0.0697774290423249,0.06977742904232731,0.0697774290423298,0.06977742904233222,0.0697774290423347,0.06977742904233711,0.06977742904233956,0.06977742904234199,0.06977742904234444,0.06977742904234688,0.0697774290423493,0.06977742904235176,0.06977742904235418,0.06977742904235665,0.0697774290423591,0.06977742904236155,0.069777429042364,0.06977742904236643,0.0697774290423689,0.06977742904237136,0.0697774290423738,0.06977742904237622,0.06977742904237866,0.0697774290423811,0.06977742904238354,0.06977742904238599,0.06977742904238844,0.06977742904239088,0.06977742904239331,0.06977742904239578,0.06977742904239831,0.06977742904240077,0.0697774290424032,0.06977742904240562,0.06977742904240805,0.0697774290424105,0.06977742904241295,0.0697774290424154,0.06977742904241785,0.06977742904242028,0.0697774290424227,0.06977742904242516,0.06977742904242759,0.06977742904243005,0.06977742904243249,0.06977742904243492,0.06977742904243737,0.06977742904243979,0.06977742904244226,0.06977742904244467,0.06977742904244713,0.06977742904244956,0.06977742904245199,0.06977742904245446,0.06977742904245689,0.06977742904245934,0.06977742904246179,0.06977742904246421,0.06977742904246668,0.06977742904246913,0.06977742904247157,0.06977742904247401,0.06977742904247645,0.06977742904247887,0.06977742904248133,0.06977742904248377,0.0697774290424862,0.06977742904248863,0.0697774290424911,0.06977742904249355,0.06977742904249598,0.06977742904249842,0.06977742904250087,0.06977742904250331,0.06977742904250574,0.06977742904250818,0.06977742904251061,0.06977742904251306,0.06977742904251549,0.06977742904251796,0.06977742904252038,0.06977742904252283,0.06977742904252529,0.06977742904252775,0.06977742904253016,0.06977742904253259,0.06977742904253505,0.06977742904253746,0.06977742904253992,0.06977742904254239,0.06977742904254482,0.06977742904254727,0.06977742904254967,0.06977742904255214,0.06977742904255457,0.06977742904255706,0.06977742904255951,0.06977742904256194,0.06977742904256441,0.06977742904256684,0.06977742904256928,0.06977742904257171,0.06977742904257415,0.06977742904257658,0.06977742904257905,0.06977742904258147,0.06977742904258392,0.06977742904258638,0.06977742904258881,0.06977742904259125,0.0697774290425937,0.06977742904259614,0.0697774290425986,0.06977742904260102,0.0697774290426035,0.06977742904260595,0.06977742904260838,0.06977742904261079,0.06977742904261326,0.06977742904261568,0.06977742904261812,0.06977742904262058,0.06977742904262303,0.06977742904262547,0.06977742904262793,0.06977742904263036,0.06977742904263279,0.06977742904263524,0.06977742904263769,0.06977742904264013,0.06977742904264256,0.069777429042645,0.06977742904264743,0.06977742904264987,0.0697774290426523,0.06977742904265477,0.06977742904265723,0.06977742904265968,0.06977742904266213,0.06977742904266455,0.069777429042667,0.06977742904266941,0.06977742904267188,0.06977742904267434,0.06977742904267677,0.06977742904267921,0.06977742904268164,0.06977742904268408,0.06977742904268652,0.069777429042689,0.0697774290426914,0.06977742904269384,0.06977742904269627,0.06977742904269872,0.06977742904270115,0.0697774290427036,0.06977742904270604,0.06977742904270846,0.06977742904271093,0.06977742904271338,0.0697774290427158,0.06977742904271823,0.06977742904272069,0.06977742904272313,0.0697774290427256,0.06977742904272802,0.06977742904273047,0.06977742904273292,0.06977742904273537,0.06977742904273782,0.06977742904274029,0.06977742904274269,0.06977742904274513,0.06977742904274759,0.06977742904275003,0.06977742904275247,0.06977742904275491,0.06977742904275736,0.06977742904275978,0.06977742904276223,0.06977742904276471,0.06977742904276715,0.06977742904276961,0.06977742904277207,0.0697774290427745,0.06977742904277691,0.06977742904277934,0.0697774290427818,0.06977742904278425,0.06977742904278669,0.06977742904278914,0.06977742904279158,0.06977742904279402,0.06977742904279646,0.0697774290427989,0.06977742904280133,0.0697774290428038,0.06977742904280623,0.06977742904280868,0.06977742904281113,0.0697774290428136,0.06977742904281606,0.0697774290428185,0.06977742904282092,0.06977742904282336,0.06977742904282577,0.06977742904282824,0.0697774290428308,0.06977742904283328,0.0697774290428358,0.06977742904283829,0.06977742904284073,0.0697774290428432,0.06977742904284563,0.06977742904284805,0.06977742904285053,0.06977742904285295,0.06977742904285542,0.06977742904285786,0.0697774290428603,0.06977742904286274,0.06977742904286521,0.06977742904286767,0.0697774290428701,0.06977742904287253,0.06977742904287501,0.06977742904287744,0.06977742904287988,0.06977742904288232,0.06977742904288477,0.0697774290428872,0.06977742904288964,0.06977742904289205,0.06977742904289452,0.06977742904289695,0.0697774290428994,0.06977742904290181,0.06977742904290428,0.0697774290429067,0.06977742904290915,0.06977742904291159,0.06977742904291402,0.06977742904291648,0.0697774290429189,0.06977742904292134,0.0697774290429238,0.06977742904292623,0.06977742904292868,0.06977742904293116,0.06977742904293358,0.069777429042936,0.06977742904293845,0.0697774290429409,0.06977742904294332,0.06977742904294576,0.06977742904294822,0.06977742904295063,0.06977742904295307,0.0697774290429555,0.06977742904295799,0.06977742904296041,0.06977742904296289,0.06977742904296533,0.06977742904296774,0.0697774290429702,0.06977742904297263,0.06977742904297508,0.06977742904297754,0.06977742904298,0.06977742904298245,0.06977742904298484,0.0697774290429873,0.06977742904298974,0.0697774290429922,0.06977742904299465,0.06977742904299711,0.06977742904299954,0.06977742904300199,0.06977742904300444,0.06977742904300688,0.06977742904300935,0.0697774290430118,0.06977742904301422,0.06977742904301668,0.06977742904301909,0.06977742904302153,0.06977742904302396,0.06977742904302643,0.06977742904302886,0.0697774290430313,0.06977742904303375,0.0697774290430362,0.06977742904303864,0.06977742904304107,0.06977742904304353,0.06977742904304596,0.0697774290430484,0.06977742904305084,0.06977742904305327,0.06977742904305571,0.06977742904305816,0.06977742904306063,0.06977742904306306,0.06977742904306548,0.06977742904306791,0.06977742904307037,0.06977742904307278,0.06977742904307525,0.06977742904307768,0.06977742904308014,0.06977742904308261,0.06977742904308505,0.0697774290430875,0.06977742904308992,0.06977742904309236,0.0697774290430948,0.06977742904309722,0.06977742904309969,0.06977742904310212,0.0697774290431046,0.069777429043107,0.06977742904310948,0.06977742904311192,0.06977742904311435,0.06977742904311679,0.06977742904311923,0.06977742904312167,0.06977742904312416,0.06977742904312659,0.06977742904312904,0.06977742904313147,0.0697774290431339,0.0697774290431363,0.06977742904313873,0.06977742904314119,0.06977742904314359,0.06977742904314604,0.06977742904314846,0.0697774290431509,0.06977742904315334,0.06977742904315579,0.06977742904315822,0.06977742904316067,0.06977742904316309,0.06977742904316557,0.06977742904316801,0.06977742904317044,0.0697774290431729,0.06977742904317531,0.06977742904317778,0.06977742904318021,0.06977742904318268,0.06977742904318511,0.06977742904318754,0.06977742904319001,0.06977742904319245,0.0697774290431949,0.06977742904319731,0.06977742904319977,0.0697774290432022,0.06977742904320464,0.06977742904320709,0.06977742904320951,0.06977742904321198,0.06977742904321439,0.06977742904321686,0.06977742904321932,0.06977742904322178,0.06977742904322419,0.06977742904322663,0.06977742904322908,0.06977742904323152,0.06977742904323399,0.06977742904323639,0.06977742904323886,0.06977742904324127,0.06977742904324374,0.06977742904324617,0.0697774290432486,0.06977742904325106,0.0697774290432535,0.06977742904325596,0.06977742904325841,0.06977742904326084,0.06977742904326327,0.06977742904326571,0.06977742904326818,0.0697774290432706,0.06977742904327304,0.06977742904327547,0.0697774290432779,0.06977742904328035,0.0697774290432828,0.06977742904328524,0.06977742904328768,0.06977742904329011,0.06977742904329257,0.06977742904329498,0.06977742904329741,0.06977742904329984,0.06977742904330228,0.06977742904330474,0.06977742904330721,0.06977742904330966,0.06977742904331209,0.06977742904331453,0.06977742904331699,0.06977742904331945,0.06977742904332192,0.06977742904332432,0.06977742904332677,0.0697774290433292,0.06977742904333166,0.0697774290433341,0.06977742904333656,0.069777429043339,0.06977742904334146,0.06977742904334387,0.06977742904334633,0.06977742904334877,0.06977742904335119,0.06977742904335366,0.06977742904335608,0.06977742904335854,0.06977742904336103,0.06977742904336344,0.06977742904336587,0.06977742904336834,0.06977742904337078,0.06977742904337322,0.06977742904337564,0.06977742904337807,0.06977742904338055,0.06977742904338297,0.06977742904338541,0.06977742904338786,0.06977742904339031,0.06977742904339278,0.06977742904339519,0.06977742904339765,0.0697774290434001,0.06977742904340253,0.069777429043405,0.06977742904340742,0.06977742904340986,0.0697774290434123,0.06977742904341475,0.06977742904341723,0.06977742904341964,0.06977742904342206,0.06977742904342452,0.069777429043427,0.0697774290434294,0.06977742904343186,0.06977742904343431,0.06977742904343677,0.06977742904343918,0.06977742904344163,0.0697774290434441,0.06977742904344651,0.06977742904344894,0.0697774290434514,0.06977742904345384,0.0697774290434563,0.06977742904345872,0.06977742904346115,0.0697774290434636,0.06977742904346607,0.06977742904346851,0.06977742904347096,0.0697774290434734,0.06977742904347584,0.06977742904347826,0.06977742904348075,0.06977742904348318,0.0697774290434856,0.06977742904348803,0.06977742904349048,0.06977742904349292,0.06977742904349535,0.0697774290434978,0.06977742904350026,0.06977742904350269,0.06977742904350513,0.06977742904350757,0.06977742904351002,0.06977742904351247,0.06977742904351492,0.06977742904351736,0.0697774290435198,0.06977742904352222,0.06977742904352469,0.0697774290435271,0.06977742904352954,0.069777429043532,0.06977742904353446,0.06977742904353687,0.06977742904353931,0.06977742904354176,0.06977742904354418,0.06977742904354664,0.06977742904354907,0.06977742904355154,0.069777429043554,0.0697774290435564,0.06977742904355885,0.0697774290435613,0.06977742904356375,0.06977742904356618,0.06977742904356864,0.06977742904357105,0.06977742904357351,0.06977742904357596,0.06977742904357838,0.06977742904358084,0.06977742904358326,0.06977742904358569,0.06977742904358814,0.06977742904359019,0.0697774290435926,0.06977742904359505,0.06977742904359749,0.06977742904359995,0.06977742904360239,0.06977742904360484,0.06977742904360726,0.06977742904360971,0.06977742904361213,0.06977742904361459,0.06977742904361703,0.06977742904361946,0.06977742904362191,0.06977742904362436,0.06977742904362681,0.06977742904362928,0.06977742904363171,0.06977742904363414,0.0697774290436366,0.06977742904363905,0.06977742904364148,0.06977742904364397,0.0697774290436464,0.06977742904364885,0.06977742904365128,0.06977742904365371,0.06977742904365612,0.06977742904365859,0.06977742904366104,0.06977742904366348,0.06977742904366595,0.06977742904366838,0.06977742904367082,0.06977742904367326,0.0697774290436757,0.06977742904367813,0.06977742904368057,0.069777429043683,0.06977742904368545,0.06977742904368786,0.06977742904369032,0.06977742904369279,0.06977742904369524,0.0697774290436977,0.06977742904370013,0.06977742904370257,0.069777429043705,0.06977742904370744,0.0697774290437099,0.06977742904371233,0.06977742904371473,0.06977742904371718,0.06977742904371964,0.06977742904372206,0.06977742904372453,0.06977742904372697,0.06977742904372941,0.06977742904373183,0.06977742904373428,0.0697774290437367,0.06977742904373917,0.06977742904374161,0.06977742904374405,0.06977742904374648,0.06977742904374894,0.06977742904375138,0.06977742904375381,0.06977742904375626,0.06977742904375868,0.06977742904376114,0.06977742904376359,0.06977742904376602,0.06977742904376846,0.0697774290437709,0.06977742904377335,0.06977742904377579,0.06977742904377823,0.06977742904378066,0.06977742904378309,0.06977742904378553,0.06977742904378798,0.06977742904379045,0.06977742904379287,0.06977742904379534,0.06977742904379775,0.0697774290438002,0.06977742904380264,0.06977742904380507,0.06977742904380752,0.06977742904380997,0.0697774290438124,0.06977742904381486,0.0697774290438173,0.06977742904381971,0.06977742904382218,0.06977742904382461,0.06977742904382706,0.06977742904382947,0.06977742904383193,0.06977742904383433,0.06977742904383678,0.06977742904383925,0.06977742904384168,0.06977742904384414,0.06977742904384658,0.06977742904384902,0.06977742904385145,0.06977742904385391,0.06977742904385635,0.0697774290438588,0.06977742904386124,0.06977742904386366,0.06977742904386612,0.06977742904386854,0.06977742904387102,0.06977742904387343,0.06977742904387589,0.06977742904387833,0.06977742904388078,0.06977742904388323,0.06977742904388576,0.06977742904388817,0.06977742904389062,0.06977742904389304,0.06977742904389551,0.06977742904389793,0.06977742904390036,0.0697774290439028,0.06977742904390526,0.06977742904390768,0.06977742904391016,0.06977742904391256,0.06977742904391504,0.06977742904391745,0.0697774290439199,0.06977742904392233,0.06977742904392474,0.06977742904392721,0.06977742904392963,0.0697774290439321,0.06977742904393451,0.06977742904393698,0.0697774290439394,0.06977742904394188,0.06977742904394432,0.06977742904394675,0.06977742904394918,0.06977742904395162,0.06977742904395408,0.0697774290439565,0.06977742904395894,0.06977742904396138,0.06977742904396382,0.06977742904396629,0.06977742904396875,0.06977742904397118,0.06977742904397362,0.06977742904397606,0.06977742904397848,0.0697774290439809,0.06977742904398336,0.06977742904398579,0.0697774290439882,0.06977742904399067,0.06977742904399313,0.06977742904399556,0.06977742904399802,0.06977742904400047,0.06977742904400289,0.06977742904400533,0.06977742904400776,0.0697774290440102,0.06977742904401264,0.06977742904401511,0.06977742904401757,0.06977742904402,0.06977742904402245,0.06977742904402492,0.06977742904402734,0.06977742904402977,0.06977742904403222,0.06977742904403468,0.0697774290440371,0.06977742904403955,0.069777429044042,0.0697774290440444,0.06977742904404688,0.06977742904404928,0.06977742904405174,0.06977742904405417,0.06977742904405661,0.06977742904405905,0.06977742904406146,0.06977742904406395,0.06977742904406638,0.0697774290440688,0.06977742904407123,0.06977742904407372,0.06977742904407615,0.06977742904407858,0.06977742904408103,0.06977742904408347,0.06977742904408593,0.06977742904408835,0.0697774290440908,0.06977742904409322,0.06977742904409567,0.06977742904409812,0.06977742904410059,0.06977742904410303,0.06977742904410546,0.0697774290441079,0.06977742904411036,0.0697774290441128,0.06977742904411524,0.06977742904411768,0.06977742904412017,0.06977742904412257,0.06977742904412501,0.06977742904412747,0.06977742904412991,0.06977742904413235,0.0697774290441348,0.06977742904413722,0.06977742904413965,0.06977742904414211,0.0697774290441446,0.06977742904414705,0.06977742904414945,0.06977742904415193,0.06977742904415436,0.0697774290441568,0.06977742904415926,0.06977742904416169,0.06977742904416416,0.06977742904416656,0.06977742904416903,0.06977742904417145,0.0697774290441739,0.06977742904417633,0.0697774290441788,0.06977742904418124,0.06977742904418369,0.06977742904418613,0.06977742904418857,0.06977742904419101,0.06977742904419344,0.06977742904419588,0.06977742904419834,0.06977742904420077,0.06977742904420318,0.06977742904420563,0.06977742904420808,0.06977742904421051,0.06977742904421298,0.06977742904421542,0.06977742904421785,0.06977742904422031,0.06977742904422275,0.06977742904422521,0.06977742904422765,0.0697774290442301,0.0697774290442325,0.06977742904423496,0.06977742904423737,0.06977742904423984,0.06977742904424228,0.06977742904424473,0.06977742904424716,0.0697774290442496,0.06977742904425205,0.06977742904425446,0.0697774290442569,0.06977742904425936,0.06977742904426183,0.06977742904426426,0.06977742904426672,0.06977742904426915,0.06977742904427159,0.06977742904427403,0.06977742904427646,0.06977742904427894,0.06977742904428136,0.06977742904428383,0.06977742904428626,0.0697774290442887,0.06977742904429113,0.06977742904429358,0.06977742904429604,0.06977742904429847,0.06977742904430091,0.06977742904430335,0.06977742904430577,0.0697774290443082,0.06977742904431068,0.0697774290443131,0.06977742904431557,0.06977742904431801,0.06977742904432045,0.06977742904432288,0.0697774290443253,0.06977742904432778,0.06977742904433025,0.06977742904433266,0.06977742904433512,0.06977742904433752,0.06977742904433992,0.06977742904434239,0.06977742904434485,0.06977742904434728,0.06977742904434975,0.06977742904435218,0.06977742904435465,0.06977742904435706,0.06977742904435953,0.06977742904436196,0.0697774290443644,0.06977742904436685,0.06977742904436926,0.06977742904437172,0.06977742904437413,0.06977742904437659,0.06977742904437903,0.06977742904438149,0.06977742904438394,0.06977742904438637,0.06977742904438881,0.06977742904439124,0.06977742904439371,0.06977742904439613,0.06977742904439856,0.069777429044401,0.06977742904440348,0.06977742904440588,0.06977742904440837,0.06977742904441077,0.06977742904441323,0.06977742904441565,0.0697774290444181,0.06977742904442052,0.06977742904442297,0.06977742904442542,0.06977742904442787,0.0697774290444303,0.06977742904443276,0.0697774290444352,0.06977742904443764,0.06977742904444004,0.06977742904444251,0.06977742904444494,0.06977742904444742,0.06977742904444988,0.06977742904445229,0.06977742904445475,0.06977742904445719,0.0697774290444596,0.06977742904446202,0.06977742904446446,0.0697774290444669,0.06977742904446937,0.06977742904447182,0.06977742904447426,0.06977742904447672,0.06977742904447916,0.06977742904448161,0.06977742904448406,0.0697774290444865,0.06977742904448891,0.06977742904449136,0.06977742904449379,0.06977742904449624,0.0697774290444987,0.06977742904450113,0.06977742904450358,0.06977742904450603,0.06977742904450847,0.06977742904451091,0.06977742904451334,0.06977742904451581,0.06977742904451821,0.06977742904452068,0.06977742904452311,0.06977742904452558,0.06977742904452801,0.06977742904453042,0.06977742904453285,0.06977742904453528,0.06977742904453775,0.0697774290445402,0.06977742904454268,0.06977742904454509,0.06977742904454755,0.06977742904454999,0.06977742904455243,0.06977742904455485,0.06977742904455732,0.06977742904455973,0.0697774290445622,0.06977742904456466,0.06977742904456706,0.0697774290445695,0.06977742904457195,0.0697774290445744,0.06977742904457682,0.06977742904457926,0.06977742904458172,0.06977742904458416,0.06977742904458663,0.06977742904458906,0.06977742904459153,0.06977742904459396,0.06977742904459643,0.06977742904459881,0.06977742904460127,0.06977742904460374,0.06977742904460615,0.06977742904460862,0.06977742904461103,0.06977742904461348,0.06977742904461594,0.0697774290446184,0.06977742904462081,0.06977742904462328,0.06977742904462572,0.06977742904462816,0.06977742904463059,0.06977742904463305,0.06977742904463549,0.06977742904463793,0.06977742904464036,0.06977742904464279,0.06977742904464525,0.0697774290446477,0.06977742904465016,0.0697774290446526,0.06977742904465505,0.0697774290446575,0.06977742904465992,0.06977742904466236,0.06977742904466483,0.06977742904466724,0.0697774290446697,0.06977742904467216,0.06977742904467459,0.06977742904467703,0.06977742904467946,0.06977742904468189,0.06977742904468434,0.06977742904468681,0.06977742904468921,0.0697774290446917,0.06977742904469413,0.06977742904469658,0.069777429044699,0.06977742904470145,0.0697774290447039,0.06977742904470632,0.06977742904470877,0.06977742904471122,0.06977742904471367,0.0697774290447161,0.06977742904471856,0.06977742904472099,0.06977742904472345,0.06977742904472586,0.06977742904472833,0.06977742904473078,0.0697774290447332,0.06977742904473566,0.06977742904473812,0.06977742904474056,0.06977742904474299,0.06977742904474542,0.06977742904474785,0.06977742904475029,0.06977742904475273,0.06977742904475519,0.06977742904475762,0.06977742904476007,0.0697774290447625,0.06977742904476494,0.06977742904476741,0.06977742904476983,0.06977742904477229,0.06977742904477471,0.06977742904477713,0.06977742904477956,0.069777429044782,0.06977742904478448,0.06977742904478688,0.06977742904478935,0.06977742904479177,0.06977742904479423,0.06977742904479665,0.06977742904479911,0.06977742904480153,0.06977742904480398,0.06977742904480644,0.06977742904480891,0.06977742904481132,0.06977742904481374,0.0697774290448162,0.06977742904481864,0.06977742904482107,0.0697774290448235,0.06977742904482595,0.06977742904482837,0.06977742904483082,0.06977742904483329,0.0697774290448357,0.06977742904483816,0.06977742904484059,0.06977742904484302,0.06977742904484546,0.06977742904484793,0.06977742904485036,0.06977742904485282,0.06977742904485526,0.0697774290448577,0.06977742904486015,0.06977742904486256,0.06977742904486502,0.06977742904486746,0.06977742904486987,0.06977742904487233,0.06977742904487477,0.06977742904487723,0.06977742904487964,0.0697774290448821,0.06977742904488454,0.06977742904488697,0.0697774290448894,0.06977742904489187,0.06977742904489428,0.06977742904489677,0.0697774290448992,0.06977742904490163,0.06977742904490407,0.0697774290449065,0.06977742904490897,0.06977742904491138,0.06977742904491387,0.0697774290449163,0.06977742904491872,0.0697774290449212,0.06977742904492361,0.06977742904492606,0.06977742904492847,0.0697774290449309,0.06977742904493335,0.0697774290449358,0.06977742904493822,0.06977742904494066,0.06977742904494308,0.06977742904494551,0.06977742904494796,0.06977742904495039,0.06977742904495286,0.06977742904495529,0.06977742904495772,0.06977742904496016,0.06977742904496259,0.06977742904496506,0.0697774290449675,0.06977742904496992,0.06977742904497239,0.0697774290449748,0.06977742904497725,0.06977742904497966,0.06977742904498213,0.06977742904498456,0.06977742904498702,0.06977742904498949,0.06977742904499191,0.06977742904499437,0.06977742904499684,0.06977742904499923,0.06977742904500168,0.06977742904500413,0.06977742904500656,0.06977742904500903,0.06977742904501144,0.06977742904501388,0.06977742904501633,0.06977742904501875,0.06977742904502121,0.06977742904502368,0.0697774290450261,0.06977742904502852,0.06977742904503097,0.06977742904503341,0.06977742904503585,0.06977742904503828,0.06977742904504071,0.06977742904504317,0.06977742904504558,0.06977742904504804,0.0697774290450505,0.06977742904505292,0.06977742904505538,0.0697774290450578,0.06977742904506026,0.0697774290450627,0.06977742904506515,0.06977742904506758,0.06977742904507003,0.06977742904507248,0.06977742904507492,0.06977742904507737,0.0697774290450798,0.06977742904508227,0.0697774290450847,0.06977742904508714,0.06977742904508957,0.069777429045092,0.06977742904509447,0.06977742904509691,0.06977742904509936,0.06977742904510179,0.06977742904510421,0.06977742904510666,0.0697774290451091,0.06977742904511154,0.069777429045114,0.06977742904511643,0.06977742904511884,0.06977742904512131,0.06977742904512373,0.06977742904512617,0.0697774290451286,0.06977742904513105,0.06977742904513347,0.06977742904513592,0.06977742904513837,0.06977742904514081,0.06977742904514327,0.0697774290451457,0.06977742904514816,0.06977742904515057,0.06977742904515304,0.06977742904515546,0.06977742904515793,0.06977742904516036,0.06977742904516282,0.06977742904516525,0.06977742904516769,0.06977742904517012,0.06977742904517259,0.06977742904517502,0.06977742904517746,0.0697774290451799,0.06977742904518233,0.06977742904518479,0.06977742904518724,0.06977742904518969,0.06977742904519213,0.06977742904519457,0.069777429045197,0.06977742904519944,0.06977742904520189,0.06977742904520431,0.06977742904520678,0.06977742904520924,0.06977742904521167,0.06977742904521411,0.06977742904521654,0.06977742904521897,0.06977742904522141,0.06977742904522385,0.06977742904522628,0.06977742904522875,0.06977742904523118,0.0697774290452336,0.06977742904523605,0.06977742904523848,0.06977742904524092,0.06977742904524335,0.06977742904524584,0.06977742904524827,0.0697774290452507,0.06977742904525316,0.0697774290452556,0.06977742904525805,0.06977742904526048,0.06977742904526293,0.06977742904526536,0.0697774290452678,0.06977742904527025,0.06977742904527268,0.06977742904527516,0.06977742904527758,0.06977742904528002,0.06977742904528247,0.06977742904528489,0.06977742904528735,0.06977742904528977,0.06977742904529223,0.06977742904529466,0.06977742904529714,0.06977742904529954,0.069777429045302,0.06977742904530441,0.06977742904530687,0.0697774290453093,0.06977742904531176,0.06977742904531418,0.06977742904531666,0.06977742904531908,0.0697774290453215,0.06977742904532395,0.06977742904532637,0.06977742904532883,0.06977742904533125,0.0697774290453337,0.06977742904533611,0.0697774290453386,0.06977742904534102,0.06977742904534345,0.0697774290453459,0.06977742904534834,0.06977742904535078,0.0697774290453532,0.06977742904535567,0.06977742904535811,0.06977742904536054,0.069777429045363,0.06977742904536542,0.06977742904536785,0.06977742904537032,0.06977742904537272,0.06977742904537519,0.06977742904537765,0.06977742904538006,0.0697774290453825,0.06977742904538495,0.06977742904538739,0.06977742904538982,0.06977742904539226,0.06977742904539469,0.06977742904539715,0.06977742904539956,0.069777429045402,0.06977742904540449,0.0697774290454069,0.06977742904540934,0.06977742904541177,0.06977742904541423,0.06977742904541666,0.06977742904541911,0.06977742904542153,0.069777429045424,0.06977742904542644,0.06977742904542887,0.0697774290454313,0.06977742904543373,0.06977742904543616,0.06977742904543863,0.06977742904544108,0.06977742904544351,0.06977742904544594,0.0697774290454484,0.06977742904545081,0.06977742904545325,0.06977742904545567,0.06977742904545813,0.06977742904546057,0.06977742904546302,0.06977742904546545,0.06977742904546791,0.06977742904547035,0.0697774290454728,0.06977742904547521,0.06977742904547767,0.06977742904548012,0.06977742904548256,0.06977742904548498,0.06977742904548741,0.06977742904548985,0.06977742904549229,0.06977742904549472,0.06977742904549718,0.0697774290454996,0.06977742904550206,0.06977742904550449,0.06977742904550696,0.06977742904550938,0.06977742904551182,0.06977742904551423,0.06977742904551668,0.0697774290455191,0.06977742904552156,0.069777429045524,0.06977742904552645,0.0697774290455289,0.06977742904553132,0.06977742904553379,0.06977742904553622,0.06977742904553866,0.0697774290455411,0.06977742904554353,0.06977742904554597,0.0697774290455484,0.06977742904555084,0.0697774290455533,0.06977742904555574,0.06977742904555817,0.06977742904556061,0.06977742904556303,0.06977742904556548,0.06977742904556793,0.06977742904557038,0.06977742904557281,0.06977742904557527,0.06977742904557771,0.06977742904558012,0.06977742904558258,0.069777429045585,0.06977742904558745,0.06977742904558991,0.06977742904559237,0.06977742904559478,0.06977742904559725,0.0697774290455997,0.06977742904560214,0.06977742904560454,0.06977742904560699,0.06977742904560941,0.06977742904561188,0.06977742904561429,0.06977742904561675,0.06977742904561918,0.06977742904562165,0.06977742904562405,0.0697774290456265,0.06977742904562892,0.06977742904563133,0.06977742904563378,0.06977742904563618,0.06977742904563863,0.06977742904564109,0.06977742904564352,0.06977742904564598,0.06977742904564842,0.06977742904565085,0.06977742904565327,0.06977742904565574,0.06977742904565816,0.0697774290456606,0.06977742904566303,0.06977742904566547,0.06977742904566793,0.06977742904567034,0.06977742904567281,0.06977742904567522,0.06977742904567767,0.06977742904568011,0.06977742904568256,0.06977742904568503,0.06977742904568748,0.06977742904568991,0.06977742904569234,0.06977742904569478,0.06977742904569723,0.0697774290456997,0.06977742904570212,0.06977742904570457,0.06977742904570698,0.06977742904570947,0.0697774290457119,0.0697774290457143,0.06977742904571675,0.06977742904571918,0.06977742904572166,0.0697774290457241,0.06977742904572652,0.06977742904572896,0.0697774290457314,0.06977742904573385,0.06977742904573629,0.06977742904573873,0.06977742904574118,0.0697774290457436,0.06977742904574603,0.06977742904574849,0.06977742904575092,0.06977742904575338,0.06977742904575579,0.06977742904575823,0.0697774290457607,0.06977742904576312,0.06977742904576556,0.069777429045768,0.06977742904577043,0.06977742904577287,0.06977742904577533,0.06977742904577776,0.06977742904578019,0.06977742904578264,0.06977742904578506,0.06977742904578753,0.06977742904578996,0.06977742904579239,0.06977742904579483,0.06977742904579727,0.0697774290457997,0.06977742904580214,0.0697774290458046,0.06977742904580701,0.0697774290458095,0.06977742904581191,0.06977742904581435,0.06977742904581681,0.06977742904581924,0.0697774290458217,0.06977742904582412,0.06977742904582657,0.069777429045829,0.06977742904583147,0.06977742904583388,0.06977742904583635,0.06977742904583878,0.0697774290458412,0.06977742904584364,0.06977742904584609,0.06977742904584854,0.06977742904585099,0.0697774290458534,0.06977742904585586,0.0697774290458583,0.06977742904586075,0.06977742904586319,0.06977742904586562,0.06977742904586808,0.06977742904587052,0.06977742904587297,0.06977742904587542,0.06977742904587783,0.06977742904588027,0.06977742904588273,0.06977742904588516,0.06977742904588759,0.06977742904589003,0.06977742904589244,0.06977742904589491,0.06977742904589733,0.06977742904589976,0.06977742904590223,0.06977742904590464,0.06977742904590711,0.06977742904590953,0.06977742904591197,0.06977742904591441,0.06977742904591686,0.0697774290459193,0.06977742904592174,0.06977742904592414,0.06977742904592658,0.06977742904592901,0.06977742904593147,0.06977742904593393,0.06977742904593637,0.06977742904593882,0.06977742904594125,0.06977742904594368,0.06977742904594611,0.06977742904594858,0.06977742904595102,0.06977742904595348,0.06977742904595592,0.06977742904595835,0.06977742904596078,0.06977742904596321,0.06977742904596565,0.0697774290459681,0.06977742904597053,0.06977742904597299,0.06977742904597542,0.06977742904597788,0.0697774290459803,0.06977742904598276,0.06977742904598519,0.06977742904598765,0.06977742904599006,0.06977742904599252,0.06977742904599496,0.06977742904599739,0.06977742904599986,0.06977742904600231,0.06977742904600476,0.06977742904600719,0.06977742904600964,0.06977742904601206,0.06977742904601453,0.06977742904601698,0.06977742904601941,0.06977742904602185,0.06977742904602428,0.06977742904602673,0.06977742904602914,0.0697774290460316,0.06977742904603404,0.06977742904603651,0.06977742904603891,0.06977742904604138,0.06977742904604384,0.06977742904604625,0.06977742904604868,0.06977742904605111,0.06977742904605355,0.06977742904605597,0.06977742904605845,0.06977742904606087,0.06977742904606334,0.06977742904606578,0.06977742904606822,0.06977742904607066,0.06977742904607309,0.06977742904607553,0.06977742904607799,0.06977742904608045,0.06977742904608286,0.06977742904608529,0.06977742904608772,0.06977742904609016,0.06977742904609259,0.06977742904609505,0.06977742904609747,0.06977742904609995,0.06977742904610237,0.06977742904610482,0.06977742904610724,0.06977742904610967,0.06977742904611214,0.06977742904611456,0.06977742904611703,0.06977742904611949,0.06977742904612194,0.06977742904612438,0.06977742904612677,0.06977742904612923,0.06977742904613166,0.0697774290461341,0.06977742904613654,0.069777429046139,0.06977742904614145,0.06977742904614391,0.06977742904614631,0.06977742904614875,0.06977742904615121,0.06977742904615362,0.06977742904615608,0.06977742904615855,0.06977742904616097,0.0697774290461634,0.06977742904616585,0.06977742904616827,0.0697774290461707,0.06977742904617315,0.06977742904617559,0.06977742904617805,0.06977742904618048,0.06977742904618293,0.06977742904618538,0.0697774290461878,0.06977742904619025,0.06977742904619266,0.06977742904619512,0.06977742904619755,0.06977742904620002,0.06977742904620245,0.06977742904620488,0.06977742904620732,0.06977742904620976,0.0697774290462122,0.06977742904621465,0.06977742904621712,0.06977742904621953,0.06977742904622196,0.06977742904622439,0.06977742904622684,0.06977742904622927,0.06977742904623171,0.0697774290462342,0.0697774290462366,0.06977742904623903,0.06977742904624146,0.06977742904624393,0.06977742904624633,0.06977742904624877,0.06977742904625121,0.06977742904625366,0.06977742904625606,0.06977742904625854,0.06977742904626097,0.06977742904626341,0.06977742904626587,0.0697774290462683,0.06977742904627074,0.06977742904627318,0.0697774290462756,0.06977742904627805,0.06977742904628048,0.06977742904628294,0.0697774290462854,0.06977742904628781,0.06977742904629025,0.06977742904629271,0.06977742904629514,0.06977742904629759,0.06977742904630001,0.06977742904630246,0.06977742904630489,0.06977742904630735,0.06977742904630975,0.06977742904631219,0.06977742904631462,0.06977742904631706,0.06977742904631949,0.06977742904632192,0.06977742904632438,0.06977742904632678,0.06977742904632923,0.06977742904633169,0.06977742904633412,0.06977742904633655,0.06977742904633898,0.06977742904634142,0.06977742904634388,0.06977742904634632,0.06977742904634877,0.06977742904635122,0.06977742904635365,0.06977742904635609,0.06977742904635853,0.06977742904636096,0.06977742904636342,0.06977742904636587,0.06977742904636833,0.06977742904637074,0.0697774290463732,0.06977742904637563,0.06977742904637808,0.06977742904638053,0.06977742904638298,0.06977742904638541,0.06977742904638784,0.06977742904639031,0.06977742904639272,0.06977742904639515,0.06977742904639762,0.06977742904640004,0.06977742904640247,0.06977742904640494,0.06977742904640737,0.06977742904640982,0.06977742904641224,0.06977742904641468,0.06977742904641715,0.06977742904641955,0.06977742904642197,0.06977742904642441,0.06977742904642686,0.06977742904642929,0.06977742904643176,0.06977742904643419,0.06977742904643663,0.06977742904643908,0.06977742904644152,0.06977742904644396,0.0697774290464464,0.06977742904644886,0.0697774290464513,0.06977742904645372,0.06977742904645616,0.06977742904645859,0.06977742904646106,0.06977742904646352,0.06977742904646596,0.06977742904646839,0.06977742904647084,0.06977742904647327,0.06977742904647573,0.06977742904647817,0.06977742904648063,0.0697774290464831,0.06977742904648551,0.06977742904648795,0.06977742904649038,0.06977742904649283,0.06977742904649525,0.06977742904649772,0.06977742904650015,0.06977742904650258,0.06977742904650504,0.0697774290465075,0.06977742904650992,0.06977742904651235,0.0697774290465148,0.06977742904651724,0.06977742904651969,0.06977742904652212,0.06977742904652459,0.06977742904652702,0.06977742904652946,0.06977742904653192,0.06977742904653435,0.06977742904653678,0.06977742904653922,0.06977742904654166,0.0697774290465441,0.06977742904654653,0.069777429046549,0.06977742904655142,0.06977742904655385,0.06977742904655629,0.06977742904655874,0.06977742904656119,0.06977742904656364,0.06977742904656604,0.06977742904656851,0.06977742904657093,0.06977742904657339,0.06977742904657579,0.06977742904657826,0.0697774290465807,0.06977742904658314,0.06977742904658558,0.06977742904658803,0.06977742904659047,0.06977742904659288,0.06977742904659534,0.06977742904659782,0.06977742904660025,0.06977742904660267,0.06977742904660512,0.06977742904660757,0.06977742904661001,0.06977742904661247,0.06977742904661491,0.06977742904661735,0.06977742904661977,0.06977742904662218,0.06977742904662462,0.06977742904662704,0.06977742904662952,0.06977742904663195,0.06977742904663438,0.06977742904663681,0.06977742904663926,0.06977742904664168,0.0697774290466441,0.06977742904664652,0.06977742904664899,0.06977742904665142,0.06977742904665385,0.0697774290466563,0.06977742904665875,0.0697774290466612,0.06977742904666362,0.06977742904666606,0.06977742904666852,0.06977742904667095,0.06977742904667339,0.06977742904667582,0.06977742904667825,0.0697774290466807,0.06977742904668315,0.06977742904668557,0.06977742904668802,0.06977742904669046,0.0697774290466929,0.06977742904669534,0.0697774290466978,0.06977742904670024,0.06977742904670269,0.06977742904670514,0.06977742904670757,0.06977742904671001,0.06977742904671244,0.06977742904671488,0.06977742904671731,0.06977742904671977,0.06977742904672218,0.06977742904672465,0.06977742904672708,0.06977742904672954,0.06977742904673197,0.0697774290467344,0.06977742904673684,0.06977742904673928,0.06977742904674175,0.0697774290467442,0.06977742904674665,0.06977742904674908,0.0697774290467515,0.06977742904675394,0.06977742904675635,0.06977742904675881,0.06977742904676128,0.06977742904676373,0.06977742904676618,0.0697774290467686,0.06977742904677105,0.06977742904677346,0.0697774290467759,0.06977742904677837,0.06977742904678083,0.06977742904678329,0.06977742904678573,0.06977742904678816,0.06977742904679057,0.06977742904679302,0.06977742904679549,0.06977742904679791,0.06977742904680036,0.06977742904680279,0.06977742904680523,0.06977742904680767,0.06977742904681011,0.06977742904681256,0.06977742904681498,0.0697774290468174,0.06977742904681986,0.0697774290468223,0.06977742904682474,0.06977742904682716,0.06977742904682963,0.06977742904683205,0.0697774290468345,0.06977742904683697,0.06977742904683937,0.06977742904684182,0.0697774290468443,0.06977742904684672,0.06977742904684915,0.06977742904685161,0.06977742904685401,0.06977742904685645,0.06977742904685888,0.06977742904686136,0.06977742904686382,0.06977742904686622,0.06977742904686866,0.06977742904687109,0.06977742904687353,0.06977742904687596,0.06977742904687839
8,0.0,0.0,0.0,0.0,0.0,0.0,0.0,0.0,0.0,0.0,0.0,0.0,0.0,0.0,0.0,0.0,0.0,0.0,0.0,0.0,0.0,0.0,0.0,0.0,0.0,0.0,0.0,0.0,0.0,0.0,0.0,0.0,0.0,0.0,0.0,0.0,0.0,0.0,0.0,0.0,0.0,0.0,0.0,0.0,0.0,0.0,0.0,0.0,0.0,0.0,0.0,0.0,0.0,0.0,0.0,0.0,0.0,0.0,0.0,0.0,0.0,0.0,0.0,0.0,0.0,0.0,0.0,0.0,0.0,0.0,0.0,0.0,0.0,0.0,0.0,0.0,0.0,0.0,0.0,0.0,0.0,0.0,0.0,0.0,0.0,0.0,0.0,0.0,0.0,0.0,0.0,0.0,0.0,0.0,0.0,0.0,0.0,0.0,0.0,0.0,0.0,0.0,0.0,0.0,0.0,0.0,0.0,0.0,0.0,0.0,0.0,0.0,0.0,0.0,0.0,0.0,0.0,0.0,0.0,0.0,0.0,0.0,0.0,0.0,0.0,0.0,0.0,0.0,0.0,0.0,0.0,0.0,0.0,0.0,0.0,0.0,0.0,0.0,0.0,0.0,0.0,0.0,0.0,0.0,0.0,0.0,0.0,0.0,0.0,0.0,0.0,0.0,0.0,0.0,0.0,0.0,0.0,0.0,0.0,0.0,0.0,0.0,0.0,0.0,0.0,0.0,0.0,0.0,0.0,0.0,0.0,0.0,0.0,0.0,0.0,0.0,0.0,0.0,0.0,0.0,0.0,0.0,0.0,0.0,0.0,0.0,0.0,0.0,0.0,0.0,0.0,0.0,0.0,0.0,0.0,0.0,0.0,0.0,0.0,0.0,0.0,0.0,0.0,0.0,0.0,0.0,0.0,0.0,0.0,0.0,0.0,0.0,0.0,0.0,0.0,0.0,0.0,0.0,0.0,0.0,0.0,0.0,0.0,0.0,0.0,0.0,0.0,0.0,0.0,0.0,0.0,0.0,0.0,0.0,0.0,0.0,0.0,0.0,0.0,0.0,0.0,0.0,0.0,0.0,0.0,0.0,0.0,0.0,0.0,0.0,0.0,0.0,0.0,0.0,0.0,0.0,0.0,0.0,0.0,0.0,0.0,0.0,0.0,0.0,0.0,0.0,0.0,0.0,0.0,0.0,0.0,0.0,0.0,0.0,0.0,0.0,0.0,0.0,0.0,0.0,0.0,0.0,0.0,0.0,0.0,0.0,0.0,0.0,0.0,0.0,0.0,0.0,0.0,0.0,0.0,0.0,0.0,0.0,0.0,0.0,0.0,0.0,0.0,0.0,0.0,0.0,0.0,0.0,0.0,0.0,0.0,0.0,0.0,0.0,0.0,0.0,0.0,0.0,0.0,0.0,0.0,0.0,0.0,0.0,0.0,0.0,0.0,0.0,0.0,0.0,0.0,0.0,0.0,0.0,0.0,0.0,0.0,0.0,0.0,0.0,0.0,0.0,0.0,0.0,0.0,0.0,0.0,0.0,0.0,0.0,0.0,0.0,0.0,0.0,0.0,0.0,0.0,0.0,0.0,0.0,0.0,0.0,0.0,0.0,0.0,0.0,0.0,0.0,0.0,0.0,0.0,0.0,0.0,0.0,0.0,0.0,0.0,0.0,0.0,0.0,0.0,0.0,0.0,0.0,0.0,0.0,0.0,0.0,0.0,0.0,0.0,0.0,0.0,0.0,0.0,0.0,0.0,0.0,0.0,0.0,0.0,0.0,0.0,0.0,0.0,0.0,0.0,0.0,0.0,0.0,0.0,0.0,0.0,0.0,0.0,0.0,0.0,0.0,0.0,0.0,0.0,0.0,0.0,0.0,0.0,0.0,0.0,0.0,0.0,0.0,0.0,0.0,0.0,0.0,0.0,0.0,0.0,0.0,0.0,0.0,0.0,0.0,0.0,0.0,0.0,0.0,0.0,0.0,0.0,0.0,0.0,0.0,0.0,0.0,0.0,0.0,0.0,0.0,0.0,0.0,0.0,0.0,0.0,0.0,0.0,0.0,0.0,0.0,0.0,0.0,0.0,0.0,0.0,0.0,0.0,0.0,0.0,0.0,0.0,0.0,0.0,0.0,0.0,0.0,0.0,0.0,0.0,0.0,0.0,0.0,0.0,0.0,0.0,0.0,0.0,0.0,0.0,0.0,0.0,0.0,0.0,0.0,0.0,0.0,0.0,0.0,0.0,0.0,0.0,0.0,0.0,0.0,0.0,0.0,0.0,0.0,0.0,0.0,0.0,0.0,0.0,0.0,0.0,0.0,0.0,0.0,0.0,0.0,0.0,0.0,0.0,0.0,0.0,0.0,0.0,0.0,0.0,0.0,0.0,0.0,0.0,0.0,0.0,0.0,0.0,0.0,0.0,0.0,0.0,0.0,0.0,0.0,0.0,0.0,0.0,0.0,0.0,0.0,0.0,0.0,0.0,0.0,0.0,0.0,0.0,0.0,0.0,0.0,0.0,0.0,0.0,0.0,0.0,0.0,0.0,0.0,0.0,0.0,0.0,0.0,0.0,0.0,0.0,0.0,0.0,0.0,0.0,0.0,0.0,0.0,0.0,0.0,0.0,0.0,0.0,0.0,0.0,0.0,0.0,0.0,0.0,0.0,0.0,0.0,0.0,0.0,0.0,0.0,0.0,0.0,0.0,0.0,0.0,0.0,0.0,0.0,0.0,0.0,0.0,0.0,0.0,0.0,0.0,0.0,0.0,0.0,0.0,0.0,0.0,0.0,0.0,0.0,0.0,0.0,0.0,0.0,0.0,0.0,0.0,0.0,0.0,0.0,0.0,0.0,0.0,0.0,0.0,0.0,0.0,0.0,0.0,0.0,0.0,0.0,0.0,0.0,0.0,0.0,0.0,0.0,0.0,0.0,0.0,0.0,0.0,0.0,0.0,0.0,0.0,0.0,0.0,0.0,0.0,0.0,0.0,0.0,0.0,0.0,0.0,0.0,0.0,0.0,0.0,0.0,0.0,0.0,0.0,0.0,0.0,0.0,0.0,0.0,0.0,0.0,0.0,0.0,0.0,0.0,0.0,0.0,0.0,0.0,0.0,0.0,0.0,0.0,0.0,0.0,0.0,0.0,0.0,0.0,0.0,0.0,0.0,0.0,0.0,0.0,0.0,0.0,0.0,0.0,0.0,0.0,0.0,0.0,0.0,0.0,0.0,0.0,0.0,0.0,0.0,0.0,0.0,0.0,0.0,0.0,0.0,0.0,0.0,0.0,0.0,0.0,0.0,0.0,0.0,0.0,0.0,0.0,0.0,0.0,0.0,0.0,0.0,0.0,0.0,0.0,0.0,0.0,0.0,0.0,0.0,0.0,0.0,0.0,0.0,0.0,0.0,0.0,0.0,0.0,0.0,0.0,0.0,0.0,0.0,0.0,0.0,0.0,0.0,0.0,0.0,0.0,0.0,0.0,0.0,0.0,0.0,0.0,0.0,0.0,0.0,0.0,0.0,0.0,0.0,0.0,0.0,0.0,0.0,0.0,0.0,0.0,0.0,0.0,0.0,0.0,0.0,0.0,0.0,0.0,0.0,0.0,0.0,0.0,0.0,0.0,0.0,0.0,0.0,0.0,0.0,0.0,0.0,0.0,0.0,0.0,0.0,0.0,0.0,0.0,0.0,0.0,0.0,0.0,0.0,0.0,0.0,0.0,0.0,0.0,0.0,0.0,0.0,0.0,0.0,0.0,0.0,0.0,0.0,0.0,0.0,0.0,0.0,0.0,0.0,0.0,0.0,0.0,0.0,0.0,0.0,0.0,0.0,0.0,0.0,0.0,0.0,0.0,0.0,0.0,0.0,0.0,0.0,0.0,0.0,0.0,0.0,0.0,0.0,0.0,0.0,0.0,0.0,0.0,0.0,0.0,0.0,0.0,0.0,0.0,0.0,0.0,0.0,0.0,0.0,0.0,0.0,0.0,0.0,0.0,0.0,0.0,0.0,0.0,0.0,0.0,0.0,0.0,0.0,0.0,0.0,0.0,0.0,0.0,0.0,0.0,0.0,0.0,0.0,0.0,0.0,0.0,0.0,0.0,0.0,0.0,0.0,0.0,0.0,0.0,0.0,0.0,0.0,0.0,0.0,0.0,0.0,0.0,0.0,0.0,0.0,0.0,0.0,0.0,0.0,0.0,0.0,0.0,0.0,0.0,0.0,0.0,0.0,0.0,0.0,0.0,0.0,0.0,0.0,0.0,0.0,0.0,0.0,0.0,0.0,0.0,0.0,0.0,0.0,0.0,0.0,0.0,0.0,0.0,0.0,0.0,0.0,0.0,0.0,0.0,0.0,0.0,0.0,0.0,0.0,0.0,0.0,0.0,0.0,0.0,0.0,0.0,0.0,0.0,0.0,0.0,0.0,0.0,2.079514647502069e-06,4.036627777040191e-06,5.8759502696029935e-06,7.602923577645036e-06,9.22352880586649e-06,1.0744059711489003e-05,1.2170947402828366e-05,1.351062670970903e-05,1.476943600473177e-05,1.5953543749677277e-05,1.7068896276534398e-05,1.812118233470911e-05,1.9115810779518328e-05,2.0057898470388178e-05,2.0952266017158454e-05,2.1803439477316563e-05,2.2615656490995645e-05,2.3392875645554664e-05,2.413878811806518e-05,2.4856830844384398e-05,2.5550200630835907e-05,2.6221868754917717e-05,2.687459571008725e-05,2.7510945833420295e-05,2.8133301624178548e-05,2.8743877614286425e-05,2.9344733695158934e-05,2.9937787838222264e-05,3.052482817294365e-05,3.1107524405836964e-05,3.16874385799436e-05,3.226603518553805e-05,3.284469064083298e-05,3.342470216800963e-05,3.400729609591531e-05,3.4593635619299536e-05,3.5184828051132755e-05,3.578193160138455e-05,3.638596171832876e-05,3.699789702662346e-05,3.761868489647614e-05,3.824924667685364e-05,3.889048262482899e-05,3.954327656184472e-05,4.020850028667685e-05,4.088701777297739e-05,4.1579689179046456e-05,4.228737469585189e-05,4.3010938257880694e-05,4.37512511413891e-05,4.4509195473090294e-05,4.52856676712349e-05,4.6081581841847646e-05,4.689787315085005e-05,4.773550119330007e-05,4.859545338029436e-05,4.947874836493147e-05,5.038643952722336e-05,5.1319618539585e-05,5.227941903409471e-05,5.326702039358941e-05,5.4283651688344194e-05,5.533059578407821e-05,5.640919364330382e-05,5.7520848846878094e-05,5.866703236429198e-05,5.984928760022605e-05,6.106923574984115e-05,6.232858149529497e-05,6.362911908027038e-05,6.497273880250497e-05,6.636143396273048e-05,6.779730832324571e-05,6.928258411946415e-05,7.081961068518641e-05,7.241087374574518e-05,7.405900545668334e-05,7.576679524769999e-05,7.7537201562872e-05,7.937336458226314e-05,8.127862002643738e-05,8.325651415104908e-05,8.53108200559914e-05,8.744555544361398e-05,8.966500197839191e-05,9.197372641569567e-05,9.437660368881201e-05,9.687884216655171e-05,9.948601131566644e-05,0.00010220407203495233,0.00010503940996056884,0.00010799887207392001,0.00011108980699688522,0.00011432010939641978,0.00011769826898463141,0.0001212334246592538,0.00012493542440737896,0.00012881489167659589,0.00013288329901506323,0.00013715304989625176,0.00014163756977296838,0.00014635140755477259,0.0001513103488792293,0.00015653154274914704,0.00016203364334211248,0.00016783696908121565,0.00017396368136897596,0.00018043798577159777,0.00018728635888308267,0.00019453780461616498,0.00020222414428626898,0.00021038034558995875,0.00021904489641663406,0.00022826023048687182,0.0002380732129924791,0.00024853569589299083,0.0002597051542102345,0.00027164541679002723,0.00028442750740540954,0.00029813061511045304,0.00031284321629783597,0.000328664375238412,0.0003457052550622125,0.00036409087743700296,0.0003839621767474494,0.0004054784037762545,0.0004288199448884321,0.00045419163610301163,0.0004818266674401183,0.0005119911921682305,0.0005449897784672435,0.0005811718681067227,0.0006209394382987592,0.0006647560991065041,0.0007131578991749989,0.0007667661556340013,0.0008263026667890627,0.0008926077025560501,0.0009666611869388772,0.0010496074715562707,0.0011427840198709996,0.0012477541325134273,0.0013663434855008918,0.0015006795946842983,0.0016243356141242787,0.0017949117256180326,0.0019892248226974826,0.002210897148609163,0.0024639587114041457,0.002752788909952668,0.0030819925090417575,0.0034561891118384393,0.0038797010674989103,0.004356140139376505,0.00488792004919124,0.005475756473894571,0.006118247266644492,0.0068116370440996716,0.007549848041613217,0.008324803276389604,0.009126996493586118,0.009946204870521941,0.010772217578886302,0.01159546934344743,0.012407509430712201,0.013201283470322973,0.013971242663844136,0.014713316146108825,0.01542478883473348,0.016104123913737996,0.016750761240887934,0.017364914120756674,0.017947379039402498,0.01849936682734486,0.019022359290765487,0.019517992308959176,0.01998796437975825,0.020433968313327885,0.020857643029741416,0.021260542076761185,0.02164411545866641,0.022009701575749375,0.022358526442119,0.022691707805385996,0.023010262273879912,0.023315114017223543,0.023607104012983528,0.023886999149627563,0.024155500760492887,0.02441325235984244,0.024660846489617153,0.024898830676861237,0.02512771255610635,0.025347964240733076,0.02556002603885614,0.025764309609719302,0.025961200650338877,0.02615106119246305,0.026334231578953628,0.02651103217774844,0.026681764881446208,0.02684671443157553,0.027006149598950566,0.027160324245122578,0.027309478284719423,0.027453838564254148,0.02759361967000373,0.027729024672966934,0.027860245821876062,0.027987465186946905,0.02811085526101983,0.028230579521697656,0.028346792957813588,0.02845964256300331,0.02856926779878951,0.028675801029267627,0.028779367929269342,0.02888008786768498,0.02897807426749534,0.029073434943934853,0.02916627242211234,0.02925668423535445,0.029344763205412426,0.02943059770565249,0.0295142719082711,0.0295958660165076,0.029675456482780797,0.02975311621363469,0.029828914762300637,0.029902918509671268,0.02997519083438799,0.03004579227276494,0.030114780669154857,0.030182211317396932,0.030248137093887496,0.030312608582820838,0.03037567419408698,0.030437380274301453,0.030497771211392008,0.03055688953315999,0.030614776000188203,0.030671469693456223,0.030727008096989448,0.03078142717585895,0.030834761449814882,0.030887044062828474,0.030938306848792573,0.030988580393617036,0.03103789409394004,0.031086276212662065,0.031133753931483137,0.03118035340065467,0.031226099786064932,0.03127101731386102,0.0313151293127271,0.03135845825396705,0.03140102578951756,0.031442852788006424,0.03148395936898064,0.03152436493539613,0.03156408820447849,0.031603147237040316,0.03164155946534971,0.03167934171961649,0.031716510253193525,0.031753080766545455,0.031789068430062406,0.0318244879057839,0.03185935336807972,0.03189367852335987,0.03192747662885178,0.03196076051050182,0.03199354258005481,0.03202583485132967,0.0320576489557611,0.03208899615723272,0.03211988736623727,0.03215033315339954,0.0321803437624023,0.03220992912232616,0.03223909885945785,0.03226786230857483,0.032296228523740624,0.03232420628863114,0.03235180412641904,0.032379030309235945,0.032405892867228975,0.03243239959723991,0.0324585580711182,0.03248437564368425,0.03250985946036606,0.032535016464532766,0.032559853404492196,0.032584376840244476,0.03260859314993899,0.032632508536078395,0.03265612903147394,0.03267946050496139,0.0327025086668945,0.03272527907442031,0.03274777713654962,0.032770008119028166,0.03279197714902334,0.03281368921962752,0.03283514919418965,0.03285636181048484,0.0328773316847245,0.03289806331541544,0.03291856108707399,0.0329388292738087,0.032958872042759664,0.03297869345742154,0.03299829748083947,0.03301768797869016,0.03303686872225299,0.03305584339127288,0.033074615576720236,0.03309318878345555,0.03311156643279374,0.03312975186498726,0.03314774834161592,0.033165559047893096,0.03318318709489427,0.033200635521708995,0.033217907297520805,0.03323500532360907,0.03325193243529124,0.033268691403795035,0.03328528493806824,0.03330171568652914,0.033317986238757986,0.03333409912713127,0.03335005682841053,0.03336586176526063,0.03338151630773854,0.033397022774723464,0.033412383435303235,0.03342760051011393,0.03344267617264165,0.03345761255047809,0.03347241172653555,0.03348707574023153,0.03350160658862882,0.033516006227540786,0.03353027657260523,0.03354441950032357,0.033558436849067834,0.03357233042005714,0.033586101978305735,0.03359975325353841,0.03361328594108314,0.03362670170273444,0.03364000216759208,0.033653188932871524,0.03366626356469491,0.033679227598856006,0.03369208254156306,0.03370482987016234,0.03371747103383551,0.033730007454281896,0.033742440526378904,0.03375477161882326,0.03376700207475505,0.03377913321236353,0.03379116632547388,0.03380310268412194,0.03381494353510794,0.03382669010253785,0.0338383435883499,0.03384990517282074,0.03386137601507006,0.03387275725353817,0.03388405000645388,0.03389525537229893,0.03390637443024738,0.03391740824020928,0.03392835784443087,0.03393922426671853,0.03395000851323547,0.03396071157288744,0.03397133441770839,0.033981878003220674,0.03399234326879776,0.03400273113801237,0.03401304251897729,0.034023278304676136,0.03403343937328674,0.03404352658849612,0.03405354079980456,0.03406348284282892,0.03407335353958855,0.0340831536987937,0.034092884116122296,0.03410254557448108,0.034112138844282026,0.03412166468369078,0.034131123838877515,0.034140517044263505,0.03414984502275526,0.034159108485981464,0.03416830813451653,0.034177444658103545,0.03418651873586705,0.03419553103652709,0.0342044822186046,0.03421337293061893,0.03422220381128634,0.034230975489711275,0.03423968858557255,0.03424834370930557,0.034256941462279915,0.03426548243697464,0.03427396721714756,0.03428239637800113,0.03429077048634485,0.034299090100754735,0.03430735577172468,0.03431556804182287,0.03432372744583468,0.03433183451091146,0.03433988975671156,0.034347893695529375,0.034355846832443464,0.03436374966544322,0.03437160268555635,0.034379406376976784,0.034387161217187684,0.034394867677082365,0.03440252622108241,0.034410137307253105,0.03441770138741588,0.03442521890726176,0.03443269030645535,0.03444011601874365,0.03444749647205882,0.034454832088619734,0.034462123285031045,0.03446937047238088,0.03447657405633494,0.03448373443723115,0.03449085201016942,0.034497927165101784,0.03450496028691956,0.03451195175553809,0.03451890194598469,0.03452581122847378,0.034532679968490146,0.03453950852687629,0.034546297259894734,0.03455304651931325,0.03455975665247774,0.034566428002381654,0.03457306090774115,0.034579655703063955,0.034586212718713115,0.03459273228098243,0.03459921471215418,0.03460566033056836,0.03461206945068215,0.034618442383135384,0.034624779434806484,0.034631080908886676,0.03463734710491436,0.03464357831884743,0.034649774843118625,0.03465593696668799,0.03466206497509763,0.034668159150524964,0.034674219771832895,0.03468024711462401,0.03468624145128624,0.03469220305104831,0.034698132180019894,0.03470402910124584,0.034709894074748074,0.03471572735757334,0.03472152920383864,0.03472729986476917,0.03473303958875017,0.03473874862136366,0.034744427205430924,0.034750075581053315,0.034755693985653396,0.034761282654010836,0.03476684181830536,0.03477237170815176,0.03477787255063988,0.03478334457036326,0.03478878798946703,0.03479420302767513,0.0347995899023252,0.034804948828405936,0.03481028001858803,0.0348155836832577,0.03482086003054948,0.034826109266375575,0.034831331594461154,0.034836527216369394,0.0348416963315396,0.0348468391373071,0.03485195582894011,0.034857046599663356,0.03486211164068885,0.034867151141242586,0.034872165288591904,0.034877154268071406,0.03488211826311049,0.03488705745525732,0.034891972024207435,0.03489686214782454,0.03490172800216723,0.03490656976151333,0.034911387598382984,0.03491618168356199,0.034920952186125016,0.03492569927345798,0.03493042311128043,0.03493512386366782,0.03493980169306887,0.03494445676033442,0.034949089224732485,0.034953699243970265,0.034958286974214305,0.034962852570110295,0.034967396184801804,0.03497191796995095,0.03497641807575642,0.03498089665097204,0.03498535384292452,0.03498978979753375,0.03499420465932773,0.03499859857146019,0.03500297167573085,0.03500732411259885,0.03501165602120081,0.03501596753936745,0.0350202588036394,0.035024529949283,0.03502878111030641,0.035033012419474256,0.03503722400832355,0.03504141600717801,0.03504558854516307,0.03504974175022103,0.03505387574912233,0.035057990667487195,0.03506208662978972,0.0350661637593767,0.03507022217848135,0.03507426200823534,0.035078283368683356,0.03508228637879152,0.03508627115646624,0.03509023781856372,0.03509418648090217,0.035098117258271284,0.03510203026444996,0.03510592561221442,0.03510980341334986,0.035113663778662846,0.03511750681799327,0.03512133264022266,0.03512514135328792,0.03512893306419062,0.035132707879008726,0.0351364659029064,0.03514020724014415,0.03514393199409003,0.03514764026722704,0.03515133216116725,0.03515500777665818,0.03515866721359399,0.03516231057102404,0.035165937947163835,0.0351695494394028,0.035173145144312336,0.03517672515765842,0.035180289574407705,0.035183838488736484,0.03518737199403842,0.03519089018293811,0.03519439314729285,0.035197880978204484,0.035201353766027045,0.03520481160037498,0.03520825457013023,0.035211682763450866,0.035215096267778315,0.03521849516984618,0.0352218795556855,0.03522524951063547,0.035228605119347514,0.03523194646579371,0.03523527363327502,0.0352385867044265,0.03524188576122602,0.03524517088499995,0.035248442156430145,0.035251699655561436,0.03525494346180689,0.035258173653955525,0.03526139031017712,0.03526459350803415,0.03526778332447452,0.035270959835854945,0.03527412311793633,0.03527727324589243,0.03528041029431578,0.03528353433722332,0.03528664544806365,0.035289743699720114,0.03529282916451881,0.0352959019142331,0.03529896202008916,0.03530200955277183,0.03530504458243003,0.03530806717868159,0.03531107741061837,0.03531407534681233,0.03531706105532012,0.03532003460368801,0.03532299605895692,0.03532594548766802,0.03532888295586676,0.035331808529108596,0.035334722272461636,0.03533762425051333,0.03534051452737551,0.03534339316668741,0.03534626023162227,0.035349115784888495,0.03535195988873897,0.03535479260496675,0.035357613994920635,0.035360424119502396,0.03536322303917179,0.03536601081395228,0.03536878750343269,0.03537155316677694,0.0353743078627195,0.03537705164957635,0.035379784585245946,0.03538250672721365,0.035385218132555164,0.03538791885794144,0.03539060895964162,0.03539328849352612,0.03539595751507234,0.03539861607936546,0.03540126424110406,0.0354039020546035,0.035406529573798994,0.035409146852248774,0.03541175394313924,0.03541435089928375,0.035416937773132366,0.03541951461676931,0.03542208148192185,0.03542463841995893,0.03542718548189578,0.035429722718397595,0.03543225017978504,0.03543476791602728,0.03543727597675867,0.03543977441127566,0.03544226326853719,0.03544474259717091,0.03544721244547522,0.03544967286142449,0.03545212389266363,0.03545456558652277,0.035456997990012354,0.03545942114982777,0.03546183511235119,0.035464239923657354,0.03546663562951252,0.03546902227537866,0.03547139990641631,0.03547376856748797,0.03547612830315816,0.035478479157697994,0.03548082117508711,0.03548315439901915,0.03548547887289298,0.0354877946398314,0.035490101742673946,0.035492400223977746,0.03549469012602522,0.0354969714908268,0.03549924436011558,0.03550150877535713,0.035503764777749275,0.03550601240822429,0.035508251707450374,0.0355104827158357,0.035512705473529034,0.03551492002042169,0.03551712639615096,0.035519324640101525,0.03552151479140712,0.035523696888953384,0.035525870971379825,0.035528037077079945,0.03553019524420678,0.035532345510672074,0.03553448791414936,0.03553662249207406,0.03553874928164917,0.03554086831984394,0.03554297964339635,0.03554508328881547,0.03554717929238463,0.03554926769015961,0.03555134851797333,0.035553421811438925,0.035555487605947476,0.035557545936669224,0.03555959683856245,0.03556164034636904,0.03556367649461741,0.035565705317624714,0.03556772684949843,0.035569741124137806,0.03557174817523512,0.03557374803627828,0.03557574074055141,0.03557772632113809,0.035579704810920355,0.03558167624258337,0.035583640648612566,0.03558559806129996,0.03558754851274156,0.035589492034845474,0.0355914286593246,0.03559335841770147,0.03559528134131305,0.03559719746130977,0.03559910680865436,0.035601009414127915,0.0356029053083281,0.035604794521672166,0.035606677084397104,0.03560855302656159,0.03561042237804753,0.035612285168561006,0.03561414142763385,0.03561599118462559,0.035617834468721805,0.03561967130894011,0.035621501734127335,0.035623325772964086,0.03562514345396163,0.03562695480546738,0.035628759855665826,0.035630558632576394,0.03563235116405783,0.03563413747780796,0.03563591760136483,0.0356376915621087,0.03563945938726265,0.035641221103894054,0.03564297673891489,0.03564472631908395,0.035646469871007475,0.035648207421139916,0.03564993899578572,0.035651664621100504,0.03565338432309003,0.035655098127614714,0.035656806060388437,0.03565850814698033,0.03566020441281391,0.035661894883171605,0.03566357958319386,0.03566525853787933,0.03566693177208715,0.0356685993105378,0.03567026117781359,0.035671917398360065,0.035673567996485744,0.03567521299636698,0.03567685242204199,0.03567848629742069,0.03568011464627705,0.035681737492255,0.03568335485886824,0.035684966769500844,0.035686573247409044,0.03568817431572021,0.03568976999743601,0.03569136031543283,0.03569294529245978,0.035694524951143974,0.035696099313988684,0.035697668403374544,0.03569923224156209,0.03570079085068829,0.03570234425277263,0.035703892469714574,0.03570543552329578,0.03570697343517997,0.03570850622691451,0.03571003391993084,0.035711556535545495,0.035713074094960676,0.03571458661926483,0.035716094129434287,0.03571759664633245,0.035719094190712626,0.035720586783216345,0.035722074444376785,0.03572355719461716,0.03572503505425298,0.035726508043491985,0.03572797618243508,0.035729439491077146,0.03573089798930755,0.035732351696911226,0.03573380063356926,0.035735244818858404,0.03573668427225549,0.03573811901313027,0.03573954906075595,0.0357409744343035,0.035742395152844664,0.035743811235351364,0.03574522270069955,0.03574662956765579,0.03574803185490293,0.03574942958102054,0.03575082276449669,0.035752211423719364,0.035753595576980324,0.03575497524248601,0.03575635043834037,0.03575772118255727,0.03575908749305786,0.03576044938767241,0.0357618068841405,0.03576316000010676,0.035764508753130704,0.03576585316068059,0.03576719324013581,0.03576852900878721,0.035769860483838095,0.03577118768240419,0.03577251062151568,0.03577382931811557,0.035775143789061256,0.03577645405112564,0.03577776012099684,0.03577906201527936,0.03578035975049406,0.03578165334307885,0.03578294280938903,0.03578422816569882,0.03578550942820049,0.035786786613005495,0.03578805973614501,0.03578932881357031,0.035790593861154255,0.03579185489468965,0.03579311192989145,0.03579436498239672,0.0357956140677651,0.03579685920147813,0.035798100398944425,0.03579933767549384,0.035800571046381395,0.03580180052678591,0.03580302613181349,0.03580424787649554,0.035805465775788435,0.0358066798445786,0.03580789009767703,0.03580909654982236,0.03581029921568252,0.0358114981098544,0.035812693246862384,0.035813884641161926,0.035815072307134724,0.03581625625909869,0.035817436511298574,0.03581861307790982,0.03581978597304103,0.035820955210732794,0.035822120804956815,0.03582328276961827,0.03582444111855618,0.03582559586554228,0.035826747024282436,0.03582789460841697,0.03582903863152113,0.03583017910710484,0.03583131604861304,0.03583244946942934,0.035833579382870746,0.03583470580219215,0.03583582874058493,0.03583694821117813,0.03583806422703865,0.0358391768011716,0.03584028594652063,0.035841391675968164,0.03584249400233617,0.03584359293838672,0.0358446884968187,0.03584578069027484,0.03584686953133699,0.0358479550325292,0.035849037206315465,0.035850116065102106,0.03585119162123732,0.035852263887011675,0.03585333287465852,0.03585439859635376,0.035855461064216415,0.03585652029031184,0.035857576286645765,0.03585862906516999,0.035859678637780404,0.03586072501631918,0.035861768212572184,0.03586280823827184,0.0358638451050958,0.03586487882466832,0.035865909408560166,0.035866936868288304,0.035867961215318316,0.035868982461061724,0.03587000061687885,0.03587101569407667,0.035872027703911596,0.03587303665758869,0.03587404256626106,0.03587504544103006,0.035876045292950895,0.03587704213302441,0.03587803597220231,0.03587902682138716,0.03588001469143162,0.035880999593139624,0.035881981537266336,0.03588296053451779,0.03588393659555287,0.035884909730980345,0.03588587995136314,0.035886847267216145,0.035887811689006746,0.03588877322715518,0.035889731892035454,0.035890687693974486,0.03589164064325392,0.03589259075010918,0.035893538024728805,0.03589448247725778,0.035895424117793374,0.03589636295639081,0.035897299003057846,0.03589823226776142,0.03589916276042016,0.03590009049091144,0.0359010154690677,0.03590193770467778,0.035902857207490195,0.035903773987204145,0.035904688053481223,0.03590559941593958,0.035906508084154194,0.03590741406765855,0.035908317375943584,0.035909218018458804,0.03591011600461465,0.035911011343774626,0.03591190404526681,0.035912794118374794,0.035913681572346264,0.03591456641638432,0.035915448659653335,0.035916328311277675,0.03591720538034232,0.03591807987589282,0.03591895180693461,0.03591982118243534,0.03592068801132318,0.03592155230248771,0.035922414064775976,0.03592327330700851,0.03592413003795661,0.03592498426635748,0.035925836000910503,0.03592668525027762,0.035927532023083984,0.0359283763279173,0.035929218173328135,0.03593005756783178,0.03593089451990552,0.03593172903799098,0.03593256113049502,0.0359333908057854,0.03593339080580932,0.03593339080581864,0.03593339080582217,0.03593339080582349,0.035933390805823986,0.035933390805824174,0.03593339080582424,0.035933390805824264,0.03593339080582428,0.03593339080582429,0.035933390805824285,0.035933390805824285,0.0359333908058243,0.035933390805824306,0.0359333908058243,0.0359333908058243,0.03593339080582431,0.035933390805824306,0.0359333908058243,0.03593339080582429,0.0359333908058243,0.035933390805824306,0.0359333908058243,0.0359333908058243,0.0359333908058243,0.03593339080582429,0.0359333908058243,0.0359333908058243,0.0359333908058243,0.0359333908058243,0.035933390805824264,0.03593339080582427,0.035933390805824264,0.03593339080582428,0.03593339080582429,0.035933390805824285,0.035933390805824285,0.03593339080582431,0.03593339080582434,0.03593339080582433,0.03593339080582435,0.03593339080582435,0.03593339080582435,0.03593339080582435,0.035933390805824354,0.03593339080582434,0.03593339080582434,0.03593339080582435,0.03593339080582434,0.03593339080582435,0.03593339080582434,0.03593339080582433,0.03593339080582433,0.03593339080582434,0.03593339080582433,0.03593339080582435,0.03593339080582434,0.03593339080582435,0.03593339080582434,0.03593339080582435,0.03593339080582435,0.03593339080582435,0.03593339080582434,0.03593339080582435,0.03593339080582435,0.03593339080582435,0.03593339080582434,0.03593339080582435,0.03593339080582434,0.03593339080582435,0.035933390805824326,0.03593339080582434,0.035933390805824326,0.035933390805824326,0.03593339080582431,0.03593339080582433,0.03593339080582432,0.03593339080582432,0.03593339080582432,0.035933390805824306,0.03593339080582432,0.03593339080582431,0.03593339080582432,0.03593339080582431,0.035933390805824326,0.03593339080582431,0.035933390805824306,0.03593339080582431,0.03593339080582431,0.035933390805824326,0.035933390805824326,0.03593339080582432,0.03593339080582431,0.03593339080582432,0.03593339080582431,0.035933390805824326,0.03593339080582431,0.03593339080582431,0.03593339080582432,0.03593339080582432,0.03593339080582431,0.035933390805824326,0.03593339080582431,0.035933390805824326,0.035933390805824306,0.03593339080582432,0.03593339080582431,0.03593339080582432,0.03593339080582431,0.03593339080582432,0.03593339080582431,0.035933390805824306,0.03593339080582432,0.03593339080582431,0.03593339080582432,0.035933390805824306,0.03593339080582432,0.03593339080582431,0.03593339080582432,0.03593339080582432,0.03593339080582432,0.03593339080582431,0.03593339080582432,0.03593339080582432,0.035933390805824326,0.03593339080582432,0.035933390805824326,0.03593339080582432,0.03593339080582433,0.03593339080582431,0.03593339080582432,0.03593339080582432,0.03593339080582435,0.03593339080582435,0.03593339080582435,0.03593339080582435,0.03593339080582434,0.03593339080582433,0.035933390805824326,0.03593339080582434,0.03593339080582433,0.03593339080582433,0.03593339080582433,0.03593339080582434,0.03593339080582433,0.03593339080582435,0.03593339080582434,0.035933390805824354,0.035933390805824326,0.035933390805824354,0.03593339080582435,0.03593339080582435,0.03593339080582435,0.03593339080582434,0.03593339080582434,0.03593339080582435,0.03593339080582434,0.03593339080582434,0.03593339080582435,0.03593339080582435,0.035933390805824354,0.03593339080582434,0.035933390805824354,0.035933390805824354,0.035933390805824354,0.03593339080582434,0.03593339080582435,0.03593339080582435,0.03593339080582435,0.03593339080582433,0.03593339080582433,0.03593339080582434,0.03593339080582433,0.03593339080582433,0.03593339080582433,0.03593339080582434,0.03593339080582435,0.03593339080582434,0.03593339080582435,0.03593339080582434,0.03593339080582434,0.03593339080582434,0.03593339080582433,0.03593339080582434,0.03593339080582433,0.03593339080582433,0.03593339080582433,0.03593339080582434,0.03593339080582433,0.03593339080582434,0.035933390805824326,0.03593339080582434,0.03593339080582434,0.03593339080582435,0.03593339080582434,0.03593339080582435,0.03593339080582434,0.03593339080582435,0.03593339080582435,0.03593339080582435,0.03593339080582435,0.035933390805824354,0.03593339080582435,0.03593339080582435,0.03593339080582435,0.03593339080582435,0.03593339080582435,0.03593339080582433,0.03593339080582434,0.03593339080582434,0.03593339080582434,0.03593339080582433,0.03593339080582434,0.03593339080582433,0.03593339080582434,0.03593339080582435,0.03593339080582435,0.03593339080582433,0.03593339080582434,0.03593339080582434,0.03593339080582435,0.03593339080582434,0.03593339080582434,0.03593339080582433,0.03593339080582434,0.03593339080582433,0.03593339080582434,0.03593339080582433,0.035933390805824326,0.03593339080582433,0.03593339080582435,0.03593339080582434,0.03593339080582433,0.03593339080582434,0.03593339080582432,0.035933390805824326,0.03593339080582432,0.035933390805824326,0.03593339080582432,0.035933390805824326,0.03593339080582432,0.035933390805824326,0.035933390805824326,0.035933390805824326,0.035933390805824326,0.035933390805824326,0.035933390805824326,0.035933390805824326,0.03593339080582433,0.035933390805824326,0.03593339080582432,0.035933390805824326,0.03593339080582432,0.03593339080582432,0.03593339080582431,0.03593339080582431,0.035933390805824306,0.0359333908058243,0.035933390805824306,0.0359333908058243,0.03593339080582431,0.0359333908058243,0.03593339080582432,0.03593339080582431,0.03593339080582432,0.03593339080582432,0.035933390805824306,0.03593339080582432,0.03593339080582432,0.03593339080582431,0.03593339080582431,0.03593339080582431,0.035933390805824326,0.035933390805824326,0.03593339080582432,0.03593339080582432,0.03593339080582432,0.035933390805824326,0.035933390805824326,0.03593339080582432,0.03593339080582432,0.03593339080582431,0.03593339080582432,0.03593339080582431,0.03593339080582432,0.03593339080582431,0.03593339080582431,0.03593339080582432,0.03593339080582431,0.03593339080582432,0.03593339080582432,0.03593339080582432,0.03593339080582431,0.035933390805824326,0.03593339080582431,0.035933390805824326,0.03593339080582431,0.03593339080582431,0.03593339080582431,0.03593339080582432,0.03593339080582431,0.03593339080582431,0.03593339080582432,0.03593339080582432,0.03593339080582432,0.03593339080582432,0.035933390805824326,0.035933390805824326,0.03593339080582432,0.03593339080582431,0.035933390805824326,0.03593339080582431,0.035933390805824326,0.03593339080582432,0.035933390805824326,0.03593339080582433,0.03593339080582432,0.03593339080582432,0.035933390805824306,0.03593339080582432,0.035933390805824326,0.03593339080582432,0.03593339080582431,0.03593339080582432,0.03593339080582431,0.03593339080582432,0.03593339080582432,0.03593339080582433,0.03593339080582431,0.035933390805824326,0.03593339080582432,0.035933390805824326,0.03593339080582432,0.03593339080582432,0.03593339080582432,0.03593339080582432,0.03593339080582431,0.03593339080582431,0.03593339080582431,0.035933390805824306,0.03593339080582431,0.03593339080582431,0.03593339080582431,0.03593339080582431,0.03593339080582432,0.03593339080582432,0.03593339080582432,0.03593339080582431,0.03593339080582432,0.03593339080582432,0.035933390805824326,0.03593339080582432,0.035933390805824326,0.03593339080582432,0.035933390805824326,0.03593339080582432,0.035933390805824326,0.03593339080582432,0.03593339080582433,0.03593339080582432,0.03593339080582432,0.03593339080582432,0.03593339080582432,0.035933390805824306,0.03593339080582432,0.035933390805824326,0.03593339080582431,0.03593339080582432,0.03593339080582431,0.035933390805824326,0.035933390805824326,0.035933390805824326,0.03593339080582432,0.03593339080582432,0.03593339080582432,0.03593339080582432,0.03593339080582431,0.03593339080582432,0.03593339080582432,0.03593339080582432,0.03593339080582432,0.035933390805824326,0.03593339080582431,0.03593339080582432,0.03593339080582432,0.035933390805824326,0.035933390805824326,0.03593339080582432,0.03593339080582432,0.03593339080582432,0.03593339080582432,0.03593339080582431,0.03593339080582431,0.035933390805824306,0.03593339080582432,0.03593339080582432,0.03593339080582431,0.03593339080582432,0.03593339080582431,0.03593339080582432,0.03593339080582431,0.03593339080582432,0.035933390805824326,0.03593339080582431,0.03593339080582432,0.03593339080582432,0.03593339080582434,0.03593339080582432,0.035933390805824326,0.035933390805824326,0.03593339080582432,0.035933390805824326,0.035933390805824326,0.03593339080582431,0.035933390805824326,0.03593339080582432,0.035933390805824306,0.03593339080582432,0.035933390805824306,0.03593339080582431,0.035933390805824306,0.03593339080582432,0.03593339080582431,0.03593339080582431,0.03593339080582431,0.035933390805824326,0.03593339080582431,0.035933390805824326,0.03593339080582432,0.035933390805824326,0.03593339080582432,0.03593339080582432,0.03593339080582432,0.03593339080582432,0.03593339080582432,0.03593339080582432,0.03593339080582431,0.03593339080582431,0.03593339080582432,0.03593339080582431,0.03593339080582432,0.035933390805824326,0.03593339080582432,0.035933390805824326,0.03593339080582432,0.03593339080582431,0.035933390805824326,0.03593339080582433,0.03593339080582432,0.03593339080582431,0.03593339080582432,0.03593339080582432,0.03593339080582432,0.035933390805824326,0.035933390805824326,0.03593339080582431,0.03593339080582432,0.03593339080582431,0.035933390805824326,0.03593339080582432,0.035933390805824326,0.03593339080582432,0.03593339080582432,0.03593339080582432,0.03593339080582432,0.03593339080582432,0.03593339080582432,0.03593339080582431,0.035933390805824306,0.03593339080582431,0.03593339080582431,0.035933390805824326,0.03593339080582432,0.035933390805824326,0.03593339080582432,0.03593339080582432,0.03593339080582432,0.035933390805824326,0.03593339080582432,0.03593339080582432,0.03593339080582431,0.03593339080582431,0.03593339080582432,0.03593339080582432,0.03593339080582432,0.03593339080582432,0.035933390805824326,0.035933390805824326,0.03593339080582432,0.03593339080582432,0.03593339080582431,0.03593339080582431,0.03593339080582432,0.03593339080582431,0.03593339080582431,0.03593339080582431,0.03593339080582432,0.03593339080582432,0.03593339080582432,0.03593339080582432,0.03593339080582431,0.03593339080582432,0.03593339080582432,0.035933390805824326,0.03593339080582431,0.03593339080582431,0.03593339080582432,0.03593339080582431,0.035933390805824326,0.03593339080582431,0.03593339080582432,0.03593339080582431,0.03593339080582432,0.03593339080582431,0.035933390805824326,0.03593339080582432,0.035933390805824306,0.03593339080582432,0.03593339080582431,0.03593339080582431,0.03593339080582431,0.03593339080582432,0.035933390805824326,0.03593339080582431,0.035933390805824326,0.03593339080582432,0.03593339080582431,0.03593339080582432,0.03593339080582433,0.035933390805824326,0.03593339080582431,0.03593339080582431,0.03593339080582431,0.03593339080582432,0.03593339080582431,0.035933390805824306,0.03593339080582431,0.035933390805824306,0.03593339080582431,0.03593339080582431,0.03593339080582432,0.03593339080582432,0.03593339080582432,0.03593339080582432,0.03593339080582432,0.03593339080582432,0.03593339080582432,0.03593339080582432,0.03593339080582431,0.03593339080582431,0.035933390805824326,0.035933390805824326,0.035933390805824326,0.03593339080582432,0.03593339080582431,0.03593339080582432,0.03593339080582432,0.03593339080582432,0.03593339080582432,0.035933390805824326,0.035933390805824326,0.03593339080582432,0.03593339080582431,0.03593339080582431,0.03593339080582432,0.03593339080582431,0.03593339080582432,0.035933390805824306,0.03593339080582431,0.03593339080582431,0.03593339080582432,0.03593339080582432,0.035933390805824326,0.03593339080582431,0.035933390805824326,0.03593339080582432,0.035933390805824326,0.03593339080582432,0.03593339080582433,0.03593339080582432,0.03593339080582432,0.03593339080582432,0.03593339080582432,0.03593339080582432,0.03593339080582432,0.03593339080582432,0.035933390805824306,0.03593339080582431,0.03593339080582431,0.03593339080582432,0.03593339080582431,0.03593339080582432,0.03593339080582432,0.03593339080582432,0.03593339080582431,0.03593339080582432,0.03593339080582432,0.03593339080582432,0.03593339080582431,0.03593339080582432,0.03593339080582431,0.03593339080582431,0.03593339080582431,0.035933390805824326,0.03593339080582431,0.03593339080582432,0.03593339080582431,0.03593339080582432,0.03593339080582432,0.03593339080582431,0.03593339080582432,0.03593339080582432,0.035933390805824326,0.03593339080582432,0.03593339080582432,0.03593339080582431,0.035933390805824326,0.03593339080582431,0.035933390805824326,0.03593339080582432,0.035933390805824326,0.03593339080582432,0.03593339080582434,0.03593339080582432,0.03593339080582433,0.03593339080582432,0.035933390805824326,0.035933390805824326,0.035933390805824326,0.03593339080582431,0.03593339080582431,0.03593339080582432,0.035933390805824306,0.03593339080582432,0.03593339080582431,0.035933390805824326,0.03593339080582431,0.03593339080582432,0.03593339080582432,0.03593339080582431,0.035933390805824285,0.035933390805824306,0.035933390805824306,0.03593339080582431,0.035933390805824306,0.03593339080582432,0.0359333908058243,0.0359333908058243,0.0359333908058243,0.035933390805824285,0.03593339080582429,0.0359333908058243,0.03593339080582429,0.03593339080582429,0.0359333908058243,0.03593339080582429,0.0359333908058243,0.035933390805824306,0.03593339080582429,0.0359333908058243,0.0359333908058243,0.03593339080582429,0.035933390805824306,0.0359333908058243,0.035933390805824306,0.0359333908058243,0.0359333908058243,0.035933390805824306,0.035933390805824306,0.0359333908058243,0.035933390805824306,0.0359333908058243,0.0359333908058243,0.0359333908058243,0.0359333908058243,0.0359333908058243,0.0359333908058243,0.035933390805824285,0.035933390805824285,0.035933390805824285,0.03593339080582428,0.035933390805824285,0.0359333908058243,0.035933390805824285,0.035933390805824285,0.035933390805824285,0.035933390805824285,0.03593339080582429,0.035933390805824285,0.03593339080582429,0.035933390805824285,0.0359333908058243,0.03593339080582429,0.035933390805824306,0.03593339080582429,0.035933390805824306,0.0359333908058243,0.035933390805824306,0.035933390805824306,0.035933390805824306,0.035933390805824306,0.035933390805824306,0.035933390805824306,0.035933390805824306,0.0359333908058243,0.0359333908058243,0.035933390805824306,0.035933390805824306,0.0359333908058243,0.035933390805824306,0.03593339080582429,0.035933390805824306,0.0359333908058243,0.03593339080582429,0.0359333908058243,0.0359333908058243,0.035933390805824306,0.03593339080582429,0.03593339080582429,0.035933390805824306,0.0359333908058243,0.0359333908058243,0.0359333908058243,0.03593339080582429,0.0359333908058243,0.0359333908058243,0.0359333908058243,0.035933390805824285,0.0359333908058243,0.0359333908058243,0.035933390805824306,0.0359333908058243,0.035933390805824306,0.035933390805824306,0.03593339080582431,0.0359333908058243,0.03593339080582431,0.035933390805824306,0.035933390805824306,0.0359333908058243,0.035933390805824306,0.035933390805824306,0.035933390805824306,0.03593339080582431,0.0359333908058243,0.03593339080582429,0.03593339080582429,0.0359333908058243,0.0359333908058243,0.035933390805824306,0.03593339080582429,0.035933390805824306,0.0359333908058243,0.035933390805824306,0.035933390805824306,0.0359333908058243,0.035933390805824306,0.03593339080582429,0.03593339080582429,0.035933390805824285,0.03593339080582428,0.035933390805824285,0.03593339080582429,0.035933390805824306,0.0359333908058243,0.035933390805824306,0.0359333908058243,0.0359333908058243,0.0359333908058243,0.035933390805824306,0.0359333908058243,0.0359333908058243,0.035933390805824285,0.035933390805824306,0.0359333908058243,0.035933390805824306,0.0359333908058243,0.03593339080582429,0.0359333908058243,0.0359333908058243,0.0359333908058243,0.03593339080582427,0.035933390805824306,0.035933390805824306,0.035933390805824306,0.0359333908058243,0.0359333908058243,0.0359333908058243,0.0359333908058243,0.035933390805824306,0.0359333908058243,0.0359333908058243,0.0359333908058243,0.0359333908058243,0.03593339080582429,0.03593339080582429,0.0359333908058243,0.03593339080582429,0.035933390805824306,0.0359333908058243,0.03593339080582429,0.0359333908058243,0.035933390805824285,0.0359333908058243,0.03593339080582429,0.03593339080582429,0.03593339080582429,0.03593339080582429,0.035933390805824285,0.035933390805824285,0.035933390805824285,0.035933390805824285,0.0359333908058243,0.03593339080582429,0.0359333908058243,0.0359333908058243,0.0359333908058243,0.0359333908058243,0.035933390805824306,0.035933390805824306,0.0359333908058243,0.0359333908058243,0.0359333908058243,0.035933390805824306,0.0359333908058243,0.0359333908058243,0.0359333908058243,0.035933390805824285,0.03593339080582429,0.035933390805824306,0.0359333908058243,0.0359333908058243,0.0359333908058243,0.0359333908058243,0.0359333908058243,0.03593339080582429,0.0359333908058243,0.03593339080582431,0.0359333908058243,0.035933390805824306,0.035933390805824306,0.0359333908058243,0.0359333908058243,0.0359333908058243,0.0359333908058243,0.0359333908058243,0.03593339080582429,0.03593339080582429,0.035933390805824285,0.03593339080582428,0.0359333908058243,0.03593339080582429,0.03593339080582429,0.03593339080582429,0.0359333908058243,0.03593339080582429,0.0359333908058243,0.03593339080582429,0.0359333908058243,0.0359333908058243,0.03593339080582429,0.03593339080582429,0.035933390805824285,0.0359333908058243,0.03593339080582429,0.035933390805824306,0.035933390805824285,0.03593339080582429,0.03593339080582429,0.0359333908058243,0.03593339080582429,0.0359333908058243,0.0359333908058243,0.0359333908058243,0.03593339080582429,0.0359333908058243,0.0359333908058243,0.0359333908058243,0.0359333908058243,0.035933390805824306,0.0359333908058243,0.0359333908058243,0.03593339080582429,0.0359333908058243,0.0359333908058243,0.035933390805824306,0.03593339080582429,0.0359333908058243,0.03593339080582429,0.0359333908058243,0.0359333908058243,0.035933390805824285,0.03593339080582429,0.0359333908058243,0.035933390805824285,0.03593339080582428,0.035933390805824285,0.03593339080582429,0.03593339080582429,0.035933390805824285,0.03593339080582429,0.03593339080582429,0.0359333908058243,0.0359333908058243,0.0359333908058243,0.035933390805824306,0.0359333908058243,0.03593339080582429,0.0359333908058243,0.03593339080582429,0.03593339080582432,0.0359333908058243,0.0359333908058243,0.0359333908058243,0.0359333908058243,0.035933390805824306,0.035933390805824306,0.035933390805824306,0.035933390805824306,0.03593339080582429,0.0359333908058243,0.035933390805824306,0.035933390805824306,0.0359333908058243,0.0359333908058243,0.0359333908058243,0.03593339080582431,0.0359333908058243,0.0359333908058243,0.0359333908058243,0.0359333908058243,0.03593339080582429,0.03593339080582429,0.0359333908058243,0.03593339080582429,0.0359333908058243,0.0359333908058243,0.0359333908058243,0.0359333908058243,0.035933390805824306,0.0359333908058243,0.0359333908058243,0.0359333908058243,0.035933390805824306,0.0359333908058243,0.035933390805824306,0.035933390805824306,0.035933390805824306,0.0359333908058243,0.035933390805824306,0.0359333908058243,0.035933390805824306,0.03593339080582429,0.0359333908058243,0.0359333908058243,0.035933390805824306,0.035933390805824306,0.035933390805824306,0.035933390805824306,0.0359333908058243,0.0359333908058243,0.035933390805824285,0.0359333908058243,0.0359333908058243,0.0359333908058243,0.03593339080582431,0.0359333908058243,0.03593339080582429,0.0359333908058243,0.03593339080582429,0.035933390805824306,0.0359333908058243,0.03593339080582429,0.0359333908058243,0.035933390805824306,0.0359333908058243,0.0359333908058243,0.0359333908058243,0.0359333908058243,0.03593339080582429,0.0359333908058243,0.03593339080582429,0.03593339080582429,0.0359333908058243,0.035933390805824306,0.035933390805824306,0.035933390805824306,0.03593339080582429,0.03593339080582429,0.035933390805824285,0.035933390805824306,0.0359333908058243,0.03593339080582429,0.0359333908058243,0.035933390805824306,0.0359333908058243,0.0359333908058243,0.035933390805824306,0.03593339080582429,0.0359333908058243,0.0359333908058243,0.0359333908058243,0.03593339080582431,0.03593339080582431,0.03593339080582431,0.035933390805824326,0.03593339080582432,0.03593339080582431,0.03593339080582431,0.03593339080582431,0.03593339080582431,0.03593339080582431,0.03593339080582431,0.03593339080582431,0.03593339080582432,0.035933390805824306,0.0359333908058243,0.0359333908058243,0.0359333908058243,0.035933390805824306,0.0359333908058243,0.03593339080582431,0.03593339080582431,0.035933390805824306,0.035933390805824306,0.0359333908058243,0.03593339080582429,0.03593339080582429,0.0359333908058243,0.0359333908058243,0.035933390805824285,0.03593339080582429,0.0359333908058243,0.0359333908058243,0.0359333908058243,0.03593339080582429,0.03593339080582429,0.0359333908058243,0.0359333908058243,0.0359333908058243,0.035933390805824306,0.035933390805824306,0.035933390805824306,0.0359333908058243,0.0359333908058243,0.0359333908058243,0.035933390805824285,0.03593339080582429,0.0359333908058243,0.0359333908058243,0.035933390805824306,0.03593339080582431,0.035933390805824306,0.03593339080582429,0.035933390805824306,0.035933390805824306,0.035933390805824306,0.0359333908058243,0.0359333908058243,0.035933390805824306,0.03593339080582431,0.035933390805824306,0.035933390805824306,0.035933390805824306,0.0359333908058243,0.0359333908058243,0.0359333908058243,0.03593339080582429,0.03593339080582429,0.0359333908058243,0.0359333908058243,0.0359333908058243,0.035933390805824306,0.035933390805824306,0.0359333908058243,0.035933390805824306,0.0359333908058243,0.0359333908058243,0.03593339080582429,0.0359333908058243,0.0359333908058243,0.035933390805824306,0.0359333908058243,0.035933390805824306,0.03593339080582429,0.035933390805824306,0.035933390805824306,0.03593339080582432,0.035933390805824306,0.0359333908058243,0.035933390805824306,0.035933390805824306,0.035933390805824306,0.03593339080582429,0.0359333908058243,0.0359333908058243,0.0359333908058243,0.0359333908058243,0.0359333908058243,0.0359333908058243,0.0359333908058243,0.0359333908058243,0.035933390805824306,0.0359333908058243,0.0359333908058243,0.0359333908058243,0.0359333908058243,0.0359333908058243,0.0359333908058243,0.0359333908058243,0.0359333908058243,0.03593339080582429,0.0359333908058243,0.0359333908058243,0.0359333908058243,0.0359333908058243,0.0359333908058243,0.0359333908058243,0.035933390805824306,0.035933390805824306,0.035933390805824306,0.0359333908058243,0.035933390805824306,0.0359333908058243,0.035933390805824306,0.0359333908058243,0.0359333908058243,0.0359333908058243,0.03593339080582429,0.03593339080582429,0.035933390805824306,0.0359333908058243,0.0359333908058243,0.0359333908058243,0.035933390805824285,0.0359333908058243,0.03593339080582429,0.0359333908058243,0.0359333908058243,0.035933390805824306,0.0359333908058243,0.035933390805824306,0.0359333908058243,0.0359333908058243,0.0359333908058243,0.0359333908058243,0.0359333908058243,0.0359333908058243,0.03593339080582429,0.0359333908058243,0.0359333908058243,0.0359333908058243,0.0359333908058243,0.0359333908058243,0.0359333908058243,0.0359333908058243,0.0359333908058243,0.0359333908058243,0.0359333908058243,0.0359333908058243,0.0359333908058243,0.035933390805824306,0.0359333908058243,0.035933390805824306,0.0359333908058243,0.035933390805824306,0.03593339080582429,0.03593339080582429,0.03593339080582429,0.03593339080582429,0.0359333908058243,0.0359333908058243,0.0359333908058243,0.03593339080582429,0.0359333908058243,0.03593339080582429,0.0359333908058243,0.035933390805824285,0.03593339080582429,0.035933390805824285,0.035933390805824285,0.03593339080582429,0.035933390805824285,0.035933390805824285,0.035933390805824285,0.035933390805824285,0.03593339080582427,0.03593339080582427,0.035933390805824285,0.03593339080582428,0.03593339080582427,0.035933390805824285,0.03593339080582428,0.035933390805824285,0.03593339080582428,0.03593339080582428,0.03593339080582429,0.035933390805824285,0.03593339080582428,0.03593339080582428,0.03593339080582428,0.03593339080582428,0.03593339080582427,0.035933390805824285,0.03593339080582428,0.03593339080582428,0.03593339080582428,0.03593339080582427,0.03593339080582427,0.03593339080582427,0.03593339080582427,0.03593339080582427,0.03593339080582427,0.03593339080582428,0.03593339080582428,0.035933390805824285,0.03593339080582427,0.035933390805824285,0.03593339080582428,0.035933390805824285,0.03593339080582428,0.035933390805824285,0.03593339080582428,0.035933390805824285,0.03593339080582428,0.03593339080582428,0.03593339080582427,0.035933390805824285,0.035933390805824264,0.03593339080582428,0.03593339080582428,0.03593339080582428,0.035933390805824285,0.03593339080582427,0.035933390805824285,0.03593339080582428,0.035933390805824285,0.035933390805824306,0.0359333908058243,0.035933390805824285,0.03593339080582429,0.03593339080582429,0.03593339080582429,0.03593339080582429,0.0359333908058243,0.035933390805824285,0.035933390805824306,0.03593339080582429,0.03593339080582429,0.035933390805824306,0.03593339080582429,0.03593339080582429,0.035933390805824306,0.0359333908058243,0.03593339080582429,0.035933390805824285,0.035933390805824306,0.03593339080582429,0.0359333908058243,0.0359333908058243,0.03593339080582429,0.03593339080582429,0.035933390805824306,0.0359333908058243,0.0359333908058243,0.0359333908058243,0.035933390805824306,0.0359333908058243,0.0359333908058243,0.035933390805824306,0.0359333908058243,0.0359333908058243,0.035933390805824306,0.0359333908058243,0.035933390805824306,0.0359333908058243,0.03593339080582431,0.03593339080582431,0.0359333908058243,0.03593339080582431,0.03593339080582431,0.035933390805824306,0.0359333908058243,0.0359333908058243,0.035933390805824306,0.035933390805824306,0.0359333908058243,0.0359333908058243,0.03593339080582429,0.0359333908058243,0.03593339080582429,0.0359333908058243,0.03593339080582429,0.035933390805824285,0.035933390805824285,0.03593339080582429,0.03593339080582428,0.0359333908058243,0.0359333908058243,0.0359333908058243,0.0359333908058243,0.0359333908058243,0.0359333908058243,0.03593339080582431,0.0359333908058243,0.035933390805824306,0.0359333908058243,0.035933390805824306,0.03593339080582431,0.035933390805824306,0.0359333908058243,0.035933390805824306,0.035933390805824306,0.03593339080582431,0.03593339080582431,0.03593339080582431,0.0359333908058243,0.0359333908058243,0.035933390805824306,0.0359333908058243,0.035933390805824306,0.035933390805824306,0.03593339080582432,0.03593339080582431,0.035933390805824326,0.03593339080582432,0.035933390805824326,0.03593339080582431,0.03593339080582431,0.0359333908058243,0.03593339080582432,0.03593339080582432,0.03593339080582432,0.03593339080582432,0.035933390805824326,0.035933390805824326,0.03593339080582431,0.035933390805824306,0.03593339080582431,0.035933390805824306,0.035933390805824306,0.035933390805824306,0.03593339080582431,0.0359333908058243,0.035933390805824306,0.035933390805824306,0.03593339080582429,0.035933390805824306,0.03593339080582431,0.035933390805824285,0.035933390805824306,0.035933390805824306,0.03593339080582431,0.035933390805824306,0.035933390805824306,0.0359333908058243,0.03593339080582429,0.035933390805824306,0.0359333908058243,0.035933390805824306,0.03593339080582431,0.035933390805824306,0.0359333908058243,0.0359333908058243,0.0359333908058243,0.0359333908058243,0.035933390805824306,0.035933390805824306,0.0359333908058243,0.035933390805824306,0.0359333908058243,0.03593339080582429,0.03593339080582429,0.035933390805824285,0.03593339080582429,0.0359333908058243,0.0359333908058243,0.0359333908058243,0.035933390805824285,0.035933390805824306,0.0359333908058243,0.03593339080582429,0.035933390805824285,0.0359333908058243,0.035933390805824306,0.035933390805824306,0.0359333908058243,0.035933390805824306,0.0359333908058243,0.0359333908058243,0.03593339080582429,0.0359333908058243,0.03593339080582429,0.035933390805824306,0.03593339080582429,0.0359333908058243,0.0359333908058243,0.03593339080582429,0.0359333908058243,0.03593339080582429,0.0359333908058243,0.03593339080582429,0.0359333908058243,0.0359333908058243,0.0359333908058243,0.035933390805824306,0.035933390805824306,0.03593339080582429,0.0359333908058243,0.035933390805824306,0.0359333908058243,0.03593339080582431,0.035933390805824306,0.035933390805824285,0.03593339080582429,0.035933390805824285,0.0359333908058243,0.03593339080582431,0.0359333908058243,0.03593339080582431,0.035933390805824306,0.035933390805824306,0.035933390805824306,0.0359333908058243,0.03593339080582431,0.03593339080582432,0.03593339080582431,0.03593339080582432,0.03593339080582431,0.035933390805824306,0.03593339080582431,0.035933390805824306,0.03593339080582432,0.03593339080582431,0.035933390805824306,0.035933390805824306,0.03593339080582432,0.03593339080582431,0.035933390805824326,0.03593339080582431,0.03593339080582432,0.035933390805824306,0.03593339080582431,0.03593339080582431,0.03593339080582431,0.03593339080582431,0.035933390805824326,0.03593339080582431,0.035933390805824326,0.03593339080582431,0.03593339080582431,0.03593339080582432,0.03593339080582431,0.03593339080582431,0.03593339080582432,0.03593339080582432,0.03593339080582432,0.03593339080582431,0.03593339080582431,0.03593339080582431,0.03593339080582432,0.03593339080582431,0.035933390805824326,0.03593339080582432,0.03593339080582431,0.03593339080582432,0.03593339080582432,0.03593339080582432,0.035933390805824326,0.03593339080582431,0.03593339080582431,0.03593339080582431,0.03593339080582431,0.03593339080582431,0.03593339080582432,0.03593339080582432,0.03593339080582432,0.035933390805824326,0.03593339080582431,0.035933390805824326,0.03593339080582433,0.03593339080582434,0.03593339080582431,0.03593339080582431,0.03593339080582431,0.03593339080582432,0.03593339080582431,0.035933390805824326,0.03593339080582431,0.035933390805824326,0.03593339080582431,0.03593339080582432,0.03593339080582431,0.03593339080582431,0.03593339080582431,0.03593339080582432,0.03593339080582431,0.03593339080582432,0.03593339080582431,0.035933390805824326,0.03593339080582431,0.03593339080582432,0.03593339080582431,0.03593339080582432,0.03593339080582431,0.03593339080582432,0.035933390805824326,0.035933390805824326,0.03593339080582432,0.03593339080582432,0.035933390805824306,0.0359333908058243,0.03593339080582431,0.03593339080582431,0.03593339080582431,0.035933390805824306,0.03593339080582431,0.035933390805824306,0.0359333908058243,0.03593339080582431,0.03593339080582431,0.035933390805824306,0.03593339080582431,0.03593339080582431,0.03593339080582431,0.03593339080582431,0.03593339080582432,0.03593339080582433,0.035933390805824326,0.03593339080582432,0.035933390805824326,0.03593339080582432,0.035933390805824326,0.03593339080582431,0.03593339080582431,0.03593339080582432,0.03593339080582432,0.03593339080582431,0.03593339080582432,0.035933390805824326,0.035933390805824326,0.03593339080582432,0.03593339080582432,0.03593339080582432,0.03593339080582432,0.03593339080582432,0.035933390805824326,0.035933390805824326,0.035933390805824326,0.03593339080582432,0.03593339080582432,0.03593339080582431,0.03593339080582431,0.03593339080582431,0.03593339080582432,0.03593339080582431,0.035933390805824326,0.03593339080582431,0.03593339080582432,0.035933390805824306,0.035933390805824306,0.03593339080582432,0.03593339080582431,0.035933390805824326,0.035933390805824326,0.03593339080582431,0.035933390805824326,0.03593339080582432,0.03593339080582432,0.03593339080582432,0.03593339080582431,0.03593339080582431,0.035933390805824306,0.03593339080582431,0.03593339080582431,0.03593339080582432,0.03593339080582431,0.03593339080582431,0.03593339080582431,0.03593339080582431,0.03593339080582431,0.03593339080582431,0.03593339080582431,0.03593339080582432,0.03593339080582432,0.03593339080582432,0.03593339080582431,0.03593339080582432,0.03593339080582431,0.035933390805824326,0.03593339080582431,0.03593339080582432,0.03593339080582432,0.035933390805824326,0.03593339080582431,0.035933390805824326,0.035933390805824326,0.035933390805824326,0.03593339080582432,0.03593339080582432,0.03593339080582432,0.03593339080582432,0.03593339080582432,0.035933390805824326,0.03593339080582431,0.035933390805824326,0.03593339080582431,0.035933390805824306,0.03593339080582432,0.03593339080582432,0.03593339080582432,0.03593339080582432,0.03593339080582432,0.03593339080582433,0.03593339080582431,0.035933390805824306,0.03593339080582432,0.03593339080582431,0.03593339080582432,0.03593339080582432,0.03593339080582432,0.03593339080582432,0.03593339080582432,0.03593339080582432,0.03593339080582432,0.03593339080582431,0.03593339080582432,0.03593339080582432,0.035933390805824326,0.03593339080582432,0.03593339080582433,0.03593339080582433,0.035933390805824306,0.035933390805824306,0.035933390805824306,0.035933390805824306,0.0359333908058243,0.03593339080582431,0.035933390805824285,0.03593339080582429,0.035933390805824306,0.0359333908058243,0.0359333908058243,0.0359333908058243,0.035933390805824306,0.035933390805824306,0.03593339080582429,0.0359333908058243,0.035933390805824306,0.0359333908058243,0.035933390805824306,0.0359333908058243,0.03593339080582429,0.03593339080582429,0.03593339080582429,0.035933390805824306,0.03593339080582429,0.0359333908058243,0.0359333908058243,0.0359333908058243,0.035933390805824306,0.0359333908058243,0.0359333908058243,0.0359333908058243,0.03593339080582428,0.035933390805824285,0.03593339080582428,0.035933390805824306,0.0359333908058243,0.0359333908058243,0.0359333908058243,0.035933390805824306,0.0359333908058243,0.035933390805824306,0.0359333908058243,0.0359333908058243,0.0359333908058243,0.035933390805824306,0.035933390805824306,0.035933390805824306,0.0359333908058243,0.035933390805824306,0.03593339080582429,0.035933390805824306,0.03593339080582429,0.03593339080582429,0.0359333908058243,0.035933390805824306,0.03593339080582429,0.035933390805824306,0.03593339080582429,0.0359333908058243,0.035933390805824285,0.035933390805824306,0.035933390805824285,0.035933390805824306,0.03593339080582429,0.03593339080582428,0.03593339080582429,0.035933390805824285,0.03593339080582429,0.03593339080582428,0.03593339080582428,0.035933390805824285,0.03593339080582428,0.03593339080582428,0.035933390805824285,0.03593339080582428,0.03593339080582429,0.035933390805824285,0.03593339080582429,0.035933390805824285,0.0359333908058243,0.03593339080582429,0.0359333908058243,0.03593339080582428,0.03593339080582428,0.03593339080582428,0.03593339080582428,0.035933390805824264,0.03593339080582427,0.035933390805824264,0.03593339080582427,0.035933390805824264,0.03593339080582427,0.03593339080582427,0.03593339080582427,0.03593339080582427,0.03593339080582427,0.035933390805824264,0.035933390805824264,0.035933390805824264,0.03593339080582426,0.035933390805824264,0.035933390805824264,0.03593339080582427,0.03593339080582428,0.03593339080582428,0.03593339080582427,0.035933390805824285,0.03593339080582427,0.035933390805824285,0.03593339080582427,0.03593339080582428,0.035933390805824285,0.03593339080582428,0.03593339080582427,0.03593339080582428,0.03593339080582428,0.03593339080582428,0.03593339080582427,0.0359333908058243,0.03593339080582428,0.03593339080582429,0.03593339080582428,0.035933390805824285,0.03593339080582428,0.03593339080582429,0.035933390805824285,0.035933390805824285,0.035933390805824285,0.03593339080582429,0.03593339080582424,0.03593339080582432,0.035933390805824264,0.035933390805824306,0.035933390805824306,0.0359333908058243,0.035933390805824306,0.0359333908058243,0.03593339080582431,0.0359333908058243,0.0359333908058243,0.03593339080582429,0.035933390805824285,0.0359333908058243,0.0359333908058243,0.03593339080582429,0.035933390805824285,0.035933390805824285,0.03593339080582429,0.0359333908058243,0.03593339080582429,0.0359333908058243,0.03593339080582429,0.0359333908058243,0.03593339080582429,0.035933390805824306,0.03593339080582429,0.0359333908058243,0.03593339080582429,0.035933390805824285,0.03593339080582429,0.0359333908058243,0.035933390805824285,0.035933390805824285,0.0359333908058243,0.0359333908058243,0.03593339080582431,0.035933390805824306,0.035933390805824306,0.035933390805824306,0.0359333908058243,0.0359333908058243,0.03593339080582429,0.0359333908058243,0.0359333908058243,0.0359333908058243,0.035933390805824285,0.0359333908058243,0.0359333908058243,0.0359333908058243,0.035933390805824306,0.0359333908058243,0.03593339080582429,0.035933390805824285,0.0359333908058243,0.03593339080582429,0.03593339080582429,0.0359333908058243,0.03593339080582429,0.03593339080582429,0.03593339080582429,0.035933390805824285,0.03593339080582429,0.0359333908058243,0.0359333908058243,0.0359333908058243,0.0359333908058243,0.0359333908058243,0.0359333908058243,0.035933390805824306,0.035933390805824306,0.035933390805824306,0.0359333908058243,0.035933390805824306,0.03593339080582429,0.0359333908058243,0.035933390805824306,0.0359333908058243,0.0359333908058243,0.035933390805824306,0.0359333908058243,0.035933390805824306,0.035933390805824306,0.035933390805824306,0.0359333908058243,0.0359333908058243,0.0359333908058243,0.035933390805824306,0.03593339080582429,0.03593339080582429,0.03593339080582429,0.035933390805824285,0.0359333908058243,0.03593339080582429,0.0359333908058243,0.03593339080582429,0.03593339080582429,0.03593339080582429,0.0359333908058243,0.0359333908058243,0.03593339080582429,0.03593339080582429,0.035933390805824285,0.03593339080582429,0.0359333908058243,0.03593339080582429,0.0359333908058243,0.035933390805824285,0.0359333908058243,0.0359333908058243,0.035933390805824306,0.035933390805824306,0.0359333908058243,0.0359333908058243,0.035933390805824306,0.035933390805824285,0.0359333908058243,0.03593339080582429,0.03593339080582429,0.0359333908058243,0.0359333908058243,0.0359333908058243,0.0359333908058243,0.03593339080582429,0.0359333908058243,0.03593339080582429,0.0359333908058243,0.0359333908058243,0.0359333908058243,0.03593339080582429,0.03593339080582429,0.0359333908058243,0.0359333908058243,0.03593339080582429,0.0359333908058243,0.03593339080582429,0.035933390805824306,0.035933390805824306,0.03593339080582431,0.03593339080582429,0.0359333908058243,0.035933390805824306,0.035933390805824306,0.0359333908058243,0.035933390805824326,0.03593339080582432,0.035933390805824326,0.03593339080582432,0.03593339080582432,0.03593339080582432,0.035933390805824326,0.035933390805824326,0.03593339080582432,0.03593339080582432,0.035933390805824326,0.03593339080582432,0.03593339080582432,0.03593339080582432,0.03593339080582431,0.03593339080582431,0.03593339080582432,0.03593339080582432,0.035933390805824326,0.03593339080582431,0.035933390805824306,0.03593339080582432,0.03593339080582431,0.03593339080582432,0.03593339080582431,0.035933390805824326,0.035933390805824326,0.035933390805824326,0.03593339080582431,0.03593339080582432,0.03593339080582432,0.03593339080582432,0.03593339080582433,0.035933390805824326,0.035933390805824326,0.03593339080582432,0.03593339080582431,0.035933390805824306,0.03593339080582431,0.03593339080582431,0.03593339080582432,0.03593339080582432,0.035933390805824326,0.03593339080582432,0.03593339080582432,0.03593339080582432,0.03593339080582432,0.035933390805824326,0.03593339080582432,0.03593339080582431,0.03593339080582432,0.03593339080582432,0.03593339080582432,0.03593339080582432,0.03593339080582431,0.03593339080582432,0.03593339080582432,0.03593339080582432,0.035933390805824306,0.03593339080582431,0.035933390805824306,0.03593339080582428,0.035933390805824285,0.03593339080582428,0.03593339080582427,0.03593339080582427,0.03593339080582427,0.035933390805824264,0.03593339080582427,0.035933390805824264,0.03593339080582427,0.03593339080582428,0.03593339080582427,0.03593339080582428,0.03593339080582428,0.03593339080582428,0.03593339080582428,0.03593339080582428,0.035933390805824285,0.03593339080582427,0.03593339080582427,0.035933390805824264,0.03593339080582428,0.035933390805824264,0.03593339080582427,0.03593339080582427,0.03593339080582427,0.03593339080582427,0.03593339080582427,0.03593339080582427,0.03593339080582428,0.03593339080582427,0.03593339080582428,0.035933390805824264,0.03593339080582427,0.035933390805824264,0.035933390805824264,0.03593339080582427,0.03593339080582428,0.03593339080582427,0.03593339080582427,0.03593339080582427,0.03593339080582427,0.03593339080582428,0.0359333908058243,0.0359333908058243,0.03593339080582429,0.03593339080582429,0.03593339080582429,0.0359333908058243,0.035933390805824306,0.0359333908058243,0.035933390805824306,0.0359333908058243,0.035933390805824306,0.0359333908058243,0.0359333908058243,0.0359333908058243,0.035933390805824306,0.0359333908058243,0.035933390805824306,0.0359333908058243,0.0359333908058243,0.03593339080582429,0.0359333908058243,0.03593339080582429,0.0359333908058243,0.03593339080582429,0.035933390805824306,0.035933390805824306,0.035933390805824306,0.03593339080582429,0.035933390805824306,0.035933390805824306,0.0359333908058243,0.0359333908058243,0.035933390805824306,0.035933390805824306,0.0359333908058243,0.03593339080582429,0.0359333908058243,0.0359333908058243,0.0359333908058243,0.035933390805824306,0.035933390805824306,0.035933390805824306,0.035933390805824306,0.035933390805824306,0.035933390805824306,0.035933390805824306,0.0359333908058243,0.035933390805824306,0.0359333908058243,0.0359333908058243,0.035933390805824285,0.03593339080582429,0.035933390805824285,0.035933390805824285,0.035933390805824285,0.0359333908058243,0.03593339080582429,0.035933390805824306,0.03593339080582429,0.0359333908058243,0.0359333908058243,0.0359333908058243,0.0359333908058243,0.0359333908058243,0.03593339080582429,0.0359333908058243,0.03593339080582429,0.0359333908058243,0.0359333908058243,0.0359333908058243,0.03593339080582429,0.03593339080582429,0.03593339080582429,0.0359333908058243,0.03593339080582429,0.0359333908058243,0.03593339080582429,0.03593339080582429,0.03593339080582429,0.0359333908058243,0.035933390805824306,0.03593339080582427,0.03593339080582425,0.035933390805824264,0.03593339080582426,0.03593339080582426,0.03593339080582425,0.03593339080582426,0.03593339080582425,0.03593339080582424,0.035933390805824236,0.035933390805824236,0.03593339080582424,0.035933390805824236,0.035933390805824236,0.03593339080582423,0.03593339080582423,0.035933390805824236,0.03593339080582423,0.03593339080582422,0.03593339080582423,0.03593339080582422,0.03593339080582423,0.035933390805824215,0.03593339080582422,0.035933390805824215,0.035933390805824215,0.03593339080582422,0.03593339080582422,0.03593339080582422,0.03593339080582423,0.03593339080582422,0.03593339080582423,0.03593339080582423,0.03593339080582423,0.03593339080582423,0.035933390805824236,0.03593339080582422,0.03593339080582422,0.03593339080582423,0.035933390805824215,0.03593339080582422,0.03593339080582424,0.035933390805824236,0.03593339080582424,0.035933390805824236,0.03593339080582422,0.03593339080582423,0.035933390805824236,0.03593339080582423,0.03593339080582423,0.03593339080582422,0.03593339080582423,0.03593339080582423,0.035933390805824215,0.03593339080582422,0.035933390805824215,0.03593339080582423,0.03593339080582422,0.03593339080582422,0.03593339080582423,0.03593339080582423,0.03593339080582422,0.03593339080582423,0.03593339080582423,0.03593339080582422,0.03593339080582422,0.035933390805824215,0.03593339080582422,0.03593339080582422,0.035933390805824215,0.03593339080582422,0.03593339080582422,0.03593339080582422,0.03593339080582422,0.03593339080582423,0.03593339080582422,0.035933390805824215,0.035933390805824215,0.03593339080582422,0.035933390805824215,0.03593339080582422,0.03593339080582422,0.03593339080582422,0.035933390805824215,0.03593339080582423,0.03593339080582422,0.03593339080582422,0.03593339080582422,0.03593339080582423,0.03593339080582422,0.03593339080582422,0.03593339080582423,0.03593339080582423,0.035933390805824215,0.03593339080582423,0.03593339080582422,0.03593339080582422,0.03593339080582422,0.03593339080582423,0.03593339080582422,0.03593339080582422,0.03593339080582423,0.03593339080582422,0.03593339080582422,0.03593339080582422,0.03593339080582422,0.035933390805824215,0.035933390805824215,0.03593339080582423,0.03593339080582422,0.03593339080582423,0.03593339080582422,0.03593339080582423,0.03593339080582422,0.03593339080582423,0.03593339080582422,0.03593339080582422,0.03593339080582422,0.035933390805824236,0.035933390805824236,0.035933390805824236,0.03593339080582423,0.03593339080582423,0.03593339080582423,0.03593339080582422,0.03593339080582422,0.03593339080582422,0.03593339080582422,0.03593339080582423,0.03593339080582422,0.03593339080582423,0.03593339080582424,0.03593339080582424,0.03593339080582423,0.035933390805824236,0.03593339080582423,0.03593339080582423,0.03593339080582422,0.035933390805824236,0.03593339080582423,0.035933390805824236,0.03593339080582423,0.03593339080582422,0.035933390805824215,0.03593339080582423,0.03593339080582422,0.03593339080582423,0.03593339080582422,0.03593339080582422,0.035933390805824215,0.03593339080582421,0.03593339080582422,0.03593339080582423,0.03593339080582423,0.035933390805824236,0.03593339080582423,0.03593339080582423,0.03593339080582423,0.03593339080582423,0.035933390805824285,0.03593339080582427,0.035933390805824264,0.035933390805824264,0.03593339080582427,0.03593339080582428,0.03593339080582427,0.03593339080582428,0.03593339080582427,0.03593339080582428,0.03593339080582424,0.03593339080582425,0.03593339080582426,0.035933390805824236,0.03593339080582424,0.03593339080582425,0.03593339080582424,0.03593339080582424,0.03593339080582425,0.03593339080582426,0.03593339080582425,0.03593339080582424,0.035933390805824236,0.03593339080582423,0.035933390805824236,0.03593339080582423,0.03593339080582423,0.035933390805824236,0.03593339080582423,0.035933390805824215,0.035933390805824215,0.03593339080582423,0.03593339080582423,0.03593339080582422,0.03593339080582423,0.03593339080582423,0.03593339080582423,0.035933390805824215,0.03593339080582423,0.03593339080582423,0.035933390805824236,0.03593339080582423,0.03593339080582423,0.03593339080582423,0.035933390805824236,0.03593339080582422,0.03593339080582423,0.03593339080582423,0.03593339080582423,0.035933390805824215,0.03593339080582422,0.03593339080582422,0.03593339080582422,0.03593339080582422,0.03593339080582423,0.03593339080582422,0.03593339080582427,0.03593339080582424,0.03593339080582425,0.03593339080582424,0.03593339080582425,0.03593339080582424,0.03593339080582424,0.035933390805824236,0.03593339080582424,0.03593339080582425,0.03593339080582426,0.03593339080582424,0.03593339080582425,0.03593339080582424,0.03593339080582425,0.035933390805824236,0.03593339080582425,0.03593339080582424,0.03593339080582424,0.03593339080582425,0.03593339080582425,0.03593339080582424,0.03593339080582425,0.03593339080582424,0.03593339080582425,0.03593339080582424,0.03593339080582424,0.03593339080582424,0.03593339080582426,0.03593339080582425,0.03593339080582426,0.03593339080582425,0.03593339080582424,0.035933390805824236,0.03593339080582424,0.035933390805824236,0.035933390805824236,0.035933390805824236,0.03593339080582425,0.03593339080582424,0.03593339080582425,0.03593339080582425,0.03593339080582424,0.035933390805824236,0.03593339080582425,0.03593339080582424,0.03593339080582424,0.03593339080582424,0.03593339080582424,0.03593339080582425,0.03593339080582425,0.03593339080582424,0.03593339080582425,0.03593339080582425,0.03593339080582426,0.03593339080582425,0.035933390805824264,0.035933390805824264,0.035933390805824236,0.035933390805824236,0.03593339080582424,0.035933390805824236,0.035933390805824236,0.03593339080582423,0.03593339080582424,0.03593339080582423,0.035933390805824236,0.03593339080582423,0.03593339080582423,0.03593339080582422,0.035933390805824215,0.03593339080582423,0.03593339080582422,0.03593339080582423,0.03593339080582422,0.03593339080582422,0.03593339080582422,0.03593339080582422,0.03593339080582422,0.03593339080582423,0.035933390805824215,0.03593339080582423,0.03593339080582422,0.03593339080582422,0.03593339080582422,0.03593339080582422,0.03593339080582422,0.03593339080582422,0.035933390805824215,0.03593339080582422,0.03593339080582422,0.03593339080582422,0.03593339080582422,0.03593339080582422,0.0359333908058242,0.03593339080582421,0.0359333908058242,0.03593339080582421,0.03593339080582421,0.03593339080582421,0.0359333908058242,0.03593339080582421,0.035933390805824195,0.03593339080582421,0.0359333908058242,0.035933390805824215,0.03593339080582421,0.0359333908058242,0.03593339080582421,0.0359333908058242,0.0359333908058242,0.0359333908058242,0.035933390805824195,0.0359333908058242,0.035933390805824195,0.03593339080582421,0.0359333908058242,0.0359333908058242,0.035933390805824195,0.03593339080582421,0.0359333908058242,0.03593339080582421,0.0359333908058242,0.035933390805824195,0.035933390805824195,0.035933390805824195,0.03593339080582418,0.035933390805824174,0.03593339080582418,0.03593339080582419,0.03593339080582417,0.03593339080582419,0.03593339080582418,0.035933390805824174,0.035933390805824174,0.03593339080582417,0.03593339080582418,0.03593339080582417,0.03593339080582418,0.03593339080582418,0.03593339080582419,0.035933390805824174,0.035933390805824174,0.03593339080582418,0.03593339080582419,0.035933390805824195,0.03593339080582419,0.03593339080582421,0.035933390805824195,0.035933390805824195,0.0359333908058242,0.03593339080582421,0.03593339080582421,0.0359333908058242,0.0359333908058242,0.0359333908058242,0.0359333908058242,0.03593339080582421,0.0359333908058242,0.0359333908058242,0.0359333908058242,0.0359333908058242,0.0359333908058242,0.03593339080582421,0.03593339080582421,0.03593339080582422,0.03593339080582421,0.035933390805824215,0.03593339080582422,0.03593339080582422,0.03593339080582422,0.035933390805824215,0.035933390805824215,0.035933390805824215,0.0359333908058242,0.0359333908058242,0.035933390805824195,0.035933390805824195,0.035933390805824195,0.03593339080582421,0.035933390805824195,0.03593339080582421,0.0359333908058242,0.03593339080582421,0.0359333908058242,0.035933390805824195,0.0359333908058242,0.0359333908058242,0.03593339080582419,0.035933390805824195,0.0359333908058242,0.035933390805824195,0.0359333908058242,0.03593339080582419,0.03593339080582419,0.03593339080582419,0.035933390805824195,0.035933390805824195,0.0359333908058242,0.03593339080582419,0.03593339080582419,0.035933390805824195,0.03593339080582419,0.03593339080582421,0.0359333908058242,0.035933390805824195,0.0359333908058242,0.035933390805824195,0.0359333908058242,0.035933390805824215,0.0359333908058242,0.03593339080582419,0.03593339080582419,0.03593339080582419,0.03593339080582419,0.03593339080582419,0.03593339080582419,0.03593339080582419,0.03593339080582419,0.0359333908058242,0.035933390805824195,0.035933390805824215,0.0359333908058242,0.03593339080582421,0.035933390805824195,0.035933390805824195,0.0359333908058242,0.035933390805824195,0.035933390805824195,0.03593339080582421,0.0359333908058242,0.03593339080582421,0.035933390805824195,0.035933390805824195,0.0359333908058242,0.03593339080582419,0.0359333908058242,0.035933390805824195,0.035933390805824195,0.035933390805824195,0.035933390805824195,0.03593339080582419,0.0359333908058242,0.035933390805824195,0.0359333908058242,0.03593339080582419,0.0359333908058242,0.0359333908058242,0.03593339080582421,0.03593339080582421,0.03593339080582421,0.03593339080582419,0.035933390805824195,0.035933390805824195,0.03593339080582419,0.03593339080582421,0.0359333908058242,0.035933390805824195,0.0359333908058242,0.03593339080582419,0.0359333908058242,0.035933390805824195,0.035933390805824195,0.035933390805824195,0.035933390805824195,0.035933390805824195,0.035933390805824195,0.035933390805824195,0.0359333908058242,0.035933390805824195,0.0359333908058242,0.0359333908058242,0.0359333908058242,0.0359333908058242,0.0359333908058242,0.035933390805824195,0.035933390805824195,0.0359333908058242,0.0359333908058242,0.03593339080582419,0.0359333908058242,0.035933390805824195,0.0359333908058242,0.0359333908058242,0.0359333908058242,0.0359333908058242,0.03593339080582421,0.0359333908058242,0.0359333908058242,0.035933390805824195,0.0359333908058242,0.035933390805824195,0.035933390805824195,0.0359333908058242,0.0359333908058242,0.035933390805824195,0.03593339080582421,0.0359333908058242,0.035933390805824195,0.035933390805824215,0.0359333908058242,0.035933390805824195,0.0359333908058242,0.035933390805824195,0.035933390805824195,0.0359333908058242,0.0359333908058242,0.0359333908058242,0.03593339080582421,0.0359333908058242,0.0359333908058242,0.0359333908058242,0.03593339080582421,0.0359333908058242,0.035933390805824195,0.035933390805824195,0.03593339080582419,0.035933390805824195,0.0359333908058242,0.03593339080582419,0.03593339080582421,0.0359333908058242,0.03593339080582421,0.03593339080582421,0.0359333908058242,0.035933390805824195,0.0359333908058242,0.03593339080582421,0.0359333908058242,0.0359333908058242,0.0359333908058242,0.0359333908058242,0.0359333908058242,0.03593339080582421,0.03593339080582421,0.03593339080582421,0.0359333908058242,0.035933390805824195,0.0359333908058242,0.0359333908058242,0.03593339080582421,0.0359333908058242,0.0359333908058242,0.035933390805824195,0.0359333908058242,0.0359333908058242,0.0359333908058242,0.0359333908058242,0.0359333908058242,0.03593339080582419,0.0359333908058242,0.035933390805824195,0.035933390805824195,0.035933390805824195,0.0359333908058242,0.035933390805824195,0.0359333908058242,0.0359333908058242,0.03593339080582421,0.035933390805824215,0.0359333908058242,0.0359333908058242,0.03593339080582421,0.0359333908058242,0.03593339080582421,0.0359333908058242,0.0359333908058242,0.0359333908058242,0.03593339080582421,0.0359333908058242,0.03593339080582421,0.0359333908058242,0.03593339080582421,0.03593339080582421,0.0359333908058242,0.03593339080582421,0.0359333908058242,0.035933390805824195,0.0359333908058242,0.03593339080582421,0.0359333908058242,0.035933390805824195,0.0359333908058242,0.035933390805824195,0.0359333908058242,0.0359333908058242,0.035933390805824215,0.0359333908058242,0.0359333908058242,0.035933390805824195,0.035933390805824195,0.03593339080582419,0.03593339080582421,0.0359333908058242,0.0359333908058242,0.0359333908058242,0.0359333908058242,0.0359333908058242,0.0359333908058242,0.03593339080582421,0.03593339080582421,0.0359333908058242,0.0359333908058242,0.035933390805824195,0.035933390805824195,0.035933390805824195,0.0359333908058242,0.0359333908058242,0.0359333908058242,0.0359333908058242,0.035933390805824215,0.0359333908058242,0.0359333908058242,0.0359333908058242,0.0359333908058242,0.035933390805824195,0.0359333908058242,0.035933390805824195,0.0359333908058242,0.0359333908058242,0.0359333908058242,0.0359333908058242,0.0359333908058242,0.03593339080582421,0.03593339080582421,0.0359333908058242,0.035933390805824195,0.035933390805824195,0.035933390805824195,0.0359333908058242,0.0359333908058242,0.035933390805824195,0.0359333908058242,0.0359333908058242,0.0359333908058242,0.035933390805824195,0.0359333908058242,0.0359333908058242,0.0359333908058242,0.0359333908058242,0.0359333908058242,0.0359333908058242,0.03593339080582421,0.0359333908058242,0.0359333908058242,0.03593339080582421,0.035933390805824215,0.0359333908058242,0.03593339080582421,0.03593339080582421,0.03593339080582421,0.035933390805824195,0.0359333908058242,0.0359333908058242,0.0359333908058242,0.03593339080582419,0.0359333908058242,0.035933390805824195,0.03593339080582421,0.0359333908058242,0.0359333908058242,0.0359333908058242,0.0359333908058242,0.0359333908058242,0.03593339080582421,0.0359333908058242,0.03593339080582421,0.035933390805824215,0.03593339080582421,0.0359333908058242,0.03593339080582421,0.0359333908058242,0.03593339080582421,0.035933390805824195,0.0359333908058242,0.03593339080582419,0.035933390805824195,0.03593339080582419,0.03593339080582419,0.03593339080582419,0.03593339080582418,0.03593339080582418,0.035933390805824195,0.03593339080582418,0.03593339080582419,0.03593339080582418,0.035933390805824174,0.035933390805824174,0.03593339080582418,0.03593339080582418,0.03593339080582419,0.03593339080582418,0.03593339080582419,0.03593339080582418,0.03593339080582419,0.035933390805824195,0.03593339080582419,0.03593339080582418,0.03593339080582421,0.0359333908058242,0.0359333908058242,0.035933390805824195,0.035933390805824195,0.03593339080582419,0.0359333908058242,0.0359333908058242,0.03593339080582421,0.0359333908058242,0.03593339080582421,0.03593339080582421,0.03593339080582421,0.03593339080582422,0.0359333908058242,0.035933390805824195,0.0359333908058242,0.035933390805824195,0.035933390805824195,0.035933390805824195,0.03593339080582421,0.0359333908058242,0.035933390805824195,0.035933390805824195,0.035933390805824195,0.0359333908058242,0.03593339080582421,0.035933390805824195,0.0359333908058242,0.0359333908058242,0.0359333908058242,0.0359333908058242,0.03593339080582421,0.035933390805824195,0.0359333908058242,0.035933390805824195,0.035933390805824195,0.03593339080582419,0.0359333908058242,0.0359333908058242,0.035933390805824215,0.0359333908058242,0.0359333908058242,0.035933390805824215,0.035933390805824195,0.03593339080582419,0.035933390805824195,0.035933390805824195,0.035933390805824195,0.035933390805824195,0.035933390805824195,0.035933390805824195,0.03593339080582421,0.035933390805824195,0.0359333908058242,0.0359333908058242,0.0359333908058242,0.0359333908058242,0.0359333908058242,0.0359333908058242,0.0359333908058242,0.035933390805824195,0.0359333908058242,0.035933390805824195,0.0359333908058242,0.0359333908058242,0.0359333908058242,0.03593339080582421,0.0359333908058242,0.0359333908058242,0.03593339080582421,0.0359333908058242,0.0359333908058242,0.0359333908058242,0.03593339080582421,0.0359333908058242,0.03593339080582421,0.0359333908058242,0.0359333908058242,0.03593339080582421,0.0359333908058242,0.035933390805824195,0.0359333908058242,0.03593339080582421,0.03593339080582421,0.03593339080582421,0.0359333908058242,0.03593339080582421,0.0359333908058242,0.0359333908058242,0.0359333908058242,0.0359333908058242,0.0359333908058242,0.0359333908058242,0.0359333908058242,0.03593339080582421,0.0359333908058242,0.03593339080582421,0.035933390805824195,0.0359333908058242,0.035933390805824195,0.0359333908058242,0.035933390805824195,0.03593339080582419,0.035933390805824195,0.03593339080582419,0.0359333908058242,0.0359333908058242,0.0359333908058242,0.03593339080582421,0.03593339080582421,0.03593339080582421,0.0359333908058242,0.0359333908058242,0.0359333908058242,0.03593339080582422,0.0359333908058242,0.0359333908058242,0.0359333908058242,0.03593339080582421,0.0359333908058242,0.03593339080582421,0.03593339080582421,0.03593339080582421,0.03593339080582421,0.0359333908058242,0.035933390805824195,0.0359333908058242,0.035933390805824195,0.035933390805824195,0.035933390805824195,0.0359333908058242,0.0359333908058242,0.035933390805824195,0.03593339080582419,0.03593339080582419,0.03593339080582419,0.03593339080582419,0.035933390805824195,0.03593339080582418,0.03593339080582419,0.035933390805824195,0.03593339080582419,0.035933390805824195,0.03593339080582418,0.03593339080582419,0.03593339080582419,0.035933390805824174,0.03593339080582418,0.035933390805824174,0.03593339080582419,0.03593339080582418,0.03593339080582419,0.03593339080582417,0.03593339080582418,0.03593339080582419,0.03593339080582418,0.03593339080582418,0.03593339080582416,0.03593339080582419,0.035933390805824174,0.03593339080582418,0.035933390805824174,0.03593339080582419,0.03593339080582418,0.03593339080582419,0.035933390805824195,0.035933390805824195,0.03593339080582419,0.03593339080582418,0.03593339080582418,0.03593339080582418,0.03593339080582418,0.03593339080582419,0.03593339080582418,0.03593339080582419,0.03593339080582418,0.03593339080582419,0.035933390805824195,0.03593339080582419,0.03593339080582419,0.03593339080582418,0.03593339080582418,0.03593339080582419,0.035933390805824195,0.035933390805824195,0.035933390805824195,0.035933390805824195,0.0359333908058242,0.03593339080582421,0.035933390805824195,0.03593339080582421,0.035933390805824195,0.0359333908058242,0.035933390805824195,0.0359333908058242,0.0359333908058242,0.0359333908058242,0.0359333908058242,0.0359333908058242,0.035933390805824195,0.0359333908058242,0.0359333908058242,0.03593339080582418,0.03593339080582418,0.03593339080582418,0.03593339080582418,0.03593339080582419,0.035933390805824174,0.03593339080582419,0.03593339080582418,0.03593339080582418,0.03593339080582419,0.035933390805824195,0.03593339080582419,0.03593339080582418,0.03593339080582418,0.03593339080582418,0.035933390805824174,0.03593339080582418,0.03593339080582417,0.035933390805824174,0.03593339080582419,0.03593339080582418,0.035933390805824174,0.03593339080582419,0.03593339080582418,0.035933390805824174,0.035933390805824174,0.03593339080582419,0.03593339080582418,0.03593339080582419,0.03593339080582419,0.03593339080582418,0.035933390805824174,0.03593339080582419,0.03593339080582418,0.035933390805824195,0.03593339080582419,0.03593339080582418,0.03593339080582418,0.035933390805824195,0.03593339080582419,0.03593339080582419,0.035933390805824174,0.03593339080582419,0.035933390805824174,0.03593339080582419,0.03593339080582418,0.03593339080582419,0.03593339080582418,0.03593339080582418,0.03593339080582418,0.03593339080582418,0.03593339080582418,0.03593339080582419,0.03593339080582418,0.03593339080582419,0.03593339080582419,0.03593339080582419,0.03593339080582418,0.03593339080582419,0.03593339080582419,0.03593339080582419,0.03593339080582418,0.03593339080582418,0.03593339080582418,0.03593339080582418,0.03593339080582418,0.035933390805824195,0.03593339080582419,0.035933390805824195,0.03593339080582419,0.03593339080582419,0.03593339080582418,0.03593339080582419,0.035933390805824174,0.03593339080582419,0.03593339080582418,0.03593339080582418,0.03593339080582418,0.03593339080582418,0.03593339080582419,0.03593339080582418,0.03593339080582418,0.03593339080582419,0.03593339080582419,0.03593339080582419,0.035933390805824195,0.03593339080582419,0.035933390805824195,0.03593339080582418,0.03593339080582418,0.03593339080582419,0.03593339080582418,0.03593339080582418,0.03593339080582418,0.03593339080582418,0.03593339080582419,0.03593339080582417,0.03593339080582419,0.03593339080582419,0.035933390805824195,0.03593339080582418,0.035933390805824195,0.03593339080582419,0.03593339080582419,0.03593339080582418,0.035933390805824195,0.03593339080582418,0.03593339080582419,0.03593339080582419,0.03593339080582419,0.035933390805824174,0.03593339080582418,0.03593339080582418,0.035933390805824174,0.03593339080582417,0.035933390805824174,0.035933390805824174,0.03593339080582416,0.03593339080582418,0.03593339080582419,0.03593339080582418,0.03593339080582419,0.03593339080582418,0.03593339080582419,0.03593339080582418,0.03593339080582418,0.03593339080582418,0.03593339080582419,0.035933390805824174,0.03593339080582417,0.03593339080582419,0.03593339080582419,0.03593339080582419,0.03593339080582419,0.03593339080582419,0.03593339080582419,0.035933390805824174,0.03593339080582418,0.03593339080582418,0.03593339080582419,0.035933390805824174,0.03593339080582418,0.03593339080582418,0.03593339080582418,0.03593339080582419,0.03593339080582419,0.035933390805824195,0.03593339080582419,0.03593339080582419,0.03593339080582418,0.03593339080582418,0.03593339080582418,0.035933390805824174,0.035933390805824174,0.03593339080582418,0.03593339080582418,0.03593339080582418,0.03593339080582418,0.03593339080582418,0.03593339080582418,0.03593339080582418,0.03593339080582418,0.035933390805824174,0.035933390805824174,0.03593339080582419,0.035933390805824195,0.035933390805824195,0.03593339080582419,0.03593339080582418,0.03593339080582418,0.03593339080582418,0.03593339080582419,0.03593339080582419,0.03593339080582419,0.03593339080582418,0.03593339080582418,0.035933390805824174,0.035933390805824174,0.03593339080582418,0.03593339080582419,0.03593339080582418,0.03593339080582418,0.035933390805824174,0.03593339080582418,0.035933390805824174,0.035933390805824174,0.03593339080582419,0.03593339080582419,0.03593339080582418,0.03593339080582419,0.03593339080582418,0.035933390805824174,0.03593339080582418,0.03593339080582418,0.03593339080582417,0.03593339080582417,0.03593339080582418,0.03593339080582419,0.03593339080582418,0.035933390805824174,0.035933390805824174,0.03593339080582419,0.03593339080582418,0.035933390805824174,0.03593339080582418,0.03593339080582418,0.035933390805824174,0.03593339080582419,0.03593339080582418,0.03593339080582419,0.03593339080582418,0.03593339080582419,0.03593339080582418,0.03593339080582418,0.035933390805824174,0.03593339080582418,0.03593339080582418,0.03593339080582419,0.03593339080582418,0.03593339080582419,0.035933390805824174,0.03593339080582418,0.03593339080582417,0.03593339080582418,0.03593339080582419,0.03593339080582418,0.035933390805824174,0.03593339080582418,0.03593339080582418,0.03593339080582419,0.03593339080582419,0.03593339080582418,0.03593339080582419,0.03593339080582418,0.03593339080582418,0.03593339080582418,0.03593339080582419,0.03593339080582418,0.035933390805824174,0.03593339080582419,0.035933390805824195,0.03593339080582418,0.03593339080582419,0.03593339080582419,0.03593339080582418,0.035933390805824174,0.03593339080582418,0.03593339080582418,0.035933390805824174,0.03593339080582418,0.03593339080582419,0.03593339080582419,0.03593339080582419,0.03593339080582418,0.03593339080582419,0.03593339080582418,0.035933390805824195,0.03593339080582418,0.03593339080582418,0.03593339080582418,0.035933390805824174,0.03593339080582418,0.03593339080582418,0.03593339080582418,0.03593339080582419,0.03593339080582419,0.035933390805824195,0.03593339080582419,0.035933390805824195,0.03593339080582419,0.035933390805824195,0.035933390805824195,0.035933390805824195,0.035933390805824195,0.035933390805824195,0.035933390805824195,0.035933390805824195,0.03593339080582421,0.0359333908058242,0.0359333908058242,0.035933390805824195,0.035933390805824195,0.035933390805824195,0.035933390805824195,0.0359333908058242,0.035933390805824195,0.0359333908058242,0.035933390805824195,0.0359333908058242,0.035933390805824195,0.0359333908058242,0.035933390805824195,0.035933390805824215,0.035933390805824195,0.03593339080582421,0.0359333908058242,0.035933390805824215,0.035933390805824215,0.03593339080582422,0.03593339080582421,0.03593339080582421,0.03593339080582421,0.0359333908058242,0.035933390805824195,0.0359333908058242,0.035933390805824195,0.035933390805824195,0.03593339080582419,0.0359333908058242,0.03593339080582421,0.0359333908058242,0.03593339080582421,0.03593339080582421,0.035933390805824195,0.035933390805824195,0.03593339080582421,0.0359333908058242,0.03593339080582421,0.0359333908058242,0.03593339080582421,0.0359333908058242,0.0359333908058242,0.0359333908058242,0.0359333908058242,0.035933390805824195,0.03593339080582419,0.0359333908058242,0.03593339080582421,0.03593339080582421,0.035933390805824215,0.035933390805824215,0.03593339080582422,0.035933390805824215,0.03593339080582422,0.03593339080582422,0.035933390805824195,0.03593339080582421,0.035933390805824174,0.035933390805824195,0.0359333908058242,0.035933390805824195,0.0359333908058242,0.035933390805824195,0.03593339080582421,0.035933390805824195,0.03593339080582421,0.035933390805824215,0.0359333908058242,0.0359333908058242,0.0359333908058242,0.03593339080582421,0.0359333908058242,0.035933390805824195,0.0359333908058242,0.03593339080582421,0.0359333908058242,0.0359333908058242,0.0359333908058242,0.035933390805824195,0.03593339080582419,0.03593339080582419,0.035933390805824195,0.03593339080582419,0.0359333908058242,0.03593339080582419,0.03593339080582421,0.035933390805824195,0.0359333908058242,0.03593339080582421,0.035933390805824195,0.0359333908058242,0.0359333908058242,0.03593339080582419,0.0359333908058242,0.03593339080582419,0.03593339080582421,0.03593339080582422,0.035933390805824195,0.0359333908058242,0.035933390805824195,0.03593339080582421,0.03593339080582419,0.035933390805824195,0.0359333908058242,0.0359333908058242,0.035933390805824195,0.035933390805824195,0.03593339080582421,0.03593339080582421,0.03593339080582421,0.0359333908058242,0.03593339080582421,0.03593339080582421,0.03593339080582421,0.03593339080582421,0.03593339080582421,0.03593339080582422,0.03593339080582422,0.03593339080582422,0.03593339080582422,0.03593339080582423,0.03593339080582422,0.03593339080582421,0.0359333908058242,0.035933390805824195,0.03593339080582419,0.035933390805824195,0.03593339080582419,0.035933390805824195,0.0359333908058242,0.0359333908058242,0.0359333908058242,0.0359333908058242,0.0359333908058242,0.03593339080582421,0.03593339080582421,0.035933390805824215,0.0359333908058242,0.0359333908058242,0.035933390805824195,0.0359333908058242,0.035933390805824195,0.0359333908058242,0.035933390805824195,0.0359333908058242,0.0359333908058242,0.0359333908058242,0.0359333908058242,0.0359333908058242,0.0359333908058242,0.0359333908058242,0.035933390805824195,0.035933390805824195,0.035933390805824195,0.0359333908058242,0.0359333908058242,0.03593339080582421,0.035933390805824215,0.03593339080582422,0.03593339080582422,0.03593339080582422,0.035933390805824215,0.035933390805824215,0.035933390805824215,0.0359333908058242,0.03593339080582422,0.03593339080582421,0.03593339080582422,0.03593339080582421,0.03593339080582422,0.03593339080582423,0.03593339080582422,0.035933390805824215,0.03593339080582422,0.035933390805824215,0.03593339080582423,0.03593339080582422,0.03593339080582423,0.03593339080582422,0.03593339080582423,0.0359333908058242,0.0359333908058242,0.0359333908058242,0.03593339080582419,0.03593339080582418,0.03593339080582418,0.03593339080582418,0.03593339080582419,0.03593339080582418,0.035933390805824174,0.03593339080582418,0.03593339080582417,0.03593339080582419,0.03593339080582419,0.03593339080582418,0.035933390805824174,0.03593339080582418,0.03593339080582419,0.03593339080582418,0.03593339080582418,0.035933390805824174,0.03593339080582419,0.03593339080582419,0.03593339080582419,0.03593339080582419,0.03593339080582418,0.03593339080582418,0.03593339080582418,0.035933390805824174,0.03593339080582418,0.035933390805824174,0.03593339080582419,0.03593339080582418,0.03593339080582419,0.03593339080582418,0.03593339080582418,0.03593339080582417,0.03593339080582418,0.03593339080582418,0.03593339080582418,0.03593339080582418,0.03593339080582418,0.03593339080582419,0.03593339080582418,0.03593339080582419,0.03593339080582418,0.03593339080582418,0.03593339080582419,0.03593339080582418,0.03593339080582419,0.03593339080582419,0.03593339080582419,0.035933390805824174,0.035933390805824174,0.03593339080582417,0.035933390805824174,0.03593339080582417,0.03593339080582418,0.03593339080582417,0.035933390805824174,0.035933390805824174,0.035933390805824174,0.035933390805824174,0.03593339080582418,0.03593339080582418,0.03593339080582419,0.03593339080582418,0.03593339080582419,0.035933390805824174,0.03593339080582418,0.035933390805824174,0.03593339080582418,0.03593339080582417,0.035933390805824174,0.035933390805824174,0.03593339080582419,0.03593339080582419,0.03593339080582418,0.035933390805824174,0.035933390805824174,0.03593339080582418,0.03593339080582419,0.03593339080582419,0.03593339080582418,0.035933390805824195,0.03593339080582419,0.035933390805824195,0.03593339080582419,0.035933390805824174,0.03593339080582419,0.03593339080582419,0.03593339080582417,0.03593339080582419,0.03593339080582419,0.03593339080582419,0.035933390805824195,0.035933390805824195,0.03593339080582419,0.03593339080582419,0.03593339080582419,0.035933390805824195,0.03593339080582418,0.03593339080582419,0.03593339080582418,0.03593339080582419,0.035933390805824195,0.035933390805824195,0.03593339080582419,0.035933390805824195,0.03593339080582419,0.03593339080582421,0.0359333908058242,0.0359333908058242,0.03593339080582421,0.03593339080582421,0.035933390805824215,0.0359333908058242,0.035933390805824195,0.035933390805824195,0.035933390805824195,0.035933390805824195,0.03593339080582419,0.03593339080582421,0.03593339080582421,0.03593339080582421,0.03593339080582421,0.03593339080582421,0.03593339080582421,0.0359333908058242,0.035933390805824215,0.0359333908058242,0.03593339080582421,0.0359333908058242,0.035933390805824195,0.0359333908058242,0.03593339080582421,0.0359333908058242,0.03593339080582421,0.0359333908058242,0.0359333908058242,0.035933390805824195,0.0359333908058242,0.035933390805824195,0.03593339080582421,0.035933390805824195,0.0359333908058242,0.0359333908058242,0.0359333908058242,0.0359333908058242,0.035933390805824215,0.0359333908058242,0.0359333908058242,0.0359333908058242,0.0359333908058242,0.0359333908058242,0.0359333908058242,0.0359333908058242,0.0359333908058242,0.03593339080582419,0.03593339080582421,0.0359333908058242,0.0359333908058242,0.0359333908058242,0.03593339080582421,0.035933390805824195,0.0359333908058242,0.035933390805824195,0.035933390805824195,0.035933390805824195,0.0359333908058242,0.035933390805824195,0.03593339080582421,0.035933390805824195,0.035933390805824215,0.035933390805824215,0.03593339080582422,0.035933390805824215,0.03593339080582422,0.03593339080582421,0.035933390805824215,0.03593339080582423,0.03593339080582423,0.035933390805824236,0.03593339080582422,0.035933390805824215,0.03593339080582423,0.0359333908058244,0.03593339080582438,0.03593339080582439,0.03593339080582439,0.03593339080582438,0.035933390805824396,0.03593339080582439,0.03593339080582439,0.03593339080582438,0.03593339080582438,0.035933390805824375,0.03593339080582438,0.035933390805824375,0.03593339080582439,0.03593339080582439,0.03593339080582439,0.035933390805824396,0.03593339080582439,0.035933390805824396,0.03593339080582439,0.0359333908058244,0.03593339080582438,0.035933390805824396,0.03593339080582439,0.035933390805824396,0.03593339080582439,0.035933390805824396,0.035933390805824396,0.035933390805824396,0.035933390805824396,0.035933390805824396,0.035933390805824396,0.0359333908058244,0.035933390805824396,0.0359333908058244,0.0359333908058244,0.03593339080582441,0.0359333908058244,0.0359333908058244,0.03593339080582441,0.0359333908058244,0.03593339080582441,0.03593339080582442,0.035933390805824424,0.035933390805824424,0.03593339080582442,0.03593339080582442,0.03593339080582442,0.03593339080582442,0.03593339080582442,0.03593339080582442,0.03593339080582441,0.03593339080582441,0.03593339080582442,0.0359333908058244,0.035933390805824424,0.035933390805824424,0.035933390805824424,0.03593339080582442,0.035933390805824424,0.03593339080582441,0.03593339080582442,0.03593339080582441,0.035933390805824424,0.03593339080582442,0.035933390805824424,0.03593339080582442,0.035933390805824424,0.035933390805824424,0.03593339080582442,0.03593339080582442,0.03593339080582442,0.03593339080582441,0.03593339080582442,0.03593339080582441,0.035933390805824424,0.035933390805824424,0.03593339080582442,0.035933390805824424,0.03593339080582442,0.0359333908058244,0.03593339080582441,0.03593339080582442,0.03593339080582442,0.035933390805824424,0.03593339080582442,0.03593339080582442,0.03593339080582442,0.03593339080582441,0.03593339080582441,0.03593339080582441,0.03593339080582442,0.03593339080582441,0.03593339080582442,0.03593339080582441,0.03593339080582442,0.03593339080582441,0.03593339080582441,0.0359333908058244,0.0359333908058244,0.03593339080582439,0.03593339080582438,0.03593339080582439,0.03593339080582439,0.03593339080582439,0.03593339080582439,0.03593339080582439,0.03593339080582439,0.03593339080582438,0.03593339080582438,0.03593339080582439,0.03593339080582439,0.03593339080582439,0.035933390805824396,0.03593339080582438,0.03593339080582439,0.03593339080582439,0.03593339080582439,0.03593339080582439,0.035933390805824396,0.03593339080582439,0.035933390805824396,0.03593339080582438,0.03593339080582439,0.03593339080582439,0.035933390805824396,0.035933390805824396,0.03593339080582439,0.03593339080582438,0.03593339080582438,0.03593339080582439,0.03593339080582439,0.035933390805824375,0.03593339080582439,0.03593339080582438,0.03593339080582438,0.03593339080582438,0.035933390805824375,0.035933390805824375,0.03593339080582437,0.03593339080582438,0.03593339080582437,0.035933390805824375,0.03593339080582436,0.03593339080582437,0.035933390805824354,0.035933390805824354,0.035933390805824354,0.03593339080582435,0.035933390805824354,0.03593339080582434,0.03593339080582434,0.03593339080582433,0.03593339080582434,0.03593339080582434,0.03593339080582434,0.035933390805824326,0.03593339080582433,0.03593339080582435,0.03593339080582434,0.035933390805824326,0.03593339080582434,0.035933390805824326,0.035933390805824326,0.03593339080582433,0.03593339080582434,0.035933390805824326,0.03593339080582433,0.03593339080582435,0.03593339080582434,0.03593339080582435,0.03593339080582433,0.03593339080582434,0.03593339080582433,0.03593339080582435,0.035933390805824354,0.03593339080582434,0.03593339080582434,0.03593339080582435,0.03593339080582434,0.03593339080582434,0.03593339080582433,0.03593339080582435,0.03593339080582433,0.03593339080582435,0.03593339080582434,0.03593339080582433,0.03593339080582434,0.03593339080582434,0.03593339080582434,0.03593339080582434,0.03593339080582433,0.03593339080582434,0.03593339080582432,0.03593339080582434,0.03593339080582433,0.03593339080582433,0.03593339080582432,0.03593339080582434,0.03593339080582433,0.035933390805824326,0.03593339080582432,0.03593339080582432,0.03593339080582431,0.03593339080582431,0.03593339080582432,0.03593339080582432,0.03593339080582431,0.03593339080582432,0.03593339080582432,0.03593339080582432,0.03593339080582431,0.03593339080582431,0.03593339080582431,0.03593339080582432,0.03593339080582431,0.03593339080582432,0.03593339080582432,0.035933390805824306,0.035933390805824306,0.03593339080582431,0.035933390805824306,0.035933390805824306,0.0359333908058243,0.035933390805824306,0.03593339080582429,0.0359333908058243,0.0359333908058243,0.035933390805824306,0.0359333908058243,0.035933390805824306,0.0359333908058243,0.035933390805824306,0.0359333908058243,0.03593339080582429,0.0359333908058243,0.0359333908058243,0.035933390805824306,0.0359333908058243,0.035933390805824306,0.0359333908058243,0.0359333908058243,0.0359333908058243,0.0359333908058243,0.0359333908058243,0.035933390805824306,0.035933390805824306,0.0359333908058243,0.035933390805824306,0.035933390805824306,0.0359333908058243,0.0359333908058243,0.0359333908058243,0.0359333908058243,0.0359333908058243,0.035933390805824306,0.035933390805824306,0.0359333908058243,0.035933390805824306,0.0359333908058243,0.0359333908058243,0.0359333908058243,0.0359333908058243,0.03593339080582429,0.0359333908058243,0.0359333908058243,0.035933390805824306,0.03593339080582431,0.03593339080582432,0.03593339080582432,0.03593339080582431,0.035933390805824306,0.0359333908058243,0.03593339080582429,0.03593339080582429,0.0359333908058243,0.0359333908058243,0.035933390805824306,0.0359333908058243,0.035933390805824306,0.035933390805824306,0.035933390805824306,0.03593339080582422,0.0359333908058242,0.0359333908058242,0.0359333908058242,0.03593339080582421,0.0359333908058242,0.0359333908058242,0.035933390805824195,0.03593339080582421,0.035933390805824195,0.0359333908058242,0.0359333908058242,0.0359333908058242,0.0359333908058242,0.035933390805824195,0.03593339080582422,0.035933390805824215,0.035933390805824215,0.0359333908058242,0.035933390805824195,0.03593339080582421,0.035933390805824215,0.0359333908058242,0.03593339080582421,0.0359333908058242,0.03593339080582418,0.03593339080582419,0.03593339080582418,0.035933390805824174,0.035933390805824174,0.03593339080582417,0.03593339080582419,0.03593339080582419,0.035933390805824195,0.03593339080582419,0.03593339080582419,0.03593339080582418,0.035933390805824174,0.03593339080582418,0.035933390805824174,0.03593339080582419,0.035933390805824195,0.035933390805824195,0.035933390805824195,0.035933390805824195,0.035933390805824195,0.03593339080582419,0.03593339080582419,0.03593339080582418,0.03593339080582419,0.03593339080582419,0.035933390805824195,0.03593339080582419,0.035933390805824195,0.03593339080582418,0.03593339080582418,0.03593339080582418,0.03593339080582419,0.03593339080582418,0.03593339080582419,0.03593339080582418,0.03593339080582419,0.035933390805824174,0.03593339080582419,0.03593339080582418,0.03593339080582418,0.03593339080582416,0.03593339080582418,0.03593339080582418,0.035933390805824195,0.0359333908058242,0.035933390805824195,0.0359333908058242,0.035933390805824195,0.035933390805824195,0.03593339080582419,0.03593339080582418,0.03593339080582418,0.035933390805824195,0.035933390805824195,0.035933390805824195,0.035933390805824195,0.035933390805824195,0.03593339080582419,0.03593339080582419,0.03593339080582419,0.03593339080582418,0.03593339080582418,0.03593339080582419,0.03593339080582419,0.03593339080582419,0.03593339080582418,0.03593339080582419,0.035933390805824174,0.03593339080582418,0.03593339080582418,0.035933390805824174,0.03593339080582419,0.03593339080582419,0.03593339080582418,0.03593339080582419,0.03593339080582419,0.035933390805824195,0.035933390805824174,0.035933390805824174,0.03593339080582417,0.03593339080582418,0.03593339080582418,0.035933390805824195,0.03593339080582419,0.03593339080582419,0.03593339080582419,0.03593339080582419,0.035933390805824174,0.03593339080582418,0.035933390805824174,0.03593339080582418,0.03593339080582418,0.03593339080582419,0.03593339080582418,0.03593339080582419,0.03593339080582418,0.035933390805824174,0.03593339080582417,0.03593339080582418,0.035933390805824174,0.03593339080582419,0.03593339080582419,0.03593339080582418,0.03593339080582419,0.03593339080582419,0.03593339080582418,0.035933390805824174,0.03593339080582418,0.03593339080582417,0.03593339080582419,0.03593339080582419,0.03593339080582419,0.035933390805824195,0.035933390805824195,0.03593339080582418,0.03593339080582418,0.03593339080582418,0.03593339080582418,0.03593339080582417,0.03593339080582418,0.035933390805824174,0.03593339080582419,0.03593339080582418,0.03593339080582418,0.035933390805824174,0.03593339080582418,0.03593339080582418,0.03593339080582419,0.035933390805824195,0.03593339080582419,0.03593339080582419,0.03593339080582418,0.03593339080582419,0.03593339080582418,0.03593339080582419,0.03593339080582419,0.03593339080582418,0.03593339080582419,0.03593339080582418,0.03593339080582418,0.03593339080582418,0.03593339080582418,0.03593339080582415,0.03593339080582417,0.035933390805824174,0.03593339080582417,0.03593339080582417,0.03593339080582417,0.03593339080582417,0.03593339080582416,0.03593339080582417,0.03593339080582417,0.03593339080582416,0.03593339080582415,0.03593339080582416,0.035933390805824146,0.03593339080582416,0.03593339080582415,0.03593339080582415,0.035933390805824146,0.03593339080582415,0.035933390805824146,0.03593339080582415,0.03593339080582415,0.03593339080582416,0.035933390805824146,0.03593339080582416,0.035933390805824146,0.035933390805824146,0.035933390805824146,0.035933390805824146,0.035933390805824146,0.035933390805824146,0.035933390805824146,0.03593339080582416,0.03593339080582415,0.03593339080582415,0.035933390805824146,0.035933390805824146,0.035933390805824146,0.03593339080582415,0.03593339080582416,0.03593339080582415,0.03593339080582417,0.03593339080582416,0.03593339080582416,0.03593339080582415,0.035933390805824146,0.03593339080582415,0.035933390805824146,0.03593339080582415,0.03593339080582416,0.03593339080582415,0.03593339080582413,0.03593339080582415,0.03593339080582416,0.03593339080582415,0.03593339080582417,0.03593339080582417,0.03593339080582417,0.03593339080582417,0.035933390805824174,0.03593339080582417,0.035933390805824174,0.03593339080582417,0.03593339080582416,0.03593339080582416,0.03593339080582416,0.03593339080582416,0.03593339080582416,0.03593339080582415,0.03593339080582416,0.03593339080582416,0.035933390805824146,0.03593339080582415,0.03593339080582415,0.035933390805824146,0.03593339080582415,0.035933390805824146,0.03593339080582415,0.035933390805824146,0.03593339080582415,0.035933390805824146,0.03593339080582415,0.035933390805824146,0.03593339080582415,0.035933390805824146,0.03593339080582415,0.035933390805824146,0.03593339080582415,0.035933390805824146,0.03593339080582415,0.03593339080582415,0.035933390805824146,0.03593339080582415,0.03593339080582415,0.03593339080582415,0.03593339080582416,0.03593339080582416,0.03593339080582416,0.03593339080582415,0.035933390805824146,0.03593339080582416,0.03593339080582415,0.03593339080582415,0.03593339080582415,0.03593339080582415,0.035933390805824146,0.03593339080582416,0.03593339080582415,0.03593339080582416,0.035933390805824146,0.035933390805824146,0.035933390805824146,0.035933390805824146,0.03593339080582415,0.03593339080582415,0.035933390805824146,0.03593339080582415,0.035933390805824146,0.035933390805824146,0.03593339080582413,0.035933390805824146,0.03593339080582414,0.035933390805824146,0.035933390805824146,0.03593339080582415,0.035933390805824146,0.03593339080582415,0.03593339080582413,0.03593339080582414,0.035933390805824125,0.035933390805824125,0.03593339080582413,0.03593339080582413,0.03593339080582414,0.03593339080582414,0.03593339080582413,0.035933390805824125,0.035933390805824125,0.035933390805824125,0.03593339080582412,0.035933390805824125,0.03593339080582412,0.03593339080582413,0.035933390805824125,0.035933390805824125,0.03593339080582413,0.035933390805824125,0.035933390805824125,0.03593339080582414,0.03593339080582413,0.03593339080582413,0.035933390805824125,0.03593339080582413,0.03593339080582413,0.035933390805824125,0.03593339080582413,0.035933390805824125,0.03593339080582413,0.035933390805824125,0.03593339080582414,0.03593339080582413,0.03593339080582413,0.035933390805824125,0.03593339080582413,0.035933390805824125,0.03593339080582413,0.03593339080582413,0.03593339080582413,0.035933390805824125,0.03593339080582413,0.035933390805824125,0.03593339080582414,0.035933390805824125,0.035933390805824125,0.03593339080582413,0.035933390805824125,0.03593339080582412,0.03593339080582413,0.03593339080582412,0.035933390805824125,0.03593339080582413,0.035933390805824125,0.03593339080582412,0.035933390805824125,0.035933390805824125,0.035933390805824125,0.035933390805824125,0.03593339080582412,0.03593339080582414,0.03593339080582411,0.03593339080582412,0.03593339080582411,0.03593339080582412,0.03593339080582411,0.03593339080582411,0.035933390805824104,0.03593339080582411,0.035933390805824104,0.03593339080582411,0.03593339080582411,0.03593339080582411,0.035933390805824104,0.035933390805824104,0.035933390805824104,0.03593339080582411,0.035933390805824104,0.03593339080582411,0.035933390805824104,0.03593339080582411,0.035933390805824104,0.03593339080582411,0.035933390805824104,0.03593339080582411,0.035933390805824104,0.03593339080582411,0.035933390805824104,0.035933390805824104,0.0359333908058241,0.03593339080582411,0.0359333908058241,0.035933390805824104,0.035933390805824104,0.03593339080582409,0.035933390805824084,0.035933390805824084,0.035933390805824084,0.03593339080582409,0.035933390805824084,0.035933390805824084,0.035933390805824084,0.035933390805824084,0.0359333908058241,0.0359333908058241,0.035933390805824084,0.03593339080582409,0.0359333908058241,0.03593339080582409,0.03593339080582409,0.035933390805824084,0.03593339080582408,0.03593339080582409,0.03593339080582409,0.035933390805824084,0.0359333908058241,0.035933390805824084,0.03593339080582409,0.035933390805824084,0.035933390805824104,0.0359333908058241,0.03593339080582411,0.035933390805824104,0.035933390805824104,0.035933390805824084,0.03593339080582409,0.03593339080582409,0.03593339080582409,0.03593339080582409,0.03593339080582411,0.03593339080582411,0.035933390805824104,0.03593339080582411,0.035933390805824104,0.035933390805824104,0.035933390805824104,0.03593339080582411,0.035933390805824104,0.03593339080582412,0.03593339080582411,0.03593339080582411,0.0359333908058241,0.03593339080582411,0.035933390805824104,0.035933390805824104,0.035933390805824104,0.03593339080582411,0.035933390805824104,0.03593339080582411,0.0359333908058241,0.035933390805824104,0.035933390805824104,0.0359333908058241,0.035933390805824104,0.03593339080582412,0.03593339080582411,0.03593339080582412,0.03593339080582411,0.035933390805824104,0.035933390805824104,0.035933390805824104,0.035933390805824104,0.035933390805824104,0.035933390805824104,0.03593339080582411,0.035933390805824125,0.03593339080582411,0.03593339080582412,0.035933390805824104,0.03593339080582411,0.035933390805824104,0.03593339080582412,0.03593339080582411,0.03593339080582412,0.03593339080582412,0.03593339080582412,0.03593339080582411,0.03593339080582411,0.035933390805824104,0.03593339080582411,0.035933390805824104,0.03593339080582411,0.03593339080582411,0.03593339080582412,0.03593339080582411,0.03593339080582411,0.03593339080582411,0.03593339080582411,0.03593339080582411,0.03593339080582412,0.03593339080582412,0.03593339080582412,0.03593339080582411,0.03593339080582411,0.035933390805824104,0.035933390805824104,0.03593339080582412,0.03593339080582411,0.03593339080582412,0.03593339080582411,0.03593339080582411,0.03593339080582412,0.03593339080582411,0.035933390805824104,0.03593339080582411,0.03593339080582411,0.03593339080582411,0.03593339080582412,0.03593339080582412,0.03593339080582412,0.03593339080582411,0.035933390805824104,0.03593339080582411,0.035933390805824104,0.03593339080582411,0.035933390805824104,0.03593339080582411,0.03593339080582411,0.03593339080582411,0.03593339080582411,0.035933390805824104,0.035933390805824104,0.035933390805824104,0.03593339080582411,0.03593339080582411,0.03593339080582411,0.03593339080582412,0.035933390805824104,0.035933390805824104,0.035933390805824104,0.03593339080582411,0.035933390805824104,0.03593339080582411,0.035933390805824104,0.03593339080582411,0.03593339080582411,0.03593339080582411,0.0359333908058241,0.035933390805824104,0.035933390805824084,0.03593339080582409,0.0359333908058241,0.035933390805824104,0.035933390805824084,0.03593339080582409,0.0359333908058241,0.035933390805824084,0.03593339080582408,0.035933390805824084,0.035933390805824084,0.035933390805824104,0.03593339080582409,0.0359333908058241,0.03593339080582409,0.035933390805824104,0.035933390805824104,0.035933390805824104,0.035933390805824104,0.0359333908058241,0.035933390805824104,0.0359333908058241,0.03593339080582411,0.03593339080582411,0.035933390805824104,0.03593339080582411,0.03593339080582411,0.0359333908058241,0.035933390805824104,0.035933390805824125,0.03593339080582411,0.03593339080582411,0.03593339080582411,0.03593339080582411,0.03593339080582411,0.03593339080582411,0.035933390805824104,0.0359333908058241,0.03593339080582411,0.03593339080582412,0.035933390805824104,0.03593339080582411,0.03593339080582411,0.03593339080582412,0.03593339080582411,0.03593339080582412,0.035933390805824104,0.03593339080582411,0.03593339080582411,0.03593339080582411,0.035933390805824104,0.03593339080582411,0.035933390805824104,0.035933390805824104,0.035933390805824104,0.035933390805824104,0.03593339080582411,0.03593339080582411,0.035933390805824104,0.03593339080582411,0.03593339080582411,0.03593339080582412,0.035933390805824104,0.035933390805824104,0.0359333908058241,0.035933390805824104,0.035933390805824104,0.03593339080582411,0.035933390805824104,0.03593339080582411,0.03593339080582411,0.035933390805824104,0.035933390805824104,0.0359333908058241,0.035933390805824104,0.0359333908058241,0.035933390805824084,0.03593339080582409,0.035933390805824084,0.035933390805824084,0.03593339080582408,0.035933390805824084,0.03593339080582409,0.03593339080582409,0.0359333908058241,0.035933390805824084,0.03593339080582409,0.035933390805824084,0.035933390805824084,0.035933390805824084,0.035933390805824084,0.035933390805824084,0.0359333908058241,0.03593339080582409,0.035933390805824084,0.03593339080582408,0.03593339080582409,0.03593339080582409,0.03593339080582408,0.03593339080582408,0.03593339080582408,0.0359333908058241,0.035933390805824084,0.03593339080582408,0.03593339080582408,0.03593339080582407,0.03593339080582408,0.03593339080582408,0.03593339080582409,0.03593339080582409,0.035933390805824084,0.03593339080582409,0.035933390805824084,0.035933390805824084,0.03593339080582408,0.035933390805824084,0.035933390805824084,0.03593339080582409,0.03593339080582409,0.03593339080582409,0.035933390805824084,0.035933390805824084,0.035933390805824084,0.035933390805824084,0.035933390805824084,0.03593339080582409,0.03593339080582409,0.0359333908058241,0.035933390805824084,0.03593339080582409,0.03593339080582409,0.035933390805824084,0.03593339080582411,0.035933390805824104,0.0359333908058241,0.035933390805824104,0.03593339080582411,0.035933390805824104,0.03593339080582411,0.035933390805824104,0.035933390805824104,0.035933390805824104,0.03593339080582411,0.035933390805824104,0.03593339080582411,0.03593339080582411,0.03593339080582411,0.0359333908058241,0.0359333908058241,0.035933390805824104,0.03593339080582411,0.035933390805824104,0.03593339080582412,0.03593339080582411,0.035933390805824104,0.03593339080582411,0.035933390805824104,0.035933390805824104,0.03593339080582411,0.03593339080582411,0.03593339080582411,0.03593339080582412,0.03593339080582411,0.03593339080582412,0.03593339080582411,0.03593339080582411,0.035933390805824104,0.03593339080582411,0.03593339080582411,0.03593339080582411,0.03593339080582411,0.03593339080582411,0.035933390805824104,0.03593339080582411,0.035933390805824104,0.0359333908058241,0.03593339080582411,0.03593339080582411,0.03593339080582411,0.03593339080582411,0.035933390805824104,0.03593339080582411,0.035933390805824104,0.03593339080582411,0.035933390805824104,0.03593339080582411,0.035933390805824084,0.0359333908058241,0.03593339080582411,0.035933390805824104,0.03593339080582411,0.035933390805824104,0.03593339080582411,0.035933390805824104,0.03593339080582411,0.03593339080582411,0.03593339080582411,0.035933390805824104,0.035933390805824104,0.03593339080582411,0.03593339080582411,0.035933390805824104,0.03593339080582412,0.03593339080582412,0.035933390805824104,0.0359333908058241,0.035933390805824104,0.035933390805824104,0.03593339080582411,0.03593339080582411,0.035933390805824104,0.03593339080582412,0.03593339080582411,0.03593339080582411,0.035933390805824104,0.0359333908058241,0.035933390805824104,0.0359333908058241,0.03593339080582411,0.03593339080582412,0.03593339080582411,0.03593339080582412,0.0359333908058241,0.03593339080582409,0.035933390805824104,0.03593339080582411,0.03593339080582411,0.03593339080582412,0.03593339080582412,0.03593339080582412,0.035933390805824104,0.03593339080582411,0.03593339080582411,0.03593339080582411,0.03593339080582411,0.035933390805824125,0.03593339080582411,0.03593339080582411,0.03593339080582413,0.03593339080582412,0.03593339080582411,0.03593339080582412,0.035933390805824125,0.035933390805824125,0.035933390805824125,0.035933390805824125,0.03593339080582413,0.035933390805824125,0.03593339080582413,0.035933390805824125,0.03593339080582413,0.03593339080582413,0.035933390805824146,0.035933390805824146,0.03593339080582414,0.035933390805824125,0.035933390805824125,0.035933390805824125,0.035933390805824125,0.035933390805824125,0.035933390805824125,0.03593339080582412,0.035933390805824125,0.03593339080582412,0.035933390805824125,0.03593339080582412,0.03593339080582413,0.03593339080582414,0.035933390805824125,0.03593339080582414,0.03593339080582413,0.03593339080582413,0.035933390805824125,0.03593339080582413,0.03593339080582413,0.03593339080582412,0.03593339080582413,0.03593339080582413,0.03593339080582413,0.03593339080582413,0.035933390805824125,0.03593339080582413,0.03593339080582413,0.03593339080582413,0.035933390805824125,0.035933390805824125,0.035933390805824125,0.03593339080582413,0.035933390805824125,0.035933390805824125,0.035933390805824125,0.035933390805824125,0.03593339080582412,0.03593339080582412,0.03593339080582412,0.035933390805824125,0.03593339080582412,0.03593339080582412,0.035933390805824104,0.03593339080582411,0.035933390805824104,0.03593339080582411,0.035933390805824104,0.03593339080582411,0.035933390805824104,0.03593339080582411,0.035933390805824104,0.03593339080582411,0.035933390805824104,0.03593339080582411,0.03593339080582412,0.03593339080582411,0.03593339080582412,0.03593339080582411,0.03593339080582411,0.035933390805824104,0.03593339080582411,0.03593339080582411,0.035933390805824104,0.035933390805824104,0.03593339080582411,0.03593339080582411,0.035933390805824104,0.035933390805824104,0.035933390805824104,0.035933390805824104,0.035933390805824104,0.035933390805824104,0.03593339080582411,0.035933390805824104,0.03593339080582411,0.035933390805824104,0.0359333908058241,0.03593339080582411,0.035933390805824104,0.0359333908058241,0.035933390805824104,0.035933390805824104,0.035933390805824104,0.0359333908058241,0.0359333908058241,0.03593339080582411,0.03593339080582411,0.03593339080582411,0.03593339080582411,0.03593339080582411,0.03593339080582411,0.03593339080582412,0.03593339080582411,0.03593339080582411,0.03593339080582411,0.03593339080582411,0.03593339080582411,0.03593339080582412,0.03593339080582411,0.03593339080582412,0.035933390805824104,0.03593339080582411,0.035933390805824104,0.03593339080582412,0.03593339080582411,0.03593339080582411,0.03593339080582412,0.03593339080582411,0.03593339080582411,0.03593339080582411,0.03593339080582412,0.03593339080582411,0.03593339080582412,0.03593339080582411,0.03593339080582411,0.03593339080582411,0.03593339080582412,0.035933390805824104,0.03593339080582412,0.035933390805824104,0.035933390805824104,0.0359333908058241,0.03593339080582411,0.03593339080582411,0.03593339080582411,0.03593339080582411,0.035933390805824104,0.035933390805824104,0.035933390805824104,0.03593339080582412,0.03593339080582411,0.035933390805824104,0.035933390805824104,0.03593339080582412,0.035933390805824104,0.035933390805824104,0.035933390805824104,0.03593339080582412,0.03593339080582411,0.03593339080582412,0.03593339080582411,0.03593339080582411,0.035933390805824104,0.03593339080582411,0.03593339080582411,0.03593339080582411,0.035933390805824104,0.03593339080582411,0.03593339080582412,0.03593339080582411,0.035933390805824104,0.03593339080582412,0.03593339080582412,0.03593339080582412,0.03593339080582411,0.03593339080582412,0.03593339080582411,0.03593339080582411,0.035933390805824104,0.03593339080582411,0.03593339080582411,0.035933390805824104,0.03593339080582411,0.035933390805824104,0.03593339080582411,0.035933390805824104,0.03593339080582411,0.03593339080582411,0.03593339080582411,0.0359333908058241,0.0359333908058241,0.03593339080582409,0.03593339080582411,0.035933390805824104,0.035933390805824104,0.03593339080582411,0.03593339080582411,0.03593339080582411,0.03593339080582412,0.03593339080582411,0.03593339080582411,0.03593339080582411,0.035933390805824104,0.035933390805824104,0.035933390805824104,0.035933390805824104,0.03593339080582411,0.035933390805824104,0.03593339080582412,0.03593339080582412,0.03593339080582412,0.03593339080582412,0.03593339080582412,0.03593339080582412,0.03593339080582412,0.03593339080582412,0.03593339080582412,0.03593339080582412,0.03593339080582411,0.03593339080582411,0.03593339080582411,0.035933390805824104,0.035933390805824104,0.03593339080582411,0.035933390805824104,0.035933390805824104,0.0359333908058241,0.035933390805824104,0.0359333908058241,0.035933390805824104,0.0359333908058241,0.035933390805824104,0.0359333908058241,0.03593339080582411,0.035933390805824104,0.035933390805824104,0.0359333908058241,0.035933390805824104,0.03593339080582411,0.035933390805824104,0.03593339080582411,0.035933390805824104,0.0359333908058241,0.0359333908058241,0.03593339080582409,0.03593339080582409,0.035933390805824104,0.035933390805824104,0.035933390805824104,0.0359333908058241,0.0359333908058241,0.035933390805824084,0.03593339080582409,0.035933390805824104,0.035933390805824104,0.035933390805824104,0.03593339080582411,0.0359333908058241,0.035933390805824104,0.03593339080582411,0.03593339080582411,0.035933390805824104,0.035933390805824104,0.035933390805824104,0.035933390805824104,0.035933390805824104,0.03593339080582409,0.035933390805824104,0.03593339080582409,0.03593339080582409,0.03593339080582409,0.0359333908058241,0.03593339080582409,0.035933390805824084,0.0359333908058241,0.0359333908058241,0.03593339080582409,0.035933390805824104,0.03593339080582409,0.03593339080582409,0.035933390805824104,0.035933390805824104,0.0359333908058241,0.035933390805824104,0.035933390805824084,0.03593339080582409,0.03593339080582409,0.035933390805824104,0.03593339080582411,0.0359333908058241,0.0359333908058241,0.0359333908058241,0.035933390805824104,0.035933390805824104,0.03593339080582411
9,6.559108174939785e-44,1.9096104291225703e-43,3.805634728113337e-43,6.4111150721674674e-43,9.793737287410665e-43,1.4022966046325204e-42,1.9170863374417142e-42,2.5312037880659285e-42,3.252325566469115e-42,4.088298420320266e-42,5.047097767148419e-42,6.13679371342126e-42,7.365524721119907e-42,8.741477896224005e-42,1.0272874578450748e-41,1.1967959985642784e-41,1.3834995868745897e-41,1.5882255355673856e-41,1.811801936205463e-41,2.0550574110062817e-41,2.3188209423375356e-41,2.6039217561380815e-41,2.911189242559819e-41,3.2414529021554385e-41,3.595542309512635e-41,3.974287088753729e-41,4.378516897073915e-41,4.809061413708179e-41,5.266750332553376e-41,5.752413357244298e-41,6.26688019787356e-41,6.810980568810511e-41,7.385544187253294e-41,7.991400772268725e-41,8.629380044156794e-41,9.30031172403034e-41,1.000502553353751e-40,1.0744351194678627e-40,1.1519118429685607e-40,1.2330156960942296e-40,1.3178296510932564e-40,1.4064366802205565e-40,1.498919755735338e-40,1.595361849899623e-40,1.69584593497727e-40,1.8004549832333432e-40,1.9092719669336845e-40,2.0223798583446955e-40,2.1398616297329996e-40,2.261800253365548e-40,2.388278701509411e-40,2.5193799464317157e-40,2.655186960399704e-40,2.7957827156806133e-40,2.941250184541741e-40,3.091672339250371e-40,3.2471321520738125e-40,3.407712595279389e-40,3.573496641134391e-40,3.7445672619061535e-40,3.921007429862005e-40,4.10290011726927e-40,4.2903282963952704e-40,4.483374939507333e-40,4.682123018872786e-40,4.88665550675895e-40,5.0970553754331605e-40,5.3134055971627314e-40,5.535789144215002e-40,5.7642889888573094e-40,5.9989881033569504e-40,6.239969459981263e-40,6.487316030997564e-40,6.741110788673216e-40,7.001436705275528e-40,7.268376753071823e-40,7.542013904329429e-40,7.822431131315669e-40,8.109711406297877e-40,8.403937701543385e-40,8.705192989319504e-40,9.013560241893599e-40,9.329122431532944e-40,9.651962530504907e-40,9.982163511076788e-40,1.0319808345515924e-39,1.0664980006089638e-39,1.1017761465065254e-39,1.1378235694710107e-39,1.1746485667291519e-39,1.2122594355076828e-39,1.2506644730333358e-39,1.2898719765328431e-39,1.3298902432329344e-39,1.3707275703603573e-39,1.4123922551418246e-39,1.4548925948040788e-39,1.4982368865738493e-39,1.5424334276778698e-39,1.5874905153428728e-39,1.6334164467955935e-39,1.680219519262764e-39,1.7279080299711177e-39,1.7764902761473837e-39,1.8259745550182984e-39,1.8763691638105915e-39,1.927682399750997e-39,1.979922560066248e-39,2.033097941983075e-39,2.087216842728212e-39,2.1422875595283903e-39,2.1983183896103463e-39,2.255317630200811e-39,2.313293578526517e-39,2.372254531814196e-39,2.432208787290583e-39,2.493164642182408e-39,2.5551303937164088e-39,2.6181143391193122e-39,2.682124775617848e-39,2.7471700004387606e-39,2.813258310808774e-39,2.880398003954621e-39,2.948597377103038e-39,3.0178647274807564e-39,3.088208352314507e-39,3.159636548831025e-39,3.232157614257044e-39,3.305779845819297e-39,3.3805115407445106e-39,3.4563609962594244e-39,3.533336509590763e-39,3.611446377965265e-39,3.690698898609664e-39,3.7711023687506924e-39,3.8526650856150793e-39,3.9353953464295596e-39,4.0193014484208657e-39,4.104391688815729e-39,4.190674364840889e-39,4.278157773723063e-39,4.366850212688996e-39,4.4567599789654234e-39,4.5478953697790756e-39,4.6402646823566824e-39,4.733876213924974e-39,4.828738261710689e-39,4.924859122940556e-39,5.022247094841309e-39,5.12091047463968e-39,5.220857559562399e-39,5.3220966468362067e-39,5.424636033687832e-39,5.5284840173440024e-39,5.633648895031456e-39,5.7401389639769246e-39,5.8479625214071405e-39,5.95712786454884e-39,6.067643290628753e-39,6.179517096873611e-39,6.292757580510146e-39,6.407373038765088e-39,6.523371768865177e-39,6.640762068037148e-39,6.759552233507726e-39,6.879750562503641e-39,7.001365352251631e-39,7.124404899978432e-39,7.248877502910767e-39,7.374791458275383e-39,7.502155063299005e-39,7.630976615208358e-39,7.761264411230186e-39,7.893026748591215e-39,8.026271924518178e-39,8.16100823623781e-39,8.297243980976844e-39,8.434987455962015e-39,8.574246958420055e-39,8.715030785577692e-39,8.857347234661656e-39,9.00120460289869e-39,9.146611187515522e-39,9.293575285738889e-39,9.442105194795517e-39,9.592209211912138e-39,9.743895634315487e-39,9.897172759232298e-39,1.0052048883889302e-38,1.0208532305513235e-38,1.0366631321330827e-38,1.0526354228568811e-38,1.0687709324453923e-38,1.0850704906212892e-38,1.1015349271072452e-38,1.1181650716259329e-38,1.1349617539000268e-38,1.1519258036521991e-38,1.169058050605123e-38,1.1863593244814725e-38,1.2038304550039204e-38,1.22147227189514e-38,1.2392856048778047e-38,1.2572712836745874e-38,1.2754301380081618e-38,1.2937629976012024e-38,1.3122706921763806e-38,1.330954051456371e-38,1.3498139051638456e-38,1.3688510830214787e-38,1.388066414751943e-38,1.407460730077912e-38,1.4270348587220593e-38,1.446789630407057e-38,1.466725874855579e-38,1.486844421790299e-38,1.5071461009338905e-38,1.5276317420090258e-38,1.5483021747383784e-38,1.5691582288446225e-38,1.5902007340504305e-38,1.611430520078475e-38,1.6328484166514306e-38,1.6544552534919699e-38,1.6762518603227662e-38,1.6982390668664937e-38,1.7204177028458246e-38,1.7427885979834327e-38,1.7653525820019909e-38,1.7881104846241728e-38,1.8110631355726507e-38,1.8342113645700988e-38,1.8575560013391907e-38,1.8810978756025988e-38,1.904837817082997e-38,1.9287766555030578e-38,1.952915220585456e-38,1.9772543420528639e-38,2.001794849627955e-38,2.0265375730334015e-38,2.0514833419918767e-38,2.0766329862260552e-38,2.1019873354586098e-38,2.1275472194122137e-38,2.1533134678095402e-38,2.1792869103732646e-38,2.2054683768260569e-38,2.2318586968905899e-38,2.2584587002895394e-38,2.2852692167455772e-38,2.312291075981378e-38,2.3395251077196127e-38,2.3669721416829575e-38,2.394633007594085e-38,2.422508535175666e-38,2.450599554150377e-38,2.4789068942408917e-38,2.5074313851698783e-38,2.536173856660014e-38,2.565135138433972e-38,2.594316060214424e-38,2.623717451724044e-38,2.6533401426855065e-38,2.683184962821483e-38,2.7132527418546473e-38,2.743544309507673e-38,2.774060495503233e-38,2.8048021295639996e-38,2.8357700414126485e-38,2.866965060771852e-38,2.8983880173642824e-38,2.9300397409126137e-38,2.961921061139519e-38,2.994032807767672e-38,3.026375810519745e-38,3.0589508991184116e-38,3.091758903286346e-38,3.124800652746221e-38,3.158076977220709e-38,3.191588706432484e-38,3.225336670104218e-38,3.2593216979585875e-38,3.293544619718263e-38,3.3280062651059177e-38,3.362707463844227e-38,3.3976490456558635e-38,3.4328318402635e-38,3.4682566773898093e-38,3.503924386757464e-38,3.539835798089138e-38,3.575991741107505e-38,3.6123930455352395e-38,3.649040541095014e-38,3.6859350575094995e-38,3.723077424501372e-38,3.760468471793306e-38,3.7981090291079705e-38,3.835999926168042e-38,3.8741419926961983e-38,3.9125360584151005e-38,3.951182953047429e-38,3.9900835063158597e-38,4.0292385479430587e-38,4.0686489076517016e-38,4.1083154151644674e-38,4.148238900204023e-38,4.188420192493043e-38,4.2288601217542025e-38,4.269559517710174e-38,4.3105192100836317e-38,4.351740028597246e-38,4.393222802973693e-38,4.4349683629356446e-38,4.476977538205774e-38,4.519251158506755e-38,4.5617900535612605e-38,4.6045950530919635e-38,4.64766698682154e-38,4.6910066844726603e-38,4.734614975767996e-38,4.778492690430224e-38,4.822640658182018e-38,4.867059708746048e-38,4.91175067184499e-38,4.956714377201516e-38,5.001951654538302e-38,5.047463333578017e-38,5.093250244043338e-38,5.139313215656934e-38,5.185653078141483e-38,5.232270661219655e-38,5.279166794614125e-38,5.326342308047563e-38,5.373798031242647e-38,5.421534793922045e-38,5.469553425808433e-38,5.517854756624488e-38,5.566439616092878e-38,5.615308833936277e-38,5.664463239877361e-38,5.713903663638802e-38,5.76363093494327e-38,5.813645883513442e-38,5.86394933907199e-38,5.914542131341587e-38,5.965425090044908e-38,6.016599044904626e-38,6.068064825643411e-38,6.11982326198394e-38,6.171875183648885e-38,6.224221420360919e-38,6.276862801842717e-38,6.32980015781695e-38,6.38303431800629e-38,6.436566112133414e-38,6.490396369920993e-38,6.544525921091701e-38,6.598955595368213e-38,6.653686222473198e-38,6.708718632129331e-38,6.764053654059287e-38,6.819692117985737e-38,6.875634853631355e-38,6.931882690718821e-38,6.988436458970796e-38,7.045296988109961e-38,7.102465107858985e-38,7.159941647940547e-38,7.217727438077321e-38,7.275823307991969e-38,7.334230087407171e-38,7.3929486060456e-38,7.45197969362993e-38,7.511324179882834e-38,7.570982894526988e-38,7.630956667285063e-38,7.691246327879732e-38,7.751852706033668e-38,7.812776631469544e-38,7.874018933910034e-38,7.935580443077812e-38,7.997461988695551e-38,8.059664400485925e-38,8.122188508171605e-38,8.185035141475267e-38,8.24820513011958e-38,8.31169930382722e-38,8.37551849232086e-38,8.439663525323178e-38,8.504135232556838e-38,8.568934443744518e-38,8.634061988608894e-38,8.699518696872637e-38,8.765305398258419e-38,8.831422922488916e-38,8.897872099286805e-38,8.964653758374745e-38,9.031768729475418e-38,9.099217842311499e-38,9.167001926605658e-38,9.235121812080569e-38,9.303578328458905e-38,9.37237230546334e-38,9.441504572816553e-38,9.510975960241206e-38,9.58078729745998e-38,9.650939414195547e-38,9.721433140170578e-38,9.792269305107748e-38,9.863448738729733e-38,9.934972270759203e-38,1.000684073091883e-37,1.007905494893129e-37,1.0151615754519258e-37,1.0224523977405398e-37,1.0297780447312394e-37,1.0371385993962912e-37,1.0445341447079634e-37,1.051964763638522e-37,1.0594305391602356e-37,1.0669315542453706e-37,1.0744678918661954e-37,1.0820396349949765e-37,1.0896468666039812e-37,1.0972896696654773e-37,1.1049681271517319e-37,1.1126823220350121e-37,1.1204323372875863e-37,1.128218255881721e-37,1.136040160789682e-37,1.1438981349837385e-37,1.1517922614361573e-37,1.1597226231192061e-37,1.1676893030051516e-37,1.1756923840662616e-37,1.1837319492748037e-37,1.1918080816030446e-37,1.1999208640232516e-37,1.2080703795076927e-37,1.2162567110286344e-37,1.224479941558345e-37,1.2327401540690909e-37,1.2410374315331398e-37,1.249371856922759e-37,1.2577435132102155e-37,1.2661524833677772e-37,1.2745988503677113e-37,1.283082697182285e-37,1.291604106783766e-37,1.3001631621444213e-37,1.3087599462365178e-37,1.3173945420323237e-37,1.326067032504105e-37,1.3347775006241307e-37,1.3435260293646668e-37,1.3523127016979819e-37,1.3611376005963425e-37,1.3700008090320162e-37,1.3789024099772697e-37,1.387842486404372e-37,1.3968211212855877e-37,1.4058383975931863e-37,1.4148943982994341e-37,1.4239892063765987e-37,1.4331229047969477e-37,1.4422955765327474e-37,1.4515073045562669e-37,1.460758171839772e-37,1.4700482613555309e-37,1.4793776560758106e-37,1.4887464389728783e-37,1.4981546930190022e-37,1.5076025011864486e-37,1.5170899464474853e-37,1.5266171117743792e-37,1.5361840801393977e-37,1.5457909345148085e-37,1.555437757872879e-37,1.5651246331858762e-37,1.5748516434260674e-37,1.58461887156572e-37,1.5944264005771026e-37,1.6042743134324802e-37,1.6141626931041211e-37,1.6240916225642932e-37,1.6340611847852632e-37,1.644071462739298e-37,1.654122539398666e-37,1.6642144977356344e-37,1.6743474207224696e-37,1.6845213913314399e-37,1.6947364925348121e-37,1.704992807304854e-37,1.7152904186138328e-37,1.725629409434015e-37,1.7360098627376686e-37,1.7464318614970608e-37,1.7568954886844593e-37,1.767400827272131e-37,1.7779479602323435e-37,1.7885369705373636e-37,1.7991679411594592e-37,1.8098409550708972e-37,1.8205560952439468e-37,1.8313134446508722e-37,1.8421130862639425e-37,1.8529551030554238e-37,1.8638395779975847e-37,1.8747665940626932e-37,1.885736234223014e-37,1.896748581450817e-37,1.907803718718368e-37,1.9189017289979353e-37,1.9300426952617857e-37,1.941226700482186e-37,1.952453827631405e-37,1.9637241596817087e-37,1.9750377796053656e-37,1.9863947703746425e-37,1.9977952149618062e-37,2.0092391963391247e-37,2.0207267974788664e-37,2.032258101353296e-37,2.043833190934681e-37,2.0554521491952907e-37,2.0671150591073907e-37,2.0788220036432487e-37,2.0905730657751334e-37,2.1023683284753114e-37,2.11420787471605e-37,2.126091787469616e-37,2.138020149708278e-37,2.1499930444043014e-37,2.162010554529955e-37,2.1740727630575057e-37,2.1861797529592214e-37,2.198331607207368e-37,2.210528408774214e-37,2.222770240632026e-37,2.235057185753073e-37,2.2473893271096194e-37,2.259766747673935e-37,2.2721895304182868e-37,2.2846577583149414e-37,2.297171514336165e-37,2.3097308814542277e-37,2.3223359426413954e-37,2.3349867808699346e-37,2.347683479112114e-37,2.3604261203401995e-37,2.3732147875264595e-37,2.3860495636431618e-37,2.3989305316625733e-37,2.411857774556961e-37,2.424831375298592e-37,2.437851416859734e-37,2.4509179822126543e-37,2.4640311543296207e-37,2.4771910161828997e-37,2.490397650744759e-37,2.5036511409874657e-37,2.516951569883288e-37,2.5302990204044917e-37,2.543693575523345e-37,2.5571353182121157e-37,2.5706243314430706e-37,2.5841606981884767e-37,2.597744501420602e-37,2.6113758241117137e-37,2.625054749234079e-37,2.6387813597599647e-37,2.652555738661639e-37,2.666377968911369e-37,2.6802481334814214e-37,2.6941663153440646e-37,2.708132597471564e-37,2.7221470628361888e-37,2.736209794410206e-37,2.7503208751658825e-37,2.7644803880754853e-37,2.7786884161112826e-37,2.792945042245542e-37,2.8072503494505292e-37,2.821604420698514e-37,2.8360073389617627e-37,2.8504591872125404e-37,2.864960048423118e-37,2.8795100055657592e-37,2.8941091416127335e-37,2.9087575395363077e-37,2.923455282308748e-37,2.9382024529023247e-37,2.952999134289303e-37,2.9678454094419518e-37,2.982741361332537e-37,2.9976870729333258e-37,3.0126826272165867e-37,3.027728107154586e-37,3.042823595719591e-37,3.05796917588387e-37,3.0731649306196884e-37,3.0884109428993155e-37,3.1037072956950175e-37,3.1190540719790626e-37,3.1344513547237177e-37,3.14989922690125e-37,3.165397771483927e-37,3.1809470714440162e-37,3.1965472097537846e-37,3.2121982693854987e-37,3.227900333311428e-37,3.243653484503837e-37,3.259457805934996e-37,3.275313380577168e-37,3.2912202914026266e-37,3.307178621383634e-37,3.32318845349246e-37,3.3392498707013717e-37,3.3553629559826353e-37,3.3715277923085195e-37,3.387744462651289e-37,3.4040130499832153e-37,3.4203336372765625e-37,3.4367063075035993e-37,3.453131143636593e-37,3.469608228647811e-37,3.4861376455095186e-37,3.5027194771939868e-37,3.5193538066734797e-37,3.5360407169202657e-37,3.5527802909066116e-37,3.5695726116047866e-37,3.5864177619870566e-37,3.603315825025688e-37,3.62026688369295e-37,3.6372710209611078e-37,3.654328319802431e-37,3.671438863189186e-37,3.6886027340936395e-37,3.70582001548806e-37,3.7230907903447147e-37,3.7404151416358707e-37,3.7577931523337944e-37,3.775224905410754e-37,3.792710483839016e-37,3.810249970590849e-37,3.82784344863852e-37,3.845491000954296e-37,3.863192710510444e-37,3.8809486602792315e-37,3.898758933232926e-37,3.916623612343796e-37,3.934542780584108e-37,3.952516520926128e-37,3.970544916342124e-37,3.988628049804363e-37,4.006766004285115e-37,4.024958862756644e-37,4.043206708191219e-37,4.0615096235611075e-37,4.079867691838575e-37,4.098280995995892e-37,4.116749619005324e-37,4.135273643839137e-37,4.1538531534695995e-37,4.172488230868978e-37,4.191178959009543e-37,4.2099254208635575e-37,4.228727699403292e-37,4.2475858776010125e-37,4.266500038428988e-37,4.285470264859482e-37,4.304496639864765e-37,4.323579246417104e-37,4.342718167488766e-37,4.3619134860520176e-37,4.381165285079128e-37,4.400473647542363e-37,4.41983865641399e-37,4.439260394666276e-37,4.45873894527149e-37,4.478274391201897e-37,4.4978668154297644e-37,4.517516300927361e-37,4.537222930666954e-37,4.556986787620811e-37,4.5768079547611986e-37,4.596686515060385e-37,4.616622551490636e-37,4.6366161470242205e-37,4.656667384633405e-37,4.676776347290457e-37,4.696943117967643e-37,4.717167779637231e-37,4.73745041527149e-37,4.757791107842685e-37,4.778189940323083e-37,4.798646995684953e-37,4.819162356900561e-37,4.839736106942177e-37,4.860368328782064e-37,4.8810591053924935e-37,4.901808519745731e-37,4.922616654814044e-37,4.943483593569699e-37,4.964409418984964e-37,4.985394214032106e-37,5.0064380616833935e-37,5.027541044911094e-37,5.048703246687473e-37,5.069924749984799e-37,5.091205637775337e-37,5.112545993031356e-37,5.133945898725126e-37,5.1554054378289104e-37,5.17692469331498e-37,5.198503748155599e-37,5.220142685323035e-37,5.241841587789557e-37,5.2636005385274306e-37,5.2854196205089254e-37,5.307298916706305e-37,5.32923851009184e-37,5.351238483637799e-37,5.373298920316446e-37,5.395419903100048e-37,5.417601514960876e-37,5.4398438388711946e-37,5.462146957803271e-37,5.484510954729374e-37,5.5069359126217704e-37,5.529421914452728e-37,5.551969043194513e-37,5.574577381819393e-37,5.597247013299635e-37,5.619978020607508e-37,5.642770486715277e-37,5.665624494595212e-37,5.688540127219578e-37,5.7115174675606455e-37,5.734556598590678e-37,5.7576576032819435e-37,5.780820564606711e-37,5.804045565537247e-37,5.827332689045816e-37,5.850682018104692e-37,5.874093635686137e-37,5.897567624762419e-37,5.921104068305806e-37,5.9447030492885665e-37,5.968364650682966e-37,5.9920889554612735e-37,6.015876046595753e-37,6.039726007058679e-37,6.063638919822309e-37,6.087614867858917e-37,6.11165393414077e-37,6.135756201640132e-37,6.159921753329273e-37,6.18415067218046e-37,6.208443041165959e-37,6.232798943258038e-37,6.257218461428967e-37,6.281701678651009e-37,6.3062486778964344e-37,6.330859542137509e-37,6.355534354346501e-37,6.380273197495676e-37,6.405076154557304e-37,6.429943308503648e-37,6.454874742306982e-37,6.4798705389395685e-37,6.504930781373676e-37,6.530055552581572e-37,6.555244935535523e-37,6.580499013207794e-37,6.605817868570658e-37,6.6312015845963804e-37,6.656650244257225e-37,6.682163930525465e-37,6.707742726373361e-37,6.733386714773188e-37,6.759095978697208e-37,6.78487060111769e-37,6.8107106650069005e-37,6.836616253337107e-37,6.8625874490805785e-37,6.888624335209578e-37,6.914726994696376e-37,6.94089551051324e-37,6.967129965632438e-37,6.993430443026235e-37,7.0197970256668994e-37,7.046229796526698e-37,7.072728838577899e-37,7.099294234792769e-37,7.125926068143578e-37,7.152624421602589e-37,7.179389378142075e-37,7.2062210207342986e-37,7.233119432351526e-37,7.260084695966028e-37,7.287116894550073e-37,7.314216111075924e-37,7.341382428515852e-37,7.368615929842122e-37,7.3959166980270005e-37,7.4232848160427585e-37,7.450720366861659e-37,7.478223433455973e-37,7.505794098797966e-37,7.533432445859904e-37,7.561138557614058e-37,7.588912517032693e-37,7.616754407088078e-37,7.644664310752477e-37,7.67264231099816e-37,7.70068849079739e-37,7.728802933122441e-37,7.756985720945575e-37,7.785236937239064e-37,7.813556664975174e-37,7.84194498712617e-37,7.870401986664322e-37,7.898927746561893e-37,7.927522349791153e-37,7.956185879324374e-37,7.984918418133819e-37,8.01372004919175e-37,8.042590855470443e-37,8.07153091994216e-37,8.100540325579175e-37,8.129619155353746e-37,8.158767492238146e-37,8.187985419204643e-37,8.217273019225503e-37,8.24663037527299e-37,8.276057570319376e-37,8.305554687336926e-37,8.335121809297907e-37,8.364759019174589e-37,8.394466399939233e-37,8.424244034564113e-37,8.454092006021494e-37,8.484010397283642e-37,8.513999291322825e-37,8.544058771111312e-37,8.574188919621374e-37,8.604389819825267e-37,8.63466155469527e-37,8.665004207203645e-37,8.69541786032266e-37,8.72590259702458e-37,8.756458500281676e-37,8.787085653066215e-37,8.81778413835046e-37,8.848554039106682e-37,8.87939543830715e-37,8.910308418924125e-37,8.941293063929883e-37,8.972349456296685e-37,9.003477678996801e-37,9.034677815002496e-37,9.06594994728604e-37,9.097294158819696e-37,9.128710532575738e-37,9.160199151526425e-37,9.191760098644035e-37,9.223393456900825e-37,9.255099309269067e-37,9.28687773872103e-37,9.318728828228977e-37,9.35065266076518e-37,9.382649319301902e-37,9.414718886811412e-37,9.44686144626598e-37,9.479077080637869e-37,9.511365872899349e-37,9.543727906022685e-37,9.576163262980146e-37,9.608672026744002e-37,9.641254280286516e-37,9.673910106579957e-37,9.706639588596597e-37,9.739442809308693e-37,9.772319851688521e-37,9.805270798708342e-37,9.838295733340429e-37,9.871394738557043e-37,9.904567897330461e-37,9.937815292632943e-37,9.971137007436757e-37,1.0004533124714171e-36,1.0038003727437455e-36,1.0071548898578871e-36,1.0105168721110686e-36,1.0138863278005173e-36,1.0172632652234598e-36,1.0206476926771225e-36,1.0240396184587328e-36,1.0274390508655168e-36,1.0308459981947011e-36,1.0342604687435129e-36,1.037682470809179e-36,1.0411120126889258e-36,1.0445491026799801e-36,1.0479937490795683e-36,1.0514459601849178e-36,1.054905744293255e-36,1.0583731097018068e-36,1.0618480647077997e-36,1.0653306176084607e-36,1.0688207767010162e-36,1.0723185502826934e-36,1.0758239466507184e-36,1.0793369741023181e-36,1.0828576409347197e-36,1.0863859554451495e-36,1.0899219259308343e-36,1.0934655606890011e-36,1.0970168680168764e-36,1.1005758562116869e-36,1.1041425335706596e-36,1.107716908391021e-36,1.1112989889699977e-36,1.1148887836048167e-36,1.1184863005927047e-36,1.1220915482308881e-36,1.1257045348165942e-36,1.129325268647049e-36,1.1329537580194802e-36,1.1365900112311135e-36,1.1402340365791762e-36,1.143885842360895e-36,1.1475454368734965e-36,1.1512128284142077e-36,1.1548880252802551e-36,1.1585710357688658e-36,1.162261868177266e-36,1.1659605308026825e-36,1.1696670319423424e-36,1.173381379893472e-36,1.1771035829532985e-36,1.1808336494190481e-36,1.184571587587948e-36,1.1883174057572247e-36,1.1920711122241053e-36,1.195832715285816e-36,1.199602223239584e-36,1.2033796443826351e-36,1.2071649870121971e-36,1.2109582594254961e-36,1.214759469919759e-36,1.218568626792213e-36,1.2223857383400844e-36,1.2262108128605998e-36,1.230043858650986e-36,1.23388488400847e-36,1.2377338972302788e-36,1.2415909066136382e-36,1.2454559204557759e-36,1.2493289470539175e-36,1.2532099947052911e-36,1.2570990717071225e-36,1.2609961863566386e-36,1.2649013469510663e-36,1.268814561787632e-36,1.2727358391635627e-36,1.2766651873760853e-36,1.280602614722426e-36,1.2845481294998118e-36,1.28850174000547e-36,1.2924634545366266e-36,1.2964332813905085e-36,1.3004112288643426e-36,1.3043973052553559e-36,1.3083915188607742e-36,1.312393877977825e-36,1.316404390903735e-36,1.3204230659357313e-36,1.324449911371039e-36,1.3284849355068866e-36,1.3325281466405002e-36,1.3365795530691062e-36,1.340639163089932e-36,1.3447069850002034e-36,1.3487830270971486e-36,1.3528672976779923e-36,1.356959805039963e-36,1.3610605574802866e-36,1.3651695632961901e-36,1.3692868307849e-36,1.373412368243643e-36,1.377546183969646e-36,1.3816882862601359e-36,1.3858386834123395e-36,1.389997383723483e-36,1.3941643954907937e-36,1.398339727011498e-36,1.4025233865828225e-36,1.1531711838882286e-12,2.3245921236353005e-12,3.5134303158505053e-12,4.71898163965181e-12,5.940652619671551e-12,7.177945624280999e-12,8.430446420150626e-12,9.697813646736387e-12,1.097976987323868e-11,1.2276093971938703e-11,1.3586614594386553e-11,1.4911204576925756e-11,1.6249776133130977e-11,1.7602276715225324e-11,1.8968685446287176e-11,2.0349010040877712e-11,2.1743284145154623e-11,2.3151565037900034e-11,2.457393164332224e-11,2.6010482813673367e-11,2.746133584624499e-11,2.892662520438079e-11,3.040650141677654e-11,3.190113013296311e-11,3.341069131615583e-11,3.49353785572678e-11,3.6475398496246244e-11,3.803097033880074e-11,3.9602325458292906e-11,4.118970707394615e-11,4.2793369997810545e-11,4.4413580443947515e-11,4.605061589416281e-11,4.7704765015430646e-11,4.9376327624971763e-11,5.106561469921127e-11,5.277294842373808e-11,5.4498662281548644e-11,5.6243101177444973e-11,5.8006621596707146e-11,5.97895917965296e-11,6.159239202896593e-11,6.341541479439814e-11,6.52590651247673e-11,6.712376089603459e-11,6.900993316948124e-11,7.091802656170648e-11,7.28484996433161e-11,7.480182536642273e-11,7.677849152129472e-11,7.877900122258784e-11,8.080387342570889e-11,8.285364347408958e-11,8.492886367818166e-11,8.703010392717073e-11,8.915795233450706e-11,9.131301591854417e-11,9.349592131961105e-11,9.570731555507256e-11,9.79478668140254e-11,1.0021826529344009e-10,1.0251922407764521e-10,1.0485148006339245e-10,1.0721579493261898e-10,1.0961295617539394e-10,1.1204377816572851e-10,1.1450910329295617e-10,1.1700980315174873e-10,1.195467797939153e-10,1.2212096704544257e-10,1.247333318924798e-10,1.273848759399515e-10,1.30076636947327e-10,1.328096904456166e-10,1.3558515144060566e-10,1.3840417620703968e-10,1.4126796417968685e-10,1.4417775994633326e-10,1.4713485534928294e-10,1.5014059170164944e-10,1.531963621254574e-10,1.56303614018778e-10,1.5946385165982377e-10,1.6267863895625843e-10,1.6594960234859945e-10,1.6927843387704529e-10,1.72666894421701e-10,1.7611681712681258e-10,1.796301110200944e-10,1.8320876483903524e-10,1.8685485107672818e-10,1.905705302602296e-10,1.9435805547556023e-10,1.9821977715371674e-10,2.0215814813305282e-10,2.0617572901386602e-10,2.102751938218031e-10,2.144593359971556e-10,2.1873107472757785e-10,2.2309346164218082e-10,2.275496878850875e-10,2.3210309158646261e-10,2.367571657487279e-10,2.415155665649074e-10,2.4638212218474666e-10,2.5136084194256875e-10,2.5645592605789773e-10,2.616717758163601e-10,2.67013004233351e-10,2.7248444719620353e-10,2.7809117507202223e-10,2.8383850475727764e-10,2.8973201213026636e-10,2.9577754484974405e-10,3.0198123541879105e-10,3.0834951440371624e-10,3.148891236591994e-10,3.2160712936417927e-10,3.285109346115364e-10,3.356082912197967e-10,3.429073103391812e-10,3.504164713046872e-10,3.581446280381222e-10,3.6610101211225316e-10,3.742952313527061e-10,3.827372625562585e-10,3.9143743653106385e-10,4.0040641319852943e-10,4.096551439137772e-10,4.1919481743568224e-10,4.2903678507533516e-10,4.391924594359464e-10,4.496731797851411e-10,4.6049003542786236e-10,4.716536364320236e-10,4.831738186692007e-10,4.950592673656275e-10,5.073170402677995e-10,5.199519682668599e-10,5.329659082233829e-10,5.46356820405678e-10,5.601176424060341e-10,5.742349346873529e-10,5.886872815862551e-10,6.013986428698672e-10,6.163927752590249e-10,6.315992257463749e-10,6.469475980815971e-10,6.623498730773357e-10,6.776992859923836e-10,6.928704253500421e-10,7.077211742053402e-10,7.220970835222468e-10,7.358385412674062e-10,7.487906238043805e-10,7.608148379481358e-10,7.718012810648394e-10,7.816793542118541e-10,7.904252806727724e-10,7.980652550009898e-10,8.046737352687648e-10,8.103668446544861e-10,8.152910738683301e-10,8.196078790878796e-10,8.234757129345769e-10,8.270322777272879e-10,8.303805448034767e-10,8.335815750839966e-10,8.366553763799692e-10,8.395887337015931e-10,8.423472023097265e-10,8.448879005767698e-10,8.471703399129974e-10,8.491637612566561e-10,8.508507072043304e-10,8.522274482909891e-10,8.533022871539626e-10,8.540927747251821e-10,8.546226564898529e-10,8.549190782079505e-10,8.550103184710216e-10,8.549241235208677e-10,8.546866028296755e-10,8.543215876570158e-10,8.538503393991015e-10,8.532915023970585e-10,8.526612141759007e-10,8.519733068842686e-10,8.512395527865117e-10,8.504699222902699e-10,8.496728348269701e-10,8.488553914722266e-10,8.480235838493854e-10,8.471824776739521e-10,8.463363715034892e-10,8.454889325161872e-10,8.446433117320825e-10,8.438022412703615e-10,8.42968116173026e-10,8.421430631306264e-10,8.413289981915038e-10,8.405276752648233e-10,8.397407269650819e-10,8.389696991046188e-10,8.382160799268752e-10,8.374813249877381e-10,8.367668784319093e-10,8.360741912951885e-10,8.354047373103377e-10,8.347600266593565e-10,8.341416179964987e-10,8.335511290212213e-10,8.32990245827103e-10,8.324607312108267e-10,8.319644320918205e-10,8.315032861653456e-10,8.310793278896621e-10,8.306946938894858e-10,8.303516278433435e-10,8.30052484910258e-10,8.297997357414465e-10,8.295959701152735e-10,8.294439002264165e-10,8.293463636557984e-10,8.293063260434518e-10,8.293268834828283e-10,8.29411264652481e-10,8.295628326991962e-10,8.297850868841299e-10,8.300816640031066e-10,8.304563395896448e-10,8.309130289104235e-10,8.31455787759713e-10,8.32088813061249e-10,8.328164432834212e-10,8.3364315867484e-10,8.345735813260091e-10,8.356124750635187e-10,8.367647451820252e-10,8.380354380202478e-10,8.394297403860883e-10,8.409529788366637e-10,8.426106188183104e-10,8.444082636723417e-10,8.463516535114368e-10,8.484466639722037e-10,8.506993048489384e-10,8.531157186137707e-10,8.557021788283485e-10,8.584650884522935e-10,8.61410978052071e-10,8.645465039187662e-10,8.678784460942065e-10,8.714137063153137e-10,8.751593058783888e-10,8.791223834293029e-10,8.833101926838533e-10,8.877301000819445e-10,8.923895823818075e-10,8.972962241964967e-10,9.024577154784908e-10,9.078818489554322e-10,9.135765175224461e-10,9.195497115920152e-10,9.2580951640941e-10,9.32364109333538e-10,9.392217570887595e-10,9.463908129919075e-10,9.5387971415476e-10,9.616969786692574e-10,9.698512027749876e-10,9.783510580139567e-10,9.872052883779295e-10,9.964227074435384e-10,1.0060121955063291e-09,1.0159826967380828e-09,1.0263432162429554e-09,1.037102817266629e-09,1.0482706183140403e-09,1.0598557902943867e-09,1.0718675536807118e-09,1.084315175678679e-09,1.0972079674099054e-09,1.1105552811098969e-09,1.1243665073440997e-09,1.1386510722430727e-09,1.1534184347562759e-09,1.1686780839302009e-09,1.1844395362089183e-09,1.200712332757669e-09,1.2175060368142295e-09,1.2348302310742956e-09,1.2526945150842346e-09,1.2711085026869381e-09,1.2900818194843447e-09,1.3096241003351427e-09,1.3297449868841584e-09,1.3504541251226935e-09,1.3717611629846588e-09,1.3936757479752835e-09,1.4162075248355003e-09,1.4393661332397667e-09,1.463161205532492e-09,1.487602364498135e-09,1.5126992211677886e-09,1.5384613726649943e-09,1.5648984000871366e-09,1.5920198664237362e-09,1.6198353145115651e-09,1.648354265034146e-09,1.6775862145483778e-09,1.7075406335591313e-09,1.7382269646265163e-09,1.7696546205125437e-09,1.8018329823675158e-09,1.8347713979532819e-09,1.868479179903772e-09,1.9029656040271664e-09,1.9382399076385283e-09,1.974311287941537e-09,2.0111889004404352e-09,2.048881857388495e-09,2.0873992262767374e-09,2.126750028360236e-09,2.1669432372241782e-09,2.2079877773759978e-09,2.2498925228861796e-09,2.292666296058747e-09,2.336317866137983e-09,2.380855948052999e-09,2.426289201195913e-09,2.472626228232935e-09,2.519875573964693e-09,2.5680457241886544e-09,2.6171451046298427e-09,2.6671820798875424e-09,2.7181649524189768e-09,2.7701019615521083e-09,2.8230012825397383e-09,2.876871025636828e-09,2.9317192352069493e-09,2.9875538888767473e-09,3.044382896705399e-09,3.102214100386664e-09,3.16105527248655e-09,3.220914115707404e-09,3.2817982621806905e-09,3.3437152727892414e-09,3.4066726365209147e-09,3.4706777698409216e-09,3.535738016102784e-09,3.601860644981004e-09,3.6690528519331136e-09,3.737321757679537e-09,3.806674407720214e-09,3.8771177718705066e-09,3.94865874382268e-09,4.021304140737355e-09,4.0950607028469596e-09,4.169935093095108e-09,4.245933896793809e-09,4.323063621303285e-09,4.401330695736453e-09,4.480741470685064e-09,4.56130221796097e-09,4.6430191303723856e-09,4.725898321506566e-09,4.809945825541795e-09,4.895167597080107e-09,4.981569510981759e-09,5.069157362258177e-09,5.15793686594231e-09,5.2479136569852895e-09,5.339093290205691e-09,5.431481240213017e-09,5.525082904849296e-09,5.61990359472164e-09,5.715948543646829e-09,5.813222905173305e-09,5.9117317525948755e-09,6.011480079018685e-09,6.112472797391376e-09,6.2147147405837645e-09,6.318210661471271e-09,6.422965233035342e-09,6.52898304847335e-09,6.636268621326882e-09,6.744826385622537e-09,6.854660696014227e-09,6.965775827965945e-09,7.078175977907452e-09,7.191865263441611e-09,7.306847723546011e-09,7.423127318746743e-09,7.540707931399001e-09,7.65959336588552e-09,7.779787348864076e-09,7.901293529532217e-09,8.02411547987367e-09,8.148256694953318e-09,8.273720593186739e-09,8.400510516640531e-09,8.528629731318953e-09,8.6580814274907e-09,8.78886872000533e-09,8.92099464860429e-09,9.054462178267368e-09,9.189274199553847e-09,9.325433528949905e-09,9.462942909222096e-09,9.601805009777964e-09,9.742022427042863e-09,9.883597684831852e-09,1.0026533234731343e-08,1.0170831456488579e-08,1.0316494658411483e-08,1.0463525077748656e-08,1.0611924881122304e-08,1.0761696164911076e-08,1.0912840955688766e-08,1.1065361210644077e-08,1.1219258817949827e-08,1.1374535597269485e-08,1.1531193300159626e-08,1.168923361049707e-08,1.1848658144930376e-08,1.2009468453320637e-08,1.2171666019193202e-08,1.2335252260186591e-08,1.2500228528508228e-08,1.2666596111389126e-08,1.283435623156149e-08,1.3003510047697517e-08,1.3174058654891992e-08,1.3346003085127167e-08,1.3519344307744087e-08,1.3694083229914453e-08,1.387022069711884e-08,1.404775749361911e-08,1.4226694342944639e-08,1.440703190836554e-08,1.4588770793378779e-08,1.4771911542191429e-08,1.4956454640198408e-08,1.5142400514498876e-08,1.53297495343309e-08,1.5518502011579015e-08,1.5708658201329533e-08,1.5900218302246568e-08,1.6093182457133754e-08,1.628755075341657e-08,1.6483323223607212e-08,1.6680499845827194e-08,1.6879080544292507e-08,1.707906518976713e-08,1.728045360012306e-08,1.7483245540766808e-08,1.7687440725170882e-08,1.789303881533339e-08,1.810003942229856e-08,1.830844210660903e-08,1.851824637891334e-08,1.8729451700264293e-08,1.894205748272383e-08,1.9156063089849063e-08,1.937146783715631e-08,1.9588270992613062e-08,1.9806471777126673e-08,2.002606936501177e-08,2.0247062884501323e-08,2.0469451418191572e-08,2.069323400357724e-08,2.091840963345983e-08,2.114497725649006e-08,2.13729357776011e-08,2.160228405850663e-08,2.1833020918180592e-08,2.2065145133273516e-08,2.2298655438665674e-08,2.2533550527885826e-08,2.2769829053585372e-08,2.3007489628006307e-08,2.3246530823456485e-08,2.3486951172735692e-08,2.372874916964162e-08,2.397192326939903e-08,2.421647188914403e-08,2.4462393408298498e-08,2.4709686169141296e-08,2.4958348477182234e-08,2.5208378601608616e-08,2.5459774775767845e-08,2.571253519758402e-08,2.596665803000872e-08,2.6222141401463306e-08,2.647898340625477e-08,2.6737182105051678e-08,2.699673552525745e-08,2.7257641661530802e-08,2.751989847610495e-08,2.778350389930058e-08,2.804845582989375e-08,2.8314752135566617e-08,2.8582390653316177e-08,2.8851369189872212e-08,2.9121685522103578e-08,2.9393337397442042e-08,2.9666322534270944e-08,2.9940638622368834e-08,3.0216283323264796e-08,3.0493254270665e-08,3.0771549070852914e-08,3.105116530307918e-08,3.133210051995319e-08,3.161435224783777e-08,3.189791798723552e-08,3.218279521317431e-08,3.2468981375599385e-08,3.2756473899698175e-08,3.3045270186372146e-08,3.33353676125473e-08,3.362676353155856e-08,3.39194552735236e-08,3.42134401457094e-08,3.45087154328836e-08,3.480527839769683e-08,3.5103126281031325e-08,3.5402256302355105e-08,3.570266566007033e-08,3.6004351531889415e-08,3.630731107515317e-08,3.661154142717291e-08,3.691703970561589e-08,3.7223803008800305e-08,3.753182841604831e-08,3.784111298802682e-08,3.815165376707195e-08,3.8463447777520625e-08,3.877649202604009e-08,3.909078350194293e-08,3.940631917751928e-08,3.972309600834371e-08,4.004111093359876e-08,4.036036087639479e-08,4.0680842744038136e-08,4.100255342844883e-08,4.132548980632522e-08,4.1649648739520074e-08,4.1975027075345376e-08,4.2301621646850546e-08,4.262942927314147e-08,4.295844675960748e-08,4.32886708982988e-08,4.362009846817149e-08,4.395272623537272e-08,4.428655095352481e-08,4.4621569363956405e-08,4.495777819605948e-08,4.529517416752018e-08,4.5633753984602646e-08,4.597351434242941e-08,4.631445192520708e-08,4.665656340652967e-08,4.699984544961861e-08,4.7344294707598226e-08,4.7689907823741645e-08,4.803668143172132e-08,4.8384612155876537e-08,4.8733696611421754e-08,4.9083931404756195e-08,4.943531313365826e-08,4.9787838387548745e-08,5.0141503747718695e-08,5.049630578758666e-08,5.085224107291417e-08,5.1209306162020744e-08,5.156749760606644e-08,5.192681194924064e-08,5.228724572898942e-08,5.264879547622234e-08,5.3011457715612914e-08,5.3375228965714743e-08,5.3740105739232375e-08,5.410608454322491e-08,5.447316187932315e-08,5.4841334243922846e-08,5.521059812840497e-08,5.558095001933202e-08,5.5952386398668095e-08,5.632490374394543e-08,5.6698498528513006e-08,5.707316722168156e-08,5.744890628893582e-08,5.782571219214405e-08,5.8203581389716185e-08,5.858251033682098e-08,5.896249548555316e-08,5.934353328511863e-08,5.972562018202783e-08,6.010875262025622e-08,6.04929270414372e-08,6.087813988501356e-08,6.126438758849483e-08,6.165166658742707e-08,6.203997331581226e-08,6.242930420612294e-08,6.281965568950242e-08,6.32110241959288e-08,6.360340615437093e-08,6.399679799297341e-08,6.439119613916605e-08,6.478659701986404e-08,6.518299706160015e-08,6.55803926906765e-08,6.597878033332206e-08,6.637815641584246e-08,6.677851736475518e-08,6.717985960693605e-08,6.758217956977137e-08,6.798547368129362e-08,6.838973837031737e-08,6.879497006657652e-08,6.920116520087225e-08,6.960832020519147e-08,7.001643151285572e-08,7.042549555861342e-08,7.08355087788058e-08,7.124646761149727e-08,7.1658368496576e-08,7.207120787591224e-08,7.248498219342626e-08,7.289968789528828e-08,7.331532142989491e-08,7.373187924817005e-08,7.414935780356972e-08,7.456775355220297e-08,7.498706295297495e-08,7.540728246765404e-08,7.582840856108067e-08,7.625043770112647e-08,7.667336635892073e-08,7.709719100890512e-08,7.752190812894675e-08,7.794751420043384e-08,7.837400570839486e-08,7.880137914158315e-08,7.922963099256792e-08,7.965875775786194e-08,8.008875593796655e-08,8.051962203750581e-08,8.095135256531363e-08,8.138394403451525e-08,8.181739296261524e-08,8.225169587161763e-08,8.26868492880216e-08,8.312284974303286e-08,8.35596937725361e-08,8.399737791728382e-08,8.443589872289154e-08,8.48752527399458e-08,8.531543652409186e-08,8.575644663615755e-08,8.619827964204246e-08,8.664093211304404e-08,8.70844006258223e-08,8.752868176242524e-08,8.797377211041758e-08,8.841966826293871e-08,8.886636681881647e-08,8.931386438247522e-08,8.976215756423168e-08,9.021124298021319e-08,9.066111725245967e-08,9.11117770089666e-08,9.156321888381561e-08,9.201543951715537e-08,9.246843555529886e-08,9.292220365078206e-08,9.337674046244328e-08,9.383204265543122e-08,9.428810690129941e-08,9.4744929878051e-08,9.520250827025528e-08,9.566083876887519e-08,9.611991807164318e-08,9.65797428829253e-08,9.704030991373957e-08,9.75016158819108e-08,9.796365751213341e-08,9.842643153585835e-08,9.888993469149577e-08,9.935416372441026e-08,9.981911538696426e-08,1.0028478643855004e-07,1.0075117364566762e-07,1.0121827378193808e-07,1.0168608362814053e-07,1.0215459997228105e-07,1.0262381960961477e-07,1.0309373934268108e-07,1.0356435598135698e-07,1.0403566634289013e-07,1.0450766725189989e-07,1.0498035554048509e-07,1.0545372804820149e-07,1.0592778162211814e-07,1.0640251311682152e-07,1.068779193945006e-07,1.0735399732494561e-07,1.0783074378557531e-07,1.0830815566147202e-07,1.0878622984545506e-07,1.0926496323801604e-07,1.0974435274742239e-07,1.102243952897604e-07,1.1070508778888923e-07,1.1118642717644915e-07,1.1166841039203118e-07,1.1215103438308329e-07,1.1263429610495547e-07,1.1311819252093393e-07,1.13602720602265e-07,1.1408787732816956e-07,1.145736596858594e-07,1.1506006467057701e-07,1.1554708928559552e-07,1.1603473054227102e-07,1.1652298546001208e-07,1.170118510663586e-07,1.1750132439691211e-07,1.1799140249544813e-07,1.1848208241384994e-07,1.1897336121226397e-07,1.1946523595893153e-07,1.1995770373026967e-07,1.2045076161095965e-07,1.2094440669391196e-07,1.2143863608022083e-07,1.2193344687927675e-07,1.2242883620871226e-07,1.2292480119444554e-07,1.2342133897067e-07,1.2391844667987363e-07,1.244161214728559e-07,1.249143605087257e-07,1.2541316095492023e-07,1.259125199872245e-07,1.2641243478971727e-07,1.269129025548798e-07,1.2741392048351468e-07,1.279154857848208e-07,1.284175956763182e-07,1.289202473839283e-07,1.2942343814197956e-07,1.299271651931455e-07,1.3043142578851244e-07,1.3093621718755572e-07,1.314415366581386e-07,1.3194738147653728e-07,1.324537489274294e-07,1.3296063630390512e-07,1.334680409074494e-07,1.3397596004796975e-07,1.3448439104378527e-07,1.3499333122161898e-07,1.355027779166165e-07,1.3601272847234592e-07,1.3652318024075186e-07,1.3703413058223137e-07,1.3754557686558191e-07,1.3805751646801807e-07,1.3856994677512585e-07,1.390828651809375e-07,1.395962690878952e-07,1.4011015590681522e-07,1.4062452305692945e-07,1.4113936796586506e-07,1.4165468806963824e-07,1.4217048081265704e-07,1.4268674364769132e-07,1.4320347403594963e-07,1.4372066944693628e-07,1.4423832735861103e-07,1.447564452572316e-07,1.4527502063744058e-07,1.4579405100223025e-07,1.4631353386293543e-07,1.4683346673925144e-07,1.4735384715916314e-07,1.4787467265901918e-07,1.4839594078349695e-07,1.4891764908552484e-07,1.494397951263957e-07,1.4996237647567593e-07,1.5048539071125828e-07,1.5100883541922205e-07,1.5153270819394978e-07,1.5205700663813413e-07,1.5258172836268178e-07,1.53106870986754e-07,1.5363243213772908e-07,1.5415840945121384e-07,1.5468480057102305e-07,1.552116031491814e-07,1.557388148458963e-07,1.5626643332955038e-07,1.5679445627671773e-07,1.5732288137208337e-07,1.5785170630852688e-07,1.5838092878701465e-07,1.589105465166903e-07,1.5944055721475802e-07,1.599709586065528e-07,1.6050174842547143e-07,1.610329244130025e-07,1.6156448431867927e-07,1.6209642590008742e-07,1.6262874692286188e-07,1.6316144516062732e-07,1.6369451839501372e-07,1.6422796441580192e-07,1.6476178102037067e-07,1.6529596601442596e-07,1.658305172115023e-07,1.6636543243308922e-07,1.6690070950866856e-07,1.6743634627574983e-07,1.6797234057880954e-07,1.685086902713438e-07,1.6904539321417145e-07,1.695824472763307e-07,1.7011985033431803e-07,1.7065760027236206e-07,1.711956949831383e-07,1.7173413236646345e-07,1.7227291033014373e-07,1.7281202678972417e-07,1.7335147966852366e-07,1.738912668977267e-07,1.7443138641570864e-07,1.7497183616906918e-07,1.7551261411190914e-07,1.760537182059684e-07,1.7659514642064329e-07,1.771368967329533e-07,1.7767896712750858e-07,1.7822135559653149e-07,1.7876406013985838e-07,1.7930707876478848e-07,1.7985040948621897e-07,1.8039405032654546e-07,1.8093799931570826e-07,1.814822544910976e-07,1.8202681389758708e-07,1.8257167558748237e-07,1.831168376205547e-07,1.8366229806397623e-07,1.8420805499231658e-07,1.84754106487528e-07,1.853004506389238e-07,1.8584708554317915e-07,1.8639400930427364e-07,1.8694122003350225e-07,1.8748871584945355e-07,1.8803649487798244e-07,1.8858455525215953e-07,1.8913289511240513e-07,1.896815126062579e-07,1.9023040588848456e-07,1.9077957312097746e-07,1.913290124728653e-07,1.918787221204154e-07,1.9242870024692874e-07,1.929789450429566e-07,1.9352945470601495e-07,1.940802274407041e-07,1.9463126145870988e-07,1.951825549787426e-07,1.957341062264907e-07,1.9628591343466913e-07,1.9683797484286831e-07,1.9739028869781106e-07,1.9794285325302016e-07,1.9849566676892228e-07,1.9904872751289678e-07,1.9960203375920275e-07,2.0015558378890143e-07,2.007093758899169e-07,2.0126340835700744e-07,2.0181767949170844e-07,2.0237218760233646e-07,2.0292693100396844e-07,2.0348190801842345e-07,2.040371169742333e-07,2.0459255620659802e-07,2.0514822405750803e-07,2.0570411887550461e-07,2.0626023901581349e-07,2.0681658284026651e-07,2.0737314871730667e-07,2.0792993502195804e-07,2.0848694013581146e-07,2.090441624470007e-07,2.0960160035018076e-07,2.101592522465233e-07,2.1071711654367942e-07,2.112751916557099e-07,2.1183347600319545e-07,2.1239196801310734e-07,2.1295066611885025e-07,2.1350956876018116e-07,2.1406867438324585e-07,2.1462798144052465e-07,2.1518748839082855e-07,2.157471936992782e-07,2.1630709583727098e-07,2.168671932824682e-07,2.1742748451883453e-07,2.1798796803648665e-07,2.18548642331788e-07,2.1910950590727879e-07,2.1967055727169624e-07,2.2023179493989706e-07,2.2079321743288487e-07,2.2135482327776013e-07,2.2191661100772455e-07,2.224785791620496e-07,2.2304072628604478e-07,2.2360305093108574e-07,2.2416555165452661e-07,2.247282270197406e-07,2.252910755960403e-07,2.258540959587202e-07,2.264172866890102e-07,2.2698064637403458e-07,2.275441736067858e-07,2.2810786698624682e-07,2.286717251171515e-07,2.2923574661009153e-07,2.2979993008149142e-07,2.303642741535603e-07,2.3092877745429307e-07,2.314934386174493e-07,2.3205825628251585e-07,2.3262322909472564e-07,2.3318835570496662e-07,2.3375363476985134e-07,2.3431906495164646e-07,2.3488464491825175e-07,2.3545037334319193e-07,2.3601624890560659e-07,2.3658227029020553e-07,2.3714843618728954e-07,2.3771474529270265e-07,2.382811963077874e-07,2.388477879394418e-07,2.394145188999929e-07,2.3998138790730994e-07,2.405483936846508e-07,2.4111553496079114e-07,2.416828104698271e-07,2.4225021895131476e-07,2.4281775915015917e-07,2.4338542981662076e-07,2.439532297063693e-07,2.4452115758025006e-07,2.4508921220452863e-07,2.4565739235073374e-07,2.462256967956422e-07,2.46794124321289e-07,2.4736267371492166e-07,2.479313437690033e-07,2.485001332812414e-07,2.490690410543831e-07,2.49638065896457e-07,2.502072066205392e-07,2.507764620449363e-07,2.5134583099294903e-07,2.519153122929932e-07,2.524849047785427e-07,2.530546072881241e-07,2.5362441866528837e-07,2.541943377585766e-07,2.547643634215465e-07,2.553344945127127e-07,2.5590472989555127e-07,2.564750684384151e-07,2.570455090146985e-07,2.576160505025953e-07,2.581866917852111e-07,2.587574317505134e-07,2.593282692913116e-07,2.598992033052569e-07,2.604702326947995e-07,2.61041356367178e-07,2.6161257323443144e-07,2.62183882213328e-07,2.6275528222538683e-07,2.6332677219687746e-07,2.6389835105870767e-07,2.638983509998352e-07,2.63898351066176e-07,2.638983511747633e-07,2.6389835129572903e-07,2.638983514188169e-07,2.6389835154087694e-07,2.638983516612345e-07,2.6389835178000366e-07,2.6389835189749216e-07,2.6389835201400583e-07,2.6389835212979703e-07,2.638983522450592e-07,2.6389835235993625e-07,2.6389835247453314e-07,2.638983525889261e-07,2.638983527031704e-07,2.6389835281730567e-07,2.6389835293136056e-07,2.638983530453556e-07,2.638983531593057e-07,2.6389835327322163e-07,2.638983533871108e-07,2.6389835350097894e-07,2.6389835361483e-07,2.6389835372866685e-07,2.638983538424911e-07,2.638983539563047e-07,2.638983540701088e-07,2.638983541839037e-07,2.6389835429769046e-07,2.63898354411469e-07,2.638983545252402e-07,2.6389835463900386e-07,2.638983547527601e-07,2.638983548665095e-07,2.638983549802517e-07,2.6389835509398687e-07,2.6389835520771497e-07,2.6389835532143597e-07,2.6389835543515004e-07,2.638983555488577e-07,2.638983556625578e-07,2.6389835577625116e-07,2.638983558899379e-07,2.6389835600361783e-07,2.638983561172907e-07,2.638983562309567e-07,2.638983563446159e-07,2.6389835645826806e-07,2.638983565719134e-07,2.638983566855518e-07,2.6389835679918336e-07,2.6389835691280796e-07,2.6389835702642557e-07,2.6389835714003635e-07,2.638983572536403e-07,2.638983573672372e-07,2.638983574808273e-07,2.638983575944104e-07,2.638983577079867e-07,2.6389835782155605e-07,2.6389835793511844e-07,2.638983580486739e-07,2.638983581622226e-07,2.6389835827576433e-07,2.6389835838929915e-07,2.6389835850282713e-07,2.6389835861634813e-07,2.638983587298622e-07,2.6389835884336937e-07,2.6389835895686967e-07,2.6389835907036314e-07,2.6389835918384956e-07,2.6389835929732916e-07,2.638983594108018e-07,2.638983595242677e-07,2.638983596377266e-07,2.638983597511786e-07,2.6389835986462365e-07,2.6389835997806185e-07,2.6389836009149307e-07,2.6389836020491745e-07,2.638983603183349e-07,2.6389836043174556e-07,2.6389836054514925e-07,2.6389836065854605e-07,2.638983607719359e-07,2.638983608853188e-07,2.638983609986949e-07,2.638983611120641e-07,2.638983612254264e-07,2.6389836133878174e-07,2.638983614521301e-07,2.6389836156547174e-07,2.638983616788064e-07,2.638983617921343e-07,2.638983619054551e-07,2.6389836201876905e-07,2.638983621320761e-07,2.638983622453762e-07,2.638983623586695e-07,2.638983624719559e-07,2.638983625852354e-07,2.6389836269850806e-07,2.638983628117736e-07,2.638983629250324e-07,2.6389836303828427e-07,2.638983631515293e-07,2.638983632647673e-07,2.6389836337799853e-07,2.6389836349122275e-07,2.638983636044402e-07,2.6389836371765075e-07,2.638983638308543e-07,2.638983639440511e-07,2.6389836405724087e-07,2.638983641704238e-07,2.6389836428359983e-07,2.6389836439676894e-07,2.638983645099312e-07,2.638983646230865e-07,2.638983647362349e-07,2.6389836484937644e-07,2.6389836496251114e-07,2.638983650756389e-07,2.638983651887597e-07,2.638983653018737e-07,2.638983654149807e-07,2.638983655280809e-07,2.638983656411741e-07,2.638983657542606e-07,2.6389836586734e-07,2.638983659804127e-07,2.638983660934784e-07,2.638983662065372e-07,2.6389836631958916e-07,2.638983664326342e-07,2.638983665456723e-07,2.6389836665870356e-07,2.6389836677172783e-07,2.638983668847453e-07,2.638983669977559e-07,2.638983671107596e-07,2.638983672237564e-07,2.638983673367462e-07,2.6389836744972926e-07,2.638983675627053e-07,2.638983676756746e-07,2.6389836778863683e-07,2.6389836790159244e-07,2.63898368014541e-07,2.638983681274827e-07,2.638983682404175e-07,2.638983683533453e-07,2.638983684662663e-07,2.6389836857918047e-07,2.6389836869208763e-07,2.6389836880498796e-07,2.638983689178814e-07,2.638983690307678e-07,2.6389836914364756e-07,2.638983692565202e-07,2.6389836936938624e-07,2.638983694822452e-07,2.638983695950974e-07,2.638983697079426e-07,2.6389836982078095e-07,2.638983699336125e-07,2.63898370046437e-07,2.6389837015925457e-07,2.638983702720654e-07,2.638983703848693e-07,2.638983704976663e-07,2.638983706104564e-07,2.6389837072323955e-07,2.6389837083601595e-07,2.6389837094878536e-07,2.638983710615479e-07,2.6389837117430355e-07,2.6389837128705237e-07,2.638983713997943e-07,2.6389837151252925e-07,2.638983716252574e-07,2.6389837173797867e-07,2.6389837185069297e-07,2.638983719634004e-07,2.6389837207610104e-07,2.6389837218879464e-07,2.638983723014816e-07,2.638983724141614e-07,2.638983725268345e-07,2.6389837263950077e-07,2.6389837275216007e-07,2.6389837286481243e-07,2.6389837297745786e-07,2.638983730900965e-07,2.638983732027283e-07,2.638983733153532e-07,2.6389837342797123e-07,2.638983735405823e-07,2.638983736531865e-07,2.638983737657839e-07,2.638983738783744e-07,2.638983739909578e-07,2.6389837410353464e-07,2.638983742161044e-07,2.638983743286674e-07,2.638983744412234e-07,2.638983745537726e-07,2.638983746663149e-07,2.6389837477885035e-07,2.6389837489137883e-07,2.638983750039005e-07,2.6389837511641537e-07,2.638983752289232e-07,2.638983753414243e-07,2.638983754539184e-07,2.6389837556640554e-07,2.6389837567888596e-07,2.6389837579135944e-07,2.6389837590382604e-07,2.6389837601628586e-07,2.638983761287386e-07,2.6389837624118454e-07,2.6389837635362367e-07,2.638983764660559e-07,2.638983765784812e-07,2.638983766908997e-07,2.638983768033113e-07,2.63898376915716e-07,2.638983770281139e-07,2.638983771405048e-07,2.638983772528889e-07,2.638983773652662e-07,2.638983774776364e-07,2.6389837758999986e-07,2.638983777023564e-07,2.638983778147061e-07,2.638983779270489e-07,2.638983780393849e-07,2.6389837815171394e-07,2.638983782640361e-07,2.6389837837635153e-07,2.638983784886599e-07,2.638983786009615e-07,2.6389837871325613e-07,2.6389837882554395e-07,2.638983789378249e-07,2.6389837905009906e-07,2.638983791623662e-07,2.638983792746264e-07,2.6389837938687994e-07,2.638983794991265e-07,2.638983796113662e-07,2.6389837972359894e-07,2.638983798358249e-07,2.638983799480439e-07,2.638983800602561e-07,2.6389838017246144e-07,2.6389838028465985e-07,2.6389838039685143e-07,2.6389838050903607e-07,2.63898380621214e-07,2.638983807333849e-07,2.638983808455491e-07,2.6389838095770625e-07,2.6389838106985653e-07,2.638983811820001e-07,2.638983812941367e-07,2.638983814062664e-07,2.638983815183893e-07,2.638983816305052e-07,2.6389838174261436e-07,2.638983818547165e-07,2.6389838196681196e-07,2.638983820789004e-07,2.6389838219098214e-07,2.638983823030569e-07,2.638983824151247e-07,2.638983825271856e-07,2.638983826392398e-07,2.63898382751287e-07,2.6389838286332746e-07,2.638983829753609e-07,2.6389838308738763e-07,2.638983831994074e-07,2.6389838331142033e-07,2.638983834234264e-07,2.6389838353542566e-07,2.63898383647418e-07,2.6389838375940346e-07,2.6389838387138206e-07,2.6389838398335383e-07,2.638983840953188e-07,2.638983842072767e-07,2.6389838431922786e-07,2.638983844311721e-07,2.6389838454310947e-07,2.6389838465504e-07,2.6389838476696365e-07,2.638983848788804e-07,2.6389838499079036e-07,2.638983851026934e-07,2.6389838521458965e-07,2.6389838532647894e-07,2.6389838543836146e-07,2.6389838555023704e-07,2.6389838566210574e-07,2.638983857739675e-07,2.638983858858226e-07,2.6389838599767076e-07,2.6389838610951193e-07,2.6389838622134633e-07,2.6389838633317384e-07,2.638983864449945e-07,2.6389838655680843e-07,2.6389838666861525e-07,2.638983867804154e-07,2.6389838689220855e-07,2.638983870039949e-07,2.638983871157745e-07,2.638983872275471e-07,2.638983873393129e-07,2.6389838745107167e-07,2.6389838756282385e-07,2.6389838767456904e-07,2.638983877863073e-07,2.6389838789803884e-07,2.6389838800976333e-07,2.638983881214811e-07,2.638983882331919e-07,2.638983883448959e-07,2.63898388456593e-07,2.6389838856828325e-07,2.6389838867996677e-07,2.638983887916433e-07,2.6389838890331294e-07,2.638983890149757e-07,2.6389838912663164e-07,2.638983892382808e-07,2.63898389349923e-07,2.6389838946155837e-07,2.6389838957318694e-07,2.638983896848086e-07,2.638983897964234e-07,2.638983899080315e-07,2.6389839001963254e-07,2.638983901312267e-07,2.6389839024281413e-07,2.638983903543946e-07,2.6389839046596824e-07,2.638983905775351e-07,2.6389839068909504e-07,2.6389839080064806e-07,2.638983909121943e-07,2.6389839102373367e-07,2.6389839113526625e-07,2.638983912467918e-07,2.638983913583106e-07,2.6389839146982256e-07,2.6389839158132767e-07,2.6389839169282585e-07,2.6389839180431725e-07,2.638983919158016e-07,2.6389839202727935e-07,2.638983921387502e-07,2.6389839225021413e-07,2.638983923616712e-07,2.638983924731214e-07,2.6389839258456477e-07,2.638983926960013e-07,2.638983928074311e-07,2.638983929188538e-07,2.6389839303026975e-07,2.63898393141679e-07,2.6389839325308113e-07,2.6389839336447655e-07,2.638983934758651e-07,2.6389839358724675e-07,2.638983936986215e-07,2.6389839380998946e-07,2.638983939213506e-07,2.6389839403270476e-07,2.6389839414405227e-07,2.6389839425539285e-07,2.6389839436672654e-07,2.6389839447805335e-07,2.638983945893733e-07,2.638983947006865e-07,2.6389839481199275e-07,2.638983949232922e-07,2.6389839503458475e-07,2.638983951458705e-07,2.638983952571493e-07,2.638983953684214e-07,2.6389839547968654e-07,2.6389839559094485e-07,2.638983957021963e-07,2.638983958134409e-07,2.6389839592467874e-07,2.638983960359096e-07,2.6389839614713373e-07,2.63898396258351e-07,2.638983963695613e-07,2.638983964807648e-07,2.6389839659196155e-07,2.6389839670315157e-07,2.638983968143345e-07,2.6389839692551085e-07,2.6389839703668016e-07,2.6389839714784244e-07,2.638983972589981e-07,2.638983973701468e-07,2.6389839748128866e-07,2.6389839759242377e-07,2.6389839770355195e-07,2.6389839781467325e-07,2.638983979257878e-07,2.638983980368953e-07,2.638983981479962e-07,2.6389839825909016e-07,2.6389839837017726e-07,2.638983984812574e-07,2.6389839859233087e-07,2.6389839870339743e-07,2.6389839881445716e-07,2.6389839892551e-07,2.638983990365561e-07,2.6389839914759527e-07,2.638983992586276e-07,2.638983993696531e-07,2.6389839948067165e-07,2.6389839959168347e-07,2.638983997026884e-07,2.6389839981368647e-07,2.638983999246777e-07,2.6389840003566146e-07,2.6389840014663897e-07,2.6389840025760976e-07,2.6389840036857357e-07,2.6389840047953065e-07,2.6389840059048053e-07,2.638984007014235e-07,2.6389840081236007e-07,2.638984009232897e-07,2.6389840103421245e-07,2.638984011451285e-07,2.638984012560377e-07,2.638984013669399e-07,2.638984014778353e-07,2.638984015887239e-07,2.638984016996057e-07,2.638984018104806e-07,2.6389840192134876e-07,2.6389840203220996e-07,2.638984021430643e-07,2.6389840225391184e-07,2.638984023647525e-07,2.638984024755864e-07,2.638984025864134e-07,2.638984026972336e-07,2.6389840280804693e-07,2.638984029188534e-07,2.63898403029653e-07,2.6389840314044574e-07,2.638984032512318e-07,2.6389840336201093e-07,2.6389840347278314e-07,2.638984035835486e-07,2.6389840369430725e-07,2.6389840380505903e-07,2.638984039158041e-07,2.6389840402654216e-07,2.6389840413727345e-07,2.638984042479978e-07,2.638984043587154e-07,2.6389840446942614e-07,2.6389840458013e-07,2.6389840469082706e-07,2.638984048015173e-07,2.638984049122007e-07,2.6389840502287726e-07,2.63898405133547e-07,2.6389840524420993e-07,2.6389840535486605e-07,2.638984054655152e-07,2.638984055761576e-07,2.638984056867931e-07,2.6389840579742187e-07,2.638984059080437e-07,2.638984060186587e-07,2.638984061292669e-07,2.6389840623986826e-07,2.6389840635046276e-07,2.638984064610504e-07,2.638984065716312e-07,2.638984066822052e-07,2.638984067927724e-07,2.6389840690333265e-07,2.638984070138862e-07,2.638984071244328e-07,2.6389840723497273e-07,2.6389840734550566e-07,2.638984074560319e-07,2.638984075665513e-07,2.6389840767706384e-07,2.638984077875695e-07,2.6389840789806834e-07,2.638984080085604e-07,2.638984081190455e-07,2.638984082295239e-07,2.6389840833999534e-07,2.638984084504599e-07,2.638984085609177e-07,2.6389840867136877e-07,2.638984087818129e-07,2.6389840889225013e-07,2.6389840900268073e-07,2.638984091131044e-07,2.6389840922352117e-07,2.6389840933393117e-07,2.6389840944433435e-07,2.638984095547307e-07,2.638984096651202e-07,2.638984097755029e-07,2.6389840988587875e-07,2.638984099962477e-07,2.638984101066098e-07,2.638984102169653e-07,2.6389841032731373e-07,2.638984104376554e-07,2.6389841054799027e-07,2.638984106583182e-07,2.638984107686395e-07,2.638984108789539e-07,2.6389841098926225e-07,2.6389841109956304e-07,2.6389841120985684e-07,2.6389841132014397e-07,2.638984114304241e-07,2.638984115406976e-07,2.6389841165096407e-07,2.6389841176122426e-07,2.638984118714772e-07,2.638984119817233e-07,2.638984120919625e-07,2.638984122021949e-07,2.638984123124205e-07,2.6389841242263936e-07,2.6389841253285126e-07,2.6389841264305644e-07,2.638984127532547e-07,2.638984128634461e-07,2.6389841297363074e-07,2.6389841308380855e-07,2.6389841319397953e-07,2.638984133041437e-07,2.638984134143011e-07,2.6389841352445166e-07,2.638984136345955e-07,2.638984137447322e-07,2.638984138548623e-07,2.638984139649855e-07,2.638984140751018e-07,2.6389841418521137e-07,2.638984142953141e-07,2.6389841440541e-07,2.63898414515499e-07,2.6389841462558126e-07,2.6389841473565674e-07,2.638984148457252e-07,2.63898414955787e-07,2.6389841506584204e-07,2.6389841517589015e-07,2.638984152859315e-07,2.63898415395966e-07,2.638984155059936e-07,2.6389841561601445e-07,2.638984157260285e-07,2.638984158360356e-07,2.63898415946036e-07,2.6389841605602964e-07,2.638984161660164e-07,2.6389841627599626e-07,2.6389841638596935e-07,2.6389841649593567e-07,2.638984166058951e-07,2.638984167158477e-07,2.6389841682579354e-07,2.6389841693573254e-07,2.638984170456647e-07,2.6389841715559e-07,2.6389841726550857e-07,2.6389841737542025e-07,2.638984174853251e-07,2.6389841759522313e-07,2.6389841770511443e-07,2.638984178149989e-07,2.6389841792487655e-07,2.638984180347473e-07,2.638984181446113e-07,2.638984182544684e-07,2.638984183643188e-07,2.638984184741624e-07,2.6389841858399894e-07,2.638984186938289e-07,2.6389841880365195e-07,2.6389841891346813e-07,2.6389841902327764e-07,2.638984191330802e-07,2.63898419242876e-07,2.63898419352665e-07,2.6389841946244723e-07,2.638984195722226e-07,2.6389841968199113e-07,2.6389841979175273e-07,2.638984199015077e-07,2.638984200112558e-07,2.638984201209971e-07,2.638984202307315e-07,2.6389842034045914e-07,2.638984204501799e-07,2.6389842055989414e-07,2.638984206696011e-07,2.6389842077930156e-07,2.63898420888995e-07,2.6389842099868177e-07,2.638984211083617e-07,2.6389842121803477e-07,2.63898421327701e-07,2.6389842143736045e-07,2.638984215470131e-07,2.638984216566589e-07,2.6389842176629797e-07,2.6389842187593013e-07,2.638984219855556e-07,2.638984220951741e-07,2.638984222047859e-07,2.638984223143909e-07,2.6389842242398903e-07,2.6389842253357953e-07,2.6389842264316415e-07,2.638984227527419e-07,2.638984228623128e-07,2.638984229718769e-07,2.638984230814332e-07,2.638984231909826e-07,2.638984233005254e-07,2.6389842341006143e-07,2.6389842351959137e-07,2.6389842362911463e-07,2.63898423738631e-07,2.638984238481406e-07,2.6389842395764346e-07,2.6389842406713956e-07,2.6389842417662874e-07,2.6389842428611103e-07,2.638984243955866e-07,2.638984245050554e-07,2.6389842461451724e-07,2.6389842472397243e-07,2.6389842483342073e-07,2.6389842494286226e-07,2.638984250522969e-07,2.638984251617248e-07,2.638984252711459e-07,2.6389842538056013e-07,2.638984254899676e-07,2.638984255993683e-07,2.63898425708762e-07,2.6389842581814905e-07,2.6389842592752927e-07,2.6389842603689647e-07,2.6389842614625695e-07,2.638984262556167e-07,2.6389842636496975e-07,2.638984264743159e-07,2.6389842658365555e-07,2.638984266929881e-07,2.6389842680231393e-07,2.638984269116329e-07,2.638984270209451e-07,2.638984271302504e-07,2.6389842723954895e-07,2.638984273488407e-07,2.638984274581257e-07,2.6389842756740385e-07,2.6389842767667523e-07,2.638984277859397e-07,2.638984278951974e-07,2.6389842800444824e-07,2.638984281136924e-07,2.638984282229297e-07,2.6389842833216025e-07,2.6389842844138393e-07,2.638984285506008e-07,2.6389842865981086e-07,2.638984287690142e-07,2.638984288782107e-07,2.638984289874003e-07,2.6389842909658324e-07,2.638984292057593e-07,2.638984293149286e-07,2.6389842942409086e-07,2.638984295332466e-07,2.638984296423955e-07,2.6389842975153765e-07,2.6389842986067287e-07,2.638984299698013e-07,2.6389843007892293e-07,2.638984301880378e-07,2.638984302971459e-07,2.638984304062471e-07,2.638984305153415e-07,2.6389843062442924e-07,2.6389843073351004e-07,2.6389843084258406e-07,2.6389843095165125e-07,2.638984310607116e-07,2.6389843116976536e-07,2.6389843127881217e-07,2.638984313878522e-07,2.638984314968854e-07,2.638984316059118e-07,2.6389843171493154e-07,2.6389843182394436e-07,2.638984319329504e-07,2.6389843204194963e-07,2.6389843215094207e-07,2.638984322599268e-07,2.6389843236890567e-07,2.6389843247787773e-07,2.6389843258684296e-07,2.6389843269580147e-07,2.638984328047532e-07,2.6389843291369794e-07,2.638984330226363e-07,2.638984331315674e-07,2.638984332404918e-07,2.6389843334940946e-07,2.638984334583203e-07,2.638984335672244e-07,2.638984336761217e-07,2.638984337850122e-07,2.638984338938958e-07,2.6389843400277267e-07,2.6389843411164277e-07,2.638984342205061e-07,2.638984343293625e-07,2.6389843443821235e-07,2.638984345470552e-07,2.6389843465589134e-07,2.6389843476472057e-07,2.6389843487354313e-07,2.638984349823589e-07,2.6389843509116776e-07,2.6389843519997e-07,2.6389843530876523e-07,2.638984354175537e-07,2.638984355263354e-07,2.6389843563511035e-07,2.638984357438786e-07,2.6389843585264006e-07,2.6389843596139464e-07,2.638984360701424e-07,2.638984361788834e-07,2.6389843628761757e-07,2.63898436396345e-07,2.638984365050656e-07,2.6389843661377947e-07,2.6389843672248646e-07,2.6389843683118667e-07,2.6389843693988e-07,2.6389843704856677e-07,2.6389843715724666e-07,2.6389843726591977e-07,2.6389843737457986e-07,2.6389843748323925e-07,2.6389843759189203e-07,2.6389843770053793e-07,2.6389843780917706e-07,2.6389843791780914e-07,2.638984380264349e-07,2.6389843813505366e-07,2.6389843824366557e-07,2.638984383522707e-07,2.6389843846086906e-07,2.6389843856946075e-07,2.638984386780455e-07,2.6389843878662354e-07,2.638984388951947e-07,2.6389843900375916e-07,2.638984391123168e-07,2.638984392208678e-07,2.6389843932941183e-07,2.6389843943794936e-07,2.638984395464798e-07,2.638984396550035e-07,2.6389843976352056e-07,2.6389843987203067e-07,2.638984399805279e-07,2.638984400890187e-07,2.6389844019750837e-07,2.638984403059914e-07,2.638984404144676e-07,2.63898440522937e-07,2.6389844063139957e-07,2.638984407398554e-07,2.638984408483045e-07,2.638984409567467e-07,2.6389844106518224e-07,2.6389844117361093e-07,2.638984412820329e-07,2.6389844139044797e-07,2.638984414988564e-07,2.638984416072579e-07,2.6389844171565256e-07,2.638984418240406e-07,2.638984419324218e-07,2.6389844204079616e-07,2.638984421491638e-07,2.638984422575246e-07,2.638984423658778e-07,2.638984424742241e-07,2.638984425825645e-07,2.638984426908983e-07,2.6389844279922534e-07,2.638984429075441e-07,2.6389844301585745e-07,2.63898443124164e-07,2.638984432324638e-07,2.6389844334075674e-07,2.638984434490429e-07,2.638984435573223e-07,2.63898443665595e-07,2.638984437738609e-07,2.6389844388212e-07,2.6389844399037235e-07,2.638984440986178e-07,2.638984442068566e-07,2.638984443150885e-07,2.6389844442331366e-07,2.6389844453153207e-07,2.638984446397437e-07,2.638984447479485e-07,2.6389844485614654e-07,2.638984449643375e-07,2.6389844507252206e-07,2.6389844518069965e-07,2.638984452888706e-07,2.6389844539703483e-07,2.6389844550519184e-07,2.638984456133424e-07,2.6389844572148615e-07,2.6389844582962324e-07,2.638984459377535e-07,2.6389844604587705e-07,2.638984461539937e-07,2.6389844626210365e-07,2.6389844637020666e-07,2.63898446478303e-07,2.638984465863926e-07,2.638984466944755e-07,2.638984468025515e-07,2.6389844691062077e-07,2.638984470186832e-07,2.638984471267389e-07,2.6389844723478785e-07,2.6389844734282997e-07,2.6389844745086537e-07,2.63898447558894e-07,2.6389844766691574e-07,2.6389844777493086e-07,2.6389844788293916e-07,2.638984479909406e-07,2.6389844809893536e-07,2.638984482069232e-07,2.6389844831490436e-07,2.6389844842287877e-07,2.6389844853084646e-07,2.6389844863880727e-07,2.638984487467613e-07,2.6389844885470856e-07,2.6389844896264914e-07,2.6389844907058284e-07,2.638984491785098e-07,2.638984492864299e-07,2.6389844939434335e-07,2.6389844950225e-07,2.6389844961014987e-07,2.6389844971804297e-07,2.6389844982592913e-07,2.638984499338088e-07,2.638984500416816e-07,2.6389845014954755e-07,2.6389845025740687e-07,2.638984503652593e-07,2.6389845047310503e-07,2.6389845058094397e-07,2.638984506887761e-07,2.6389845079660147e-07,2.638984509044201e-07,2.638984510122319e-07,2.638984511200369e-07,2.6389845122783526e-07,2.638984513356268e-07,2.638984514434116e-07,2.638984515511895e-07,2.6389845165896074e-07,2.6389845176672514e-07,2.6389845187448287e-07,2.6389845198223367e-07,2.6389845208997785e-07,2.6389845219771514e-07,2.638984523054457e-07,2.6389845241316957e-07,2.638984525208866e-07,2.6389845262859694e-07,2.6389845273630046e-07,2.6389845284399705e-07,2.638984529516871e-07,2.638984530593704e-07,2.638984531670468e-07,2.6389845327471637e-07,2.638984533823793e-07,2.638984534900354e-07,2.6389845359768484e-07,2.638984537053274e-07,2.638984538129632e-07,2.6389845392059223e-07,2.638984540282146e-07,2.638984541358301e-07,2.638984542434389e-07,2.638984543510408e-07,2.6389845445863613e-07,2.6389845456622456e-07,2.638984546738063e-07,2.6389845478138125e-07,2.6389845488894946e-07,2.638984549965109e-07,2.638984551040655e-07,2.638984552116134e-07,2.638984553191545e-07,2.6389845542668875e-07,2.638984555342163e-07,2.6389845564173686e-07,2.6389845574925086e-07,2.638984558567581e-07,2.6389845596425853e-07,2.638984560717523e-07,2.638984561792393e-07,2.638984562867195e-07,2.63898456394193e-07,2.6389845650165975e-07,2.638984566091197e-07,2.6389845671657286e-07,2.638984568240193e-07,2.638984569314589e-07,2.638984570388918e-07,2.638984571463179e-07,2.638984572537373e-07,2.6389845736114985e-07,2.638984574685557e-07,2.638984575759548e-07,2.638984576833471e-07,2.638984577907326e-07,2.638984578981113e-07,2.6389845800548337e-07,2.638984581128486e-07,2.638984582202071e-07,2.6389845832755886e-07,2.6389845843490387e-07,2.63898458542242e-07,2.6389845864957357e-07,2.638984587568982e-07,2.638984588642161e-07,2.6389845897152735e-07,2.6389845907883176e-07,2.638984591861295e-07,2.638984592934203e-07,2.638984594007044e-07,2.638984595079817e-07,2.638984596152524e-07,2.638984597225163e-07,2.638984598297734e-07,2.638984599370237e-07,2.6389846004426726e-07,2.638984601515041e-07,2.638984602587342e-07,2.6389846036595746e-07,2.6389846047317404e-07,2.6389846058038385e-07,2.638984606875869e-07,2.6389846079478324e-07,2.638984609019727e-07,2.6389846100915474e-07,2.6389846111633077e-07,2.6389846122349997e-07,2.6389846133066245e-07,2.6389846143781826e-07,2.638984615449671e-07,2.6389846165210933e-07,2.6389846175924577e-07,2.638984618663745e-07,2.6389846197349656e-07,2.6389846208061176e-07,2.638984621877202e-07,2.638984622948219e-07,2.638984624019168e-07,2.63898462509005e-07,2.638984626160864e-07,2.6389846272316106e-07,2.63898462830229e-07,2.638984629372901e-07,2.638984630443444e-07,2.6389846315139196e-07,2.6389846325843283e-07,2.6389846336546704e-07,2.638984634724944e-07,2.63898463579515e-07,2.638984636865289e-07,2.6389846379353605e-07,2.638984639005364e-07,2.6389846400753e-07,2.638984641145169e-07,2.6389846422149696e-07,2.638984643284704e-07,2.63898464435437e-07,2.638984645423968e-07,2.6389846464935e-07,2.6389846475629625e-07,2.63898464863236e-07,2.6389846497016884e-07,2.6389846507709494e-07,2.638984651840143e-07,2.638984652909269e-07,2.638984653978327e-07,2.638984655047318e-07,2.638984656116242e-07,2.638984657185098e-07,2.638984658253887e-07,2.6389846593226073e-07,2.638984660391261e-07,2.6389846614598477e-07,2.6389846625283655e-07,2.638984663596817e-07,2.6389846646652e-07,2.6389846657335154e-07,2.6389846668017637e-07,2.638984667869945e-07,2.6389846689380597e-07,2.638984670006106e-07,2.6389846710740836e-07,2.638984672141995e-07,2.6389846732098385e-07,2.638984674277615e-07,2.6389846753453234e-07,2.6389846764129656e-07,2.6389846774805394e-07,2.6389846785480455e-07,2.638984679615485e-07,2.638984680682856e-07,2.63898468175016e-07,2.6389846828173965e-07,2.638984683884565e-07,2.638984684951667e-07,2.638984686018701e-07,2.638984687085667e-07,2.6389846881525664e-07,2.638984689219399e-07,2.6389846902861635e-07,2.6389846913528596e-07,2.6389846924194896e-07,2.638984693486053e-07,2.6389846945525483e-07,2.6389846956189765e-07,2.638984696685338e-07,2.63898469775163e-07,2.638984698817855e-07,2.638984699884013e-07,2.638984700950105e-07,2.638984702016127e-07,2.6389847030820827e-07,2.63898470414797e-07,2.638984705213787e-07,2.63898470627954e-07,2.6389847073452255e-07,2.6389847084108533e-07,2.638984709476402e-07,2.6389847105418844e-07,2.6389847116073005e-07,2.6389847126726477e-07,2.638984713737929e-07,2.6389847148031415e-07,2.6389847158682875e-07,2.638984716933366e-07,2.638984717998377e-07,2.63898471906332e-07,2.6389847201281973e-07,2.6389847211930056e-07,2.6389847222577466e-07,2.638984723322424e-07,2.6389847243870313e-07,2.63898472545157e-07,2.638984726516043e-07,2.638984727580447e-07,2.638984728644783e-07,2.6389847297090526e-07,2.6389847307732547e-07,2.6389847318373896e-07,2.638984732901457e-07,2.638984733965457e-07,2.63898473502939e-07,2.638984736093255e-07,2.638984737157053e-07,2.6389847382207834e-07,2.638984739284447e-07,2.6389847403480426e-07,2.638984741411572e-07,2.6389847424750324e-07,2.6389847435384266e-07,2.638984744601753e-07,2.638984745665012e-07,2.6389847467282034e-07,2.6389847477913277e-07,2.6389847488543837e-07,2.638984749917373e-07,2.6389847509802945e-07,2.6389847520431483e-07,2.6389847531059364e-07,2.638984754168657e-07,2.638984755231309e-07,2.6389847562938947e-07,2.6389847573564123e-07,2.6389847584188616e-07,2.6389847594812453e-07,2.638984760543562e-07,2.638984761605811e-07,2.638984762667992e-07,2.638984763730106e-07,2.6389847647921525e-07,2.638984765854132e-07,2.6389847669160436e-07,2.6389847679778884e-07,2.6389847690396643e-07,2.6389847701013735e-07,2.638984771163016e-07,2.638984772224591e-07,2.638984773286098e-07,2.6389847743475386e-07,2.6389847754089116e-07,2.6389847764702174e-07,2.6389847775314555e-07,2.638984778592627e-07,2.6389847796537304e-07,2.638984780714767e-07,2.6389847817757364e-07,2.6389847828366383e-07,2.6389847838974724e-07,2.6389847849582393e-07,2.638984786018939e-07,2.638984787079572e-07,2.6389847881401376e-07,2.638984789200635e-07,2.638984790261065e-07,2.6389847913214287e-07,2.6389847923817245e-07,2.638984793441953e-07,2.6389847945021153e-07,2.638984795562209e-07,2.6389847966222356e-07,2.638984797682195e-07,2.6389847987420874e-07,2.6389847998019115e-07,2.63898480086167e-07,2.63898480192136e-07,2.6389848029809834e-07,2.638984804040539e-07,2.638984805100028e-07,2.638984806159449e-07,2.6389848072188025e-07,2.638984808278089e-07,2.6389848093373086e-07,2.6389848103964614e-07,2.6389848114555453e-07,2.638984812514563e-07,2.6389848135735126e-07,2.6389848146323954e-07,2.6389848156912125e-07,2.638984816749961e-07,2.638984817808643e-07,2.638984818867258e-07,2.6389848199258034e-07,2.6389848209842827e-07,2.638984822042694e-07,2.638984823101038e-07,2.638984824159317e-07,2.638984825217527e-07,2.6389848262756695e-07,2.6389848273337465e-07,2.638984828391755e-07,2.638984829449696e-07,2.6389848305075694e-07,2.6389848315653765e-07,2.638984832623117e-07,2.6389848336807894e-07,2.638984834738395e-07,2.638984835795932e-07,2.6389848368534037e-07,2.6389848379108063e-07,2.6389848389681427e-07,2.6389848400254113e-07,2.638984841082613e-07,2.6389848421397474e-07,2.6389848431968144e-07,2.638984844253815e-07,2.6389848453107476e-07,2.6389848463676134e-07,2.638984847424411e-07,2.6389848484811427e-07,2.638984849537806e-07,2.638984850594403e-07,2.6389848516509327e-07,2.6389848527073945e-07,2.6389848537637897e-07,2.638984854820117e-07,2.638984855876377e-07,2.638984856932571e-07,2.6389848579886963e-07,2.638984859044756e-07,2.6389848601007476e-07,2.638984861156672e-07,2.63898486221253e-07,2.6389848632683194e-07,2.6389848643240427e-07,2.6389848653797004e-07,2.638984866435289e-07,2.6389848674908115e-07,2.638984868546265e-07,2.6389848696016514e-07,2.638984870656971e-07,2.638984871712224e-07,2.6389848727674095e-07,2.638984873822528e-07,2.638984874877579e-07,2.638984875932562e-07,2.6389848769874796e-07,2.6389848780423284e-07,2.638984879097111e-07,2.638984880151826e-07,2.638984881206474e-07,2.638984882261055e-07,2.6389848833155685e-07,2.638984884370015e-07,2.638984885424394e-07,2.6389848864787056e-07,2.638984887532951e-07,2.638984888587129e-07,2.638984889641239e-07,2.638984890695283e-07,2.638984891749259e-07,2.638984892803168e-07,2.6389848938570106e-07,2.6389848949107857e-07,2.638984895964494e-07,2.6389848970181344e-07,2.638984898071708e-07,2.6389848991252135e-07,2.638984900178653e-07,2.638984901232026e-07,2.6389849022853293e-07,2.6389849033385677e-07,2.638984904391739e-07,2.638984905444842e-07,2.638984906497878e-07,2.6389849075508466e-07,2.638984908603749e-07,2.638984909656584e-07,2.638984910709351e-07,2.6389849117620515e-07,2.638984912814685e-07,2.6389849138672513e-07,2.6389849149197506e-07,2.638984915972182e-07,2.6389849170245475e-07,2.638984918076845e-07,2.638984919129075e-07,2.638984920181238e-07,2.638984921233335e-07,2.638984922285365e-07,2.638984923337328e-07,2.6389849243892227e-07,2.6389849254410507e-07,2.638984926492811e-07,2.6389849275445046e-07,2.6389849285961314e-07,2.6389849296476905e-07,2.6389849306991835e-07,2.6389849317506087e-07,2.6389849328019666e-07,2.638984933853258e-07,2.638984934904482e-07,2.6389849359556386e-07,2.638984937006728e-07,2.6389849380577504e-07,2.638984939108705e-07,2.6389849401595934e-07,2.638984941210415e-07,2.63898494226117e-07,2.638984943311856e-07,2.638984944362476e-07,2.63898494541303e-07,2.6389849464635164e-07,2.638984947513936e-07,2.638984948564287e-07,2.638984949614571e-07,2.6389849506647877e-07,2.6389849517149386e-07,2.638984952765023e-07,2.6389849538150377e-07,2.6389849548649874e-07,2.63898495591487e-07,2.638984956964684e-07,2.638984958014432e-07,2.638984959064114e-07,2.6389849601137276e-07,2.638984961163275e-07,2.638984962212754e-07,2.638984963262167e-07,2.638984964311513e-07,2.6389849653607934e-07,2.6389849664100047e-07,2.63898496745915e-07,2.6389849685082276e-07,2.638984969557239e-07,2.6389849706061836e-07,2.638984971655059e-07,2.6389849727038697e-07,2.6389849737526125e-07,2.6389849748012874e-07,2.638984975849894e-07,2.638984976898436e-07,2.638984977946911e-07,2.6389849789953176e-07,2.6389849800436596e-07,2.638984981091931e-07,2.638984982140137e-07,2.6389849831882747e-07,2.6389849842363424e-07,2.638984985284345e-07,2.6389849863322805e-07,2.63898498738015e-07,2.6389849884279496e-07,2.638984989475687e-07,2.6389849905233566e-07,2.63898499157096e-07,2.6389849926184963e-07,2.6389849936659664e-07,2.6389849947133687e-07,2.638984995760704e-07,2.638984996807973e-07,2.638984997855175e-07,2.638984998902309e-07,2.638984999949376e-07,2.638985000996377e-07,2.6389850020433107e-07,2.6389850030901767e-07,2.638985004136976e-07,2.638985005183707e-07,2.6389850062303735e-07,2.6389850072769716e-07,2.6389850083235025e-07,2.6389850093699667e-07,2.638985010416365e-07,2.638985011462695e-07,2.638985012508958e-07,2.638985013555155e-07,2.6389850146012846e-07,2.6389850156473464e-07,2.638985016693343e-07,2.638985017739272e-07,2.6389850187851334e-07,2.6389850198309284e-07,2.6389850208766563e-07,2.638985021922318e-07,2.638985022967911e-07,2.638985024013438e-07,2.6389850250588984e-07,2.638985026104291e-07,2.6389850271496166e-07,2.6389850281948806e-07,2.6389850292400717e-07,2.638985030285197e-07,2.6389850313302557e-07,2.638985032375246e-07,2.63898503342017e-07,2.638985034465028e-07,2.6389850355098175e-07,2.638985036554541e-07,2.638985037599197e-07,2.638985038643787e-07,2.6389850396883093e-07,2.638985040732766e-07,2.6389850417771545e-07,2.6389850428214763e-07,2.638985043865731e-07,2.6389850449099186e-07,2.638985045954039e-07,2.6389850469980946e-07,2.638985048042081e-07,2.6389850490860007e-07,2.6389850501298544e-07,2.6389850511736436e-07,2.638985052217362e-07,2.6389850532610134e-07,2.6389850543046056e-07,2.638985055348124e-07,2.638985056391583e-07,2.6389850574349683e-07,2.638985058478287e-07,2.638985059521537e-07,2.6389850605647217e-07,2.6389850616078385e-07,2.6389850626508887e-07,2.6389850636938726e-07,2.63898506473679e-07,2.6389850657796394e-07,2.638985066822422e-07,2.638985067865137e-07,2.638985068907786e-07,2.638985069950368e-07,2.6389850709928826e-07,2.6389850720353313e-07,2.6389850730777123e-07,2.638985074120026e-07,2.638985075162274e-07,2.638985076204455e-07,2.6389850772465687e-07,2.6389850782886167e-07,2.6389850793305953e-07,2.638985080372509e-07,2.638985081414354e-07,2.6389850824561326e-07,2.638985083497846e-07,2.638985084539491e-07,2.63898508558107e-07,2.638985086622582e-07,2.638985087664027e-07,2.6389850887054046e-07,2.6389850897467156e-07,2.63898509078796e-07,2.638985091829138e-07,2.6389850928702486e-07,2.6389850939112923e-07,2.6389850949522694e-07,2.638985095993179e-07,2.638985097034023e-07,2.6389850980747997e-07,2.6389850991155083e-07,2.6389851001561513e-07,2.638985101196727e-07,2.638985102237236e-07,2.638985103277679e-07,2.6389851043180535e-07,2.638985105358362e-07,2.6389851063986036e-07,2.638985107438779e-07,2.638985108478886e-07,2.638985109518928e-07,2.6389851105589007e-07,2.6389851115988083e-07,2.63898511263865e-07,2.638985113678423e-07,2.63898511471813e-07,2.638985115757769e-07,2.638985116797343e-07,2.638985117836849e-07,2.638985118876289e-07,2.638985119915661e-07,2.638985120954968e-07,2.6389851219942075e-07,2.63898512303338e-07,2.6389851240724834e-07,2.638985125111523e-07,2.638985126150495e-07,2.6389851271894e-07,2.638985128228239e-07,2.6389851292670103e-07,2.638985130305714e-07,2.638985131344352e-07,2.6389851323829226e-07,2.6389851334214274e-07,2.6389851344598644e-07,2.6389851354982347e-07,2.638985136536539e-07,2.6389851375747756e-07,2.6389851386129453e-07,2.6389851396510487e-07,2.6389851406890855e-07,2.638985141727056e-07,2.638985142764959e-07,2.6389851438027955e-07,2.6389851448405655e-07,2.6389851458782677e-07,2.6389851469159037e-07,2.638985147953472e-07,2.638985148990975e-07,2.6389851500284104e-07,2.638985151065779e-07,2.638985152103081e-07,2.638985153140316e-07,2.6389851541774843e-07,2.638985155214586e-07,2.638985156251622e-07,2.63898515728859e-07,2.638985158325491e-07,2.638985159362326e-07,2.638985160399094e-07,2.638985161435795e-07,2.638985162472431e-07,2.638985163508999e-07,2.638985164545499e-07,2.638985165581934e-07,2.638985166618301e-07,2.6389851676546017e-07,2.6389851686908354e-07,2.638985169727003e-07,2.6389851707631046e-07,2.638985171799137e-07,2.638985172835104e-07,2.638985173871004e-07,2.638985174906838e-07,2.6389851759426047e-07,2.6389851769783047e-07,2.638985178013937e-07,2.6389851790495035e-07,2.6389851800850034e-07,2.6389851811204366e-07,2.638985182155803e-07,2.638985183191103e-07,2.6389851842263355e-07,2.6389851852615013e-07,2.638985186296601e-07,2.6389851873316334e-07,2.638985188366599e-07,2.638985189401498e-07,2.638985190436331e-07,2.6389851914710967e-07,2.6389851925057956e-07,2.638985193540428e-07,2.6389851945749933e-07,2.6389851956094916e-07,2.638985196643925e-07,2.63898519767829e-07,2.638985198712589e-07,2.6389851997468203e-07,2.638985200780986e-07,2.6389852018150847e-07,2.6389852028491166e-07,2.638985203883082e-07,2.638985204916978e-07,2.638985205950811e-07,2.6389852069845766e-07,2.6389852080182755e-07,2.638985209051907e-07,2.6389852100854715e-07,2.6389852111189703e-07,2.638985212152402e-07,2.638985213185767e-07,2.638985214219066e-07,2.6389852152522973e-07,2.638985216285462e-07,2.63898521731856e-07,2.6389852183515925e-07,2.638985219384557e-07,2.6389852204174555e-07,2.6389852214502873e-07,2.638985222483052e-07,2.63898522351575e-07,2.6389852245483823e-07,2.638985225580947e-07,2.638985226613445e-07,2.638985227645877e-07,2.6389852286782423e-07,2.638985229710541e-07,2.6389852307427724e-07,2.6389852317749376e-07,2.638985232807036e-07,2.6389852338390674e-07,2.638985234871034e-07,2.638985235902931e-07,2.638985236934763e-07,2.6389852379665287e-07,2.6389852389982276e-07,2.638985240029859e-07,2.638985241061424e-07,2.6389852420929233e-07,2.638985243124355e-07,2.6389852441557217e-07,2.6389852451870203e-07,2.638985246218253e-07,2.6389852472494185e-07,2.6389852482805165e-07,2.6389852493115493e-07,2.6389852503425144e-07,2.6389852513734144e-07,2.638985252404247e-07,2.6389852534350127e-07,2.6389852544657125e-07,2.638985255496345e-07,2.6389852565269105e-07,2.6389852575574103e-07,2.638985258587843e-07,2.6389852596182086e-07,2.638985260648507e-07,2.6389852616787396e-07,2.638985262708907e-07,2.638985263739006e-07,2.6389852647690393e-07,2.6389852657990054e-07,2.638985266828905e-07,2.6389852678587386e-07,2.638985268888505e-07,2.6389852699182055e-07,2.6389852709478386e-07,2.638985271977396e-07,2.6389852730068953e-07,2.6389852740363294e-07,2.6389852750656967e-07,2.638985276094942e-07,2.6389852771241763e-07,2.638985278153343e-07,2.6389852791824426e-07,2.638985280211477e-07,2.638985281240444e-07,2.638985282269345e-07,2.638985283298178e-07,2.6389852843269475e-07,2.6389852853556467e-07,2.638985286384283e-07,2.638985287412851e-07,2.6389852884413406e-07,2.638985289469776e-07,2.638985290498145e-07,2.638985291526447e-07,2.6389852925546825e-07,2.638985293582851e-07,2.638985294610955e-07,2.6389852956389904e-07,2.638985296666959e-07,2.6389852976948606e-07,2.6389852987226964e-07,2.638985299750466e-07,2.6389853007781685e-07,2.638985301805805e-07,2.638985302833375e-07,2.6389853038608777e-07,2.638985304888314e-07,2.6389853059156843e-07,2.638985306942987e-07,2.6389853079702236e-07,2.638985308997394e-07,2.638985310024498e-07,2.6389853110515363e-07,2.638985312078505e-07,2.6389853131054096e-07,2.638985314132247e-07,2.6389853151590187e-07,2.6389853161857227e-07,2.63898531721236e-07,2.638985318238931e-07,2.638985319265437e-07,2.6389853202918753e-07,2.638985321318247e-07,2.6389853223445533e-07,2.6389853233707925e-07,2.638985324396964e-07,2.63898532542307e-07,2.63898532644911e-07,2.638985327475083e-07,2.638985328500989e-07,2.6389853295268294e-07,2.6389853305526016e-07,2.6389853315783093e-07,2.6389853326039487e-07,2.638985333629523e-07,2.6389853346550305e-07,2.6389853356804713e-07,2.6389853367058455e-07,2.6389853377311535e-07,2.638985338756394e-07,2.6389853397815693e-07,2.638985340806677e-07,2.63898534183172e-07,2.6389853428566366e-07,2.638985343881546e-07,2.638985344906388e-07,2.6389853459311645e-07,2.6389853469558743e-07,2.638985347980517e-07,2.638985349005093e-07,2.6389853500296023e-07,2.638985351054046e-07,2.638985352078423e-07,2.638985353102733e-07,2.638985354126977e-07,2.638985355151156e-07,2.638985356175267e-07,2.638985357199312e-07,2.6389853582232913e-07,2.6389853592472017e-07,2.638985360271047e-07,2.638985361294826e-07,2.6389853623185384e-07,2.6389853633421846e-07,2.638985364365763e-07,2.6389853653892763e-07,2.638985366412723e-07,2.6389853674361023e-07,2.6389853684594166e-07,2.638985369482664e-07,2.6389853705058456e-07,2.6389853715289597e-07,2.638985372552007e-07,2.63898537357499e-07,2.638985374597905e-07,2.6389853756207535e-07,2.638985376643536e-07,2.6389853776662513e-07,2.6389853786889006e-07,2.638985379711483e-07,2.638985380733999e-07,2.6389853817564495e-07,2.638985382778833e-07,2.6389853838011505e-07,2.638985384823401e-07,2.638985385845585e-07,2.638985386867703e-07,2.638985387889755e-07,2.638985388911741e-07,2.6389853899336574e-07,2.6389853909555095e-07,2.638985391977295e-07,2.638985392999015e-07,2.6389853940206676e-07,2.6389853950422545e-07,2.6389853960637736e-07,2.6389853970852286e-07,2.6389853981066153e-07,2.638985399127936e-07,2.6389854001491903e-07,2.63898540117038e-07,2.6389854021915e-07,2.638985403212556e-07,2.6389854042335434e-07,2.638985405254466e-07,2.6389854062753217e-07,2.638985407296112e-07,2.6389854083168346e-07,2.6389854093374913e-07,2.6389854103580824e-07,2.638985411378605e-07,2.6389854123990565e-07,2.638985413419453e-07,2.638985414439797e-07,2.638985415460059e-07,2.6389854164802507e-07,2.638985417500377e-07,2.638985418520436e-07,2.638985419540429e-07,2.638985420560356e-07,2.6389854215802155e-07,2.63898542260001e-07,2.6389854236197363e-07,2.638985424639398e-07,2.6389854256589925e-07,2.638985426678521e-07,2.638985427697983e-07,2.6389854287173786e-07,2.6389854297367076e-07,2.638985430755971e-07,2.6389854317751675e-07,2.638985432794297e-07,2.638985433813362e-07,2.6389854348323593e-07,2.6389854358512907e-07,2.6389854368701554e-07,2.6389854378889534e-07,2.638985438907686e-07,2.638985439926352e-07,2.638985440944952e-07,2.638985441963484e-07,2.6389854429819513e-07,2.638985444000352e-07,2.638985445018686e-07,2.6389854460369535e-07,2.638985447055156e-07,2.6389854480732916e-07,2.6389854490913607e-07,2.638985450109362e-07,2.638985451127298e-07,2.6389854521451675e-07,2.63898545316297e-07,2.6389854541807073e-07,2.638985455198378e-07,2.638985456215983e-07,2.6389854572335205e-07,2.638985458250993e-07,2.6389854592683975e-07,2.638985460285737e-07,2.6389854613030103e-07,2.638985462320217e-07,2.638985463337358e-07,2.638985464354431e-07,2.6389854653714387e-07,2.6389854663883796e-07,2.638985467405256e-07,2.6389854684220644e-07,2.638985469438807e-07,2.638985470455483e-07,2.6389854714720924e-07,2.6389854724886357e-07,2.638985473505114e-07,2.638985474521525e-07,2.63898547553787e-07,2.638985476554148e-07,2.6389854775703606e-07,2.638985478586507e-07,2.6389854796025864e-07,2.638985480618599e-07,2.6389854816345454e-07,2.638985482650426e-07,2.638985483666241e-07,2.638985484681989e-07,2.6389854856976704e-07,2.638985486713287e-07,2.638985487728835e-07,2.638985488744318e-07,2.6389854897597354e-07,2.6389854907750855e-07,2.6389854917903704e-07,2.6389854928055886e-07,2.6389854938207396e-07,2.6389854948358255e-07,2.6389854958508447e-07,2.638985496865797e-07,2.6389854978806845e-07,2.638985498895504e-07,2.638985499910258e-07,2.638985500924947e-07,2.6389855019395674e-07,2.6389855029541233e-07,2.6389855039686126e-07,2.6389855049830356e-07,2.638985505997392e-07,2.638985507011682e-07,2.638985508025906e-07,2.638985509040064e-07,2.638985510054156e-07,2.6389855110681817e-07,2.638985512082141e-07,2.6389855130960347e-07,2.638985514109861e-07,2.638985515123622e-07,2.6389855161373155e-07,2.6389855171509434e-07,2.6389855181645057e-07,2.6389855191780013e-07,2.63898552019143e-07,2.6389855212047923e-07,2.63898552221809e-07,2.638985523231321e-07,2.638985524244485e-07,2.638985525257584e-07,2.638985526270616e-07,2.6389855272835825e-07,2.638985528296482e-07,2.6389855293093147e-07,2.6389855303220824e-07,2.6389855313347833e-07,2.6389855323474186e-07,2.638985533359987e-07,2.6389855343724896e-07,2.6389855353849253e-07,2.6389855363972954e-07,2.638985537409599e-07,2.638985538421837e-07,2.6389855394340086e-07,2.6389855404461134e-07,2.6389855414581526e-07,2.6389855424701256e-07,2.6389855434820314e-07,2.638985544493872e-07,2.638985545505647e-07,2.638985546517355e-07,2.6389855475289966e-07,2.638985548540572e-07,2.6389855495520813e-07,2.638985550563525e-07,2.638985551574903e-07,2.63898555258622e-07,2.638985553597464e-07,2.6389855546086494e-07,2.6389855556197626e-07,2.638985556630808e-07,2.638985557641795e-07,2.638985558652711e-07,2.6389855596635593e-07,2.638985560674348e-07,2.638985561685064e-07,2.638985562695713e-07,2.6389855637062957e-07,2.6389855647168134e-07,2.63898556572727e-07,2.6389855667376545e-07,2.6389855677479727e-07,2.6389855687582257e-07,2.6389855697684115e-07,2.6389855707785316e-07,2.6389855717885856e-07,2.6389855727985734e-07,2.638985573808495e-07,2.6389855748183504e-07,2.63898557582814e-07,2.638985576837863e-07,2.638985577847525e-07,2.638985578857116e-07,2.6389855798666414e-07,2.6389855808761e-07,2.638985581885493e-07,2.6389855828948186e-07,2.6389855839040795e-07,2.638985584913273e-07,2.638985585922402e-07,2.638985586931463e-07,2.6389855879404583e-07,2.6389855889493884e-07,2.6389855899582523e-07,2.63898559096705e-07,2.6389855919757815e-07,2.6389855929844464e-07,2.638985593993045e-07,2.6389855950015786e-07,2.638985596010045e-07,2.638985597018446e-07,2.638985598026781e-07,2.63898559903505e-07,2.6389856000432526e-07,2.6389856010513896e-07,2.6389856020594594e-07,2.6389856030674636e-07,2.6389856040754015e-07,2.6389856050832733e-07,2.638985606091079e-07,2.638985607098819e-07,2.6389856081064917e-07,2.6389856091141e-07,2.6389856101216413e-07,2.6389856111291176e-07,2.638985612136522e-07,2.638985613143861e-07,2.6389856141511364e-07,2.638985615158347e-07,2.638985616165491e-07,2.63898561717257e-07,2.63898561817958e-07,2.638985619186527e-07,2.638985620193408e-07,2.6389856212002234e-07,2.638985622206973e-07,2.638985623213655e-07,2.6389856242202686e-07,2.6389856252268164e-07,2.6389856262332996e-07,2.638985627239719e-07,2.6389856282460706e-07,2.6389856292523574e-07,2.638985630258578e-07,2.6389856312647314e-07,2.638985632270819e-07,2.6389856332768407e-07,2.6389856342827966e-07,2.638985635288687e-07,2.6389856362945104e-07,2.638985637300268e-07,2.638985638305959e-07,2.6389856393115846e-07,2.6389856403171435e-07,2.638985641322638e-07,2.638985642328063e-07,2.638985643333425e-07,2.6389856443387193e-07,2.638985645343949e-07,2.638985646349112e-07,2.638985647354209e-07,2.63898564835924e-07,2.6389856493642055e-07,2.638985650369103e-07,2.638985651373936e-07,2.6389856523787037e-07,2.6389856533834044e-07,2.6389856543880395e-07,2.638985655392608e-07,2.638985656397112e-07,2.6389856574015487e-07,2.638985658405919e-07,2.638985659410224e-07,2.638985660414464e-07,2.638985661418636e-07,2.6389856624227436e-07,2.638985663426785e-07,2.6389856644307596e-07,2.6389856654346673e-07,2.6389856664385104e-07,2.638985667442288e-07,2.6389856684459986e-07,2.6389856694496426e-07,2.638985670453221e-07,2.638985671456733e-07,2.63898567246018e-07,2.6389856734635613e-07,2.6389856744668745e-07,2.6389856754701236e-07,2.638985676473307e-07,2.6389856774764254e-07,2.638985678479476e-07,2.6389856794824615e-07,2.63898568048538e-07,2.638985681488233e-07,2.63898568249102e-07,2.6389856834937417e-07,2.638985684496396e-07,2.638985685498985e-07,2.638985686501509e-07,2.6389856875039667e-07,2.638985688506358e-07,2.638985689508684e-07,2.6389856905109427e-07,2.6389856915131367e-07,2.638985692515264e-07,2.6389856935173247e-07,2.638985694519322e-07,2.638985695521251e-07,2.6389856965231153e-07,2.638985697524912e-07,2.6389856985266426e-07,2.6389856995283093e-07,2.6389857005299094e-07,2.6389857015314427e-07,2.6389857025329115e-07,2.6389857035343135e-07,2.638985704535651e-07,2.638985705536922e-07,2.638985706538128e-07,2.6389857075392674e-07,2.638985708540342e-07,2.6389857095413484e-07,2.6389857105422893e-07,2.638985711543164e-07,2.6389857125439727e-07,2.638985713544714e-07,2.6389857145453914e-07,2.6389857155460015e-07,2.6389857165465464e-07,2.638985717547025e-07,2.6389857185474384e-07,2.6389857195477853e-07,2.638985720548067e-07,2.6389857215482813e-07,2.638985722548431e-07,2.6389857235485136e-07,2.638985724548531e-07,2.638985725548482e-07,2.638985726548368e-07,2.6389857275481873e-07,2.6389857285479413e-07,2.638985729547629e-07,2.638985730547251e-07,2.6389857315468064e-07,2.6389857325462963e-07,2.6389857335457205e-07,2.638985734545079e-07,2.638985735544371e-07,2.6389857365435967e-07,2.638985737542758e-07,2.638985738541853e-07,2.638985739540882e-07,2.638985740539846e-07,2.6389857415387443e-07,2.638985742537576e-07,2.63898574353634e-07,2.638985744535041e-07,2.6389857455336736e-07,2.638985746532242e-07,2.638985747530743e-07,2.638985748529179e-07,2.6389857495275493e-07,2.638985750525854e-07,2.6389857515240917e-07,2.6389857525222634e-07,2.638985753520369e-07,2.63898575451841e-07,2.6389857555163846e-07,2.638985756514294e-07,2.6389857575121377e-07,2.6389857585099144e-07,2.638985759507626e-07,2.6389857605052715e-07,2.63898576150285e-07,2.6389857625003634e-07,2.6389857634978114e-07,2.638985764495193e-07,2.63898576549251e-07,2.6389857664897594e-07,2.638985767486945e-07,2.6389857684840625e-07,2.638985769481115e-07,2.6389857704781025e-07,2.6389857714750237e-07,2.6389857724718777e-07,2.638985773468668e-07,2.638985774465391e-07,2.638985775462049e-07,2.63898577645864e-07,2.6389857774551663e-07,2.638985778451627e-07,2.638985779448021e-07,2.6389857804443493e-07,2.6389857814406114e-07,2.6389857824368085e-07,2.6389857834329393e-07,2.6389857844290046e-07,2.638985785425005e-07,2.6389857864209386e-07,2.6389857874168063e-07,2.638985788412608e-07,2.6389857894083433e-07,2.638985790404014e-07,2.638985791399619e-07,2.638985792395157e-07,2.63898579339063e-07,2.6389857943860367e-07,2.6389857953813783e-07,2.638985796376654e-07,2.638985797371862e-07,2.638985798367007e-07,2.638985799362085e-07,2.638985800357097e-07,2.638985801352043e-07,2.638985802346923e-07,2.638985803341738e-07,2.6389858043364875e-07,2.6389858053311694e-07,2.638985806325787e-07,2.6389858073203394e-07,2.638985808314825e-07,2.638985809309245e-07,2.6389858103035985e-07,2.638985811297887e-07,2.63898581229211e-07,2.638985813286266e-07,2.6389858142803573e-07,2.6389858152743827e-07,2.6389858162683415e-07,2.638985817262235e-07,2.638985818256064e-07,2.638985819249826e-07,2.638985820243522e-07,2.638985821237154e-07,2.638985822230719e-07,2.6389858232242173e-07,2.638985824217651e-07,2.638985825211018e-07,2.63898582620432e-07,2.638985827197555e-07,2.638985828190727e-07,2.6389858291838316e-07,2.6389858301768697e-07,2.638985831169843e-07,2.6389858321627496e-07,2.638985833155591e-07,2.638985834148367e-07,2.638985835141077e-07,2.6389858361337205e-07,2.6389858371262986e-07,2.638985838118812e-07,2.638985839111258e-07,2.6389858401036395e-07,2.638985841095955e-07,2.638985842088205e-07,2.6389858430803886e-07,2.6389858440725066e-07,2.63898584506456e-07,2.638985846056546e-07,2.6389858470484685e-07,2.638985848040323e-07,2.6389858490321127e-07,2.6389858500238363e-07,2.638985851015494e-07,2.638985852007087e-07,2.638985852998614e-07,2.638985853990075e-07,2.638985854981471e-07,2.638985855972801e-07,2.638985856964065e-07,2.638985857955263e-07,2.638985858946395e-07,2.6389858599374623e-07,2.638985860928465e-07,2.6389858619194003e-07,2.63898586291027e-07,2.638985863901074e-07,2.638985864891812e-07,2.6389858658824843e-07,2.6389858668730914e-07,2.638985867863632e-07,2.638985868854109e-07,2.6389858698445174e-07,2.6389858708348614e-07,2.6389858718251404e-07,2.638985872815352e-07,2.638985873805499e-07,2.6389858747955785e-07,2.6389858757855917e-07,2.638985876775541e-07,2.638985877765426e-07,2.638985878755244e-07,2.6389858797449974e-07,2.6389858807346834e-07,2.638985881724306e-07,2.6389858827138617e-07,2.6389858837033523e-07,2.6389858846927763e-07,2.638985885682134e-07,2.6389858866714267e-07,2.638985887660656e-07,2.638985888649817e-07,2.638985889638913e-07,2.6389858906279435e-07,2.6389858916169085e-07,2.6389858926058073e-07,2.6389858935946404e-07,2.6389858945834085e-07,2.6389858955721103e-07,2.6389858965607476e-07,2.6389858975493187e-07,2.6389858985378247e-07,2.6389858995262645e-07,2.6389859005146386e-07,2.638985901502947e-07,2.6389859024911985e-07,2.6389859034793736e-07,2.6389859044674857e-07,2.6389859054555306e-07,2.6389859064435103e-07,2.638985907431426e-07,2.638985908419275e-07,2.638985909407058e-07,2.638985910394775e-07,2.6389859113824276e-07,2.638985912370011e-07,2.638985913357532e-07,2.6389859143449873e-07,2.638985915332377e-07,2.6389859163197006e-07,2.638985917306959e-07,2.638985918294152e-07,2.638985919281278e-07,2.6389859202683395e-07,2.6389859212553357e-07,2.6389859222422656e-07,2.638985923229129e-07,2.638985924215927e-07,2.63898592520266e-07,2.6389859261893275e-07,2.638985927175931e-07,2.6389859281624674e-07,2.638985929148939e-07,2.638985930135344e-07,2.638985931121683e-07,2.638985932107957e-07,2.638985933094166e-07,2.638985934080309e-07,2.638985935066387e-07,2.638985936052398e-07,2.638985937038344e-07,2.6389859380242243e-07,2.6389859390100393e-07,2.6389859399957893e-07,2.638985940981473e-07,2.6389859419670917e-07,2.638985942952643e-07,2.6389859439381305e-07,2.638985944923552e-07,2.638985945908907e-07,2.6389859468941977e-07,2.6389859478794224e-07,2.6389859488645816e-07,2.6389859498496745e-07,2.6389859508347024e-07,2.6389859518196646e-07,2.638985952804563e-07,2.638985953789393e-07,2.6389859547741584e-07,2.6389859557588586e-07,2.6389859567434936e-07,2.63898595772806e-07,2.6389859587125604e-07,2.6389859596969985e-07,2.63898596068137e-07,2.638985961665677e-07,2.6389859626499194e-07,2.638985963634095e-07,2.6389859646182054e-07,2.6389859656022496e-07,2.6389859665862287e-07,2.638985967570143e-07,2.63898596855399e-07,2.638985969537773e-07,2.6389859705214893e-07,2.638985971505143e-07,2.638985972488728e-07,2.6389859734721926e-07,2.6389859744556444e-07,2.638985975439026e-07,2.6389859764223496e-07,2.6389859774056077e-07,2.6389859783888e-07,2.638985979371927e-07,2.638985980354989e-07,2.638985981337985e-07,2.6389859823209155e-07,2.638985983303779e-07,2.638985984286579e-07,2.6389859852693144e-07,2.6389859862519737e-07,2.638985987234576e-07,2.6389859882171134e-07,2.6389859891995843e-07,2.6389859901819906e-07,2.638985991164328e-07,2.6389859921466036e-07,2.638985993128812e-07,2.638985994110957e-07,2.6389859950930363e-07,2.638985996075049e-07,2.638985997056998e-07,2.63898599803888e-07,2.6389859990206963e-07,2.638986000002447e-07,2.6389860009841335e-07,2.6389860019657536e-07,2.638986002947308e-07,2.6389860039287975e-07,2.6389860049102207e-07,2.63898600589158e-07,2.638986006872872e-07,2.638986007854099e-07,2.638986008835262e-07,2.6389860098163583e-07,2.638986010797389e-07,2.638986011778354e-07,2.6389860127592546e-07,2.638986013740088e-07,2.638986014720856e-07,2.6389860157015596e-07,2.6389860166821983e-07,2.63898601766277e-07,2.6389860186432775e-07,2.6389860196237187e-07,2.638986020604096e-07,2.6389860215844057e-07,2.6389860225646515e-07,2.638986023544831e-07,2.638986024524945e-07,2.638986025504994e-07,2.638986026484977e-07,2.6389860274648954e-07,2.638986028444748e-07,2.6389860294245347e-07,2.6389860304042554e-07,2.638986031383911e-07,2.6389860323635024e-07,2.638986033343027e-07,2.6389860343224874e-07,2.638986035301882e-07,2.6389860362812103e-07,2.6389860372604736e-07,2.638986038239672e-07,2.6389860392188047e-07,2.6389860401978716e-07,2.638986041176873e-07,2.63898604215581e-07,2.6389860431346804e-07,2.638986044113485e-07,2.6389860450922254e-07,2.6389860460709e-07,2.638986047049509e-07,2.638986048028053e-07,2.6389860490065314e-07,2.638986049984944e-07,2.6389860509632924e-07,2.6389860519415763e-07,2.638986052919793e-07,2.638986053897944e-07,2.63898605487603e-07,2.638986055854049e-07,2.6389860568320047e-07,2.638986057809894e-07,2.6389860587877185e-07,2.6389860597654767e-07,2.6389860607431703e-07,2.638986061720799e-07,2.6389860626983606e-07,2.638986063675858e-07,2.6389860646532893e-07,2.638986065630656e-07,2.638986066607957e-07,2.638986067585192e-07,2.638986068562362e-07,2.6389860695394666e-07,2.638986070516506e-07,2.6389860714934806e-07,2.638986072470389e-07,2.638986073447233e-07,2.6389860744240113e-07,2.638986075400723e-07,2.638986076377371e-07,2.638986077353953e-07,2.6389860783304685e-07,2.63898607930692e-07,2.6389860802833135e-07,2.6389860812596334e-07,2.6389860822358886e-07,2.638986083212078e-07,2.6389860841882027e-07,2.638986085164262e-07,2.638986086140256e-07,2.638986087116184e-07,2.638986088092045e-07,2.6389860890678435e-07,2.6389860900435747e-07,2.6389860910192417e-07,2.6389860919948426e-07,2.638986092970378e-07,2.63898609394585e-07,2.638986094921255e-07,2.638986095896595e-07,2.638986096871868e-07,2.6389860978470774e-07,2.6389860988222225e-07,2.6389860997973025e-07,2.638986100772315e-07,2.638986101747264e-07,2.638986102722146e-07,2.6389861036969617e-07,2.6389861046717145e-07,2.638986105646401e-07,2.6389861066210216e-07,2.638986107595577e-07,2.638986108570068e-07,2.638986109544492e-07,2.638986110518852e-07,2.638986111493146e-07,2.638986112467376e-07,2.638986113441539e-07,2.638986114415637e-07,2.63898611538967e-07,2.6389861163636465e-07,2.6389861173375486e-07,2.6389861183113956e-07,2.638986119285168e-07,2.6389861202588736e-07,2.6389861212325147e-07,2.638986122206091e-07,2.6389861231796015e-07,2.638986124153046e-07,2.638986125126426e-07,2.6389861260997407e-07,2.63898612707299e-07,2.638986128046174e-07,2.6389861290192933e-07,2.638986129992347e-07,2.6389861309653346e-07,2.638986131938258e-07,2.638986132911116e-07,2.6389861338839073e-07,2.638986134856634e-07,2.638986135829296e-07,2.638986136801893e-07,2.638986137774424e-07,2.6389861387468886e-07,2.63898613971929e-07,2.6389861406916255e-07,2.6389861416638906e-07,2.6389861426360955e-07,2.638986143608235e-07,2.6389861445803087e-07,2.638986145552317e-07,2.6389861465242604e-07,2.6389861474961376e-07,2.6389861484679517e-07,2.638986149439699e-07,2.638986150411382e-07,2.6389861513829987e-07,2.638986152354551e-07,2.6389861533260367e-07,2.6389861542974585e-07,2.638986155268815e-07,2.6389861562401074e-07,2.6389861572113323e-07,2.638986158182493e-07,2.6389861591535895e-07,2.6389861601246185e-07,2.638986161095585e-07,2.6389861620664844e-07,2.6389861630373165e-07,2.638986164008085e-07,2.6389861649787886e-07,2.6389861659494274e-07,2.6389861669200007e-07,2.6389861678905093e-07,2.638986168860952e-07,2.6389861698313286e-07,2.638986170801641e-07,2.6389861717718885e-07,2.6389861727420695e-07,2.6389861737121874e-07,2.638986174682239e-07,2.638986175652225e-07,2.638986176622146e-07,2.6389861775920017e-07,2.6389861785617925e-07,2.638986179531518e-07,2.638986180501178e-07,2.6389861814707736e-07,2.638986182440304e-07,2.6389861834097676e-07,2.6389861843791666e-07,2.6389861853485005e-07,2.638986186317769e-07,2.6389861872869725e-07,2.638986188256111e-07,2.638986189225184e-07,2.638986190194192e-07,2.6389861911631345e-07,2.6389861921320115e-07,2.638986193100823e-07,2.638986194069572e-07,2.638986195038254e-07,2.6389861960068707e-07,2.638986196975421e-07,2.638986197943908e-07,2.6389861989123297e-07,2.638986199880686e-07,2.6389862008489774e-07,2.6389862018172033e-07,2.6389862027853625e-07,2.6389862037534576e-07,2.638986204721487e-07,2.638986205689452e-07,2.638986206657353e-07,2.6389862076251875e-07,2.638986208592958e-07,2.6389862095606636e-07,2.638986210528303e-07,2.6389862114958787e-07,2.638986212463388e-07,2.638986213430833e-07,2.6389862143982117e-07,2.6389862153655265e-07,2.6389862163327767e-07,2.6389862172999613e-07,2.638986218267081e-07,2.638986219234135e-07,2.6389862202011227e-07,2.6389862211680447e-07,2.6389862221349037e-07,2.638986223101697e-07,2.638986224068424e-07,2.638986225035085e-07,2.638986226001682e-07,2.6389862269682135e-07,2.63898622793468e-07,2.638986228901081e-07,2.6389862298674167e-07,2.6389862308336875e-07,2.638986231799893e-07,2.6389862327660333e-07,2.638986233732109e-07,2.638986234698127e-07,2.638986235664072e-07,2.6389862366299514e-07,2.6389862375957654e-07,2.638986238561516e-07,2.6389862395271996e-07,2.6389862404928187e-07,2.638986241458373e-07,2.638986242423862e-07,2.6389862433892865e-07,2.638986244354645e-07,2.638986245319938e-07,2.6389862462851683e-07,2.6389862472503316e-07,2.638986248215431e-07,2.6389862491804566e-07,2.638986250145424e-07,2.638986251110327e-07,2.638986252075165e-07,2.638986253039938e-07,2.6389862540046454e-07,2.6389862549692883e-07,2.638986255933865e-07,2.638986256898378e-07,2.638986257862825e-07,2.638986258827207e-07,2.6389862597915253e-07,2.638986260755777e-07,2.638986261719964e-07,2.638986262684087e-07,2.6389862636481425e-07,2.6389862646121343e-07,2.6389862655760604e-07,2.638986266539922e-07,2.6389862675037184e-07,2.638986268467449e-07,2.6389862694311165e-07,2.6389862703947186e-07,2.6389862713582594e-07,2.638986272321731e-07,2.6389862732851355e-07,2.6389862742484766e-07,2.638986275211752e-07,2.6389862761749805e-07,2.6389862771381274e-07,2.638986278101208e-07,2.638986279064227e-07,2.638986280027179e-07,2.6389862809900637e-07,2.6389862819528866e-07,2.6389862829156417e-07,2.638986283878332e-07,2.6389862848409577e-07,2.6389862858035174e-07,2.6389862867660126e-07,2.638986287728442e-07,2.6389862886908076e-07,2.638986289653107e-07,2.6389862906153417e-07,2.638986291577511e-07,2.638986292539617e-07,2.6389862935016557e-07,2.638986294463631e-07,2.6389862954255407e-07,2.638986296387385e-07,2.638986297349169e-07,2.638986298310885e-07,2.638986299272534e-07,2.638986300234118e-07,2.6389863011956376e-07,2.6389863021570915e-07,2.6389863031184813e-07,2.6389863040798055e-07,2.638986305041065e-07,2.638986306002259e-07,2.6389863069633883e-07,2.638986307924452e-07,2.638986308885446e-07,2.63898630984638e-07,2.6389863108072233e-07,2.6389863117680276e-07,2.6389863127287673e-07,2.638986313689441e-07,2.6389863146500503e-07,2.638986315610594e-07,2.6389863165710734e-07,2.638986317531488e-07,2.638986318491836e-07,2.63898631945212e-07,2.638986320412339e-07,2.6389863213724934e-07,2.6389863223325825e-07,2.638986323292607e-07,2.638986324252563e-07,2.6389863252124564e-07,2.6389863261722866e-07,2.638986327132051e-07,2.6389863280917496e-07,2.6389863290513844e-07,2.638986330010953e-07,2.638986330970458e-07,2.638986331929896e-07,2.6389863328892706e-07,2.6389863338485793e-07,2.6389863348078235e-07,2.6389863357670026e-07,2.6389863367261165e-07,2.638986337685166e-07,2.6389863386441506e-07,2.638986339603069e-07,2.638986340561923e-07,2.6389863415207126e-07,2.6389863424794385e-07,2.6389863434380977e-07,2.638986344396693e-07,2.638986345355221e-07,2.638986346313686e-07,2.6389863472720854e-07,2.6389863482304195e-07,2.638986349188688e-07,2.638986350146893e-07,2.6389863511050323e-07,2.638986352063107e-07,2.6389863530211166e-07,2.638986353979061e-07,2.638986354936941e-07,2.6389863558947574e-07,2.638986356852506e-07,2.638986357810192e-07,2.6389863587678127e-07,2.638986359725368e-07,2.6389863606828584e-07,2.6389863616402836e-07,2.6389863625976436e-07,2.63898636355494e-07,2.638986364512171e-07,2.6389863654693357e-07,2.6389863664264363e-07,2.6389863673834713e-07,2.6389863683404423e-07,2.6389863692973486e-07,2.6389863702541894e-07,2.638986371210965e-07,2.638986372167675e-07,2.6389863731243213e-07,2.638986374080903e-07,2.6389863750374183e-07,2.63898637599387e-07,2.6389863769502564e-07,2.6389863779065783e-07,2.638986378862835e-07,2.638986379819027e-07,2.6389863807751533e-07,2.638986381731216e-07,2.638986382687212e-07,2.6389863836431433e-07,2.6389863845990105e-07,2.638986385554813e-07,2.638986386510551e-07,2.6389863874662234e-07,2.6389863884218306e-07,2.638986389377373e-07,2.6389863903328507e-07,2.638986391288263e-07,2.638986392243612e-07,2.638986393198896e-07,2.6389863941541133e-07,2.638986395109267e-07,2.6389863960643553e-07,2.6389863970193796e-07,2.6389863979743383e-07,2.6389863989292314e-07,2.6389863998840615e-07,2.638986400838825e-07,2.6389864017935247e-07,2.638986402748159e-07,2.6389864037027285e-07,2.6389864046572324e-07,2.6389864056116723e-07,2.638986406566047e-07,2.638986407520357e-07,2.638986408474602e-07,2.6389864094287824e-07,2.638986410382898e-07,2.638986411336948e-07,2.638986412290933e-07,2.638986413244854e-07,2.6389864141987097e-07,2.6389864151525016e-07,2.638986416106227e-07,2.638986417059888e-07,2.638986418013485e-07,2.6389864189670176e-07,2.638986419920487e-07,2.6389864208738884e-07,2.638986421827233e-07,2.6389864227805055e-07,2.638986423733713e-07,2.638986424686856e-07,2.638986425639933e-07,2.6389864265929463e-07,2.638986427545895e-07,2.6389864284987773e-07,2.6389864294515957e-07,2.6389864304043495e-07,2.6389864313570376e-07,2.638986432309662e-07,2.6389864332622264e-07,2.6389864342147213e-07,2.63898643516715e-07,2.638986436119515e-07,2.6389864370718154e-07,2.6389864380240493e-07,2.638986438976219e-07,2.638986439928325e-07,2.6389864408803656e-07,2.638986441832341e-07,2.638986442784252e-07,2.638986443736098e-07,2.638986444687878e-07,2.6389864456395954e-07,2.638986446591248e-07,2.6389864475428345e-07,2.638986448494356e-07,2.638986449445813e-07,2.638986450397206e-07,2.6389864513485334e-07,2.6389864522997964e-07,2.638986453250994e-07,2.6389864542021276e-07,2.6389864551531963e-07,2.638986456104201e-07,2.63898645705514e-07,2.6389864580060144e-07,2.638986458956824e-07,2.638986459907568e-07,2.6389864608582475e-07,2.6389864618088625e-07,2.6389864627594124e-07,2.638986463709899e-07,2.638986464660319e-07,2.6389864656106746e-07,2.638986466560966e-07,2.638986467511193e-07,2.638986468461355e-07,2.638986469411451e-07,2.6389864703614834e-07,2.6389864713114504e-07,2.6389864722613523e-07,2.63898647321119e-07,2.6389864741609635e-07,2.6389864751106706e-07,2.6389864760603147e-07,2.6389864770098926e-07,2.6389864779594076e-07,2.638986478908856e-07,2.6389864798582405e-07,2.63898648080756e-07,2.6389864817568135e-07,2.6389864827060034e-07,2.6389864836551276e-07,2.6389864846041883e-07,2.638986485553184e-07,2.638986486502116e-07,2.6389864874509814e-07,2.6389864883997843e-07,2.6389864893485205e-07,2.638986490297192e-07,2.638986491245799e-07,2.6389864921943436e-07,2.638986493142821e-07,2.638986494091235e-07,2.6389864950395824e-07,2.6389864959878665e-07,2.6389864969360865e-07,2.6389864978842393e-07,2.638986498832329e-07,2.6389864997803543e-07,2.638986500728315e-07,2.63898650167621e-07,2.6389865026240414e-07,2.638986503571807e-07,2.638986504519508e-07,2.6389865054671445e-07,2.6389865064147166e-07,2.638986507362223e-07,2.6389865083096653e-07,2.638986509257046e-07,2.63898651020436e-07,2.6389865111516096e-07,2.638986512098795e-07,2.6389865130459157e-07,2.638986513992971e-07,2.638986514939962e-07,2.6389865158868875e-07,2.6389865168337486e-07,2.638986517780546e-07,2.638986518727283e-07,2.63898651967395e-07,2.63898652062055e-07,2.638986521567086e-07,2.6389865225135587e-07,2.6389865234599656e-07,2.638986524406309e-07,2.638986525352587e-07,2.6389865262987997e-07,2.6389865272449476e-07,2.6389865281910316e-07,2.6389865291370514e-07,2.638986530083005e-07,2.638986531028894e-07,2.638986531974721e-07,2.63898653292048e-07,2.638986533866176e-07,2.638986534811807e-07,2.638986535757374e-07,2.638986536702875e-07,2.6389865376483116e-07,2.6389865385936846e-07,2.6389865395389924e-07,2.638986540484235e-07,2.638986541429413e-07,2.638986542374528e-07,2.638986543319577e-07,2.638986544264561e-07,2.6389865452094804e-07,2.638986546154335e-07,2.6389865470991246e-07,2.638986548043851e-07,2.638986548988513e-07,2.638986549933109e-07,2.6389865508776407e-07,2.6389865518221083e-07,2.6389865527665114e-07,2.638986553710849e-07,2.638986554655122e-07,2.638986555599331e-07,2.638986556543475e-07,2.638986557487555e-07,2.63898655843157e-07,2.6389865593755194e-07,2.638986560319405e-07,2.638986561263226e-07,2.6389865622069827e-07,2.6389865631506743e-07,2.638986564094301e-07,2.6389865650378637e-07,2.6389865659813615e-07,2.638986566924794e-07,2.6389865678681623e-07,2.638986568811466e-07,2.6389865697547053e-07,2.638986570697879e-07,2.638986571640988e-07,2.638986572584032e-07,2.6389865735270137e-07,2.6389865744699297e-07,2.6389865754127827e-07,2.6389865763555685e-07,2.63898657729829e-07,2.6389865782409474e-07,2.6389865791835405e-07,2.638986580126069e-07,2.638986581068534e-07,2.638986582010934e-07,2.6389865829532675e-07,2.6389865838955387e-07,2.6389865848377406e-07,2.63898658577988e-07,2.6389865867219564e-07,2.6389865876639676e-07,2.6389865886059133e-07,2.638986589547797e-07,2.6389865904896134e-07,2.638986591431367e-07,2.638986592373054e-07,2.6389865933146753e-07,2.638986594256235e-07,2.6389865951977307e-07,2.638986596139161e-07,2.638986597080528e-07,2.638986598021829e-07,2.638986598963066e-07,2.638986599904238e-07,2.6389866008453467e-07,2.6389866017863886e-07,2.6389866027273676e-07,2.638986603668282e-07,2.638986604609131e-07,2.638986605549917e-07,2.638986606490637e-07,2.638986607431293e-07,2.6389866083718856e-07,2.638986609312412e-07,2.638986610252874e-07,2.63898661119327e-07,2.6389866121336044e-07,2.638986613073873e-07,2.6389866140140774e-07,2.638986614954216e-07,2.6389866158942915e-07,2.638986616834307e-07,2.638986617774253e-07,2.6389866187141345e-07,2.63898661965395e-07,2.638986620593703e-07,2.63898662153339e-07,2.638986622473015e-07,2.6389866234125734e-07,2.6389866243520674e-07,2.6389866252914994e-07,2.638986626230865e-07,2.6389866271701677e-07,2.6389866281094034e-07,2.638986629048575e-07,2.638986629987682e-07,2.63898663092673e-07,2.638986631865708e-07,2.6389866328046213e-07,2.6389866337434695e-07,2.638986634682256e-07,2.638986635620976e-07,2.638986636559632e-07,2.6389866374982236e-07,2.6389866384367504e-07,2.638986639375212e-07,2.638986640313609e-07,2.6389866412519433e-07,2.6389866421902107e-07,2.6389866431284135e-07,2.6389866440665533e-07,2.6389866450046285e-07,2.6389866459426386e-07,2.6389866468805847e-07,2.6389866478184656e-07,2.638986648756283e-07,2.6389866496940364e-07,2.6389866506317235e-07,2.6389866515693467e-07,2.638986652506907e-07,2.6389866534444013e-07,2.638986654381831e-07,2.638986655319196e-07,2.6389866562564977e-07,2.6389866571937344e-07,2.6389866581309064e-07,2.6389866590680145e-07,2.638986660005058e-07,2.6389866609420357e-07,2.638986661878951e-07,2.6389866628158e-07,2.6389866637525863e-07,2.6389866646893063e-07,2.638986665625962e-07,2.638986666562554e-07,2.6389866674990824e-07,2.638986668435545e-07,2.638986669371943e-07,2.638986670308277e-07,2.638986671244547e-07,2.638986672180752e-07,2.638986673116893e-07,2.638986674052969e-07,2.638986674988981e-07,2.638986675924927e-07,2.638986676860811e-07,2.638986677796629e-07,2.638986678732383e-07,2.638986679668073e-07,2.6389866806036975e-07,2.6389866815392586e-07,2.638986682474755e-07,2.6389866834101865e-07,2.6389866843455544e-07,2.638986685280856e-07,2.6389866862160943e-07,2.63898668715127e-07,2.638986688086379e-07,2.638986689021425e-07,2.6389866899564044e-07,2.6389866908913213e-07,2.6389866918261736e-07,2.638986692760961e-07,2.638986693695684e-07,2.638986694630342e-07,2.638986695564937e-07,2.638986696499466e-07,2.638986697433932e-07,2.6389866983683326e-07,2.6389866993026687e-07,2.63898670023694e-07,2.638986701171148e-07,2.6389867021052916e-07,2.638986703039371e-07,2.638986703973385e-07,2.638986704907336e-07,2.638986705841222e-07,2.6389867067750425e-07,2.6389867077087994e-07,2.638986708642493e-07,2.638986709576122e-07,2.6389867105096854e-07,2.638986711443185e-07,2.63898671237662e-07,2.6389867133099916e-07,2.6389867142432975e-07,2.6389867151765394e-07,2.638986716109717e-07,2.63898671704283e-07,2.638986717975879e-07,2.638986718908863e-07,2.6389867198417825e-07,2.638986720774639e-07,2.638986721707429e-07,2.638986722640158e-07,2.6389867235728313e-07,2.63898672450543e-07,2.638986725437964e-07,2.6389867263704334e-07,2.638986727302838e-07,2.638986728235179e-07,2.638986729167455e-07,2.6389867300996675e-07,2.6389867310318146e-07,2.6389867319638975e-07,2.6389867328959165e-07,2.638986733827871e-07,2.6389867347597606e-07,2.6389867356915863e-07,2.6389867366233474e-07,2.638986737555045e-07,2.638986738486677e-07,2.6389867394182454e-07,2.6389867403497503e-07,2.638986741281189e-07,2.6389867422125663e-07,2.638986743143877e-07,2.638986744075124e-07,2.6389867450063065e-07,2.638986745937424e-07,2.638986746868479e-07,2.6389867477994675e-07,2.638986748730393e-07,2.638986749661254e-07,2.63898675059205e-07,2.63898675152278e-07,2.638986752453447e-07,2.6389867533840526e-07,2.638986754314591e-07,2.638986755245065e-07,2.638986756175475e-07,2.638986757105822e-07,2.638986758036103e-07,2.6389867589663206e-07,2.638986759896474e-07,2.6389867608265627e-07,2.638986761756587e-07,2.6389867626865465e-07,2.6389867636164404e-07,2.638986764546273e-07,2.6389867654760404e-07,2.6389867664057437e-07,2.638986767335382e-07,2.6389867682649567e-07,2.6389867691944663e-07,2.6389867701239124e-07,2.638986771053295e-07,2.638986771982613e-07,2.638986772911865e-07,2.6389867738410545e-07,2.638986774770178e-07,2.6389867756992304e-07,2.6389867766282254e-07,2.6389867775571575e-07,2.6389867784860244e-07,2.6389867794148267e-07,2.6389867803435655e-07,2.638986781272187e-07,2.6389867822007954e-07,2.63898678312934e-07,2.638986784057822e-07,2.638986784986239e-07,2.6389867859145923e-07,2.6389867868428816e-07,2.6389867877711053e-07,2.638986788699265e-07,2.6389867896273606e-07,2.638986790555392e-07,2.6389867914833596e-07,2.638986792411263e-07,2.6389867933391013e-07,2.638986794266876e-07,2.638986795194586e-07,2.6389867961222324e-07,2.6389867970498134e-07,2.638986797977331e-07,2.6389867989047843e-07,2.6389867998321726e-07,2.6389868007594974e-07,2.638986801686758e-07,2.6389868026139543e-07,2.638986803541086e-07,2.6389868044681015e-07,2.6389868053951055e-07,2.6389868063220443e-07,2.6389868072489186e-07,2.6389868081757293e-07,2.63898680910247e-07,2.6389868100291523e-07,2.638986810955771e-07,2.638986811882324e-07,2.6389868128088063e-07,2.6389868137352343e-07,2.6389868146615956e-07,2.638986815587892e-07,2.6389868165141244e-07,2.638986817440293e-07,2.638986818366397e-07,2.6389868192924364e-07,2.6389868202184134e-07,2.638986821144324e-07,2.6389868220701714e-07,2.6389868229959546e-07,2.6389868239216737e-07,2.638986824847328e-07,2.638986825772918e-07,2.6389868266984447e-07,2.6389868276239065e-07,2.6389868285493053e-07,2.638986829474638e-07,2.638986830399907e-07,2.6389868313251107e-07,2.6389868322502517e-07,2.638986833175328e-07,2.638986834100341e-07,2.6389868350252894e-07,2.638986835950174e-07,2.638986836874994e-07,2.63898683779975e-07,2.638986838724441e-07,2.6389868396490697e-07,2.6389868405736326e-07,2.6389868414981304e-07,2.638986842422566e-07,2.638986843346936e-07,2.6389868442712427e-07,2.6389868451954853e-07,2.6389868461196623e-07,2.638986847043777e-07,2.638986847967827e-07,2.638986848891812e-07,2.6389868498157335e-07,2.6389868507395913e-07,2.638986851663384e-07,2.638986852587113e-07,2.6389868535107776e-07,2.638986854434379e-07,2.638986855357916e-07,2.6389868562813874e-07,2.6389868572047963e-07,2.63898685812814e-07,2.6389868590514197e-07,2.638986859974635e-07,2.638986860897787e-07,2.6389868618208733e-07,2.638986862743897e-07,2.6389868636668556e-07,2.6389868645897504e-07,2.638986865512581e-07,2.6389868664353484e-07,2.63898686735805e-07,2.638986868280688e-07,2.638986869203262e-07,2.6389868701257725e-07,2.6389868710482173e-07,2.6389868719705997e-07,2.6389868728929164e-07,2.6389868738151696e-07,2.638986874737359e-07,2.638986875659484e-07,2.6389868765815453e-07,2.638986877503543e-07,2.6389868784254757e-07,2.638986879347344e-07,2.638986880269148e-07,2.6389868811908884e-07,2.6389868821125646e-07,2.638986883034177e-07,2.638986883955725e-07,2.6389868848772086e-07,2.638986885798628e-07,2.638986886719984e-07,2.638986887641275e-07,2.638986888562503e-07,2.638986889483666e-07,2.6389868904047646e-07,2.6389868913258e-07,2.6389868922467706e-07,2.6389868931676786e-07,2.6389868940885204e-07,2.6389868950093e-07,2.6389868959300134e-07,2.638986896850664e-07,2.638986897771251e-07,2.6389868986917734e-07,2.6389868996122314e-07,2.6389869005326253e-07,2.638986901452955e-07,2.6389869023732215e-07,2.638986903293424e-07,2.63898690421356e-07,2.638986905133634e-07,2.6389869060536427e-07,2.638986906973589e-07,2.638986907893469e-07,2.638986908813287e-07,2.63898690973304e-07,2.638986910652729e-07,2.6389869115723546e-07,2.638986912491916e-07,2.6389869134114124e-07,2.6389869143308455e-07,2.6389869152502145e-07,2.6389869161695184e-07,2.638986917088759e-07,2.6389869180079373e-07,2.638986918927049e-07,2.638986919846097e-07,2.6389869207650824e-07,2.6389869216840026e-07,2.638986922602858e-07,2.6389869235216506e-07,2.6389869244403785e-07,2.638986925359043e-07,2.6389869262776433e-07,2.638986927196179e-07,2.6389869281146513e-07,2.6389869290330584e-07,2.6389869299514025e-07,2.6389869308696826e-07,2.6389869317878975e-07,2.6389869327060495e-07,2.6389869336241374e-07,2.638986934542161e-07,2.638986935460121e-07,2.638986936378017e-07,2.638986937295849e-07,2.638986938213617e-07,2.63898693913132e-07,2.638986940048967e-07,2.6389869409665424e-07,2.638986941884056e-07,2.6389869428015085e-07,2.638986943718894e-07,2.638986944636216e-07,2.6389869455534747e-07,2.638986946470666e-07,2.6389869473877933e-07,2.638986948304858e-07,2.638986949221857e-07,2.638986950138794e-07,2.6389869510556646e-07,2.6389869519724724e-07,2.6389869528892157e-07,2.638986953805895e-07,2.6389869547225094e-07,2.638986955639066e-07,2.638986956555553e-07,2.638986957471976e-07,2.6389869583883357e-07,2.638986959304631e-07,2.638986960220863e-07,2.63898696113703e-07,2.6389869620531333e-07,2.638986962969173e-07,2.6389869638851475e-07,2.638986964801058e-07,2.638986965716905e-07,2.638986966632688e-07,2.638986967548408e-07,2.6389869684640636e-07,2.6389869693796544e-07,2.638986970295182e-07,2.638986971210645e-07,2.6389869721260443e-07,2.63898697304138e-07,2.638986973956651e-07,2.638986974871859e-07,2.6389869757870023e-07,2.638986976702081e-07,2.6389869776170974e-07,2.638986978532049e-07,2.638986979446936e-07,2.63898698036176e-07,2.638986981276516e-07,2.638986982191211e-07,2.6389869831058423e-07,2.638986984020407e-07,2.63898698493491e-07,2.638986985849349e-07,2.638986986763726e-07,2.638986987678037e-07,2.6389869885922854e-07,2.638986989506469e-07,2.6389869904205896e-07,2.638986991334645e-07,2.638986992248638e-07,2.638986993162566e-07,2.6389869940764294e-07,2.638986994990231e-07,2.6389869959039665e-07,2.6389869968176387e-07,2.6389869977312474e-07,2.6389869986447925e-07,2.638986999558273e-07,2.638987000471689e-07,2.638987001385042e-07,2.63898700229833e-07,2.6389870032115553e-07,2.6389870041247156e-07,2.6389870050378113e-07,2.638987005950844e-07,2.638987006863814e-07,2.638987007776719e-07,2.63898700868956e-07,2.6389870096023374e-07,2.638987010515051e-07,2.6389870114277e-07,2.6389870123402856e-07,2.6389870132528074e-07,2.6389870141652657e-07,2.638987015077659e-07,2.6389870159899896e-07,2.638987016902256e-07,2.6389870178144573e-07,2.6389870187265964e-07,2.6389870196386703e-07,2.638987020550681e-07,2.638987021462627e-07,2.6389870223745095e-07,2.638987023286328e-07,2.638987024198083e-07,2.638987025109774e-07,2.6389870260214014e-07,2.638987026932965e-07,2.638987027844465e-07,2.638987028755901e-07,2.638987029667272e-07,2.6389870305785794e-07,2.6389870314898233e-07,2.638987032401003e-07,2.63898703331212e-07,2.6389870342231743e-07,2.638987035134163e-07,2.638987036045088e-07,2.6389870369559503e-07,2.638987037866747e-07,2.63898703877748e-07,2.638987039688148e-07,2.6389870405987526e-07,2.638987041509294e-07,2.63898704241977e-07,2.638987043330185e-07,2.6389870442405337e-07,2.6389870451508204e-07,2.638987046061041e-07,2.6389870469711996e-07,2.638987047881294e-07,2.638987048791324e-07,2.638987049701291e-07,2.6389870506111934e-07,2.6389870515210323e-07,2.6389870524308087e-07,2.638987053340519e-07,2.638987054250167e-07,2.638987055159748e-07,2.638987056069268e-07,2.6389870569787223e-07,2.638987057888114e-07,2.638987058797442e-07,2.638987059706705e-07,2.638987060615905e-07,2.638987061525042e-07,2.638987062434114e-07,2.638987063343123e-07,2.638987064252069e-07,2.6389870651609494e-07,2.638987066069767e-07,2.6389870669785196e-07,2.63898706788721e-07,2.638987068795835e-07,2.638987069704397e-07,2.6389870706128955e-07,2.6389870715213294e-07,2.6389870724296997e-07,2.638987073338007e-07,2.6389870742462497e-07,2.6389870751544284e-07,2.638987076062544e-07,2.638987076970596e-07,2.6389870778785843e-07,2.638987078786508e-07,2.638987079694367e-07,2.638987080602164e-07,2.6389870815098966e-07,2.6389870824175654e-07,2.6389870833251697e-07,2.6389870842327104e-07,2.6389870851401877e-07,2.6389870860476003e-07,2.6389870869549515e-07,2.638987087862237e-07,2.638987088769459e-07,2.6389870896766166e-07,2.6389870905837105e-07,2.6389870914907415e-07,2.6389870923977084e-07,2.6389870933046117e-07,2.638987094211451e-07,2.638987095118227e-07,2.638987096024938e-07,2.6389870969315867e-07,2.6389870978381703e-07,2.63898709874469e-07,2.638987099651147e-07,2.63898710055754e-07,2.6389871014638694e-07,2.638987102370135e-07,2.638987103276335e-07,2.638987104182473e-07,2.6389871050885473e-07,2.6389871059945576e-07,2.638987106900503e-07,2.6389871078063854e-07,2.638987108712205e-07,2.63898710961796e-07,2.638987110523652e-07,2.63898711142928e-07,2.638987112334843e-07,2.638987113240344e-07,2.6389871141457806e-07,2.6389871150511535e-07,2.638987115956462e-07,2.6389871168617065e-07,2.638987117766888e-07,2.638987118672005e-07,2.6389871195770596e-07,2.63898712048205e-07,2.638987121386977e-07,2.63898712229184e-07,2.6389871231966384e-07,2.638987124101374e-07,2.6389871250060453e-07,2.638987125910654e-07,2.638987126815197e-07,2.6389871277196774e-07,2.638987128624092e-07,2.6389871295284426e-07,2.638987130432732e-07,2.638987131336958e-07,2.6389871322411196e-07,2.638987133145218e-07,2.6389871340492523e-07,2.6389871349532233e-07,2.63898713585713e-07,2.638987136760972e-07,2.6389871376647515e-07,2.638987138568467e-07,2.6389871394721176e-07,2.6389871403757075e-07,2.638987141279231e-07,2.6389871421826914e-07,2.6389871430860896e-07,2.6389871439894227e-07,2.638987144892693e-07,2.6389871457958983e-07,2.638987146699041e-07,2.6389871476021204e-07,2.6389871485051353e-07,2.638987149408087e-07,2.6389871503109746e-07,2.638987151213799e-07,2.6389871521165593e-07,2.6389871530192555e-07,2.638987153921888e-07,2.638987154824457e-07,2.6389871557269626e-07,2.6389871566294047e-07,2.638987157531783e-07,2.6389871584340963e-07,2.6389871593363484e-07,2.638987160238535e-07,2.6389871611406593e-07,2.638987162042718e-07,2.638987162944714e-07,2.638987163846645e-07,2.6389871647485136e-07,2.638987165650318e-07,2.6389871665520595e-07,2.638987167453737e-07,2.6389871683553514e-07,2.6389871692569015e-07,2.638987170158388e-07,2.638987171059811e-07,2.63898717196117e-07,2.638987172862465e-07,2.6389871737636975e-07,2.6389871746648654e-07,2.6389871755659703e-07,2.638987176467011e-07,2.6389871773679884e-07,2.638987178268902e-07,2.6389871791697535e-07,2.63898718007054e-07,2.6389871809712634e-07,2.638987181871923e-07,2.6389871827725176e-07,2.6389871836730497e-07,2.6389871845735193e-07,2.6389871854739227e-07,2.638987186374264e-07,2.63898718727454e-07,2.6389871881747534e-07,2.6389871890749044e-07,2.638987189974989e-07,2.6389871908750124e-07,2.638987191774973e-07,2.638987192674868e-07,2.6389871935746997e-07,2.6389871944744683e-07,2.6389871953741724e-07,2.6389871962738146e-07,2.6389871971733906e-07,2.638987198072854e-07,2.638987198972304e-07,2.6389871998716903e-07,2.6389872007710143e-07,2.638987201670273e-07,2.638987202569469e-07,2.6389872034686014e-07,2.638987204367671e-07,2.6389872052666734e-07,2.6389872061656083e-07,2.638987207064474e-07,2.638987207963288e-07,2.6389872088620387e-07,2.638987209760723e-07,2.638987210659347e-07,2.638987211557907e-07,2.638987212456403e-07,2.638987213354836e-07,2.6389872142532054e-07,2.6389872151515114e-07,2.638987216049753e-07,2.638987216947931e-07,2.638987217846045e-07,2.6389872187440963e-07,2.638987219642085e-07,2.6389872205400084e-07,2.638987221437869e-07,2.6389872223356663e-07,2.638987223233399e-07,2.6389872241310686e-07,2.6389872250286816e-07,2.638987225926223e-07,2.6389872268237016e-07,2.6389872277211177e-07,2.63898722861847e-07,2.638987229515758e-07,2.6389872304129826e-07,2.638987231310144e-07,2.6389872322072413e-07,2.6389872331042746e-07,2.638987234001245e-07,2.638987234898153e-07,2.6389872357949955e-07,2.638987236691776e-07,2.638987237588492e-07,2.638987238485144e-07,2.6389872393817343e-07,2.6389872402782594e-07,2.638987241174721e-07,2.638987242071119e-07,2.638987242967455e-07,2.638987243863725e-07,2.638987244759933e-07,2.6389872456560774e-07,2.6389872465521583e-07,2.638987247448175e-07,2.638987248344129e-07,2.638987249240019e-07,2.638987250135845e-07,2.638987251031609e-07,2.6389872519273087e-07,2.638987252822945e-07,2.6389872537185176e-07,2.638987254614026e-07,2.638987255509472e-07,2.6389872564048535e-07,2.6389872573001715e-07,2.6389872581954266e-07,2.638987259090617e-07,2.638987259985745e-07,2.638987260880809e-07,2.6389872617758105e-07,2.638987262670748e-07,2.638987263565623e-07,2.6389872644604327e-07,2.6389872653551796e-07,2.638987266249863e-07,2.6389872671444827e-07,2.6389872680390395e-07,2.638987268933532e-07,2.638987269827961e-07,2.6389872707223255e-07,2.638987271616628e-07,2.638987272510868e-07,2.6389872734050424e-07,2.638987274299155e-07,2.638987275193202e-07,2.638987276087188e-07,2.6389872769811086e-07,2.638987277874966e-07,2.63898727876876e-07,2.6389872796624914e-07,2.638987280556159e-07,2.638987281449763e-07,2.638987282343303e-07,2.63898728323678e-07,2.6389872841301937e-07,2.638987285023544e-07,2.63898728591683e-07,2.6389872868100556e-07,2.638987287703216e-07,2.6389872885963115e-07,2.638987289489343e-07,2.63898729038232e-07,2.6389872912752327e-07,2.638987292168076e-07,2.638987293060856e-07,2.6389872939535694e-07,2.6389872948462214e-07,2.6389872957388083e-07,2.638987296631334e-07,2.6389872975237947e-07,2.6389872984161937e-07,2.638987299308528e-07,2.6389873002007995e-07,2.638987301093007e-07,2.638987301985151e-07,2.6389873028772325e-07,2.6389873037692476e-07,2.638987304661201e-07,2.6389873055530916e-07,2.638987306444919e-07,2.6389873073366825e-07,2.6389873082283827e-07,2.6389873091200194e-07,2.638987310011593e-07,2.6389873109031036e-07,2.6389873117945497e-07,2.638987312685933e-07,2.638987313577252e-07,2.638987314468506e-07,2.6389873153596987e-07,2.6389873162508287e-07,2.6389873171418946e-07,2.638987318032913e-07,2.638987318923853e-07,2.638987319814728e-07,2.63898732070554e-07,2.638987321596289e-07,2.638987322486974e-07,2.6389873233775956e-07,2.638987324268154e-07,2.6389873251586496e-07,2.638987326049081e-07,2.6389873269394485e-07,2.6389873278297537e-07,2.6389873287199954e-07,2.638987329610173e-07,2.638987330500287e-07,2.638987331390338e-07,2.6389873322803264e-07,2.638987333170264e-07,2.6389873340601247e-07,2.638987334949922e-07,2.638987335839658e-07,2.6389873367293293e-07,2.6389873376189357e-07,2.6389873385084786e-07,2.638987339397959e-07,2.6389873402873764e-07,2.638987341176731e-07,2.638987342066021e-07,2.638987342955249e-07,2.6389873438444145e-07,2.638987344733516e-07,2.638987345622554e-07,2.6389873465115275e-07,2.638987347400439e-07,2.6389873482892866e-07,2.6389873491780704e-07,2.638987350066792e-07,2.6389873509554494e-07,2.638987351844044e-07,2.6389873527325753e-07,2.638987353621043e-07,2.638987354509447e-07,2.638987355397789e-07,2.6389873562860654e-07,2.63898735717428e-07,2.63898735806243e-07,2.638987358950516e-07,2.6389873598385385e-07,2.6389873607264985e-07,2.6389873616143955e-07,2.638987362502229e-07,2.638987363390012e-07,2.6389873642777175e-07,2.6389873651653366e-07,2.6389873660529164e-07,2.6389873669404323e-07,2.6389873678278846e-07,2.6389873687152744e-07,2.6389873696026007e-07,2.6389873704898365e-07,2.638987371377037e-07,2.638987372264173e-07,2.638987373151245e-07,2.638987374038255e-07,2.638987374925201e-07,2.638987375812084e-07,2.6389873766989035e-07,2.63898737758566e-07,2.638987378472353e-07,2.6389873793589893e-07,2.638987380245556e-07,2.6389873811320596e-07,2.6389873820184986e-07,2.638987382904875e-07,2.6389873837911887e-07,2.6389873846774377e-07,2.6389873855636237e-07,2.638987386449748e-07,2.6389873873358083e-07,2.6389873882218037e-07,2.638987389107737e-07,2.638987389993607e-07,2.6389873908794135e-07,2.638987391765157e-07,2.6389873926508357e-07,2.6389873935364526e-07,2.6389873944220065e-07,2.6389873953074963e-07,2.6389873961929237e-07,2.638987397078286e-07,2.6389873979635873e-07,2.6389873988488246e-07,2.6389873997339973e-07,2.6389874006191076e-07,2.6389874015041554e-07,2.6389874023891396e-07,2.638987403274059e-07,2.638987404158916e-07,2.63898740504371e-07,2.6389874059284414e-07,2.6389874068131085e-07,2.638987407697713e-07,2.6389874085822533e-07,2.638987409466731e-07,2.6389874103511456e-07,2.638987411235497e-07,2.638987412119785e-07,2.6389874130040094e-07,2.638987413888171e-07,2.6389874147722806e-07,2.638987415656291e-07,2.6389874165402623e-07,2.638987417424171e-07,2.638987418308017e-07,2.638987419191797e-07,2.638987420075516e-07,2.638987420959172e-07,2.638987421842764e-07,2.638987422726293e-07,2.63898742360976e-07,2.638987424493163e-07,2.6389874253765026e-07,2.638987426259779e-07,2.6389874271429935e-07,2.6389874280261424e-07,2.638987428909228e-07,2.638987429792251e-07,2.6389874306752104e-07,2.6389874315581067e-07,2.6389874324409406e-07,2.6389874333237093e-07,2.638987434206416e-07,2.63898743508906e-07,2.63898743597164e-07,2.6389874368541564e-07,2.63898743773661e-07,2.638987438619001e-07,2.6389874395013276e-07,2.6389874403835913e-07,2.638987441265791e-07,2.638987442147928e-07,2.638987443030003e-07,2.638987443912014e-07,2.638987444793961e-07,2.6389874456758457e-07,2.6389874465576674e-07,2.638987447439425e-07,2.6389874483211196e-07,2.638987449202751e-07,2.63898745008432e-07,2.638987450965825e-07,2.6389874518472674e-07,2.638987452728647e-07,2.638987453609962e-07,2.638987454491215e-07,2.638987455372404e-07,2.63898745625353e-07,2.6389874571345927e-07,2.638987458015593e-07,2.6389874588965276e-07,2.638987459777402e-07,2.638987460658211e-07,2.638987461538958e-07,2.638987462419642e-07,2.6389874633002625e-07,2.63898746418082e-07,2.638987465061314e-07,2.638987465941745e-07,2.6389874668221117e-07,2.638987467702432e-07,2.6389874685826744e-07,2.638987469462854e-07,2.6389874703429693e-07,2.6389874712230217e-07,2.638987472103009e-07,2.6389874729829333e-07,2.6389874738627956e-07,2.6389874747425945e-07,2.63898747562233e-07,2.6389874765020015e-07,2.638987477381612e-07,2.638987478261158e-07,2.638987479140642e-07,2.6389874800200624e-07,2.638987480899419e-07,2.638987481778713e-07,2.638987482657944e-07,2.6389874835371073e-07,2.6389874844162115e-07,2.638987485295254e-07,2.638987486174232e-07,2.638987487053146e-07,2.638987487931997e-07,2.6389874888107863e-07,2.6389874896895126e-07,2.6389874905681737e-07,2.6389874914467724e-07,2.6389874923253086e-07,2.638987493203782e-07,2.638987494082192e-07,2.638987494960535e-07,2.638987495838819e-07,2.638987496717041e-07,2.638987497595196e-07,2.6389874984732913e-07,2.6389874993513225e-07,2.63898750022929e-07,2.638987501107195e-07,2.6389875019850354e-07,2.638987502862815e-07,2.63898750374053e-07,2.638987504618183e-07,2.6389875054957726e-07,2.638987506373298e-07,2.63898750725076e-07,2.6389875081281604e-07,2.6389875090054965e-07,2.638987509882771e-07,2.638987510759987e-07,2.6389875116371336e-07,2.6389875125142145e-07,2.638987513391237e-07,2.638987514268196e-07,2.6389875151450914e-07,2.638987516021924e-07,2.638987516898693e-07,2.6389875177753987e-07,2.6389875186520413e-07,2.6389875195286256e-07,2.638987520405143e-07,2.638987521281596e-07,2.6389875221579874e-07,2.638987523034313e-07,2.638987523910577e-07,2.6389875247867785e-07,2.6389875256628917e-07,2.6389875265389657e-07,2.638987527414977e-07,2.6389875282909263e-07,2.638987529166812e-07,2.638987530042634e-07,2.638987530918394e-07,2.6389875317940894e-07,2.6389875326697224e-07,2.6389875335452924e-07,2.6389875344208005e-07,2.638987535296244e-07,2.638987536171626e-07,2.6389875370469446e-07,2.638987537922199e-07,2.638987538797391e-07,2.63898753967252e-07,2.638987540547585e-07,2.6389875414225877e-07,2.638987542297527e-07,2.638987543172404e-07,2.638987544047218e-07,2.6389875449219693e-07,2.6389875457966563e-07,2.6389875466712803e-07,2.638987547545843e-07,2.638987548420341e-07,2.638987549294776e-07,2.6389875501691484e-07,2.638987551043458e-07,2.6389875519177033e-07,2.6389875527918874e-07,2.6389875536660074e-07,2.638987554540064e-07,2.638987555414058e-07,2.638987556287989e-07,2.6389875571618564e-07,2.6389875580356614e-07,2.6389875589094034e-07,2.638987559783082e-07,2.638987560656698e-07,2.6389875615302493e-07,2.63898756240374e-07,2.6389875632771664e-07,2.6389875641505304e-07,2.638987565023831e-07,2.6389875658970673e-07,2.6389875667702413e-07,2.6389875676433523e-07,2.638987568516402e-07,2.6389875693893884e-07,2.6389875702623115e-07,2.638987571135171e-07,2.6389875720079675e-07,2.6389875728807015e-07,2.638987573753371e-07,2.638987574625978e-07,2.638987575498523e-07,2.6389875763710035e-07,2.638987577243422e-07,2.6389875781157786e-07,2.6389875789880695e-07,2.6389875798602996e-07,2.6389875807324656e-07,2.63898758160457e-07,2.63898758247661e-07,2.6389875833485883e-07,2.6389875842205033e-07,2.6389875850923544e-07,2.6389875859641434e-07,2.6389875868358684e-07,2.6389875877075315e-07,2.638987588579131e-07,2.638987589450668e-07,2.6389875903221406e-07,2.638987591193551e-07,2.6389875920649e-07,2.638987592936184e-07,2.638987593807407e-07,2.6389875946785656e-07,2.6389875955496606e-07,2.638987596420694e-07,2.6389875972916643e-07,2.63898759816257e-07,2.638987599033414e-07,2.6389875999041945e-07,2.638987600774913e-07,2.638987601645568e-07,2.63898760251616e-07,2.63898760338669e-07,2.6389876042571556e-07,2.6389876051275587e-07,2.638987605997899e-07,2.6389876068681765e-07,2.638987607738391e-07,2.638987608608543e-07,2.6389876094786314e-07,2.638987610348657e-07,2.6389876112186203e-07,2.6389876120885183e-07,2.638987612958355e-07,2.638987613828129e-07,2.63898761469784e-07,2.6389876155674886e-07,2.638987616437075e-07,2.6389876173065955e-07,2.6389876181760547e-07,2.638987619045451e-07,2.638987619914784e-07,2.6389876207840543e-07,2.638987621653262e-07,2.6389876225224057e-07,2.638987623391487e-07,2.638987624260506e-07,2.6389876251294614e-07,2.6389876259983536e-07,2.6389876268671834e-07,2.6389876277359507e-07,2.638987628604654e-07,2.6389876294732957e-07,2.6389876303418735e-07,2.638987631210389e-07,2.6389876320788405e-07,2.6389876329472304e-07,2.638987633815557e-07,2.638987634683821e-07,2.638987635552021e-07,2.6389876364201597e-07,2.6389876372882345e-07,2.638987638156247e-07,2.638987639024195e-07,2.6389876398920816e-07,2.6389876407599055e-07,2.6389876416276653e-07,2.6389876424953627e-07,2.6389876433629976e-07,2.638987644230569e-07,2.638987645098078e-07,2.638987645965523e-07,2.638987646832906e-07,2.6389876477002266e-07,2.6389876485674835e-07,2.6389876494346785e-07,2.638987650301811e-07,2.638987651168879e-07,2.6389876520358855e-07,2.638987652902828e-07,2.638987653769707e-07,2.6389876546365244e-07,2.638987655503279e-07,2.638987656369971e-07,2.6389876572365984e-07,2.638987658103165e-07,2.638987658969667e-07,2.6389876598361076e-07,2.638987660702484e-07,2.6389876615687987e-07,2.638987662435049e-07,2.6389876633012384e-07,2.6389876641673645e-07,2.638987665033428e-07,2.638987665899428e-07,2.6389876667653644e-07,2.6389876676312396e-07,2.638987668497051e-07,2.638987669362799e-07,2.6389876702284845e-07,2.638987671094108e-07,2.6389876719596674e-07,2.638987672825165e-07,2.638987673690601e-07,2.6389876745559716e-07,2.6389876754212793e-07,2.6389876762865256e-07,2.638987677151708e-07,2.638987678016828e-07,2.638987678881886e-07,2.638987679746881e-07,2.638987680611812e-07,2.6389876814766813e-07,2.638987682341487e-07,2.6389876832062305e-07,2.63898768407091e-07,2.6389876849355276e-07,2.638987685800082e-07,2.6389876866645733e-07,2.638987687529003e-07,2.6389876883933697e-07,2.638987689257673e-07,2.638987690121913e-07,2.6389876909860915e-07,2.6389876918502064e-07,2.6389876927142584e-07,2.6389876935782474e-07,2.638987694442174e-07,2.6389876953060373e-07,2.6389876961698394e-07,2.638987697033577e-07,2.6389876978972525e-07,2.6389876987608656e-07,2.6389876996244157e-07,2.638987700487902e-07,2.638987701351327e-07,2.6389877022146885e-07,2.6389877030779866e-07,2.6389877039412227e-07,2.638987704804397e-07,2.638987705667506e-07,2.6389877065305543e-07,2.638987707393539e-07,2.6389877082564596e-07,2.63898770911932e-07,2.6389877099821166e-07,2.6389877108448504e-07,2.638987711707521e-07,2.638987712570129e-07,2.638987713432674e-07,2.638987714295157e-07,2.6389877151575774e-07,2.638987716019934e-07,2.638987716882228e-07,2.6389877177444595e-07,2.638987718606629e-07,2.6389877194687337e-07,2.6389877203307777e-07,2.638987721192758e-07,2.638987722054675e-07,2.63898772291653e-07,2.638987723778322e-07,2.6389877246400514e-07,2.638987725501717e-07,2.6389877263633214e-07,2.638987727224862e-07,2.63898772808634e-07,2.638987728947756e-07,2.638987729809109e-07,2.6389877306703993e-07,2.6389877315316264e-07,2.6389877323927894e-07,2.638987733253891e-07,2.6389877341149297e-07,2.638987734975906e-07,2.63898773583682e-07,2.6389877366976703e-07,2.6389877375584585e-07,2.6389877384191843e-07,2.638987739279847e-07,2.6389877401404463e-07,2.638987741000984e-07,2.638987741861458e-07,2.638987742721869e-07,2.638987743582218e-07,2.638987744442504e-07,2.6389877453027283e-07,2.638987746162888e-07,2.638987747022986e-07,2.6389877478830204e-07,2.638987748742993e-07,2.638987749602904e-07,2.6389877504627513e-07,2.6389877513225353e-07,2.6389877521822573e-07,2.6389877530419164e-07,2.638987753901513e-07,2.6389877547610465e-07,2.638987755620517e-07,2.638987756479925e-07,2.6389877573392713e-07,2.638987758198554e-07,2.638987759057774e-07,2.6389877599169323e-07,2.6389877607760265e-07,2.638987761635059e-07,2.6389877624940285e-07,2.638987763352934e-07,2.6389877642117785e-07,2.63898776507056e-07,2.6389877659292786e-07,2.638987766787935e-07,2.638987767646528e-07,2.6389877685050587e-07,2.6389877693635266e-07,2.6389877702219315e-07,2.6389877710802734e-07,2.6389877719385533e-07,2.638987772796771e-07,2.6389877736549253e-07,2.638987774513017e-07,2.6389877753710464e-07,2.638987776229012e-07,2.638987777086916e-07,2.638987777944757e-07,2.638987778802535e-07,2.6389877796602507e-07,2.6389877805179044e-07,2.6389877813754946e-07,2.6389877822330217e-07,2.6389877830904864e-07,2.638987783947889e-07,2.63898778480523e-07,2.638987785662506e-07,2.6389877865197205e-07,2.638987787376872e-07,2.638987788233962e-07,2.6389877890909885e-07,2.6389877899479524e-07,2.638987790804853e-07,2.6389877916616917e-07,2.638987792518467e-07,2.6389877933751806e-07,2.6389877942318305e-07,2.638987795088419e-07,2.638987795944944e-07,2.638987796801407e-07,2.638987797657808e-07,2.638987798514145e-07,2.6389877993704194e-07,2.638987800226632e-07,2.638987801082781e-07,2.638987801938868e-07,2.6389878027948926e-07,2.6389878036508544e-07,2.638987804506754e-07,2.6389878053625904e-07,2.638987806218365e-07,2.638987807074075e-07,2.6389878079297234e-07,2.63898780878531e-07,2.6389878096408326e-07,2.6389878104962935e-07,2.6389878113516915e-07,2.638987812207026e-07,2.6389878130622994e-07,2.638987813917509e-07,2.6389878147726564e-07,2.6389878156277414e-07,2.6389878164827645e-07,2.638987817337724e-07,2.638987818192621e-07,2.638987819047456e-07,2.638987819902228e-07,2.6389878207569367e-07,2.638987821611584e-07,2.6389878224661677e-07,2.638987823320689e-07,2.638987824175148e-07,2.6389878250295446e-07,2.638987825883878e-07,2.63898782673815e-07,2.6389878275923576e-07,2.638987828446503e-07,2.6389878293005875e-07,2.6389878301546085e-07,2.638987831008567e-07,2.6389878318624625e-07,2.6389878327162955e-07,2.638987833570066e-07,2.638987834423774e-07,2.6389878352774203e-07,2.638987836131003e-07,2.638987836984524e-07,2.638987837837982e-07,2.638987838691376e-07,2.638987839544707e-07,2.638987840397978e-07,2.6389878412511863e-07,2.6389878421043306e-07,2.638987842957414e-07,2.6389878438104345e-07,2.638987844663392e-07,2.6389878455162863e-07,2.638987846369119e-07,2.6389878472218877e-07,2.638987848074594e-07,2.638987848927239e-07,2.638987849779822e-07,2.6389878506323404e-07,2.638987851484798e-07,2.6389878523371917e-07,2.6389878531895233e-07,2.6389878540417925e-07,2.638987854894e-07,2.6389878557461435e-07,2.6389878565982253e-07,2.638987857450245e-07,2.638987858302202e-07,2.6389878591540954e-07,2.638987860005927e-07,2.6389878608576946e-07,2.638987861709401e-07,2.638987862561045e-07,2.638987863412626e-07,2.638987864264145e-07,2.638987865115602e-07,2.638987865966996e-07,2.638987866818327e-07,2.6389878676695966e-07,2.6389878685208017e-07,2.6389878693719454e-07,2.6389878702230266e-07,2.6389878710740454e-07,2.638987871925002e-07,2.638987872775896e-07,2.6389878736267264e-07,2.6389878744774963e-07,2.6389878753282017e-07,2.638987876178845e-07,2.6389878770294266e-07,2.638987877879945e-07,2.638987878730401e-07,2.638987879580795e-07,2.6389878804311257e-07,2.638987881281395e-07,2.6389878821316005e-07,2.6389878829817447e-07,2.638987883831825e-07,2.6389878846818436e-07,2.6389878855317993e-07,2.638987886381693e-07,2.6389878872315244e-07,2.638987888081293e-07,2.6389878889309986e-07,2.6389878897806426e-07,2.6389878906302235e-07,2.6389878914797425e-07,2.6389878923291985e-07,2.6389878931785925e-07,2.6389878940279236e-07,2.638987894877192e-07,2.6389878957263993e-07,2.638987896575543e-07,2.6389878974246247e-07,2.638987898273644e-07,2.6389878991225997e-07,2.6389878999714945e-07,2.6389879008203263e-07,2.6389879016690957e-07,2.6389879025178015e-07,2.6389879033664465e-07,2.638987904215028e-07,2.638987905063547e-07,2.6389879059120034e-07,2.6389879067603974e-07,2.6389879076087295e-07,2.638987908456999e-07,2.638987909305206e-07,2.6389879101533514e-07,2.6389879110014336e-07,2.6389879118494534e-07,2.63898791269741e-07,2.638987913545305e-07,2.6389879143931373e-07,2.6389879152409077e-07,2.638987916088615e-07,2.6389879169362595e-07,2.638987917783842e-07,2.638987918631362e-07,2.6389879194788205e-07,2.638987920326216e-07,2.6389879211735487e-07,2.638987922020818e-07,2.6389879228680264e-07,2.638987923715173e-07,2.638987924562256e-07,2.6389879254092767e-07,2.6389879262562355e-07,2.6389879271031303e-07,2.6389879279499636e-07,2.638987928796734e-07,2.638987929643443e-07,2.638987930490089e-07,2.638987931336673e-07,2.638987932183195e-07,2.638987933029654e-07,2.6389879338760507e-07,2.6389879347223843e-07,2.6389879355686555e-07,2.638987936414865e-07,2.638987937261011e-07,2.638987938107096e-07,2.6389879389531186e-07,2.638987939799079e-07,2.638987940644976e-07,2.638987941490811e-07,2.6389879423365837e-07,2.638987943182293e-07,2.63898794402794e-07,2.6389879448735263e-07,2.6389879457190494e-07,2.63898794656451e-07,2.638987947409908e-07,2.6389879482552444e-07,2.638987949100517e-07,2.638987949945729e-07,2.638987950790877e-07,2.638987951635964e-07,2.638987952480987e-07,2.638987953325949e-07,2.6389879541708474e-07,2.638987955015684e-07,2.6389879558604584e-07,2.638987956705171e-07,2.6389879575498206e-07,2.6389879583944083e-07,2.6389879592389335e-07,2.638987960083395e-07,2.638987960927795e-07,2.638987961772135e-07,2.6389879626164096e-07,2.638987963460623e-07,2.638987964304774e-07,2.6389879651488624e-07,2.638987965992889e-07,2.6389879668368524e-07,2.6389879676807534e-07,2.638987968524592e-07,2.638987969368369e-07,2.6389879702120833e-07,2.638987971055735e-07,2.638987971899325e-07,2.6389879727428526e-07,2.6389879735863174e-07,2.638987974429719e-07,2.6389879752730597e-07,2.638987976116338e-07,2.638987976959554e-07,2.638987977802707e-07,2.638987978645799e-07,2.638987979488827e-07,2.6389879803317935e-07,2.6389879811746966e-07,2.638987982017538e-07,2.638987982860317e-07,2.6389879837030344e-07,2.63898798454569e-07,2.638987985388282e-07,2.638987986230811e-07,2.6389879870732795e-07,2.6389879879156844e-07,2.638987988758028e-07,2.6389879896003086e-07,2.6389879904425267e-07,2.638987991284683e-07,2.6389879921267776e-07,2.638987992968808e-07,2.6389879938107786e-07,2.638987994652685e-07,2.6389879954945297e-07,2.638987996336311e-07,2.638987997178031e-07,2.638987998019689e-07,2.6389879988612845e-07,2.638987999702818e-07,2.6389880005442887e-07,2.6389880013856963e-07,2.6389880022270435e-07,2.638988003068328e-07,2.638988003909548e-07,2.638988004750708e-07,2.6389880055918046e-07,2.6389880064328395e-07,2.638988007273812e-07,2.6389880081147224e-07,2.638988008955569e-07,2.6389880097963544e-07,2.6389880106370775e-07,2.6389880114777386e-07,2.638988012318338e-07,2.6389880131588735e-07,2.638988013999348e-07,2.63898801483976e-07,2.6389880156801094e-07,2.638988016520397e-07,2.638988017360622e-07,2.638988018200785e-07,2.638988019040886e-07,2.638988019880923e-07,2.6389880207209e-07,2.638988021560813e-07,2.638988022400665e-07,2.6389880232404545e-07,2.6389880240801823e-07,2.6389880249198466e-07,2.638988025759449e-07,2.6389880265989893e-07,2.6389880274384673e-07,2.6389880282778833e-07,2.6389880291172363e-07,2.6389880299565274e-07,2.6389880307957565e-07,2.6389880316349237e-07,2.6389880324740284e-07,2.63898803331307e-07,2.6389880341520504e-07,2.638988034990968e-07,2.638988035829824e-07,2.6389880366686176e-07,2.6389880375073475e-07,2.638988038346016e-07,2.6389880391846215e-07,2.6389880400231666e-07,2.6389880408616483e-07,2.6389880417000685e-07,2.638988042538425e-07,2.638988043376721e-07,2.638988044214955e-07,2.6389880450531246e-07,2.6389880458912336e-07,2.63898804672928e-07,2.638988047567264e-07,2.638988048405188e-07,2.638988049243047e-07,2.638988050080845e-07,2.6389880509185806e-07,2.638988051756255e-07,2.6389880525938656e-07,2.6389880534314144e-07,2.6389880542689003e-07,2.6389880551063247e-07,2.6389880559436877e-07,2.638988056780987e-07,2.6389880576182247e-07,2.6389880584554014e-07,2.6389880592925145e-07,2.638988060129565e-07,2.6389880609665544e-07,2.6389880618034807e-07,2.6389880626403466e-07,2.6389880634771495e-07,2.6389880643138894e-07,2.6389880651505674e-07,2.638988065987183e-07,2.6389880668237364e-07,2.638988067660228e-07,2.638988068496657e-07,2.638988069333024e-07,2.6389880701693286e-07,2.6389880710055725e-07,2.6389880718417523e-07,2.638988072677871e-07,2.6389880735139277e-07,2.6389880743499217e-07,2.638988075185854e-07,2.6389880760217244e-07,2.6389880768575315e-07,2.6389880776932767e-07,2.6389880785289604e-07,2.6389880793645807e-07,2.6389880802001406e-07,2.6389880810356375e-07,2.6389880818710724e-07,2.638988082706444e-07,2.6389880835417544e-07,2.6389880843770024e-07,2.638988085212189e-07,2.638988086047313e-07,2.6389880868823745e-07,2.638988087717374e-07,2.638988088552311e-07,2.638988089387186e-07,2.638988090221999e-07,2.63898809105675e-07,2.638988091891439e-07,2.638988092726067e-07,2.63898809356063e-07,2.6389880943951327e-07,2.6389880952295734e-07,2.6389880960639506e-07,2.6389880968982664e-07,2.6389880977325203e-07,2.6389880985667117e-07,2.638988099400841e-07,2.638988100234909e-07,2.638988101068914e-07,2.6389881019028574e-07,2.638988102736739e-07,2.6389881035705583e-07,2.638988104404315e-07,2.63898810523801e-07,2.638988106071643e-07,2.638988106905214e-07,2.638988107738723e-07,2.6389881085721677e-07,2.638988109405552e-07,2.638988110238874e-07,2.638988111072133e-07,2.638988111905331e-07,2.6389881127384665e-07,2.6389881135715393e-07,2.638988114404552e-07,2.6389881152375017e-07,2.6389881160703887e-07,2.6389881169032137e-07,2.638988117735977e-07,2.638988118568678e-07,2.6389881194013166e-07,2.638988120233894e-07,2.6389881210664087e-07,2.638988121898861e-07,2.6389881227312514e-07,2.638988123563579e-07,2.6389881243958443e-07,2.638988125228049e-07,2.638988126060191e-07,2.6389881268922717e-07,2.63898812772429e-07,2.638988128556246e-07,2.63898812938814e-07,2.6389881302199714e-07,2.638988131051742e-07,2.63898813188345e-07,2.638988132715095e-07,2.638988133546678e-07,2.6389881343781996e-07,2.638988135209659e-07,2.6389881360410555e-07,2.638988136872392e-07,2.6389881377036636e-07,2.638988138534875e-07,2.638988139366024e-07,2.6389881401971116e-07,2.638988141028137e-07,2.6389881418591e-07,2.63898814269e-07,2.638988143520839e-07,2.638988144351615e-07,2.6389881451823293e-07,2.638988146012981e-07,2.638988146843571e-07,2.6389881476741e-07,2.6389881485045667e-07,2.638988149334971e-07,2.6389881501653124e-07,2.6389881509955926e-07,2.638988151825811e-07,2.638988152655967e-07,2.6389881534860617e-07,2.6389881543160947e-07,2.6389881551460636e-07,2.6389881559759717e-07,2.638988156805818e-07,2.638988157635602e-07,2.638988158465324e-07,2.6389881592949834e-07,2.638988160124582e-07,2.6389881609541177e-07,2.6389881617835906e-07,2.638988162613002e-07,2.638988163442352e-07,2.63898816427164e-07,2.6389881651008654e-07,2.638988165930029e-07,2.638988166759131e-07,2.6389881675881703e-07,2.638988168417149e-07,2.638988169246064e-07,2.6389881700749187e-07,2.6389881709037103e-07,2.6389881717324394e-07,2.638988172561107e-07,2.638988173389713e-07,2.638988174218256e-07,2.638988175046739e-07,2.6389881758751573e-07,2.638988176703516e-07,2.638988177531811e-07,2.638988178360045e-07,2.6389881791882155e-07,2.638988180016326e-07,2.6389881808443725e-07,2.6389881816723594e-07,2.6389881825002817e-07,2.6389881833281436e-07,2.638988184155944e-07,2.6389881849836817e-07,2.638988185811357e-07,2.63898818663897e-07,2.638988187466522e-07,2.638988188294012e-07,2.63898818912144e-07,2.638988189948805e-07,2.638988190776109e-07,2.6389881916033506e-07,2.63898819243053e-07,2.638988193257648e-07,2.638988194084704e-07,2.6389881949116977e-07,2.6389881957386295e-07,2.638988196565499e-07,2.638988197392307e-07,2.638988198219054e-07,2.638988199045738e-07,2.63898819987236e-07,2.638988200698919e-07,2.638988201525417e-07,2.6389882023518535e-07,2.638988203178228e-07,2.6389882040045387e-07,2.638988204830787e-07,2.6389882056569745e-07,2.638988206483099e-07,2.638988207309162e-07,2.638988208135163e-07,2.638988208961101e-07,2.6389882097869785e-07,2.6389882106127943e-07,2.638988211438548e-07,2.6389882122642386e-07,2.6389882130898686e-07,2.638988213915436e-07,2.6389882147409407e-07,2.6389882155663854e-07,2.638988216391766e-07,2.638988217217086e-07,2.6389882180423437e-07,2.6389882188675396e-07,2.638988219692673e-07,2.638988220517744e-07,2.638988221342753e-07,2.638988222167702e-07,2.638988222992588e-07,2.6389882238174106e-07,2.6389882246421724e-07,2.638988225466873e-07,2.638988226291512e-07,2.6389882271160883e-07,2.6389882279406024e-07,2.638988228765055e-07,2.6389882295894457e-07,2.638988230413774e-07,2.6389882312380397e-07,2.6389882320622446e-07,2.6389882328863875e-07,2.638988233710469e-07,2.638988234534487e-07,2.6389882353584447e-07,2.63898823618234e-07,2.6389882370061763e-07,2.638988237829949e-07,2.6389882386536607e-07,2.63898823947731e-07,2.6389882403008984e-07,2.638988241124424e-07,2.638988241947888e-07,2.63898824277129e-07,2.63898824359463e-07,2.6389882444179084e-07,2.6389882452411243e-07,2.6389882460642794e-07,2.6389882468873715e-07,2.638988247710402e-07,2.6389882485333715e-07,2.638988249356279e-07,2.6389882501791236e-07,2.6389882510019066e-07,2.638988251824628e-07,2.638988252647288e-07,2.6389882534698853e-07,2.6389882542924215e-07,2.6389882551148953e-07,2.6389882559373076e-07,2.638988256759658e-07,2.638988257581946e-07,2.6389882584041725e-07,2.6389882592263366e-07,2.638988260048439e-07,2.6389882608704804e-07,2.638988261692459e-07,2.6389882625143755e-07,2.638988263336232e-07,2.638988264158025e-07,2.638988264979757e-07,2.6389882658014266e-07,2.638988266623035e-07,2.6389882674445806e-07,2.638988268266064e-07,2.6389882690874867e-07,2.6389882699088466e-07,2.638988270730146e-07,2.638988271551383e-07,2.6389882723725574e-07,2.638988273193671e-07,2.638988274014723e-07,2.638988274835712e-07,2.6389882756566396e-07,2.638988276477506e-07,2.6389882772983107e-07,2.6389882781190533e-07,2.6389882789397335e-07,2.6389882797603517e-07,2.638988280580908e-07,2.638988281401402e-07,2.6389882822218353e-07,2.638988283042208e-07,2.638988283862517e-07,2.638988284682764e-07,2.63898828550295e-07,2.638988286323074e-07,2.6389882871431364e-07,2.638988287963137e-07,2.638988288783076e-07,2.638988289602953e-07,2.6389882904227665e-07,2.6389882912425197e-07,2.638988292062211e-07,2.63898829288184e-07,2.638988293701408e-07,2.6389882945209136e-07,2.6389882953403576e-07,2.63898829615974e-07,2.638988296979061e-07,2.63898829779832e-07,2.6389882986175164e-07,2.6389882994366523e-07,2.6389883002557263e-07,2.6389883010747373e-07,2.638988301893687e-07,2.638988302712575e-07,2.638988303531401e-07,2.638988304350166e-07,2.6389883051688684e-07,2.638988305987509e-07,2.6389883068060894e-07,2.638988307624606e-07,2.6389883084430626e-07,2.638988309261455e-07,2.638988310079788e-07,2.6389883108980584e-07,2.6389883117162674e-07,2.6389883125344133e-07,2.6389883133524984e-07,2.6389883141705215e-07,2.638988314988483e-07,2.638988315806382e-07,2.6389883166242203e-07,2.6389883174419957e-07,2.63898831825971e-07,2.638988319077363e-07,2.638988319894954e-07,2.638988320712483e-07,2.6389883215299503e-07,2.6389883223473557e-07,2.6389883231646996e-07,2.638988323981982e-07,2.638988324799201e-07,2.638988325616361e-07,2.6389883264334574e-07,2.638988327250493e-07,2.638988328067466e-07,2.638988328884378e-07,2.6389883297012274e-07,2.6389883305180155e-07,2.6389883313347426e-07,2.638988332151407e-07,2.63898833296801e-07,2.638988333784551e-07,2.6389883346010287e-07,2.6389883354174467e-07,2.638988336233803e-07,2.638988337050097e-07,2.6389883378663307e-07,2.638988338682502e-07,2.638988339498611e-07,2.6389883403146577e-07,2.638988341130643e-07,2.638988341946567e-07,2.638988342762429e-07,2.63898834357823e-07,2.6389883443939684e-07,2.638988345209647e-07,2.6389883460252617e-07,2.6389883468408147e-07,2.638988347656307e-07,2.638988348471737e-07,2.638988349287106e-07,2.638988350102412e-07,2.6389883509176573e-07,2.638988351732841e-07,2.6389883525479623e-07,2.638988353363022e-07,2.6389883541780195e-07,2.638988354992957e-07,2.6389883558078316e-07,2.638988356622645e-07,2.6389883574373964e-07,2.638988358252086e-07,2.638988359066714e-07,2.63898835988128e-07,2.638988360695786e-07,2.638988361510229e-07,2.638988362324611e-07,2.638988363138931e-07,2.638988363953188e-07,2.6389883647673845e-07,2.6389883655815203e-07,2.6389883663955925e-07,2.638988367209605e-07,2.638988368023554e-07,2.638988368837442e-07,2.638988369651268e-07,2.6389883704650326e-07,2.638988371278737e-07,2.638988372092379e-07,2.6389883729059577e-07,2.6389883737194756e-07,2.6389883745329317e-07,2.638988375346327e-07,2.63898837615966e-07,2.6389883769729313e-07
10,0.0,0.0,0.0,0.0,0.0,0.0,0.0,0.0,0.0,0.0,0.0,0.0,0.0,0.0,0.0,0.0,0.0,0.0,0.0,0.0,0.0,0.0,0.0,0.0,0.0,0.0,0.0,0.0,0.0,0.0,0.0,0.0,0.0,0.0,0.0,0.0,0.0,0.0,0.0,0.0,0.0,0.0,0.0,0.0,0.0,0.0,0.0,0.0,0.0,0.0,0.0,0.0,0.0,0.0,0.0,0.0,0.0,0.0,0.0,0.0,0.0,0.0,0.0,0.0,0.0,0.0,0.0,0.0,0.0,0.0,0.0,0.0,0.0,0.0,0.0,0.0,0.0,0.0,0.0,0.0,0.0,0.0,0.0,0.0,0.0,0.0,0.0,0.0,0.0,0.0,0.0,0.0,0.0,0.0,0.0,0.0,0.0,0.0,0.0,0.0,0.0,0.0,0.0,0.0,0.0,0.0,0.0,0.0,0.0,0.0,0.0,0.0,0.0,0.0,0.0,0.0,0.0,0.0,0.0,0.0,0.0,0.0,0.0,0.0,0.0,0.0,0.0,0.0,0.0,0.0,0.0,0.0,0.0,0.0,0.0,0.0,0.0,0.0,0.0,0.0,0.0,0.0,0.0,0.0,0.0,0.0,0.0,0.0,0.0,0.0,0.0,0.0,0.0,0.0,0.0,0.0,0.0,0.0,0.0,0.0,0.0,0.0,0.0,0.0,0.0,0.0,0.0,0.0,0.0,0.0,0.0,0.0,0.0,0.0,0.0,0.0,0.0,0.0,0.0,0.0,0.0,0.0,0.0,0.0,0.0,0.0,0.0,0.0,0.0,0.0,0.0,0.0,0.0,0.0,0.0,0.0,0.0,0.0,0.0,0.0,0.0,0.0,0.0,0.0,0.0,0.0,0.0,0.0,0.0,0.0,0.0,0.0,0.0,0.0,0.0,0.0,0.0,0.0,0.0,0.0,0.0,0.0,0.0,0.0,0.0,0.0,0.0,0.0,0.0,0.0,0.0,0.0,0.0,0.0,0.0,0.0,0.0,0.0,0.0,0.0,0.0,0.0,0.0,0.0,0.0,0.0,0.0,0.0,0.0,0.0,0.0,0.0,0.0,0.0,0.0,0.0,0.0,0.0,0.0,0.0,0.0,0.0,0.0,0.0,0.0,0.0,0.0,0.0,0.0,0.0,0.0,0.0,0.0,0.0,0.0,0.0,0.0,0.0,0.0,0.0,0.0,0.0,0.0,0.0,0.0,0.0,0.0,0.0,0.0,0.0,0.0,0.0,0.0,0.0,0.0,0.0,0.0,0.0,0.0,0.0,0.0,0.0,0.0,0.0,0.0,0.0,0.0,0.0,0.0,0.0,0.0,0.0,0.0,0.0,0.0,0.0,0.0,0.0,0.0,0.0,0.0,0.0,0.0,0.0,0.0,0.0,0.0,0.0,0.0,0.0,0.0,0.0,0.0,0.0,0.0,0.0,0.0,0.0,0.0,0.0,0.0,0.0,0.0,0.0,0.0,0.0,0.0,0.0,0.0,0.0,0.0,0.0,0.0,0.0,0.0,0.0,0.0,0.0,0.0,0.0,0.0,0.0,0.0,0.0,0.0,0.0,0.0,0.0,0.0,0.0,0.0,0.0,0.0,0.0,0.0,0.0,0.0,0.0,0.0,0.0,0.0,0.0,0.0,0.0,0.0,0.0,0.0,0.0,0.0,0.0,0.0,0.0,0.0,0.0,0.0,0.0,0.0,0.0,0.0,0.0,0.0,0.0,0.0,0.0,0.0,0.0,0.0,0.0,0.0,0.0,0.0,0.0,0.0,0.0,0.0,0.0,0.0,0.0,0.0,0.0,0.0,0.0,0.0,0.0,0.0,0.0,0.0,0.0,0.0,0.0,0.0,0.0,0.0,0.0,0.0,0.0,0.0,0.0,0.0,0.0,0.0,0.0,0.0,0.0,0.0,0.0,0.0,0.0,0.0,0.0,0.0,0.0,0.0,0.0,0.0,0.0,0.0,0.0,0.0,0.0,0.0,0.0,0.0,0.0,0.0,0.0,0.0,0.0,0.0,0.0,0.0,0.0,0.0,0.0,0.0,0.0,0.0,0.0,0.0,0.0,0.0,0.0,0.0,0.0,0.0,0.0,0.0,0.0,0.0,0.0,0.0,0.0,0.0,0.0,0.0,0.0,0.0,0.0,0.0,0.0,0.0,0.0,0.0,0.0,0.0,0.0,0.0,0.0,0.0,0.0,0.0,0.0,0.0,0.0,0.0,0.0,0.0,0.0,0.0,0.0,0.0,0.0,0.0,0.0,0.0,0.0,0.0,0.0,0.0,0.0,0.0,0.0,0.0,0.0,0.0,0.0,0.0,0.0,0.0,0.0,0.0,0.0,0.0,0.0,0.0,0.0,0.0,0.0,0.0,0.0,0.0,0.0,0.0,0.0,0.0,0.0,0.0,0.0,0.0,0.0,0.0,0.0,0.0,0.0,0.0,0.0,0.0,0.0,0.0,0.0,0.0,0.0,0.0,0.0,0.0,0.0,0.0,0.0,0.0,0.0,0.0,0.0,0.0,0.0,0.0,0.0,0.0,0.0,0.0,0.0,0.0,0.0,0.0,0.0,0.0,0.0,0.0,0.0,0.0,0.0,0.0,0.0,0.0,0.0,0.0,0.0,0.0,0.0,0.0,0.0,0.0,0.0,0.0,0.0,0.0,0.0,0.0,0.0,0.0,0.0,0.0,0.0,0.0,0.0,0.0,0.0,0.0,0.0,0.0,0.0,0.0,0.0,0.0,0.0,0.0,0.0,0.0,0.0,0.0,0.0,0.0,0.0,0.0,0.0,0.0,0.0,0.0,0.0,0.0,0.0,0.0,0.0,0.0,0.0,0.0,0.0,0.0,0.0,0.0,0.0,0.0,0.0,0.0,0.0,0.0,0.0,0.0,0.0,0.0,0.0,0.0,0.0,0.0,0.0,0.0,0.0,0.0,0.0,0.0,0.0,0.0,0.0,0.0,0.0,0.0,0.0,0.0,0.0,0.0,0.0,0.0,0.0,0.0,0.0,0.0,0.0,0.0,0.0,0.0,0.0,0.0,0.0,0.0,0.0,0.0,0.0,0.0,0.0,0.0,0.0,0.0,0.0,0.0,0.0,0.0,0.0,0.0,0.0,0.0,0.0,0.0,0.0,0.0,0.0,0.0,0.0,0.0,0.0,0.0,0.0,0.0,0.0,0.0,0.0,0.0,0.0,0.0,0.0,0.0,0.0,0.0,0.0,0.0,0.0,0.0,0.0,0.0,0.0,0.0,0.0,0.0,0.0,0.0,0.0,0.0,0.0,0.0,0.0,0.0,0.0,0.0,0.0,0.0,0.0,0.0,0.0,0.0,0.0,0.0,0.0,0.0,0.0,0.0,0.0,0.0,0.0,0.0,0.0,0.0,0.0,0.0,0.0,0.0,0.0,0.0,0.0,0.0,0.0,0.0,0.0,0.0,0.0,0.0,0.0,0.0,0.0,0.0,0.0,0.0,0.0,0.0,0.0,0.0,0.0,0.0,0.0,0.0,0.0,0.0,0.0,0.0,0.0,0.0,0.0,0.0,0.0,0.0,0.0,0.0,0.0,0.0,0.0,0.0,0.0,0.0,0.0,0.0,0.0,0.0,0.0,0.0,0.0,0.0,0.0,0.0,0.0,0.0,0.0,0.0,0.0,0.0,0.0,0.0,0.0,0.0,0.0,0.0,0.0,0.0,0.0,0.0,0.0,0.0,0.0,0.0,0.0,0.0,0.0,0.0,0.0,0.0,0.0,0.0,0.0,0.0,0.0,0.0,0.0,0.0,0.0,0.0,0.0,0.0,0.0,0.0,0.0,0.0,0.0,0.0,0.0,0.0,0.0,0.0,0.0,0.0,0.0,0.0,0.0,0.0,0.0,0.0,0.0,0.0,0.0,0.0,0.0,0.0,0.0,0.0,0.0,0.0,0.0,0.0,0.0,0.0,0.0,0.0,0.0,0.0,0.0,0.0,0.0,0.0,0.0,0.0,0.0,0.0,0.0,0.0,0.0,0.0,0.0,0.0,0.0,0.0,0.0,0.0,0.0,0.0,0.0,0.0,0.0,0.0,0.0,0.0,0.0,0.0,0.0,0.0,0.0,0.0,0.0,0.0,0.0,0.0,0.0,0.0,0.0,0.0,0.0,0.0,0.0,0.0,0.0,0.0,0.0,0.0,0.0,0.0,0.0,0.0,0.0,0.0,0.0,0.0,0.0,0.0,0.0,0.0,0.0,0.0,0.0,0.0,0.0,0.0,0.0,0.0,0.0,0.0,0.0,0.0,0.0,0.0,0.0,0.0,0.0,0.0,0.0,0.0,0.0,0.0,0.0,0.0,0.0,0.0,0.0,0.0,0.0,0.0,0.0,3.774249075159916e-21,8.62900035490168e-21,1.4623746430029393e-20,2.1807494758275156e-20,3.022022148416071e-20,3.9894332425536916e-20,5.085607109326413e-20,6.312683588549195e-20,7.672438526709559e-20,9.166392182119207e-20,1.0795905446326238e-19,1.2562264370446383e-19,1.4466753834585907e-19,1.6510721394002707e-19,1.8695632423613706e-19,2.1023117694031983e-19,2.349501448073756e-19,2.6113402238316197e-19,2.888063379563941e-19,3.1799362936626913e-19,3.487256914601578e-19,3.8103580212653527e-19,4.149609330713437e-19,4.505419507840271e-19,4.878238125333973e-19,5.268557616835552e-19,5.676915261746463e-19,6.103895236276594e-19,6.550130762315613e-19,7.016306383241601e-19,7.50316039408909e-19,8.011487452232728e-19,8.542141393934624e-19,9.096038281901916e-19,9.674159709522945e-19,1.027755638733614e-18,1.0907352039124824e-18,1.1564747635770825e-18,1.2251025997206257e-18,1.2967556794713068e-18,1.3715801988504079e-18,1.4497321738405888e-18,1.5313780828895644e-18,1.6166955653569768e-18,1.7058741808517244e-18,1.7991162348803765e-18,1.896637676794567e-18,1.998669076629126e-18,2.1054566880975644e-18,2.2172636057990023e-18,2.334371025532912e-18,2.457079617563949e-18,2.5857110237865564e-18,2.7206094909009748e-18,2.8621436530754264e-18,3.0107084790629943e-18,3.1667274004602486e-18,3.330654639649649e-18,3.502977758146517e-18,3.684220448456952e-18,3.874945595276154e-18,4.075758634882398e-18,4.287311245150452e-18,4.510305402365467e-18,4.745497845561996e-18,4.993704994167018e-18,5.255808370341316e-18,5.532760584021593e-18,5.825591945988761e-18,6.135417782799705e-18,6.463446537095638e-18,6.810988747606911e-18,7.179467016322153e-18,7.570427084181193e-18,7.985550153886987e-18,8.42666661705274e-18,8.895771365934524e-18,9.39504089428826e-18,9.926852422632803e-18,1.0493805316749964e-17,1.1098745108370002e-17,1.1744790472928255e-17,1.2435363573453647e-17,1.3174224242321852e-17,1.3965508546307976e-17,1.4813772366415918e-17,1.5724040725287698e-17,1.6701863714198265e-17,1.775338001183049e-17,1.8885389153327936e-17,2.010543390484654e-17,2.1421894331803036e-17,2.2844095427957258e-17,2.4382430503045467e-17,2.6048502924070768e-17,2.7855289280518014e-17,2.981732761617162e-17,3.195093505947652e-17,3.427446001806084e-17,3.680857511421886e-17,3.957661826754219e-17,4.260499083055385e-17,4.5923623518827544e-17,4.9566523130218735e-17,5.357241582294581e-17,5.79855061542596e-17,6.285637533537603e-17,6.824304745766823e-17,7.421225906604363e-17,8.084097576059741e-17,8.821820997070737e-17,9.6447207281655e-17,1.0564808549660066e-16,1.1596103207258819e-16,1.2755019304799476e-16,1.4060842198753988e-16,1.5536310326308893e-16,1.7208332358795283e-16,1.9108874358169295e-16,2.127606235418301e-16,2.3755559290039263e-16,2.660229327303655e-16,2.9882638120264993e-16,3.367717955542482e-16,3.808424423224702e-16,4.322442848581616e-16,4.924644565026313e-16,5.633472399262225e-16,6.471934482706363e-16,7.468913114829166e-16,8.660900886725089e-16,1.0094320629950066e-15,1.1828649356097212e-15,1.394065826093381e-15,1.653021472387815e-15,1.9728288703299525e-15,2.3708096507584204e-15,2.8700747850978894e-15,3.501741157512546e-15,4.308099582988858e-15,5.3471826225176864e-15,6.6994071877571835e-15,8.47731275564701e-15,1.083994369509701e-14,1.3231080147147716e-14,1.732778041586806e-14,2.2948885416457448e-14,3.0747124721631215e-14,4.168143677886559e-14,5.71655882597085e-14,7.928530115760579e-14,1.1110864053601877e-13,1.5711585270382466e-13,2.2376864301320668e-13,3.202189915000584e-13,4.5911888085739e-13,6.574354934639939e-13,9.371140051358597e-13,1.3253877894147698e-12,1.854544275482396e-12,2.5610306055148434e-12,3.4839140914644196e-12,4.662856625337171e-12,6.135869161797239e-12,7.937148136244098e-12,1.0095258295467054e-11,1.2631839046650558e-11,1.556090765303249e-11,1.8888740386808365e-11,2.2614247520321785e-11,2.672972303522037e-11,3.1221840554514035e-11,3.6072775514423465e-11,4.126135238336425e-11,4.6764138857057646e-11,5.2556432429274135e-11,5.86131061870572e-11,6.490929886373241e-11,7.142094856389878e-11,7.812518007180812e-11,8.50005624985444e-11,9.202725767496544e-11,9.918708076532318e-11,1.0646349373912474e-10,1.138415502522124e-10,1.2130780773158133e-10,1.2885021948374854e-10,1.3645801677405075e-10,1.441215882512154e-10,1.5183236188219378e-10,1.595826929919622e-10,1.6736576016899426e-10,1.751754704124617e-10,1.8300637370009896e-10,1.9085358685049636e-10,1.9871272620543942e-10,2.0657984847174892e-10,2.1445139897039537e-10,2.2232416651411165e-10,2.3019524415031961e-10,2.3806199504954744e-10,2.4592202287682505e-10,2.5377314604841937e-10,2.6161337534234734e-10,2.694408943953209e-10,2.7725404267857776e-10,2.8505130062223484e-10,2.9283127647438674e-10,3.0059269485591e-10,3.0833438656744905e-10,3.1605527957157215e-10,3.237543909667425e-10,3.314308198171463e-10,3.390837407225752e-10,3.467123979231078e-10,3.543161003934051e-10,3.6189421677704626e-10,3.6944617118263796e-10,3.769714392482232e-10,3.844695445390062e-10,3.91940055241048e-10,3.993825811188365e-10,4.0679677070905055e-10,4.1418230872661057e-10,4.215389136623373e-10,4.288663355540643e-10,4.3616435391539746e-10,4.434327758082912e-10,4.506714340470618e-10,4.5788018552307864e-10,4.650589096402695e-10,4.722075068529966e-10,4.793258972982819e-10,4.864140195155757e-10,4.934718292475621e-10,5.004992983163235e-10,5.074964135695513e-10,5.144631758920488e-10,5.21399599278068e-10,5.283057099604786e-10,5.351815455930291e-10,5.420271544822369e-10,5.488425948657384e-10,5.556279342341602e-10,5.623832486937475e-10,5.691086223672282e-10,5.758041468305269e-10,5.824699205831298e-10,5.89106048550043e-10,5.957126416134264e-10,6.022898161720645e-10,6.088376937271175e-10,6.153564004923925e-10,6.218460670278425e-10,6.283068278948186e-10,6.347388213318084e-10,6.411421889494616e-10,6.475170754437362e-10,6.538636283261451e-10,6.601819976700567e-10,6.664723358721506e-10,6.727347974281099e-10,6.789695387217664e-10,6.851767178268553e-10,6.913564943207275e-10,6.975090291092594e-10,7.036344842623521e-10,7.097330228594124e-10,7.15804808844214e-10,7.218500068886319e-10,7.278687822647215e-10,7.338613007246702e-10,7.398277283881975e-10,7.457682316369149e-10,7.516829770153166e-10,7.575721311379964e-10,7.634358606027298e-10,7.692743319090949e-10,7.750877113823234e-10,7.808761651020714e-10,7.866398588358473e-10,7.923789579768237e-10,7.98093627485785e-10,8.037840318369725e-10,8.094503349676234e-10,8.150927002309762e-10,8.207112903525474e-10,8.263062673895089e-10,8.318777926929855e-10,8.374260268730809e-10,8.429511297665216e-10,8.484532604067535e-10,8.539325769963001e-10,8.593892368813585e-10,8.648233965284111e-10,8.70235211502786e-10,8.756248364490384e-10,8.809924250730538e-10,8.863381301257735e-10,8.916621033884506e-10,8.969644956593445e-10,9.022454567417716e-10,9.075051354334405e-10,9.12743679516986e-10,9.179612357516356e-10,9.231579498659537e-10,9.283339665515773e-10,9.334894294579072e-10,9.386244811876865e-10,9.437392632934042e-10,9.488339162745018e-10,9.539085795753176e-10,9.589633915837049e-10,9.639984896303223e-10,9.690140099885254e-10,9.740100878748357e-10,9.78986857449942e-10,9.839444518202124e-10,9.888830030396717e-10,9.93802642112422e-10,9.987034989954793e-10,1.0035857026019875e-09,1.0084493808047978e-09,1.0132946604403829e-09,1.0181216673130678e-09,1.0229305261995364e-09,1.0277213608536296e-09,1.0324942940113815e-09,1.0372494473962767e-09,1.0419869417247612e-09,1.0467068967119098e-09,1.0514094310773038e-09,1.0560946625510677e-09,1.0607627078800573e-09,1.0654136828342022e-09,1.070047702212968e-09,1.0746648798519426e-09,1.079265328629525e-09,1.083849160473707e-09,1.0884164863689728e-09,1.0929674163632162e-09,1.0975020595747883e-09,1.1020205241995725e-09,1.1065229175181227e-09,1.1110093459028422e-09,1.115479914825209e-09,1.119934728863028e-09,1.124373891707713e-09,1.1287975061715853e-09,1.1332056741951917e-09,1.1375984968546323e-09,1.1419760743688945e-09,1.1463385061071792e-09,1.1506858905962373e-09,1.1550183255276948e-09,1.1593359077653588e-09,1.163638733352514e-09,1.167926897519212e-09,1.1722004946895235e-09,1.1764596184887744e-09,1.1807043617507607e-09,1.1849348165249215e-09,1.1891510740834964e-09,1.193353224928639e-09,1.1975413587994988e-09,1.2017155646792608e-09,1.2058759308021754e-09,1.210022544660487e-09,1.2141554930113808e-09,1.2182748618838775e-09,1.2223807365855987e-09,1.22647320170966e-09,1.2305523411413437e-09,1.23461823806482e-09,1.2386709749697834e-09,1.2427106336609796e-09,1.2467372952561843e-09,1.2507510402010654e-09,1.254751948272913e-09,1.2587400985870245e-09,1.2627155696030539e-09,1.2666784391313e-09,1.270628784338938e-09,1.2745666817562057e-09,1.2784922072825323e-09,1.2824054361926118e-09,1.2863064431424272e-09,1.2901953021752138e-09,1.2940720867273778e-09,1.2979368696343556e-09,1.3017897231364016e-09,1.3056307188843706e-09,1.309459927945385e-09,1.3132774208084993e-09,1.3170832673902746e-09,1.3208775370403226e-09,1.3246602985467832e-09,1.3284316201417512e-09,1.3321915695066613e-09,1.3359402137775996e-09,1.339677619550579e-09,1.3434038528867552e-09,1.3471189793175942e-09,1.3508230638499818e-09,1.3545161709712905e-09,1.3581983646543847e-09,1.3618697083625862e-09,1.3655302650545771e-09,1.369180097189266e-09,1.3728192667305884e-09,1.376447835152277e-09,1.380065863442562e-09,1.3836734121088404e-09,1.3872705411822856e-09,1.3908573102224133e-09,1.3944337783215992e-09,1.3980000041095505e-09,1.4015560457577286e-09,1.4051019609837294e-09,1.4086378070556094e-09,1.4121636407961749e-09,1.4156795185872267e-09,1.4191854963737487e-09,1.4226816296680658e-09,1.426167973553945e-09,1.429644582690666e-09,1.4331115113170404e-09,1.4365688132553867e-09,1.4400165419154737e-09,1.4434547502984094e-09,1.4468834910004947e-09,1.450302816217039e-09,1.4537127777461273e-09,1.457113426992356e-09,1.4605048149705206e-09,1.4638869923092718e-09,1.4672600092547254e-09,1.4706239156740412e-09,1.4739787610589558e-09,1.4773245945292837e-09,1.480661464836381e-09,1.4839894203665654e-09,1.4873085091445115e-09,1.4906187788365975e-09,1.4939202767542222e-09,1.4972130498570909e-09,1.5004971447564606e-09,1.5037726077183423e-09,1.5070394846666949e-09,1.5102978211865536e-09,1.5135476625271535e-09,1.5167890536049997e-09,1.5200220390069112e-09,1.523246662993034e-09,1.5264629694998307e-09,1.52967100214301e-09,1.5328708042204655e-09,1.5360624187151478e-09,1.539245888297929e-09,1.5424212553304231e-09,1.5455885618677912e-09,1.5487478496614821e-09,1.5518991601620056e-09,1.5550425345216227e-09,1.558178013597023e-09,1.5613056379519826e-09,1.5644254478599865e-09,1.5675374833068238e-09,1.5706417839931593e-09,1.5737383893370727e-09,1.576827338476578e-09,1.5799086702721077e-09,1.5829824233089825e-09,1.5860486358998424e-09,1.589107346087064e-09,1.592158591645143e-09,1.5952024100830595e-09,1.5982388386466199e-09,1.6012679143207589e-09,1.604289673831837e-09,1.6073041536499077e-09,1.6103113899909527e-09,1.6133114188191054e-09,1.616304275848847e-09,1.6192899965471815e-09,1.6222686161357806e-09,1.625240169593118e-09,1.6282046916565808e-09,1.631162216824541e-09,1.634112779358433e-09,1.637056413284792e-09,1.6399931523972743e-09,1.6429230302586627e-09,1.645846080202839e-09,1.6487623353367603e-09,1.6516718285423845e-09,1.6545745924785973e-09,1.657470659583122e-09,1.6603600620743838e-09,1.6632428319533938e-09,1.6661190010055765e-09,1.6689886008026082e-09,1.6718516627042165e-09,1.674708217859974e-09,1.6775582972110692e-09,1.6804019314920601e-09,1.6832391512326091e-09,1.6860699867592039e-09,1.6888944681968526e-09,1.6917126254707795e-09,1.6945244883080852e-09,1.6973300862393983e-09,1.7001294486005114e-09,1.7029226045340027e-09,1.7057095829908327e-09,1.708490412731935e-09,1.7112651223297844e-09,1.714033740169957e-09,1.7167962944526687e-09,1.7195528131942953e-09,1.7223033242288875e-09,1.7250478552096686e-09,1.7277864336105074e-09,1.7305190867273904e-09,1.7332458416798753e-09,1.7359667254125215e-09,1.738681764696318e-09,1.741390986130094e-09,1.7440944161419123e-09,1.7467920809904552e-09,1.7494840067663906e-09,1.7521702193937328e-09,1.7548507446311758e-09,1.757525608073436e-09,1.7601948351525582e-09,1.7628584511392264e-09,1.765516481144058e-09,1.7681689501188718e-09,1.7708158828579679e-09,1.7734573039993781e-09,1.7760932380261082e-09,1.7787237092673693e-09,1.7813487418998056e-09,1.7839683599486814e-09,1.7865825872891068e-09,1.7891914476471988e-09,1.7917949646012658e-09,1.7943931615829762e-09,1.7969860618784983e-09,1.7995736886296478e-09,1.802156064835015e-09,1.8047332133510957e-09,1.8073051568933853e-09,1.8098719180375003e-09,1.8124335192202058e-09,1.8149899827408924e-09,1.8175413307616688e-09,1.8200875853093448e-09,1.8226287682761838e-09,1.8251649014209323e-09,1.8276960063698567e-09,1.8302221046177587e-09,1.8327432175289895e-09,1.8352593663384511e-09,1.8377705721525804e-09,1.840276855950342e-09,1.8427782385841978e-09,1.8452747407810682e-09,1.8477663831432995e-09,1.8502531861495967e-09,1.8527351701559723e-09,1.8552123553966715e-09,1.857684761985097e-09,1.8601524099147193e-09,1.8626153190599845e-09,1.8650735091772086e-09,1.8675269999054685e-09,1.869975810767478e-09,1.8724199611704695e-09,1.874859470407052e-09,1.877294357656066e-09,1.8797246419834383e-09,1.8821503423430214e-09,1.8845714775774293e-09,1.886988066418861e-09,1.8894001274899242e-09,1.891807679304444e-09,1.894210740268268e-09,1.8966093286800653e-09,1.8990034627321187e-09,1.9013931605111023e-09,1.903778439998865e-09,1.9061593190731985e-09,1.9085358155085934e-09,1.910907946977007e-09,1.913275731048606e-09,1.91563918519251e-09,1.917998326777529e-09,1.9203531730728913e-09,1.9227037412489733e-09,1.9250500483780185e-09,1.9273921114348192e-09,1.9297299472974588e-09,1.9320635727480102e-09,1.9343930044732026e-09,1.93671825906512e-09,1.939039353021883e-09,1.9413563027483254e-09,1.9436691245566613e-09,1.94597783466715e-09,1.9482824492087436e-09,1.950582984219756e-09,1.952879455648496e-09,1.955171879353917e-09,1.957460271106242e-09,1.9597446465876016e-09,1.9620250213926556e-09,1.9643014110292164e-09,1.9665738309188534e-09,1.9688422963975105e-09,1.9711068227161056e-09,1.9733674250411293e-09,1.97562411845524e-09,1.9778769179578513e-09,1.98012583846571e-09,1.9823708948134873e-09,1.98461210175434e-09,1.9868494739604853e-09,1.9890830260237597e-09,1.9913127724561866e-09,1.9935387276905217e-09,1.9957609060808065e-09,1.9979793219029224e-09,2.000193989355117e-09,2.002404922558545e-09,2.004612135557805e-09,2.0068156423214604e-09,2.0090154567425733e-09,2.011211592639204e-09,2.013404063754945e-09,2.01559288375942e-09,2.0177780662487954e-09,2.0199596247462777e-09,2.0221375727026124e-09,2.0243119234965775e-09,2.0264826904354763e-09,2.0286498867556208e-09,2.030813525622811e-09,2.0329736201328132e-09,2.0351301833118365e-09,2.0372832281169985e-09,2.0394327674367997e-09,2.0415788140915734e-09,2.043721380833952e-09,2.045860480349326e-09,2.0479961252562824e-09,2.0501283281070646e-09,2.052257101388006e-09,2.054382457519981e-09,2.0565044088588296e-09,2.058622967695802e-09,2.060738146257975e-09,2.0628499567087062e-09,2.064958411148023e-09,2.0670635216130523e-09,2.06916530007845e-09,2.071263758456802e-09,2.0733589085990363e-09,2.0754507622948256e-09,2.077539331273007e-09,2.079624627201956e-09,2.081706661690003e-09,2.083785446285818e-09,2.0858609924788044e-09,2.0879333116994876e-09,2.0900024153198953e-09,2.0920683146539397e-09,2.094131020957797e-09,2.0961905454302868e-09,2.098246899213236e-09,2.1003000933918525e-09,2.102350138995098e-09,2.104397046996035e-09,2.1064408283122143e-09,2.108481493806005e-09,2.1105190542849655e-09,2.1125535205021963e-09,2.1145849031566853e-09,2.116613212893649e-09,2.118638460304893e-09,2.1206606559291427e-09,2.1226798102523825e-09,2.124695933708196e-09,2.126709036678101e-09,2.1287191294918713e-09,2.1307262224278788e-09,2.132730325713414e-09,2.1347314495250045e-09,2.1367296039887474e-09,2.1387247991806165e-09,2.1407170451267907e-09,2.142706351803951e-09,2.144692729139624e-09,2.14667618701245e-09,2.1486567352525167e-09,2.150634383641658e-09,2.152609141913766e-09,2.1545810197550563e-09,2.1565500268044118e-09,2.158516172653651e-09,2.1604794668478218e-09,2.162439918885508e-09,2.164397538219102e-09,2.1663523342550993e-09,2.1683043163543746e-09,2.17025349383248e-09,2.172199875959926e-09,2.174143471962428e-09,2.1760842910212174e-09,2.178022342273304e-09,2.1799576348117476e-09,2.1818901776859235e-09,2.1838199799017995e-09,2.1857470504221964e-09,2.1876713981670544e-09,2.1895930320136957e-09,2.1915119607970763e-09,2.1934281933100604e-09,2.195341738303662e-09,2.1972526044873097e-09,2.1991608005290944e-09,2.2010663350560217e-09,2.2029692166542523e-09,2.204869453869367e-09,2.2067670552066004e-09,2.2086620291310772e-09,2.2105543840680784e-09,2.212444128403256e-09,2.214331270482881e-09,2.2162158186140887e-09,2.2180977810650902e-09,2.2199771660654373e-09,2.221853981806223e-09,2.223728236440338e-09,2.2255999380826818e-09,2.2274690948103893e-09,2.2293357146630655e-09,2.2311998056430053e-09,2.2330613757154047e-09,2.2349204328085996e-09,2.236776984814256e-09,2.238631039587647e-09,2.2404826049477855e-09,2.2423316886776897e-09,2.244178298524591e-09,2.24602244220013e-09,2.2478641273805863e-09,2.249703361707067e-09,2.2515401527857176e-09,2.2533745081879373e-09,2.255206435450568e-09,2.2570359420761075e-09,2.2588630355329055e-09,2.260687723255363e-09,2.2625100126441264e-09,2.2643299110662945e-09,2.2661474258555985e-09,2.267962564312614e-09,2.2697753337049346e-09,2.2715857412673743e-09,2.2733937942021522e-09,2.2751994996790858e-09,2.277002864835774e-09,2.2788038967777816e-09,2.2806026025788288e-09,2.2823989892809676e-09,2.28419306389477e-09,2.285984833399503e-09,2.2877743047433104e-09,2.2895614848433978e-09,2.2913463805861922e-09,2.293128998827557e-09,2.29490934639287e-09,2.296687430077316e-09,2.2984632566460246e-09,2.300236832834182e-09,2.3020081653472587e-09,2.3037772608611784e-09,2.3055441260224097e-09,2.307308767448249e-09,2.309071191726914e-09,2.3108314054176877e-09,2.312589415051177e-09,2.3143452271293756e-09,2.3160988481260735e-09,2.317850284486216e-09,2.3195995426271146e-09,2.321346628938113e-09,2.3230915497807113e-09,2.324834311488778e-09,2.3265749203687043e-09,2.328313382699562e-09,2.330049704733239e-09,2.3317838926946374e-09,2.333515952781757e-09,2.335245891165886e-09,2.3369737139917878e-09,2.338699427377683e-09,2.3404230374156317e-09,2.34214455017147e-09,2.343863971685162e-09,2.3455813079707067e-09,2.347296565016482e-09,2.3490097487852293e-09,2.350720865214355e-09,2.352429920215908e-09,2.354136919676827e-09,2.3558418694590932e-09,2.3575447753996564e-09,2.359245643310834e-09,2.360944478980755e-09,2.3626412881719525e-09,2.36433607662371e-09,2.3660288500507442e-09,2.367719614143704e-09,2.369408374569652e-09,2.3710951369720794e-09,2.3727799069680124e-09,2.3744626901543948e-09,2.3761434921031043e-09,2.3778223183638388e-09,2.3794991744619927e-09,2.381174065899694e-09,2.382846998157956e-09,2.3845179766931776e-09,2.386187006939693e-09,2.387854094309232e-09,2.389519244191159e-09,2.3911824619530253e-09,2.3928437529385212e-09,2.3945031224709306e-09,2.396160575851054e-09,2.39781611835776e-09,2.399469755248271e-09,2.401121491758165e-09,2.4027713331014875e-09,2.4044192844708822e-09,2.4060653510379763e-09,2.4077095379528675e-09,2.409351850344795e-09,2.4109922933219857e-09,2.4126308719719677e-09,2.4142675913614255e-09,2.415902456536491e-09,2.41753547252274e-09,2.4191666443254084e-09,2.4207959769294295e-09,2.4224234752995596e-09,2.4240491443804772e-09,2.4256729890968902e-09,2.427295014353628e-09,2.4289152250357678e-09,2.4305336260087255e-09,2.4321502221183627e-09,2.4337650181910777e-09,2.4353780190338797e-09,2.4369892294346286e-09,2.4385986541619185e-09,2.44020629796534e-09,2.4418121655754326e-09,2.4434162617039947e-09,2.4450185910441026e-09,2.4466191582699525e-09,2.4482179680374357e-09,2.44981502498374e-09,2.4514103337277568e-09,2.453003898870126e-09,2.454595724993242e-09,2.4561858166614175e-09,2.4577741784209526e-09,2.459360814800189e-09,2.460945730309799e-09,2.462528929442546e-09,2.4641104166736022e-09,2.46569019646061e-09,2.4672682732437795e-09,2.4688446514458585e-09,2.4704193354723427e-09,2.471992329711528e-09,2.4735636385345924e-09,2.4751332662956873e-09,2.4767012173320236e-09,2.478267495963948e-09,2.4798321064950432e-09,2.4813950532121584e-09,2.482956340385656e-09,2.484515972269256e-09,2.4860739531002894e-09,2.487630287099719e-09,2.489184978472238e-09,2.490738031406347e-09,2.4922894500744278e-09,2.493839238632841e-09,2.4953874012219823e-09,2.496933941966396e-09,2.498478864974776e-09,2.5000221743401606e-09,2.501563874139925e-09,2.5031039684358865e-09,2.5046424612743643e-09,2.5061793566862935e-09,2.5077146586872696e-09,2.509248371277621e-09,2.510780498442502e-09,2.512311044151961e-09,2.5138400123610124e-09,2.515367407009727e-09,2.516893232023249e-09,2.5184174913119534e-09,2.5199401887714566e-09,2.5214613282827123e-09,2.522980913712074e-09,2.5244989489113734e-09,2.5260154377179864e-09,2.5275303839549047e-09,2.529043791430805e-09,2.530555663940123e-09,2.53206600526312e-09,2.5335748191659392e-09,2.5350821094006998e-09,2.5365878797055414e-09,2.5380921338047074e-09,2.5395948754085997e-09,2.5410961082138504e-09,2.5425958359033954e-09,2.5440940621465336e-09,2.5455907905989752e-09,2.5470860249029458e-09,2.548579768687221e-09,2.5500720255671935e-09,2.5515627991449586e-09,2.5530520930093414e-09,2.5545399107360025e-09,2.556026255887461e-09,2.5575111320131864e-09,2.558994542649645e-09,2.5604764913203694e-09,2.5619569815360135e-09,2.5634360167944216e-09,2.564913600580683e-09,2.5663897363671923e-09,2.5678644276137125e-09,2.569337677767433e-09,2.5708094902630308e-09,2.572279868522732e-09,2.5737488159563613e-09,2.575216335961406e-09,2.576682431923076e-09,2.578147107214363e-09,2.579610365196084e-09,2.58107220921694e-09,2.582532642613628e-09,2.5839916687108027e-09,2.5854492908211984e-09,2.586905512245663e-09,2.5883603362732265e-09,2.5898137661811373e-09,2.591265805234931e-09,2.5927164566884797e-09,2.5941657237840447e-09,2.5956136097523405e-09,2.5970601178125736e-09,2.5985052511725026e-09,2.599949013028501e-09,2.601391406565593e-09,2.6028324349575127e-09,2.604272101366757e-09,2.605710408944643e-09,2.607147360831346e-09,2.608582960155964e-09,2.610017210036563e-09,2.6114501135802242e-09,2.6128816738831013e-09,2.6143118940304638e-09,2.6157407770967545e-09,2.6171683261456326e-09,2.6185945442300665e-09,2.620019434392223e-09,2.6214429996637475e-09,2.62286524306567e-09,2.624286167608473e-09,2.625705776292155e-09,2.6271240721062687e-09,2.6285410580299754e-09,2.629956737032096e-09,2.6313711120711233e-09,2.6327841860953232e-09,2.6341959620427445e-09,2.6356064428412674e-09,2.637015631408678e-09,2.637015631667617e-09,2.637015631918674e-09,2.637015632166773e-09,2.637015632413756e-09,2.6370156326603194e-09,2.6370156329067245e-09,2.6370156331530696e-09,2.6370156333993916e-09,2.637015633645706e-09,2.6370156338920165e-09,2.6370156341383253e-09,2.6370156343846324e-09,2.6370156346309407e-09,2.6370156348772474e-09,2.6370156351235545e-09,2.637015635369861e-09,2.6370156356161682e-09,2.637015635862474e-09,2.637015636108779e-09,2.6370156363550854e-09,2.6370156366013904e-09,2.637015636847696e-09,2.637015637094e-09,2.6370156373403046e-09,2.637015637586609e-09,2.637015637832912e-09,2.637015638079215e-09,2.6370156383255185e-09,2.637015638571819e-09,2.637015638818123e-09,2.6370156390644232e-09,2.6370156393107266e-09,2.637015639557029e-09,2.6370156398033317e-09,2.6370156400496342e-09,2.6370156402959335e-09,2.637015640542234e-09,2.6370156407885344e-09,2.6370156410348345e-09,2.637015641281134e-09,2.6370156415274354e-09,2.637015641773733e-09,2.6370156420200334e-09,2.6370156422663314e-09,2.637015642512632e-09,2.6370156427589303e-09,2.637015643005229e-09,2.6370156432515284e-09,2.6370156434978255e-09,2.6370156437441235e-09,2.6370156439904215e-09,2.637015644236719e-09,2.6370156444830162e-09,2.6370156447293134e-09,2.6370156449756097e-09,2.6370156452219073e-09,2.637015645468204e-09,2.6370156457145e-09,2.6370156459607943e-09,2.6370156462070906e-09,2.6370156464533857e-09,2.6370156466996808e-09,2.637015646945975e-09,2.6370156471922697e-09,2.6370156474385636e-09,2.6370156476848575e-09,2.63701564793115e-09,2.6370156481774435e-09,2.6370156484237353e-09,2.6370156486700287e-09,2.637015648916321e-09,2.637015649162614e-09,2.6370156494089053e-09,2.637015649655197e-09,2.637015649901488e-09,2.6370156501477803e-09,2.637015650394071e-09,2.637015650640362e-09,2.637015650886652e-09,2.6370156511329425e-09,2.6370156513792326e-09,2.637015651625522e-09,2.6370156518718116e-09,2.637015652118101e-09,2.63701565236439e-09,2.6370156526106787e-09,2.6370156528569668e-09,2.637015653103255e-09,2.637015653349543e-09,2.637015653595831e-09,2.637015653842118e-09,2.637015654088405e-09,2.6370156543346914e-09,2.6370156545809795e-09,2.637015654827265e-09,2.637015655073552e-09,2.637015655319837e-09,2.637015655566122e-09,2.6370156558124074e-09,2.6370156560586934e-09,2.6370156563049773e-09,2.637015656551262e-09,2.637015656797546e-09,2.6370156570438308e-09,2.637015657290113e-09,2.637015657536398e-09,2.6370156577826805e-09,2.637015658028964e-09,2.6370156582752463e-09,2.6370156585215294e-09,2.637015658767811e-09,2.637015659014093e-09,2.6370156592603754e-09,2.6370156595066564e-09,2.637015659752938e-09,2.6370156599992185e-09,2.637015660245499e-09,2.6370156604917797e-09,2.63701566073806e-09,2.63701566098434e-09,2.6370156612306195e-09,2.6370156614768993e-09,2.6370156617231783e-09,2.6370156619694576e-09,2.637015662215736e-09,2.637015662462014e-09,2.637015662708292e-09,2.6370156629545698e-09,2.6370156632008475e-09,2.6370156634471236e-09,2.6370156636934013e-09,2.6370156639396778e-09,2.637015664185956e-09,2.637015664432232e-09,2.637015664678507e-09,2.6370156649247833e-09,2.6370156651710577e-09,2.637015665417333e-09,2.6370156656636082e-09,2.637015665909883e-09,2.637015666156157e-09,2.6370156664024323e-09,2.6370156666487055e-09,2.6370156668949795e-09,2.6370156671412526e-09,2.637015667387527e-09,2.637015667633799e-09,2.6370156678800726e-09,2.6370156681263433e-09,2.6370156683726173e-09,2.637015668618889e-09,2.6370156688651607e-09,2.6370156691114323e-09,2.637015669357702e-09,2.6370156696039732e-09,2.6370156698502443e-09,2.637015670096515e-09,2.637015670342785e-09,2.6370156705890543e-09,2.6370156708353234e-09,2.6370156710815945e-09,2.6370156713278623e-09,2.637015671574132e-09,2.637015671820401e-09,2.637015672066669e-09,2.6370156723129364e-09,2.637015672559205e-09,2.6370156728054732e-09,2.6370156730517394e-09,2.6370156732980063e-09,2.6370156735442725e-09,2.63701567379054e-09,2.6370156740368064e-09,2.637015674283072e-09,2.6370156745293375e-09,2.637015674775604e-09,2.6370156750218685e-09,2.6370156752681326e-09,2.637015675514398e-09,2.637015675760662e-09,2.6370156760069265e-09,2.63701567625319e-09,2.6370156764994542e-09,2.6370156767457175e-09,2.6370156769919807e-09,2.6370156772382435e-09,2.637015677484507e-09,2.6370156777307692e-09,2.6370156779770312e-09,2.637015678223292e-09,2.6370156784695544e-09,2.637015678715817e-09,2.637015678962077e-09,2.6370156792083388e-09,2.6370156794545983e-09,2.637015679700859e-09,2.6370156799471194e-09,2.637015680193379e-09,2.6370156804396385e-09,2.637015680685897e-09,2.6370156809321563e-09,2.637015681178416e-09,2.637015681424674e-09,2.6370156816709316e-09,2.6370156819171907e-09,2.6370156821634477e-09,2.637015682409706e-09,2.6370156826559626e-09,2.6370156829022205e-09,2.637015683148477e-09,2.637015683394733e-09,2.6370156836409883e-09,2.6370156838872454e-09,2.637015684133502e-09,2.6370156843797566e-09,2.6370156846260132e-09,2.6370156848722674e-09,2.6370156851185203e-09,2.637015685364776e-09,2.6370156856110302e-09,2.6370156858572844e-09,2.637015686103539e-09,2.637015686349792e-09,2.6370156865960448e-09,2.637015686842298e-09,2.63701568708855e-09,2.637015687334803e-09,2.6370156875810547e-09,2.6370156878273056e-09,2.6370156880735572e-09,2.6370156883198093e-09,2.63701568856606e-09,2.637015688812312e-09,2.6370156890585635e-09,2.6370156893048123e-09,2.6370156895510635e-09,2.6370156897973123e-09,2.6370156900435623e-09,2.6370156902898115e-09,2.637015690536061e-09,2.637015690782309e-09,2.637015691028558e-09,2.637015691274807e-09,2.637015691521054e-09,2.637015691767303e-09,2.63701569201355e-09,2.6370156922597976e-09,2.6370156925060443e-09,2.637015692752292e-09,2.6370156929985373e-09,2.6370156932447827e-09,2.63701569349103e-09,2.6370156937372753e-09,2.6370156939835208e-09,2.637015694229765e-09,2.6370156944760105e-09,2.637015694722254e-09,2.637015694968498e-09,2.637015695214743e-09,2.637015695460986e-09,2.6370156957072303e-09,2.6370156959534725e-09,2.6370156961997167e-09,2.6370156964459593e-09,2.6370156966922027e-09,2.6370156969384444e-09,2.637015697184686e-09,2.637015697430929e-09,2.6370156976771705e-09,2.637015697923411e-09,2.637015698169653e-09,2.6370156984158936e-09,2.637015698662135e-09,2.6370156989083746e-09,2.6370156991546147e-09,2.6370156994008544e-09,2.6370156996470945e-09,2.637015699893334e-09,2.6370157001395726e-09,2.6370157003858114e-09,2.63701570063205e-09,2.6370157008782883e-09,2.6370157011245255e-09,2.637015701370763e-09,2.637015701617001e-09,2.6370157018632383e-09,2.6370157021094747e-09,2.6370157023557115e-09,2.637015702601948e-09,2.6370157028481846e-09,2.63701570309442e-09,2.6370157033406553e-09,2.6370157035868912e-09,2.6370157038331268e-09,2.637015704079362e-09,2.637015704325596e-09,2.6370157045718292e-09,2.637015704818063e-09,2.6370157050642974e-09,2.637015705310531e-09,2.6370157055567644e-09,2.637015705802998e-09,2.63701570604923e-09,2.6370157062954635e-09,2.637015706541696e-09,2.637015706787928e-09,2.6370157070341602e-09,2.6370157072803916e-09,2.6370157075266226e-09,2.6370157077728544e-09,2.6370157080190862e-09,2.637015708265317e-09,2.6370157085115466e-09,2.637015708757776e-09,2.637015709004006e-09,2.6370157092502366e-09,2.6370157094964647e-09,2.6370157097426945e-09,2.6370157099889226e-09,2.6370157102351515e-09,2.63701571048138e-09,2.6370157107276077e-09,2.6370157109738358e-09,2.6370157112200622e-09,2.6370157114662903e-09,2.637015711712517e-09,2.6370157119587444e-09,2.6370157122049713e-09,2.637015712451197e-09,2.6370157126974233e-09,2.6370157129436485e-09,2.637015713189874e-09,2.6370157134360998e-09,2.637015713682324e-09,2.6370157139285493e-09,2.6370157141747733e-09,2.6370157144209972e-09,2.6370157146672204e-09,2.637015714913445e-09,2.637015715159668e-09,2.637015715405891e-09,2.637015715652114e-09,2.637015715898336e-09,2.637015716144559e-09,2.637015716390781e-09,2.6370157166370038e-09,2.637015716883225e-09,2.637015717129446e-09,2.6370157173756674e-09,2.6370157176218884e-09,2.6370157178681095e-09,2.6370157181143297e-09,2.637015718360549e-09,2.6370157186067694e-09,2.6370157188529888e-09,2.6370157190992078e-09,2.6370157193454276e-09,2.637015719591645e-09,2.6370157198378643e-09,2.637015720084082e-09,2.6370157203303007e-09,2.6370157205765184e-09,2.6370157208227366e-09,2.6370157210689523e-09,2.63701572131517e-09,2.637015721561388e-09,2.637015721807603e-09,2.6370157220538196e-09,2.6370157223000353e-09,2.637015722546252e-09,2.637015722792468e-09,2.637015723038683e-09,2.637015723284897e-09,2.637015723531112e-09,2.6370157237773273e-09,2.637015724023541e-09,2.637015724269755e-09,2.637015724515968e-09,2.6370157247621814e-09,2.637015725008395e-09,2.6370157252546078e-09,2.6370157255008206e-09,2.6370157257470317e-09,2.637015725993244e-09,2.637015726239456e-09,2.637015726485668e-09,2.6370157267318796e-09,2.63701572697809e-09,2.6370157272242998e-09,2.6370157274705113e-09,2.6370157277167212e-09,2.637015727962931e-09,2.637015728209141e-09,2.63701572845535e-09,2.63701572870156e-09,2.637015728947769e-09,2.6370157291939777e-09,2.6370157294401864e-09,2.6370157296863946e-09,2.637015729932603e-09,2.6370157301788094e-09,2.6370157304250177e-09,2.6370157306712255e-09,2.6370157309174313e-09,2.637015731163638e-09,2.637015731409845e-09,2.637015731656052e-09,2.6370157319022576e-09,2.6370157321484646e-09,2.637015732394671e-09,2.6370157326408753e-09,2.6370157328870806e-09,2.637015733133285e-09,2.6370157333794884e-09,2.637015733625693e-09,2.6370157338718962e-09,2.6370157341180995e-09,2.6370157343643036e-09,2.6370157346105065e-09,2.637015734856709e-09,2.637015735102912e-09,2.6370157353491147e-09,2.637015735595316e-09,2.6370157358415175e-09,2.637015736087719e-09,2.6370157363339216e-09,2.637015736580122e-09,2.6370157368263236e-09,2.6370157370725244e-09,2.6370157373187248e-09,2.6370157375649256e-09,2.6370157378111255e-09,2.6370157380573247e-09,2.637015738303525e-09,2.6370157385497234e-09,2.6370157387959225e-09,2.6370157390421196e-09,2.6370157392883167e-09,2.637015739534516e-09,2.637015739780714e-09,2.637015740026912e-09,2.6370157402731087e-09,2.637015740519304e-09,2.637015740765502e-09,2.6370157410116974e-09,2.637015741257894e-09,2.6370157415040907e-09,2.637015741750287e-09,2.6370157419964816e-09,2.637015742242677e-09,2.6370157424888716e-09,2.6370157427350666e-09,2.6370157429812604e-09,2.6370157432274554e-09,2.6370157434736496e-09,2.637015743719843e-09,2.637015743966036e-09,2.637015744212229e-09,2.637015744458423e-09,2.6370157447046155e-09,2.637015744950807e-09,2.6370157451969997e-09,2.637015745443192e-09,2.637015745689383e-09,2.637015745935574e-09,2.6370157461817657e-09,2.6370157464279565e-09,2.637015746674147e-09,2.6370157469203375e-09,2.6370157471665275e-09,2.637015747412717e-09,2.6370157476589076e-09,2.637015747905097e-09,2.6370157481512864e-09,2.637015748397475e-09,2.637015748643663e-09,2.6370157488898508e-09,2.637015749136039e-09,2.637015749382227e-09,2.6370157496284147e-09,2.6370157498746027e-09,2.6370157501207894e-09,2.6370157503669766e-09,2.6370157506131625e-09,2.6370157508593496e-09,2.6370157511055347e-09,2.6370157513517206e-09,2.637015751597906e-09,2.6370157518440916e-09,2.6370157520902763e-09,2.6370157523364613e-09,2.637015752582646e-09,2.6370157528288303e-09,2.637015753075014e-09,2.637015753321198e-09,2.637015753567381e-09,2.6370157538135648e-09,2.6370157540597482e-09,2.63701575430593e-09,2.637015754552113e-09,2.6370157547982948e-09,2.637015755044477e-09,2.6370157552906583e-09,2.6370157555368397e-09,2.6370157557830214e-09,2.6370157560292036e-09,2.637015756275384e-09,2.6370157565215647e-09,2.6370157567677452e-09,2.637015757013925e-09,2.6370157572601055e-09,2.6370157575062843e-09,2.637015757752463e-09,2.637015757998643e-09,2.637015758244821e-09,2.6370157584909994e-09,2.6370157587371766e-09,2.637015758983355e-09,2.6370157592295327e-09,2.6370157594757104e-09,2.6370157597218876e-09,2.6370157599680656e-09,2.6370157602142425e-09,2.6370157604604184e-09,2.6370157607065952e-09,2.637015760952771e-09,2.6370157611989456e-09,2.6370157614451207e-09,2.6370157616912963e-09,2.6370157619374706e-09,2.637015762183645e-09,2.6370157624298193e-09,2.6370157626759928e-09,2.6370157629221667e-09,2.6370157631683406e-09,2.6370157634145153e-09,2.637015763660689e-09,2.6370157639068615e-09,2.6370157641530338e-09,2.637015764399206e-09,2.6370157646453787e-09,2.6370157648915497e-09,2.6370157651377232e-09,2.637015765383894e-09,2.637015765630065e-09,2.6370157658762354e-09,2.6370157661224065e-09,2.6370157663685766e-09,2.6370157666147464e-09,2.6370157668609154e-09,2.6370157671070847e-09,2.6370157673532537e-09,2.6370157675994226e-09,2.637015767845591e-09,2.6370157680917593e-09,2.6370157683379274e-09,2.637015768584095e-09,2.6370157688302637e-09,2.63701576907643e-09,2.6370157693225983e-09,2.6370157695687647e-09,2.637015769814931e-09,2.6370157700610977e-09,2.6370157703072637e-09,2.6370157705534294e-09,2.637015770799595e-09,2.637015771045761e-09,2.6370157712919246e-09,2.6370157715380894e-09,2.6370157717842547e-09,2.6370157720304187e-09,2.6370157722765822e-09,2.637015772522747e-09,2.6370157727689094e-09,2.6370157730150738e-09,2.6370157732612357e-09,2.637015773507399e-09,2.637015773753561e-09,2.637015773999724e-09,2.637015774245885e-09,2.6370157744920465e-09,2.6370157747382085e-09,2.63701577498437e-09,2.6370157752305302e-09,2.6370157754766913e-09,2.6370157757228524e-09,2.6370157759690123e-09,2.6370157762151725e-09,2.637015776461332e-09,2.637015776707491e-09,2.6370157769536496e-09,2.637015777199809e-09,2.6370157774459672e-09,2.6370157776921263e-09,2.6370157779382845e-09,2.6370157781844422e-09,2.6370157784306e-09,2.637015778676758e-09,2.6370157789229148e-09,2.6370157791690717e-09,2.6370157794152274e-09,2.6370157796613836e-09,2.6370157799075397e-09,2.6370157801536975e-09,2.637015780399851e-09,2.6370157806460073e-09,2.6370157808921617e-09,2.6370157811383166e-09,2.6370157813844715e-09,2.637015781630625e-09,2.63701578187678e-09,2.6370157821229333e-09,2.6370157823690877e-09,2.6370157826152422e-09,2.6370157828613946e-09,2.637015783107546e-09,2.6370157833537e-09,2.6370157835998523e-09,2.6370157838460043e-09,2.637015784092156e-09,2.6370157843383074e-09,2.637015784584459e-09,2.6370157848306106e-09,2.6370157850767605e-09,2.6370157853229125e-09,2.637015785569062e-09,2.6370157858152123e-09,2.6370157860613623e-09,2.6370157863075118e-09,2.637015786553661e-09,2.6370157867998087e-09,2.637015787045958e-09,2.637015787292106e-09,2.6370157875382544e-09,2.6370157877844026e-09,2.6370157880305513e-09,2.6370157882766975e-09,2.637015788522845e-09,2.637015788768992e-09,2.6370157890151386e-09,2.637015789261283e-09,2.6370157895074306e-09,2.637015789753577e-09,2.6370157899997226e-09,2.637015790245868e-09,2.6370157904920113e-09,2.637015790738152e-09,2.6370157909842946e-09,2.6370157912304383e-09,2.6370157914765816e-09,2.637015791722726e-09,2.63701579196887e-09,2.6370157922150128e-09,2.6370157924611557e-09,2.6370157927073e-09,2.637015792953442e-09,2.637015793199584e-09,2.637015793445727e-09,2.637015793691869e-09,2.6370157939380106e-09,2.6370157941841522e-09,2.637015794430293e-09,2.6370157946764347e-09,2.637015794922575e-09,2.637015795168716e-09,2.637015795414855e-09,2.6370157956609947e-09,2.6370157959071355e-09,2.6370157961532747e-09,2.6370157963994135e-09,2.637015796645552e-09,2.63701579689169e-09,2.637015797137815e-09,2.637015797383939e-09,2.6370157976300766e-09,2.637015797876215e-09,2.637015798122352e-09,2.6370157983684888e-09,2.637015798614626e-09,2.6370157988607626e-09,2.637015799106899e-09,2.6370157993530355e-09,2.637015799599171e-09,2.637015799845306e-09,2.637015800091441e-09,2.6370158003375757e-09,2.6370158005837115e-09,2.6370158008298458e-09,2.63701580107598e-09,2.637015801322114e-09,2.6370158015682463e-09,2.637015801814381e-09,2.637015802060514e-09,2.6370158023066473e-09,2.637015802552779e-09,2.6370158027989116e-09,2.6370158030450433e-09,2.6370158032911754e-09,2.637015803537307e-09,2.6370158037834376e-09,2.6370158040295698e-09,2.6370158042757e-09,2.637015804521831e-09,2.6370158047679612e-09,2.6370158050140917e-09,2.6370158052602222e-09,2.6370158055063523e-09,2.6370158057524807e-09,2.6370158059986104e-09,2.6370158062447388e-09,2.6370158064908676e-09,2.637015806736997e-09,2.6370158069831245e-09,2.6370158072292525e-09,2.637015807475381e-09,2.637015807721508e-09,2.6370158079676352e-09,2.637015808213761e-09,2.6370158084598883e-09,2.637015808706015e-09,2.6370158089521402e-09,2.6370158091982666e-09,2.6370158094443913e-09,2.6370158096905164e-09,2.637015809936642e-09,2.6370158101827666e-09,2.637015810428891e-09,2.637015810675015e-09,2.63701581092114e-09,2.6370158111672612e-09,2.637015811413385e-09,2.6370158116595086e-09,2.6370158119056316e-09,2.637015812151754e-09,2.6370158123978765e-09,2.637015812643998e-09,2.637015812890121e-09,2.6370158131362423e-09,2.637015813382363e-09,2.637015813628484e-09,2.637015813874605e-09,2.6370158141207258e-09,2.6370158143668467e-09,2.6370158146129677e-09,2.637015814859087e-09,2.6370158151052063e-09,2.6370158153513257e-09,2.637015815597444e-09,2.6370158158435643e-09,2.6370158160896828e-09,2.6370158163358013e-09,2.6370158165819198e-09,2.637015816828037e-09,2.637015817074156e-09,2.6370158173202728e-09,2.6370158175663896e-09,2.6370158178125077e-09,2.6370158180586233e-09,2.63701581830474e-09,2.6370158185508545e-09,2.6370158187969705e-09,2.6370158190430865e-09,2.6370158192892025e-09,2.637015819535318e-09,2.637015819781433e-09,2.637015820027548e-09,2.6370158202736616e-09,2.637015820519776e-09,2.6370158207658895e-09,2.6370158210120026e-09,2.6370158212581165e-09,2.6370158215042292e-09,2.6370158217503415e-09,2.6370158219964546e-09,2.6370158222425665e-09,2.6370158224886796e-09,2.637015822734777e-09,2.6370158229808885e-09,2.6370158232269995e-09,2.6370158234731106e-09,2.637015823719221e-09,2.637015823965335e-09,2.6370158242114483e-09,2.6370158244575585e-09,2.637015824703668e-09,2.637015824949778e-09,2.6370158251958867e-09,2.6370158254419957e-09,2.6370158256881046e-09,2.637015825934214e-09,2.6370158261803214e-09,2.6370158264264295e-09,2.6370158266725364e-09,2.6370158269186454e-09,2.6370158271647523e-09,2.6370158274108605e-09,2.6370158276569666e-09,2.6370158279030735e-09,2.63701582814918e-09,2.637015828395286e-09,2.6370158286413772e-09,2.6370158288874705e-09,2.6370158291335745e-09,2.6370158293796794e-09,2.6370158296257842e-09,2.6370158298718886e-09,2.637015830117993e-09,2.637015830364097e-09,2.6370158306102007e-09,2.637015830856303e-09,2.6370158311024067e-09,2.63701583134851e-09,2.637015831594613e-09,2.637015831840715e-09,2.6370158320868173e-09,2.6370158323329193e-09,2.6370158325790212e-09,2.6370158328251224e-09,2.6370158330712235e-09,2.637015833317324e-09,2.6370158335634253e-09,2.637015833809526e-09,2.6370158340556242e-09,2.637015834301722e-09,2.637015834547822e-09,2.637015834793921e-09,2.637015835040021e-09,2.6370158352861154e-09,2.637015835532214e-09,2.637015835778313e-09,2.637015836024411e-09,2.637015836270508e-09,2.637015836516606e-09,2.637015836762703e-09,2.6370158370088e-09,2.6370158372548975e-09,2.637015837500994e-09,2.63701583774709e-09,2.637015837993186e-09,2.6370158382392825e-09,2.6370158384853774e-09,2.6370158387314723e-09,2.6370158389775673e-09,2.6370158392236618e-09,2.637015839469756e-09,2.637015839715851e-09,2.6370158399619436e-09,2.637015840208038e-09,2.63701584045413e-09,2.637015840700224e-09,2.6370158409463175e-09,2.6370158411924095e-09,2.637015841438502e-09,2.637015841684595e-09,2.6370158419306864e-09,2.637015842176778e-09,2.63701584242287e-09,2.6370158426689613e-09,2.637015842915052e-09,2.637015843161143e-09,2.6370158434072336e-09,2.6370158436533236e-09,2.637015843899413e-09,2.637015844145503e-09,2.637015844391592e-09,2.6370158446376817e-09,2.63701584488377e-09,2.637015845129859e-09,2.6370158453759474e-09,2.6370158456220353e-09,2.637015845868124e-09,2.637015846114211e-09,2.637015846360299e-09,2.637015846606386e-09,2.637015846852473e-09,2.6370158470985598e-09,2.637015847344647e-09,2.6370158475907322e-09,2.637015847836818e-09,2.6370158480829043e-09,2.6370158483289893e-09,2.6370158485750747e-09,2.6370158488211592e-09,2.6370158490672442e-09,2.637015849313329e-09,2.637015849559413e-09,2.6370158498054955e-09,2.6370158500515792e-09,2.6370158502976634e-09,2.6370158505437455e-09,2.637015850789829e-09,2.63701585103591e-09,2.6370158512819934e-09,2.6370158515280755e-09,2.6370158517741564e-09,2.6370158520202377e-09,2.637015852266319e-09,2.6370158525123998e-09,2.637015852758481e-09,2.637015853004562e-09,2.6370158532506424e-09,2.637015853496722e-09,2.6370158537428024e-09,2.637015853988882e-09,2.637015854234961e-09,2.6370158544810404e-09,2.6370158547271192e-09,2.6370158549731984e-09,2.6370158552192764e-09,2.6370158554653535e-09,2.637015855711431e-09,2.6370158559575086e-09,2.6370158562035857e-09,2.637015856449663e-09,2.637015856695739e-09,2.6370158569418163e-09,2.6370158571878926e-09,2.637015857433969e-09,2.637015857680044e-09,2.6370158579261195e-09,2.6370158581721954e-09,2.6370158584182717e-09,2.6370158586643467e-09,2.6370158589104206e-09,2.637015859156495e-09,2.6370158594025686e-09,2.637015859648643e-09,2.6370158598947163e-09,2.637015860140789e-09,2.6370158603868623e-09,2.6370158606329353e-09,2.637015860879007e-09,2.6370158611250788e-09,2.6370158613711514e-09,2.637015861617223e-09,2.6370158618632945e-09,2.637015862109365e-09,2.6370158623554363e-09,2.6370158626015077e-09,2.6370158628475778e-09,2.6370158630936483e-09,2.637015863339718e-09,2.6370158635857872e-09,2.6370158638318565e-09,2.6370158640779254e-09,2.6370158643239942e-09,2.637015864570063e-09,2.637015864816131e-09,2.6370158650621983e-09,2.6370158653082664e-09,2.637015865554334e-09,2.6370158658004016e-09,2.6370158660464676e-09,2.6370158662925348e-09,2.637015866538602e-09,2.6370158667846684e-09,2.6370158670307356e-09,2.637015867276801e-09,2.6370158675228675e-09,2.6370158677689327e-09,2.637015868014998e-09,2.637015868261062e-09,2.637015868507127e-09,2.6370158687531907e-09,2.6370158689992546e-09,2.637015869245319e-09,2.6370158694913816e-09,2.637015869737445e-09,2.637015869983508e-09,2.6370158702295712e-09,2.6370158704756335e-09,2.6370158707216957e-09,2.6370158709677575e-09,2.63701587121382e-09,2.6370158714598808e-09,2.6370158717059426e-09,2.6370158719520045e-09,2.637015872198066e-09,2.6370158724441273e-09,2.6370158726901866e-09,2.6370158729362472e-09,2.637015873182306e-09,2.637015873428366e-09,2.6370158736744257e-09,2.637015873920484e-09,2.637015874166543e-09,2.6370158744126012e-09,2.637015874658659e-09,2.6370158749047175e-09,2.6370158751507747e-09,2.637015875396833e-09,2.63701587564289e-09,2.637015875888946e-09,2.637015876135004e-09,2.6370158763810603e-09,2.6370158766271147e-09,2.6370158768731707e-09,2.637015877119227e-09,2.637015877365282e-09,2.637015877611337e-09,2.6370158778573916e-09,2.637015878103446e-09,2.637015878349503e-09,2.637015878595555e-09,2.6370158788416104e-09,2.637015879087664e-09,2.6370158793337175e-09,2.6370158795797706e-09,2.637015879825823e-09,2.6370158800718757e-09,2.6370158803179276e-09,2.6370158805639803e-09,2.6370158808100327e-09,2.6370158810560837e-09,2.637015881302136e-09,2.6370158815481888e-09,2.63701588179424e-09,2.637015882040291e-09,2.6370158822863408e-09,2.6370158825323906e-09,2.6370158827784404e-09,2.637015883024491e-09,2.6370158832705405e-09,2.637015883516589e-09,2.637015883762638e-09,2.6370158840086855e-09,2.6370158842547337e-09,2.6370158845007814e-09,2.637015884746829e-09,2.6370158849928774e-09,2.6370158852389243e-09,2.6370158854849713e-09,2.6370158857310186e-09,2.637015885977065e-09,2.6370158862231117e-09,2.637015886469157e-09,2.6370158867152027e-09,2.6370158869612488e-09,2.6370158872072937e-09,2.637015887453339e-09,2.6370158876993826e-09,2.6370158879454283e-09,2.6370158881914715e-09,2.637015888437515e-09,2.637015888683559e-09,2.6370158889296032e-09,2.637015889175645e-09,2.637015889421689e-09,2.637015889667731e-09,2.6370158899137736e-09,2.6370158901598164e-09,2.6370158904058592e-09,2.6370158906518995e-09,2.6370158908979407e-09,2.637015891143982e-09,2.6370158913900234e-09,2.637015891636064e-09,2.637015891882104e-09,2.6370158921281444e-09,2.637015892374185e-09,2.6370158926202254e-09,2.6370158928662637e-09,2.6370158931123028e-09,2.637015893358343e-09,2.637015893604381e-09,2.63701589385042e-09,2.6370158940964583e-09,2.6370158943424957e-09,2.6370158945885336e-09,2.637015894834571e-09,2.637015895080609e-09,2.637015895326645e-09,2.6370158955726824e-09,2.6370158958187186e-09,2.6370158960647552e-09,2.6370158963107914e-09,2.637015896556827e-09,2.6370158968028626e-09,2.637015897048897e-09,2.6370158972949333e-09,2.637015897540969e-09,2.637015897787003e-09,2.6370158980330373e-09,2.637015898279072e-09,2.637015898525104e-09,2.637015898771138e-09,2.637015899017171e-09,2.637015899263206e-09,2.637015899509237e-09,2.637015899755269e-09,2.6370159000013016e-09,2.6370159002473336e-09,2.6370159004933657e-09,2.6370159007393957e-09,2.637015900985427e-09,2.6370159012314573e-09,2.6370159014774877e-09,2.6370159017235185e-09,2.6370159019695485e-09,2.637015902215579e-09,2.6370159024616084e-09,2.6370159027076384e-09,2.6370159029536676e-09,2.6370159031996963e-09,2.6370159034457255e-09,2.6370159036917534e-09,2.6370159039377817e-09,2.637015904183809e-09,2.637015904429836e-09,2.637015904675863e-09,2.63701590492189e-09,2.6370159051679176e-09,2.637015905413945e-09,2.6370159056599713e-09,2.6370159059059968e-09,2.6370159061520222e-09,2.6370159063980476e-09,2.637015906644073e-09,2.637015906890099e-09,2.637015907136124e-09,2.637015907382149e-09,2.6370159076281727e-09,2.637015907874197e-09,2.6370159081202216e-09,2.637015908366245e-09,2.6370159086122675e-09,2.637015908858291e-09,2.637015909104314e-09,2.6370159093503355e-09,2.637015909596359e-09,2.6370159098423806e-09,2.6370159100884027e-09,2.637015910334425e-09,2.6370159105804457e-09,2.6370159108264653e-09,2.6370159110724862e-09,2.6370159113185075e-09,2.637015911564528e-09,2.6370159118105472e-09,2.637015912056568e-09,2.637015912302587e-09,2.637015912548606e-09,2.637015912794625e-09,2.6370159130406442e-09,2.637015913286662e-09,2.63701591353268e-09,2.637015913778698e-09,2.6370159140247166e-09,2.637015914270733e-09,2.63701591451675e-09,2.6370159147627677e-09,2.6370159150087836e-09,2.6370159152548003e-09,2.6370159155008163e-09,2.637015915746833e-09,2.6370159159928485e-09,2.637015916238864e-09,2.6370159164848795e-09,2.6370159167308942e-09,2.6370159169769093e-09,2.6370159172229236e-09,2.6370159174689374e-09,2.6370159177149513e-09,2.6370159179609655e-09,2.6370159182069786e-09,2.637015918452991e-09,2.637015918699004e-09,2.637015918945017e-09,2.63701591919103e-09,2.6370159194370412e-09,2.6370159196830534e-09,2.637015919929065e-09,2.637015920175076e-09,2.637015920421087e-09,2.6370159206670985e-09,2.63701592091311e-09,2.6370159211591204e-09,2.63701592140513e-09,2.63701592165114e-09,2.637015921897149e-09,2.6370159221431585e-09,2.637015922389168e-09,2.637015922635176e-09,2.6370159228811847e-09,2.6370159231271936e-09,2.6370159233732013e-09,2.637015923619208e-09,2.6370159238652166e-09,2.6370159241112246e-09,2.637015924357232e-09,2.6370159246032383e-09,2.637015924849246e-09,2.637015925095252e-09,2.6370159253412583e-09,2.637015925587263e-09,2.637015925833269e-09,2.6370159260792755e-09,2.63701592632528e-09,2.6370159265712846e-09,2.63701592681729e-09,2.637015927063294e-09,2.6370159273092984e-09,2.6370159275553024e-09,2.6370159278013055e-09,2.637015928047309e-09,2.637015928293312e-09,2.637015928539315e-09,2.6370159287853175e-09,2.63701592903132e-09,2.6370159292773216e-09,2.6370159295233234e-09,2.6370159297693253e-09,2.6370159300153268e-09,2.6370159302613274e-09,2.6370159305073284e-09,2.6370159307533303e-09,2.6370159309993305e-09,2.6370159312453307e-09,2.63701593149133e-09,2.63701593173733e-09,2.6370159319833284e-09,2.637015932229328e-09,2.6370159324753276e-09,2.6370159327213257e-09,2.6370159329673243e-09,2.637015933213322e-09,2.6370159334593193e-09,2.6370159337053174e-09,2.637015933951313e-09,2.637015934197311e-09,2.6370159344433077e-09,2.6370159346893046e-09,2.6370159349353007e-09,2.6370159351812967e-09,2.637015935427293e-09,2.6370159356732876e-09,2.637015935919284e-09,2.6370159361652794e-09,2.6370159364112738e-09,2.6370159366572678e-09,2.6370159369032618e-09,2.6370159371492566e-09,2.63701593739525e-09,2.637015937641244e-09,2.6370159378872378e-09,2.6370159381332293e-09,2.637015938379223e-09,2.6370159386252152e-09,2.6370159388712076e-09,2.6370159391172e-09,2.6370159393631915e-09,2.6370159396091826e-09,2.6370159398551745e-09,2.6370159401011644e-09,2.637015940347155e-09,2.6370159405931445e-09,2.637015940839135e-09,2.6370159410851247e-09,2.637015941331114e-09,2.637015941577104e-09,2.637015941823093e-09,2.6370159420690816e-09,2.6370159423150703e-09,2.637015942561059e-09,2.637015942807048e-09,2.637015943053035e-09,2.637015943299023e-09,2.6370159435450105e-09,2.6370159437909975e-09,2.6370159440369844e-09,2.637015944282971e-09,2.637015944528957e-09,2.6370159447749437e-09,2.63701594502093e-09,2.6370159452669147e-09,2.6370159455129e-09,2.637015945758886e-09,2.6370159460048703e-09,2.6370159462508548e-09,2.6370159464968397e-09,2.6370159467428225e-09,2.6370159469888066e-09,2.6370159472347894e-09,2.6370159474807727e-09,2.637015947726756e-09,2.6370159479727387e-09,2.637015948218721e-09,2.637015948464703e-09,2.637015948710685e-09,2.637015948956667e-09,2.6370159492026504e-09,2.637015949448631e-09,2.637015949694612e-09,2.637015949940593e-09,2.637015950186573e-09,2.637015950432554e-09,2.6370159506785334e-09,2.6370159509245133e-09,2.637015951170493e-09,2.637015951416473e-09,2.6370159516624527e-09,2.637015951908431e-09,2.63701595215441e-09,2.6370159524003884e-09,2.6370159526463663e-09,2.637015952892343e-09,2.6370159531383204e-09,2.6370159533842974e-09,2.6370159536302753e-09,2.6370159538762515e-09,2.6370159541222285e-09,2.637015954368205e-09,2.63701595461418e-09,2.6370159548601564e-09,2.637015955106132e-09,2.637015955352107e-09,2.637015955598081e-09,2.6370159558440563e-09,2.637015956090031e-09,2.6370159563360046e-09,2.6370159565819783e-09,2.637015956827952e-09,2.6370159570739258e-09,2.637015957319899e-09,2.637015957565872e-09,2.6370159578118445e-09,2.637015958057818e-09,2.637015958303789e-09,2.6370159585497616e-09,2.6370159587957324e-09,2.6370159590417053e-09,2.637015959287676e-09,2.637015959533647e-09,2.637015959779617e-09,2.637015960025589e-09,2.637015960271559e-09,2.6370159605175287e-09,2.6370159607634987e-09,2.6370159610094683e-09,2.637015961255437e-09,2.6370159615014063e-09,2.6370159617473742e-09,2.6370159619933434e-09,2.6370159622393114e-09,2.63701596248528e-09,2.6370159627312477e-09,2.6370159629772144e-09,2.6370159632231823e-09,2.6370159634691486e-09,2.6370159637151137e-09,2.6370159639610804e-09,2.637015964207047e-09,2.6370159644530117e-09,2.637015964698977e-09,2.6370159649449426e-09,2.6370159651909077e-09,2.6370159654368715e-09,2.6370159656828374e-09,2.6370159659288016e-09,2.6370159661747662e-09,2.637015966420731e-09,2.637015966666694e-09,2.6370159669126577e-09,2.63701596715862e-09,2.637015967404584e-09,2.637015967650546e-09,2.6370159678965096e-09,2.637015968142472e-09,2.6370159683884327e-09,2.6370159686343952e-09,2.6370159688803565e-09,2.637015969126317e-09,2.637015969372278e-09,2.6370159696182385e-09,2.637015969864199e-09,2.6370159701101595e-09,2.637015970356119e-09,2.6370159706020792e-09,2.6370159708480377e-09,2.6370159710939973e-09,2.6370159713399566e-09,2.6370159715859146e-09,2.637015971831873e-09,2.637015972077831e-09,2.63701597232379e-09,2.6370159725697475e-09,2.6370159728157047e-09,2.637015973061662e-09,2.637015973307619e-09,2.637015973553576e-09,2.637015973799533e-09,2.63701597404549e-09,2.6370159742914454e-09,2.6370159745374013e-09,2.6370159747833565e-09,2.6370159750293116e-09,2.637015975275268e-09,2.6370159755212214e-09,2.637015975767176e-09,2.6370159760131304e-09,2.6370159762590843e-09,2.6370159765050378e-09,2.637015976750991e-09,2.637015976996944e-09,2.637015977242897e-09,2.6370159774888504e-09,2.637015977734803e-09,2.6370159779807545e-09,2.637015978226707e-09,2.637015978472659e-09,2.6370159787186095e-09,2.637015978964561e-09,2.6370159792105106e-09,2.6370159794564596e-09,2.6370159797024097e-09,2.6370159799483615e-09,2.6370159801943117e-09,2.637015980440264e-09,2.637015980686212e-09,2.637015980932162e-09,2.6370159811781094e-09,2.6370159814240588e-09,2.637015981670007e-09,2.6370159819159554e-09,2.637015982161904e-09,2.637015982407852e-09,2.637015982653799e-09,2.637015982899747e-09,2.6370159831456925e-09,2.6370159833916394e-09,2.6370159836375862e-09,2.637015983883532e-09,2.6370159841294783e-09,2.6370159843754243e-09,2.637015984621369e-09,2.637015984867313e-09,2.637015985113259e-09,2.637015985359203e-09,2.6370159856051482e-09,2.637015985851092e-09,2.6370159860970357e-09,2.6370159863429785e-09,2.637015986588922e-09,2.637015986834866e-09,2.637015987080808e-09,2.637015987326752e-09,2.6370159875726945e-09,2.6370159878186364e-09,2.6370159880645787e-09,2.6370159883105198e-09,2.6370159885564612e-09,2.6370159888024027e-09,2.6370159890483438e-09,2.637015989294285e-09,2.6370159895402247e-09,2.6370159897861645e-09,2.6370159900321043e-09,2.6370159902780437e-09,2.637015990523983e-09,2.6370159907699213e-09,2.6370159910158607e-09,2.6370159912618e-09,2.6370159915077387e-09,2.6370159917536764e-09,2.6370159919996146e-09,2.6370159922455515e-09,2.637015992491489e-09,2.6370159927374254e-09,2.637015992983363e-09,2.637015993229299e-09,2.6370159934752353e-09,2.6370159937211723e-09,2.6370159939671075e-09,2.637015994213043e-09,2.637015994458978e-09,2.6370159947049134e-09,2.6370159949508474e-09,2.637015995196783e-09,2.6370159954427167e-09,2.637015995688651e-09,2.637015995934585e-09,2.637015996180519e-09,2.637015996426452e-09,2.6370159966723844e-09,2.6370159969183176e-09,2.6370159971642495e-09,2.637015997410182e-09,2.637015997656114e-09,2.6370159979020454e-09,2.637015998147977e-09,2.637015998393908e-09,2.6370159986398396e-09,2.6370159988857695e-09,2.6370159991317003e-09,2.63701599937763e-09,2.63701599962356e-09,2.6370159998694895e-09,2.6370160001154186e-09,2.6370160003613477e-09,2.6370160006072776e-09,2.6370160008532062e-09,2.637016001099135e-09,2.637016001345064e-09,2.6370160015909914e-09,2.6370160018369188e-09,2.637016002082845e-09,2.6370160023287736e-09,2.637016002574701e-09,2.6370160028206268e-09,2.637016003066554e-09,2.63701600331248e-09,2.6370160035584053e-09,2.637016003804331e-09,2.637016004050257e-09,2.6370160042961813e-09,2.6370160045421063e-09,2.6370160047880308e-09,2.6370160050339557e-09,2.637016005279879e-09,2.637016005525804e-09,2.6370160057717284e-09,2.6370160060176513e-09,2.6370160062635754e-09,2.637016006509498e-09,2.6370160067554207e-09,2.637016007001343e-09,2.6370160072472656e-09,2.637016007493189e-09,2.63701600773911e-09,2.6370160079850317e-09,2.6370160082309534e-09,2.6370160084768733e-09,2.6370160087227945e-09,2.637016008968714e-09,2.6370160092146332e-09,2.6370160094605544e-09,2.637016009706474e-09,2.6370160099523936e-09,2.6370160101983127e-09,2.6370160104442322e-09,2.6370160106901506e-09,2.637016010936069e-09,2.637016011181987e-09,2.6370160114279055e-09,2.637016011673823e-09,2.6370160119197413e-09,2.6370160121656584e-09,2.637016012411576e-09,2.6370160126574925e-09,2.6370160129034096e-09,2.637016013149324e-09,2.63701601339524e-09,2.6370160136411567e-09,2.6370160138870717e-09,2.6370160141329875e-09,2.637016014378902e-09,2.6370160146248175e-09,2.637016014870732e-09,2.637016015116647e-09,2.6370160153625605e-09,2.63701601560848e-09,2.637016015854395e-09,2.637016016100308e-09,2.6370160163462205e-09,2.6370160165921335e-09,2.637016016838045e-09,2.6370160170839577e-09,2.6370160173298694e-09,2.6370160175757807e-09,2.6370160178216924e-09,2.6370160180676036e-09,2.6370160183135145e-09,2.637016018559425e-09,2.637016018805335e-09,2.637016019051245e-09,2.637016019297155e-09,2.637016019543065e-09,2.6370160197889735e-09,2.6370160200348827e-09,2.6370160202807924e-09,2.6370160205267024e-09,2.63701602077261e-09,2.6370160210185184e-09,2.637016021264426e-09,2.637016021510334e-09,2.637016021756242e-09,2.63701602200215e-09,2.6370160222480553e-09,2.6370160224939617e-09,2.6370160227398696e-09,2.6370160229857743e-09,2.6370160232316806e-09,2.637016023477586e-09,2.637016023723491e-09,2.6370160239693967e-09,2.6370160242153018e-09,2.6370160244612073e-09,2.637016024707111e-09,2.6370160249530145e-09,2.637016025198919e-09,2.637016025444822e-09,2.6370160256907265e-09,2.637016025936629e-09,2.6370160261825325e-09,2.637016026428435e-09,2.637016026674338e-09,2.6370160269202403e-09,2.6370160271661416e-09,2.637016027412044e-09,2.637016027657945e-09,2.6370160279038465e-09,2.6370160281497475e-09,2.637016028395647e-09,2.6370160286415485e-09,2.6370160288874474e-09,2.637016029133347e-09,2.637016029379248e-09,2.6370160296251473e-09,2.637016029871046e-09,2.637016030116945e-09,2.6370160303628436e-09,2.6370160306087416e-09,2.6370160308546392e-09,2.637016031100538e-09,2.6370160313464358e-09,2.637016031592331e-09,2.637016031838227e-09,2.6370160320841237e-09,2.637016032330021e-09,2.637016032575904e-09,2.637016032821801e-09,2.637016033067697e-09,2.637016033313592e-09,2.637016033559487e-09,2.637016033805382e-09,2.637016034051278e-09,2.637016034297171e-09,2.6370160345430665e-09,2.6370160347889596e-09,2.6370160350348548e-09,2.6370160352807487e-09,2.6370160355266393e-09,2.6370160357725324e-09,2.6370160360184255e-09,2.637016036264318e-09,2.637016036510211e-09,2.6370160367561027e-09,2.6370160370019953e-09,2.6370160372478868e-09,2.6370160374937786e-09,2.6370160377396692e-09,2.63701603798556e-09,2.6370160382314496e-09,2.6370160384773398e-09,2.63701603872323e-09,2.6370160389691206e-09,2.63701603921501e-09,2.6370160394608993e-09,2.6370160397067887e-09,2.6370160399526764e-09,2.637016040198566e-09,2.637016040444454e-09,2.637016040690343e-09,2.637016040936231e-09,2.6370160411821174e-09,2.6370160414280055e-09,2.637016041673892e-09,2.6370160419197805e-09,2.637016042165666e-09,2.6370160424115514e-09,2.6370160426574375e-09,2.6370160429033247e-09,2.637016043149209e-09,2.6370160433950944e-09,2.63701604364098e-09,2.6370160438868652e-09,2.6370160441327492e-09,2.637016044378634e-09,2.6370160446245184e-09,2.637016044870402e-09,2.637016045116286e-09,2.6370160453621696e-09,2.6370160456080515e-09,2.637016045853935e-09,2.637016046099817e-09,2.6370160463456993e-09,2.637016046591582e-09,2.637016046837464e-09,2.637016047083346e-09,2.6370160473292274e-09,2.6370160475751077e-09,2.63701604782099e-09,2.63701604806687e-09,2.6370160483127518e-09,2.637016048558616e-09,2.637016048804497e-09,2.6370160490503756e-09,2.6370160492962546e-09,2.637016049542135e-09,2.6370160497880143e-09,2.637016050033893e-09,2.6370160502797707e-09,2.637016050525648e-09,2.6370160507715275e-09,2.637016051017404e-09,2.6370160512632814e-09,2.6370160515091592e-09,2.6370160517550358e-09,2.6370160520009123e-09,2.637016052246788e-09,2.6370160524926646e-09,2.63701605273854e-09,2.637016052984416e-09,2.6370160532302913e-09,2.6370160534761666e-09,2.6370160537220402e-09,2.637016053967916e-09,2.63701605421379e-09,2.637016054459663e-09,2.6370160547055365e-09,2.6370160549514114e-09,2.6370160551972846e-09,2.6370160554431583e-09,2.637016055689031e-09,2.6370160559349043e-09,2.6370160561807767e-09,2.637016056426649e-09,2.637016056672521e-09,2.6370160569183927e-09,2.6370160571642643e-09,2.6370160574101354e-09,2.6370160576560066e-09,2.637016057901877e-09,2.637016058147747e-09,2.6370160583936168e-09,2.637016058639488e-09,2.6370160588853566e-09,2.6370160591312274e-09,2.6370160593770952e-09,2.637016059622965e-09,2.637016059868833e-09,2.6370160601147017e-09,2.6370160603605687e-09,2.637016060606438e-09,2.6370160608523057e-09,2.637016061098173e-09,2.63701606134404e-09,2.637016061589907e-09,2.637016061835774e-09,2.6370160620816404e-09,2.637016062327506e-09,2.637016062573373e-09,2.6370160628192378e-09,2.637016063065103e-09,2.6370160633109677e-09,2.6370160635568327e-09,2.6370160638026972e-09,2.637016064048563e-09,2.637016064294426e-09,2.6370160645402905e-09,2.6370160647861533e-09,2.637016065032017e-09,2.6370160652778704e-09,2.6370160655237395e-09,2.6370160657696045e-09,2.6370160660154703e-09,2.6370160662613324e-09,2.6370160665071936e-09,2.6370160667530553e-09,2.6370160669989173e-09,2.637016067244779e-09,2.637016067490638e-09,2.6370160677364986e-09,2.637016067982358e-09,2.637016068228219e-09,2.6370160684740785e-09,2.637016068719938e-09,2.6370160689657973e-09,2.637016069211656e-09,2.6370160694575144e-09,2.637016069703373e-09,2.637016069949231e-09,2.63701607019509e-09,2.6370160704409486e-09,2.637016070686806e-09,2.637016070932664e-09,2.6370160711785207e-09,2.637016071424377e-09,2.6370160716702337e-09,2.6370160719160912e-09,2.637016072161947e-09,2.637016072407802e-09,2.637016072653658e-09,2.637016072899514e-09,2.637016073145368e-09,2.637016073391223e-09,2.637016073637078e-09,2.6370160738829328e-09,2.637016074128787e-09,2.6370160743746403e-09,2.637016074620494e-09,2.637016074866348e-09,2.6370160751122005e-09,2.637016075358053e-09,2.637016075603906e-09,2.6370160758497577e-09,2.63701607609561e-09,2.637016076341462e-09,2.6370160765873133e-09,2.637016076833165e-09,2.6370160770790164e-09,2.637016077324867e-09,2.6370160775707177e-09,2.637016077816568e-09,2.637016078062417e-09,2.6370160783082667e-09,2.6370160785541172e-09,2.6370160787999652e-09,2.6370160790458145e-09,2.6370160792916633e-09,2.6370160795375113e-09,2.63701607978336e-09,2.6370160800292094e-09,2.6370160802750557e-09,2.6370160805209033e-09,2.6370160807667513e-09,2.637016081012598e-09,2.6370160812584453e-09,2.637016081504293e-09,2.637016081750139e-09,2.6370160819959847e-09,2.6370160822418302e-09,2.6370160824876758e-09,2.6370160827335213e-09,2.6370160829793664e-09,2.6370160832252115e-09,2.6370160834710554e-09,2.6370160837169005e-09,2.6370160839627448e-09,2.6370160842085886e-09,2.6370160844544317e-09,2.6370160847002755e-09,2.6370160849461186e-09,2.637016085191962e-09,2.637016085437805e-09,2.637016085683647e-09,2.6370160859294895e-09,2.637016086175331e-09,2.6370160864211723e-09,2.6370160866670137e-09,2.6370160869128546e-09,2.6370160871586956e-09,2.6370160874045358e-09,2.637016087650376e-09,2.637016087896216e-09,2.6370160881420545e-09,2.6370160883878947e-09,2.6370160886337344e-09,2.6370160888795733e-09,2.6370160891254126e-09,2.637016089371251e-09,2.63701608961709e-09,2.637016089862928e-09,2.6370160901087658e-09,2.6370160903546026e-09,2.6370160906004403e-09,2.637016090846278e-09,2.6370160910921148e-09,2.6370160913379516e-09,2.6370160915837872e-09,2.6370160918296236e-09,2.6370160920754605e-09,2.6370160923212957e-09,2.637016092567132e-09,2.6370160928129664e-09,2.6370160930588016e-09,2.6370160933046356e-09,2.6370160935504695e-09,2.637016093796304e-09,2.6370160940421382e-09,2.637016094287972e-09,2.6370160945338057e-09,2.637016094779639e-09,2.637016095025472e-09,2.637016095271304e-09,2.637016095517136e-09,2.6370160957629684e-09,2.6370160960088e-09,2.6370160962546325e-09,2.637016096500464e-09,2.6370160967462955e-09,2.6370160969921253e-09,2.6370160972379555e-09,2.637016097483787e-09,2.637016097729617e-09,2.637016097975446e-09,2.637016098221275e-09,2.637016098467105e-09,2.6370160987129343e-09,2.6370160989587633e-09,2.6370160992045943e-09,2.6370160994504213e-09,2.6370160996962515e-09,2.63701609994208e-09,2.6370161001879065e-09,2.637016100433732e-09,2.6370161006795608e-09,2.637016100925388e-09,2.637016101171217e-09,2.6370161014170423e-09,2.6370161016628684e-09,2.6370161019086945e-09,2.63701610215452e-09,2.6370161024003463e-09,2.637016102646171e-09,2.637016102891996e-09,2.637016103137822e-09,2.6370161033836452e-09,2.6370161036294692e-09,2.6370161038752937e-09,2.637016104121117e-09,2.637016104366941e-09,2.6370161046127645e-09,2.6370161048585872e-09,2.637016105104409e-09,2.6370161053502324e-09,2.6370161055960547e-09,2.637016105841877e-09,2.6370161060876986e-09,2.63701610633352e-09,2.6370161065793413e-09,2.6370161068251632e-09,2.637016107070984e-09,2.6370161073168047e-09,2.6370161075626237e-09,2.637016107808443e-09,2.6370161080542626e-09,2.6370161083000813e-09,2.637016108545901e-09,2.637016108791721e-09,2.6370161090375393e-09,2.6370161092833575e-09,2.6370161095291757e-09,2.6370161097749935e-09,2.6370161100208118e-09,2.637016110266629e-09,2.637016110512447e-09,2.637016110758263e-09,2.6370161110040814e-09,2.637016111249897e-09,2.6370161114957133e-09,2.637016111741529e-09,2.637016111987345e-09,2.6370161122331605e-09,2.6370161124789754e-09,2.6370161127247895e-09,2.637016112970605e-09,2.6370161132164185e-09,2.637016113462234e-09,2.6370161137080463e-09,2.6370161139538583e-09,2.6370161141996716e-09,2.6370161144454844e-09,2.6370161146912964e-09,2.6370161149371105e-09,2.637016115182924e-09,2.6370161154287354e-09,2.6370161156745474e-09,2.6370161159203594e-09,2.6370161161661706e-09,2.637016116411982e-09,2.6370161166577918e-09,2.637016116903602e-09,2.637016117149413e-09,2.6370161173952237e-09,2.637016117641033e-09,2.637016117886843e-09,2.6370161181326527e-09,2.6370161183784614e-09,2.637016118624271e-09,2.637016118870079e-09,2.6370161191158876e-09,2.6370161193616963e-09,2.637016119607504e-09,2.6370161198533117e-09,2.6370161200991187e-09,2.637016120344926e-09,2.637016120590733e-09,2.6370161208365403e-09,2.637016121082346e-09,2.637016121328152e-09,2.637016121573959e-09,2.6370161218197656e-09,2.6370161220655715e-09,2.637016122311376e-09,2.637016122557181e-09,2.637016122802986e-09,2.6370161230487898e-09,2.637016123294594e-09,2.6370161235403964e-09,2.637016123786201e-09,2.6370161240320027e-09,2.6370161242778056e-09,2.6370161245236094e-09,2.637016124769412e-09,2.637016125015214e-09,2.637016125261016e-09,2.637016125506818e-09,2.6370161257526186e-09,2.637016125998421e-09,2.637016126244223e-09,2.6370161264900233e-09,2.6370161267358233e-09,2.637016126981624e-09,2.637016127227424e-09,2.6370161274732234e-09,2.637016127719022e-09,2.637016127964821e-09,2.63701612821062e-09,2.6370161284564185e-09,2.637016128702219e-09,2.6370161289480165e-09,2.6370161291938145e-09,2.637016129439613e-09,2.6370161296854108e-09,2.637016129931209e-09,2.637016130177006e-09,2.6370161304228026e-09,2.6370161306685993e-09,2.6370161309143952e-09,2.637016131160192e-09,2.6370161314059874e-09,2.637016131651783e-09,2.637016131897578e-09,2.6370161321433734e-09,2.6370161323891693e-09,2.637016132634964e-09,2.637016132880758e-09,2.637016133126552e-09,2.637016133372347e-09,2.63701613361814e-09,2.637016133863934e-09,2.6370161341097273e-09,2.6370161343555207e-09,2.6370161346013125e-09,2.637016134847104e-09,2.6370161350928973e-09,2.6370161353386894e-09,2.637016135584481e-09,2.637016135830273e-09,2.6370161360760643e-09,2.6370161363218556e-09,2.6370161365676465e-09,2.6370161368134375e-09,2.6370161370592292e-09,2.6370161373050193e-09,2.6370161375508086e-09,2.6370161377965987e-09,2.6370161380423876e-09,2.6370161382881764e-09,2.637016138533965e-09,2.637016138779754e-09,2.637016139025543e-09,2.6370161392713302e-09,2.6370161395171187e-09,2.637016139762907e-09,2.6370161400086935e-09,2.637016140254481e-09,2.637016140500267e-09,2.6370161407460543e-09,2.63701614099184e-09,2.6370161412376254e-09,2.6370161414834114e-09,2.637016141729197e-09,2.637016141974983e-09,2.6370161422207676e-09,2.637016142466553e-09,2.6370161427123375e-09,2.6370161429581218e-09,2.6370161432039053e-09,2.637016143449689e-09,2.6370161436954722e-09,2.637016143941256e-09,2.6370161441870384e-09,2.6370161444328223e-09,2.637016144678604e-09,2.6370161449243876e-09,2.63701614517017e-09,2.6370161454159516e-09,2.637016145661733e-09,2.637016145907515e-09,2.637016146153294e-09,2.6370161463990728e-09,2.637016146644854e-09,2.6370161468906344e-09,2.6370161471364154e-09,2.637016147382195e-09,2.6370161476279753e-09,2.6370161478737546e-09,2.6370161481195336e-09,2.637016148365312e-09,2.6370161486110902e-09,2.6370161488568687e-09,2.6370161491026464e-09,2.637016149348424e-09,2.6370161495942022e-09,2.6370161498399795e-09,2.6370161500857568e-09,2.637016150331533e-09,2.63701615057731e-09,2.637016150823086e-09,2.6370161510688614e-09,2.6370161513146382e-09,2.637016151560413e-09,2.6370161518061882e-09,2.6370161520519634e-09,2.637016152297738e-09,2.637016152543513e-09,2.637016152789287e-09,2.6370161530350614e-09,2.6370161532808366e-09,2.637016153526609e-09,2.6370161537723825e-09,2.637016154018156e-09,2.6370161542639288e-09,2.637016154509701e-09,2.6370161547554734e-09,2.6370161550012457e-09,2.6370161552470172e-09,2.6370161554927887e-09,2.6370161557385594e-09,2.6370161559843313e-09,2.6370161562301036e-09,2.6370161564758734e-09,2.6370161567216445e-09,2.6370161569674143e-09,2.6370161572131833e-09,2.6370161574589536e-09,2.637016157704723e-09,2.6370161579504916e-09,2.637016158196261e-09,2.637016158442029e-09,2.6370161586877986e-09,2.637016158933567e-09,2.6370161591793338e-09,2.6370161594251024e-09,2.6370161596708693e-09,2.6370161599166375e-09,2.6370161601624044e-09,2.6370161604081718e-09,2.6370161606539375e-09,2.637016160899704e-09,2.6370161611454693e-09,2.6370161613912354e-09,2.637016161637001e-09,2.637016161882766e-09,2.637016162128531e-09,2.6370161623742945e-09,2.6370161626200598e-09,2.6370161628658234e-09,2.6370161631115874e-09,2.637016163357351e-09,2.6370161636031147e-09,2.6370161638488775e-09,2.637016164094641e-09,2.6370161643404044e-09,2.6370161645861663e-09,2.6370161648319275e-09,2.63701616507769e-09,2.637016165323452e-09,2.6370161655692134e-09,2.6370161658149746e-09,2.6370161660607357e-09,2.6370161663064965e-09,2.637016166552256e-09,2.637016166798018e-09,2.637016167043778e-09,2.6370161672895373e-09,2.6370161675352972e-09,2.637016167781056e-09,2.637016168026814e-09,2.6370161682725732e-09,2.6370161685183315e-09,2.6370161687640893e-09,2.6370161690098468e-09,2.6370161692556054e-09,2.6370161695013612e-09,2.6370161697471186e-09,2.637016169992876e-09,2.6370161702386327e-09,2.637016170484389e-09,2.6370161707301455e-09,2.637016170975902e-09,2.637016171221657e-09,2.6370161714674136e-09,2.637016171713168e-09,2.6370161719589243e-09,2.637016172204677e-09,2.637016172450432e-09,2.6370161726961867e-09,2.63701617294194e-09,2.6370161731876945e-09,2.6370161734334486e-09,2.6370161736792027e-09,2.637016173924955e-09,2.637016174170707e-09,2.6370161744164593e-09,2.6370161746622118e-09,2.6370161749079647e-09,2.6370161751537163e-09,2.6370161753994688e-09,2.6370161756452196e-09,2.637016175890971e-09,2.637016176136721e-09,2.6370161763824724e-09,2.6370161766282216e-09,2.6370161768739724e-09,2.6370161771197215e-09,2.6370161773654707e-09,2.6370161776112207e-09,2.637016177856968e-09,2.6370161781027173e-09,2.6370161783484665e-09,2.637016178594215e-09,2.637016178839962e-09,2.637016179085711e-09,2.637016179331459e-09,2.6370161795772065e-09,2.6370161798229523e-09,2.6370161800686994e-09,2.637016180314446e-09,2.6370161805601928e-09,2.637016180805938e-09,2.637016181051684e-09,2.6370161812974287e-09,2.6370161815431753e-09,2.6370161817889204e-09,2.637016182034665e-09,2.63701618228041e-09,2.6370161825261533e-09,2.6370161827718975e-09,2.6370161830176405e-09,2.637016183263385e-09,2.637016183509128e-09,2.6370161837548714e-09,2.637016184000615e-09,2.637016184246357e-09,2.6370161844921e-09,2.637016184737842e-09,2.6370161849835837e-09,2.6370161852293304e-09,2.637016185475069e-09,2.637016185720811e-09,2.6370161859665514e-09,2.6370161862122914e-09,2.6370161864580323e-09,2.6370161867037715e-09,2.637016186949511e-09,2.63701618719525e-09,2.63701618744099e-09,2.637016187686729e-09,2.637016187932468e-09,2.6370161881782073e-09,2.637016188423945e-09,2.6370161886696833e-09,2.6370161889154217e-09,2.6370161891611597e-09,2.637016189406897e-09,2.637016189652635e-09,2.637016189898372e-09,2.637016190144108e-09,2.6370161903898443e-09,2.6370161906355798e-09,2.6370161908813153e-09,2.637016191127051e-09,2.637016191372787e-09,2.637016191618522e-09,2.637016191864258e-09,2.637016192109992e-09,2.6370161923557263e-09,2.6370161926014597e-09,2.6370161928471952e-09,2.6370161930929287e-09,2.637016193338662e-09,2.6370161935843943e-09,2.637016193830127e-09,2.6370161940758603e-09,2.637016194321592e-09,2.6370161945673256e-09,2.6370161948130565e-09,2.6370161950587896e-09,2.63701619530452e-09,2.637016195550252e-09,2.637016195795983e-09,2.6370161960417142e-09,2.637016196287443e-09,2.6370161965331736e-09,2.6370161967789038e-09,2.637016197024633e-09,2.637016197270363e-09,2.6370161975160917e-09,2.637016197761822e-09,2.6370161980075503e-09,2.637016198253279e-09,2.6370161984990077e-09,2.637016198744735e-09,2.637016198990462e-09,2.6370161992361865e-09,2.6370161994819133e-09,2.63701619972764e-09,2.637016199973367e-09,2.6370162002190934e-09,2.63701620046482e-09,2.637016200710546e-09,2.6370162009562713e-09,2.637016201201998e-09,2.6370162014477233e-09,2.637016201693448e-09,2.637016201939173e-09,2.6370162021848968e-09,2.637016202430622e-09,2.637016202676346e-09,2.637016202922056e-09,2.6370162031677792e-09,2.637016203413501e-09,2.6370162036592238e-09,2.637016203904947e-09,2.6370162041506687e-09,2.6370162043963914e-09,2.637016204642113e-09,2.6370162048878347e-09,2.637016205133556e-09,2.6370162053792772e-09,2.637016205624998e-09,2.6370162058707197e-09,2.637016206116438e-09,2.6370162063621576e-09,2.6370162066078786e-09,2.637016206853597e-09,2.637016207099316e-09,2.637016207345035e-09,2.637016207590755e-09,2.637016207836473e-09,2.637016208082192e-09,2.637016208327911e-09,2.6370162085736283e-09,2.6370162088193473e-09,2.6370162090650637e-09,2.6370162093107815e-09,2.637016209556498e-09,2.637016209802216e-09,2.6370162100479317e-09,2.637016210293648e-09,2.637016210539364e-09,2.637016210785079e-09,2.6370162110307956e-09,2.6370162112765104e-09,2.6370162115222257e-09,2.6370162117679405e-09,2.6370162120136557e-09,2.6370162122593697e-09,2.637016212505083e-09,2.6370162127507973e-09,2.6370162129965105e-09,2.6370162132422224e-09,2.637016213487936e-09,2.63701621373365e-09,2.637016213979362e-09,2.637016214225074e-09,2.6370162144707862e-09,2.637016214716499e-09,2.63701621496221e-09,2.6370162152079216e-09,2.6370162154536323e-09,2.637016215699343e-09,2.637016215945053e-09,2.637016216190763e-09,2.637016216436473e-09,2.6370162166821833e-09,2.6370162169278927e-09,2.6370162171736018e-09,2.63701621741931e-09,2.637016217665019e-09,2.637016217910728e-09,2.6370162181564367e-09,2.6370162184021437e-09,2.6370162186478515e-09,2.6370162188935593e-09,2.6370162191392666e-09,2.637016219384974e-09,2.6370162196306814e-09,2.6370162198763875e-09,2.637016220122095e-09,2.637016220367801e-09,2.6370162206135064e-09,2.637016220859212e-09,2.6370162211049183e-09,2.6370162213506228e-09,2.6370162215963285e-09,2.637016221842033e-09,2.6370162220877362e-09,2.637016222333442e-09,2.637016222579146e-09,2.6370162228248493e-09,2.637016223070553e-09,2.6370162233162558e-09,2.6370162235619586e-09,2.6370162238076623e-09,2.6370162240533647e-09,2.6370162242990675e-09,2.6370162245447683e-09,2.6370162247904715e-09,2.6370162250361735e-09,2.637016225281874e-09,2.637016225527575e-09,2.637016225773276e-09,2.637016226018976e-09,2.6370162262646765e-09,2.6370162265103756e-09,2.6370162267560756e-09,2.6370162270017747e-09,2.637016227247474e-09,2.637016227493173e-09,2.6370162277388712e-09,2.6370162279845707e-09,2.637016228230269e-09,2.637016228475967e-09,2.6370162287216648e-09,2.6370162289673622e-09,2.637016229213059e-09,2.637016229458756e-09,2.637016229704454e-09,2.6370162299501504e-09,2.637016230195847e-09,2.6370162304415437e-09,2.637016230687239e-09,2.6370162309329344e-09,2.6370162311786306e-09,2.6370162314243256e-09,2.6370162316700206e-09,2.6370162319157143e-09,2.637016232161408e-09,2.6370162324071022e-09,2.6370162326527955e-09,2.6370162328984893e-09,2.637016233144183e-09,2.637016233389876e-09,2.637016233635569e-09,2.6370162338812613e-09,2.637016234126953e-09,2.6370162343726463e-09,2.6370162346183384e-09,2.6370162348640296e-09,2.6370162351097217e-09,2.637016235355412e-09,2.6370162356011026e-09,2.637016235846794e-09,2.637016236092484e-09,2.637016236338174e-09,2.6370162365838635e-09,2.637016236829553e-09,2.6370162370752414e-09,2.637016237320931e-09,2.63701623756662e-09,2.6370162378123094e-09,2.6370162380579965e-09,2.637016238303685e-09,2.637016238549374e-09,2.6370162387950632e-09,2.637016239040751e-09,2.63701623928644e-09,2.6370162395321283e-09,2.637016239777814e-09,2.6370162400235e-09,2.6370162402691876e-09,2.6370162405148726e-09,2.6370162407605585e-09,2.637016241006244e-09,2.6370162412519294e-09,2.6370162414976145e-09,2.637016241743299e-09,2.6370162419889838e-09,2.6370162422346684e-09,2.637016242480352e-09,2.637016242726035e-09,2.6370162429717194e-09,2.6370162432174024e-09,2.637016243463084e-09,2.6370162437087675e-09,2.6370162439544505e-09,2.637016244200132e-09,2.637016244445813e-09,2.6370162446914953e-09,2.6370162449371766e-09,2.6370162451828563e-09,2.637016245428537e-09,2.637016245674218e-09,2.6370162459198986e-09,2.6370162461655787e-09,2.6370162464112584e-09,2.6370162466569377e-09,2.6370162469026173e-09,2.6370162471482974e-09,2.6370162473939767e-09,2.637016247639655e-09,2.6370162478853327e-09,2.6370162481310107e-09,2.6370162483766888e-09,2.637016248622366e-09,2.637016248868045e-09,2.6370162491137216e-09,2.6370162493593984e-09,2.637016249605076e-09,2.637016249850752e-09,2.637016250096429e-09,2.6370162503421055e-09,2.637016250587781e-09,2.6370162508334565e-09,2.637016251079131e-09,2.6370162513248064e-09,2.637016251570481e-09,2.6370162518161554e-09,2.6370162520618297e-09,2.637016252307504e-09,2.637016252553177e-09,2.6370162527988505e-09,2.637016253044523e-09,2.637016253290198e-09,2.6370162535358697e-09,2.637016253781543e-09,2.6370162540272145e-09,2.6370162542728863e-09,2.6370162545185586e-09,2.6370162547642296e-09,2.637016255009901e-09,2.637016255255573e-09,2.637016255501244e-09,2.6370162557469143e-09,2.6370162559925845e-09,2.6370162562382547e-09,2.6370162564839244e-09,2.6370162567295933e-09,2.6370162569752635e-09,2.6370162572209316e-09,2.637016257466601e-09,2.6370162577122694e-09,2.6370162579579375e-09,2.637016258203604e-09,2.6370162584492737e-09,2.637016258694941e-09,2.637016258940609e-09,2.637016259186275e-09,2.637016259431943e-09,2.6370162596776104e-09,2.6370162599232765e-09,2.6370162601689425e-09,2.6370162604146085e-09,2.6370162606602733e-09,2.6370162609059393e-09,2.637016261151604e-09,2.6370162613972685e-09,2.6370162616429345e-09,2.6370162618885985e-09,2.6370162621342637e-09,2.6370162623799276e-09,2.6370162626255907e-09,2.6370162628712555e-09,2.637016263116918e-09,2.6370162633625818e-09,2.6370162636082453e-09,2.6370162638539076e-09,2.6370162640995703e-09,2.637016264345233e-09,2.637016264590895e-09,2.6370162648365577e-09,2.637016265082218e-09,2.637016265327879e-09,2.637016265573541e-09,2.6370162658192015e-09,2.6370162660648617e-09,2.637016266310522e-09,2.6370162665561818e-09,2.637016266801841e-09,2.6370162670475e-09,2.637016267293159e-09,2.6370162675388173e-09,2.637016267784476e-09,2.6370162680301333e-09,2.6370162682757923e-09,2.63701626852145e-09,2.637016268767109e-09,2.637016269012766e-09,2.637016269258423e-09,2.637016269504079e-09,2.637016269749736e-09,2.637016269995392e-09,2.6370162702410485e-09,2.6370162704867033e-09,2.637016270732359e-09,2.6370162709780147e-09,2.63701627122367e-09,2.6370162714693244e-09,2.63701627171498e-09,2.637016271960634e-09,2.6370162722062886e-09,2.6370162724519405e-09,2.637016272697593e-09,2.637016272943246e-09,2.6370162731888993e-09,2.637016273434552e-09,2.637016273680204e-09,2.6370162739258577e-09,2.6370162741715084e-09,2.63701627441716e-09,2.6370162746628115e-09,2.637016274908464e-09,2.637016275154114e-09,2.637016275399765e-09,2.6370162756454165e-09,2.6370162758910664e-09,2.637016276136716e-09,2.6370162763823653e-09,2.637016276628014e-09,2.6370162768736643e-09,2.6370162771193138e-09,2.637016277364962e-09,2.637016277610612e-09,2.63701627785626e-09,2.63701627810191e-09,2.6370162783475583e-09,2.6370162785932045e-09,2.637016278838852e-09,2.637016279084498e-09,2.637016279330146e-09,2.637016279575792e-09,2.6370162798214394e-09,2.637016280067087e-09,2.6370162803127326e-09,2.6370162805583784e-09,2.6370162808040246e-09,2.637016281049669e-09,2.637016281295315e-09,2.637016281540959e-09,2.6370162817866026e-09,2.637016282032247e-09,2.6370162822778917e-09,2.6370162825235353e-09,2.637016282769179e-09,2.6370162830148223e-09,2.6370162832604648e-09,2.6370162835061085e-09,2.637016283751751e-09,2.6370162839973925e-09,2.637016284243034e-09,2.6370162844886766e-09,2.637016284734319e-09,2.6370162849799623e-09,2.6370162852256035e-09,2.6370162854712427e-09,2.637016285716884e-09,2.6370162859625234e-09,2.637016286208164e-09,2.6370162864538046e-09,2.6370162866994438e-09,2.6370162869450837e-09,2.637016287190723e-09,2.637016287436361e-09,2.6370162876819995e-09,2.637016287927638e-09,2.6370162881732695e-09,2.637016288418907e-09,2.6370162886645453e-09,2.637016288910182e-09,2.6370162891558186e-09,2.6370162894014557e-09,2.6370162896470915e-09,2.637016289892729e-09,2.637016290138364e-09,2.6370162903840003e-09,2.6370162906296365e-09,2.6370162908752715e-09,2.637016291120907e-09,2.637016291366542e-09,2.6370162916121757e-09,2.637016291857809e-09,2.6370162921034445e-09,2.6370162923490787e-09,2.637016292594711e-09,2.6370162928403458e-09,2.6370162930859787e-09,2.6370162933316112e-09,2.6370162935772433e-09,2.6370162938228767e-09,2.6370162940685084e-09,2.6370162943141405e-09,2.6370162945597718e-09,2.6370162948054027e-09,2.637016295051034e-09,2.6370162952966656e-09,2.6370162955422957e-09,2.6370162957879257e-09,2.6370162960335558e-09,2.6370162962791866e-09,2.6370162965248163e-09,2.6370162967704463e-09,2.6370162970160747e-09,2.6370162972617035e-09,2.6370162975073315e-09,2.6370162977529594e-09,2.6370162979985874e-09,2.637016298244215e-09,2.6370162984898434e-09,2.6370162987354717e-09,2.6370162989810985e-09,2.6370162992267252e-09,2.6370162994723515e-09,2.6370162997179795e-09,2.637016299963604e-09,2.6370163002092313e-09,2.6370163004548572e-09,2.6370163007004815e-09,2.637016300946107e-09,2.6370163011917316e-09,2.6370163014373563e-09,2.637016301682982e-09,2.6370163019286065e-09,2.6370163021742295e-09,2.6370163024198537e-09,2.6370163026654767e-09,2.6370163029111006e-09,2.6370163031567244e-09,2.637016303402347e-09,2.6370163036479696e-09,2.6370163038935918e-09,2.6370163041392127e-09,2.637016304384836e-09,2.6370163046304563e-09,2.6370163048760785e-09,2.6370163051216994e-09,2.6370163053673208e-09,2.6370163056129413e-09,2.637016305858561e-09,2.6370163061041815e-09,2.637016306349802e-09,2.6370163065954205e-09,2.6370163068410402e-09,2.637016307086659e-09,2.6370163073322776e-09,2.6370163075778973e-09,2.637016307823515e-09,2.637016308069133e-09,2.637016308314751e-09,2.637016308560369e-09,2.637016308805986e-09,2.6370163090516043e-09,2.637016309297221e-09,2.637016309542837e-09,2.637016309788453e-09,2.637016310034069e-09,2.637016310279685e-09,2.6370163105253014e-09,2.637016310770916e-09,2.6370163110165317e-09,2.637016311262146e-09,2.637016311507761e-09,2.637016311753375e-09,2.6370163119989907e-09,2.6370163122446038e-09,2.6370163124902173e-09,2.637016312735831e-09,2.637016312981444e-09,2.6370163132270565e-09,2.63701631347267e-09,2.6370163137182835e-09,2.637016313963895e-09,2.6370163142095064e-09,2.6370163144551186e-09,2.6370163147007297e-09,2.6370163149463415e-09,2.6370163151919517e-09,2.6370163154375627e-09,2.6370163156831725e-09,2.6370163159287835e-09,2.637016316174394e-09,2.6370163164200022e-09,2.637016316665615e-09,2.6370163169112234e-09,2.6370163171568336e-09,2.637016317402442e-09,2.6370163176480507e-09,2.6370163178936592e-09,2.637016318139267e-09,2.6370163183848746e-09,2.6370163186304828e-09,2.63701631887609e-09,2.6370163191216974e-09,2.637016319367304e-09,2.6370163196129124e-09,2.6370163198585192e-09,2.6370163201041245e-09,2.63701632034973e-09,2.6370163205953374e-09,2.637016320840941e-09,2.6370163210865466e-09,2.6370163213321527e-09,2.6370163215777575e-09,2.6370163218233615e-09,2.637016322068966e-09,2.6370163223145694e-09,2.6370163225601726e-09,2.6370163228057766e-09,2.6370163230513797e-09,2.637016323296983e-09,2.6370163235425844e-09,2.6370163237881867e-09,2.6370163240337895e-09,2.637016324279391e-09,2.6370163245249933e-09,2.637016324770594e-09,2.637016325016195e-09,2.637016325261796e-09,2.6370163255073964e-09,2.6370163257529967e-09,2.6370163259985974e-09,2.6370163262441976e-09,2.6370163264897975e-09,2.637016326735396e-09,2.6370163269809955e-09,2.6370163272265937e-09,2.637016327472194e-09,2.637016327717792e-09,2.6370163279633896e-09,2.6370163282089886e-09,2.6370163284545864e-09,2.637016328700184e-09,2.6370163289457807e-09,2.637016329191378e-09,2.637016329436975e-09,2.637016329682571e-09,2.637016329928168e-09,2.637016330173763e-09,2.6370163304193587e-09,2.6370163306649557e-09,2.63701633091055e-09,2.6370163311561463e-09,2.6370163314017395e-09,2.6370163316473344e-09,2.6370163318929297e-09,2.6370163321385225e-09,2.6370163323841166e-09,2.6370163326297098e-09,2.637016332875304e-09,2.637016333120896e-09,2.6370163333664895e-09,2.637016333612082e-09,2.6370163338576747e-09,2.637016334103267e-09,2.6370163343488583e-09,2.6370163345944494e-09,2.6370163348400427e-09,2.637016335085633e-09,2.6370163353312234e-09,2.637016335576814e-09,2.6370163358224044e-09,2.637016336067995e-09,2.637016336313584e-09,2.637016336559174e-09,2.6370163368047633e-09,2.637016337050353e-09,2.637016337295942e-09,2.63701633754153e-09,2.6370163377871185e-09,2.6370163380327063e-09,2.6370163382782938e-09,2.6370163385238816e-09,2.6370163387694686e-09,2.637016339015056e-09,2.6370163392606443e-09,2.6370163395062318e-09,2.637016339751819e-09,2.6370163399974054e-09,2.6370163402429925e-09,2.6370163404885783e-09,2.637016340734164e-09,2.6370163409797486e-09,2.637016341225334e-09,2.6370163414709197e-09,2.6370163417165084e-09,2.6370163419620926e-09,2.6370163422076767e-09,2.6370163424532596e-09,2.637016342698844e-09,2.637016342944427e-09,2.6370163431900103e-09,2.6370163434355936e-09,2.6370163436811757e-09,2.637016343926758e-09,2.6370163441723403e-09,2.6370163444179236e-09,2.637016344663504e-09,2.6370163449090852e-09,2.6370163451546673e-09,2.6370163454002473e-09,2.6370163456458277e-09,2.6370163458914077e-09,2.637016346136988e-09,2.6370163463825677e-09,2.6370163466281464e-09,2.637016346873726e-09,2.6370163471193048e-09,2.637016347364883e-09,2.6370163476104623e-09,2.6370163478560406e-09,2.6370163481016194e-09,2.6370163483471973e-09,2.6370163485927744e-09,2.637016348838351e-09,2.6370163490839282e-09,2.637016349329504e-09,2.6370163495750824e-09,2.637016349820657e-09,2.6370163500662337e-09,2.637016350311811e-09,2.637016350557386e-09,2.637016350802961e-09,2.6370163510485368e-09,2.637016351294111e-09,2.637016351539685e-09,2.6370163517852606e-09,2.6370163520308352e-09,2.6370163522764095e-09,2.637016352521983e-09,2.6370163527675554e-09,2.637016353013128e-09,2.6370163532587013e-09,2.6370163535042747e-09,2.6370163537498477e-09,2.6370163539954194e-09,2.637016354240991e-09,2.637016354486563e-09,2.637016354732134e-09,2.637016354977706e-09,2.637016355223277e-09,2.637016355468847e-09,2.637016355714417e-09,2.637016355959987e-09,2.637016356205557e-09,2.637016356451128e-09,2.637016356696696e-09,2.6370163569422652e-09,2.6370163571878336e-09,2.637016357433402e-09,2.6370163576789705e-09,2.637016357924539e-09,2.6370163581701073e-09,2.637016358415675e-09,2.637016358661243e-09,2.6370163589068084e-09,2.6370163591523756e-09,2.6370163593979428e-09,2.637016359643509e-09,2.637016359889075e-09,2.637016360134641e-09,2.6370163603802078e-09,2.6370163606257724e-09,2.637016360871339e-09,2.6370163611169027e-09,2.637016361362467e-09,2.637016361608032e-09,2.637016361853596e-09,2.6370163620991606e-09,2.6370163623447245e-09,2.637016362590288e-09,2.6370163628358506e-09,2.637016363081415e-09,2.6370163633269775e-09,2.63701636357254e-09,2.637016363818103e-09,2.6370163640636645e-09,2.6370163643092276e-09,2.6370163645547894e-09,2.6370163648003503e-09,2.6370163650459126e-09,2.6370163652914727e-09,2.6370163655370337e-09,2.6370163657825926e-09,2.6370163660281535e-09,2.6370163662737145e-09,2.6370163665192747e-09,2.6370163667648336e-09,2.637016367010392e-09,2.6370163672559526e-09,2.637016367501511e-09,2.6370163677470696e-09,2.6370163679926273e-09,2.6370163682381858e-09,2.637016368483742e-09,2.6370163687293003e-09,2.6370163689748575e-09,2.6370163692204148e-09,2.6370163694659724e-09,2.637016369711529e-09,2.6370163699570857e-09,2.637016370202642e-09,2.6370163704481973e-09,2.6370163706937533e-09,2.6370163709393118e-09,2.6370163711848657e-09,2.63701637143042e-09,2.6370163716759736e-09,2.6370163719215292e-09,2.637016372167083e-09,2.637016372412637e-09,2.6370163726581914e-09,2.637016372903744e-09,2.6370163731492977e-09,2.6370163733948504e-09,2.6370163736404043e-09,2.6370163738859558e-09,2.637016374131508e-09,2.6370163743770604e-09,2.637016374622612e-09,2.6370163748681633e-09,2.6370163751137143e-09,2.6370163753592645e-09,2.637016375604815e-09,2.6370163758503666e-09,2.6370163760959164e-09,2.6370163763414654e-09,2.6370163765870156e-09,2.6370163768325654e-09,2.6370163770781144e-09,2.6370163773236617e-09,2.6370163775692115e-09,2.6370163778147605e-09,2.6370163780603087e-09,2.6370163783058572e-09,2.6370163785514046e-09,2.637016378796952e-09,2.6370163790424996e-09,2.6370163792880465e-09,2.637016379533594e-09,2.637016379779139e-09,2.637016380024685e-09,2.637016380270232e-09,2.6370163805157786e-09,2.637016380761324e-09,2.6370163810068687e-09,2.637016381252413e-09,2.637016381497959e-09,2.6370163817435024e-09,2.6370163819890477e-09,2.6370163822345913e-09,2.637016382480135e-09,2.6370163827256785e-09,2.637016382971222e-09,2.637016383216765e-09,2.6370163834623076e-09,2.637016383707851e-09,2.6370163839533936e-09,2.637016384198936e-09,2.6370163844444783e-09,2.6370163846900194e-09,2.6370163849355605e-09,2.637016385181101e-09,2.6370163854266415e-09,2.637016385672183e-09,2.6370163859177234e-09,2.6370163861632633e-09,2.6370163864088023e-09,2.6370163866543426e-09,2.6370163868998816e-09,2.637016387145421e-09,2.6370163873909598e-09,2.6370163876364984e-09,2.6370163878820374e-09,2.6370163881275753e-09,2.637016388373113e-09,2.63701638861865e-09,2.6370163888641883e-09,2.637016389109724e-09,2.6370163893552614e-09,2.6370163896007984e-09,2.637016389846334e-09,2.6370163900918707e-09,2.637016390337407e-09,2.6370163905829434e-09,2.6370163908284784e-09,2.6370163910740133e-09,2.637016391319549e-09,2.6370163915650844e-09,2.6370163918106176e-09,2.6370163920561525e-09,2.6370163923016866e-09,2.637016392547221e-09,2.637016392792754e-09,2.6370163930382876e-09,2.6370163932838213e-09,2.637016393529353e-09,2.6370163937748858e-09,2.6370163940204195e-09,2.637016394265951e-09,2.637016394511483e-09,2.6370163947570143e-09,2.6370163950025467e-09,2.6370163952480787e-09,2.63701639549361e-09,2.637016395739141e-09,2.6370163959846723e-09,2.6370163962302023e-09,2.6370163964757326e-09,2.6370163967212613e-09,2.6370163969667917e-09,2.63701639721232e-09,2.6370163974578496e-09,2.637016397703378e-09,2.637016397948907e-09,2.637016398194434e-09,2.6370163984399623e-09,2.63701639868549e-09,2.637016398931017e-09,2.6370163991765427e-09,2.6370163994220693e-09,2.6370163996675964e-09,2.6370163999131226e-09,2.63701640015865e-09,2.6370164004041763e-09,2.637016400649702e-09,2.6370164008952275e-09,2.6370164011407525e-09,2.637016401386277e-09,2.6370164016318013e-09,2.637016401877326e-09,2.63701640212285e-09,2.6370164023683738e-09,2.6370164026138967e-09,2.637016402859419e-09,2.6370164031049446e-09,2.6370164033504667e-09,2.6370164035959896e-09,2.637016403841512e-09,2.637016404087035e-09,2.637016404332556e-09,2.637016404578078e-09,2.6370164048235997e-09,2.637016405069121e-09,2.6370164053146422e-09,2.6370164055601626e-09,2.637016405805683e-09,2.637016406051203e-09,2.6370164062967236e-09,2.637016406542244e-09,2.637016406787763e-09,2.637016407033283e-09,2.6370164072788016e-09,2.6370164075243212e-09,2.637016407769839e-09,2.6370164080153575e-09,2.637016408260876e-09,2.637016408506394e-09,2.637016408751912e-09,2.6370164089974277e-09,2.6370164092429436e-09,2.637016409488461e-09,2.6370164097339783e-09,2.637016409979493e-09,2.6370164102250097e-09,2.637016410470511e-09,2.637016410716027e-09,2.637016410961542e-09,2.637016411207058e-09,2.637016411452573e-09,2.6370164116980885e-09,2.6370164119436035e-09,2.6370164121891174e-09,2.6370164124346303e-09,2.6370164126801446e-09,2.6370164129256576e-09,2.637016413171172e-09,2.637016413416685e-09,2.637016413662197e-09,2.6370164139077096e-09,2.637016414153222e-09,2.6370164143987347e-09,2.637016414644246e-09,2.6370164148897574e-09,2.6370164151352683e-09,2.6370164153807793e-09,2.63701641562629e-09,2.6370164158718015e-09,2.6370164161173112e-09,2.6370164163628213e-09,2.6370164166083165e-09,2.6370164168538275e-09,2.6370164170993367e-09,2.637016417344845e-09,2.637016417590354e-09,2.6370164178358604e-09,2.6370164180813685e-09,2.6370164183268777e-09,2.6370164185723858e-09,2.6370164188178905e-09,2.637016419063399e-09,2.6370164193089074e-09,2.637016419554414e-09,2.637016419799921e-09,2.637016420045427e-09,2.6370164202909333e-09,2.6370164205364393e-09,2.637016420781945e-09,2.63701642102745e-09,2.637016421272955e-09,2.63701642151846e-09,2.6370164217639646e-09,2.63701642200947e-09,2.6370164222549736e-09,2.6370164225004775e-09,2.6370164227459806e-09,2.637016422991485e-09,2.637016423236987e-09,2.6370164234824898e-09,2.6370164237279924e-09,2.637016423973495e-09,2.637016424218997e-09,2.6370164244644996e-09,2.637016424710001e-09,2.637016424955503e-09,2.6370164252010034e-09,2.637016425446505e-09,2.6370164256920054e-09,2.637016425937507e-09,2.637016426183008e-09,2.6370164264285076e-09,2.6370164266740073e-09,2.6370164269195067e-09,2.637016427165006e-09,2.637016427410505e-09,2.6370164276560043e-09,2.637016427901502e-09,2.637016428147001e-09,2.6370164283924986e-09,2.6370164286379967e-09,2.637016428883494e-09,2.6370164291289917e-09,2.6370164293744894e-09,2.6370164296199863e-09,2.637016429865481e-09,2.6370164301109788e-09,2.6370164303564736e-09,2.6370164306019704e-09,2.6370164308474665e-09,2.6370164310929613e-09,2.637016431338456e-09,2.6370164315839513e-09,2.6370164318294452e-09,2.63701643207494e-09,2.6370164323204344e-09,2.637016432565929e-09,2.6370164328114224e-09,2.637016433056916e-09,2.63701643330241e-09,2.637016433547903e-09,2.6370164337933958e-09,2.6370164340388885e-09,2.637016434284379e-09,2.637016434529872e-09,2.6370164347753634e-09,2.6370164350208545e-09,2.6370164352663455e-09,2.637016435511836e-09,2.637016435757328e-09,2.637016436002819e-09,2.6370164362483094e-09,2.6370164364938e-09,2.6370164367392895e-09,2.6370164369847793e-09,2.637016437230268e-09,2.6370164374757578e-09,2.6370164377212464e-09,2.637016437966735e-09,2.6370164382122227e-09,2.6370164384577105e-09,2.6370164387031987e-09,2.637016438948686e-09,2.6370164391941755e-09,2.637016439439661e-09,2.6370164396851485e-09,2.6370164399306342e-09,2.637016440176121e-09,2.637016440421607e-09,2.6370164406670938e-09,2.637016440912579e-09,2.6370164411580644e-09,2.63701644140355e-09,2.637016441649035e-09,2.637016441894519e-09,2.637016442140003e-09,2.637016442385487e-09,2.637016442630972e-09,2.637016442876457e-09,2.6370164431219396e-09,2.637016443367423e-09,2.637016443612906e-09,2.6370164438583893e-09,2.6370164441038712e-09,2.637016444349354e-09,2.6370164445948348e-09,2.6370164448403168e-09,2.637016445085799e-09,2.6370164453312803e-09,2.637016445576761e-09,2.637016445822243e-09,2.6370164460677233e-09,2.6370164463132024e-09,2.6370164465586823e-09,2.6370164468041635e-09,2.6370164470496426e-09,2.637016447295122e-09,2.6370164475406015e-09,2.6370164477860806e-09,2.6370164480315585e-09,2.637016448277037e-09,2.6370164485225154e-09,2.6370164487679936e-09,2.637016449013471e-09,2.637016449258949e-09,2.637016449504426e-09,2.6370164497499025e-09,2.637016449995379e-09,2.6370164502408557e-09,2.637016450486332e-09,2.6370164507318085e-09,2.637016450977284e-09,2.6370164512227592e-09,2.637016451468234e-09,2.6370164517137104e-09,2.637016451959185e-09,2.637016452204659e-09,2.6370164524501327e-09,2.637016452695608e-09,2.6370164529410818e-09,2.637016453186557e-09,2.6370164534320313e-09,2.6370164536775054e-09,2.6370164539229807e-09,2.6370164541684553e-09,2.637016454413928e-09,2.6370164546594e-09,2.637016454904872e-09,2.6370164551503426e-09,2.637016455395815e-09,2.637016455641286e-09,2.637016455886758e-09,2.6370164561322284e-09,2.637016456377698e-09,2.637016456623168e-09,2.637016456868639e-09,2.6370164571141087e-09,2.6370164573595783e-09,2.6370164576050466e-09,2.6370164578505166e-09,2.6370164580959857e-09,2.6370164583414537e-09,2.6370164585869224e-09,2.63701645883239e-09,2.6370164590778574e-09,2.637016459323324e-09,2.637016459568791e-09,2.637016459814258e-09,2.6370164600597258e-09,2.6370164603051916e-09,2.6370164605506575e-09,2.637016460796124e-09,2.637016461041589e-09,2.6370164612870546e-09,2.6370164615325196e-09,2.637016461777984e-09,2.6370164620234496e-09,2.637016462268914e-09,2.6370164625143776e-09,2.637016462759843e-09,2.6370164630053056e-09,2.6370164632507698e-09,2.6370164634962335e-09,2.6370164637416957e-09,2.6370164639871574e-09,2.6370164642326203e-09,2.6370164644780825e-09,2.6370164647235433e-09,2.637016464969005e-09,2.637016465214467e-09,2.637016465459928e-09,2.637016465705389e-09,2.63701646595085e-09,2.6370164661963107e-09,2.63701646644177e-09,2.637016466687231e-09,2.63701646693269e-09,2.6370164671781497e-09,2.6370164674236098e-09,2.6370164676690694e-09,2.637016467914529e-09,2.637016468159987e-09,2.637016468405446e-09,2.637016468650904e-09,2.6370164688963614e-09,2.637016469141818e-09,2.637016469387276e-09,2.6370164696327337e-09,2.63701646987819e-09,2.6370164701236472e-09,2.6370164703691027e-09,2.63701647061456e-09,2.637016470860015e-09,2.6370164711054713e-09,2.6370164713509276e-09,2.637016471596384e-09,2.6370164718418382e-09,2.637016472087293e-09,2.637016472332747e-09,2.6370164725782023e-09,2.6370164728236566e-09,2.6370164730691112e-09,2.637016473314565e-09,2.6370164735600177e-09,2.6370164738054707e-09,2.6370164740509233e-09,2.637016474296375e-09,2.6370164745418277e-09,2.6370164747872803e-09,2.6370164750327325e-09,2.637016475278184e-09,2.6370164755236353e-09,2.637016475769086e-09,2.637016476014537e-09,2.6370164762599877e-09,2.6370164765054395e-09,2.6370164767508884e-09,2.637016476996338e-09,2.637016477241788e-09,2.637016477487238e-09,2.6370164777326873e-09,2.6370164779781374e-09,2.6370164782235867e-09,2.637016478469035e-09,2.6370164787144837e-09,2.637016478959932e-09,2.6370164792053806e-09,2.6370164794508274e-09,2.6370164796962743e-09,2.637016479941721e-09,2.637016480187168e-09,2.637016480432615e-09,2.63701648067806e-09,2.637016480923508e-09,2.6370164811689527e-09,2.6370164814143995e-09,2.637016481659845e-09,2.6370164819052895e-09,2.6370164821507342e-09,2.637016482396178e-09,2.637016482641623e-09,2.6370164828870685e-09,2.637016483132512e-09,2.637016483377957e-09,2.6370164836234e-09,2.6370164838688438e-09,2.637016484114286e-09,2.6370164843597283e-09,2.637016484605171e-09,2.6370164848506124e-09,2.6370164850960543e-09,2.6370164853414953e-09,2.637016485586937e-09,2.6370164858323782e-09,2.637016486077819e-09,2.6370164863232595e-09,2.6370164865687e-09,2.63701648681414e-09,2.637016487059581e-09,2.63701648730502e-09,2.6370164875504592e-09,2.6370164877958986e-09,2.6370164880413376e-09,2.6370164882867765e-09,2.6370164885322155e-09,2.637016488777654e-09,2.6370164890230914e-09,2.6370164892685287e-09,2.6370164895139676e-09,2.6370164897594045e-09,2.6370164900048406e-09,2.6370164902502767e-09,2.6370164904957144e-09,2.6370164907411513e-09,2.637016490986587e-09,2.637016491232023e-09,2.637016491477458e-09,2.637016491722894e-09,2.637016491968328e-09,2.637016492213764e-09,2.637016492459199e-09,2.637016492704634e-09,2.6370164929500676e-09,2.6370164931955012e-09,2.637016493440935e-09,2.6370164936863684e-09,2.637016493931802e-09,2.6370164941772347e-09,2.6370164944226675e-09,2.6370164946680994e-09,2.6370164949135326e-09,2.637016495158964e-09,2.637016495404395e-09,2.6370164956498276e-09,2.6370164958952587e-09,2.63701649614069e-09,2.6370164963861205e-09,2.6370164966315507e-09,2.6370164968769814e-09,2.6370164971224113e-09,2.6370164973678408e-09,2.63701649761327e-09,2.6370164978586984e-09,2.6370164981041287e-09,2.637016498349556e-09,2.6370164985949855e-09,2.6370164988404137e-09,2.6370164990858424e-09,2.6370164993312706e-09,2.637016499576697e-09,2.6370164998221245e-09,2.6370165000675507e-09,2.6370165003129776e-09,2.637016500558404e-09,2.6370165008038303e-09,2.6370165010492565e-09,2.6370165012946834e-09,2.637016501540109e-09,2.637016501785534e-09,2.6370165020309598e-09,2.6370165022763847e-09,2.63701650252181e-09,2.6370165027672345e-09,2.6370165030126577e-09,2.6370165032580822e-09,2.637016503503504e-09,2.637016503748927e-09,2.6370165039943507e-09,2.637016504239774e-09,2.637016504485197e-09,2.6370165047306196e-09,2.6370165049760416e-09,2.637016505221464e-09,2.6370165054668857e-09,2.637016505712306e-09,2.637016505957728e-09,2.637016506203149e-09,2.6370165064485704e-09,2.637016506693991e-09,2.637016506939411e-09,2.63701650718483e-09,2.6370165074302514e-09,2.6370165076756705e-09,2.637016507921091e-09,2.6370165081665083e-09,2.637016508411928e-09,2.6370165086573473e-09,2.6370165089027656e-09,2.637016509148184e-09,2.6370165093936014e-09,2.6370165096390196e-09,2.6370165098844383e-09,2.637016510129855e-09,2.6370165103752716e-09,2.637016510620689e-09,2.637016510866105e-09,2.6370165111115223e-09,2.6370165113569373e-09,2.6370165116023523e-09,2.6370165118477685e-09,2.637016512093183e-09,2.6370165123385993e-09,2.637016512584013e-09,2.6370165128294276e-09,2.637016513074842e-09,2.6370165133202563e-09,2.6370165135656696e-09,2.637016513811083e-09,2.6370165140564975e-09,2.6370165143019108e-09,2.6370165145473233e-09,2.6370165147927358e-09,2.6370165150381483e-09,2.637016515283559e-09,2.6370165155289708e-09,2.6370165157743837e-09,2.6370165160197945e-09,2.637016516265206e-09,2.6370165165106166e-09,2.6370165167560266e-09,2.6370165170014375e-09,2.6370165172468487e-09,2.6370165174922587e-09,2.6370165177376683e-09,2.6370165179830783e-09,2.6370165182284863e-09,2.6370165184738955e-09,2.6370165187193047e-09,2.6370165189647126e-09,2.637016519210121e-09,2.6370165194555285e-09,2.637016519700936e-09,2.6370165199463436e-09,2.6370165201917507e-09,2.637016520437158e-09,2.6370165206825657e-09,2.6370165209279716e-09,2.6370165211733783e-09,2.637016521418784e-09,2.6370165216641896e-09,2.637016521909596e-09,2.6370165221550014e-09,2.637016522400392e-09,2.637016522645797e-09,2.6370165228912012e-09,2.6370165231366063e-09,2.6370165233820097e-09,2.6370165236274135e-09,2.637016523872817e-09,2.6370165241182215e-09,2.6370165243636233e-09,2.6370165246090234e-09,2.6370165248544234e-09,2.637016525099826e-09,2.6370165253452286e-09,2.637016525590629e-09,2.6370165258360312e-09,2.637016526081433e-09,2.637016526326833e-09,2.6370165265722344e-09,2.6370165268176345e-09,2.637016527063036e-09,2.6370165273084355e-09,2.6370165275538368e-09,2.6370165277992356e-09,2.6370165280446357e-09,2.637016528290036e-09,2.637016528535434e-09,2.6370165287808323e-09,2.6370165290262315e-09,2.6370165292716287e-09,2.6370165295170267e-09,2.6370165297624285e-09,2.6370165300078252e-09,2.6370165302532224e-09,2.6370165304986196e-09,2.6370165307440164e-09,2.637016530989414e-09,2.6370165312348104e-09,2.6370165314802055e-09,2.637016531725601e-09,2.6370165319709966e-09,2.6370165322163925e-09,2.6370165324617876e-09,2.6370165327071815e-09,2.6370165329525775e-09,2.6370165331979718e-09,2.6370165334433652e-09,2.6370165336887604e-09,2.637016533934154e-09,2.6370165341795465e-09,2.6370165344249395e-09,2.637016534670333e-09,2.6370165349157244e-09,2.6370165351611174e-09,2.6370165354065097e-09,2.637016535651901e-09,2.637016535897293e-09,2.6370165361426835e-09,2.637016536388075e-09,2.637016536633466e-09,2.637016536878857e-09,2.6370165371242474e-09,2.637016537369638e-09,2.637016537615027e-09,2.6370165378604175e-09,2.6370165381058064e-09,2.6370165383511953e-09,2.6370165385965842e-09,2.637016538841973e-09,2.637016539087361e-09,2.637016539332749e-09,2.6370165395781374e-09,2.6370165398235255e-09,2.6370165400689136e-09,2.6370165403143013e-09,2.6370165405596886e-09,2.637016540805075e-09,2.63701654105046e-09,2.6370165412958462e-09,2.6370165415412326e-09,2.637016541786619e-09,2.6370165420320043e-09,2.6370165422773895e-09,2.6370165425227747e-09,2.6370165427681595e-09,2.6370165430135434e-09,2.6370165432589294e-09,2.6370165435043134e-09,2.637016543749697e-09,2.6370165439950805e-09,2.637016544240464e-09,2.6370165444858455e-09,2.637016544731229e-09,2.637016544976612e-09,2.637016545221995e-09,2.637016545467376e-09,2.637016545712759e-09,2.6370165459581405e-09,2.6370165462035216e-09,2.6370165464489035e-09,2.6370165466942846e-09,2.637016546939665e-09,2.6370165471850467e-09,2.6370165474304257e-09,2.637016547675809e-09,2.6370165479211907e-09,2.63701654816657e-09,2.6370165484119507e-09,2.637016548657329e-09,2.637016548902708e-09,2.6370165491480856e-09,2.637016549393464e-09,2.6370165496388424e-09,2.637016549884221e-09,2.6370165501295983e-09,2.637016550374977e-09,2.637016550620353e-09,2.637016550865731e-09,2.6370165511111077e-09,2.6370165513564833e-09,2.63701655160186e-09,2.6370165518472364e-09,2.6370165520926112e-09,2.6370165523379873e-09,2.6370165525833626e-09,2.6370165528287366e-09,2.6370165530741127e-09,2.637016553319489e-09,2.6370165535648633e-09,2.637016553810237e-09,2.6370165540556105e-09,2.6370165543009825e-09,2.6370165545463565e-09,2.6370165547917305e-09,2.637016555037103e-09,2.6370165552824794e-09,2.637016555527852e-09,2.6370165557732246e-09,2.6370165560185957e-09,2.6370165562639673e-09,2.637016556509338e-09,2.6370165567547095e-09,2.637016557000081e-09,2.6370165572454518e-09,2.637016557490823e-09,2.637016557736192e-09,2.637016557981563e-09,2.637016558226932e-09,2.6370165584723017e-09,2.6370165587176716e-09,2.6370165589630402e-09,2.6370165592084097e-09,2.6370165594537796e-09,2.637016559699148e-09,2.6370165599445157e-09,2.6370165601898835e-09,2.6370165604352517e-09,2.637016560680618e-09,2.637016560925985e-09,2.6370165611713523e-09,2.637016561416719e-09,2.6370165616620855e-09,2.6370165619074516e-09,2.637016562152817e-09,2.6370165623981836e-09,2.6370165626435485e-09,2.6370165628889143e-09,2.6370165631342788e-09,2.6370165633796425e-09,2.6370165636250086e-09,2.637016563870372e-09,2.637016564115737e-09,2.637016564361101e-09,2.637016564606465e-09,2.6370165648518275e-09,2.637016565097192e-09,2.637016565342554e-09,2.6370165655879165e-09,2.637016565833279e-09,2.6370165660786414e-09,2.6370165663240034e-09,2.6370165665693647e-09,2.637016566814726e-09,2.637016567060087e-09,2.637016567305448e-09,2.6370165675508087e-09,2.637016567796174e-09,2.6370165680415327e-09,2.637016568286886e-09,2.637016568532246e-09,2.637016568777605e-09,2.6370165690229643e-09,2.6370165692683235e-09,2.6370165695136818e-09,2.637016569759032e-09,2.6370165700043906e-09,2.637016570249749e-09,2.637016570495106e-09,2.637016570740464e-09,2.637016570985821e-09,2.6370165712311776e-09,2.637016571476535e-09,2.6370165717218917e-09,2.637016571967248e-09,2.6370165722126054e-09,2.6370165724579617e-09,2.6370165727033188e-09,2.637016572948672e-09,2.637016573194028e-09,2.637016573439383e-09,2.6370165736847375e-09,2.6370165739300913e-09,2.6370165741754455e-09,2.6370165744207997e-09,2.637016574666152e-09,2.6370165749115064e-09,2.6370165751568593e-09,2.6370165754022114e-09,2.637016575647565e-09,2.637016575892916e-09,2.637016576138269e-09,2.6370165763836203e-09,2.637016576628972e-09,2.6370165768743236e-09,2.6370165771196733e-09,2.637016577365025e-09,2.6370165776103754e-09,2.637016577855726e-09,2.6370165781010747e-09,2.6370165783464264e-09,2.637016578591776e-09,2.6370165788371244e-09,2.637016579082474e-09,2.6370165793278224e-09,2.637016579573172e-09,2.6370165798185204e-09,2.6370165800638692e-09,2.637016580309216e-09,2.637016580554564e-09,2.6370165807999115e-09,2.637016581045259e-09,2.637016581290606e-09,2.637016581535953e-09,2.6370165817812992e-09,2.6370165820266493e-09,2.6370165822719886e-09,2.637016582517335e-09,2.6370165827626804e-09,2.637016583008027e-09,2.637016583253371e-09,2.6370165834987156e-09,2.6370165837440607e-09,2.637016583989405e-09,2.6370165842347496e-09,2.6370165844800943e-09,2.637016584725438e-09,2.6370165849707815e-09,2.6370165852161254e-09,2.63701658546147e-09,2.637016585706813e-09,2.6370165859521557e-09,2.6370165861974987e-09,2.63701658644284e-09,2.6370165866881814e-09,2.637016586933524e-09,2.6370165871788645e-09,2.6370165874242063e-09,2.6370165876695464e-09,2.637016587914888e-09,2.6370165881602274e-09,2.6370165884055676e-09,2.637016588650907e-09,2.6370165888962474e-09,2.637016589141587e-09,2.6370165893869264e-09,2.6370165896322657e-09,2.6370165898776037e-09,2.637016590122943e-09,2.6370165903682802e-09,2.6370165906136183e-09,2.637016590858956e-09,2.6370165911042935e-09,2.6370165913496303e-09,2.6370165915949667e-09,2.6370165918403035e-09,2.63701659208564e-09,2.637016592330977e-09,2.6370165925763135e-09,2.637016592821648e-09,2.6370165930669843e-09,2.6370165933123194e-09,2.637016593557655e-09,2.6370165938029893e-09,2.6370165940483232e-09,2.637016594293657e-09,2.637016594538991e-09,2.6370165947843237e-09,2.6370165950296584e-09,2.637016595274991e-09,2.6370165955203254e-09,2.6370165957656577e-09,2.63701659601099e-09,2.637016596256322e-09,2.6370165965016536e-09,2.6370165967469896e-09,2.637016596992321e-09,2.6370165972376533e-09,2.637016597482984e-09,2.637016597728315e-09,2.637016597973645e-09,2.6370165982189745e-09,2.6370165984643055e-09,2.6370165987096353e-09,2.637016598954967e-09,2.6370165992002952e-09,2.637016599445624e-09,2.637016599690953e-09,2.637016599936282e-09,2.63701660018161e-09,2.6370166004269387e-09,2.6370166006722664e-09,2.637016600917594e-09,2.63701660116292e-09,2.637016601408248e-09,2.6370166016535744e-09,2.637016601898901e-09,2.637016602144226e-09,2.6370166023895513e-09,2.6370166026348786e-09,2.6370166028802042e-09,2.6370166031255295e-09,2.6370166033708543e-09,2.637016603616179e-09,2.6370166038615047e-09,2.6370166041068295e-09,2.6370166043521523e-09,2.637016604597477e-09,2.6370166048428036e-09,2.6370166050881255e-09,2.637016605333449e-09,2.6370166055787734e-09,2.637016605824096e-09,2.6370166060694185e-09,2.637016606314741e-09,2.637016606560064e-09,2.6370166068053847e-09,2.637016607050708e-09,2.6370166072960285e-09,2.637016607541349e-09,2.6370166077866703e-09,2.63701660803199e-09,2.6370166082773112e-09,2.6370166085226315e-09,2.6370166087679542e-09,2.637016609013274e-09,2.637016609258593e-09,2.637016609503912e-09,2.637016609749232e-09,2.6370166099945514e-09,2.63701661023987e-09,2.6370166104851882e-09,2.6370166107305056e-09,2.6370166109758234e-09,2.6370166112211424e-09,2.63701661146646e-09,2.637016611711777e-09,2.637016611957095e-09,2.6370166122024102e-09,2.6370166124477267e-09,2.637016612693043e-09,2.637016612938353e-09,2.6370166131836677e-09,2.6370166134289846e-09,2.6370166136742995e-09,2.6370166139196152e-09,2.637016614164929e-09,2.637016614410244e-09,2.6370166146555582e-09,2.637016614900872e-09,2.6370166151461843e-09,2.6370166153914988e-09,2.637016615636812e-09,2.6370166158821256e-09,2.637016616127439e-09,2.637016616372751e-09,2.6370166166180637e-09,2.6370166168633757e-09,2.637016617108687e-09,2.637016617353998e-09,2.6370166175993096e-09,2.637016617844621e-09,2.637016618089933e-09,2.637016618335244e-09,2.637016618580554e-09,2.6370166188258646e-09,2.6370166190711745e-09,2.637016619316485e-09,2.637016619561794e-09,2.6370166198071034e-09,2.6370166200524113e-09,2.637016620297721e-09,2.637016620543029e-09,2.6370166207883373e-09,2.6370166210336456e-09,2.6370166212789535e-09,2.6370166215242613e-09,2.6370166217695675e-09,2.637016622014875e-09,2.637016622260182e-09,2.637016622505488e-09,2.637016622750795e-09,2.6370166229961e-09,2.6370166232414064e-09,2.6370166234867113e-09,2.637016623732017e-09,2.6370166239773225e-09,2.6370166242226262e-09,2.6370166244679304e-09,2.637016624713234e-09,2.637016624958539e-09,2.6370166252038436e-09,2.6370166254491485e-09,2.637016625694451e-09,2.637016625939754e-09,2.6370166261850572e-09,2.6370166264303593e-09,2.6370166266756618e-09,2.6370166269209642e-09,2.6370166271662667e-09,2.6370166274115688e-09,2.6370166276568704e-09,2.6370166279021704e-09,2.6370166281474717e-09,2.637016628392773e-09,2.6370166286380737e-09,2.6370166288833725e-09,2.637016629128673e-09,2.6370166293739737e-09,2.637016629619273e-09,2.637016629864573e-09,2.6370166301098712e-09,2.637016630355171e-09,2.637016630600469e-09,2.637016630845768e-09,2.6370166310910654e-09,2.637016631336363e-09,2.637016631581662e-09,2.6370166318269584e-09,2.6370166320722567e-09,2.637016632317553e-09,2.6370166325628493e-09,2.637016632808147e-09,2.637016633053444e-09,2.6370166332987394e-09,2.6370166335440352e-09,2.6370166337893307e-09,2.6370166340346257e-09,2.6370166342799207e-09,2.6370166345252158e-09,2.6370166347705096e-09,2.6370166350158046e-09,2.637016635261098e-09,2.6370166355063913e-09,2.6370166357516856e-09,2.637016635996979e-09,2.6370166362422727e-09,2.6370166364875653e-09,2.637016636732859e-09,2.6370166369781512e-09,2.637016637223442e-09,2.637016637468734e-09,2.637016637714026e-09,2.637016637959317e-09,2.6370166382046086e-09,2.6370166384499e-09,2.6370166386951904e-09,2.6370166389404813e-09,2.6370166391857714e-09,2.637016639431061e-09,2.637016639676351e-09,2.637016639921641e-09,2.637016640166929e-09,2.637016640412219e-09,2.6370166406575072e-09,2.6370166409027973e-09,2.6370166411480845e-09,2.637016641393372e-09,2.6370166416386605e-09,2.637016641883948e-09,2.6370166421292357e-09,2.637016642374522e-09,2.6370166426198084e-09,2.6370166428650943e-09,2.6370166431103815e-09,2.637016643355667e-09,2.637016643600953e-09,2.637016643846238e-09,2.637016644091524e-09,2.637016644336809e-09,2.6370166445820938e-09,2.6370166448273793e-09,2.637016645072664e-09,2.6370166453179483e-09,2.637016645563232e-09,2.637016645808515e-09,2.6370166460537986e-09,2.637016646299081e-09,2.6370166465443643e-09,2.6370166467896473e-09,2.6370166470349296e-09,2.6370166472802126e-09,2.6370166475254944e-09,2.637016647770776e-09,2.6370166480160584e-09,2.637016648261338e-09,2.63701664850662e-09,2.6370166487519e-09,2.63701664899718e-09,2.6370166492424604e-09,2.6370166494877405e-09,2.6370166497330207e-09,2.6370166499783e-09,2.6370166502235793e-09,2.6370166504688586e-09,2.6370166507141375e-09,2.6370166509594156e-09,2.637016651204694e-09,2.6370166514499726e-09,2.637016651695251e-09,2.6370166519405287e-09,2.6370166521858072e-09,2.637016652431084e-09,2.6370166526763605e-09,2.637016652921638e-09,2.637016653166915e-09,2.6370166534121906e-09,2.637016653657467e-09,2.637016653902744e-09,2.637016654148018e-09,2.637016654393294e-09,2.6370166546385698e-09,2.6370166548838437e-09,2.6370166551291185e-09,2.6370166553743933e-09,2.637016655619666e-09,2.6370166558649395e-09,2.637016656110214e-09,2.637016656355487e-09,2.63701665660076e-09,2.637016656846033e-09,2.6370166570913063e-09,2.637016657336579e-09,2.6370166575818492e-09,2.637016657827122e-09,2.6370166580723934e-09,2.637016658317664e-09,2.637016658562936e-09,2.6370166588082073e-09,2.6370166590534784e-09,2.637016659298748e-09,2.637016659544019e-09,2.6370166597892886e-09,2.637016660034557e-09,2.6370166602798266e-09,2.6370166605250972e-09,2.6370166607703658e-09,2.6370166610156356e-09,2.637016661260904e-09,2.6370166615061727e-09,2.63701666175144e-09,2.637016661996708e-09,2.6370166622419763e-09,2.6370166624872433e-09,2.637016662732511e-09,2.6370166629777775e-09,2.6370166632230436e-09,2.637016663468311e-09,2.6370166637135766e-09,2.6370166639588426e-09,2.6370166642041083e-09,2.637016664449374e-09,2.6370166646946396e-09,2.6370166649399045e-09,2.6370166651851693e-09,2.637016665430434e-09,2.6370166656756978e-09,2.6370166659209618e-09,2.6370166661662262e-09,2.63701666641149e-09,2.6370166666567534e-09,2.6370166669020158e-09,2.6370166671472777e-09,2.637016667392541e-09,2.637016667637803e-09,2.6370166678830656e-09,2.6370166681283284e-09,2.637016668373589e-09,2.6370166686188507e-09,2.6370166688641118e-09,2.6370166691093733e-09,2.6370166693546336e-09,2.637016669599895e-09,2.637016669845154e-09,2.6370166700904145e-09,2.6370166703356748e-09,2.6370166705809342e-09,2.6370166708261937e-09,2.637016671071453e-09,2.6370166713167106e-09,2.637016671561969e-09,2.6370166718072274e-09,2.6370166720524856e-09,2.637016672297744e-09,2.637016672543001e-09,2.6370166727882587e-09,2.6370166730335156e-09,2.637016673278773e-09,2.6370166735240296e-09,2.6370166737692866e-09,2.6370166740145423e-09,2.6370166742597977e-09,2.6370166745050542e-09,2.637016674750309e-09,2.6370166749955645e-09,2.6370166752408194e-09,2.637016675486074e-09,2.6370166757313284e-09,2.6370166759765813e-09,2.6370166762218366e-09,2.6370166764670915e-09,2.6370166767123443e-09,2.6370166769575976e-09,2.63701667720285e-09,2.637016677448103e-09,2.637016677693355e-09,2.6370166779386073e-09,2.6370166781838594e-09,2.637016678429112e-09,2.6370166786743634e-09,2.637016678919615e-09,2.6370166791648666e-09,2.637016679410117e-09,2.6370166796553674e-09,2.6370166799006173e-09,2.6370166801458673e-09,2.6370166803911176e-09,2.6370166806363667e-09,2.6370166808816167e-09,2.6370166811268662e-09,2.637016681372114e-09,2.637016681617363e-09,2.637016681862611e-09,2.6370166821078603e-09,2.6370166823531073e-09,2.637016682598356e-09,2.637016682843604e-09,2.637016683088851e-09,2.6370166833340976e-09,2.6370166835793447e-09,2.6370166838245913e-09,2.6370166840698375e-09,2.637016684315084e-09,2.63701668456033e-09,2.637016684805575e-09,2.637016685050821e-09,2.637016685296066e-09,2.6370166855413104e-09,2.637016685786555e-09,2.6370166860317995e-09,2.637016686277045e-09,2.637016686522287e-09,2.637016686767531e-09,2.6370166870127733e-09,2.637016687258018e-09,2.63701668750326e-09,2.6370166877485033e-09,2.6370166879937454e-09,2.6370166882389883e-09,2.6370166884842296e-09,2.637016688729472e-09,2.6370166889747125e-09,2.6370166892199546e-09,2.6370166894651946e-09,2.637016689710436e-09,2.6370166899556768e-09,2.6370166902009168e-09,2.6370166904461572e-09,2.6370166906913977e-09,2.637016690936637e-09,2.637016691181876e-09,2.637016691427115e-09,2.6370166916723545e-09,2.637016691917593e-09,2.6370166921628312e-09,2.63701669240807e-09,2.637016692653307e-09,2.6370166928985447e-09,2.6370166931437826e-09,2.6370166933890194e-09,2.6370166936342565e-09,2.6370166938794924e-09,2.637016694124729e-09,2.6370166943699666e-09,2.6370166946152013e-09,2.637016694860437e-09,2.637016695105673e-09,2.6370166953509085e-09,2.6370166955961428e-09,2.637016695841377e-09,2.637016696086613e-09,2.6370166963318463e-09,2.63701669657708e-09,2.637016696822314e-09,2.637016697067548e-09,2.6370166973127808e-09,2.6370166975580146e-09,2.6370166978032476e-09,2.6370166980484798e-09,2.6370166982937123e-09,2.637016698538945e-09,2.6370166987841763e-09,2.637016699029409e-09,2.6370166992746398e-09,2.6370166995198707e-09,2.637016699765102e-09,2.6370167000103326e-09,2.6370167002555635e-09,2.637016700500793e-09,2.6370167007460245e-09,2.6370167009912526e-09,2.6370167012364835e-09,2.637016701481712e-09,2.6370167017269408e-09,2.6370167019721684e-09,2.6370167022173973e-09,2.6370167024626257e-09,2.6370167027078533e-09,2.6370167029530818e-09,2.6370167031983106e-09,2.6370167034435374e-09,2.637016703688764e-09,2.6370167039339906e-09,2.6370167041792174e-09,2.6370167044244438e-09,2.6370167046696697e-09,2.637016704914896e-09,2.6370167051601212e-09,2.6370167054053476e-09,2.6370167056505723e-09,2.637016705895797e-09,2.6370167061410218e-09,2.637016706386247e-09,2.6370167066314712e-09,2.6370167068766943e-09,2.63701670712192e-09,2.6370167073671433e-09,2.637016707612367e-09,2.63701670785759e-09,2.637016708102812e-09,2.6370167083480344e-09,2.637016708593257e-09,2.6370167088384784e-09,2.6370167090837015e-09,2.6370167093289233e-09,2.637016709574144e-09,2.6370167098193658e-09,2.6370167100645863e-09,2.637016710309807e-09,2.637016710555028e-09,2.637016710800248e-09,2.6370167110454675e-09,2.6370167112906885e-09,2.6370167115359074e-09,2.6370167117811263e-09,2.6370167120263465e-09,2.6370167122715646e-09,2.637016712516784e-09,2.6370167127620012e-09,2.637016713007221e-09,2.637016713252438e-09,2.637016713497657e-09,2.6370167137428732e-09,2.6370167139880914e-09,2.637016714233308e-09,2.6370167144785243e-09,2.63701671472374e-09,2.6370167149689567e-09,2.637016715214172e-09,2.6370167154593884e-09,2.637016715704604e-09,2.6370167159498197e-09,2.6370167161950345e-09,2.6370167164402493e-09,2.6370167166854632e-09,2.637016716930677e-09,2.6370167171758907e-09,2.6370167174211047e-09,2.6370167176663183e-09,2.637016717911532e-09,2.637016718156746e-09,2.637016718401958e-09,2.637016718647171e-09,2.637016718892383e-09,2.637016719137594e-09,2.6370167193828057e-09,2.6370167196280193e-09,2.63701671987323e-09,2.6370167201184414e-09,2.6370167203636517e-09,2.6370167206088628e-09,2.637016720854073e-09,2.6370167210992824e-09,2.6370167213444927e-09,2.637016721589702e-09,2.6370167218349115e-09,2.6370167220801205e-09,2.6370167223253308e-09,2.637016722570539e-09,2.6370167228157475e-09,2.6370167230609557e-09,2.637016723306164e-09,2.6370167235513713e-09,2.6370167237965794e-09,2.6370167240417864e-09,2.6370167242869933e-09,2.6370167245322003e-09,2.6370167247774068e-09,2.6370167250226137e-09,2.6370167252678202e-09,2.6370167255130264e-09,2.637016725758232e-09,2.637016726003437e-09,2.6370167262486426e-09,2.637016726493847e-09,2.637016726739052e-09,2.637016726984256e-09,2.63701672722946e-09,2.6370167274746637e-09,2.637016727719867e-09,2.6370167279650705e-09,2.6370167282102746e-09,2.6370167284554778e-09,2.6370167287006798e-09,2.6370167289458834e-09,2.637016729191086e-09,2.6370167294362886e-09,2.6370167296814893e-09,2.6370167299266913e-09,2.637016730171892e-09,2.6370167304170936e-09,2.6370167306622943e-09,2.637016730907496e-09,2.637016731152695e-09,2.6370167313978965e-09,2.6370167316430964e-09,2.6370167318882955e-09,2.637016732133494e-09,2.637016732378695e-09,2.6370167326238924e-09,2.6370167328690923e-09,2.6370167331142897e-09,2.637016733359489e-09,2.6370167336046858e-09,2.6370167338498844e-09,2.637016734095082e-09,2.6370167343402793e-09,2.637016734585476e-09,2.6370167348306725e-09,2.63701673507587e-09,2.637016735321065e-09,2.637016735566262e-09,2.637016735811459e-09,2.637016736056654e-09,2.6370167363018488e-09,2.6370167365470437e-09,2.6370167367922383e-09,2.6370167370374332e-09,2.637016737282629e-09,2.6370167375278227e-09,2.6370167377730164e-09,2.6370167380182105e-09,2.6370167382634034e-09,2.6370167385085975e-09,2.63701673875379e-09,2.637016738998983e-09,2.6370167392441745e-09,2.6370167394893674e-09,2.6370167397345586e-09,2.6370167399797502e-09,2.637016740224942e-09,2.6370167404701343e-09,2.6370167407153247e-09,2.637016740960515e-09,2.6370167412057063e-09,2.6370167414508963e-09,2.637016741696087e-09,2.637016741941277e-09,2.6370167421864667e-09,2.6370167424316554e-09,2.6370167426768454e-09,2.6370167429220333e-09,2.637016743167221e-09,2.6370167434124096e-09,2.6370167436575983e-09,2.637016743902787e-09,2.637016744147974e-09,2.6370167443931612e-09,2.637016744638349e-09,2.637016744883536e-09,2.6370167451287225e-09,2.637016745373909e-09,2.6370167456190954e-09,2.6370167458642817e-09,2.637016746109467e-09,2.637016746354652e-09,2.637016746599838e-09,2.6370167468450234e-09,2.6370167470902084e-09,2.637016747335393e-09,2.6370167475805776e-09,2.6370167478257626e-09,2.6370167480709456e-09,2.6370167483161294e-09,2.637016748561313e-09,2.6370167488064953e-09,2.6370167490516795e-09,2.637016749296862e-09,2.637016749542044e-09,2.6370167497872254e-09,2.6370167500324084e-09,2.6370167502775897e-09,2.637016750522772e-09,2.6370167507679535e-09,2.6370167510131336e-09,2.6370167512583153e-09,2.637016751503495e-09,2.6370167517486754e-09,2.637016751993855e-09,2.637016752239035e-09,2.6370167524842135e-09,2.637016752729394e-09,2.6370167529745728e-09,2.6370167532197516e-09,2.6370167534649304e-09,2.637016753710109e-09,2.6370167539552876e-09,2.6370167542004644e-09,2.6370167544456428e-09,2.63701675469082e-09,2.637016754935998e-09,2.6370167551811734e-09,2.637016755426351e-09,2.6370167556715273e-09,2.637016755916703e-09,2.637016756161879e-09,2.6370167564070555e-09,2.637016756652231e-09,2.6370167568974065e-09,2.6370167571425816e-09,2.637016757387757e-09,2.6370167576329306e-09,2.6370167578781056e-09,2.6370167581232795e-09,2.637016758368453e-09,2.6370167586136276e-09,2.637016758858801e-09,2.637016759103975e-09,2.637016759349148e-09,2.6370167595943197e-09,2.6370167598394923e-09,2.637016760084665e-09,2.6370167603298367e-09,2.6370167605750085e-09,2.63701676082018e-09,2.6370167610653504e-09,2.6370167613105226e-09,2.6370167615556923e-09,2.6370167618008625e-09,2.637016762046034e-09,2.6370167622912027e-09,2.6370167625363745e-09,2.6370167627815442e-09,2.637016763026713e-09,2.6370167632718832e-09,2.6370167635170517e-09,2.637016763762221e-09,2.637016764007388e-09,2.6370167642525555e-09,2.637016764497724e-09,2.637016764742891e-09,2.6370167649880593e-09,2.6370167652332265e-09,2.6370167654783937e-09,2.63701676572356e-09,2.637016765968726e-09,2.637016766213892e-09,2.6370167664590573e-09,2.637016766704224e-09,2.6370167669493897e-09,2.6370167671945553e-09,2.63701676743972e-09,2.6370167676848848e-09,2.637016767930049e-09,2.637016768175214e-09,2.6370167684203778e-09,2.6370167686655417e-09,2.637016768910705e-09,2.6370167691558696e-09,2.6370167694010323e-09,2.6370167696461958e-09,2.637016769891358e-09,2.6370167701365207e-09,2.637016770381682e-09,2.637016770626845e-09,2.637016770872006e-09,2.6370167711171677e-09,2.6370167713623296e-09,2.6370167716074906e-09,2.6370167718526525e-09,2.6370167720978135e-09,2.6370167723429746e-09,2.637016772588134e-09,2.637016772833294e-09,2.6370167730784523e-09,2.6370167733236133e-09,2.637016773568772e-09,2.6370167738139312e-09,2.63701677405909e-09,2.6370167743042475e-09,2.637016774549406e-09,2.637016774794563e-09,2.637016775039721e-09,2.637016775284879e-09,2.637016775530037e-09,2.637016775775192e-09,2.63701677602035e-09,2.6370167762655068e-09,2.6370167765106624e-09,2.637016776755818e-09,2.637016777000974e-09,2.6370167772461302e-09,2.6370167774912846e-09,2.637016777736441e-09,2.6370167779815947e-09,2.6370167782267504e-09,2.6370167784719044e-09,2.6370167787170584e-09,2.637016778962212e-09,2.637016779207366e-09,2.637016779452519e-09,2.637016779697673e-09,2.6370167799428263e-09,2.6370167801879782e-09,2.6370167804331306e-09,2.6370167806782825e-09,2.637016780923434e-09,2.637016781168586e-09,2.637016781413738e-09,2.6370167816588878e-09,2.6370167819040405e-09,2.6370167821491908e-09,2.6370167823943423e-09,2.6370167826394913e-09,2.6370167828846416e-09,2.637016783129792e-09,2.637016783374941e-09,2.6370167836200916e-09,2.6370167838652407e-09,2.63701678411039e-09,2.6370167843555387e-09,2.6370167846006857e-09,2.6370167848458335e-09,2.637016785090982e-09,2.6370167853361303e-09,2.6370167855812777e-09,2.6370167858264255e-09,2.637016786071573e-09,2.6370167863167207e-09,2.637016786561866e-09,2.6370167868070126e-09,2.6370167870521583e-09,2.6370167872973036e-09,2.6370167875424497e-09,2.637016787787596e-09,2.63701678803274e-09,2.6370167882778844e-09,2.637016788523031e-09,2.6370167887681734e-09,2.6370167890133175e-09,2.6370167892584624e-09,2.637016789503606e-09,2.6370167897487493e-09,2.6370167899938917e-09,2.6370167902390358e-09,2.637016790484178e-09,2.63701679072932e-09,2.637016790974463e-09,2.637016791219604e-09,2.637016791464746e-09,2.6370167917098874e-09,2.6370167919550294e-09,2.637016792200171e-09,2.6370167924453105e-09,2.6370167926904513e-09,2.6370167929355916e-09,2.6370167931807324e-09,2.637016793425872e-09,2.637016793671013e-09,2.6370167939161514e-09,2.6370167941612897e-09,2.6370167944064284e-09,2.6370167946515675e-09,2.6370167948967058e-09,2.6370167951418436e-09,2.6370167953869828e-09,2.63701679563212e-09,2.637016795877257e-09,2.637016796122394e-09,2.6370167963675313e-09,2.637016796612668e-09,2.6370167968578046e-09,2.6370167971029412e-09,2.637016797348077e-09,2.637016797593212e-09,2.637016797838349e-09,2.637016798083484e-09,2.6370167983286194e-09,2.6370167985737548e-09,2.6370167988188894e-09,2.6370167990640235e-09,2.637016799309158e-09,2.6370167995542914e-09,2.6370167997994255e-09,2.6370168000445576e-09,2.637016800289692e-09,2.6370168005348255e-09,2.637016800779957e-09,2.6370168010250896e-09,2.6370168012702226e-09,2.6370168015153542e-09,2.637016801760487e-09,2.6370168020056176e-09,2.6370168022507496e-09,2.6370168024958805e-09,2.6370168027410117e-09,2.6370168029861417e-09,2.6370168032312717e-09,2.6370168034764026e-09,2.637016803721533e-09,2.6370168039666626e-09,2.637016804211791e-09,2.63701680445692e-09,2.6370168047020485e-09,2.6370168049471773e-09,2.637016805192306e-09,2.6370168054374336e-09,2.637016805682562e-09,2.637016805927689e-09,2.637016806172817e-09,2.637016806417944e-09,2.6370168066630716e-09,2.6370168069081983e-09,2.6370168071533255e-09,2.637016807398451e-09,2.6370168076435776e-09,2.6370168078887027e-09,2.6370168081338285e-09,2.637016808378954e-09,2.6370168086240786e-09,2.6370168088692033e-09,2.6370168091143267e-09,2.6370168093594513e-09,2.637016809604575e-09,2.6370168098496985e-09,2.637016810094822e-09,2.637016810339946e-09,2.6370168105850683e-09,2.637016810830191e-09,2.637016811075314e-09,2.637016811320435e-09,2.6370168115655556e-09,2.637016811810678e-09,2.6370168120557987e-09,2.63701681230092e-09,2.637016812546041e-09,2.637016812791161e-09,2.6370168130362824e-09,2.6370168132814016e-09,2.6370168135265213e-09,2.6370168137716414e-09,2.6370168140167602e-09,2.6370168142618787e-09,2.6370168145069975e-09,2.6370168147521163e-09,2.6370168149972348e-09,2.637016815242354e-09,2.6370168154874716e-09,2.637016815732589e-09,2.637016815977707e-09,2.637016816222824e-09,2.637016816467941e-09,2.637016816713058e-09,2.6370168169581748e-09,2.6370168172032916e-09,2.6370168174484063e-09,2.6370168176935222e-09,2.6370168179386365e-09,2.637016818183753e-09,2.6370168184288692e-09,2.6370168186739848e-09,2.6370168189191e-09,2.637016819164214e-09,2.6370168194093293e-09,2.637016819654444e-09,2.637016819899558e-09,2.637016820144672e-09,2.6370168203897865e-09,2.6370168206348995e-09,2.637016820880013e-09,2.637016821125126e-09,2.637016821370239e-09,2.6370168216153518e-09,2.6370168218604656e-09,2.6370168221055775e-09,2.6370168223506884e-09,2.6370168225958e-09,2.6370168228409125e-09,2.637016823086023e-09,2.637016823331134e-09,2.637016823576244e-09,2.6370168238213544e-09,2.6370168240664645e-09,2.6370168243115747e-09,2.637016824556685e-09,2.6370168248017938e-09,2.637016825046903e-09,2.637016825292013e-09,2.6370168255371217e-09,2.637016825782229e-09,2.637016826027338e-09,2.6370168262724456e-09,2.6370168265175545e-09,2.6370168267626618e-09,2.6370168270077695e-09,2.6370168272528763e-09,2.6370168274979828e-09,2.637016827743089e-09,2.637016827988196e-09,2.6370168282333025e-09,2.637016828478409e-09,2.6370168287235137e-09,2.6370168289686197e-09,2.6370168292137245e-09,2.6370168294588293e-09,2.6370168297039337e-09,2.6370168299490393e-09,2.6370168301941436e-09,2.637016830439248e-09,2.6370168306843515e-09,2.6370168309294555e-09,2.6370168311745586e-09,2.6370168314196618e-09,2.637016831664764e-09,2.637016831909868e-09,2.63701683215497e-09,2.637016832400071e-09,2.637016832645174e-09,2.6370168328902756e-09,2.637016833135377e-09,2.6370168333804785e-09,2.6370168336255796e-09,2.6370168338706806e-09,2.6370168341157796e-09,2.63701683436088e-09,2.637016834605979e-09,2.6370168348510787e-09,2.637016835096179e-09,2.637016835341278e-09,2.637016835586377e-09,2.6370168358314763e-09,2.637016836076575e-09,2.637016836321674e-09,2.6370168365667708e-09,2.637016836811869e-09,2.6370168370569675e-09,2.6370168373020636e-09,2.637016837547161e-09,2.6370168377922583e-09,2.637016838037355e-09,2.6370168382824513e-09,2.637016838527547e-09,2.637016838772643e-09,2.6370168390177396e-09,2.637016839262835e-09,2.637016839507931e-09,2.637016839753026e-09,2.6370168399981207e-09,2.6370168402432147e-09,2.6370168404883096e-09,2.637016840733404e-09,2.6370168409784976e-09,2.6370168412235913e-09,2.6370168414686845e-09,2.6370168417137777e-09,2.6370168419588704e-09,2.6370168422039624e-09,2.637016842449056e-09,2.637016842694148e-09,2.6370168429392395e-09,2.637016843184331e-09,2.637016843429422e-09,2.6370168436745133e-09,2.637016843919604e-09,2.637016844164695e-09,2.637016844409785e-09,2.6370168446548762e-09,2.6370168448999657e-09,2.637016845145057e-09,2.637016845390145e-09,2.637016845635234e-09,2.6370168458803236e-09,2.6370168461254123e-09,2.6370168463705018e-09,2.63701684661559e-09,2.637016846860679e-09,2.637016847105766e-09,2.6370168473508526e-09,2.6370168475959405e-09,2.637016847841027e-09,2.6370168480861136e-09,2.637016848331202e-09,2.637016848576288e-09,2.637016848821374e-09,2.6370168490664596e-09,2.6370168493115457e-09,2.637016849556631e-09,2.637016849801716e-09,2.6370168500468018e-09,2.637016850291887e-09,2.637016850536972e-09,2.637016850782057e-09,2.6370168510271402e-09,2.637016851272224e-09,2.6370168515173084e-09,2.637016851762393e-09,2.637016852007475e-09,2.6370168522525583e-09,2.6370168524976407e-09,2.6370168527427236e-09,2.637016852987806e-09,2.6370168532328877e-09,2.63701685347797e-09,2.637016853723051e-09,2.637016853968132e-09,2.6370168542132133e-09,2.637016854458294e-09,2.637016854703375e-09,2.6370168549484553e-09,2.637016855193536e-09,2.6370168554386156e-09,2.6370168556836948e-09,2.6370168559287747e-09,2.637016856173853e-09,2.6370168564189314e-09,2.637016856664011e-09,2.6370168569090896e-09,2.6370168571541675e-09,2.637016857399246e-09,2.6370168576443225e-09,2.6370168578894e-09,2.6370168581344775e-09,2.637016858379556e-09,2.637016858624633e-09,2.637016858869709e-09,2.6370168591147845e-09,2.637016859359861e-09,2.637016859604937e-09,2.637016859850013e-09,2.6370168600950883e-09
11,1.9035293046784112e-24,2.6316850672275988e-24,3.2363771032009776e-24,3.793857994988637e-24,4.32278781787212e-24,4.8335671781960796e-24,5.332760860017805e-24,5.824556866160559e-24,6.31162919560831e-24,6.795685284903969e-24,7.277815394356609e-24,7.758715695101999e-24,8.238830717921432e-24,8.718444312004842e-24,9.197737725468876e-24,9.676826691872219e-24,1.01557851113356e-23,1.0634660171792819e-23,1.111348200447233e-23,1.1592269849263371e-23,1.2071035991542185e-23,1.2549788275971796e-23,1.302853171165743e-23,1.350726949709501e-23,1.3986003674642383e-23,1.4464735548420054e-23,1.4943465951155948e-23,1.542219541457774e-23,1.590092427821252e-23,1.6379652758862147e-23,1.6858380994962185e-23,1.733710907490735e-23,1.7815837055142244e-23,1.8294564971708177e-23,1.877329284761965e-23,1.9252020697571362e-23,1.9730748530947222e-23,2.0209476353738227e-23,2.0688204169770913e-23,2.1166931981487913e-23,2.1645659790449295e-23,2.2124387597651065e-23,2.260311540372903e-23,2.3081843209089903e-23,2.3560571013992623e-23,2.4039298818603034e-23,2.451802662302694e-23,2.4996754427329923e-23,2.5475482231557796e-23,2.5954210035736932e-23,2.6432937839885232e-23,2.6911665644013684e-23,2.739039344812904e-23,2.7869121252236357e-23,2.834784905633982e-23,2.8826576860439135e-23,2.930530466453641e-23,2.978403246863188e-23,3.0262760272726804e-23,3.074148807682107e-23,3.1220215880915294e-23,3.169894368500937e-23,3.217767148910294e-23,3.2656399293196527e-23,3.3135127097290063e-23,3.361385490138316e-23,3.4092582705476937e-23,3.457131050956976e-23,3.505003831366356e-23,3.552876611775688e-23,3.600749392185008e-23,3.648622172594311e-23,3.696494953003652e-23,3.7443677334130283e-23,3.792240513822392e-23,3.8401132942317157e-23,3.887986074641055e-23,3.935858855050376e-23,3.983731635459728e-23,4.031604415869088e-23,4.079477196278371e-23,4.127349976687754e-23,4.1752227570970826e-23,4.2230955375065156e-23,4.2709683179157676e-23,4.318841098325155e-23,4.366713878734456e-23,4.4145866591437734e-23,4.462459439553075e-23,4.510332219962414e-23,4.5582050003717686e-23,4.606077780781168e-23,4.6539505611904865e-23,4.701823341599831e-23,4.7496961220091427e-23,4.7975689024185263e-23,4.8454416828279047e-23,4.893314463237193e-23,4.9411872436465303e-23,4.989060024055892e-23,5.03693280446524e-23,5.0848055848746196e-23,5.132678365284028e-23,5.180551145693298e-23,5.2284239261027205e-23,5.2762967065120125e-23,5.324169486921359e-23,5.372042267330716e-23,5.419915047739972e-23,5.467787828149275e-23,5.515660608558546e-23,5.563533388967894e-23,5.611406169377297e-23,5.659278949786665e-23,5.707151730195942e-23,5.755024510605351e-23,5.802897291014673e-23,5.850770071424014e-23,5.898642851833376e-23,5.946515632242701e-23,5.994388412652148e-23,6.042261193061338e-23,6.090133973470707e-23,6.138006753880039e-23,6.185879534289415e-23,6.233752314698747e-23,6.281625095108046e-23,6.329497875517494e-23,6.377370655926734e-23,6.425243436336126e-23,6.473116216745534e-23,6.520988997154728e-23,6.568861777564059e-23,6.616734557973459e-23,6.664607338382792e-23,6.712480118792115e-23,6.760352899201495e-23,6.808225679610776e-23,6.856098460020086e-23,6.903971240429538e-23,6.951844020838691e-23,6.999716801248134e-23,7.047589581657502e-23,7.095462362066919e-23,7.14333514247625e-23,7.191207922885492e-23,7.239080703294887e-23,7.286953483704242e-23,7.334826264113559e-23,7.382699044522879e-23,7.430571824932124e-23,7.478444605341568e-23,7.526317385751007e-23,7.574190166160216e-23,7.622062946569524e-23,7.669935726978941e-23,7.717808507388287e-23,7.765681287797713e-23,7.813554068206917e-23,7.861426848616178e-23,7.909299629025563e-23,7.957172409434952e-23,8.005045189844315e-23,8.052917970253735e-23,8.100790750663099e-23,8.148663531072298e-23,8.196536311481691e-23,8.244409091891084e-23,8.292281872300348e-23,8.340154652709822e-23,8.388027433119107e-23,8.435900213528346e-23,8.483772993937727e-23,8.531645774347148e-23,8.57951855475638e-23,8.627391335165717e-23,8.675264115575049e-23,8.723136895984439e-23,8.771009676393887e-23,8.818882456803169e-23,8.866755237212437e-23,8.914628017621773e-23,8.962500798031141e-23,9.010373578440457e-23,9.058246358849887e-23,9.106119139259153e-23,9.153991919668488e-23,9.201864700077854e-23,9.249737480487155e-23,9.297610260896572e-23,9.34548304130591e-23,9.393355821715179e-23,9.44122860212468e-23,9.489101382533932e-23,9.536974162943147e-23,9.584846943352511e-23,9.632719723762003e-23,9.680592504171193e-23,9.728465284580542e-23,9.776338064989733e-23,9.824210845399169e-23,9.872083625808384e-23,9.919956406217646e-23,9.967829186626899e-23,1.0015701967036318e-22,1.0063574747445681e-22,1.0111447527855047e-22,1.0159320308264585e-22,1.0207193088673879e-22,1.0255065869083228e-22,1.0302938649492612e-22,1.0350811429901838e-22,1.0398684210311291e-22,1.0446556990720533e-22,1.0494429771129863e-22,1.0542302551539311e-22,1.0590175331948685e-22,1.0638048112357957e-22,1.06859208927672e-22,1.073379367317674e-22,1.078166645358599e-22,1.0829539233995243e-22,1.08774120144046e-22,1.092528479481395e-22,1.0973157575223324e-22,1.102103035563271e-22,1.1068903136042094e-22,1.1116775916451477e-22,1.1164648696860748e-22,1.1212521477270178e-22,1.1260394257679326e-22,1.130826703808868e-22,1.1356139818498054e-22,1.1404012598907487e-22,1.1451885379316747e-22,1.1499758159726048e-22,1.1547630940135514e-22,1.1595503720544937e-22,1.164337650095432e-22,1.1691249281363552e-22,1.1739122061772907e-22,1.1786994842182031e-22,1.1834867622591393e-22,1.1882740403000892e-22,1.193061318341021e-22,1.1978485963819564e-22,1.2026358744228813e-22,1.207423152463813e-22,1.2122104305047541e-22,1.216997708545682e-22,1.2217849865866298e-22,1.2265722646275481e-22,1.2313595426685008e-22,1.236146820709417e-22,1.2409340987503579e-22,1.2457213767912962e-22,1.2505086548322333e-22,1.2552959328731591e-22,1.260083210914095e-22,1.264870488955022e-22,1.2696577669959593e-22,1.2744450450368957e-22,1.2792323230778471e-22,1.2840196011187605e-22,1.288806879159695e-22,1.293594157200632e-22,1.2983814352415632e-22,1.303168713282491e-22,1.3079559913234365e-22,1.3127432693643864e-22,1.3175305474053066e-22,1.322317825446237e-22,1.3271051034871785e-22,1.3318923815281003e-22,1.3366796595690255e-22,1.341466937609963e-22,1.346254215650901e-22,1.351041493691836e-22,1.3558287717327505e-22,1.3606160497737015e-22,1.3654033278146203e-22,1.3701906058555553e-22,1.3749778838964802e-22,1.3797651619374143e-22,1.3845524399783782e-22,1.3893397180192986e-22,1.3941269960602362e-22,1.3989142741011708e-22,1.4037015521420943e-22,1.4084888301830187e-22,1.4132761082239631e-22,1.4180633862649012e-22,1.4228506643058548e-22,1.4276379423467604e-22,1.4324252203877065e-22,1.4372124984286615e-22,1.4419997764695829e-22,1.446787054510541e-22,1.4515743325514392e-22,1.4563616105923853e-22,1.4611488886333253e-22,1.4659361666742593e-22,1.4707234447151875e-22,1.4755107227561197e-22,1.4802980007970597e-22,1.4850852788379792e-22,1.4898725568789194e-22,1.4946598349198534e-22,1.4994471129608096e-22,1.5042343910017286e-22,1.509021669042664e-22,1.5138089470836024e-22,1.5185962251245412e-22,1.5233835031654558e-22,1.5281707812063997e-22,1.5329580592473232e-22,1.5377453372882622e-22,1.5425326153292193e-22,1.5473198933701428e-22,1.552107171411061e-22,1.5568944494519943e-22,1.5616817274929385e-22,1.5664690055338631e-22,1.5712562835748146e-22,1.576043561615744e-22,1.5808308396566905e-22,1.5856181176976248e-22,1.5904053957385664e-22,1.595192673779502e-22,1.5999799518204459e-22,1.6047672298613677e-22,1.609554507902307e-22,1.614341785943249e-22,1.619129063984189e-22,1.6239163420251059e-22,1.6287036200660423e-22,1.633490898106997e-22,1.638278176147906e-22,1.6430654541888462e-22,1.647852732229798e-22,1.6526400102707308e-22,1.6574272883116395e-22,1.6622145663525766e-22,1.66700184439352e-22,1.671789122434438e-22,1.67657640047539e-22,1.681363678516331e-22,1.6861509565572425e-22,1.6909382345981923e-22,1.6957255126391142e-22,1.7005127906800706e-22,1.7053000687210112e-22,1.7100873467619194e-22,1.714874624802863e-22,1.7196619028437944e-22,1.7244491808847337e-22,1.7292364589256517e-22,1.7340237369666114e-22,1.7388110150075225e-22,1.743598293048467e-22,1.748385571089364e-22,1.7531728491303078e-22,1.757960127171242e-22,1.762747405212183e-22,1.7675346832531208e-22,1.7723219612940572e-22,1.7771092393349643e-22,1.7818965173759132e-22,1.7866837954168477e-22,1.7914710734577672e-22,1.796258351498688e-22,1.8010456295396377e-22,1.8058329075805565e-22,1.8106201856214816e-22,1.815407463662456e-22,1.8201947417033564e-22,1.8249820197442862e-22,1.829769297785218e-22,1.8345565758261426e-22,1.8393438538670804e-22,1.8441311319080307e-22,1.8489184099489639e-22,1.8537056879899095e-22,1.8584929660308275e-22,1.8632802440717966e-22,1.8680675221127143e-22,1.872854800153639e-22,1.8776420781945627e-22,1.882429356235536e-22,1.887216634276452e-22,1.8920039123173696e-22,1.8967911903582945e-22,1.901578468399229e-22,1.906365746440199e-22,1.911153024481122e-22,1.9159403025220653e-22,1.9207275805629964e-22,1.9255148586039316e-22,1.9303021366448457e-22,1.9350894146857892e-22,1.9398766927266997e-22,1.9446639707676467e-22,1.949451248808575e-22,1.9542385268495006e-22,1.9590258048904445e-22,1.9638130829313758e-22,1.9686003609723108e-22,1.973387639013252e-22,1.9781749170541773e-22,1.9829621950951396e-22,1.9877494731360645e-22,1.9925367511770049e-22,1.9973240292179441e-22,2.0021113072588599e-22,2.0068985852997993e-22,2.0116858633407036e-22,2.0164731413816468e-22,2.0212604194226042e-22,2.0260476974635403e-22,2.0308349755044697e-22,2.0356222535453829e-22,2.040409531586336e-22,2.0451968096272783e-22,2.0499840876682121e-22,2.0547713657091636e-22,2.059558643750078e-22,2.0643459217910082e-22,2.069133199831989e-22,2.0739204778728623e-22,2.0787077559138173e-22,2.0834950339547375e-22,2.088282311995685e-22,2.0930695900366277e-22,2.0978568680775463e-22,2.1026441461184775e-22,2.1074314241594384e-22,2.112218702200358e-22,2.117005980241283e-22,2.1217932582822413e-22,2.1265805363231662e-22,2.1313678143641203e-22,2.1361550924050283e-22,2.1409423704459475e-22,2.1457296484868743e-22,2.150516926527772e-22,2.1553042045687335e-22,2.160091482609682e-22,2.164878760650578e-22,2.1696660386915557e-22,2.1744533167324915e-22,2.179240594773419e-22,2.184027872814369e-22,2.188815150855318e-22,2.1936024288962273e-22,2.198389706937188e-22,2.203176984978119e-22,2.2079642630190396e-22,2.2127515410600026e-22,2.2175388191008927e-22,2.2223260971418374e-22,2.227113375182768e-22,2.231900653223724e-22,2.236687931264635e-22,2.2414752093055426e-22,2.246262487346502e-22,2.251049765387398e-22,2.2558370434283507e-22,2.260624321469296e-22,2.265411599510225e-22,2.2701988775511494e-22,2.274986155592085e-22,2.2797734336330726e-22,2.284560711673978e-22,2.289347989714912e-22,2.294135267755855e-22,2.2989225457967703e-22,2.3037098238377263e-22,2.308497101878654e-22,2.313284379919577e-22,2.318071657960494e-22,2.32285893600149e-22,2.327646214042391e-22,2.3324334920833443e-22,2.337220770124268e-22,2.3420080481652478e-22,2.3467953262061586e-22,2.3515826042470745e-22,2.356369882288012e-22,2.361157160328946e-22,2.365944438369882e-22,2.370731716410826e-22,2.3755189944517724e-22,2.3803062724926926e-22,2.38509355053365e-22,2.3898808285745636e-22,2.394668106615485e-22,2.399455384656431e-22,2.404242662697377e-22,2.409029940738326e-22,2.4138172187792285e-22,2.418604496820191e-22,2.4233917748611183e-22,2.4281790529020564e-22,2.4329663309429987e-22,2.4377536089839034e-22,2.4425408870248363e-22,2.447328165065745e-22,2.4521154431066626e-22,2.4569027211476166e-22,2.461689999188537e-22,2.466477277229438e-22,2.471264555270423e-22,2.4760518333113515e-22,2.480839111352276e-22,2.4856263893931877e-22,2.490413667434141e-22,2.4952009454750888e-22,2.4999882235160367e-22,2.504775501556951e-22,2.5095627795978686e-22,2.5143500576388213e-22,2.519137335679751e-22,2.523924613720694e-22,2.5287118917615866e-22,2.5334991698025134e-22,2.5382864478434247e-22,2.5430737258843585e-22,2.5478610039253196e-22,2.5526482819662186e-22,2.557435560007218e-22,2.562222838048161e-22,2.567010116089113e-22,2.571797394130031e-22,2.5765846721709523e-22,2.581371950211907e-22,2.586159228252853e-22,2.5909465062937787e-22,2.5957337843346886e-22,2.600521062375618e-22,2.6053083404165656e-22,2.610095618457464e-22,2.6148828964984234e-22,2.6196701745393676e-22,2.6244574525802925e-22,2.629244730621234e-22,2.6340320086621593e-22,2.638819286703081e-22,2.643606564743986e-22,2.6483938427849373e-22,2.6531811208258617e-22,2.6579683988667824e-22,2.6627556769077346e-22,2.6675429549487403e-22,2.6723302329896394e-22,2.6771175110305365e-22,2.6819047890714633e-22,2.686692067112416e-22,2.6914793451533907e-22,2.6962666231943283e-22,2.70105390123521e-22,2.705841179276169e-22,2.7106284573171044e-22,2.715415735358027e-22,2.720203013398953e-22,2.724990291439914e-22,2.7297775694808313e-22,2.7345648475217816e-22,2.7393521255627065e-22,2.7441394036036606e-22,2.748926681644592e-22,2.7537139596854963e-22,2.758501237726423e-22,2.7632885157673917e-22,2.768075793808326e-22,2.772863071849255e-22,2.777650349890187e-22,2.782437627931078e-22,2.78722490597202e-22,2.7920121840129712e-22,2.7967994620538684e-22,2.801586740094823e-22,2.8063740181358104e-22,2.8111612961767353e-22,2.8159485742176743e-22,2.820735852258604e-22,2.8255231302995194e-22,2.830310408340449e-22,2.8350976863813617e-22,2.839884964422305e-22,2.844672242463213e-22,2.8494595205041684e-22,2.854246798545093e-22,2.8590340765859975e-22,2.8638213546269878e-22,2.868608632667943e-22,2.873395910708887e-22,2.8781831887497944e-22,2.88297046679075e-22,2.887757744831661e-22,2.8925450228726087e-22,2.8973323009135256e-22,2.9021195789544796e-22,2.9069068569953885e-22,2.911694135036327e-22,2.9164814130772694e-22,2.9212686911181943e-22,2.926055969159122e-22,2.9308432472000615e-22,2.935630525240989e-22,2.9404178032819503e-22,2.945205081322873e-22,2.949992359363781e-22,2.9547796374046903e-22,2.959566915445661e-22,2.964354193486623e-22,2.969141471527522e-22,2.973928749568462e-22,2.978716027609413e-22,2.9835033056502726e-22,2.9882905836912704e-22,2.9930778617321276e-22,2.997865139773128e-22,3.0026524178140465e-22,3.0074396958550133e-22,3.0122269738959203e-22,3.0170142519368974e-22,3.0218015299778157e-22,3.0265888080187717e-22,3.031376086059668e-22,3.036163364100593e-22,3.0409506421415727e-22,3.0457379201825103e-22,3.05052519822343e-22,3.0553124762643874e-22,3.0600997543052996e-22,3.0648870323462325e-22,3.0696743103871137e-22,3.07446158842807e-22,3.079248866469003e-22,3.0840361445099603e-22,3.0888234225509153e-22,3.0936107005918285e-22,3.0983979786327604e-22,3.103185256673676e-22,3.10797253471461e-22,3.1127598127555276e-22,3.1175470907964516e-22,3.1223343688373737e-22,3.127121646878365e-22,3.131908924919292e-22,3.136696202960207e-22,3.141483481001206e-22,3.146270759042124e-22,3.1510580370830284e-22,3.1558453151239623e-22,3.1606325931649337e-22,3.165419871205837e-22,3.1702071492467647e-22,3.174994427287709e-22,3.179781705328648e-22,3.1845689833696147e-22,3.1893562614105556e-22,3.194143539451444e-22,3.1989308174923696e-22,3.203718095533301e-22,3.2085053735742157e-22,3.213292651615158e-22,3.218079929656148e-22,3.2228672076970506e-22,3.227654485737957e-22,3.2324417637788995e-22,3.2372290418198366e-22,3.2420163198607874e-22,3.2468035979017076e-22,3.2515908759426353e-22,3.256378153983645e-22,3.261165432024532e-22,3.2659527100654495e-22,3.2707399881063777e-22,3.2755272661473303e-22,3.280314544188228e-22,3.2851018222292135e-22,3.2898891002700942e-22,3.2946763783110135e-22,3.299463656351898e-22,3.304250934392888e-22,3.3090382124338315e-22,3.313825490474799e-22,3.318612768515692e-22,3.323400046556638e-22,3.3281873245975664e-22,3.3329746026385077e-22,3.33776188067947e-22,3.342549158720398e-22,3.3473364367612895e-22,3.3521237148022337e-22,3.356910992843142e-22,3.3616982708841366e-22,3.3664855489250643e-22,3.3712728269659864e-22,3.376060105006924e-22,3.380847383047873e-22,3.3856346610887743e-22,3.3904219391297538e-22,3.3952092171706646e-22,3.3999964952116003e-22,3.404783773252524e-22,3.4095710512934985e-22,3.4143583293344366e-22,3.419145607375365e-22,3.423932885416254e-22,3.4287201634571995e-22,3.433507441498088e-22,3.438294719539073e-22,3.443081997579971e-22,3.4478692756209866e-22,3.4526565536618857e-22,3.4574438317028176e-22,3.4622311097436993e-22,3.46701838778466e-22,3.47180566582559e-22,3.476592943866493e-22,3.481380221907394e-22,3.4861674999483497e-22,3.4909547779893206e-22,3.4957420560302625e-22,3.5005293340711723e-22,3.505316612112116e-22,3.510103890153009e-22,3.51489116819393e-22,3.5196784462348814e-22,3.524465724275836e-22,3.5292530023167547e-22,3.534040280357703e-22,3.538827558398645e-22,3.5436148364395764e-22,3.5484021144805055e-22,3.553189392521492e-22,3.5579766705623996e-22,3.562763948603374e-22,3.567551226644266e-22,3.5723385046852467e-22,3.5771257827262e-22,3.581913060767119e-22,3.586700338808039e-22,3.591487616849032e-22,3.596274894889877e-22,3.6010621729307726e-22,3.6058494509717375e-22,3.610636729012715e-22,3.615424007053601e-22,3.620211285094576e-22,3.6249985631354724e-22,3.629785841176479e-22,3.6345731192173753e-22,3.639360397258302e-22,3.644147675299264e-22,3.6489349533401397e-22,3.653722231381103e-22,3.65850950942203e-22,3.663296787462919e-22,3.668084065503863e-22,3.6728713435448173e-22,3.677658621585738e-22,3.6824458996267165e-22,3.6872331776675845e-22,3.6920204557085264e-22,3.696807733749462e-22,3.7015950117904378e-22,3.7063822898313373e-22,3.7111695678722683e-22,3.715956845913233e-22,3.7207441239541477e-22,3.7255314019950764e-22,3.7303186800360295e-22,3.7351059580769455e-22,3.739893236117865e-22,3.744680514158763e-22,3.74946779219974e-22,3.7542550702407015e-22,3.759042348281613e-22,3.7638296263225998e-22,3.768616904363496e-22,3.773404182404447e-22,3.7781914604453956e-22,3.7829787384863455e-22,3.787766016527312e-22,3.792553294568162e-22,3.797340572609119e-22,3.8021278506500465e-22,3.806915128690961e-22,3.8117024067319236e-22,3.8164896847728457e-22,3.821276962813765e-22,3.8260642408546447e-22,3.8308515188955987e-22,3.835638796936595e-22,3.840426074977531e-22,3.845213353018532e-22,3.8500006310593966e-22,3.8547879091003404e-22,3.859575187141271e-22,3.8643624651822367e-22,3.8691497432231155e-22,3.8739370212640973e-22,3.8787242993050754e-22,3.883511577346015e-22,3.8882988553869162e-22,3.8930861334278524e-22,3.8978734114688117e-22,3.9026606895097074e-22,3.9074479675506596e-22,3.9122352455915953e-22,3.9170225236324995e-22,3.9218098016734343e-22,3.9265970797143446e-22,3.931384357755285e-22,3.9361716357962344e-22,3.9409589138371132e-22,3.9457461918780838e-22,3.950533469918996e-22,3.9553207479599985e-22,3.960108026000847e-22,3.964895304041793e-22,3.969682582082751e-22,3.9744698601236355e-22,3.979257138164676e-22,3.9840444162055347e-22,3.9888316942464394e-22,3.993618972287413e-22,3.998406250328354e-22,4.003193528369297e-22,4.007980806410236e-22,4.0127680844511772e-22,4.017555362492106e-22,4.022342640532994e-22,4.0271299185739774e-22,4.031917196614862e-22,4.0367044746558446e-22,4.0414917526967253e-22,4.046279030737661e-22,4.0510663087785596e-22,4.0558535868195244e-22,4.0606408648604475e-22,4.065428142901362e-22,4.070215420942285e-22,4.075002698983255e-22,4.0797899770242675e-22,4.0845772550651284e-22,4.089364533106064e-22,4.094151811146984e-22,4.0989390891879313e-22,4.103726367228849e-22,4.10851364526984e-22,4.1133009233107667e-22,4.118088201351687e-22,4.1228754793926344e-22,4.1276627574335734e-22,4.132450035474465e-22,4.1372373135154077e-22,4.142024591556302e-22,4.1468118695973064e-22,4.1515991476382036e-22,4.156386425679171e-22,4.1611737037200623e-22,4.16596098176101e-22,4.170748259801959e-22,4.1755355378428648e-22,4.1803228158837864e-22,4.1851100939247503e-22,4.189897371965701e-22,4.1946846500066453e-22,4.1994719280475415e-22,4.204259206088463e-22,4.2090464841293833e-22,4.2138337621703505e-22,4.2186210402113135e-22,4.2234083182522083e-22,4.2281955962931055e-22,4.232982874334096e-22,4.237770152375041e-22,4.242557430416013e-22,4.247344708456896e-22,4.2521319864979195e-22,4.256919264538822e-22,4.261706542579776e-22,4.266493820620639e-22,4.271281098661634e-22,4.276068376702495e-22,4.280855654743482e-22,4.285642932784449e-22,4.290430210825332e-22,4.295217488866255e-22,4.300004766907161e-22,4.304792044948135e-22,4.309579322989001e-22,4.314366601029998e-22,4.319153879070914e-22,4.32394115711179e-22,4.328728435152811e-22,4.333515713193761e-22,4.338302991234693e-22,4.343090269275609e-22,4.347877547316547e-22,4.352664825357516e-22,4.357452103398405e-22,4.362239381439353e-22,4.367026659480269e-22,4.371813937521234e-22,4.376601215562135e-22,4.381388493603049e-22,4.38617577164399e-22,4.390963049684917e-22,4.395750327725839e-22,4.400537605766791e-22,4.405324883807679e-22,4.410112161848616e-22,4.414899439889545e-22,4.419686717930459e-22,4.424473995971418e-22,4.429261274012359e-22,4.4340485520532925e-22,4.438835830094231e-22,4.443623108135191e-22,4.448410386176136e-22,4.453197664217066e-22,4.457984942257947e-22,4.462772220298945e-22,4.4675594983398985e-22,4.472346776380774e-22,4.477134054421776e-22,4.481921332462674e-22,4.486708610503641e-22,4.491495888544561e-22,4.49628316658544e-22,4.501070444626414e-22,4.505857722667384e-22,4.510645000708275e-22,4.515432278749209e-22,4.520219556790157e-22,4.525006834831134e-22,4.529794112872052e-22,4.53458139091296e-22,4.539368668953919e-22,4.544155946994849e-22,4.548943225035829e-22,4.553730503076719e-22,4.558517781117687e-22,4.563305059158538e-22,4.568092337199461e-22,4.572879615240353e-22,4.577666893281301e-22,4.582454171322235e-22,4.587241449363215e-22,4.592028727404192e-22,4.596816005445117e-22,4.601603283485994e-22,4.60639056152705e-22,4.611177839567911e-22,4.615965117608837e-22,4.620752395649782e-22,4.625539673690703e-22,4.630326951731662e-22,4.635114229772565e-22,4.639901507813499e-22,4.644688785854441e-22,4.649476063895362e-22,4.654263341936266e-22,4.659050619977177e-22,4.663837898018078e-22,4.668625176059056e-22,4.673412454100025e-22,4.678199732140989e-22,4.682987010181933e-22,4.687774288222914e-22,4.692561566263886e-22,4.69734884430475e-22,4.702136122345743e-22,4.706923400386671e-22,4.711710678427588e-22,4.71649795646861e-22,4.721285234509469e-22,4.7260725125504e-22,4.730859790591299e-22,4.735647068632292e-22,4.74043434667319e-22,4.745221624714237e-22,4.750008902755094e-22,4.754796180796015e-22,4.759583458836899e-22,4.764370736877815e-22,4.76915801491879e-22,4.773945292959656e-22,4.778732571000606e-22,4.783519849041629e-22,4.788307127082477e-22,4.793094405123405e-22,4.797881683164296e-22,4.802668961205288e-22,4.807456239246162e-22,1.1478695780641499e-15,1.4152089123782472e-15,1.6442597934251077e-15,1.877882376002458e-15,2.1186933807704003e-15,2.367265333573326e-15,2.624060238734811e-15,2.8895344842210506e-15,3.164149129971001e-15,3.4483739562221693e-15,3.742690368290903e-15,4.047593786322153e-15,4.36359576528352e-15,4.691225981309804e-15,5.0310341644499234e-15,5.383592026642659e-15,5.749495216770565e-15,6.129365324841791e-15,6.52385195275417e-15,6.933634866201378e-15,7.359426241389808e-15,7.801973019681327e-15,8.262059383601937e-15,8.74050936794946e-15,9.238189620507408e-15,9.75601232759529e-15,1.0294938320734504e-14,1.0855980381764037e-14,1.1440206765030849e-14,1.2048744956646087e-14,1.2682785692425237e-14,1.3343587257837367e-14,1.403248009520898e-14,1.475087174562212e-14,1.55002521554472e-14,1.628219937977498e-14,1.7098385718397762e-14,1.7950584322863317e-14,1.8840676317003553e-14,1.9770658477198337e-14,2.0742651523157612e-14,2.1758909074913804e-14,2.2821827337179365e-14,2.39339555783636e-14,2.509800747825128e-14,2.631687342588174e-14,2.759363385757414e-14,2.8931573734354205e-14,3.033419826839996e-14,3.18052500198137e-14,3.334872749791822e-14,3.4968905415733543e-14,3.6670356762634633e-14,3.8457976878162174e-14,4.033700973041284e-14,4.2313076625189275e-14,4.439220759781176e-14,4.6580875768128614e-14,4.888603497188288e-14,5.1315161017959355e-14,5.387629696231886e-14,5.657810283578523e-14,5.942991031571503e-14,6.244178289054061e-14,6.56245821338852e-14,6.899004078134512e-14,7.255084338936033e-14,7.632071545455892e-14,8.03145219837257e-14,8.454837663255782e-14,8.903976267706714e-14,9.380766724737304e-14,9.887273044524096e-14,1.0425741118288196e-13,1.0998617183195607e-13,1.160856840567222e-13,1.2258505853745722e-13,1.2951610166572214e-13,1.3691360273368945e-13,1.4481565564161424e-13,1.5326401973125716e-13,1.623045250260455e-13,1.7198752794029042e-13,1.823684244247011e-13,1.9350822856754654e-13,2.0547422589375792e-13,2.1834071202904104e-13,2.321898290574272e-13,2.4711251383984123e-13,2.6320957482946635e-13,2.805929165747043e-13,2.9938693421065874e-13,3.197301038940044e-13,3.417767994240028e-13,3.65699370340481e-13,3.916905227314475e-13,4.1996605098901606e-13,4.507679770180543e-13,4.843681631646843e-13,5.210724766725624e-13,5.612255971268917e-13,6.052165745059793e-13,6.534852646019013e-13,7.065297912522767e-13,7.64915211709373e-13,8.292835933494828e-13,9.003657477183231e-13,9.789949127240648e-13,1.0661227269234325e-12,1.1628379028349175e-12,1.2703880808805448e-12,1.390205434074608e-12,1.5239366985338425e-12,1.6734784294604022e-12,1.8410184303286713e-12,2.0290844795562476e-12,2.240601690378072e-12,2.478960094687088e-12,2.7480943523240495e-12,3.052577871139236e-12,3.3977341058158845e-12,3.789768423617666e-12,4.235924741745574e-12,4.744672243684165e-12,5.325929007696525e-12,5.991331536368702e-12,6.75456227107148e-12,7.631751663410669e-12,8.641977911384655e-12,9.807896970183568e-12,1.1156549174042906e-11,1.2720408426467184e-11,1.4538767587336947e-11,1.665959212655373e-11,1.914202674072587e-11,2.2059810854979273e-11,2.5505954872626444e-11,2.959915901398736e-11,3.4492635928198505e-11,4.038625289458201e-11,4.754328258823883e-11,5.6313612237637534e-11,6.716611530662731e-11,8.073419053325792e-11,9.53403232491773e-11,1.164261382609542e-10,1.436448642960091e-10,1.7916138165549733e-10,2.2603413876195576e-10,2.8859319642542575e-10,3.729947691620143e-10,4.880017825637355e-10,6.460408876594496e-10,8.645457064020485e-10,1.1674839491173631e-09,1.5867443644416956e-09,2.1627210862327385e-09,2.9430663808432584e-09,3.978429799882781e-09,5.314413853802107e-09,6.9801790942168175e-09,8.975893257050028e-09,1.1262739060187308e-08,1.3759445079561294e-08,1.6347762204910017e-08,1.8886472061947668e-08,2.1230668030215078e-08,2.325148718796052e-08,2.4851740317383017e-08,2.5974609148318917e-08,2.6604833751546392e-08,2.6763700749568576e-08,2.650016933315147e-08,2.588060482582174e-08,2.4979099406705163e-08,2.3869603941592602e-08,2.2620362978904237e-08,2.12905975078524e-08,1.9929060177611283e-08,1.8573963813928388e-08,1.7253794199528845e-08,1.598860012679571e-08,1.4791460409923788e-08,1.366992963716106e-08,1.2627347898530215e-08,1.166396071330135e-08,1.0777835778388568e-08,9.965587180121902e-09,9.22292999957348e-09,8.545092723177542e-09,7.927115266120488e-09,7.3640565418665055e-09,6.851133901055331e-09,6.383811223778903e-09,5.95784968762984e-09,5.569331965430465e-09,5.214668017024891e-09,4.890588561327622e-09,4.594130684653532e-09,4.322618789215713e-09,4.073643139173156e-09,3.845037558251444e-09,3.6348573169948e-09,3.441357874947083e-09,3.262974877721812e-09,3.0983056234015774e-09,2.946092086957791e-09,2.8052054964029876e-09,2.674632428293857e-09,2.5534623160022402e-09,2.4408762795748857e-09,2.336137164590615e-09,2.238580677003272e-09,2.147607505293285e-09,2.062676327126956e-09,1.983297605111096e-09,1.9090280842382837e-09,1.8394659118036103e-09,1.774246308522264e-09,1.713037727125089e-09,1.6555384417088746e-09,1.6014735175140373e-09,1.5505921166315533e-09,1.502665100338602e-09,1.457482893418358e-09,1.414853579959614e-09,1.374601203791319e-09,1.3365642499340645e-09,1.300594286294014e-09,1.2665547473306737e-09,1.2343198436134484e-09,1.2037735831275723e-09,1.1748088918482526e-09,1.1473268226185392e-09,1.121235842627773e-09,1.096451190954062e-09,1.0728942986113574e-09,1.0504922644319139e-09,1.0291773808678596e-09,1.0088867044874122e-09,9.895616665164755e-10,9.7114771931299e-10,9.535940151081892e-10,9.368531137664601e-10,9.208807166577758e-10,9.056354240644302e-10,8.910785138134164e-10,8.77173739076275e-10,8.638871434951407e-10,8.511868919877162e-10,8.390431157423504e-10,8.274277701140127e-10,8.163145041687493e-10,8.0567854087567e-10,7.954965669367152e-10,7.857466314091848e-10,7.764080523331675e-10,7.674613306534645e-10,7.588880708159565e-10,7.506709074402269e-10,7.427934375661187e-10,7.352401579893474e-10,7.279964072700465e-10,7.210483120029937e-10,7.143827370323967e-10,7.079872392535594e-10,7.018500247314691e-10,6.959599088710161e-10,6.903062793745933e-10,6.848790617982233e-10,6.796686874736748e-10,6.746660636318813e-10,6.698625455652477e-10,6.652499106298795e-10,6.608203340090316e-10,6.565663660684818e-10,6.524809111902927e-10,6.485572079794675e-10,6.447888107563418e-10,6.411695722025803e-10,6.376936271347591e-10,6.343553772756625e-10,6.311494769790653e-10,6.280708198298566e-10,6.251145260679752e-10,6.22275930773645e-10,6.195505727554189e-10,6.169341841125151e-10,6.14422680406871e-10,6.120121514071793e-10,6.096988523809728e-10,6.074791959070839e-10,6.053497440795197e-10,6.033072012620751e-10,6.013484071762157e-10,5.994703304019269e-10,5.976700622354916e-10,5.959448108800552e-10,5.942918959630266e-10,5.927087433434148e-10,5.911928802026181e-10,5.89741930391658e-10,5.883536100347217e-10,5.870257233539337e-10,5.857561587147832e-10,5.845428848828925e-10,5.833839474663208e-10,5.822774655396356e-10,5.812216284386672e-10,5.802146927325632e-10,5.79254979314683e-10,5.783408706715468e-10,5.77470808265019e-10,5.766432900495374e-10,5.758568681128188e-10,5.7511014642564e-10,5.74401778698894e-10,5.737304663509113e-10,5.730949565527458e-10,5.724940403942098e-10,5.719265511104587e-10,5.713913623942854e-10,5.708873867943528e-10,5.704135741850556e-10,5.699689103094304e-10,5.695524153660018e-10,5.69163142690397e-10,5.688001774750124e-10,5.684626355495645e-10,5.681496622200216e-10,5.67860431153343e-10,5.675941433086504e-10,5.673500259395227e-10,5.671273315760045e-10,5.669253371292637e-10,5.667433429836836e-10,5.665806721411986e-10,5.664366693955709e-10,5.663107005571069e-10,5.662021516896706e-10,5.661104283814203e-10,5.660349550725828e-10,5.659751743755189e-10,5.659305464344643e-10,5.659005483197259e-10,5.658846734376862e-10,5.658824309647367e-10,5.658933453053298e-10,5.659169555748905e-10,5.659528150887974e-10,5.660004908915088e-10,5.660595632907688e-10,5.66129625414976e-10,5.662102827758639e-10,5.663011528667987e-10,5.664018647629688e-10,5.665120587396457e-10,5.666313859113147e-10,5.667595078667249e-10,5.668960963385765e-10,5.670408328731615e-10,5.671934085135568e-10,5.673535234975737e-10,5.675208869648747e-10,5.67695216667748e-10,5.678762387109483e-10,5.680636872782036e-10,5.682573043845117e-10,5.684568396343418e-10,5.686620499687542e-10,5.688726994714973e-10,5.690885591197505e-10,5.693094065697123e-10,5.695350259849215e-10,5.697652078080935e-10,5.699997534189308e-10,5.702384574077242e-10,5.704811298489482e-10,5.707275852140435e-10,5.709776429185418e-10,5.712311274694178e-10,5.714878683737567e-10,5.717477000529622e-10,5.720104617046745e-10,5.722759971711533e-10,5.725441548020056e-10,5.728147873265617e-10,5.730877517274939e-10,5.73362909108343e-10,5.736401245947457e-10,5.739192671933525e-10,5.742002097041069e-10,5.744828286063045e-10,5.747670039200062e-10,5.750526191700435e-10,5.753395612366772e-10,5.756277202727537e-10,5.759169896216585e-10,5.762072657094852e-10,5.764984479822141e-10,5.767904388034279e-10,5.770831433829444e-10,5.77376469684561e-10,5.776703283685737e-10,5.779646327104302e-10,5.782592985162938e-10,5.78554244069101e-10,5.788493900572307e-10,5.791446595067315e-10,5.794399777160698e-10,5.797352721939774e-10,5.800304726061898e-10,5.803255107115909e-10,5.806203203061033e-10,5.809148371693295e-10,5.812089990148662e-10,5.815027454225452e-10,5.817960178146539e-10,5.82088759379482e-10,5.823809150479649e-10,5.826724314405244e-10,5.829632567832785e-10,5.832533409378114e-10,5.835426353149335e-10,5.83831092830746e-10,5.841186678788954e-10,5.844053162871664e-10,5.846909952826998e-10,5.849756634524937e-10,5.852592807090941e-10,5.855418082537335e-10,5.858232085543214e-10,5.86103445291337e-10,5.86382483343286e-10,5.866602887499057e-10,5.869368286823126e-10,5.872120714127988e-10,5.874859862885483e-10,5.877585437001172e-10,5.880297150601835e-10,5.882994727707011e-10,5.885677902016095e-10,5.888346416649497e-10,5.891000023865001e-10,5.893638485019071e-10,5.896261569941026e-10,5.898869056968157e-10,5.901460733089187e-10,5.904036392859796e-10,5.906595838898186e-10,5.909138881507028e-10,5.911665338312416e-10,5.914175034324457e-10,5.916667801642081e-10,5.919143479057473e-10,5.921601912373689e-10,5.924042953703751e-10,5.926466461663091e-10,5.928872300963914e-10,5.931260342486472e-10,5.933630462856572e-10,5.935982545004605e-10,5.938316476684757e-10,5.94063215141206e-10,5.942929468129691e-10,5.945208330887683e-10,5.947468648786285e-10,5.949710335863876e-10,5.951933310875172e-10,5.954137497355523e-10,5.956322823248761e-10,5.958489221146612e-10,5.960636627691808e-10,5.962764983945129e-10,5.964874234935507e-10,5.966964329743332e-10,5.969035221388971e-10,5.971086866431012e-10,5.973119225415394e-10,5.975132262356633e-10,5.977125944751829e-10,5.979100243510117e-10,5.981055132914032e-10,5.982990590330596e-10,5.984906596428782e-10,5.986803134867057e-10,5.988680192385348e-10,5.990537758299118e-10,5.992375825165297e-10,5.994194388106878e-10,5.995993444844267e-10,5.997772995836855e-10,5.999533044009763e-10,6.00127359476849e-10,6.002994655936106e-10,6.004696237583944e-10,6.00637835220144e-10,6.008041014284555e-10,6.009684240792613e-10,6.011308050424666e-10,6.012912464152916e-10,6.014497504781674e-10,6.016063197108425e-10,6.017609567784841e-10,6.019136645280907e-10,6.020644459801293e-10,6.022133043307122e-10,6.023602429357585e-10,6.025052653261405e-10,6.026483751748319e-10,6.027895763121246e-10,6.02928872719101e-10,6.03066268519199e-10,6.032017679741664e-10,6.033353754823646e-10,6.03467095573289e-10,6.035969329038384e-10,6.037248922581727e-10,6.038509785195046e-10,6.039751967168293e-10,6.040975519777735e-10,6.042180495382316e-10,6.043366947411518e-10,6.044534930322337e-10,6.045684499512781e-10,6.046815711401543e-10,6.047928623319083e-10,6.049023293478946e-10,6.05009978093623e-10,6.0511581456714e-10,6.052198448394315e-10,6.053220750551413e-10,6.054225114490056e-10,6.055211603171622e-10,6.056180280274993e-10,6.057131210184593e-10,6.058064457920458e-10,6.05898008913418e-10,6.059878170093118e-10,6.060758767618698e-10,6.061621949120976e-10,6.062467782516576e-10,6.063296336253669e-10,6.06410767930695e-10,6.064901880982922e-10,6.065679011385981e-10,6.066439140683571e-10,6.067182339574311e-10,6.067908679220082e-10,6.068618231119541e-10,6.069311067203564e-10,6.069987259542684e-10,6.070646880767179e-10,6.071290003762821e-10,6.07191670169179e-10,6.072527047859491e-10,6.073121116020172e-10,6.073698980127888e-10,6.074260714335481e-10,6.0748063930453e-10,6.075336090917801e-10,6.07584988268606e-10,6.076347843349983e-10,6.076830048039186e-10,6.077296572079037e-10,6.077747490917688e-10,6.07818288011407e-10,6.078602815392313e-10,6.079007372463769e-10,6.079396627301246e-10,6.079770655861802e-10,6.080129534207563e-10,6.080473338439003e-10,6.080802144768356e-10,6.081116029411147e-10,6.081415068544035e-10,6.081699338513338e-10,6.081968915613354e-10,6.08222387612367e-10,6.082464296261356e-10,6.082690252470926e-10,6.082901820941424e-10,6.083099077917657e-10,6.083282099610759e-10,6.08345096220942e-10,6.083605741809061e-10,6.083746514473617e-10,6.083873356186599e-10,6.083986342910775e-10,6.084085550443191e-10,6.084171054622913e-10,6.084242931087443e-10,6.084301255390491e-10,6.084346103046276e-10,6.084377549385827e-10,6.084395669689989e-10,6.08440053908895e-10,6.084392232580726e-10,6.084370825068906e-10,6.084336391277574e-10,6.08428900582172e-10,6.084228743110919e-10,6.084155677641413e-10,6.084069883228942e-10,6.083971434086322e-10,6.083860404024717e-10,6.083736866695698e-10,6.083600895584899e-10,6.083452563989494e-10,6.083291945098587e-10,6.083119111804575e-10,6.082934136898458e-10,6.082737092953463e-10,6.08252805233635e-10,6.082307087235331e-10,6.08207426965073e-10,6.081829671351486e-10,6.081573363894247e-10,6.081305418652603e-10,6.081025906783404e-10,6.08073489921705e-10,6.080432466660946e-10,6.080118679636928e-10,6.079793608412892e-10,6.079457323067935e-10,6.079109893356718e-10,6.078751388872356e-10,6.078381879014117e-10,6.078001432891694e-10,6.077610119453704e-10,6.07720800728818e-10,6.076795164918891e-10,6.076371660291068e-10,6.07593756149445e-10,6.075492936218246e-10,6.075037851857877e-10,6.074572375628734e-10,6.074096574399096e-10,6.073610515028011e-10,6.073114263801496e-10,6.072607886955747e-10,6.072091450416262e-10,6.071565019855575e-10,6.07102866067222e-10,6.070482438050905e-10,6.069926416894988e-10,6.069360661819546e-10,6.068785237253163e-10,6.068200207255571e-10,6.067605635690712e-10,6.06700158617316e-10,6.066388122032463e-10,6.065765306321603e-10,6.065133201909372e-10,6.064491871182739e-10,6.063841376516268e-10,6.063181779818073e-10,6.062513142933655e-10,6.061835527291177e-10,6.06114899406251e-10,6.060453604177438e-10,6.059749418434351e-10,6.059036496910407e-10,6.058314899901005e-10,6.057584687341626e-10,6.056845918731619e-10,6.056098653381059e-10,6.05534295033037e-10,6.054578868467489e-10,6.053806466033451e-10,6.053025801444376e-10,6.05223693264463e-10,6.051439917319095e-10,6.050634812831925e-10,6.049821676432695e-10,6.049000564955333e-10,6.048171534997773e-10,6.047334642898254e-10,6.046489944785445e-10,6.045637496413754e-10,6.044777353322535e-10,6.043909570776697e-10,6.043034203932383e-10,6.042151307156929e-10,6.041260935166414e-10,6.040363142187925e-10,6.039457982001876e-10,6.038545508317502e-10,6.037625774693751e-10,6.036698834065502e-10,6.035764739343929e-10,6.034823543149816e-10,6.033875297824269e-10,6.032920055406507e-10,6.031957867744285e-10,6.030988786378122e-10,6.030012862556539e-10,6.029030147323723e-10,6.028040691442928e-10,6.0270445453986e-10,6.026041759443957e-10,6.025032383579195e-10,6.024016467444656e-10,6.022994060580721e-10,6.021965212178686e-10,6.02092997119419e-10,6.019888386259369e-10,6.018840505858595e-10,6.017786378178514e-10,6.016726051127613e-10,6.015659572361397e-10,6.014586989386451e-10,6.013508349278434e-10,6.012423698965084e-10,6.0113330852076e-10,6.01023655437444e-10,6.009134152478555e-10,6.008025925594028e-10,6.006911919390084e-10,6.00579217927218e-10,6.004666750418185e-10,6.003535677772977e-10,6.002399006022157e-10,6.001256779589596e-10,6.000109042694567e-10,5.998955839281207e-10,5.997797213119055e-10,5.996633207644311e-10,5.995463866161271e-10,5.994289231569494e-10,5.993109346689812e-10,5.991924253975184e-10,5.990733995920359e-10,5.98953861446334e-10,5.98833815133169e-10,5.987132648201505e-10,5.985922146476039e-10,5.98470668717991e-10,5.983486311272549e-10,5.982261059399212e-10,5.981030972018718e-10,5.979796089323111e-10,5.978556451287029e-10,5.977312097673498e-10,5.976063068003689e-10,5.974809401589183e-10,5.973551137547207e-10,5.972288314641316e-10,5.971020971592869e-10,5.969749146772587e-10,5.968472878442799e-10,5.967192204475232e-10,5.965907162664881e-10,5.964617790626276e-10,5.963324125620297e-10,5.962026204784744e-10,5.960724065007716e-10,5.959417742952479e-10,5.958107275105174e-10,5.956792697724213e-10,5.955474046871102e-10,5.954151358357268e-10,5.952824667828237e-10,5.951494010711147e-10,5.950159422203191e-10,5.948820937325452e-10,5.947478590908397e-10,5.94613241747713e-10,5.94478245148681e-10,5.943428727129997e-10,5.942071278412669e-10,5.940710139048212e-10,5.939345342681474e-10,5.937976922741407e-10,5.936604912383534e-10,5.935229344602109e-10,5.933850252220394e-10,5.932467667839682e-10,5.931081623878844e-10,5.929692152510296e-10,5.928299285872473e-10,5.926903055662264e-10,5.925503493695751e-10,5.924100631324888e-10,5.922694499818825e-10,5.921285130277856e-10,5.919872553587486e-10,5.918456800486183e-10,5.91703790145317e-10,5.915615886853649e-10,5.914190786886463e-10,5.91276263143631e-10,5.911331450349267e-10,5.90989727323877e-10,5.908460129483463e-10,5.907020048504658e-10,5.905577059221441e-10,5.904131190588386e-10,5.902682471314421e-10,5.901230929971007e-10,5.89977659491505e-10,5.898319494354448e-10,5.89685965632168e-10,5.89539710867506e-10,5.89393187910825e-10,5.892463995127478e-10,5.890993484095565e-10,5.889520373178616e-10,5.888044689412807e-10,5.886566459612781e-10,5.885085710485742e-10,5.883602468537216e-10,5.88211676012702e-10,5.880628611450677e-10,5.879138048520393e-10,5.877645097215033e-10,5.876149783233906e-10,5.874652132123501e-10,5.873152169308384e-10,5.871649919971393e-10,5.870145409211416e-10,5.868638661929093e-10,5.867129702896524e-10,5.865618556719117e-10,5.864105247884614e-10,5.862589800614218e-10,5.861072239104974e-10,5.859552587353249e-10,5.858030869205616e-10,5.856507108355845e-10,5.854981328354166e-10,5.853453552597177e-10,5.851923804307308e-10,5.850392106666291e-10,5.848858482579946e-10,5.84732295486634e-10,5.845785546192672e-10,5.844246279110688e-10,5.842705175956295e-10,5.841162259038611e-10,5.839617550428954e-10,5.838071072080104e-10,5.836522845829263e-10,5.834972893339937e-10,5.833421236167019e-10,5.831867895707679e-10,5.830312893287212e-10,5.828756249968826e-10,5.827197986781516e-10,5.825638124595109e-10,5.824076684146166e-10,5.822513686026187e-10,5.820949150712523e-10,5.819383098533532e-10,5.817815549688512e-10,5.816246524276129e-10,5.814676042232517e-10,5.813104123366138e-10,5.811530787368527e-10,5.809956053800515e-10,5.808379942139182e-10,5.806802471662339e-10,5.805223661557116e-10,5.803643530891797e-10,5.802062098599931e-10,5.800479383443671e-10,5.798895404248279e-10,5.79731017952533e-10,5.795723727722963e-10,5.794136067129114e-10,5.792547216002572e-10,5.790957192428272e-10,5.789366014345204e-10,5.787773699695567e-10,5.786180266182851e-10,5.784585731392586e-10,5.78299011286524e-10,5.781393428038737e-10,5.779795694140519e-10,5.778196928387671e-10,5.776597147698961e-10,5.774996369201843e-10,5.773394609662107e-10,5.771791885746609e-10,5.770188214105917e-10,5.76858361125708e-10,5.766978093554324e-10,5.76537167728986e-10,5.763764378675178e-10,5.762156213758055e-10,5.760547198496052e-10,5.758937348747475e-10,5.757326680272626e-10,5.755715208701492e-10,5.754102949542177e-10,5.752489918347122e-10,5.750876130375002e-10,5.749261600872335e-10,5.747646344955361e-10,5.746030377661863e-10,5.744413713922967e-10,5.7427963685794e-10,5.741178356360084e-10,5.739559691898259e-10,5.737940389737742e-10,5.736320464351011e-10,5.734699929944236e-10,5.733078800861765e-10,5.731457091229622e-10,5.729834815142053e-10,5.728211986515026e-10,5.726588619226481e-10,5.724964727040078e-10,5.723340323632473e-10,5.721715422591869e-10,5.720090037391942e-10,5.718464181408651e-10,5.716837868071959e-10,5.715211110482944e-10,5.713583921798227e-10,5.711956315046414e-10,5.710328303227186e-10,5.708699899164662e-10,5.707071115651504e-10,5.705441965353566e-10,5.703812460883725e-10,5.702182614757367e-10,5.700552439376647e-10,5.698921947143202e-10,5.697291150271518e-10,5.695660060968307e-10,5.694028691272262e-10,5.692397053221837e-10,5.690765158758448e-10,5.689133019691425e-10,5.687500647713279e-10,5.685868054698739e-10,5.684235252125631e-10,5.682602251499698e-10,5.680969064283594e-10,5.67933570181886e-10,5.677702175395505e-10,5.67606849622474e-10,5.674434675415399e-10,5.672800724050811e-10,5.671166653030792e-10,5.669532473296288e-10,5.667898195668433e-10,5.666263830870983e-10,5.664629389562067e-10,5.662994882347357e-10,5.661360319720319e-10,5.659725712158948e-10,5.65809107003598e-10,5.656456403593846e-10,5.654821723118101e-10,5.653187038672896e-10,5.651552360428804e-10,5.649917698313151e-10,5.648283062389977e-10,5.646648462403718e-10,5.645013908212029e-10,5.643379409519523e-10,5.641744975968386e-10,5.640110617272776e-10,5.638476342729589e-10,5.636842161920303e-10,5.63520808424867e-10,5.633574119008326e-10,5.631940275464522e-10,5.630306562777277e-10,5.628672990068701e-10,5.627039566494198e-10,5.62540630083996e-10,5.623773202177669e-10,5.62214027927091e-10,5.620507541081776e-10,5.618874996225847e-10,5.617242653382462e-10,5.615610521155661e-10,5.613978608104911e-10,5.612346922716785e-10,5.610715473381926e-10,5.609084268496796e-10,5.60745331634975e-10,5.605822625189473e-10,5.604192203079236e-10,5.602562058337783e-10,5.600932198913296e-10,5.599302632813628e-10,5.597673367981015e-10,5.596044412292618e-10,5.594415773593346e-10,5.592787459638395e-10,5.591159478119151e-10,5.589531836742501e-10,5.587904543060602e-10,5.586277604618724e-10,5.584651028957454e-10,5.583024823398688e-10,5.638776854668226e-10,5.659752675758894e-10,5.667637820363476e-10,5.670595108082344e-10,5.671697211619828e-10,5.67210079451258e-10,5.67224129470975e-10,5.672282657903132e-10,5.672286625685062e-10,5.672276460448616e-10,5.672260934423807e-10,5.672243361112363e-10,5.672224996061168e-10,5.672206317851931e-10,5.672187510932092e-10,5.672168647826051e-10,5.672149758060236e-10,5.6721308543525e-10,5.672111942642762e-10,5.672093025996661e-10,5.672074106165104e-10,5.672055184236596e-10,5.672036260929834e-10,5.672017336737637e-10,5.671998412005429e-10,5.67197948704329e-10,5.671960561962609e-10,5.671941636892215e-10,5.671922711915418e-10,5.671903787099247e-10,5.671884862490746e-10,5.671865938123274e-10,5.67184701402539e-10,5.671828090206067e-10,5.671809166681726e-10,5.671790243461633e-10,5.671771320551731e-10,5.671752397953316e-10,5.671733475677066e-10,5.671714553721765e-10,5.671695632009346e-10,5.671676710695961e-10,5.671657789707215e-10,5.671638868965802e-10,5.671619948549238e-10,5.671601028457846e-10,5.671582108691866e-10,5.671563189251458e-10,5.671544270136736e-10,5.671525351347794e-10,5.671506432884679e-10,5.671487514747434e-10,5.671468596934269e-10,5.671449679448843e-10,5.671430762289329e-10,5.671411845455752e-10,5.671392928948097e-10,5.671374012766377e-10,5.671355096910583e-10,5.671336181380848e-10,5.671317266176896e-10,5.671298351298867e-10,5.671279436746748e-10,5.671260522521031e-10,5.67124160862072e-10,5.671222695046304e-10,5.671203781798034e-10,5.671184868875994e-10,5.671165956278536e-10,5.671147044004086e-10,5.671128132059033e-10,5.67110922043984e-10,5.671090309146423e-10,5.671071398178915e-10,5.67105248753724e-10,5.671033577222032e-10,5.671014667231997e-10,5.67099575756778e-10,5.670976848229373e-10,5.670957939216769e-10,5.67093903052996e-10,5.670920122168936e-10,5.670901214133695e-10,5.670882306424226e-10,5.670863399040522e-10,5.67084449198258e-10,5.67082558525039e-10,5.670806678843947e-10,5.670787772763246e-10,5.67076886700828e-10,5.670749961579038e-10,5.670731056475517e-10,5.670712151697706e-10,5.670693247245605e-10,5.670674343119202e-10,5.670655439318495e-10,5.67063653584347e-10,5.670617632694127e-10,5.670598729870461e-10,5.670579827372458e-10,5.670560925200114e-10,5.670542023353427e-10,5.670523121832384e-10,5.670504220636985e-10,5.670485319767209e-10,5.670466419223068e-10,5.670447519004542e-10,5.670428619111634e-10,5.67040971954433e-10,5.670390820302626e-10,5.670371921386509e-10,5.670353022795983e-10,5.670334124531034e-10,5.67031522659166e-10,5.670296328977853e-10,5.670277431689602e-10,5.670258534726906e-10,5.670239638089755e-10,5.670220741778143e-10,5.670201845792066e-10,5.670182950131512e-10,5.67016405479648e-10,5.67014515978696e-10,5.670126265102942e-10,5.670107370744427e-10,5.670088476711401e-10,5.670069583003864e-10,5.670050689621805e-10,5.670031796565219e-10,5.670012903834092e-10,5.669994011428434e-10,5.669975119348226e-10,5.669956227593461e-10,5.669937336164137e-10,5.669918445060244e-10,5.669899554281778e-10,5.669880663828727e-10,5.669861773701091e-10,5.669842883898858e-10,5.669823994422029e-10,5.669805105270586e-10,5.669786216444534e-10,5.669767327943854e-10,5.669748439768554e-10,5.669729551918612e-10,5.669710664394037e-10,5.669691777194806e-10,5.669672890320924e-10,5.669654003772377e-10,5.669635117549168e-10,5.669616231651279e-10,5.669597346078708e-10,5.669578460831454e-10,5.6695595759095e-10,5.66954069131285e-10,5.669521807041487e-10,5.669502923095408e-10,5.669484039474612e-10,5.669465156179084e-10,5.669446273208824e-10,5.669427390563821e-10,5.669408508244068e-10,5.669389626249564e-10,5.669370744580294e-10,5.669351863236257e-10,5.669332982217444e-10,5.669314101523849e-10,5.669295221155468e-10,5.669276341112291e-10,5.669257461394309e-10,5.669238582001522e-10,5.669219702933919e-10,5.669200824191496e-10,5.669181945774241e-10,5.669163067682155e-10,5.669144189915226e-10,5.669125312473444e-10,5.669106435356807e-10,5.66908755856531e-10,5.669068682098944e-10,5.669049805957706e-10,5.669030930141584e-10,5.669012054650572e-10,5.668993179484666e-10,5.668974304643857e-10,5.668955430128141e-10,5.668936555937507e-10,5.668917682071948e-10,5.668898808531464e-10,5.668879935316044e-10,5.668861062425685e-10,5.668842189860376e-10,5.66882331762011e-10,5.668804445704878e-10,5.668785574114678e-10,5.668766702849507e-10,5.668747831909351e-10,5.668728961294209e-10,5.66871009100407e-10,5.668691221038926e-10,5.668672351398771e-10,5.668653482083606e-10,5.668634613093419e-10,5.668615744428199e-10,5.668596876087947e-10,5.668578008072651e-10,5.668559140382307e-10,5.668540273016901e-10,5.668521405976442e-10,5.668502539260911e-10,5.668483672870301e-10,5.668464806804607e-10,5.668445941063829e-10,5.668427075647955e-10,5.668408210556976e-10,5.668389345790891e-10,5.66837048134969e-10,5.668351617233361e-10,5.668332753441907e-10,5.668313889975317e-10,5.668295026833585e-10,5.668276164016705e-10,5.668257301524666e-10,5.668238439357464e-10,5.668219577515094e-10,5.66820071599755e-10,5.668181854804822e-10,5.668162993936902e-10,5.668144133393785e-10,5.668125273175469e-10,5.668106413281944e-10,5.668087553713202e-10,5.66806869446924e-10,5.668049835550048e-10,5.668030976955616e-10,5.668012118685946e-10,5.667993260741021e-10,5.667974403120845e-10,5.667955545825406e-10,5.667936688854694e-10,5.667917832208709e-10,5.667898975887444e-10,5.667880119890884e-10,5.667861264219033e-10,5.667842408871877e-10,5.667823553849412e-10,5.667804699151632e-10,5.667785844778529e-10,5.667766990730098e-10,5.667748137006325e-10,5.667729283607211e-10,5.667710430532754e-10,5.667691577782935e-10,5.667672725357751e-10,5.667653873257199e-10,5.667635021481275e-10,5.667616170029966e-10,5.667597318903263e-10,5.667578468101173e-10,5.667559617623671e-10,5.667540767470769e-10,5.667521917642446e-10,5.667503068138703e-10,5.667484218959526e-10,5.667465370104918e-10,5.667446521574861e-10,5.667427673369358e-10,5.6674088254884e-10,5.667389977931979e-10,5.667371130700088e-10,5.66735228379272e-10,5.66733343720987e-10,5.667314590951533e-10,5.667295745017694e-10,5.667276899408352e-10,5.667258054123507e-10,5.667239209163144e-10,5.667220364527257e-10,5.667201520215838e-10,5.667182676228884e-10,5.667163832566391e-10,5.667144989228347e-10,5.667126146214743e-10,5.667107303525579e-10,5.667088461160846e-10,5.667069619120539e-10,5.66705077740465e-10,5.667031936013167e-10,5.66701309494609e-10,5.66699425420341e-10,5.666975413785119e-10,5.666956573691214e-10,5.666937733921688e-10,5.66691889447653e-10,5.666900055355734e-10,5.666881216559301e-10,5.666862378087213e-10,5.666843539939471e-10,5.666824702116065e-10,5.666805864616991e-10,5.666787027442241e-10,5.666768190591805e-10,5.666749354065686e-10,5.66673051786387e-10,5.666711681986348e-10,5.66669284643312e-10,5.666674011204171e-10,5.666655176299503e-10,5.666636341719105e-10,5.666617507462974e-10,5.666598673531096e-10,5.66657983992347e-10,5.66656100664009e-10,5.666542173680942e-10,5.666523341046029e-10,5.66650450873534e-10,5.666485676748866e-10,5.666466845086609e-10,5.666448013748548e-10,5.66642918273469e-10,5.666410352045022e-10,5.666391521679535e-10,5.666372691638226e-10,5.666353861921087e-10,5.666335032528116e-10,5.6663162034593e-10,5.66629737471464e-10,5.666278546294124e-10,5.666259718197736e-10,5.666240890425487e-10,5.666222062977358e-10,5.666203235853349e-10,5.666184409053449e-10,5.666165582577651e-10,5.666146756425955e-10,5.666127930598351e-10,5.666109105094826e-10,5.666090279915379e-10,5.666071455060004e-10,5.666052630528694e-10,5.666033806321443e-10,5.666014982438241e-10,5.665996158879083e-10,5.665977335643962e-10,5.665958512732876e-10,5.665939690145811e-10,5.665920867882766e-10,5.665902045946504e-10,5.665883224331466e-10,5.665864403040429e-10,5.665845582073368e-10,5.665826761430312e-10,5.665807941111231e-10,5.665789121116123e-10,5.665770301444979e-10,5.66575148209779e-10,5.665732663074554e-10,5.665713844377003e-10,5.665695026001651e-10,5.665676207950229e-10,5.665657390222731e-10,5.665638572819616e-10,5.665619755739939e-10,5.665600938984173e-10,5.66558212255231e-10,5.665563306444337e-10,5.665544490660245e-10,5.665525675200033e-10,5.665506860068818e-10,5.665488045256297e-10,5.665469230767679e-10,5.665450416602915e-10,5.66543160276199e-10,5.665412789244906e-10,5.665393976051655e-10,5.665375163182226e-10,5.665356350636619e-10,5.66533753841482e-10,5.665318726516813e-10,5.665299914942618e-10,5.665281103713525e-10,5.6652622927869e-10,5.665243482184055e-10,5.665224671904987e-10,5.665205861949681e-10,5.665187052318136e-10,5.665168243010342e-10,5.665149434026294e-10,5.665130625366018e-10,5.665111817029315e-10,5.665093009016383e-10,5.665074201335517e-10,5.665055393970128e-10,5.665036586928273e-10,5.665017780210257e-10,5.66499897381593e-10,5.664980167745286e-10,5.664961361998321e-10,5.664942556578567e-10,5.664923751478942e-10,5.664904946702971e-10,5.664886142250308e-10,5.664867338121637e-10,5.664848534316604e-10,5.664829730835176e-10,5.664810927673503e-10,5.664792124832976e-10,5.664773322312631e-10,5.664754520116299e-10,5.664735718252959e-10,5.66471691671321e-10,5.664698115497052e-10,5.664679314604468e-10,5.664660514035454e-10,5.664641713790009e-10,5.664622913868122e-10,5.66460411426979e-10,5.664585314995003e-10,5.664566516043749e-10,5.664547717416034e-10,5.664528919111843e-10,5.664510121131171e-10,5.664491323474012e-10,5.664472526140354e-10,5.664453729130199e-10,5.664434932443536e-10,5.664416136080361e-10,5.664397340040667e-10,5.664378544324441e-10,5.664359748931682e-10,5.664340953862329e-10,5.664322159116482e-10,5.664303364692052e-10,5.664284570594805e-10,5.664265776818603e-10,5.664246983366526e-10,5.664228190352838e-10,5.664209397546547e-10,5.664190605064684e-10,5.664171812906217e-10,5.664153021071144e-10,5.664134229614823e-10,5.664115438488916e-10,5.664096647623977e-10,5.664077857082406e-10,5.664059066864193e-10,5.664040276969342e-10,5.664021487397833e-10,5.664002698149661e-10,5.663983909224824e-10,5.663965120623312e-10,5.663946332344498e-10,5.663927544390692e-10,5.663908756760034e-10,5.663889969451766e-10,5.663871182466788e-10,5.663852395805098e-10,5.663833609466685e-10,5.663814823451549e-10,5.663796037759682e-10,5.663777252391071e-10,5.663758467345715e-10,5.663739682623608e-10,5.663720898224739e-10,5.663702114149103e-10,5.663683330396695e-10,5.663664546967506e-10,5.663645763861533e-10,5.663626981078764e-10,5.663608198619198e-10,5.663589416482828e-10,5.663570634669622e-10,5.663551853179598e-10,5.66353307201275e-10,5.663514291169064e-10,5.66349551064856e-10,5.663476730451208e-10,5.66345795057701e-10,5.66343917102595e-10,5.663420391798025e-10,5.663401612893223e-10,5.663382834311545e-10,5.663364056052981e-10,5.663345278117525e-10,5.663326500505172e-10,5.663307723215912e-10,5.663288946249741e-10,5.663270169606648e-10,5.663251393286633e-10,5.663232617289683e-10,5.663213841615797e-10,5.663195066264963e-10,5.663176291237177e-10,5.663157516532429e-10,5.663138742150721e-10,5.663119968092041e-10,5.663101194356383e-10,5.663082420943741e-10,5.663063647854099e-10,5.663044875087467e-10,5.663026102643826e-10,5.663007330523174e-10,5.662988558725503e-10,5.662969787250809e-10,5.662951016064656e-10,5.662932245235903e-10,5.662913474730099e-10,5.662894704547242e-10,5.662875934687326e-10,5.662857165150342e-10,5.662838395936289e-10,5.662819627045157e-10,5.66280085847694e-10,5.662782090231634e-10,5.662763322309228e-10,5.66274455470972e-10,5.662725787433093e-10,5.662707020479357e-10,5.662688253848494e-10,5.6626694875405e-10,5.662650721555367e-10,5.662631955903321e-10,5.662613190563888e-10,5.662594425547302e-10,5.662575660852389e-10,5.662556896481472e-10,5.662538132433371e-10,5.662519368706936e-10,5.662500605304465e-10,5.662481842224037e-10,5.662463079467177e-10,5.662444317033103e-10,5.662425554921805e-10,5.662406793133282e-10,5.66238803166752e-10,5.662369270383256e-10,5.662350509563052e-10,5.66233174906558e-10,5.662312988890845e-10,5.662294229038841e-10,5.662275469509573e-10,5.662256710303094e-10,5.662237951349268e-10,5.662219192788144e-10,5.662200434549723e-10,5.662181676634003e-10,5.662162919040973e-10,5.662144161770628e-10,5.662125404822956e-10,5.662106648197955e-10,5.662087891895599e-10,5.662069135915923e-10,5.662050380258894e-10,5.662031624924513e-10,5.662012869912765e-10,5.66199411522365e-10,5.661975360857158e-10,5.661956606813286e-10,5.661937853092022e-10,5.661919099693364e-10,5.661900346617303e-10,5.661881593863832e-10,5.661862841432945e-10,5.661844089324639e-10,5.661825337538901e-10,5.661806586075727e-10,5.661787834935113e-10,5.661769084117049e-10,5.661750333621528e-10,5.66173158344855e-10,5.661712833598098e-10,5.661694084070173e-10,5.661675334864764e-10,5.66165658598186e-10,5.661637837421475e-10,5.661619089183579e-10,5.661600341268178e-10,5.661581593673794e-10,5.66156284640336e-10,5.661544099455393e-10,5.661525352829894e-10,5.661506606526854e-10,5.661487860546266e-10,5.661469114888119e-10,5.661450369552418e-10,5.661431624539146e-10,5.661412879848301e-10,5.66139413547987e-10,5.661375391433857e-10,5.661356647710245e-10,5.661337904309034e-10,5.661319161230216e-10,5.661300418473785e-10,5.661281676039734e-10,5.661262933928055e-10,5.661244192138737e-10,5.661225450671782e-10,5.661206709527181e-10,5.661187968704926e-10,5.661169228205008e-10,5.661150488027428e-10,5.661131748172166e-10,5.661113008639228e-10,5.661094269428609e-10,5.661075530540289e-10,5.661056791974274e-10,5.66103805373061e-10,5.661019315809167e-10,5.661000578210008e-10,5.660981840933123e-10,5.660963103978509e-10,5.660944367349598e-10,5.660925631039495e-10,5.660906895051641e-10,5.660888159397332e-10,5.66086942405396e-10,5.660850689032808e-10,5.660831954333877e-10,5.660813219957159e-10,5.660794485902643e-10,5.660775752170331e-10,5.660757018760215e-10,5.660738285662968e-10,5.660719552898056e-10,5.660700820454486e-10,5.660682088333078e-10,5.66066335653383e-10,5.660644625056743e-10,5.6606258939018e-10,5.660607163068999e-10,5.660588432558169e-10,5.660569702369631e-10,5.660550972503212e-10,5.660532242958913e-10,5.660513513736717e-10,5.660494784836627e-10,5.660476056258628e-10,5.660457328002484e-10,5.660438600068666e-10,5.660419872456933e-10,5.660401145221898e-10,5.660382418254887e-10,5.660363691609332e-10,5.660344965285777e-10,5.660326239284294e-10,5.660307513771583e-10,5.660288788579879e-10,5.660270063702064e-10,5.660251339140165e-10,5.660232614745003e-10,5.660213890674992e-10,5.660195166927815e-10,5.660176443502644e-10,5.660157720399466e-10,5.660138997618042e-10,5.660120275158583e-10,5.660101553021092e-10,5.660082831205555e-10,5.660064109711967e-10,5.660045388540321e-10,5.660026667690616e-10,5.660007947162837e-10,5.659989226956983e-10,5.659970507073046e-10,5.659951787511019e-10,5.659933068270896e-10,5.65991434935267e-10,5.659895630756336e-10,5.659876912481884e-10,5.659858194529309e-10,5.659839476898602e-10,5.659820759589764e-10,5.659802043646184e-10,5.659783328042229e-10,5.659764611698899e-10,5.659745895677414e-10,5.659727179977753e-10,5.659708464570622e-10,5.659689749513554e-10,5.659671034779353e-10,5.659652320366956e-10,5.659633606270451e-10,5.65961489250161e-10,5.659596179054587e-10,5.659577465925215e-10,5.659558753121741e-10,5.659540040640034e-10,5.659521328480085e-10,5.65950261664189e-10,5.659483905125438e-10,5.659465193929517e-10,5.659446483056535e-10,5.659427772501236e-10,5.659409062264176e-10,5.659390352356354e-10,5.659371642770237e-10,5.659352933505814e-10,5.65933422456309e-10,5.659315515942047e-10,5.659296807642686e-10,5.659278099665e-10,5.659259392008973e-10,5.659240684674613e-10,5.659221977674817e-10,5.659203270978243e-10,5.659184564608813e-10,5.659165858561017e-10,5.659147152834851e-10,5.659128447430303e-10,5.659109742347371e-10,5.659091037586487e-10,5.659072333146764e-10,5.659053629028634e-10,5.659034925232091e-10,5.65901622175713e-10,5.658997518603741e-10,5.658978815771917e-10,5.658960113261656e-10,5.658941411065295e-10,5.658922709198164e-10,5.658904007652554e-10,5.658885306428473e-10,5.658866605525916e-10,5.658847904950908e-10,5.65882920469139e-10,5.658810504753375e-10,5.658791805136862e-10,5.658773105841842e-10,5.658754406868244e-10,5.658735708381195e-10,5.658717010049906e-10,5.658698312040798e-10,5.658679614353151e-10,5.65866091698696e-10,5.65864221994168e-10,5.658623523218377e-10,5.658604826779524e-10,5.658586130722373e-10,5.658567434963381e-10,5.658548739525784e-10,5.658530044409596e-10,5.65851134961481e-10,5.658492655141421e-10,5.658473960990646e-10,5.658455267160029e-10,5.65843657365079e-10,5.658417880462918e-10,5.65839918759641e-10,5.658380495049277e-10,5.658361802825474e-10,5.658343110922798e-10,5.658324419341675e-10,5.658305728081882e-10,5.658287037143413e-10,5.658268346526259e-10,5.658249656230418e-10,5.658230966255881e-10,5.65821227660264e-10,5.658193587270668e-10,5.65817489826e-10,5.658156209570611e-10,5.65813752120249e-10,5.658118833155636e-10,5.658100145430048e-10,5.658081458025703e-10,5.658062770939865e-10,5.658044084178e-10,5.658025397737367e-10,5.658006711618664e-10,5.657988025820475e-10,5.657969340343497e-10,5.657950655187727e-10,5.657931970353148e-10,5.657913285839766e-10,5.657894601647565e-10,5.657875917776552e-10,5.657857235271863e-10,5.657838552043167e-10,5.65781986913563e-10,5.657801186549241e-10,5.657782504283998e-10,5.65776382237355e-10,5.657745140750584e-10,5.657726459451581e-10,5.657707778470853e-10,5.657689097811241e-10,5.657670417472732e-10,5.657651737455326e-10,5.657633057759012e-10,5.657614378383459e-10,5.657595699329408e-10,5.657577020596337e-10,5.657558342175543e-10,5.657539664084598e-10,5.657520986314703e-10,5.657502308829989e-10,5.657483631702183e-10,5.657464954895412e-10,5.657446278409668e-10,5.657427602244943e-10,5.657408927437596e-10,5.657390252921157e-10,5.657371577719418e-10,5.657352902838676e-10,5.657334228278925e-10,5.657315554040153e-10,5.657296880122354e-10,5.657278206525525e-10,5.657259533249655e-10,5.65724086029474e-10,5.657222187660776e-10,5.657203515347752e-10,5.657184843355665e-10,5.657166171684504e-10,5.657147500334267e-10,5.657128829304946e-10,5.657110158596531e-10,5.657091488209023e-10,5.65707281814241e-10,5.65705414839668e-10,5.657035478971839e-10,5.657016809867874e-10,5.656998141243001e-10,5.65697947294585e-10,5.656960804805099e-10,5.656942136984558e-10,5.656923469480265e-10,5.656904802521888e-10,5.656886135663915e-10,5.656867469134706e-10,5.656848802918317e-10,5.656830137022707e-10,5.656811471447937e-10,5.656792806194163e-10,5.656774141260976e-10,5.656755476648573e-10,5.656736812356952e-10,5.656718148386098e-10,5.656699484736007e-10,5.656680821406675e-10,5.656662158398093e-10,5.656643495710257e-10,5.656624833343159e-10,5.656606171296793e-10,5.65658750957115e-10,5.656568848166229e-10,5.656550187148833e-10,5.656531526376661e-10,5.65651286593246e-10,5.656494205810343e-10,5.656475546008915e-10,5.656456886593992e-10,5.656438227433912e-10,5.656419568594497e-10,5.65640091007574e-10,5.656382251878454e-10,5.656363594000998e-10,5.656344936444181e-10,5.656326279207998e-10,5.65630762230212e-10,5.65628896571005e-10,5.656270309435724e-10,5.656251653482004e-10,5.656232997848889e-10,5.656214342536363e-10,5.656195687544422e-10,5.656177032873062e-10,5.656158378522185e-10,5.656139724491969e-10,5.656121070782312e-10,5.656102417393211e-10,5.656083764324656e-10,5.656065111576641e-10,5.656046459149163e-10,5.656027807042208e-10,5.656009155255779e-10,5.655990503789861e-10,5.655971852644455e-10,5.655953201819623e-10,5.655934551315213e-10,5.655915901131293e-10,5.655897251267853e-10,5.655878601724885e-10,5.655859952502371e-10,5.655841303600317e-10,5.655822655018739e-10,5.655804006757609e-10,5.65578535881698e-10,5.655766711196726e-10,5.655748063896906e-10,5.655729416917507e-10,5.655710770258523e-10,5.655692123919951e-10,5.655673477901784e-10,5.655654832204008e-10,5.655636186826624e-10,5.655617541769625e-10,5.655598897033003e-10,5.655580252616745e-10,5.655561608520859e-10,5.655542964745332e-10,5.655524321290151e-10,5.655505678155315e-10,5.655487035340816e-10,5.655468392846648e-10,5.655449750672804e-10,5.655431108819279e-10,5.655412467286065e-10,5.655393826073097e-10,5.655375185180486e-10,5.655356544609552e-10,5.655337904357525e-10,5.655319264425775e-10,5.655300624802644e-10,5.65528198551102e-10,5.655263346540064e-10,5.655244707890047e-10,5.655226069560191e-10,5.655207431549983e-10,5.655188793859991e-10,5.65517015649023e-10,5.655151519440691e-10,5.655132882711358e-10,5.655114246302231e-10,5.655095610213306e-10,5.65507697444457e-10,5.655058338996025e-10,5.655039703867659e-10,5.655021069059468e-10,5.655002434571444e-10,5.654983800403582e-10,5.654965166555867e-10,5.654946533028301e-10,5.65492789982088e-10,5.654909266933591e-10,5.654890634366432e-10,5.654872002094041e-10,5.654853370167117e-10,5.654834738562388e-10,5.654816107275675e-10,5.654797476308726e-10,5.654778845662195e-10,5.654760215335743e-10,5.654741585329372e-10,5.654722955643064e-10,5.654704326335743e-10,5.654685697289554e-10,5.654667068563411e-10,5.654648440157313e-10,5.654629812071251e-10,5.654611184305218e-10,5.654592556859211e-10,5.654573929732734e-10,5.654555302926751e-10,5.65453667644077e-10,5.65451805027479e-10,5.654499424428796e-10,5.654480798902786e-10,5.654462173696754e-10,5.654443548810691e-10,5.654424924244594e-10,5.654406299998453e-10,5.654387676072259e-10,5.654369052466014e-10,5.654350429179705e-10,5.65433180621333e-10,5.654313183566876e-10,5.654294561240343e-10,5.65427593923958e-10,5.654257317552861e-10,5.654238696186063e-10,5.654220075139137e-10,5.654201454412092e-10,5.654182834004747e-10,5.654164213917451e-10,5.654145594148386e-10,5.654126974680967e-10,5.654108355553346e-10,5.654089736745577e-10,5.654071118257548e-10,5.654052500103739e-10,5.654033882255364e-10,5.65401526472662e-10,5.653996647517884e-10,5.653978030628957e-10,5.653959414058268e-10,5.65394079780892e-10,5.653922181879559e-10,5.653903566269791e-10,5.653884950979746e-10,5.653866336009529e-10,5.65384772135906e-10,5.65382910702835e-10,5.653810493017385e-10,5.653791879326163e-10,5.653773266098225e-10,5.653754653046492e-10,5.653736040314462e-10,5.65371742790056e-10,5.653698815807945e-10,5.653680204035136e-10,5.653661592581916e-10,5.653642981301963e-10,5.653624370488245e-10,5.653605759988669e-10,5.653587149814137e-10,5.653568539959298e-10,5.653549930424089e-10,5.653531321208556e-10,5.653512712312665e-10,5.653494103736414e-10,5.653475495479793e-10,5.653456887542791e-10,5.653438279938987e-10,5.653419672660165e-10,5.653401065702495e-10,5.653382459043901e-10,5.653363852704823e-10,5.653345246685422e-10,5.653326640985599e-10,5.653308035605347e-10,5.653289430544668e-10,5.653270825803543e-10,5.653252221381968e-10,5.653233617279938e-10,5.653215013497449e-10,5.653196410034489e-10,5.653177806891057e-10,5.653159204067144e-10,5.65314060156274e-10,5.653121999377841e-10,5.653103397512442e-10,5.653084795966541e-10,5.653066194740122e-10,5.653047593833181e-10,5.653028993245716e-10,5.653010392977716e-10,5.652991793029178e-10,5.652973193400089e-10,5.65295459409045e-10,5.652935995100251e-10,5.652917396429487e-10,5.652898798078148e-10,5.652880200046231e-10,5.652861602333728e-10,5.652843004940634e-10,5.652824407866937e-10,5.652805811112638e-10,5.652787214677727e-10,5.652768618562196e-10,5.652750022758738e-10,5.652731427280196e-10,5.652712832122769e-10,5.652694237284697e-10,5.652675642765979e-10,5.652657048566604e-10,5.652638454686561e-10,5.652619861125846e-10,5.652601267884452e-10,5.652582674962379e-10,5.652564082359617e-10,5.652545490076157e-10,5.652526898111991e-10,5.652508306467116e-10,5.652489715141523e-10,5.652471124135212e-10,5.652452533448166e-10,5.652433943080388e-10,5.652415353031868e-10,5.652396763302594e-10,5.652378173892567e-10,5.652359584801775e-10,5.652340996030219e-10,5.652322407555259e-10,5.652303819397205e-10,5.652285231563033e-10,5.652266644039649e-10,5.652248056864153e-10,5.652229469988855e-10,5.652210883432964e-10,5.652192297202664e-10,5.652173711303892e-10,5.652155125724286e-10,5.652136540463846e-10,5.652117955570904e-10,5.652099370950518e-10,5.652080786647516e-10,5.652062202513443e-10,5.652043618848699e-10,5.652025035503074e-10,5.652006452476567e-10,5.651987869769166e-10,5.651969287380866e-10,5.651950705311656e-10,5.651932123561481e-10,5.651913542130443e-10,5.651894961018478e-10,5.651876380225599e-10,5.651857799751765e-10,5.651839219596987e-10,5.651820639761256e-10,5.651802060200001e-10,5.651783481002352e-10,5.65176490212138e-10,5.651746323554042e-10,5.651727745313449e-10,5.651709167391868e-10,5.651690589789292e-10,5.651672012505712e-10,5.651653435541126e-10,5.65163485889552e-10,5.651616282568903e-10,5.651597706561246e-10,5.651579130870358e-10,5.651560555500617e-10,5.651541980449832e-10,5.651523405717991e-10,5.651504831305084e-10,5.651486257211112e-10,5.651467683436061e-10,5.651449109979929e-10,5.651430536842707e-10,5.651411964024419e-10,5.651393391525037e-10,5.651374819344548e-10,5.651356247482939e-10,5.651337675940514e-10,5.651319104716966e-10,5.651300533812288e-10,5.651281963226468e-10,5.651263392959508e-10,5.651244823011393e-10,5.651226253382121e-10,5.651207684071679e-10,5.651189115080064e-10,5.651170546406916e-10,5.651151978052585e-10,5.651133410017059e-10,5.651114842300332e-10,5.6510962749024e-10,5.651077707823253e-10,5.651059141062892e-10,5.651040574621305e-10,5.651022008498485e-10,5.651003442694423e-10,5.650984877209116e-10,5.65096631204256e-10,5.650947747194745e-10,5.650929182665666e-10,5.650910618455314e-10,5.650892054563687e-10,5.650873490990774e-10,5.650854927736569e-10,5.650836364801068e-10,5.650817802184262e-10,5.650799239886147e-10,5.650780677906715e-10,5.650762116245961e-10,5.650743554903875e-10,5.650724993880452e-10,5.650706433175687e-10,5.650687872789573e-10,5.650669312722103e-10,5.650650752973275e-10,5.650632193543069e-10,5.650613634431492e-10,5.650595075638532e-10,5.650576517164184e-10,5.650557959008442e-10,5.650539401171296e-10,5.650520843652743e-10,5.650502286452777e-10,5.65048372957139e-10,5.650465173008571e-10,5.650446616764325e-10,5.650428060838633e-10,5.650409505231495e-10,5.650390949942901e-10,5.65037239497285e-10,5.650353840321331e-10,5.650335285988338e-10,5.650316731973866e-10,5.650298178277908e-10,5.650279624900455e-10,5.650261071841505e-10,5.650242519101049e-10,5.650223966679079e-10,5.650205414575756e-10,5.650186862789083e-10,5.650168311322534e-10,5.65014976017445e-10,5.650131209344824e-10,5.650112658833642e-10,5.650094108640907e-10,5.6500755587666e-10,5.65005700921073e-10,5.650038459973282e-10,5.650019911054247e-10,5.650001362453622e-10,5.6499828141714e-10,5.649964266207579e-10,5.649945718562142e-10,5.649927171235088e-10,5.649908624226413e-10,5.649890077536112e-10,5.649871531164171e-10,5.649852985110587e-10,5.649834439375357e-10,5.649815893958467e-10,5.649797348859918e-10,5.649778804079697e-10,5.649760259617802e-10,5.64974171547423e-10,5.649723171648966e-10,5.64970462814201e-10,5.649686084953355e-10,5.649667542082987e-10,5.649648999530907e-10,5.649630457297101e-10,5.649611915381577e-10,5.649593373784311e-10,5.649574832505311e-10,5.649556291544562e-10,5.649537750902062e-10,5.649519210577799e-10,5.64950067057177e-10,5.649482130883967e-10,5.649463591514386e-10,5.649445052463016e-10,5.64942651372986e-10,5.649407975314904e-10,5.649389437218144e-10,5.64937089943957e-10,5.649352361979177e-10,5.64933382483696e-10,5.649315287953635e-10,5.649296751447743e-10,5.649278215259762e-10,5.649259679390192e-10,5.649241143838752e-10,5.649222608605568e-10,5.649204073690396e-10,5.649185539093352e-10,5.649167004814417e-10,5.649148470853597e-10,5.649129937210876e-10,5.649111403886258e-10,5.649092870879728e-10,5.649074338191279e-10,5.649055805820913e-10,5.649037273768615e-10,5.649018742034384e-10,5.649000210618209e-10,5.648981679520083e-10,5.648963148740003e-10,5.648944618277963e-10,5.648926088133959e-10,5.648907558307975e-10,5.648889028800016e-10,5.648870499610068e-10,5.648851970738125e-10,5.648833442184181e-10,5.648814913948226e-10,5.648796386030262e-10,5.648777858430281e-10,5.64875933114827e-10,5.648740804184227e-10,5.648722277538144e-10,5.648703751210015e-10,5.648685225199836e-10,5.648666699507594e-10,5.648648174133288e-10,5.648629649076915e-10,5.648611124338455e-10,5.648592599917918e-10,5.64857407581204e-10,5.648555552024362e-10,5.648537028554857e-10,5.648518505403461e-10,5.648499982570166e-10,5.648481460055005e-10,5.648462937858104e-10,5.648444415979193e-10,5.648425894418427e-10,5.648407373175804e-10,5.648388852251262e-10,5.648370331644897e-10,5.648351811356623e-10,5.648333291386349e-10,5.648314771734239e-10,5.648296252400183e-10,5.648277733384118e-10,5.648259214686125e-10,5.648240696306242e-10,5.648222178244353e-10,5.648203660500458e-10,5.648185143074669e-10,5.648166625966823e-10,5.648148109176885e-10,5.648129592704981e-10,5.648111076551074e-10,5.648092560715172e-10,5.648074045197235e-10,5.648055529997263e-10,5.64803701511526e-10,5.648018500551168e-10,5.647999986305095e-10,5.647981472376911e-10,5.647962958766682e-10,5.647944445474336e-10,5.647925932499897e-10,5.647907419843376e-10,5.647888907504753e-10,5.647870395484043e-10,5.647851883781244e-10,5.647833372396218e-10,5.647814861329117e-10,5.647796350579881e-10,5.647777840148454e-10,5.647759330034886e-10,5.647740820239123e-10,5.647722310761203e-10,5.647703801601114e-10,5.647685292758829e-10,5.647666784234375e-10,5.647648276027641e-10,5.647629768138707e-10,5.647611260567567e-10,5.647592753314278e-10,5.64757424636906e-10,5.647555739741402e-10,5.647537233431284e-10,5.647518727438706e-10,5.647500221763658e-10,5.647481716406137e-10,5.647463211366134e-10,5.647444706643643e-10,5.647426202238661e-10,5.647407698151178e-10,5.647389194381137e-10,5.64737069097722e-10,5.647352187842186e-10,5.647333685014916e-10,5.647315182514832e-10,5.647296680332423e-10,5.64727817851376e-10,5.647259676966034e-10,5.647241175785828e-10,5.647222674947931e-10,5.647204174392284e-10,5.647185674173388e-10,5.647167174250995e-10,5.647148674702111e-10,5.647130175376343e-10,5.647111676367963e-10,5.647093177676974e-10,5.647074679303364e-10,5.647056181247135e-10,5.647037683508272e-10,5.647019186086776e-10,5.647000688982633e-10,5.64698219219584e-10,5.646963695726392e-10,5.64694519957428e-10,5.646926703739501e-10,5.646908208222048e-10,5.646889713021914e-10,5.646871218139085e-10,5.646852723573562e-10,5.646834229325346e-10,5.646815735394412e-10,5.646797241780765e-10,5.6467787484844e-10,5.646760255505306e-10,5.64674176284348e-10,5.646723270498915e-10,5.646704778471599e-10,5.646686286761532e-10,5.646667795368705e-10,5.646649304293114e-10,5.646630813534748e-10,5.6466123230936e-10,5.646593832969668e-10,5.646575343162948e-10,5.646556853673425e-10,5.6465383645011e-10,5.646519875645959e-10,5.646501387108e-10,5.64648289888722e-10,5.646464410983609e-10,5.646445923302372e-10,5.646427436054932e-10,5.646408949102786e-10,5.646390462467836e-10,5.646371976150232e-10,5.646353490149488e-10,5.64633500446591e-10,5.646316519099461e-10,5.64629803405008e-10,5.646279549317801e-10,5.64626106490262e-10,5.646242580804482e-10,5.646224096992239e-10,5.646205613528166e-10,5.646187130382034e-10,5.646168647552247e-10,5.646150165039513e-10,5.646131682843902e-10,5.646113200966919e-10,5.646094719408415e-10,5.64607623816384e-10,5.646057757231415e-10,5.646039276545133e-10,5.6460207962517e-10,5.646002316275204e-10,5.64598383649005e-10,5.645965357147561e-10,5.645946878001989e-10,5.645928399293464e-10,5.645909920901916e-10,5.645891442827332e-10,5.645872965069711e-10,5.645854487629044e-10,5.645836010505327e-10,5.645817533698555e-10,5.645799057208717e-10,5.645780581035805e-10,5.645762105179817e-10,5.645743629640743e-10,5.645725154418583e-10,5.645706679513323e-10,5.645688204924963e-10,5.645669730653494e-10,5.645651256698909e-10,5.645632783061197e-10,5.64561430974036e-10,5.645595836736388e-10,5.645577364049269e-10,5.645558891679008e-10,5.645540419625591e-10,5.645521947889011e-10,5.645503476469257e-10,5.645485005366335e-10,5.645466534580233e-10,5.645448064110941e-10,5.645429593958457e-10,5.645411124122776e-10,5.645392654603884e-10,5.645374185401783e-10,5.645355716516456e-10,5.645337247947908e-10,5.645318779696124e-10,5.6453003117611e-10,5.645281844142834e-10,5.645263376841317e-10,5.645244909856539e-10,5.645226443188498e-10,5.645207976837185e-10,5.645189510802591e-10,5.645171045084715e-10,5.64515257968355e-10,5.645134114599087e-10,5.645115649831319e-10,5.645097185380243e-10,5.645078721245849e-10,5.645060257428132e-10,5.645041793927084e-10,5.645023330742702e-10,5.64500486787498e-10,5.644986405323901e-10,5.644967943089471e-10,5.644949481171684e-10,5.644931019570524e-10,5.644912558285988e-10,5.644894097318071e-10,5.644875636666767e-10,5.644857176332069e-10,5.644838716313972e-10,5.64482025661247e-10,5.64480179722755e-10,5.644783338159214e-10,5.644764879407446e-10,5.644746420972246e-10,5.644727962853608e-10,5.644709505051526e-10,5.644691047565988e-10,5.644672590396993e-10,5.644654133544532e-10,5.644635677008597e-10,5.644617220789185e-10,5.644598764886289e-10,5.644580309299906e-10,5.644561854030021e-10,5.64454339907663e-10,5.644524944439731e-10,5.644506490119316e-10,5.644488036115376e-10,5.644469582427904e-10,5.644451129056897e-10,5.644432676002352e-10,5.644414223264253e-10,5.644395770842598e-10,5.644377318737383e-10,5.644358866948596e-10,5.644340415476236e-10,5.644321964320295e-10,5.644303513480763e-10,5.64428506295764e-10,5.644266612750915e-10,5.644248162860581e-10,5.644229713286633e-10,5.644211264029064e-10,5.644192815087871e-10,5.644174366463042e-10,5.644155918154575e-10,5.644137470162461e-10,5.644119022486695e-10,5.644100575127271e-10,5.644082128084178e-10,5.644063681357418e-10,5.644045234946976e-10,5.644026788852847e-10,5.644008343075031e-10,5.643989897613513e-10,5.643971452468293e-10,5.643953007639361e-10,5.643934563126712e-10,5.643916118930343e-10,5.64389767505024e-10,5.643879231486399e-10,5.643860788238819e-10,5.64384234530749e-10,5.643823902692402e-10,5.643805460393551e-10,5.643787018410401e-10,5.643768576743475e-10,5.643750135392771e-10,5.643731694358272e-10,5.643713253639978e-10,5.643694813237877e-10,5.643676373151963e-10,5.643657933382239e-10,5.643639493928697e-10,5.643621054791318e-10,5.643602615970104e-10,5.643584177465053e-10,5.643565739276151e-10,5.643547301403393e-10,5.643528863846779e-10,5.64351042660629e-10,5.64349198968192e-10,5.643473553073682e-10,5.643455116781553e-10,5.643436680805525e-10,5.643418245146172e-10,5.643399809803453e-10,5.643381374776244e-10,5.643362940065155e-10,5.643344505670149e-10,5.643326071591206e-10,5.643307637833077e-10,5.643289204386235e-10,5.643270771255507e-10,5.643252338444159e-10,5.643233905945534e-10,5.643215473762872e-10,5.643197041896242e-10,5.643178610345628e-10,5.643160179111025e-10,5.643141748192429e-10,5.643123317589831e-10,5.643104887303226e-10,5.643086457332603e-10,5.643068027677961e-10,5.643049598339292e-10,5.64303116931659e-10,5.643012740609848e-10,5.642994312219059e-10,5.642975884144216e-10,5.642957456385318e-10,5.642939028942356e-10,5.642920601815335e-10,5.642902175004222e-10,5.642883748509018e-10,5.642865322329725e-10,5.642846896466333e-10,5.642828470918838e-10,5.642810045687231e-10,5.642791620771507e-10,5.642773196171663e-10,5.642754771887623e-10,5.642736347919507e-10,5.64271792426725e-10,5.64269950093084e-10,5.642681077910278e-10,5.642662655205552e-10,5.642644232817389e-10,5.642625810744316e-10,5.642607388943539e-10,5.642588967502098e-10,5.642570546376463e-10,5.64255212556663e-10,5.642533705072587e-10,5.642515284894319e-10,5.642496865031837e-10,5.642478445484412e-10,5.642460026253473e-10,5.642441607338296e-10,5.642423188738876e-10,5.642404770437539e-10,5.642386352469604e-10,5.642367934817406e-10,5.642349517478301e-10,5.642331100457541e-10,5.642312683752503e-10,5.642294267363196e-10,5.642275851289574e-10,5.642257435531643e-10,5.642239020089406e-10,5.64222060496285e-10,5.642202190151971e-10,5.642183775656762e-10,5.642165361477215e-10,5.642146947613326e-10,5.642128534065089e-10,5.64211012099852e-10,5.642091708081559e-10,5.642073295480233e-10,5.642054883194532e-10,5.642036472226179e-10,5.642018060572068e-10,5.641999649233183e-10,5.641981238210233e-10,5.641962827502541e-10,5.641944417110435e-10,5.641926007033908e-10,5.641907597278358e-10,5.641889187832975e-10,5.64187077870315e-10,5.641852369888879e-10,5.641833961390159e-10,5.641815553413604e-10,5.641797145545954e-10,5.641778737975932e-10,5.641760330739331e-10,5.64174192381825e-10,5.641723517212994e-10,5.641705110893985e-10,5.641686704919411e-10,5.641668299260324e-10,5.641649893920022e-10,5.641631488891894e-10,5.64161308417924e-10,5.641594679782262e-10,5.641576275700534e-10,5.641557871934252e-10,5.64153946848344e-10,5.641521065348041e-10,5.641502662528074e-10,5.641484260023529e-10,5.641465857834407e-10,5.641447455960694e-10,5.641429054402388e-10,5.641410653159483e-10,5.641392252231967e-10,5.641373851619844e-10,5.641355451323097e-10,5.641337051341725e-10,5.641318651675719e-10,5.641300252325111e-10,5.64128185328982e-10,5.641263454569882e-10,5.641245056165282e-10,5.64122665807602e-10,5.641208260302446e-10,5.641189862844073e-10,5.641171465700778e-10,5.64115306887279e-10,5.641134672360108e-10,5.641116276162721e-10,5.641097880280623e-10,5.641079484713814e-10,5.641061089462272e-10,5.641042694526009e-10,5.641024299905009e-10,5.641005905599266e-10,5.64098751160878e-10,5.640969117933538e-10,5.640950724573531e-10,5.640932331528755e-10,5.640913938799206e-10,5.640895546388567e-10,5.640877154289453e-10,5.64085876249818e-10,5.640840372054843e-10,5.640821980901319e-10,5.640803590062975e-10,5.640785199539813e-10,5.640766809331827e-10,5.640748419439845e-10,5.640730029871544e-10,5.640711640609038e-10,5.640693251661682e-10,5.640674863029468e-10,5.640656474715686e-10,5.640638086713692e-10,5.640619699026871e-10,5.640601311655159e-10,5.640582924570673e-10,5.640564537829178e-10,5.640546151417121e-10,5.640527765305816e-10,5.640509379509598e-10,5.640490994028453e-10,5.64047260886238e-10,5.640454224011372e-10,5.640435839475426e-10,5.640417455254534e-10,5.640399071348683e-10,5.640380687757875e-10,5.640362304482101e-10,5.640343921521351e-10,5.640325538866573e-10,5.640307156536534e-10,5.640288774493847e-10,5.640270392793141e-10,5.640252011407427e-10,5.640233630335101e-10,5.640215249579352e-10,5.64019686913859e-10,5.640178489012791e-10,5.640160109201956e-10,5.640141729706076e-10,5.640123350525147e-10,5.640104971659161e-10,5.640086593108109e-10,5.640068214871992e-10,5.640049836950798e-10,5.640031459344517e-10,5.640013082053153e-10,5.639994705076686e-10,5.639976328415128e-10,5.639957952068452e-10,5.639939576036668e-10,5.639921200319758e-10,5.639902824917726e-10,5.639884449830554e-10,5.639866075058246e-10,5.639847700600789e-10,5.639829326458181e-10,5.639810952630409e-10,5.639792579117479e-10,5.639774205919367e-10,5.639755833036083e-10,5.639737460467675e-10,5.639719088214049e-10,5.639700716275151e-10,5.639682344651088e-10,5.639663973341808e-10,5.639645602347317e-10,5.639627231668097e-10,5.639608861303149e-10,5.639590491262531e-10,5.639572121527633e-10,5.639553751846883e-10,5.639535382740895e-10,5.639517013949644e-10,5.639498645472633e-10,5.639480277310351e-10,5.63946190946279e-10,5.639443541929938e-10,5.6394251747118e-10,5.63940680780836e-10,5.63938844121962e-10,5.639370074945565e-10,5.639351708986194e-10,5.639333343341496e-10,5.639314978011468e-10,5.639296612996104e-10,5.639278248295394e-10,5.639259883909333e-10,5.639241519837917e-10,5.639223156081137e-10,5.639204792638994e-10,5.639186429511469e-10,5.63916806669856e-10,5.639149704200262e-10,5.639131342016564e-10,5.639112980147469e-10,5.63909461859297e-10,5.639076257353054e-10,5.639057896427717e-10,5.639039535816951e-10,5.639021175520748e-10,5.639002815539607e-10,5.63898445587302e-10,5.638966096520979e-10,5.638947737483476e-10,5.638929378760504e-10,5.638911020352059e-10,5.63889266225813e-10,5.638874304478718e-10,5.63885594701381e-10,5.638837589863404e-10,5.638819233027493e-10,5.638800876506071e-10,5.638782520299125e-10,5.638764164406657e-10,5.638745808828654e-10,5.638727453565116e-10,5.638709098616034e-10,5.638690743981399e-10,5.638672389661211e-10,5.638654035655454e-10,5.638635681964129e-10,5.638617328587226e-10,5.638598975524744e-10,5.638580622776668e-10,5.638562270342996e-10,5.638543918223724e-10,5.638525566418843e-10,5.638507214928351e-10,5.638488863752234e-10,5.638470512890487e-10,5.638452162343108e-10,5.638433812110091e-10,5.638415462191423e-10,5.638397112587106e-10,5.638378763297127e-10,5.638360414321483e-10,5.638342065660162e-10,5.638323717313162e-10,5.638305369280478e-10,5.638287021562105e-10,5.638268674158031e-10,5.638250327068253e-10,5.638231980292761e-10,5.638213633831557e-10,5.638195287684625e-10,5.638176941851963e-10,5.638158596333564e-10,5.638140251129422e-10,5.63812190623953e-10,5.638103561663885e-10,5.638085217402477e-10,5.638066873455299e-10,5.638048529822342e-10,5.638030186503606e-10,5.638011843499081e-10,5.637993500808768e-10,5.637975158432647e-10,5.637956816370726e-10,5.637938474622982e-10,5.637920133189351e-10,5.637901792069968e-10,5.637883451264749e-10,5.637865110773692e-10,5.637846770596785e-10,5.637828430734032e-10,5.637810091185417e-10,5.637791751950937e-10,5.637773413030588e-10,5.637755074424362e-10,5.637736736132248e-10,5.637718398154246e-10,5.637700060490345e-10,5.637681723140544e-10,5.637663386104831e-10,5.637645049383205e-10,5.637626712975654e-10,5.637608376882175e-10,5.63759004110276e-10,5.637571705637404e-10,5.637553370486103e-10,5.637535035648844e-10,5.637516701125626e-10,5.637498366916436e-10,5.637480033021275e-10,5.63746169944013e-10,5.637443366173008e-10,5.637425033219885e-10,5.637406700580767e-10,5.637388368255639e-10,5.637370036244503e-10,5.637351704547347e-10,5.637333373164165e-10,5.637315042094955e-10,5.637296711339702e-10,5.637278380898407e-10,5.637260050771065e-10,5.637241720957664e-10,5.637223391458199e-10,5.637205062272663e-10,5.637186733401054e-10,5.637168404843363e-10,5.637150076599584e-10,5.637131748669703e-10,5.637113421053726e-10,5.637095093751638e-10,5.637076766763532e-10,5.637058439974694e-10,5.637040113614247e-10,5.63702178744977e-10,5.637003461717057e-10,5.636985136299613e-10,5.636966811118466e-10,5.636948486323098e-10,5.636930161846579e-10,5.636911837553863e-10,5.636893513704948e-10,5.636875190170506e-10,5.636856866949684e-10,5.636838544037166e-10,5.636820221369136e-10,5.636801899088467e-10,5.636783577121656e-10,5.636765255468542e-10,5.636746934129195e-10,5.636728613103622e-10,5.636710292391799e-10,5.636691971993728e-10,5.636673651909374e-10,5.63665533213857e-10,5.636637012682017e-10,5.636618693538885e-10,5.636600374612733e-10,5.636582056097035e-10,5.636563737895046e-10,5.636545420006755e-10,5.636527102432159e-10,5.63650878517125e-10,5.63649046822402e-10,5.636472151590468e-10,5.636453835270581e-10,5.636435519264353e-10,5.636417203571785e-10,5.636398888192865e-10,5.636380573127586e-10,5.636362258375948e-10,5.636343943937938e-10,5.636325629813548e-10,5.636307316002777e-10,5.636289002505617e-10,5.63627068932206e-10,5.636252376452104e-10,5.636234063895738e-10,5.636215751652959e-10,5.636197439723757e-10,5.636179128108128e-10,5.636160816806062e-10,5.636142505817557e-10,5.636124195142607e-10,5.636105884781205e-10,5.63608757473334e-10,5.636069264999008e-10,5.636050955578204e-10,5.636032646470927e-10,5.636014337677158e-10,5.635996029196904e-10,5.635977721111814e-10,5.635959413316248e-10,5.63594110582244e-10,5.635922798635346e-10,5.635904491721824e-10,5.635886185133442e-10,5.635867878900575e-10,5.635849572928131e-10,5.635831267265135e-10,5.635812961919568e-10,5.635794656867881e-10,5.635776352149181e-10,5.635758047792692e-10,5.635739743755856e-10,5.635721439977464e-10,5.635703136512471e-10,5.635684833360873e-10,5.635666530522671e-10,5.63564822799786e-10,5.63562992578642e-10,5.635611623888356e-10,5.635593322303665e-10,5.635575021032335e-10,5.635556720074355e-10,5.63553841942973e-10,5.635520119106513e-10,5.635501819096449e-10,5.635483519399496e-10,5.63546522001557e-10,5.635446920944762e-10,5.635428622186974e-10,5.635410323742244e-10,5.635392025610541e-10,5.635373727791892e-10,5.635355430286214e-10,5.635337133093635e-10,5.635318836213976e-10,5.635300539647394e-10,5.635282243393759e-10,5.635263947453004e-10,5.63524565182536e-10,5.63522735651067e-10,5.635209061508954e-10,5.635190766820159e-10,5.6351724724443e-10,5.635154178381375e-10,5.635135884631381e-10,5.63511759119434e-10,5.63509929807011e-10,5.635081005258864e-10,5.635062712760468e-10,5.635044420574938e-10,5.635026128702316e-10,5.635007837142539e-10,5.634989545895668e-10,5.634971254961573e-10,5.634952964340399e-10,5.634934674031898e-10,5.634916384036347e-10,5.634898094353644e-10,5.634879804983727e-10,5.634861515926689e-10,5.634843227182269e-10,5.634824938750733e-10,5.634806650634826e-10,5.634788362832003e-10,5.634770075342263e-10,5.634751788165598e-10,5.634733501302e-10,5.634715214751466e-10,5.634696928513938e-10,5.634678642589505e-10,5.634660356978117e-10,5.634642071679762e-10,5.634623786694437e-10,5.634605502022141e-10,5.63458721766286e-10,5.634568933616589e-10,5.634550649883322e-10,5.634532366463051e-10,5.634514083355892e-10,5.634495800561596e-10,5.634477518080285e-10,5.634459235911947e-10,5.634440954056572e-10,5.634422672514156e-10,5.634404391284692e-10,5.634386110368181e-10,5.634367829764607e-10,5.634349549473969e-10,5.634331269496259e-10,5.634312989831467e-10,5.634294710455855e-10,5.634276431392656e-10,5.634258152641756e-10,5.634239874203185e-10,5.634221596076588e-10,5.634203318280824e-10,5.6341850407979e-10,5.634166763627795e-10,5.634148486779014e-10,5.634130210243093e-10,5.634111934020024e-10,5.634093658109797e-10,5.634075382512413e-10,5.634057107227857e-10,5.634038832256134e-10,5.634020557597223e-10,5.634002283251128e-10,5.633984009217838e-10,5.633965735497352e-10,5.633947462089656e-10,5.633929188994752e-10,5.633910916212627e-10,5.633892643743279e-10,5.633874371586703e-10,5.63385609974288e-10,5.633837828211819e-10,5.633819556993504e-10,5.633801286087936e-10,5.633783015495102e-10,5.633764745215003e-10,5.633746475247622e-10,5.633728205592966e-10,5.633709936251014e-10,5.63369166722177e-10,5.633673398503697e-10,5.63365513008253e-10,5.633636862004408e-10,5.63361859421498e-10,5.63360032674917e-10,5.633582059604361e-10,5.63356379273728e-10,5.633545526209434e-10,5.633527259994247e-10,5.633508994091701e-10,5.633490728501793e-10,5.633472463224514e-10,5.633454198259861e-10,5.633435933607815e-10,5.633417669268386e-10,5.633399405241554e-10,5.633381141527319e-10,5.633362878125679e-10,5.633344615036621e-10,5.633326352260142e-10,5.63330808979623e-10,5.633289827644888e-10,5.633271565806101e-10,5.63325330427987e-10,5.633235043066182e-10,5.633216782167052e-10,5.633198521578438e-10,5.633180261300623e-10,5.633162001337053e-10,5.633143741685999e-10,5.633125482347455e-10,5.633107223321408e-10,5.63308896460786e-10,5.633070706206797e-10,5.633052448118219e-10,5.633034190342783e-10,5.633015932879148e-10,5.632997675727982e-10,5.63297941888927e-10,5.632961162363006e-10,5.632942906149186e-10,5.632924650247803e-10,5.632906394658857e-10,5.632888139382334e-10,5.632869884418228e-10,5.632851629766534e-10,5.632833375427248e-10,5.632815121400361e-10,5.632796867685868e-10,5.63277861428376e-10,5.632760361194032e-10,5.632742108416675e-10,5.632723855951693e-10,5.632705603799071e-10,5.632687351958799e-10,5.632669100430881e-10,5.632650849215302e-10,5.632632598312062e-10,5.63261434772115e-10,5.63259609744256e-10,5.632577847476292e-10,5.632559597822331e-10,5.63254134848068e-10,5.632523099451319e-10,5.632504850734252e-10,5.632486602329471e-10,5.632468354236968e-10,5.632450106456734e-10,5.632431858988768e-10,5.632413611833064e-10,5.632395364989615e-10,5.63237711845841e-10,5.632358872239446e-10,5.632340626332719e-10,5.632322380738218e-10,5.632304135455936e-10,5.63228589048587e-10,5.632267645828013e-10,5.632249401482362e-10,5.632231157448904e-10,5.632212913727639e-10,5.632194670318555e-10,5.632176427221646e-10,5.632158184421653e-10,5.632139941935845e-10,5.632121699795775e-10,5.632103457947547e-10,5.632085216411469e-10,5.632066975187527e-10,5.632048734275714e-10,5.63203049367369e-10,5.632012253387623e-10,5.631994013412487e-10,5.631975773749458e-10,5.631957534398531e-10,5.631939295359695e-10,5.63192105663295e-10,5.631902818218286e-10,5.631884580115695e-10,5.631866342325165e-10,5.631848104846696e-10,5.631829867679979e-10,5.63181163082532e-10,5.631793394282697e-10,5.631775158052112e-10,5.631756922133549e-10,5.631738686526992e-10,5.63172045123245e-10,5.63170221624992e-10,5.631683981579394e-10,5.631665747220868e-10,5.631647513174338e-10,5.631629279439796e-10,5.63161104601723e-10,5.63159281290665e-10,5.631574580108022e-10,5.63155634762136e-10,5.631538115446656e-10,5.631519883583899e-10,5.631501652033081e-10,5.631483420794199e-10,5.631465189867244e-10,5.631446959251271e-10,5.631428728940787e-10,5.631410498949586e-10,5.63139226927029e-10,5.631374039902889e-10,5.631355810847381e-10,5.631337582103754e-10,5.631319353672011e-10,5.631301125552137e-10,5.631282897744132e-10,5.631264670247987e-10,5.631246443063692e-10,5.631228216191246e-10,5.63120998963064e-10,5.631191763381871e-10,5.631173537497448e-10,5.631155311915681e-10,5.631137086604914e-10,5.631118861595916e-10,5.631100636906223e-10,5.631082412528325e-10,5.631064188462212e-10,5.631045964707889e-10,5.63102774126534e-10,5.631009518134563e-10,5.630991295315548e-10,5.630973072808294e-10,5.630954850612787e-10,5.63093662872903e-10,5.630918407157009e-10,5.630900185896726e-10,5.630881964948167e-10,5.630863744311325e-10,5.630845523986197e-10,5.630827303972776e-10,5.63080908427106e-10,5.630790864881038e-10,5.630772645802703e-10,5.630754427036054e-10,5.630736208581077e-10,5.630717990437772e-10,5.630699772606125e-10,5.630681555086138e-10,5.630663337889422e-10,5.630645120992712e-10,5.630626904407651e-10,5.630608688134226e-10,5.630590472172427e-10,5.630572256522246e-10,5.630554041183678e-10,5.630535826156714e-10,5.630517611441353e-10,5.630499397037586e-10,5.630481182985888e-10,5.630462969205284e-10,5.630444755735425e-10,5.63042654257735e-10,5.630408329728131e-10,5.630390117193788e-10,5.630371904970993e-10,5.630353693058604e-10,5.630335481458889e-10,5.630317270170666e-10,5.630299059194004e-10,5.630280848528857e-10,5.630262638175221e-10,5.630244428133095e-10,5.630226218402465e-10,5.630208008983328e-10,5.630189799875676e-10,5.630171591079505e-10,5.630153382594804e-10,5.630135174421571e-10,5.630116966559795e-10,5.630098759009475e-10,5.630080551770599e-10,5.630062344843169e-10,5.630044138227173e-10,5.630025931922607e-10,5.630007725929461e-10,5.629989520247732e-10,5.629971314877414e-10,5.629953109818494e-10,5.629934905070976e-10,5.629916700634846e-10,5.629898496510103e-10,5.629880292696735e-10,5.629862089194739e-10,5.629843886004107e-10,5.629825683124837e-10,5.62980748055715e-10,5.629789278300577e-10,5.629771076355346e-10,5.629752874721447e-10,5.629734673398874e-10,5.629716472387621e-10,5.629698271687687e-10,5.629680071299059e-10,5.629661871221733e-10,5.629643671511251e-10,5.629625472070709e-10,5.629607272936581e-10,5.629589074104394e-10,5.629570875583506e-10,5.629552677358198e-10,5.62953447945444e-10,5.629516281862218e-10,5.629498084586326e-10,5.62947988762167e-10,5.629461690968249e-10,5.629443494626047e-10,5.629425298595074e-10,5.629407102874479e-10,5.629388907430858e-10,5.62937071233332e-10,5.629352518572759e-10,5.629334324154476e-10,5.629316130120582e-10,5.629297936267273e-10,5.629279742725801e-10,5.629261549495493e-10,5.629243356576345e-10,5.629225163968347e-10,5.629206971671492e-10,5.629188779685773e-10,5.629170588011184e-10,5.629152396647723e-10,5.629134205595383e-10,5.629116014996766e-10,5.629097824566574e-10,5.629079634446071e-10,5.629061444636764e-10,5.629043255139917e-10,5.629025066013485e-10,5.629006877138792e-10,5.628988688575163e-10,5.628970500322596e-10,5.628952312381086e-10,5.628934124751752e-10,5.628915937432337e-10,5.62889775042395e-10,5.628879563726595e-10,5.628861377340265e-10,5.628843191264951e-10,5.628825005500647e-10,5.628806820047348e-10,5.628788634905051e-10,5.628770450073743e-10,5.628752265553388e-10,5.628734081343995e-10,5.628715897445579e-10,5.628697713858179e-10,5.628679530581739e-10,5.628661347614134e-10,5.628643164959589e-10,5.628624982615989e-10,5.628606800589152e-10,5.628588618870146e-10,5.628570437459275e-10,5.628552256361372e-10,5.628534075575675e-10,5.628515895097533e-10,5.628497714929721e-10,5.628479535070147e-10,5.62846135552569e-10,5.628443176291159e-10,5.628424997367495e-10,5.628406818754701e-10,5.628388640452762e-10,5.628370462461678e-10,5.628352284781436e-10,5.628334107412039e-10,5.628315930353473e-10,5.628297753605737e-10,5.628279577168818e-10,5.628261401042718e-10,5.628243225227425e-10,5.628225049722937e-10,5.62820687452924e-10,5.628188699646335e-10,5.628170525074216e-10,5.62815235081287e-10,5.628134176862297e-10,5.628116003222488e-10,5.628097829893437e-10,5.628079656875119e-10,5.628061484167564e-10,5.628043311770748e-10,5.628025139684666e-10,5.628006967909294e-10,5.627988796444637e-10,5.627970625290716e-10,5.627952454447501e-10,5.627934283914987e-10,5.62791611369317e-10,5.627897943766579e-10,5.62787977416613e-10,5.627861604876358e-10,5.627843435897255e-10,5.627825267228816e-10,5.627807098871038e-10,5.627788930823904e-10,5.627770763087422e-10,5.627752595661571e-10,5.627734428546357e-10,5.627716261741768e-10,5.627698095247791e-10,5.627679929064433e-10,5.627661763191678e-10,5.627643597632958e-10,5.6276254323814e-10,5.627607267440429e-10,5.627589102809844e-10,5.627570938500457e-10,5.627552774491214e-10,5.62753461079253e-10,5.627516447404405e-10,5.62749828432449e-10,5.627480121557456e-10,5.627461959100955e-10,5.627443796942535e-10,5.627425635107094e-10,5.627407473582168e-10,5.627389312365012e-10,5.627371151334127e-10,5.627352990740715e-10,5.62733483045787e-10,5.627316670485445e-10,5.627298510823499e-10,5.627280351447548e-10,5.627262192406541e-10,5.627244033675996e-10,5.627225875255906e-10,5.627207717146265e-10,5.627189559347067e-10,5.62717140185831e-10,5.627153244679977e-10,5.62713508781207e-10,5.627116931222915e-10,5.627098774975684e-10,5.627080619039024e-10,5.627062463424562e-10,5.62704430810868e-10,5.627026153102697e-10,5.627007998421298e-10,5.626989844036546e-10,5.626971689962169e-10,5.626953536198143e-10,5.626935382744477e-10,5.626917229601163e-10,5.626899076768187e-10,5.626880924245544e-10,5.62686277203323e-10,5.626844620131262e-10,5.626826468539585e-10,5.626808317258219e-10,5.626790166287162e-10,5.626772015626399e-10,5.626753865275923e-10,5.626735715235738e-10,5.626717565505832e-10,5.6266994159132e-10,5.626681266803791e-10,5.626663117835849e-10,5.626644969346975e-10,5.626626821168369e-10,5.626608673300005e-10,5.626590525741878e-10,5.626572378493974e-10,5.626554231575846e-10,5.626536084948327e-10,5.626517938631073e-10,5.626499792624017e-10,5.626481646926927e-10,5.62646350154026e-10,5.62644535646081e-10,5.626427211693972e-10,5.626409067237834e-10,5.626390923091866e-10,5.626372779256053e-10,5.626354635730392e-10,5.626336492514881e-10,5.62631834960951e-10,5.626300207014268e-10,5.626282064729153e-10,5.626263922754165e-10,5.626245781089288e-10,5.6262276398035e-10,5.626209498758835e-10,5.626191358024262e-10,5.626173217599779e-10,5.626155077473186e-10,5.626136937668965e-10,5.626118798174803e-10,5.626100658990622e-10,5.626082520116492e-10,5.626064381553756e-10,5.62604624329972e-10,5.626028105355711e-10,5.626009967721748e-10,5.625991830397815e-10,5.625973693383898e-10,5.625955556679996e-10,5.625937420286101e-10,5.625919284202207e-10,5.625901148420756e-10,5.625883012954297e-10,5.625864877800424e-10,5.62584674295653e-10,5.625828608428334e-10,5.625810474204313e-10,5.62579234029025e-10,5.625774206687576e-10,5.625756073393345e-10,5.625737940409117e-10,5.625719807724727e-10,5.625701675360355e-10,5.625683543305898e-10,5.625665411561362e-10,5.62564728012673e-10,5.625629149001998e-10,5.625611018187156e-10,5.625592887682205e-10,5.625574757487137e-10,5.62555662760194e-10,5.625538498026616e-10,5.625520368761153e-10,5.625502239805546e-10,5.625484111159791e-10,5.625465982823881e-10,5.625447854797806e-10,5.62542972708156e-10,5.625411599675141e-10,5.625393472578542e-10,5.625375345791754e-10,5.62535721931477e-10,5.625339093147695e-10,5.625320967290307e-10,5.625302841742706e-10,5.625284716504904e-10,5.62526659157408e-10,5.625248466956957e-10,5.62523034264818e-10,5.62521221864942e-10,5.625194094960402e-10,5.625175971580773e-10,5.625157848511241e-10,5.62513972575144e-10,5.625121603301362e-10,5.625103481161005e-10,5.625085359330352e-10,5.625067237809411e-10,5.625049116598165e-10,5.625030995696617e-10,5.625012875104753e-10,5.624994754822568e-10,5.624976634829227e-10,5.624958515145391e-10,5.624940395771036e-10,5.624922276706108e-10,5.624904157950702e-10,5.624886039504629e-10,5.624867921367915e-10,5.624849803540593e-10,5.624831686022517e-10,5.624813568813678e-10,5.624795451913934e-10,5.624777335323358e-10,5.624759219041948e-10,5.624741103069423e-10,5.624722987405889e-10,5.624704872051831e-10,5.624686757028793e-10,5.624668642316795e-10,5.624650527917347e-10,5.624632413827451e-10,5.624614300047154e-10,5.624596186576349e-10,5.624578073415076e-10,5.624559960563337e-10,5.624541848021117e-10,5.624523735788415e-10,5.62450562386527e-10,5.624487512097833e-10,5.624469400793644e-10,5.624451289798947e-10,5.624433179113739e-10,5.624415068738006e-10,5.624396958672579e-10,5.624378848915785e-10,5.624360739468451e-10,5.624342630330575e-10,5.624324521502148e-10,5.624306412983159e-10,5.6242883047736e-10,5.624270196873475e-10,5.624252089282771e-10,5.624233981980303e-10,5.624215875157481e-10,5.624197768495004e-10,5.624179662141843e-10,5.624161556098157e-10,5.62414345036388e-10,5.624125344938951e-10,5.624107239823399e-10,5.624089135017209e-10,5.624071030520384e-10,5.624052926332831e-10,5.624034822454724e-10,5.624016718885628e-10,5.623998615625371e-10,5.623980512677339e-10,5.623962410009455e-10,5.62394430767753e-10,5.623926205663155e-10,5.623908103950276e-10,5.623890002546695e-10,5.62387190145719e-10,5.623853800672185e-10,5.623835700196459e-10,5.623817600030007e-10,5.623799500078584e-10,5.62378140053066e-10,5.623763301291981e-10,5.623745202362552e-10,5.623727103742362e-10,5.623709005362734e-10,5.623690907339572e-10,5.623672809647085e-10,5.623654712201548e-10,5.623636615102836e-10,5.623618518336625e-10,5.62360042186335e-10,5.623582325716856e-10,5.623564229879286e-10,5.623546134351157e-10,5.623528039132196e-10,5.623509944222403e-10,5.623491849628884e-10,5.623473755340215e-10,5.623455661357882e-10,5.623437567684685e-10,5.623419474320623e-10,5.623401381263985e-10,5.623383288518171e-10,5.623365196081473e-10,5.623347103953936e-10,5.623329012135444e-10,5.623310920535125e-10,5.623292829334824e-10,5.623274738443606e-10,5.62325664786146e-10,5.623238557588389e-10,5.623220467624382e-10,5.623202377969432e-10,5.62318428862354e-10,5.62316619958695e-10,5.623148110859137e-10,5.623130022440363e-10,5.62311193433061e-10,5.623093846629259e-10,5.623075759137542e-10,5.623057672439958e-10,5.623039585566241e-10,5.623021499001517e-10,5.623003412745786e-10,5.622985326799034e-10,5.62296724116126e-10,5.622949155832262e-10,5.622931070812426e-10,5.622912986101543e-10,5.622894901699617e-10,5.622876817606634e-10,5.622858733822586e-10,5.622840650347474e-10,5.622822567181286e-10,5.622804484381629e-10,5.622786401833273e-10,5.622768319593831e-10,5.622750237663287e-10,5.622732156041635e-10,5.622714074728394e-10,5.622695993724517e-10,5.622677913029519e-10,5.622659832643386e-10,5.622641752566123e-10,5.622623672797739e-10,5.622605593338181e-10,5.622587514187467e-10,5.622569435345589e-10,5.622551356812546e-10,5.622533278588331e-10,5.622515200672937e-10,5.622497123066352e-10,5.622479045768575e-10,5.622460968748068e-10,5.622442892067891e-10,5.622424815696502e-10,5.622406739633893e-10,5.622388663880064e-10,5.622370588434998e-10,5.622352513298698e-10,5.622334438479218e-10,5.622316363968186e-10,5.622298289765633e-10,5.622280215864324e-10,5.622262142271748e-10,5.622244068987897e-10,5.622225996012762e-10,5.622207923346348e-10,5.622189850988635e-10,5.622171778939627e-10,5.622153707199314e-10,5.622135635767686e-10,5.622117564644742e-10,5.622099493830469e-10,5.622081423324869e-10,5.622063353127938e-10,5.622045283241197e-10,5.622027213661568e-10,5.622009144390582e-10,5.621991075428237e-10,5.621973006774525e-10,5.621954938429435e-10,5.621936870392967e-10,5.621918802665622e-10,5.621900735246371e-10,5.621882668135719e-10,5.621864601333669e-10,5.6218465348402e-10,5.621828468655317e-10,5.621810402779008e-10,5.621792337211329e-10,5.621774271952154e-10,5.621756207001534e-10,5.621738142359443e-10,5.621720078025921e-10,5.621702014000931e-10,5.621683950284477e-10,5.621665886876544e-10,5.621647823777134e-10,5.621629760986239e-10,5.621611698503846e-10,5.621593636329956e-10,5.62157557446456e-10,5.621557512907652e-10,5.621539451659221e-10,5.621521390719271e-10,5.621503330087788e-10,5.621485269764767e-10,5.621467209750202e-10,5.621449150044089e-10,5.621431090646519e-10,5.621413031557286e-10,5.621394972776482e-10,5.621376914304108e-10,5.621358856140153e-10,5.621340798284612e-10,5.62132274073747e-10,5.621304683498737e-10,5.621286626568393e-10,5.621268569946442e-10,5.621250513632868e-10,5.62123245762767e-10,5.621214401930839e-10,5.621196346542375e-10,5.621178291462265e-10,5.621160236690506e-10,5.62114218222709e-10,5.621124128072012e-10,5.621106074225265e-10,5.621088020686845e-10,5.621069967456742e-10,5.621051914543725e-10,5.621033861897569e-10,5.621015809572244e-10,5.620997757549685e-10,5.620979705860467e-10,5.620961654328461e-10,5.620943603256417e-10,5.620925552492647e-10,5.620907502037138e-10,5.620889451889884e-10,5.62087140205088e-10,5.62085335252012e-10,5.620835303297596e-10,5.620817254383306e-10,5.620799205777241e-10,5.620781157479397e-10,5.620763109493068e-10,5.620745061719494e-10,5.620727014346412e-10,5.620708967281381e-10,5.62069092052454e-10,5.620672874075878e-10,5.620654827935385e-10,5.620636782103065e-10,5.620618736597274e-10,5.620600691380083e-10,5.620582646472227e-10,5.620564601872519e-10,5.620546557580952e-10,5.62052851359751e-10,5.620510469922226e-10,5.620492426555067e-10,5.620474383496016e-10,5.620456340745368e-10,5.62043829830283e-10,5.620420256168389e-10,5.620402214342038e-10,5.620384172823771e-10,5.620366131613577e-10,5.620348090711108e-10,5.6203300501167e-10,5.620312009830349e-10,5.620293969852046e-10,5.620275930181793e-10,5.620257890819573e-10,5.620239851765387e-10,5.62022181301922e-10,5.620203774581076e-10,5.620185736450945e-10,5.620167698628822e-10,5.620149661114698e-10,5.620131623908566e-10,5.620113587010423e-10,5.620095550420259e-10,5.620077514138072e-10,5.620059478163851e-10,5.620041442497596e-10,5.620023407139298e-10,5.620005372088947e-10,5.61998733734654e-10,5.619969302912071e-10,5.619951268785531e-10,5.619933234966926e-10,5.61991520145623e-10,5.619897168253455e-10,5.619879135358579e-10,5.619861102771603e-10,5.619843070492523e-10,5.619825038521332e-10,5.61980700685802e-10,5.619788975515455e-10,5.619770944467897e-10,5.619752913728194e-10,5.619734883296347e-10,5.619716853172349e-10,5.619698823356301e-10,5.619680793847983e-10,5.619662764647494e-10,5.619644735754837e-10,5.619626707143352e-10,5.619608678866324e-10,5.619590650897103e-10,5.619572623235681e-10,5.619554595882053e-10,5.619536568836214e-10,5.619518542098156e-10,5.619500515667873e-10,5.619482489545361e-10,5.61946446373061e-10,5.619446438223614e-10,5.619428413024372e-10,5.619410388132872e-10,5.61939236354911e-10,5.619374339273079e-10,5.619356315304776e-10,5.619338291644187e-10,5.619320268291315e-10,5.61930224521237e-10,5.619284222442416e-10,5.619266199981137e-10,5.619248177828712e-10,5.619230155984852e-10,5.619212134449545e-10,5.61919411322291e-10,5.619176092304725e-10,5.619158071695013e-10,5.619140051393526e-10,5.619122031361081e-10,5.619104011699158e-10,5.619085992346012e-10,5.619067973300473e-10,5.619049954562554e-10,5.619031936132243e-10,5.619013918009543e-10,5.618995900194437e-10,5.61897788268693e-10,5.618959865487006e-10,5.618941848594668e-10,5.618923832009908e-10,5.618905815732713e-10,5.618887799763085e-10,5.618869784101014e-10,5.61885176874649e-10,5.618833753699507e-10,5.618815738960065e-10,5.61879772452816e-10,5.618779710403776e-10,5.61876169658691e-10,5.61874368307756e-10,5.618725669875718e-10,5.618707656981374e-10,5.618689644394527e-10,5.618671632115166e-10,5.618653620139947e-10,5.618635608472549e-10,5.618617597112968e-10,5.618599586061334e-10,5.618581575317534e-10,5.618563564881553e-10,5.618545554753483e-10,5.618527544933232e-10,5.618509535420689e-10,5.618491526215986e-10,5.618473517319018e-10,5.618455508729873e-10,5.618437500448557e-10,5.618419492474989e-10,5.618401484809157e-10,5.618383477451051e-10,5.618365470400727e-10,5.618347463658142e-10,5.618329457223195e-10,5.618311451095925e-10,5.618293445276404e-10,5.618275439764536e-10,5.618257434560441e-10,5.618239429663953e-10,5.618221425075189e-10,5.618203420794066e-10,5.618185416820569e-10,5.618167413154671e-10,5.618149409796444e-10,5.618131406745876e-10,5.618113404002945e-10,5.618095401567475e-10,5.618077399439607e-10,5.618059397619437e-10,5.618041396106793e-10,5.618023394901803e-10,5.618005394004279e-10,5.61798739340485e-10,5.617969393112669e-10,5.617951393127726e-10,5.617933393450016e-10,5.617915394079536e-10,5.617897395016272e-10,5.617879396272173e-10,5.617861397873885e-10,5.617843399770633e-10,5.617825401935281e-10,5.617807404409552e-10,5.617789407213281e-10,5.617771410277394e-10,5.617753413718419e-10,5.61773541741985e-10,5.617717421467905e-10,5.617699425833942e-10,5.617681430456834e-10,5.617663435386867e-10,5.617645440624027e-10,5.61762744616832e-10,5.617609452019731e-10,5.617591458178258e-10,5.617573464643893e-10,5.617555471416629e-10,5.61753747849646e-10,5.617519485883383e-10,5.617501493577386e-10,5.617483501578472e-10,5.617465509886628e-10,5.617447518501844e-10,5.617429527424121e-10,5.617411536653453e-10,5.617393546189825e-10,5.617375556033238e-10,5.617357566183683e-10,5.617339576641161e-10,5.61732158740566e-10,5.617303598477173e-10,5.617285609855689e-10,5.617267621541212e-10,5.617249633439857e-10,5.617231645739369e-10,5.617213658346097e-10,5.617195671276139e-10,5.617177684496584e-10,5.617159698023989e-10,5.617141711850664e-10,5.617123725983534e-10,5.61710574043184e-10,5.617087755145711e-10,5.617069770207665e-10,5.61705178554504e-10,5.617033801220924e-10,5.617015817201338e-10,5.616997833487503e-10,5.616979850011204e-10,5.616961866887255e-10,5.616943884097693e-10,5.616925901625144e-10,5.616907919422697e-10,5.61688993755384e-10,5.616871955991846e-10,5.616853974736711e-10,5.616835993788432e-10,5.616818013147001e-10,5.616800032812408e-10,5.616782052784651e-10,5.616764073063717e-10,5.61674609364961e-10,5.616728114542316e-10,5.616710135741834e-10,5.616692157248155e-10,5.616674179061274e-10,5.616656201181179e-10,5.616638223607873e-10,5.616620246341345e-10,5.61660226938159e-10,5.6165842927286e-10,5.616566316382373e-10,5.616548340342896e-10,5.616530364610165e-10,5.616512389184175e-10,5.616494414064924e-10,5.616476439252401e-10,5.6164584647466e-10,5.616440490547516e-10,5.616422516655141e-10,5.616404543069468e-10,5.616386569790498e-10,5.616368596818215e-10,5.616350624152623e-10,5.616332651793704e-10,5.61631467974146e-10,5.616296707995882e-10,5.616278736556967e-10,5.616260765424702e-10,5.61624279459909e-10,5.616224824080114e-10,5.616206853867781e-10,5.616188883962069e-10,5.616170914362984e-10,5.616152945070512e-10,5.616134976084655e-10,5.616117007405401e-10,5.61609903903275e-10,5.616081070966689e-10,5.616063103207208e-10,5.616045135754313e-10,5.616027168607987e-10,5.616009201768233e-10,5.615991235235039e-10,5.615973269008398e-10,5.615955303088306e-10,5.615937337474755e-10,5.615919372167739e-10,5.615901407167258e-10,5.615883442473296e-10,5.615865478085853e-10,5.615847514004922e-10,5.615829550230497e-10,5.615811586762568e-10,5.615793623601136e-10,5.615775660746188e-10,5.615757698197717e-10,5.615739735955726e-10,5.615721774020198e-10,5.615703812391138e-10,5.615685851068526e-10,5.615667890052367e-10,5.615649929342649e-10,5.615631968939372e-10,5.615614008842521e-10,5.615596049052096e-10,5.61557808956809e-10,5.615560130390495e-10,5.615542171519312e-10,5.615524212954006e-10,5.615506254695099e-10,5.615488296742575e-10,5.615470339096429e-10,5.615452381756651e-10,5.615434424723246e-10,5.615416467996197e-10,5.615398511575504e-10,5.615380555461155e-10,5.615362599653147e-10,5.615344644151473e-10,5.615326688956125e-10,5.615308734067099e-10,5.615290779484392e-10,5.615272825207993e-10,5.615254871238454e-10,5.615236917573548e-10,5.615218964193004e-10,5.61520101085568e-10,5.615183058111292e-10,5.615165105673188e-10,5.61514715354141e-10,5.615129201715905e-10,5.615111250196599e-10,5.615093298983542e-10,5.615075348076731e-10,5.615057397476157e-10,5.615039447181819e-10,5.615021497193704e-10,5.61500354751181e-10,5.614985598136126e-10,5.614967649066653e-10,5.614949700303376e-10,5.614931751846297e-10,5.614913803695405e-10,5.614895855850698e-10,5.614877908312167e-10,5.614859961079804e-10,5.614842014153609e-10,5.61482406753357e-10,5.614806121219683e-10,5.614788175211942e-10,5.614770229510451e-10,5.614752284114979e-10,5.614734339025658e-10,5.614716394242433e-10,5.614698449757694e-10,5.614680505586687e-10,5.614662561747777e-10,5.614644618188968e-10,5.614626674936258e-10,5.614608731989461e-10,5.614590789362318e-10,5.614572847027831e-10,5.614554904999414e-10,5.61453696327705e-10,5.614519021860738e-10,5.614501080750471e-10,5.614483139946246e-10,5.614465199448056e-10,5.614447259255892e-10,5.61442931938063e-10,5.614411379794681e-10,5.614393440520613e-10,5.614375501552499e-10,5.614357562890377e-10,5.61433962453425e-10,5.614321686484105e-10,5.614303748739939e-10,5.614285811265435e-10,5.614267874133206e-10,5.614249937306939e-10,5.614232000786621e-10,5.614214064572882e-10,5.61419612881963e-10,5.614178193217131e-10,5.614160257920562e-10,5.614142322929912e-10,5.614124388244794e-10,5.614106453865232e-10,5.614088520823608e-10,5.614070587073386e-10,5.614052653612239e-10,5.614034720456977e-10,5.614016787607593e-10,5.613998855064085e-10,5.61398092282644e-10,5.613962990894653e-10,5.613945059268721e-10,5.613927127948638e-10,5.613909196934394e-10,5.613891266225989e-10,5.613873335823409e-10,5.613855405726998e-10,5.61383747593606e-10,5.613819546450934e-10,5.613801617271613e-10,5.613783688398108e-10,5.613765759830375e-10,5.613747831568427e-10,5.61372990361226e-10,5.613711975961863e-10,5.613694048617239e-10,5.613676121578433e-10,5.613658194845323e-10,5.613640269436176e-10,5.613622343314548e-10,5.613604417498647e-10,5.613586491988477e-10,5.613568566784027e-10,5.613550641991779e-10,5.613532717398759e-10,5.613514793111447e-10,5.61349686912983e-10,5.613478945587096e-10,5.61346102216406e-10,5.613443099099501e-10,5.61342517634061e-10,5.613407253887396e-10,5.613389331739842e-10,5.613371409897946e-10,5.613353488361702e-10,5.613335567119558e-10,5.613317646197923e-10,5.613299725578587e-10,5.613281805264878e-10,5.613263885256785e-10,5.613245965554308e-10,5.613228046157433e-10,5.613210127066162e-10,5.613192208280483e-10,5.613174289800393e-10,5.613156371625881e-10,5.613138453756949e-10,5.613120536227382e-10,5.61310261896958e-10,5.613084702017333e-10,5.61306678537064e-10,5.613048869029487e-10,5.613030952993877e-10,5.613013037263797e-10,5.61299512183924e-10,5.612977206720205e-10,5.612959291906685e-10,5.612941377398673e-10,5.61292346319616e-10,5.612905549299143e-10,5.61288763570761e-10,5.612869722421563e-10,5.612851809440992e-10,5.612833896765892e-10,5.612815984396254e-10,5.612798072332081e-10,5.612780160573397e-10,5.612762249120088e-10,5.612744337972249e-10,5.612726427129839e-10,5.612708516592797e-10,5.612690606361238e-10,5.612672696445719e-10,5.612654786824923e-10,5.612636877509527e-10,5.612618968499052e-10,5.61260105979397e-10,5.612583151394275e-10,5.612565243299958e-10,5.612547335511019e-10,5.612529428027448e-10,5.612511520849236e-10,5.612493613976381e-10,5.612475707408873e-10,5.612457801146712e-10,5.612439895189882e-10,5.612421989538387e-10,5.612404084192212e-10,5.612386179151356e-10,5.612368274415813e-10,5.612350369985574e-10,5.61233246586064e-10,5.612314562040994e-10,5.612296658526636e-10,5.612278755318044e-10,5.612260852414725e-10,5.612242949816679e-10,5.612225047523887e-10,5.612207145536349e-10,5.61218924385406e-10,5.612171342477011e-10,5.612153441405194e-10,5.612135540638608e-10,5.61211764017725e-10,5.612099740021105e-10,5.612081840170171e-10,5.612063940624442e-10,5.612046041383907e-10,5.612028142448569e-10,5.612010243818416e-10,5.611992345493448e-10,5.611974447473644e-10,5.61195654975901e-10,5.611938652349538e-10,5.611920755245227e-10,5.611902858446059e-10,5.611884961952035e-10,5.611867065763146e-10,5.611849169879387e-10,5.611831274300754e-10,5.61181337902724e-10,5.611795484058835e-10,5.611777589395535e-10,5.611759695037336e-10,5.611741800984231e-10,5.611723907236213e-10,5.611706013793272e-10,5.61168812065541e-10,5.611670227822617e-10,5.611652335294888e-10,5.611634443072211e-10,5.611616551154587e-10,5.611598659542003e-10,5.611580768234459e-10,5.611562877231944e-10,5.611544986534458e-10,5.611527096141991e-10,5.611509206054537e-10,5.611491316272087e-10,5.61147342679464e-10,5.611455537622188e-10,5.611437648754725e-10,5.611419760192243e-10,5.61140187193474e-10,5.611383983982207e-10,5.611366096334634e-10,5.611348208992013e-10,5.611330321954349e-10,5.61131243522163e-10,5.611294548793851e-10,5.611276662671003e-10,5.611258776853083e-10,5.611240891340082e-10,5.611223006131996e-10,5.611205121228817e-10,5.611187236630542e-10,5.611169352337162e-10,5.611151468348671e-10,5.611133584665064e-10,5.611115701286333e-10,5.611097818212474e-10,5.611079935443483e-10,5.611062052979348e-10,5.611044170820063e-10,5.611026288960495e-10,5.611008407272751e-10,5.610990526027992e-10,5.610972645057762e-10,5.610954764356092e-10,5.61093688402152e-10,5.610919003973718e-10,5.610901124213133e-10,5.610883244793661e-10,5.610865365683298e-10,5.610847486835573e-10,5.610829608334037e-10,5.610811730101498e-10,5.610793852219055e-10,5.610775974631849e-10,5.610758097349409e-10,5.610740220371582e-10,5.610722343698598e-10,5.610704467235558e-10,5.610686591172042e-10,5.610668715413245e-10,5.610650839959164e-10,5.610632964809797e-10,5.610615089965136e-10,5.61059721542517e-10,5.610579341189897e-10,5.61056146725931e-10,5.610543593633406e-10,5.610525720312173e-10,5.610507847295603e-10,5.610489974583697e-10,5.610472102176448e-10,5.61045423007385e-10,5.610436358275892e-10,5.610418486782576e-10,5.610400615593884e-10,5.610382744709819e-10,5.610364874130373e-10,5.610347003855538e-10,5.610329133885311e-10,5.610311264219681e-10,5.610293394856944e-10,5.610275525800501e-10,5.610257657050279e-10,5.610239788631242e-10,5.610221920490517e-10,5.610204052693483e-10,5.610186185179109e-10,5.610168317950026e-10,5.610150451075727e-10,5.610132584458842e-10,5.610114718143405e-10,5.610096852132602e-10,5.610078986426208e-10,5.610061121024326e-10,5.610043255926951e-10,5.610025391134081e-10,5.610007526653885e-10,5.60998966247791e-10,5.609971798605983e-10,5.609953935038192e-10,5.609936071774548e-10,5.609918208815009e-10,5.60990034615943e-10,5.609882483807956e-10,5.609864621760596e-10,5.609846760017224e-10,5.609828898577989e-10,5.609811037442738e-10,5.60979317661148e-10,5.609775316084207e-10,5.609757455861055e-10,5.609739595941849e-10,5.609721736326613e-10,5.609703877015398e-10,5.609686018008103e-10,5.609668159304694e-10,5.609650300905298e-10,5.609632442809786e-10,5.609614585018221e-10,5.609596727530467e-10,5.609578870346784e-10,5.609561013466907e-10,5.609543156890979e-10,5.609525300621643e-10,5.609507444656625e-10,5.609489588995923e-10,5.609471733639533e-10,5.609453878587444e-10,5.609436023839923e-10,5.609418169396418e-10,5.60940031525721e-10,5.609382461422278e-10,5.60936460789162e-10,5.609346754665231e-10,5.609328901743099e-10,5.609311049125225e-10,5.609293196811598e-10,5.609275344802214e-10,5.609257493097066e-10,5.609239641696148e-10,5.609221790599457e-10,5.60920393980698e-10,5.609186089295381e-10,5.609168239086798e-10,5.609150389181574e-10,5.609132539597682e-10,5.609114690317921e-10,5.609096841350612e-10,5.609078992687495e-10,5.609061144328544e-10,5.609043296273753e-10,5.609025448523122e-10,5.609007601076641e-10,5.608989753934309e-10,5.608971907096104e-10,5.608954060562039e-10,5.608936214332098e-10,5.608918368406279e-10,5.608900522784572e-10,5.608882677466968e-10,5.608864832453471e-10,5.608846987744067e-10,5.608829143338751e-10,5.608811299237519e-10,5.608793455440363e-10,5.608775611916891e-10,5.60875776873853e-10,5.608739925837294e-10,5.608722083266274e-10,5.608704240967638e-10,5.608686398994812e-10,5.608668557326014e-10,5.608650715961249e-10,5.608632874900504e-10,5.608615034143775e-10,5.608597193691056e-10,5.60857935354234e-10,5.608561513697609e-10,5.608543674156879e-10,5.60852583492013e-10,5.608507995987368e-10,5.608490157358569e-10,5.608472319033741e-10,5.60845448101287e-10,5.608436643294311e-10,5.608418805883012e-10,5.608400968773985e-10,5.608383131968893e-10,5.608365295466178e-10,5.60834745926894e-10,5.608329623375617e-10,5.608311787786206e-10,5.608293952500698e-10,5.608276117519087e-10,5.608258282841371e-10,5.608240448467538e-10,5.608222614397586e-10,5.608204780631507e-10,5.608186947169296e-10,5.608169114010949e-10,5.608151281156453e-10,5.608133448605807e-10,5.608115616359005e-10,5.608097784416039e-10,5.608079952776905e-10,5.608062121441598e-10,5.608044290410105e-10,5.608026459682429e-10,5.608008629258555e-10,5.60799079913848e-10,5.607972969322205e-10,5.607955139809713e-10,5.607937310601006e-10,5.607919481696068e-10,5.607901653094902e-10,5.607883824797503e-10,5.607865996803856e-10,5.607848169113963e-10,5.607830341727813e-10,5.607812514645403e-10,5.607794687866727e-10,5.607776861378208e-10,5.607759035226066e-10,5.607741209358578e-10,5.607723383794801e-10,5.607705558536117e-10,5.607687733581348e-10,5.607669908928968e-10,5.607652084580272e-10,5.607634260535251e-10,5.6076164367939e-10,5.607598613356211e-10,5.607580790222174e-10,5.607562967391488e-10,5.607545144864452e-10,5.607527322641052e-10,5.607509500721256e-10,5.607491679105091e-10,5.607473857792549e-10,5.60745603678362e-10,5.607438216077178e-10,5.607420395675e-10,5.60740257557689e-10,5.607384755782366e-10,5.607366936291422e-10,5.60734911710406e-10,5.607331298220269e-10,5.60731347967151e-10,5.607295661430596e-10,5.607277843457486e-10,5.607260025787925e-10,5.607242208421903e-10,5.607224391359425e-10,5.607206574598615e-10,5.607188758143189e-10,5.607170941991276e-10,5.607153126142875e-10,5.607135310597985e-10,5.607117495356587e-10,5.607099680473141e-10,5.607081865838727e-10,5.607064051507792e-10,5.607046237480329e-10,5.60702842375634e-10,5.607010610335809e-10,5.606992797218736e-10,5.606974984405109e-10,5.60695717189493e-10,5.606939359688188e-10,5.606921547784879e-10,5.606903736184997e-10,5.60688592488853e-10,5.606868113895478e-10,5.606850303205837e-10,5.606832492819591e-10,5.606814682736745e-10,5.606796872958364e-10,5.606779063482283e-10,5.606761254309586e-10,5.606743445440256e-10,5.606725636874287e-10,5.606707828611683e-10,5.606690020652425e-10,5.606672212996515e-10,5.606654405643944e-10,5.606636598594721e-10,5.606618791847957e-10,5.606600985404754e-10,5.606583179265482e-10,5.606565373429518e-10,5.606547567896859e-10,5.606529762667497e-10,5.606511957741423e-10,5.606494153118637e-10,5.60647634879913e-10,5.606458544782889e-10,5.606440741069916e-10,5.606422937660208e-10,5.606405134553749e-10,5.606387331750542e-10,5.606369529250574e-10,5.606351727053842e-10,5.60633392516034e-10,5.60631612357006e-10,5.606298322282996e-10,5.606280521299147e-10,5.606262720618502e-10,5.606244920241054e-10,5.606227120166799e-10,5.606209320395737e-10,5.606191520927847e-10,5.606173721763136e-10,5.606155922901589e-10,5.606138124343205e-10,5.606120326087976e-10,5.606102528148554e-10,5.606084730496268e-10,5.606066933150476e-10,5.606049136107009e-10,5.60603133936538e-10,5.606013542928957e-10,5.605995746795648e-10,5.605977950967263e-10,5.605960155440162e-10,5.605942361233713e-10,5.605924566312781e-10,5.605906771694928e-10,5.605888977380158e-10,5.605871183368449e-10,5.60585338965981e-10,5.605835596254228e-10,5.605817803151701e-10,5.60580001035221e-10,5.605782218002415e-10,5.605764426046487e-10,5.605746634154115e-10,5.605728842566743e-10,5.6057110513388e-10,5.60569326035745e-10,5.605675469679106e-10,5.605657679303056e-10,5.605639889228213e-10,5.60562209945884e-10,5.605604309992443e-10,5.60558652082902e-10,5.605568731968569e-10,5.605550943411067e-10,5.605533155156529e-10,5.605515367204934e-10,5.605497579556278e-10,5.605479792210562e-10,5.605462005174513e-10,5.605444218434646e-10,5.605426431995646e-10,5.605408645823802e-10,5.605390859992562e-10,5.605373074464281e-10,5.60535528923894e-10,5.605337504308583e-10,5.605319719689005e-10,5.605301935372305e-10,5.605284151358472e-10,5.605266367647504e-10,5.605248584239388e-10,5.605230801134127e-10,5.605213018331708e-10,5.605195235832124e-10,5.605177453635377e-10,5.605159671741452e-10,5.605141890150344e-10,5.605124108862054e-10,5.605106327876567e-10,5.605088547193883e-10,5.605070766813974e-10,5.605052986736869e-10,5.605035206962531e-10,5.60501742749097e-10,5.604999648322197e-10,5.604981869456191e-10,5.604964090892939e-10,5.60494631263244e-10,5.604928534674687e-10,5.604910757019675e-10,5.604892979667397e-10,5.604875202617845e-10,5.604857425871014e-10,5.604839649426899e-10,5.604821873285492e-10,5.60480409744679e-10,5.604786321939531e-10,5.604768546706216e-10,5.604750771784708e-10,5.604732997156752e-10,5.604715222831471e-10,5.604697448808857e-10,5.604679675088904e-10,5.604661901671605e-10,5.604644128556954e-10,5.604626355744945e-10,5.604608583237478e-10,5.604590811043063e-10,5.604573039139063e-10,5.604555267537836e-10,5.604537496238943e-10,5.604519725242623e-10,5.604501954548935e-10,5.60448418415784e-10,5.604466414069332e-10,5.604448644283401e-10,5.604430874791797e-10,5.604413105625596e-10,5.604395336717243e-10,5.604377568141526e-10,5.604359799875332e-10,5.60434203190698e-10,5.604324264238419e-10,5.604306496872924e-10,5.604288729809951e-10,5.604270963049544e-10,5.604253196591602e-10,5.604235430436167e-10,5.604217664583233e-10,5.604199899032797e-10,5.604182133718584e-10,5.60416436877312e-10,5.60414660413078e-10,5.604128839790096e-10,5.604111075621515e-10,5.604093311747477e-10,5.604075548314339e-10,5.604057785139736e-10,5.604040022329143e-10,5.604022259804747e-10,5.604004497581358e-10,5.60398673566039e-10,5.603968974041706e-10,5.603951212725565e-10,5.603933451711827e-10,5.603915690994956e-10,5.603897930586009e-10,5.603880170479552e-10,5.603862410675369e-10,5.603844651218674e-10,5.603826892019231e-10,5.603809133122147e-10,5.603791374527415e-10,5.603773616235037e-10,5.603755858244998e-10,5.603738100557388e-10,5.603720343167898e-10,5.603702586057703e-10,5.603684829276974e-10,5.603667072798556e-10,5.603649316622494e-10,5.603631560748679e-10,5.603613805177164e-10,5.603596049905662e-10,5.603578294938765e-10,5.603560539966617e-10,5.603542785604217e-10,5.603525031544083e-10,5.603507277786207e-10,5.603489524330578e-10,5.603471771177196e-10,5.60345401832605e-10,5.60343626577714e-10,5.603418513530455e-10,5.60340076158599e-10,5.603383009943739e-10,5.6033652586037e-10,5.603347507565858e-10,5.603329756830212e-10,5.603312006396758e-10,5.603294256265489e-10,5.603276506436398e-10,5.603258756708429e-10,5.603241007483677e-10,5.603223258561084e-10,5.603205509925354e-10,5.603187761607065e-10,5.603170013590913e-10,5.603152265885229e-10,5.603134518473345e-10,5.603116771363581e-10,5.603099024555934e-10,5.603081278050399e-10,5.60306353182689e-10,5.603045785905373e-10,5.603028040285826e-10,5.603010294968201e-10,5.602992549952472e-10,5.60297480523862e-10,5.602957060826589e-10,5.602939316716254e-10,5.602921572907687e-10,5.60290382940068e-10,5.602886086195219e-10,5.602868343291144e-10,5.602850600688377e-10,5.602832858386842e-10,5.602815116386755e-10,5.602797374707316e-10,5.6027796333208e-10,5.602761892252217e-10,5.602744151485627e-10,5.602726411021026e-10,5.60270867085841e-10,5.602690930997769e-10,5.602673191438252e-10,5.60265545192916e-10,5.602637712974411e-10,5.602619974815586e-10,5.602602236460289e-10,5.602584498411374e-10,5.602566760664394e-10,5.602549023219332e-10,5.602531286076202e-10,5.602513549760293e-10,5.602495813220979e-10,5.602478076983537e-10,5.60246034104802e-10,5.602442605414397e-10,5.602424870082686e-10,5.602407135052825e-10,5.602389400324837e-10,5.602371665881691e-10,5.60235393175743e-10,5.602336197829361e-10,5.602318464308806e-10,5.602300731090084e-10,5.60228299817811e-10,5.602265265563065e-10,5.602247533249778e-10,5.602229801238371e-10,5.602212069522252e-10,5.602194338114464e-10,5.60217660700848e-10,5.602158876204286e-10,5.602141145702645e-10,5.602123415502101e-10,5.602105685603251e-10,5.60208795601112e-10,5.602070226715807e-10,5.602052497722252e-10,5.60203476903044e-10,5.60201704063819e-10,5.601999312548037e-10,5.601981584761445e-10,5.601963857276578e-10,5.601946130093433e-10,5.601928403212002e-10,5.601910676636954e-10,5.601892950357905e-10,5.6018752243802e-10,5.601857498705556e-10,5.601839773332606e-10,5.601822048261334e-10,5.601804323491716e-10,5.601786599023807e-10,5.601768874857533e-10,5.601751150992913e-10,5.601733427429888e-10,5.601715704168558e-10,5.601697981208864e-10,5.601680258550796e-10,5.601662536194355e-10,5.601644814139526e-10,5.601627092160129e-10,5.601609371180372e-10,5.601591650030364e-10,5.601573929181943e-10,5.601556208624187e-10,5.60153848837893e-10,5.601520768435246e-10,5.601503048793132e-10,5.601485329446162e-10,5.601467610383397e-10,5.601449891623541e-10,5.601432173166073e-10,5.601414455017473e-10,5.601396737184644e-10,5.601379019619842e-10,5.601361302390064e-10,5.601343585461794e-10,5.601325868835032e-10,5.601308152509766e-10,5.601290436486001e-10,5.601272720763724e-10,5.601255005342927e-10,5.601237290223611e-10,5.601219575385277e-10,5.601201860868889e-10,5.601184146653964e-10,5.601166432740494e-10,5.601148719128466e-10,5.601131005817886e-10,5.601113292808737e-10,5.601095580118489e-10,5.60107786771217e-10,5.601060155607293e-10,5.601042443800482e-10,5.601024732298413e-10,5.601007021097828e-10,5.600989310198549e-10,5.600971599600655e-10,5.60095388930414e-10,5.600936179309004e-10,5.600918469615232e-10,5.600900760222822e-10,5.600883051131766e-10,5.600865342342064e-10,5.600847633853697e-10,5.600829925666674e-10,5.600812217780981e-10,5.60079451019661e-10,5.600776802913562e-10,5.600759095931825e-10,5.600741389252135e-10,5.600723682873107e-10,5.60070597679527e-10,5.600688271018726e-10,5.600670565543431e-10,5.600652860369447e-10,5.600635155496728e-10,5.600617450925272e-10,5.600599746655076e-10,5.600582042689593e-10,5.600564338692948e-10,5.600546635326542e-10,5.600528932250216e-10,5.600511229486225e-10,5.600493527024057e-10,5.600475824884633e-10,5.60045812304697e-10,5.600440421487824e-10,5.600422720229879e-10,5.600405019273031e-10,5.600387318617472e-10,5.600369618263088e-10,5.600351918209873e-10,5.600334218457827e-10,5.600316519006937e-10,5.600298819857204e-10,5.600281121008622e-10,5.600263422461182e-10,5.600245724302458e-10,5.60022802635873e-10,5.600210328694637e-10,5.600192631351688e-10,5.600174934282098e-10,5.600157237541382e-10,5.60013954111009e-10,5.600121844971567e-10,5.600104149134169e-10,5.600086453597845e-10,5.600068758362569e-10,5.600051063428369e-10,5.600033368795276e-10,5.600015674524639e-10,5.599997980493606e-10,5.599980286746356e-10,5.599962593317407e-10,5.599944900189496e-10,5.599927207362611e-10,5.599909514848287e-10,5.599891822623428e-10,5.599874130699584e-10,5.599856439076962e-10,5.599838747755118e-10,5.599821056734268e-10,5.5998033660144e-10,5.599785675595512e-10,5.599767985478201e-10,5.599750295661251e-10,5.599732606145263e-10,5.599714916908193e-10,5.599697227907956e-10,5.599679539294815e-10,5.599661851053679e-10,5.599644163042403e-10,5.599626475316367e-10,5.599608787889731e-10,5.599591100782066e-10,5.599573413974451e-10,5.599555727463489e-10,5.599538041254641e-10,5.599520355273471e-10,5.599502669669418e-10,5.599484984366239e-10,5.599467299351859e-10,5.599449614650412e-10,5.599431930249824e-10,5.599414246150087e-10,5.599396562851958e-10,5.599378879353744e-10,5.59936119616548e-10,5.59934351326908e-10,5.599325830673501e-10,5.599308148378734e-10,5.599290466384782e-10,5.599272784691782e-10,5.599255103304569e-10,5.599237422202967e-10,5.599219741412189e-10,5.599202060933641e-10,5.599184380744411e-10,5.599166700855948e-10,5.599149021264965e-10,5.599131341981304e-10,5.599113662995147e-10,5.599095984305938e-10,5.599078305923065e-10,5.599060627839064e-10,5.599042950056324e-10,5.599025272573827e-10,5.599007595391984e-10,5.598989918510851e-10,5.598972241930415e-10,5.598954565650832e-10,5.598936889671775e-10,5.598919213993401e-10,5.598901538615701e-10,5.598883863538669e-10,5.598866188762304e-10,5.598848514286593e-10,5.598830840111536e-10,5.598813166237123e-10,5.598795492663348e-10,5.598777819390206e-10,5.598760146417693e-10,5.5987424737458e-10,5.598724801374521e-10,5.598707129303847e-10,5.59868945753378e-10,5.598671786064306e-10,5.598654114895423e-10,5.598636444027126e-10,5.598618773459406e-10,5.598601103192261e-10,5.598583433225676e-10,5.598565763559654e-10,5.598548094194185e-10,5.598530425129267e-10,5.598512756364892e-10,5.598495087901052e-10,5.598477419737738e-10,5.598459751874949e-10,5.598442084312681e-10,5.598424417050922e-10,5.598406750089665e-10,5.598389083428917e-10,5.598371417068656e-10,5.598353751008887e-10,5.598336085249593e-10,5.598318419790774e-10,5.598300754632429e-10,5.598283089774549e-10,5.598265425217122e-10,5.598247760960148e-10,5.598230097003617e-10,5.598212433347523e-10,5.598194769991865e-10,5.598177106936632e-10,5.598159444181819e-10,5.598141781727424e-10,5.598124119573436e-10,5.598106457719852e-10,5.59808879616666e-10,5.598071134913861e-10,5.598053473961448e-10,5.598035813309413e-10,5.598018152957751e-10,5.598000492906452e-10,5.597982833155513e-10,5.597965173704932e-10,5.597947514554697e-10,5.597929855704802e-10,5.597912197155245e-10,5.597894538906018e-10,5.597876880957115e-10,5.597859223308527e-10,5.597841565960252e-10,5.597823908912285e-10,5.597806252164617e-10,5.597788595717238e-10,5.597770939570148e-10,5.597753283723342e-10,5.597735628176812e-10,5.597717972930552e-10,5.597700317984554e-10,5.597682663338811e-10,5.597665008993322e-10,5.597647354948074e-10,5.59762970120307e-10,5.597612047758297e-10,5.59759439461375e-10,5.597576741769423e-10,5.597559089225317e-10,5.597541436981412e-10,5.597523785037714e-10,5.597506133394211e-10,5.5974884820509e-10,5.59747083100777e-10,5.597453180264823e-10,5.597435529822046e-10,5.597417879679435e-10,5.597400229836987e-10,5.597382580294695e-10,5.597364931052548e-10,5.597347282110543e-10,5.597329633468675e-10,5.597311985126935e-10,5.597294337085323e-10,5.597276689343828e-10,5.59725904190244e-10,5.597241394761163e-10,5.597223747919989e-10,5.597206101378902e-10,5.597188455137908e-10,5.597170809196989e-10,5.597153163556149e-10,5.59713551821538e-10,5.597117873174674e-10,5.597100228434026e-10,5.597082583993429e-10,5.597064939852876e-10,5.597047296012366e-10,5.597029652471885e-10,5.597012009231434e-10,5.596994366291002e-10,5.596976723650587e-10,5.59695908131018e-10,5.596941439269776e-10,5.596923797529374e-10,5.596906156088955e-10,5.596888514948527e-10,5.596870874108076e-10,5.596853233567597e-10,5.596835593327087e-10,5.59681795338654e-10,5.596800313745939e-10,5.596782674405292e-10,5.596765035364585e-10,5.59674739662382e-10,5.59672975818298e-10,5.596712120042072e-10,5.596694482201077e-10,5.596676844659998e-10,5.596659207418822e-10,5.596641570477548e-10,5.596623933836164e-10,5.596606297494671e-10,5.596588661453058e-10,5.596571025711328e-10,5.596553390269462e-10,5.596535755127461e-10,5.596518120285323e-10,5.59650048574303e-10,5.596482851500583e-10,5.596465217557978e-10,5.596447583915208e-10,5.596429950572267e-10,5.596412317529145e-10,5.596394684785841e-10,5.596377052342344e-10,5.596359420198649e-10,5.596341788354755e-10,5.596324156810651e-10,5.596306525566333e-10,5.596288894621794e-10,5.596271263977034e-10,5.596253633632036e-10,5.596236003586802e-10,5.59621837384132e-10,5.596200744395593e-10,5.596183115249602e-10,5.596165486403351e-10,5.596147857856829e-10,5.596130229610035e-10,5.596112601662963e-10,5.596094974015597e-10,5.596077346667944e-10,5.596059719619984e-10,5.596042092871726e-10,5.596024466423155e-10,5.596006840274267e-10,5.595989214425055e-10,5.595971588875518e-10,5.595953963625639e-10,5.595936338675426e-10,5.595918714024862e-10,5.595901089673944e-10,5.595883465622662e-10,5.595865841871018e-10,5.595848218419005e-10,5.595830595266611e-10,5.595812972413837e-10,5.595795349860673e-10,5.59577772760711e-10,5.595760105653151e-10,5.595742483998777e-10,5.595724862643992e-10,5.595707241588785e-10,5.595689620833155e-10,5.595672000377094e-10,5.595654380220595e-10,5.595636760363651e-10,5.595619140806256e-10,5.595601521548405e-10,5.595583902590093e-10,5.595566283931316e-10,5.595548665572059e-10,5.595531047512325e-10,5.595513429752104e-10,5.59549581229139e-10,5.59547819513018e-10,5.59546057826846e-10,5.595442961706236e-10,5.595425345443495e-10,5.595407729480227e-10,5.595390113816435e-10,5.595372498452107e-10,5.595354883387239e-10,5.595337268621824e-10,5.59531965415586e-10,5.595302039989332e-10,5.595284426122242e-10,5.595266812554582e-10,5.595249199286345e-10,5.595231586317521e-10,5.595213973648113e-10,5.595196361278106e-10,5.595178749207498e-10,5.595161137436289e-10,5.59514352596446e-10,5.595125914792019e-10,5.59510830391895e-10,5.595090693345253e-10,5.595073083070914e-10,5.595055473095934e-10,5.595037863420303e-10,5.595020254044021e-10,5.595002644967075e-10,5.594985036189459e-10,5.594967427711175e-10,5.594949819532205e-10,5.594932211652559e-10,5.594914604072213e-10,5.594896996791176e-10,5.594879389809434e-10,5.594861783126978e-10,5.594844176743811e-10,5.594826570659924e-10,5.594808964875305e-10,5.594791359389956e-10,5.594773754203866e-10,5.594756149317028e-10,5.594738544729442e-10,5.594720940441096e-10,5.594703336451987e-10,5.594685732762112e-10,5.594668129371457e-10,5.594650526280021e-10,5.594632923487801e-10,5.594615320994782e-10,5.594597718800966e-10,5.594580116906341e-10,5.594562515310907e-10,5.594544914014652e-10,5.594527313017576e-10,5.594509712319669e-10,5.59449211192093e-10,5.594474511821343e-10,5.594456912020911e-10,5.594439312519622e-10,5.594421713317474e-10,5.594404114414462e-10,5.594386515810578e-10,5.594368917505813e-10,5.594351319500167e-10,5.59433372179363e-10,5.594316124386198e-10,5.594298527277856e-10,5.594280930468613e-10,5.594263333958455e-10,5.594245737747377e-10,5.594228141835371e-10,5.594210546222432e-10,5.594192950908555e-10,5.594175355893733e-10,5.594157761177963e-10,5.594140166761232e-10,5.594122572643545e-10,5.594104978824882e-10,5.59408738530525e-10,5.594069792084632e-10,5.594052199163035e-10,5.594034606540439e-10,5.594017014216845e-10,5.593999422192252e-10,5.593981830466644e-10,5.593964239040022e-10,5.593946647912378e-10,5.593929057083697e-10,5.593911466553987e-10,5.593893876323235e-10,5.593876286391436e-10,5.593858696758583e-10,5.593841107424677e-10,5.593823518389702e-10,5.593805929653655e-10,5.593788341216534e-10,5.593770753078326e-10,5.593753165239031e-10,5.593735577698641e-10,5.59371799045715e-10,5.593700403514555e-10,5.593682816870844e-10,5.593665230526014e-10,5.593647644480061e-10,5.593630058732974e-10,5.593612473284748e-10,5.593594888135384e-10,5.593577303284868e-10,5.593559718733199e-10,5.593542134480372e-10,5.593524550526369e-10,5.593506966871196e-10,5.593489383514845e-10,5.593471800457308e-10,5.593454217698581e-10,5.593436635238655e-10,5.593419053077529e-10,5.59340147121519e-10,5.593383889651634e-10,5.593366308386861e-10,5.59334872742086e-10,5.593331146753625e-10,5.59331356638515e-10,5.593295986315429e-10,5.593278406544457e-10,5.593260827072227e-10,5.593243247898735e-10,5.593225669023971e-10,5.593208090447937e-10,5.593190512170617e-10,5.593172934192009e-10,5.593155356512111e-10,5.593137779130909e-10,5.593120202048406e-10,5.593102625264589e-10,5.593085048779455e-10,5.593067472592995e-10,5.59304989670521e-10,5.593032321116085e-10,5.593014745825618e-10,5.592997170833803e-10,5.592979596140639e-10,5.592962021746111e-10,5.592944447650219e-10,5.592926873852955e-10,5.592909300354317e-10,5.592891727154291e-10,5.592874154252875e-10,5.592856581650065e-10,5.592839009345848e-10,5.592821437340231e-10,5.592803865633197e-10,5.592786294224745e-10,5.592768723114862e-10,5.59275115230355e-10,5.5927335817908e-10,5.592716011576603e-10,5.592698441660962e-10,5.592680872043862e-10,5.592663302725301e-10,5.592645733705273e-10,5.59262816498377e-10,5.592610596560787e-10,5.592593028436319e-10,5.59257546061036e-10,5.592557893082898e-10,5.592540325853934e-10,5.592522758923463e-10,5.592505192291469e-10,5.592487625957961e-10,5.592470059922924e-10,5.592452494186351e-10,5.592434928748238e-10,5.592417363608577e-10,5.592399798767365e-10,5.592382234224595e-10,5.592364669980261e-10,5.592347106034357e-10,5.592329542386882e-10,5.592311979037821e-10,5.592294415987169e-10,5.592276853234927e-10,5.592259290781081e-10,5.592241728625634e-10,5.59222416676857e-10,5.59220660520989e-10,5.592189043949585e-10,5.592171482987651e-10,5.592153922324081e-10,5.592136361958869e-10,5.592118801892007e-10,5.592101242123494e-10,5.592083682653316e-10,5.592066123481475e-10,5.592048564607959e-10,5.592031006032769e-10,5.592013447755892e-10,5.591995889777325e-10,5.591978332097064e-10,5.591960774715098e-10,5.591943217631425e-10,5.591925660846035e-10,5.591908104358929e-10,5.591890548170093e-10,5.591872992279528e-10,5.591855436687224e-10,5.59183788139318e-10,5.591820326397378e-10,5.591802771699823e-10,5.591785217300508e-10,5.59176766319942e-10,5.591750109396561e-10,5.591732555891924e-10,5.591715002685497e-10,5.591697449777276e-10,5.59167989716726e-10,5.591662344855436e-10,5.591644792841807e-10,5.591627241126359e-10,5.591609689709089e-10,5.591592138589994e-10,5.591574587769058e-10,5.591557037246285e-10,5.591539487021668e-10,5.591521937095195e-10,5.591504387466865e-10,5.591486838136671e-10,5.591469289104608e-10,5.591451740370667e-10,5.591434191934844e-10,5.591416643797131e-10,5.591399095957525e-10,5.59138154841602e-10,5.591364001172606e-10,5.591346454227286e-10,5.591328907580045e-10,5.591311361230875e-10,5.591293815179778e-10,5.591276269426744e-10,5.591258723971772e-10,5.591241178814847e-10,5.591223633955968e-10,5.591206089395128e-10,5.591188545132324e-10,5.591171001167545e-10,5.591153457500788e-10,5.591135914132052e-10,5.591118371061323e-10,5.591100828288597e-10,5.591083285813866e-10,5.591065743637129e-10,5.591048201758382e-10,5.59103066017761e-10,5.591013118894811e-10,5.59099557790998e-10,5.590978037223114e-10,5.590960496834201e-10,5.590942956743241e-10,5.590925416950223e-10,5.590907877455142e-10,5.590890338257994e-10,5.590872799358772e-10,5.590855260757468e-10,5.590837722454076e-10,5.590820184448596e-10,5.590802646741014e-10,5.590785109331329e-10,5.590767572219534e-10,5.590750035405626e-10,5.590732498889591e-10,5.590714962671434e-10,5.590697426751138e-10,5.590679891128704e-10,5.590662355804121e-10,5.590644820777387e-10,5.590627286048494e-10,5.590609751617437e-10,5.590592217484215e-10,5.59057468364881e-10,5.590557150111222e-10,5.590539616871452e-10,5.590522083929487e-10,5.590504551285319e-10,5.590487018938945e-10,5.590469486890363e-10,5.590451955139559e-10,5.590434423686534e-10,5.590416892531278e-10,5.590399361673785e-10,5.590381831114052e-10,5.59036430085207e-10,5.590346770887829e-10,5.590329241221328e-10,5.59031171185257e-10,5.590294182781533e-10,5.590276654008223e-10,5.590259125532626e-10,5.590241597354739e-10,5.590224069474557e-10,5.590206541892072e-10,5.590189014607277e-10,5.590171487620172e-10,5.590153960930747e-10,5.590136434538996e-10,5.590118908444911e-10,5.590101382648489e-10,5.590083857149724e-10,5.590066331948606e-10,5.590048807045134e-10,5.590031282439303e-10,5.590013758131101e-10,5.589996234120529e-10,5.589978710407573e-10,5.589961186992227e-10,5.5899436638745e-10,5.589926141054368e-10,5.589908618531836e-10,5.589891096306893e-10,5.589873574379532e-10,5.589856052749749e-10,5.589838531417543e-10,5.589821010382899e-10,5.589803489645818e-10,5.589785969206291e-10,5.589768449064313e-10,5.589750929219874e-10,5.589733409672973e-10,5.589715890423605e-10,5.589698371471761e-10,5.589680852817432e-10,5.589663334460618e-10,5.589645816401308e-10,5.589628298639503e-10,5.589610781175191e-10,5.589593264008365e-10,5.58957574713902e-10,5.589558230567157e-10,5.589540714292759e-10,5.589523198315829e-10,5.58950568263636e-10,5.589488167254337e-10,5.589470652169767e-10,5.589453137382634e-10,5.589435622892939e-10,5.589418108700672e-10,5.589400594805824e-10,5.589383081208392e-10,5.589365567908376e-10,5.589348054905764e-10,5.589330542200548e-10,5.589313029792728e-10,5.589295517682291e-10,5.589278005869237e-10,5.589260494353555e-10,5.589242983135245e-10,5.589225472214296e-10,5.589207961590707e-10,5.589190451264467e-10,5.589172941235571e-10,5.589155431504016e-10,5.589137922069789e-10,5.589120412932893e-10,5.589102904093316e-10,5.589085395551058e-10,5.589067887306109e-10,5.589050379358461e-10,5.58903287170811e-10,5.58901536435505e-10,5.588997857299273e-10,5.588980350540778e-10,5.588962844079556e-10,5.588945337915603e-10,5.588927832048911e-10,5.588910326479472e-10,5.588892821207284e-10,5.588875316232336e-10,5.588857811554627e-10,5.588840307174149e-10,5.588822803090896e-10,5.588805299304863e-10,5.588787795816046e-10,5.588770292624432e-10,5.588752789730024e-10,5.588735287132808e-10,5.588717784832781e-10,5.588700282829942e-10,5.588682781124274e-10,5.588665279715786e-10,5.588647778604457e-10,5.58863027779029e-10,5.588612777273276e-10,5.588595277053412e-10,5.588577777130687e-10,5.588560277505097e-10,5.588542778176634e-10,5.588525279145298e-10,5.58850778041108e-10,5.588490281973977e-10,5.588472783833975e-10,5.588455285991075e-10,5.588437788445269e-10,5.58842029119655e-10,5.588402794244914e-10,5.588385297590352e-10,5.588367801232862e-10,5.588350305172438e-10,5.588332809409068e-10,5.588315313942753e-10,5.588297818773481e-10,5.58828032390125e-10,5.588262829326053e-10,5.588245335047883e-10,5.58822784106674e-10,5.588210347382607e-10,5.588192853995491e-10,5.588175360905376e-10,5.588157868112261e-10,5.588140375616136e-10,5.588122883416999e-10,5.588105391514841e-10,5.588087899909657e-10,5.588070408601442e-10,5.588052917590188e-10,5.588035426875893e-10,5.588017936458548e-10,5.588000446338146e-10,5.587982956514686e-10,5.587965466988157e-10,5.587947977758552e-10,5.58793048882587e-10,5.587913000190097e-10,5.587895511851244e-10,5.587878023809287e-10,5.587860536064227e-10,5.587843048616058e-10,5.587825561464775e-10,5.587808074610371e-10,5.587790588052837e-10,5.587773101792174e-10,5.587755615828369e-10,5.587738130161424e-10,5.587720644791319e-10,5.587703159718064e-10,5.58768567494165e-10,5.587668190462059e-10,5.587650706279293e-10,5.58763322239335e-10,5.587615738804219e-10,5.587598255511893e-10,5.587580772516374e-10,5.587563289817646e-10,5.587545807415709e-10,5.587528325310555e-10,5.587510843502179e-10,5.587493361990575e-10,5.587475880775736e-10,5.587458399857655e-10,5.587440919236331e-10,5.58742343891175e-10,5.587405958883907e-10,5.587388479152805e-10,5.587370999718434e-10,5.587353520580786e-10,5.587336041739853e-10,5.587318563195637e-10,5.587301084948123e-10,5.587283606997312e-10,5.587266129343192e-10,5.58724865198576e-10,5.58723117492501e-10,5.587213698160935e-10,5.587196221693535e-10,5.587178745522795e-10,5.587161269648714e-10,5.587143794071287e-10,5.587126318790504e-10,5.587108843806363e-10,5.587091369118851e-10,5.587073894727968e-10,5.587056420633712e-10,5.58703894683607e-10,5.587021473335041e-10,5.587004000130614e-10,5.586986527222787e-10,5.586969054611553e-10,5.586951582296902e-10,5.586934110278836e-10,5.586916638557343e-10,5.586899167132417e-10,5.586881696004055e-10,5.586864225172253e-10,5.586846754636996e-10,5.586829284398284e-10,5.586811814456115e-10,5.586794344810476e-10,5.586776875461364e-10,5.586759406408777e-10,5.586741937652702e-10,5.586724469193137e-10,5.586707001030074e-10,5.586689533163508e-10,5.586672065593435e-10,5.586654598319847e-10,5.58663713134274e-10,5.586619664662099e-10,5.586602198277934e-10,5.586584732190226e-10,5.586567266398975e-10,5.586549800904171e-10,5.58653233570581e-10,5.586514870803888e-10,5.586497406198399e-10,5.586479941889336e-10,5.586462477876691e-10,5.586445014160465e-10,5.58642755074064e-10,5.586410087617219e-10,5.586392624790194e-10,5.586375162259556e-10,5.586357700025304e-10,5.58634023808743e-10,5.586322776445931e-10,5.586305315100795e-10,5.586287854052019e-10,5.5862703932996e-10,5.586252932843523e-10,5.58623547268379e-10,5.586218012820398e-10,5.586200553253337e-10,5.586183093982597e-10,5.586165635008174e-10,5.586148176330067e-10,5.586130717948263e-10,5.586113259862764e-10,5.586095802073558e-10,5.586078344580636e-10,5.586060887384e-10,5.58604343048364e-10,5.586025973879555e-10,5.586008517571733e-10,5.585991061560169e-10,5.585973605844859e-10,5.585956150425794e-10,5.585938695302969e-10,5.58592124047638e-10,5.585903785946022e-10,5.585886331711887e-10,5.585868877773969e-10,5.585851424132257e-10,5.585833970786755e-10,5.585816517737458e-10,5.585799064984346e-10,5.585781612527423e-10,5.585764160366679e-10,5.585746708502119e-10,5.585729256933724e-10,5.585711805661491e-10,5.585694354685416e-10,5.585676904005492e-10,5.585659453621716e-10,5.585642003534079e-10,5.58562455374258e-10,5.585607104247204e-10,5.58558965504795e-10,5.585572206144813e-10,5.585554757537788e-10,5.585537309226863e-10,5.58551986121204e-10,5.585502413493307e-10,5.585484966070663e-10,5.585467518944096e-10,5.585450072113605e-10,5.585432625579183e-10,5.585415179340818e-10,5.58539773343206e-10,5.585380287819584e-10,5.585362842503351e-10,5.585345397483359e-10,5.585327952759609e-10,5.585310508332085e-10,5.585293064200778e-10,5.585275620365678e-10,5.58525817682681e-10,5.585240733584105e-10,5.585223290637581e-10,5.585205847987234e-10,5.585188405633058e-10,5.585170963575061e-10,5.585153521813176e-10,5.585136080347469e-10,5.585118639177863e-10,5.585101198304403e-10,5.585083757727069e-10,5.585066317445856e-10,5.585048877460738e-10,5.585031437771716e-10,5.585013998378774e-10,5.584996559281903e-10,5.584979120481087e-10,5.584961681976351e-10,5.584944243767661e-10,5.58492680585503e-10,5.584909368238424e-10,5.584891930917858e-10,5.584874493893318e-10,5.584857057164789e-10,5.58483962073226e-10,5.584822184595717e-10,5.584804748755165e-10,5.584787313210596e-10,5.584769877962017e-10,5.584752443009376e-10,5.584735008352696e-10,5.584717573991975e-10,5.584700139887035e-10,5.584682706077904e-10,5.58466527256458e-10,5.584647839347055e-10,5.584630406425328e-10,5.58461297379939e-10,5.584595541469236e-10,5.584578109434855e-10,5.584560677696246e-10,5.584543246253404e-10,5.58452581510632e-10,5.584508384254992e-10,5.584490953699411e-10,5.584473523439571e-10,5.584456093475468e-10,5.584438663807092e-10,5.584421234434438e-10,5.584403805357504e-10,5.584386376576281e-10,5.584368948090764e-10,5.584351519900946e-10,5.584334092006821e-10,5.584316664408387e-10,5.584299237105633e-10,5.584281810098558e-10,5.584264383387154e-10,5.584246956971411e-10,5.584229530851325e-10,5.584212105026895e-10,5.584194679498111e-10,5.584177254264967e-10,5.584159829327453e-10,5.584142404685573e-10,5.584124980339312e-10,5.584107556288674e-10,5.584090132533639e-10,5.584072709074216e-10,5.584055285910386e-10,5.58403786304215e-10,5.584020440469503e-10,5.584003018192435e-10,5.583985596210946e-10,5.583968174525024e-10,5.583950753134666e-10,5.583933332039866e-10,5.583915911240613e-10,5.583898490736909e-10,5.58388107052874e-10,5.583863650616111e-10,5.583846230999007e-10,5.583828811677422e-10,5.583811392651358e-10,5.583793973920805e-10,5.583776555485752e-10,5.583759137346197e-10,5.583741719502137e-10,5.583724301953564e-10,5.583706884700466e-10,5.583689467742843e-10,5.583672051080688e-10,5.583654634713999e-10,5.583637218642762e-10,5.58361980286698e-10,5.58360238738664e-10,5.583584972201741e-10,5.583567557312274e-10,5.583550142718231e-10,5.583532728419611e-10,5.583515314416404e-10,5.583497900708613e-10,5.583480487296216e-10,5.583463074179221e-10,5.583445661357615e-10,5.583428248831396e-10,5.583410836600556e-10,5.583393424665089e-10,5.583376013024991e-10,5.583358601680254e-10,5.583341190630873e-10,5.583323779876837e-10,5.58330636941815e-10,5.5832889592548e-10,5.583271549386783e-10,5.583254139814089e-10,5.583236730536715e-10,5.583219321554661e-10,5.58320191286791e-10,5.583184504476464e-10,5.583167096380311e-10,5.58314968857945e-10,5.583132281073874e-10,5.583114873863574e-10,5.583097466948546e-10,5.583080060328786e-10,5.583062654004287e-10,5.583045247975042e-10,5.58302784224105e-10,5.583010436802297e-10,5.582993031658782e-10,5.582975626809987e-10,5.582958222256412e-10,5.582940817998053e-10,5.582923414034907e-10,5.582906010366963e-10,5.582888606994222e-10,5.58287120391667e-10,5.582853801134306e-10,5.582836398647121e-10,5.582818996455115e-10,5.582801594558277e-10,5.582784192956605e-10,5.582766791650088e-10,5.582749390638719e-10,5.582731989922498e-10,5.582714589501418e-10,5.582697189375474e-10,5.582679789544654e-10,5.582662390008961e-10,5.582644990768376e-10,5.582627591822908e-10,5.582610193172538e-10,5.582592794817269e-10,5.582575396757094e-10,5.582557998992007e-10,5.582540601522002e-10,5.582523204347064e-10,5.582505807467199e-10,5.582488410882396e-10,5.58247101459265e-10,5.582453618597956e-10,5.582436222898309e-10,5.5824188274937e-10,5.582401432384123e-10,5.582384037569574e-10,5.582366643050046e-10,5.58234924882553e-10,5.58233185489603e-10,5.58231446126253e-10,5.582297067923965e-10,5.582279674880348e-10,5.582262282131659e-10,5.582244889677892e-10,5.582227497519046e-10,5.582210105655113e-10,5.582192714086098e-10,5.582175322811962e-10,5.582157931832731e-10,5.582140541148384e-10,5.582123150758918e-10,5.582105760664325e-10,5.582088370864599e-10,5.582070981359731e-10,5.582053592149714e-10,5.582036203234546e-10,5.582018814614217e-10,5.582001426288717e-10,5.581984038258045e-10,5.581966650522193e-10,5.581949263081143e-10,5.581931875934903e-10,5.581914489083462e-10,5.581897102526818e-10,5.58187971626496e-10,5.58186233029788e-10,5.581844944625563e-10,5.581827559248019e-10,5.58181017416523e-10,5.581792789377187e-10,5.581775404883895e-10,5.581758020685326e-10,5.581740636781487e-10,5.581723253172375e-10
12,1.0026175725945791e-81,1.1253418856337952e-81,1.521325436506599e-81,2.488461134594746e-81,4.4869483686733e-81,8.17831840333215e-81,1.4468534316629178e-80,2.4555405985058035e-80,3.998044051272075e-80,6.2685166900035356e-80,9.50719200780705e-80,1.4006905565881604e-79,2.0120057001362187e-79,2.8266009484379246e-79,3.893892481917197e-79,5.2716032313182977e-79,7.026633014692574e-79,9.235971807828748e-79,1.1987656071977962e-78,1.5381768067863035e-78,1.9531478100896548e-78,2.4564129648681947e-78,3.0622367327700705e-78,3.786530765884271e-78,4.646975259348766e-78,5.663144576257817e-78,6.8566371411542165e-78,8.251209598402755e-78,9.872915231717777e-78,1.1750246641107886e-77,1.3914282673451259e-77,1.6398839602923633e-77,1.924062655745784e-77,2.2479405187401007e-77,2.6158153572526017e-77,3.032323436353886e-77,3.5024567154219065e-77,4.031580508032104e-77,4.625451564136517e-77,5.290236574144617e-77,6.032531094518254e-77,6.8593788944924774e-77,7.778291723536982e-77,8.797269499167719e-77,9.924820914727334e-77,1.1169984466740627e-76,1.254234990146526e-76,1.4052080080249356e-76,1.5709933263304355e-76,1.752728581152288e-76,1.951615530594097e-76,2.1689224084465335e-76,2.4059863195488412e-76,2.6642156767992177e-76,2.9450926797776067e-76,3.2501758349407504e-76,3.581102517352389e-76,3.9395915739101526e-76,4.327445968030285e-76,4.746555465752963e-76,5.198899363229438e-76,5.686549255552907e-76,6.211671846895191e-76,6.776531801911356e-76,7.383494638373884e-76,8.035029660998235e-76,8.733712936423138e-76,9.48223030930576e-76,1.0283380459495524e-75,1.1140078000247902e-75,1.2055356617440092e-75,1.3032372249752587e-75,1.4074406309776172e-75,1.5184868946009188e-75,1.6367302345705293e-75,1.7625384078535967e-75,1.8962930481028806e-75,2.0383900081744776e-75,2.189239706715651e-75,2.34926747881903e-75,2.5189139307394227e-75,2.6986352986695626e-75,2.888903811570858e-75,3.090208058055768e-75,3.303053357317644e-75,3.5279621341046417e-75,3.7654742977337805e-75,4.016147625141548e-75,4.280558147967265e-75,4.559300543665513e-75,4.852988530643923e-75,5.162255267422591e-75,5.487753755811434e-75,5.830157248101783e-75,6.190159658268782e-75,6.568475977179641e-75,6.965842691806723e-75,7.383018208438461e-75,7.820783279887073e-75,8.279941436687896e-75,8.761319422287436e-75,9.265767632215804e-75,9.794160557240618e-75,1.0347397230498034e-74,1.0926401678597725e-74,1.1532123376697733e-74,1.216553770754594e-74,1.2827646424484175e-74,1.3519478118411483e-74,1.4242088688702898e-74,1.4996561818080021e-74,1.5784009451429765e-74,1.6605572278567635e-74,1.7462420220941994e-74,1.8355752922275564e-74,1.928680024314056e-74,2.0256822759463908e-74,2.126711226495889e-74,2.2318992277479396e-74,2.3413818549293543e-74,2.4552979581273305e-74,2.5737897140994717e-74,2.6970026784747965e-74,2.8250858383451475e-74,2.9581916652467246e-74,3.0964761685313763e-74,3.2400989491272918e-74,3.389223253688748e-74,3.54401602913448e-74,3.7046479775744145e-74,3.871293611624424e-74,4.04413131010856e-74,4.223343374148637e-74,4.409116083640663e-74,4.60163975411783e-74,4.801108793999628e-74,5.007721762226896e-74,5.221681426282223e-74,5.443194820595532e-74,5.672473305334395e-74,5.90973262557873e-74,6.155192970879659e-74,6.409079035201914e-74,6.671620077249639e-74,6.94304998117522e-74,7.223607317670722e-74,7.51353540544162e-74,7.81308237306242e-74,8.122501221213923e-74,8.442049885301681e-74,8.771991298455303e-74,9.112593454908357e-74,9.464129473758376e-74,9.826877663106725e-74,1.0201121584577941e-73,1.0587150118218203e-73,1.0985257527772535e-73,1.1395743526340501e-73,1.1818913342409918e-73,1.2255077786268326e-73,1.270455331679185e-73,1.3167662108611068e-73,1.3644732119653599e-73,1.4136097159063034e-73,1.464209695549363e-73,1.516307722578117e-73,1.5699389743988612e-73,1.6251392410826924e-73,1.6819449323450455e-73,1.740393084562667e-73,1.8005213678279683e-73,1.8623680930407346e-73,1.9259722190371817e-73,1.991373359756268e-73,2.0586117914432782e-73,2.1277284598906282e-73,2.198764987715848e-73,2.27176368167672e-73,2.3467675400235326e-73,2.4238202598884185e-73,2.502966244711734e-73,2.5842506117054856e-73,2.6677191993536714e-73,2.753418574949635e-73,2.841396042170289e-73,2.931699648687252e-73,3.0243781938147836e-73,3.1194812361945794e-73,3.217059101517308e-73,3.317162890280904e-73,3.419844485585565e-73,3.525156560965421e-73,3.633152588256864e-73,3.7438868455034485e-73,3.857414424897405e-73,3.973791240757664e-73,4.093074037544405e-73,4.215320397910056e-73,4.3405887507867614e-73,4.468938379510228e-73,4.600429429979961e-73,4.7351229188558255e-73,4.873080741790915e-73,5.014365681700705e-73,5.1590414170684274e-73,5.307172530286652e-73,5.458824516035039e-73,5.6140637896942495e-73,5.77295769579592e-73,5.935574516508745e-73,6.101983480160583e-73,6.272254769796566e-73,6.446459531773166e-73,6.624669884388235e-73,6.806958926546942e-73,6.993400746463539e-73,7.18407043039901e-73,7.379044071434511e-73,7.578398778280598e-73,7.782212684122172e-73,7.990564955499129e-73,8.203535801222726e-73,8.42120648132753e-73,8.643659316059018e-73,8.870977694896741e-73,9.103246085613015e-73,9.340550043367142e-73,9.582976219835099e-73,9.830612372374676e-73,1.0083547373226031e-72,1.0341871218747592e-72,1.0605675038687353e-72,1.0875051105489469e-72,1.1150092843636093e-72,1.143089483902452e-72,1.1717552848379496e-72,1.2010163808700774e-72,1.230882584674576e-72,1.2613638288547302e-72,1.2924701668966524e-72,1.3242117741280853e-72,1.3565989486806901e-72,1.3896421124558427e-72,1.423351812093923e-72,1.4577387199470962e-72,1.4928136350555902e-72,1.5285874841274439e-72,1.565071322521755e-72,1.6022763352354027e-72,1.640213837893237e-72,1.6788952777417553e-72,1.718332234646238e-72,1.7585364220913615e-72,1.7995196881852585e-72,1.8412940166670637e-72,1.8838715279178904e-72,1.9272644799752836e-72,1.9714852695510942e-72,2.0165464330528452e-72,2.0624606476085054e-72,2.109240732094712e-72,2.1568996481684456e-72,2.2054505013021252e-72,2.2549065418221423e-72,2.3052811659508165e-72,2.3565879168517943e-72,2.4088404856788475e-72,2.462052712628105e-72,2.516238587993697e-72,2.5714122532268115e-72,2.6275880019981623e-72,2.6847802812638633e-72,2.7430036923347037e-72,2.8022729919488267e-72,2.862603093347804e-72,2.9240090673561046e-72,2.986506143463957e-72,3.0501097109135944e-72,3.1148353197888824e-72,3.1806986821083435e-72,3.247715672921542e-72,3.3159023314088566e-72,3.385274861984614e-72,3.455849635403604e-72,3.5276431898709544e-72,3.6006722321553645e-72,3.6749536387057076e-72,3.750504456770986e-72,3.827341905523636e-72,3.9054833771861885e-72,3.98494643816128e-72,4.0657488301649924e-72,4.147908471363563e-72,4.2314434575133927e-72,4.316372063104427e-72,4.4027127425068525e-72,4.4904841311211157e-72,4.579705046531284e-72,4.670394489661723e-72,4.762571645937057e-72,4.85625588644554e-72,4.951466769105649e-72,5.048224039836e-72,5.146547633728632e-72,5.246457676225545e-72,5.347974484298513e-72,5.451118567632284e-72,5.555910629810996e-72,5.662371569507911e-72,5.77052248167845e-72,5.880384658756502e-72,5.991979591854017e-72,6.105328971963877e-72,6.220454691166059e-72,6.33737884383705e-72,6.456123727862551e-72,6.576711845853442e-72,6.699165906365013e-72,6.823508825119453e-72,6.949763726231602e-72,7.077953943437964e-72,7.20810302132897e-72,7.340234716584476e-72,7.474372999212542e-72,7.610542053791413e-72,7.748766280714779e-72,7.889070297440243e-72,8.031478939741057e-72,8.176017262961048e-72,8.322710543272813e-72,8.471584278939121e-72,8.622664191577532e-72,8.775976227428247e-72,8.93154655862519e-72,9.089401584470265e-72,9.24956793271086e-72,9.41207246082055e-72,9.57694225728299e-72,9.744204642879015e-72,9.91388717197698e-72,1.0086017633826234e-71,1.0260624053853819e-71,1.0437734694964375e-71,1.0617378058843203e-71,1.0799582887262525e-71,1.0984378163390927e-71,1.1171793113105995e-71,1.1361857206310076e-71,1.1554600158249298e-71,1.1750051930835666e-71,1.19482427339724e-71,1.214920302688238e-71,1.235296351943981e-71,1.2559555173504982e-71,1.2769009204262243e-71,1.298135708156109e-71,1.3196630531260412e-71,1.3414861536575898e-71,1.3636082339430558e-71,1.3860325441808443e-71,1.408762360711142e-71,1.4318009861519163e-71,1.4551517495352217e-71,1.4788180064438249e-71,1.5028031391481307e-71,1.527110556743441e-71,1.5517436952875032e-71,1.5767060179383897e-71,1.6020010150926708e-71,1.6276322045239104e-71,1.6536031315214784e-71,1.6799173690296574e-71,1.7065785177870688e-71,1.733590206466412e-71,1.760956091814507e-71,1.7886798587926475e-71,1.8167652207172654e-71,1.845215919400909e-71,1.8740357252935147e-71,1.9032284376240076e-71,1.9327978845421907e-71,1.9627479232609556e-71,1.993082440198793e-71,2.023805351122615e-71,2.0549206012908815e-71,2.0864321655970343e-71,2.1183440487132375e-71,2.1506602852344248e-71,2.1833849398226517e-71,2.216522107351751e-71,2.2500759130522997e-71,2.2840505126568834e-71,2.318450092545676e-71,2.3532788698923027e-71,2.388541092810037e-71,2.4242410404982823e-71,2.460383023389345e-71,2.4969713832955516e-71,2.5340104935566247e-71,2.571504759187391e-71,2.609458617025775e-71,2.6478765358811036e-71,2.6867630166827138e-71,2.7261225926288523e-71,2.7659598293358893e-71,2.8062793249878194e-71,2.8470857104860785e-71,2.888383649599647e-71,2.9301778391154622e-71,2.9724730089891293e-71,3.0152739224959266e-71,3.0585853763821206e-71,3.102412201016566e-71,3.146759260542621e-71,3.1916314530303436e-71,3.2370337106290027e-71,3.2829709997198774e-71,3.3294483210693537e-71,3.376470709982326e-71,3.424043236455885e-71,3.4721710053333143e-71,3.5208591564583758e-71,3.5701128648298923e-71,3.619937340756631e-71,3.6703378300124746e-71,3.7213196139918975e-71,3.772888009865727e-71,3.825048370737217e-71,3.877806085798388e-71,3.931166580486675e-71,3.985135316641906e-71,4.039717792663504e-71,4.09491954366804e-71,4.15074614164705e-71,4.207203195625159e-71,4.2642963518184916e-71,4.322031293793372e-71,4.380413742625329e-71,4.4394494570583815e-71,4.4991442336646124e-71,4.5595039070040584e-71,4.620534349784851e-71,4.682241473023686e-71,4.7446312262065646e-71,4.807709597449828e-71,4.871482613661485e-71,4.9359563407028226e-71,5.001136883550314e-71,5.067030386457821e-71,5.133643033119064e-71,5.200981046830397e-71,5.269050690653878e-71,5.3378582675806054e-71,5.407410120694371e-71,5.477712633335568e-71,5.548772229265419e-71,5.620595372830457e-71,5.693188569127327e-71,5.766558364167852e-71,5.840711345044412e-71,5.915654140095543e-71,5.991393419071924e-71,6.067935893302565e-71,6.145288315861307e-71,6.223457481733621e-71,6.302450227983679e-71,6.38227343392171e-71,6.462934021271639e-71,6.5444389543390125e-71,6.626795240179212e-71,6.710009928765948e-71,6.794090113160031e-71,6.879042929678427e-71,6.964875558063616e-71,7.0515952216532e-71,7.139209187549822e-71,7.2277247667913416e-71,7.317149314521318e-71,7.407490230159762e-71,7.498754957574139e-71,7.590950985250744e-71,7.684085846466237e-71,7.778167119459536e-71,7.873202427603999e-71,7.96919943957982e-71,8.066165869546774e-71,8.16410947731719e-71,8.263038068529239e-71,8.362959494820468e-71,8.463881654001666e-71,8.56581249023093e-71,8.668759994188082e-71,8.77273220324932e-71,8.87773720166217e-71,8.983783120720698e-71,9.090878138941013e-71,9.199030482237033e-71,9.30824842409655e-71,9.41854028575754e-71,9.529914436384775e-71,9.642379293246702e-71,9.755943321892595e-71,9.870615036329982e-71,9.986402999202363e-71,1.0103315821967152e-70,1.0221362165073984e-70,1.0340550738143204e-70,1.0460890300144684e-70,1.0582389659576904e-70,1.0705057674646267e-70,1.0828903253446783e-70,1.0953935354139913e-70,1.1080162985134746e-70,1.1207595205268468e-70,1.1336241123987037e-70,1.14661099015262e-70,1.159721074909273e-70,1.1729552929045962e-70,1.1863145755079586e-70,1.1997998592403737e-70,1.213412085792731e-70,1.2271522020440605e-70,1.2410211600798145e-70,1.2550199172101916e-70,1.2691494359884723e-70,1.2834106842293926e-70,1.2978046350275358e-70,1.3123322667757579e-70,1.3269945631836382e-70,1.3417925132959542e-70,1.3567271115111846e-70,1.3717993576000433e-70,1.387010256724032e-70,1.4023608194540272e-70,1.4178520617888901e-70,1.4334850051741028e-70,1.449260676520433e-70,1.465180108222625e-70,1.4812443381781173e-70,1.4974544098057845e-70,1.5138113720647094e-70,1.530316279472981e-70,1.5469701921265146e-70,1.5637741757179056e-70,1.5807293015553035e-70,1.597836646581316e-70,1.6150972933919386e-70,1.6325123302555093e-70,1.6500828511316918e-70,1.6678099556904828e-70,1.685694749331251e-70,1.7037383432017924e-70,1.7219418542174216e-70,1.7403064050800842e-70,1.758833124297497e-70,1.7775231462023152e-70,1.7963776109713244e-70,1.8153976646446582e-70,1.8345844591450438e-70,1.853939152297072e-70,1.8734629078464964e-70,1.893156895479553e-70,1.913022290842314e-70,1.9330602755600555e-70,1.9532720372566674e-70,1.9736587695740737e-70,1.9942216721916893e-70,2.0149619508458966e-70,2.0358808173495518e-70,2.0569794896115154e-70,2.0782591916562065e-70,2.0997211536431922e-70,2.121366611886786e-70,2.143196808875688e-70,2.1652129932926453e-70,2.1874164200341324e-70,2.209808350230068e-70,2.2323900512635485e-70,2.2551627967906116e-70,2.278127866760025e-70,2.3012865474330997e-70,2.3246401314035274e-70,2.3481899176172508e-70,2.3719372113923473e-70,2.3958833244389512e-70,2.4200295748791907e-70,2.4443772872671605e-70,2.4689277926089045e-70,2.4936824283824454e-70,2.51864253855782e-70,2.543809473617149e-70,2.5691845905747392e-70,2.5947692529971885e-70,2.6205648310235427e-70,2.6465727013854587e-70,2.672794247427405e-70,2.6992308591268767e-70,2.7258839331146446e-70,2.7527548726950262e-70,2.779845087866182e-70,2.8071559953404328e-70,2.8346890185646132e-70,2.862445587740435e-70,2.8904271398448923e-70,2.9186351186506744e-70,2.9470709747466196e-70,2.975736165558182e-70,3.004632155367932e-70,3.0337604153360734e-70,3.063122423520996e-70,3.092719664899842e-70,3.1225536313891036e-70,3.152625821865244e-70,3.182937742185345e-70,3.213490905207785e-70,3.24428683081291e-70,3.275327045923788e-70,3.306613084526928e-70,3.3381464876930605e-70,3.3699288035979334e-70,3.4019615875431255e-70,3.434246401976899e-70,3.466784816515059e-70,3.499578407961855e-70,3.5326287603308916e-70,3.565937464866076e-70,3.599506120062586e-70,3.633336331687855e-70,3.667429712802595e-70,3.701787883781834e-70,3.736412472335982e-70,3.7713051135319194e-70,3.8064674498141117e-70,3.84190113102575e-70,3.877607814429908e-70,3.913589164730733e-70,3.949846854094662e-70,3.986382562171645e-70,4.0231979761164196e-70,4.0602947906097813e-70,4.097674707879902e-70,4.1353394377236584e-70,4.1732906975279904e-70,4.211530212291281e-70,4.250059714644761e-70,4.28888094487394e-70,4.327995650940062e-70,4.3674055885015754e-70,4.407112520935642e-70,4.44711821935966e-70,4.4874244626528116e-70,4.528033037477642e-70,4.5689457383016495e-70,4.6101643674189156e-70,4.651690734971742e-70,4.6935266589723275e-70,4.735673965324454e-70,4.7781344878452104e-70,4.82091006828673e-70,4.864002556357962e-70,4.9074138097464335e-70,4.9511456941401115e-70,4.995200083249186e-70,5.039578858827969e-70,5.0842839106967556e-70,5.129317136763738e-70,5.17468044304694e-70,5.220375743696171e-70,5.2664049610149935e-70,5.312770025482739e-70,5.35947287577653e-70,5.4065154587933176e-70,5.45389972967197e-70,5.501627651815361e-70,5.549701196912486e-70,5.5981223449606086e-70,5.6468930842874334e-70,5.6960154115732805e-70,5.7454913318733136e-70,5.795322858639767e-70,5.84551201374421e-70,5.896060827499832e-70,5.946971338683741e-70,5.998245594559308e-70,6.049885650898499e-70,6.101893572004274e-70,6.15427143073297e-70,6.207021308516736e-70,6.260145295385965e-70,6.313645489991777e-70,6.367523999628504e-70,6.421782940256208e-70,6.476424436523219e-70,6.531450621788693e-70,6.586863638145207e-70,6.642665636441358e-70,6.698858776304393e-70,6.755445226162866e-70,6.81242716326932e-70,6.869806773722973e-70,6.927586252492459e-70,6.985767803438553e-70,7.044353639336961e-70,7.103345981901093e-70,7.162747061804887e-70,7.222559118705643e-70,7.282784401266888e-70,7.343425167181246e-70,7.404483683193361e-70,7.465962225122808e-70,7.527863077887059e-70,7.590188535524442e-70,7.652940901217151e-70,7.716122487314254e-70,7.779735615354745e-70,7.843782616090599e-70,7.908265829509857e-70,7.973187604859748e-70,8.038550300669813e-70,8.104356284775057e-70,8.170607934339125e-70,8.237307635877514e-70,8.304457785280787e-70,8.372060787837815e-70,8.440119058259033e-70,8.50863502069976e-70,8.577611108783481e-70,8.647049765625196e-70,8.716953443854776e-70,8.78732460564033e-70,8.858165722711628e-70,8.929479276383498e-70,9.001267757579294e-70,9.073533666854346e-70,9.146279514419463e-70,9.219507820164443e-70,9.293221113681601e-70,9.367421934289332e-70,9.442112831055684e-70,9.517296362821966e-70,9.592975098226373e-70,9.669151615727605e-70,9.745828503628577e-70,9.823008360100073e-70,9.900693793204474e-70,9.978887420919491e-70,1.0057591871161903e-69,1.0136809781811358e-69,1.0216543800734165e-69,1.0296796585807103e-69,1.0377570804941273e-69,1.0458869136105969e-69,1.0540694267352547e-69,1.0623048896838366e-69,1.0705935732850657e-69,1.0789357493830559e-69,1.0873316908397026e-69,1.0957816715370847e-69,1.1042859663798659e-69,1.1128448512976997e-69,1.1214586032476344e-69,1.1301275002165214e-69,1.1388518212234257e-69,1.1476318463220398e-69,1.1564678566030957e-69,1.165360134196784e-69,1.1743089622751728e-69,1.1833146250546277e-69,1.192377407798237e-69,1.2014975968182346e-69,1.2106754794784308e-69,1.2199113441966394e-69,1.229205480447111e-69,1.2385581787629677e-69,1.2479697307386384e-69,1.2574404290322965e-69,1.2669705673683027e-69,1.2765604405396446e-69,1.2862103444103847e-69,1.2959205759181053e-69,1.305691433076358e-69,1.3155232149771152e-69,1.325416221793224e-69,1.3353707547808582e-69,1.3453871162819822e-69,1.3554656097268046e-69,1.365606539636243e-69,1.3758102116243874e-69,1.3860769324009666e-69,1.3964070097738163e-69,1.406800752651348e-69,1.4172584710450228e-69,1.4277804760718266e-69,1.4383670799567437e-69,1.4490185960352388e-69,1.459735338755736e-69,1.470517623682103e-69,1.4813657674961332e-69,1.4922800880000366e-69,1.5032609041189255e-69,1.5143085359033082e-69,1.5254233045315828e-69,1.5366055323125308e-69,1.547855542687813e-69,1.5591736602344738e-69,1.57056021066744e-69,1.5820155208420247e-69,1.5935399187564338e-69,1.6051337335542737e-69,1.6167972955270608e-69,1.6285309361167347e-69,1.6403349879181708e-69,1.652209784681699e-69,1.6641556613156182e-69,1.6761729538887206e-69,1.6882619996328122e-69,1.7004231369452366e-69,1.7126567053914026e-69,1.724963045707313e-69,1.7373424998020946e-69,1.7497954107605319e-69,1.7623221228455995e-69,1.774922981501002e-69,1.7875983333537106e-69,1.800348526216504e-69,1.8131739090905145e-69,1.826074832167768e-69,1.839051646833735e-69,1.8521047056698768e-69,1.8652343624561994e-69,1.8784409721738064e-69,1.8917248910074505e-69,1.9050864763480943e-69,1.918526086795469e-69,1.932044082160635e-69,1.9456408234685437e-69,1.959316672960606e-69,1.9730719940972578e-69,1.9869071515605294e-69,2.0008225112566175e-69,2.0148184403184572e-69,2.028895307108299e-69,2.043053481220286e-69,2.057293333483031e-69,2.0716152359622013e-69,2.086019561963101e-69,2.1005066860332543e-69,2.1150769839649968e-69,2.1297308327980592e-69,2.1444686108221676e-69,2.159290697579627e-69,2.1741974738679233e-69,2.1891893217423187e-69,2.2042666245184514e-69,2.2194297667749372e-69,2.2346791343559706e-69,2.2500151143739348e-69,2.265438095212004e-69,2.2809484665267575e-69,2.2965466192507867e-69,2.312232945595312e-69,2.3280078390527947e-69,2.3438716943995565e-69,2.3598249076984e-69,2.375867876301226e-69,2.3920009988516606e-69,2.408224675287678e-69,2.424539306844227e-69,2.4409452960558637e-69,2.457443046759378e-69,2.47403296409643e-69,2.490715454516183e-69,2.507490925777943e-69,2.524359786953792e-69,2.5413224484312356e-69,2.5583793219158437e-69,2.57553082043389e-69,2.5927773583350064e-69,2.610119351294827e-69,2.6275572163176405e-69,2.645091371739041e-69,2.662722237228585e-69,2.680450233792444e-69,2.6982757837760706e-69,2.716199310866845e-69,2.7342212400967513e-69,2.7523419978450344e-69,2.770562011840869e-69,2.7888817111660227e-69,2.8073015262575335e-69,2.8258218889103743e-69,2.844443232280131e-69,2.8631659908856775e-69,2.881990600611854e-69,2.900917498712141e-69,2.9199471238113484e-69,2.939079915908298e-69,2.9583163163785015e-69,2.9776567679768567e-69,2.99710171484033e-69,3.0166516024906513e-69,3.0363068778370037e-69,3.056067989178722e-69,3.075935386207988e-69,3.095909520012526e-69,3.115990843078308e-69,3.1361798092922533e-69,3.156476873944936e-69,3.1768824937332873e-69,3.1973971267633015e-69,3.218021232552756e-69,3.238755272033912e-69,3.2595997075562363e-69,3.2805550028891106e-69,3.3016216232245546e-69,3.322800035179943e-69,3.3440907068007236e-69,3.365494107563149e-69,3.387010708376992e-69,3.408640981588277e-69,3.430385400982011e-69,3.452244441784909e-69,3.4742185806681326e-69,3.4963082957500205e-69,3.5185140665988206e-69,3.5408363742354404e-69,3.563275701136174e-69,3.5858325312354527e-69,3.608507349928584e-69,3.6313006440744993e-69,3.654212901998502e-69,3.6772446134950124e-69,3.7003962698303247e-69,3.723668363745357e-69,3.7470613894584056e-69,3.770575842667903e-69,3.7942122205551763e-69,3.8179710217872063e-69,3.8418527465193905e-69,3.8658578963983084e-69,3.889986974564487e-69,3.914240485655164e-69,3.9386189358070666e-69,3.963122832659173e-69,3.987752685355493e-69,4.0125090045478383e-69,4.0373923023985995e-69,4.0624030925835335e-69,4.0875418902945325e-69,4.112809212242407e-69,4.138205576659681e-69,4.1637315033033667e-69,4.1893875134577614e-69,4.2151741299372264e-69,4.24109187708899e-69,4.2671412807959315e-69,4.2933228684793797e-69,4.319637169101913e-69,4.346084713170153e-69,4.3726660327375697e-69,4.3993816614072774e-69,4.4262321343348456e-69,4.4532179882311027e-69,4.480339761364941e-69,4.5075979935661306e-69,4.5349932262281256e-69,4.5625260023108823e-69,4.5901968663436734e-69,4.618006364427898e-69,4.645955044239911e-69,4.674043455033834e-69,4.702272147644383e-69,4.73064167448969e-69,4.759152589574127e-69,4.787805448491141e-69,4.816600808426069e-69,4.845539228158983e-69,4.874621268067519e-69,4.903847490129703e-69,4.933218457926803e-69,4.962734736646152e-69,4.992396893083995e-69,5.022205495648332e-69,5.052161114361756e-69,5.082264320864303e-69,5.112515688416299e-69,5.142915791901204e-69,5.173465207828465e-69,5.204164514336372e-69,5.235014291194904e-69,5.266015119808591e-69,5.297167583219375e-69,5.328472266109453e-69,5.359929754804156e-69,5.391540637274807e-69,5.423305503141574e-69,5.455224943676356e-69,5.487299551805632e-69,5.519529922113341e-69,5.551916650843753e-69,1.268954217939879e-37,7.845215874403344e-37,2.6318716654005134e-36,6.609522061121448e-36,1.395895779303162e-35,2.625280711756358e-35,4.543407896669135e-35,7.386258144490783e-35,1.1436769715153584e-34,1.7030730732657257e-34,2.456330762469885e-34,3.449625933268446e-34,4.736590670498289e-34,6.379194092715877e-34,8.448716678002479e-34,1.1026828774993285e-33,1.420678516709604e-33,1.809474883395161e-33,2.2811258485154685e-33,2.849285605773385e-33,3.529389219769757e-33,4.338852981249427e-33,5.2972968114145335e-33,6.426791220372802e-33,7.752131621406818e-33,9.301143137127607e-33,1.1105019410654585e-32,1.3198699360374828e-32,1.5621286297089767e-32,1.8416514364883844e-32,2.163326788043526e-32,2.5326159839491313e-32,2.9556176645163423e-32,3.4391397003447753e-32,3.9907793941961294e-32,4.61901300552555e-32,5.333295738402661e-32,6.144173481924665e-32,7.063407761125239e-32,8.104115548939706e-32,9.280925809466637e-32,1.0610154893706155e-31,1.2110003195799678e-31,1.3800775806166107e-31,1.5705130274202242e-31,1.7848355024717367e-31,2.0258682467958824e-31,2.2967641412824735e-31,2.601045404878873e-31,2.9426483517904536e-31,3.3259738970431316e-31,3.7559446005203595e-31,4.238069156143872e-31,4.7785153678690245e-31,5.384192810740553e-31,6.062846557095411e-31,6.823163559477154e-31,7.6748935281074275e-31,8.628986427996507e-31,9.697749056266274e-31,1.0895023552666992e-30,1.2236391156014284e-30,1.3739405058683967e-30,1.5423856845210217e-30,1.7312081747217753e-30,1.9429308826707913e-30,2.1804063238767817e-30,2.4468628954067616e-30,2.745958177840568e-30,3.081840423637888e-30,3.459219594352889e-30,3.883449554391523e-30,4.360623321678364e-30,4.8976836259163605e-30,5.502551444930509e-30,6.184275693891365e-30,6.953207849255235e-30,7.821206021458438e-30,8.801873875595937e-30,9.910840871765863e-30,1.1166091599103168e-29,1.2588353562679259e-29,1.420155471645788e-29,1.6033364400852816e-29,1.8115834243562845e-29,2.048615914718236e-29,2.3187582880351768e-29,2.62704782178773e-29,2.979363830144787e-29,3.3825824249722124e-29,3.844762445966847e-29,4.3753694052900446e-29,4.9855459229689495e-29,5.688439179470984e-29,6.499598497175307e-29,7.437459432887991e-29,8.52393491405185e-29,9.785139236105031e-29,1.125227749024583e-28,1.296274164660742e-28,1.4961465653440755e-28,1.7302606290219526e-28,2.0051635143281434e-28,2.328795130513937e-28,2.710815603719578e-28,3.1630172103993912e-28,3.6998445053949016e-28,4.339053581291525e-28,5.102550959091877e-28,6.017465349540432e-28,7.117522566197577e-28,8.444816766872932e-28,1.0052102094592563e-27,1.2005770663308005e-27,1.4389739845787076e-27,1.731054980216816e-27,2.090407935044312e-27,2.5344436251034605e-27,3.085578329812051e-27,3.772814794228682e-27,4.633866454811565e-27,5.718026406777891e-27,7.090062761023122e-27,8.835536326991273e-27,1.106810049915227e-26,1.3939579949586e-26,1.7653968977873236e-26,2.2486994804349225e-26,2.8813636328140137e-26,3.7147099571481736e-26,4.819442197620947e-26,6.293641633502526e-26,8.274356133286862e-26,1.0954548696334573e-25,1.4608116497636871e-25,1.9627187558572172e-25,2.6578288503704566e-25,3.6287812409218972e-25,4.997342046965846e-25,6.944810065244291e-25,9.74400781730499e-25,1.3809874316517488e-24,1.9780102325849282e-24,2.8644542964491994e-24,3.8598099046046324e-24,5.749185706653245e-24,8.650914879913546e-24,1.3148375220553771e-23,2.0182316275308526e-23,3.128041369643129e-23,4.893863798750805e-23,7.725467828421066e-23,1.229722095545091e-22,1.971731425461489e-22,3.1793914341527544e-22,5.143480251394391e-22,8.320777070887951e-22,1.3405129598275158e-21,2.1404582276930004e-21,3.3704026492547856e-21,5.208171416093107e-21,7.864498311799419e-21,1.1566313314322933e-20,1.6530439195465684e-20,2.2931970739020645e-20,3.087423288998559e-20,4.0367533829301465e-20,5.1321727791495316e-20,6.355386066142995e-20,7.680841491675013e-20,9.078515753478208e-20,1.0516884813756232e-19,1.1965587597969273e-19,1.3397462302005317e-19,1.4789828261989396e-19,1.6125046592400114e-19,1.739049448758596e-19,1.8578130199912551e-19,1.968382218772932e-19,2.0706585566097e-19,2.1647828480180171e-19,2.2510671800064657e-19,2.3299373603531713e-19,2.4018867111633373e-19,2.4674406410983103e-19,2.527130665134871e-19,2.581476244480842e-19,2.630972816082006e-19,2.6760845383290667e-19,2.7172405059765893e-19,2.754833430319717e-19,2.789219998675409e-19,2.8207223261052305e-19,2.8496300660011655e-19,2.8762028709915414e-19,2.9006729905793774e-19,2.923247862648436e-19,2.944112607558645e-19,2.963432370360179e-19,2.981354482326801e-19,2.998010430448328e-19,3.013517634994189e-19,3.0279810424773044e-19,3.0414945455873393e-19,3.054142243860137e-19,3.0659995596813416e-19,3.077134224186346e-19,3.087607146904589e-19,3.09747318233096e-19,3.106781805230391e-19,3.1155777055257485e-19,3.123901312459865e-19,3.131789256646132e-19,3.139274777629649e-19,3.1463880836743127e-19,3.153156669673091e-19,3.159605598348586e-19,3.165757749263334e-19,3.1716340395887034e-19,3.177253620080015e-19,3.1826340492670304e-19,3.1877914484864096e-19,3.1927406400484617e-19,3.1974952705406214e-19,3.202067921017187e-19,3.206470205605056e-19,3.2107128598642423e-19,3.2148058200760443e-19,3.2187582944868975e-19,3.2225788274106425e-19,3.2262753569819883e-19,3.2298552672591513e-19,3.2333254352897615e-19,3.236692273682212e-19,3.239961769160531e-19,3.2431395175258245e-19,3.2462307553984154e-19,3.2492403890724354e-19,3.2521730207770067e-19,3.2550329726055377e-19,3.257824308345534e-19,3.260550853416053e-19,3.263216213097314e-19,3.26582378921739e-19,3.2683767954431313e-19,3.2708782713072145e-19,3.2733310950893266e-19,3.275737995657376e-19,3.278101563363821e-19,3.2804242600825715e-19,3.2827084284632704e-19,3.2849563004725003e-19,3.287170005283979e-19,3.2893515765745065e-19,3.2915029592764437e-19,3.293626015832868e-19,3.2957225319971775e-19,3.2977942222149095e-19,3.2998427346222137e-19,3.301869655692054e-19,3.3038765145565634e-19,3.305864787031266e-19,3.307835899364765e-19,3.3097912317351096e-19,3.311732121512608e-19,3.313659866306721e-19,3.3155757268134405e-19,3.3174809294780555e-19,3.3193766689868843e-19,3.3212641106005675e-19,3.3231443923403085e-19,3.3250186270376137e-19,3.326887904257289e-19,3.3287532921023553e-19,3.330615838909245e-19,3.332476574840713e-19,3.3343365133836406e-19,3.336196652757529e-19,3.338057977240205e-19,3.3399214584158263e-19,3.3417880563503833e-19,3.343658720699274e-19,3.345534391751253e-19,3.3474160014127426e-19,3.3493044741362464e-19,3.351200727796264e-19,3.353105674477748e-19,3.355020221356339e-19,3.35694527135787e-19,3.3588817238634374e-19,3.360830475369703e-19,3.3627924201106354e-19,3.364768450643615e-19,3.36675945840314e-19,3.36876633422353e-19,3.370789968832585e-19,3.3728312533177705e-19,3.3748910795663636e-19,3.3769703406809917e-19,3.3790699313718004e-19,3.3811907483264954e-19,3.383333690559313e-19,3.3854996597401026e-19,3.387689560504379e-19,3.389904300745335e-19,3.3921447918887556e-19,3.3944119491515434e-19,3.3967066917847145e-19,3.399029943301535e-19,3.4013826316916232e-19,3.4037656896214354e-19,3.406180054622025e-19,3.408626669264417e-19,3.411106481323308e-19,3.413620443929541e-19,3.416169515711874e-19,3.418754660928462e-19,3.4213768495885897e-19,3.424037057564917e-19,3.4267362666968693e-19,3.4294754648853543e-19,3.4322556461791673e-19,3.4350778108535504e-19,3.4379429654811785e-19,3.4408521229958983e-19,3.443806302749367e-19,3.446806530561139e-19,3.4498538387622492e-19,3.4529492662326535e-19,3.4560938584327415e-19,3.4592886674291643e-19,3.4625347519151857e-19,3.465833177225963e-19,3.469185015348357e-19,3.4725913449263574e-19,3.476053251261624e-19,3.4795718263096325e-19,3.483148168671434e-19,3.4867833835814226e-19,3.4904785828910373e-19,3.494234885048565e-19,3.4980534150755377e-19,3.501935304539429e-19,3.50588169152294e-19,3.509893720590123e-19,3.513972542749369e-19,3.5181193154133677e-19,3.5223352023562027e-19,3.5266213736677294e-19,3.5309790057051665e-19,3.5354092810423e-19,3.539913388416176e-19,3.544492522671501e-19,3.5491478847026494e-19,3.553880681393705e-19,3.5586921255563323e-19,3.5635834358656973e-19,3.568555836794601e-19,3.5736105585456006e-19,3.578748836981585e-19,3.5839719135546526e-19,3.5892810352333915e-19,3.5946774544286846e-19,3.600162428918122e-19,3.6057372217688983e-19,3.6114031012596616e-19,3.6171613408009086e-19,3.6230132188543355e-19,3.628960018851107e-19,3.635003029108782e-19,3.641143542790338e-19,3.6473828577134594e-19,3.653722276338487e-19,3.6601631056770134e-19,3.6667066572017566e-19,3.6733542468180574e-19,3.6801071946204553e-19,3.6869668249158017e-19,3.693934466121881e-19,3.701011450671907e-19,3.7081991149221163e-19,3.7154987990591732e-19,3.7229118470082054e-19,3.7304396063404457e-19,3.7380834281806783e-19,3.7458446671143323e-19,3.753724681094398e-19,3.7617248313481045e-19,3.7698464822832043e-19,3.7780910013945513e-19,3.786459759169919e-19,3.7949541289963286e-19,3.8035754870661245e-19,3.812325212282161e-19,3.8212046861647e-19,3.830215292756866e-19,3.8393584185305907e-19,3.8486354522928403e-19,3.8580477850914465e-19,3.8675968101217e-19,3.8772839226325427e-19,3.8871105198332674e-19,3.897078000799963e-19,3.907187766382765e-19,3.9174412191130857e-19,3.9278397631107286e-19,3.938384803991793e-19,3.9490777487766954e-19,3.9599200057984763e-19,3.970912984611359e-19,3.9820580958996794e-19,3.993356751387359e-19,4.004810363747586e-19,4.016420346512902e-19,4.0281881139857545e-19,4.0401150811495994e-19,4.05220266357988e-19,4.0644522773564276e-19,4.076865338975269e-19,4.0894432652618627e-19,4.102187473284502e-19,4.1150993802668497e-19,4.1281804035037393e-19,4.141431960275671e-19,4.1548554677638996e-19,4.168452342966546e-19,4.1822240026150333e-19,4.1961718630912173e-19,4.2102973403449984e-19,4.2246018498125505e-19,4.239086806335088e-19,4.2537536240786933e-19,4.2686037164538644e-19,4.2836384960364764e-19,4.2988593744890344e-19,4.314267762482638e-19,4.329865069619518e-19,4.345652704356346e-19,4.361632073928015e-19,4.377804584272329e-19,4.394171639955095e-19,4.410734644096044e-19,4.427494998295421e-19,4.444454102561025e-19,4.461613355236894e-19,4.478974152930737e-19,4.496537890443443e-19,4.514305960700877e-19,4.532279754682069e-19,4.550460661351868e-19,4.568850067593128e-19,4.587449358138835e-19,4.606259915506312e-19,4.625283119931443e-19,4.644520349302618e-19,4.663972979097951e-19,4.683642382320309e-19,4.703529929435174e-19,4.723636988307749e-19,4.743964924142146e-19,4.764515099419741e-19,4.785288873842217e-19,4.806287604267755e-19,4.827512644654522e-19,4.848965346003211e-19,4.870647056299412e-19,4.892559120457249e-19,4.914702880263779e-19,4.937079674323549e-19,4.959690838005032e-19,4.982537703386161e-19,5.005621599202896e-19,5.028943850795345e-19,5.052505780057839e-19,5.076308705387309e-19,5.100353941633747e-19,5.124642800051255e-19,5.149176588247882e-19,5.173956610139812e-19,5.198984165903236e-19,5.224260551927904e-19,5.249787060771408e-19,5.2755649811145095e-19,5.301595597715759e-19,5.327880191369005e-19,5.354420038859793e-19,5.381216412923854e-19,5.40827058220314e-19,5.435583811208041e-19,5.4631573602755645e-19,5.490992485529335e-19,5.519090438841718e-19,5.547452467795004e-19,5.576079815643973e-19,5.604973721279177e-19,5.634135419189977e-19,5.663566139430168e-19,5.693267107581407e-19,5.723239544721429e-19,5.753484667387563e-19,5.78400368754584e-19,5.814797812557319e-19,5.845868245147059e-19,5.877216183372851e-19,5.908842820594813e-19,5.940749345445304e-19,5.972936941800067e-19,6.00540678874903e-19,6.03816006056946e-19,6.071197926697234e-19,6.104521551700564e-19,6.138132095253977e-19,6.172030712112581e-19,6.206218552086976e-19,6.240696760018924e-19,6.275466475757492e-19,6.310528834135778e-19,6.345884964948562e-19,6.381535992928267e-19,6.417483037726247e-19,6.45372721389025e-19,6.490269630844056e-19,6.527111392867684e-19,6.564253599078099e-19,6.60169734340991e-19,6.639443714597736e-19,6.677493796158243e-19,6.715848666372828e-19,6.754509398270673e-19,6.793477059613479e-19,6.832752712878901e-19,6.872337415245046e-19,6.912232218577295e-19,6.952438169412902e-19,6.99295630894757e-19,7.0337876730225805e-19,7.074933292111913e-19,7.116394191310088e-19,7.158171390320576e-19,7.200265903444225e-19,7.2426787395688375e-19,7.28541090215848e-19,7.328463389243835e-19,7.371837193413092e-19,7.415533301801432e-19,7.459552696086425e-19,7.503896352475467e-19,7.548565241699883e-19,7.593560329008259e-19,7.638882574159143e-19,7.684532931415517e-19,7.730512349536481e-19,7.776821771774589e-19,7.823462135869846e-19,7.870434374044832e-19,7.917739412998792e-19,7.965378173906348e-19,8.013351572412665e-19,8.061660518630236e-19,8.110305917136471e-19,8.159288666971935e-19,8.208609661636826e-19,8.258269789090555e-19,8.308269931749904e-19,8.358610966488667e-19,8.409293764636852e-19,8.460319191980245e-19,8.511688108761195e-19,8.56340136967754e-19,8.615459823885684e-19,8.6678643150002695e-19,8.720615681096247e-19,8.773714754710278e-19,8.82716236284377e-19,8.880959326964685e-19,8.935106463009398e-19,8.989604581387864e-19,9.044454486985876e-19,9.099656979168623e-19,9.15521285178387e-19,9.211122893169599e-19,9.267387886155019e-19,9.324008608066928e-19,9.380985830734786e-19,9.438320320496376e-19,9.496012838202948e-19,9.554064139225582e-19,9.612474973461175e-19,9.671246085339719e-19,9.73037821382973e-19,9.78987209244724e-19,9.8497284492613e-19,9.909948006901828e-19,9.970531482568365e-19,1.0031479588036865e-18,1.0092793029669001e-18,1.0154472508420126e-18,1.0216518719847958e-18,1.0278932354122067e-18,1.034171409603235e-18,1.040486462499899e-18,1.0468384615081054e-18,1.053227473499013e-18,1.0596535648091847e-18,1.066116801242555e-18,1.072617248071015e-18,1.0791549700355297e-18,1.0857300313472357e-18,1.0923424956885189e-18,1.0989924262142576e-18,1.1056798855527624e-18,1.1124049358071052e-18,1.1191676385562284e-18,1.125968054856132e-18,1.1328062452411129e-18,1.1396822697250176e-18,1.1465961878024397e-18,1.1535480584499814e-18,1.1605379401275728e-18,1.1675658907797616e-18,1.1746319678370031e-18,1.1817362282169809e-18,1.1888787283260064e-18,1.1960595240603232e-18,1.2032786708075385e-18,1.2105362234478383e-18,1.2178322363555173e-18,1.2251667634004515e-18,1.2325398579494113e-18,1.2399515728676595e-18,1.2474019605201531e-18,1.2548910727733567e-18,1.2624189609960796e-18,1.2699856760617171e-18,1.277591268349404e-18,1.2852357877454707e-18,1.2929192836450972e-18,1.3006418049536558e-18,1.3084034000887285e-18,1.3162041169810058e-18,1.3240440030763083e-18,1.3319231053370103e-18,1.3398414702436449e-18,1.3477991437964612e-18,1.355796171517124e-18,1.3638325984502729e-18,1.3719084691650923e-18,1.3800238277570992e-18,1.38817871784955e-18,1.3963731825952468e-18,1.4046072646782038e-18,1.4128810063152734e-18,1.4211944492577868e-18,1.4295476347934124e-18,1.4379406037473737e-18,1.4463733964847128e-18,1.4548460529115192e-18,1.4633586124771074e-18,1.4719111141753743e-18,1.4805035965465717e-18,1.489136097679089e-18,1.497808655211458e-18,1.5065213063331193e-18,1.5152740877872703e-18,1.5240670358723262e-18,1.5329001864433381e-18,1.5417735749139576e-18,1.5506872362581754e-18,1.559641205012351e-18,1.5686355152761126e-18,1.5776702007152156e-18,1.5867452945627547e-18,1.5958608296210285e-18,1.6050168382631962e-18,1.6142133524354431e-18,1.6234504036583892e-18,1.632728023029003e-18,1.6420462412224067e-18,1.6514050884938183e-18,1.6608045946800935e-18,1.6702447892016803e-18,1.6797257010644044e-18,1.6892473588616425e-18,1.6988097907748907e-18,1.7084130245771394e-18,1.718057087634013e-18,1.7277420069052246e-18,1.737467808946898e-18,1.7472345199136395e-18,1.7570421655594267e-18,1.7668907712401366e-18,1.7767803619152325e-18,1.7867109621495577e-18,1.796682596115073e-18,1.8066952875928604e-18,1.8167490599748367e-18,1.8268439362654995e-18,1.8369799390839133e-18,1.8471570906654716e-18,1.8573754128636707e-18,1.8676349271520313e-18,1.8779356546258843e-18,1.888277616004069e-18,1.8986608316309945e-18,1.9090853214783234e-18,1.919551105146832e-18,1.930058201868072e-18,1.9406066305064494e-18,1.9511964095609428e-18,1.9618275571668503e-18,1.9725000910976143e-18,1.983214028766948e-18,1.9939693872300893e-18,2.004766183185973e-18,2.015604432979233e-18,2.026484152601603e-18,2.0374053576935006e-18,2.0483680635466487e-18,2.0593722851053943e-18,2.0704180369685183e-18,2.081505333391082e-18,2.0926341882862456e-18,2.1038046152270293e-18,2.1150166274480508e-18,2.126270237847433e-18,2.137565458988484e-18,2.148902303101671e-18,2.1602807820861367e-18,2.1717009075117947e-18,2.183162690620625e-18,2.194666142328921e-18,2.2062112732286516e-18,2.2177980935900538e-18,2.229426613362425e-18,2.241096842175985e-18,2.2528087893442023e-18,2.2645624638653962e-18,2.2763578744240025e-18,2.2881950293928903e-18,2.3000739368348147e-18,2.3119946045042653e-18,2.323957039849143e-18,2.3359612500124667e-18,2.3480072418342015e-18,2.360095021852882e-18,2.37222459630739e-18,2.3843959711387825e-18,2.3966091519915835e-18,2.4088641442160665e-18,2.4211609528695237e-18,2.43349958271827e-18,2.4458800382390844e-18,2.4583023236209296e-18,2.470766442766988e-18,2.4832723992958843e-18,2.4958201965436342e-18,2.5084098375653e-18,2.5210413251364565e-18,2.5337146617551e-18,2.5464298496432114e-18,2.5591868907484592e-18,2.571985786745727e-18,2.5848265390388974e-18,2.597709148762463e-18,2.6106336167830774e-18,2.6235999437013122e-18,2.636608129853295e-18,2.6496581753120337e-18,2.662750079889465e-18,2.67588384313786e-18,2.689059464351479e-18,2.7022769425678688e-18,2.715536276569946e-18,2.728837464887465e-18,2.742180505798274e-18,2.7555653973304227e-18,2.7689921372632425e-18,2.782460723129202e-18,2.795971152215422e-18,2.8095234215650548e-18,2.8231175279794175e-18,2.836753468018759e-18,2.8504312380043327e-18,2.8641508340197526e-18,2.8779122519127544e-18,2.8917154872962925e-18,2.9055605355503774e-18,2.919447391823789e-18,2.9333760510346875e-18,2.947346507873356e-18,2.961358756803152e-18,2.975412792061332e-18,2.9895086076619455e-18,3.003646197396238e-18,3.017825554836048e-18,3.032046673329396e-18,3.0463095460094388e-18,3.06061416579286e-18,3.0749605253806103e-18,3.0893486172600713e-18,3.103778433706276e-18,3.1182499667835317e-18,3.1327632083467092e-18,3.1473181500430585e-18,3.1619147833130793e-18,3.176553099392227e-18,3.1912330893127926e-18,3.205954743903722e-18,3.2207180537942538e-18,3.2355230094132617e-18,3.2503696009927795e-18,3.2652578185669872e-18,3.280187651975655e-18,3.2951590908639403e-18,3.3101721246852405e-18,3.3252267427011318e-18,3.3403229339836885e-18,3.3554606874169845e-18,3.370639991696685e-18,3.385860835333341e-18,3.4011232066572803e-18,3.416427093804597e-18,3.431772484740252e-18,3.447159367245154e-18,3.4625877289212427e-18,3.4780575571957575e-18,3.493568839322065e-18,3.509121562350551e-18,3.524715713192117e-18,3.5403512785686635e-18,3.5560282450419875e-18,3.571746598992385e-18,3.587506326628934e-18,3.603307414011922e-18,3.619149847016553e-18,3.6350336113592894e-18,3.650958692592307e-18,3.666925076105971e-18,3.682932747134331e-18,3.698981690734489e-18,3.715071891821702e-18,3.731203335148161e-18,3.747376005308761e-18,3.7635898867439286e-18,3.779844963739738e-18,3.796141220429035e-18,3.8124786407929855e-18,3.8288572086646825e-18,3.845276907724144e-18,3.861737721505224e-18,3.878239633394027e-18,3.894782626632198e-18,3.9113666843153884e-18,3.9279917893963114e-18,3.9446579246846575e-18,3.961365072849601e-18,3.978113216419967e-18,3.994902337785605e-18,4.011732419198492e-18,4.028603442773832e-18,4.045515390491311e-18,4.0624682441960054e-18,4.07946198559956e-18,4.096496596281351e-18,4.11357205768944e-18,4.130688351141088e-18,4.147845457826336e-18,4.165043358805626e-18,4.182282035013072e-18,4.199561467255663e-18,4.216881636217193e-18,4.2342425224579935e-18,4.251644106413151e-18,4.269086368399588e-18,4.286569288610686e-18,4.304092847120982e-18,4.3216570238870596e-18,4.339261798747494e-18,4.3569071514242165e-18,4.374593061523848e-18,4.392319508537244e-18,4.4100864718445834e-18,4.4278939307111234e-18,4.445741864290417e-18,4.46363025162653e-18,4.481559071654161e-18,4.499528303198161e-18,4.51753792497623e-18,4.53558791559956e-18,4.553678253573434e-18,4.571808917298334e-18,4.5899798850709055e-18,4.6081911350848754e-18,4.626442645432047e-18,4.644734394102395e-18,4.663066358987849e-18,4.681438517879192e-18,4.699850848469687e-18,4.718303328354967e-18,4.7367959350343105e-18,4.7553286459114235e-18,4.773901438295363e-18,4.792514289401499e-18,4.811167176352212e-18,4.829860076178195e-18,4.848592965818469e-18,4.867365822121858e-18,4.886178621848104e-18,4.9050313416682536e-18,4.923923958165936e-18,4.942856447837657e-18,4.961828787094237e-18,4.9808409522611214e-18,4.99989291957958e-18,5.018984665207448e-18,5.038116165219828e-18,5.057287395610058e-18,5.076498332290682e-18,5.095748951093867e-18,5.115039227772485e-18,5.134369138000784e-18,5.153738657375493e-18,5.1731477614162356e-18,5.192596425566514e-18,5.212084625194398e-18,5.2316123355934194e-18,5.2511795319833125e-18,5.270786189510653e-18,5.2904322832499864e-18,5.310117788204184e-18,5.3298426793055315e-18,5.349606931416067e-18,5.369410519328767e-18,5.389253417768188e-18,5.409135601390976e-18,5.4290570447864694e-18,5.4490177224786524e-18,5.469017608925382e-18,5.489056678519654e-18,5.5091349055904936e-18,5.529252264403476e-18,5.549408729161513e-18,5.5696042740056874e-18,5.589838873015632e-18,5.610112500210729e-18,5.630425129550072e-18,5.650776734933903e-18,5.671167290203989e-18,5.691596769144185e-18,5.712065145481213e-18,5.732572392885435e-18,5.7531184849712985e-18,5.773703395298335e-18,5.794327097371715e-18,5.814989564642484e-18,5.835690770508913e-18,5.8564306883162725e-18,5.877209291358579e-18,5.8980265528782e-18,5.918882446067589e-18,5.9397769440685595e-18,5.9607100199741414e-18,5.981681646828468e-18,6.002691797627562e-18,6.0237404453207235e-18,6.044827562809265e-18,6.065953122948987e-18,6.087117098550171e-18,6.108319462378003e-18,6.1295601871533374e-18,6.150839245553143e-18,6.172156610211193e-18,6.1935122537192465e-18,6.21490614862584e-18,6.236338267439024e-18,6.257808582625323e-18,6.2793170666120615e-18,6.300863691785995e-18,6.322448430494909e-18,6.3440712550479816e-18,6.365732137716464e-18,6.387431050734128e-18,6.409167966297656e-18,6.430942856567601e-18,6.452755693668608e-18,6.474606449690116e-18,6.4964950966863495e-18,6.518421606678124e-18,6.540385951652132e-18,6.562388103561987e-18,6.584428034328659e-18,6.606505715840958e-18,6.6286211199562724e-18,6.650774218500837e-18,6.672964983270332e-18,6.695193386030374e-18,6.7174593985170894e-18,6.739762992437494e-18,6.7621041394703384e-18,6.784482811265847e-18,6.8062294346751675e-18,6.827104220892098e-18,6.847195434686228e-18,6.866664605164307e-18,6.885664486987341e-18,6.9043185922057355e-18,6.922720861345927e-18,6.94094077766917e-18,6.95902904182398e-18,6.977022396747785e-18,6.994947377015528e-18,7.01282311036097e-18,7.030663372242748e-18,7.048478078826504e-18,7.066274365725073e-18,7.084057367677269e-18,7.101830779595552e-18,7.119597258898912e-18,7.13735871815577e-18,7.15511653321557e-18,7.172871693887789e-18,7.190624912325416e-18,7.208376700872412e-18,7.226127428132232e-18,7.243877359294986e-18,7.261626624173726e-18,7.279375419732009e-18,7.297123841551419e-18,7.314871966961086e-18,7.33261984496662e-18,7.350367511823848e-18,7.36811499408679e-18,7.385862306630088e-18,7.403609470941474e-18,7.42135649316247e-18,7.439103380114284e-18,7.456850137328936e-18,7.474596771641749e-18,7.492343278780104e-18,7.51008966403715e-18,7.527836003646997e-18,7.545582153254884e-18,7.563328184206866e-18,7.581074170115174e-18,7.598820039068322e-18,7.616565791332017e-18,7.634311427098106e-18,7.652056946505278e-18,7.669802349653978e-18,7.687547636617154e-18,7.70529280744795e-18,7.723037862185275e-18,7.740782802546472e-18,7.758527625175469e-18,7.77627233177694e-18,7.794016922363078e-18,7.811761396943208e-18,7.829505755524975e-18,7.847249998114325e-18,7.864994124613286e-18,7.882738135230818e-18,7.90048202987027e-18,7.918225808533717e-18,7.935969470762085e-18,7.953713017482619e-18,7.971456448235903e-18,7.989199762778646e-18,8.006942961034155e-18,8.024686044539855e-18,8.04242901477316e-18,8.06017186573005e-18,8.077914600733594e-18,8.095657219851456e-18,8.113399722958095e-18,8.1311421101199e-18,8.14888438075507e-18,8.166626536034435e-18,8.184368575376183e-18,8.202110498782705e-18,8.219852306256404e-18,8.23759399779967e-18,8.255335573414896e-18,8.273077033104477e-18,8.29081837687081e-18,8.308559604716287e-18,8.326300716643295e-18,8.34404171265423e-18,8.361782592751489e-18,8.379523356937461e-18,8.397264005214535e-18,8.415004537585104e-18,8.432744954051562e-18,8.450485254616298e-18,8.46822543928171e-18,8.485965508050184e-18,8.503705460924116e-18,8.52144529790589e-18,8.539185018997903e-18,8.556924624202548e-18,8.574664113522215e-18,8.592403486959292e-18,8.610142744516178e-18,8.627881886195255e-18,8.645620911998921e-18,8.66335982192956e-18,8.681098615989574e-18,8.698837294181342e-18,8.716575856507264e-18,8.734314302969721e-18,8.752052633571116e-18,8.769790848313829e-18,8.787528947200258e-18,8.80526693023279e-18,8.823004797413818e-18,8.840742548745729e-18,8.858480184230913e-18,8.876217703871769e-18,8.89395510767068e-18,8.911692395630034e-18,8.929429567752225e-18,8.947166624039643e-18,8.964903564494677e-18,8.982640389119717e-18,9.000377097917156e-18,9.018113690889382e-18,9.035850168038779e-18,9.053586529367747e-18,9.071322774878668e-18,9.089058904573936e-18,9.106794918455931e-18,9.124530816527059e-18,9.142266598789696e-18,9.160002265246242e-18,9.177737815899078e-18,9.195473250750592e-18,9.213208569803184e-18,9.230943773059229e-18,9.248678860521126e-18,9.266413832191258e-18,9.284148688072023e-18,9.301883428165801e-18,9.319618052474986e-18,9.337352561001964e-18,9.355086953749123e-18,9.372821230718854e-18,9.390555391913544e-18,9.408289437335582e-18,9.426023366987358e-18,9.443757180871252e-18,9.46149087898967e-18,9.479224461344983e-18,9.496957927939589e-18,9.514691278775869e-18,9.532424513856214e-18,9.550157633183015e-18,9.56789063675866e-18,9.585623524585534e-18,9.603356296666026e-18,9.621088953002525e-18,9.638821493597413e-18,9.65655391845309e-18,9.674286227571927e-18,9.692018420956328e-18,9.709750498608669e-18,9.72748246053134e-18,9.745214306726728e-18,9.762946037197226e-18,9.780677651945217e-18,9.798409150973085e-18,9.816140534283222e-18,9.833871801878013e-18,9.85160295375985e-18,9.869333989931114e-18,9.88706491039419e-18,9.904795715151472e-18,9.922526404205341e-18,9.940256977558185e-18,9.957987435212388e-18,9.975717777170342e-18,9.993448003434438e-18,1.001117811400705e-17,1.002890810889057e-17,1.0046637988087385e-17,1.0064367751599882e-17,1.0082097399430447e-17,1.0099826931581462e-17,1.0117556348055322e-17,1.0135285648854402e-17,1.0153014833981097e-17,1.0170743903437787e-17,1.0188472857226865e-17,1.0206201695350711e-17,1.0223930417811708e-17,1.0241659024612246e-17,1.0259387515754707e-17,1.0277115891241485e-17,1.0294844151074957e-17,1.0312572295257511e-17,1.0330300323791536e-17,1.0348028236679411e-17,1.0365756033923525e-17,1.0383483715526261e-17,1.0401211281490008e-17,1.0418938731817143e-17,1.0436666066510065e-17,1.0454393285571146e-17,1.0472120389002778e-17,1.0489847376807338e-17,1.0507574248987223e-17,1.0525301005544806e-17,1.054302764648248e-17,1.0560754171802622e-17,1.0578480581507628e-17,1.059620687559987e-17,1.0613933054081735e-17,1.0631659116955617e-17,1.0649385064223885e-17,1.066711089588893e-17,1.0684836611953146e-17,1.0702562212418904e-17,1.0720287697288594e-17,1.0738013066564602e-17,1.0755738320249298e-17,1.0773463458345083e-17,1.0791188480854338e-17,1.080891338777944e-17,1.0826638179122774e-17,1.0844362854886726e-17,1.0862087415073675e-17,1.0879811859686009e-17,1.0897536188726117e-17,1.0915260402196368e-17,1.0932984500099157e-17,1.0950708482436868e-17,1.0968432349211874e-17,1.0986156100426567e-17,1.100387973608332e-17,1.1021603256184528e-17,1.1039326660732568e-17,1.105704994972982e-17,1.107477312317867e-17,1.1092496181081507e-17,1.1110219123440706e-17,1.1127941950258644e-17,1.1145664661537721e-17,1.1163387257280306e-17,1.1181109737488784e-17,1.1198832102165541e-17,1.1216554351312961e-17,1.123427648493341e-17,1.1251998503029284e-17,1.1269720405602975e-17,1.1287442192656843e-17,1.1305163864193284e-17,1.132288542021467e-17,1.1340606860723397e-17,1.1358328185721832e-17,1.1376049395212369e-17,1.1393770489197385e-17,1.141149146767926e-17,1.1429212330660383e-17,1.1446933078143122e-17,1.1464653710129872e-17,1.1482374226623003e-17,1.1500094627624906e-17,1.1517814913137955e-17,1.1535535083164531e-17,1.1553255137707025e-17,1.1570975076767809e-17,1.1588694900349265e-17,1.1606414608453777e-17,1.1624134201083723e-17,1.164185367824149e-17,1.1659573039929447e-17,1.1677292286149985e-17,1.1695011416905482e-17,1.1712730432198324e-17,1.1730449332030878e-17,1.1748168116405531e-17,1.176588678532467e-17,1.178360533879067e-17,1.180132377680591e-17,1.1819042099372771e-17,1.1836760306493636e-17,1.1854478398170884e-17,1.1872196374406891e-17,1.1889914235204043e-17,1.1907631980564716e-17,1.1925349610491292e-17,1.1943067124986151e-17,1.1960784524051669e-17,1.197850180769023e-17,1.1996218975904215e-17,1.2013936028695999e-17,1.2031652966067962e-17,1.2049369788022488e-17,1.2067086494561946e-17,1.2084803085688725e-17,1.2102519561405205e-17,1.2120235921713762e-17,1.2137952166616774e-17,1.2155668296116622e-17,1.2173384310215683e-17,1.2191100208916338e-17,1.2208815992220966e-17,1.2226531660131947e-17,1.2244247212651657e-17,1.2261962649782475e-17,1.2279677971526775e-17,1.2297393177886952e-17,1.2315108268865374e-17,1.2332823244464411e-17,1.2350538104686453e-17,1.2368252849533873e-17,1.2385967479009054e-17,1.2403681993114376e-17,1.2421396391852204e-17,1.2439110675224931e-17,1.2456824843234923e-17,1.2474538895884571e-17,1.2492252833176245e-17,1.2509966655112321e-17,1.2527680361695181e-17,1.2545393952927198e-17,1.2563107428810763e-17,1.2580820789348239e-17,1.2598534034541893e-17,1.261624716439052e-17,1.2633960178904004e-17,1.2651673078080925e-17,1.2669385861923638e-17,1.268709853043454e-17,1.2704811083615997e-17,1.2722523521470387e-17,1.2740235844000095e-17,1.2757948051207487e-17,1.2775660143094948e-17,1.2793372119664851e-17,1.2811083980919576e-17,1.28287957268615e-17,1.2846507357492994e-17,1.2864218872816438e-17,1.2881930272834208e-17,1.2899641557548686e-17,1.291735272696224e-17,1.2935063781077259e-17,1.2952774719896102e-17,1.2970485540825093e-17,1.2988196249058751e-17,1.300590684200406e-17,1.3023617319676491e-17,1.3041327682050161e-17,1.3059037929141917e-17,1.3076748060954147e-17,1.3094458077489215e-17,1.31121679787495e-17,1.312987776473738e-17,1.3147587433816963e-17,1.3165296989267173e-17,1.3183006429452096e-17,1.3200715754374119e-17,1.3218424963596953e-17,1.3236134058009266e-17,1.3253843037156825e-17,1.3271551901050993e-17,1.3289260649694134e-17,1.3306969283088614e-17,1.3324677801236823e-17,1.3342386199321368e-17,1.3360094487026018e-17,1.3377802659449678e-17,1.3395510716636559e-17,1.3413218658589039e-17,1.3430926485309489e-17,1.3448634196800295e-17,1.3466341793063815e-17,1.3484049274102433e-17,1.3501756639918524e-17,1.3519463890525924e-17,1.3537171025904082e-17,1.355487802601855e-17,1.3572584930968401e-17,1.3590291720706325e-17,1.3607998395237232e-17,1.3625704954562235e-17,1.3643411398683703e-17,1.366111772760401e-17,1.3678823941325526e-17,1.3696530039819192e-17,1.3714236023264981e-17,1.3731941891480736e-17,1.3749647636589473e-17,1.3767353274352715e-17,1.378505879707601e-17,1.3802764204472515e-17,1.382046949668924e-17,1.3838174673728543e-17,1.3855879735592794e-17,1.3873584678953958e-17,1.3891289510475245e-17,1.3908994226828598e-17,1.3926698828341766e-17,1.3944403314366344e-17,1.3962107685230136e-17,1.3979811940959558e-17,1.39975160851786e-17,1.4015220116563057e-17,1.403292403604036e-17,1.4050627839987134e-17,1.406833151993571e-17,1.4086035084740077e-17,1.4103738534402616e-17,1.4121441868925695e-17,1.4139145088311678e-17,1.4156848192562962e-17,1.4174551181681895e-17,1.419225405567086e-17,1.4209956814532236e-17,1.422765945826837e-17,1.424536198688166e-17,1.4263064400374465e-17,1.4280766698749164e-17,1.429846888200812e-17,1.4316170950153714e-17,1.4333872903188315e-17,1.4351574741114292e-17,1.4369276463934015e-17,1.438697807164986e-17,1.4404679564264198e-17,1.44223809417794e-17,1.4440082204251114e-17,1.4457783351575153e-17,1.447548438571636e-17,1.4493185301247745e-17,1.4510886103935006e-17,1.4528586790882194e-17,1.4546287254457257e-17,1.4563987712222805e-17,1.458168805395317e-17,1.4599388280610232e-17,1.4617088392192114e-17,1.463478833655392e-17,1.4652488159226644e-17,1.4670187925604303e-17,1.468788757691838e-17,1.4705587113171257e-17,1.4723286534365308e-17,1.474098584050289e-17,1.4758685031586377e-17,1.4776384107618148e-17,1.4794083068600556e-17,1.481178191512243e-17,1.4829480645002986e-17,1.4847179259991503e-17,1.486487776080022e-17,1.4882576146571426e-17,1.4900274417307506e-17,1.4917972573010823e-17,1.4935670613683752e-17,1.4953368539328654e-17,1.4971066349947896e-17,1.4988764045543856e-17,1.5006461626118904e-17,1.5024159091675406e-17,1.5041856442215723e-17,1.505955367774224e-17,1.5077250798257316e-17,1.5094947803763324e-17,1.5112644694262626e-17,1.5130341469757604e-17,1.5148038130250617e-17,1.516573467576285e-17,1.5183431106277782e-17,1.5201127421797836e-17,1.5218823622325682e-17,1.523651970784441e-17,1.525421567837539e-17,1.5271911533920994e-17,1.5289607274483573e-17,1.5307302900065515e-17,1.5324998410669178e-17,1.534269380629693e-17,1.5360389086951153e-17,1.5378084252634192e-17,1.539577930334844e-17,1.5413474239096236e-17,1.5431169059879972e-17,1.5448863765702003e-17,1.5466558356564707e-17,1.5484252832470448e-17,1.5501947193421587e-17,1.5519641439420498e-17,1.553733557046955e-17,1.5555029586571104e-17,1.5572723487727528e-17,1.559041727394119e-17,1.5608110945214472e-17,1.5625804501549724e-17,1.564349794294931e-17,1.566119126941562e-17,1.5678884480950996e-17,1.5696577577557822e-17,1.5714270559238452e-17,1.5731963425995268e-17,1.574965621026038e-17,1.5767348847176442e-17,1.5785041369175777e-17,1.580273377626076e-17,1.5820426068433753e-17,1.583811824569712e-17,1.5855810308053237e-17,1.5873502255504467e-17,1.5891194088053166e-17,1.5908885805701717e-17,1.592657740845247e-17,1.5944268896307806e-17,1.596196026927007e-17,1.5979651527341657e-17,1.5997342670524915e-17,1.6015033698822208e-17,1.603272461223591e-17,1.605041540113048e-17,1.6068106084784153e-17,1.6085796653561325e-17,1.6103487108560664e-17,1.6121177447591938e-17,1.6138867671753806e-17,1.615655778213964e-17,1.6174247776571828e-17,1.6191937656829924e-17,1.6209627421537844e-17,1.6227317071388192e-17,1.6245006606383323e-17,1.6262696026525625e-17,1.6280385331828298e-17,1.629807465543973e-17,1.6315763731036823e-17,1.633345269179053e-17,1.6351141537703225e-17,1.6368830268777254e-17,1.638651888501501e-17,1.6404207386367464e-17,1.6421895838941263e-17,1.6439584110683904e-17,1.6457272267599717e-17,1.647496030969106e-17,1.6492648236960303e-17,1.6510336049409808e-17,1.6528023747041937e-17,1.6545711329859062e-17,1.6563398797882547e-17,1.6581086151076748e-17,1.6598773389463027e-17,1.6616460513043753e-17,1.6634147521821286e-17,1.6651834415797836e-17,1.6669521194976084e-17,1.668720785935824e-17,1.670489440894665e-17,1.6722580843743704e-17,1.6740267163751743e-17,1.6757953368973134e-17,1.6775639459410247e-17,1.6793325435065445e-17,1.6811011295941086e-17,1.6828697042039538e-17,1.684638267336317e-17,1.686406818991432e-17,1.688175359169538e-17,1.6899438878708703e-17,1.6917124050956644e-17,1.6934809108441578e-17,1.6952494051165854e-17,1.697017887913905e-17,1.698786359234912e-17,1.7005548190805623e-17,1.7023232674510926e-17,1.7040917044852224e-17,1.7058601299062217e-17,1.7076285438528084e-17,1.709396946325221e-17,1.7111653373236944e-17,1.7129337168484652e-17,1.7147020848997694e-17,1.716470441477844e-17,1.7182387865829245e-17,1.720007120215247e-17,1.721775442375048e-17,1.7235437530625635e-17,1.7253120522780296e-17,1.7270803400216833e-17,1.7288486162937598e-17,1.7306168810944954e-17,1.7323851344241265e-17,1.734153376282889e-17,1.7359216066710196e-17,1.737689825588754e-17,1.739458033036328e-17,1.7412262290139776e-17,1.7429944135219406e-17,1.7447625865604512e-17,1.7465307481297458e-17,1.748298898230061e-17,1.7500670368616342e-17,1.7518351640246985e-17,1.7536032797194918e-17,1.7553713839402842e-17,1.7571394766998363e-17,1.7589075579912328e-17,1.7606756278153015e-17,1.76244368617228e-17,1.7642117327373318e-17,1.765979768160839e-17,1.767747792117963e-17,1.769515803540198e-17,1.7712838045652706e-17,1.7730517941246694e-17,1.774819772218629e-17,1.7765877388473865e-17,1.7783556940111766e-17,1.7801236377102354e-17,1.7818915699448e-17,1.7836594915942372e-17,1.7854274008212094e-17,1.787195298663701e-17,1.78896318504264e-17,1.790731059958265e-17,1.7924989234108116e-17,1.7942667754005143e-17,1.79603461592761e-17,1.797802445007655e-17,1.7995702626102445e-17,1.8013380687509335e-17,1.80310586342996e-17,1.8048736466475584e-17,1.8066414184039657e-17,1.808409178699416e-17,1.8101769275549433e-17,1.811944664929191e-17,1.813712390841674e-17,1.8154801001309243e-17,1.8172478030719146e-17,1.8190154946066174e-17,1.820783174687276e-17,1.822550843303606e-17,1.8243184847220016e-17,1.826086114778197e-17,1.8278537341434785e-17,1.8296213426268254e-17,1.8313889543089586e-17,1.8331565542367207e-17,1.834924142628011e-17,1.8366917195601713e-17,1.838459285034707e-17,1.8402268390737095e-17,1.841994381656236e-17,1.8437619127825237e-17,1.8455294324528083e-17,1.8472969406673246e-17,1.8490644374263097e-17,1.8508319227299984e-17,1.852599396578627e-17,1.8543668589724305e-17,1.8561343099116446e-17,1.8579017493965063e-17,1.85966917742725e-17,1.8614365940041123e-17,1.8632039991273288e-17,1.8649713927971338e-17,1.8667387750137648e-17,1.8685061457774564e-17,1.8702735050884454e-17,1.8720407544246428e-17,1.87380799062632e-17,1.8755753155819e-17,1.87734262908572e-17,1.8791099311380145e-17,1.8808772245063217e-17,1.8826445037557552e-17,1.88441177145487e-17,1.886179027703403e-17,1.887946273059546e-17,1.8897135064105245e-17,1.89148072830872e-17,1.8932479391473037e-17,1.895015138146452e-17,1.8967823256964323e-17,1.8985495017974833e-17,1.9003166664498326e-17,1.9020838196537194e-17,1.9038509615233864e-17,1.905618091831056e-17,1.9073852110724332e-17,1.9091523191956334e-17,1.9109194151607353e-17,1.9126864996787887e-17,1.9144535727500326e-17,1.916220634374696e-17,1.9179876845530164e-17,1.91975472328523e-17,1.9215217505715734e-17,1.92328876641228e-17,1.9250557708075878e-17,1.9268227625377542e-17,1.9285897445645996e-17,1.9303567146251233e-17,1.9321236732411895e-17,1.9338906204130327e-17,1.9356575561410775e-17,1.9374244804251822e-17,1.9391913932240175e-17,1.940958294621325e-17,1.9427251845755858e-17,1.9444920630870373e-17,1.9462589301559153e-17,1.9480257857824528e-17,1.949792629966887e-17,1.9515594627094525e-17,1.953326284729459e-17,1.95509309458899e-17,1.9568598930073583e-17,1.9586266799848003e-17,1.9603934555215503e-17,1.962160219048339e-17,1.963926971704416e-17,1.9656937129205082e-17,1.9674604426968506e-17,1.9692271610336772e-17,1.9709938679381686e-17,1.9727605478074714e-17,1.9745272318943358e-17,1.9762939044755588e-17,1.9780605656184436e-17,1.9798272153232254e-17,1.9815938536413394e-17,1.983360480470625e-17,1.985127099357553e-17,1.9868937011119496e-17,1.988660293627805e-17,1.990426874708904e-17,1.9921934443535473e-17,1.9939600025619708e-17,1.995726549334408e-17,1.9974930845549618e-17,1.9992596084561354e-17,2.0010261209220304e-17,2.0027926219528808e-17,2.0045591115489228e-17,2.0063255898979197e-17,2.0080920566250482e-17,2.0098585119383524e-17,2.01162495579751e-17,2.0133913882230333e-17,2.0151578092151602e-17,2.0169242187741238e-17,2.0186906169001602e-17,2.020457003593505e-17,2.0222233788543914e-17,2.0239897426849612e-17,2.0257560950816394e-17,2.027522436046568e-17,2.0292887655799795e-17,2.0310550836821094e-17,2.0328213903526547e-17,2.0345876855929275e-17,2.0363539696613233e-17,2.038120242040678e-17,2.039886502989928e-17,2.0416527524427762e-17,2.04341899053252e-17,2.0451852171928638e-17,2.0469514324240425e-17,2.048717636226291e-17,2.0504838285998445e-17,2.052250009544938e-17,2.0540161790618065e-17,2.055782238350249e-17,2.0575483850120112e-17,2.0593145202462553e-17,2.061080644053214e-17,2.0628467564331225e-17,2.0646128542037035e-17,2.0663789437302405e-17,2.068145021561869e-17,2.069911088235951e-17,2.071677143484159e-17,2.0734431873067275e-17,2.0752092197038916e-17,2.076975240675885e-17,2.0787412502542963e-17,2.080507248367128e-17,2.0822732350650234e-17,2.0840392111692708e-17,2.0858051750189353e-17,2.08757112744484e-17,2.0893370718386293e-17,2.091103001417697e-17,2.09286891957371e-17,2.0946348263069032e-17,2.0964007216175102e-17,2.0981665075121714e-17,2.0999322848295652e-17,2.101698145875075e-17,2.10346399549894e-17,2.105229833701394e-17,2.1069956604826715e-17,2.108761475843009e-17,2.1105272797826398e-17,2.1122930723018e-17,2.114058853400722e-17,2.1158246230796444e-17,2.1175903813387988e-17,2.1193561281784225e-17,2.1211218635987483e-17,2.122887587600012e-17,2.1246533001824493e-17,2.1264190013462928e-17,2.128184691091779e-17,2.1299503694191418e-17,2.1317160363286166e-17,2.133481691820438e-17,2.1352473358948414e-17,2.1370129535878744e-17,2.1387785592143887e-17,2.1405441689791764e-17,2.1423097673864505e-17,2.1440753548130673e-17,2.1458409095317718e-17,2.1476064736870597e-17,2.149372025675383e-17,2.1511375670039174e-17,2.1529030969205476e-17,2.154668615419176e-17,2.156434122483952e-17,2.158199618153612e-17,2.15996510240914e-17,2.1617305752507707e-17,2.1634960366787383e-17,2.165261486693277e-17,2.1670269252946236e-17,2.16879235248301e-17,2.1705577682586732e-17,2.1723231726218466e-17,2.1740885655727652e-17,2.1758539471116642e-17,2.177619317238778e-17,2.179384669633423e-17,2.1811500177570215e-17,2.182915353781745e-17,2.1846806782640974e-17,2.186445991335839e-17,2.188211286769149e-17,2.1899765770204084e-17,2.1917418558617586e-17,2.1935071232934367e-17,2.1952723792381876e-17,2.1970376238512213e-17,2.1988028570552844e-17,2.2005680788506128e-17,2.2023332883213833e-17,2.2040984870285165e-17,2.205863674599052e-17,2.2076288507617898e-17,2.2093940155169662e-17,2.211159168864814e-17,2.2129243108055674e-17,2.2146894413394604e-17,2.2164545604753032e-17,2.218219668196182e-17,2.2199847645109052e-17,2.221749849419707e-17,2.2235149229228224e-17,2.225279985020474e-17,2.227045035712919e-17,2.228810075000381e-17,2.2305751028830932e-17,2.2323401193612912e-17,2.2341051244352093e-17,2.2358701180979845e-17,2.2376351003640462e-17,2.2394000712265312e-17,2.2411650306856734e-17,2.2429299787417084e-17,2.2446949153967313e-17,2.2464598406491197e-17,2.2482247544972377e-17,2.2499896569431852e-17,2.2517545479818703e-17,2.253519427624181e-17,2.2552842958650255e-17,2.2570491527046363e-17,2.258813998143248e-17,2.2605788321810978e-17,2.2623436548184167e-17,2.2641084660554405e-17,2.2658732658924033e-17,2.26763805432954e-17,2.2694028313670853e-17,2.271167597005272e-17,2.272932351244335e-17,2.27469709408451e-17,2.2764618255260293e-17,2.278226545569128e-17,2.27999125421404e-17,2.2817559514610007e-17,2.2835206373102436e-17,2.285285311762003e-17,2.2870499748165134e-17,2.2888146264794037e-17,2.2905792667399232e-17,2.2923438954719048e-17,2.294108512939761e-17,2.2958731190115398e-17,2.2976377147885194e-17,2.299402298107998e-17,2.3011668699929422e-17,2.3029314304176695e-17,2.3046959794549055e-17,2.306460517153568e-17,2.308225043459354e-17,2.3099895583709368e-17,2.31175406188855e-17,2.313518554012426e-17,2.3152830347428006e-17,2.317047504079908e-17,2.318811962023982e-17,2.3205764085752582e-17,2.322340843733968e-17,2.3241052675003477e-17,2.325869679874631e-17,2.327634080857052e-17,2.3293984704478437e-17,2.3311628486472417e-17,2.3329272154554802e-17,2.3346915708727925e-17,2.3364559148994134e-17,2.338220249936071e-17,2.3399845711819947e-17,2.3417488808402528e-17,2.3435131793064327e-17,2.3452774664142713e-17,2.3470417421016428e-17,2.34880600639996e-17,2.350570259309459e-17,2.3523345008303722e-17,2.3540987253832377e-17,2.3558629441277192e-17,2.3576271514843177e-17,2.359391347453267e-17,2.3611555320348014e-17,2.362919705229155e-17,2.364683867036562e-17,2.3664480175031234e-17,2.3682121565373383e-17,2.3699762841853084e-17,2.3717404004472673e-17,2.3735045053234506e-17,2.375268598814089e-17,2.3770326809194202e-17,2.378796751639675e-17,2.38056081097509e-17,2.3823248589259007e-17,2.3840888954923352e-17,2.38585292067463e-17,2.38761693447302e-17,2.389380936887739e-17,2.3911449279190188e-17,2.3929089075670965e-17,2.394672875276968e-17,2.3964368321593445e-17,2.398200777657203e-17,2.3999647117748097e-17,2.4017286345103812e-17,2.4034925458814784e-17,2.405256445853684e-17,2.4070203345998904e-17,2.4087842136905534e-17,2.410548079510818e-17,2.412311933949837e-17,2.414075777017707e-17,2.4158396073430897e-17,2.417603427650874e-17,2.4193672365971734e-17,2.4211310341458034e-17,2.4228948203152052e-17,2.4246585952531077e-17,2.4264223586654975e-17,2.428186110680342e-17,2.4299498513351712e-17,2.431713580616714e-17,2.4334772985152063e-17,2.4352410050365596e-17,2.4370047001805548e-17,2.438768383947427e-17,2.4405320563374087e-17,2.442295703743835e-17,2.4440593533808266e-17,2.4458229916416294e-17,2.4475866186761105e-17,2.449350234185236e-17,2.451113838308679e-17,2.4528774310670677e-17,2.4546410263349416e-17,2.4564045963265834e-17,2.4581681554705262e-17,2.4599317027322198e-17,2.461695238617748e-17,2.4634587631316346e-17,2.4652222762696935e-17,2.4669857780343684e-17,2.4687492684258934e-17,2.4705127474445024e-17,2.4722762150904252e-17,2.474039670077889e-17,2.4758031131851936e-17,2.4775665447730804e-17,2.4793299669306404e-17,2.481093377725417e-17,2.482856777140181e-17,2.4846201651838968e-17,2.486383541856798e-17,2.4881469071591194e-17,2.4899102610910937e-17,2.491673603652954e-17,2.4934369348449347e-17,2.495200254667269e-17,2.49696356312019e-17,2.498726860203933e-17,2.50049014591873e-17,2.502253420264815e-17,2.504016683242421e-17,2.5057799348517825e-17,2.507543175093133e-17,2.5093064039667048e-17,2.5110696214727327e-17,2.51283282761145e-17,2.5145960223830887e-17,2.516359205787885e-17,2.51812237782607e-17,2.5198855384978788e-17,2.5216486878035436e-17,2.5234118257432992e-17,2.5251749523173777e-17,2.5269380675260136e-17,2.5287011713694402e-17,2.5304642638478913e-17,2.5322273449615984e-17,2.533990414710797e-17,2.5357534730957202e-17,2.5375165201166006e-17,2.539279556466781e-17,2.5410425809266327e-17,2.5428055938567806e-17,2.544568595423821e-17,2.5463315856279864e-17,2.54809456446951e-17,2.5498575319486247e-17,2.5516204880655655e-17,2.553383432820564e-17,2.555146366213854e-17,2.5569092882456698e-17,2.5586721989162433e-17,2.560435098225809e-17,2.5621979861746e-17,2.5639608627628493e-17,2.5657237279907914e-17,2.5674865818586576e-17,2.569249424366682e-17,2.5710122555151003e-17,2.5727750753041424e-17,2.5745378837340432e-17,2.5763006808050354e-17,2.5780634665173538e-17,2.579826243017077e-17,2.5815890083770184e-17,2.5833517619366732e-17,2.5851145049368352e-17,2.5868772338592185e-17,2.5886399532255934e-17,2.5904026612138076e-17,2.592165357237329e-17,2.59392804073198e-17,2.59569071287029e-17,2.59745337365249e-17,2.5992160184931294e-17,2.6009786563965122e-17,2.6027412831118157e-17,2.6045039127176914e-17,2.606266516722782e-17,2.6080291093731634e-17,2.60979169066907e-17,2.611554260610732e-17,2.6133168191983845e-17,2.6150793664322584e-17,2.6168419023179983e-17,2.6186044268450185e-17,2.6203669400189612e-17,2.6221294418383645e-17,2.6238919323068516e-17,2.6256544114229613e-17,2.627416879186925e-17,2.6291793398264008e-17,2.630941784886372e-17,2.6327042188179277e-17,2.6344666419107174e-17,2.6362290529174202e-17,2.6379914525733767e-17,2.6397538408788194e-17,2.6415162178339823e-17,2.6432785834390983e-17,2.6450409376944013e-17,2.6468032805993233e-17,2.6485656121556973e-17,2.6503279325710276e-17,2.6520902414294024e-17,2.6538525389391295e-17,2.6556148251004402e-17,2.657377099913569e-17,2.6591393633787486e-17,2.6609016154962073e-17,2.6626638562661817e-17,2.6644260856889068e-17,2.6661883037618723e-17,2.6679505104876237e-17,2.6697127058666803e-17,2.6714748898992953e-17,2.6732370625573897e-17,2.674999223869192e-17,2.6767613738349298e-17,2.678523512455072e-17,2.6802856397298132e-17,2.6820477556595064e-17,2.6838098602444276e-17,2.6855719534848775e-17,2.6873340353811446e-17,2.6890961059668294e-17,2.6908581652087592e-17,2.6926202131071643e-17,2.6943822496622793e-17,2.696144274874337e-17,2.6979062887435705e-17,2.699668291270212e-17,2.7014302824544953e-17,2.7031922622966526e-17,2.7049542307969155e-17,2.7067161879555192e-17,2.708478133772696e-17,2.7102400682486782e-17,2.712001991383698e-17,2.71376390317799e-17,2.715525803631786e-17,2.7172876927453185e-17,2.7190495705188208e-17,2.7208114369525262e-17,2.7225732920466676e-17,2.7243351358014768e-17,2.7260969682171873e-17,2.727858789294031e-17,2.7296205990322413e-17,2.731382397432051e-17,2.7331441844936928e-17,2.7349059602173994e-17,2.736667724603404e-17,2.738429477651939e-17,2.7401912193632367e-17,2.741952949737531e-17,2.7437146687750538e-17,2.7454763764760376e-17,2.7472380728407175e-17,2.7489997578693218e-17,2.750761431562087e-17,2.7525230939192445e-17,2.7542847449410266e-17,2.7560463846276653e-17,2.7578080129793972e-17,2.7595696299964508e-17,2.7613312356790615e-17,2.7630928300274583e-17,2.7648544130418776e-17,2.76661598472255e-17,2.7683775450697086e-17,2.7701390940835875e-17,2.7719006317644173e-17,2.7736621581124313e-17,2.7754236731278633e-17,2.7771851768109445e-17,2.778946669161907e-17,2.780708150165535e-17,2.782469620011049e-17,2.784231078367053e-17,2.7859925253918714e-17,2.787753961085736e-17,2.7895153854488767e-17,2.791276798481528e-17,2.793038200183922e-17,2.7947995905562936e-17,2.796560969598873e-17,2.798322337311892e-17,2.8000836936955856e-17,2.801845038750185e-17,2.8036063724759226e-17,2.805367694873031e-17,2.8071290059417424e-17,2.80889030568229e-17,2.8106515940949073e-17,2.8124128711798243e-17,2.8141741369372756e-17,2.815935391367492e-17,2.817696634470709e-17,2.819457866247155e-17,2.8212190866970646e-17,2.8229802958206717e-17,2.824741493618206e-17,2.8265026800899026e-17,2.828263855235992e-17,2.8300250190567086e-17,2.8317861715522813e-17,2.833547312722946e-17,2.8353084425689324e-17,2.837069561090476e-17,2.838830668287807e-17,2.840591764161174e-17,2.842352848710793e-17,2.844113921936897e-17,2.8458749838397186e-17,2.84763603441949e-17,2.849397073676444e-17,2.851158101610814e-17,2.852919118222829e-17,2.8546801235127254e-17,2.856441117480734e-17,2.8582021001270856e-17,2.8599630714520155e-17,2.8617240314557517e-17,2.863484980138531e-17,2.865245923131927e-17,2.867006849173902e-17,2.8687677639193906e-17,2.870528667319676e-17,2.872289559401096e-17,2.874050440151575e-17,2.875811309594098e-17,2.8775721677175215e-17,2.879333014522077e-17,2.881093850007997e-17,2.882854674175514e-17,2.884615487024861e-17,2.886376288556268e-17,2.8881370787699684e-17,2.889897857666195e-17,2.89165862524518e-17,2.8934193815071545e-17,2.8951801264523524e-17,2.896940860081004e-17,2.8987015823933426e-17,2.9004622933896e-17,2.902222993070011e-17,2.9039836814348045e-17,2.9057443584842135e-17,2.907505024218471e-17,2.909265678637808e-17,2.911026321742458e-17,2.912786953532653e-17,2.9145475740086243e-17,2.916308183170605e-17,2.9180687810188255e-17,2.91982936755352e-17,2.9215899427749195e-17,2.923350506683374e-17,2.925111059278881e-17,2.926871600561789e-17,2.928632130532333e-17,2.930392649190742e-17,2.9321531565372486e-17,2.933913652572085e-17,2.935674137604346e-17,2.937434611296853e-17,2.9391950736517613e-17,2.9409555246747815e-17,2.9427159643673555e-17,2.9444763927248907e-17,2.9462368097349366e-17,2.9479972154234394e-17,2.9497576097748666e-17,2.951517992789055e-17,2.9532783644716566e-17,2.9550387248128865e-17,2.956799073820831e-17,2.9585594115038354e-17,2.960319737845546e-17,2.962080052856354e-17,2.96384035654167e-17,2.965600648893763e-17,2.9673609299081555e-17,2.9691211995956855e-17,2.970881457955518e-17,2.972641704976992e-17,2.9744019406757606e-17,2.9761621650541844e-17,2.977922378100252e-17,2.97968257981638e-17,2.9814427702022306e-17,2.98320294926063e-17,2.984963116991437e-17,2.9867232733935775e-17,2.988483418472994e-17,2.990243552218048e-17,2.9920036746414366e-17,2.993763785736222e-17,2.995523885508924e-17,2.997283973957057e-17,2.999044051078694e-17,3.0008041168757176e-17,3.002564171346387e-17,3.0043242144902965e-17,3.006084246320011e-17,3.007844266820563e-17,3.0096042759981304e-17,3.0113642738570275e-17,3.013124260392246e-17,3.01488423560835e-17,3.016644199501964e-17,3.018404152072976e-17,3.0201640933243155e-17,3.021924023252623e-17,3.023683941867905e-17,3.025443849162754e-17,3.0272037451366294e-17,3.028963629784557e-17,3.0307235040349414e-17,3.0324833669866465e-17,3.0342432186399006e-17,3.036003058994938e-17,3.0377628880519886e-17,3.0395227058112866e-17,3.041282512273061e-17,3.0430423074375437e-17,3.0448020913049693e-17,3.046561863875567e-17,3.0483216251541845e-17,3.050081370512118e-17,3.051841109193655e-17,3.053600837503336e-17,3.055360553593298e-17,3.057120258367173e-17,3.058879947443291e-17,3.060639629647665e-17,3.0623992957945774e-17,3.0641589482808616e-17,3.065918592818684e-17,3.0676782242230147e-17,3.0694378463242756e-17,3.07119745179357e-17,3.072957054939834e-17,3.074716646792978e-17,3.0764762273532343e-17,3.0782357966208326e-17,3.0799953545960065e-17,3.081754901278986e-17,3.083514436670004e-17,3.0852739607692925e-17,3.087033473577081e-17,3.0887929750936026e-17,3.090552465319087e-17,3.092311944253769e-17,3.0940714118978784e-17,3.095830868251646e-17,3.097590313315304e-17,3.099349747089084e-17,3.1011091695732183e-17,3.102868580767937e-17,3.104627980673472e-17,3.1063873692900576e-17,3.1081467466179214e-17,3.1099061126572967e-17,3.1116654674084156e-17,3.1134248108715094e-17,3.115184143046807e-17,3.116943463934543e-17,3.118702773534948e-17,3.120462071848253e-17,3.122221358874689e-17,3.123980634614489e-17,3.1257398990678844e-17,3.1274991522351056e-17,3.1292583941163833e-17,3.131017624711951e-17,3.1327768440220396e-17,3.13453605204688e-17,3.1362952487867034e-17,3.138054443261394e-17,3.139813615352361e-17,3.141572778238546e-17,3.143331929835674e-17,3.145091070128818e-17,3.146850199164286e-17,3.148609316912527e-17,3.1503684233759727e-17,3.152127518561016e-17,3.1538866024633574e-17,3.155645675083223e-17,3.157404736425289e-17,3.159163789453464e-17,3.160922828241802e-17,3.162681855665184e-17,3.16444087187615e-17,3.1661998768060327e-17,3.1679588704484246e-17,3.1697178526604e-17,3.171476823454233e-17,3.1732357832630726e-17,3.1749947322566066e-17,3.1767536767184645e-17,3.178512602680137e-17,3.180271517369634e-17,3.182030432740071e-17,3.183789324871721e-17,3.1855482171530394e-17,3.1873070867277694e-17,3.1890659450244244e-17,3.1908247920432324e-17,3.192583627784429e-17,3.1943424522482416e-17,3.196101265434903e-17,3.197860067344646e-17,3.1996188579776985e-17,3.201377637334294e-17,3.2031364054146623e-17,3.2048951622190346e-17,3.206653907747643e-17,3.208412642000719e-17,3.2101713649784935e-17,3.211930076681198e-17,3.2136887771090635e-17,3.21544746626232e-17,3.217206144141301e-17,3.218964810746037e-17,3.220723466076855e-17,3.2224821101339924e-17,3.224240742917674e-17,3.225999364428137e-17,3.227757974665607e-17,3.22951657363032e-17,3.231275161322506e-17,3.2330337377423946e-17,3.234792302890217e-17,3.2365508567662053e-17,3.23830939937059e-17,3.2400679307035567e-17,3.241826450765428e-17,3.2435849595563887e-17,3.2453434570766705e-17,3.2471019433265034e-17,3.24886041830612e-17,3.250618882015751e-17,3.252377334455626e-17,3.2541357756259786e-17,3.255894205527037e-17,3.257652624159033e-17,3.2594110315221986e-17,3.261169427616764e-17,3.262927812442963e-17,3.264686186001023e-17,3.266444548291176e-17,3.268202899313652e-17,3.2699612390686844e-17,3.271719567556503e-17,3.273477884777338e-17,3.275236190731423e-17,3.2769944854189845e-17,3.278752768840258e-17,3.2805110409954726e-17,3.282269301884858e-17,3.284027551508646e-17,3.285785789867069e-17,3.2875440169603565e-17,3.2893022327887395e-17,3.291060437352449e-17,3.2928186306517156e-17,3.2945768126867716e-17,3.296334983457847e-17,3.2980931429651726e-17,3.2998512912089766e-17,3.301609428189495e-17,3.303367553906957e-17,3.3051256683615914e-17,3.306883771553631e-17,3.3086418634833065e-17,3.3103999441508474e-17,3.3121580135564867e-17,3.313916071700453e-17,3.315674118582979e-17,3.317432154204294e-17,3.31919017856463e-17,3.320948191664217e-17,3.3227061935032856e-17,3.3244641840820673e-17,3.326222163400793e-17,3.3279801314596923e-17,3.3297380882589996e-17,3.3314960337989414e-17,3.33325396807975e-17,3.335011891101656e-17,3.336769802864891e-17,3.338527703369685e-17,3.3402855926162684e-17,3.342043470604874e-17,3.3438013373357296e-17,3.345559192809067e-17,3.347317037025118e-17,3.349074869984113e-17,3.3508326916862815e-17,3.352590502131857e-17,3.3543483013210675e-17,3.356106089254143e-17,3.357863865931316e-17,3.3596216313528186e-17,3.3613793855188784e-17,3.363137128429727e-17,3.364894860085599e-17,3.366652580486719e-17,3.36841028963332e-17,3.370167987525634e-17,3.3719256741638886e-17,3.373683349548318e-17,3.375441013679151e-17,3.377198666556618e-17,3.3789563081809515e-17,3.3807139385523785e-17,3.382471557671133e-17,3.3842291655374455e-17,3.385986762151544e-17,3.387744347513661e-17,3.389501921624026e-17,3.391259484533277e-17,3.393017036191413e-17,3.3947745765986436e-17,3.396532105755272e-17,3.3982896236614166e-17,3.400047130317434e-17,3.401804625723522e-17,3.4035621098798346e-17,3.40531958278671e-17,3.407077044444374e-17,3.408834494852965e-17,3.410591934012708e-17,3.412349361923999e-17,3.4141067785870025e-17,3.4158641840018975e-17,3.417621578169014e-17,3.419378961088508e-17,3.421136332760586e-17,3.422893693185554e-17,3.424651042363671e-17,3.4264083802405095e-17,3.428165706819316e-17,3.429923022206998e-17,3.431680326344488e-17,3.43343761923599e-17,3.435194900881735e-17,3.436952170830594e-17,3.438709429986195e-17,3.440466677891637e-17,3.44222391423425e-17,3.44398113964861e-17,3.44573835382465e-17,3.4474955567565476e-17,3.449252748444529e-17,3.4510099288888264e-17,3.452767098089671e-17,3.45452425604729e-17,3.4562814027619184e-17,3.458038538233781e-17,3.4597956624631137e-17,3.461552775450143e-17,3.4633098771951014e-17,3.465066967698219e-17,3.466824046959724e-17,3.468581114979849e-17,3.470338171758826e-17,3.472095217296882e-17,3.473852251592477e-17,3.4756092746492407e-17,3.4773662864659165e-17,3.4791232870425946e-17,3.480880276379504e-17,3.482637254476876e-17,3.484394221334939e-17,3.4861511769539244e-17,3.487908121334019e-17,3.489665054481069e-17,3.491421976384525e-17,3.493178887049504e-17,3.4949357864765546e-17,3.4966926746659094e-17,3.4984495516177977e-17,3.500206417263373e-17,3.501963271741019e-17,3.5037201191328794e-17,3.505476951137181e-17,3.5072337719051667e-17,3.508990581437069e-17,3.510747379733115e-17,3.512504166794734e-17,3.514260942619763e-17,3.516017707278879e-17,3.517774460633809e-17,3.519531202754035e-17,3.521287933639789e-17,3.5230446549759226e-17,3.524801363393408e-17,3.5265580605771113e-17,3.5283147467781e-17,3.530071421496073e-17,3.531828084979804e-17,3.5335847372287007e-17,3.5353413782469403e-17,3.5370980080327757e-17,3.538854626586439e-17,3.540611233908161e-17,3.54236782999817e-17,3.5441244148566975e-17,3.5458809884839724e-17,3.5476375508802266e-17,3.5493941020456894e-17,3.551150626142531e-17,3.552907154847201e-17,3.554663672321769e-17,3.556420178566466e-17,3.558176578016841e-17,3.5599330617663703e-17,3.561689534323444e-17,3.563445995619572e-17,3.565202445718973e-17,3.5669588845898815e-17,3.5687153122325295e-17,3.570471728131527e-17,3.572228133318348e-17,3.573984527277592e-17,3.575740910009497e-17,3.577497281514291e-17,3.579253622077066e-17,3.581009971128452e-17,3.582766310661415e-17,3.584522637260167e-17,3.586278952632966e-17,3.5880352567493776e-17,3.589791552432258e-17,3.591547834128535e-17,3.5933041045997686e-17,3.5950603635308e-17,3.596816611552641e-17,3.598572848350131e-17,3.6003290739025874e-17,3.602085288252061e-17,3.6038414913778734e-17,3.605597683277652e-17,3.607353863956827e-17,3.6091100334130305e-17,3.6108661916464887e-17,3.612622338657435e-17,3.614378474446097e-17,3.616134599012706e-17,3.617890712357491e-17,3.6196468144806796e-17,3.621402905382507e-17,3.623158985063198e-17,3.6249150535229875e-17,3.6266711107620994e-17,3.628427156777292e-17,3.630183191575745e-17,3.6319392151542126e-17,3.633695227512923e-17,3.635451228652109e-17,3.63720721853747e-17,3.6389631972154694e-17,3.640719164697455e-17,3.6424751209608346e-17,3.644231066005838e-17,3.6459869998326947e-17,3.6477429224416324e-17,3.6494988338328824e-17,3.6512547340066726e-17,3.653010622963238e-17,3.6547665007028016e-17,3.6565223672255976e-17,3.658278222531856e-17,3.660034066621804e-17,3.6617898994956706e-17,3.6635457211536876e-17,3.665301531596083e-17,3.667057330471097e-17,3.668813118482943e-17,3.670568895983127e-17,3.6723245636750166e-17,3.67408031804338e-17,3.6758360611974986e-17,3.6775917931376037e-17,3.6793475138639283e-17,3.6811032232965727e-17,3.6828589207028026e-17,3.6846146077891555e-17,3.686370283662648e-17,3.6881259483235065e-17,3.689881601457253e-17,3.69163724369797e-17,3.6933928747223017e-17,3.6951484945349145e-17,3.696904105800085e-17,3.698659703189937e-17,3.700415287999817e-17,3.7021708629678506e-17,3.703926426725315e-17,3.705681979272441e-17,3.707437520609455e-17,3.70919305073659e-17,3.710948569654074e-17,3.712704077362138e-17,3.7144595738610086e-17,3.716215059150916e-17,3.717970533232093e-17,3.7197259961047657e-17,3.7214814486335675e-17,3.7232368890251946e-17,3.724992320850424e-17,3.7267477388913567e-17,3.728503145724938e-17,3.730258541504502e-17,3.732013925924465e-17,3.733769299137348e-17,3.7355246611437945e-17,3.737280011944033e-17,3.73903535153829e-17,3.740790679926798e-17,3.742545997109786e-17,3.744301303087484e-17,3.74605659786012e-17,3.747811881427924e-17,3.749567153791123e-17,3.7513224149499516e-17,3.753077664904633e-17,3.7548329036554026e-17,3.756588131202485e-17,3.758343347546113e-17,3.7600985526864666e-17,3.7618537466238707e-17,3.763608929358506e-17,3.765364100890606e-17,3.7671192612203944e-17,3.7688744103481035e-17,3.770629548273961e-17,3.772384674998202e-17,3.7741397905210464e-17,3.775894894842731e-17,3.7776499879573557e-17,3.779405069873812e-17,3.781160140596984e-17,3.7829152001163124e-17,3.7846702484356214e-17,3.7864252855551454e-17,3.7881803114271375e-17,3.789935326147776e-17,3.7916903287558106e-17,3.7934453210293373e-17,3.795200327001614e-17,3.7969552969323956e-17,3.7987102556650326e-17,3.80046520324685e-17,3.8022201396307497e-17,3.803975064816926e-17,3.8057299788056077e-17,3.8074848815970377e-17,3.8092397731913994e-17,3.810994653589034e-17,3.8127495227901543e-17,3.814504380794927e-17,3.816259227603709e-17,3.81801406321656e-17,3.8197688876338244e-17,3.821523700855687e-17,3.8232785028824045e-17,3.8250332937142785e-17,3.82678807335145e-17,3.8285428417942436e-17,3.8302975990427626e-17,3.832052345097338e-17,3.833807079958174e-17,3.835561803625471e-17,3.8373165160994806e-17,3.8390712173804045e-17,3.840825907468547e-17,3.842580586364054e-17,3.844335254067196e-17,3.8460899105781573e-17,3.8478445558493887e-17,3.8495991899290837e-17,3.851353812817472e-17,3.8531084245147834e-17,3.854863025021244e-17,3.856617614337084e-17,3.858372192462533e-17,3.8601267593978196e-17,3.861881315143174e-17,3.863635859698823e-17,3.8653903930649976e-17,3.8671449152419283e-17,3.868899426229839e-17,3.870653926028963e-17,3.872408414639527e-17,3.874162892061762e-17,3.8759173582958963e-17,3.8776718133421575e-17,3.8794262572007766e-17,3.88118068987198e-17,3.882935111356e-17,3.8846895216530624e-17,3.8864439207634e-17,3.888198308687237e-17,3.889952685424804e-17,3.891707050976332e-17,3.8934614053420476e-17,3.8952157485221803e-17,3.896970080516962e-17,3.898724401326615e-17,3.900478710951374e-17,3.902233009391467e-17,3.903987296647121e-17,3.905741572718566e-17,3.9074958376060327e-17,3.909250091309744e-17,3.911004333829935e-17,3.912758565166832e-17,3.914512785320663e-17,3.916266994291659e-17,3.9180211920800477e-17,3.919775378686058e-17,3.921529554109917e-17,3.923283718351858e-17,3.925037871412107e-17,3.926792013290891e-17,3.928546143988443e-17,3.9303002635049875e-17,3.932054371840757e-17,3.933808468995978e-17,3.935562554970881e-17,3.937316629765692e-17,3.939070693380644e-17,3.9408247458159616e-17,3.942578787071875e-17,3.944332817148615e-17,3.946086836046405e-17,3.947840843765481e-17,3.9495948403060653e-17,3.9513488256750995e-17,3.953102799859393e-17,3.9548567628658834e-17,3.9566107146948013e-17,3.958364655346374e-17,3.96011858482083e-17,3.961872503118397e-17,3.963626410239307e-17,3.965380306183785e-17,3.967134190952061e-17,3.968888064544364e-17,3.970641926960922e-17,3.9723957782019645e-17,3.9741496182677207e-17,3.975903447158417e-17,3.977657264874284e-17,3.9794110714155514e-17,3.981164866782443e-17,3.9829186509751944e-17,3.984672423994028e-17,3.9864261858389146e-17,3.9881799365106036e-17,3.989933676009066e-17,3.991687404334525e-17,3.993441121487211e-17,3.9951948274673545e-17,3.9969485222751837e-17,3.9987022059109255e-17,4.00045587837481e-17,4.0022095396670645e-17,4.003963189787919e-17,4.0057168287376007e-17,4.007470456516338e-17,4.0092240731243625e-17,4.010977678561898e-17,4.0127312728291775e-17,4.014484855926427e-17,4.0162384278538746e-17,4.01799198861175e-17,4.019745538200281e-17,4.0214990766196986e-17,4.023252603870227e-17,4.0250061199520984e-17,4.026759624865539e-17,4.0285131186107775e-17,4.030266601188045e-17,4.032020072588747e-17,4.033773543787685e-17,4.035526992862333e-17,4.037280442050157e-17,4.039033868790846e-17,4.04078728422869e-17,4.042540695926391e-17,4.04429408956772e-17,4.046047471564157e-17,4.0478008548369705e-17,4.049554214506933e-17,4.051307562948919e-17,4.053060900243055e-17,4.0548142269003934e-17,4.056567549024847e-17,4.058320852945301e-17,4.060074145694252e-17,4.0618274272867557e-17,4.0635806977156196e-17,4.065333956980408e-17,4.0670872050826964e-17,4.068840442022037e-17,4.070593667801198e-17,4.0723468824359345e-17,4.0741000858587e-17,4.0758532781484764e-17,4.0776064685350447e-17,4.079359638501434e-17,4.0811127973064747e-17,4.0828659449503904e-17,4.084619081433416e-17,4.086372206755775e-17,4.0881253209176994e-17,4.089878423919415e-17,4.091631515761151e-17,4.093384596443134e-17,4.095137665965594e-17,4.096890724328759e-17,4.098643771532857e-17,4.100396807578118e-17,4.102149832464768e-17,4.1039028461930356e-17,4.105655848763148e-17,4.107408840175335e-17,4.1091618204298256e-17,4.110914789526847e-17,4.1126677474666265e-17,4.114420694249394e-17,4.116173629875377e-17,4.117926554344803e-17,4.1196794676579004e-17,4.121432369814898e-17,4.1231852608160244e-17,4.1249381406615057e-17,4.126691009351572e-17,4.1284438668864514e-17,4.130196713266369e-17,4.131949548491558e-17,4.133702372562242e-17,4.1354551854786545e-17,4.137207979421685e-17,4.138960764505976e-17,4.1407135395600976e-17,4.142466304108816e-17,4.144219061325156e-17,4.145971806269542e-17,4.147724536037726e-17,4.149477259730085e-17,4.151229972653935e-17,4.152982674043891e-17,4.1547353661550173e-17,4.15648804524354e-17,4.158240708505741e-17,4.1599933600206445e-17,4.1617460056505047e-17,4.163498640129763e-17,4.1652512634586216e-17,4.167003875637312e-17,4.168756476666061e-17,4.170509066545095e-17,4.172261645274646e-17,4.1740142128549386e-17,4.1757667692862015e-17,4.177519314568663e-17,4.1792718487025514e-17,4.1810243709154725e-17,4.182776881997395e-17,4.1845293819527243e-17,4.186281870788805e-17,4.188034348496483e-17,4.1897868150847215e-17,4.191539270549412e-17,4.19329171489352e-17,4.1950441481139453e-17,4.19679657021791e-17,4.1985489811928674e-17,4.2003013810557244e-17,4.202053769791598e-17,4.2038061474113737e-17,4.205558513921724e-17,4.2073108693001706e-17,4.209063213561904e-17,4.2108155467032386e-17,4.212567868730082e-17,4.214320179640196e-17,4.216072479433936e-17,4.217824768109895e-17,4.219577045666638e-17,4.2213293121171564e-17,4.2230815674440186e-17,4.2248338116609385e-17,4.226586044765023e-17,4.228338266751726e-17,4.230090477627117e-17,4.231842677384884e-17,4.2335948660370065e-17,4.235347043569115e-17,4.2370992100047865e-17,4.2388513653169345e-17,4.240603509515533e-17,4.242355642605164e-17,4.244107764577108e-17,4.245859875456286e-17,4.247611975216491e-17,4.249364063594395e-17,4.2511161408330707e-17,4.252868206932742e-17,4.254620261893637e-17,4.256372305715983e-17,4.258124338400011e-17,4.2598763599503094e-17,4.26162837035838e-17,4.263380369628814e-17,4.2651323577618395e-17,4.2668843347576806e-17,4.268636300616572e-17,4.270388255338737e-17,4.272140198924402e-17,4.273892131373794e-17,4.275644052687148e-17,4.2773959628539937e-17,4.279147861895942e-17,4.2808997498025334e-17,4.2826516265739904e-17,4.284403492210544e-17,4.2861553467124167e-17,4.2879071900798415e-17,4.289659022313046e-17,4.291410843412256e-17,4.293162653377699e-17,4.2949144522096034e-17,4.2966662399081926e-17,4.2984180187486837e-17,4.3001697865036964e-17,4.3019215431841756e-17,4.3036732887866306e-17,4.3054250233445195e-17,4.307176745050336e-17,4.308928455628305e-17,4.3106801550790755e-17,4.312431842588016e-17,4.314183518965921e-17,4.3159351842130195e-17,4.317686838329534e-17,4.3194384813156986e-17,4.321190113171737e-17,4.322941733897879e-17,4.3246933434943466e-17,4.326444941961375e-17,4.328196529299184e-17,4.329948105508007e-17,4.3316996705880695e-17,4.333451224539599e-17,4.335202767362823e-17,4.3369542990579684e-17,4.338705819625264e-17,4.3404573290649354e-17,4.3422088273772133e-17,4.343960314562323e-17,4.34571179062049e-17,4.3474632555519444e-17,4.349214709356913e-17,4.350966152035621e-17,4.3527175835883004e-17,4.354469004015174e-17,4.356220413316474e-17,4.357971811638769e-17,4.3597232003522046e-17,4.361474575025821e-17,4.363225940874929e-17,4.364977294551747e-17,4.3667286363058144e-17,4.368479970284692e-17,4.370231290589544e-17,4.3719825997708686e-17,4.37373389782889e-17,4.3754851847638363e-17,4.377236460575935e-17,4.378987725265413e-17,4.380738978832498e-17,4.3824902212774186e-17,4.3842414526003986e-17,4.385992672801669e-17,4.387743881881454e-17,4.389495079839983e-17,4.3912462666774836e-17,4.392997442394181e-17,4.3947486069903044e-17,4.396499760466081e-17,4.398250902821736e-17,4.4000020340574995e-17,4.4017531539803744e-17,4.4035042629770345e-17,4.405255361020195e-17,4.4070064477786587e-17,4.408757523418367e-17,4.410508587939545e-17,4.41225964134242e-17,4.4140106836272224e-17,4.415761714794175e-17,4.4175127348435075e-17,4.41926374371166e-17,4.4210147415264326e-17,4.422765728224267e-17,4.424516703805391e-17,4.4262676682700304e-17,4.428018621618412e-17,4.4297695638507624e-17,4.43152049496731e-17,4.4332714149682814e-17,4.435022323853905e-17,4.4367732216244053e-17,4.438524108280013e-17,4.4402749838209555e-17,4.442025848247455e-17,4.4437767015597424e-17,4.445527543758041e-17,4.447278374842582e-17,4.449029194813593e-17,4.4507800036713e-17,4.4525308014159256e-17,4.4542815880477026e-17,4.456032363566856e-17,4.4577831279736146e-17,4.459533881268203e-17,4.4612846234508483e-17,4.463035354521782e-17,4.464786074481223e-17,4.4665367833294055e-17,4.468287481066554e-17,4.470038167692894e-17,4.4717888432086566e-17,4.473539507614065e-17,4.475290160909346e-17,4.47704080309473e-17,4.478791434170442e-17,4.480542054136709e-17,4.482292662993759e-17,4.484043260741817e-17,4.4857938473811124e-17,4.487544422911869e-17,4.4892949873343174e-17,4.49104554064868e-17,4.492796082855189e-17,4.494546613954069e-17,4.496297133945546e-17,4.4980476428298496e-17,4.4997981406072036e-17,4.501548627277834e-17,4.503299104306114e-17,4.505049570034071e-17,4.506800021433854e-17,4.508550463676519e-17,4.510300894813557e-17,4.5120513148452305e-17,4.5138017237717675e-17,4.5155521218183085e-17,4.517302508391506e-17,4.519052883974124e-17,4.520803248452383e-17,4.5225536018265804e-17,4.52430394409703e-17,4.526054275264058e-17,4.5278045953278734e-17,4.529554904288893e-17,4.531305202147309e-17,4.533055488903565e-17,4.534805764586152e-17,4.5365560291666864e-17,4.5383062826454525e-17,4.5400565250228274e-17,4.541806756298945e-17,4.543556976476326e-17,4.54530718555266e-17,4.54705738352817e-17,4.5488075704030873e-17,4.550557746177633e-17,4.552307910852038e-17,4.554058064425978e-17,4.555808206900779e-17,4.557558338275211e-17,4.559308458551311e-17,4.5610585677284045e-17,4.562808665806715e-17,4.564558752786472e-17,4.566308828667896e-17,4.56805889345122e-17,4.569808947136669e-17,4.5715589898149545e-17,4.573309022013273e-17,4.5750590424064514e-17,4.576809051702663e-17,4.57855904990213e-17,4.580309037005082e-17,4.582059013011747e-17,4.5838089779223497e-17,4.5855589317371153e-17,4.5873088744562756e-17,4.5890588060800506e-17,4.5908087266086726e-17,4.592558636042366e-17,4.594308534381356e-17,4.596058421625874e-17,4.5978082927335724e-17,4.5995581536272214e-17,4.6013080073456294e-17,4.603057850934076e-17,4.6048076827096704e-17,4.606557503392148e-17,4.608307312981736e-17,4.6100571114786654e-17,4.6118068988831565e-17,4.613556675195439e-17,4.615306440415738e-17,4.61705619454428e-17,4.6188059375812924e-17,4.620555669527004e-17,4.622305390381637e-17,4.6240551001454205e-17,4.625804798818582e-17,4.627554486401345e-17,4.629304162893938e-17,4.631053828296585e-17,4.632803482609518e-17,4.6345531258329565e-17,4.6363027579671334e-17,4.6380523790122735e-17,4.6398019889685985e-17,4.641551587836341e-17,4.643301175615723e-17,4.6450507523069747e-17,4.646800316796067e-17,4.648549871311739e-17,4.650299414739959e-17,4.652048947080952e-17,4.653798468334947e-17,4.655547978502169e-17,4.657297477582843e-17,4.659046965577195e-17,4.6607964424854546e-17,4.662545908307847e-17,4.6642953591545605e-17,4.6660448028063357e-17,4.6677942354528566e-17,4.669543656993073e-17,4.6712930677083495e-17,4.673042467020313e-17,4.6747918552479916e-17,4.676541232501321e-17,4.678290598561114e-17,4.680039953540849e-17,4.681789297433659e-17,4.6835386302433155e-17,4.685287951970047e-17,4.687037262614082e-17,4.688786562175644e-17,4.6905358506549616e-17,4.6922851280522586e-17,4.694034394367763e-17,4.695783649601697e-17,4.697532893754294e-17,4.699282126825773e-17,4.701031348816367e-17,4.702780559726298e-17,4.704529759555793e-17,4.706278948305078e-17,4.7080281259743817e-17,4.709777292563928e-17,4.711526448073943e-17,4.713275592504656e-17,4.7150247258562875e-17,4.71677384812907e-17,4.718522959323224e-17,4.7202720594389804e-17,4.722021148476564e-17,4.723770226436201e-17,4.7255192933181155e-17,4.7272683491225365e-17,4.72901739382733e-17,4.7307664274774396e-17,4.7325154500507345e-17,4.734264461547438e-17,4.736013461968074e-17,4.7377624513122767e-17,4.739511429580571e-17,4.741260396773178e-17,4.743009352890326e-17,4.744758292598727e-17,4.74650722519883e-17,4.748256147193767e-17,4.750005059011388e-17,4.7517539597523744e-17,4.7535028509262504e-17,4.755251730037737e-17,4.757000598047871e-17,4.7587494544960946e-17,4.760498299871122e-17,4.762247134173179e-17,4.763995957402485e-17,4.7657447695586726e-17,4.7674935707227143e-17,4.769242364105525e-17,4.7709911430639287e-17,4.7727398123587484e-17,4.774488563706509e-17,4.776237296946637e-17,4.7779860316671623e-17,4.779734755252647e-17,4.781483467767646e-17,4.7832321692123874e-17,4.784980859587096e-17,4.7867295388919965e-17,4.7884782071273144e-17,4.7902268642932776e-17,4.7919755103901177e-17,4.793724145418051e-17,4.795472755667443e-17,4.7972213685645204e-17,4.7989699705290714e-17,4.8007185614147836e-17,4.802467141101672e-17,4.804215704016885e-17,4.805964261568941e-17,4.807712808053901e-17,4.8094613434719947e-17,4.811209867823444e-17,4.8129583809997395e-17,4.8147068832185804e-17,4.81645537437145e-17,4.818203854458583e-17,4.819952323480201e-17,4.821700781436533e-17,4.8234492283277995e-17,4.82519766415423e-17,4.826946088916052e-17,4.828694502613487e-17,4.830442905250146e-17,4.832191296823744e-17,4.8339396773338914e-17,4.8356880467760466e-17,4.837436405154948e-17,4.8391847526745505e-17,4.840933088927777e-17,4.842681414118265e-17,4.844429727685814e-17,4.846178030491931e-17,4.8479263224999624e-17,4.849674603250127e-17,4.851422872813953e-17,4.853171131639105e-17,4.854919379456016e-17,4.856667616470573e-17,4.858415842016413e-17,4.860164056593547e-17,4.861912260110583e-17,4.863660452567753e-17,4.865408633965276e-17,4.867156804303385e-17,4.8689049635823023e-17,4.8706531118022544e-17,4.8724012489634656e-17,4.8741493750661626e-17,4.8758974901105706e-17,4.877645594096917e-17,4.879393687025426e-17,4.881141768896324e-17,4.882889839709835e-17,4.8846378994661876e-17,4.886385948165607e-17,4.888133985808317e-17,4.889882012394544e-17,4.891630027924511e-17,4.8933780323984476e-17,4.8951260258184246e-17,4.8968740081809766e-17,4.8986219794881723e-17,4.9003699397402406e-17,4.902117888939236e-17,4.903865827083597e-17,4.905613754171633e-17,4.9073616702054385e-17,4.909109575185243e-17,4.9108574691112763e-17,4.912605353470921e-17,4.9143532252900687e-17,4.9161010860561185e-17,4.9178489357692946e-17,4.919596774429821e-17,4.92134460203793e-17,4.92309241859384e-17,4.924840224097781e-17,4.926588018549975e-17,4.928335801950652e-17,4.9300835743000333e-17,4.9318313355983435e-17,4.9335790858458144e-17,4.935326825042666e-17,4.937074552858915e-17,4.938822269955213e-17,4.940569976001565e-17,4.942317671017054e-17,4.9440653539601714e-17,4.9458130268580623e-17,4.9475606887069135e-17,4.949308339506952e-17,4.951055979483166e-17,4.952803608186254e-17,4.9545512258412025e-17,4.956298833646645e-17,4.95804642920599e-17,4.959794013717871e-17,4.961541587446507e-17,4.963289162083893e-17,4.965036713454655e-17,4.966784253772166e-17,4.968531783050048e-17,4.970279301281821e-17,4.972026810823852e-17,4.9737743069640726e-17,4.9755217920588586e-17,4.977269266108436e-17,4.9790167291130344e-17,4.980764181072876e-17,4.982511621988188e-17,4.9842590518591935e-17,4.986006470686121e-17,4.9877538815164344e-17,4.9895012782705166e-17,4.9912486639648084e-17,4.9929960374805146e-17,4.9947434010904093e-17,4.9964907537045105e-17,4.998238093908356e-17,4.999985424391192e-17,5.0017327438315377e-17,5.003480052230055e-17,5.0052273495869715e-17,5.0069746359025146e-17,5.0087219111769034e-17,5.010469175410368e-17,5.012216428603131e-17,5.013963670753561e-17,5.0157109018656e-17,5.0174581219376165e-17,5.019205330969835e-17,5.020952528962479e-17,5.022699715915771e-17,5.024446891829763e-17,5.0261940567050374e-17,5.0279412271947173e-17,5.02968836999631e-17,5.031435518008975e-17,5.0331826387333597e-17,5.03492974841731e-17,5.0366768470637164e-17,5.038423934672803e-17,5.040171011244789e-17,5.0419180748973245e-17,5.0436651294008496e-17,5.045412172862911e-17,5.047159205288775e-17,5.048906226700719e-17,5.0506532370548685e-17,5.052400236659126e-17,5.0541472249935725e-17,5.0558942022418334e-17,5.0576411684552503e-17,5.0593881236340445e-17,5.0611350677784466e-17,5.062882000888678e-17,5.0646289229649664e-17,5.066375834007534e-17,5.068122734016605e-17,5.0698696229924104e-17,5.071616500935171e-17,5.0733633612020246e-17,5.075110217079414e-17,5.076857061924434e-17,5.07860389573731e-17,5.080350719690662e-17,5.082097531430715e-17,5.083844332139895e-17,5.08559112182644e-17,5.0873379004819665e-17,5.089084667977082e-17,5.0908314245712446e-17,5.092578170136041e-17,5.094324904669743e-17,5.096071628173552e-17,5.097818340647689e-17,5.099565042092389e-17,5.1013117325078644e-17,5.103058411894347e-17,5.104805080979522e-17,5.106551738553823e-17,5.1082983848493433e-17,5.110045020116325e-17,5.111791643803717e-17,5.113538257020959e-17,5.115284859210782e-17,5.117031450234777e-17,5.118778030376534e-17,5.120524599485453e-17,5.1222711585399586e-17,5.124017705596056e-17,5.1257642416260836e-17,5.127510766630269e-17,5.1292572806088314e-17,5.131003783562003e-17,5.13275027549e-17,5.1344967563930544e-17,5.136243226271387e-17,5.137989685125226e-17,5.139736132954796e-17,5.1414825697603196e-17,5.1432289955420206e-17,5.144975410300128e-17,5.146721814034864e-17,5.148468206746453e-17,5.15021458843512e-17,5.1519609591010903e-17,5.153707318744591e-17,5.155453667365842e-17,5.157200004965074e-17,5.1589463315317816e-17,5.160692647087643e-17,5.162438951622158e-17,5.164185245133828e-17,5.165931527893767e-17,5.1676777992543145e-17,5.1694240597306806e-17,5.171170309161825e-17,5.17291654757297e-17,5.1746627749993534e-17,5.1764089913711755e-17,5.1781551967236715e-17,5.179901391057069e-17,5.1816475743715896e-17,5.183393746667459e-17,5.185139907944906e-17,5.1868860582041483e-17,5.188632197445414e-17,5.1903783256689314e-17,5.1921244428749185e-17,5.1938705510709504e-17,5.195616648265829e-17,5.1973627344606866e-17,5.1991088096617385e-17,5.2008548738583515e-17,5.2026009270687673e-17,5.2043469692895705e-17,5.206093000518111e-17,5.207839020767127e-17,5.209585030037736e-17,5.211331028342766e-17,5.2130770156756664e-17,5.214822992035058e-17,5.216568957448325e-17,5.218314911905186e-17,5.220060855358059e-17,5.2218067857300086e-17,5.2235527049460907e-17,5.2252986128615196e-17,5.227044509763912e-17,5.2287903956484634e-17,5.23053627052546e-17,5.2322821343900963e-17,5.2340279872425984e-17,5.2357738290831864e-17,5.237519659912088e-17,5.2392654797250356e-17,5.241011303352234e-17,5.242757101147328e-17,5.244502887931631e-17,5.246248663705372e-17,5.247994428468772e-17,5.2497401821419386e-17,5.251485924885333e-17,5.2532316566190595e-17,5.2549773773433454e-17,5.2567230870580124e-17,5.258468785764089e-17,5.2602144734613944e-17,5.261960150150158e-17,5.2637058158306e-17,5.265451472544413e-17,5.267197101838583e-17,5.2689427344954896e-17,5.270688356152731e-17,5.2724339667950195e-17,5.2741795664274875e-17,5.275925155056053e-17,5.277670732678097e-17,5.2794162992938373e-17,5.281161854903506e-17,5.282907399514755e-17,5.2846529331112384e-17,5.286398455733804e-17,5.2881439673988405e-17,5.289889467779602e-17,5.2916349599692154e-17,5.2933804385846607e-17,5.295125905401989e-17,5.296871361967063e-17,5.2986168075283076e-17,5.300362241624865e-17,5.30210766517912e-17,5.303853077730219e-17,5.3055984792783825e-17,5.307343878911009e-17,5.309089258453921e-17,5.3108346269945674e-17,5.3125799845331794e-17,5.314325331069977e-17,5.3160706732270435e-17,5.317815999828464e-17,5.319561313359553e-17,5.3213066218950277e-17,5.323051915801844e-17,5.324797196460875e-17,5.3265424676883706e-17,5.328287726218621e-17,5.3300329737746946e-17,5.33177821030558e-17,5.333523435837119e-17,5.335268650369539e-17,5.337013853216314e-17,5.3387590454802304e-17,5.340504227016635e-17,5.3422493975548166e-17,5.343994557094997e-17,5.345739705801515e-17,5.3474848433463656e-17,5.3492299698938884e-17,5.3509750854391e-17,5.352720189992639e-17,5.354465292319513e-17,5.356210374879913e-17,5.3579554464441043e-17,5.359700507012308e-17,5.3614455565847576e-17,5.363190595161671e-17,5.364935622743274e-17,5.366680639329791e-17,5.3684256448962333e-17,5.37017063949325e-17,5.371915623095852e-17,5.373660595704263e-17,5.375405547730597e-17,5.377150498351292e-17,5.378895391176175e-17,5.380640319810423e-17,5.3823852374516e-17,5.3841301440999326e-17,5.385875039755645e-17,5.3876199244189575e-17,5.3893647981087706e-17,5.3911096607879646e-17,5.392854512475429e-17,5.3945993531713936e-17,5.396344182876083e-17,5.3980890015897166e-17,5.399833809312523e-17,5.4015786060447234e-17,5.4033233862283907e-17,5.4050681609800875e-17,5.4068129247418525e-17,5.408557677513907e-17,5.4103024192964754e-17,5.4120471501363366e-17,5.413791869940609e-17,5.415536578756066e-17,5.417281276582935e-17,5.4190259634214395e-17,5.42077063926918e-17,5.4225153041316266e-17,5.424259958006378e-17,5.426004600893658e-17,5.4277492327936944e-17,5.429493853706713e-17,5.431238463632929e-17,5.432983062572571e-17,5.434727650525864e-17,5.436472230536011e-17,5.438216796517258e-17,5.4399613515128285e-17,5.441705895522942e-17,5.4434504285478265e-17,5.445194950587705e-17,5.4469394616427976e-17,5.4486839609350275e-17,5.4504284492724465e-17,5.452172926651538e-17,5.453917393769785e-17,5.455661849904367e-17,5.45740629505551e-17,5.459150729223438e-17,5.460895152408375e-17,5.4626395646105396e-17,5.464383965830163e-17,5.466128356067464e-17,5.4678727353226694e-17,5.469617103596e-17,5.47136146088768e-17,5.4731058071979104e-17,5.47485014252694e-17,5.4765944667264945e-17,5.47833878009379e-17,5.480083082480557e-17,5.481827373887018e-17,5.483571654313398e-17,5.485315923759917e-17,5.4870601822268015e-17,5.4888044296649057e-17,5.4905486661731905e-17,5.492292891702509e-17,5.494037106253093e-17,5.495781309825156e-17,5.497525502418928e-17,5.4992696840346316e-17,5.501013854666644e-17,5.5027580143268796e-17,5.504502163009717e-17,5.506246300717218e-17,5.50799042744593e-17,5.509734543197914e-17,5.5114786479733963e-17,5.5132227417725975e-17,5.514966824595742e-17,5.516710896443057e-17,5.5184549573147615e-17,5.520199007211079e-17,5.5219430461322386e-17,5.5236870740784586e-17,5.5254310910499625e-17,5.527175097046979e-17,5.528919092069726e-17,5.530663076118431e-17,5.5324070491933136e-17,5.5341510112946007e-17,5.535894962413289e-17,5.537638902568055e-17,5.539382831749893e-17,5.541126749959035e-17,5.542870657195692e-17,5.5446145534600994e-17,5.5463584387524715e-17,5.548102313073039e-17,5.549846176422021e-17,5.551590028799641e-17,5.553333870206126e-17,5.555077700641695e-17,5.556821520106574e-17,5.558565328600988e-17,5.560309126125159e-17,5.562052912679308e-17,5.56379668826366e-17,5.565540452878443e-17,5.567284206523874e-17,5.569027949200183e-17,5.570771680907586e-17,5.572515400798963e-17,5.574259113725025e-17,5.576002814472687e-17,5.577746504786398e-17,5.579490181711808e-17,5.581233862262278e-17,5.582977517193489e-17,5.584721161157586e-17,5.58646479415479e-17,5.588208416185326e-17,5.58995202724942e-17,5.591695627347291e-17,5.593439216479163e-17,5.595182794645262e-17,5.596926361845811e-17,5.598669918081032e-17,5.600413463031643e-17,5.602157006237907e-17,5.603900529565031e-17,5.60564404194112e-17,5.607387543353002e-17,5.609131033800898e-17,5.610874513285026e-17,5.612617981805613e-17,5.614361437589842e-17,5.616104884298441e-17,5.617848319929757e-17,5.619591744598428e-17,5.62133515830467e-17,5.62307856104871e-17,5.62482195282817e-17,5.626565333645342e-17,5.628308703500772e-17,5.630052062366472e-17,5.631795410270367e-17,5.633538747212917e-17,5.635282073194536e-17,5.637025388215598e-17,5.638768692276471e-17,5.640511985410792e-17,5.642255267585367e-17,5.643998538800422e-17,5.645741799056178e-17,5.647485048352859e-17,5.649228286690689e-17,5.650971514069888e-17,5.652714730490683e-17,5.654457935953298e-17,5.656201130457948e-17,5.657944314004868e-17,5.659687486594273e-17,5.661430648226388e-17,5.66317379890144e-17,5.664916938619646e-17,5.666660067381233e-17,5.668403185186423e-17,5.670146292035439e-17,5.671889387928505e-17,5.673632472865844e-17,5.675375546847678e-17,5.67711860987423e-17,5.678861661945725e-17,5.680604703062388e-17,5.682347733224436e-17,5.684090752432099e-17,5.685833760685591e-17,5.687576757985146e-17,5.68931974433098e-17,5.691062719723316e-17,5.692805684162379e-17,5.694548636403206e-17,5.696291578936404e-17,5.698034510516993e-17,5.699777431145204e-17,5.701520340821254e-17,5.703263239535536e-17,5.705006127307943e-17,5.706749004128858e-17,5.70849186999851e-17,5.710234727493108e-17,5.71197757146088e-17,5.713720404478056e-17,5.715463226544858e-17,5.71720603766151e-17,5.718948837828236e-17,5.720691627045252e-17,5.72243440531279e-17,5.72417717263107e-17,5.725919929000314e-17,5.727662674420744e-17,5.729405408892585e-17,5.731148132416061e-17,5.732890844991392e-17,5.734633546618799e-17,5.736376237298513e-17,5.738118917030748e-17,5.739861585815734e-17,5.741604246920023e-17,5.743346896952306e-17,5.745089535943297e-17,5.7468321638758e-17,5.748574780776218e-17,5.750317386646289e-17,5.752059981473567e-17,5.753802565279197e-17,5.755545138060759e-17,5.757287699842062e-17,5.759030254402581e-17,5.760772791953297e-17,5.76251531844407e-17,5.76425783399139e-17,5.766000338594126e-17,5.767742832253172e-17,5.769485314968758e-17,5.771227786741102e-17,5.772970247570429e-17,5.774712697456959e-17,5.77645513640092e-17,5.778197564402533e-17,5.779939981462016e-17,5.781682387579598e-17,5.783424782755501e-17,5.785167166989943e-17,5.786909540283151e-17,5.788651902635346e-17,5.790394254046752e-17,5.79213659451759e-17,5.793878924048083e-17,5.795621242638459e-17,5.797363550288933e-17,5.799105846999734e-17,5.800848132771079e-17,5.802590407603196e-17,5.80433267181956e-17,5.806074925063721e-17,5.807817167335845e-17,5.809559398622408e-17,5.811301618934563e-17,5.81304382827326e-17,5.814786026629214e-17,5.816528214010885e-17,5.818270390428803e-17,5.820012555869671e-17,5.821754710343145e-17,5.823496853840132e-17,5.825238986360358e-17,5.826981107910594e-17,5.828723218492129e-17,5.83046531810559e-17,5.832207406744951e-17,5.833949484413841e-17,5.83569155112134e-17,5.83743360686427e-17,5.839175651634692e-17,5.840917685441247e-17,5.842659708272125e-17,5.844401720143747e-17,5.84614372104314e-17,5.847885710979006e-17,5.849627689952023e-17,5.851369657964609e-17,5.85311161500911e-17,5.854853561086576e-17,5.856595496198093e-17,5.858337420361497e-17,5.8600793335617e-17,5.861821235789317e-17,5.863563127061062e-17,5.86530500736361e-17,5.867046876715251e-17,5.868788736021669e-17,5.870530584397539e-17,5.872272421843083e-17,5.874014248358525e-17,5.875756063944088e-17,5.877497868599992e-17,5.879239661170439e-17,5.880981439075148e-17,5.882723207227671e-17,5.884464968255748e-17,5.886206718119274e-17,5.887948454898362e-17,5.889690185279938e-17,5.891431897980781e-17,5.893173604279858e-17,5.894915295832338e-17,5.89665697540921e-17,5.89839864892671e-17,5.900140311517443e-17,5.90188196318163e-17,5.9036236039195e-17,5.905365233731267e-17,5.907106852617159e-17,5.908848460577394e-17,5.9105900576122e-17,5.912331643721794e-17,5.9140732189064e-17,5.915814783166243e-17,5.917556336501541e-17,5.919297878912522e-17,5.921039410399403e-17,5.922780930962408e-17,5.924522440601763e-17,5.926263939317682e-17,5.928005427110395e-17,5.929746903980119e-17,5.931488369927081e-17,5.933229824951503e-17,5.934971269053606e-17,5.936712702233608e-17,5.938454124491739e-17,5.940195544916343e-17,5.94193694533125e-17,5.943678334802222e-17,5.945419711770573e-17,5.947161079422617e-17,5.948902436154118e-17,5.95064378271036e-17,5.95238511841938e-17,5.954126442386576e-17,5.955867759440266e-17,5.957609061590574e-17,5.959350355872826e-17,5.961091636176992e-17,5.962832905793222e-17,5.964574164603037e-17,5.966315419213183e-17,5.968056658502022e-17,5.969797884210587e-17,5.97153909802076e-17,5.973280304474977e-17,5.9750214974249e-17,5.976762679457836e-17,5.97850385057401e-17,5.980245010773642e-17,5.981986160056954e-17,5.98372729842417e-17,5.985468425875513e-17,5.987209542411199e-17,5.988950648031452e-17,5.990691742736502e-17,5.992432826526566e-17,5.994173899401863e-17,5.995914961362617e-17,5.997656012409049e-17,5.999397052541388e-17,6.00113808175985e-17,6.002879100064656e-17,6.004620107456031e-17,6.006361103934198e-17,6.008102089499377e-17,6.009843064151789e-17,6.011584027891656e-17,6.013324980719206e-17,6.015065922634654e-17,6.016806853638224e-17,6.018547773729973e-17,6.020288682910455e-17,6.022029581179725e-17,6.023770468538008e-17,6.025511344985522e-17,6.027252210522493e-17,6.028993065149137e-17,6.03073390886568e-17,6.032474741672346e-17,6.034215563569356e-17,6.035956374556929e-17,6.037697174635288e-17,6.039437963804654e-17,6.041178742065255e-17,6.042919509417304e-17,6.04466026586103e-17,6.046401011396652e-17,6.048141746024394e-17,6.049882469744475e-17,6.051623182557119e-17,6.053363884462546e-17,6.055104575460979e-17,6.056845255552643e-17,6.058585924737755e-17,6.06032658301654e-17,6.062067230389236e-17,6.063807866856048e-17,6.065548492417199e-17,6.067289107072908e-17,6.069029710823401e-17,6.0707703036689e-17,6.072510885609623e-17,6.074251456645795e-17,6.075992016777632e-17,6.077732566005363e-17,6.079473104329207e-17,6.081213631749386e-17,6.082954148266122e-17,6.084694653879634e-17,6.08643514859015e-17,6.088175632397884e-17,6.089916105303066e-17,6.091656567305908e-17,6.093397018406644e-17,6.095137458605484e-17,6.096877887902659e-17,6.098618306298383e-17,6.100358713792883e-17,6.10209911038638e-17,6.103839496079095e-17,6.105579870871252e-17,6.107320234812669e-17,6.109060587853978e-17,6.110800929995863e-17,6.11254126123838e-17,6.114281581581618e-17,6.116021891025914e-17,6.117762189571488e-17,6.119502477218504e-17,6.121242753967231e-17,6.122983019817838e-17,6.124723274770683e-17,6.126463518825973e-17,6.128203751983995e-17,6.129943974244803e-17,6.131684185608779e-17,6.133424386022084e-17,6.135164575699889e-17,6.136904756606985e-17,6.138644952120059e-17,6.140385108947958e-17,6.142125254880007e-17,6.14386538991099e-17,6.145605514045493e-17,6.147345627290482e-17,6.149085729640452e-17,6.150825821095629e-17,6.152565901656227e-17,6.154305971322473e-17,6.156046030094587e-17,6.157786077972791e-17,6.159526114957305e-17,6.161266141048353e-17,6.163006156246346e-17,6.164746160551124e-17,6.166486153963096e-17,6.168226136482492e-17,6.169966108109527e-17,6.171706068844423e-17,6.173446018687407e-17,6.175185957638695e-17,6.176925885698508e-17,6.178665802866905e-17,6.180405709133303e-17,6.182145604520028e-17,6.183885489014039e-17,6.185625362619808e-17,6.18736522607554e-17,6.18910507790124e-17,6.19084491631701e-17,6.192584746363543e-17,6.194324565520822e-17,6.196064373804901e-17,6.197804169883562e-17,6.199543956374397e-17,6.201283731976866e-17,6.203023496691177e-17,6.204763250517562e-17,6.206502993456373e-17,6.208242725507565e-17,6.20998244667149e-17,6.21172215694837e-17,6.213461855283533e-17,6.215201544351396e-17,6.216941221963254e-17,6.21868088869418e-17,6.220420544539166e-17,6.22216018949844e-17,6.223899823572217e-17,6.225639446760722e-17,6.227379062585291e-17,6.229118664003894e-17,6.230858254537888e-17,6.232597834187497e-17,6.234337402891609e-17,6.236076945722848e-17,6.237816492720716e-17,6.239556028835083e-17,6.24129555406617e-17,6.2430350684515e-17,6.244774571989264e-17,6.246513964543226e-17,6.248253444612499e-17,6.249992915431136e-17,6.251732375367823e-17,6.25347182442278e-17,6.255211262596228e-17,6.256950689888385e-17,6.258690106299472e-17,6.260429511829715e-17,6.262168906479333e-17,6.263908290248546e-17,6.265647663137579e-17,6.26738702514665e-17,6.269126376242597e-17,6.270865716492409e-17,6.272605045862925e-17,6.274344364354365e-17,6.276083671964754e-17,6.277822968698706e-17,6.279562254554241e-17,6.281301529531585e-17,6.28304079363096e-17,6.284780046852588e-17,6.286519289190824e-17,6.288258520657617e-17,6.289997642458356e-17,6.29173685217182e-17,6.293476051008583e-17,6.295215238968976e-17,6.29695441605317e-17,6.298693571929426e-17,6.300432727261943e-17,6.302171871718928e-17,6.303911005300593e-17,6.30565011508391e-17,6.307389232039065e-17,6.309128332996159e-17,6.310867423079479e-17,6.31260650228793e-17,6.314345570622389e-17,6.316084628083081e-17,6.317823674670226e-17,6.319562711504576e-17,6.321301736021438e-17,6.323040749989262e-17,6.324779753084422e-17,6.326518745307139e-17,6.328257726657636e-17,6.329996697136133e-17,6.331735656742851e-17,6.333474605478008e-17,6.335213543341833e-17,6.336952470334536e-17,6.338691386456345e-17,6.340430288427203e-17,6.342169182807908e-17,6.343908066318381e-17,6.345646938958844e-17,6.347385800729516e-17,6.349124651630619e-17,6.350863491662372e-17,6.352602320825001e-17,6.354341139118723e-17,6.35607994654376e-17,6.357818743100332e-17,6.359557528788662e-17,6.361296303608969e-17,6.363035067561678e-17,6.364773820646604e-17,6.366512562864169e-17,6.368251294214597e-17,6.369990014698107e-17,6.37172872431492e-17,6.373467423060726e-17,6.37520611094739e-17,6.376944787965437e-17,6.378683454117673e-17,6.380422109410184e-17,6.382160753831456e-17,6.383899386356466e-17,6.385638009052834e-17,6.38737662088458e-17,6.389115221898572e-17,6.390853812047936e-17,6.392592391332925e-17,6.394330959753836e-17,6.396069517310825e-17,6.39780806400413e-17,6.399546599834053e-17,6.401285124800778e-17,6.40302363890457e-17,6.404762142145673e-17,6.406500634524165e-17,6.408239116040405e-17,6.409977586694602e-17,6.411716046486894e-17,6.413454495417651e-17,6.41519293348698e-17,6.416931360695195e-17,6.418669777042411e-17,6.420408182528859e-17,6.422146577107571e-17,6.423884960826208e-17,6.425623333684998e-17,6.427361695684157e-17,6.429100046823904e-17,6.43083838710446e-17,6.43257671652605e-17,6.434315035088891e-17,6.436053342793202e-17,6.43779163963921e-17,6.439529925627134e-17,6.441268200757188e-17,6.443006465029601e-17,6.444744718444587e-17,6.446482961002371e-17,6.448221192703175e-17,6.449959413547217e-17,6.451697623534714e-17,6.453435822665893e-17,6.45517401094097e-17,6.456912188360171e-17,6.458650354923712e-17,6.460388510631816e-17,6.462126655484701e-17,6.463864789482588e-17,6.465602912625701e-17,6.467341024914259e-17,6.469079126348462e-17,6.470817216928551e-17,6.472555296654748e-17,6.474293365527275e-17,6.476031423546348e-17,6.477769470712189e-17,6.479507507025021e-17,6.481245532485062e-17,6.482983547092534e-17,6.484721550847653e-17,6.486459543750649e-17,6.488197525801739e-17,6.489935497001141e-17,6.491673457349073e-17,6.493411406845756e-17,6.495149345491412e-17,6.496887273286265e-17,6.49862519023053e-17,6.500363096324431e-17,6.502100991568188e-17,6.503838875962026e-17,6.505576749506157e-17,6.507314612200809e-17,6.509052464045939e-17,6.510790305042286e-17,6.512528135189808e-17,6.514265954488732e-17,6.516003762939276e-17,6.51774156054166e-17,6.519479347296107e-17,6.521217123202831e-17,6.522954888262059e-17,6.524692642474007e-17,6.526430385838898e-17,6.528168118356951e-17,6.529905840028389e-17,6.531643550853431e-17,6.533381250832295e-17,6.535118939965204e-17,6.536856618252377e-17,6.538594285694037e-17,6.540331942290403e-17,6.542069588041695e-17,6.543807223446868e-17,6.545544860933194e-17,6.547282474150498e-17,6.549020079468344e-17,6.55075767746778e-17,6.552495258569276e-17,6.554232830579727e-17,6.555970393457084e-17,6.557707941961415e-17,6.5594454792031e-17,6.561183009698124e-17,6.562920525326084e-17,6.564658033589623e-17,6.566395526604834e-17,6.56813300970423e-17,6.569870481960578e-17,6.571607943388902e-17,6.573345393966255e-17,6.575082842915574e-17,6.576820271811368e-17,6.578557689866713e-17,6.580295097081831e-17,6.582032493456943e-17,6.583769878992268e-17,6.585507253688026e-17,6.587244617544436e-17,6.588981970561723e-17,6.590719312740102e-17,6.592456644079794e-17,6.594193964581022e-17,6.595931274244006e-17,6.597668573068963e-17,6.599405861056117e-17,6.601143138205683e-17,6.602880404517889e-17,6.604617659992947e-17,6.606354904631083e-17,6.608092138432515e-17,6.609829361397462e-17,6.611566573526147e-17,6.613303774818788e-17,6.615040965440714e-17,6.616778145061928e-17,6.618515313687462e-17,6.620252468891621e-17,6.621989615813454e-17,6.623726748096104e-17,6.625463871672774e-17,6.627200986287646e-17,6.628938085183284e-17,6.630675177827938e-17,6.632412259938716e-17,6.634149331205359e-17,6.635886391649549e-17,6.637623441260782e-17,6.63936048003927e-17,6.641097507985238e-17,6.642834524303164e-17,6.644571529815541e-17,6.646308524537905e-17,6.648045508462026e-17,6.649782481585999e-17,6.651519443913647e-17,6.653256395458442e-17,6.65499333620675e-17,6.65673026615665e-17,6.65846718531985e-17,6.660204093681998e-17,6.661940991257234e-17,6.663677878044241e-17,6.665414754043881e-17,6.667151619242405e-17,6.668888473656028e-17,6.670625317282287e-17,6.672362150115976e-17,6.674098972166552e-17,6.675835783437109e-17,6.677572583914656e-17,6.679309373611275e-17,6.681046152520299e-17,6.682782920654954e-17,6.68451967798917e-17,6.686256424549447e-17,6.687993160319276e-17,6.689729885044002e-17,6.691466598942584e-17,6.69320330201524e-17,6.694939994262196e-17,6.696676675683773e-17,6.69841334625392e-17,6.700150006025548e-17,6.701886654971892e-17,6.703623293093631e-17,6.705359920390987e-17,6.707096536864179e-17,6.708833142513425e-17,6.71056973733895e-17,6.712306321340967e-17,6.714042894519705e-17,6.715779456875372e-17,6.717516008408197e-17,6.719252549118396e-17,6.720989079006189e-17,6.722725600342165e-17,6.724462110972027e-17,6.726198610861718e-17,6.727935098262571e-17,6.729671574847774e-17,6.731408039807073e-17,6.733144493944129e-17,6.734880937260538e-17,6.736617369756519e-17,6.738353791432295e-17,6.740090202288082e-17,6.741826602324104e-17,6.743562991540575e-17,6.745299369937721e-17,6.747035737515754e-17,6.7487720942749e-17,6.750508440215377e-17,6.7522447753374e-17,6.753981099641195e-17,6.75571741312698e-17,6.757453715794975e-17,6.759190007645402e-17,6.760926288678473e-17,6.762662561851883e-17,6.764398820215094e-17,6.766135070380532e-17,6.767871307177332e-17,6.769607536250248e-17,6.771343752383798e-17,6.773079957701532e-17,6.774816152203673e-17,6.776552335890441e-17,6.778288508762052e-17,6.780024670818729e-17,6.781760822060692e-17,6.783496962489437e-17,6.785233092102627e-17,6.786969210901758e-17,6.788705318887056e-17,6.790441416058733e-17,6.792177502417013e-17,6.793913577962113e-17,6.795649642854141e-17,6.797385696611056e-17,6.799121739717939e-17,6.800857772012524e-17,6.802593793645904e-17,6.804329804316543e-17,6.806065804175547e-17,6.807801793223125e-17,6.8095377714595e-17,6.811273738884889e-17,6.813009695499518e-17,6.814745641303603e-17,6.816481576297362e-17,6.818217500481019e-17,6.819953413854788e-17,6.821689316418894e-17,6.82342520817355e-17,6.825161089118983e-17,6.826896959255407e-17,6.828632818583044e-17,6.83036866710211e-17,6.832104504812826e-17,6.833840331715414e-17,6.835576147810091e-17,6.837311953097081e-17,6.839047747576595e-17,6.840783531248859e-17,6.842519304114088e-17,6.844255066172508e-17,6.845990817424332e-17,6.847726557869781e-17,6.849462287509077e-17,6.85119800634244e-17,6.852933714370081e-17,6.854669411592229e-17,6.856405098009097e-17,6.85814077362091e-17,6.859876439748666e-17,6.861612091892643e-17,6.863347735087228e-17,6.865083367477619e-17,6.866818988928955e-17,6.868554599554945e-17,6.87029019950416e-17,6.87202578864995e-17,6.873761366992699e-17,6.875496934532786e-17,6.877232491270626e-17,6.878968037206628e-17,6.880703572369272e-17,6.882439096730135e-17,6.884174610289724e-17,6.88591011305044e-17,6.887645605009827e-17,6.88938108616811e-17,6.8911165565255e-17,6.892852016191274e-17,6.894587464992643e-17,6.896322902947913e-17,6.898058330103948e-17,6.899793746460172e-17,6.901529152016817e-17,6.90326454677411e-17,6.904999927667584e-17,6.906735297345441e-17,6.908470659706021e-17,6.910206011268121e-17,6.911941352031961e-17,6.913676681997761e-17,6.915412001346124e-17,6.917147309716499e-17,6.918882607289488e-17,6.920617894065312e-17,6.922353170044194e-17,6.924088435226231e-17,6.925823684307538e-17,6.927558927896934e-17,6.929294160690258e-17,6.931029382687733e-17,6.93276459388958e-17,6.934499794296014e-17,6.936234983907256e-17,6.937970162723523e-17,6.939705330745039e-17,6.941440487972024e-17,6.943175634404689e-17,6.944910770043258e-17,6.946645894887952e-17,6.948381008938987e-17,6.950116112196584e-17,6.951851204660958e-17,6.953586286332332e-17,6.955321357106044e-17,6.957056417192073e-17,6.958791466485761e-17,6.96052650498732e-17,6.962261532696976e-17,6.963996549614947e-17,6.965731555741447e-17,6.967466551076703e-17,6.969201535620924e-17,6.970936509373036e-17,6.972671472419574e-17,6.974406424651792e-17,6.976141366034087e-17,6.977876296626447e-17,6.979611216429095e-17,6.981346125442243e-17,6.983081023666111e-17,6.984815911100923e-17,6.986550787746898e-17,6.98828565360425e-17,6.990020508673198e-17,6.991755352953967e-17,6.99349018644677e-17,6.995225009151829e-17,6.996959821069361e-17,6.998694622199586e-17,7.000429412542724e-17,7.002164192098995e-17,7.003898960868611e-17,7.0056337188518e-17,7.007368466048774e-17,7.009103202459753e-17,7.01083792808496e-17,7.012572642924613e-17,7.014307346978927e-17,7.016042040248124e-17,7.017776722732417e-17,7.019511394432033e-17,7.021246055347189e-17,7.022980704244847e-17,7.024715343918428e-17,7.026449972481518e-17,7.028184590339055e-17,7.02991919753947e-17,7.031653793752456e-17,7.033388379182516e-17,7.035122953653062e-17,7.036857517517916e-17,7.03859197141624e-17,7.040326513717385e-17,7.042061045236692e-17,7.043795565974385e-17,7.045530075930677e-17,7.047264575105792e-17,7.048999063499945e-17,7.050733541113359e-17,7.052468007946675e-17,7.0542024497035e-17,7.055936871825034e-17,7.057671306510382e-17,7.059405730223599e-17,7.061140137658301e-17,7.06287453981291e-17,7.06460893118853e-17,7.066343311853469e-17,7.068077681914012e-17,7.069812040953969e-17,7.071546389215806e-17,7.073280726699744e-17,7.075015053406004e-17,7.0767493693348e-17,7.078483674486357e-17,7.08021796886089e-17,7.081952252458619e-17,7.083686525279761e-17,7.085420786667311e-17,7.08715503793594e-17,7.088889278628659e-17,7.090623512032374e-17,7.092357730983566e-17,7.09409193915414e-17,7.095826136545279e-17,7.097560323933145e-17,7.099294499774825e-17,7.101028664842107e-17,7.102762819135203e-17,7.104496962654342e-17,7.106231095399732e-17,7.107965217371599e-17,7.109699328570159e-17,7.111433428995628e-17,7.113167518648233e-17,7.114901597528181e-17,7.116635665635698e-17,7.118369722971003e-17,7.120103769534311e-17,7.121837805325841e-17,7.123571830347669e-17,7.125305844596305e-17,7.127039848075658e-17,7.128773840784181e-17,7.130507822720105e-17,7.132241793885562e-17,7.133975754280815e-17,7.135709703905996e-17,7.137443642761368e-17,7.139177570847147e-17,7.140911488163554e-17,7.142645394710803e-17,7.144379290489118e-17,7.146113175498715e-17,7.147847049739812e-17,7.149580913212629e-17,7.151314763113596e-17,7.153048605050522e-17,7.154782435330292e-17,7.156516255732189e-17,7.158250065366902e-17,7.159983864234641e-17,7.16171765233563e-17,7.163451429670085e-17,7.165185196238225e-17,7.166918952040267e-17,7.168652696890268e-17,7.170386429957842e-17,7.17212015345113e-17,7.173853866163884e-17,7.175587568138727e-17,7.177321259351765e-17,7.179054939797252e-17,7.180788609478391e-17,7.182522268395398e-17,7.18425591654849e-17,7.185989554743118e-17,7.187723179946392e-17,7.189456798748673e-17,7.191190403852957e-17,7.192923997514645e-17,7.194657580872019e-17,7.196391153734499e-17,7.198124715784138e-17,7.199858267071828e-17,7.201591807592911e-17,7.203325337357362e-17,7.205058856360517e-17,7.206792364602597e-17,7.208525862083822e-17,7.21025935527006e-17,7.211992831230185e-17,7.213726296366797e-17,7.215459750822684e-17,7.217193207240384e-17,7.218926653670547e-17,7.220660075831684e-17,7.222393491518673e-17,7.224126890438884e-17,7.225860280184194e-17,7.227593659310176e-17,7.229327027677922e-17,7.231060385300758e-17,7.232793732152685e-17,7.234527068247024e-17,7.236260394123996e-17,7.237993708703819e-17,7.239727012516342e-17,7.241460305582527e-17,7.243193583488597e-17,7.244926855042043e-17,7.246660115839432e-17,7.248393365880983e-17,7.250126605166914e-17,7.251859833697443e-17,7.253593051463813e-17,7.255326258886361e-17,7.257059457801436e-17,7.25879264331252e-17,7.260525818069292e-17,7.262258982067058e-17,7.263992135315857e-17,7.265725277811005e-17,7.267458409774674e-17,7.269191530757911e-17,7.270924671007736e-17,7.272657770490249e-17,7.274390859220196e-17,7.276123937197792e-17,7.27785700442326e-17,7.279590060896813e-17,7.281323106618674e-17,7.283056141589056e-17,7.284789165808183e-17,7.286522179276268e-17,7.288255181993527e-17,7.289988173960187e-17,7.291721155176458e-17,7.293454125642561e-17,7.295187085358714e-17,7.296920034325135e-17,7.298652972542042e-17,7.300385919635307e-17,7.302118836353715e-17,7.303851742323265e-17,7.305584639037238e-17,7.307317523509712e-17,7.309050397233978e-17,7.310783259396246e-17,7.312516111624757e-17,7.314248953105717e-17,7.315981783839342e-17,7.317714603825849e-17,7.31944741502558e-17,7.321180215489736e-17,7.322913005218907e-17,7.324645784218214e-17,7.326378552489203e-17,7.328111310033758e-17,7.329844056857507e-17,7.331576792971001e-17,7.33330951836749e-17,7.335042233067044e-17,7.33677493707053e-17,7.338507630392662e-17,7.340240313041954e-17,7.341972985023795e-17,7.343705646318648e-17,7.345438295049173e-17,7.347170933923954e-17,7.348903560499406e-17,7.350636176331877e-17,7.352368781421591e-17,7.354101375768762e-17,7.355833959373611e-17,7.357566532319884e-17,7.35929911909117e-17,7.361031670470197e-17,7.362764162861285e-17,7.364496693192209e-17,7.36622921234783e-17,7.36796172076265e-17,7.369694218437732e-17,7.371426705371606e-17,7.37315913025444e-17,7.374891595708562e-17,7.376624050425834e-17,7.378356494400748e-17,7.38008892763639e-17,7.381821350130524e-17,7.383553761888268e-17,7.385286162907393e-17,7.387018554851621e-17,7.388750934394145e-17,7.390483313519697e-17,7.392215671586435e-17,7.39394801891675e-17,7.395680355029576e-17,7.397412680884371e-17,7.399144996008864e-17,7.400877300390112e-17,7.402609594672215e-17,7.40434187758079e-17,7.406074149753355e-17,7.407806411190125e-17,7.409538661816825e-17,7.411270901774853e-17,7.413003131005553e-17,7.414735349017255e-17,7.416467556778332e-17,7.418199753804924e-17,7.419931940097247e-17,7.421664115869423e-17,7.423396280872547e-17,7.425128434963366e-17,7.42686057832079e-17,7.428592710945031e-17,7.430324832836308e-17,7.432056943537414e-17,7.43378904406452e-17,7.435521133893903e-17,7.437253212855503e-17,7.438985281085229e-17,7.440717338583299e-17,7.442449385352026e-17,7.444181421384929e-17,7.44591344668933e-17,7.447645461262941e-17,7.449377465111133e-17,7.45110945822382e-17,7.452841440606377e-17,7.454573412259011e-17,7.45630537318155e-17,7.458037323375001e-17,7.459769284943706e-17,7.461501167562354e-17,7.463233085568813e-17,7.464964992846658e-17,7.466696890463751e-17,7.468428776285011e-17,7.470160651378315e-17,7.471892515743877e-17,7.473624370008841e-17,7.475356215242768e-17,7.477088049616907e-17,7.478819873181706e-17,7.480551685303177e-17,7.482283485306793e-17,7.484015277857063e-17,7.485747056408436e-17,7.487478824234017e-17,7.489210581334033e-17,7.490942327708695e-17,7.492674063358224e-17,7.494405788282837e-17,7.49613750248275e-17,7.49786920595818e-17,7.499600900713731e-17,7.50133258274084e-17,7.503064254044113e-17,7.504795914623777e-17,7.506527564480046e-17,7.508259203613138e-17,7.509990832023268e-17,7.51172244800207e-17,7.513454054968939e-17,7.515185651211227e-17,7.516917237058023e-17,7.518648811856616e-17,7.520380375925281e-17,7.522111929280777e-17,7.523843471915053e-17,7.525575003828323e-17,7.527306525020805e-17,7.529038035492716e-17,7.530769535244275e-17,7.532501024275699e-17,7.534232502587203e-17,7.535963970179004e-17,7.537695427051324e-17,7.539426873204373e-17,7.541158308638374e-17,7.542889733353542e-17,7.544621147350094e-17,7.546352550555432e-17,7.548083943105593e-17,7.549815324947602e-17,7.551546696071869e-17,7.553278056481518e-17,7.555009406170941e-17,7.556740745143269e-17,7.558472073398721e-17,7.560203390937506e-17,7.561934697421615e-17,7.563666025696273e-17,7.565397311082151e-17,7.567128586842534e-17,7.568859850801074e-17,7.570591103985453e-17,7.572322344349936e-17,7.574053573944426e-17,7.57578479504277e-17,7.577516005426736e-17,7.579247205108558e-17,7.580978394064177e-17,7.582709572305962e-17,7.584440739834127e-17,7.586171896648887e-17,7.58790304275046e-17,7.589634178139066e-17,7.591365302814917e-17,7.593096416778232e-17,7.594827511463437e-17,7.596558603860104e-17,7.598289687646893e-17,7.600020758764347e-17,7.601751821882926e-17,7.603482871575612e-17,7.605213909743336e-17,7.606944938014209e-17,7.608675955571328e-17,7.610406962418557e-17,7.612137958558336e-17,7.613868943988205e-17,7.615599918703869e-17,7.61733087670324e-17,7.619061830004637e-17,7.620792774285534e-17,7.622523706169005e-17,7.624254627343853e-17,7.625985537810289e-17,7.627716436438985e-17,7.629447325490291e-17,7.631178203832796e-17,7.632909071446855e-17,7.634639928374488e-17,7.636370774595014e-17,7.638101610108643e-17,7.639832434915596e-17,7.641563248956925e-17,7.643294052351174e-17,7.645024845039399e-17,7.646755629177943e-17,7.64848640888362e-17,7.650217169455002e-17,7.651947912366976e-17,7.653678651528301e-17,7.65540938151948e-17,7.657140100954705e-17,7.658870807918379e-17,7.660601504262088e-17,7.662332190317106e-17,7.664062865549476e-17,7.665793537242096e-17,7.667524190771627e-17,7.669254833598167e-17,7.670985466903603e-17,7.672716088324805e-17,7.674446699043668e-17,7.67617729906041e-17,7.677907839369865e-17,7.679638417998404e-17,7.681368985033552e-17,7.683099542244278e-17,7.684830088753966e-17,7.686560624562828e-17,7.688291149671091e-17,7.690021664063946e-17,7.691752167268182e-17,7.693482661257715e-17,7.695213143565721e-17,7.696943614052928e-17,7.698674074962114e-17,7.70040452517221e-17,7.702134965004054e-17,7.703865393494976e-17,7.705595811604431e-17,7.707326219386852e-17,7.709056615923887e-17,7.710787001944007e-17,7.71251737721466e-17,7.714247741834687e-17,7.715978095762745e-17,7.717708438993879e-17,7.71943877152831e-17,7.721169093350821e-17,7.722899404492494e-17,7.724629704938109e-17,7.726359994687891e-17,7.728090273742049e-17,7.729820542100804e-17,7.731550799764372e-17,7.733281046732968e-17,7.73501128300681e-17,7.736741508586115e-17,7.738471723471095e-17,7.740201927661972e-17,7.74193212115896e-17,7.743662303962278e-17,7.74539247607214e-17,7.747122637488766e-17,7.748852788212368e-17,7.750582928243167e-17,7.752313057581377e-17,7.754043176227215e-17,7.755773284180898e-17,7.75750338144264e-17,7.759233468012658e-17,7.760963543891173e-17,7.762693609078397e-17,7.76442366357455e-17,7.766153707379852e-17,7.767883740494507e-17,7.76961376291874e-17,7.77134377465277e-17,7.773073775696806e-17,7.774803766051065e-17,7.776533745715773e-17,7.778263714691138e-17,7.779993672977381e-17,7.781723620574715e-17,7.783453557483356e-17,7.785183483703525e-17,7.786913399235436e-17,7.788643304079305e-17,7.790373198235344e-17,7.792103081703774e-17,7.793832954484818e-17,7.795562816578681e-17,7.797292667985587e-17,7.799022508705749e-17,7.800752338739385e-17,7.802482158086709e-17,7.80421196674794e-17,7.805941764723291e-17,7.807671552012983e-17,7.809401328617231e-17,7.811131094536247e-17,7.812860849770253e-17,7.814590594319463e-17,7.816320328184097e-17,7.818050051364365e-17,7.819779763860488e-17,7.821509465672676e-17,7.823239156801154e-17,7.824968837246134e-17,7.826698507007831e-17,7.828428166086464e-17,7.830157814482248e-17,7.831887452195403e-17,7.83361707922614e-17,7.835346695574674e-17,7.83707630124123e-17,7.838805896226017e-17,7.840535480529255e-17,7.842265054151158e-17,7.84399461709194e-17,7.845724169351821e-17,7.847453710931017e-17,7.849183241829743e-17,7.850912762048214e-17,7.852642271586652e-17,7.854371770445268e-17,7.856101258624279e-17,7.857830736123904e-17,7.859560202944356e-17,7.861289659085854e-17,7.863019104548611e-17,7.864748539332844e-17,7.866477963438772e-17,7.868207376866611e-17,7.869936779616568e-17,7.871666171688874e-17,7.873395553083735e-17,7.875124923801373e-17,7.876854283841997e-17,7.878583633205829e-17,7.880312971893085e-17,7.882042299903977e-17,7.883771617238727e-17,7.885500923897547e-17,7.887230219880655e-17,7.888959505188264e-17,7.890688779820597e-17,7.892418043777859e-17,7.894147297060276e-17,7.895876539668059e-17,7.89760577160143e-17,7.899334992860596e-17,7.90106420344578e-17,7.902793403357198e-17,7.904522592595063e-17,7.906251771159593e-17,7.907980939051005e-17,7.90971009626951e-17,7.911439242815331e-17,7.913168378688679e-17,7.914897503889771e-17,7.916626618418826e-17,7.918355722276055e-17,7.920084815461681e-17,7.921813897975914e-17,7.923542969818971e-17,7.925272030991073e-17,7.927001081492429e-17,7.92873012132326e-17,7.930459150483776e-17,7.932188168974199e-17,7.933917176794745e-17,7.935646173945629e-17,7.937375160427065e-17,7.939104136239269e-17,7.940833101382462e-17,7.942562055856851e-17,7.944290999662662e-17,7.946019932800103e-17,7.947748855269394e-17,7.949477767070749e-17,7.951206668204387e-17,7.952935558670522e-17,7.95466443846937e-17,7.956393307601145e-17,7.958122166066063e-17,7.959851013864347e-17,7.961579850996203e-17,7.963308677461851e-17,7.965037493261509e-17,7.966766298395395e-17,7.968495092863714e-17,7.970223876666693e-17,7.971952649804544e-17,7.97368141227748e-17,7.975410164085721e-17,7.977138905229482e-17,7.978867635708977e-17,7.980596355524424e-17,7.98232506467604e-17,7.984053763164036e-17,7.985782450988632e-17,7.987511128150044e-17,7.989239794648487e-17,7.990968450484176e-17,7.992697095657323e-17,7.994425730168152e-17,7.99615435401687e-17,7.9978829672037e-17,7.999611569728858e-17,8.001340161592555e-17,8.003068742795012e-17,8.004797313336438e-17,8.006525873217053e-17,8.008254422437073e-17,8.009982960996713e-17,8.011711488896188e-17,8.01344000613572e-17,8.015168512715513e-17,8.016897008635793e-17,8.018625493896769e-17,8.02035396849866e-17,8.022082432441681e-17,8.023810885726049e-17,8.025539328351977e-17,8.027267760319682e-17,8.028996181629384e-17,8.030724592281291e-17,8.032452992275623e-17,8.034181381612599e-17,8.035909760292425e-17,8.037638128315327e-17,8.039366485681514e-17,8.041094832391204e-17,8.042823168444618e-17,8.044551493841962e-17,8.046279808583455e-17,8.048008112669314e-17,8.049736406099754e-17,8.051464688874988e-17,8.053192960995239e-17,8.054921222460718e-17,8.05664947327164e-17,8.058377713428219e-17,8.060105942930675e-17,8.061834161779222e-17,8.063562369974072e-17,8.065290567515449e-17,8.067018754403561e-17,8.068746930638626e-17,8.070475096220861e-17,8.072203251150477e-17,8.073931395427694e-17,8.075659529052727e-17,8.077387652025792e-17,8.0791157643471e-17,8.080843866016872e-17,8.082571957035324e-17,8.084300037402666e-17,8.086028107119115e-17,8.087756166184889e-17,8.089484214600198e-17,8.091212252365269e-17,8.092940279480308e-17,8.094668295945533e-17,8.096396301761163e-17,8.098124296927405e-17,8.099852281444484e-17,8.101580255312607e-17,8.103308218531995e-17,8.105036171102863e-17,8.106764113025426e-17,8.108492044299896e-17,8.110219964926492e-17,8.111947874905431e-17,8.113675774236926e-17,8.115403662921192e-17,8.117131540958444e-17,8.118859408348898e-17,8.120587265092771e-17,8.122315111190277e-17,8.124042946641636e-17,8.125770771447058e-17,8.127498585606757e-17,8.129226389120951e-17,8.130954181989856e-17,8.132681964213686e-17,8.13440973579266e-17,8.136137496726988e-17,8.137865247016892e-17,8.13959298666258e-17,8.14132071566427e-17,8.14304843402218e-17,8.144776141736523e-17,8.146503838807514e-17,8.148231525235369e-17,8.149959201020301e-17,8.151686866162531e-17,8.15341452066227e-17,8.155142164519735e-17,8.156869797735142e-17,8.158597420308704e-17,8.16032503224064e-17,8.162052633531158e-17,8.163780224180479e-17,8.165507804188817e-17,8.167235373556389e-17,8.168962932283409e-17,8.17069048037009e-17,8.172418017816649e-17,8.174145544623301e-17,8.175873060790265e-17,8.177600566317749e-17,8.179328061205977e-17,8.181055545455155e-17,8.182783019065506e-17,8.184510482037236e-17,8.186237934370573e-17,8.187965376065725e-17,8.189692807122907e-17,8.191420227542333e-17,8.193147637324219e-17,8.194875036468787e-17,8.196602424976237e-17,8.198329802846798e-17,8.200057170080681e-17,8.201784526678105e-17,8.203511872639276e-17,8.205239207964416e-17,8.206966532653735e-17,8.208693846707456e-17,8.210421150125788e-17,8.212148442908951e-17,8.213875725057157e-17,8.215602996570617e-17,8.217330257449551e-17,8.219057507694175e-17,8.2207847473047e-17,8.222511976281349e-17,8.224239194624329e-17,8.225966402333857e-17,8.227693599410146e-17,8.229420785853417e-17,8.231147961663882e-17,8.232875126841756e-17,8.234602281387255e-17,8.236329425300593e-17,8.238056558581985e-17,8.239783681231647e-17,8.241510793249793e-17,8.243237894636637e-17,8.244964985392395e-17,8.246692065517288e-17,8.248419135011521e-17,8.250146193875315e-17,8.251873242108883e-17,8.253600279712438e-17,8.2553273066862e-17,8.257054323030385e-17,8.258781328745201e-17,8.260508323830868e-17,8.262235308287598e-17,8.26396228211561e-17,8.265689245315114e-17,8.267416197886326e-17,8.26914313982947e-17,8.270870071144746e-17,8.27259699183238e-17,8.274323901892582e-17,8.276050801325569e-17,8.277777690131553e-17,8.279504568310756e-17,8.281231435863382e-17,8.282958292789654e-17,8.284685139089788e-17,8.286411974763996e-17,8.288138799812489e-17,8.289865614235488e-17,8.291592418033205e-17,8.293319211205857e-17,8.295045993753656e-17,8.296772765676819e-17,8.298499526975559e-17,8.300226277650093e-17,8.301953017700634e-17,8.303679747127395e-17,8.305406465930592e-17,8.307133174110448e-17,8.30885987166717e-17,8.310586558600974e-17,8.312313234912074e-17,8.314039900600686e-17,8.315766555667022e-17,8.3174932001113e-17,8.319219833933735e-17,8.320946457134542e-17,8.322673069713937e-17,8.324399671672128e-17,8.326126263009337e-17,8.327852843725775e-17,8.32957941382166e-17,8.331305973297202e-17,8.333032522152616e-17,8.334759060388125e-17,8.336485588003937e-17,8.338212105000267e-17,8.339938611377331e-17,8.341665107135342e-17,8.343391592274517e-17,8.345118066795068e-17,8.346844530697212e-17,8.348570983981161e-17,8.350297426647132e-17,8.352023858695345e-17,8.353750280126003e-17,8.355476690939331e-17,8.357203091135541e-17,8.358929480714843e-17,8.360655859677456e-17,8.362382228023594e-17,8.364108585753471e-17,8.365834932867301e-17,8.367561269365303e-17,8.369287595247685e-17,8.371013910514668e-17,8.372740215166461e-17,8.374466509203282e-17,8.376192792625346e-17,8.377919065432862e-17,8.379645327626055e-17,8.381371579205129e-17,8.383097820170309e-17,8.384824050521799e-17,8.386550270259821e-17,8.388276479384585e-17,8.390002677896312e-17,8.39172886579521e-17,8.393455043081493e-17,8.395181209755382e-17,8.396907365817085e-17,8.398633511266821e-17,8.400359646104807e-17,8.402085770331248e-17,8.403811883946365e-17,8.405537986950373e-17,8.407264079343488e-17,8.408990161125918e-17,8.410716232297887e-17,8.4124422928596e-17,8.414168342811276e-17,8.415894382153131e-17,8.417620410885375e-17,8.419346429008228e-17,8.421072436521901e-17,8.422798433426608e-17,8.424524419722563e-17,8.426250395409982e-17,8.42797636048908e-17,8.429702314960073e-17,8.431428258823174e-17,8.433154192078594e-17,8.434880114726551e-17,8.436606026767261e-17,8.438331928200932e-17,8.440057819027785e-17,8.441783699248032e-17,8.443509568861885e-17,8.445235427869564e-17,8.44696127627128e-17,8.448687114067247e-17,8.450412941257679e-17,8.45213875784279e-17,8.453864563822799e-17,8.455590359197919e-17,8.457316143968359e-17,8.45904191813434e-17,8.460767681696071e-17,8.462493434653771e-17,8.464219177007651e-17,8.465944908757925e-17,8.467670629904813e-17,8.469396340448522e-17,8.471122040389269e-17,8.472847729727274e-17,8.474573408462739e-17,8.476299076595893e-17,8.478024734126934e-17,8.479750381056091e-17,8.481476017383572e-17,8.483201643109589e-17,8.484927258234361e-17,8.486652862758099e-17,8.488378456681019e-17,8.490104040003337e-17,8.491829612725265e-17,8.493555174847016e-17,8.495280726368809e-17,8.497006267290855e-17,8.498731797613368e-17,8.500457317336557e-17,8.502182826460647e-17,8.503908324985842e-17,8.505633812912369e-17,8.507359290240432e-17,8.509084756970248e-17,8.510810213102027e-17,8.51253565863599e-17,8.514261093572351e-17,8.515986517911317e-17,8.517711931653103e-17,8.519437334797939e-17,8.521162727346016e-17,8.522888109297567e-17,8.524613480652793e-17,8.526338841411918e-17,8.528064191575149e-17,8.529789531142705e-17,8.531514860114796e-17,8.533240178491641e-17,8.534965486273448e-17,8.536690783460435e-17,8.538416070052817e-17,8.540141346050804e-17,8.54186661145462e-17,8.543591866264468e-17,8.545317110480565e-17,8.547042344103128e-17,8.548767567132371e-17,8.550492779568502e-17,8.552217981411741e-17,8.553943172662305e-17,8.5556683533204e-17,8.557393523386242e-17,8.55911868286005e-17,8.560843831742035e-17,8.562568970032411e-17,8.56429409773139e-17,8.566019214839187e-17,8.567744321356017e-17,8.569469417282098e-17,8.57119450261764e-17,8.572919577362854e-17,8.57464464151796e-17,8.576369695083173e-17,8.578094738058698e-17,8.579819770444754e-17,8.581544792241555e-17,8.583269803449318e-17,8.584994804068258e-17,8.58671979409858e-17,8.588444773540506e-17,8.590169742394242e-17,8.591894700660013e-17,8.593619648338023e-17,8.595344585428488e-17,8.597069511931628e-17,8.598794427847653e-17,8.600519333176781e-17,8.602244227919217e-17,8.603969112075179e-17,8.605693985644884e-17,8.607418848628545e-17,8.60914370102637e-17,8.610868542838585e-17,8.612593374065391e-17,8.61431819470701e-17,8.61604300476365e-17,8.61776780423553e-17,8.619492593122863e-17,8.62121737142586e-17,8.622942139144742e-17,8.624666896279712e-17,8.626391642830992e-17,8.628116378798794e-17,8.629841104183326e-17,8.631565818984812e-17,8.633290523203461e-17,8.63501521683948e-17,8.636739899893097e-17,8.63846457236452e-17,8.640189234253957e-17,8.641913885561624e-17,8.643638526287741e-17,8.645363156432517e-17,8.64708777599617e-17,8.648812384978906e-17,8.65053698338094e-17,8.652261571202492e-17,8.653986148443774e-17,8.655710715104997e-17,8.657435271186374e-17,8.659159816688123e-17,8.660884351610452e-17,8.662608875953584e-17,8.664333389717725e-17,8.66605789290309e-17,8.667782385509895e-17,8.66950686753835e-17,8.671231338988675e-17,8.672955799861073e-17,8.674680250155772e-17,8.676404689872974e-17,8.678129119012904e-17,8.679853537575759e-17,8.681577945561766e-17,8.683302342971135e-17,8.685026729804078e-17,8.686751106060813e-17,8.688475471741552e-17,8.690199826846506e-17,8.691924171375889e-17,8.693648505329921e-17,8.69537282870881e-17,8.697097141512766e-17,8.698821443742011e-17,8.700545735396752e-17,8.702270016477205e-17,8.703994286983586e-17,8.705718546916104e-17,8.707442796274977e-17,8.709167035060417e-17,8.710891263272631e-17,8.712615480911843e-17,8.714339687978266e-17,8.716063884472103e-17,8.717788070393581e-17,8.719512245742903e-17,8.721236410520286e-17,8.72296056472595e-17,8.724684708360098e-17,8.726408841422948e-17,8.728132963914721e-17,8.729857075835618e-17,8.731581177185863e-17,8.733305267965657e-17,8.735029348175226e-17,8.736753417814779e-17,8.738477476884526e-17,8.740201525384687e-17,8.74192556331547e-17,8.743649590677087e-17,8.745373607469762e-17,8.747097613693698e-17,8.748821609349116e-17,8.750545594436225e-17,8.752269568955238e-17,8.75399353290637e-17,8.755717486289832e-17,8.757441429105843e-17,8.759165361354608e-17,8.760889283036349e-17,8.762613194151277e-17,8.764337094699605e-17,8.766060984681544e-17,8.767784864097306e-17,8.76950873294711e-17,8.771232591231167e-17,8.77295643894969e-17,8.774680276102898e-17,8.776404102690991e-17,8.778127918714199e-17,8.77985172417272e-17,8.78157551906678e-17,8.783299303396583e-17,8.785023077162348e-17,8.786746840364284e-17,8.788470593002611e-17,8.790194335077535e-17,8.791918066589272e-17,8.793641787538041e-17,8.795365497924045e-17,8.797089197747508e-17,8.798812887008635e-17,8.800536565707644e-17,8.802260233844744e-17,8.803983891420152e-17,8.80570753843408e-17,8.807431174886743e-17,8.809154800778354e-17,8.810878416109123e-17,8.812602020879265e-17,8.814325615088993e-17,8.816049198738521e-17,8.817772771828062e-17,8.819496334357831e-17,8.821219886328042e-17,8.822943427738908e-17,8.824666958590634e-17,8.826390478883446e-17,8.828113988617551e-17,8.829837487793155e-17,8.831560976410482e-17,8.833284454469742e-17,8.835007921971148e-17,8.836731378914908e-17,8.838454825301249e-17,8.840178261130368e-17,8.84190168640249e-17,8.843625101117825e-17,8.845348505276585e-17,8.847071898878982e-17,8.848795281925228e-17,8.850518654415537e-17,8.852242016350132e-17,8.853965367729211e-17,8.855688708552993e-17,8.857412038821693e-17,8.859135358535525e-17,8.8608586676947e-17,8.86258196629943e-17,8.864305254349936e-17,8.866028531846418e-17,8.867751798789104e-17,8.869475055178192e-17,8.871198301013907e-17,8.87292153629645e-17,8.874644761026046e-17,8.876367975202907e-17,8.878091178827237e-17,8.87981437189926e-17,8.88153755441918e-17,8.883260726387216e-17,8.884983887803578e-17,8.886707038668474e-17,8.888430178982129e-17,8.890153308744749e-17,8.891876427956549e-17,8.893599536617744e-17,8.895322634728539e-17,8.897045722289156e-17,8.898768799299806e-17,8.900491865760694e-17,8.902214921672046e-17,8.903937967034066e-17,8.905661001846968e-17,8.907384026110965e-17,8.909107039826276e-17,8.910830042993106e-17,8.912553035611668e-17,8.914276017682185e-17,8.915998989204858e-17,8.917721950179908e-17,8.919444900607546e-17,8.921167840487984e-17,8.922890769821436e-17,8.92461368860811e-17,8.926336596848227e-17,8.928059494541993e-17,8.929782381689624e-17,8.931505258291335e-17,8.933228124347332e-17,8.934950979857837e-17,8.936673824823058e-17,8.93839665924321e-17,8.940119483118503e-17,8.941842296449146e-17,8.943565099235363e-17,8.94528789147736e-17,8.947010673175352e-17,8.94873344432955e-17,8.950456204940169e-17,8.952178955007418e-17,8.953901694531514e-17,8.955624423512668e-17,8.957347141951095e-17,8.959069849847004e-17,8.960792547200608e-17,8.962515234012128e-17,8.964237910281764e-17,8.965960576009733e-17,8.967683231196253e-17,8.969405875841536e-17,8.971128509945789e-17,8.972851133509231e-17,8.974573746532072e-17,8.976296349014525e-17,8.978018940956799e-17,8.97974152235912e-17,8.981464093221684e-17,8.983186653544712e-17,8.984909203328419e-17,8.986631742573009e-17,8.988354271278704e-17,8.990076789445716e-17,8.99179929707425e-17,8.993521794164527e-17,8.995244280716751e-17,8.996966756731149e-17,8.998689222207921e-17,9.00041167714728e-17,9.002134121549445e-17,9.003856555414626e-17,9.005578978743034e-17,9.007301391534888e-17,9.00902379379039e-17,9.010746185509763e-17,9.012468566693213e-17,9.014190937340956e-17,9.015913297453201e-17,9.017635647030166e-17,9.019357986072065e-17,9.021080314579103e-17,9.022802632551498e-17,9.024524939989454e-17,9.026247236893198e-17,9.027969523262928e-17,9.029691799098869e-17,9.031414064401231e-17,9.033136319170217e-17,9.034858563406052e-17,9.036580797108941e-17,9.0383030202791e-17,9.040025232916743e-17,9.041747435022078e-17,9.04346962659532e-17,9.045191807636682e-17,9.046913978146375e-17,9.04863613812461e-17,9.050358287571603e-17,9.052080426487566e-17,9.053802551561504e-17,9.055524666081659e-17,9.057246770051728e-17,9.058968863471381e-17,9.060690946340644e-17,9.062413018660194e-17,9.064135080431176e-17,9.065857131653304e-17,9.067579172324448e-17,9.069301202450737e-17,9.071023222030063e-17,9.072745231062767e-17,9.074467229548141e-17,9.07618921748604e-17,9.077911194882645e-17,9.079633161730293e-17,9.08135511803684e-17,9.083077063797192e-17,9.084798999013001e-17,9.086520923684485e-17,9.08824283781388e-17,9.089964741400664e-17,9.091686634445993e-17,9.093408516950067e-17,9.095130388914268e-17,9.096852250336298e-17,9.098574101218959e-17,9.100295941560153e-17,9.10201777136272e-17,9.103739590625365e-17,9.105461399348884e-17,9.107183197534352e-17,9.108904985182802e-17,9.110626762294449e-17,9.112348528869523e-17,9.114070284907505e-17,9.115792030407652e-17,9.117513765374343e-17,9.119235489806143e-17,9.120957203701319e-17,9.122678911028879e-17,9.12440060783433e-17,9.126122294117884e-17,9.127843969879756e-17,9.129565635120158e-17,9.131287289839297e-17,9.133008934037393e-17,9.134730567714654e-17,9.136452190871294e-17,9.138173803507526e-17,9.139895405623555e-17,9.141616997219604e-17,9.143338578295882e-17,9.145060148852598e-17,9.146781708889964e-17,9.148503258408202e-17,9.150224797407508e-17,9.151946325888104e-17,9.153667843850205e-17,9.15538935129402e-17,9.157110848219756e-17,9.158832334627632e-17,9.160553810517856e-17,9.162275275890645e-17,9.163996730746207e-17,9.165718175084758e-17,9.167439608906506e-17,9.169161032211663e-17,9.170882445000446e-17,9.172603847273065e-17,9.174325239029729e-17,9.176046620270653e-17,9.17776799099605e-17,9.17948935120613e-17,9.181210700901112e-17,9.182932040081197e-17,9.184653368746607e-17,9.186374686897545e-17,9.188095994534227e-17,9.18981729165687e-17,9.191538578265681e-17,9.193259854360873e-17,9.194981119942659e-17,9.196702375011246e-17,9.198423619566858e-17,9.200144853609697e-17,9.20186607713998e-17,9.203587290157911e-17,9.205308492663717e-17,9.207029684657598e-17,9.208750866139768e-17,9.21047203711044e-17,9.212193197569827e-17,9.213914347518141e-17,9.215635486955588e-17,9.217356615882391e-17,9.21907773429876e-17,9.220798842204895e-17,9.222519939601016e-17,9.224241026487344e-17,9.225962102864077e-17,9.227683168731435e-17,9.229404224089629e-17,9.231125268938868e-17,9.232846303279367e-17,9.234567327111331e-17,9.236288340434978e-17,9.238009343250526e-17,9.239730335558177e-17,9.24145131735815e-17,9.243172288650653e-17,9.244893249435898e-17,9.246614199714097e-17,9.248335139485462e-17,9.250056068750209e-17,9.251776987508541e-17,9.25349789576068e-17,9.255218793506835e-17,9.256939680747213e-17,9.258660557482026e-17,9.260381423711495e-17,9.262102279435825e-17,9.263823124655228e-17,9.265543959369914e-17,9.267264783580102e-17,9.268985597286001e-17,9.270706400487819e-17,9.27242719318577e-17,9.274147975380066e-17,9.275868747070919e-17,9.277589508258543e-17,9.279310258943148e-17,9.281030999124943e-17,9.282751728804144e-17,9.284472447980963e-17,9.286193156655609e-17,9.287913854828293e-17,9.289634542499233e-17,9.291355219668634e-17,9.293075886387404e-17,9.294796542605355e-17,9.296517188322676e-17,9.298237823539557e-17,9.299958448256241e-17,9.301679062472923e-17,9.303399666189811e-17,9.305120259407107e-17,9.306840842125035e-17,9.308561414343788e-17,9.310281976063565e-17,9.31200252728461e-17,9.313723068007149e-17,9.315443598231389e-17,9.317164117957456e-17,9.318884627185656e-17,9.320605125916182e-17,9.322325614149219e-17,9.324046091885021e-17,9.325766559123691e-17,9.327487015865553e-17,9.329207462110793e-17,9.330927897859561e-17,9.332648323112141e-17,9.334368737868711e-17,9.33608914212946e-17,9.33780953589468e-17,9.339529919164451e-17,9.34125029193907e-17,9.342970654218751e-17,9.344691006003706e-17,9.346411347294117e-17,9.348131678090192e-17,9.349851998392142e-17,9.351572308200218e-17,9.353292607514609e-17,9.355012896335468e-17,9.356733174663077e-17,9.358453442399084e-17,9.360173699647959e-17,9.361893946408972e-17,9.363614182682882e-17,9.36533440847059e-17,9.367054623771514e-17,9.368774828585611e-17,9.370495022913406e-17,9.372215206756734e-17,9.373935380113893e-17,9.37565554298596e-17,9.377375695372932e-17,9.379095837275162e-17,9.380815968693259e-17,9.382536089627664e-17,9.384256200078249e-17,9.385976300044874e-17,9.38769638952873e-17,9.389416468529482e-17,9.391136537047749e-17,9.39285659508397e-17,9.3945766426388e-17,9.396296679711832e-17,9.398016706303445e-17,9.399736722412809e-17,9.401456728042159e-17,9.403176723190593e-17,9.404896707860148e-17,9.406616682048751e-17,9.408336645757737e-17,9.410056598988369e-17,9.411776541739118e-17,9.413496474012529e-17,9.415216395807826e-17,9.416936307124476e-17
13,1.482401015594868e-23,2.4289683877231616e-23,3.033386342481831e-23,3.4193293559339366e-23,3.665768113187598e-23,3.8231282906227944e-23,3.9236085304941414e-23,3.9877688458240533e-23,4.028737558363963e-23,4.0548975826491316e-23,4.071601716808484e-23,4.0822679186045e-23,4.089078679322006e-23,4.093427599625432e-23,4.0962045446085475e-23,4.097977725743427e-23,4.0991099668775524e-23,4.0998329443334714e-23,4.100294591933076e-23,4.100589370842852e-23,4.100777597979099e-23,4.1008977879032524e-23,4.1009745335743317e-23,4.101023538497682e-23,4.1010548299370566e-23,4.101074810667811e-23,4.1010875690965935e-23,4.101095715820906e-23,4.1011009178028873e-23,4.1011042394589844e-23,4.101106360458149e-23,4.1011077147938455e-23,4.1011085795868087e-23,4.101109131788796e-23,4.1011094843899914e-23,4.1011097095387685e-23,4.101109853304494e-23,4.101109945104175e-23,4.1011100037216335e-23,4.1011100411510417e-23,4.1011100650510735e-23,4.1011100803121064e-23,4.101110090056825e-23,4.1011100962791865e-23,4.1011101002523785e-23,4.1011101027894286e-23,4.1011101044094115e-23,4.101110105443842e-23,4.101110106104311e-23,4.1011101065260524e-23,4.101110106795356e-23,4.101110106967264e-23,4.101110107077021e-23,4.101110107147123e-23,4.10111010719198e-23,4.101110107220571e-23,4.101110107238863e-23,4.101110107250528e-23,4.101110107257976e-23,4.101110107262743e-23,4.101110107265795e-23,4.1011101072677494e-23,4.101110107269002e-23,4.101110107269815e-23,4.101110107270287e-23,4.1011101072706223e-23,4.1011101072707986e-23,4.1011101072708956e-23,4.101110107270967e-23,4.101110107270992e-23,4.101110107271019e-23,4.1011101072710267e-23,4.10111010727102e-23,4.1011101072710496e-23,4.1011101072710655e-23,4.1011101072710984e-23,4.101110107271099e-23,4.1011101072710866e-23,4.101110107271082e-23,4.1011101072711013e-23,4.10111010727113e-23,4.1011101072711325e-23,4.1011101072711507e-23,4.1011101072711595e-23,4.101110107271202e-23,4.101110107271173e-23,4.1011101072711495e-23,4.101110107271135e-23,4.101110107271101e-23,4.101110107271054e-23,4.101110107271061e-23,4.101110107271099e-23,4.101110107271136e-23,4.101110107271152e-23,4.1011101072711525e-23,4.1011101072711566e-23,4.101110107271162e-23,4.101110107271154e-23,4.101110107271182e-23,4.101110107271192e-23,4.101110107271182e-23,4.101110107271209e-23,4.1011101072712436e-23,4.101110107271285e-23,4.1011101072713247e-23,4.101110107271344e-23,4.101110107271336e-23,4.101110107271294e-23,4.1011101072712535e-23,4.101110107271183e-23,4.101110107271127e-23,4.101110107271092e-23,4.101110107271115e-23,4.101110107271141e-23,4.101110107271125e-23,4.1011101072711754e-23,4.101110107271192e-23,4.101110107271208e-23,4.1011101072712065e-23,4.101110107271193e-23,4.101110107271201e-23,4.101110107271191e-23,4.101110107271156e-23,4.1011101072711054e-23,4.101110107271127e-23,4.101110107271156e-23,4.1011101072711536e-23,4.101110107271166e-23,4.101110107271163e-23,4.101110107271169e-23,4.101110107271184e-23,4.101110107271163e-23,4.1011101072711507e-23,4.101110107271164e-23,4.1011101072711754e-23,4.101110107271154e-23,4.101110107271138e-23,4.1011101072711483e-23,4.101110107271147e-23,4.1011101072711254e-23,4.1011101072711054e-23,4.1011101072711013e-23,4.10111010727112e-23,4.1011101072711583e-23,4.1011101072711666e-23,4.101110107271136e-23,4.101110107271126e-23,4.101110107271147e-23,4.1011101072711166e-23,4.1011101072711395e-23,4.101110107271147e-23,4.1011101072711507e-23,4.101110107271206e-23,4.101110107271191e-23,4.101110107271175e-23,4.101110107271172e-23,4.1011101072711695e-23,4.1011101072712036e-23,4.101110107271211e-23,4.101110107271208e-23,4.1011101072712077e-23,4.101110107271208e-23,4.1011101072711965e-23,4.1011101072712124e-23,4.101110107271216e-23,4.1011101072712053e-23,4.101110107271198e-23,4.1011101072712e-23,4.10111010727119e-23,4.1011101072711954e-23,4.101110107271184e-23,4.101110107271172e-23,4.1011101072711795e-23,4.10111010727122e-23,4.101110107271184e-23,4.1011101072711854e-23,4.1011101072711595e-23,4.10111010727119e-23,4.101110107271231e-23,4.101110107271237e-23,4.1011101072712136e-23,4.1011101072711754e-23,4.101110107271146e-23,4.1011101072711854e-23,4.101110107271192e-23,4.101110107271184e-23,4.1011101072711754e-23,4.1011101072711765e-23,4.101110107271147e-23,4.1011101072711624e-23,4.101110107271175e-23,4.101110107271162e-23,4.101110107271172e-23,4.101110107271178e-23,4.101110107271198e-23,4.1011101072711936e-23,4.101110107271235e-23,4.10111010727123e-23,4.101110107271182e-23,4.1011101072711225e-23,4.1011101072710655e-23,4.1011101072709943e-23,4.1011101072709326e-23,4.101110107270888e-23,4.1011101072708715e-23,4.101110107270848e-23,4.1011101072708815e-23,4.1011101072709485e-23,4.101110107270961e-23,4.101110107271004e-23,4.101110107271001e-23,4.1011101072710067e-23,4.10111010727103e-23,4.10111010727101e-23,4.1011101072710343e-23,4.101110107271084e-23,4.1011101072711025e-23,4.101110107271135e-23,4.101110107271118e-23,4.101110107271105e-23,4.1011101072710596e-23,4.1011101072710884e-23,4.10111010727109e-23,4.10111010727103e-23,4.1011101072710655e-23,4.101110107271099e-23,4.101110107271145e-23,4.101110107271174e-23,4.1011101072711707e-23,4.1011101072711965e-23,4.101110107271178e-23,4.101110107271165e-23,4.101110107271163e-23,4.101110107271142e-23,4.101110107271147e-23,4.1011101072711624e-23,4.1011101072711695e-23,4.1011101072712077e-23,4.1011101072711683e-23,4.101110107271169e-23,4.101110107271188e-23,4.1011101072711566e-23,4.101110107271109e-23,4.101110107271131e-23,4.101110107271179e-23,4.1011101072712053e-23,4.1011101072711965e-23,4.1011101072712e-23,4.101110107271184e-23,4.1011101072711566e-23,4.1011101072711965e-23,4.1011101072711865e-23,4.1011101072712024e-23,4.1011101072712124e-23,4.1011101072712036e-23,4.101110107271199e-23,4.101110107271173e-23,4.1011101072711525e-23,4.101110107271181e-23,4.101110107271144e-23,4.101110107271145e-23,4.1011101072711566e-23,4.1011101072711954e-23,4.101110107271183e-23,4.101110107271184e-23,4.1011101072711954e-23,4.1011101072711954e-23,4.101110107271163e-23,4.101110107271191e-23,4.1011101072712324e-23,4.101110107271219e-23,4.1011101072712136e-23,4.101110107271183e-23,4.1011101072711754e-23,4.101110107271163e-23,4.1011101072711566e-23,4.1011101072711325e-23,4.1011101072711054e-23,4.101110107271056e-23,4.1011101072710525e-23,4.101110107271039e-23,4.101110107271028e-23,4.1011101072709855e-23,4.1011101072709785e-23,4.1011101072710014e-23,4.10111010727103e-23,4.101110107271018e-23,4.1011101072710096e-23,4.101110107270992e-23,4.101110107270982e-23,4.1011101072709885e-23,4.1011101072710055e-23,4.101110107271049e-23,4.1011101072710514e-23,4.101110107271089e-23,4.1011101072711595e-23,4.101110107271183e-23,4.101110107271199e-23,4.1011101072711865e-23,4.101110107271164e-23,4.101110107271204e-23,4.101110107271198e-23,4.101110107271175e-23,4.101110107271117e-23,4.1011101072710866e-23,4.101110107271086e-23,4.101110107271117e-23,4.1011101072711254e-23,4.101110107271141e-23,4.1011101072711425e-23,4.101110107271135e-23,4.1011101072711295e-23,4.1011101072711483e-23,4.101110107271165e-23,4.101110107271154e-23,4.101110107271142e-23,4.1011101072711225e-23,4.1011101072711525e-23,4.1011101072712e-23,4.1011101072711854e-23,4.1011101072711695e-23,4.1011101072711695e-23,4.101110107271156e-23,4.1011101072711683e-23,4.101110107271204e-23,4.101110107271243e-23,4.101110107271275e-23,4.1011101072713123e-23,4.101110107271348e-23,4.1011101072713764e-23,4.1011101072713875e-23,4.1011101072713646e-23,4.10111010727138e-23,4.1011101072713917e-23,4.101110107271373e-23,4.101110107271358e-23,4.101110107271392e-23,4.1011101072713764e-23,4.1011101072713564e-23,4.1011101072713646e-23,4.101110107271391e-23,4.10111010727139e-23,4.1011101072713875e-23,4.1011101072713834e-23,4.1011101072713464e-23,4.101110107271371e-23,4.101110107271371e-23,4.101110107271373e-23,4.1011101072713793e-23,4.10111010727138e-23,4.101110107271398e-23,4.1011101072714064e-23,4.1011101072713875e-23,4.101110107271359e-23,4.1011101072713593e-23,4.101110107271352e-23,4.101110107271364e-23,4.1011101072713605e-23,4.101110107271342e-23,4.10111010727134e-23,4.101110107271251e-23,4.101110107271204e-23,4.1011101072712e-23,4.1011101072712053e-23,4.101110107271212e-23,4.101110107271201e-23,4.1011101072711683e-23,4.101110107271189e-23,4.1011101072711495e-23,4.101110107271125e-23,4.1011101072711154e-23,4.101110107271099e-23,4.1011101072710655e-23,4.1011101072710343e-23,4.101110107271066e-23,4.1011101072710637e-23,4.1011101072710314e-23,4.1011101072710143e-23,4.1011101072709844e-23,4.1011101072709773e-23,4.1011101072710325e-23,4.101110107271039e-23,4.101110107271045e-23,4.101110107271044e-23,4.101110107271061e-23,4.101110107271062e-23,4.1011101072710613e-23,4.101110107271084e-23,4.101110107271098e-23,4.101110107271098e-23,4.101110107271077e-23,4.10111010727102e-23,4.1011101072710167e-23,4.1011101072710696e-23,4.1011101072710884e-23,4.101110107271135e-23,4.101110107271113e-23,4.1011101072711436e-23,4.101110107271105e-23,4.101110107271092e-23,4.1011101072710866e-23,4.101110107271108e-23,4.10111010727109e-23,4.1011101072710655e-23,4.1011101072710784e-23,4.101110107271073e-23,4.101110107271061e-23,4.1011101072710514e-23,4.1011101072710655e-23,4.101110107271076e-23,4.101110107271129e-23,4.10111010727111e-23,4.1011101072711225e-23,4.101110107271126e-23,4.101110107271104e-23,4.1011101072710613e-23,4.101110107271109e-23,4.10111010727109e-23,4.101110107271118e-23,4.1011101072710925e-23,4.1011101072711125e-23,4.10111010727109e-23,4.1011101072711066e-23,4.101110107271142e-23,4.1011101072711954e-23,4.1011101072712124e-23,4.1011101072712053e-23,4.1011101072712053e-23,4.1011101072711707e-23,4.101110107271175e-23,4.1011101072711707e-23,4.101110107271167e-23,4.101110107271167e-23,4.101110107271156e-23,4.101110107271138e-23,4.1011101072711936e-23,4.101110107271192e-23,4.101110107271182e-23,4.101110107271227e-23,4.101110107271252e-23,4.1011101072712306e-23,4.1011101072712077e-23,4.1011101072711807e-23,4.101110107271109e-23,4.1011101072710367e-23,4.101110107271022e-23,4.1011101072710314e-23,4.1011101072710143e-23,4.1011101072710696e-23,4.101110107271089e-23,4.1011101072711066e-23,4.1011101072711325e-23,4.101110107271155e-23,4.101110107271152e-23,4.101110107271181e-23,4.1011101072711707e-23,4.1011101072711707e-23,4.101110107271184e-23,4.101110107271206e-23,4.1011101072711936e-23,4.1011101072711795e-23,4.1011101072711954e-23,4.1011101072711854e-23,4.101110107271172e-23,4.101110107271131e-23,4.1011101072711025e-23,4.1011101072711025e-23,4.1011101072711325e-23,4.1011101072711336e-23,4.1011101072711254e-23,4.10111010727112e-23,4.1011101072711595e-23,4.101110107271162e-23,4.1011101072711666e-23,4.10111010727114e-23,4.101110107271146e-23,4.101110107271154e-23,4.101110107271183e-23,4.101110107271131e-23,4.1011101072711054e-23,4.101110107271137e-23,4.101110107271181e-23,4.1011101072712306e-23,4.1011101072712635e-23,4.101110107271309e-23,4.1011101072713394e-23,4.1011101072713294e-23,4.101110107271328e-23,4.1011101072713123e-23,4.1011101072713276e-23,4.1011101072713323e-23,4.1011101072713676e-23,4.1011101072713676e-23,4.101110107271359e-23,4.1011101072713817e-23,4.101110107271365e-23,4.1011101072713834e-23,4.101110107271392e-23,4.101110107271404e-23,4.1011101072713664e-23,4.1011101072713517e-23,4.101110107271373e-23,4.1011101072713934e-23,4.1011101072714387e-23,4.101110107271408e-23,4.101110107271402e-23,4.101110107271352e-23,4.1011101072712765e-23,4.101110107271256e-23,4.1011101072712177e-23,4.1011101072711895e-23,4.1011101072711965e-23,4.101110107271172e-23,4.101110107271173e-23,4.101110107271164e-23,4.1011101072711595e-23,4.1011101072711607e-23,4.101110107271189e-23,4.101110107271178e-23,4.101110107271191e-23,4.101110107271216e-23,4.1011101072711895e-23,4.1011101072711707e-23,4.101110107271128e-23,4.101110107271084e-23,4.101110107271045e-23,4.101110107270997e-23,4.1011101072709855e-23,4.101110107270976e-23,4.101110107270997e-23,4.1011101072710525e-23,4.101110107271092e-23,4.1011101072711237e-23,4.1011101072711383e-23,4.1011101072711583e-23,4.101110107271177e-23,4.101110107271191e-23,4.101110107271181e-23,4.1011101072711795e-23,4.101110107271211e-23,4.101110107271162e-23,4.101110107271172e-23,4.101110107271198e-23,4.101110107271191e-23,4.1011101072711865e-23,4.101110107271162e-23,4.101110107271111e-23,4.101110107271063e-23,4.101110107271055e-23,4.101110107270998e-23,4.101110107270962e-23,4.101110107270982e-23,4.101110107271045e-23,4.1011101072710584e-23,4.101110107271076e-23,4.101110107271077e-23,4.101110107271108e-23,4.101110107271155e-23,4.101110107271206e-23,4.1011101072711754e-23,4.1011101072711695e-23,4.101110107271172e-23,4.1011101072711707e-23,4.10111010727115e-23,4.101110107271144e-23,4.1011101072711566e-23,4.101110107271173e-23,4.101110107271174e-23,4.1011101072712124e-23,4.101110107271231e-23,4.101110107271248e-23,4.101110107271187e-23,4.101110107271179e-23,4.101110107271188e-23,4.101110107271208e-23,4.101110107271162e-23,4.101110107271123e-23,4.1011101072710954e-23,4.101110107271081e-23,4.101110107271054e-23,4.101110107271073e-23,4.101110107271138e-23,4.101110107271167e-23,4.1011101072711624e-23,4.101110107271184e-23,4.1011101072711807e-23,4.10111010727115e-23,4.1011101072711137e-23,4.101110107271103e-23,4.1011101072710696e-23,4.101110107271062e-23,4.101110107271073e-23,4.101110107271056e-23,4.1011101072710884e-23,4.101110107271154e-23,4.101110107271165e-23,4.101110107271174e-23,4.101110107271194e-23,4.101110107271163e-23,4.1011101072711795e-23,4.101110107271173e-23,4.101110107271191e-23,4.1011101072711854e-23,4.101110107271157e-23,4.101110107271167e-23,4.101110107271165e-23,4.1011101072711566e-23,4.1011101072711595e-23,4.101110107271165e-23,4.101110107271172e-23,4.1011101072711354e-23,4.101110107271098e-23,4.1011101072710884e-23,4.10111010727111e-23,4.101110107271172e-23,4.1011101072711395e-23,4.1011101072711683e-23,4.1011101072711566e-23,4.101110107271115e-23,4.101110107271083e-23,4.101110107271051e-23,4.1011101072710784e-23,4.1011101072710596e-23,4.101110107271098e-23,4.1011101072710954e-23,4.1011101072711166e-23,4.101110107271118e-23,4.101110107271183e-23,4.1011101072711854e-23,4.1011101072711795e-23,4.101110107271162e-23,4.101110107271169e-23,4.101110107271173e-23,4.1011101072711965e-23,4.1011101072711854e-23,4.1011101072711536e-23,4.1011101072711325e-23,4.1011101072710796e-23,4.101110107271072e-23,4.1011101072710984e-23,4.1011101072711383e-23,4.101110107271118e-23,4.101110107271088e-23,4.101110107271098e-23,4.1011101072710484e-23,4.1011101072710696e-23,4.1011101072710584e-23,4.101110107271036e-23,4.101110107271061e-23,4.101110107271084e-23,4.101110107271118e-23,4.101110107271144e-23,4.1011101072711383e-23,4.10111010727114e-23,4.101110107271147e-23,4.101110107271155e-23,4.1011101072711595e-23,4.101110107271169e-23,4.101110107271156e-23,4.1011101072711666e-23,4.1011101072711995e-23,4.1011101072712665e-23,4.1011101072712765e-23,4.1011101072712424e-23,4.101110107271227e-23,4.101110107271216e-23,4.101110107271184e-23,4.101110107271214e-23,4.10111010727121e-23,4.1011101072711865e-23,4.101110107271183e-23,4.1011101072711854e-23,4.101110107271164e-23,4.101110107271155e-23,4.101110107271162e-23,4.101110107271183e-23,4.101110107271199e-23,4.101110107271198e-23,4.101110107271179e-23,4.101110107271179e-23,4.1011101072711595e-23,4.101110107271172e-23,4.101110107271146e-23,4.101110107271104e-23,4.101110107271071e-23,4.101110107271086e-23,4.101110107271123e-23,4.101110107271132e-23,4.101110107271119e-23,4.101110107271156e-23,4.101110107271166e-23,4.101110107271147e-23,4.1011101072711395e-23,4.101110107271138e-23,4.101110107271091e-23,4.101110107271082e-23,4.101110107271065e-23,4.1011101072711137e-23,4.101110107271125e-23,4.1011101072711354e-23,4.101110107271144e-23,4.1011101072711583e-23,4.101110107271167e-23,4.1011101072712136e-23,4.1011101072711936e-23,4.1011101072711807e-23,4.101110107271198e-23,4.101110107271235e-23,4.101110107271264e-23,4.101110107271252e-23,4.101110107271201e-23,4.10111010727114e-23,4.101110107271093e-23,4.1011101072711013e-23,4.101110107271117e-23,4.10111010727113e-23,4.101110107271144e-23,4.1011101072711666e-23,4.101110107271172e-23,4.101110107271184e-23,4.1011101072711536e-23,4.1011101072710984e-23,4.101110107271043e-23,4.10111010727102e-23,4.1011101072710425e-23,4.1011101072710584e-23,4.101110107271083e-23,4.101110107271078e-23,4.1011101072710555e-23,4.101110107271041e-23,4.1011101072710425e-23,4.1011101072710696e-23,4.101110107271043e-23,4.101110107271055e-23,4.101110107271082e-23,4.10111010727109e-23,4.101110107271054e-23,4.101110107271086e-23,4.1011101072711436e-23,4.101110107271174e-23,4.101110107271162e-23,4.101110107271175e-23,4.1011101072711807e-23,4.101110107271182e-23,4.101110107271191e-23,4.1011101072712077e-23,4.101110107271182e-23,4.101110107271174e-23,4.101110107271183e-23,4.1011101072712036e-23,4.1011101072711536e-23,4.101110107271132e-23,4.101110107271123e-23,4.101110107271175e-23,4.1011101072711583e-23,4.101110107271167e-23,4.101110107271204e-23,4.101110107271191e-23,4.101110107271202e-23,4.1011101072712024e-23,4.1011101072711666e-23,4.10111010727112e-23,4.10111010727111e-23,4.101110107271109e-23,4.1011101072710984e-23,4.101110107271086e-23,4.1011101072710784e-23,4.1011101072710684e-23,4.101110107271105e-23,4.1011101072710866e-23,4.101110107271054e-23,4.1011101072710696e-23,4.101110107271074e-23,4.1011101072710684e-23,4.101110107271041e-23,4.101110107271065e-23,4.101110107271068e-23,4.1011101072710414e-23,4.101110107271068e-23,4.1011101072711066e-23,4.101110107271118e-23,4.101110107271131e-23,4.101110107271141e-23,4.1011101072711025e-23,4.101110107271119e-23,4.1011101072711795e-23,4.1011101072711854e-23,4.1011101072711483e-23,4.1011101072711525e-23,4.101110107271118e-23,4.1011101072711336e-23,4.10111010727114e-23,4.10111010727113e-23,4.101110107271115e-23,4.1011101072710784e-23,4.101110107271118e-23,4.1011101072711707e-23,4.101110107271172e-23,4.1011101072711895e-23,4.101110107271167e-23,4.1011101072711495e-23,4.101110107271163e-23,4.101110107271166e-23,4.101110107271184e-23,4.101110107271218e-23,4.1011101072712653e-23,4.1011101072713e-23,4.101110107271343e-23,4.101110107271342e-23,4.101110107271374e-23,4.1011101072713676e-23,4.101110107271357e-23,4.1011101072713405e-23,4.1011101072712653e-23,4.101110107271273e-23,4.1011101072712436e-23,4.101110107271215e-23,4.10111010727122e-23,4.101110107271174e-23,4.101110107271165e-23,4.101110107271172e-23,4.101110107271184e-23,4.1011101072711765e-23,4.1011101072711695e-23,4.101110107271172e-23,4.101110107271169e-23,4.1011101072711566e-23,4.101110107271145e-23,4.101110107271155e-23,4.1011101072711566e-23,4.101110107271155e-23,4.101110107271172e-23,4.101110107271184e-23,4.1011101072711965e-23,4.1011101072712e-23,4.101110107271184e-23,4.1011101072712077e-23,4.101110107271156e-23,4.101110107271127e-23,4.101110107271103e-23,4.1011101072710954e-23,4.1011101072710584e-23,4.1011101072710866e-23,4.101110107271083e-23,4.1011101072710737e-23,4.1011101072710514e-23,4.101110107271071e-23,4.101110107271108e-23,4.1011101072711237e-23,4.101110107271119e-23,4.1011101072711325e-23,4.10111010727112e-23,4.10111010727112e-23,4.1011101072711436e-23,4.101110107271182e-23,4.101110107271184e-23,4.1011101072711854e-23,4.1011101072711607e-23,4.101110107271119e-23,4.1011101072711e-23,4.1011101072710496e-23,4.1011101072710954e-23,4.1011101072711225e-23,4.101110107271146e-23,4.101110107271125e-23,4.101110107271119e-23,4.1011101072711137e-23,4.10111010727111e-23,4.101110107271098e-23,4.101110107271071e-23,4.101110107271081e-23,4.101110107271099e-23,4.1011101072711125e-23,4.1011101072710884e-23,4.101110107271081e-23,4.101110107271098e-23,4.101110107271104e-23,4.101110107271083e-23,4.101110107271024e-23,4.101110107271061e-23,4.1011101072711013e-23,4.101110107271184e-23,4.1011101072711854e-23,4.101110107271236e-23,4.1011101072712053e-23,4.101110107271243e-23,4.1011101072712e-23,4.101110107271189e-23,4.101110107271157e-23,4.1011101072711765e-23,4.10111010727119e-23,4.1011101072711954e-23,4.1011101072711754e-23,4.1011101072711525e-23,4.101110107271199e-23,4.101110107271165e-23,4.1011101072711483e-23,4.101110107271137e-23,4.101110107271098e-23,4.101110107271146e-23,4.1011101072711595e-23,4.101110107271166e-23,4.101110107271155e-23,4.101110107271169e-23,4.1011101072712036e-23,4.101110107271209e-23,4.101110107271216e-23,4.1011101072711995e-23,4.101110107271172e-23,4.101110107271129e-23,4.101110107271101e-23,4.101110107271091e-23,4.101110107271105e-23,4.10111010727108e-23,4.101110107271076e-23,4.101110107271061e-23,4.101110107271039e-23,4.1011101072710143e-23,4.101110107270985e-23,4.101110107271008e-23,4.1011101072710314e-23,4.101110107271043e-23,4.101110107271047e-23,4.1011101072710584e-23,4.101110107271101e-23,4.101110107271113e-23,4.1011101072711025e-23,4.101110107271118e-23,4.101110107271128e-23,4.101110107271117e-23,4.1011101072711624e-23,4.101110107271183e-23,4.101110107271193e-23,4.101110107271194e-23,4.1011101072711854e-23,4.1011101072711683e-23,4.101110107271194e-23,4.101110107271183e-23,4.101110107271201e-23,4.1011101072711765e-23,4.1011101072711936e-23,4.1011101072711854e-23,4.101110107271162e-23,4.1011101072711795e-23,4.101110107271188e-23,4.101110107271228e-23,4.1011101072712124e-23,4.101110107271216e-23,4.101110107271175e-23,4.1011101072711325e-23,4.101110107271071e-23,4.101110107271016e-23,4.101110107271028e-23,4.1011101072710496e-23,4.101110107271118e-23,4.1011101072711013e-23,4.1011101072711154e-23,4.101110107271166e-23,4.101110107271156e-23,4.1011101072711583e-23,4.1011101072711595e-23,4.101110107271142e-23,4.1011101072711583e-23,4.101110107271152e-23,4.1011101072711483e-23,4.101110107271118e-23,4.101110107271089e-23,4.101110107271066e-23,4.10111010727104e-23,4.101110107271057e-23,4.1011101072710143e-23,4.101110107271035e-23,4.1011101072710866e-23,4.101110107271167e-23,4.101110107271215e-23,4.1011101072712865e-23,4.101110107271297e-23,4.101110107271364e-23,4.101110107271358e-23,4.1011101072713593e-23,4.1011101072713517e-23,4.1011101072713676e-23,4.10111010727139e-23,4.1011101072713864e-23,4.101110107271386e-23,4.101110107271386e-23,4.101110107271409e-23,4.101110107271373e-23,4.101110107271337e-23,4.10111010727133e-23,4.101110107271273e-23,4.1011101072712506e-23,4.1011101072712206e-23,4.101110107271198e-23,4.101110107271208e-23,4.101110107271184e-23,4.101110107271188e-23,4.101110107271157e-23,4.101110107271163e-23,4.101110107271091e-23,4.583899484834213e-17,7.32210381501385e-17,9.020714428921415e-17,1.0135472055291114e-16,1.0923138261432915e-16,1.1528029527115071e-16,1.2031199845377138e-16,1.247824899318843e-16,1.289497165175452e-16,1.3296126777786483e-16,1.3690333482335184e-16,1.4082795824610783e-16,1.4476815700228327e-16,1.4874631736053107e-16,1.5277884568675455e-16,1.568787558084084e-16,1.6105711700528883e-16,1.6532387421139218e-16,1.6968832238377651e-16,1.7415939003538462e-16,1.7874581711176648e-16,1.834562739726391e-16,1.882994472536448e-16,1.932841068615516e-16,1.9841916209202503e-16,2.0371371141156728e-16,2.0917708857746583e-16,2.1481890673059796e-16,2.2064910153107039e-16,2.2667797408257226e-16,2.3291623422633584e-16,2.39375044672483e-16,2.4606606638479867e-16,2.530015056029559e-16,2.6019416289836735e-16,2.676574845998525e-16,2.7540561699717624e-16,2.834534636937196e-16,2.9181674652484606e-16,3.005120704653515e-16,3.09556992953865e-16,3.189700983500595e-16,3.2877107742768465e-16,3.389808134035625e-16,3.4962147436206133e-16,3.607166130821968e-16,3.722912749868208e-16,3.8437211500341063e-16,3.969875242660543e-16,4.101677676459482e-16,4.2394513322264955e-16,4.383540949120802e-16,4.534314896245582e-16,4.692167104496113e-16,4.857519175516505e-16,5.03082268642178e-16,5.212561711258838e-16,5.403255582340079e-16,5.603461917486142e-16,5.813779943256903e-16,6.034854144305315e-16,6.267378279280964e-16,6.512099801740726e-16,6.769824733432197e-16,7.041423042393826e-16,7.327834585091305e-16,7.630075679052201e-16,7.94924638192821e-16,8.286538562441462e-16,8.643244860795434e-16,9.020768648093398e-16,9.420635113131938e-16,9.844503616582667e-16,1.029418147905319e-15,1.0771639389808517e-15,1.127902864965596e-15,1.181870049728518e-15,1.239322779835268e-15,1.300542942689363e-15,1.3658397713301626e-15,1.4355529394877377e-15,1.5100560571393808e-15,1.5897606250585476e-15,1.6751205161786953e-15,1.76663706292891e-15,1.8648648427242743e-15,1.970418269589553e-15,2.0839791185037393e-15,2.2063051309188745e-15,2.3382398764934288e-15,2.480724077945257e-15,2.6348086420213434e-15,2.8016696882185885e-15,2.9826259179654994e-15,3.1791587356208237e-15,3.3929356116723313e-15,3.6258372762242185e-15,3.879989449350791e-15,4.157799959970218e-15,4.4620022828677176e-15,4.795706742291893e-15,5.162460900658388e-15,5.5663209856061496e-15,6.0119366244725694e-15,6.504651673958632e-15,7.050624582774641e-15,7.656972540945161e-15,8.33194470037017e-15,9.085131056675185e-15,9.927715243347796e-15,1.0872781613349429e-14,1.1935689708004935e-14,1.3134532730836916e-14,1.4490701201112777e-14,1.6029578898130326e-14,1.7781405986427472e-14,1.9782354445843737e-14,2.207587449555432e-14,2.471438875244227e-14,2.7761435076187962e-14,3.129439169491613e-14,3.5407962534088335e-14,4.02186612707137e-14,4.5870616087949567e-14,5.254313286832693e-14,6.046061641382822e-14,6.990567733383862e-14,8.123657625256209e-14,9.491062115569128e-14,1.1151580438462771e-13,1.3181394329924205e-13,1.568000259254981e-13,1.8778459502684176e-13,2.2650919528043325e-13,2.7530972764746315e-13,3.37349898791927e-13,4.169582440625341e-13,5.201197143580645e-13,6.552002096901068e-13,8.340256331473262e-13,1.0735056233167059e-12,1.39810166372052e-12,1.843614816683216e-12,2.463050132866811e-12,3.154461959127942e-12,4.360498663929408e-12,6.067011011601863e-12,8.557328293307062e-12,1.2242738530475405e-11,1.7756985757258496e-11,2.6081204304925537e-11,3.872543436733836e-11,5.798367364598717e-11,8.726762060317762e-11,1.3149563831045015e-10,1.974596222848526e-10,2.940158508360211e-10,4.318723285163171e-10,6.227296833860807e-10,8.776407353220627e-10,1.2047085562335446e-09,1.6065734748538713e-09,2.0783880859177043e-09,2.6069814805134873e-09,3.171617700339043e-09,3.746273514197827e-09,4.30290615511223e-09,4.814938231071351e-09,5.260218936009393e-09,5.6229657643119145e-09,5.894519679741986e-09,6.073036039641558e-09,6.162412410545383e-09,6.170810637323011e-09,6.10909256621958e-09,5.98940019027239e-09,5.8240109066780416e-09,5.6245127325558496e-09,5.401284056370105e-09,5.163228501141068e-09,4.917702617456731e-09,4.670575412472474e-09,4.4263677213655615e-09,4.188431328759506e-09,3.9591395150156706e-09,3.740070764540378e-09,3.532175172101527e-09,3.3359186692704373e-09,3.151403892654375e-09,2.978468731901504e-09,2.8167650398386495e-09,2.665819788386902e-09,2.5250821723378495e-09,2.3939588651031665e-09,2.271839961448837e-09,2.1581175997474924e-09,2.052198930875713e-09,1.9535147861194586e-09,1.8615251209991025e-09,1.7757220801841442e-09,1.695631337913493e-09,1.620812214902028e-09,1.550856950811402e-09,1.4853894158854602e-09,1.424063471346613e-09,1.3665611313827266e-09,1.3125906405063467e-09,1.2618845180959893e-09,1.2141976856494879e-09,1.1693056288887961e-09,1.127002676842406e-09,1.0871003871447164e-09,1.049426045703813e-09,1.0138212815345764e-09,9.801407941236013e-10,9.482511885981907e-10,9.180299126757435e-10,8.893642886782525e-10,8.621506336004315e-10,8.362934602217353e-10,8.117047524374628e-10,7.883033082819324e-10,7.660141445264745e-10,7.447679571354451e-10,7.245006323073298e-10,7.051528032696784e-10,6.866694484128378e-10,6.689995267438552e-10,6.520956470279721e-10,6.359137673206903e-10,6.204129219299347e-10,6.05554973120154e-10,5.913043851599631e-10,5.776280185354008e-10,5.644949423861956e-10,5.518762634084459e-10,5.397449696509878e-10,5.280757877869968e-10,5.168450525901829e-10,5.06030587468056e-10,4.956115950241274e-10,4.85568556720614e-10,4.758831408078824e-10,4.665381177669977e-10,4.5751728258793455e-10,4.4880538327104967e-10,4.403880549993486e-10,4.32251759482278e-10,4.243837290195496e-10,4.167719148762489e-10,4.0940493960127913e-10,4.0227205294891737e-10,3.9536309110666543e-10,3.886684389470694e-10,3.8217899505615707e-10,3.7588613930922964e-10,3.6978170278703645e-10,3.6385793984399606e-10,3.5810750215497413e-10,3.5252341458517885e-10,3.4709905273872405e-10,3.418281220556999e-10,3.367046383373188e-10,3.3172290959115704e-10,3.2687751909434603e-10,3.221633095843328e-10,3.1757536849271925e-10,3.131090141441027e-10,3.08759782850459e-10,3.045234168344397e-10,3.0039585292282335e-10,2.963732119543184e-10,2.924517888503077e-10,2.8862804330386294e-10,2.84898591041807e-10,2.812601956206287e-10,2.777097607198723e-10,2.742443228989526e-10,2.708610447853364e-10,2.675572086665608e-10,2.643302104574359e-10,2.611775540187753e-10,2.580968458041299e-10,2.5508578981334164e-10,2.5214218283291235e-10,2.492639099447947e-10,2.4644894028680735e-10,2.4369532304829056e-10,2.4100118368655816e-10,2.3836472035050463e-10,2.3578420049823816e-10,2.332579576962884e-10,2.307843885918e-10,2.283619500437809e-10,2.259891564061974e-10,2.2366457695313392e-10,2.2138683343763722e-10,2.1915459777655e-10,2.1696658985373455e-10,2.148215754350131e-10,2.12718364188257e-10,2.1065580780279886e-10,2.0863279820227596e-10,2.0664826584585606e-10,2.0470117811287913e-10,2.0279053776603413e-10,2.0091538148902996e-10,1.9907477849454169e-10,1.9726782919866597e-10,1.9549366395799767e-10,1.9375144186646226e-10,1.9204034960826996e-10,1.903596003642105e-10,1.8870843276848446e-10,1.8708610991328646e-10,1.8549191839880423e-10,1.8392516742621845e-10,1.8238518793143504e-10,1.8087133175768321e-10,1.793829708646317e-10,1.77919496572468e-10,1.7648031883920972e-10,1.7506486556946078e-10,1.736725819530249e-10,1.7230292983195016e-10,1.7095538709476298e-10,1.6962944709635342e-10,1.6832461810233665e-10,1.670404227567899e-10,1.6577639757216742e-10,1.6453209244036389e-10,1.6330707016394454e-10,1.6210090600646442e-10,1.6091318726130178e-10,1.5974351283785294e-10,1.585914928643238e-10,1.5745674830644255e-10,1.563389106013841e-10,1.5523762130611337e-10,1.5415253175956085e-10,1.5308330275808175e-10,1.5202960424343827e-10,1.5099111500282013e-10,1.4996752238044436e-10,1.4895852200021184e-10,1.479638174988065e-10,1.4698312026894207e-10,1.4601614921223875e-10,1.450626305013042e-10,1.4412229735070433e-10,1.4319488979637116e-10,1.4228015448310827e-10,1.4137784445983777e-10,1.4048771898235097e-10,1.3960954332318192e-10,1.3874308858827232e-10,1.3788813154022252e-10,1.3704445442783143e-10,1.362118448216459e-10,1.353900954553497e-10,1.3457900407265033e-10,1.3377837327955064e-10,1.3298801040168563e-10,1.3220772734660945e-10,1.3143734047080267e-10,1.3067667045124454e-10,1.2992554216126469e-10,1.2918378455068598e-10,1.2845123052992042e-10,1.2772771685795262e-10,1.270130840341603e-10,1.263071761934701e-10,1.256098410052012e-10,1.249209295751923e-10,1.2424029635094458e-10,1.2356779918215564e-10,1.2290329867185487e-10,1.2224665883477593e-10,1.215977466138768e-10,1.2095643185252194e-10,1.2032258722520768e-10,1.1969608816392298e-10,1.1907681278583217e-10,1.1846464182263712e-10,1.1785945855207655e-10,1.172611487314445e-10,1.166696005331862e-10,1.1608470448241934e-10,1.1550635339635434e-10,1.1493444232564823e-10,1.1436886849733847e-10,1.1380953125972607e-10,1.1325633202870894e-10,1.1270917423573309e-10,1.1216796327759485e-10,1.116326064672273e-10,1.1110301298625606e-10,1.1057909383892211e-10,1.1006076180722023e-10,1.0954793140751986e-10,1.090405188482372e-10,1.0853844198886638e-10,1.0804162030008138e-10,1.0754997482513049e-10,1.0706342814215739e-10,1.0658190432760676e-10,1.0610532892080262e-10,1.0563362888938023e-10,1.0516673259570703e-10,1.0470456976425908e-10,1.0424707144988086e-10,1.0379417000696976e-10,1.0334579905942863e-10,1.0290189347147244e-10,1.0246238931924378e-10,1.0202722386318789e-10,1.015963355210863e-10,1.011696638420452e-10,1.0074714948086119e-10,1.0032873417337235e-10,9.99143607122709e-11,9.950397292341281e-11,9.909751564338204e-11,9.869493469690188e-11,9.829617687512763e-11,9.790118991459585e-11,9.750992247661538e-11,9.712232412720517e-11,9.673834531756374e-11,9.635793736501307e-11,9.598105243442872e-11,9.560764352022287e-11,9.523766442857231e-11,9.487106976034577e-11,9.450781489430863e-11,9.414785597077931e-11,9.379114987568816e-11,9.34376542250634e-11,9.308732734982324e-11,9.274012828106334e-11,9.239601673556003e-11,9.205495310175122e-11,9.171689842598742e-11,9.138181439910911e-11,9.104966334349306e-11,9.072040820004153e-11,9.039401251591573e-11,9.007044043257532e-11,8.974965667334951e-11,8.9431626532315e-11,8.911631586286945e-11,8.880369106656687e-11,8.849371908248814e-11,8.818636737662491e-11,8.788160393144114e-11,8.757939723616896e-11,8.727971627658311e-11,8.698253052567384e-11,8.66878099340993e-11,8.639552492118489e-11,8.610564636575792e-11,8.581814559791533e-11,8.553299438944866e-11,8.52501649463404e-11,8.496962990042734e-11,8.469136230125582e-11,8.441533560831335e-11,8.41415236833971e-11,8.386990078308346e-11,8.360044155153771e-11,8.333312101318928e-11,8.30679145659913e-11,8.280479797422625e-11,8.254374736215975e-11,8.22847392072462e-11,8.202775033386791e-11,8.17727579070309e-11,8.151973942603708e-11,8.12686727188736e-11,8.101953593601937e-11,8.077230754476605e-11,8.052696632360921e-11,8.028349135676778e-11,8.004186202864934e-11,7.980205801877998e-11,7.956405929646305e-11,7.93278461158337e-11,7.909339901058648e-11,7.886069878967396e-11,7.862972653209688e-11,7.84004635823019e-11,7.817289154579749e-11,7.794699228451916e-11,7.77227479125079e-11,7.750014079161975e-11,7.727915352724214e-11,7.705976896434432e-11,7.684197018317527e-11,7.662574049570584e-11,7.64110634412099e-11,7.619792278293685e-11,7.598630250409627e-11,7.577618680435325e-11,7.556756009618784e-11,7.53604070013906e-11,7.515471234759462e-11,7.495046116495408e-11,7.474763868275784e-11,7.45462303263194e-11,7.434622171357824e-11,7.414759865213757e-11,7.395034713618382e-11,7.375445334344708e-11,7.355990363225761e-11,7.336668453866626e-11,7.317478277360801e-11,7.298418522010989e-11,7.279487893058833e-11,7.260685112400066e-11,7.242008918359142e-11,7.223458065398095e-11,7.205031323871823e-11,7.186727479783038e-11,7.168545334536682e-11,7.150483704697296e-11,7.132541421762855e-11,7.114717331926919e-11,7.097010295853159e-11,7.079419188451912e-11,7.061942898670244e-11,7.044580329265116e-11,7.027330396595724e-11,7.010192030431796e-11,6.993164173730014e-11,6.9762457824448e-11,6.959435825333954e-11,6.942733283763135e-11,6.926137151517321e-11,6.909646434617513e-11,6.893260151134613e-11,6.8769773310151e-11,6.860797015900469e-11,6.844718258958201e-11,6.828740124713366e-11,6.812861688868151e-11,6.797082038175801e-11,6.781400270223434e-11,6.765815493310955e-11,6.750326826294624e-11,6.734933398424235e-11,6.719634349200314e-11,6.704428828207512e-11,6.689315995001401e-11,6.67429501894426e-11,6.659365079068613e-11,6.644525363977424e-11,6.629775071541093e-11,6.615113409024855e-11,6.600539592789184e-11,6.586052848197051e-11,6.57165240949293e-11,6.5573375196635e-11,6.543107430332832e-11,6.528961401633099e-11,6.514898702090093e-11,6.50091860850369e-11,6.487020405831801e-11,6.473203387083663e-11,6.459466853195181e-11,6.445810112944218e-11,6.432232482820218e-11,6.418733286929608e-11,6.40531185688764e-11,6.391967531721904e-11,6.378699657765904e-11,6.365507588554871e-11,6.352390684748731e-11,6.339348314017599e-11,6.326379850951232e-11,6.313484676962633e-11,6.300662180223361e-11,6.287911755532341e-11,6.27523280425407e-11,6.262624734225472e-11,6.250086959672185e-11,6.237618901117728e-11,6.225219985307103e-11,6.212889645121394e-11,6.200627319503192e-11,6.188432453364932e-11,6.176304497529799e-11,6.164242908633882e-11,6.152247149062696e-11,6.140316686878435e-11,6.128450995738314e-11,6.116649554831496e-11,6.104911848801531e-11,6.093237367676881e-11,6.081625606807154e-11,6.070076066787487e-11,6.058588253398056e-11,6.04716167753088e-11,6.03579585515042e-11,6.024490307163426e-11,6.013244559449279e-11,6.002058142732041e-11,5.990930592536949e-11,5.979861449131096e-11,5.96885025746335e-11,5.957896567112774e-11,5.946999932215474e-11,5.936159911424077e-11,5.925376067843538e-11,5.914647968976227e-11,5.90397518667115e-11,5.893357297069285e-11,5.882793880547956e-11,5.872284521670308e-11,5.86182880913748e-11,5.851426335735046e-11,5.841076698283209e-11,5.830779497587655e-11,5.820534338395485e-11,5.81034082934135e-11,5.800198582906761e-11,5.7901072153613915e-11,5.7800663467330684e-11,5.77007560076019e-11,5.7601346048388206e-11,5.7502429899901655e-11,5.7404003907997445e-11,5.730606445402157e-11,5.720860795393438e-11,5.7111630858541816e-11,5.701512965262053e-11,5.69191008545829e-11,5.682354101620348e-11,5.6728446722076836e-11,5.663381458953579e-11,5.653964126777166e-11,5.644592343791643e-11,5.635265781246136e-11,5.625984113493431e-11,5.616747017952248e-11,5.60755417507797e-11,5.5984052683208635e-11,5.589299984091571e-11,5.5802380117364064e-11,5.5712190434868977e-11,5.562242774443214e-11,5.553308902536725e-11,5.544417128493885e-11,5.5355671558060326e-11,5.526758690705731e-11,5.517991442109724e-11,5.5092651216298585e-11,5.500579443504568e-11,5.491934124602855e-11,5.4833288843645976e-11,5.474763444784696e-11,5.466237530387128e-11,5.457750868206897e-11,5.44930318770861e-11,5.4408942208428214e-11,5.432523701971044e-11,5.424191367826892e-11,5.4158969575136944e-11,5.4076402124723313e-11,5.3994208764660446e-11,5.3912386955090115e-11,5.383093417916533e-11,5.3749847942241136e-11,5.3669125771780656e-11,5.358876521708184e-11,5.350876384922718e-11,5.3429119260572354e-11,5.3349829064672864e-11,5.327089089604379e-11,5.31923024099794e-11,5.311406128216982e-11,5.303616520863159e-11,5.295861190544071e-11,5.288139910866908e-11,5.280452457353578e-11,5.2727986075251776e-11,5.265178140807178e-11,5.257590838507419e-11,5.250036483833751e-11,5.2425148618666705e-11,5.235025759495756e-11,5.2275689654542453e-11,5.22014427027761e-11,5.212751466284577e-11,5.205390347556096e-11,5.198060709927323e-11,5.19076235095857e-11,5.1834950699181384e-11,5.1762586677739854e-11,5.1690529471680415e-11,5.1618777123992406e-11,5.1547327694107066e-11,5.1476179257707975e-11,5.140532990646223e-11,5.133477774810142e-11,5.126452090602585e-11,5.119455751924194e-11,5.112488574212412e-11,5.105550374442291e-11,5.0986409710972107e-11,5.09176018415469e-11,5.08490783507335e-11,5.078083746787843e-11,5.071287743668486e-11,5.06451965153116e-11,5.0577792976232193e-11,5.051066510586574e-11,5.044381120446139e-11,5.037722958637443e-11,5.031091857948872e-11,5.0244876525182505e-11,5.017910177825007e-11,5.011359270675584e-11,5.004834769188232e-11,4.998336512779297e-11,4.9918643421559254e-11,4.985418099296666e-11,4.978997627448654e-11,4.972602771099512e-11,4.9662333759839964e-11,4.959889289046527e-11,4.953570358459354e-11,4.947276433584978e-11,4.941007365001181e-11,4.934763004434083e-11,4.9285432047771876e-11,4.922347820097006e-11,4.91617670560229e-11,4.9100297176201866e-11,4.9039067136150184e-11,4.8978075521557896e-11,4.8917320929161334e-11,4.885680196656137e-11,4.879651725216782e-11,4.873646541510008e-11,4.867664509505915e-11,4.861705494225241e-11,4.855769361730663e-11,4.8498559791022877e-11,4.8439652144566507e-11,4.8380969369090525e-11,4.832251016585279e-11,4.826427324586017e-11,4.8206257330071584e-11,4.814846114922134e-11,4.8090883443540757e-11,4.803352296288943e-11,4.7976378466555374e-11,4.791944872318352e-11,4.7862732510735164e-11,4.7806228616353996e-11,4.774993583630539e-11,4.769385297584324e-11,4.763797884920313e-11,4.7582312279475697e-11,4.7526852098504236e-11,4.7471597146860563e-11,4.741654627374947e-11,4.736169833681927e-11,4.7307052202301295e-11,4.725260674476273e-11,4.719836084708993e-11,4.714431340030957e-11,4.7090463303724996e-11,4.703680946473391e-11,4.6983350798647874e-11,4.693008622875369e-11,4.687701468623109e-11,4.682413511003165e-11,4.677144644684225e-11,4.67189476509527e-11,4.666663768439724e-11,4.6614515516489406e-11,4.656258012428584e-11,4.651083049197848e-11,4.645926561116143e-11,4.6407884480715054e-11,4.6356686106687515e-11,4.630566950228492e-11,4.625483368770728e-11,4.620417769022634e-11,4.615370054407036e-11,4.610340129021653e-11,4.605327897659802e-11,4.6003332657862196e-11,4.595356139530428e-11,4.59039642570658e-11,4.5854540317566986e-11,4.580528865794419e-11,4.575620836575086e-11,4.570729853497938e-11,4.5658558265949703e-11,4.5609986665302384e-11,4.5561582845924555e-11,4.551334592689185e-11,4.546527503343052e-11,4.5417369296834005e-11,4.536962785445826e-11,4.532204984961296e-11,4.5274634431577654e-11,4.522738075545919e-11,4.5180287982252333e-11,4.51333552786998e-11,4.508658181729186e-11,4.503996677620325e-11,4.499350933922104e-11,4.494720869575011e-11,4.49010640407163e-11,4.485507457454587e-11,4.480923950314896e-11,4.4763558037756634e-11,4.471802939502713e-11,4.4672652796883473e-11,4.462742747054991e-11,4.4582352648459204e-11,4.453742756825952e-11,4.449265147262383e-11,4.4448023609443005e-11,4.4403543231600994e-11,4.4359209597009424e-11,4.4315021968533e-11,4.427097961397698e-11,4.422708180601819e-11,4.418332782214986e-11,4.4139716944792053e-11,4.40962484609898e-11,4.40529216625678e-11,4.400973584603868e-11,4.396669031259256e-11,4.392378436796008e-11,4.388101732255494e-11,4.383838849123851e-11,4.379589719338659e-11,4.375354275286651e-11,4.371132449793862e-11,4.366924176128079e-11,4.3627293879910084e-11,4.3585480195227514e-11,4.354380005279568e-11,4.350225280252244e-11,4.346083779851456e-11,4.341955439906316e-11,4.3378401966593734e-11,4.3337379867666e-11,4.329648747290711e-11,4.3255724156996174e-11,4.321508929866059e-11,4.317458228058339e-11,4.3134202489400375e-11,4.309394931568255e-11,4.3053822153889656e-11,4.3013820402395086e-11,4.297394346331618e-11,4.293419074261289e-11,4.2894561650020216e-11,4.285505559900463e-11,4.2815672006693083e-11,4.277641029409295e-11,4.273726988566522e-11,4.26982502095498e-11,4.265935069744302e-11,4.2620570784707806e-11,4.258190991019573e-11,4.254336751623835e-11,4.2504943048782504e-11,4.246663595711087e-11,4.242844569392951e-11,4.2390371715422634e-11,4.2352413481181106e-11,4.231457045404043e-11,4.227684210026774e-11,4.223922788925079e-11,4.220172729397389e-11,4.2164339790440614e-11,4.212706485786861e-11,4.208990197878271e-11,4.205285063886658e-11,4.201591032690304e-11,4.197908053484869e-11,4.194236075779226e-11,4.190575049386533e-11,4.18692492442518e-11,4.183285651319005e-11,4.179657180794087e-11,4.176039463872565e-11,4.172432451872303e-11,4.1688360964200034e-11,4.165250349416474e-11,4.161675163060188e-11,4.1581104898364006e-11,4.154556282517501e-11,4.151012494159533e-11,4.147479078101101e-11,4.1439559879592875e-11,4.1404431776285035e-11,4.1369406012797125e-11,4.1334482133599644e-11,4.12996596857008e-11,4.1264938219036776e-11,4.1230317286109293e-11,4.119579644213028e-11,4.1161375244859926e-11,4.112705325472545e-11,4.1092830034735055e-11,4.105870515047562e-11,4.102467817010037e-11,4.099074866427708e-11,4.0956916206185996e-11,4.0923180371662543e-11,4.0889540738783485e-11,4.085599688822645e-11,4.0822548403088723e-11,4.0789194868965495e-11,4.075593587376392e-11,4.072277100784643e-11,4.0689699863915566e-11,4.06567220370656e-11,4.062383712472857e-11,4.0591044726631944e-11,4.055834444490082e-11,4.0525735883851985e-11,4.049321865015214e-11,4.046079235264587e-11,4.042845660250414e-11,4.0396211013119286e-11,4.036405520004115e-11,4.033198878098161e-11,4.030001137609802e-11,4.026812260741224e-11,4.023632209917827e-11,4.020460947783566e-11,4.017298437190402e-11,4.0141446412035133e-11,4.010999523097211e-11,4.00786304635078e-11,4.0047351746551224e-11,4.001615871894739e-11,3.998505102169102e-11,3.995402829775891e-11,3.992309019210612e-11,3.989223635168328e-11,3.986146642544464e-11,3.9830780064268125e-11,3.9800176921040776e-11,3.976965665055358e-11,3.973921890945604e-11,3.9708863356425044e-11,3.9678589651886687e-11,3.9648397458322895e-11,3.9618286439920635e-11,3.958825626292826e-11,3.955830659518763e-11,3.952843710654587e-11,3.949864746859705e-11,3.9468937354743586e-11,3.9439306440322924e-11,3.9409754402106496e-11,3.938028091897329e-11,3.9350885671477335e-11,3.932156834185964e-11,3.92923286141303e-11,3.926316617398377e-11,3.923408070885108e-11,3.9205071907968575e-11,3.917613946194538e-11,3.914728306341285e-11,3.911850240643528e-11,3.908979718699718e-11,3.9061167102433705e-11,3.903261185182487e-11,3.900413113586944e-11,3.8975724656892337e-11,3.8947392118811246e-11,3.891913322708837e-11,3.8890947688834466e-11,3.886283521268101e-11,3.883479550883302e-11,3.8806828288887676e-11,3.877893326637346e-11,3.8751110155968055e-11,3.872335867398484e-11,3.8695678538248356e-11,3.866806946806892e-11,3.86405311842699e-11,3.8613063409118704e-11,3.8585665866337635e-11,3.855833828118089e-11,3.853108038025405e-11,3.850389189163978e-11,3.8476772544907694e-11,3.844972207088052e-11,3.289677009877178e-11,3.0806847183067216e-11,3.002009869833272e-11,2.97238780026999e-11,2.96123017766628e-11,2.9570231434102665e-11,2.9554326674495815e-11,2.9548273005348106e-11,2.954592891229831e-11,2.954498224487493e-11,2.954456237897887e-11,2.954434138053802e-11,2.954419565139275e-11,2.954407855232267e-11,2.9543972444602426e-11,2.954387062891507e-11,2.954377054044623e-11,2.954367118275285e-11,2.954357215843734e-11,2.9543473301854985e-11,2.954337453910081e-11,2.9543275834042256e-11,2.954317716709816e-11,2.954307852659435e-11,2.954297990504136e-11,2.954288129773142e-11,2.9542782700830557e-11,2.954268411188325e-11,2.954258552910015e-11,2.954248695122823e-11,2.9542388377371555e-11,2.954228980688132e-11,2.954219123930972e-11,2.9542092674280595e-11,2.9541994111572974e-11,2.954189555101192e-11,2.954179699247522e-11,2.9541698435852315e-11,2.954159988111918e-11,2.9541501328209495e-11,2.9541402776672134e-11,2.954130422729203e-11,2.9541205679658e-11,2.954110713335364e-11,2.954100858877051e-11,2.9540910045901827e-11,2.95408115047429e-11,2.9540712965290746e-11,2.9540614427542654e-11,2.954051589149645e-11,2.954041735715162e-11,2.9540318824507305e-11,2.9540220293554076e-11,2.954012176430699e-11,2.95400232367593e-11,2.953992471090992e-11,2.9539826186759125e-11,2.9539727664305964e-11,2.953962914355083e-11,2.9539530624492194e-11,2.953943210713331e-11,2.95393335914713e-11,2.953923507750684e-11,2.9539136565242176e-11,2.9539038054672324e-11,2.9538939545799925e-11,2.953884103862633e-11,2.9538742533151735e-11,2.953864402936756e-11,2.953854552726613e-11,2.953844702688012e-11,2.953834852819127e-11,2.953825003119905e-11,2.953815153590448e-11,2.953805304230681e-11,2.953795455040826e-11,2.953785606020556e-11,2.9537757571699386e-11,2.95376590848898e-11,2.9537560599777103e-11,2.953746211636105e-11,2.953736363464205e-11,2.95372651546196e-11,2.9537166676293874e-11,2.9537068199665066e-11,2.953696972473289e-11,2.95368712514972e-11,2.9536772779958274e-11,2.953667431011583e-11,2.953657584196983e-11,2.953647737552042e-11,2.953637891076732e-11,2.953628044771088e-11,2.95361819863509e-11,2.95360835266872e-11,2.953598506871992e-11,2.953588661244867e-11,2.953578815787372e-11,2.953568970499495e-11,2.953559125381258e-11,2.9535492804326185e-11,2.9535394356535904e-11,2.953529591044187e-11,2.953519746604354e-11,2.953509902334172e-11,2.953500058233563e-11,2.953490214302545e-11,2.953480370541108e-11,2.9534705269492396e-11,2.953460683526981e-11,2.9534508402743304e-11,2.953440997191224e-11,2.953431154277714e-11,2.9534213115337744e-11,2.9534114689593603e-11,2.953401626554545e-11,2.953391784319274e-11,2.953381942253569e-11,2.953372100357403e-11,2.953362258630795e-11,2.953352417073727e-11,2.953342575686185e-11,2.953332734468202e-11,2.9533228934197714e-11,2.953313052540847e-11,2.953303211831444e-11,2.9532933712915725e-11,2.9532835309212154e-11,2.953273690720395e-11,2.9532638506891004e-11,2.953254010827296e-11,2.953244171134984e-11,2.953234331612201e-11,2.953224492258905e-11,2.95321465307509e-11,2.953204814060789e-11,2.953194975215968e-11,2.953185136540634e-11,2.953175298034787e-11,2.9531654596983943e-11,2.9531556215315036e-11,2.953145783534102e-11,2.953135945706167e-11,2.953126108047654e-11,2.9531162705586354e-11,2.9531064332390445e-11,2.953096596088933e-11,2.9530867591082945e-11,2.9530769222970584e-11,2.953067085655297e-11,2.953057249182976e-11,2.953047412880088e-11,2.9530375767466176e-11,2.953027740782603e-11,2.953017904987969e-11,2.9530080693628e-11,2.952998233907053e-11,2.9529883986207065e-11,2.952978563503793e-11,2.952968728556247e-11,2.9529588937781506e-11,2.952949059169421e-11,2.952939224730104e-11,2.9529293904602055e-11,2.9529195563596784e-11,2.952909722428542e-11,2.952899888666803e-11,2.9528900550744243e-11,2.952880221651408e-11,2.952870388397806e-11,2.95286055531357e-11,2.952850722398688e-11,2.952840889653175e-11,2.9528310570770126e-11,2.95282122467019e-11,2.952811392432742e-11,2.9528015603646696e-11,2.952791728465937e-11,2.952781896736522e-11,2.952772065176479e-11,2.9527622337857356e-11,2.952752402564328e-11,2.952742571512267e-11,2.952732740629521e-11,2.9527229099161084e-11,2.9527130793719836e-11,2.9527032489972105e-11,2.952693418791763e-11,2.952683588755592e-11,2.952673758888726e-11,2.9526639291911475e-11,2.952654099662891e-11,2.95264427030392e-11,2.952634441114265e-11,2.952624612093885e-11,2.952614783242797e-11,2.952604954560976e-11,2.952595126048413e-11,2.9525852977051325e-11,2.952575469531154e-11,2.952565641526438e-11,2.952555813690959e-11,2.952545986024749e-11,2.952536158527796e-11,2.952526331200099e-11,2.952516504041636e-11,2.952506677052426e-11,2.9524968502324856e-11,2.952487023581741e-11,2.95247719710024e-11,2.952467370787977e-11,2.952457544644967e-11,2.952447718671168e-11,2.952437892866583e-11,2.952428067231225e-11,2.952418241765065e-11,2.952408416468096e-11,2.9523985913403805e-11,2.95238876638187e-11,2.95237894159253e-11,2.952369116972389e-11,2.952359292521462e-11,2.952349468239699e-11,2.9523396441271473e-11,2.9523298201837765e-11,2.952319996409562e-11,2.9523101728045406e-11,2.952300349368707e-11,2.9522905261020366e-11,2.952280703004528e-11,2.9522708800761787e-11,2.952261057316974e-11,2.952251234726937e-11,2.9522414123060444e-11,2.9522315900543174e-11,2.952221767971714e-11,2.9522119460582864e-11,2.9522021243139714e-11,2.952192302738803e-11,2.95218248133276e-11,2.9521726600958244e-11,2.9521628390280164e-11,2.952153018129369e-11,2.9521431973997996e-11,2.952133376839359e-11,2.952123556448023e-11,2.9521137362257884e-11,2.952103916172661e-11,2.9520940962886357e-11,2.952084276573715e-11,2.9520744570278976e-11,2.9520646376511234e-11,2.9520548184434734e-11,2.9520449994049275e-11,2.9520351805354316e-11,2.952025361835007e-11,2.952015543303641e-11,2.952005724941372e-11,2.951995906748142e-11,2.951986088724006e-11,2.9519762708688945e-11,2.951966453182839e-11,2.9519566356658534e-11,2.95194681831792e-11,2.951937001139015e-11,2.9519271841291833e-11,2.951917367288344e-11,2.9519075506165596e-11,2.9518977341137934e-11,2.9518879177800396e-11,2.9518781016153454e-11,2.951868285619651e-11,2.9518584697929734e-11,2.9518486541353286e-11,2.951838838646704e-11,2.951829023327037e-11,2.951819208176409e-11,2.95180939319477e-11,2.951799578382132e-11,2.9517897637384887e-11,2.951779949263806e-11,2.9517701349581225e-11,2.95176032082144e-11,2.951750506853719e-11,2.951740693054994e-11,2.951730879425197e-11,2.9517210659643726e-11,2.9517112526725426e-11,2.9517014395496616e-11,2.95169162659574e-11,2.9516818138107856e-11,2.9516720011947556e-11,2.9516621887476605e-11,2.951652376469548e-11,2.951642564360363e-11,2.951632752420094e-11,2.951622940648785e-11,2.951613129046402e-11,2.951603317612947e-11,2.95159350634841e-11,2.951583695252788e-11,2.951573884326101e-11,2.951564073568289e-11,2.9515542629794e-11,2.951544452559433e-11,2.951534642308354e-11,2.951524832226194e-11,2.951515022312914e-11,2.951505212568505e-11,2.9514954029930006e-11,2.951485593586394e-11,2.9514757843486484e-11,2.951465975279776e-11,2.951456166379815e-11,2.9514463576486966e-11,2.951436549086453e-11,2.9514267406930544e-11,2.9514169324685056e-11,2.951407124412846e-11,2.951397316526033e-11,2.951387508808066e-11,2.951377701258965e-11,2.9513678938787046e-11,2.9513580866672634e-11,2.9513482796246724e-11,2.951338472750891e-11,2.951328666045936e-11,2.951318859509832e-11,2.9513090531425607e-11,2.9512992469440945e-11,2.951289440914433e-11,2.95127963505358e-11,2.951269829361558e-11,2.951260023838333e-11,2.9512502184839e-11,2.951240413298244e-11,2.951230608281416e-11,2.951220803433362e-11,2.951210998754115e-11,2.951201194243629e-11,2.951191389901938e-11,2.951181585729031e-11,2.9511717817248874e-11,2.9511619778895276e-11,2.9511521742229005e-11,2.9511423707250705e-11,2.9511325673959556e-11,2.9511227642369465e-11,2.951112961245445e-11,2.951103158422645e-11,2.951093355768588e-11,2.9510835532832463e-11,2.951073750966635e-11,2.9510639488187707e-11,2.951054146839635e-11,2.9510443450292524e-11,2.951034543387569e-11,2.951024741915504e-11,2.951014940611287e-11,2.951005139475749e-11,2.950995338508953e-11,2.9509855377110934e-11,2.95097573708168e-11,2.950965936620973e-11,2.950956136328972e-11,2.950946336205661e-11,2.9509365362510564e-11,2.950926736465132e-11,2.9509169368504926e-11,2.950907137401933e-11,2.950897338122056e-11,2.950887539010818e-11,2.950877740068286e-11,2.950867941294426e-11,2.950858142689197e-11,2.950848344252643e-11,2.950838545984725e-11,2.950828747885468e-11,2.950818949954869e-11,2.950809152192915e-11,2.950799354610572e-11,2.950789557185955e-11,2.9507797599299364e-11,2.950769962842531e-11,2.950760165923773e-11,2.950750369173619e-11,2.950740572592085e-11,2.950730776179143e-11,2.95072097993484e-11,2.950711183859111e-11,2.9507013879519475e-11,2.950691592218407e-11,2.9506817966481726e-11,2.950672001246626e-11,2.9506622060139015e-11,2.950652410949786e-11,2.950642616054283e-11,2.950632821327353e-11,2.9506230267708234e-11,2.950613232381033e-11,2.950603438159826e-11,2.9505936441070186e-11,2.9505838502229706e-11,2.9505740565074425e-11,2.9505642629605054e-11,2.950554469580065e-11,2.950544676367022e-11,2.9505348833205544e-11,2.95052509044289e-11,2.9505152977386966e-11,2.950505505203016e-11,2.950495712835879e-11,2.95048592063726e-11,2.950476128607208e-11,2.950466336745659e-11,2.950456545052627e-11,2.950446753528094e-11,2.950436962172107e-11,2.95042717098464e-11,2.9504173799656346e-11,2.9504075891151616e-11,2.950397798433177e-11,2.9503880079196694e-11,2.95037821757472e-11,2.950368427398223e-11,2.9503586373902204e-11,2.950348847550671e-11,2.950339057879618e-11,2.950329268377072e-11,2.9503194790429725e-11,2.950309689877286e-11,2.9502999008801396e-11,2.950290112050386e-11,2.950280323391001e-11,2.9502705348988766e-11,2.9502607465755496e-11,2.9502509584805464e-11,2.9502411704935704e-11,2.950231382675567e-11,2.950221595025987e-11,2.9502118075448665e-11,2.9502020202610076e-11,2.950192233149158e-11,2.950182446173361e-11,2.9501726593659224e-11,2.9501628727269283e-11,2.950153086256317e-11,2.95014329995412e-11,2.9501335138203337e-11,2.950123727854961e-11,2.9501139420579633e-11,2.9501041564290886e-11,2.9500943709694544e-11,2.9500845856781224e-11,2.950074800554698e-11,2.950065015599646e-11,2.950055230813003e-11,2.95004544619472e-11,2.950035661744837e-11,2.950025877463272e-11,2.9500160933501035e-11,2.95000630940529e-11,2.949996525628816e-11,2.949986742020725e-11,2.9499769585809585e-11,2.9499671753095725e-11,2.949957392206512e-11,2.9499476092717896e-11,2.9499378265054264e-11,2.949928043907393e-11,2.949918261477646e-11,2.9499084792162635e-11,2.949898697123186e-11,2.949888915198431e-11,2.949879133442008e-11,2.949869351853907e-11,2.949859570434122e-11,2.949849789182622e-11,2.9498400080994174e-11,2.9498302271845144e-11,2.9498204464379434e-11,2.949810665859642e-11,2.9498008854496535e-11,2.9497911052079153e-11,2.949781325134457e-11,2.949771545229274e-11,2.94976176549236e-11,2.949751985923746e-11,2.949742206523386e-11,2.9497324272913155e-11,2.94972264822748e-11,2.949712869331906e-11,2.949703090604622e-11,2.949693312045571e-11,2.949683533654764e-11,2.9496737554321696e-11,2.9496639773778285e-11,2.949654199491729e-11,2.949644421773891e-11,2.949634644224269e-11,2.949624866842867e-11,2.949615089629705e-11,2.949605312584741e-11,2.9495955357080267e-11,2.949585758981756e-11,2.949575982441331e-11,2.949566206069181e-11,2.9495564298652545e-11,2.949546653829536e-11,2.9495368779620225e-11,2.9495271022627104e-11,2.949517326731583e-11,2.949507551368645e-11,2.949497776173868e-11,2.94948800114728e-11,2.9494782262888656e-11,2.949468451598649e-11,2.949458677076583e-11,2.9494489027226656e-11,2.949439128536923e-11,2.949429354519346e-11,2.9494195806752073e-11,2.9494098069939814e-11,2.949400033480852e-11,2.949390260135286e-11,2.949380486958413e-11,2.949370713949728e-11,2.949360941108533e-11,2.9493511684360736e-11,2.949341395931638e-11,2.9493316235953064e-11,2.949321851427167e-11,2.94931207942717e-11,2.9493023075953217e-11,2.9492925359315666e-11,2.949282764362803e-11,2.949272993035023e-11,2.9492632218755e-11,2.9492534508841397e-11,2.949243680060909e-11,2.949233909405752e-11,2.949224138918564e-11,2.949214368563205e-11,2.949204598412349e-11,2.9491948284295604e-11,2.9491850586147984e-11,2.9491752889681084e-11,2.949165519489495e-11,2.9491557501789544e-11,2.949145981036467e-11,2.949136212062023e-11,2.949126443255608e-11,2.9491166746172664e-11,2.949106906146948e-11,2.9490971378446987e-11,2.9490873697104735e-11,2.9490776017442843e-11,2.9490678339461175e-11,2.949058066315973e-11,2.9490482988538786e-11,2.949038531559781e-11,2.949028764433706e-11,2.949018997475663e-11,2.949009230685612e-11,2.94899946406357e-11,2.9489896976095306e-11,2.9489799313234984e-11,2.948970165205449e-11,2.9489603992554066e-11,2.9489506334733426e-11,2.9489408678592686e-11,2.948931102413166e-11,2.9489213371350785e-11,2.948911572024919e-11,2.948901807082712e-11,2.9488920423085354e-11,2.948882277702299e-11,2.948872513263279e-11,2.948862748992954e-11,2.9488529848905933e-11,2.948843220956178e-11,2.948833457189705e-11,2.948823693591195e-11,2.9488139301606244e-11,2.9488041668979774e-11,2.948794403803267e-11,2.948784640876473e-11,2.9487748781176554e-11,2.948765115526717e-11,2.9487553531037134e-11,2.9487455908486396e-11,2.9487358287614634e-11,2.9487260668421803e-11,2.948716305090819e-11,2.94870654350735e-11,2.9486967820918255e-11,2.9486870208441516e-11,2.948677259764387e-11,2.948667498852493e-11,2.948657738108512e-11,2.9486479775323765e-11,2.948638217124176e-11,2.9486284568838356e-11,2.9486186968113385e-11,2.9486089369067217e-11,2.948599177169958e-11,2.948589417601131e-11,2.948579658200077e-11,2.948569898966901e-11,2.948560139901571e-11,2.948550381004096e-11,2.948540622276233e-11,2.948530863714449e-11,2.9485211053205e-11,2.948511347100462e-11,2.948501589042048e-11,2.9484918311515734e-11,2.948482073428916e-11,2.948472315874081e-11,2.9484625584871014e-11,2.948452801267898e-11,2.9484430442165153e-11,2.9484332873281325e-11,2.9484235306127887e-11,2.9484137740648e-11,2.9484040176846146e-11,2.948394261472266e-11,2.9483845054276614e-11,2.948374749550842e-11,2.948364993841818e-11,2.948355238300493e-11,2.94834548292703e-11,2.94833572772134e-11,2.948325972683401e-11,2.948316217813242e-11,2.948306463110833e-11,2.9482967085761774e-11,2.948286954209337e-11,2.9482772000101086e-11,2.948267445978719e-11,2.948257692144162e-11,2.948247938448111e-11,2.948238184919836e-11,2.9482284315591917e-11,2.94821867836658e-11,2.948208925428502e-11,2.9481991726575485e-11,2.948189420050091e-11,2.948179667607137e-11,2.948169915251075e-11,2.948160163064367e-11,2.948150411045773e-11,2.948140659194912e-11,2.948130907511756e-11,2.948121155996176e-11,2.94811140464829e-11,2.9481016534680723e-11,2.9480919024555456e-11,2.948082151610712e-11,2.948072400933569e-11,2.9480626504240846e-11,2.948052900082296e-11,2.948043149908168e-11,2.948033399901691e-11,2.948023650062894e-11,2.948013900391723e-11,2.948004150888215e-11,2.9479944015523774e-11,2.9479846523841804e-11,2.9479749033836393e-11,2.947965154550735e-11,2.947955405885461e-11,2.9479456579311115e-11,2.947935910153881e-11,2.947926161991533e-11,2.947916413996766e-11,2.94790666616966e-11,2.947896918494817e-11,2.947887171002362e-11,2.947877423678051e-11,2.947867676521356e-11,2.947857929529171e-11,2.9478481827076924e-11,2.9478384360537807e-11,2.9478286895653044e-11,2.947818943246594e-11,2.9478091970954756e-11,2.947799451111938e-11,2.9477897052959494e-11,2.947779959647571e-11,2.9477702141661035e-11,2.947760468852877e-11,2.947750723705119e-11,2.9477409787230505e-11,2.947731233912452e-11,2.9477214892694285e-11,2.947711744793988e-11,2.947702000486076e-11,2.9476922563457285e-11,2.947682512372891e-11,2.9476727685676094e-11,2.947663024929877e-11,2.947653281459667e-11,2.947643538163694e-11,2.9476337950255494e-11,2.947624052057958e-11,2.9476143092578824e-11,2.947604566625292e-11,2.9475948241602104e-11,2.9475850818626156e-11,2.947575339732766e-11,2.947565597770174e-11,2.947555855975076e-11,2.9475461143474686e-11,2.947536372887374e-11,2.9475266315947476e-11,2.947516890469632e-11,2.947507149511963e-11,2.94749740871828e-11,2.9474876680952916e-11,2.947477927639958e-11,2.947468187352161e-11,2.947458447231824e-11,2.9474487072821176e-11,2.94743896749672e-11,2.947429227878796e-11,2.9474194884283114e-11,2.94740974914526e-11,2.947400010029617e-11,2.9473902711673654e-11,2.94738053238629e-11,2.9473707937730106e-11,2.947361055327161e-11,2.947351317048702e-11,2.947341578937386e-11,2.9473318409937766e-11,2.9473221031983514e-11,2.9473123656017075e-11,2.9473026281603214e-11,2.947292890886369e-11,2.9472831537797985e-11,2.947273416840642e-11,2.9472636800688666e-11,2.947253943465178e-11,2.9472442070281585e-11,2.9472344707585236e-11,2.947224734656277e-11,2.947214998721438e-11,2.947205262952889e-11,2.9471955273528e-11,2.9471857919199475e-11,2.947176056654582e-11,2.947166321556555e-11,2.947156586625908e-11,2.947146851862617e-11,2.947137117266656e-11,2.947127382838042e-11,2.947117648576742e-11,2.947107914482819e-11,2.947098180556232e-11,2.947088446796958e-11,2.9470787132050517e-11,2.9470689797804585e-11,2.9470592465231523e-11,2.947049513433181e-11,2.9470397805090934e-11,2.9470300477537676e-11,2.9470203151657346e-11,2.947010582745382e-11,2.947000850491961e-11,2.946991118405828e-11,2.946981386486984e-11,2.94697165473546e-11,2.9469619231512094e-11,2.94695219173426e-11,2.946942460484547e-11,2.946932729946566e-11,2.946922999031373e-11,2.9469132682834894e-11,2.946903537702902e-11,2.946893807289541e-11,2.946884077060987e-11,2.946874346982179e-11,2.946864617072085e-11,2.9468548873277687e-11,2.946845157750691e-11,2.9468354283408643e-11,2.9468256990982754e-11,2.946815970022919e-11,2.9468062411146035e-11,2.9467965123737706e-11,2.9467867838001e-11,2.946777055389073e-11,2.946767327149863e-11,2.946757599077868e-11,2.946747871154392e-11,2.946738143416808e-11,2.946728415846411e-11,2.9467186884432484e-11,2.946708961207278e-11,2.946699234678293e-11,2.9466895083007646e-11,2.946679781566363e-11,2.946670054999137e-11,2.946660328599056e-11,2.946650602366163e-11,2.9466408763004836e-11,2.946631150401938e-11,2.946621424670592e-11,2.9466116991063836e-11,2.946601973709356e-11,2.9465922484794673e-11,2.946582523416757e-11,2.9465727985211787e-11,2.9465630737927553e-11,2.946553349231473e-11,2.946543624837346e-11,2.946533900610336e-11,2.9465241765504496e-11,2.9465144526577185e-11,2.946504728932107e-11,2.9464950053736e-11,2.946485282064622e-11,2.94647555892638e-11,2.946465835869481e-11,2.9464561129795065e-11,2.9464463902541625e-11,2.946436667813442e-11,2.9464269454246127e-11,2.946417223207076e-11,2.9464075011525425e-11,2.9463977792650665e-11,2.9463880575446764e-11,2.946378335991509e-11,2.946368614605317e-11,2.9463588933861894e-11,2.946349172334112e-11,2.946339451449146e-11,2.9463297307312226e-11,2.9463200101803955e-11,2.946310289796584e-11,2.94630056957984e-11,2.9462908495301365e-11,2.9462811296474774e-11,2.9462714099318837e-11,2.94626169038333e-11,2.946251971036586e-11,2.946242251817644e-11,2.946232532769457e-11,2.9462228138890243e-11,2.946213095175608e-11,2.946203376663537e-11,2.9461936582841335e-11,2.946183940071769e-11,2.946174222026452e-11,2.946164504148548e-11,2.9461547864372096e-11,2.946145068892882e-11,2.946135351515521e-11,2.9461256343102416e-11,2.946115917268391e-11,2.946106200392017e-11,2.9460964836826206e-11,2.9460867671402067e-11,2.946077050764778e-11,2.946067334556342e-11,2.9460576185148635e-11,2.946047902640311e-11,2.946038186932747e-11,2.9460284713921644e-11,2.946018756018521e-11,2.946009040811825e-11,2.945999325772091e-11,2.9459896108992955e-11,2.945979896193466e-11,2.9459701816545334e-11,2.94596046728257e-11,2.9459507530775194e-11,2.945941039039448e-11,2.94593132516826e-11,2.9459216114639666e-11,2.945911897926622e-11,2.9459021845561876e-11,2.94589247135265e-11,2.9458827583160305e-11,2.945873045446313e-11,2.9458633327434954e-11,2.9458536202075974e-11,2.945843907838603e-11,2.945834195636472e-11,2.945824483601222e-11,2.94581477173287e-11,2.9458050600313876e-11,2.9457953484967775e-11,2.945785637129049e-11,2.945775925928204e-11,2.9457662148942214e-11,2.945756504027095e-11,2.945746793326862e-11,2.9457370827934453e-11,2.9457273724268595e-11,2.945717662227167e-11,2.945707952194302e-11,2.94569824232828e-11,2.9456885326290976e-11,2.945678823096767e-11,2.9456691137312535e-11,2.9456594045325775e-11,2.945649695500717e-11,2.945639986635684e-11,2.945630277938298e-11,2.945620569406808e-11,2.9456108610421826e-11,2.945601152838477e-11,2.9455914448071906e-11,2.945581736943001e-11,2.945572029245965e-11,2.945562321715738e-11,2.9455526143519685e-11,2.9455429071549875e-11,2.945533200124765e-11,2.945523493261315e-11,2.945513786564686e-11,2.945504080034805e-11,2.945494373671698e-11,2.945484667475399e-11,2.9454749614458284e-11,2.9454652555830025e-11,2.94545554988695e-11,2.9454458443576464e-11,2.945436138995086e-11,2.945426433799311e-11,2.945416728770265e-11,2.945407023907938e-11,2.945397319212368e-11,2.9453876146835145e-11,2.9453779103082036e-11,2.945368206112816e-11,2.9453585020852616e-11,2.945348798223286e-11,2.945339094527889e-11,2.945329390999379e-11,2.9453196876375767e-11,2.945309984442442e-11,2.94530028141407e-11,2.9452905785830606e-11,2.945280875888056e-11,2.945271173359771e-11,2.945261470998154e-11,2.945251768803212e-11,2.945242066774971e-11,2.94523236491339e-11,2.9452226632182417e-11,2.94521296169002e-11,2.94520326032847e-11,2.9451935591335566e-11,2.945183858105342e-11,2.9451741572437705e-11,2.945164456548877e-11,2.945154756020604e-11,2.945145055658985e-11,2.945135355464018e-11,2.945125655435728e-11,2.9451159555740334e-11,2.945106255878999e-11,2.945096556350567e-11,2.9450868569887604e-11,2.9450771577935886e-11,2.9450674587680916e-11,2.9450577599061676e-11,2.9450480612108514e-11,2.945038362682136e-11,2.9450286643200454e-11,2.9450189661244606e-11,2.9450092680955825e-11,2.944999570232421e-11,2.944989872526376e-11,2.944980174997292e-11,2.944970477634811e-11,2.9449607804388625e-11,2.944951083416972e-11,2.944941386554212e-11,2.944931689857917e-11,2.94492199332828e-11,2.94491229696517e-11,2.944902600767867e-11,2.944892904737944e-11,2.944883208874671e-11,2.9448735131778136e-11,2.944863817647487e-11,2.944854122283707e-11,2.944844427086522e-11,2.944834732055847e-11,2.944825037191743e-11,2.944815342494119e-11,2.9448056480383165e-11,2.9447959536734885e-11,2.9447862594753574e-11,2.944776565442991e-11,2.944766871577981e-11,2.944757177879547e-11,2.944747484347584e-11,2.9447377909049544e-11,2.944728097706568e-11,2.94471840467157e-11,2.944708711805678e-11,2.944699019106216e-11,2.9446893265732336e-11,2.944679634206733e-11,2.9446699420067156e-11,2.94466024997317e-11,2.944650558106093e-11,2.944640866405521e-11,2.944631174878379e-11,2.944621483520417e-11,2.944611792329799e-11,2.944602101295254e-11,2.9445924104269747e-11,2.944582719725173e-11,2.944573029189799e-11,2.944563338820865e-11,2.944553648618353e-11,2.944543958582267e-11,2.9445342687126306e-11,2.944524579009427e-11,2.9445148894726265e-11,2.9445052001022634e-11,2.9444955108983167e-11,2.9444858218607826e-11,2.944476132989677e-11,2.944466444284981e-11,2.944456755746713e-11,2.944447067374799e-11,2.9444373791692957e-11,2.944427691130226e-11,2.944418003257528e-11,2.9444083155511973e-11,2.94439862801127e-11,2.944388940637748e-11,2.944379253430576e-11,2.944369566389791e-11,2.9443598795153724e-11,2.944350192807323e-11,2.9443405062656287e-11,2.9443308198903075e-11,2.944321133681343e-11,2.944311447638738e-11,2.944301761762474e-11,2.944292076052551e-11,2.944282390508999e-11,2.944272705127924e-11,2.944263019916157e-11,2.94425333487161e-11,2.944243649993422e-11,2.9442339652815066e-11,2.944224280735949e-11,2.9442145963567e-11,2.944204912143788e-11,2.944195228097204e-11,2.9441855442168985e-11,2.9441758605029146e-11,2.944166176955197e-11,2.944156493573836e-11,2.944146810358747e-11,2.944137127309951e-11,2.9441274444274373e-11,2.944117761711235e-11,2.9441080791612745e-11,2.9440983967776245e-11,2.944088714560278e-11,2.944079032509161e-11,2.944069350624323e-11,2.944059668905754e-11,2.9440499873416436e-11,2.944040305942649e-11,2.944030624712344e-11,2.944020943643883e-11,2.944011262756583e-11,2.9440015820256173e-11,2.9439919014610493e-11,2.943982221066014e-11,2.9439725408437275e-11,2.943962860787658e-11,2.943953180897784e-11,2.943943501199323e-11,2.943933821642892e-11,2.9439241422516896e-11,2.943914462948506e-11,2.9439047838897396e-11,2.943895104997192e-11,2.9438854262708577e-11,2.943875747710719e-11,2.943866069316759e-11,2.9438563910890245e-11,2.943846713027435e-11,2.9438370351320505e-11,2.9438273574028787e-11,2.943817679839898e-11,2.943808002443072e-11,2.94379832521243e-11,2.943788648147955e-11,2.9437789712264437e-11,2.943769294494306e-11,2.9437596179271105e-11,2.943749941523144e-11,2.94374026528953e-11,2.94373058922206e-11,2.943720913320691e-11,2.943711237585484e-11,2.943701562016387e-11,2.943691886613455e-11,2.9436822113766426e-11,2.943672536305959e-11,2.943662861400267e-11,2.9436531866618585e-11,2.943643512089535e-11,2.943633837683329e-11,2.94362416344326e-11,2.9436144893692966e-11,2.943604815461426e-11,2.9435951417196703e-11,2.943585468144024e-11,2.943575794734487e-11,2.943566121491033e-11,2.9435564484136575e-11,2.9435467755024133e-11,2.9435371027573704e-11,2.943527430178415e-11,2.943517757765526e-11,2.943508085518764e-11,2.943498413438021e-11,2.943488741523369e-11,2.94347906977477e-11,2.9434693981922275e-11,2.9434597267757356e-11,2.943450055525139e-11,2.943440384440589e-11,2.9434307135220676e-11,2.9434210427696e-11,2.943411372183176e-11,2.9434017017627847e-11,2.9433920315083994e-11,2.9433823614200506e-11,2.9433726914977286e-11,2.943363021741451e-11,2.943353352151193e-11,2.943343682726913e-11,2.943334013468679e-11,2.94332434437644e-11,2.943314675450216e-11,2.9433050066899846e-11,2.943295338095756e-11,2.943285669667523e-11,2.943276001405284e-11,2.9432663333090396e-11,2.9432566653787766e-11,2.943246997614491e-11,2.943237330016166e-11,2.9432276625838374e-11,2.943217995317473e-11,2.9432083282170806e-11,2.943198661282645e-11,2.943188994514176e-11,2.943179327911634e-11,2.9431696614751e-11,2.943159995204486e-11,2.943150329099813e-11,2.94314066316109e-11,2.943130997388314e-11,2.943121331781471e-11,2.943111666340562e-11,2.943102001065571e-11,2.943092335956507e-11,2.943082671013399e-11,2.943073006236174e-11,2.9430633416248987e-11,2.9430536771795334e-11,2.943044012900076e-11,2.9430343487865115e-11,2.943024684838846e-11,2.943015021057091e-11,2.943005357441236e-11,2.942995693991245e-11,2.942986030707186e-11,2.942976367588994e-11,2.9429667046366844e-11,2.942957041850249e-11,2.94294737922978e-11,2.942937716774207e-11,2.9429280544854176e-11,2.9429183923624943e-11,2.9429087304054104e-11,2.942899068614192e-11,2.942889406988802e-11,2.942879745529318e-11,2.9428700842356276e-11,2.942860423107803e-11,2.942850762145817e-11,2.942841101349694e-11,2.9428314407194104e-11,2.942821780254907e-11,2.9428121199562715e-11,2.942802459823461e-11,2.942792799856479e-11,2.942783140055289e-11,2.9427734804199253e-11,2.9427638209504004e-11,2.9427541616466224e-11,2.942744502508707e-11,2.942734843536555e-11,2.942725184730236e-11,2.94271552608971e-11,2.942705867614935e-11,2.9426962093059777e-11,2.942686551162773e-11,2.942676893185367e-11,2.942667235373755e-11,2.942657577727913e-11,2.942647920247862e-11,2.9426382629335225e-11,2.9426286057850004e-11,2.942618948802223e-11,2.942609291985193e-11,2.942599635333908e-11,2.942589978848386e-11,2.942580322528616e-11,2.9425706663745904e-11,2.9425610103863015e-11,2.942551354563769e-11,2.9425416989069454e-11,2.9425320434158535e-11,2.942522388090466e-11,2.942512732930852e-11,2.942503077936929e-11,2.942493423108729e-11,2.9424837684153524e-11,2.9424741139185924e-11,2.942464459587391e-11,2.9424548054220185e-11,2.942445151422352e-11,2.9424354975884616e-11,2.9424258439202005e-11,2.942416190417568e-11,2.9424065370806956e-11,2.942396883909471e-11,2.942387230903932e-11,2.9423775780640783e-11,2.9423679253898777e-11,2.9423582728813845e-11,2.9423486205385156e-11,2.9423389683613154e-11,2.942329316349772e-11,2.9423196645039025e-11,2.9423100128236944e-11,2.942300361309118e-11,2.9422907099601914e-11,2.942281058776889e-11,2.942271407759265e-11,2.9422617569072246e-11,2.9422521062208404e-11,2.9422424557000745e-11,2.942232805344952e-11,2.942223155155488e-11,2.9422135051315944e-11,2.942203855273309e-11,2.9421942055806474e-11,2.942184556053588e-11,2.942174906692138e-11,2.9421652574962876e-11,2.9421556084660346e-11,2.942145959601396e-11,2.942136310902358e-11,2.9421266623688644e-11,2.942117014001007e-11,2.9421073657986815e-11,2.9420977177602355e-11,2.9420880698875456e-11,2.942078422180591e-11,2.942068774639329e-11,2.9420591272636874e-11,2.9420494800537423e-11,2.942039833009614e-11,2.9420301861310575e-11,2.942020539418236e-11,2.9420108928711e-11,2.9420012464896346e-11,2.9419916002738915e-11,2.941981954223811e-11,2.941972308339373e-11,2.941962662620633e-11,2.941953017067558e-11,2.941943371680088e-11,2.941933726458266e-11,2.9419240814021294e-11,2.941914436511613e-11,2.94190479178676e-11,2.9418951472275807e-11,2.941885502833988e-11,2.94187585860596e-11,2.941866214543558e-11,2.941856570646828e-11,2.941846926915669e-11,2.9418372833501537e-11,2.9418276399502606e-11,2.9418179967159757e-11,2.9418083536472147e-11,2.9417987107441406e-11,2.9417890680066144e-11,2.941779425434706e-11,2.941769783028358e-11,2.941760140787559e-11,2.94175049871238e-11,2.9417408568027644e-11,2.941731215058706e-11,2.941721573480233e-11,2.941711932067292e-11,2.9417022908199315e-11,2.941692649738112e-11,2.9416830088218385e-11,2.941673368071094e-11,2.941663727485897e-11,2.9416540870662195e-11,2.941644446812108e-11,2.941634806723494e-11,2.941625166800413e-11,2.941615527042823e-11,2.9416058874507525e-11,2.941596248024197e-11,2.941586608763187e-11,2.941576969662657e-11,2.9415673307275034e-11,2.941557691957739e-11,2.941548053353354e-11,2.9415384149143487e-11,2.941528776640746e-11,2.941519138532503e-11,2.941509500589629e-11,2.9414998628121054e-11,2.9414902251999686e-11,2.9414805877531516e-11,2.9414709504969255e-11,2.9414613133809465e-11,2.9414516764252086e-11,2.941442039639839e-11,2.94143240301997e-11,2.9414227665894865e-11,2.941413130300167e-11,2.941403494202224e-11,2.941393858282592e-11,2.941384222509926e-11,2.941374586912799e-11,2.941364951469889e-11,2.941355316221741e-11,2.94134568108959e-11,2.941336046122793e-11,2.9413264113213195e-11,2.941316776685156e-11,2.941307142214302e-11,2.9412975079087304e-11,2.94128787376846e-11,2.941278239793492e-11,2.941268605983814e-11,2.9412589723394274e-11,2.941249338860299e-11,2.941239705546466e-11,2.9412300723978834e-11,2.94122043941457e-11,2.9412108065965586e-11,2.941201173943776e-11,2.9411915414562546e-11,2.941181909134009e-11,2.941172276977039e-11,2.9411626449852883e-11,2.94115301315878e-11,2.941143381497525e-11,2.941133750001499e-11,2.941124118670732e-11,2.941114487505177e-11,2.9411048565048494e-11,2.941095225669749e-11,2.9410855949998943e-11,2.9410759644952424e-11,2.941066334155815e-11,2.941056703981584e-11,2.9410470739725726e-11,2.9410374441287507e-11,2.9410278144501536e-11,2.9410181849367696e-11,2.9410085555885536e-11,2.940998926405518e-11,2.940989297338321e-11,2.9409796684970814e-11,2.9409700398096257e-11,2.940960411287377e-11,2.940950782930434e-11,2.940941154738508e-11,2.940931526711756e-11,2.94092189885019e-11,2.9409122711537346e-11,2.94090264362247e-11,2.94089301625635e-11,2.9408833890553785e-11,2.940873762003333e-11,2.940864135132535e-11,2.940854508427391e-11,2.940844881886986e-11,2.940835255511752e-11,2.940825629301659e-11,2.940816003257484e-11,2.9408063773792416e-11,2.940796751664502e-11,2.940787126112321e-11,2.9407775006882905e-11,2.940767875468975e-11,2.9407582504146794e-11,2.94074862546015e-11,2.940739000735999e-11,2.9407293761145104e-11,2.9407197517205944e-11,2.940710127491783e-11,2.9407005034280667e-11,2.940690879529436e-11,2.940681255795893e-11,2.940671632227428e-11,2.9406620088240234e-11,2.940652385585681e-11,2.940642762512444e-11,2.94063313960426e-11,2.94062351686114e-11,2.9406138942830574e-11,2.9406042718700665e-11,2.940594649622074e-11,2.940585027539162e-11,2.9405754056212774e-11,2.9405657838684496e-11,2.9405561622806425e-11,2.9405465408578914e-11,2.9405369196001784e-11,2.940527298507461e-11,2.940517677579758e-11,2.940508056817108e-11,2.9404984362194975e-11,2.9404888157868616e-11,2.9404791955192515e-11,2.940469575416635e-11,2.9404599554790504e-11,2.9404503357064245e-11,2.940440716098807e-11,2.9404310966561816e-11,2.940421477378586e-11,2.940411858265936e-11,2.940402239318295e-11,2.940392620535635e-11,2.940383001917925e-11,2.9403733834651895e-11,2.940363765177449e-11,2.9403541470546466e-11,2.940344529096823e-11,2.940334911303959e-11,2.940325293676062e-11,2.940315676213103e-11,2.9403060589151105e-11,2.9402964417820516e-11,2.940286824813934e-11,2.940277208010758e-11,2.94026759137252e-11,2.940257974899231e-11,2.940248358590842e-11,2.940238742447398e-11,2.94022912646889e-11,2.940219510655289e-11,2.9402098950065846e-11,2.940200279522795e-11,2.940190664203927e-11,2.94018104904998e-11,2.940171434060932e-11,2.94016181923678e-11,2.9401522045775066e-11,2.940142590083098e-11,2.9401329757536317e-11,2.9401233615890234e-11,2.9401137475893395e-11,2.9401041337544823e-11,2.940094520084531e-11,2.940084906579441e-11,2.940075293239222e-11,2.940065680063883e-11,2.940056067053392e-11,2.9400464542077705e-11,2.9400368415270254e-11,2.9400272290110825e-11,2.94001761665999e-11,2.940008004473762e-11,2.93999839245239e-11,2.939988780595859e-11,2.9399791689041365e-11,2.9399695573772496e-11,2.939959946015212e-11,2.9399503348179824e-11,2.93994072378558e-11,2.9399311129180046e-11,2.939921502215232e-11,2.939911891677271e-11,2.939902281304124e-11,2.9398926710957695e-11,2.939883061052207e-11,2.939873451173484e-11,2.939863841459518e-11,2.939854231910355e-11,2.9398446225260065e-11,2.93983501330641e-11,2.93982540425161e-11,2.9398157953615924e-11,2.9398061866363494e-11,2.9397965780758576e-11,2.939786969680165e-11,2.939777361449215e-11,2.939767753383026e-11,2.939758145481612e-11,2.9397485377449337e-11,2.939738930173022e-11,2.939729322765844e-11,2.9397197155234175e-11,2.9397101084457264e-11,2.939700501532778e-11,2.939690894784567e-11,2.9396812882010924e-11,2.939671681782337e-11,2.93966207552829e-11,2.939652469438994e-11,2.9396428635144077e-11,2.939633257754505e-11,2.939623652159329e-11,2.93961404672887e-11,2.939604441462839e-11,2.9395948363615443e-11,2.939585231424876e-11,2.939575626652924e-11,2.9395660220456686e-11,2.939556417603135e-11,2.939546813325292e-11,2.9395372092120856e-11,2.9395276052634934e-11,2.939518001479665e-11,2.939508397860503e-11,2.9394987944059926e-11,2.939489191116133e-11,2.9394795879909386e-11,2.939469985030354e-11,2.9394603822344665e-11,2.939450779603282e-11,2.939441177136654e-11,2.9394315748347106e-11,2.939421972697404e-11,2.9394123707250245e-11,2.9394027689175744e-11,2.939393167274434e-11,2.939383565795962e-11,2.9393739644820925e-11,2.9393643633328514e-11,2.93935476235041e-11,2.9393451615305604e-11,2.9393355608752385e-11,2.939325960386245e-11,2.9393163600600855e-11,2.939306759898522e-11,2.9392971599015194e-11,2.9392875600691084e-11,2.9392779604013064e-11,2.9392683608980764e-11,2.93925876155943e-11,2.939249162385342e-11,2.939239563375866e-11,2.9392299645309675e-11,2.9392203658506246e-11,2.939210767334862e-11,2.939201168983648e-11,2.9391915707969826e-11,2.939181972774904e-11,2.939172374917346e-11,2.9391627772243364e-11,2.9391531796958955e-11,2.9391435823319775e-11,2.939133985132626e-11,2.939124388097798e-11,2.939114791227506e-11,2.939105194521726e-11,2.939095597980486e-11,2.9390860016037675e-11,2.9390764053915584e-11,2.939066809343867e-11,2.939057213460687e-11,2.93904761774203e-11,2.939038022187885e-11,2.939028426798223e-11,2.9390188315730775e-11,2.9390092365127445e-11,2.938999641616592e-11,2.938990046862244e-11,2.938980452295081e-11,2.93897085789237e-11,2.938961263654128e-11,2.9389516695803716e-11,2.938942075671095e-11,2.93893248192631e-11,2.9389228883455695e-11,2.938913294929698e-11,2.9389037016782623e-11,2.938894108591282e-11,2.9388845156595585e-11,2.9388749229014895e-11,2.938865330307862e-11,2.938855737877316e-11,2.9388461456125677e-11,2.938836553512278e-11,2.938826961576429e-11,2.9388173698049783e-11,2.938807778197978e-11,2.938798186755358e-11,2.93878859547718e-11,2.938779004363419e-11,2.938769413414061e-11,2.938759822629115e-11,2.93875023200859e-11,2.93874064155244e-11,2.938731051347194e-11,2.9387214612198454e-11,2.938711871256888e-11,2.938702281458323e-11,2.938692692345783e-11,2.9386831028762654e-11,2.9386735135708534e-11,2.9386639244299716e-11,2.938654335453283e-11,2.9386447466409794e-11,2.93863515799306e-11,2.938625569512278e-11,2.9386159811930556e-11,2.9386063930381776e-11,2.93859680504767e-11,2.938587217221497e-11,2.938577629667299e-11,2.9385680421698016e-11,2.9385584548273435e-11,2.9385488676585326e-11,2.93853928065404e-11,2.9385296938140675e-11,2.938520107123165e-11,2.9385105206116483e-11,2.9385009342644533e-11,2.938491348083312e-11,2.938481762064771e-11,2.9384721762104883e-11,2.938462590520697e-11,2.938453004994993e-11,2.938443419633649e-11,2.9384338344366026e-11,2.93842424940383e-11,2.9384146645353495e-11,2.938405079831159e-11,2.9383954952912435e-11,2.9383859109156096e-11,2.938376326704273e-11,2.9383667426572024e-11,2.9383571587743826e-11,2.938347575055819e-11,2.9383379915015185e-11,2.938328408111502e-11,2.9383188248857066e-11,2.938309241824197e-11,2.9382996589269216e-11,2.938290076193882e-11,2.9382804936250725e-11,2.938270911220519e-11,2.938261328980387e-11,2.938251746904414e-11,2.938242164992539e-11,2.9382325832449e-11,2.93822300166148e-11,2.938213420242271e-11,2.938203838987282e-11,2.938194257896482e-11,2.9381846769699404e-11,2.9381750962075813e-11,2.9381655156094014e-11,2.9381559351754356e-11,2.938146354905651e-11,2.9381367748000526e-11,2.9381271948586625e-11,2.938117615081463e-11,2.938108035468432e-11,2.938098456021498e-11,2.938088876736793e-11,2.938079297612439e-11,2.938069719190273e-11,2.938060140398022e-11,2.938050561769971e-11,2.9380409833060816e-11,2.938031405006353e-11,2.938021826871228e-11,2.9380122489046684e-11,2.938002671097377e-11,2.937993093454261e-11,2.93798351597527e-11,2.937973938662118e-11,2.9379643615113515e-11,2.937954784524744e-11,2.937945207702288e-11,2.93793563102939e-11,2.937926054535157e-11,2.937916478212497e-11,2.9379069020464615e-11,2.9378973260445404e-11,2.937887750206734e-11,2.9378781745330316e-11,2.937868599023436e-11,2.9378590236779054e-11,2.937849448496465e-11,2.9378398734791316e-11,2.937830298625853e-11,2.9378207239366913e-11,2.937811149411585e-11,2.937801575045838e-11,2.937792000849232e-11,2.9377824268022924e-11,2.937772852933454e-11,2.937763279228698e-11,2.937753705687173e-11,2.937744132310519e-11,2.937734559097884e-11,2.937724986049334e-11,2.937715413164822e-11,2.937705840444353e-11,2.937696267887907e-11,2.9376866954954814e-11,2.9376771232671505e-11,2.937667551202784e-11,2.937657979302461e-11,2.937648407566165e-11,2.937638835993867e-11,2.937629264585609e-11,2.937619693341324e-11,2.9376101222610696e-11,2.937600551344821e-11,2.9375909805925926e-11,2.937581410004309e-11,2.937571839580033e-11,2.9375622693197625e-11,2.9375526992234786e-11,2.9375431292911685e-11,2.937533559522844e-11,2.9375239899184977e-11,2.93751442047812e-11,2.9375048512017145e-11,2.937495282089292e-11,2.9374857131408404e-11,2.9374761443563053e-11,2.937466575735739e-11,2.9374570072791467e-11,2.9374474389864726e-11,2.9374378708580495e-11,2.93742830289328e-11,2.9374187350974354e-11,2.9374091674608086e-11,2.9373995998522304e-11,2.9373900325432796e-11,2.937380465398175e-11,2.937370898416741e-11,2.93736133159919e-11,2.9373517649455816e-11,2.937342198455924e-11,2.93733263213009e-11,2.9373230659682356e-11,2.937313499970209e-11,2.937303934136133e-11,2.93729436846596e-11,2.937284802959654e-11,2.9372752376172465e-11,2.937265672438707e-11,2.9372561074240736e-11,2.937246542573353e-11,2.937236977886463e-11,2.937227413363465e-11,2.937217849004299e-11,2.937208284809035e-11,2.937198720777662e-11,2.937189156910116e-11,2.9371795932064665e-11,2.937170029666641e-11,2.937160466290641e-11,2.937150903078501e-11,2.937141340030178e-11,2.9371317771457353e-11,2.937122214425169e-11,2.937112651868633e-11,2.937103089475937e-11,2.937093527247078e-11,2.937083965182036e-11,2.937074403280816e-11,2.9370648415433986e-11,2.9370552799698254e-11,2.937045718560046e-11,2.937036157314076e-11,2.9370265962319057e-11,2.937017035313526e-11,2.9370074745589425e-11,2.9369979139681736e-11,2.936988353541176e-11,2.936978793277972e-11,2.936969233178553e-11,2.9369596732428996e-11,2.9369501134710376e-11,2.936940553862928e-11,2.9369309944186085e-11,2.9369214351380505e-11,2.936911876021258e-11,2.9369023170682033e-11,2.936892758278918e-11,2.9368831996534025e-11,2.936873641191631e-11,2.936864082893576e-11,2.936854524759277e-11,2.936844966788731e-11,2.936835408981929e-11,2.936825851338851e-11,2.9368162938594807e-11,2.936806736543865e-11,2.936797179391943e-11,2.936787622403776e-11,2.9367780655792876e-11,2.936768508918536e-11,2.9367589524215065e-11,2.9367493960881574e-11,2.936739839918503e-11,2.936730283912551e-11,2.9367207280703206e-11,2.9367111723917676e-11,2.9367016168768944e-11,2.936692061525738e-11,2.936682506338245e-11,2.936672951314429e-11,2.93666339645429e-11,2.936653841757836e-11,2.936644287225007e-11,2.9366347328558746e-11,2.936625178650395e-11,2.9366156246086144e-11,2.9366060707304646e-11,2.93659651701597e-11,2.936586963465087e-11,2.936577410077896e-11,2.9365678568543133e-11,2.9365583037944036e-11,2.936548750898098e-11,2.936539198165437e-11,2.936529645596398e-11,2.9365200931909814e-11,2.936510540949239e-11,2.9365009888710506e-11,2.936491436956524e-11,2.936481885205606e-11,2.93647233361828e-11,2.9364627821945585e-11,2.936453230934451e-11,2.936443679837932e-11,2.936434128905032e-11,2.9364245781356975e-11,2.93641502752997e-11,2.9364054770878044e-11,2.936395926809227e-11,2.936386376694243e-11,2.93637682674284e-11,2.936367276954994e-11,2.936357727330727e-11,2.936348177870014e-11,2.93633862857287e-11,2.936329079439297e-11,2.936319530469263e-11,2.93630998166281e-11,2.9363004330198595e-11,2.936290884540501e-11,2.936281336224664e-11,2.9362717880723814e-11,2.936262240083605e-11,2.936252692258382e-11,2.936243144596675e-11,2.936233597098499e-11,2.93622404976387e-11,2.936214502592748e-11,2.9362049555851254e-11,2.936195408741017e-11,2.9361858620604245e-11,2.9361763155433304e-11,2.936166769189757e-11,2.936157222999679e-11,2.93614767697306e-11,2.936138131109987e-11,2.9361285854103585e-11,2.936119039874263e-11,2.9361094945016595e-11,2.936099949232862e-11,2.936090404187155e-11,2.936080859243615e-11,2.936071314524834e-11,2.936061769970346e-11,2.9360522255385164e-11,2.936042681308162e-11,2.936033137243748e-11,2.9360235932750575e-11,2.936014049537477e-11,2.9360045059636946e-11,2.935994962553338e-11,2.935985419303384e-11,2.935975876180948e-11,2.935966333260073e-11,2.9359567905027115e-11,2.935947247908768e-11,2.935937705478243e-11,2.935928163211135e-11,2.935918621107448e-11,2.935909079167178e-11,2.9358995373903115e-11,2.9358899957767455e-11,2.935880454326845e-11,2.935870913040205e-11,2.935861371866569e-11,2.935851830906695e-11,2.935842290110226e-11,2.935832749477123e-11,2.935823209007422e-11,2.9358136687010863e-11,2.9358041285581414e-11,2.935794588578552e-11,2.935785048762353e-11,2.935775509109537e-11,2.9357659696200474e-11,2.935756430293917e-11,2.93574689113116e-11,2.93573735213174e-11,2.9357278132956793e-11,2.935718274622969e-11,2.935708736113614e-11,2.9356991977675744e-11,2.935689659584882e-11,2.9356801215655166e-11,2.935670583709482e-11,2.935661046016765e-11,2.9356515084873733e-11,2.93564197112131e-11,2.9356324339185656e-11,2.935622896879125e-11,2.9356133600029804e-11,2.935603823290151e-11,2.9355942867406405e-11,2.9355847503544326e-11,2.9355752141315077e-11,2.93556567807185e-11,2.9355561421755276e-11,2.935546606442467e-11,2.935537070915256e-11,2.9355275355388207e-11,2.935518000319538e-11,2.9355084652600004e-11,2.935498930342934e-11,2.9354893955954056e-11,2.9354798610327723e-11,2.9354703266058464e-11,2.935460792340071e-11,2.935451258239687e-11,2.93544172429234e-11,2.9354321905182685e-11,2.935422656933246e-11,2.9354131235146175e-11,2.935403590230323e-11,2.9353940571093774e-11,2.9353845241516554e-11,2.935374991357151e-11,2.9353654587258824e-11,2.9353559262578534e-11,2.9353463939530593e-11,2.935336861811455e-11,2.935327329833043e-11,2.93531779801787e-11,2.935308266365863e-11,2.935298734881285e-11,2.9352892035598225e-11,2.9352796724014155e-11,2.935270141406053e-11,2.935260610573774e-11,2.935251079904522e-11,2.9352415493983246e-11,2.9352320190551564e-11,2.935222488875039e-11,2.935212958857911e-11,2.935203429003873e-11,2.935193899312838e-11,2.935184369784826e-11,2.9351748404198215e-11,2.935165311217786e-11,2.935155782178819e-11,2.935146253302844e-11,2.9351367245899e-11,2.9351271960399037e-11,2.935117667652935e-11,2.935108139428885e-11,2.9350986113678716e-11,2.93508908346986e-11,2.9350795557347784e-11,2.935070028162713e-11,2.935060500753551e-11,2.9350509735073616e-11,2.9350414464241393e-11,2.935031919503855e-11,2.9350223927465573e-11,2.935012866152157e-11,2.935003339720742e-11,2.934993813452176e-11,2.934984287346595e-11,2.934974761403952e-11,2.9349652356242534e-11,2.934955710007508e-11,2.934946184553542e-11,2.93493665926255e-11,2.934927134135961e-11,2.934917609172468e-11,2.9349080843720004e-11,2.934898559734608e-11,2.9348890352602435e-11,2.93487951094894e-11,2.934869986800699e-11,2.934860462815509e-11,2.9348509389933606e-11,2.9348414153342654e-11,2.934831891838201e-11,2.9348223685051385e-11,2.93481284533514e-11,2.934803322328166e-11,2.9347937994842005e-11,2.934784276803281e-11,2.934774754285403e-11,2.934765231930511e-11,2.9347557097386054e-11,2.9347461877097035e-11,2.934736665843824e-11,2.934727144140945e-11,2.934717622601062e-11,2.93470810122416e-11,2.934698580010263e-11,2.934689058959347e-11,2.934679538071419e-11,2.9346700173464824e-11,2.9346604967721376e-11,2.934650976360514e-11,2.9346414561115395e-11,2.934631936025251e-11,2.9346224161014434e-11,2.9346128963499204e-11,2.934603376761361e-11,2.9345938573357406e-11,2.9345843380774926e-11,2.9345748189821415e-11,2.9345653000497587e-11,2.934555781280334e-11,2.934546262673807e-11,2.9345367442302497e-11,2.934527225949594e-11,2.93451770783189e-11,2.9345081898771096e-11,2.934498672085243e-11,2.9344891544562865e-11,2.934479636990264e-11,2.9344701196871266e-11,2.9344606025469145e-11,2.934451085569593e-11,2.934441568755152e-11,2.9344320521036646e-11,2.9344225356150376e-11,2.9344130192893244e-11,2.934403503126473e-11,2.934393987126518e-11,2.9343844712894193e-11,2.934374955615235e-11,2.934365440103899e-11,2.934355924755449e-11,2.934346409569862e-11,2.934336894546343e-11,2.9343273796771936e-11,2.9343178649871894e-11,2.93430835044748e-11,2.934298836076138e-11,2.934289321871949e-11,2.934279807812404e-11,2.9342702939297437e-11,2.93426078020985e-11,2.9342512666527864e-11,2.9342417532585205e-11,2.934232240027081e-11,2.934222726958433e-11,2.934213214052686e-11,2.934203701309706e-11,2.93419418872956e-11,2.9341846763122316e-11,2.9341751640577004e-11,2.934165651965962e-11,2.934156140037032e-11,2.934146628270918e-11,2.934137116667573e-11,2.934127605227043e-11,2.934118093949264e-11,2.934108582834296e-11,2.9340990718831257e-11,2.9340895610937175e-11,2.934080050466182e-11,2.9340705400023386e-11,2.9340610297012404e-11,2.934051519562899e-11,2.93404200958734e-11,2.934032499774541e-11,2.9340229901244874e-11,2.934013480637189e-11,2.93400397131299e-11,2.9339944621511626e-11,2.9339849531520725e-11,2.9339754443157295e-11,2.933965935642139e-11,2.933956427131277e-11,2.933946918783162e-11,2.933937410597735e-11,2.933927902575034e-11,2.933918394715064e-11,2.933908887017811e-11,2.93389937948326e-11,2.933889872111436e-11,2.933880364902283e-11,2.9338708578558816e-11,2.933861350972145e-11,2.933851844251141e-11,2.933842337692787e-11,2.933832831297123e-11,2.933823325064185e-11,2.9338138189938896e-11,2.933804313086291e-11,2.93379480734137e-11,2.933785301759114e-11,2.9337757963395207e-11,2.933766291082596e-11,2.9337567859883266e-11,2.9337472810566936e-11,2.933737776287773e-11,2.9337282716814725e-11,2.9337187672378314e-11,2.9337092629568244e-11,2.93369975883848e-11,2.933690254882773e-11,2.9336807510896904e-11,2.933671247459219e-11,2.933661743991412e-11,2.9336522406861994e-11,2.9336427375436275e-11,2.933633234563673e-11,2.9336237317463555e-11,2.933614229091635e-11,2.9336047265995376e-11,2.9335952242700105e-11,2.9335857221031156e-11,2.933576220098804e-11,2.933566718257086e-11,2.93355721657797e-11,2.9335477150534824e-11,2.9335382136926524e-11,2.933528712511883e-11,2.933519211483134e-11,2.933509710616923e-11,2.9335002099133114e-11,2.933490709372295e-11,2.933481208992598e-11,2.9334717087774745e-11,2.933462208724264e-11,2.933452708833644e-11,2.933443209105537e-11,2.933433709540037e-11,2.933424210137044e-11,2.933414710896595e-11,2.9334052118186574e-11,2.93339571290332e-11,2.9333862141504873e-11,2.93337671556003e-11,2.9333672171320676e-11,2.933357718866658e-11,2.933348220763752e-11,2.933338722823399e-11,2.933329225045497e-11,2.933319727430138e-11,2.93331022997725e-11,2.933300732686905e-11,2.933291235559045e-11,2.9332817385936684e-11,2.933272241790787e-11,2.933262745150417e-11,2.9332532486725356e-11,2.9332437523571363e-11,2.9332342562042096e-11,2.933224760213725e-11,2.933215264385732e-11,2.9332057687202106e-11,2.9331962732171784e-11,2.9331867778766154e-11,2.933177282698034e-11,2.933167787678512e-11,2.9331582928252984e-11,2.933148798134541e-11,2.9331393036062354e-11,2.933129809240379e-11,2.933120315036965e-11,2.933110820995968e-11,2.9331013271174136e-11,2.9330918334013053e-11,2.9330823398475895e-11,2.93307284645633e-11,2.933063353227482e-11,2.9330538601610344e-11,2.9330443672570056e-11,2.933034874542755e-11,2.9330253819861345e-11,2.93301588957065e-11,2.933006397312441e-11,2.932996905220389e-11,2.932987413290769e-11,2.9329779215235554e-11,2.932968429918723e-11,2.9329589384762835e-11,2.9329494471962124e-11,2.9329399560785344e-11,2.9329304651232145e-11,2.9329209743302856e-11,2.9329114836997285e-11,2.9329019932315436e-11,2.9328925029256697e-11,2.932883012782205e-11,2.932873522801071e-11,2.932864032982314e-11,2.9328545433258823e-11,2.9328450538318015e-11,2.9328355645000446e-11,2.9328260753306586e-11,2.932816586323573e-11,2.932807097478844e-11,2.932797608796426e-11,2.9327881202763554e-11,2.932778631918605e-11,2.9327691437289724e-11,2.932759655695975e-11,2.9327501678252045e-11,2.932740680116705e-11,2.932731192570502e-11,2.9327217051866253e-11,2.932712217965013e-11,2.9327027309057166e-11,2.9326932440086985e-11,2.932683757273953e-11,2.9326742707226095e-11,2.932664784312447e-11,2.932655298064108e-11,2.932645811978171e-11,2.9326363260531466e-11,2.9326268402920905e-11,2.9326173546932995e-11,2.9326078692561144e-11,2.932598383981864e-11,2.9325888988698447e-11,2.932579413920072e-11,2.932569929132564e-11,2.932560444507293e-11,2.932550960044245e-11,2.932541475743444e-11,2.93253199160489e-11,2.932522507628557e-11,2.932513023814455e-11,2.9325035401625805e-11,2.9324940566729236e-11,2.932484573345502e-11,2.932475090180315e-11,2.932465607177349e-11,2.932456124336541e-11,2.9324466416579486e-11,2.932437159141559e-11,2.932427676787374e-11,2.932418194595382e-11,2.9324087125656e-11,2.932399230698003e-11,2.932389748992596e-11,2.9323802674493566e-11,2.932370786068304e-11,2.932361304849436e-11,2.9323518237927314e-11,2.932342342898226e-11,2.932332862165842e-11,2.9323233815957536e-11,2.932313901187714e-11,2.932304420941808e-11,2.93229494085808e-11,2.932285460936504e-11,2.932275981177098e-11,2.9322665015797995e-11,2.932257022144649e-11,2.932247542871634e-11,2.932238063789326e-11,2.932228584848215e-11,2.93221910606651e-11,2.932209627442062e-11,2.932200148979703e-11,2.932190670671295e-11,2.9321811925303214e-11,2.932171714551638e-11,2.932162236737687e-11,2.932152759085886e-11,2.932143281596154e-11,2.9321338042685465e-11,2.9321243271030286e-11,2.932114850099173e-11,2.932105373239557e-11,2.932095896560142e-11,2.932086420577118e-11,2.9320769442515306e-11,2.9320674681260766e-11,2.9320579920947745e-11,2.9320485162258945e-11,2.9320390405190643e-11,2.932029564974286e-11,2.9320200895915445e-11,2.9320106143708904e-11,2.9320011393122583e-11,2.931991664415686e-11,2.931982189681159e-11,2.9319727151086593e-11,2.931963240772506e-11,2.931953766524034e-11,2.9319442924368605e-11,2.9319348185118524e-11,2.9319253447494963e-11,2.931915871180098e-11,2.931906397741788e-11,2.931896924465509e-11,2.9318874513512695e-11,2.931877978399015e-11,2.9318685056093494e-11,2.931859032981078e-11,2.931849560514828e-11,2.9318400882105776e-11,2.9318306160683104e-11,2.9318211440880445e-11,2.9318116722697665e-11,2.931802200613455e-11,2.9317927291191183e-11,2.931783257786753e-11,2.931773786616364e-11,2.931764315607958e-11,2.931754844761474e-11,2.931745374076974e-11,2.931735903554445e-11,2.9317264331927417e-11,2.931716962994121e-11,2.931707492957457e-11,2.93169802308579e-11,2.931688553374152e-11,2.9316790838234496e-11,2.931669614435642e-11,2.931660145210451e-11,2.931650676145385e-11,2.931641207242157e-11,2.931631738499128e-11,2.931622269920303e-11,2.93161280150292e-11,2.9316033332474707e-11,2.931593865153913e-11,2.9315843972222765e-11,2.9315749294525564e-11,2.931565461844744e-11,2.9315559943988077e-11,2.931546527114783e-11,2.931537059992623e-11,2.9315275930323826e-11,2.931518126233987e-11,2.931508659597488e-11,2.931499193122868e-11,2.931489726810138e-11,2.9314802606592513e-11,2.9314707946702237e-11,2.9314613288430804e-11,2.931451863177801e-11,2.931442397674367e-11,2.931432932332794e-11,2.93142346715307e-11,2.931414002135179e-11,2.9314045372791357e-11,2.931395072584943e-11,2.93138560805256e-11,2.9313761436820375e-11,2.931366679473351e-11,2.9313572154264836e-11,2.9313477515414434e-11,2.9313382878182315e-11,2.931328824248758e-11,2.93131936084919e-11,2.9313098976114164e-11,2.93130043453545e-11,2.9312909716212775e-11,2.931281508868911e-11,2.9312720462783584e-11,2.931262583849561e-11,2.931253121582587e-11,2.9312436594773916e-11,2.931234197533974e-11,2.9312247357523544e-11,2.931215274132511e-11,2.93120581267445e-11,2.931196351379935e-11,2.9311868902453867e-11,2.931177429272609e-11,2.931167968461495e-11,2.931158507817768e-11,2.9311490473302446e-11,2.931139587004474e-11,2.931130126840441e-11,2.9311206668369895e-11,2.9311112069964845e-11,2.931101747317721e-11,2.9310922877942266e-11,2.931082828438894e-11,2.9310733692453115e-11,2.9310639102120527e-11,2.9310544512757265e-11,2.9310449925673694e-11,2.931035534020714e-11,2.931026075635747e-11,2.9310166174124814e-11,2.931007159338085e-11,2.930997701438261e-11,2.930988243700131e-11,2.930978786123666e-11,2.9309693287089094e-11,2.930959871455818e-11,2.930950414364409e-11,2.930940957434685e-11,2.930931500666644e-11,2.93092204404379e-11,2.93091258759903e-11,2.9309031313160385e-11,2.930893675200871e-11,2.930884219241148e-11,2.930874763442855e-11,2.930865307813639e-11,2.930855852338925e-11,2.930846397025841e-11,2.930836941874449e-11,2.930827486884673e-11,2.9308180320565086e-11,2.930808577389992e-11,2.930799122885148e-11,2.930789668541909e-11,2.930780214360301e-11,2.93077076034032e-11,2.930761306481967e-11,2.930751852785204e-11,2.9307423992500754e-11,2.930732945876564e-11,2.9307234926646296e-11,2.930714039614301e-11,2.9307045866354956e-11,2.930695133908422e-11,2.9306856812549785e-11,2.930676228850997e-11,2.9306667766086295e-11,2.930657324527867e-11,2.930647872608674e-11,2.9306384208510693e-11,2.930628969265236e-11,2.930619517830753e-11,2.930610066557843e-11,2.9306006154465176e-11,2.9305911644966616e-11,2.930581713708452e-11,2.930572263080255e-11,2.9305628126148704e-11,2.930553362311347e-11,2.9305439121693413e-11,2.930534462188874e-11,2.930525012369964e-11,2.930515562712571e-11,2.9305061132167033e-11,2.930496663882381e-11,2.930487214709564e-11,2.930477765698259e-11,2.9304683168484936e-11,2.930458868196227e-11,2.9304494196694555e-11,2.930439971304229e-11,2.9304305231004916e-11,2.930421075052094e-11,2.9304116271713214e-11,2.9304021794521214e-11,2.93039273189433e-11,2.930383284498086e-11,2.930373837264043e-11,2.9303643901907535e-11,2.930354943278968e-11,2.930345496528638e-11,2.9303360499397524e-11,2.930326603512362e-11,2.930317157246459e-11,2.9303077111419895e-11,2.930298265198993e-11,2.930288819413514e-11,2.930279373792121e-11,2.9302699283335376e-11,2.930260483036401e-11,2.930251037903644e-11,2.9302415929293316e-11,2.930232148116442e-11,2.930222703465783e-11,2.9302132589757224e-11,2.9302038146471603e-11,2.9301943704747576e-11,2.930184926469017e-11,2.930175482624713e-11,2.930166038941792e-11,2.930156595420283e-11,2.9301471520602127e-11,2.9301377088615295e-11,2.9301282658242564e-11,2.930118822948348e-11,2.9301093802338714e-11,2.9300999376807756e-11,2.9300904952890666e-11,2.930081053058722e-11,2.930071610989787e-11,2.930062169082176e-11,2.930052727335974e-11,2.9300432857511544e-11,2.9300338443276926e-11,2.93002440306558e-11,2.930014961964839e-11,2.9300055210254814e-11,2.929996080247537e-11,2.9299866396308634e-11,2.929977199175525e-11,2.929967758881542e-11,2.9299583187474447e-11,2.929948878776769e-11,2.9299394389666644e-11,2.929929999318048e-11,2.92992055983076e-11,2.929911120504587e-11,2.929901681339923e-11,2.9298922423365826e-11,2.9298828034945564e-11,2.9298733648138316e-11,2.929863926294438e-11,2.9298544879363383e-11,2.9298450497395433e-11,2.929835611704019e-11,2.929826173829826e-11,2.929816736116921e-11,2.929807298554462e-11,2.92979786115319e-11,2.929788423913124e-11,2.929778986834204e-11,2.929769549916479e-11,2.9297601131598635e-11,2.929750676564407e-11,2.92974124013004e-11,2.92973180385679e-11,2.9297223677445933e-11,2.929712931793384e-11,2.9297034960031705e-11,2.9296940603740094e-11,2.9296846249057465e-11,2.92967518959839e-11,2.9296657544521973e-11,2.929656319478434e-11,2.9296468846667025e-11,2.9296374500177174e-11,2.9296280155299686e-11,2.929618581203477e-11,2.929609147038168e-11,2.929599713034083e-11,2.929590279191189e-11,2.929580845509529e-11,2.929571411989077e-11,2.9295619786298415e-11,2.929552545351721e-11,2.929543112314875e-11,2.929533679439211e-11,2.929524246724725e-11,2.9295148141714504e-11,2.9295053817797895e-11,2.92949594954888e-11,2.9294865174791497e-11,2.9294770855705584e-11,2.9294676538231866e-11,2.9294582222369515e-11,2.929448790811907e-11,2.929439359548003e-11,2.92942992844526e-11,2.929420497492659e-11,2.929411066789854e-11,2.9294016361705565e-11,2.9293922057123476e-11,2.929382775415325e-11,2.9293733452794873e-11,2.929363915304788e-11,2.929354485491197e-11,2.929345055838726e-11,2.929335626347353e-11,2.9293261970171026e-11,2.929316767847998e-11,2.929307338839844e-11,2.92929790999257e-11,2.929288481307907e-11,2.929279052769107e-11,2.9292696244053095e-11,2.929260196206859e-11,2.929250768165534e-11,2.9292413402853e-11,2.9292319125686137e-11,2.929222485010528e-11,2.9292130576135334e-11,2.9292036303775924e-11,2.9291942032536593e-11,2.929184776339849e-11,2.92917534958715e-11,2.9291659229955e-11,2.9291564965649155e-11,2.929147070259652e-11,2.929137644139992e-11,2.9291282181926007e-11,2.929118792373776e-11,2.929109366735629e-11,2.929099941270673e-11,2.929090515958263e-11,2.9290810908160934e-11,2.929071665834783e-11,2.929062241014649e-11,2.92905281635556e-11,2.929043391857502e-11,2.929033967524201e-11,2.929024543349575e-11,2.929015119334521e-11,2.929005695480508e-11,2.9289962717874854e-11,2.928986848254615e-11,2.928977424883598e-11,2.928968001673591e-11,2.928958578624597e-11,2.928949155736605e-11,2.928939732962184e-11,2.928930310396154e-11,2.928920887991077e-11,2.9289114657470114e-11,2.928902043663902e-11,2.928892621741771e-11,2.928883199980609e-11,2.9288737783803866e-11,2.928864356941275e-11,2.928854935662993e-11,2.9288455145456444e-11,2.9288360935892605e-11,2.9288266728456e-11,2.9288172522111085e-11,2.928807831990214e-11,2.9287984116776166e-11,2.9287889915259566e-11,2.928779571535204e-11,2.9287701517054e-11,2.928760732036512e-11,2.928751312528457e-11,2.9287418931814054e-11,2.9287324739952856e-11,2.928723054970043e-11,2.9287136361057304e-11,2.928704217402344e-11,2.9286947988598645e-11,2.928685380478284e-11,2.928675962287566e-11,2.928666544227768e-11,2.928657126328838e-11,2.928647708590814e-11,2.92863829101367e-11,2.9286288735971593e-11,2.9286194563417715e-11,2.9286100392472257e-11,2.928600622313589e-11,2.928591205540785e-11,2.928581788928875e-11,2.92857237247783e-11,2.928562956187629e-11,2.9285535400582934e-11,2.928544124089814e-11,2.9285347082821716e-11,2.9285252926353476e-11,2.928515877149395e-11,2.928506461824268e-11,2.92849704664358e-11,2.9284876316401e-11,2.9284782167974606e-11,2.9284688021156533e-11,2.9284593875946525e-11,2.928449973234521e-11,2.9284405590351815e-11,2.928431145000836e-11,2.928421731127133e-11,2.9284123174141097e-11,2.9284029038579756e-11,2.928393490462645e-11,2.9283840772281264e-11,2.9283746641544086e-11,2.928365251241457e-11,2.928355838489284e-11,2.9283464258978983e-11,2.928337013467295e-11,2.928327601197479e-11,2.9283181890884146e-11,2.928308777140147e-11,2.928299365352618e-11,2.928289953725831e-11,2.9282805422606476e-11,2.928271130955394e-11,2.928261719810922e-11,2.9282523088271704e-11,2.9282428980041684e-11,2.928233487341925e-11,2.928224076840401e-11,2.928214666499885e-11,2.9282052563198654e-11,2.928195846300556e-11,2.928186436441966e-11,2.9281770267441194e-11,2.928167617206961e-11,2.928158207830554e-11,2.928148798614866e-11,2.928139389559848e-11,2.9281299806655575e-11,2.9281205719319885e-11,2.928111163359087e-11,2.9281017549469036e-11,2.928092346695408e-11,2.928082938604604e-11,2.928073530674467e-11,2.928064122905027e-11,2.9280547152962743e-11,2.92804530784819e-11,2.928035900560815e-11,2.928026493434069e-11,2.9280170864680286e-11,2.928007679662627e-11,2.927998273017899e-11,2.927988866533816e-11,2.927979460210412e-11,2.9279700540476105e-11,2.9279606480455277e-11,2.9279512422040645e-11,2.927941836523239e-11,2.927932431003045e-11,2.927923025643467e-11,2.9279136204445476e-11,2.927904215406285e-11,2.92789481052861e-11,2.92788540581156e-11,2.9278760012551015e-11,2.9278665968592915e-11,2.927857192624089e-11,2.927847788549515e-11,2.927838384635508e-11,2.927828980882122e-11,2.927819577289324e-11,2.927810173857151e-11,2.9278007705855455e-11,2.927791367474534e-11,2.927781964524117e-11,2.927772561734272e-11,2.927763159109595e-11,2.9277537566238935e-11,2.927744354305287e-11,2.9277349521443526e-11,2.927725550157088e-11,2.927716148251702e-11,2.927706746585874e-11,2.9276973450805794e-11,2.9276879437358394e-11,2.9276785425516583e-11,2.927669141528025e-11,2.927659740664939e-11,2.9276503399623994e-11,2.9276409394203845e-11,2.9276315390388976e-11,2.927622138817942e-11,2.927612738759276e-11,2.9276033388114894e-11,2.9275939390721344e-11,2.9275845394932524e-11,2.927575140074892e-11,2.9275657408170575e-11,2.927556341719758e-11,2.927546942782929e-11,2.9275375440161015e-11,2.927528145399734e-11,2.927518746944448e-11,2.927509348649618e-11,2.927499950515275e-11,2.9274905525414295e-11,2.9274811547280786e-11,2.9274717570751994e-11,2.927462359582825e-11,2.92745296225104e-11,2.927443565079755e-11,2.927434168068921e-11,2.9274247712185675e-11,2.927415374528669e-11,2.9274059779992224e-11,2.927396581630042e-11,2.9273871854213216e-11,2.9273777893730384e-11,2.9273683934852134e-11,2.927358997757814e-11,2.927349602190866e-11,2.927340206784334e-11,2.927330811538265e-11,2.927321416452591e-11,2.927312021527328e-11,2.927302626762514e-11,2.9272932321581015e-11,2.927283837714095e-11,2.9272744434305326e-11,2.9272650493073514e-11,2.9272556553445825e-11,2.9272462615422355e-11,2.9272368679002666e-11,2.927227474418675e-11,2.9272180810974985e-11,2.9272086879367193e-11,2.927199294936299e-11,2.9271899020962777e-11,2.927180509416608e-11,2.92717111689733e-11,2.927161724538408e-11,2.927152332339872e-11,2.927142940301728e-11,2.9271335484239383e-11,2.927124156706459e-11,2.92711476514937e-11,2.927105373759439e-11,2.927095982522979e-11,2.927086591446897e-11,2.927077200531199e-11,2.927067809775829e-11,2.927058419180814e-11,2.9270490287461514e-11,2.927039638471782e-11,2.92703024835772e-11,2.9270208583901305e-11,2.927011468596715e-11,2.9270020789636266e-11,2.926992689490863e-11,2.926983300178399e-11,2.926973911026246e-11,2.926964522034402e-11,2.9269551332028416e-11,2.926945744531586e-11,2.9269363560206273e-11,2.926926967669974e-11,2.926917579479572e-11,2.9269081914494934e-11,2.926898803579657e-11,2.926889415870129e-11,2.926880028320861e-11,2.926870640931881e-11,2.926861253703142e-11,2.9268518666170944e-11,2.926842479691984e-11,2.926833092927648e-11,2.926823706324114e-11,2.926814319881345e-11,2.9268049335992613e-11,2.926795547477945e-11,2.9267861615172915e-11,2.9267767757173024e-11,2.926767390077812e-11,2.926758004579693e-11,2.926748619272596e-11,2.926739234126809e-11,2.92672984914138e-11,2.926720464316246e-11,2.9267110796513484e-11,2.926701695146645e-11,2.9266923108021937e-11,2.9266829266179236e-11,2.926673542593893e-11,2.9266641587300296e-11,2.926654775026363e-11,2.926645391482904e-11,2.926636008099597e-11,2.9266266248764975e-11,2.926617241813584e-11,2.926607858910893e-11,2.926598476168343e-11,2.926589093585966e-11,2.926579711163744e-11,2.926570328901714e-11,2.9265609467998245e-11,2.926551564858099e-11,2.926542183076565e-11,2.9265328014551526e-11,2.926523419993906e-11,2.926514038691051e-11,2.926504657548536e-11,2.926495276566329e-11,2.9264858957445174e-11,2.9264765150830474e-11,2.926467134581886e-11,2.9264577542411134e-11,2.9264483740606275e-11,2.926438994040414e-11,2.926429614180553e-11,2.926420234480953e-11,2.9264108549417076e-11,2.926401475562765e-11,2.926392096344126e-11,2.9263827172857655e-11,2.9263733383876706e-11,2.9263639596498847e-11,2.926354581072345e-11,2.9263452026550934e-11,2.92633582439804e-11,2.9263264463012805e-11,2.9263170683648025e-11,2.9263076905886256e-11,2.92629831297261e-11,2.9262889355169065e-11,2.9262795582214036e-11,2.926270181086125e-11,2.926260804111051e-11,2.926251427296236e-11,2.9262420506416675e-11,2.9262326741473194e-11,2.926223297813088e-11,2.926213921639099e-11,2.9262045456253654e-11,2.9261951697718083e-11,2.926185794078467e-11,2.9261764185452615e-11,2.9261670431673294e-11,2.926157667949418e-11,2.926148292891545e-11,2.926138917993664e-11,2.926129543255806e-11,2.9261201686779615e-11,2.926110794266341e-11,2.926101420034849e-11,2.9260920459571085e-11,2.9260826720187046e-11,2.926073298241636e-11,2.926063924636193e-11,2.9260545511661184e-11,2.9260451778927315e-11,2.9260358047548905e-11,2.9260264317975415e-11,2.926017059005798e-11,2.926007686347842e-11,2.92599831384982e-11,2.9259889415118114e-11,2.925979569333733e-11,2.925970197315623e-11,2.925960825457459e-11,2.9259514537592514e-11,2.9259420822210096e-11,2.925932710842716e-11,2.925923339624346e-11,2.925913968565946e-11,2.925904597667419e-11,2.925895226928855e-11,2.9258858563502424e-11,2.925876485931537e-11,2.9258671156727655e-11,2.9258577455739046e-11,2.9258483756349855e-11,2.9258390058559585e-11,2.925829636236832e-11,2.925820266777612e-11,2.9258108974783126e-11,2.92580152833894e-11,2.9257921593594274e-11,2.9257827904909234e-11,2.925773421831197e-11,2.925764053331504e-11,2.9257546850001805e-11,2.925745316820121e-11,2.9257359487999304e-11,2.925726580935609e-11,2.925717213230762e-11,2.9257078456902146e-11,2.9256984782880065e-11,2.9256891110670555e-11,2.9256797439895235e-11,2.9256703770883625e-11,2.925661010345792e-11,2.9256516437624875e-11,2.9256422773028116e-11,2.925632911026752e-11,2.925623544924851e-11,2.925614178988037e-11,2.9256048131918775e-11,2.925595447569468e-11,2.925586082106891e-11,2.925576716804152e-11,2.9255673516612105e-11,2.925557986678071e-11,2.925548621854773e-11,2.925539257191289e-11,2.925529892687618e-11,2.9255205283437226e-11,2.92551116415968e-11,2.925501800135395e-11,2.925492436270905e-11,2.9254830725661943e-11,2.9254737090213064e-11,2.925464345636175e-11,2.925454982410838e-11,2.925445619345263e-11,2.925436256439466e-11,2.925426893693425e-11,2.9254175311071676e-11,2.9254081686806996e-11,2.925398806413992e-11,2.925389444307021e-11,2.9253800823598157e-11,2.925370720572341e-11,2.925361358944636e-11,2.925351997476667e-11,2.9253426361684654e-11,2.925333275019976e-11,2.925323914031233e-11,2.9253145532021964e-11,2.9253051925329146e-11,2.925295832023338e-11,2.925286471673512e-11,2.925277111483389e-11,2.9252677514529996e-11,2.9252583915822806e-11,2.9252490318712986e-11,2.925239672320015e-11,2.925230312928442e-11,2.925220953696586e-11,2.9252115946244255e-11,2.9252022357119494e-11,2.925192876959161e-11,2.925183518366045e-11,2.925174159932612e-11,2.925164801658891e-11,2.925155443544823e-11,2.92514608559045e-11,2.925136727795743e-11,2.925127370160678e-11,2.925118012685281e-11,2.9251086553695576e-11,2.9250992982135006e-11,2.925089941217099e-11,2.9250805843803384e-11,2.925071227703234e-11,2.925061871185779e-11,2.925052514827945e-11,2.9250431586297565e-11,2.925033802591211e-11,2.925024446712283e-11,2.925015090992993e-11,2.925005735433346e-11,2.9249963800333025e-11,2.924987024792882e-11,2.924977669712061e-11,2.924968314790872e-11,2.924958960029304e-11,2.924949605427323e-11,2.9249402509849534e-11,2.92493089670218e-11,2.9249215425790156e-11,2.924912188615431e-11,2.924902834811449e-11,2.924893481167015e-11,2.9248841276819674e-11,2.924874774356441e-11,2.924865421190502e-11,2.92485606818413e-11,2.9248467153373525e-11,2.9248373626501174e-11,2.924828010122439e-11,2.92481865775433e-11,2.924809305545769e-11,2.924799953496778e-11,2.924790601607338e-11,2.924781249877461e-11,2.924771898307104e-11,2.92476254689628e-11,2.9247531956449864e-11,2.924743844553528e-11,2.924734493620759e-11,2.924725142836115e-11,2.924715792073738e-11,2.924706441620501e-11,2.924697091326688e-11,2.924687741192423e-11,2.924678391217678e-11,2.924669041402386e-11,2.924659691746609e-11,2.9246503422503526e-11,2.924640992913569e-11,2.924631643736271e-11,2.924622294718471e-11,2.9246129458601724e-11,2.9246035971613515e-11,2.924594248622025e-11,2.9245849002421814e-11,2.9245755520218154e-11,2.924566203960917e-11,2.924556856059478e-11,2.9245475083175383e-11,2.924538160735026e-11,2.924528813312001e-11,2.924519466048416e-11,2.9245101189442815e-11,2.9245007719996115e-11,2.924491425214458e-11,2.9244820785886836e-11,2.924472732122337e-11,2.9244633858154255e-11,2.9244540396639687e-11,2.924444693675967e-11,2.924435347860902e-11,2.924426002191725e-11,2.9244166566819526e-11,2.92440731133152e-11,2.924397966147621e-11,2.924388621116105e-11,2.924379276243992e-11,2.9243699315312845e-11,2.92436058697799e-11,2.924351242584113e-11,2.924341898349616e-11,2.9243325542745e-11,2.9243232103587846e-11,2.924313866608107e-11,2.924304523008149e-11,2.9242951795706194e-11,2.924285836292415e-11,2.9242764931736164e-11,2.9242671502141624e-11,2.924257807414088e-11,2.9242484647733575e-11,2.9242391222731264e-11,2.9242297799511235e-11,2.9242204377884577e-11,2.924211095785187e-11,2.9242017539415704e-11,2.9241924123377975e-11,2.92418307081255e-11,2.924173729446616e-11,2.92416438824006e-11,2.924155047192702e-11,2.9241457063043217e-11,2.924136366112832e-11,2.9241270255523623e-11,2.924117685142369e-11,2.924108344891699e-11,2.924099004800379e-11,2.924089664868319e-11,2.924080325095599e-11,2.9240709854821754e-11,2.9240616460280556e-11,2.92405230673321e-11,2.924042967597698e-11,2.924033628621435e-11,2.924024289804511e-11,2.9240149511470125e-11,2.9240056126486114e-11,2.923996274309485e-11,2.923986936129646e-11,2.923977598109092e-11,2.9239682602477966e-11,2.923958922545753e-11,2.9239495850029706e-11,2.923940247619457e-11,2.923930910395182e-11,2.9239215733302036e-11,2.923912236424432e-11,2.9239029002083425e-11,2.9238935636209696e-11,2.923884227192904e-11,2.9238748909240776e-11,2.9238655548145056e-11,2.923856218919611e-11,2.923846883128463e-11,2.923837547496547e-11,2.923828212023857e-11,2.923818876779745e-11,2.923809541597926e-11,2.9238002066029044e-11,2.9237908717670696e-11,2.9237815370904206e-11,2.9237722025729644e-11,2.923762868214711e-11,2.923753534015634e-11,2.9237441999696913e-11,2.9237348660907876e-11,2.9237255323693034e-11,2.923716198806987e-11,2.923706865403862e-11,2.9236975321598916e-11,2.9236881990750806e-11,2.923678866149446e-11,2.923669533382976e-11,2.923660200775686e-11,2.9236508683275305e-11,2.923641536038532e-11,2.923632203926282e-11,2.9236228719555776e-11,2.9236135401440476e-11,2.923604208491648e-11,2.92359487699838e-11,2.923585545664235e-11,2.923576214489208e-11,2.9235668834733625e-11,2.923557552616619e-11,2.9235482219189934e-11,2.923538891380483e-11,2.923529561001066e-11,2.923520230780778e-11,2.923510900719617e-11,2.923501570817562e-11,2.923492241074595e-11,2.923482911490736e-11,2.923473582065979e-11,2.9234642528002746e-11,2.923454923693735e-11,2.923445594746244e-11,2.9234362659578017e-11,2.92342693732849e-11,2.923417608858202e-11,2.923408280546997e-11,2.923398952400297e-11,2.9233896244072996e-11,2.92338029657332e-11,2.923370968898129e-11,2.923361641381999e-11,2.923352314024908e-11,2.9233429868268936e-11,2.92333365978792e-11,2.923324332907965e-11,2.923315006187073e-11,2.923305679625229e-11,2.923296353222427e-11,2.923287026978613e-11,2.923277700893902e-11,2.9232683749681567e-11,2.923259049201472e-11,2.923249723593796e-11,2.923240398145139e-11,2.923231072855488e-11,2.923221747724826e-11,2.9232124227531754e-11,2.923203097940564e-11,2.923193773287193e-11,2.923184448792826e-11,2.9231751244574206e-11,2.9231658002810313e-11,2.923156476263644e-11,2.9231471524051955e-11,2.9231378287057534e-11,2.923128505165319e-11,2.923119181783828e-11,2.923109858561302e-11,2.923100535497751e-11,2.923091212593163e-11,2.923081889847524e-11,2.923072567260869e-11,2.923063244833158e-11,2.923053922564393e-11,2.923044600454543e-11,2.923035278503679e-11,2.923025956711776e-11,2.923016635078779e-11,2.923007313604711e-11,2.9229979922895813e-11,2.9229886711334095e-11,2.922979350136144e-11,2.9229700292977983e-11,2.922960708618384e-11,2.922951388097859e-11,2.922942067736265e-11,2.922932747533588e-11,2.9229234274898034e-11,2.922914107604931e-11,2.922904787878966e-11,2.922895468311886e-11,2.9228861489036946e-11,2.922876829654398e-11,2.9228675105639943e-11,2.9228581916324595e-11,2.9228488728598214e-11,2.922839554246057e-11,2.9228302357911636e-11,2.9228209174951755e-11,2.922811599358017e-11,2.9228022813797206e-11,2.922792963560291e-11,2.922783645899741e-11,2.922774328398021e-11,2.9227650110551415e-11,2.922755693871149e-11,2.9227463768459734e-11,2.9227370599796216e-11,2.922727743272137e-11,2.922718426723501e-11,2.922709110333706e-11,2.922699794102708e-11,2.922690478030538e-11,2.9226811621171933e-11,2.9226718463626866e-11,2.9226625307669786e-11,2.922653215330092e-11,2.922643900052013e-11,2.922634584932748e-11,2.9226252699722756e-11,2.922615955170602e-11,2.922606640527739e-11,2.922597326043647e-11,2.922588011718375e-11,2.922578697551866e-11,2.922569383544152e-11,2.922560069695217e-11,2.922550756005081e-11,2.92254144247102e-11,2.9225321290264617e-11,2.9225228158126047e-11,2.922513502741756e-11,2.922504189810797e-11,2.922494877071005e-11,2.92248556448063e-11,2.9224762520397657e-11,2.9224669397765854e-11,2.922457627674405e-11,2.922448315709051e-11,2.9224390039239766e-11,2.922429692278984e-11,2.922420380816359e-11,2.9224110695075046e-11,2.922401758357392e-11,2.922392447365907e-11,2.922383136533197e-11,2.9223738258098785e-11,2.922364515294592e-11,2.9223552049380446e-11,2.9223458947401934e-11,2.922336584701058e-11,2.922327274820594e-11,2.9223179650988573e-11,2.922308655535807e-11,2.9222993461314375e-11,2.922290036885731e-11,2.92228072779874e-11,2.922271418870472e-11,2.9222621101008367e-11,2.92225280148991e-11,2.922243493037604e-11,2.922234184743998e-11,2.9222248766090154e-11,2.922215568632749e-11,2.92220626081512e-11,2.9221969531561554e-11,2.922187645655832e-11,2.922178338314154e-11,2.9221690311311314e-11,2.9221597241058837e-11,2.922150417240141e-11,2.922141110533913e-11,2.922131804000119e-11,2.922122497611317e-11,2.9221131914014754e-11,2.922103885338959e-11,2.9220945794249906e-11,2.922085273695888e-11,2.9220759681007034e-11,2.922066662662545e-11,2.922057357383088e-11,2.9220480522621574e-11,2.922038747299846e-11,2.922029442496142e-11,2.922020137851015e-11,2.92201083336876e-11,2.9220015290449304e-11,2.921992224879473e-11,2.921982920872387e-11,2.921973617023749e-11,2.921964313333503e-11,2.921955009801572e-11,2.921945706428017e-11,2.92193640321286e-11,2.921927100156034e-11,2.9219177972575894e-11,2.921908494517499e-11,2.9218991919357506e-11,2.921889889512284e-11,2.921880587247212e-11,2.9218712851404716e-11,2.921861983192057e-11,2.921852681401996e-11,2.921843379770212e-11,2.9218340782966815e-11,2.921824776981505e-11,2.921815475824597e-11,2.921806174825995e-11,2.9217968739856364e-11,2.921787573303675e-11,2.921778272779893e-11,2.921768972414495e-11,2.921759672208724e-11,2.921750372161462e-11,2.9217410722726967e-11,2.9217317725424006e-11,2.921722472970624e-11,2.92171317355748e-11,2.9217038743026843e-11,2.921694575206356e-11,2.921685276268506e-11,2.921675977489141e-11,2.92166667886825e-11,2.921657380405843e-11,2.921648082101885e-11,2.921638783956392e-11,2.9216294859693816e-11,2.9216201881408074e-11,2.921610890470691e-11,2.921601592958998e-11,2.921592295605799e-11,2.921582998398855e-11,2.9215737013497344e-11,2.921564404458633e-11,2.9215551077348936e-11,2.921545811169546e-11,2.921536514766928e-11,2.921527218522744e-11,2.921517922436986e-11,2.9215086265096604e-11,2.921499330740719e-11,2.921490035130204e-11,2.921480739678087e-11,2.9214714443844394e-11,2.921462149249144e-11,2.92145285427223e-11,2.9214435594537315e-11,2.921434264793631e-11,2.9214249702919246e-11,2.921415675948576e-11,2.92140638176362e-11,2.921397087737064e-11,2.9213877938688744e-11,2.921378500159045e-11,2.921369206591694e-11,2.921359913203993e-11,2.9213506199608495e-11,2.9213413268903216e-11,2.921332033960506e-11,2.921322741200885e-11,2.921313448599616e-11,2.921304156156678e-11,2.921294863872081e-11,2.9212855717458376e-11,2.921276279777929e-11,2.921266987968349e-11,2.921257696317075e-11,2.921248404824157e-11,2.921239113489573e-11,2.9212298223132814e-11,2.921220531295356e-11,2.9212112404357e-11,2.921201949734382e-11,2.921192659190521e-11,2.9211833688067044e-11,2.92117407858029e-11,2.921164788512197e-11,2.921155498601586e-11,2.92114620885006e-11,2.921136919256857e-11,2.9211276298219014e-11,2.921118340545249e-11,2.921109051426858e-11,2.921099762466767e-11,2.9210904736649805e-11,2.921081185021435e-11,2.921071896536168e-11,2.9210626082091454e-11,2.921053320040389e-11,2.9210440320299e-11,2.921034744177677e-11,2.9210254564837e-11,2.921016168947981e-11,2.9210068815704763e-11,2.920997594351214e-11,2.920988307290221e-11,2.920979020387432e-11,2.920969733642909e-11,2.9209604470566e-11,2.920951160628501e-11,2.9209418743586336e-11,2.920932588246983e-11,2.9209233022935836e-11,2.9209140164983716e-11,2.9209047308613733e-11,2.920895445382602e-11,2.920886160062006e-11,2.9208768748996213e-11,2.920867589895418e-11,2.92085830504941e-11,2.920849020354558e-11,2.920839735834866e-11,2.920830451463467e-11,2.920821167250238e-11,2.920811883195908e-11,2.920802599299859e-11,2.9207933155613266e-11,2.920784031980949e-11,2.9207747485587474e-11,2.920765465294693e-11,2.9207561821888055e-11,2.920746899241076e-11,2.920737616451368e-11,2.920728333819753e-11,2.9207190513462887e-11,2.92070976903098e-11,2.9207004868737996e-11,2.920691204874759e-11,2.920681923033868e-11,2.9206726413505034e-11,2.920663359825615e-11,2.920654078459101e-11,2.9206447972506746e-11,2.920635516200423e-11,2.9206262353082325e-11,2.92061695457417e-11,2.920607674014611e-11,2.920598393615349e-11,2.9205891133556305e-11,2.920579833253985e-11,2.920570553310458e-11,2.9205612735249706e-11,2.920551993896669e-11,2.920542714427373e-11,2.920533435116166e-11,2.92052415596305e-11,2.920514876967978e-11,2.920505598131045e-11,2.9204963194805037e-11,2.920487040959667e-11,2.920477762596874e-11,2.9204684843921736e-11,2.9204592063455055e-11,2.920449928456912e-11,2.9204406507263655e-11,2.9204313731538715e-11,2.920422095739407e-11,2.920412818483012e-11,2.920403541384604e-11,2.920394264444251e-11,2.920384987661955e-11,2.920375711037657e-11,2.920366434571392e-11,2.9203571582631676e-11,2.920347882112929e-11,2.9203386061212796e-11,2.9203293302871155e-11,2.9203200546109305e-11,2.920310779092734e-11,2.9203015037325745e-11,2.920292228530393e-11,2.92028295348622e-11,2.9202736786000585e-11,2.9202644038718626e-11,2.920255129301647e-11,2.920245854888946e-11,2.9202365806344025e-11,2.920227306538124e-11,2.9202180325998314e-11,2.92020875881953e-11,2.920199485197177e-11,2.920190211732787e-11,2.9201809384263274e-11,2.920171665277853e-11,2.920162392287359e-11,2.9201531194547915e-11,2.92014384678018e-11,2.920134574263528e-11,2.92012530190478e-11,2.920116029703991e-11,2.9201067576611244e-11,2.920097485776209e-11,2.9200882140492373e-11,2.920078942480182e-11,2.9200696710690345e-11,2.920060399815805e-11,2.9200511287204874e-11,2.9200418577831136e-11,2.9200325870036175e-11,2.920023316382036e-11,2.920014045918366e-11,2.920004775612591e-11,2.919995505464721e-11,2.9199862354747706e-11,2.919976965649275e-11,2.919967695973323e-11,2.919958426456984e-11,2.9199491570981254e-11,2.919939887896423e-11,2.9199306188537784e-11,2.919921349968977e-11,2.919912081242985e-11,2.91990281267392e-11,2.919893544792701e-11,2.9198842765393255e-11,2.91987500844382e-11,2.919865740506152e-11,2.91985647272637e-11,2.919847205104406e-11,2.9198379376402936e-11,2.919828670333995e-11,2.9198194031855486e-11,2.919810136271258e-11,2.9198008695621866e-11,2.919791602886257e-11,2.9197823363691525e-11,2.9197730700392095e-11,2.919763803837749e-11,2.919754537794058e-11,2.919745271907837e-11,2.9197360061784984e-11,2.91972674060824e-11,2.919717475195826e-11,2.919708209941183e-11,2.919698944844275e-11,2.919689679905244e-11,2.919680415123948e-11,2.919671150500478e-11,2.919661886034771e-11,2.919652621726843e-11,2.9196433575802036e-11,2.919634093587838e-11,2.919624829752192e-11,2.919615566055506e-11,2.919606302536448e-11,2.919597039175143e-11,2.919587775971601e-11,2.9195785129215864e-11,2.919569250033583e-11,2.919559987303302e-11,2.91955072473074e-11,2.9195414623159315e-11,2.919532200058857e-11,2.919522937959498e-11,2.9195136760178896e-11,2.9195044142340046e-11,2.9194951526078365e-11,2.9194858911393956e-11,2.9194766298286954e-11,2.9194673686756966e-11,2.9194581076803894e-11,2.919448846842803e-11,2.919439586162902e-11,2.919430325640765e-11,2.9194210652762774e-11,2.9194118050694995e-11,2.919402545020429e-11,2.9193932851289974e-11,2.9193840253953145e-11,2.919374765819276e-11,2.9193655064009376e-11,2.919356247140267e-11,2.9193469880372724e-11,2.919337729091949e-11,2.919328470304312e-11,2.919319211674318e-11,2.919309953202008e-11,2.919300694887327e-11,2.919291436745281e-11,2.919282178745911e-11,2.919272920908931e-11,2.9192636632248833e-11,2.919254405698473e-11,2.919245148329674e-11,2.919235891118536e-11,2.919226634065037e-11,2.9192173771691475e-11,2.919208120430886e-11,2.919198863851249e-11,2.919189607434658e-11,2.919180351169309e-11,2.9191710950616675e-11,2.919161839111504e-11,2.919152583318925e-11,2.9191433276839494e-11,2.919134072206587e-11,2.919124816886823e-11,2.9191155617246735e-11,2.919106306715779e-11,2.919097051876376e-11,2.919087797171276e-11,2.9190785426394434e-11,2.91906928826879e-11,2.919060034053281e-11,2.919050779993991e-11,2.9190415260924074e-11,2.91903227234844e-11,2.9190230187620475e-11,2.919013765333232e-11,2.919004512061933e-11,2.91899525894823e-11,2.918986005992026e-11,2.9189767531588925e-11,2.9189675005178e-11,2.918958248034595e-11,2.91894899570851e-11,2.9189397434719956e-11,2.9189304913889636e-11,2.918921239535558e-11,2.918911987816833e-11,2.9189027362876256e-11,2.918893484907564e-11,2.918884233684212e-11,2.918874982618394e-11,2.91886573171e-11,2.918856480959199e-11,2.9188472303658987e-11,2.918837979927209e-11,2.918828729648884e-11,2.918819479528128e-11,2.9188102295647807e-11,2.9188009797824495e-11,2.918791730134095e-11,2.9187824806432146e-11,2.91877323130981e-11,2.918763982133875e-11,2.918754733115416e-11,2.918745484254458e-11,2.918736235548788e-11,2.9187269869886156e-11,2.9187177386000075e-11,2.918708490368854e-11,2.918699242295196e-11,2.9186899943789444e-11,2.9186807466201336e-11,2.9186714990175655e-11,2.9186622515736895e-11,2.91865300412707e-11,2.9186437569980326e-11,2.9186345100263946e-11,2.9186252632121536e-11,2.918616016555404e-11,2.9186067700560324e-11,2.9185975237141005e-11,2.9185882775295675e-11,2.918579031502463e-11,2.918569785632755e-11,2.91856053992043e-11,2.918551294365515e-11,2.918542048968017e-11,2.918532803727935e-11,2.918523558645208e-11,2.918514313719877e-11,2.91850506895191e-11,2.9184958242366765e-11,2.9184865797834545e-11,2.918477335487648e-11,2.918468091341236e-11,2.9184588473601525e-11,2.918449603536446e-11,2.918440359874474e-11,2.9184311163654786e-11,2.918421873013848e-11,2.918412629819574e-11,2.9184033867826314e-11,2.918394143892624e-11,2.9183849011598664e-11,2.918375658584415e-11,2.918366416166187e-11,2.918357173905208e-11,2.918347931801453e-11,2.918338689854865e-11,2.918329448065446e-11,2.9183202064332334e-11,2.9183109649580354e-11,2.918301723639875e-11,2.9182924824787506e-11,2.918283241474506e-11,2.91827400062721e-11,2.918264759936834e-11,2.918255519413533e-11,2.918246279042769e-11,2.918237038837602e-11,2.9182277987897417e-11,2.918218558899151e-11,2.9182093191658403e-11,2.918200079589812e-11,2.918190840170526e-11,2.918181600777639e-11,2.9181723616734455e-11,2.9181631229838067e-11,2.9181538841918114e-11,2.918144645559384e-11,2.9181354070842154e-11,2.9181261687663174e-11,2.918116930605644e-11,2.9181076928758467e-11,2.91809845502968e-11,2.918089217340753e-11,2.9180799798090815e-11,2.918070742434617e-11,2.9180615052174e-11,2.918052268157408e-11,2.91804303125466e-11,2.9180337945002174e-11,2.9180245579119114e-11,2.918015321425757e-11,2.918006085151879e-11,2.9179968490351753e-11,2.917987613078251e-11,2.917978377275988e-11,2.9179691416308705e-11,2.9179599061430204e-11,2.917950670808967e-11,2.917941435635485e-11,2.9179322006191905e-11,2.9179229657600694e-11,2.9179137310585417e-11,2.9179044965138235e-11,2.9178952621262464e-11,2.917886027898476e-11,2.9178767938251984e-11,2.9178675599091065e-11,2.9178583261502015e-11,2.917849092547286e-11,2.917839859101735e-11,2.91783062581429e-11,2.917821392684025e-11,2.917812159710884e-11,2.917802926894884e-11,2.917793694238495e-11,2.917784461736201e-11,2.9177752293908204e-11,2.917765997203422e-11,2.917756765173113e-11,2.9177475332999055e-11,2.9177383015837973e-11,2.917729070024848e-11,2.917719838622994e-11,2.917710607378243e-11,2.917701376290573e-11,2.91769214536003e-11,2.917682914586608e-11,2.917673683970294e-11,2.917664453511059e-11,2.917655223208926e-11,2.917645992946091e-11,2.917636763204027e-11,2.917627533373066e-11,2.9176183036992386e-11,2.917609074176801e-11,2.917599844817131e-11,2.917590615614563e-11,2.917581386569051e-11,2.91757215767727e-11,2.917562928933513e-11,2.917553700347497e-11,2.91754447191899e-11,2.917535243651364e-11,2.917526015548189e-11,2.9175167875847356e-11,2.917507559795571e-11,2.917498332163495e-11,2.917489104688474e-11,2.9174798773705155e-11,2.917470650209551e-11,2.917461423205634e-11,2.9174521963587374e-11,2.917442969668853e-11,2.917433743125218e-11,2.917424516749444e-11,2.9174152905306096e-11,2.917406064468787e-11,2.9173968385639806e-11,2.917387612816141e-11,2.9173783872253316e-11,2.917369161800594e-11,2.9173599365237345e-11,2.9173507114038715e-11,2.9173414864392626e-11,2.917332261633365e-11,2.91732303698449e-11,2.91731381249258e-11,2.917304588157624e-11,2.917295363979629e-11,2.917286139958577e-11,2.917276916094502e-11,2.917267692387391e-11,2.917258468837264e-11,2.9172492454440555e-11,2.917240022207832e-11,2.917230799128536e-11,2.9172215762061666e-11,2.917212353440775e-11,2.91720313083228e-11,2.9171939083807325e-11,2.917184686086523e-11,2.917175463948883e-11,2.917166241968123e-11,2.917157020144276e-11,2.9171477984773564e-11,2.9171385769673316e-11,2.9171293556142456e-11,2.91712013441807e-11,2.917110913378799e-11,2.9171016924981924e-11,2.9170924716014606e-11,2.91708325103287e-11,2.9170740306154184e-11,2.917064810360628e-11,2.91705559026304e-11,2.917046370333439e-11,2.9170371505611515e-11,2.917027930933927e-11,2.917018711463559e-11,2.9170094921501766e-11,2.9170002729934205e-11,2.916991053993595e-11,2.916981835150667e-11,2.916972616464584e-11,2.916963397935382e-11,2.916954179563019e-11,2.916944961347499e-11,2.9169357432888305e-11,2.916926525432538e-11,2.916917307688367e-11,2.916908090089809e-11,2.916898872658443e-11,2.916889655369511e-11,2.9168804382518645e-11,2.916871221295374e-11,2.916862004491384e-11,2.9168527878441865e-11,2.916843571353817e-11,2.91683435502026e-11,2.916825138843475e-11,2.916815922823523e-11,2.91680670699237e-11,2.9167974912860104e-11,2.9167882757274784e-11,2.91677906033471e-11,2.9167698450987e-11,2.916760630019506e-11,2.9167514151031115e-11,2.916742200337459e-11,2.9167329857285965e-11,2.916723771276614e-11,2.91671455698129e-11,2.91670534284276e-11,2.916696128860967e-11,2.916686915035934e-11,2.9166777013679695e-11,2.916668487856451e-11,2.916659274501696e-11,2.916650061292162e-11,2.916640848206047e-11,2.916631635321508e-11,2.9166224226307406e-11,2.9166132100596696e-11,2.916603997637171e-11,2.9165947853705905e-11,2.916585573270181e-11,2.91657636132603e-11,2.916567149536397e-11,2.9165579379040706e-11,2.9165487263903625e-11,2.916539515073093e-11,2.916530303912516e-11,2.916521092902345e-11,2.9165118820551594e-11,2.916502671364686e-11,2.9164934608308995e-11,2.9164842507146045e-11,2.916475040494103e-11,2.916465830435027e-11,2.916456620527967e-11,2.916447410777614e-11,2.9164382011839115e-11,2.9164289917468805e-11,2.916419782466591e-11,2.916410573345561e-11,2.91640136437332e-11,2.916392155562938e-11,2.9163829469151905e-11,2.9163737384181384e-11,2.916364530077715e-11,2.916355321892254e-11,2.9163461138667944e-11,2.91633690599636e-11,2.916327698280571e-11,2.916318490724266e-11,2.9163092833237275e-11,2.916300076080054e-11,2.9162908689927527e-11,2.9162816620620556e-11,2.916272455287941e-11,2.916263248670463e-11,2.916254042209663e-11,2.916244835905423e-11,2.9162356297577704e-11,2.9162264237667266e-11,2.9162172179322875e-11,2.916208012254424e-11,2.916198806733155e-11,2.916189601368481e-11,2.9161803961603976e-11,2.9161711911089e-11,2.916161986213979e-11,2.9161527814756097e-11,2.9161435768938406e-11,2.9161343724686413e-11,2.916125168200015e-11,2.916115964087949e-11,2.916106760132441e-11,2.916097556333505e-11,2.916088352691107e-11,2.9160791492052624e-11,2.916069945875948e-11,2.9160607427032095e-11,2.916051539686992e-11,2.916042336827341e-11,2.91603313412421e-11,2.916023931577605e-11,2.9160147291875455e-11,2.916005526954006e-11,2.915996324876989e-11,2.915987122956478e-11,2.915977921192502e-11,2.915968719585045e-11,2.9159595181340645e-11,2.915950316839608e-11,2.915941115701647e-11,2.915931914720219e-11,2.915922713895299e-11,2.9159135132268304e-11,2.915904312714864e-11,2.915895112359389e-11,2.9158859121603815e-11,2.915876712117884e-11,2.9158675122318845e-11,2.915858312502317e-11,2.915849112929271e-11,2.9158399135126576e-11,2.9158307142525285e-11,2.9158215151488426e-11,2.915812316201623e-11,2.915803117410848e-11,2.915793918776552e-11,2.915784720298689e-11,2.9157755219772786e-11,2.915766323812319e-11,2.9157571258037983e-11,2.9157479279517194e-11,2.915738730256071e-11,2.915729532716854e-11,2.915720335334072e-11,2.9157111381077125e-11,2.915701941037752e-11,2.9156927441242414e-11,2.915683547367131e-11,2.915674350766449e-11,2.91566515432216e-11,2.915655958034281e-11,2.915646761902831e-11,2.9156375659277586e-11,2.91562837010908e-11,2.915619174446791e-11,2.915609978940882e-11,2.915600783591382e-11,2.915591588398276e-11,2.915582393361538e-11,2.9155731984811805e-11,2.9155640037571735e-11,2.91555480918958e-11,2.915545614778337e-11,2.915536420523469e-11,2.915527226424945e-11,2.9155180324828045e-11,2.915508838696993e-11,2.9154996450675456e-11,2.9154904515944444e-11,2.915481258277723e-11,2.915472065117301e-11,2.915462872113232e-11,2.9154536792655223e-11,2.915444486574118e-11,2.91543529403904e-11,2.915426101660298e-11,2.915416909437891e-11,2.915407717371813e-11,2.915398525462045e-11,2.9153893337085854e-11,2.9153801421114284e-11,2.915370950670602e-11,2.915361759386074e-11,2.915352568257828e-11,2.9153433772859134e-11,2.915334186470264e-11,2.9153249958109363e-11,2.915315805307907e-11,2.9153066149611385e-11,2.91529742477066e-11,2.915288234736447e-11,2.9152790448585377e-11,2.915269855136899e-11,2.915260665571509e-11,2.915251476162401e-11,2.915242286909555e-11,2.915233097812983e-11,2.915223908872665e-11,2.9152147200886017e-11,2.91520553146078e-11,2.915196342989205e-11,2.915187154673912e-11,2.9151779665148264e-11,2.915168778512001e-11,2.9151595906653806e-11,2.915150402975017e-11,2.915141215440851e-11,2.9151320280629686e-11,2.9151228408412785e-11,2.915113653775842e-11,2.915104466866581e-11,2.915095280113551e-11,2.915086093516705e-11,2.915076907076093e-11,2.915067720791662e-11,2.9150585346634345e-11,2.915049348691428e-11,2.91504016287563e-11,2.915030977216012e-11,2.915021791712603e-11,2.9150126063653344e-11,2.9150034211742615e-11,2.914994236139373e-11,2.9149850512606496e-11,2.9149758665381235e-11,2.9149666819717626e-11,2.9149574975615676e-11,2.914948313307547e-11,2.914939129209651e-11,2.9149299452679476e-11,2.914920761482398e-11,2.914911577852976e-11,2.914902394379744e-11,2.9148932110626355e-11,2.9148840279016473e-11,2.914874844896821e-11,2.914865662048126e-11,2.914856479355529e-11,2.914847296819095e-11,2.914838114438783e-11,2.914828932214605e-11,2.9148197501465164e-11,2.914810568234574e-11,2.9148013864787436e-11,2.914792204879046e-11,2.9147830234354024e-11,2.914773842147872e-11,2.914764661016489e-11,2.914755480041159e-11,2.914746299221961e-11,2.914737118558813e-11,2.914727938051773e-11,2.914718757700801e-11,2.9147095775059194e-11,2.9147003974671226e-11,2.914691217584411e-11,2.9146820378577596e-11,2.9146728582871755e-11,2.914663678872671e-11,2.91465449961423e-11,2.914645320511841e-11,2.914636141565515e-11,2.9146269627752384e-11,2.914617784141021e-11,2.914608605662835e-11,2.9145994273407044e-11,2.914590249174597e-11,2.91458107116455e-11,2.914571893310546e-11,2.914562715612567e-11,2.914553538070594e-11,2.9145443606846727e-11,2.914535183454758e-11,2.914526006380871e-11,2.9145168294629953e-11,2.9145076527011423e-11,2.91449847609528e-11,2.914489299645417e-11,2.914480123351584e-11,2.914470947213742e-11,2.914461771231897e-11,2.9144525954060396e-11,2.914443419736192e-11,2.914434244222336e-11,2.9144250688644455e-11,2.9144158936625414e-11,2.914406718616611e-11,2.9143975437266674e-11,2.9143883689926974e-11,2.914379194414675e-11,2.9143700199926425e-11,2.914360845726552e-11,2.914351671616432e-11,2.914342497662274e-11,2.9143333238640677e-11,2.9143241502217874e-11,2.914314976735505e-11,2.9143058034051216e-11,2.9142966302306844e-11,2.9142874572122166e-11,2.9142782843496426e-11,2.9142691116430335e-11,2.9142599390923163e-11,2.9142507666975337e-11,2.9142415944586707e-11,2.914232422375755e-11,2.9142232504487295e-11,2.9142140786776404e-11,2.914204907062437e-11,2.914195735603143e-11,2.9141865642997546e-11,2.914177393152265e-11,2.914168222160708e-11,2.914159051324987e-11,2.914149880645197e-11,2.914140710121256e-11,2.9141315397531976e-11,2.9141223695410616e-11,2.914113199484798e-11,2.914104029584418e-11,2.9140948598398934e-11,2.9140856902512176e-11,2.9140765208184136e-11,2.9140673515415015e-11,2.914058182420424e-11,2.9140490134552094e-11,2.914039844645849e-11,2.9140306759923137e-11,2.9140215074946684e-11,2.9140123391528426e-11,2.91400317096684e-11,2.913994002936696e-11,2.913984835062381e-11,2.913975667343911e-11,2.91396649978124e-11,2.913957332374429e-11,2.913948165123404e-11,2.913938998028232e-11,2.913929831088845e-11,2.9139206643052725e-11,2.913911497677509e-11,2.9139023312055677e-11,2.913893164889428e-11,2.913883998729064e-11,2.913874832724522e-11,2.913865666875776e-11,2.913856501182798e-11,2.913847335645583e-11,2.9138381702641984e-11,2.91382900503861e-11,2.913819839968765e-11,2.9138106750546853e-11,2.91380151029639e-11,2.9137923456938544e-11,2.913783181247113e-11,2.9137740169561224e-11,2.913764852820884e-11,2.913755688841391e-11,2.9137465250176685e-11,2.9137373613496755e-11,2.913728197837444e-11,2.9137190344809446e-11,2.913709871280195e-11,2.913700708235158e-11,2.913691545345894e-11,2.913682382612366e-11,2.9136732200345034e-11,2.913664057612407e-11,2.91365489534601e-11,2.9136457332353414e-11,2.9136365712804176e-11,2.9136274094811794e-11,2.913618247837647e-11,2.913609086349815e-11,2.9135999250177254e-11,2.913590763841277e-11,2.913581602820551e-11,2.913572441955525e-11,2.9135632812461665e-11,2.913554120692523e-11,2.913544960294554e-11,2.913535800052259e-11,2.9135266399656536e-11,2.9135174800347037e-11,2.913508320259421e-11,2.9134991606398184e-11,2.913490001175865e-11,2.9134808418676017e-11,2.91347168271499e-11,2.913462523718024e-11,2.913453364876715e-11,2.913444206191037e-11,2.913435047660986e-11,2.9134258892866285e-11,2.913416731067897e-11,2.9134075730048096e-11,2.9133984150973477e-11,2.913389257345502e-11,2.913380099749286e-11,2.9133709423086956e-11,2.9133617850237246e-11,2.913352627894389e-11,2.913343470920666e-11,2.9133343141025446e-11,2.913325157440006e-11,2.9133160009331117e-11,2.913306844581813e-11,2.913297688386118e-11,2.913288532345986e-11,2.913279376461477e-11,2.913270220732549e-11,2.9132610651592045e-11,2.9132519097414425e-11,2.913242754479255e-11,2.913233599372655e-11,2.913224444421615e-11,2.913215289626155e-11,2.913206134986255e-11,2.9131969805019306e-11,2.913187826173173e-11,2.913178671999963e-11,2.9131695179823065e-11,2.9131603641202133e-11,2.9131512104136663e-11,2.913142056862641e-11,2.913132903467167e-11,2.913123750227259e-11,2.913114597142878e-11,2.9131054442140104e-11,2.9130962914406976e-11,2.913087138822887e-11,2.9130779863606097e-11,2.913068834053853e-11,2.9130596819025855e-11,2.9130505299068625e-11,2.913041378066634e-11,2.9130322263819303e-11,2.913023074852754e-11,2.9130139234790606e-11,2.9130047722608745e-11,2.9129956211981635e-11,2.91298647029094e-11,2.91297731953922e-11,2.91296816894295e-11,2.9129590185022166e-11,2.912949868216932e-11,2.9129407180871204e-11,2.912931568112771e-11,2.912922418293934e-11,2.912913268630543e-11,2.912904119122609e-11,2.912894969770157e-11,2.912885820573153e-11,2.9128766715316034e-11,2.912867522645493e-11,2.9128583739148404e-11,2.9128492253396514e-11,2.912840076919889e-11,2.912830928655557e-11,2.9128217805466816e-11,2.912812632593226e-11,2.912803484795191e-11,2.912794337152574e-11,2.912785189665413e-11,2.912776042333665e-11,2.9127668951573305e-11,2.912757748136406e-11,2.9127486012708935e-11,2.912739454560802e-11,2.912730308006094e-11,2.912721161606793e-11,2.912712015362883e-11,2.912702869274385e-11,2.912693723341263e-11,2.912684577563513e-11,2.912675431941188e-11,2.9126662864742153e-11,2.91265714116265e-11,2.912647996006448e-11,2.912638851005626e-11,2.912629706160178e-11,2.9126205614700584e-11,2.912611416935347e-11,2.912602272555968e-11,2.9125931283319884e-11,2.912583984263321e-11,2.912574840350035e-11,2.912565696592069e-11,2.912556552989464e-11,2.912547409542173e-11,2.9125382662502656e-11,2.912529123113685e-11,2.9125199801324e-11,2.9125108373064906e-11,2.912501694635882e-11,2.912492552120593e-11,2.9124834097606457e-11,2.9124742675560115e-11,2.91246512550668e-11,2.9124559836126836e-11,2.9124468418739486e-11,2.912437700290543e-11,2.91242855886245e-11,2.912419417589609e-11,2.912410276472127e-11,2.9124011355099125e-11,2.9123919947029835e-11,2.912382854051342e-11,2.912373713554979e-11,2.912364573213905e-11,2.912355433028083e-11,2.9123462929975414e-11,2.912337153122286e-11,2.912328013402299e-11,2.912318873837579e-11,2.9123097344281104e-11,2.912300595173923e-11,2.912291456074928e-11,2.912282317131204e-11,2.912273178342763e-11,2.912264039709564e-11,2.9122549012315876e-11,2.912245762908836e-11,2.912236624741342e-11,2.912227486729099e-11,2.912218348872061e-11,2.912209211170249e-11,2.912200073623679e-11,2.912190936232333e-11,2.912181798996138e-11,2.912172661915213e-11,2.912163524989495e-11,2.912154388219004e-11,2.9121452516036893e-11,2.9121361151435725e-11,2.9121269788386715e-11,2.91211784268896e-11,2.912108706694445e-11,2.912099570855085e-11,2.912090435170959e-11,2.912081299641982e-11,2.9120721642681985e-11,2.912063029049584e-11,2.9120538939861455e-11,2.912044759077874e-11,2.912035624324778e-11,2.912026489726851e-11,2.912017355284071e-11,2.912008220996462e-11,2.9119990868640197e-11,2.9119899528866945e-11,2.9119808190645264e-11,2.911971685397522e-11,2.9119625518856466e-11,2.9119534185289176e-11,2.9119442853273113e-11,2.9119351522808526e-11,2.9119260193895134e-11,2.911916886653311e-11,2.911907754072206e-11,2.9118986216462356e-11,2.9118894893754144e-11,2.91188035725969e-11,2.9118712252990526e-11,2.9118620934935405e-11,2.911852961843119e-11,2.911843830347816e-11,2.9118346990076076e-11,2.9118255678224855e-11,2.911816436792461e-11,2.911807305917518e-11,2.9117981751976786e-11,2.911789044632897e-11,2.9117799142231924e-11,2.9117707839686336e-11,2.9117616538690923e-11,2.9117525239246035e-11,2.9117433941352194e-11,2.911734264500858e-11,2.9117251350215846e-11,2.911716005697387e-11,2.9117068765282086e-11,2.911697747514102e-11,2.911688618655054e-11,2.911679489951024e-11,2.911670361402068e-11,2.911661233008118e-11,2.911652104769237e-11,2.911642976685357e-11,2.9116338487565454e-11,2.9116247209827316e-11,2.911615593363931e-11,2.9116064659001573e-11,2.9115973385914155e-11,2.9115882114376835e-11,2.911579084438959e-11,2.911569957595267e-11,2.91156083090652e-11,2.911551704372833e-11,2.911542577994102e-11,2.9115334517703995e-11,2.911524325701688e-11,2.911515199787971e-11,2.9115060740291994e-11,2.9114969484254455e-11,2.911487822976661e-11,2.911478697682843e-11,2.9114695725440124e-11,2.911460447560163e-11,2.911451322731269e-11,2.911442198057329e-11,2.911433073538333e-11,2.911423949174347e-11,2.911414824965285e-11,2.911405700911178e-11,2.9113965770120206e-11,2.9113874532678055e-11,2.911378329678549e-11,2.911369206244226e-11,2.911360082964818e-11,2.9113509598403755e-11,2.911341836870849e-11,2.911332714056234e-11,2.9113235913965646e-11,2.911314468891808e-11,2.9113053465419745e-11,2.911296224347034e-11,2.9112871023070054e-11,2.9112779804219085e-11,2.911268858691732e-11,2.9112597371164306e-11,2.9112506156960115e-11,2.9112414944305175e-11,2.9112323733198885e-11,2.911223252364173e-11,2.9112141315633367e-11,2.9112050109173854e-11,2.911195890426317e-11,2.9111867700901206e-11,2.911177649908799e-11,2.911168529882333e-11,2.911159410010766e-11,2.9111502902940235e-11,2.911141170732184e-11,2.9111320513251886e-11,2.9111229320730554e-11,2.911113812975752e-11,2.911104694033284e-11,2.9110955752456895e-11,2.911086456612948e-11,2.911077338135031e-11,2.9110682198119796e-11,2.911059101643733e-11,2.911049983630319e-11,2.9110408657717044e-11,2.911031748067937e-11,2.911022630519028e-11,2.91101351312489e-11,2.9110043958855755e-11,2.9109952788010756e-11,2.9109861618714096e-11,2.9109770450965086e-11,2.9109679284764376e-11,2.9109588120111515e-11,2.910949695700663e-11,2.910940579544973e-11,2.9109314635440613e-11,2.9109223476979445e-11,2.910913232006607e-11,2.9109041164700616e-11,2.910895001088279e-11,2.91088588586128e-11,2.910876770789046e-11,2.910867655871602e-11,2.910858541108904e-11,2.910849426500965e-11,2.9108403120477867e-11,2.910831197749377e-11,2.910822083605716e-11,2.9108129696167924e-11,2.910803855782608e-11,2.910794742103185e-11,2.910785628578497e-11,2.9107765152085446e-11,2.910767401993331e-11,2.910758288932836e-11,2.910749176027068e-11,2.91074006327604e-11,2.9107309506797044e-11,2.9107218382381157e-11,2.910712725951229e-11,2.910703613819067e-11,2.910694501841603e-11,2.910685390018861e-11,2.9106762783508095e-11,2.910667166837459e-11,2.910658055478818e-11,2.910648944274855e-11,2.910639833225567e-11,2.9106307223309786e-11,2.9106216115910793e-11,2.91061250100587e-11,2.9106033905753195e-11,2.910594280299468e-11,2.910585170178267e-11,2.910576060211748e-11,2.91056695039988e-11,2.910557840742663e-11,2.9105487312401576e-11,2.9105396218922476e-11,2.910530512699026e-11,2.9105214036604474e-11,2.9105122947765295e-11,2.910503186047249e-11,2.910494077472586e-11,2.910484969052584e-11,2.910475860787204e-11,2.910466752676466e-11,2.910457644720338e-11,2.91044853691884e-11,2.9104394292719526e-11,2.910430321779695e-11,2.910421214442077e-11,2.9104121072590426e-11,2.9104030002306414e-11,2.9103938933568324e-11,2.9103847866375996e-11,2.9103756800730047e-11,2.9103665736630005e-11,2.910357467407582e-11,2.910348361306757e-11,2.910339255360528e-11,2.91033014956886e-11,2.9103210439317895e-11,2.9103119384493012e-11,2.9103028331213875e-11,2.9102937279480377e-11,2.910284622929254e-11,2.910275518065035e-11,2.910266413355385e-11,2.9102573088002828e-11,2.910248204399777e-11,2.9102391001538222e-11,2.9102299960623913e-11,2.9102208921255e-11,2.9102117883431617e-11,2.9102026847153843e-11,2.9101935812421094e-11,2.9101844779233925e-11,2.910175374759205e-11,2.910166271749538e-11,2.910157168894414e-11,2.910148066193781e-11,2.9101389636477007e-11,2.9101298612561114e-11,2.9101207590190324e-11,2.910111656936492e-11,2.9101025550084302e-11,2.9100934532348857e-11,2.9100843516158363e-11,2.9100752501512774e-11,2.9100661488412598e-11,2.9100570476856884e-11,2.9100479466846185e-11,2.9100388458380184e-11,2.9100297451459176e-11,2.9100206446083002e-11,2.9100115442251485e-11,2.9100024439964714e-11,2.9099933439222467e-11,2.909984244002509e-11,2.9099751442372363e-11,2.9099660446264163e-11,2.9099569451700454e-11,2.9099478458681525e-11,2.9099387467206977e-11,2.9099296477276912e-11,2.9099205488891225e-11,2.9099114502050178e-11,2.909902351675321e-11,2.9098932533000822e-11,2.9098841550792656e-11,2.9098750570128696e-11,2.909865959100928e-11,2.909856861343395e-11,2.909847763740246e-11,2.9098386662915336e-11,2.9098295689972674e-11,2.9098204718573758e-11,2.9098113748719214e-11,2.9098022780408613e-11,2.909793181364197e-11,2.909784084841938e-11,2.909774988474067e-11,2.9097658922605907e-11,2.9097567962015046e-11,2.909747700296803e-11,2.909738604546469e-11,2.9097295089505286e-11,2.9097204135089464e-11,2.9097113182217568e-11,2.909702223088961e-11,2.9096931281105173e-11,2.9096840332864367e-11,2.9096749386167022e-11,2.9096658441013245e-11,2.909656749740309e-11,2.9096476555336163e-11,2.9096385614813356e-11,2.9096294675833746e-11,2.9096203738397347e-11,2.9096112802504302e-11,2.9096021868154935e-11,2.9095930935348628e-11,2.9095840004085892e-11,2.909574907436638e-11,2.9095658146189723e-11,2.9095567219556464e-11,2.9095476294466683e-11,2.909538537091994e-11,2.909529444891641e-11,2.9095203528455228e-11,2.9095112609537675e-11,2.909502169216297e-11,2.9094930776331545e-11,2.909483986204305e-11,2.9094748949297274e-11,2.9094658038094585e-11,2.909456712843456e-11,2.9094476220317203e-11,2.9094385313743093e-11,2.9094294408711657e-11,2.9094203505222912e-11,2.9094112603276487e-11,2.909402170287316e-11,2.9093930804012415e-11,2.9093839906694515e-11,2.909374901091874e-11,2.909365811668563e-11,2.9093567223995276e-11,2.9093476332847158e-11,2.9093385443241855e-11,2.9093294555178648e-11,2.9093203668658047e-11,2.9093112783679578e-11,2.9093021900243617e-11,2.9092931018350018e-11,2.909284013799853e-11,2.9092749259189294e-11,2.909265838192258e-11,2.9092567506197747e-11,2.9092476632015348e-11,2.909238575937476e-11,2.90922948882764e-11,2.9092204018719972e-11,2.9092113150705608e-11,2.909202228423359e-11,2.90919314194779e-11,2.9091840556265413e-11,2.909174969459584e-11,2.9091658834469153e-11,2.9091567975885466e-11,2.90914771188447e-11,2.9091386263346505e-11,2.909129540939131e-11,2.909120455697901e-11,2.909111370610922e-11,2.9091022856781796e-11,2.9090932008997213e-11,2.9090841162755305e-11,2.909075031805566e-11,2.90906594748984e-11,2.90905686332837e-11,2.9090477793211178e-11,2.9090386954681256e-11,2.9090296117693487e-11,2.9090205282248173e-11,2.9090114448344776e-11,2.9090023615983702e-11,2.908993278516485e-11,2.908984195588786e-11,2.9089751128153187e-11,2.908966030196029e-11,2.9089569477309017e-11,2.908947865420002e-11,2.908938783263306e-11,2.9089297012607717e-11,2.908920619412421e-11,2.9089115377182678e-11,2.9089024561782316e-11,2.908893374792399e-11,2.908884293560701e-11,2.9088752124831768e-11,2.9088661315598193e-11,2.9088570507905958e-11,2.9088479701754842e-11,2.908838889714567e-11,2.908829809386841e-11,2.9088207292131818e-11,2.9088116491935908e-11,2.9088025693281003e-11,2.908793489616638e-11,2.9087844100592215e-11,2.9087753306558678e-11,2.9087662514065836e-11,2.9087571723113375e-11,2.9087480933701445e-11,2.908739014582976e-11,2.9087299359498353e-11,2.9087208574707535e-11,2.9087117791456895e-11,2.908702700974641e-11,2.9086936229576646e-11,2.908684545094686e-11,2.9086754673857158e-11,2.9086663898307808e-11,2.90865731242987e-11,2.9086482351829656e-11,2.9086391580900682e-11,2.9086300811511592e-11,2.9086210043662735e-11,2.9086119277353616e-11,2.9086028512584446e-11,2.9085937749355383e-11,2.9085846987666214e-11,2.9085756227516838e-11,2.9085665468907132e-11,2.908557471183735e-11,2.9085483956307532e-11,2.90853932023172e-11,2.9085302449866763e-11,2.9085211698955747e-11,2.9085120949584587e-11,2.9085030201752893e-11,2.9084939455460838e-11,2.9084848710708317e-11,2.9084757967495445e-11,2.908466722582209e-11,2.908457648568789e-11,2.9084485747093385e-11,2.9084395010038e-11,2.9084304274522247e-11,2.9084213540545942e-11,2.908412280810883e-11,2.9084032077211125e-11,2.9083941347852323e-11,2.9083850620032962e-11,2.9083759893752942e-11,2.9083669169011675e-11,2.9083578445809526e-11,2.9083487724146502e-11,2.908339700402255e-11,2.9083306285437712e-11,2.9083215568391887e-11,2.9083124852885126e-11,2.908303413891721e-11,2.908294342648834e-11,2.9082852715598197e-11,2.908276200624708e-11,2.9082671298434724e-11,2.9082580592161095e-11,2.908248988742606e-11,2.908239918422957e-11,2.908230848257206e-11,2.908221778245308e-11,2.9082127083872942e-11,2.9082036386831007e-11,2.9081945691328074e-11,2.9081854997363413e-11,2.9081764304937437e-11,2.908167361404984e-11,2.9081582924700625e-11,2.9081492236889858e-11,2.9081401550617446e-11,2.908131086588337e-11,2.908122018268752e-11,2.90811295010302e-11,2.9081038820910926e-11,2.9080948142329875e-11,2.908085746528703e-11,2.9080766789782595e-11,2.9080676115816198e-11,2.9080585443387762e-11,2.9080494772497394e-11,2.908040410314518e-11,2.9080313435330792e-11,2.908022276905439e-11,2.908013210431611e-11,2.9080041441115794e-11,2.9079950779453433e-11,2.9079860119328747e-11,2.907976946074187e-11,2.907967880369277e-11,2.9079588148181244e-11,2.9079497494207657e-11,2.9079406841771834e-11,2.9079316190870893e-11,2.907922554150754e-11,2.9079134893681965e-11,2.9079044247393735e-11,2.9078953602643154e-11,2.907886295943005e-11,2.9078772317754414e-11,2.9078681677616295e-11,2.907859103901565e-11,2.90785004019523e-11,2.9078409766426074e-11,2.907831913243724e-11,2.9078228499985766e-11,2.9078137869071596e-11,2.9078047239694787e-11,2.9077956611854895e-11,2.9077865985552338e-11,2.9077775360786744e-11,2.9077684737558245e-11,2.9077594115867103e-11,2.9077503495712424e-11,2.9077412877095466e-11,2.9077322260015097e-11,2.9077231644471685e-11,2.907714103046523e-11,2.9077050417995564e-11,2.9076959807063028e-11,2.9076869197667073e-11,2.9076778589808136e-11,2.907668798348569e-11,2.9076597378700056e-11,2.90765067754511e-11,2.9076416173738657e-11,2.907632557356319e-11,2.9076234974924155e-11,2.9076144377821765e-11,2.9076053782255904e-11,2.9075963188226345e-11,2.907587259573857e-11,2.9075782004787204e-11,2.907569141537167e-11,2.907560082749254e-11,2.9075510241149315e-11,2.907541965634206e-11,2.9075329073071154e-11,2.9075238491335815e-11,2.907514791113661e-11,2.9075057332473225e-11,2.9074966755345786e-11,2.907487617975413e-11,2.9074785605698398e-11,2.9074695033178284e-11,2.907460446219385e-11,2.907451389274509e-11,2.9074423324832218e-11,2.9074332758454857e-11,2.9074242193613202e-11,2.9074151630307156e-11,2.907406106853647e-11,2.907397050830133e-11,2.9073879949601417e-11,2.9073789392437045e-11,2.9073698836808376e-11,2.9073608282714654e-11,2.9073517730156502e-11,2.9073427179133332e-11,2.907333662964554e-11,2.9073246081693142e-11,2.9073155535275436e-11,2.9073064990393187e-11,2.90729744470461e-11,2.907288390523383e-11,2.9072793364956726e-11
14,5.0247625512206513e-64,2.133783512289391e-63,5.598701262303898e-63,1.1665328082766328e-62,2.115578591640735e-62,3.494712209094286e-62,5.397654814060989e-62,7.924744888002172e-62,1.1183464444949471e-61,1.5288846156531074e-61,2.0363764704034968e-61,2.6539132842566804e-61,3.3954025722443265e-61,4.275575434455532e-61,5.309990464717508e-61,6.51503543904582e-61,7.907927637516412e-61,9.506713374017687e-61,1.1330267105420439e-60,1.339829035034275e-60,1.573131055285929e-60,1.8350679965057388e-60,2.127857458410714e-60,2.4537993156765002e-60,2.8152756251559614e-60,3.214750539251209e-60,3.6547702245626287e-60,4.137962784891381e-60,4.6670381877339846e-60,5.244788193521585e-60,5.87408628698099e-60,6.557887610117307e-60,7.299228896424693e-60,8.101228406020367e-60,8.967085861470952e-60,9.900082384137482e-60,1.090358043090978e-59,1.1981023731235385e-59,1.313593722437313e-59,1.4371926996821118e-59,1.5692680219882888e-59,1.7101965087344964e-59,1.8603630753248065e-59,2.020160726973799e-59,2.1899905524986987e-59,2.3702617181179143e-59,2.5613914612555234e-59,2.7638050843511714e-59,2.9779359486756805e-59,3.2042254681515414e-59,3.4431231031786106e-59,3.6950863544648697e-59,3.960580756861997e-59,4.240079873205961e-59,4.534065288162563e-59,4.843026602077548e-59,5.167461424831946e-59,5.507875369701961e-59,5.8647820472238095e-59,6.238703059063371e-59,6.630167991890638e-59,7.039714411258938e-59,7.467887855489e-59,7.915241829557799e-59,8.382337798992215e-59,8.869745183767442e-59,9.37804135221023e-59,9.907811614906835e-59,1.0459649218615847e-58,1.1034155340185733e-58,1.1631939080477005e-58,1.2253617458289517e-58,1.2899815404294154e-58,1.3571165754969578e-58,1.4268309246543376e-58,1.4991894508938247e-58,1.5742578059722906e-58,1.652102429806764e-58,1.7327905498704633e-58,1.8163901805893026e-58,1.9029701227388683e-58,1.9925999628418735e-58,2.085350072566093e-58,2.181291608122741e-58,2.28049650966535e-58,2.3830375006891172e-58,2.4889880874307007e-58,2.5984225582685087e-58,2.711415983123456e-58,2.8280442128601727e-58,2.9483838786887063e-58,3.0725123915666793e-58,3.2005079416019074e-58,3.332449497455506e-58,3.468416805745456e-58,3.6084903904506425e-58,3.752751552315334e-58,3.9012823682541535e-58,4.054165690757537e-58,4.211485147297599e-58,4.373325139734528e-58,4.5397708437233944e-58,4.710908208121456e-58,4.886823954395903e-58,5.067605576032118e-58,5.253341337942322e-58,5.444120275874757e-58,5.640032195823289e-58,5.8411676734374846e-58,6.04761805343316e-58,6.259475449003379e-58,6.476832741229925e-58,6.699783578495212e-58,6.928422375894684e-58,7.162844314649646e-58,7.403145341520606e-58,7.649422168221005e-58,7.901772270831461e-58,8.160293889214483e-58,8.425086026429552e-58,8.696248448148797e-58,8.973881682072991e-58,9.258087017348168e-58,9.548966503982466e-58,9.84662295226368e-58,1.015115993217709e-57,1.0462681772823839e-57,1.078129356183972e-57,1.1107101144814418e-57,1.144021112471131e-57,1.1780730861287524e-57,1.2128768470514616e-57,1.2484432823999659e-57,1.2847833548406775e-57,1.3219081024879083e-57,1.3598286388461193e-57,1.3985561527522055e-57,1.438101908317832e-57,1.4784772448718136e-57,1.5196935769025402e-57,1.5617623940004445e-57,1.6046952608005267e-57,1.6485038169248985e-57,1.6931997769253997e-57,1.7387949302262438e-57,1.7853011410667166e-57,1.832730348443915e-57,1.8810945660555318e-57,1.9304058822426853e-57,1.9806764599327905e-57,2.031918536582485e-57,2.0841444241205928e-57,2.1373665088911277e-57,2.1915972515963496e-57,2.2468491872398653e-57,2.3031349250697687e-57,2.360467148521827e-57,2.4188586151627178e-57,2.4783221566332992e-57,2.538870678591931e-57,2.6005171606578554e-57,2.663274656354585e-57,2.7271562930533654e-57,2.7921752719166754e-57,2.858344867841775e-57,2.9256784294042785e-57,2.9941893788018016e-57,3.063891211797627e-57,3.134797497664421e-57,3.2069218791280094e-57,3.2802780723111777e-57,3.3548798666775174e-57,3.430741124975334e-57,3.5078757831815903e-57,3.5862978504458606e-57,3.6660214090343964e-57,3.747060614274175e-57,3.8294296944970246e-57,3.913142950983775e-57,3.9982147579084685e-57,4.0846595622826034e-57,4.1724918838994266e-57,4.261726315278267e-57,4.3523775216089153e-57,4.444460240696036e-57,4.5379892829036454e-57,4.6329795310996127e-57,4.729445940600218e-57,4.82740353911474e-57,4.9268674266901007e-57,5.027852775655548e-57,5.130374830567373e-57,5.234448908153696e-57,5.340090397259266e-57,5.447314758790308e-57,5.556137525659446e-57,5.666574302730638e-57,5.778640766764138e-57,5.89235266636155e-57,6.007725821910897e-57,6.124776125531723e-57,6.243519541020271e-57,6.363972103794655e-57,6.486149920840129e-57,6.610069170654367e-57,6.735746103192781e-57,6.863197039813909e-57,6.992438373224825e-57,7.123486567426584e-57,7.256358157659735e-57,7.391069750349872e-57,7.527638023053209e-57,7.666079724402208e-57,7.806411674051249e-57,7.948650762622357e-57,8.092813951650955e-57,8.238918273531647e-57,8.38698083146407e-57,8.537018799398785e-57,8.689049421983193e-57,8.843090014507517e-57,8.999157962850794e-57,9.157270723426943e-57,9.317445823130856e-57,9.479700859284544e-57,9.644053499583306e-57,9.810521482041951e-57,9.979122614941076e-57,1.0149874776773351e-56,1.0322795916189901e-56,1.0497904051946656e-56,1.0675217272850815e-56,1.085475373770732e-56,1.103653167526536e-56,1.1220569384164927e-56,1.140688523288343e-56,1.1595497659682347e-56,1.178642517255386e-56,1.1979686349167638e-56,1.2175299836817576e-56,1.2373284352368618e-56,1.2573658682203605e-56,1.2776441682170156e-56,1.2981652277527623e-56,1.318930946289405e-56,1.3399432302193211e-56,1.3612039928601613e-56,1.3827151544495685e-56,1.4044786421398862e-56,1.4264963899928787e-56,1.4487703389744532e-56,1.4713024369493852e-56,1.4940946386760534e-56,1.5171489058011694e-56,1.5404672068545184e-56,1.5640515172437062e-56,1.5879038192489035e-56,1.6120261020175918e-56,1.6364203615593312e-56,1.6610886007405109e-56,1.6860328292791148e-56,1.7112550637394909e-56,1.7367573275271228e-56,1.7625416508834053e-56,1.7886100708804223e-56,1.814964631415737e-56,1.8416073832071732e-56,1.8685403837876138e-56,1.8957656974997947e-56,1.923285395491104e-56,1.9511015557083883e-56,1.9792162628927622e-56,2.0076316085744192e-56,2.0363496910674501e-56,2.0653726154646625e-56,2.09470249363241e-56,2.1243414442054126e-56,2.1542915925816015e-56,2.184555070916944e-56,2.2151340181202948e-56,2.246030579848236e-56,2.2772469084999263e-56,2.3087851632119577e-56,2.340647509853209e-56,2.372836121019713e-56,2.4053531760295126e-56,2.438200860917539e-56,2.471381368430479e-56,2.504896898021659e-56,2.5387496558459194e-56,2.572941854754507e-56,2.607475714289959e-56,2.642353460681e-56,2.6775773268374376e-56,2.7131495523450637e-56,2.749072383460562e-56,2.7853480731064166e-56,2.821978880865826e-56,2.858967072977621e-56,2.896314922331177e-56,2.934024708461359e-56,2.9720987175434363e-56,3.0105392423880143e-56,3.0493485824359854e-56,3.0885290437534592e-56,3.128082939026706e-56,3.168012587557119e-56,3.208320315256153e-56,3.2490084546402907e-56,3.2900793448260023e-56,3.331535331524708e-56,3.37337876703775e-56,3.4156120102513644e-56,3.4582374266316563e-56,3.501257388219582e-56,3.544674273625938e-56,3.588490468026344e-56,3.632708363156238e-56,3.6773303573058733e-56,3.7223588553153147e-56,3.7677962685694517e-56,3.813645014993e-56,3.8599075190455138e-56,3.906586211716408e-56,3.9536835305199714e-56,4.0012019194903945e-56,4.0491438291767937e-56,4.09751171663825e-56,4.146308045438841e-56,4.195535285642675e-56,4.2451959138089455e-56,4.295292412986966e-56,4.345827272711234e-56,4.396802988996476e-56,4.448222064332717e-56,4.5000870076803295e-56,4.5524003344651135e-56,4.605164566573358e-56,4.658382232346924e-56,4.712055866578312e-56,4.7661880105057525e-56,4.82078121180829e-56,4.875838024600874e-56,4.931361009429446e-56,4.987352733266049e-56,5.043815769503921e-56,5.100752697952602e-56,5.158166104833039e-56,5.216058582772708e-56,5.274432730800722e-56,5.3332911543429605e-56,5.3926364652171825e-56,5.452471281628167e-56,5.512798228162832e-56,5.573619935785389e-56,5.634939041832461e-56,5.696758190008243e-56,5.75908003037964e-56,5.821907219371421e-56,5.885242419761376e-56,5.94908830067547e-56,6.013447537583011e-56,6.078322812291815e-56,6.143716812943375e-56,6.209632234008028e-56,6.276071776280151e-56,6.343038146873315e-56,6.410534059215507e-56,6.47856223304428e-56,6.547125394401967e-56,6.616226275630888e-56,6.685867615368524e-56,6.756052158542736e-56,6.82678265636698e-56,6.8980618663355075e-56,6.969892552218574e-56,7.042277484057673e-56,7.1152194381607525e-56,7.188721197097444e-56,7.262785549694292e-56,7.3374152910299875e-56,7.4126132224306e-56,7.4883821514648305e-56,7.564724891939247e-56,7.641644263893541e-56,7.719143093595779e-56,7.797224213537651e-56,7.8758904624297415e-56,7.955144685196784e-56,8.034989732972941e-56,8.1154284630970555e-56,8.196463739107947e-56,8.278098430739688e-56,8.360335413916863e-56,8.44317757074988e-56,8.526627789530264e-56,8.610688964725905e-56,8.695363996976423e-56,8.780655793088416e-56,8.866567266030797e-56,8.953101334930073e-56,9.040260925065687e-56,9.128048967865306e-56,9.21646840090016e-56,9.305522167880363e-56,9.395213218650224e-56,9.485544509183598e-56,9.576519001579206e-56,9.668139664055982e-56,9.7604094709484e-56,9.853331402701838e-56,9.94690844586791e-56,1.004114359309983e-55,1.0136039843147758e-55,1.023160020085417e-55,1.032782767714921e-55,1.0424725289046071e-55,1.0522296059636347e-55,1.0620543018085425e-55,1.071946919962785e-55,1.0819077645562715e-55,1.0919371403249038e-55,1.102035352610116e-55,1.112202707358412e-55,1.1224395111209079e-55,1.1327460710528693e-55,1.1431226949132524e-55,1.1535696910642458e-55,1.1640873684708103e-55,1.1746760367002183e-55,1.1853360059216004e-55,1.1960675869054852e-55,1.2068710910233394e-55,1.2177468302471143e-55,1.2286951171487869e-55,1.2397162648999041e-55,1.2508105872711255e-55,1.2619783986317685e-55,1.2732200139493546e-55,1.2845357487891507e-55,1.2959259193137178e-55,1.3073908422824544e-55,1.3189308350511439e-55,1.3305462155715002e-55,1.342237302390715e-55,1.3540044146510053e-55,1.3658478720891589e-55,1.3777679950360838e-55,1.3897651044163576e-55,1.4018395217477727e-55,1.4139915691408875e-55,1.4262215692985757e-55,1.438529845515573e-55,1.4509167216780326e-55,1.4633825222630707e-55,1.4759275723383185e-55,1.4885521975614744e-55,1.5012567241798514e-55,1.5140414790299341e-55,1.52690678953693e-55,1.5398529837143142e-55,1.5528803901633947e-55,1.5659893380728548e-55,1.5791801572183128e-55,1.5924531779618726e-55,1.6058087312516794e-55,1.6192471486214745e-55,1.6327687621901484e-55,1.6463739046612963e-55,1.6600629093227758e-55,1.673836110046261e-55,1.687693841286799e-55,1.701636438082366e-55,1.715664236053425e-55,1.729777571402484e-55,1.7439767809136505e-55,1.7582622019521936e-55,1.7726341724640994e-55,1.78709303097563e-55,1.8016391165928824e-55,1.8162727690013505e-55,1.8309943284654835e-55,1.84580413582824e-55,1.8607025325106596e-55,1.875689860511414e-55,1.890766462406373e-55,1.905932681348165e-55,1.9211888610657385e-55,1.9365353458639235e-55,1.9519724806229953e-55,1.9675006107982363e-55,1.983120082419499e-55,1.9988312420907715e-55,2.014634436989739e-55,2.0305300148673483e-55,2.0465183240473728e-55,2.06259971342598e-55,2.0787745324712903e-55,2.0950431312229483e-55,2.111405860291687e-55,2.1278630708588926e-55,2.1444151146761737e-55,2.1610623440649256e-55,2.1778051119159e-55,2.1946437716887675e-55,2.211578677411694e-55,2.2286101836808994e-55,2.245738645660236e-55,2.2629644190807505e-55,2.2802878602402526e-55,2.2977093260028908e-55,2.3152291737987188e-55,2.332847761623262e-55,2.3505654480370957e-55,2.36838259216541e-55,2.386299553697585e-55,2.404316692886759e-55,2.422434370549404e-55,2.4406529480648945e-55,2.458972787375083e-55,2.477394250983872e-55,2.495917701956787e-55,2.514543503920548e-55,2.5332720210626485e-55,2.552103618130926e-55,2.5710386604331384e-55,2.5900775138365388e-55,2.6092205447674485e-55,2.6284681202108363e-55,2.6478206077098916e-55,2.667278375365603e-55,2.6868417918363306e-55,2.706511226337388e-55,2.7262870486406193e-55,2.7461696290739732e-55,2.7661593385210838e-55,2.7862565484208457e-55,2.806461630766996e-55,2.8267749581076946e-55,2.8471969035450983e-55,2.8677278407349438e-55,2.8883681438861283e-55,2.9091181877602857e-55,2.929978347671373e-55,2.9509489994852455e-55,2.972030519619244e-55,2.9932232850417705e-55,3.014527673271874e-55,3.0359440623788313e-55,3.0574728309817278e-55,3.0791143582490475e-55,3.100869023898248e-55,3.122737208195347e-55,3.144719291954507e-55,3.166815656537618e-55,3.1890266838538836e-55,3.2113527563594067e-55,3.233794257056772e-55,3.256351569494632e-55,3.2790250777672925e-55,3.301815166514303e-55,3.324722220920038e-55,3.347746626713286e-55,3.370888770166837e-55,3.39414903809707e-55,3.41752781786354e-55,3.4410254973685634e-55,3.4646424650568126e-55,3.4883791099149015e-55,3.5122358214709726e-55,3.536212989794289e-55,3.560311005494824e-55,3.5845302597228506e-55,3.608871144168533e-55,3.6333340510615134e-55,3.657919373170506e-55,3.68262750380289e-55,3.7074588368043e-55,3.732413766558213e-55,3.75749268798555e-55,3.782695996544262e-55,3.808024088228923e-55,3.833477359570327e-55,3.859056207635075e-55,3.884761030025177e-55,3.910592224877643e-55,3.936550190864075e-55,3.962635327190261e-55,3.988848033595778e-55,4.015188710353581e-55,4.0416577582695976e-55,4.0682555786823304e-55,4.094982573462448e-55,4.121839145012382e-55,4.148825696265928e-55,4.175942630687838e-55,4.20319035227342e-55,4.23056926554814e-55,4.258079775567213e-55,4.2857222879152075e-55,4.3134972087056436e-55,4.3414049445805875e-55,4.369445902710259e-55,4.397620490792621e-55,4.425929117052993e-55,4.4543721902436386e-55,4.482950119643375e-55,4.511663315057169e-55,4.540512186815742e-55,4.569497145775172e-55,4.598618603316491e-55,4.627876971345292e-55,4.65727266229133e-55,4.686806089108123e-55,4.7164776652725646e-55,4.7462878047845105e-55,4.776236922166403e-55,4.806325432462856e-55,4.836553751240273e-55,4.866922294586443e-55,4.897431479110155e-55,4.928081721940797e-55,4.958873440727962e-55,4.9898070536410546e-55,5.0208829793689026e-55,5.052101637119355e-55,5.083463446618894e-55,5.1149688281122445e-55,5.146618202361975e-55,5.1784119906481115e-55,5.210350614767745e-55,5.242434497034637e-55,5.274664060278831e-55,5.307039727846262e-55,5.339561923598361e-55,5.372231071911672e-55,5.4050475976774625e-55,5.4380119263013226e-55,5.4711244837027885e-55,5.504385696314948e-55,5.5377959910840534e-55,5.571355795469123e-55,5.605065537441576e-55,5.638925645484822e-55,5.672936548593883e-55,5.707098676275007e-55,5.741412458545281e-55,5.775878325932239e-55,5.810496709473487e-55,5.8452680407163036e-55,5.880192751717264e-55,5.91527127504185e-55,5.950504043764066e-55,5.985891491466057e-55,6.0214340522377186e-55,6.0571321606763206e-55,6.092986251886115e-55,6.128996761477958e-55,6.165164125568926e-55,6.201488780781929e-55,6.2379711642453305e-55,6.2746117135925694e-55,6.3114108669617706e-55,6.348369062995364e-55,6.385486740839713e-55,6.422764340144721e-55,6.460202301063455e-55,6.497801064251773e-55,6.535561070867927e-55,6.573482762572194e-55,6.611566581526503e-55,6.649812970394038e-55,6.688222372338875e-55,6.726795231025595e-55,6.765531990618908e-55,6.804433095783267e-55,6.843498991682513e-55,6.882730123979463e-55,6.922126938835567e-55,6.961689882910507e-55,7.001419403361833e-55,7.041315947844582e-55,7.081379964510899e-55,7.121611902009672e-55,7.16201220948614e-55,7.202581336581536e-55,7.243319733432696e-55,7.284227850671698e-55,7.325306139425475e-55,7.36655505131545e-55,7.407975038457161e-55,7.449566553459885e-55,7.491330049426264e-55,7.533265979951939e-55,7.575374799125165e-55,7.617656961526455e-55,7.660112922228196e-55,7.702743136794274e-55,7.745548061279721e-55,7.788528152230324e-55,7.831683866682265e-55,7.875015662161744e-55,7.918523996684621e-55,7.962209328756032e-55,8.006072117370026e-55,8.050112822009192e-55,8.094331902644303e-55,8.138729819733922e-55,8.183307034224057e-55,8.228064007547783e-55,8.273001201624876e-55,8.318119078861442e-55,8.363418102149559e-55,8.408898734866896e-55,8.454561440876358e-55,8.500406684525709e-55,8.546434930647223e-55,8.592646644557297e-55,8.639042292056102e-55,8.685622339427202e-55,8.732387253437207e-55,8.779337501335395e-55,8.826473550853358e-55,8.873795870204628e-55,8.921304928084309e-55,8.969001193668732e-55,9.016885136615081e-55,9.064957227061021e-55,9.113217935624351e-55,9.161667733402635e-55,9.210307091972831e-55,9.25913648339095e-55,9.308156380191675e-55,9.35736725538801e-55,9.406769582470904e-55,9.45636383540892e-55,9.506150488647845e-55,9.556130017110346e-55,9.606302896195601e-55,9.656669601778945e-55,9.70723061021151e-55,9.757986398319867e-55,9.808937443405659e-55,9.860084223245263e-55,9.911427216089396e-55,9.962966900662802e-55,1.001470375616385e-54,1.0066638262264214e-54,1.0118770899108496e-54,1.0171102147313866e-54,1.0223632487969716e-54,1.0276362402637302e-54,1.0329292373349382e-54,1.0382422882609877e-54,1.043575441339348e-54,1.048928744914534e-54,1.0543022473780693e-54,1.0596959971684497e-54,1.0651100427711086e-54,1.070544432718382e-54,1.0759992155894722e-54,1.0814744400104139e-54,1.0869701546540374e-54,1.0924864082399334e-54,1.098023249534419e-54,1.1035807273505014e-54,1.1091588905478425e-54,1.1147577880327246e-54,1.1203774687580153e-54,1.1260179817231304e-54,1.1316793759740018e-54,1.1373617006030404e-54,1.1430650047491005e-54,1.1487893375974477e-54,1.1545347483797211e-54,1.1603012863738993e-54,1.1660890009042658e-54,1.1718979413413729e-54,1.1777281571020087e-54,1.1835796976491607e-54,1.1894526124919819e-54,1.1953469511857547e-54,1.2012627633318588e-54,1.207200098577732e-54,1.2131590066168403e-54,1.2191395371886412e-54,1.2251417400785477e-54,1.2311656651178945e-54,1.2372113621839058e-54,1.2432788811996576e-54,1.2493682721340438e-54,1.255479585001743e-54,1.2616128698631822e-54,1.2677681768245037e-54,1.2739455560375308e-54,1.280145057699732e-54,1.2863667320541876e-54,1.2926106293895552e-54,1.2988768000400358e-54,1.3051652943853375e-54,1.3114761628506442e-54,1.3178094559065793e-54,1.3241652240691723e-54,1.3305435178998232e-54,1.336944388005271e-54,1.3433678850375574e-54,1.3498140596939924e-54,1.356282962717122e-54,1.3627746448946937e-54,1.3692891570596213e-54,1.3758265500899504e-54,1.3823868749088283e-54,1.3889701824844646e-54,1.395576523830101e-54,1.402205950003977e-54,1.408858512109295e-54,1.4155342612941864e-54,1.4222332487516776e-54,1.4289555257196584e-54,1.4357011434808463e-54,1.4424701533627517e-54,1.4492626067376472e-54,1.456078555022531e-54,1.4629180496790944e-54,1.4697811422136898e-54,1.4766678841772945e-54,1.4835783271654772e-54,1.4905125228183668e-54,1.4974705228206172e-54,1.5044523789013733e-54,1.5114581428342377e-54,1.5184878664372405e-54,1.5255416015728e-54,1.5326194001476937e-54,1.539721314113025e-54,1.546847395464186e-54,1.5539976962408276e-54,1.5611722685268257e-54,1.568371164450247e-54,1.5755944361833167e-54,1.582842135942385e-54,1.5901143159878926e-54,1.5974110286243392e-54,1.6047323262002505e-54,1.612078261108143e-54,1.619448885784494e-54,1.6268442527097048e-54,1.6342644144080716e-54,1.6417094234477487e-54,1.6491793324407186e-54,1.656674194042758e-54,1.664194060953404e-54,1.671738985915921e-54,1.679309021717271e-54,1.6869042211880762e-54,1.694524637202589e-54,1.7021703226786587e-54,1.7098413305776995e-54,1.7175377139046543e-54,1.7252595257079673e-54,1.7330068190795466e-54,1.7407796471547346e-54,1.7485780631122724e-54,1.7564021201742708e-54,1.7642518716061748e-54,1.7721273707167323e-54,1.780028670857961e-54,1.7879558254251167e-54,1.795908887856659e-54,1.8038879116342218e-54,1.8118929502825778e-54,1.8199240573696076e-54,1.8279812865062674e-54,1.836064691346556e-54,1.8441743255874823e-54,1.8523102429690352e-54,1.8604724972741474e-54,1.8686611423286665e-54,1.8768762320013207e-54,1.885117820203689e-54,1.893385960890165e-54,1.901680708057929e-54,1.9100021157469132e-54,1.918350238039771e-54,1.9267251290618415e-54,1.9351268429811244e-54,1.9435554340082407e-54,1.952010956396405e-54,1.960493464441392e-54,1.9690030124815044e-54,1.977539654897542e-54,1.9861034461127674e-54,1.9946944405928776e-54,2.0033126928459703e-54,2.01195825742251e-54,2.0206311889152998e-54,2.0293315419594486e-54,2.038059371232337e-54,2.0468147314535898e-54,2.055597677385039e-54,2.0644082638306965e-54,2.0732465456367203e-54,2.082112577691384e-54,2.0910064149250445e-54,2.0999281123101096e-54,2.1088777248610075e-54,2.1178553076341546e-54,2.1268609157279268e-54,2.135894604282623e-54,2.144956428480437e-54,2.1540464435454268e-54,2.163164704743479e-54,2.1723112673822817e-54,2.1814861868112906e-54,2.1906895184217007e-54,2.1999213176464098e-54,2.209181639959992e-54,2.218470540878665e-54,2.2277880759602566e-54,2.2371343008041777e-54,2.2465092710513872e-54,2.2559130423843628e-54,2.265345670527069e-54,2.2748072112449274e-54,2.2842977203447831e-54,2.2938172536748773e-54,2.303365867124811e-54,2.3129436166255204e-54,2.322550558149239e-54,2.3321867477094736e-54,2.3418522413609676e-54,2.3515470951996725e-54,2.3612713653627172e-54,2.3710251080283772e-54,2.3808083794160422e-54,2.3906212357861877e-54,2.400463733440341e-54,2.410335928721055e-54,2.4202378780118712e-54,2.430169637737295e-54,2.440131264362761e-54,2.450122814394605e-54,2.46014434438003e-54,2.4701959109070802e-54,2.4802775706046057e-54,2.4903893801422343e-54,2.5005313962303416e-54,2.5107036756200186e-54,2.520906275103042e-54,2.5311392515118435e-54,2.541402661719481e-54,2.5516965626396037e-54,2.5620210112264292e-54,2.5723760644747054e-54,2.5827617794196834e-54,2.5931782131370867e-54,2.6036254227430827e-54,2.61410346539425e-54,2.6246123982875485e-54,2.6351522786602897e-54,2.645723163790108e-54,2.6563251109949264e-54,2.666958177632932e-54,2.6776224211025394e-54,2.6883178988423637e-54,2.6990446683311936e-54,2.709802787087955e-54,2.720592312671686e-54,2.7314133026815025e-54,2.742265814756574e-54,2.753149906576088e-54,2.764065635859223e-54,2.775013060365117e-54,2.785992237892838e-54,2.797003226281356e-54,2.8080460834095105e-54,2.8191208671959816e-54,2.830227635599259e-54,2.841366446617616e-54,2.8525373582890754e-54,2.8637404286913813e-54,2.8749757159419704e-54,2.886243278197941e-54,2.897543173656022e-54,2.9088754605525493e-54,2.920240197163427e-54,2.931637441804106e-54,2.943067252829548e-54,2.9545296886342e-54,2.966024807651964e-54,2.9775526683561654e-54,2.9891133292595293e-54,3.0007068489141415e-54,3.012333285911427e-54,3.0239926988821187e-54,3.035685146496226e-54,3.047410687463006e-54,3.059169380530936e-54,3.0709612844876825e-54,3.0827864581600717e-54,5.062429948085054e-27,2.1295891051312186e-26,5.153052387998738e-26,9.723183706954622e-26,1.5937338041543743e-25,2.388167930617608e-25,3.3646136644420945e-25,4.532923693866553e-25,5.903891210404696e-25,7.489200269264795e-25,9.301357299310041e-25,1.1353642615103562e-24,1.3660090321451353e-24,1.6235493882174603e-24,1.9095431793207376e-24,2.2256308126875144e-24,2.573540396263519e-24,2.955093700405327e-24,3.3722127723174856e-24,3.826927113051008e-24,4.32138137914614e-24,4.857843605760118e-24,5.438713971219885e-24,6.066534138393956e-24,6.743997219167427e-24,7.473958416496075e-24,8.259446405370934e-24,9.1036755202862e-24,1.0010058823047304e-23,1.0982222131245256e-23,1.2024019094792211e-23,1.3139547415571365e-23,1.433316631379448e-23,1.560951535402674e-23,1.6973534754434983e-23,1.8430487314325146e-23,1.9985982107902842e-23,2.1646000106791393e-23,2.3416921909520333e-23,2.5305557774100285e-23,2.731918016934059e-23,2.946555908358089e-23,3.175300035122175e-23,3.4190387288529995e-23,3.6787225957920025e-23,3.955369441435366e-23,4.250069632637976e-23,4.563991940567523e-23,4.8983899127310456e-23,5.2546088275686035e-23,5.634093291113589e-23,6.038395541901891e-23,6.46918453786843e-23,6.928255907443917e-23,7.417542856612613e-23,7.939128134468124e-23,8.495257171978665e-23,9.088352522396607e-23,9.721029747307354e-23,1.0396114910030053e-22,1.1116663857805723e-22,1.1885983497316783e-22,1.2707655293583786e-22,1.3585561251848909e-22,1.452391267554179e-22,1.5527282031779882e-22,1.6600638299595117e-22,1.7749386226270895e-22,1.8979409974653516e-22,2.0297121710542381e-22,2.170951575406335e-22,2.322422900987389e-22,2.484960848640324e-22,2.6594786836501988e-22,2.846976698379368e-22,3.0485517056407747e-22,3.2654077032044343e-22,3.4988678709164873e-22,3.750388086636234e-22,4.0215721759544765e-22,4.314189144360839e-22,4.630192679982834e-22,4.971743261391841e-22,5.341233259494481e-22,5.741315486838217e-22,6.174935723606466e-22,6.645369839477998e-22,7.156266237265795e-22,7.711694470992854e-22,8.316201042239206e-22,8.974873559362383e-22,9.693414659464944e-22,1.0478227353673546e-21,1.133651376694971e-21,1.2276389620607637e-21,1.3307017260300195e-21,1.4438760583640798e-21,1.5683365891697733e-21,1.7054173505212237e-21,1.8566365984378545e-21,2.0237260014049037e-21,2.208665051938616e-21,2.4137217429943777e-21,2.6415007801113248e-21,2.8950008843029027e-21,3.177683094183523e-21,3.4935524169434336e-21,3.84725573015015e-21,4.244199530243055e-21,4.690691998218704e-21,5.194114959287297e-21,5.763132717406438e-21,6.4079465341029385e-21,7.140605807472744e-21,7.975389940806251e-21,8.929278668591457e-21,1.0022533491755641e-20,1.127941921283165e-20,1.2729102819242182e-20,1.4406777763884535e-20,1.635507587495225e-20,1.8625847825629174e-20,2.1282417844848777e-20,2.4402451241962126e-20,2.808161719730517e-20,3.2438288027299185e-20,3.761959508175783e-20,4.3809267839652843e-20,5.123782653809468e-20,6.019589322192089e-20,7.105164945582317e-20,8.427382490560928e-20,1.0046208023670005e-19,1.2038728823953127e-19,1.4504506262390288e-19,1.7572697910957395e-19,2.1411531118697857e-19,2.6240875965879897e-19,3.2348850732207638e-19,4.011357480900913e-19,5.003131643087877e-19,6.275229080252048e-19,7.912515008199269e-19,1.0025069104392605e-18,1.217080186221135e-18,1.5594611206470125e-18,2.0004830569143854e-18,2.5665647925149522e-18,3.2911221789215394e-18,4.21518239596466e-18,5.388574654486086e-18,6.871125793722647e-18,8.733239314093733e-18,1.1054929381773867e-17,1.3922273900691612e-17,1.7420553009515247e-17,2.1624028743753173e-17,2.6583317202071758e-17,3.2312394350090535e-17,3.8778092411989325e-17,4.58949693688388e-17,5.352740958230999e-17,6.149902099423975e-17,6.960750399447125e-17,7.764193181212164e-17,8.539926585560682e-17,9.269778518528891e-17,9.938639311616696e-17,1.0534985618673031e-16,1.1051060392374054e-16,1.1482782121531756e-16,1.1829445418791676e-16,1.2093265162385626e-16,1.2278815430238026e-16,1.2392417901323427e-16,1.2441534542134235e-16,1.243421213553904e-16,1.237861244675716e-16,1.2282645373361335e-16,1.2153707294446707e-16,1.1998515568860042e-16,1.1823023512077833e-16,1.163239768625091e-16,1.1431039827828317e-16,1.1222637991900687e-16,1.1010234506323259e-16,1.0796301421396114e-16,1.0582816900513243e-16,1.037133827548953e-16,1.0163069195206689e-16,9.958919804386632e-17,9.759559085133866e-17,9.565460078977729e-17,9.376938156466671e-17,9.194183085273036e-17,9.017285648069979e-17,8.846259546635528e-17,8.681059289666081e-17,8.521594697917473e-17,8.367742587762806e-17,8.219356119460562e-17,8.076272225951427e-17,7.93831747335845e-17,7.805312646987177e-17,7.677076306744631e-17,7.5534275131767e-17,7.434187900112758e-17,7.319183165065403e-17,7.208244236270473e-17,7.101208023949305e-17,6.997917942502373e-17,6.898224229963689e-17,6.801984109779194e-17,6.709061832577683e-17,6.619328627388495e-17,6.532662585530158e-17,6.448948495460345e-17,6.368077642957777e-17,6.289947587846137e-17,6.214461925967515e-17,6.14153004310584e-17,6.071066865951695e-17,6.002992613970382e-17,5.937232555023402e-17,5.873716766804076e-17,5.812379905553977e-17,5.753160983044972e-17,5.696003152437164e-17,5.640853503351655e-17,5.587662866273365e-17,5.53638562625337e-17,5.4869795457429283e-17,5.439405596324202e-17,5.393627799029668e-17,5.3496130729121006e-17,5.3073310914974275e-17,5.2667541467449736e-17,5.227857020131308e-17,5.1906168604803644e-17,5.1550130681696606e-17,5.1210271853528776e-17,5.0886427918531825e-17,5.0578454063987115e-17,5.028622392885099e-17,5.0009628713669723e-17,4.974857633499267e-17,4.95029906216258e-17,4.927281055023844e-17,4.905798951800344e-17,4.8858494650070424e-17,4.867430613982311e-17,4.850541662006565e-17,4.8351830563228305e-17,4.8213563709062665e-17,4.8090642518184314e-17,4.798310365001764e-17,4.789099346381545e-17,4.7814367541438694e-17,4.775329023076696e-17,4.7707834208579923e-17,4.767808006192095e-17,4.7664115886943136e-17,4.766603690438358e-17,4.768394509072313e-17,4.771794882439334e-17,4.776816254612842e-17,4.783470643288926e-17,4.7917706084685185e-17,4.8017292223598284e-17,4.8133600404581895e-17,4.826677073736485e-17,4.841694761902066e-17,4.858427947680895e-17,4.876891852058634e-17,4.8971020504646714e-17,4.9190744496822063e-17,4.942825266456755e-17,4.968371005248645e-17,4.9957284383247175e-17,5.024914585981194e-17,5.0559466975404126e-17,5.088842233047453e-17,5.123618845640934e-17,5.1602943645659694e-17,5.1988867788087123e-17,5.239414221327352e-17,5.2818948482853314e-17,5.3263472068062446e-17,5.372789731163427e-17,5.421240968415425e-17,5.471719548560629e-17,5.5242441658443694e-17,5.578833564324693e-17,5.63550652536764e-17,5.69428185604986e-17,5.755178378179005e-17,5.81821491778672e-17,5.883410295031492e-17,5.950783314495169e-17,6.020352755842733e-17,6.092137364838668e-17,6.16615584469895e-17,6.24242684778246e-17,6.320968967594373e-17,6.401800731098064e-17,6.484940591334459e-17,6.570406920325891e-17,6.658218002260215e-17,6.74839202694308e-17,6.840947083535412e-17,6.935901154513319e-17,7.033272109904014e-17,7.133077701747706e-17,7.235335558793603e-17,7.340063181427104e-17,7.44727793681193e-17,7.556997054240454e-17,7.669237620701048e-17,7.784016576622004e-17,7.901350711841478e-17,8.021256661744482e-17,8.143750903576302e-17,8.268849752940459e-17,8.396569360469351e-17,8.526925708670038e-17,8.659934608897405e-17,8.795611698518516e-17,8.933972438210832e-17,9.075032109405604e-17,9.218805811881297e-17,9.365308461488518e-17,9.514554788002509e-17,9.666559333148389e-17,9.821336448657779e-17,9.978900294541829e-17,1.0139264837438653e-16,1.0302443849081354e-16,1.0468450904866228e-16,1.0637299382552661e-16,1.080900246104391e-16,1.0983573119257528e-16,1.1161024135143202e-16,1.1341368084751398e-16,1.1524617341395255e-16,1.1710784074918297e-16,1.1899880251039598e-16,1.2091917630779345e-16,1.228690776996666e-16,1.2484862018833507e-16,1.2685791521657985e-16,1.2889707216509287e-16,1.309661983505134e-16,1.3306539902419755e-16,1.3519477737141105e-16,1.3735443451145286e-16,1.3954446949823938e-16,1.41764979321481e-16,1.4401605890860795e-16,1.4629780112689097e-16,1.4861029678641618e-16,1.5095363464347286e-16,1.5332790140439827e-16,1.5573318172996932e-16,1.5816955824025455e-16,1.6063711151971678e-16,1.6313592012313563e-16,1.6566606058155995e-16,1.6822760740887977e-16,1.7082063310882805e-16,1.7344520818182457e-16,1.7610140235128134e-16,1.7878928031931603e-16,1.815089069277457e-16,1.842603448941674e-16,1.8704365489887243e-16,1.8985889577204354e-16,1.9270612413074208e-16,1.9558539472865604e-16,1.9849676042230146e-16,2.0144027215850066e-16,2.0441597898141418e-16,2.074239280420406e-16,2.1046416460983747e-16,2.1353673208416803e-16,2.1664167200598912e-16,2.1977902406947986e-16,2.229488261339192e-16,2.2615111423568503e-16,2.293859226000378e-16,2.3265328365388163e-16,2.3595322803753794e-16,2.3928578461774986e-16,2.426509805004102e-16,2.4604884104216975e-16,2.4947938986493964e-16,2.5294264886803084e-16,2.564386382412174e-16,2.5996737647825344e-16,2.6352888038966023e-16,2.671231651166859e-16,2.707502441444194e-16,2.74410129315532e-16,2.7810283084342405e-16,2.818283573263968e-16,2.8558671576137923e-16,2.8937791155722194e-16,2.932019485488621e-16,2.97058829011232e-16,3.0094855367311156e-16,3.0487112173100227e-16,3.088265308630007e-16,3.128147772430397e-16,3.168358555548084e-16,3.2088975900576056e-16,3.2497647934121107e-16,3.290960068586084e-16,3.33248330420971e-16,3.3743343747182624e-16,3.416513140484974e-16,3.4590194479684717e-16,3.5018531298544576e-16,3.545014005177904e-16,3.5885018794868946e-16,3.6323165449766904e-16,3.6764577806248e-16,3.7209253523337625e-16,3.7657190130701593e-16,3.8108385030049814e-16,3.8562835496520366e-16,3.902053868007302e-16,3.948149160685961e-16,3.994569118066585e-16,4.0413134184211296e-16,4.088381728056737e-16,4.135773701452355e-16,4.1834889813953736e-16,4.2315271991173296e-16,4.279887974430615e-16,4.3285709158623394e-16,4.377575620791263e-16,4.4269016755800684e-16,4.476548655710004e-16,4.526516125914413e-16,4.576803640308773e-16,4.627410742533337e-16,4.678336965867427e-16,4.72958183336506e-16,4.781144858009882e-16,4.833025542807864e-16,4.885223380936145e-16,4.937737855872247e-16,4.990568441512268e-16,5.043714602308234e-16,5.097175793393827e-16,5.150951460696088e-16,5.205041041083693e-16,5.259443962471056e-16,5.314159643953666e-16,5.369187495921459e-16,5.424526920191008e-16,5.480177310114416e-16,5.536138050743102e-16,5.592408518880706e-16,5.648988083236952e-16,5.705876104552244e-16,5.763071935707414e-16,5.820574921841861e-16,5.878384400471008e-16,5.936499701596203e-16,5.994920147829113e-16,6.053645054493814e-16,6.112673729758631e-16,6.17200547472435e-16,6.231639583557234e-16,6.291575343586305e-16,6.351812035420798e-16,6.412348933062688e-16,6.473185303993529e-16,6.534320409312374e-16,6.595753503827356e-16,6.657483836162029e-16,6.719510648861654e-16,6.781833178502825e-16,6.844450655783515e-16,6.907362305642883e-16,6.970567347354316e-16,7.034064994636877e-16,7.09785445572428e-16,7.161934933509494e-16,7.226305625619466e-16,7.290965724508405e-16,7.355914417569432e-16,7.421150887222835e-16,7.486674311013931e-16,7.552483861709898e-16,7.618578707385202e-16,7.684958011530998e-16,7.751620933125402e-16,7.818566626760957e-16,7.885794242692737e-16,7.953302926960651e-16,8.021091821460367e-16,8.089160064041626e-16,8.157506788593854e-16,8.2261311251338135e-16,8.295032199888638e-16,8.364209135386664e-16,8.433661050534651e-16,8.503387060716978e-16,8.573386277859751e-16,8.643657810521951e-16,8.714200763979336e-16,8.785014240303453e-16,8.85609733844058e-16,8.927449154292708e-16,8.999068780796006e-16,9.070955307998433e-16,9.143107823141522e-16,9.215525410711517e-16,9.288207152555902e-16,9.361152127934795e-16,9.434359413596203e-16,9.507828083851725e-16,9.58155721065045e-16,9.655545863643833e-16,9.729793110267086e-16,9.804298015806117e-16,9.879059643465761e-16,9.954077054436141e-16,1.0029349307972826e-15,1.0104875461452434e-15,1.0180654570435412e-15,1.025668568875315e-15,1.0332967868554916e-15,1.0409500160377164e-15,1.0486281613211604e-15,1.056331127456598e-15,1.0640588190527325e-15,1.0718111405825893e-15,1.0795879963892387e-15,1.0873892906923633e-15,1.0952149275937607e-15,1.1030648110836532e-15,1.1109388450468898e-15,1.1188369332667706e-15,1.1267589794359556e-15,1.1347048871558661e-15,1.1426745599449208e-15,1.1506679012449543e-15,1.1586848144258592e-15,1.1667252027920562e-15,1.1747889695847283e-15,1.1828760179911134e-15,1.1909862511483298e-15,1.1991195721482257e-15,1.2072758840443066e-15,1.2154550898484377e-15,1.2236570925466183e-15,1.2318817950996857e-15,1.2401291004483783e-15,1.2483989115188281e-15,1.2566911312252922e-15,1.2650056624765801e-15,1.273342408180016e-15,1.2817012712466801e-15,1.290082154595544e-15,1.2984849611576948e-15,1.3069095938815517e-15,1.3153559557351605e-15,1.323823949713716e-15,1.3323134788415395e-15,1.3408244461771303e-15,1.3493567548167868e-15,1.3579103078996844e-15,1.3664850086111559e-15,1.3750807601854818e-15,1.3836974659126758e-15,1.3923350291406865e-15,1.4009933532790357e-15,1.4096723418016071e-15,1.4183718982549319e-15,1.4270919262567005e-15,1.4358323295016185e-15,1.4445930117648656e-15,1.4533738769059501e-15,1.462174828871321e-15,1.4709957716984114e-15,1.4798366095187377e-15,1.488697246562134e-15,1.4975775871583035e-15,1.5064775357426775e-15,1.5153969968570514e-15,1.5243358751534729e-15,1.5332940753984063e-15,1.5422715024743066e-15,1.5512680613840675e-15,1.560283657253207e-15,1.5693181953326888e-15,1.578371581002613e-15,1.5874437197740692e-15,1.5965345172926835e-15,1.6056438793401564e-15,1.6147717118419763e-15,1.6239179208580509e-15,1.633082412599761e-15,1.6422650934249483e-15,1.6514658698414673e-15,1.660684648509768e-15,1.6699213362452346e-15,1.6791758400221202e-15,1.6884480669733182e-15,1.6977379243949378e-15,1.7070453197477922e-15,1.716370160659493e-15,1.7257123549271615e-15,1.7350718105198326e-15,1.7444484355799197e-15,1.7538421384254385e-15,1.7632528275526118e-15,1.7726804116378326e-15,1.782124799539402e-15,1.7915859002994847e-15,1.80106362314681e-15,1.810557877497826e-15,1.820068572959434e-15,1.8295956193285034e-15,1.8391389265958206e-15,1.848698404948493e-15,1.858273964770151e-15,1.8678655166446497e-15,1.8774729713543728e-15,1.887096239886682e-15,1.896735233426907e-15,1.906389863370707e-15,1.9160600413203092e-15,1.9257456790852146e-15,1.935446688685727e-15,1.9451629823518575e-15,1.954894472530911e-15,1.964641071880055e-15,1.9744026932740447e-15,1.984179249804502e-15,1.993970654781459e-15,2.0037768217343132e-15,2.013597664414239e-15,2.0234330967945943e-15,2.0332830330716165e-15,2.0431473876675858e-15,2.053026075228818e-15,2.0629190106292465e-15,2.0728261089715282e-15,2.082747285587413e-15,2.0926824560386153e-15,2.1026315361200233e-15,2.1125944418545803e-15,2.122571089502138e-15,2.1325613955541356e-15,2.1425652767406927e-15,2.1525826500265044e-15,2.1626134326126446e-15,2.1726575419382854e-15,2.1827148956849938e-15,2.1927854117648356e-15,2.2028690083365527e-15,2.212965603801976e-15,2.2230751168018592e-15,2.233197466219775e-15,2.2433325711826875e-15,2.2534803510647595e-15,2.2636407254770555e-15,2.273813614282499e-15,2.2839989375889826e-15,2.2941966157506697e-15,2.3044065693672848e-15,2.3146287192895047e-15,2.3248629866143746e-15,2.3351092926875043e-15,2.3453675591038226e-15,2.355637707709869e-15,2.365919660600645e-15,2.376213340122238e-15,2.3865186688719528e-15,2.396835569703321e-15,2.4071639657101037e-15,2.417503780248146e-15,2.427854936926147e-15,2.438217359600865e-15,2.4485909723847944e-15,2.4589756996491284e-15,2.4693714660117503e-15,2.4797781963474117e-15,2.4901958157860148e-15,2.500624249712396e-15,2.5110634237654528e-15,2.5215132638406794e-15,2.5319736960888104e-15,2.5424446469150237e-15,2.5529260429813966e-15,2.5634178112060016e-15,2.5739198787625264e-15,2.584432173081547e-15,2.594954621850535e-15,2.605487153010614e-15,2.6160296947627387e-15,2.6265821755635498e-15,2.637144524126584e-15,2.6477166694201002e-15,2.6582985406711227e-15,2.6688900673635612e-15,2.6794911792372925e-15,2.690101806288491e-15,2.7007218787732806e-15,2.7113513272005712e-15,2.721990082336934e-15,2.7326380752087793e-15,2.7432952370967914e-15,2.753961499532686e-15,2.7646367943116562e-15,2.7753210534842784e-15,2.7860142093563224e-15,2.796716194489638e-15,2.807426941702307e-15,2.8181463840679475e-15,2.8288744549150197e-15,2.839611087828187e-15,2.8503562166467258e-15,2.861109775466911e-15,2.8718716986379247e-15,2.882641920766105e-15,2.8934203767081015e-15,2.9042070015775132e-15,2.9150017307391034e-15,2.9258044998194924e-15,2.936615244692695e-15,2.9474339014829066e-15,2.958260406571448e-15,2.9690946965938554e-15,2.979936708433793e-15,2.990786379230074e-15,3.0016436463723156e-15,3.0125084475025638e-15,3.023380720513201e-15,3.0342604035473095e-15,3.0451474349988422e-15,3.0560417535115914e-15,3.0669432979795027e-15,3.077852007547253e-15,3.088767821604569e-15,3.0996906797940185e-15,3.110620522004173e-15,3.121557288374319e-15,3.1325009192868107e-15,3.143451355373224e-15,3.1544085375146083e-15,3.165372406835354e-15,3.176342904706987e-15,3.187319972746002e-15,3.19830355281322e-15,3.209293587014868e-15,3.220290017701316e-15,3.2312927874671305e-15,3.2423018391489066e-15,3.2533171158268965e-15,3.2643385608238528e-15,3.2753661177034596e-15,3.2863997302716012e-15,3.2974393425759203e-15,3.3084848989012008e-15,3.3195363437751776e-15,3.3305936219645627e-15,3.34165667847559e-15,3.3527254585490327e-15,3.3637999076667214e-15,3.374879971549345e-15,3.385965596151849e-15,3.397056727665879e-15,3.4081533125195422e-15,3.4192552973758415e-15,3.4303626291327207e-15,3.441475254920151e-15,3.452593122106926e-15,3.463716178288094e-15,3.4748443712991796e-15,3.4859776492020016e-15,3.4971159602903046e-15,3.508259253089543e-15,3.519407476355041e-15,3.530560579073343e-15,3.5417185104573068e-15,3.5528812199503176e-15,3.564048657225397e-15,3.575220772178014e-15,3.586397514934148e-15,3.597578835845423e-15,3.608764685488176e-15,3.6199550146674784e-15,3.631149774407175e-15,3.642348915958452e-15,3.6535523907942496e-15,3.664760150611183e-15,3.6759721473268526e-15,3.687188333080662e-15,3.698408660232839e-15,3.709633081363872e-15,3.7208615492738835e-15,3.732094016981305e-15,3.743330437723991e-15,3.7545707649557114e-15,3.765814952349398e-15,3.7770629537918415e-15,3.7883147233881175e-15,3.799570215456776e-15,3.810829384531931e-15,3.8220921853611415e-15,3.833358572905024e-15,3.8446285023370065e-15,3.8559019290422596e-15,3.8671788086176925e-15,3.878459096871509e-15,3.8897427498198615e-15,3.9010297236933626e-15,3.912319974921083e-15,3.923613460149805e-15,3.934910136230547e-15,3.946209960222889e-15,3.9575128893909846e-15,3.968818881209654e-15,3.980127893335561e-15,3.991439883657924e-15,4.0027548102557966e-15,4.01407263142043e-15,4.025393305635806e-15,4.036716791584044e-15,4.0480430481678465e-15,4.059372034471117e-15,4.0707037097830575e-15,4.0820380335913775e-15,4.09337496558393e-15,4.104714465647561e-15,4.116056493856499e-15,4.127401010492618e-15,4.138747976028848e-15,4.150097351133267e-15,4.161449096667848e-15,4.172803173688575e-15,4.184159543443671e-15,4.1955181673765306e-15,4.2068790071196444e-15,4.218242024495697e-15,4.2296071815194244e-15,4.240974440394747e-15,4.252343763515105e-15,4.2637151134617945e-15,4.275088453003671e-15,4.286463745095838e-15,4.297840952881593e-15,4.309220039688974e-15,4.320600969030427e-15,4.3319837046029844e-15,4.3433682102872634e-15,4.354754450149276e-15,4.366142388434823e-15,4.3775319895717404e-15,4.3889232181693605e-15,4.400316039016887e-15,4.411710417080063e-15,4.4231063175130585e-15,4.434503705642399e-15,4.445902546972701e-15,4.457302807182298e-15,4.468704452130581e-15,4.480107447852041e-15,4.4915117605524606e-15,4.502917356620002e-15,4.51432420261127e-15,4.5257322652544036e-15,4.537141511452836e-15,4.548551908283942e-15,4.55996342299224e-15,4.571376022996298e-15,4.58278967587545e-15,4.594204349392607e-15,4.605620011472127e-15,4.617036630203009e-15,4.628454173845555e-15,4.6398726108276395e-15,4.651291909739769e-15,4.662712039339153e-15,4.674132968549957e-15,4.685554666458836e-15,4.696977102315403e-15,4.708400245532359e-15,4.719824065685121e-15,4.7312485325095046e-15,4.742673615899977e-15,4.754099285920125e-15,4.765525512785597e-15,4.7769522668727274e-15,4.7883795187151886e-15,4.7998072390050365e-15,4.8112353985916384e-15,4.822663968481356e-15,4.834092919836201e-15,4.845522223973403e-15,4.856951852365433e-15,4.8683817766403496e-15,4.879811968570675e-15,4.891242400089989e-15,4.9026730432818214e-15,4.914103870384106e-15,4.925534853782109e-15,4.9369659660128494e-15,4.948397179762117e-15,4.959828467864949e-15,4.971259803305055e-15,4.982691159212791e-15,4.994122508864439e-15,5.005553825691225e-15,5.0169850832609084e-15,5.028416255289531e-15,5.039847315637161e-15,5.0512782383117626e-15,5.0627089974614306e-15,5.07413956737874e-15,5.085569922497043e-15,5.0970000373925005e-15,5.108429886782591e-15,5.119859445523451e-15,5.13128868861574e-15,5.142717591195591e-15,5.1541461285406265e-15,5.165574276062607e-15,5.17700200931387e-15,5.18842930398478e-15,5.19985613589948e-15,5.211282481013943e-15,5.222708315434051e-15,5.234133615389595e-15,5.245558357244279e-15,5.256982517497566e-15,5.268406072780541e-15,5.279828999857779e-15,5.291251275626344e-15,5.302672877113355e-15,5.314093781479596e-15,5.3255139660102414e-15,5.336933408124703e-15,5.348352085371243e-15,5.359769975425276e-15,5.371187056089557e-15,5.3826033052955914e-15,5.394018701099841e-15,5.4054332216880055e-15,5.4168468453712666e-15,5.4282595505816166e-15,5.439671315881075e-15,5.451082119948502e-15,5.462491941594265e-15,5.473900759744767e-15,5.485308553459219e-15,5.496715301907542e-15,5.5081209843868625e-15,5.519525580312879e-15,5.530929069220644e-15,5.542331430774373e-15,5.553732644738715e-15,5.5651326910097736e-15,5.576531549602314e-15,5.5879292006461325e-15,5.5993256243891876e-15,5.6107208011937434e-15,5.622114711538685e-15,5.6335073360261566e-15,5.644898655355792e-15,5.656288650356124e-15,5.667677301960868e-15,5.679064591231186e-15,5.690450499329553e-15,5.7018350075324436e-15,5.713218097228064e-15,5.724599749917655e-15,5.7359799472132816e-15,5.747358670834938e-15,5.75873590261592e-15,5.770111624497636e-15,5.781485818531062e-15,5.79285846686686e-15,5.804229551779793e-15,5.815599055642782e-15,5.826966960935968e-15,5.838333250246043e-15,5.849697906265315e-15,5.8610609117932485e-15,5.872422249733088e-15,5.8837819030911696e-15,5.895139854982314e-15,5.90649608862072e-15,5.9178505873243215e-15,5.929203334518268e-15,5.9405543137199295e-15,5.715696420203626e-15,5.46621638823856e-15,5.253712829944684e-15,5.0883978575229365e-15,4.964781270192477e-15,4.874081097405572e-15,4.808160394398332e-15,4.760480413083134e-15,4.726079192491939e-15,4.701289870994812e-15,4.683437828887644e-15,4.6705850790102495e-15,4.661332171560531e-15,4.654670331038065e-15,4.649873065277009e-15,4.646417426578022e-15,4.643927078598155e-15,4.642131228640605e-15,4.640835041325077e-15,4.639898337616007e-15,4.639220264211428e-15,4.638728261840268e-15,4.6383701277446045e-15,4.6381083047580755e-15,4.637915772493152e-15,4.637773091411305e-15,4.6376662754308855e-15,4.637585262538966e-15,4.637522813634382e-15,4.637473720597066e-15,4.637434236460137e-15,4.637401665481834e-15,4.637374068227191e-15,4.637350049363398e-15,4.637328605035614e-15,4.637309013021594e-15,4.637290753719746e-15,4.637273453303672e-15,4.6372568428317e-15,4.637240728808691e-15,4.6372249719637745e-15,4.637209472268541e-15,4.6371941576086044e-15,4.6371789760826946e-15,4.6371638904567874e-15,4.637148873898717e-15,4.637133907104162e-15,4.637118976184757e-15,4.637104071148553e-15,4.637089184806878e-15,4.637074311987852e-15,4.6370594489706475e-15,4.637044593076768e-15,4.637029742383329e-15,4.637014895503155e-15,4.6370000514394e-15,4.636985209474856e-15,4.636970369093562e-15,4.636955529924267e-15,4.636940691699816e-15,4.636925854228261e-15,4.636911017371266e-15,4.636896181029339e-15,4.636881345131225e-15,4.63686650962488e-15,4.636851674473517e-15,4.636836839650702e-15,4.636822005137323e-15,4.636807170918347e-15,4.636792336982635e-15,4.636777503327945e-15,4.636762669946419e-15,4.636747836834302e-15,4.6367330039890394e-15,4.636718171408677e-15,4.636703339092309e-15,4.636688507037936e-15,4.636673675245388e-15,4.636658843714127e-15,4.636644012443766e-15,4.636629181434018e-15,4.636614350684723e-15,4.636599520195682e-15,4.6365846899668466e-15,4.636569859998132e-15,4.636555030289475e-15,4.6365402008408304e-15,4.636525371652156e-15,4.636510542723436e-15,4.636495714054666e-15,4.636480885645815e-15,4.6364660574968734e-15,4.636451229607825e-15,4.63643640197868e-15,4.6364215746094005e-15,4.63640674750002e-15,4.6363919206504884e-15,4.6363770940608125e-15,4.636362267731022e-15,4.6363474416610635e-15,4.6363326158509384e-15,4.636317790300657e-15,4.636302965010212e-15,4.6362881399796046e-15,4.636273315208823e-15,4.636258490697863e-15,4.636243666446714e-15,4.63622884245538e-15,4.636214018723815e-15,4.636199195252054e-15,4.636184372040094e-15,4.636169549087928e-15,4.636154726395569e-15,4.636139903962966e-15,4.636125081790125e-15,4.6361102598770555e-15,4.6360954382237406e-15,4.636080616830207e-15,4.6360657956964005e-15,4.6360509748223445e-15,4.636036154208015e-15,4.636021333853436e-15,4.636006513758579e-15,4.6359916939234434e-15,4.6359768743480276e-15,4.6359620550323316e-15,4.635947235976357e-15,4.635932417180063e-15,4.635917598643453e-15,4.635902780366547e-15,4.635887962349329e-15,4.6358731445917885e-15,4.635858327093931e-15,4.635843509855734e-15,4.635828692877205e-15,4.63581387615834e-15,4.635799059699102e-15,4.6357842434995264e-15,4.635769427559596e-15,4.635754611879298e-15,4.635739796458643e-15,4.635724981297625e-15,4.635710166396217e-15,4.63569535175444e-15,4.635680537372258e-15,4.6356657232496634e-15,4.635650909386686e-15,4.6356360957833196e-15,4.635621282439541e-15,4.635606469355338e-15,4.635591656530717e-15,4.635576843965693e-15,4.635562031660211e-15,4.6355472196143116e-15,4.635532407827955e-15,4.635517596301175e-15,4.6355027850339194e-15,4.635487974026193e-15,4.635473163278043e-15,4.635458352789369e-15,4.635443542560266e-15,4.635428732590669e-15,4.635413922880584e-15,4.635399113430038e-15,4.6353843042389764e-15,4.635369495307415e-15,4.63535468663536e-15,4.6353398782228e-15,4.635325070069696e-15,4.6353102621761e-15,4.635295454541963e-15,4.6352806471673004e-15,4.635265840052117e-15,4.635251033196388e-15,4.635236226600103e-15,4.635221420263271e-15,4.635206614185858e-15,4.635191808367918e-15,4.635177002809386e-15,4.635162197510287e-15,4.635147392470587e-15,4.635132587690296e-15,4.63511778316944e-15,4.635102978907989e-15,4.635088174905938e-15,4.635073371163272e-15,4.635058567680007e-15,4.63504376445614e-15,4.6350289614916485e-15,4.635014158786541e-15,4.634999356340775e-15,4.634984554154375e-15,4.634969752227336e-15,4.634954950559649e-15,4.634940149151304e-15,4.634925348002287e-15,4.634910547112614e-15,4.6348957464822756e-15,4.634880946111253e-15,4.634866145999558e-15,4.634851346147206e-15,4.634836546554144e-15,4.634821747220399e-15,4.634806948145949e-15,4.6347921493307865e-15,4.6347773507748945e-15,4.6347625524782925e-15,4.634747754440986e-15,4.634732956662946e-15,4.634718159144185e-15,4.634703361884682e-15,4.634688564884418e-15,4.634673768143423e-15,4.634658971661676e-15,4.63464417543917e-15,4.634629379475907e-15,4.634614583771865e-15,4.6345997883270485e-15,4.634584993141454e-15,4.634570198215077e-15,4.634555403547886e-15,4.6345406091399314e-15,4.634525814991129e-15,4.634511021101548e-15,4.634496227471157e-15,4.634481434099954e-15,4.634466640987921e-15,4.634451848135052e-15,4.634437055541368e-15,4.634422263206836e-15,4.634407471131462e-15,4.6343926793152524e-15,4.6343778877581786e-15,4.634363096460251e-15,4.6343483054214525e-15,4.634333514641763e-15,4.634318724121233e-15,4.634303933859793e-15,4.634289143857484e-15,4.6342743541142885e-15,4.634259564630176e-15,4.634244775405172e-15,4.634229986439255e-15,4.634215197732426e-15,4.634200409284694e-15,4.634185621096051e-15,4.6341708331664624e-15,4.634156045495925e-15,4.634141258084462e-15,4.634126470932053e-15,4.634111684038694e-15,4.634096897404377e-15,4.634082111029125e-15,4.634067324912912e-15,4.6340525390557185e-15,4.6340377534575484e-15,4.634022968118384e-15,4.634008183038242e-15,4.6339933982170935e-15,4.633978613654965e-15,4.6339638293518255e-15,4.633949045307645e-15,4.633934261522475e-15,4.633919477996287e-15,4.633904694729084e-15,4.633889911720859e-15,4.6338751289715884e-15,4.633860346481301e-15,4.6338455642499425e-15,4.633830782277546e-15,4.633816000564092e-15,4.633801219109571e-15,4.633786437913992e-15,4.633771656977325e-15,4.633756876299601e-15,4.633742095880792e-15,4.6337273157208786e-15,4.6337125358198975e-15,4.633697756177796e-15,4.6336829767945925e-15,4.633668197670299e-15,4.633653418804883e-15,4.63363864019836e-15,4.633623861850709e-15,4.6336090837619255e-15,4.63359430593202e-15,4.633579528360968e-15,4.6335647510487656e-15,4.633549973995414e-15,4.633535197200914e-15,4.633520420665242e-15,4.633505644388412e-15,4.633490868370403e-15,4.633476092611242e-15,4.63346131711089e-15,4.633446541869341e-15,4.633431766886604e-15,4.633416992162668e-15,4.633402217697535e-15,4.633387443491205e-15,4.6333726695436646e-15,4.633357895854889e-15,4.6333431224248715e-15,4.633328349253651e-15,4.633313576341197e-15,4.6332988036874845e-15,4.633284031292534e-15,4.633269259156349e-15,4.633254487278899e-15,4.633239715660182e-15,4.633224944300209e-15,4.633210173198952e-15,4.633195402356412e-15,4.633180631772616e-15,4.6331658614475206e-15,4.633151091381132e-15,4.633136321573436e-15,4.633121552024436e-15,4.6331067827341294e-15,4.633092013702512e-15,4.633077244929576e-15,4.6330624764153205e-15,4.63304770815974e-15,4.633032940162814e-15,4.633018172424579e-15,4.63300340494498e-15,4.632988637724042e-15,4.632973870761718e-15,4.632959104058035e-15,4.6329443376129975e-15,4.6329295714265794e-15,4.632914805498776e-15,4.632900039829592e-15,4.6328852744190295e-15,4.632870509267097e-15,4.632855744373736e-15,4.632840979738983e-15,4.63282621536281e-15,4.632811451245241e-15,4.632796687386238e-15,4.632781923785814e-15,4.6327671604439735e-15,4.63275239736068e-15,4.632737634535952e-15,4.6327228719697876e-15,4.632708109662189e-15,4.632693347613089e-15,4.6326785858246425e-15,4.6326638242926244e-15,4.632649063019154e-15,4.6326343020041955e-15,4.632619541247777e-15,4.632604780749858e-15,4.632590020510437e-15,4.632575260529518e-15,4.632560500807103e-15,4.6325457413431855e-15,4.632530982139119e-15,4.632516223192154e-15,4.63250146450365e-15,4.63248670607365e-15,4.6324719479024604e-15,4.632457189989364e-15,4.632442432334737e-15,4.632427674938561e-15,4.632412917800805e-15,4.6323981609214925e-15,4.632383404300625e-15,4.632368647942165e-15,4.632353891838111e-15,4.6323391359925196e-15,4.632324380405338e-15,4.632309625076557e-15,4.632294870006185e-15,4.6322801151942006e-15,4.632265360640606e-15,4.632250606345403e-15,4.632235852308567e-15,4.632221098530105e-15,4.632206345010012e-15,4.632191591765065e-15,4.63217683876167e-15,4.632162086016633e-15,4.632147333529986e-15,4.632132581301671e-15,4.632117829331702e-15,4.6321030776200555e-15,4.6320883261667255e-15,4.632073574971714e-15,4.632058824034959e-15,4.6320440733565245e-15,4.632029322943637e-15,4.632014572781807e-15,4.6319998228781e-15,4.631985073232808e-15,4.631970323845837e-15,4.631955574717192e-15,4.631940825846857e-15,4.631926077237684e-15,4.63191132888384e-15,4.6318965807882574e-15,4.6318818329506746e-15,4.631867085371637e-15,4.631852338050849e-15,4.631837590988287e-15,4.63182284418086e-15,4.631808097629926e-15,4.631793351334369e-15,4.631778605297341e-15,4.631763859525902e-15,4.631749114012668e-15,4.631734368757631e-15,4.631719623760777e-15,4.6317048790221515e-15,4.631690134541708e-15,4.631675390319427e-15,4.631660646355313e-15,4.63164590264939e-15,4.631631159201633e-15,4.631616416012055e-15,4.631601673080614e-15,4.631586930407319e-15,4.63157218799215e-15,4.631557445835149e-15,4.631542703936273e-15,4.631527962295521e-15,4.631513220912889e-15,4.631498479788381e-15,4.631483738922004e-15,4.6314689983137085e-15,4.6314542579634696e-15,4.6314395178713885e-15,4.6314247780358055e-15,4.6314100384612196e-15,4.631395299142885e-15,4.631380560083148e-15,4.631365821371646e-15,4.6313510828271824e-15,4.631336344541633e-15,4.631321606514174e-15,4.631306868744695e-15,4.6312921312767035e-15,4.631277394072272e-15,4.6312626570768986e-15,4.631247920339548e-15,4.631233183860246e-15,4.631218447638976e-15,4.6312037116757e-15,4.631188975970431e-15,4.6311742405231535e-15,4.6311595053338895e-15,4.631144770402129e-15,4.631130035729707e-15,4.63111530131508e-15,4.6311005671577465e-15,4.631085833258385e-15,4.631071099616987e-15,4.631056366233559e-15,4.6310416331080916e-15,4.631026900240559e-15,4.631012167630958e-15,4.6309974352793074e-15,4.6309827031855904e-15,4.630967971349796e-15,4.630953239771932e-15,4.630938508452002e-15,4.630923777389979e-15,4.630909046585834e-15,4.6308943160396025e-15,4.630879585751269e-15,4.6308648557208126e-15,4.63085012594825e-15,4.630835396433558e-15,4.630820667176718e-15,4.630805938177778e-15,4.630791209436706e-15,4.630776480953503e-15,4.630761752728155e-15,4.6307470247606765e-15,4.630732297051025e-15,4.6307175695992185e-15,4.630702842405233e-15,4.630688115469103e-15,4.630673388790774e-15,4.630658662370276e-15,4.630643936207581e-15,4.630629210302644e-15,4.6306144846555404e-15,4.630599759266235e-15,4.630585034134722e-15,4.630570309261007e-15,4.630555584645048e-15,4.6305408602868704e-15,4.630526136186472e-15,4.630511412343843e-15,4.630496688758973e-15,4.630481965431835e-15,4.630467242362461e-15,4.630452519550823e-15,4.63043779699694e-15,4.63042307470078e-15,4.6304083526623635e-15,4.6303936308816515e-15,4.630378909358682e-15,4.630364188066764e-15,4.630349467059173e-15,4.6303347463092925e-15,4.630320025817117e-15,4.6303053055826276e-15,4.630290585605838e-15,4.630275865886728e-15,4.630261146425287e-15,4.630246427221534e-15,4.6302317082754404e-15,4.630216989587003e-15,4.630202271156233e-15,4.630187552983119e-15,4.630172835067634e-15,4.6301581174097924e-15,4.630143400009596e-15,4.630128682867022e-15,4.630113965990093e-15,4.630099249362784e-15,4.630084532993063e-15,4.630069816880018e-15,4.630055101025515e-15,4.630040385428606e-15,4.6300256700883674e-15,4.630010955006612e-15,4.629996240181963e-15,4.629981525615405e-15,4.629966811306387e-15,4.629952097254922e-15,4.629937383460989e-15,4.629922669924626e-15,4.629907956535222e-15,4.629893243513995e-15,4.62987853075028e-15,4.629863818244089e-15,4.6298491059954315e-15,4.629834394004291e-15,4.629819682270638e-15,4.629804970739667e-15,4.629790259521094e-15,4.629775548560042e-15,4.629760837856483e-15,4.629746127410395e-15,4.629731417221806e-15,4.629716707290729e-15,4.629701997617109e-15,4.629687288200953e-15,4.6296725790422444e-15,4.629657870141013e-15,4.629643161497216e-15,4.629628453110873e-15,4.629613744981988e-15,4.629599037110535e-15,4.62958432949651e-15,4.629569622139923e-15,4.629554915040747e-15,4.629540208199016e-15,4.629525501614672e-15,4.6295107952877524e-15,4.629496089218217e-15,4.6294813834061115e-15,4.6294666778513855e-15,4.629451972554059e-15,4.6294372675141094e-15,4.629422562731523e-15,4.629407858206318e-15,4.629393153938489e-15,4.629378449928013e-15,4.629363746174905e-15,4.629349042679138e-15,4.629334339440699e-15,4.6293196364596184e-15,4.629304933735871e-15,4.629290231268318e-15,4.629275529059228e-15,4.629260827107434e-15,4.6292461254129915e-15,4.629231423975834e-15,4.629216722795993e-15,4.629202021873429e-15,4.629187321208188e-15,4.6291726208002084e-15,4.629157920649511e-15,4.6291432207561085e-15,4.629128521119968e-15,4.629113821741107e-15,4.62909912261951e-15,4.629084423755151e-15,4.629069725148034e-15,4.6290550267981655e-15,4.629040328705531e-15,4.6290256308701445e-15,4.629010933291986e-15,4.628996235971051e-15,4.628981538907336e-15,4.628966842100848e-15,4.628952145551567e-15,4.628937449259478e-15,4.628922753224596e-15,4.628908057446902e-15,4.628893361926395e-15,4.628878666663086e-15,4.628863971657004e-15,4.628849276908021e-15,4.628834582416223e-15,4.628819888181577e-15,4.6288051942040966e-15,4.628790500486466e-15,4.6287758070232754e-15,4.628761113817238e-15,4.6287464208773734e-15,4.628731728185585e-15,4.628717035750922e-15,4.628702343573365e-15,4.628687651652927e-15,4.6286729599896066e-15,4.62865826858338e-15,4.628643577434263e-15,4.628628886534959e-15,4.628614195900691e-15,4.628599505522841e-15,4.628584815402078e-15,4.628570125538401e-15,4.62855543593178e-15,4.6285407465822214e-15,4.628526057489701e-15,4.628511368654118e-15,4.62849668007572e-15,4.628481991754353e-15,4.628467303690026e-15,4.6284526158827275e-15,4.6284379283324485e-15,4.6284232410391844e-15,4.628408554002828e-15,4.628393867223621e-15,4.628379180701419e-15,4.628364494480041e-15,4.6283498084720636e-15,4.628335122720629e-15,4.628320437226131e-15,4.628305751988743e-15,4.628291067138959e-15,4.628276382545704e-15,4.62826169820286e-15,4.628247014112382e-15,4.6282323301568566e-15,4.628217646460801e-15,4.62820296302235e-15,4.628188279840877e-15,4.6281735969163385e-15,4.628158914248546e-15,4.6281442318376905e-15,4.628129549683733e-15,4.628114867786699e-15,4.628100186146575e-15,4.628085504763348e-15,4.628070823637013e-15,4.628056142767591e-15,4.62804146215504e-15,4.6280267817993706e-15,4.628012101700584e-15,4.627997421858664e-15,4.627982742273616e-15,4.6279680629454036e-15,4.627953383874045e-15,4.62793870505956e-15,4.627924026501884e-15,4.627909348201044e-15,4.627894670975167e-15,4.627879994020209e-15,4.627865316489858e-15,4.627850639216295e-15,4.627835962199577e-15,4.627821285416682e-15,4.6278066089127315e-15,4.627791932666398e-15,4.627777256676863e-15,4.62776258093948e-15,4.627747905463499e-15,4.627733230244306e-15,4.627718555278633e-15,4.6277038805729536e-15,4.6276892061240505e-15,4.627674531931908e-15,4.627659857996481e-15,4.627645184317822e-15,4.627630510894903e-15,4.627615837729719e-15,4.627601164818143e-15,4.627586492160483e-15,4.627571819765428e-15,4.62755714762709e-15,4.627542475745485e-15,4.627527804120579e-15,4.6275131327523416e-15,4.627498461640804e-15,4.627483790785977e-15,4.6274691201878305e-15,4.6274544498463605e-15,4.627439779771684e-15,4.62742510993911e-15,4.627410440367617e-15,4.627395771052814e-15,4.627381101994655e-15,4.627366433193138e-15,4.62735176464825e-15,4.6273370963603525e-15,4.627322428328721e-15,4.627307760553714e-15,4.627293093035339e-15,4.62727842577357e-15,4.627263758768377e-15,4.627249092019806e-15,4.62723442552784e-15,4.627219759286723e-15,4.627205093307959e-15,4.627190427585713e-15,4.627175762120043e-15,4.6271610969109286e-15,4.6271464319631586e-15,4.627131767267194e-15,4.627117102827787e-15,4.6271024386449446e-15,4.62708777471864e-15,4.627073111048827e-15,4.627058447765218e-15,4.6270437846079145e-15,4.6270291217077e-15,4.6270144590640365e-15,4.626999796676886e-15,4.6269851345458086e-15,4.626970472671671e-15,4.626955811025016e-15,4.626941149682134e-15,4.626926488577488e-15,4.6269118277293e-15,4.6268971671376025e-15,4.626882506802388e-15,4.62686784672363e-15,4.626853186902303e-15,4.626838527336476e-15,4.626823868027097e-15,4.626809208974125e-15,4.626794550177613e-15,4.626779891635985e-15,4.626765233352355e-15,4.6267505753249724e-15,4.626735917554188e-15,4.626721260039823e-15,4.6267066027818734e-15,4.626691945780337e-15,4.6266772890351965e-15,4.6266626325464324e-15,4.626647976314037e-15,4.626633320338025e-15,4.626618664618412e-15,4.626604009155161e-15,4.62658935394829e-15,4.626574698997774e-15,4.626560044303616e-15,4.626545389865814e-15,4.626530735682208e-15,4.6265160817571214e-15,4.6265014280883355e-15,4.626486774676455e-15,4.626472121520331e-15,4.626457468620525e-15,4.626442815977024e-15,4.626428163589854e-15,4.626413511458979e-15,4.626398859584417e-15,4.6263842079661415e-15,4.626369557423812e-15,4.6263549063180925e-15,4.6263402554686505e-15,4.626325604875495e-15,4.626310954538586e-15,4.626296304484319e-15,4.626281654659949e-15,4.6262670050940566e-15,4.626252355782175e-15,4.626237706726539e-15,4.6262230579271275e-15,4.626208409383947e-15,4.626193761096999e-15,4.6261791130659354e-15,4.626164465291512e-15,4.626149817773227e-15,4.626135170504264e-15,4.626120523498394e-15,4.626105876748739e-15,4.626091230227129e-15,4.62607658398982e-15,4.626061938008681e-15,4.626047292283717e-15,4.626032646814923e-15,4.626018002415048e-15,4.626003358247664e-15,4.6259887135472924e-15,4.6259740691030854e-15,4.62595942491501e-15,4.625944780983087e-15,4.6259301373073075e-15,4.625915493887658e-15,4.6259008507241265e-15,4.625886207816717e-15,4.625871565165419e-15,4.625856922770221e-15,4.625842280631114e-15,4.625827638748123e-15,4.625812997121209e-15,4.625798355750387e-15,4.625783714635652e-15,4.625769073776992e-15,4.625754433174368e-15,4.62573979282783e-15,4.625725152737376e-15,4.625710512902984e-15,4.6256958734487935e-15,4.6256812342557685e-15,4.6256665951899545e-15,4.625651956379725e-15,4.625637317821896e-15,4.6256226796968336e-15,4.625608041654685e-15,4.6255934038747456e-15,4.625578766344568e-15,4.625564129070375e-15,4.625549492052204e-15,4.625534855290188e-15,4.625520218783989e-15,4.625505582533772e-15,4.625490946539536e-15,4.625476310801289e-15,4.625461675319011e-15,4.625447040092689e-15,4.625432405122322e-15,4.62541777040791e-15,4.6254031359494265e-15,4.625388501746905e-15,4.625373867800311e-15,4.625359234109643e-15,4.6253446007272725e-15,4.625329967541678e-15,4.6253153346176825e-15,4.6253007019506774e-15,4.6252860695395945e-15,4.625271437436045e-15,4.625256805536715e-15,4.6252421738932855e-15,4.625227542505749e-15,4.625212911374721e-15,4.625198280498933e-15,4.625183649879008e-15,4.625169019514933e-15,4.625154389414369e-15,4.6251397595642475e-15,4.625125129967725e-15,4.625110500627051e-15,4.6250958715422216e-15,4.625081242713208e-15,4.625066614140042e-15,4.625051985822687e-15,4.6250373577610846e-15,4.625022729955354e-15,4.625008102405431e-15,4.624993475111325e-15,4.624978848073018e-15,4.624964221290483e-15,4.6249495947637295e-15,4.624934968492766e-15,4.624920342477571e-15,4.624905716718138e-15,4.62489109121449e-15,4.624876465966632e-15,4.62486184097448e-15,4.62484721623807e-15,4.624832591757409e-15,4.624817967532472e-15,4.624803343563251e-15,4.624788719849763e-15,4.624774096392e-15,4.62475947318995e-15,4.624744850243658e-15,4.624730227553034e-15,4.624715605118113e-15,4.624700982938893e-15,4.624686361015358e-15,4.624671739347513e-15,4.624657117935347e-15,4.624642496778861e-15,4.624627875878059e-15,4.6246132552329225e-15,4.624598634843449e-15,4.6245840147096195e-15,4.624569394831434e-15,4.62455477520888e-15,4.624540155841981e-15,4.624525536730693e-15,4.624510917875041e-15,4.624496299275005e-15,4.624481680930587e-15,4.624467062841782e-15,4.624452445008601e-15,4.62443782743098e-15,4.6244232101090006e-15,4.624408593043781e-15,4.624393976232938e-15,4.6243793596776775e-15,4.624364743369029e-15,4.624350127324564e-15,4.624335511535996e-15,4.624320896003531e-15,4.624306280726598e-15,4.624291665704738e-15,4.62427705093843e-15,4.624262436427646e-15,4.624247822172401e-15,4.624233208172711e-15,4.6242185944285345e-15,4.6242039809398676e-15,4.624189367706726e-15,4.624174754729085e-15,4.624160142006944e-15,4.6241455295403e-15,4.62413091732916e-15,4.6241163053734954e-15,4.624101693673313e-15,4.624087082228636e-15,4.624072471039411e-15,4.624057860105641e-15,4.624043249427348e-15,4.62402863898469e-15,4.624014028817303e-15,4.623999418906994e-15,4.62398480925048e-15,4.6239701998491446e-15,4.623955590703504e-15,4.623940981813309e-15,4.6239263731784965e-15,4.623911764799126e-15,4.623897156721341e-15,4.6238825488527825e-15,4.6238679412396345e-15,4.623853333881887e-15,4.623838726779502e-15,4.623824119932526e-15,4.623809513340905e-15,4.623794907004296e-15,4.62378030092341e-15,4.623765695097911e-15,4.623751089527754e-15,4.6237364842129364e-15,4.623721879153467e-15,4.623707274349347e-15,4.623692669800576e-15,4.623678065507147e-15,4.62366346146904e-15,4.62364885768626e-15,4.623634254158793e-15,4.6236196508866355e-15,4.62360504786977e-15,4.6235904451082055e-15,4.623575842601935e-15,4.623561240355561e-15,4.623546638359867e-15,4.623532036619466e-15,4.623517435134342e-15,4.623502833904477e-15,4.6234882329297506e-15,4.6234736322104075e-15,4.623459031745003e-15,4.623444431520582e-15,4.623429831567055e-15,4.6234152318687584e-15,4.623400632425627e-15,4.6233860332490714e-15,4.623371434316365e-15,4.623356835638788e-15,4.623342237216532e-15,4.623327639049463e-15,4.623313041136405e-15,4.623298443479771e-15,4.623283846078491e-15,4.623269248932211e-15,4.623254652041091e-15,4.6232400554051855e-15,4.623225459024441e-15,4.6232108628988606e-15,4.6231962670284514e-15,4.623181671413204e-15,4.623167076165787e-15,4.623152481060901e-15,4.623137886211085e-15,4.623123291615135e-15,4.623108697275579e-15,4.623094103191221e-15,4.623079509361921e-15,4.62306491567168e-15,4.623050322352907e-15,4.6230357292849294e-15,4.623021136476232e-15,4.623006543922594e-15,4.6229919516239935e-15,4.622977359580448e-15,4.622962767791987e-15,4.6229481762585616e-15,4.622933584980204e-15,4.622918993956895e-15,4.6229044031993124e-15,4.6228898127010665e-15,4.622875222459037e-15,4.622860632455813e-15,4.622846042707623e-15,4.622831453214538e-15,4.622816863976495e-15,4.622802274993472e-15,4.6227876862654614e-15,4.622773097792458e-15,4.6227585095744715e-15,4.622743921611481e-15,4.6227293339034875e-15,4.622714746450481e-15,4.6227001592524446e-15,4.622685572309387e-15,4.6226709856213e-15,4.622656399188191e-15,4.622641813010062e-15,4.6226272270868815e-15,4.622612641418656e-15,4.622598056005385e-15,4.6225834708470524e-15,4.622568885943657e-15,4.6225543012952096e-15,4.62253971690168e-15,4.6225251327630554e-15,4.622510548879365e-15,4.622495965250568e-15,4.6224813818766795e-15,4.622466798757702e-15,4.622452215893624e-15,4.6224376332844514e-15,4.622423050930144e-15,4.622408468830707e-15,4.62239388698616e-15,4.622379305396473e-15,4.622364724055899e-15,4.622350142974539e-15,4.622335562149434e-15,4.622320981579187e-15,4.622306401263779e-15,4.622291821203186e-15,4.622277241397455e-15,4.622262661846559e-15,4.6222480825504986e-15,4.6222335035092205e-15,4.6222189247227815e-15,4.6222043461911374e-15,4.622189767914306e-15,4.62217518989228e-15,4.62216061212503e-15,4.622146034612573e-15,4.62213145735491e-15,4.6221168803520134e-15,4.622102303603875e-15,4.62208772711053e-15,4.622073150871941e-15,4.6220585748881e-15,4.6220439991590235e-15,4.622029423666927e-15,4.622014848427785e-15,4.6220002734470765e-15,4.6219856987145685e-15,4.6219711242591376e-15,4.62195655004353e-15,4.621941976082836e-15,4.621927402382037e-15,4.621912828945395e-15,4.6218982557634895e-15,4.621883682836286e-15,4.621869110201679e-15,4.621854537785256e-15,4.621839965622167e-15,4.621825393595787e-15,4.62181082194206e-15,4.621796250542993e-15,4.621781679398573e-15,4.621767108508804e-15,4.6217525378736745e-15,4.6217379674932055e-15,4.621723397367322e-15,4.621708827496091e-15,4.6216942578795076e-15,4.621679688517534e-15,4.621665119410186e-15,4.621650550557436e-15,4.6216359819593094e-15,4.6216214135808575e-15,4.6216068454919056e-15,4.621592277655685e-15,4.6215777100696865e-15,4.6215631427445066e-15,4.621548575673915e-15,4.6215340088578935e-15,4.62151944229645e-15,4.6215048759895406e-15,4.621490309937196e-15,4.62147574413942e-15,4.621461178596146e-15,4.621446613305678e-15,4.621432048271505e-15,4.621417483491849e-15,4.621402918966696e-15,4.621388354696051e-15,4.621373790679928e-15,4.621359226918325e-15,4.621344663411225e-15,4.621330100158613e-15,4.6213155371605314e-15,4.6213009744169476e-15,4.621286411927836e-15,4.621271849693207e-15,4.621257287713294e-15,4.62124272598785e-15,4.621228164516837e-15,4.621213603300322e-15,4.621199042338213e-15,4.621184481630573e-15,4.621169921177375e-15,4.621155360978598e-15,4.621140801034251e-15,4.621126241344071e-15,4.621111681908321e-15,4.6210971227269894e-15,4.6210825638000756e-15,4.6210680051275686e-15,4.621053446709446e-15,4.621038888545705e-15,4.621024330636353e-15,4.6210097729813875e-15,4.620995215580798e-15,4.620980658434612e-15,4.620966101542766e-15,4.620951544905297e-15,4.620936988522182e-15,4.6209224323934266e-15,4.620907876519002e-15,4.6208933208989475e-15,4.62087876553322e-15,4.620864210421848e-15,4.620849655564788e-15,4.620835100962056e-15,4.620820546613651e-15,4.620805992519546e-15,4.620791438679759e-15,4.620776885094262e-15,4.620762331763077e-15,4.620747778686161e-15,4.620733225863534e-15,4.6207186732951755e-15,4.6207041209810964e-15,4.620689568921295e-15,4.620675017115763e-15,4.620660465564475e-15,4.620645914267449e-15,4.620631363224672e-15,4.620616812436123e-15,4.620602261901822e-15,4.620587711621773e-15,4.620573161595934e-15,4.6205586118243116e-15,4.6205440623069125e-15,4.620529513043743e-15,4.62051496403477e-15,4.620500415280027e-15,4.620485866779451e-15,4.620471318533078e-15,4.620456770540907e-15,4.620442222802882e-15,4.620427675319074e-15,4.620413128089426e-15,4.620398581113945e-15,4.620384034392615e-15,4.62036948792558e-15,4.6203549417112674e-15,4.620340395752398e-15,4.620325850047686e-15,4.620311304597092e-15,4.6202967594006396e-15,4.620282214458298e-15,4.620267669770124e-15,4.620253125336045e-15,4.620238581156079e-15,4.6202240372301934e-15,4.620209493558422e-15,4.620194950140747e-15,4.62018040697716e-15,4.620165864067664e-15,4.62015132141225e-15,4.620136779010914e-15,4.620122236863642e-15,4.620107694970424e-15,4.6200931533312586e-15,4.620078611946136e-15,4.620064070815083e-15,4.620049529938069e-15,4.6200349893150945e-15,4.620020448946164e-15,4.620005908831253e-15,4.619991368970357e-15,4.6199768293634795e-15,4.619962290010609e-15,4.6199477509117466e-15,4.61993321206689e-15,4.619918673476031e-15,4.619904135139165e-15,4.619889597056282e-15,4.619875059227383e-15,4.619860521652462e-15,4.619845984331501e-15,4.619831447264519e-15,4.619816910451502e-15,4.6198023738924545e-15,4.619787837587339e-15,4.619773301536169e-15,4.61975876573896e-15,4.619744230195668e-15,4.619729694906307e-15,4.6197151598708605e-15,4.619700625089347e-15,4.61968609056176e-15,4.6196715562415686e-15,4.6196570222217734e-15,4.619642488455683e-15,4.6196279549436746e-15,4.61961342168557e-15,4.619598888681446e-15,4.619584355931104e-15,4.619569823434614e-15,4.619555291192028e-15,4.619540759203285e-15,4.619526227468409e-15,4.619511695987377e-15,4.619497164760176e-15,4.619482633786847e-15,4.619468103067357e-15,4.619453572601675e-15,4.619439042389821e-15,4.619424512431787e-15,4.619409982727591e-15,4.619395453277196e-15,4.6193809240806074e-15,4.619366395137826e-15,4.6193518664488386e-15,4.6193373380136415e-15,4.619322809832215e-15,4.619308281904572e-15,4.619293754230716e-15,4.619279226810641e-15,4.619264699644323e-15,4.6192501727317656e-15,4.619235646072955e-15,4.619221119667878e-15,4.619206593516564e-15,4.619192067618974e-15,4.619177541975121e-15,4.619163016584988e-15,4.6191484914485865e-15,4.619133966565893e-15,4.6191194419369384e-15,4.619104917561697e-15,4.619090393437582e-15,4.619075869567424e-15,4.619061345951176e-15,4.6190468225888125e-15,4.6190322994802795e-15,4.619017776625577e-15,4.619003254024935e-15,4.618988731678023e-15,4.6189742095850105e-15,4.6189596877458565e-15,4.618945166160619e-15,4.618930644829242e-15,4.6189161237516635e-15,4.618901602927914e-15,4.618887082358101e-15,4.618872562042072e-15,4.618858041979804e-15,4.618843522171317e-15,4.618829002616703e-15,4.6188144833158386e-15,4.6187999642687986e-15,4.6187854454755596e-15,4.61877092693612e-15,4.61875640865034e-15,4.618741890618376e-15,4.6187273728402216e-15,4.618712855315782e-15,4.6186983380451145e-15,4.618683821028231e-15,4.618669304265068e-15,4.61865478775557e-15,4.618640271499901e-15,4.618625755497935e-15,4.618611239749675e-15,4.618596724255102e-15,4.618582209014201e-15,4.618567694027036e-15,4.61855317929359e-15,4.618538664813827e-15,4.618524150587737e-15,4.618509636615282e-15,4.618495122896521e-15,4.6184806094314245e-15,4.618466096219972e-15,4.618451583262114e-15,4.618437070557936e-15,4.6184225581074006e-15,4.618408045910503e-15,4.618393533967257e-15,4.618379022277587e-15,4.618364510841513e-15,4.618349999659049e-15,4.6183354887301714e-15,4.6183209780549935e-15,4.618306467625788e-15,4.618291957449994e-15,4.6182774475276305e-15,4.6182629378586604e-15,4.618248428443098e-15,4.6182339192809495e-15,4.618219410372187e-15,4.618204901716814e-15,4.6181903933148126e-15,4.618175885166196e-15,4.618161377270894e-15,4.618146869667127e-15,4.61813236227858e-15,4.618117855135813e-15,4.6181033482540166e-15,4.618088841625758e-15,4.618074335287164e-15,4.618059829165385e-15,4.618045323336189e-15,4.6180308177798556e-15,4.618016312449181e-15,4.618001807387048e-15,4.617987302561794e-15,4.617972798033861e-15,4.617958293685318e-15,4.617943789590061e-15,4.617929285748085e-15,4.617914782159397e-15,4.617900278823994e-15,4.6178857757418414e-15,4.617871272912987e-15,4.617856770337394e-15,4.6178422680150616e-15,4.6178277659459885e-15,4.617813264130145e-15,4.617798762567574e-15,4.617784261258247e-15,4.61776976020214e-15,4.617755259399281e-15,4.6177407588496505e-15,4.617726258553255e-15,4.6177117585100645e-15,4.617697258720082e-15,4.617682759183293e-15,4.617668259899704e-15,4.617653760869324e-15,4.617639262092111e-15,4.617624763568091e-15,4.6176102652972425e-15,4.617595767279564e-15,4.617581269515062e-15,4.61756677200372e-15,4.617552274745537e-15,4.617537777740511e-15,4.61752328098863e-15,4.6175087844898995e-15,4.61749428824431e-15,4.617479792251854e-15,4.61746529651253e-15,4.6174508010263135e-15,4.617436305793215e-15,4.6174218107389154e-15,4.617407316029167e-15,4.6173928215553735e-15,4.6173783273347194e-15,4.6173638333673315e-15,4.6173493396528185e-15,4.617334846191433e-15,4.617320352983144e-15,4.617305860027876e-15,4.61729136732567e-15,4.6172768748765114e-15,4.617262382680387e-15,4.617247890712847e-15,4.617233399022748e-15,4.6172189075863735e-15,4.617204416402454e-15,4.617189925471572e-15,4.617175434793751e-15,4.6171609443701735e-15,4.6171464542007635e-15,4.617131964281935e-15,4.6171174746123e-15,4.617102985140308e-15,4.617088495980441e-15,4.617074007073541e-15,4.617059518321087e-15,4.6170450299202e-15,4.617030541678146e-15,4.617016053783207e-15,4.617001566141244e-15,4.616987078752224e-15,4.616972591616153e-15,4.616958104733031e-15,4.616943618102874e-15,4.6169291317256475e-15,4.616914645601352e-15,4.6169001597299884e-15,4.6168856741115446e-15,4.6168711887460324e-15,4.6168567036334015e-15,4.6168422187737125e-15,4.6168277341669125e-15,4.616813249813003e-15,4.616798765711984e-15,4.616784281863821e-15,4.616769798268557e-15,4.6167553149261766e-15,4.616740831836678e-15,4.616726349000039e-15,4.616711866416251e-15,4.616697384085333e-15,4.61668290200727e-15,4.616668420182034e-15,4.616653938609639e-15,4.6166394572900815e-15,4.616624976223357e-15,4.616610495409447e-15,4.616596014848367e-15,4.616581534540083e-15,4.616567054484623e-15,4.616552574681952e-15,4.616538095132095e-15,4.6165236158350365e-15,4.616509136790775e-15,4.616494657999302e-15,4.616480179460593e-15,4.616465701174652e-15,4.616451223141486e-15,4.6164367453610975e-15,4.6164222678334635e-15,4.616407790558574e-15,4.61639331353644e-15,4.616378836767031e-15,4.6163643602503804e-15,4.616349883986459e-15,4.616335407975255e-15,4.6163209322167795e-15,4.616306456710997e-15,4.616291981457944e-15,4.616277506457605e-15,4.616263031709948e-15,4.6162485572150026e-15,4.6162340829727495e-15,4.616219608983179e-15,4.616205135246303e-15,4.616190661762087e-15,4.616176188530558e-15,4.616161715551665e-15,4.616147242825433e-15,4.61613277035187e-15,4.6161182981309464e-15,4.616103826162684e-15,4.616089354447054e-15,4.616074882984068e-15,4.616060411773697e-15,4.616045940815952e-15,4.616031470110851e-15,4.616016999658348e-15,4.61600252945845e-15,4.615988059511182e-15,4.615973589816485e-15,4.615959120374389e-15,4.615944651184868e-15,4.61593018224794e-15,4.6159157135636115e-15,4.615901245131835e-15,4.615886776952612e-15,4.615872309025982e-15,4.615857841351874e-15,4.6158433739303455e-15,4.615828906761358e-15,4.615814439844919e-15,4.6157999731810135e-15,4.615785506769625e-15,4.6157710406107695e-15,4.61575657470443e-15,4.615742109050617e-15,4.615727643649302e-15,4.61571317850051e-15,4.615698713604208e-15,4.615684248960435e-15,4.6156697845691395e-15,4.6156553204303455e-15,4.615640856544025e-15,4.615626392910179e-15,4.615611929528789e-15,4.615597466399882e-15,4.61558300352342e-15,4.615568540899428e-15,4.615554078527894e-15,4.6155396164088016e-15,4.6155251545421415e-15,4.615510692927918e-15,4.61549623156612e-15,4.6154817704567405e-15,4.615467309599795e-15,4.615452848995271e-15,4.615438388643144e-15,4.615423928543425e-15,4.615409468696121e-15,4.615395009101202e-15,4.61538054975867e-15,4.6153660906685184e-15,4.615351631830752e-15,4.6153371732449315e-15,4.615322714911494e-15,4.6153082568304065e-15,4.615293799001665e-15,4.615279341425286e-15,4.615264884101267e-15,4.615250427029579e-15,4.615235970210249e-15,4.615221513643187e-15,4.615207057328491e-15,4.6151926012661244e-15,4.615178145456068e-15,4.615163689898357e-15,4.6151492345929424e-15,4.615134779539788e-15,4.615120324738934e-15,4.615105870190403e-15,4.615091415894138e-15,4.615076961850172e-15,4.61506250805847e-15,4.615048054519499e-15,4.615033601233195e-15,4.6150191481986605e-15,4.615004695416455e-15,4.6149902428864985e-15,4.614975790608797e-15,4.61496133858677e-15,4.614946886813605e-15,4.6149324352927185e-15,4.614917984026702e-15,4.614903533010271e-15,4.614889082245984e-15,4.614874631733879e-15,4.6148601814739765e-15,4.6148457314662696e-15,4.614831281710744e-15,4.614816832207411e-15,4.614802382956247e-15,4.614787933957267e-15,4.614773485210452e-15,4.6147590367158145e-15,4.6147445884733495e-15,4.614730140483055e-15,4.614715692744882e-15,4.61470124525888e-15,4.6146867980250306e-15,4.614672351043297e-15,4.614657904313735e-15,4.614643457836245e-15,4.614629011610904e-15,4.614614565637669e-15,4.614600119916574e-15,4.61458567444757e-15,4.6145712292306896e-15,4.614556784265873e-15,4.614542339553167e-15,4.6145278950924735e-15,4.614513450883961e-15,4.614499006927504e-15,4.614484563223134e-15,4.6144701197708006e-15,4.61445567657054e-15,4.614441233622856e-15,4.614426790926703e-15,4.614412348448498e-15,4.614397906256454e-15,4.614383464316402e-15,4.6143690226283964e-15,4.6143545811924095e-15,4.614340140008455e-15,4.614325699076524e-15,4.6143112583960285e-15,4.6142968179681245e-15,4.6142823777922206e-15,4.614267937868324e-15,4.614253498182513e-15,4.614239058762577e-15,4.614224619594639e-15,4.614210180676589e-15,4.614195742012566e-15,4.614181303600529e-15,4.614166865440475e-15,4.6141524275323396e-15,4.614137989876163e-15,4.6141235524719235e-15,4.614109115319624e-15,4.614094678419263e-15,4.6140802417708454e-15,4.614065805374344e-15,4.614051369229756e-15,4.614036933337089e-15,4.614022497826453e-15,4.614008062437611e-15,4.613993627300656e-15,4.613979192415594e-15,4.613964758567734e-15,4.613950324186712e-15,4.613935890057308e-15,4.613921456179997e-15,4.613907022554318e-15,4.61389258918052e-15,4.613878156058579e-15,4.6138637231927154e-15,4.613849290574456e-15,4.613834858208041e-15,4.613820426093471e-15,4.6138059942307224e-15,4.613791562781733e-15,4.613777131422663e-15,4.613762700301359e-15,4.6137482694459025e-15,4.613733838842248e-15,4.613719408490649e-15,4.613704978367907e-15,4.613690548519635e-15,4.613676118923148e-15,4.613661689581018e-15,4.613647260488084e-15,4.61363283164692e-15,4.613618403057689e-15,4.61360397472006e-15,4.613589546634176e-15,4.61357511880006e-15,4.613560691217672e-15,4.613546263887018e-15,4.613531836808107e-15,4.613517409980927e-15,4.613502983405476e-15,4.613488557081752e-15,4.613474131009739e-15,4.613459705189431e-15,4.613445279620821e-15,4.613430854303909e-15,4.6134164292387064e-15,4.613402004425185e-15,4.6133875798633735e-15,4.613373155553217e-15,4.613358731494748e-15,4.613344307687927e-15,4.613329884132791e-15,4.613315460829585e-15,4.613301037777927e-15,4.613286614977749e-15,4.6132721924292085e-15,4.613257770132307e-15,4.613243348087042e-15,4.6132289262934e-15,4.613214504751381e-15,4.6132000834609924e-15,4.613185662422217e-15,4.6131712416350276e-15,4.613156821099443e-15,4.6131424008154544e-15,4.6131279807830506e-15,4.613113561002246e-15,4.61309914147303e-15,4.613084722195381e-15,4.613070303172193e-15,4.613055884397685e-15,4.6130414658689566e-15,4.61302704840147e-15,4.6130126303816256e-15,4.612998212613301e-15,4.6129837950965065e-15,4.612969377831284e-15,4.6129549608182365e-15,4.612940544063404e-15,4.6129261275527276e-15,4.612911711293605e-15,4.612897295285995e-15,4.612882879532453e-15,4.612868464027792e-15,4.6128540487746695e-15,4.612839633773042e-15,4.612825219001134e-15,4.61281080450248e-15,4.6127963902666265e-15,4.612781976270888e-15,4.6127675625266196e-15,4.612753149033812e-15,4.612738735792498e-15,4.612724322802605e-15,4.61270991006417e-15,4.612695497577169e-15,4.612681085341599e-15,4.612666673357457e-15,4.6126522616247585e-15,4.6126378501434815e-15,4.6126234389065045e-15,4.612609027928573e-15,4.6125946171803644e-15,4.612580206704696e-15,4.612565796480431e-15,4.612551386506319e-15,4.612536976784818e-15,4.612522567314701e-15,4.6125081580959596e-15,4.612493749128577e-15,4.612479340412583e-15,4.612464931947938e-15,4.612450523734645e-15,4.6124361157727314e-15,4.612421708062145e-15,4.612407300602893e-15,4.612392893394955e-15,4.6123784864383535e-15,4.6123640797330825e-15,4.612349673279119e-15,4.612335267076475e-15,4.612320861125148e-15,4.612306455425113e-15,4.612292049976381e-15,4.612277644778936e-15,4.612263239832764e-15,4.612248835137897e-15,4.612234430694288e-15,4.612220026501947e-15,4.612205622560879e-15,4.612191218871064e-15,4.6121768154325195e-15,4.6121624122452685e-15,4.612148009309237e-15,4.6121336066244e-15,4.612119204190845e-15,4.6121048020085164e-15,4.6120904000774065e-15,4.612075998397911e-15,4.6120615969692295e-15,4.612047195799023e-15,4.612032794873336e-15,4.612018393994284e-15,4.612003993570449e-15,4.6119895933977875e-15,4.61197519347593e-15,4.611960793805267e-15,4.611946394385729e-15,4.611931995217417e-15,4.611917596300242e-15,4.611903197634205e-15,4.6118887992193025e-15,4.6118744010555635e-15,4.611860003142975e-15,4.611845605481535e-15,4.611831208071218e-15,4.611816810912e-15,4.611802414003916e-15,4.611788017346982e-15,4.611773620941141e-15,4.61175922478642e-15,4.611744828882796e-15,4.611730433230242e-15,4.611716037828808e-15,4.611701642678473e-15,4.61168724777924e-15,4.611672853131084e-15,4.611658458734025e-15,4.611644064587998e-15,4.611629670693021e-15,4.6116152770491126e-15,4.61160088365629e-15,4.61158649051488e-15,4.611572097624526e-15,4.61155770498521e-15,4.611543312596918e-15,4.611528920459646e-15,4.6115145285734e-15,4.611500136938195e-15,4.6114857455539976e-15,4.611471354420805e-15,4.611456963538601e-15,4.611442572907401e-15,4.6114281825271865e-15,4.611413792397963e-15,4.611399402519714e-15,4.611385012892462e-15,4.6113706235161894e-15,4.611356234390893e-15,4.6113418455165526e-15,4.6113274568931474e-15,4.611313068520696e-15,4.61129868039918e-15,4.611284292528609e-15,4.611269904908975e-15,4.6112555175402764e-15,4.6112411304224975e-15,4.61122674355564e-15,4.611212356939697e-15,4.6111979705746765e-15,4.6111835844605614e-15,4.611169198597341e-15,4.611154812985028e-15,4.611140427623609e-15,4.611126042513061e-15,4.611111657653382e-15,4.611097273044595e-15,4.6110828886866786e-15,4.61106850457961e-15,4.611054120723409e-15,4.611039737118078e-15,4.611025353763584e-15,4.611010970659924e-15,4.610996587807109e-15,4.6109822052051396e-15,4.6109678228539896e-15,4.610953440753669e-15,4.610939058904174e-15,4.610924677305489e-15,4.610910295957633e-15,4.610895914860572e-15,4.61088153401429e-15,4.610867153418813e-15,4.6108527730741135e-15,4.61083839298022e-15,4.610824013137107e-15,4.610809633544769e-15,4.6107952542031795e-15,4.610780875112374e-15,4.610766496272317e-15,4.610752117683023e-15,4.610737739344418e-15,4.610723361256617e-15,4.6107089834195374e-15,4.610694605833203e-15,4.610680228497604e-15,4.61066585141272e-15,4.6106514745785375e-15,4.610637097995086e-15,4.610622721662339e-15,4.610608345580316e-15,4.6105939697489686e-15,4.610579594168307e-15,4.6105652188383364e-15,4.610550843759048e-15,4.610536468930437e-15,4.610522094352489e-15,4.610507720025206e-15,4.610493345948593e-15,4.610478972122646e-15,4.610464598547349e-15,4.610450225222687e-15,4.610435852148678e-15,4.610421479325295e-15,4.6104071067525646e-15,4.610392734430424e-15,4.610378362358948e-15,4.610363990538079e-15,4.6103496189678344e-15,4.6103352476481966e-15,4.610320876579157e-15,4.610306505760714e-15,4.610292135192861e-15,4.610277764875591e-15,4.6102633948088956e-15,4.610249024992789e-15,4.610234655427237e-15,4.610220286112258e-15,4.610205917047842e-15,4.6101915482339785e-15,4.610177179670658e-15,4.610162811357883e-15,4.610148443295655e-15,4.6101340754839605e-15,4.610119707922809e-15,4.610105340612175e-15,4.610090973552063e-15,4.610076606742543e-15,4.610062240093676e-15,4.610047873785082e-15,4.610033507634581e-15,4.610019141827e-15,4.6100047762710406e-15,4.609990410904773e-15,4.609976045845255e-15,4.609961681040188e-15,4.609947316383688e-15,4.609932952079579e-15,4.609918588026443e-15,4.6099042242236586e-15,4.6098898606669595e-15,4.609875497306399e-15,4.609861134253917e-15,4.609846771451921e-15,4.609832408900274e-15,4.609818046599059e-15,4.609803684548283e-15,4.6097893227478996e-15,4.609774961197944e-15,4.609760599898383e-15,4.6097462388490696e-15,4.609731878050528e-15,4.609717517502165e-15,4.609703157128322e-15,4.60968879708074e-15,4.60967443728352e-15,4.609660077736672e-15,4.60964571844018e-15,4.609631359394031e-15,4.609617000598265e-15,4.609602642052843e-15,4.609588283757762e-15,4.609573925713015e-15,4.60955956791858e-15,4.609545210374474e-15,4.609530853080715e-15,4.609516496037255e-15,4.6095021392441214e-15,4.609487782701286e-15,4.60947342640876e-15,4.6094590703665276e-15,4.609444714574614e-15,4.609430359032949e-15,4.6094160037415726e-15,4.6094016487004795e-15,4.609387293909654e-15,4.609372939369093e-15,4.609358585078806e-15,4.609344231038768e-15,4.6093298772489875e-15,4.6093155237094336e-15,4.6093011704201315e-15,4.609286817381074e-15,4.6092724645922595e-15,4.609258112053639e-15,4.6092437597652555e-15,4.609229407727099e-15,4.609215056003154e-15,4.60920070451066e-15,4.6091863532591545e-15,4.609172002252554e-15,4.609157651464815e-15,4.609143300936499e-15,4.609128950691323e-15,4.609114600654634e-15,4.6091002508649495e-15,4.609085901328597e-15,4.6090715520270825e-15,4.609057202990939e-15,4.609042854243384e-15,4.609028505750868e-15,4.609014157465332e-15,4.608999809429923e-15,4.608985461644658e-15,4.608971114109495e-15,4.608956766824437e-15,4.6089424197895294e-15,4.608928073004725e-15,4.6089137264700205e-15,4.608899380185418e-15,4.608885034150906e-15,4.608870688366482e-15,4.608856342838468e-15,4.608841997560413e-15,4.6088276525322285e-15,4.60881330775392e-15,4.608798963225531e-15,4.608784618946964e-15,4.60877027491824e-15,4.608755931139373e-15,4.608741587610319e-15,4.608727244331053e-15,4.608712901301717e-15,4.608698558522156e-15,4.608684215992427e-15,4.608669873712464e-15,4.608655531682268e-15,4.608641189901963e-15,4.6086268483714604e-15,4.608612507090737e-15,4.6085981660597545e-15,4.6085838252785355e-15,4.608569484747033e-15,4.608555144465325e-15,4.608540804433381e-15,4.608526464651136e-15,4.608512125118703e-15,4.608497785835949e-15,4.60848344680291e-15,4.608469108019593e-15,4.608454769485958e-15,4.608440431202048e-15,4.608426093167804e-15,4.608411755383336e-15,4.608397417848415e-15,4.6083830805632755e-15,4.6083687435278315e-15,4.608354406742072e-15,4.608340070206018e-15,4.608325733919465e-15,4.608311397882615e-15,4.608297062097654e-15,4.608282726562585e-15,4.608268391277377e-15,4.608254056242059e-15,4.6082397214565884e-15,4.6082253869209556e-15,4.608211052635186e-15,4.608196718599293e-15,4.608182384813263e-15,4.608168051277066e-15,4.608153717990709e-15,4.6081393849541815e-15,4.6081250521674824e-15,4.608110719630602e-15,4.608096387343522e-15,4.6080820553062754e-15,4.6080677235189124e-15,4.608053391981257e-15,4.60803906069341e-15,4.608024729655335e-15,4.608010398867062e-15,4.6079960683285756e-15,4.607981738039851e-15,4.607967408000921e-15,4.607953078211742e-15,4.6079387486723044e-15,4.6079244193826305e-15,4.607910090342726e-15,4.60789576153393e-15,4.607881432974494e-15,4.6078671046643525e-15,4.607852776603481e-15,4.6078384487916156e-15,4.607824121243519e-15,4.607809793945092e-15,4.607795466896366e-15,4.607781140103991e-15,4.6077668135613135e-15,4.607752487268311e-15,4.607738161225028e-15,4.607723835431408e-15,4.607709509887487e-15,4.607695184593224e-15,4.607680859548634e-15,4.607666534753714e-15,4.6076522102084764e-15,4.607637885912884e-15,4.607623561866946e-15,4.607609238070627e-15,4.607594914523981e-15,4.60758059122694e-15,4.607566268179523e-15,4.607551945381748e-15,4.607537622833599e-15,4.607523300535069e-15,4.607508978486156e-15,4.6074946566868475e-15,4.6074803351371344e-15,4.607466013837006e-15,4.607451692786453e-15,4.607437371985491e-15,4.607423051434121e-15,4.607408731131114e-15,4.607394411065377e-15,4.6073800912728156e-15,4.607365771711191e-15,4.607351452407658e-15,4.607337133360105e-15,4.607322814535034e-15,4.607308495980129e-15,4.6072941776747654e-15,4.607279859618916e-15,4.607265541812602e-15,4.6072512242557885e-15,4.607236906948484e-15,4.6072225898907e-15,4.607208273082411e-15,4.607193956523653e-15,4.607179640214361e-15,4.6071653241545915e-15,4.607151008344286e-15,4.607136692783464e-15,4.6071223774721e-15,4.6071080624102166e-15,4.607093747597815e-15,4.6070794330348426e-15,4.607065118721322e-15,4.6070508046588276e-15,4.6070364908441915e-15,4.6070221772776434e-15,4.607007863961891e-15,4.606993550895566e-15,4.606979238078658e-15,4.606964925511186e-15,4.606950613193122e-15,4.606936301124476e-15,4.6069219893052265e-15,4.606907677735887e-15,4.606893366415413e-15,4.606879055344321e-15,4.606864744522617e-15,4.606850433950294e-15,4.606836123627344e-15,4.6068218135537575e-15,4.606807503729522e-15,4.606793194154654e-15,4.606778884829145e-15,4.606764575752975e-15,4.606750266926138e-15,4.606735958348673e-15,4.6067216500205085e-15,4.606707341941708e-15,4.6066930341122074e-15,4.606678726532016e-15,4.606664419201152e-15,4.60665011211959e-15,4.606635805287345e-15,4.6066214987043855e-15,4.6066071923707264e-15,4.60659288628634e-15,4.60657858045125e-15,4.6065642748654295e-15,4.606549969528874e-15,4.606535664441567e-15,4.606521359603529e-15,4.60650705501476e-15,4.6064927506752554e-15,4.606478446584974e-15,4.606464142743935e-15,4.606449839152145e-15,4.606435535809585e-15,4.606421232716255e-15,4.606406929872149e-15,4.6063926272772606e-15,4.606378324931565e-15,4.606364022835103e-15,4.60634972098781e-15,4.606335419389746e-15,4.6063211180408735e-15,4.6063068169411834e-15,4.6062925160906575e-15,4.6062782154893145e-15,4.606263915137138e-15,4.606249615034123e-15,4.606235315180256e-15,4.60622101556362e-15,4.60620671619771e-15,4.606192417107286e-15,4.606178118250067e-15,4.606163819641986e-15,4.606149521283035e-15,4.606135223173231e-15,4.60612092531071e-15,4.606106627700297e-15,4.606092330338076e-15,4.6060780332249545e-15,4.606063736360916e-15,4.606049439745982e-15,4.606035143380158e-15,4.606020847263398e-15,4.606006551395723e-15,4.605992255777124e-15,4.6059779604076016e-15,4.6059636652869124e-15,4.605949370415271e-15,4.605935075792684e-15,4.605920781419151e-15,4.605906487294652e-15,4.60589219341918e-15,4.605877899792765e-15,4.6058636064153486e-15,4.605849313286974e-15,4.60583502040761e-15,4.6058207277772584e-15,4.605806435395932e-15,4.6057921432636105e-15,4.605777851380289e-15,4.6057635597459594e-15,4.605749268360626e-15,4.605734977224263e-15,4.605720686336863e-15,4.605706395698452e-15,4.605692105308996e-15,4.605677815168517e-15,4.605663525276274e-15,4.605649235627897e-15,4.605634946234297e-15,4.6056206570896436e-15,4.605606368193904e-15,4.605592079547094e-15,4.605577791149258e-15,4.605563503000329e-15,4.605549215100332e-15,4.605534927449242e-15,4.6055206400470325e-15,4.605506352893743e-15,4.6054920659893675e-15,4.6054777793338595e-15,4.605463492927244e-15,4.605449206810647e-15,4.60543492093578e-15,4.6054206352778e-15,4.605406349860884e-15,4.6053920646986284e-15,4.605377779785258e-15,4.605363495120705e-15,4.605349210705029e-15,4.605334926538205e-15,4.60532064262021e-15,4.605306358951055e-15,4.605292075530733e-15,4.605277792359239e-15,4.605263509436575e-15,4.605249226762713e-15,4.605234944337665e-15,4.6052206621614325e-15,4.605206380233989e-15,4.605192098555347e-15,4.605177817125501e-15,4.605163535944419e-15,4.605149255012125e-15,4.605134974328617e-15,4.605120693893848e-15,4.605106413707857e-15,4.605092133770628e-15,4.605077854082152e-15,4.605063574642454e-15,4.6050492954603306e-15,4.605035016518145e-15,4.605020737824711e-15,4.6050064593799736e-15,4.604992181183941e-15,4.6049779032366345e-15,4.604963625538035e-15,4.6049493480881295e-15,4.6049350708869135e-15,4.604920793934388e-15,4.604906517262161e-15,4.604892240807064e-15,4.604877964599954e-15,4.604863688641693e-15,4.60484941292999e-15,4.6048351374695584e-15,4.604820862257787e-15,4.60480658729374e-15,4.604792312579273e-15,4.60477803811345e-15,4.60476376389628e-15,4.604749489927753e-15,4.6047352162078565e-15,4.604720942736559e-15,4.604706669513883e-15,4.60469239653986e-15,4.604678123814437e-15,4.604663851337609e-15,4.604649579109375e-15,4.604635307129769e-15,4.6046210353987385e-15,4.604606763916308e-15,4.604592492682475e-15,4.604578221697198e-15,4.6045639509605006e-15,4.6045496804723726e-15,4.604535410232795e-15,4.604521140241783e-15,4.604506870499326e-15,4.6044926010054114e-15,4.604478331760053e-15,4.604464062763235e-15,4.604449794014945e-15,4.604435525515187e-15,4.604421257263948e-15,4.604406989261242e-15,4.604392721507032e-15,4.604378454001495e-15,4.604364186744289e-15,4.604349919735567e-15,4.604335652975347e-15,4.604321386463628e-15,4.6043071202004e-15,4.604292854185644e-15,4.604278588419357e-15,4.604264322901539e-15,4.6042500576758586e-15,4.6042357926660036e-15,4.6042215279008035e-15,4.6042072633767866e-15,4.604192999101229e-15,4.6041787350618175e-15,4.6041644712788944e-15,4.604150207744643e-15,4.604135944462775e-15,4.60412168142935e-15,4.604107418644339e-15,4.604093156107741e-15,4.604078893819557e-15,4.60406463177912e-15,4.604050369960212e-15,4.604036108417024e-15,4.604021847926288e-15,4.6040075869244665e-15,4.603993326228351e-15,4.603979065678259e-15,4.603964805377089e-15,4.603950545324254e-15,4.603936285519783e-15,4.603922025963652e-15,4.603907766655886e-15,4.6038935075964356e-15,4.603879248785305e-15,4.603864990222519e-15,4.60385073190803e-15,4.603836473953688e-15,4.603822216135783e-15,4.603807958565088e-15,4.603793701242798e-15,4.603779444169863e-15,4.603765187391728e-15,4.6037509308153695e-15,4.6037366744872845e-15,4.6037224184074896e-15,4.603708162575982e-15,4.6036939069936e-15,4.603679651658609e-15,4.603665396571879e-15,4.603651141733402e-15,4.603636887143176e-15,4.603622632801197e-15,4.603608378707448e-15,4.603594124861933e-15,4.6035798712646535e-15,4.603565617915573e-15,4.603551364814698e-15,4.603537111962056e-15,4.6035228593575885e-15,4.603508607001359e-15,4.603494354893327e-15,4.603480103031795e-15,4.603465851420114e-15,4.603451600056619e-15,4.603437348945908e-15,4.603423098080539e-15,4.6034088474615945e-15,4.603394597092425e-15,4.603380346972425e-15,4.603366097097949e-15,4.603351847471322e-15,4.603337598090557e-15,4.603323348961232e-15,4.603309100079301e-15,4.603294851445488e-15,4.6032806030597895e-15,4.603266354922207e-15,4.6032521070327695e-15,4.603237859391421e-15,4.603223611998158e-15,4.603209364853001e-15,4.603195117955952e-15,4.603180871306977e-15,4.603166624906082e-15,4.6031523787532545e-15,4.603138132848498e-15,4.60312388719182e-15,4.60310964178321e-15,4.603095396622651e-15,4.60308115171014e-15,4.603066907045688e-15,4.6030526626292695e-15,4.603038418460881e-15,4.6030241745405016e-15,4.6030099308681776e-15,4.602995687443848e-15,4.602981444267556e-15,4.6029672013392535e-15,4.602952958658972e-15,4.602938716226708e-15,4.602924474042422e-15,4.6029102321061415e-15,4.60289599041785e-15,4.6028817489653806e-15,4.602867507773035e-15,4.602853266828667e-15,4.6028390261322874e-15,4.602824785683849e-15,4.602810545483366e-15,4.602796305530842e-15,4.602782065826262e-15,4.602767826369624e-15,4.6027535871609246e-15,4.602739348200159e-15,4.6027251094873255e-15,4.60271087102241e-15,4.602696632805424e-15,4.602682394839011e-15,4.602668157117828e-15,4.602653919644547e-15,4.602639682419018e-15,4.602625445449757e-15,4.602611208720137e-15,4.602596972238405e-15,4.602582736004511e-15,4.6025685000166785e-15,4.602554264278541e-15,4.602540028788268e-15,4.602525793536099e-15,4.602511558541552e-15,4.602497323794829e-15,4.602483089293822e-15,4.602468854943266e-15,4.602454620940077e-15,4.602440387184763e-15,4.602426153677237e-15,4.602411920417514e-15,4.602397687386396e-15,4.602383454622264e-15,4.602369222105973e-15,4.602354989837464e-15,4.602340757816745e-15,4.6023265260438135e-15,4.602312294518646e-15,4.6022980632412656e-15,4.60228383221165e-15,4.602269601404917e-15,4.602255370870732e-15,4.602241140584435e-15,4.602226910555159e-15,4.602212680764348e-15,4.6021984512208924e-15,4.602184221936204e-15,4.6021699928886426e-15,4.602155764088784e-15,4.602141535536626e-15,4.602127307232193e-15,4.60211307917546e-15,4.602098851366425e-15,4.60208462380511e-15,4.602070396491496e-15,4.602056169425575e-15,4.602041942607318e-15,4.602027716036757e-15,4.6020134897138645e-15,4.6019992636386544e-15,4.60198503781111e-15,4.601970812231242e-15,4.601956586898998e-15,4.601942361678748e-15,4.601928136841847e-15,4.601913912120211e-15,4.601899687778553e-15,4.601885463684527e-15,4.601871239838131e-15,4.601857016239345e-15,4.601842792888169e-15,4.601828569799947e-15,4.601814346943959e-15,4.601800124335591e-15,4.601785901974833e-15,4.6017716798615016e-15,4.601757457995936e-15,4.601743236375613e-15,4.6017290150047956e-15,4.6017147938819414e-15,4.601700573006655e-15,4.601686352378933e-15,4.601672131998772e-15,4.601657911866178e-15,4.6016436919810984e-15,4.601629472343566e-15,4.60161525295356e-15,4.6016010338110914e-15,4.6015868149161595e-15,4.6015725963228044e-15,4.601558377922904e-15,4.601544159770522e-15,4.6015299418656494e-15,4.601515724198753e-15,4.60150150678895e-15,4.601487289626636e-15,4.601473072711728e-15,4.6014588560442994e-15,4.601444639625344e-15,4.601430423452882e-15,4.60141620752788e-15,4.601401991850341e-15,4.601387776420263e-15,4.6013735612376275e-15,4.601359346302462e-15,4.6013451316147034e-15,4.601330917174386e-15,4.601316702975605e-15,4.6013024890281545e-15,4.601288275330165e-15,4.6012740618796054e-15,4.601259848680948e-15,4.6012456357251694e-15,4.601231423016781e-15,4.6012172105569105e-15,4.601202998343262e-15,4.601188786377062e-15,4.601174574650328e-15,4.601160363178862e-15,4.601146151954772e-15,4.6011319409780656e-15,4.6011177302487094e-15,4.6011035197667125e-15,4.601089309532055e-15,4.6010750995447495e-15,4.601060889804782e-15,4.60104668031216e-15,4.601032471066891e-15,4.601018262068939e-15,4.601004053318283e-15,4.600989844814965e-15,4.600975636558958e-15,4.6009614285502396e-15,4.6009472207888345e-15,4.600933013274722e-15,4.600918806007908e-15,4.600904598988391e-15,4.60089039221614e-15,4.6008761856912566e-15,4.600861979413578e-15,4.6008477733831264e-15,4.600833567599974e-15,4.600819362061847e-15,4.600805156774117e-15,4.6007909517325304e-15,4.60077674693837e-15,4.600762542391452e-15,4.600748338091479e-15,4.600734134039019e-15,4.6007199302337974e-15,4.600705726675763e-15,4.600691523364948e-15,4.600677320301317e-15,4.600663117484915e-15,4.60064891491572e-15,4.600634712593687e-15,4.60062051051887e-15,4.600606308691214e-15,4.600592107094425e-15,4.600577905744686e-15,4.60056370464198e-15,4.600549503786225e-15,4.600535303177514e-15,4.600521102815742e-15,4.600506902700911e-15,4.600492702833e-15,4.600478503211955e-15,4.600464303837721e-15,4.6004501047102325e-15,4.60043590582952e-15,4.600421707195572e-15,4.600407508808214e-15,4.600393310667485e-15,4.60037911277374e-15,4.60036491514394e-15,4.6003507177624e-15,4.6003365206302635e-15,4.600322323745217e-15,4.600308127107268e-15,4.600293930716369e-15,4.600279734572552e-15,4.600265538675789e-15,4.600251343026082e-15,4.6002371476234205e-15,4.600222952467838e-15,4.600208757438787e-15,4.600194562777255e-15,4.600180368362753e-15,4.600166174195289e-15,4.600151980274867e-15,4.6001377866020915e-15,4.600123593175686e-15,4.600109399996282e-15,4.600095207063877e-15,4.60008101437849e-15,4.600066821940087e-15,4.6000526297486395e-15,4.6000384378042064e-15,4.600024246106742e-15,4.6000100546396306e-15,4.599995863552937e-15,4.599981672596372e-15,4.59996748188671e-15,4.599953291424046e-15,4.599939101208371e-15,4.599924911239609e-15,4.599910721517823e-15,4.5998965320429576e-15,4.599882342815001e-15,4.59986815383391e-15,4.599853965099794e-15,4.59983977661234e-15,4.599825588371433e-15,4.599811400379689e-15,4.5997972126119595e-15,4.5997830251119885e-15,4.599768837865325e-15,4.59975465085949e-15,4.599740464100554e-15,4.5997262775922334e-15,4.599712091327033e-15,4.599697905308691e-15,4.5996837195372376e-15,4.599669533938766e-15,4.599655348660997e-15,4.5996411636300465e-15,4.5996269788459374e-15,4.5996127943086645e-15,4.599598609964457e-15,4.59958442590393e-15,4.599570242107082e-15,4.599556058508261e-15,4.599541875185708e-15,4.599527692128301e-15,4.599513509305018e-15,4.599499326742181e-15,4.59948514442595e-15,4.5994709623567326e-15,4.599456780534302e-15,4.599442598958659e-15,4.599428417635358e-15,4.599414236555434e-15,4.599400055720048e-15,4.599385875131429e-15,4.599371694789556e-15,4.599357514693104e-15,4.599343334844729e-15,4.5993291552430755e-15,4.599314975888215e-15,4.599300796780033e-15,4.599286617847297e-15,4.5992724392325344e-15,4.599258260864507e-15,4.599244082743161e-15,4.599229904868538e-15,4.599215727240602e-15,4.599201549859366e-15,4.599187372724808e-15,4.599173195837118e-15,4.599159019195907e-15,4.599144842801368e-15,4.599130666653484e-15,4.5991164908301676e-15,4.599102315175592e-15,4.599088140147849e-15,4.599073964986562e-15,4.59905979007192e-15,4.599045615403938e-15,4.599031440982562e-15,4.599017266807808e-15,4.5990030928795255e-15,4.5989889191980065e-15,4.598974745763107e-15,4.598960572574796e-15,4.598946399633084e-15,4.598932226937967e-15,4.598918054489454e-15,4.598903882287525e-15,4.598889710377319e-15,4.598875538668542e-15,4.5988613672063245e-15,4.5988471959906735e-15,4.5988330250215754e-15,4.598818854298673e-15,4.598804683822706e-15,4.59879051359326e-15,4.598776343610362e-15,4.5987621738739904e-15,4.598748004384177e-15,4.598733835140867e-15,4.59871966614407e-15,4.598705497393804e-15,4.59869132889006e-15,4.598677160632821e-15,4.598662992622076e-15,4.598648824857818e-15,4.598634657340053e-15,4.59862049004408e-15,4.598606323019262e-15,4.598592156240929e-15,4.598577989709059e-15,4.598563823423657e-15,4.598549657384717e-15,4.598535491592244e-15,4.598521326052548e-15,4.598507160759055e-15,4.5984929957117716e-15,4.59847883090506e-15,4.598464666344787e-15,4.5984505020309274e-15,4.5984363379635095e-15,4.598422174142501e-15,4.598408010567917e-15,4.598393847239721e-15,4.598379684157931e-15,4.598365521322565e-15,4.5983513587335675e-15,4.598337196390965e-15,4.5983230342947374e-15,4.598308872444873e-15,4.598294710842584e-15,4.598280549485465e-15,4.598266388374717e-15,4.598252227510312e-15,4.5982380668922516e-15,4.59822390652056e-15,4.598209746395208e-15,4.598195586516558e-15,4.598181426883844e-15,4.59816726749747e-15,4.59815310835742e-15,4.598138949463703e-15,4.598124790816268e-15,4.5981106324151694e-15,4.598096474260408e-15,4.5980823163519005e-15,4.598068158689698e-15,4.598054001273753e-15,4.5980398441040845e-15,4.598025687180705e-15,4.5980115305035935e-15,4.5979973740727625e-15,4.597983217888173e-15,4.597969061949851e-15,4.59795490625779e-15,4.597940750811974e-15,4.597926595612407e-15,4.597912440659062e-15,4.597898285951938e-15,4.597884131491063e-15,4.597869977276416e-15,4.597855823307981e-15,4.597841669585762e-15,4.5978275161097566e-15,4.597813362880003e-15,4.597799209896382e-15,4.5977850571589555e-15,4.597770904667719e-15,4.597756752422655e-15,4.597742600423768e-15,4.597728448671072e-15,4.5977142971645495e-15,4.597700145904174e-15,4.59768599488994e-15,4.597671844121862e-15,4.597657693599957e-15,4.597643543324196e-15,4.597629393294549e-15,4.597615243511043e-15,4.597601093973651e-15,4.597586944682398e-15,4.597572795637254e-15,4.597558646838224e-15,4.5975444982853116e-15,4.5975303499784936e-15,4.597516201924653e-15,4.597502054084384e-15,4.5974879065000775e-15,4.597473759157601e-15,4.597459612080754e-15,4.597445465131571e-15,4.5974313185473584e-15,4.597417172209206e-15,4.597403026117098e-15,4.597388880271043e-15,4.597374734671047e-15,4.597360589317091e-15,4.5973464442091846e-15,4.5973322993472946e-15,4.597318154731438e-15,4.597304010361596e-15,4.5972898662403925e-15,4.597275722290327e-15,4.597261578658691e-15,4.5972474352729064e-15,4.59723329213311e-15,4.597219149239314e-15,4.597205006591509e-15,4.597190864189684e-15,4.597176722048124e-15,4.597162580137362e-15,4.5971484384734986e-15,4.597134297055593e-15,4.597120155883653e-15,4.597106014957664e-15,4.597091874277626e-15,4.597077733843538e-15,4.597063593655401e-15,4.597049453713407e-15,4.597035314017367e-15,4.597021174567257e-15,4.59700703536306e-15,4.596992896404773e-15,4.596978757692418e-15,4.596964619225701e-15,4.596950481004854e-15,4.596936343029911e-15,4.596922205300856e-15,4.596908067817709e-15,4.596893930580425e-15,4.5968797935890354e-15,4.5968656568435025e-15,4.596851520343816e-15,4.596837384089998e-15,4.5968232480820415e-15,4.596809112319926e-15,4.59679497680366e-15,4.596780841533236e-15,4.596766706508643e-15,4.596752571729889e-15,4.596738437196964e-15,4.596724302909858e-15,4.596710168868553e-15,4.5966960350730815e-15,4.596681901523421e-15,4.596667768219543e-15,4.5966536351614715e-15,4.596639502349196e-15,4.596625369782706e-15,4.596611237461981e-15,4.5965971053870525e-15,4.5965829735578886e-15,4.596568841974494e-15,4.596554710636852e-15,4.59654057954497e-15,4.596526448709017e-15,4.596512318108623e-15,4.596498187753959e-15,4.596484057645058e-15,4.596469927781875e-15,4.5964557981644734e-15,4.596441668792746e-15,4.596427539666736e-15,4.596413410786437e-15,4.596399282130956e-15,4.596385153742072e-15,4.596371025598877e-15,4.596356897701378e-15,4.596342770049554e-15,4.596328642643435e-15,4.5963145154829855e-15,4.5963003885682136e-15,4.596286261899121e-15,4.596272135475675e-15,4.596258009297893e-15,4.596243883365773e-15,4.5962297576793055e-15,4.5962156322384626e-15,4.5962015070432576e-15,4.596187382093704e-15,4.596173257389779e-15,4.596159132931476e-15,4.596145008692324e-15,4.5961308846997775e-15,4.596116760953591e-15,4.596102637453915e-15,4.596088514200547e-15,4.596074391193456e-15,4.596060268432753e-15,4.596046145918268e-15,4.596032023649982e-15,4.59601790162771e-15,4.596003779821229e-15,4.5959896583091145e-15,4.595975537043366e-15,4.5959614160231656e-15,4.595947295248533e-15,4.595933174719449e-15,4.595919054435907e-15,4.5959049343979235e-15,4.595890814605475e-15,4.595876695058567e-15,4.595862575757174e-15,4.595848456701303e-15,4.595834337890953e-15,4.59582021932609e-15,4.595806101006732e-15,4.595791982932864e-15,4.595777865104478e-15,4.595763747521609e-15,4.595749630184204e-15,4.5957355130922835e-15,4.595721396245816e-15,4.595707279644821e-15,4.5956931632892855e-15,4.5956790471792124e-15,4.5956649313145745e-15,4.595650815695405e-15,4.595636700319038e-15,4.595622585188364e-15,4.595608470303417e-15,4.59559435566423e-15,4.595580241270801e-15,4.595566127123052e-15,4.595552013221116e-15,4.5955378995648526e-15,4.595523786154191e-15,4.595509672989261e-15,4.595495560069942e-15,4.595481447396392e-15,4.595467334968541e-15,4.595453222786339e-15,4.595439110849778e-15,4.595424999158839e-15,4.595410887713614e-15,4.595396776513989e-15,4.595382665559947e-15,4.595368554851489e-15,4.595354444388655e-15,4.595340334171419e-15,4.5953262241999116e-15,4.595312114473835e-15,4.595298004993424e-15,4.5952838957585956e-15,4.595269786769303e-15,4.595255678025541e-15,4.59524156952735e-15,4.595227461274734e-15,4.595213353267708e-15,4.5951992455060885e-15,4.5951851379899735e-15,4.59517103071951e-15,4.595156923694538e-15,4.5951428169150855e-15,4.5951287103810526e-15,4.595114604085104e-15,4.595100498034402e-15,4.59508639222897e-15,4.595072286668784e-15,4.595058181353836e-15,4.595044076284118e-15,4.5950299714690145e-15,4.595015866929349e-15,4.595001762625426e-15,4.5949876585358495e-15,4.594973554693392e-15,4.594959451113606e-15,4.594945347742046e-15,4.594931244670697e-15,4.5949171418078845e-15,4.594903039221195e-15,4.594888936888171e-15,4.594874834760862e-15,4.594860732878717e-15,4.594846631241749e-15,4.594832529849931e-15,4.5948184287032825e-15,4.594804327801769e-15,4.594790227145387e-15,4.594776126734139e-15,4.594762026568044e-15,4.59474792664707e-15,4.594733826971241e-15,4.594719727540505e-15,4.594705628354892e-15,4.594691529414394e-15,4.594677430718999e-15,4.5946633322686896e-15,4.5946492340634824e-15,4.5946351361033704e-15,4.594621038388374e-15,4.5946069409184144e-15,4.594592843693529e-15,4.594578746713702e-15,4.594564649978958e-15,4.59455055348928e-15,4.594536457171079e-15,4.5945223611714844e-15,4.594508265417143e-15,4.594494169920673e-15,4.594480074656204e-15,4.594465979636751e-15,4.5944518848563255e-15,4.5944377903203534e-15,4.594423696035988e-15,4.594409601964242e-15,4.594395508169746e-15,4.5943814145955385e-15,4.594367321291103e-15,4.594353228229797e-15,4.5943391354125646e-15,4.594325042786003e-15,4.594310950439921e-15,4.594296858360395e-15,4.594282766533775e-15,4.594268674923321e-15,4.594254583578738e-15,4.594240492479115e-15,4.594226401624449e-15,4.59421231101471e-15,4.594198220649904e-15,4.594184130530029e-15,4.594170040655092e-15,4.594155951025071e-15,4.594141861639964e-15,4.594127772499807e-15,4.59411368360453e-15,4.594099594954177e-15,4.594085506548697e-15,4.594071418388107e-15,4.59405733047242e-15,4.594043242801634e-15,4.5940291553756985e-15,4.594015068194645e-15,4.594000981258443e-15,4.593986894567123e-15,4.593972808120652e-15,4.5939587219190584e-15,4.593944635962301e-15,4.5939305502503994e-15,4.593916464783316e-15,4.593902379561072e-15,4.5938882945836334e-15,4.593874209851026e-15,4.593860125363246e-15,4.593846041120276e-15,4.593831957122099e-15,4.5938178733687356e-15,4.593803789860192e-15,4.593789706596426e-15,4.5937756235774474e-15,4.593761540803252e-15,4.593747458273834e-15,4.5937333759891834e-15,4.59371929394933e-15,4.593705212154207e-15,4.59369113060386e-15,4.593677049298291e-15,4.59366296823745e-15,4.593648887421366e-15,4.59363480685002e-15,4.5936207265234006e-15,4.593606646441504e-15,4.593592566604337e-15,4.593578487011892e-15,4.5935644076641636e-15,4.593550328561125e-15,4.593536249702792e-15,4.5935221710891765e-15,4.593508092720264e-15,4.59349401459604e-15,4.593479936716495e-15,4.5934658590816405e-15,4.593451781691451e-15,4.5934377045459375e-15,4.593423627645074e-15,4.593409550988883e-15,4.593395474577343e-15,4.593381398410457e-15,4.593367322488227e-15,4.593353246810631e-15,4.5933391713776595e-15,4.5933250961893365e-15,4.593311021245624e-15,4.593296946546547e-15,4.59328287209207e-15,4.5932687978822224e-15,4.593254723916978e-15,4.5932406501963376e-15,4.593226576720299e-15,4.593212503488847e-15,4.593198430501993e-15,4.5931843577593276e-15,4.59317028526123e-15,4.593156213007707e-15,4.593142140998737e-15,4.593128069234323e-15,4.5931139977144714e-15,4.593099926439164e-15,4.593085855408375e-15,4.5930717846221285e-15,4.593057714080427e-15,4.59304364378325e-15,4.593029573730638e-15,4.593015503922519e-15,4.5930014343589196e-15,4.5929873650398235e-15,4.592973295965673e-15,4.5929592271347504e-15,4.592945158531102e-15,4.5929310899655545e-15,4.592917021869518e-15,4.592902954017936e-15,4.5928888864108625e-15,4.59287481904825e-15,4.592860751930038e-15,4.592846685056289e-15,4.592832618427003e-15,4.592818552042137e-15,4.592804485901714e-15,4.592790420005741e-15,4.5927763543542135e-15,4.592762288947112e-15,4.592748223784428e-15,4.592734158866159e-15,4.5927200941923265e-15,4.5927060297628956e-15,4.592691965577875e-15,4.592677901637279e-15,4.592663837941073e-15,4.592649774489264e-15,4.592635711281826e-15,4.592621648318766e-15,4.592607585600109e-15,4.5925935231259096e-15,4.592579460896035e-15,4.592565398910535e-15,4.592551337169352e-15,4.592537275666507e-15,4.592523214414045e-15,4.592509153426202e-15,4.592495092662466e-15,4.5924810321430336e-15,4.592466971867787e-15,4.592452911847545e-15,4.592438852061086e-15,4.592424792518925e-15,4.5924107332210854e-15,4.592396674167537e-15,4.592382615358307e-15,4.592368556793382e-15,4.592354498472743e-15,4.592340440396405e-15,4.592326382572854e-15,4.592312324980515e-15,4.592298267637043e-15,4.592284210537784e-15,4.59227015368279e-15,4.592256097072069e-15,4.592242040705603e-15,4.592227984583365e-15,4.592213928676924e-15,4.592199873043177e-15,4.592185817653649e-15,4.592171762508349e-15,4.592157707607771e-15,4.5921436530725515e-15,4.592129598659914e-15,4.592115544491451e-15,4.5921014905672205e-15,4.592087436886825e-15,4.5920733834504475e-15,4.592059331066963e-15,4.5920452781326986e-15,4.592031225429388e-15,4.592017172970255e-15,4.5920031207553074e-15,4.591989068784499e-15,4.591975017057823e-15,4.591960965575333e-15,4.591946914336996e-15,4.591932863342801e-15,4.591918812592755e-15,4.591904762086837e-15,4.591890711825049e-15,4.5918766618076635e-15,4.5918626120341314e-15,4.5918485625047005e-15,4.591834513219392e-15,4.5918204641782e-15,4.591806415381082e-15,4.591792366828065e-15,4.591778318519138e-15,4.591764270454317e-15,4.591750222633569e-15,4.591736175056956e-15,4.59172212772435e-15,4.5917080814337304e-15,4.591694034589235e-15,4.591679987988789e-15,4.5916659416324016e-15,4.591651895520078e-15,4.591637849735264e-15,4.591623804111016e-15,4.5916097587307896e-15,4.591595713594586e-15,4.591581668806766e-15,4.591567624117185e-15,4.591553579713046e-15,4.5915395355528816e-15,4.591525491636747e-15,4.5915114479646025e-15,4.591497404536446e-15,4.59148336135228e-15,4.591469318403018e-15,4.59145527570943e-15,4.591441233257196e-15,4.591427191048931e-15,4.591413149084644e-15,4.591399107364317e-15,4.591385065887938e-15,4.5913710246555156e-15,4.5913569836670155e-15,4.591342942922472e-15,4.591328902421854e-15,4.591314862165159e-15,4.591300822178882e-15,4.5912867824100335e-15,4.5912727428850865e-15,4.591258703604075e-15,4.591244664566959e-15,4.591230625773747e-15,4.591216587224404e-15,4.591202548918964e-15,4.591188510857414e-15,4.591174473039746e-15,4.591160435465966e-15,4.5911463981360175e-15,4.591132361049951e-15,4.591118324207735e-15,4.5911042876093886e-15,4.591090251254887e-15,4.591076215144237e-15,4.59106217927743e-15,4.5910481436544414e-15,4.591034108275339e-15,4.591020073140017e-15,4.591006038248501e-15,4.59099200360083e-15,4.590977969196932e-15,4.590963935036878e-15,4.590949901128928e-15,4.590935867456371e-15,4.590921834027635e-15,4.590907800842309e-15,4.5908937679007765e-15,4.590879735203034e-15,4.5908657027490576e-15,4.590851670538854e-15,4.590837638572392e-15,4.590823606849718e-15,4.590809575370806e-15,4.590795544135634e-15,4.590781513144187e-15,4.590767482396517e-15,4.590753451892565e-15,4.590739421632327e-15,4.590725391615822e-15,4.5907113618430344e-15,4.590697332313973e-15,4.590683303028592e-15,4.590669273986934e-15,4.590655245188975e-15,4.5906412166350986e-15,4.590627188324928e-15,4.5906131602584285e-15,4.590599132435608e-15,4.590585104856474e-15,4.59057107752097e-15,4.590557050429148e-15,4.590543023581003e-15,4.59052899697649e-15,4.590514970615643e-15,4.590500944498432e-15,4.5904869186248694e-15,4.5904728929949216e-15,4.5904588676086055e-15,4.590444842465929e-15,4.590430817566873e-15,4.590416792911416e-15,4.5904027684995796e-15,4.590388744331357e-15,4.590374720406732e-15,4.590360696725697e-15,4.5903466732882325e-15,4.590332650094374e-15,4.590318627144092e-15,4.590304604437402e-15,4.59029058197425e-15,4.5902765597546855e-15,4.590262537778673e-15,4.590248516046226e-15,4.5902344945573114e-15,4.590220473311976e-15,4.590206452310181e-15,4.5901924315519135e-15,4.590178411037169e-15,4.590164390765939e-15,4.590150370738246e-15,4.590136350954073e-15,4.590122331413431e-15,4.590108312116286e-15,4.590094293062637e-15,4.5900802742525036e-15,4.590066255685862e-15,4.590052237362687e-15,4.590038219283e-15,4.590024201446798e-15,4.5900101838540665e-15,4.589996166504801e-15,4.58998214939901e-15,4.589968132536663e-15,4.5899541159177604e-15,4.589940099542305e-15,4.589926083410317e-15,4.589912067521764e-15,4.589898051876638e-15,4.589884036474941e-15,4.589870021316666e-15,4.589856006401821e-15,4.589841991730373e-15,4.589827977302346e-15,4.589813963117698e-15,4.5897999491764716e-15,4.589785935478663e-15,4.5897719220242385e-15,4.589757908813196e-15,4.589743895845529e-15,4.589729883121247e-15,4.5897158706403215e-15,4.5897018584027595e-15,4.58968784640856e-15,4.5896738346577144e-15,4.589659823146213e-15,4.589645811773826e-15,4.589631800753018e-15,4.589617789951787e-15,4.589603779365623e-15,4.5895897690714544e-15,4.589575759006568e-15,4.589561749171112e-15,4.589547739607448e-15,4.589533730290449e-15,4.589519721183723e-15,4.589505712352775e-15,4.589491703737054e-15,4.589477695400175e-15,4.589463687299118e-15,4.589449679441349e-15,4.589435671826738e-15,4.589421664455471e-15,4.58940765725318e-15,4.589393650368445e-15,4.589379643726968e-15,4.589365637328738e-15,4.589351631173753e-15,4.589337625261996e-15,4.589323619593472e-15,4.589309614168196e-15,4.589295608986133e-15,4.589281604047276e-15,4.589267599351642e-15,4.589253594899214e-15,4.589239590689991e-15,4.5892255867239765e-15,4.589211583001163e-15,4.589197579521522e-15,4.5891835762850555e-15,4.589169573291774e-15,4.589155570541682e-15,4.58914156803476e-15,4.589127565770986e-15,4.589113563750391e-15,4.5890995619729384e-15,4.589085560437305e-15,4.589071559146169e-15,4.589057558099511e-15,4.589043557316772e-15,4.589029556756563e-15,4.58901555647007e-15,4.589001556409643e-15,4.58898755657723e-15,4.588973557027297e-15,4.588959557683573e-15,4.588945558580507e-15,4.588931559720619e-15,4.5889175611037356e-15,4.588903562729931e-15,4.588889564599227e-15,4.5888755667115676e-15,4.5888615690734275e-15,4.5888475716781336e-15,4.588833574525572e-15,4.588819577615768e-15,4.58880558094878e-15,4.5887915845245566e-15,4.588777588343036e-15,4.588763592404249e-15,4.588749596708267e-15,4.588735601254933e-15,4.588721606044406e-15,4.588707611076536e-15,4.588693616351322e-15,4.5886796218687795e-15,4.58866562762903e-15,4.588651633631878e-15,4.588637639877408e-15,4.588623646365679e-15,4.588609653096586e-15,4.588595660070047e-15,4.588581667286204e-15,4.5885676747449486e-15,4.588553682446308e-15,4.588539690390213e-15,4.588525698576898e-15,4.588511707006117e-15,4.588497715677984e-15,4.588483724594554e-15,4.588469733754056e-15,4.588455743156472e-15,4.588441752801818e-15,4.588427762690088e-15,4.588413772821479e-15,4.588399783195572e-15,4.588385793812581e-15,4.5883718046724915e-15,4.58835781577528e-15,4.58834382712097e-15,4.588329838709554e-15,4.58831585054102e-15,4.588301862615349e-15,4.588287874932562e-15,4.588273887492635e-15,4.588259900295565e-15,4.5882459133413524e-15,4.588231926630004e-15,4.588217940143219e-15,4.588203953898354e-15,4.588189967895654e-15,4.5881759821492234e-15,4.588161996645561e-15,4.588148011391224e-15,4.588134026379712e-15,4.588120041611003e-15,4.588106057085101e-15,4.588092072802e-15,4.588078088761704e-15,4.588064104964198e-15,4.5880501214095154e-15,4.588036138097602e-15,4.58802215502846e-15,4.588008172202099e-15,4.587994189618502e-15,4.587980207277669e-15,4.587966225179612e-15,4.587952243324298e-15,4.587938261711744e-15,4.587924280341917e-15,4.587910299214838e-15,4.587896318306815e-15,4.587882337673563e-15,4.587868357261756e-15,4.587854377113343e-15,4.587840397183021e-15,4.587826417512275e-15,4.587812438084228e-15,4.587798458898887e-15,4.587784479956241e-15,4.5877705012562996e-15,4.587756522799059e-15,4.5877425445844685e-15,4.587728566612581e-15,4.587714588883342e-15,4.58770061139678e-15,4.587686634152874e-15,4.587672657151656e-15,4.587658680393075e-15,4.587644703877138e-15,4.587630727602549e-15,4.58761675157321e-15,4.587602775785201e-15,4.58758880023982e-15,4.587574824935838e-15,4.587560849875688e-15,4.587546875058173e-15,4.587532900483266e-15,4.5875189261509475e-15,4.5875049520612245e-15,4.587490978214108e-15,4.587477004609576e-15,4.587463031247641e-15,4.587449058128287e-15,4.587435085251494e-15,4.5874211126172556e-15,4.5874071402255936e-15,4.5873931680765015e-15,4.587379196169977e-15,4.587365224505991e-15,4.587351253084537e-15,4.587337281905649e-15,4.5873233109692805e-15,4.5873093402754656e-15,4.587295369824148e-15,4.587281399615375e-15,4.587267429649105e-15,4.587253459925354e-15,4.587239490444116e-15,4.587225521205382e-15,4.5872115522091414e-15,4.587197583455396e-15,4.5871836149441485e-15,4.587169646675367e-15,4.5871556786490664e-15,4.587141710865228e-15,4.587127743323854e-15,4.58711377601431e-15,4.587099808972804e-15,4.587085842158848e-15,4.587071875587313e-15,4.587057909259328e-15,4.587043943173939e-15,4.587029977329966e-15,4.587016011728439e-15,4.587002046369332e-15,4.586988081252656e-15,4.58697411637839e-15,4.586960151746515e-15,4.586946187356836e-15,4.586932223209539e-15,4.5869182593046344e-15,4.5869042956420985e-15,4.5868903322219425e-15,4.58687636904418e-15,4.5868624061087875e-15,4.586848443414866e-15,4.586834480963843e-15,4.586820518755526e-15,4.586806556789559e-15,4.5867925950659646e-15,4.586778633584716e-15,4.586764672345821e-15,4.58675071137386e-15,4.5867367506476176e-15,4.586722790135721e-15,4.586708829866153e-15,4.586694869838885e-15,4.586680910053924e-15,4.58666695050984e-15,4.586652991209509e-15,4.586639032151465e-15,4.586625073335719e-15,4.586611114762222e-15,4.5865971564310344e-15,4.58658319838486e-15,4.58656924053822e-15,4.5865552829338354e-15,4.586541325571729e-15,4.586527368451877e-15,4.586513411574288e-15,4.586499454938937e-15,4.586485498545833e-15,4.586471542394963e-15,4.586457586486349e-15,4.586443630819941e-15,4.586429675395759e-15,4.5864157202138145e-15,4.586401765274073e-15,4.586387810576554e-15,4.586373856121224e-15,4.586359901908091e-15,4.5863459479380075e-15,4.586331994209264e-15,4.586318040722727e-15,4.586304087478359e-15,4.586290134476162e-15,4.586276181716133e-15,4.5862622291982855e-15,4.5862482769226065e-15,4.586234324889086e-15,4.586220373097706e-15,4.586206421547775e-15,4.5861924702401956e-15,4.5861785191752256e-15,4.586164568352398e-15,4.586150617771709e-15,4.586136667433144e-15,4.586122717336715e-15,4.5861087674823695e-15,4.58609481787013e-15,4.586080868499999e-15,4.586066919371974e-15,4.586052970486026e-15,4.586039021842179e-15,4.586025073440409e-15,4.586011125280724e-15,4.5859971773630846e-15,4.585983229687533e-15,4.5859692822540635e-15,4.585955335062648e-15,4.5859413881132895e-15,4.585927441405977e-15,4.585913494940708e-15,4.5858995487174975e-15,4.585885602736306e-15,4.585871656997125e-15,4.585857711499992e-15,4.585843766244874e-15,4.585829821231777e-15,4.5858158764606974e-15,4.585801931941493e-15,4.5857879876517775e-15,4.585774043606689e-15,4.585760099802987e-15,4.585746156240229e-15,4.5857322129210826e-15,4.5857182698439264e-15,4.585704327010174e-15,4.585690384416965e-15,4.585676442862948e-15,4.585662500753663e-15,4.585648558886308e-15,4.585634617260907e-15,4.5856206758774465e-15,4.585606734735929e-15,4.585592793836346e-15,4.5855788531786764e-15,4.585564912762935e-15,4.585550972703994e-15,4.585537032958147e-15,4.585523093266598e-15,4.585509153818505e-15,4.585495214656522e-15,4.585481275692209e-15,4.5854673369698e-15,4.585453398488729e-15,4.585439460248123e-15,4.585425522251365e-15,4.5854115844964884e-15,4.585397646983449e-15,4.585383709712255e-15,4.585369772682928e-15,4.585355835895447e-15,4.585341899349837e-15,4.58532796304606e-15,4.5853140269841055e-15,4.585300091169241e-15,4.5852861555909624e-15,4.585272220252895e-15,4.585258285128706e-15,4.585244350275742e-15,4.58523041566466e-15,4.585216481295444e-15,4.585202547161795e-15,4.585188613276156e-15,4.585174679632311e-15,4.5851607462302345e-15,4.5851468130699585e-15,4.585132880151435e-15,4.585118947474682e-15,4.585105015039692e-15,4.585091082846469e-15,4.585077150894989e-15,4.585063219185269e-15,4.585049287717312e-15,4.58503535649107e-15,4.585021425506569e-15,4.585007494763787e-15,4.5849935642627185e-15,4.584979634003401e-15,4.584965703985801e-15,4.584951774209904e-15,4.584937844675709e-15,4.584923915383207e-15,4.5849099863324245e-15,4.584896057523314e-15,4.584882128955891e-15,4.584868200630163e-15,4.584854272546097e-15,4.584840344703702e-15,4.584826417102985e-15,4.584812489743917e-15,4.584798562626527e-15,4.584784635750758e-15,4.584770709139178e-15,4.584756782746693e-15,4.584742856602986e-15,4.584728930693771e-15,4.584715005026212e-15,4.5847010796002695e-15,4.584687154415922e-15,4.584673229473207e-15,4.584659304772105e-15,4.584645380312599e-15,4.584631456096189e-15,4.584617532129531e-15,4.584603608394895e-15,4.584589684901975e-15,4.584575761650427e-15,4.584561838640419e-15,4.584547915871988e-15,4.584533993345114e-15,4.584520071059797e-15,4.584506149016046e-15,4.584492227207383e-15,4.5844783056581484e-15,4.584464384315446e-15,4.584450463237854e-15,4.584436542407234e-15,4.584422621814442e-15,4.5844087014610865e-15,4.58439478134962e-15,4.584380861479642e-15,4.584366941851218e-15,4.584353022464274e-15,4.584339103318812e-15,4.584325184414843e-15,4.5843112657523685e-15,4.584297347279393e-15,4.584283429099885e-15,4.5842695111623526e-15,4.584255593465645e-15,4.5842416759082694e-15,4.584227758586103e-15,4.5842138416139215e-15,4.584199924848807e-15,4.58418600837334e-15,4.584172092126609e-15,4.584158176120177e-15,4.584144260355163e-15,4.584130344831491e-15,4.5841164295493355e-15,4.584102514508586e-15,4.5840885997049015e-15,4.584074685146949e-15,4.584060770830487e-15,4.5840468567553376e-15,4.584032942956946e-15,4.584019029364576e-15,4.584005116013571e-15,4.5839912029039535e-15,4.583977290035729e-15,4.583963377408842e-15,4.583949465023405e-15,4.583935552876026e-15,4.5839216409519645e-15,4.58390772929053e-15,4.583893817870404e-15,4.583879906691693e-15,4.5838659957542654e-15,4.583852085058156e-15,4.583838174601574e-15,4.583824264388141e-15,4.583810354175119e-15,4.5837964444442734e-15,4.583782534954721e-15,4.583768625706461e-15,4.58375471669951e-15,4.583740807933843e-15,4.5837268994094775e-15,4.583712991126396e-15,4.5836990830845795e-15,4.583685175284025e-15,4.5836712677247346e-15,4.583657360406719e-15,4.583643453329944e-15,4.583629546494432e-15,4.583615639900145e-15,4.583601733547093e-15,4.583587827435282e-15,4.5835739214072534e-15,4.583560015777917e-15,4.583546110389803e-15,4.583532205230906e-15,4.5835183003251924e-15,4.5835043956606785e-15,4.583490491243912e-15,4.583476587061813e-15,4.583462683120919e-15,4.583448779421206e-15,4.5834348759626654e-15,4.583420972729605e-15,4.5834070697376105e-15,4.583393166986691e-15,4.583379264476782e-15,4.5833653622078965e-15,4.583351460180032e-15,4.583337558393071e-15,4.583323656847011e-15,4.583309755541868e-15,4.583295854477469e-15,4.583281953653794e-15,4.583268053070784e-15,4.5832541527282665e-15,4.5832402526263e-15,4.583226352764958e-15,4.5832124531593226e-15,4.583198553787704e-15,4.583184654669624e-15,4.583170755792648e-15,4.583156857156753e-15,4.583142958761938e-15,4.58312906060821e-15,4.583115162694798e-15,4.583101264825471e-15,4.5830873673949625e-15,4.583073470592521e-15,4.583059573640663e-15,4.583045676933287e-15,4.583031780466946e-15,4.583017884241626e-15,4.583003988257361e-15,4.582990092925691e-15,4.5829761974234565e-15,4.582962302162215e-15,4.5829484071420125e-15,4.582934512362832e-15,4.582920617824663e-15,4.582906723527466e-15,4.5828928294712605e-15,4.5828789356426844e-15,4.5828650420684615e-15,4.582851148652502e-15,4.582837255560213e-15,4.582823362708891e-15,4.582809470102384e-15,4.5827955777330025e-15,4.582781685604518e-15,4.582767793717052e-15,4.582753902065435e-15,4.582740010659867e-15,4.582726119495239e-15,4.582712228571525e-15,4.582698337889327e-15,4.582684447447531e-15,4.582670557246582e-15,4.582656667290523e-15,4.582642777571398e-15,4.582628888093152e-15,4.582614998855821e-15,4.582601109857648e-15,4.5825872211006376e-15,4.582573332585961e-15,4.5825594443121695e-15,4.582545556279255e-15,4.58253166848721e-15,4.582517780939738e-15,4.582503893628615e-15,4.5824900065580745e-15,4.582476119729459e-15,4.5824622331417075e-15,4.582448346794796e-15,4.582434460688702e-15,4.58242057482345e-15,4.582406689199025e-15,4.582392803815408e-15,4.5823789186725714e-15,4.582365033770559e-15,4.582351149109372e-15,4.582337264688989e-15,4.582323380509381e-15,4.582309496570562e-15,4.58229561269527e-15,4.582281729607774e-15,4.582267846391344e-15,4.582253963415652e-15,4.582240080672172e-15,4.582226198177995e-15,4.582212315924578e-15,4.582198433911922e-15,4.5821845521349935e-15,4.582170670585203e-15,4.582156789277212e-15,4.5821429082106254e-15,4.5821290273905345e-15,4.582115146822294e-15,4.582101266468672e-15,4.582087386381851e-15,4.5820735065357324e-15,4.58205962693033e-15,4.582045747565642e-15,4.582031868441643e-15,4.582017989558338e-15,4.582004110915724e-15,4.5819902325137984e-15,4.581976354336153e-15,4.581962476415628e-15,4.581948598735759e-15,4.581934721296539e-15,4.581920844097974e-15,4.581906967140029e-15,4.581893090422742e-15,4.581879213959742e-15,4.5818653377237084e-15,4.581851461728316e-15,4.581837585970934e-15,4.581823710456799e-15,4.581809835183334e-15,4.581795960150431e-15,4.581782085358138e-15,4.581768210806438e-15,4.581754336495328e-15,4.5817404624247794e-15,4.581726588594828e-15,4.581712715005475e-15,4.581698841656702e-15,4.581684968548505e-15,4.581671095680886e-15,4.581657223053811e-15,4.581643350667311e-15,4.581629478521354e-15,4.581615606615968e-15,4.5816017349516994e-15,4.581587863527457e-15,4.581573992343671e-15,4.5815601214004255e-15,4.5815462506976965e-15,4.581532380235468e-15,4.581518510013793e-15,4.581504640032629e-15,4.581490770291954e-15,4.581476900794484e-15,4.581463031277151e-15,4.5814491622580225e-15,4.58143529347065e-15,4.581421424932427e-15,4.581407556635188e-15,4.581393688595272e-15,4.5813798207962095e-15,4.581365953219882e-15,4.581352085884018e-15,4.581338218788938e-15,4.581324351934064e-15,4.581310485319602e-15,4.5812966189455315e-15,4.581282752811897e-15,4.581268886918682e-15,4.581255021265913e-15,4.581241155853546e-15,4.581227290681593e-15,4.581213425818594e-15,4.581199561128592e-15,4.581185696662216e-15,4.5811718324518475e-15,4.581157968460397e-15,4.5811441047308006e-15,4.581130241248106e-15,4.5811163779992796e-15,4.5811025149908585e-15,4.581088652222803e-15,4.5810747896950856e-15,4.581060927407724e-15,4.581047065360745e-15,4.581033203602225e-15,4.5810193420359125e-15,4.581005480696446e-15,4.580991619610793e-15,4.5809777587654526e-15,4.580963898160458e-15,4.5809500378048656e-15,4.580936177680502e-15,4.58092231779644e-15,4.580908458152867e-15,4.58089459874942e-15,4.580880739586273e-15,4.580866880663415e-15,4.580853021980848e-15,4.580839163539023e-15,4.58082530533699e-15,4.5808114473752335e-15,4.580797589636494e-15,4.580783732087793e-15,4.580769874846822e-15,4.5807560179017955e-15,4.580742161141327e-15,4.58072830460881e-15,4.580714448315327e-15,4.5807005922762735e-15,4.5806867364767505e-15,4.580672880914151e-15,4.580659025592699e-15,4.580645170454117e-15,4.580631315615441e-15,4.580617461016993e-15,4.5806036066492885e-15,4.580589752531231e-15,4.5805758986533725e-15,4.5805620450156795e-15,4.580548192010449e-15,4.58053433885299e-15,4.580520485942824e-15,4.580506633265833e-15,4.5804927808289925e-15,4.5804789286323045e-15,4.580465076675771e-15,4.580451224959496e-15,4.580437373487259e-15,4.580423522243274e-15,4.580409671247284e-15,4.5803958205003934e-15,4.580381969984658e-15,4.5803681197090226e-15,4.580354269670939e-15,4.580340419878058e-15,4.580326570322784e-15,4.580312721004653e-15,4.5802988719309754e-15,4.5802850230959645e-15,4.580271174501444e-15,4.580257326146628e-15,4.58024347803185e-15,4.580229630157107e-15,4.580215782522448e-15,4.580201935127964e-15,4.580188087973412e-15,4.580174241058918e-15,4.580160394384472e-15,4.5801465479500565e-15,4.580132701755677e-15,4.580118855801332e-15,4.580105010087024e-15,4.580091164612728e-15,4.580077319378462e-15,4.580063474384203e-15,4.5800496296299075e-15,4.58003578511565e-15,4.58002194084139e-15,4.580008096807113e-15,4.579994253012825e-15,4.5799804094585194e-15,4.579966566144189e-15,4.579952723069823e-15,4.579938880235432e-15,4.5799250376409954e-15,4.579911195286515e-15,4.579897353171994e-15,4.579883511297423e-15,4.5798696696628086e-15,4.579855828268111e-15,4.579841987113366e-15,4.579828146198543e-15,4.579814305523646e-15,4.579800465088672e-15,4.579786624893606e-15,4.579772784938462e-15,4.579758945223212e-15,4.579745105747873e-15,4.579731266512406e-15,4.5797174275168346e-15,4.579703588761171e-15,4.57968975024537e-15,4.579675911969438e-15,4.579662073933383e-15,4.579648236137183e-15,4.579634398580847e-15,4.5796205612643925e-15,4.579606724187773e-15,4.57959288735103e-15,4.579579050754118e-15,4.5795652143970575e-15,4.579551378279809e-15,4.579537542402408e-15,4.579523706764809e-15,4.579509871367018e-15,4.579496036209056e-15,4.5794822012908884e-15,4.579468366612532e-15,4.579454532173983e-15,4.579440697975223e-15,4.579426864016251e-15,4.579413030297074e-15,4.579399196817668e-15,4.579385363578045e-15,4.579371530578192e-15,4.579357697818099e-15,4.579343865297756e-15,4.579330033017202e-15,4.579316200976381e-15,4.579302369175303e-15,4.579288537613979e-15,4.579274706292389e-15,4.579260875210536e-15,4.579247044368398e-15,4.5792332137659875e-15,4.579219383403285e-15,4.579205553280302e-15,4.5791917233970234e-15,4.579177893753457e-15,4.5791640643495646e-15,4.579150235185376e-15,4.579136406260897e-15,4.579122577576103e-15,4.579108749130968e-15,4.5790949209255365e-15,4.5790810929597415e-15,4.579067265233638e-15,4.5790534377472116e-15,4.579039610500435e-15,4.5790257834932825e-15,4.5790119567257814e-15,4.578998130197928e-15,4.578984303909702e-15,4.578970477861103e-15,4.578956652052134e-15,4.578942826482803e-15,4.578929001153081e-15,4.578915176062985e-15,4.578901351212489e-15,4.578887526601593e-15,4.578873702230303e-15,4.578859878098608e-15,4.578846054206508e-15,4.578832230553972e-15,4.578818407141023e-15,4.5788045839676376e-15,4.578790761033834e-15,4.578776938339584e-15,4.578763115884911e-15,4.578749293669778e-15,4.578735471694177e-15,4.578721649958141e-15,4.5787078284616386e-15,4.578694007204675e-15,4.578680186187231e-15,4.57866636540933e-15,4.578652544870949e-15,4.578638724572058e-15,4.5786249045127105e-15,4.5786110846928604e-15,4.5785972651125085e-15,4.578583445771662e-15,4.578569626670317e-15,4.578555807808453e-15,4.578541989186073e-15,4.578528170803153e-15,4.578514352659718e-15,4.578500534755746e-15,4.57848671709125e-15,4.578472899666214e-15,4.578459082480639e-15,4.578445265534504e-15,4.57843144882781e-15,4.5784176323605665e-15,4.5784038161327314e-15,4.578390000144327e-15,4.578376184395357e-15,4.5783623688858256e-15,4.578348553615697e-15,4.5783347385849755e-15,4.578320923793661e-15,4.578307109241753e-15,4.578293294929243e-15,4.578279480856119e-15,4.578265667022373e-15,4.578251853428019e-15,4.5782380400730205e-15,4.5782242269574066e-15,4.5782104140811725e-15,4.578196601444297e-15,4.578182789046791e-15,4.578168976888636e-15,4.578155164969855e-15,4.578141353290389e-15,4.578127541850268e-15,4.578113730649502e-15,4.5780999196880355e-15,4.57808610896589e-15,4.578072298483073e-15,4.578058488239573e-15,4.5780446782353675e-15,4.578030868470474e-15,4.578017058944884e-15,4.578003249658592e-15,4.577989440611597e-15,4.577975631803885e-15,4.5779618232354606e-15,4.5779480149063004e-15,4.577934206816421e-15,4.577920398965812e-15,4.577906591354459e-15,4.577892783982353e-15,4.577878976849514e-15,4.577865169955909e-15,4.577851363301548e-15,4.5778375568864345e-15,4.577823750710544e-15,4.5778099447738945e-15,4.5777961390764666e-15,4.577782333618259e-15,4.577768528399283e-15,4.577754723419522e-15,4.577740918678975e-15,4.5777271141776165e-15,4.5777133099154335e-15,4.577699505892442e-15,4.577685702108634e-15,4.5776718985640315e-15,4.577658095258586e-15,4.577644292192311e-15,4.57763048936523e-15,4.5776166867772865e-15,4.577602884428492e-15,4.577589082318854e-15,4.577575280448372e-15,4.577561478817035e-15,4.57754767742483e-15,4.577533876271758e-15,4.577520075357822e-15,4.5775062746830124e-15,4.577492474247317e-15,4.577478674050738e-15,4.577464874093249e-15,4.577451074374889e-15,4.577437274895622e-15,4.577423475655455e-15,4.5774096766543806e-15,4.577395877892382e-15,4.577382079369464e-15,4.577368281085631e-15,4.5773544830408664e-15,4.577340685235155e-15,4.5773268876685125e-15,4.5773130903409185e-15,4.5772992932523826e-15,4.577285496402897e-15,4.577271699792451e-15,4.577257903421037e-15,4.5772441072886774e-15,4.57723031139532e-15,4.577216515741e-15,4.5772027203256866e-15,4.577188925149406e-15,4.5771751302121066e-15,4.577161335513831e-15,4.577147541054555e-15,4.577133746834283e-15,4.577119952852997e-15,4.577106159110676e-15,4.577092365607363e-15,4.577078572343004e-15,4.577064779317615e-15,4.577050986531183e-15,4.577037193983723e-15,4.5770234016752145e-15,4.577009609605659e-15,4.5769958177750415e-15,4.57698202618339e-15,4.576968234830672e-15,4.576954443716885e-15,4.5769406528420225e-15,4.5769268622060785e-15,4.576913071809053e-15,4.5768992816509455e-15,4.576885491731746e-15,4.576871702051455e-15,4.576857912610053e-15,4.576844123407579e-15,4.5768303344439854e-15,4.576816545719265e-15,4.576802757233413e-15,4.57678896898645e-15,4.576775180978372e-15,4.576761393209139e-15,4.576747605678783e-15,4.5767338183872676e-15,4.5767200313346035e-15,4.576706244520767e-15,4.576692457945777e-15,4.576678671609636e-15,4.576664885512339e-15,4.576651099653857e-15,4.576637314034183e-15,4.57662352865335e-15,4.576609743511326e-15,4.5765959586081096e-15,4.576582173943695e-15,4.57656838951808e-15,4.576554605331274e-15,4.5765408213832446e-15,4.576527037674004e-15,4.576513254203539e-15,4.576499470971852e-15,4.57648568797893e-15,4.576471905224784e-15,4.576458122709382e-15,4.576444340432734e-15,4.576430558394844e-15,4.5764167765957324e-15,4.576402995035325e-15,4.576389213713652e-15,4.576375432630714e-15,4.576361651786492e-15,4.576347871181022e-15,4.576334090814272e-15,4.576320310686204e-15,4.576306530796862e-15,4.576292751146212e-15,4.576278971734274e-15,4.576265192561027e-15,4.5762514136264755e-15,4.57623763493061e-15,4.576223856473407e-15,4.5762100782548995e-15,4.576196300275045e-15,4.576182522533856e-15,4.576168745031322e-15,4.5761549677674565e-15,4.576141190742241e-15,4.576127413955682e-15,4.576113637407749e-15,4.5760998610984616e-15,4.576086085027799e-15,4.576072309195777e-15,4.576058533602354e-15,4.57604475824755e-15,4.576030983131369e-15,4.576017208253809e-15,4.576003433614825e-15,4.575989659214442e-15,4.575975885052651e-15,4.575962111129434e-15,4.575948337444816e-15,4.575934563998784e-15,4.575920790791315e-15,4.5759070178224145e-15,4.57589324509208e-15,4.575879472600325e-15,4.5758657003471e-15,4.575851928332443e-15,4.575838156556338e-15,4.5758243850187554e-15,4.575810613719723e-15,4.575796842659218e-15,4.575783071837252e-15,4.575769301253813e-15,4.575755530908878e-15,4.575741760802458e-15,4.575727990934528e-15,4.575714221305117e-15,4.575700451914218e-15,4.575686682761804e-15,4.575672913847881e-15,4.575659145172418e-15,4.575645376735442e-15,4.5756316085369536e-15,4.575617840576932e-15,4.575604072855382e-15,4.575590305372297e-15,4.575576538127665e-15,4.575562771121474e-15,4.575549004353746e-15,4.575535237824445e-15,4.575521471533594e-15,4.575507705481155e-15,4.575493939667154e-15,4.575480174091575e-15,4.575466408754422e-15,4.5754526436556715e-15,4.575438878795339e-15,4.5754251141733885e-15,4.575411349789808e-15,4.575397585644643e-15,4.5753838217378644e-15,4.575370058069469e-15,4.575356294639436e-15,4.575342531447837e-15,4.575328768494592e-15,4.575315005779719e-15,4.575301243303198e-15,4.575287481065026e-15,4.5752737190651975e-15,4.575259957303707e-15,4.575246195780578e-15,4.575232434495779e-15,4.575218673449285e-15,4.5752049126411085e-15,4.57519115207128e-15,4.575177391739765e-15,4.5751636316465705e-15,4.575149871791685e-15,4.575136112175103e-15,4.575122352796798e-15,4.575108593656802e-15,4.575094834755091e-15,4.5750810760916675e-15,4.575067317666546e-15,4.575053559479693e-15,4.575039801531086e-15,4.575026043820763e-15,4.575012286348678e-15,4.574998529114838e-15,4.574984772119259e-15,4.574971015361944e-15,4.574957258842857e-15,4.5749435025620004e-15,4.574929746519365e-15,4.574915990714966e-15,4.574902235148782e-15,4.5748884798208205e-15,4.574874724731076e-15,4.574860969879546e-15,4.5748472152662e-15,4.574833460891044e-15,4.5748197067540935e-15,4.574805952855332e-15,4.574792199194769e-15,4.5747784457723824e-15,4.574764692588173e-15,4.574750939642123e-15,4.574737186934231e-15,4.5747234344645185e-15,4.574709682232959e-15,4.574695930239552e-15,4.574682178484282e-15,4.574668426967183e-15,4.574654675688176e-15,4.574640924647316e-15,4.574627173844586e-15,4.574613423279976e-15,4.574599672953496e-15,4.574585922865105e-15,4.574572173014835e-15,4.574558423402653e-15,4.574544674028564e-15,4.57453092489259e-15,4.574517175994693e-15,4.574503427334884e-15,4.574489678913149e-15,4.574475930729479e-15,4.574462182783882e-15,4.5744484350763494e-15,4.574434687606876e-15,4.5744209403754565e-15,4.574407193382108e-15,4.5743934466268055e-15,4.5743797001095365e-15,4.574365953830298e-15,4.574352207789096e-15,4.574338461985907e-15,4.574324716420731e-15,4.5743109710936024e-15,4.574297226004485e-15,4.574283481153362e-15,4.574269736540242e-15,4.574255992165133e-15,4.574242248028007e-15,4.5742285041288574e-15,4.574214760467695e-15,4.574201017044519e-15,4.574187273859306e-15,4.574173530912063e-15,4.574159788202775e-15,4.574146045731458e-15,4.57413230349812e-15,4.574118561502706e-15,4.574104819745256e-15,4.5740910782257555e-15,4.574077336944153e-15,4.574063595900502e-15,4.574049855094793e-15,4.574036114526998e-15,4.574022374197111e-15,4.574008634105151e-15,4.573994894251108e-15,4.573981154634963e-15,4.573967415256724e-15,4.573953676116363e-15,4.5739399372138825e-15,4.573926198549289e-15,4.573912460122577e-15,4.5738987219337346e-15,4.573884983982771e-15,4.5738712462696615e-15,4.5738575087944125e-15,4.573843771557017e-15,4.573830034557463e-15,4.57381629779576e-15,4.573802561271912e-15,4.5737888249858825e-15,4.5737750889376915e-15,4.573761353127326e-15,4.573747617554793e-15,4.5737338822200624e-15,4.573720147123158e-15,4.57370641226407e-15,4.573692677642777e-15,4.573678943259289e-15,4.57366520911358e-15,4.573651475205677e-15,4.573637741535544e-15,4.573624008103219e-15,4.5736102749086425e-15,4.573596541951856e-15,4.573582809232822e-15,4.5735690767515466e-15,4.573555344508056e-15,4.5735416125023065e-15,4.573527880734287e-15,4.573514149204006e-15,4.573500417911452e-15,4.573486686856643e-15,4.573472956039561e-15,4.573459225460203e-15,4.5734454951185715e-15,4.573431765014647e-15,4.573418035148424e-15,4.573404305519897e-15,4.573390576129071e-15,4.573376846975945e-15,4.5733631180604845e-15,4.573349389382715e-15,4.573335660942653e-15,4.573321932740266e-15,4.573308204775534e-15,4.573294477048457e-15,4.573280749559055e-15,4.573267022307277e-15,4.573253295293174e-15,4.573239568516716e-15,4.5732258419778915e-15,4.573212115676711e-15,4.573198389613153e-15,4.573184663787237e-15,4.573170938198957e-15,4.5731572128482904e-15,4.573143487735216e-15,4.573129762859765e-15,4.573116038221912e-15,4.573102313821654e-15,4.573088589659016e-15,4.573074865733966e-15,4.573061142046495e-15,4.573047418596606e-15,4.5730336953842796e-15,4.5730199724095215e-15,4.573006249672316e-15,4.572992527172682e-15,4.5729788049106045e-15,4.572965082886084e-15,4.572951361099084e-15,4.572937639549651e-15,4.572923918237779e-15,4.572910197163422e-15,4.572896476326601e-15,4.572882755727297e-15,4.572869035365505e-15,4.572855315241225e-15,4.5728415953544534e-15,4.57282787570518e-15,4.572814156293416e-15,4.572800437119143e-15,4.572786718182347e-15,4.572772999483037e-15,4.572759281021212e-15,4.572745562796849e-15,4.572731844809969e-15,4.572718127060569e-15,4.5727044095486125e-15,4.572690692274135e-15,4.572676975237095e-15,4.572663258437505e-15,4.572649541875365e-15,4.572635825550657e-15,4.5726221094633704e-15,4.572608393613512e-15,4.572594678001098e-15,4.5725809626261105e-15,4.572567247488531e-15,4.57255353258835e-15,4.5725398179255735e-15,4.5725261035001885e-15,4.5725123893121995e-15,4.5724986753616086e-15,4.572484961648414e-15,4.572471248172587e-15,4.572457534934149e-15,4.5724438219330625e-15,4.572430109169347e-15,4.572416396642996e-15,4.57240268435399e-15,4.572388972302335e-15,4.572375260488036e-15,4.572361548911068e-15,4.572347837571445e-15,4.572334126469178e-15,4.5723204156042186e-15,4.572306704976585e-15,4.572292994586281e-15,4.572279284433301e-15,4.572265574517602e-15,4.572251864839213e-15,4.572238155398139e-15,4.57222444619436e-15,4.572210737227888e-15,4.572197028498676e-15,4.572183320006745e-15,4.572169611752091e-15,4.572155903734725e-15,4.5721421959545964e-15,4.57212848841174e-15,4.572114781106135e-15,4.572101074037786e-15,4.57208736720669e-15,4.572073660612841e-15,4.572059954256246e-15,4.572046248136886e-15,4.572032542254755e-15,4.5720188366098355e-15,4.572005131202132e-15,4.571991426031647e-15,4.571977721098372e-15,4.571964016402299e-15,4.571950311943443e-15,4.571936607721759e-15,4.571922903737287e-15,4.571909199990002e-15,4.57189549647989e-15,4.5718817932069445e-15,4.5718680901711704e-15,4.5718543873725815e-15,4.57184068481115e-15,4.57182698248688e-15,4.571813280399774e-15,4.571799578549814e-15,4.571785876937001e-15,4.571772175561307e-15,4.571758474422736e-15,4.5717447735213066e-15,4.571731072857015e-15,4.571717372429863e-15,4.571703672239795e-15,4.571689972286841e-15,4.571676272570991e-15,4.571662573092249e-15,4.571648873850616e-15,4.571635174846047e-15,4.5716214760785855e-15,4.5716077775481846e-15,4.571594079254886e-15,4.571580381198655e-15,4.571566683379502e-15,4.571552985797398e-15,4.571539288452379e-15,4.571525591344407e-15,4.571511894473458e-15,4.571498197839558e-15,4.5714845014426884e-15,4.5714708052828555e-15,4.571457109360054e-15,4.571443413674261e-15,4.571429718225531e-15,4.5714160230137985e-15,4.5714023280390784e-15,4.571388633301391e-15,4.571374938800694e-15,4.571361244536985e-15,4.571347550510262e-15,4.5713338567205184e-15,4.571320163167773e-15,4.571306469851992e-15,4.571292776773176e-15,4.571279083931352e-15,4.571265391326482e-15,4.571251698958579e-15,4.571238006827613e-15,4.571224314933608e-15,4.5712106232765545e-15,4.5711969318564275e-15,4.5711832406732364e-15,4.571169549726986e-15,4.571155859017676e-15,4.571142168545284e-15,4.571128478309784e-15,4.5711147883111925e-15,4.571101098549508e-15,4.5710874090247395e-15,4.571073719736874e-15,4.571060030685898e-15,4.571046341871803e-15,4.5710326532946065e-15,4.57101896495429e-15,4.571005276850841e-15,4.570991588984235e-15,4.5709779013545084e-15,4.570964213961648e-15,4.570950526805655e-15,4.570936839886504e-15,4.570923153204192e-15,4.57090946675871e-15,4.570895780550087e-15,4.570882094578287e-15,4.570868408843317e-15,4.570854723345155e-15,4.570841038083812e-15,4.570827353059287e-15,4.570813668271579e-15,4.57079998372067e-15,4.5707862994065535e-15,4.570772615329243e-15,4.570758931488709e-15,4.5707452478849626e-15,4.570731564517996e-15,4.570717881387802e-15,4.570704198494394e-15,4.570690515837746e-15,4.570676833417848e-15,4.5706631512347174e-15,4.570649469288328e-15,4.570635787578696e-15,4.5706221061058044e-15,4.57060842486965e-15,4.570594743870216e-15,4.57058106310753e-15,4.570567382581549e-15,4.570553702292291e-15,4.570540022239741e-15,4.570526342423887e-15,4.570512662844751e-15,4.570498983502335e-15,4.570485304396587e-15,4.570471625527533e-15,4.570457946895158e-15,4.57044426849946e-15,4.570430590340455e-15,4.570416912418117e-15,4.5704032347324386e-15,4.570389557283404e-15,4.5703758800710226e-15,4.570362203095303e-15,4.570348526356242e-15,4.570334849853841e-15,4.5703211735880544e-15,4.57030749755891e-15,4.5702938217663965e-15,4.570280146210505e-15,4.570266470891211e-15,4.570252795808571e-15,4.57023912096252e-15,4.570225446353079e-15,4.570211771980222e-15,4.570198097843989e-15,4.570184423944326e-15,4.5701707502812555e-15,4.5701570768547814e-15,4.570143403664869e-15,4.5701297307115194e-15,4.570116057994747e-15,4.570102385514542e-15,4.570088713270904e-15,4.570075041263796e-15,4.570061369493239e-15,4.570047697959218e-15,4.570034026661743e-15,4.570020355600831e-15,4.570006684776433e-15,4.569993014188535e-15,4.569979343837183e-15,4.5699656737223305e-15,4.569952003843982e-15,4.5699383342021695e-15,4.569924664796832e-15,4.5699109956280034e-15,4.5698973266956566e-15,4.5698836579997976e-15,4.56986998954042e-15,4.569856321317525e-15,4.5698426533310966e-15,4.569828985581136e-15,4.569815318067633e-15,4.569801650790611e-15,4.5697879837500255e-15,4.569774316945912e-15,4.569760650378225e-15,4.569746984046985e-15,4.569733317952175e-15,4.5697196520937975e-15,4.5697059864718265e-15,4.569692321086306e-15,4.569678655937183e-15,4.569664991024493e-15,4.569651326348204e-15,4.569637661908319e-15,4.569623997704807e-15,4.569610333737699e-15,4.5695966700069875e-15,4.569583006538928e-15,4.569569343307425e-15,4.569555680312448e-15,4.569542017554008e-15,4.5695283550320824e-15,4.5695146927466815e-15,4.569501030697773e-15,4.5694873688853834e-15,4.569473707309504e-15,4.569460045970089e-15,4.56944638486716e-15,4.5694327240007e-15,4.569419063370724e-15,4.5694054029772055e-15,4.569391742820118e-15,4.569378082899527e-15,4.569364423215325e-15,4.569350763767585e-15,4.569337104556279e-15,4.5693234455814095e-15,4.569309786842951e-15,4.5692961283409074e-15,4.569282470075277e-15,4.56926881204603e-15,4.569255154253164e-15,4.569241496696689e-15,4.569227839376583e-15,4.569214182292857e-15,4.569200525445525e-15,4.569186868834539e-15,4.5691732124599115e-15,4.56915955632164e-15,4.569145900419692e-15,4.569132244754082e-15,4.569118589324794e-15,4.569104934131816e-15,4.5690912791751876e-15,4.569077624454833e-15,4.569063969970787e-15,4.569050315723069e-15,4.569036661680152e-15,4.569023007873419e-15,4.569009354302871e-15,4.568995700968529e-15,4.568982047870367e-15,4.5689683950083675e-15,4.5689547423825376e-15,4.5689410899928666e-15,4.56892743783936e-15,4.568913785922006e-15,4.5689001342408016e-15,4.568886482795732e-15,4.568872831586788e-15,4.568859180613981e-15,4.5688455298772975e-15,4.568831879376758e-15,4.568818229112321e-15,4.56880457908399e-15,4.568790929291778e-15,4.568777279735674e-15,4.568763630415698e-15,4.568749981331809e-15,4.568736332483984e-15,4.5687226838722674e-15,4.5687090354966055e-15,4.568695387357011e-15,4.5686817394535115e-15,4.5686680917860676e-15,4.568654444354691e-15,4.568640797159375e-15,4.5686271502001245e-15,4.568613503476938e-15,4.568599856989786e-15,4.5685862107386604e-15,4.5685725647235724e-15,4.568558918944509e-15,4.568545273401486e-15,4.568531628094471e-15,4.568517983023455e-15,4.568504338188465e-15,4.568490693589472e-15,4.568477049226479e-15,4.56846340509951e-15,4.568449761208504e-15,4.568436117553478e-15,4.568422474134475e-15,4.568408830951451e-15,4.568395188004402e-15,4.5683815452933e-15,4.5683679028181726e-15,4.568354260579005e-15,4.568340618575792e-15,4.568326976808502e-15,4.568313335277169e-15,4.568299693981754e-15,4.568286052922296e-15,4.568272412098786e-15,4.568258771511216e-15,4.568245131159556e-15,4.56823149104381e-15,4.568217851163951e-15,4.5682042115200115e-15,4.568190572112003e-15,4.56817693293987e-15,4.568163294003633e-15,4.568149655303278e-15,4.568136016838811e-15,4.5681223786102165e-15,4.568108740617508e-15,4.5680951028606584e-15,4.568081465339683e-15,4.568067828054576e-15,4.568054191005315e-15,4.568040554191914e-15,4.56802691761434e-15,4.568013281272611e-15,4.56799964516673e-15,4.567986009296663e-15,4.567972373662422e-15,4.567958738264017e-15,4.567945103101427e-15,4.5679314681746474e-15,4.5679178334836696e-15,4.567904199028489e-15,4.567890564809115e-15,4.567876930825528e-15,4.567863297077723e-15,4.567849663565714e-15,4.567836030289469e-15,4.567822397249031e-15,4.567808764444352e-15,4.567795131875417e-15,4.567781499542257e-15,4.5677678674448536e-15,4.567754235583223e-15,4.567740603957327e-15,4.567726972567177e-15,4.567713341412755e-15,4.5676997104940846e-15,4.567686079810736e-15,4.567672449363099e-15,4.567658819151194e-15,4.567645189174984e-15,4.567631559434504e-15,4.567617929929708e-15,4.567604300660609e-15,4.5675906716272185e-15,4.5675770428295144e-15,4.567563414267512e-15,4.567549785941168e-15,4.567536157850481e-15,4.567522529995477e-15,4.567508902376135e-15,4.5674952749924745e-15,4.567481647844452e-15,4.567468020932082e-15,4.567454394255348e-15,4.567440767814278e-15,4.56742714160883e-15,4.567413515639008e-15,4.567399889904845e-15,4.5673862644062995e-15,4.567372639143369e-15,4.567359014116046e-15,4.567345389324335e-15,4.567331764768222e-15,4.56731814044772e-15,4.567304516362811e-15,4.5672908925134946e-15,4.567277268899758e-15,4.567263645521584e-15,4.567250022379007e-15,4.567236399472001e-15,4.567222776800578e-15,4.567209154364706e-15,4.567195532164381e-15,4.567181910199612e-15,4.5671682884711654e-15,4.567154666978222e-15,4.5671410457207815e-15,4.5671274246988525e-15,4.567113803912401e-15,4.567100183361412e-15,4.56708656304592e-15,4.567072942965894e-15,4.5670593231213055e-15,4.567045703512195e-15,4.567032084138531e-15,4.567018465000337e-15,4.567004846097584e-15,4.566991227430267e-15,4.566977608998376e-15,4.5669639908019186e-15,4.566950372840893e-15,4.566936755115281e-15,4.566923137625092e-15,4.566909520370298e-15,4.566895903350922e-15,4.5668822865669146e-15,4.566868670018306e-15,4.566855053705099e-15,4.566841437627298e-15,4.566827821784852e-15,4.566814206177778e-15,4.566800590806042e-15,4.566786975669674e-15,4.566773360768674e-15,4.5667597461030115e-15,4.566746131672681e-15,4.566732517477703e-15,4.5667189035180565e-15,4.566705289793739e-15
15,1.2174625679723881e-61,5.735478189935761e-61,1.5686491265086277e-60,3.318391987952631e-60,6.02612663890463e-60,9.887570386667811e-60,1.5092582537665065e-59,2.182687600876372e-59,3.0273343891746308e-59,4.061300389569865e-59,5.302564275730398e-59,6.769024565001259e-59,8.478527837302506e-59,1.0448887123527313e-58,1.269789382612626e-58,1.5243325421286932e-58,1.8102950425536585e-58,2.129453159405484e-58,2.4835827978597883e-58,2.8744596250837985e-58,3.303859155312589e-58,3.773556804524288e-58,4.285327925573545e-58,4.8409478307656384e-58,5.442191806358695e-58,6.0908351218804106e-58,6.78865303611253e-58,7.537420800934482e-58,8.338913663793471e-58,9.194906869290392e-58,1.0107175660197601e-57,1.1077495278113305e-57,1.21076409638819e-57,1.3199387957863697e-57,1.4354511500108118e-57,1.5574786830465073e-57,1.6861989188656207e-57,1.821789381432094e-57,1.964427594704588e-57,2.1142910826383482e-57,2.271557369186507e-57,2.4364039783007288e-57,2.609008433931811e-57,2.789548260029973e-57,2.9782009805450655e-57,3.1751441194266934e-57,3.380555200624333e-57,3.594611748087425e-57,3.8174912857650466e-57,4.049371337606574e-57,4.2904294275612583e-57,4.540843079578245e-57,4.800789817606823e-57,5.0704471655961126e-57,5.349992647495415e-57,5.639603787253853e-57,5.939458108820631e-57,6.249733136144973e-57,6.57060639317596e-57,6.902255403862836e-57,7.244857692154798e-57,7.598590782001015e-57,7.963632197350681e-57,8.340159462152985e-57,8.728350100357091e-57,9.128381635912198e-57,9.540431592767491e-57,9.964677494872141e-57,1.0401296866175354e-56,1.0850467230626357e-56,1.1312366112174236e-56,1.178717103476821e-56,1.2275059522357443e-56,1.27762090988912e-56,1.3290797288318645e-56,1.3819001614588927e-56,1.436099960165124e-56,1.4916968773454763e-56,1.54870866539487e-56,1.6071530767082247e-56,1.6670478636804568e-56,1.7284107787064853e-56,1.7912595741812282e-56,1.8556120024996058e-56,1.9214858160565351e-56,1.9888987672469331e-56,2.05786860846572e-56,2.128413092107812e-56,2.2005499705681306e-56,2.2742969962415914e-56,2.3496719215231175e-56,2.4266924988076237e-56,2.50537648049003e-56,2.585741618965255e-56,2.6678056666282375e-56,2.751586375873857e-56,2.837101499097061e-56,2.924368788692744e-56,3.0134059970558375e-56,3.104230876581259e-56,3.1968611796639317e-56,3.2913146586987725e-56,3.3876090660807006e-56,3.485762154204631e-56,3.585791675465487e-56,3.6877153822581824e-56,3.791551026977634e-56,3.8973163620187616e-56,4.005029139776481e-56,4.114707112645714e-56,4.226368033021378e-56,4.340029653298399e-56,4.455709725871686e-56,4.573426003136165e-56,4.693196237486748e-56,4.81503818131836e-56,4.938969587025916e-56,5.0650082070043315e-56,5.193171793648531e-56,5.323478099353413e-56,5.45594487651393e-56,5.590589877524978e-56,5.727430854781485e-56,5.866485560678363e-56,6.007771747610535e-56,6.1513071679729195e-56,6.297109574160432e-56,6.4451967185679975e-56,6.595586353590541e-56,6.748296231622949e-56,6.903344105060165e-56,7.060747726297096e-56,7.220524847728671e-56,7.382693221749806e-56,7.547270600755425e-56,7.714274737140431e-56,7.883723383299748e-56,8.0556342916282985e-56,8.230025214520996e-56,8.406913904372767e-56,8.58631811357851e-56,8.768255594533171e-56,8.952744099631664e-56,9.139801381268907e-56,9.329445191839805e-56,9.521693283739278e-56,9.716563409362256e-56,9.914073321103652e-56,1.0114240771358382e-55,1.0317083512521368e-55,1.0522619296987528e-55,1.073086587715178e-55,1.0941841005409046e-55,1.115556243415424e-55,1.1372047915782273e-55,1.1591315202688076e-55,1.1813382047266558e-55,1.2038266201912656e-55,1.226598541902127e-55,1.2496557450987322e-55,1.2730000050205726e-55,1.2966330969071415e-55,1.3205567959979296e-55,1.3447728775324312e-55,1.3692831167501346e-55,1.3940892888905327e-55,1.4191931691931173e-55,1.4445965328973814e-55,1.4703011552428153e-55,1.496308811468913e-55,1.5226212768151659e-55,1.5492403265210631e-55,1.5761677358260976e-55,1.6034052799697633e-55,1.6309547341915498e-55,1.6588178737309504e-55,1.686996473827456e-55,1.7154923097205598e-55,1.7443071566497532e-55,1.7734427898545285e-55,1.8029009845743713e-55,1.8326835160487817e-55,1.8627921595172496e-55,1.8932286902192674e-55,1.9239948833943236e-55,1.9550925142819117e-55,1.9865233581215235e-55,2.0182891901526518e-55,2.050391785614787e-55,2.0828329197474233e-55,2.1156143677900502e-55,2.14873790498216e-55,2.1822053065632452e-55,2.2160183477727966e-55,2.250178803850307e-55,2.2846884500352685e-55,2.3195490615671735e-55,2.3547624136855116e-55,2.390330281629775e-55,2.426254440639456e-55,2.4625366659540446e-55,2.4991787328130365e-55,2.5361824164559203e-55,2.5735494921221892e-55,2.6112817350513352e-55,2.6493809204828524e-55,2.6878488236562297e-55,2.726687219810961e-55,2.765897884186538e-55,2.8054825920224506e-55,2.8454431185581915e-55,2.8857812390332525e-55,2.9264987286871262e-55,2.9675973627593014e-55,3.0090789164892737e-55,3.0509451651165348e-55,3.0931978838805752e-55,3.135838848020887e-55,3.1788698327769612e-55,3.222292613388292e-55,3.266108965094368e-55,3.310320663134683e-55,3.354929482748728e-55,3.399937199175994e-55,3.445345587655977e-55,3.491156423428166e-55,3.5373714817320544e-55,3.583992537807132e-55,3.63102136689289e-55,3.6784597442288236e-55,3.726309445054421e-55,3.7745722446091755e-55,3.8232499181325784e-55,3.872344240864124e-55,3.9218569880433015e-55,3.9717899349096025e-55,4.022144856702524e-55,4.072923528661552e-55,4.1241277260261825e-55,4.1757592240359026e-55,4.2278197979302054e-55,4.280311222948583e-55,4.333235274330527e-55,4.386593727315535e-55,4.440388357143092e-55,4.494620939052696e-55,4.549293248283835e-55,4.6044070600759974e-55,4.659964149668679e-55,4.715966292301371e-55,4.772415263213566e-55,4.8293128376447544e-55,4.886660790834432e-55,4.944460898022085e-55,5.002714934447208e-55,5.061424675349292e-55,5.120591895967833e-55,5.1802183715423156e-55,5.240305877312236e-55,5.300856188517085e-55,5.361871080396353e-55,5.423352328189537e-55,5.485301707136126e-55,5.5477209924756104e-55,5.6106119594474826e-55,5.6739763832912355e-55,5.737816039246359e-55,5.802132702552346e-55,5.8669281484486896e-55,5.932204152174883e-55,5.9979624889704144e-55,6.064204934074777e-55,6.13093326272746e-55,6.198149250167961e-55,6.2658546716357666e-55,6.33405130237037e-55,6.402740917611263e-55,6.471925292597942e-55,6.541606202569891e-55,6.611785422766607e-55,6.682464728427579e-55,6.753645894792302e-55,6.825330697100266e-55,6.897520910590963e-55,6.97021831050389e-55,7.043424672078533e-55,7.117141770554385e-55,7.191371381170936e-55,7.26611527916768e-55,7.341375239784106e-55,7.417153038259708e-55,7.493450449833982e-55,7.570269249746418e-55,7.647611213236504e-55,7.725478115543736e-55,7.803871731907606e-55,7.8827938375676e-55,7.962246207763217e-55,8.042230617733955e-55,8.122748842719284e-55,8.203802657958708e-55,8.285393838691722e-55,8.367524160157812e-55,8.450195397596468e-55,8.533409326247191e-55,8.617167721349464e-55,8.701472358142785e-55,8.786325011866646e-55,8.871727457760534e-55,8.957681471063944e-55,9.044188827016369e-55,9.131251300857301e-55,9.218870667826227e-55,9.307048703162645e-55,9.39578718210604e-55,9.485087879895907e-55,9.57495257177174e-55,9.665383032973032e-55,9.756381038739271e-55,9.847948364309949e-55,9.940086784924558e-55,1.0032798075822593e-54,1.0126084012243542e-54,1.0219946369426901e-54,1.0314386922612157e-54,1.0409407447038809e-54,1.0505009717946344e-54,1.0601195510574255e-54,1.0697966600162032e-54,1.0795324761949172e-54,1.0893271771175168e-54,1.0991809403079499e-54,1.1090939432901666e-54,1.1190663635881157e-54,1.1290983787257463e-54,1.1391901662270075e-54,1.1493419036158499e-54,1.1595537684162209e-54,1.1698259381520706e-54,1.1801585903473479e-54,1.1905519025260022e-54,1.2010060522119825e-54,1.211521216929238e-54,1.2220975742017183e-54,1.232735301553372e-54,1.2434345765081488e-54,1.2541955765899976e-54,1.2650184793228675e-54,1.2759034622307077e-54,1.2868507028374675e-54,1.2978603786670962e-54,1.3089326672435428e-54,1.3200677460907568e-54,1.3312657927326864e-54,1.3425269846932823e-54,1.3538514994964922e-54,1.365239514666266e-54,1.376691207726553e-54,1.3882067562013022e-54,1.399786337614463e-54,1.4114301294899835e-54,1.4231383093518138e-54,1.4349110547239032e-54,1.4467485431302017e-54,1.458650952094657e-54,1.470618459141219e-54,1.4826512417938362e-54,1.4947494775764593e-54,1.5069133440130367e-54,1.5191430186275157e-54,1.531438678943847e-54,1.54380050248598e-54,1.5562286667778634e-54,1.568723349343447e-54,1.5812847277066806e-54,1.5939129793915118e-54,1.6066082819218905e-54,1.619370812821766e-54,1.6322007496150875e-54,1.645098269825804e-54,1.6580635509778648e-54,1.6710967705952196e-54,1.6841981062018166e-54,1.697367735321606e-54,1.7106058354785357e-54,1.7239125841965565e-54,1.7372881589996166e-54,1.7507327374116652e-54,1.764246496956652e-54,1.777829615158525e-54,1.7914822695412346e-54,1.8052046376287287e-54,1.8189968969449586e-54,1.8328592250138719e-54,1.846791799359418e-54,1.8607947975055476e-54,1.8748683969762068e-54,1.8890127752953462e-54,1.9032281099869156e-54,1.9175145785748644e-54,1.9318723585831402e-54,1.9463016275356936e-54,1.960802562956473e-54,1.9753753423694282e-54,1.990020143298508e-54,2.0047371432676618e-54,2.019526519800839e-54,2.034388450421988e-54,2.0493231126550586e-54,2.0643306840240003e-54,2.079411342052762e-54,2.0945652642652922e-54,2.109792628185541e-54,2.1250936113374567e-54,2.140468391244989e-54,2.155917145432087e-54,2.1714400514227006e-54,2.187037286740778e-54,2.202709028910269e-54,2.2184554554551225e-54,2.234276743899287e-54,2.2501730717667132e-54,2.266144616581349e-54,2.2821915558671443e-54,2.2983140671480488e-54,2.314512327948011e-54,2.330786515790979e-54,2.3471368082009052e-54,2.363563382701737e-54,2.380066416817421e-54,2.3966460880719082e-54,2.4133025739891488e-54,2.4300360520930906e-54,2.4468466999076836e-54,2.4637346949568773e-54,2.480700214764621e-54,2.497743436854863e-54,2.5148645387515523e-54,2.5320636979786394e-54,2.5493410920600722e-54,2.5666968985198006e-54,2.5841312948817727e-54,2.6016444586699394e-54,2.619236567408248e-54,2.636907798620649e-54,2.6546583298310916e-54,2.6724883385635256e-54,2.690398002341897e-54,2.708387498690159e-54,2.7264570051322593e-54,2.7446066991921464e-54,2.7628367583937703e-54,2.781147360261079e-54,2.799538682318022e-54,2.818010902088549e-54,2.8365641970966105e-54,2.855198744866155e-54,2.8739147229211305e-54,2.8927123087854864e-54,2.911591679983174e-54,2.93055301403814e-54,2.949596488474334e-54,2.968722280815704e-54,2.9879305685862015e-54,3.007221529309774e-54,3.0265953405103717e-54,3.046052179711944e-54,3.065592224438439e-54,3.0852156522138086e-54,3.1049226405619985e-54,3.1247133670069594e-54,3.144588009072642e-54,3.1645467442829925e-54,3.184589750161962e-54,3.2047172042334995e-54,3.2249292840215533e-54,3.2452261670500734e-54,3.265608030843009e-54,3.28607505292431e-54,3.306627410817923e-54,3.3272652820477996e-54,3.34798884413789e-54,3.36879827461214e-54,3.3896937509945004e-54,3.410675450808921e-54,3.4317435515793504e-54,3.452898230829737e-54,3.4741396660840307e-54,3.495468034866181e-54,3.5168835147001363e-54,3.538386283109847e-54,3.559976517619261e-54,3.5816543957523283e-54,3.6034200950329974e-54,3.625273792985219e-54,3.6472156671329404e-54,3.6692458950001126e-54,3.6913646541106825e-54,3.7135721219886015e-54,3.735868476157817e-54,3.758253894142279e-54,3.7807285534659365e-54,3.8032926316527406e-54,3.825946306226639e-54,3.848689754711578e-54,3.87152315463151e-54,3.8944466835103835e-54,3.917460518872148e-54,3.940564838240753e-54,3.963759819140144e-54,3.987045639094276e-54,4.010422475627095e-54,4.03389050626255e-54,4.057449908524591e-54,4.081100859937168e-54,4.104843538024228e-54,4.128678120309722e-54,4.1526047843176005e-54,4.1766237075718095e-54,4.2007350675963e-54,4.2249390419150203e-54,4.249235808051923e-54,4.273625543530951e-54,4.298108425876056e-54,4.322684632611188e-54,4.3473543412602946e-54,4.372117729347327e-54,4.396974974396233e-54,4.421926253930965e-54,4.44697174547547e-54,4.472111626553697e-54,4.4973460746895964e-54,4.522675267407115e-54,4.548099382230203e-54,4.5736185966828105e-54,4.5992330882888875e-54,4.62494303457238e-54,4.650748613057239e-54,4.676650001267414e-54,4.702647376726854e-54,4.728740916959507e-54,4.754930799489323e-54,4.78121720184025e-54,4.8076003015362404e-54,4.834080276101241e-54,4.860657303059201e-54,4.887331559934071e-54,4.9141032242497983e-54,4.9409724735303337e-54,4.967939485299623e-54,4.9950044370816195e-54,5.0221675064002713e-54,5.049428870779528e-54,5.076788707743338e-54,5.10424719481565e-54,5.1318045095204125e-54,5.1594608293815777e-54,5.1872163319230936e-54,5.2150711946689084e-54,5.24302559514297e-54,5.271079710869231e-54,5.299233719371637e-54,5.327487798174141e-54,5.355842124800688e-54,5.384296876775233e-54,5.412852231621719e-54,5.441508366864098e-54,5.47026546002632e-54,5.499123688632331e-54,5.528083230206085e-54,5.557144262271527e-54,5.586306962352606e-54,5.615571507973275e-54,5.64493807665748e-54,5.674406845929171e-54,5.703977993312297e-54,5.733651696330808e-54,5.763428132508652e-54,5.793307479369778e-54,5.823289914438138e-54,5.853375615237678e-54,5.88356475929235e-54,5.913857524126102e-54,5.944254087262883e-54,5.974754626226642e-54,6.005359318541328e-54,6.036068341730892e-54,6.06688187331928e-54,6.09780009083044e-54,6.128823171788327e-54,6.159951293716883e-54,6.191184634140065e-54,6.222523370581818e-54,6.253967680566092e-54,6.285517741616836e-54,6.317173731258002e-54,6.348935827013535e-54,6.380804206407384e-54,6.412779046963499e-54,6.444860526205831e-54,6.477048821658328e-54,6.50934411084494e-54,6.541746571289613e-54,6.5742563805163e-54,6.606873716048947e-54,6.639598755411506e-54,6.672431676127926e-54,6.705372655722156e-54,6.738421871718143e-54,6.771579501639839e-54,6.804845723011189e-54,6.838220713356147e-54,6.871704650198656e-54,6.905297711062672e-54,6.939000073472143e-54,6.972811914951015e-54,7.006733413023239e-54,7.040764745212767e-54,7.074906089043542e-54,7.109157622039519e-54,7.143519521724643e-54,7.177991965622867e-54,7.212575131258137e-54,7.247269196154405e-54,7.282074337835617e-54,7.316990733825722e-54,7.352018561648672e-54,7.387157998828416e-54,7.422409222888904e-54,7.457772411354081e-54,7.4932477417479e-54,7.528835391594307e-54,7.564535538417254e-54,7.60034835974069e-54,7.636274033088563e-54,7.672312735984818e-54,7.70846464595341e-54,7.744729940518289e-54,7.781108797203401e-54,7.817601393532699e-54,7.854207907030128e-54,7.890928515219637e-54,7.927763395625179e-54,7.964712725770699e-54,8.001776683180148e-54,8.038955445377475e-54,8.076249189886631e-54,8.113658094231562e-54,8.15118233593622e-54,8.188822092524553e-54,8.226577541520512e-54,8.264448860448043e-54,8.302436226831098e-54,8.340539818193624e-54,8.378759812059571e-54,8.417096385952888e-54,8.455549717397526e-54,8.494119983917432e-54,8.532807363036554e-54,8.571612032278849e-54,8.610534169168255e-54,8.649573951228728e-54,8.688731555984216e-54,8.728007160958666e-54,8.767400943676027e-54,8.806913081660251e-54,8.846543752435286e-54,8.886293133525083e-54,8.926161402453589e-54,8.966148736744754e-54,9.006255313922526e-54,9.046481311510854e-54,9.086826907033688e-54,9.127292278014981e-54,9.167877601978676e-54,9.208583056448726e-54,9.249408818949078e-54,9.290355067003684e-54,9.331421978136491e-54,9.372609729871449e-54,9.413918499732504e-54,9.455348465243612e-54,9.496899803928714e-54,9.538572693311764e-54,9.58036731091671e-54,9.622283834267505e-54,9.664322440888092e-54,9.706483308302425e-54,9.748766614034451e-54,9.791172535608122e-54,9.833701250547383e-54,9.876352936376184e-54,9.919127770618476e-54,9.962025930798207e-54,1.0005047594439324e-53,1.0048192939065779e-53,1.0091462142201523e-53,1.01348553813705e-53,1.0178372834096664e-53,1.0222014677903963e-53,1.0265781090316344e-53,1.0309672248857756e-53,1.0353688331052156e-53,1.0397829514423482e-53,1.0442095976495692e-53,1.048648789479273e-53,1.0531005446838547e-53,1.0575648810157092e-53,1.0620418162272315e-53,1.0665313680708166e-53,1.0710335542988587e-53,1.0755483926637535e-53,1.0800759009178958e-53,1.08461609681368e-53,1.0891689981035014e-53,1.0937346225397552e-53,1.098312987874836e-53,1.102904111861139e-53,1.1075080122510588e-53,1.1121247067969903e-53,1.1167542132513282e-53,1.1213965493664673e-53,1.1260517328948036e-53,1.1307197815887312e-53,1.1354007132006452e-53,1.1400945454829407e-53,1.1448012961880122e-53,1.1495209830682549e-53,1.154253623876064e-53,1.1589992363638337e-53,1.163757838283959e-53,1.1685294473888357e-53,1.173314081430858e-53,1.1781117581624213e-53,1.1829224953359198e-53,1.187746310703749e-53,1.1925832220183032e-53,1.1974332470319782e-53,1.2022964034971685e-53,1.207172709166269e-53,1.2120621817916747e-53,1.2169648391257805e-53,1.221880698920981e-53,1.2268097789296713e-53,1.2317520969042462e-53,1.2367076705971012e-53,1.2416765177606306e-53,1.2466586561472294e-53,1.2516541035092926e-53,1.2566628775992154e-53,1.2616849961693923e-53,1.266720476972218e-53,1.2717693377600883e-53,1.2768315962853983e-53,1.2819072703005414e-53,1.2869963775579136e-53,1.2920989358099097e-53,1.2972149628089243e-53,1.3023444763073524e-53,1.3074874940575892e-53,1.3126440338120292e-53,1.3178141133230676e-53,1.3229977503430994e-53,1.3281949626245194e-53,1.3334057679197227e-53,1.338630183981104e-53,1.3438682285610583e-53,1.3491199194119802e-53,1.3543852742862652e-53,1.3596643109363075e-53,1.364957047114503e-53,1.370263500573246e-53,1.3755836890649312e-53,1.3809176303419539e-53,1.386265342156709e-53,1.3916268422615908e-53,1.3970021484089957e-53,1.4023912783513172e-53,1.4077942498409507e-53,1.4132110806302913e-53,1.4186417884717334e-53,1.4240863911176729e-53,1.429544906320504e-53,1.435017351832621e-53,1.44050374540642e-53,1.4460041047942953e-53,1.4515184477486421e-53,1.4570467920218546e-53,1.4625891553663286e-53,1.4681455555344585e-53,1.47371601027864e-53,1.4793005373512669e-53,1.484899154504735e-53,1.4905118794914387e-53,1.4961387300637732e-53,1.5017797239741333e-53,1.5074348789749143e-53,1.5131042128185102e-53,1.518787743257317e-53,1.5244854880437286e-53,1.53019746493014e-53,1.5359236916689478e-53,1.541664186012545e-53,1.5474189657133272e-53,1.5531880485236888e-53,1.5589714521960262e-53,1.5647691944827333e-53,1.5705812931362042e-53,1.5764077659088354e-53,1.582248630553021e-53,1.5881039048211552e-53,1.5939736064656343e-53,1.5998577532388523e-53,1.6057563628932045e-53,1.611669453181086e-53,1.6175970418548911e-53,1.623539146667015e-53,1.6294957853698527e-53,1.6354669757157993e-53,1.6414527354572493e-53,1.6474530823465984e-53,1.6534680341362407e-53,1.6594976085785716e-53,1.6655418234259856e-53,1.6716006964308778e-53,1.6776742453456434e-53,1.6837624879226772e-53,1.6898654419143737e-53,1.6959831250731283e-53,1.7021155551513356e-53,1.7082627499013903e-53,1.7144247270756884e-53,1.720601504426624e-53,1.726793099706592e-53,1.7329995306679881e-53,1.7392208150632062e-53,1.7454569706446413e-53,1.7517080151646885e-53,1.7579739663757426e-53,1.7642548420301988e-53,1.7705506598804517e-53,1.7768614376788968e-53,1.7831871931779286e-53,1.7895279441299416e-53,1.7958837082873315e-53,1.8022545034024933e-53,1.8086403472278212e-53,1.8150412575157106e-53,1.8214572520185557e-53,1.827888348488753e-53,1.834334564678696e-53,1.8407959183407802e-53,1.8472724272274001e-53,1.8537641090909516e-53,1.8602709816838292e-53,1.8667930627584265e-53,1.8733303700671399e-53,1.8798829213623636e-53,1.886450734396493e-53,1.8930338269219223e-53,1.899632216691047e-53,1.9062459214562624e-53,1.9128749589699627e-53,1.919519346984543e-53,1.9261791032523984e-53,1.932854245525924e-53,1.939544791557514e-53,1.9462507590995638e-53,1.9529721659044679e-53,1.9597090297246218e-53,1.9664613683124206e-53,1.9732291994202586e-53,1.9800125408005307e-53,1.9868114102056323e-53,1.993625825387958e-53,2.0004558040999039e-53,2.007301364093863e-53,2.0141625231222307e-53,2.0210392989374015e-53,2.0279317092917726e-53,2.0348397719377366e-53,2.0417635046276895e-53,2.0487029251140257e-53,2.0556580511491412e-53,2.0626289004854288e-53,2.0696154908752857e-53,2.0766178400711046e-53,2.0836359658252828e-53,2.0906698858902137e-53,2.097719618018292e-53,2.104785179961914e-53,2.1118665894734736e-53,2.118963864305366e-53,2.1260770222099858e-53,2.133206080939728e-53,2.1403510582469874e-53,2.1475119718841597e-53,2.154688839603639e-53,2.16188167915782e-53,2.169090508299099e-53,2.1763153447798695e-53,2.1835562063525277e-53,2.1908131107694677e-53,2.1980860757830846e-53,2.205375119145773e-53,2.212680258609928e-53,2.220001511927944e-53,2.2273388968522166e-53,2.2346924311351413e-53,2.2420621325291115e-53,2.2494480187865237e-53,2.2568501076597717e-53,2.2642684169012505e-53,2.271702964263355e-53,2.2791537674984806e-53,2.286620844359022e-53,2.294104212597374e-53,2.3016038899659315e-53,2.3091198942170896e-53,2.3166522431032437e-53,2.324200954376788e-53,2.3317660457901173e-53,2.3393475350956274e-53,2.3469454400457126e-53,2.3545597783927688e-53,2.3621905678891893e-53,2.3698378262873696e-53,2.3775015713397045e-53,2.3851818207985894e-53,2.39287859241642e-53,2.400591903945589e-53,2.408321773138493e-53,2.416068217747527e-53,2.4238312555250844e-53,2.4316109042235616e-53,2.439407181595353e-53,2.447220105392853e-53,2.455049693368457e-53,2.4628959632745604e-53,2.470758932863558e-53,2.4786386198878443e-53,2.486535042099814e-53,2.4944482172518623e-53,2.5023781630963845e-53,2.5103248973857747e-53,2.5182884378724287e-53,2.5262688023087413e-53,2.534266008447106e-53,2.5422800740399196e-53,2.550311016839576e-53,2.5583588545984705e-53,2.566423605068997e-53,2.574505286003552e-53,2.5826039151545295e-53,2.5907195102743254e-53,2.598852089115333e-53,2.6070016694299487e-53,2.6151682689705676e-53,2.6233519054895825e-53,2.63155259673939e-53,2.6397703604723848e-53,2.648005214440962e-53,2.656257176397516e-53,2.6645262640944416e-53,2.672812495284134e-53,2.6811158877189886e-53,2.689436459151399e-53,2.6977742273337616e-53,2.7061292100184698e-53,2.71450142495792e-53,2.722890889904507e-53,2.7312976226106246e-53,2.739721640828669e-53,2.748162962311035e-53,2.756621604810117e-53,2.76509758607831e-53,2.773590923868009e-53,2.782101635931608e-53,2.7906297400215034e-53,2.799175253890089e-53,2.8077381952897603e-53,2.816318581972912e-53,2.824916431691939e-53,2.8335317621992366e-53,2.8421645912471996e-53,2.8508149365882225e-53,2.8594828159747004e-53,2.8681682471590283e-53,2.8768712478936014e-53,2.8855918359308137e-53,2.8943300290230605e-53,2.9030858449227373e-53,2.911859301382238e-53,2.920650416153959e-53,2.9294592069902937e-53,2.938285691643638e-53,2.9471298878663865e-53,2.955991813410933e-53,2.964871486029675e-53,2.973768923475005e-53,1.1243370955686378e-16,2.2772146971515767e-16,3.457959400919124e-16,4.666078788831367e-16,5.901236490364954e-16,7.163231552381324e-16,8.451981327268782e-16,9.767507259016122e-16,1.110992307185117e-15,1.2479424961457576e-15,1.3876283462725357e-15,1.5300836726712894e-15,1.6753484986714316e-15,1.8234686031528533e-15,1.9744951535386885e-15,2.12848441195177e-15,2.285497504202758e-15,2.445600242981985e-15,2.608862998152923e-15,2.7753606082284575e-15,2.9451723281673224e-15,3.118381809461518e-15,3.295077109234067e-15,3.4753507256607316e-15,3.659299657562996e-15,3.847025486450719e-15,4.038634479681674e-15,4.234237713726628e-15,4.433951216818112e-15,4.637896130505819e-15,4.8461988898710646e-15,5.058991422349031e-15,5.276411365282794e-15,5.4986023025046675e-15,5.725714020419188e-15,5.9579027841626955e-15,6.195331634616594e-15,6.4381707071503545e-15,6.6865975731417804e-15,6.940797605451015e-15,7.200964369181756e-15,7.467300039213015e-15,7.740015846148684e-15,8.019332552501841e-15,8.305480961113514e-15,8.598702457993393e-15,8.899249591987005e-15,9.207386693894857e-15,9.523390537906804e-15,9.847551048490336e-15,1.0180172056152072e-14,1.0521572105801386e-14,1.0872085321805342e-14,1.1232062334183804e-14,1.1601871270816106e-14,1.1981898820979824e-14,1.2372551376053428e-14,1.2774256253747742e-14,1.3187463012856159e-14,1.3612644866177e-14,1.4050300200008498e-14,1.4500954209427188e-14,1.4965160659510075e-14,1.5443503783618428e-14,1.5936600331025044e-14,1.6445101777422893e-14,1.696969671321561e-14,1.751111342607771e-14,1.807012269598293e-14,1.8647540822857477e-14,1.9244232909191533e-14,1.98611164223147e-14,2.049916506390089e-14,2.115941297717249e-14,2.1842959325865994e-14,2.2550973282767675e-14,2.3284699470215855e-14,2.4045463899629953e-14,2.4834680462990467e-14,2.5653858035376886e-14,2.6504608254938818e-14,2.7388654054788116e-14,2.8307839030657447e-14,2.9264137738727526e-14,3.0259667030150155e-14,3.1296698542601267e-14,3.237767248506211e-14,3.3505212870215226e-14,3.468214436969679e-14,3.591151099154838e-14,3.7196596806970415e-14,3.854094898549537e-14,3.994840343497817e-14,4.1423113385789387e-14,4.296958130882255e-14,4.459269461529039e-14,4.62977656545543e-14,4.809057660603896e-14,4.997742995492958e-14,5.196520535147521e-14,5.4061423783463015e-14,5.6274320144704304e-14,5.861292546392361e-14,6.108716027397364e-14,6.370794085785745e-14,6.648730041438961e-14,6.943852755281859e-14,7.257632496582574e-14,7.591699166000142e-14,7.947863276237984e-14,8.3281401696131e-14,8.734778045942303e-14,9.170290488778512e-14,9.637494318236082e-14,1.0139553770564935e-13,1.0680032216297517e-13,1.1262952890143463e-13,1.1892870429810116e-13,1.2574955423815442e-13,1.331509467138711e-13,1.4120010487683894e-13,1.4997403179974434e-13,1.5956121820439674e-13,1.700636970798832e-13,1.8159952521769775e-13,1.9430579223393584e-13,2.0834228394564505e-13,2.2389596073945196e-13,2.41186455068816e-13,2.6047284838995653e-13,2.820620605447819e-13,3.0631927882280236e-13,3.336809761335125e-13,3.6467122611276734e-13,3.999222278477905e-13,4.4020021671148776e-13,4.864382749578959e-13,5.397779814705698e-13,6.016223675178832e-13,6.737032793952093e-13,7.581669738137644e-13,8.57682531363072e-13,9.755783075282675e-13,1.1160119207434224e-12,1.2540957113270416e-12,1.4510461232328667e-12,1.688924785870219e-12,1.9773600639625527e-12,2.328112073898536e-12,2.7553040218219637e-12,3.2754836088244663e-12,3.907363539715296e-12,4.671048754196748e-12,5.586554604419675e-12,6.671498602059778e-12,7.93804632487251e-12,9.389504824363226e-12,1.101728988574274e-11,1.2799177713167945e-11,1.4699613465178195e-11,1.6672352757940406e-11,1.8665029230653732e-11,2.06246742290225e-11,2.250300543937677e-11,2.4260497655269864e-11,2.586870478408118e-11,2.7310799544212487e-11,2.858066633119282e-11,2.968105827189564e-11,3.0621334248013674e-11,3.141519031478335e-11,3.207865850726366e-11,3.262851115206129e-11,3.30811041914766e-11,3.345162485017653e-11,3.375367321616347e-11,3.399909577911149e-11,3.4197992993699475e-11,3.4358835207184856e-11,3.448863648821756e-11,3.459315064917998e-11,3.4677066290164047e-11,3.4744187371596784e-11,3.479759271263536e-11,3.4839772344869314e-11,3.487274137552364e-11,3.489813346110808e-11,3.491727659956095e-11,3.49312540472325e-11,3.494095298770104e-11,3.494710325879018e-11,3.495030811873885e-11,3.495106865867799e-11,3.4949803189060455e-11,3.494686265583124e-11,3.494254292666137e-11,3.4937094610901414e-11,3.49307309352239e-11,3.492363408446611e-11,3.491596032858931e-11,3.490784418713899e-11,3.489940182826753e-11,3.489073385696159e-11,3.4881927614045625e-11,3.487305908174307e-11,3.4864194471461045e-11,3.4855391553690195e-11,3.4846700777899643e-11,3.4838166219968166e-11,3.4829826388054886e-11,3.4821714911130995e-11,3.4813861129980925e-11,3.480629060668611e-11,3.4799025565642586e-11,3.479208527679094e-11,3.478548638984118e-11,3.477924322674774e-11,3.4773368038459154e-11,3.476787123096685e-11,3.4762761564865344e-11,3.4758046331969475e-11,3.475373151198761e-11,3.474982191180031e-11,3.4746321289517427e-11,3.474323246517592e-11,3.47405574196809e-11,3.473829738337144e-11,3.473645291540936e-11,3.473502397503184e-11,3.473400998557506e-11,3.4733409892063344e-11,3.473322221305894e-11,3.4733445087385e-11,3.473407631626102e-11,3.4735113401327345e-11,3.473655357898043e-11,3.4738393851393634e-11,3.474063101455586e-11,3.474326168362457e-11,3.47462823158574e-11,3.4749689231358434e-11,3.475347863185049e-11,3.4757646615837184e-11,3.4762189199441946e-11,3.4767102324861034e-11,3.477238187476414e-11,3.4778023683677466e-11,3.4784023548276136e-11,3.479037723668693e-11,3.479708049689157e-11,3.480412906431257e-11,3.4811518668656506e-11,3.4819245040080706e-11,3.482730391474531e-11,3.4835691039805346e-11,3.4844402177893024e-11,3.4853433111135844e-11,3.4862779644751684e-11,3.487243761025862e-11,3.488240286833366e-11,3.489267131135152e-11,3.490323886563162e-11,3.491410149341968e-11,3.492525519462675e-11,3.493669600834789e-11,3.494842001417963e-11,3.4960423333354375e-11,3.497270212970795e-11,3.4985252610495603e-11,3.4998071027069505e-11,3.5011153675430947e-11,3.502449689666808e-11,3.5038097077290066e-11,3.505195064946703e-11,3.506605409118439e-11,3.508040392632003e-11,3.509499672465124e-11,3.510982910179838e-11,3.512489771911127e-11,3.514019928350408e-11,3.515573054724368e-11,3.5171488307696595e-11,3.5187469407038315e-11,3.5203670731929315e-11,3.522008921316145e-11,3.5236721825277793e-11,3.525356558616912e-11,3.527061755664974e-11,3.5287874840015543e-11,3.5305334581585945e-11,3.532299396823255e-11,3.5340850227896114e-11,3.535890062909361e-11,3.5377142480417074e-11,3.5395573130025825e-11,3.541418996513315e-11,3.5432990411488965e-11,3.5451971932859435e-11,3.547113203050454e-11,3.549046824265463e-11,3.550997814398675e-11,3.5529659345101454e-11,3.554950949200094e-11,3.5569526265568996e-11,3.558970738105335e-11,3.561005058755102e-11,3.563055366749694e-11,3.565121443615654e-11,3.567203074112242e-11,3.5693000461815416e-11,3.5714121508990597e-11,3.5735391824248315e-11,3.5756809379550235e-11,3.577837217674128e-11,3.5800078247076705e-11,3.582192565075534e-11,3.584391247645851e-11,3.586603684089491e-11,3.5888296888351876e-11,3.591069079025235e-11,3.59332167447184e-11,3.5955872976140835e-11,3.597865773475509e-11,3.6001569296223516e-11,3.6024605961223665e-11,3.604776605504321e-11,3.607104792718093e-11,3.609444995095384e-11,3.6117970523110943e-11,3.6141608063452555e-11,3.616536101445629e-11,3.618922784090892e-11,3.621320702954426e-11,3.6237297088687035e-11,3.6261496547902825e-11,3.628580395765356e-11,3.631021788895917e-11,3.633473693306473e-11,3.6359359701113236e-11,3.638408482382418e-11,3.640891095117748e-11,3.6433836752102807e-11,3.645886091417442e-11,3.648398214331123e-11,3.65091991634819e-11,3.653451071641539e-11,3.655991556131635e-11,3.658541247458551e-11,3.6611000249544874e-11,3.663667769616803e-11,3.666244364081487e-11,3.6688296925971094e-11,3.671423640999237e-11,3.674026096685282e-11,3.676636948589826e-11,3.6792560871603275e-11,3.6818834043333066e-11,3.684518793510925e-11,3.687162149537991e-11,3.6898133686793423e-11,3.69247234859767e-11,3.6951389883317043e-11,3.697813188274778e-11,3.700494850153798e-11,3.703183877008557e-11,3.70588017317143e-11,3.708583644247407e-11,3.7112941970944984e-11,3.7140117398044594e-11,3.716736181683881e-11,3.719467433235583e-11,3.722205406140351e-11,3.724950013238982e-11,3.727701168514657e-11,3.730458787075591e-11,3.7332227851374574e-11,3.735993080008206e-11,3.738769590070201e-11,3.7415522347644946e-11,3.744340934574936e-11,3.747135611012561e-11,3.749936186600276e-11,3.752742584857762e-11,3.7555547302866765e-11,3.7583725483560783e-11,3.761195965488124e-11,3.764024909044003e-11,3.766859307310096e-11,3.7696990894844e-11,3.772544185663147e-11,3.775394526827686e-11,3.778250044831555e-11,3.781110672387788e-11,3.783976343056446e-11,3.7868469912323175e-11,3.789722552132881e-11,3.792602961786419e-11,3.7954881570203554e-11,3.798378075449799e-11,3.8012726554662396e-11,3.8041718362264623e-11,3.807075557641644e-11,3.8099837603666135e-11,3.8128963857892973e-11,3.8158133760203484e-11,3.818734673882929e-11,3.8216602229026726e-11,3.8245899672977986e-11,3.827523851969403e-11,3.830461822491891e-11,3.8334038251035864e-11,3.8363498066974624e-11,3.8392997148120525e-11,3.842253497622491e-11,3.845211103931694e-11,3.848172483161702e-11,3.851137585345137e-11,3.8541063611168157e-11,3.857078761705487e-11,3.8600547389256934e-11,3.863034245169778e-11,3.866017233400019e-11,3.869003657140858e-11,3.8719934704712895e-11,3.874986628017339e-11,3.877983084944689e-11,3.880982796951397e-11,3.883985720260722e-11,3.886991811614102e-11,3.890001028264189e-11,3.893013327968029e-11,3.896028668980329e-11,3.8990470100468426e-11,3.902068310397847e-11,3.905092529741712e-11,3.9081196282585895e-11,3.911149566594183e-11,3.914182305853619e-11,3.917217807595409e-11,3.920256033825499e-11,3.923296946991424e-11,3.9263405099765255e-11,3.929386686094296e-11,3.932435439082759e-11,3.935486733098966e-11,3.938540532713585e-11,3.941596802905533e-11,3.944655509056708e-11,3.947716616946823e-11,3.9507800927482677e-11,3.9538459030210945e-11,3.9569140147080455e-11,3.959984395129662e-11,3.963057011979466e-11,3.966131833319238e-11,3.969208827574305e-11,3.9722879635289626e-11,3.975369210321916e-11,3.978452537441819e-11,3.9815379147228507e-11,3.9846253123403914e-11,3.9877147008066836e-11,3.990806050966698e-11,3.9938993339939114e-11,3.996994521386218e-11,4.000091584961899e-11,4.003190496855624e-11,4.006291229514536e-11,4.0093937556943755e-11,4.012498048455663e-11,4.015604081159938e-11,4.01871182746605e-11,4.021821261326504e-11,4.0249323569838514e-11,4.028045088967143e-11,4.031159432088411e-11,4.034275361439224e-11,4.037392852387295e-11,4.040511880573082e-11,4.0436324219065074e-11,4.046754452563687e-11,4.049877948983696e-11,4.0530028878654005e-11,4.056129246164324e-11,4.05925700108956e-11,4.0623861301007125e-11,4.065516610904902e-11,4.068648421453809e-11,4.071781539940717e-11,4.074915944797661e-11,4.0780516146925754e-11,4.081188528526472e-11,4.084326665430692e-11,4.087466004764149e-11,4.090606526110677e-11,4.0937482092763255e-11,4.0968910342867656e-11,4.100034981384701e-11,4.103180031027299e-11,4.106326163883698e-11,4.109473360832497e-11,4.1126216029593257e-11,4.115770871554411e-11,4.118921148110192e-11,4.122072414318975e-11,4.1252246520706e-11,4.128377843450147e-11,4.131531970735679e-11,4.1346870163959955e-11,4.1378429630884425e-11,4.140999793656738e-11,4.144157491128807e-11,4.147316038714676e-11,4.150475419804388e-11,4.153635617965922e-11,4.156796616943164e-11,4.159958400653892e-11,4.163120953187796e-11,4.1662842588045225e-11,4.169448301931726e-11,4.172613067163163e-11,4.1757785392568164e-11,4.178944703133026e-11,4.1821115438726614e-11,4.185279046715292e-11,4.1884471970574095e-11,4.191615980450657e-11,4.194785382600079e-11,4.197955389362402e-11,4.201125986744333e-11,4.204297160900876e-11,4.207468898133688e-11,4.2106411848894084e-11,4.213814007758081e-11,4.216987353471526e-11,4.2201612089017746e-11,4.223335561059523e-11,4.2265103970925665e-11,4.2296857042843045e-11,4.2328614700522296e-11,4.236037681946452e-11,4.2392143276482307e-11,4.242391394968536e-11,4.2455688718466055e-11,4.24874674634856e-11,4.251925006665982e-11,4.255103641114566e-11,4.2582826381327496e-11,4.26146198628037e-11,4.2646416742373386e-11,4.2678216908023345e-11,4.271002024891513e-11,4.2741826655372265e-11,4.2773636018867554e-11,4.280544823201068e-11,4.283726318854018e-11,4.2869080783298534e-11,4.290090091223273e-11,4.2932723472378396e-11,4.29645483618478e-11,4.2996375479818355e-11,4.30282047265213e-11,4.306003600323023e-11,4.309186921224998e-11,4.3123704256905504e-11,4.315554104153105e-11,4.318737947145936e-11,4.321921945301088e-11,4.325106089348353e-11,4.328290370114196e-11,4.331474778520744e-11,4.3346593055847696e-11,4.33784394241668e-11,4.3410286802195285e-11,4.3442135102880407e-11,4.3473984240076286e-11,4.3505834128534515e-11,4.353768468389449e-11,4.3569535822674276e-11,4.360138746226124e-11,4.363323952090283e-11,4.366509191769769e-11,4.3696944572586616e-11,4.37287974063439e-11,4.376065034056836e-11,4.3792503297674956e-11,4.382435620088611e-11,4.385620897422332e-11,4.3888061542498865e-11,4.3919913831307594e-11,4.395176576701865e-11,4.39836172767676e-11,4.401546828844846e-11,4.4047318730705615e-11,4.4079168532926357e-11,4.411101762523303e-11,4.414286593847541e-11,4.417471340422331e-11,4.420655995475905e-11,4.423840552307017e-11,4.427025004284223e-11,4.430209344845153e-11,4.433393567495785e-11,4.436577665809807e-11,4.4397616334278546e-11,4.442945464056855e-11,4.4461291514693397e-11,4.449312689502792e-11,4.452496072058963e-11,4.455679293103236e-11,4.458862346663949e-11,4.4620452268317925e-11,4.465227927759139e-11,4.4684104436594495e-11,4.471592768806626e-11,4.47477489753441e-11,4.47795682423578e-11,4.481138543362349e-11,4.484320049423769e-11,4.487501336987145e-11,4.4906824006764565e-11,4.493863235171991e-11,4.497043835209761e-11,4.5002241955809635e-11,4.503404311131399e-11,4.506584176760955e-11,4.509763787423037e-11,4.512943138124046e-11,4.516122223922836e-11,4.519301039930205e-11,4.5224795813083544e-11,4.525657843270393e-11,4.528835821079836e-11,4.532013510050075e-11,4.535190905543893e-11,4.538368002972987e-11,4.5415447977974545e-11,4.544721285525345e-11,4.547897461712148e-11,4.55107332196035e-11,4.5542488619189596e-11,4.557424077283041e-11,4.56059896379327e-11,4.563773517235464e-11,4.566947733440159e-11,4.5701216082821496e-11,4.573295137680062e-11,4.576468317595918e-11,4.57964114403471e-11,4.582813613043976e-11,4.585985720713376e-11,4.5891574631742966e-11,4.592328836599416e-11,4.595499837202313e-11,4.598670461237076e-11,4.601840704997878e-11,4.605010564818614e-11,4.608180037072487e-11,4.611349118171644e-11,4.6145178045667807e-11,4.617686092746778e-11,4.6208539792383106e-11,4.624021460605518e-11,4.627188533449591e-11,4.630355194408433e-11,4.633521440156303e-11,4.636687267403472e-11,4.6398526728958594e-11,4.643017653414677e-11,4.646182205776129e-11,4.649346326831019e-11,4.6525100134644513e-11,4.655673262595485e-11,4.6588360711768116e-11,4.661998436194423e-11,4.665160354667298e-11,4.668321823647082e-11,4.671482840217749e-11,4.674643401495335e-11,4.6778035046275936e-11,4.680963146793703e-11,4.6841223252039676e-11,4.6872810370994985e-11,4.6904392797519534e-11,4.6935970504632094e-11,4.69675434656508e-11,4.699911165419048e-11,4.70306750441596e-11,4.706223360975744e-11,4.7093787325471516e-11,4.712533616607463e-11,4.7156880106622215e-11,4.7188419122449626e-11,4.721995318916951e-11,4.7251482282668994e-11,4.7283006379107306e-11,4.731452545491302e-11,4.73460394867815e-11,4.737754845167245e-11,4.740905232680723e-11,4.7440551089666645e-11,4.7472044717988057e-11,4.750353318976357e-11,4.753501648323688e-11,4.756649457690135e-11,4.759796744949756e-11,4.762943508001101e-11,4.76608974476696e-11,4.769235453194152e-11,4.7723806312532886e-11,4.775525276938546e-11,4.778669388267464e-11,4.781812963280698e-11,4.784956000041812e-11,4.7880984966370475e-11,4.7912404511751426e-11,4.7943818617871107e-11,4.7975227266259936e-11,4.8006630438666904e-11,4.803802811705741e-11,4.806942028361126e-11,4.8100806920720523e-11,4.8132188010987733e-11,4.816356353722374e-11,4.819493348244583e-11,4.822629782987578e-11,4.8257656562937844e-11,4.8289009665257034e-11,4.8320357120657023e-11,4.835169891315851e-11,4.8383035026977196e-11,4.841436544652204e-11,4.8445690156393234e-11,4.847700914138087e-11,4.8508322386462734e-11,4.853962987680265e-11,4.8570931597748965e-11,4.8602227534832526e-11,4.8633517673765116e-11,4.866480200043778e-11,4.869608050091897e-11,4.872735316145322e-11,4.875861996845914e-11,4.8789880908528115e-11,4.882113596842246e-11,4.885238513507388e-11,4.8883628395581936e-11,4.891486573721249e-11,4.8946097147396094e-11,4.897732261372649e-11,4.9008542123958823e-11,4.9039755666009156e-11,4.907096322795149e-11,4.910216479801713e-11,4.9133360364593307e-11,4.916454991622134e-11,4.919573344159561e-11,4.922691092956177e-11,4.925808236911548e-11,4.928924774940112e-11,4.9320407059710174e-11,4.935156028948012e-11,4.938270742829289e-11,4.9413848465873606e-11,4.9444983392089194e-11,4.9476112196947185e-11,4.950723487059426e-11,4.953835140331514e-11,4.95694617855311e-11,4.960056600779882e-11,4.9631664060809154e-11,4.9662755935385757e-11,4.9693841622484055e-11,4.9724921113189845e-11,4.975599439871795e-11,4.978706147041188e-11,4.981812231974131e-11,4.9849176938301804e-11,4.988022531781346e-11,4.9911267450119785e-11,4.994230332718633e-11,4.997333294110022e-11,5.0004356284067415e-11,5.00353733484136e-11,5.0066384126582513e-11,5.009738861113385e-11,5.012838679474315e-11,5.015937867020078e-11,5.019036423040957e-11,5.0221343468385725e-11,5.02523163772566e-11,5.02832829502593e-11,5.031424318074135e-11,5.03451970621579e-11,5.037614458807515e-11,5.040708575215534e-11,5.043802054817415e-11,5.046894897001116e-11,5.0499871011648244e-11,5.0530786667169755e-11,5.0561695930761417e-11,5.05925987967096e-11,5.062349525940003e-11,5.0654385313317694e-11,5.0685268953044825e-11,5.071614617326063e-11,5.074701696874112e-11,5.077788133435534e-11,5.0808739265068624e-11,5.0839590755938046e-11,5.087043580211525e-11,5.0901274398841364e-11,5.093210654144981e-11,5.096293222536258e-11,5.099375144609236e-11,5.1024564199238755e-11,5.1055370480489474e-11,5.1086170285619644e-11,5.111696361048765e-11,5.1147750451038426e-11,5.117853080330879e-11,5.1209304663398543e-11,5.1240072027509783e-11,5.1270832891919945e-11,5.130158725298767e-11,5.1332335107158433e-11,5.1363076450961663e-11,5.139381128095526e-11,5.1424539593838266e-11,5.145526138635743e-11,5.148597665535661e-11,5.151668539773517e-11,5.1547387610463896e-11,5.157808329062116e-11,5.160877243532629e-11,5.163945504178307e-11,5.167013110726705e-11,5.170080062912705e-11,5.1731463604792384e-11,5.1762120031732374e-11,5.1792769907517084e-11,5.1823413229776287e-11,5.185404999620676e-11,5.1884680204574903e-11,5.1915303852713846e-11,5.194592093852295e-11,5.197653145996728e-11,5.200713541508222e-11,5.2037732801961244e-11,5.20683236187656e-11,5.20989078637188e-11,5.2129485535109935e-11,5.2160056631288195e-11,5.219062115066578e-11,5.222117909171522e-11,5.2251730452970744e-11,5.2282275233026576e-11,5.2312813430536594e-11,5.234334504421373e-11,5.2373870072829376e-11,5.240438851521285e-11,5.243490037025091e-11,5.246540563688732e-11,5.2495904314122193e-11,5.252639640101138e-11,5.255688189666542e-11,5.258736080025164e-11,5.2617833110989574e-11,5.2648298828153506e-11,5.2678757951069274e-11,5.2709210479117765e-11,5.273965641173266e-11,5.277009574839565e-11,5.2800528488644716e-11,5.283095463206418e-11,5.2861374178290455e-11,5.289178712701032e-11,5.292219347795906e-11,5.29525932309211e-11,5.298298638572928e-11,5.301337294226362e-11,5.3043752900454617e-11,5.307412626027676e-11,5.310449302175136e-11,5.3134853184947244e-11,5.316520674997931e-11,5.319555371700614e-11,5.3225894086231855e-11,5.325622785790515e-11,5.328655503231863e-11,5.331687560980856e-11,5.33471895907544e-11,5.337749697557829e-11,5.340779776474488e-11,5.3438091958759943e-11,5.346837955817304e-11,5.3498660563572586e-11,5.352893497558873e-11,5.3559202794891726e-11,5.358946402219193e-11,5.361971865823936e-11,5.3649966703823055e-11,5.3680208159771214e-11,5.371044302695015e-11,5.374067130626477e-11,5.377089299865666e-11,5.3801108105105877e-11,5.3831316626629e-11,5.3861518564279284e-11,5.389171391914636e-11,5.392190269235557e-11,5.395208488506814e-11,5.398226049848029e-11,5.401242953382319e-11,5.404259199236261e-11,5.407274787539849e-11,5.410289718426496e-11,5.413303992032883e-11,5.4163176084991e-11,5.419330567968493e-11,5.422342870587673e-11,5.425354516506466e-11,5.4283655058779004e-11,5.4313758388581575e-11,5.434385515606561e-11,5.437394536285519e-11,5.4404029010605244e-11,5.443410610100106e-11,5.4464176635757815e-11,5.449424061662071e-11,5.452429804536434e-11,5.455434892379253e-11,5.458439325373796e-11,5.461443103706193e-11,5.4644462275654174e-11,5.4674486971432506e-11,5.470450512634209e-11,5.4734516742356075e-11,5.4764521821474655e-11,5.4794520365724845e-11,5.482451237716057e-11,5.4854497857861874e-11,5.4884476809935145e-11,5.491444923551251e-11,5.4944415136751815e-11,5.4974374515836115e-11,5.5004327374973703e-11,5.503427371639758e-11,5.506421354236536e-11,5.509414685515905e-11,5.512407365708466e-11,5.5153993950471995e-11,5.5183907737674536e-11,5.5213815021069086e-11,5.524371580305559e-11,5.527361008605678e-11,5.5303497872518034e-11,5.533337916490713e-11,5.536325396571413e-11,5.5393122277450745e-11,5.542298410265058e-11,5.5452839443868746e-11,5.5482688303681564e-11,5.551253068468633e-11,5.55423665895011e-11,5.557219602076489e-11,5.560201898113669e-11,5.5631835473295775e-11,5.5661645499941356e-11,5.569144906379232e-11,5.572124616758726e-11,5.575103681408391e-11,5.578082100605914e-11,5.5810598746308885e-11,5.584037003764759e-11,5.587013488290835e-11,5.589989328494237e-11,5.5929645246619166e-11,5.595939077082607e-11,5.598912986046813e-11,5.6018862518467987e-11,5.6048588747765505e-11,5.6078308551317805e-11,5.610802193209887e-11,5.613772889309952e-11,5.616742943732715e-11,5.6197123567806464e-11,5.622681128757572e-11,5.625649259969185e-11,5.628616750722681e-11,5.631583601326822e-11,5.6345498120919224e-11,5.6375153833298276e-11,5.6404803153539075e-11,5.643444608479039e-11,5.646408263021541e-11,5.649371279299246e-11,5.652333657631418e-11,5.655295398338738e-11,5.6582565017433524e-11,5.658256504321673e-11,5.658256506807743e-11,5.658256509258025e-11,5.658256511694771e-11,5.6582565141264064e-11,5.6582565165561053e-11,5.6582565189850643e-11,5.6582565214137325e-11,5.658256523842284e-11,5.658256526270779e-11,5.6582565286992395e-11,5.658256531127678e-11,5.658256533556097e-11,5.658256535984498e-11,5.6582565384128796e-11,5.658256540841246e-11,5.658256543269594e-11,5.658256545697923e-11,5.658256548126235e-11,5.65825655055453e-11,5.658256552982808e-11,5.6582565554110683e-11,5.6582565578393094e-11,5.658256560267532e-11,5.658256562695739e-11,5.6582565651239226e-11,5.6582565675520874e-11,5.658256569980232e-11,5.65825657240836e-11,5.658256574836474e-11,5.6582565772645604e-11,5.6582565796926334e-11,5.658256582120695e-11,5.658256584548734e-11,5.6582565869767594e-11,5.658256589404761e-11,5.65825659183275e-11,5.658256594260721e-11,5.6582565966886734e-11,5.658256599116607e-11,5.658256601544533e-11,5.658256603972429e-11,5.658256606400309e-11,5.65825660882818e-11,5.658256611256036e-11,5.658256613683873e-11,5.6582566161116936e-11,5.6582566185394984e-11,5.658256620967283e-11,5.6582566233950525e-11,5.6582566258228037e-11,5.6582566282505374e-11,5.658256630678253e-11,5.658256633105952e-11,5.658256635533632e-11,5.658256637961295e-11,5.6582566403889424e-11,5.658256642816571e-11,5.658256645244179e-11,5.658256647671773e-11,5.6582566500993494e-11,5.658256652526907e-11,5.6582566549544466e-11,5.658256657381971e-11,5.658256659809476e-11,5.6582566622369634e-11,5.6582566646644335e-11,5.658256667091888e-11,5.6582566695193213e-11,5.6582566719467404e-11,5.6582566743741393e-11,5.6582566768015215e-11,5.658256679228886e-11,5.6582566816562336e-11,5.6582566840835615e-11,5.658256686510878e-11,5.65825668893817e-11,5.6582566913654456e-11,5.658256693792706e-11,5.6582566962199496e-11,5.658256698647175e-11,5.6582567010743824e-11,5.658256703501571e-11,5.658256705928744e-11,5.658256708355898e-11,5.658256710783034e-11,5.658256713210153e-11,5.658256715637256e-11,5.658256718064342e-11,5.6582567204914095e-11,5.658256722918457e-11,5.6582567253454895e-11,5.658256727772503e-11,5.6582567301995003e-11,5.658256732626478e-11,5.658256735053443e-11,5.6582567374803855e-11,5.658256739907311e-11,5.658256742334221e-11,5.658256744761112e-11,5.658256747187985e-11,5.658256749614844e-11,5.6582567520416826e-11,5.658256754468505e-11,5.6582567568953064e-11,5.658256759322094e-11,5.658256761748863e-11,5.658256764175615e-11,5.658256766602348e-11,5.6582567690290657e-11,5.658256771455762e-11,5.658256773882443e-11,5.658256776309108e-11,5.658256778735754e-11,5.6582567811623835e-11,5.658256783588995e-11,5.658256786015589e-11,5.6582567884421655e-11,5.658256790868725e-11,5.658256793295267e-11,5.65825679572179e-11,5.658256798148297e-11,5.658256800574786e-11,5.658256803001258e-11,5.658256805427711e-11,5.6582568078541474e-11,5.658256810280568e-11,5.658256812706966e-11,5.658256815133351e-11,5.658256817559715e-11,5.658256819986064e-11,5.658256822412395e-11,5.658256824838711e-11,5.6582568272650055e-11,5.658256829691284e-11,5.6582568321175455e-11,5.658256834543788e-11,5.658256836970014e-11,5.658256839396222e-11,5.658256841822414e-11,5.658256844248587e-11,5.658256846674744e-11,5.658256849100882e-11,5.658256851527004e-11,5.6582568539531065e-11,5.658256856379194e-11,5.6582568588052613e-11,5.658256861231314e-11,5.6582568636573445e-11,5.6582568660833644e-11,5.6582568685093636e-11,5.6582568709353435e-11,5.658256873361308e-11,5.658256875787254e-11,5.6582568782131836e-11,5.658256880639094e-11,5.658256883064987e-11,5.6582568854908633e-11,5.6582568879167223e-11,5.658256890342562e-11,5.658256892768388e-11,5.658256895194192e-11,5.658256897619982e-11,5.658256900045753e-11,5.6582569024715074e-11,5.658256904897243e-11,5.658256907322961e-11,5.658256909748664e-11,5.658256912174347e-11,5.6582569146000115e-11,5.6582569170256605e-11,5.658256919451292e-11,5.658256921876907e-11,5.6582569243025034e-11,5.6582569267280826e-11,5.658256929153644e-11,5.6582569315791867e-11,5.6582569340047116e-11,5.6582569364302203e-11,5.658256938855712e-11,5.658256941281186e-11,5.658256943706643e-11,5.658256946132082e-11,5.658256948557503e-11,5.658256950982908e-11,5.658256953408293e-11,5.658256955833663e-11,5.658256958259014e-11,5.658256960684349e-11,5.6582569631096657e-11,5.6582569655349644e-11,5.658256967960248e-11,5.658256970385513e-11,5.6582569728107585e-11,5.6582569752359855e-11,5.658256977661199e-11,5.658256980086393e-11,5.658256982511568e-11,5.658256984936726e-11,5.658256987361868e-11,5.658256989786993e-11,5.6582569922121014e-11,5.6582569946371914e-11,5.6582569970622607e-11,5.658256999487316e-11,5.6582570019123515e-11,5.6582570043373717e-11,5.658257006762371e-11,5.6582570091873565e-11,5.658257011612324e-11,5.658257014037275e-11,5.658257016462204e-11,5.6582570188871193e-11,5.6582570213120155e-11,5.658257023736895e-11,5.658257026161758e-11,5.658257028586601e-11,5.6582570310114255e-11,5.658257033436237e-11,5.6582570358610284e-11,5.658257038285803e-11,5.6582570407105595e-11,5.658257043135297e-11,5.658257045560019e-11,5.6582570479847244e-11,5.658257050409412e-11,5.658257052834081e-11,5.658257055258732e-11,5.658257057683367e-11,5.6582570601079837e-11,5.6582570625325845e-11,5.658257064957167e-11,5.6582570673817324e-11,5.6582570698062796e-11,5.658257072230808e-11,5.65825707465532e-11,5.658257077079815e-11,5.658257079504293e-11,5.6582570819287536e-11,5.658257084353196e-11,5.65825708677762e-11,5.6582570892020274e-11,5.658257091626419e-11,5.6582570940507914e-11,5.6582570964751467e-11,5.658257098899484e-11,5.658257101323806e-11,5.658257103748108e-11,5.6582571061723944e-11,5.65825710859666e-11,5.658257111020908e-11,5.658257113445143e-11,5.6582571158693584e-11,5.658257118293556e-11,5.658257120717734e-11,5.6582571231418974e-11,5.658257125566043e-11,5.658257127990169e-11,5.658257130414281e-11,5.658257132838373e-11,5.658257135262449e-11,5.658257137686506e-11,5.6582571401105486e-11,5.658257142534571e-11,5.658257144958577e-11,5.658257147382567e-11,5.658257149806537e-11,5.658257152230491e-11,5.6582571546544265e-11,5.658257157078343e-11,5.658257159502245e-11,5.6582571619261274e-11,5.658257164349996e-11,5.658257166773843e-11,5.6582571691976744e-11,5.658257171621489e-11,5.6582571740452856e-11,5.658257176469065e-11,5.658257178892825e-11,5.658257181316568e-11,5.658257183740294e-11,5.6582571861640024e-11,5.6582571885876946e-11,5.6582571910113693e-11,5.658257193435026e-11,5.658257195858666e-11,5.658257198282288e-11,5.658257200705891e-11,5.658257203129478e-11,5.658257205553046e-11,5.658257207976597e-11,5.6582572104001326e-11,5.658257212823649e-11,5.658257215247149e-11,5.658257217670631e-11,5.6582572200940955e-11,5.6582572225175415e-11,5.658257224940972e-11,5.6582572273643843e-11,5.658257229787779e-11,5.658257232211158e-11,5.658257234634517e-11,5.6582572370578606e-11,5.658257239481186e-11,5.6582572419044934e-11,5.658257244327783e-11,5.658257246751056e-11,5.6582572491743104e-11,5.6582572515975464e-11,5.6582572540207675e-11,5.658257256443973e-11,5.658257258867157e-11,5.658257261290326e-11,5.6582572637134767e-11,5.65825726613661e-11,5.658257268559727e-11,5.658257270982824e-11,5.658257273405906e-11,5.658257275828969e-11,5.658257278252015e-11,5.658257280675043e-11,5.658257283098054e-11,5.658257285521047e-11,5.658257287944022e-11,5.658257290366984e-11,5.6582572927899234e-11,5.658257295212847e-11,5.6582572976357555e-11,5.658257300058644e-11,5.6582573024815165e-11,5.6582573049043686e-11,5.658257307327205e-11,5.658257309750026e-11,5.658257312172827e-11,5.658257314595612e-11,5.6582573170183796e-11,5.658257319441129e-11,5.658257321863861e-11,5.658257324286575e-11,5.6582573267092735e-11,5.658257329131954e-11,5.6582573315546183e-11,5.658257333977261e-11,5.658257336399891e-11,5.6582573388225e-11,5.658257341245095e-11,5.6582573436676684e-11,5.6582573460902264e-11,5.6582573485127676e-11,5.6582573509352895e-11,5.658257353357795e-11,5.658257355780285e-11,5.6582573582027555e-11,5.658257360625209e-11,5.6582573630476435e-11,5.6582573654700626e-11,5.658257367892464e-11,5.658257370314846e-11,5.6582573727372146e-11,5.6582573751595626e-11,5.6582573775818945e-11,5.6582573800042076e-11,5.6582573824265045e-11,5.6582573848487815e-11,5.6582573872710435e-11,5.658257389693289e-11,5.658257392115515e-11,5.658257394537725e-11,5.658257396959917e-11,5.6582573993820915e-11,5.658257401804249e-11,5.658257404226388e-11,5.65825740664851e-11,5.658257409070616e-11,5.658257411492704e-11,5.658257413914773e-11,5.658257416336824e-11,5.6582574187588594e-11,5.6582574211808765e-11,5.658257423602877e-11,5.658257426024855e-11,5.658257428446821e-11,5.658257430868767e-11,5.658257433290699e-11,5.658257435712613e-11,5.65825743813451e-11,5.6582574405563875e-11,5.6582574429782476e-11,5.6582574454000916e-11,5.6582574478219174e-11,5.658257450243725e-11,5.658257452665516e-11,5.65825745508729e-11,5.658257457509046e-11,5.658257459930787e-11,5.658257462352508e-11,5.6582574647742125e-11,5.6582574671958994e-11,5.6582574696175695e-11,5.658257472039222e-11,5.658257474460854e-11,5.658257476882472e-11,5.6582574793040736e-11,5.6582574817256526e-11,5.658257484147218e-11,5.658257486568766e-11,5.6582574889902984e-11,5.658257491411813e-11,5.6582574938333084e-11,5.6582574962547886e-11,5.658257498676248e-11,5.6582575010976926e-11,5.658257503519118e-11,5.658257505940524e-11,5.658257508361918e-11,5.65825751078329e-11,5.658257513204646e-11,5.658257515625986e-11,5.658257518047305e-11,5.65825752046861e-11,5.658257522889896e-11,5.658257525311166e-11,5.6582575277324165e-11,5.6582575301536504e-11,5.658257532574866e-11,5.658257534996066e-11,5.658257537417246e-11,5.658257539838412e-11,5.658257542259559e-11,5.658257544680689e-11,5.6582575471018025e-11,5.6582575495228975e-11,5.658257551943975e-11,5.658257554365033e-11,5.6582575567860764e-11,5.658257559207102e-11,5.658257561628096e-11,5.658257564049085e-11,5.658257566470059e-11,5.6582575688910155e-11,5.658257571311956e-11,5.658257573732869e-11,5.658257576153763e-11,5.65825757857465e-11,5.6582575809955184e-11,5.658257583416369e-11,5.6582575858372056e-11,5.658257588258022e-11,5.6582575906788184e-11,5.6582575930996006e-11,5.6582575955203634e-11,5.658257597941112e-11,5.658257600361841e-11,5.658257602782553e-11,5.658257605203248e-11,5.6582576076239254e-11,5.6582576100445854e-11,5.6582576124652274e-11,5.658257614885854e-11,5.6582576173064615e-11,5.658257619727052e-11,5.658257622147625e-11,5.658257624568182e-11,5.658257626988719e-11,5.658257629409239e-11,5.658257631829743e-11,5.6582576342502295e-11,5.658257636670698e-11,5.658257639091151e-11,5.658257641511585e-11,5.6582576439320006e-11,5.6582576463524015e-11,5.658257648772783e-11,5.658257651193149e-11,5.6582576536134956e-11,5.658257656033824e-11,5.6582576584541365e-11,5.658257660874432e-11,5.658257663294709e-11,5.6582576657149696e-11,5.658257668135213e-11,5.658257670555438e-11,5.658257672975647e-11,5.658257675395838e-11,5.658257677816012e-11,5.6582576802361654e-11,5.658257682656305e-11,5.658257685076426e-11,5.6582576874965306e-11,5.6582576899166155e-11,5.6582576923366855e-11,5.658257694756736e-11,5.658257697176772e-11,5.6582576995967884e-11,5.658257702016788e-11,5.6582577044367695e-11,5.658257706856734e-11,5.6582577092766834e-11,5.658257711696611e-11,5.658257714116524e-11,5.658257716536419e-11,5.6582577189562985e-11,5.658257721376158e-11,5.658257723796004e-11,5.658257726215829e-11,5.658257728635638e-11,5.658257731055428e-11,5.658257733475202e-11,5.65825773589496e-11,5.658257738314698e-11,5.658257740734421e-11,5.6582577431541245e-11,5.6582577455738094e-11,5.6582577479934794e-11,5.658257750413131e-11,5.6582577528327664e-11,5.658257755252381e-11,5.6582577576719824e-11,5.658257760091565e-11,5.658257762511131e-11,5.658257764930679e-11,5.65825776735021e-11,5.6582577697697244e-11,5.6582577721892206e-11,5.658257774608699e-11,5.65825777702816e-11,5.658257779447602e-11,5.658257781867029e-11,5.6582577842864404e-11,5.658257786705831e-11,5.6582577891252047e-11,5.658257791544561e-11,5.6582577939639004e-11,5.658257796383221e-11,5.658257798802526e-11,5.6582578012218306e-11,5.658257803641101e-11,5.658257806060354e-11,5.658257808479588e-11,5.658257810898806e-11,5.658257813318008e-11,5.6582578157371895e-11,5.6582578181563665e-11,5.6582578205755143e-11,5.6582578229946454e-11,5.658257825413759e-11,5.6582578278328545e-11,5.658257830251933e-11,5.658257832670995e-11,5.6582578350900383e-11,5.658257837509065e-11,5.658257839928074e-11,5.6582578423470664e-11,5.6582578447660404e-11,5.6582578471849976e-11,5.658257849603939e-11,5.658257852022862e-11,5.658257854441768e-11,5.6582578568606546e-11,5.658257859279528e-11,5.6582578616983804e-11,5.6582578641172174e-11,5.6582578665360363e-11,5.6582578689548365e-11,5.658257871373619e-11,5.6582578737923846e-11,5.658257876211136e-11,5.6582578786298667e-11,5.65825788104858e-11,5.6582578834672783e-11,5.6582578858859564e-11,5.6582578883046176e-11,5.6582578907232647e-11,5.6582578931418904e-11,5.658257895560502e-11,5.6582578979790946e-11,5.65825790039767e-11,5.6582579028162284e-11,5.65825790523477e-11,5.6582579076532924e-11,5.658257910071798e-11,5.658257912490288e-11,5.658257914908759e-11,5.6582579173272123e-11,5.6582579197456493e-11,5.6582579221640676e-11,5.65825792458247e-11,5.658257927000855e-11,5.658257929419224e-11,5.658257931837574e-11,5.6582579342559056e-11,5.658257936674221e-11,5.65825793909252e-11,5.658257941510802e-11,5.6582579439290655e-11,5.6582579463473106e-11,5.658257948765541e-11,5.6582579511837516e-11,5.658257953601945e-11,5.658257956020123e-11,5.6582579584382826e-11,5.6582579608564237e-11,5.658257963274549e-11,5.6582579656926585e-11,5.6582579681107466e-11,5.658257970528819e-11,5.658257972946876e-11,5.6582579753649125e-11,5.6582579777829327e-11,5.658257980200934e-11,5.658257982618921e-11,5.6582579850368885e-11,5.658257987454841e-11,5.658257989872777e-11,5.6582579922906906e-11,5.658257994708589e-11,5.658257997126473e-11,5.6582579995443375e-11,5.658258001962184e-11,5.658258004380014e-11,5.658258006797825e-11,5.6582580092156214e-11,5.6582580116334045e-11,5.658258014051161e-11,5.6582580164689065e-11,5.6582580188866314e-11,5.658258021304339e-11,5.658258023722031e-11,5.658258026139705e-11,5.658258028557361e-11,5.658258030974999e-11,5.658258033392621e-11,5.6582580358102245e-11,5.658258038227812e-11,5.658258040645381e-11,5.6582580430629345e-11,5.6582580454804674e-11,5.6582580478979854e-11,5.658258050315487e-11,5.65825805273297e-11,5.658258055150428e-11,5.658258057567879e-11,5.658258059985311e-11,5.6582580624027254e-11,5.6582580648201226e-11,5.6582580672374824e-11,5.65825806965482e-11,5.658258072072144e-11,5.6582580744894524e-11,5.658258076906762e-11,5.658258079324054e-11,5.65825808174133e-11,5.658258084158587e-11,5.6582580865758284e-11,5.658258088993053e-11,5.6582580914102577e-11,5.658258093827446e-11,5.6582580962446185e-11,5.658258098661773e-11,5.658258101078908e-11,5.6582581034960275e-11,5.6582581059131313e-11,5.658258108330215e-11,5.658258110747282e-11,5.658258113164334e-11,5.658258115581366e-11,5.658258117998381e-11,5.658258120415381e-11,5.658258122832361e-11,5.658258125249323e-11,5.6582581276662696e-11,5.658258130083199e-11,5.6582581324999745e-11,5.658258134916732e-11,5.658258137333609e-11,5.65825813975047e-11,5.658258142167311e-11,5.6582581445841384e-11,5.658258147000947e-11,5.658258149417738e-11,5.6582581518345115e-11,5.6582581542512683e-11,5.6582581566680077e-11,5.6582581590847276e-11,5.658258161501432e-11,5.658258163918119e-11,5.658258166334789e-11,5.658258168751443e-11,5.658258171168077e-11,5.6582581735846945e-11,5.6582581760012937e-11,5.658258178417878e-11,5.658258180834441e-11,5.658258183250992e-11,5.6582581856675214e-11,5.658258188084035e-11,5.6582581905005316e-11,5.6582581929170125e-11,5.658258195333472e-11,5.6582581977499166e-11,5.658258200166345e-11,5.658258202582754e-11,5.658258204999148e-11,5.658258207415521e-11,5.65825820983188e-11,5.658258212248223e-11,5.658258214664547e-11,5.658258217080852e-11,5.658258219497141e-11,5.658258221913413e-11,5.6582582243296654e-11,5.658258226745904e-11,5.658258229162123e-11,5.6582582315783253e-11,5.6582582339945115e-11,5.658258236410678e-11,5.658258238826829e-11,5.658258241242961e-11,5.658258243659076e-11,5.658258246075177e-11,5.658258248491257e-11,5.658258250907321e-11,5.658258253323367e-11,5.658258255739395e-11,5.658258258155408e-11,5.6582582605714026e-11,5.6582582629873794e-11,5.658258265403339e-11,5.658258267819282e-11,5.658258270235187e-11,5.6582582726510946e-11,5.6582582750669855e-11,5.65825827748286e-11,5.658258279898714e-11,5.658258282314554e-11,5.658258284730372e-11,5.658258287146183e-11,5.658258289561967e-11,5.658258291977735e-11,5.658258294393488e-11,5.658258296809223e-11,5.6582582992249426e-11,5.658258301640643e-11,5.6582583040563294e-11,5.658258306471993e-11,5.658258308887641e-11,5.658258311303272e-11,5.658258313718887e-11,5.658258316134484e-11,5.6582583185500634e-11,5.658258320965624e-11,5.65825832338117e-11,5.6582583257966974e-11,5.658258328212209e-11,5.658258330627702e-11,5.658258333043177e-11,5.658258335458636e-11,5.6582583378740746e-11,5.658258340289499e-11,5.6582583427049044e-11,5.6582583451202924e-11,5.658258347535666e-11,5.658258349951024e-11,5.6582583523663616e-11,5.6582583547816806e-11,5.658258357196984e-11,5.65825835961227e-11,5.65825836202754e-11,5.6582583644427915e-11,5.6582583668580244e-11,5.658258369273242e-11,5.658258371688439e-11,5.6582583741036187e-11,5.658258376518786e-11,5.658258378933931e-11,5.658258381349062e-11,5.658258383764039e-11,5.658258386179133e-11,5.658258388594213e-11,5.658258391009274e-11,5.6582583934243166e-11,5.658258395839332e-11,5.658258398254345e-11,5.658258400669339e-11,5.6582584030843115e-11,5.6582584054992685e-11,5.6582584079142094e-11,5.658258410329134e-11,5.65825841274404e-11,5.6582584151589286e-11,5.658258417573798e-11,5.658258419988653e-11,5.658258422403489e-11,5.658258424818311e-11,5.658258427233113e-11,5.6582584296479024e-11,5.6582584320626694e-11,5.6582584344774197e-11,5.658258436892155e-11,5.65825843930687e-11,5.6582584417214345e-11,5.6582584441359863e-11,5.6582584465506493e-11,5.6582584489652955e-11,5.6582584513799236e-11,5.658258453794537e-11,5.658258456209131e-11,5.658258458623707e-11,5.658258461038269e-11,5.6582584634528095e-11,5.658258465867336e-11,5.658258468281844e-11,5.6582584706963364e-11,5.6582584731108094e-11,5.6582584755252656e-11,5.6582584779397043e-11,5.6582584803541276e-11,5.658258482768534e-11,5.6582584851829204e-11,5.6582584875972913e-11,5.658258490011643e-11,5.6582584924259795e-11,5.658258494840278e-11,5.6582584972545584e-11,5.658258499668842e-11,5.6582585020831096e-11,5.658258504497361e-11,5.658258506911561e-11,5.6582585093257763e-11,5.658258511739976e-11,5.6582585141541556e-11,5.658258516568319e-11,5.658258518982465e-11,5.658258521396594e-11,5.658258523810706e-11,5.658258526224801e-11,5.658258528638877e-11,5.658258531052939e-11,5.658258533466979e-11,5.6582585358810056e-11,5.658258538295013e-11,5.658258540709002e-11,5.6582585431229745e-11,5.65825854553693e-11,5.65825854795087e-11,5.658258550364792e-11,5.6582585527786854e-11,5.6582585551925736e-11,5.658258557606441e-11,5.658258560020293e-11,5.658258562434131e-11,5.6582585648479414e-11,5.6582585672617404e-11,5.6582585696755245e-11,5.658258572089291e-11,5.65825857450304e-11,5.658258576916772e-11,5.658258579330487e-11,5.6582585817441846e-11,5.658258584157865e-11,5.658258586571528e-11,5.6582585889851725e-11,5.658258591398801e-11,5.658258593812413e-11,5.658258596226007e-11,5.658258598639585e-11,5.6582586010531424e-11,5.658258603466684e-11,5.658258605880209e-11,5.658258608293716e-11,5.658258610707207e-11,5.65825861312068e-11,5.658258615534135e-11,5.658258617947573e-11,5.658258620360994e-11,5.658258622774398e-11,5.658258625187785e-11,5.658258627601154e-11,5.6582586300145064e-11,5.658258632427842e-11,5.6582586348411595e-11,5.658258637254461e-11,5.658258639667745e-11,5.658258642081012e-11,5.658258644494261e-11,5.658258646907493e-11,5.6582586493207074e-11,5.658258651733904e-11,5.658258654147084e-11,5.658258656560247e-11,5.6582586589733926e-11,5.65825866138652e-11,5.658258663799632e-11,5.6582586662127255e-11,5.658258668625802e-11,5.6582586710388604e-11,5.6582586734519046e-11,5.658258675864929e-11,5.6582586782779354e-11,5.6582586806909266e-11,5.658258683103899e-11,5.6582586855168534e-11,5.6582586879297935e-11,5.6582586903427155e-11,5.65825869275562e-11,5.6582586951685085e-11,5.658258697581379e-11,5.658258699994231e-11,5.6582587024070666e-11,5.6582587048198846e-11,5.6582587072326845e-11,5.658258709645466e-11,5.658258712058233e-11,5.658258714470984e-11,5.6582587168837154e-11,5.6582587192964306e-11,5.658258721709128e-11,5.658258724121808e-11,5.6582587265344716e-11,5.6582587289471165e-11,5.658258731359746e-11,5.658258733772359e-11,5.658258736184952e-11,5.6582587385975276e-11,5.658258741010087e-11,5.658258743422629e-11,5.658258745835155e-11,5.658258748247664e-11,5.658258750660154e-11,5.658258753072626e-11,5.658258755485085e-11,5.658258757897522e-11,5.6582587603099447e-11,5.6582587627223484e-11,5.6582587651347367e-11,5.6582587675471055e-11,5.658258769959462e-11,5.6582587723717987e-11,5.6582587747841184e-11,5.658258777196419e-11,5.6582587796087036e-11,5.6582587820209704e-11,5.658258784433219e-11,5.6582587868454515e-11,5.658258789257666e-11,5.658258791669858e-11,5.658258794082037e-11,5.6582587964942e-11,5.6582587989063446e-11,5.6582588013184737e-11,5.6582588037305853e-11,5.658258806142679e-11,5.658258808554756e-11,5.658258810966817e-11,5.65825881337886e-11,5.658258815790885e-11,5.658258818202895e-11,5.658258820614885e-11,5.65825882302686e-11,5.658258825438816e-11,5.6582588278507565e-11,5.6582588302626775e-11,5.658258832674582e-11,5.658258835086472e-11,5.658258837498342e-11,5.658258839910197e-11,5.6582588423220325e-11,5.6582588447338514e-11,5.658258847145653e-11,5.658258849557438e-11,5.658258851969207e-11,5.658258854380958e-11,5.658258856792691e-11,5.658258859204409e-11,5.658258861616107e-11,5.658258864027789e-11,5.6582588664394565e-11,5.658258868851104e-11,5.658258871262735e-11,5.658258873674346e-11,5.65825887608594e-11,5.658258878497517e-11,5.6582588809090775e-11,5.6582588833206243e-11,5.6582588857321505e-11,5.65825888814366e-11,5.65825889055515e-11,5.658258892966625e-11,5.658258895378083e-11,5.658258897789523e-11,5.658258900200946e-11,5.6582589026123535e-11,5.658258905023743e-11,5.658258907435116e-11,5.658258909846471e-11,5.6582589122577893e-11,5.658258914669112e-11,5.6582589170804145e-11,5.6582589194916996e-11,5.6582589219029686e-11,5.6582589243142175e-11,5.658258926725451e-11,5.658258929136679e-11,5.658258931547877e-11,5.6582589339590614e-11,5.6582589363702263e-11,5.658258938781373e-11,5.658258941192504e-11,5.658258943603617e-11,5.658258946014715e-11,5.658258948425796e-11,5.658258950836858e-11,5.6582589532479045e-11,5.658258955658929e-11,5.658258958069936e-11,5.6582589604809275e-11,5.658258962891904e-11,5.6582589653028625e-11,5.658258967713805e-11,5.65825897012473e-11,5.658258972535637e-11,5.6582589749465296e-11,5.6582589773574024e-11,5.658258979768258e-11,5.658258982179098e-11,5.658258984589919e-11,5.6582589870007225e-11,5.65825898941151e-11,5.6582589918222814e-11,5.658258994233034e-11,5.65825899664377e-11,5.65825899905449e-11,5.6582590014651924e-11,5.6582590038758765e-11,5.658259006286543e-11,5.6582590086971924e-11,5.6582590111078235e-11,5.658259013518439e-11,5.6582590159290373e-11,5.6582590183396174e-11,5.6582590207501794e-11,5.6582590231607285e-11,5.658259025571258e-11,5.658259027981769e-11,5.6582590303922645e-11,5.658259032802744e-11,5.6582590352132023e-11,5.658259037623647e-11,5.65825904003407e-11,5.65825904244448e-11,5.658259044854873e-11,5.6582590472652484e-11,5.658259049675603e-11,5.6582590520859446e-11,5.6582590544962675e-11,5.658259056906575e-11,5.6582590593168635e-11,5.6582590617271346e-11,5.658259064137389e-11,5.658259066547627e-11,5.658259068957847e-11,5.658259071368049e-11,5.658259073778235e-11,5.658259076188403e-11,5.658259078598554e-11,5.6582590810086895e-11,5.658259083418806e-11,5.658259085828905e-11,5.658259088238988e-11,5.658259090649053e-11,5.6582590930591026e-11,5.658259095469132e-11,5.6582590978791473e-11,5.658259100289149e-11,5.6582591026991313e-11,5.6582591051090975e-11,5.6582591075190456e-11,5.6582591099289736e-11,5.658259112338886e-11,5.6582591147487844e-11,5.658259117158658e-11,5.658259119568519e-11,5.658259121978361e-11,5.6582591243881876e-11,5.658259126797987e-11,5.658259129207778e-11,5.6582591316175517e-11,5.658259134027327e-11,5.658259136437062e-11,5.6582591388467845e-11,5.658259141256491e-11,5.6582591436661785e-11,5.658259146075849e-11,5.658259148485501e-11,5.658259150895138e-11,5.6582591533047565e-11,5.658259155714358e-11,5.658259158123945e-11,5.658259160533513e-11,5.6582591629430644e-11,5.6582591653525975e-11,5.6582591677621217e-11,5.658259170171621e-11,5.658259172581102e-11,5.658259174990567e-11,5.6582591774000133e-11,5.658259179809443e-11,5.658259182218857e-11,5.658259184628252e-11,5.65825918703763e-11,5.6582591894469917e-11,5.658259191856336e-11,5.658259194265663e-11,5.6582591966749734e-11,5.6582591990842655e-11,5.658259201493542e-11,5.6582592039028013e-11,5.658259206312044e-11,5.6582592087212686e-11,5.658259211130476e-11,5.658259213539667e-11,5.65825921594884e-11,5.658259218357996e-11,5.658259220767134e-11,5.6582592231762557e-11,5.6582592255853604e-11,5.6582592279944477e-11,5.658259230403518e-11,5.65825923281257e-11,5.6582592352216074e-11,5.658259237630626e-11,5.658259240039629e-11,5.658259242448614e-11,5.65825924485758e-11,5.658259247266529e-11,5.658259249675463e-11,5.6582592520843776e-11,5.6582592544932775e-11,5.658259256902158e-11,5.658259259311022e-11,5.65825926171987e-11,5.6582592641287e-11,5.6582592665375125e-11,5.658259268946309e-11,5.658259271355086e-11,5.658259273763845e-11,5.658259276172591e-11,5.6582592785813184e-11,5.6582592809900277e-11,5.6582592833987214e-11,5.658259285807398e-11,5.6582592882160565e-11,5.658259290624697e-11,5.658259293033322e-11,5.658259295441931e-11,5.658259297850521e-11,5.658259300259094e-11,5.65825930266765e-11,5.658259305076188e-11,5.658259307484709e-11,5.6582593098932124e-11,5.658259312301699e-11,5.658259314710169e-11,5.658259317118622e-11,5.658259319527057e-11,5.6582593219354764e-11,5.658259324343877e-11,5.658259326752262e-11,5.65825932916063e-11,5.658259331568979e-11,5.658259333977311e-11,5.6582593363856276e-11,5.658259338793927e-11,5.6582593412022066e-11,5.6582593436104726e-11,5.658259346018719e-11,5.6582593484269495e-11,5.658259350835161e-11,5.658259353243357e-11,5.658259355651535e-11,5.658259358059695e-11,5.6582593604678415e-11,5.658259362875967e-11,5.658259365284077e-11,5.65825936769217e-11,5.6582593701002467e-11,5.658259372508304e-11,5.658259374916345e-11,5.6582593773243717e-11,5.6582593797323784e-11,5.6582593821403684e-11,5.658259384548343e-11,5.658259386956297e-11,5.658259389364237e-11,5.658259391772158e-11,5.658259394180061e-11,5.65825939658795e-11,5.65825939899582e-11,5.6582594014036723e-11,5.658259403811509e-11,5.6582594062193285e-11,5.65825940862713e-11,5.658259411034914e-11,5.658259413442682e-11,5.658259415850432e-11,5.658259418258165e-11,5.658259420665883e-11,5.65825942307358e-11,5.6582594254812624e-11,5.658259427888926e-11,5.6582594302965735e-11,5.6582594327042035e-11,5.658259435111818e-11,5.658259437519414e-11,5.6582594399269934e-11,5.6582594423345556e-11,5.6582594447420996e-11,5.658259447149626e-11,5.6582594495571354e-11,5.658259451964629e-11,5.6582594543721047e-11,5.6582594567795654e-11,5.658259459187008e-11,5.658259461594431e-11,5.658259464001838e-11,5.6582594664092285e-11,5.658259468816602e-11,5.658259471223959e-11,5.658259473631295e-11,5.658259476038619e-11,5.658259478445923e-11,5.658259480853212e-11,5.6582594832604835e-11,5.6582594856677354e-11,5.658259488074972e-11,5.6582594904821987e-11,5.658259492889403e-11,5.658259495296588e-11,5.6582594977037555e-11,5.658259500110905e-11,5.6582595025180385e-11,5.6582595049251567e-11,5.658259507332257e-11,5.65825950973934e-11,5.658259512146406e-11,5.6582595145534543e-11,5.658259516960486e-11,5.6582595193674995e-11,5.658259521774497e-11,5.658259524181478e-11,5.65825952658844e-11,5.6582595289953855e-11,5.6582595314023143e-11,5.658259533809226e-11,5.65825953621612e-11,5.658259538622996e-11,5.658259541029858e-11,5.6582595434367014e-11,5.6582595458435275e-11,5.658259548250337e-11,5.658259550657127e-11,5.658259553063901e-11,5.658259555470659e-11,5.658259557877398e-11,5.658259560284122e-11,5.6582595626908294e-11,5.6582595650975185e-11,5.65825956750419e-11,5.658259569910845e-11,5.6582595723174824e-11,5.658259574724102e-11,5.658259577130704e-11,5.6582595795372906e-11,5.65825958194386e-11,5.658259584350411e-11,5.658259586756945e-11,5.658259589163464e-11,5.6582595915699645e-11,5.6582595939764455e-11,5.658259596382915e-11,5.658259598789364e-11,5.658259601195795e-11,5.658259603602209e-11,5.6582596060086076e-11,5.658259608414991e-11,5.658259610821357e-11,5.658259613227704e-11,5.658259615634031e-11,5.6582596180403445e-11,5.658259620446641e-11,5.6582596228529207e-11,5.6582596252591826e-11,5.658259627665428e-11,5.658259630071654e-11,5.658259632477865e-11,5.6582596348840585e-11,5.658259637290232e-11,5.6582596396963937e-11,5.6582596421025354e-11,5.6582596445086584e-11,5.6582596469147646e-11,5.6582596493208533e-11,5.658259651726928e-11,5.658259654132984e-11,5.658259656539024e-11,5.658259658945044e-11,5.6582596613510463e-11,5.658259663757035e-11,5.6582596661630074e-11,5.6582596685689604e-11,5.6582596709748953e-11,5.658259673380815e-11,5.658259675786716e-11,5.6582596781925994e-11,5.658259680598467e-11,5.658259683004316e-11,5.658259685410147e-11,5.6582596878159637e-11,5.658259690221765e-11,5.658259692627546e-11,5.6582596950333116e-11,5.658259697439059e-11,5.658259699844789e-11,5.658259702250504e-11,5.658259704656204e-11,5.658259707061883e-11,5.6582597094675455e-11,5.658259711873189e-11,5.658259714278817e-11,5.658259716684426e-11,5.658259719090025e-11,5.658259721495602e-11,5.658259723901162e-11,5.658259726306707e-11,5.658259728712233e-11,5.658259731117743e-11,5.6582597335232314e-11,5.658259735928709e-11,5.6582597383341675e-11,5.6582597407396074e-11,5.658259743145025e-11,5.658259745550431e-11,5.6582597479558244e-11,5.6582597503611946e-11,5.658259752766552e-11,5.658259755171886e-11,5.658259757577206e-11,5.658259759982506e-11,5.658259762387785e-11,5.658259764793047e-11,5.6582597671982944e-11,5.658259769603527e-11,5.658259772008736e-11,5.6582597744139356e-11,5.6582597768191216e-11,5.65825977922429e-11,5.658259781629439e-11,5.658259784034575e-11,5.6582597864396916e-11,5.658259788844793e-11,5.658259791249876e-11,5.658259793654941e-11,5.658259796059989e-11,5.658259798465019e-11,5.658259800870035e-11,5.6582598032750323e-11,5.6582598056800134e-11,5.658259808084975e-11,5.658259810489922e-11,5.6582598128948514e-11,5.658259815299763e-11,5.6582598177046566e-11,5.658259820109535e-11,5.658259822514395e-11,5.658259824919239e-11,5.658259827324068e-11,5.6582598297288764e-11,5.658259832133669e-11,5.6582598345384425e-11,5.6582598369432026e-11,5.658259839347943e-11,5.6582598417526665e-11,5.658259844157375e-11,5.6582598465620665e-11,5.658259848966738e-11,5.658259851371395e-11,5.658259853776033e-11,5.658259856180653e-11,5.658259858585259e-11,5.658259860989846e-11,5.658259863394427e-11,5.6582598657989776e-11,5.658259868203514e-11,5.6582598706080344e-11,5.6582598730125366e-11,5.6582598754170214e-11,5.6582598778214926e-11,5.658259880225942e-11,5.658259882630375e-11,5.658259885034792e-11,5.6582598874391934e-11,5.6582598898435754e-11,5.6582598922479445e-11,5.6582598946522936e-11,5.6582598970566246e-11,5.658259899460942e-11,5.6582599018652394e-11,5.658259904269518e-11,5.6582599066737825e-11,5.6582599090780295e-11,5.6582599114822564e-11,5.658259913886472e-11,5.658259916290679e-11,5.6582599186948545e-11,5.658259921099015e-11,5.6582599235031746e-11,5.658259925907303e-11,5.6582599283114295e-11,5.6582599307155214e-11,5.658259933119599e-11,5.6582599355236554e-11,5.6582599379276994e-11,5.658259940331724e-11,5.6582599427357313e-11,5.658259945139723e-11,5.658259947543698e-11,5.658259949947654e-11,5.6582599523515935e-11,5.658259954755515e-11,5.658259957159419e-11,5.658259959563308e-11,5.6582599619671785e-11,5.658259964371035e-11,5.658259966774873e-11,5.658259969178692e-11,5.658259971582495e-11,5.658259973986282e-11,5.65825997639005e-11,5.6582599787938034e-11,5.658259981197537e-11,5.658259983601255e-11,5.658259986004955e-11,5.658259988408638e-11,5.6582599908123074e-11,5.658259993215956e-11,5.658259995619589e-11,5.658259998023205e-11,5.6582600004268034e-11,5.658260002830385e-11,5.658260005233948e-11,5.658260007637496e-11,5.658260010041027e-11,5.658260012444539e-11,5.6582600148480356e-11,5.658260017251514e-11,5.6582600196549773e-11,5.658260022058422e-11,5.6582600244618505e-11,5.658260026865261e-11,5.6582600292686546e-11,5.6582600316720324e-11,5.6582600340753934e-11,5.658260036478737e-11,5.658260038882064e-11,5.658260041285372e-11,5.658260043688664e-11,5.65826004609194e-11,5.6582600484951974e-11,5.65826005089844e-11,5.658260053301661e-11,5.658260055704867e-11,5.658260058108058e-11,5.65826006051123e-11,5.6582600629143843e-11,5.658260065317523e-11,5.6582600677206455e-11,5.6582600701237493e-11,5.658260072526838e-11,5.658260074929908e-11,5.6582600773329625e-11,5.658260079736e-11,5.6582600821390214e-11,5.65826008454202e-11,5.658260086945005e-11,5.658260089347974e-11,5.658260091750924e-11,5.6582600941538586e-11,5.658260096556776e-11,5.658260098959676e-11,5.658260101362561e-11,5.658260103765427e-11,5.658260106168276e-11,5.658260108571107e-11,5.658260110973922e-11,5.65826011337672e-11,5.6582601157795005e-11,5.658260118182264e-11,5.658260120585009e-11,5.6582601229877385e-11,5.658260125390453e-11,5.6582601277931486e-11,5.658260130195828e-11,5.658260132598489e-11,5.658260135001135e-11,5.658260137403762e-11,5.6582601398063715e-11,5.6582601422089673e-11,5.6582601446115444e-11,5.6582601470141035e-11,5.6582601494166476e-11,5.658260151819172e-11,5.65826015422168e-11,5.6582601566241715e-11,5.658260159026645e-11,5.6582601614291034e-11,5.658260163831544e-11,5.658260166233968e-11,5.658260168636373e-11,5.658260171038761e-11,5.6582601734411366e-11,5.658260175843492e-11,5.65826017824583e-11,5.6582601806481525e-11,5.6582601830504556e-11,5.6582601854527426e-11,5.658260187855012e-11,5.658260190257267e-11,5.658260192659505e-11,5.6582601950617236e-11,5.658260197463925e-11,5.65826019986611e-11,5.658260202268278e-11,5.6582602046704294e-11,5.658260207072564e-11,5.658260209474681e-11,5.658260211876782e-11,5.658260214278865e-11,5.6582602166809303e-11,5.65826021908298e-11,5.6582602214850124e-11,5.658260223887027e-11,5.658260226289025e-11,5.6582602286910054e-11,5.6582602310929686e-11,5.6582602334949156e-11,5.658260235896846e-11,5.658260238298759e-11,5.6582602407006565e-11,5.6582602431025344e-11,5.658260245504396e-11,5.658260247906239e-11,5.658260250308068e-11,5.65826025270988e-11,5.6582602551116744e-11,5.658260257513452e-11,5.658260259915212e-11,5.6582602623169545e-11,5.6582602647186806e-11,5.658260267120389e-11,5.65826026952208e-11,5.658260271923746e-11,5.658260274325406e-11,5.658260276727048e-11,5.658260279128672e-11,5.6582602815302786e-11,5.6582602839318664e-11,5.65826028633344e-11,5.658260288734995e-11,5.658260291136533e-11,5.658260293538055e-11,5.658260295939559e-11,5.658260298341047e-11,5.6582603007425164e-11,5.6582603031439717e-11,5.6582603055454075e-11,5.6582603079468285e-11,5.658260310348232e-11,5.658260312749617e-11,5.658260315150986e-11,5.6582603175523387e-11,5.6582603199536757e-11,5.6582603223549907e-11,5.6582603247562934e-11,5.6582603271575755e-11,5.658260329558843e-11,5.658260331960093e-11,5.6582603343613266e-11,5.658260336762541e-11,5.6582603391637395e-11,5.6582603415649246e-11,5.6582603439660884e-11,5.6582603463672373e-11,5.65826034876837e-11,5.658260351169484e-11,5.658260353570581e-11,5.6582603559716605e-11,5.658260358372724e-11,5.658260360773769e-11,5.658260363174803e-11,5.658260365575815e-11,5.6582603679768106e-11,5.658260370377788e-11,5.658260372778749e-11,5.6582603751796945e-11,5.658260377580621e-11,5.658260379981533e-11,5.658260382382425e-11,5.6582603847833e-11,5.658260387184161e-11,5.658260389585004e-11,5.65826039198583e-11,5.658260394386638e-11,5.6582603967874286e-11,5.6582603991882034e-11,5.658260401588959e-11,5.658260403989699e-11,5.658260406390425e-11,5.6582604087911305e-11,5.65826041119182e-11,5.658260413592493e-11,5.658260415993149e-11,5.658260418393787e-11,5.658260420794407e-11,5.658260423195013e-11,5.6582604255956007e-11,5.6582604279961505e-11,5.658260430396704e-11,5.6582604327972425e-11,5.6582604351977627e-11,5.658260437598135e-11,5.658260439998622e-11,5.658260442399091e-11,5.6582604447995395e-11,5.658260447199975e-11,5.658260449600392e-11,5.6582604520007936e-11,5.658260454401174e-11,5.658260456801543e-11,5.658260459201889e-11,5.658260461602224e-11,5.658260464002542e-11,5.658260466402813e-11,5.658260468803096e-11,5.658260471203363e-11,5.6582604736036125e-11,5.658260476003844e-11,5.6582604784040576e-11,5.6582604808042585e-11,5.65826048320444e-11,5.6582604856046015e-11,5.6582604880047455e-11,5.658260490404875e-11,5.658260492804987e-11,5.6582604952050807e-11,5.658260497605159e-11,5.658260500005222e-11,5.658260502405265e-11,5.658260504805292e-11,5.658260507205303e-11,5.6582605096052954e-11,5.658260512005272e-11,5.658260514405231e-11,5.658260516805174e-11,5.6582605192051006e-11,5.658260521605005e-11,5.658260524004899e-11,5.6582605264047714e-11,5.6582605288046324e-11,5.658260531204471e-11,5.6582605336042923e-11,5.6582605360041e-11,5.6582605384038915e-11,5.658260540803663e-11,5.658260543203419e-11,5.65826054560316e-11,5.658260548002881e-11,5.6582605504025864e-11,5.658260552802275e-11,5.6582605552019465e-11,5.6582605576016e-11,5.658260560001238e-11,5.6582605624008586e-11,5.658260564800459e-11,5.6582605672000474e-11,5.658260569599616e-11,5.6582605719991684e-11,5.6582605743987056e-11,5.658260576798224e-11,5.658260579197725e-11,5.6582605815972094e-11,5.6582605839966774e-11,5.65826058639613e-11,5.658260588795563e-11,5.6582605911949815e-11,5.658260593594245e-11,5.6582605959936275e-11,5.6582605983929915e-11,5.65826060079234e-11,5.658260603191672e-11,5.6582606055909854e-11,5.658260607990282e-11,5.65826061038956e-11,5.6582606127888254e-11,5.658260615188073e-11,5.658260617587303e-11,5.658260619986516e-11,5.6582606223857135e-11,5.658260624784892e-11,5.6582606271840583e-11,5.658260629583203e-11,5.6582606319823314e-11,5.658260634381441e-11,5.658260636780536e-11,5.658260639179613e-11,5.658260641578673e-11,5.6582606439777156e-11,5.658260646376742e-11,5.658260648775753e-11,5.658260651174745e-11,5.6582606535737216e-11,5.658260655972684e-11,5.658260658371625e-11,5.6582606607705516e-11,5.658260663169458e-11,5.658260665568355e-11,5.658260667967229e-11,5.658260670366085e-11,5.658260672764926e-11,5.658260675163749e-11,5.6582606775625546e-11,5.658260679961343e-11,5.6582606823601175e-11,5.658260684758873e-11,5.658260687157611e-11,5.658260689556335e-11,5.6582606919550403e-11,5.658260694353728e-11,5.658260696752399e-11,5.6582606991510515e-11,5.65826070154969e-11,5.658260703948306e-11,5.6582607063469096e-11,5.658260708745494e-11,5.658260711144063e-11,5.6582607135426164e-11,5.6582607159411526e-11,5.6582607183396694e-11,5.658260720738172e-11,5.6582607231366565e-11,5.658260725535124e-11,5.658260727933572e-11,5.658260730332009e-11,5.6582607327304246e-11,5.6582607351288264e-11,5.6582607375272075e-11,5.658260739925574e-11,5.658260742323923e-11,5.658260744722256e-11,5.6582607471205703e-11,5.6582607495188694e-11,5.658260751917152e-11,5.658260754315415e-11,5.6582607567136385e-11,5.658260759111882e-11,5.658260761510113e-11,5.6582607639083185e-11,5.6582607663064973e-11,5.65826076870466e-11,5.658260771102805e-11,5.658260773500933e-11,5.658260775899046e-11,5.65826077829714e-11,5.6582607806952175e-11,5.6582607830932774e-11,5.658260785491321e-11,5.6582607878893494e-11,5.658260790287358e-11,5.6582607926853536e-11,5.6582607950833295e-11,5.6582607974812887e-11,5.6582607998792316e-11,5.6582608022771584e-11,5.6582608046750665e-11,5.658260807072959e-11,5.658260809470835e-11,5.658260811868693e-11,5.658260814266534e-11,5.65826081666436e-11,5.658260819062167e-11,5.658260821459958e-11,5.658260823857732e-11,5.6582608262554875e-11,5.658260828653228e-11,5.658260831050952e-11,5.658260833448656e-11,5.6582608358463455e-11,5.6582608382440183e-11,5.658260840641673e-11,5.658260843039311e-11,5.6582608454369315e-11,5.658260847834535e-11,5.6582608502321214e-11,5.658260852629691e-11,5.658260855027244e-11,5.6582608574247806e-11,5.6582608598223016e-11,5.658260862219803e-11,5.6582608646172905e-11,5.6582608670147585e-11,5.658260869412211e-11,5.658260871809647e-11,5.658260874207064e-11,5.658260876604467e-11,5.658260879001851e-11,5.658260881399217e-11,5.6582608837965665e-11,5.6582608861939007e-11,5.658260888591216e-11,5.658260890988515e-11,5.658260893385798e-11,5.658260895783063e-11,5.658260898180313e-11,5.658260900577545e-11,5.65826090297476e-11,5.658260905371958e-11,5.6582609077691395e-11,5.658260910166304e-11,5.658260912563451e-11,5.6582609149605825e-11,5.658260917357696e-11,5.658260919754793e-11,5.6582609221518716e-11,5.658260924548935e-11,5.658260926945982e-11,5.658260929343011e-11,5.658260931740023e-11,5.6582609341370176e-11,5.6582609365339976e-11,5.65826093893096e-11,5.658260941327905e-11,5.658260943724832e-11,5.658260946121743e-11,5.658260948518637e-11,5.6582609509155136e-11,5.658260953312374e-11,5.658260955709217e-11,5.658260958106044e-11,5.6582609605028516e-11,5.658260962899642e-11,5.6582609652964194e-11,5.6582609676931785e-11,5.65826097008992e-11,5.6582609724866436e-11,5.6582609748833516e-11,5.6582609772800435e-11,5.6582609796767166e-11,5.6582609820733755e-11,5.658260984470016e-11,5.65826098686664e-11,5.658260989263246e-11,5.6582609916598365e-11,5.658260994056409e-11,5.658260996452965e-11,5.6582609988495037e-11,5.658261001246024e-11,5.6582610036425306e-11,5.658261006039018e-11,5.6582610084354904e-11,5.658261010831945e-11,5.6582610132283817e-11,5.658261015624803e-11,5.6582610180212077e-11,5.658261020417593e-11,5.658261022813964e-11,5.658261025210315e-11,5.6582610276066535e-11,5.658261030002974e-11,5.658261032399274e-11,5.6582610347955594e-11,5.65826103719183e-11,5.6582610395880816e-11,5.6582610419843166e-11,5.6582610443805334e-11,5.658261046776735e-11,5.658261049172918e-11,5.658261051569085e-11,5.658261053965236e-11,5.658261056361369e-11,5.6582610587574876e-11,5.658261061153589e-11,5.658261063549672e-11,5.6582610659457375e-11,5.658261068341785e-11,5.658261070737819e-11,5.658261073133835e-11,5.658261075529833e-11,5.658261077925814e-11,5.658261080321778e-11,5.658261082717726e-11,5.6582610851136565e-11,5.658261087509588e-11,5.658261089905483e-11,5.65826109230138e-11,5.6582610946972445e-11,5.6582610970930904e-11,5.6582610994889395e-11,5.6582611018847577e-11,5.658261104280553e-11,5.658261106676348e-11,5.65826110907211e-11,5.658261111467854e-11,5.6582611138635834e-11,5.658261116259296e-11,5.658261118655006e-11,5.658261121050683e-11,5.6582611234463435e-11,5.658261125841988e-11,5.6582611282376147e-11,5.658261130633225e-11,5.6582611330288186e-11,5.658261135424395e-11,5.658261137819955e-11,5.658261140215499e-11,5.658261142611024e-11,5.658261145006532e-11,5.6582611474020356e-11,5.6582611497975106e-11,5.658261152192971e-11,5.658261154588411e-11,5.658261156983837e-11,5.658261159379244e-11,5.6582611617746354e-11,5.6582611641700096e-11,5.658261166565368e-11,5.658261168960705e-11,5.658261171356029e-11,5.6582611737513344e-11,5.658261176146624e-11,5.6582611785418986e-11,5.658261180937154e-11,5.658261183332392e-11,5.6582611857276127e-11,5.658261188122819e-11,5.6582611905180056e-11,5.6582611929131775e-11,5.6582611953083326e-11,5.6582611977034696e-11,5.658261200098592e-11,5.658261202493697e-11,5.6582612048887824e-11,5.6582612072838535e-11,5.6582612096789065e-11,5.658261212073943e-11,5.6582612144689634e-11,5.658261216863966e-11,5.65826121925895e-11,5.658261221653921e-11,5.658261224048872e-11,5.658261226443809e-11,5.6582612288387146e-11,5.658261231233607e-11,5.6582612336284865e-11,5.658261236023351e-11,5.6582612384182e-11,5.6582612408130354e-11,5.65826124320785e-11,5.658261245602649e-11,5.6582612479974344e-11,5.658261250392201e-11,5.658261252786954e-11,5.658261255181685e-11,5.6582612575763947e-11,5.658261259971087e-11,5.6582612623657704e-11,5.658261264760437e-11,5.658261267155084e-11,5.658261269549717e-11,5.658261271944332e-11,5.6582612743389274e-11,5.658261276733508e-11,5.658261279128073e-11,5.6582612815226226e-11,5.6582612839171535e-11,5.6582612863116675e-11,5.658261288706164e-11,5.658261291100641e-11,5.658261293495104e-11,5.658261295889548e-11,5.6582612982839785e-11,5.6582613006783885e-11,5.658261303072783e-11,5.658261305467161e-11,5.658261307861524e-11,5.6582613102558676e-11,5.6582613126501955e-11,5.6582613150445066e-11,5.6582613174388016e-11,5.65826131983308e-11,5.658261322227341e-11,5.6582613246215824e-11,5.65826132701581e-11,5.658261329410017e-11,5.6582613318042095e-11,5.6582613341983875e-11,5.6582613365925474e-11,5.65826133898669e-11,5.6582613413808155e-11,5.6582613437749237e-11,5.658261346169015e-11,5.658261348563092e-11,5.6582613509571526e-11,5.658261353351195e-11,5.658261355745218e-11,5.658261358139228e-11,5.6582613605332184e-11,5.658261362927193e-11,5.658261365321149e-11,5.658261367715089e-11,5.6582613701090146e-11,5.6582613725029206e-11,5.6582613748968103e-11,5.6582613772906827e-11,5.658261379684539e-11,5.6582613820783795e-11,5.658261384472204e-11,5.65826138686601e-11,5.6582613892598e-11,5.6582613916535715e-11,5.658261394047326e-11,5.658261396441064e-11,5.6582613988347865e-11,5.658261401228491e-11,5.658261403622179e-11,5.6582614060158503e-11,5.6582614084095036e-11,5.6582614108031413e-11,5.658261413196762e-11,5.6582614155903645e-11,5.658261417983953e-11,5.658261420377523e-11,5.6582614227710754e-11,5.658261425164614e-11,5.658261427558134e-11,5.658261429951637e-11,5.6582614323451223e-11,5.658261434738591e-11,5.658261437132045e-11,5.658261439525481e-11,5.6582614419189004e-11,5.658261444312302e-11,5.6582614467056873e-11,5.6582614490990595e-11,5.658261451492412e-11,5.65826145388575e-11,5.658261456279071e-11,5.658261458672376e-11,5.658261461065659e-11,5.6582614634589285e-11,5.65826146585218e-11,5.658261468245413e-11,5.658261470638628e-11,5.658261473031829e-11,5.658261475425012e-11,5.658261477818177e-11,5.6582614802113276e-11,5.6582614826044606e-11,5.658261484997577e-11,5.658261487390675e-11,5.658261489783757e-11,5.658261492176823e-11,5.658261494569871e-11,5.658261496962903e-11,5.658261499355917e-11,5.658261501748917e-11,5.6582615041418966e-11,5.6582615065348616e-11,5.658261508927811e-11,5.658261511320741e-11,5.6582615137136546e-11,5.658261516106552e-11,5.658261518499432e-11,5.658261520892295e-11,5.6582615232851424e-11,5.65826152567797e-11,5.658261528070784e-11,5.658261530463579e-11,5.6582615328563627e-11,5.658261535249123e-11,5.6582615376418713e-11,5.6582615400346e-11,5.6582615424273115e-11,5.6582615448200083e-11,5.6582615472126845e-11,5.658261549605347e-11,5.6582615519979915e-11,5.65826155439062e-11,5.658261556783231e-11,5.658261559175825e-11,5.6582615615684014e-11,5.6582615639609625e-11,5.658261566353505e-11,5.658261568746032e-11,5.6582615711385405e-11,5.658261573531035e-11,5.6582615759235116e-11,5.658261578315972e-11,5.6582615807084134e-11,5.658261583100841e-11,5.6582615854932494e-11,5.6582615878856425e-11,5.65826159027802e-11,5.658261592670378e-11,5.6582615950627216e-11,5.658261597455046e-11,5.658261599847355e-11,5.658261602239646e-11,5.6582616046319204e-11,5.65826160702418e-11,5.658261609416419e-11,5.6582616118086435e-11,5.6582616142008524e-11,5.658261616593041e-11,5.658261618985215e-11,5.658261621377371e-11,5.6582616237695116e-11,5.658261626161635e-11,5.6582616285537414e-11,5.65826163094583e-11,5.6582616333379014e-11,5.658261635729958e-11,5.658261638121996e-11,5.6582616405140176e-11,5.658261642906028e-11,5.658261645298017e-11,5.658261647689989e-11,5.658261650081943e-11,5.6582616524738815e-11,5.658261654865804e-11,5.658261657257708e-11,5.6582616596495964e-11,5.6582616620414687e-11,5.658261664433323e-11,5.658261666825161e-11,5.658261669216981e-11,5.6582616716087844e-11,5.6582616740005726e-11,5.658261676392344e-11,5.658261678784098e-11,5.658261681175836e-11,5.6582616835675555e-11,5.6582616859592584e-11,5.6582616883509465e-11,5.658261690742615e-11,5.6582616931342664e-11,5.658261695525903e-11,5.658261697917523e-11,5.658261700309126e-11,5.658261702700712e-11,5.658261705092281e-11,5.6582617074838324e-11,5.658261709875368e-11,5.658261712266887e-11,5.6582617146583886e-11,5.658261717049873e-11,5.658261719441343e-11,5.658261721832795e-11,5.658261724224229e-11,5.6582617266156444e-11,5.658261729007048e-11,5.6582617313984343e-11,5.6582617337898e-11,5.65826173618115e-11,5.6582617385724845e-11,5.6582617409638016e-11,5.6582617433551007e-11,5.658261745746389e-11,5.658261748137655e-11,5.658261750528905e-11,5.658261752920138e-11,5.6582617553113534e-11,5.658261757702552e-11,5.658261760093735e-11,5.658261762484902e-11,5.6582617648760506e-11,5.658261767267183e-11,5.658261769658299e-11,5.658261772049396e-11,5.6582617744404764e-11,5.6582617768315414e-11,5.658261779222592e-11,5.6582617816136225e-11,5.658261784004638e-11,5.658261786395637e-11,5.658261788786617e-11,5.658261791177583e-11,5.6582617935685304e-11,5.658261795959462e-11,5.6582617983503737e-11,5.658261800741271e-11,5.658261803132153e-11,5.658261805523015e-11,5.658261807913863e-11,5.6582618103046935e-11,5.6582618126955066e-11,5.6582618150863015e-11,5.6582618174770816e-11,5.658261819867843e-11,5.65826182225859e-11,5.658261824649322e-11,5.6582618270400346e-11,5.6582618294307313e-11,5.658261831821409e-11,5.6582618342120724e-11,5.658261836602718e-11,5.658261838993347e-11,5.658261841383959e-11,5.6582618437745537e-11,5.658261846165131e-11,5.6582618485556925e-11,5.658261850946238e-11,5.658261853336765e-11,5.6582618557272773e-11,5.658261858117766e-11,5.6582618605082365e-11,5.658261862898697e-11,5.6582618652891414e-11,5.65826186767957e-11,5.658261870069981e-11,5.658261872460375e-11,5.658261874850754e-11,5.6582618772411135e-11,5.658261879631458e-11,5.6582618820217845e-11,5.658261884412094e-11,5.658261886802386e-11,5.6582618891926636e-11,5.658261891582924e-11,5.658261893973167e-11,5.658261896363395e-11,5.658261898753603e-11,5.658261901143794e-11,5.658261903533971e-11,5.658261905924132e-11,5.658261908314273e-11,5.658261910704399e-11,5.6582619130945095e-11,5.658261915484602e-11,5.658261917874678e-11,5.6582619202647366e-11,5.658261922654778e-11,5.658261925044794e-11,5.6582619274347995e-11,5.6582619298247905e-11,5.658261932214765e-11,5.6582619346047235e-11,5.658261936994667e-11,5.65826193938459e-11,5.658261941774498e-11,5.658261944164389e-11,5.658261946554264e-11,5.658261948944108e-11,5.65826195133395e-11,5.658261953723773e-11,5.658261956113582e-11,5.658261958503374e-11,5.658261960893149e-11,5.658261963282905e-11,5.658261965672645e-11,5.658261968062369e-11,5.658261970452076e-11,5.658261972841765e-11,5.658261975231436e-11,5.6582619776210906e-11,5.658261980010731e-11,5.658261982400354e-11,5.6582619847899587e-11,5.658261987179548e-11,5.658261989569122e-11,5.658261991958677e-11,5.658261994348214e-11,5.658261996737736e-11,5.6582619991272424e-11,5.6582620015167313e-11,5.658262003906203e-11,5.6582620062956575e-11,5.6582620086850966e-11,5.658262011074518e-11,5.658262013463923e-11,5.6582620158533126e-11,5.658262018242684e-11,5.65826202063204e-11,5.658262023021377e-11,5.658262025410697e-11,5.658262027800002e-11,5.6582620301892897e-11,5.65826203257856e-11,5.6582620349678145e-11,5.658262037357052e-11,5.658262039746272e-11,5.6582620421354754e-11,5.658262044524663e-11,5.658262046913835e-11,5.6582620493029876e-11,5.658262051692125e-11,5.6582620540812455e-11,5.658262056470349e-11,5.6582620588594304e-11,5.6582620612484954e-11,5.658262063637548e-11,5.6582620660265866e-11,5.6582620684156064e-11,5.658262070804612e-11,5.658262073193599e-11,5.6582620755825654e-11,5.658262077971518e-11,5.6582620803604557e-11,5.658262082749376e-11,5.658262085138278e-11,5.658262087527164e-11,5.658262089916031e-11,5.658262092304889e-11,5.658262094693724e-11,5.658262097082409e-11,5.6582620994712036e-11,5.6582621018599726e-11,5.658262104248742e-11,5.658262106637495e-11,5.65826210902623e-11,5.658262111414948e-11,5.6582621138036496e-11,5.6582621161923346e-11,5.658262118581003e-11,5.658262120969653e-11,5.658262123358288e-11,5.658262125746908e-11,5.658262128135489e-11,5.658262130524074e-11,5.658262132912642e-11,5.6582621353011916e-11,5.658262137689724e-11,5.658262140078235e-11,5.6582621424667354e-11,5.658262144855218e-11,5.658262147243687e-11,5.658262149632139e-11,5.658262152020572e-11,5.6582621544089894e-11,5.658262156797389e-11,5.658262159185773e-11,5.658262161574139e-11,5.658262163962491e-11,5.658262166350822e-11,5.658262168739139e-11,5.658262171127439e-11,5.6582621735157203e-11,5.6582621759039904e-11,5.658262178292239e-11,5.658262180680472e-11,5.658262183068689e-11,5.658262185456889e-11,5.6582621878450735e-11,5.658262190233237e-11,5.6582621926213875e-11,5.6582621950095193e-11,5.658262197397632e-11,5.658262199785731e-11,5.658262202173814e-11,5.658262204561878e-11,5.658262206949928e-11,5.65826220933796e-11,5.6582622117259774e-11,5.658262214113974e-11,5.658262216501959e-11,5.6582622188899225e-11,5.658262221277872e-11,5.6582622236658036e-11,5.658262226053719e-11,5.658262228441619e-11,5.6582622308295004e-11,5.658262233217366e-11,5.658262235605213e-11,5.658262237993044e-11,5.6582622403808593e-11,5.6582622427686564e-11,5.658262245156439e-11,5.6582622475442034e-11,5.6582622499319507e-11,5.658262252319684e-11,5.6582622547073975e-11,5.658262257095096e-11,5.658262259482777e-11,5.6582622618704417e-11,5.65826226425809e-11,5.658262266645722e-11,5.6582622690333333e-11,5.6582622714209314e-11,5.658262273808513e-11,5.658262276196076e-11,5.6582622785836246e-11,5.6582622809711535e-11,5.658262283358666e-11,5.658262285746165e-11,5.658262288133647e-11,5.6582622905211114e-11,5.6582622929085575e-11,5.658262295295988e-11,5.6582622976834014e-11,5.6582623000707985e-11,5.658262302458178e-11,5.658262304845542e-11,5.658262307232887e-11,5.658262309620218e-11,5.6582623120075323e-11,5.658262314394827e-11,5.658262316782107e-11,5.6582623191693706e-11,5.658262321556616e-11,5.658262323943846e-11,5.658262326331059e-11,5.658262328718257e-11,5.658262331105436e-11,5.6582623334925994e-11,5.6582623358797464e-11,5.658262338266875e-11,5.658262340653989e-11,5.6582623430410864e-11,5.658262345428165e-11,5.658262347815229e-11,5.6582623502022766e-11,5.6582623525893046e-11,5.6582623549763185e-11,5.658262357363332e-11,5.658262359750311e-11,5.6582623621372734e-11,5.658262364524221e-11,5.6582623669111505e-11,5.6582623692980654e-11,5.658262371684963e-11,5.658262374071842e-11,5.658262376458703e-11,5.658262378845549e-11,5.6582623812323766e-11,5.6582623836191894e-11,5.6582623860059835e-11,5.6582623883927634e-11,5.65826239077953e-11,5.6582623931662754e-11,5.658262395553003e-11,5.6582623979397144e-11,5.6582624003264096e-11,5.6582624027130906e-11,5.658262405099752e-11,5.658262407486398e-11,5.658262409873028e-11,5.6582624122596377e-11,5.6582624146462314e-11,5.658262417032813e-11,5.658262419419374e-11,5.65826242180592e-11,5.658262424192447e-11,5.6582624265789606e-11,5.6582624289654536e-11,5.658262431351933e-11,5.658262433738396e-11,5.658262436124841e-11,5.658262438511269e-11,5.658262440897679e-11,5.658262443284074e-11,5.6582624456704746e-11,5.6582624480568364e-11,5.658262450443204e-11,5.658262452829532e-11,5.658262455215843e-11,5.658262457602139e-11,5.6582624599884185e-11,5.6582624623746794e-11,5.6582624647609217e-11,5.65826246714715e-11,5.65826246953336e-11,5.658262471919555e-11,5.6582624743057336e-11,5.6582624766918924e-11,5.6582624790780384e-11,5.658262481464165e-11,5.658262483850277e-11,5.6582624862363715e-11,5.658262488622448e-11,5.658262491008509e-11,5.658262493394554e-11,5.658262495780583e-11,5.6582624981665926e-11,5.6582625005525854e-11,5.658262502938563e-11,5.6582625053245244e-11,5.6582625077104584e-11,5.658262510096385e-11,5.658262512482297e-11,5.6582625148681905e-11,5.658262517254074e-11,5.658262519639934e-11,5.658262522025778e-11,5.658262524411607e-11,5.658262526797419e-11,5.658262529183213e-11,5.6582625315689904e-11,5.658262533954749e-11,5.658262536340492e-11,5.658262538726222e-11,5.658262541111931e-11,5.6582625434976276e-11,5.658262545883305e-11,5.658262548268965e-11,5.658262550654612e-11,5.6582625530402384e-11,5.658262555425851e-11,5.658262557811445e-11,5.65826256019702e-11,5.6582625625825804e-11,5.658262564968123e-11,5.658262567353652e-11,5.658262569739161e-11,5.658262572124656e-11,5.658262574510134e-11,5.6582625768955954e-11,5.6582625792810376e-11,5.658262581666466e-11,5.658262584051876e-11,5.6582625864372724e-11,5.658262588822648e-11,5.65826259120801e-11,5.6582625935933534e-11,5.65826259597868e-11,5.658262598363991e-11,5.658262600749285e-11,5.658262603134563e-11,5.6582626055198264e-11,5.658262607905072e-11,5.6582626102902984e-11,5.65826261267551e-11,5.6582626150607033e-11,5.6582626174458806e-11,5.65826261983104e-11,5.6582626222161846e-11,5.658262624601311e-11,5.658262626986421e-11,5.6582626293715153e-11,5.658262631756591e-11,5.6582626341416514e-11,5.658262636526699e-11,5.6582626389117273e-11,5.658262641296738e-11,5.65826264368173e-11,5.6582626460667104e-11,5.658262648451669e-11,5.658262650836614e-11,5.658262653221541e-11,5.6582626556064526e-11,5.658262657991344e-11,5.6582626603762215e-11,5.658262662761083e-11,5.658262665145924e-11,5.658262667530755e-11,5.6582626699155656e-11,5.6582626723003616e-11,5.6582626746851433e-11,5.6582626770699063e-11,5.658262679454655e-11,5.658262681839383e-11,5.658262684224097e-11,5.658262686608795e-11,5.6582626889934764e-11,5.65826269137814e-11,5.658262693762787e-11,5.658262696147418e-11,5.658262698532032e-11,5.6582627009166264e-11,5.658262703301207e-11,5.6582627056857724e-11,5.6582627080703196e-11,5.658262710454847e-11,5.6582627128393577e-11,5.658262715223853e-11,5.658262717608331e-11,5.6582627199927936e-11,5.6582627223772374e-11,5.6582627247616643e-11,5.6582627271460764e-11,5.658262729530471e-11,5.658262731914849e-11,5.6582627342992106e-11,5.6582627366835775e-11,5.6582627390679056e-11,5.6582627414522175e-11,5.65826274383651e-11,5.658262746220789e-11,5.658262748605049e-11,5.6582627509892946e-11,5.658262753373522e-11,5.658262755757734e-11,5.6582627581419286e-11,5.658262760526107e-11,5.6582627629102655e-11,5.658262765294412e-11,5.65826276767854e-11,5.658262770062652e-11,5.6582627724467274e-11,5.6582627748308054e-11,5.658262777214867e-11,5.6582627795989116e-11,5.658262781982939e-11,5.6582627843669487e-11,5.6582627867509446e-11,5.658262789134922e-11,5.658262791518885e-11,5.658262793902829e-11,5.6582627962867576e-11,5.658262798670669e-11,5.6582628010545647e-11,5.658262803438443e-11,5.6582628058223096e-11,5.658262808206154e-11,5.658262810589981e-11,5.658262812973792e-11,5.658262815357589e-11,5.658262817741368e-11,5.658262820125128e-11,5.658262822508874e-11,5.658262824892604e-11,5.658262827276328e-11,5.6582628296600244e-11,5.6582628320437024e-11,5.6582628344273655e-11,5.658262836811009e-11,5.658262839194667e-11,5.6582628415782805e-11,5.658262843961877e-11,5.6582628463454626e-11,5.6582628487290294e-11,5.658262851112573e-11,5.6582628534961075e-11,5.658262855879617e-11,5.6582628582631145e-11,5.658262860646593e-11,5.6582628630300536e-11,5.6582628654135015e-11,5.65826286779693e-11,5.6582628701803404e-11,5.6582628725637367e-11,5.658262874947117e-11,5.658262877330479e-11,5.658262879713826e-11,5.658262882097154e-11,5.6582628844804676e-11,5.658262886863764e-11,5.658262889247044e-11,5.658262891630317e-11,5.658262894013567e-11,5.658262896396796e-11,5.6582628987800074e-11,5.658262901163204e-11,5.658262903546383e-11,5.6582629059295465e-11,5.658262908312693e-11,5.6582629106958226e-11,5.658262913078937e-11,5.658262915462034e-11,5.658262917845115e-11,5.6582629202281654e-11,5.6582629226112127e-11,5.65826292499418e-11,5.658262927377192e-11,5.658262929760189e-11,5.65826293214317e-11,5.6582629345261335e-11,5.6582629369090806e-11,5.658262939292011e-11,5.658262941674926e-11,5.658262944057822e-11,5.6582629464407035e-11,5.658262948823566e-11,5.658262951206413e-11,5.6582629535892436e-11,5.658262955972057e-11,5.658262958354847e-11,5.6582629607376247e-11,5.65826296312039e-11,5.658262965503139e-11,5.658262967885867e-11,5.658262970268582e-11,5.6582629726512796e-11,5.65826297503396e-11,5.658262977416623e-11,5.6582629797992736e-11,5.6582629821819047e-11,5.658262984564519e-11,5.6582629869471164e-11,5.6582629893296964e-11,5.658262991712261e-11,5.658262994094811e-11,5.658262996477342e-11,5.658262998859857e-11,5.658263001242354e-11,5.65826300362484e-11,5.6582630060073055e-11,5.6582630083897523e-11,5.6582630107721857e-11,5.658263013154601e-11,5.658263015536999e-11,5.658263017919381e-11,5.6582630203017425e-11,5.658263022684092e-11,5.6582630250664256e-11,5.65826302744874e-11,5.658263029831038e-11,5.6582630322133204e-11,5.6582630345955844e-11,5.6582630369778355e-11,5.658263039360066e-11,5.658263041742283e-11,5.658263044124483e-11,5.6582630465066654e-11,5.658263048888831e-11,5.65826305127098e-11,5.6582630536531136e-11,5.6582630560352296e-11,5.658263058417331e-11,5.658263060799412e-11,5.6582630631814794e-11,5.6582630655635296e-11,5.658263067945565e-11,5.65826307032758e-11,5.658263072709581e-11,5.6582630750915645e-11,5.6582630774735306e-11,5.658263079855479e-11,5.658263082237415e-11,5.658263084619331e-11,5.65826308700123e-11,5.6582630893831136e-11,5.6582630917649815e-11,5.658263094146832e-11,5.6582630965286655e-11,5.658263098910484e-11,5.6582631012922855e-11,5.6582631036740694e-11,5.658263106055837e-11,5.6582631084375874e-11,5.6582631108193215e-11,5.6582631132010413e-11,5.6582631155827425e-11,5.6582631179644255e-11,5.6582631203460943e-11,5.6582631227277444e-11,5.658263125109379e-11,5.658263127490999e-11,5.6582631298726003e-11,5.6582631322541864e-11,5.658263134635754e-11,5.658263137017306e-11,5.658263139398841e-11,5.6582631417803616e-11,5.658263144161862e-11,5.65826314654335e-11,5.658263148924816e-11,5.6582631513062704e-11,5.6582631536877047e-11,5.658263156069126e-11,5.658263158450527e-11,5.658263160831913e-11,5.658263163213284e-11,5.658263165594636e-11,5.6582631679759715e-11,5.6582631703572914e-11,5.6582631727385944e-11,5.6582631751198794e-11,5.6582631775011495e-11,5.6582631798824034e-11,5.6582631822636406e-11,5.6582631846448615e-11,5.658263187026064e-11,5.6582631894072505e-11,5.6582631917884243e-11,5.6582631941695813e-11,5.6582631965507254e-11,5.658263198931844e-11,5.6582632013129696e-11,5.658263203694056e-11,5.6582632060751286e-11,5.658263208456182e-11,5.658263210837218e-11,5.658263213218241e-11,5.6582632155992454e-11,5.658263217980232e-11,5.658263220361203e-11,5.6582632227421594e-11,5.658263225123098e-11,5.65826322750402e-11,5.6582632298849377e-11,5.658263232265826e-11,5.658263234646697e-11,5.658263237027553e-11,5.658263239408394e-11,5.6582632417892144e-11,5.658263244170021e-11,5.658263246550807e-11,5.65826324893158e-11,5.658263251312334e-11,5.658263253693074e-11,5.658263256073797e-11,5.6582632584545017e-11,5.658263260835193e-11,5.658263263215867e-11,5.658263265596523e-11,5.658263267977161e-11,5.658263270357784e-11,5.658263272738391e-11,5.6582632751189805e-11,5.658263277499554e-11,5.65826327988011e-11,5.65826328226065e-11,5.6582632846411735e-11,5.658263287021681e-11,5.6582632894021705e-11,5.658263291782646e-11,5.658263294163104e-11,5.6582632965435465e-11,5.658263298923969e-11,5.658263301304377e-11,5.6582633036847666e-11,5.658263306065143e-11,5.6582633084455006e-11,5.6582633108258414e-11,5.6582633132061687e-11,5.6582633155864765e-11,5.658263317966768e-11,5.6582633203470425e-11,5.658263322727302e-11,5.658263325107543e-11,5.65826332748777e-11,5.6582633298679786e-11,5.6582633322481695e-11,5.6582633346283455e-11,5.6582633370085066e-11,5.658263339388649e-11,5.658263341768777e-11,5.658263344148887e-11,5.65826334652898e-11,5.658263348909057e-11,5.658263351289116e-11,5.658263353669158e-11,5.658263356049183e-11,5.6582633584291945e-11,5.658263360809187e-11,5.658263363189165e-11,5.6582633655691255e-11,5.658263367949071e-11,5.658263370328998e-11,5.658263372708908e-11,5.658263375088803e-11,5.6582633774686834e-11,5.658263379848543e-11,5.658263382228387e-11,5.658263384608214e-11,5.658263386988025e-11,5.6582633893678206e-11,5.658263391747598e-11,5.6582633941273603e-11,5.658263396507105e-11,5.6582633988868335e-11,5.658263401266546e-11,5.658263403646241e-11,5.658263406025921e-11,5.658263408405583e-11,5.658263410785228e-11,5.658263413164858e-11,5.658263415544471e-11,5.6582634179240677e-11,5.658263420303653e-11,5.65826342268322e-11,5.6582634250627714e-11,5.6582634274423044e-11,5.658263429821821e-11,5.6582634322013227e-11,5.658263434580807e-11,5.658263436960273e-11,5.658263439339725e-11,5.658263441719158e-11,5.658263444098554e-11,5.658263446477952e-11,5.658263448857334e-11,5.6582634512366976e-11,5.658263453616047e-11,5.658263455995378e-11,5.6582634583746944e-11,5.658263460753992e-11,5.6582634631332744e-11,5.65826346551254e-11,5.65826346789179e-11,5.658263470271023e-11,5.658263472650237e-11,5.6582634750294364e-11,5.65826347740862e-11,5.658263479787785e-11,5.658263482166935e-11,5.6582634845460653e-11,5.6582634869251835e-11,5.6582634893042816e-11,5.658263491683365e-11,5.6582634940624306e-11,5.658263496441481e-11,5.658263498820515e-11,5.6582635011995304e-11,5.658263503578533e-11,5.658263505957518e-11,5.6582635083364874e-11,5.658263510715438e-11,5.6582635130943714e-11,5.6582635154732886e-11,5.6582635178521896e-11,5.658263520231075e-11,5.658263522609941e-11,5.658263524988794e-11,5.6582635273676295e-11,5.658263529746447e-11,5.6582635321252486e-11,5.658263534504035e-11,5.6582635368828024e-11,5.658263539261554e-11,5.6582635416402904e-11,5.6582635440190124e-11,5.658263546397713e-11,5.6582635487763995e-11,5.6582635511550685e-11,5.658263553533724e-11,5.65826355591236e-11,5.65826355829098e-11,5.658263560669584e-11,5.658263563048169e-11,5.658263565426738e-11,5.6582635678052914e-11,5.658263570183827e-11,5.6582635725623477e-11,5.658263574940853e-11,5.658263577319338e-11,5.65826357969781e-11,5.6582635820762624e-11,5.6582635844546994e-11,5.65826358683312e-11,5.658263589211523e-11,5.65826359158991e-11,5.658263593968281e-11,5.6582635963466343e-11,5.658263598724973e-11,5.658263601103296e-11,5.6582636034816035e-11,5.658263605859892e-11,5.6582636082381654e-11,5.658263610616413e-11,5.658263612994649e-11,5.658263615372874e-11,5.6582636177510804e-11,5.6582636201292667e-11,5.6582636225074445e-11,5.6582636248855985e-11,5.6582636272637376e-11,5.658263629641857e-11,5.658263632019957e-11,5.658263634398048e-11,5.6582636367761214e-11,5.658263639154179e-11,5.658263641532222e-11,5.6582636439102466e-11,5.658263646288256e-11,5.658263648666246e-11,5.658263651044223e-11,5.658263653422181e-11,5.658263655800123e-11,5.65826365817805e-11,5.658263660555958e-11,5.658263662933853e-11,5.658263665311729e-11,5.65826366768959e-11,5.6582636700674346e-11,5.658263672445259e-11,5.65826367482307e-11,5.658263677200861e-11,5.658263679578638e-11,5.658263681956398e-11,5.658263684334143e-11,5.65826368671187e-11,5.6582636890895824e-11,5.658263691467289e-11,5.658263693844968e-11,5.65826369622263e-11,5.658263698600272e-11,5.6582637009779023e-11,5.65826370335551e-11,5.658263705733109e-11,5.658263708110687e-11,5.65826371048825e-11,5.658263712865801e-11,5.658263715243331e-11,5.658263717620848e-11,5.6582637199983454e-11,5.658263722375825e-11,5.65826372475329e-11,5.6582637271307496e-11,5.65826372950818e-11,5.658263731885596e-11,5.6582637342629904e-11,5.658263736640375e-11,5.658263739017739e-11,5.6582637413950864e-11,5.658263743772418e-11,5.658263746149734e-11,5.658263748527033e-11,5.658263750904315e-11,5.658263753281582e-11,5.6582637556588305e-11,5.6582637580360617e-11,5.658263760413278e-11,5.658263762790479e-11,5.6582637651676613e-11,5.658263767544827e-11,5.658263769921976e-11,5.658263772299109e-11,5.6582637746762285e-11,5.658263777053327e-11,5.6582637794304116e-11,5.658263781807479e-11,5.658263784184531e-11,5.658263786561565e-11,5.658263788938582e-11,5.6582637913155843e-11,5.65826379369257e-11,5.658263796069539e-11,5.658263798446492e-11,5.658263800823426e-11,5.6582638032003435e-11,5.658263805577247e-11,5.6582638079541336e-11,5.658263810331003e-11,5.6582638127078553e-11,5.6582638150846916e-11,5.6582638174615104e-11,5.658263819838315e-11,5.658263822215102e-11,5.658263824591874e-11,5.6582638269686255e-11,5.658263829345365e-11,5.658263831722083e-11,5.65826383409879e-11,5.6582638364754756e-11,5.658263838852148e-11,5.6582638412288024e-11,5.658263843605441e-11,5.658263845982063e-11,5.6582638483586664e-11,5.6582638507352564e-11,5.65826385311183e-11,5.658263855488387e-11,5.658263857864926e-11,5.65826386024145e-11,5.658263862617956e-11,5.6582638649944446e-11,5.6582638673709184e-11,5.658263869747376e-11,5.6582638721238154e-11,5.658263874500239e-11,5.658263876876645e-11,5.658263879253037e-11,5.658263881629411e-11,5.65826388400577e-11,5.6582638863821125e-11,5.658263888758436e-11,5.658263891134746e-11,5.6582638935110374e-11,5.658263895887313e-11,5.6582638982635707e-11,5.658263900639814e-11,5.6582639030160386e-11,5.658263905392249e-11,5.6582639077684414e-11,5.6582639101446165e-11,5.658263912520776e-11,5.6582639148969204e-11,5.658263917273048e-11,5.6582639196491564e-11,5.6582639220252514e-11,5.6582639244013284e-11,5.658263926777391e-11,5.6582639291534345e-11,5.658263931529465e-11,5.658263933905477e-11,5.6582639362814734e-11,5.65826393865745e-11,5.658263941033414e-11,5.658263943409359e-11,5.658263945785288e-11,5.6582639481612e-11,5.658263950537096e-11,5.6582639529129755e-11,5.6582639552888405e-11,5.658263957664687e-11,5.658263960040519e-11,5.6582639624163534e-11,5.6582639647921525e-11,5.658263967167933e-11,5.6582639695436996e-11,5.658263971919446e-11,5.6582639742951775e-11,5.658263976670891e-11,5.6582639790465915e-11,5.658263981422272e-11,5.658263983797939e-11,5.6582639861735894e-11,5.658263988549223e-11,5.658263990924838e-11,5.658263993300438e-11,5.6582639956760225e-11,5.6582639980515895e-11,5.658264000427139e-11,5.658264002802674e-11,5.658264005178192e-11,5.658264007553692e-11,5.658264009929178e-11,5.6582640123046456e-11,5.658264014680097e-11,5.658264017055533e-11,5.6582640194309494e-11,5.6582640218063523e-11,5.658264024181739e-11,5.658264026557107e-11,5.658264028932461e-11,5.658264031307798e-11,5.658264033683114e-11,5.6582640360584164e-11,5.658264038433706e-11,5.658264040808976e-11,5.658264043184229e-11,5.658264045559465e-11,5.658264047934687e-11,5.658264050309892e-11,5.65826405268508e-11,5.658264055060253e-11,5.658264057435407e-11,5.6582640598105465e-11,5.658264062185667e-11,5.658264064560774e-11,5.658264066935864e-11,5.658264069310939e-11,5.6582640716859947e-11,5.6582640740610325e-11,5.6582640764360574e-11,5.6582640788110635e-11,5.658264081186053e-11,5.658264083561031e-11,5.65826408593599e-11,5.6582640883109304e-11,5.6582640906858564e-11,5.658264093060764e-11,5.6582640954356354e-11,5.65826409781051e-11,5.658264100185368e-11,5.658264102560211e-11,5.658264104935039e-11,5.6582641073098487e-11,5.658264109684505e-11,5.658264112059279e-11,5.6582641144340373e-11,5.658264116808782e-11,5.6582641191835107e-11,5.658264121558223e-11,5.6582641239329174e-11,5.658264126307594e-11,5.6582641286822563e-11,5.6582641310569006e-11,5.658264133431529e-11,5.6582641358061426e-11,5.6582641381807396e-11,5.6582641405553186e-11,5.6582641429298815e-11,5.6582641453044275e-11,5.6582641476789586e-11,5.6582641500534704e-11,5.6582641524279686e-11,5.6582641548024494e-11,5.658264157176913e-11,5.6582641595513605e-11,5.658264161925792e-11,5.6582641643002076e-11,5.6582641666746056e-11,5.6582641690488525e-11,5.658264171423221e-11,5.65826417379757e-11,5.658264176171902e-11,5.658264178546217e-11,5.658264180920503e-11,5.6582641832947845e-11,5.6582641856690526e-11,5.6582641880433026e-11,5.658264190417518e-11,5.658264192791742e-11,5.6582641951659455e-11,5.65826419754013e-11,5.658264199914298e-11,5.658264202288448e-11,5.658264204662586e-11,5.6582642070367033e-11,5.658264209410806e-11,5.6582642117848907e-11,5.658264214158961e-11,5.6582642165330134e-11,5.658264218907051e-11,5.658264221281073e-11,5.6582642236550746e-11,5.6582642260290636e-11,5.658264228403033e-11,5.6582642307769885e-11,5.658264233150925e-11,5.6582642355248456e-11,5.658264237898745e-11,5.658264240272633e-11,5.6582642426465056e-11,5.6582642450203614e-11,5.6582642473942e-11,5.6582642497680234e-11,5.6582642521418275e-11,5.6582642545156194e-11,5.658264256889391e-11,5.6582642592631495e-11,5.658264261636891e-11,5.6582642640106137e-11,5.6582642663843215e-11,5.658264268758011e-11,5.658264271131687e-11,5.6582642735053437e-11,5.6582642758789856e-11,5.658264278252611e-11,5.65826428062622e-11,5.658264282999811e-11,5.6582642853733866e-11,5.658264287746947e-11,5.6582642901204915e-11,5.658264292494019e-11,5.6582642948675285e-11,5.658264297241014e-11,5.6582642996144925e-11,5.658264301987952e-11,5.6582643043613984e-11,5.658264306734827e-11,5.6582643091082396e-11,5.658264311481634e-11,5.6582643138550136e-11,5.658264316228376e-11,5.658264318601721e-11,5.6582643209750515e-11,5.658264323348365e-11,5.658264325721663e-11,5.658264328094944e-11,5.6582643304682085e-11,5.6582643328414556e-11,5.658264335214688e-11,5.658264337587903e-11,5.6582643399611e-11,5.658264342334283e-11,5.6582643447074475e-11,5.658264347080597e-11,5.658264349453729e-11,5.658264351826845e-11,5.658264354199946e-11,5.658264356573029e-11,5.6582643589460964e-11,5.6582643613191477e-11,5.658264363692181e-11,5.6582643660651985e-11,5.6582643684381994e-11,5.658264370811187e-11,5.6582643731841566e-11,5.6582643755571083e-11,5.658264377930044e-11,5.658264380302962e-11,5.658264382675865e-11,5.6582643850487506e-11,5.6582643874216216e-11,5.6582643897944745e-11,5.658264392167311e-11,5.65826439454013e-11,5.6582643969129356e-11,5.6582643992857226e-11,5.658264401658496e-11,5.65826440403125e-11,5.6582644064039865e-11,5.658264408776709e-11,5.6582644111494144e-11,5.658264413522103e-11,5.658264415894776e-11,5.658264418267431e-11,5.6582644206400706e-11,5.658264423012698e-11,5.658264425385302e-11,5.6582644277578945e-11,5.658264430130469e-11,5.6582644325030277e-11,5.65826443487557e-11,5.658264437248097e-11,5.658264439620604e-11,5.658264441993096e-11,5.658264444365573e-11,5.658264446738032e-11,5.6582644491104756e-11,5.658264451482903e-11,5.658264453855313e-11,5.658264456227707e-11,5.658264458600085e-11,5.658264460972448e-11,5.658264463344791e-11,5.658264465717121e-11,5.658264468089433e-11,5.65826447046173e-11,5.658264472834008e-11,5.658264475206271e-11,5.658264477578518e-11,5.658264479950748e-11,5.658264482322962e-11,5.65826448469516e-11,5.6582644870673415e-11,5.6582644894395055e-11,5.658264491811652e-11,5.6582644941837844e-11,5.658264496555898e-11,5.658264498927997e-11,5.658264501300079e-11,5.658264503672146e-11,5.658264506044195e-11,5.658264508416229e-11,5.658264510788246e-11,5.658264513160245e-11,5.6582645155322284e-11,5.658264517904213e-11,5.658264520276164e-11,5.658264522648104e-11,5.65826452502002e-11,5.658264527391926e-11,5.658264529763815e-11,5.6582645321356936e-11,5.658264534507548e-11,5.658264536879385e-11,5.6582645392512085e-11,5.6582645416230106e-11,5.658264543994805e-11,5.6582645463665735e-11,5.65826454873833e-11,5.658264551110067e-11,5.6582645534817886e-11,5.658264555853494e-11,5.6582645582251957e-11,5.658264560596867e-11,5.658264562968522e-11,5.6582645653401606e-11,5.658264567711785e-11,5.658264570083392e-11,5.6582645724549815e-11,5.658264574826556e-11,5.658264577198113e-11,5.658264579569653e-11,5.658264581941177e-11,5.6582645843126854e-11,5.6582645866841786e-11,5.6582645890556543e-11,5.6582645914271126e-11,5.658264593798555e-11,5.658264596169983e-11,5.6582645985413926e-11,5.658264600912787e-11,5.658264603284164e-11,5.6582646056555226e-11,5.6582646080268704e-11,5.658264610398198e-11,5.658264612769509e-11,5.658264615140807e-11,5.658264617512083e-11,5.658264619883343e-11,5.6582646222545915e-11,5.658264624625812e-11,5.658264626997022e-11,5.6582646293682194e-11,5.658264631739392e-11,5.6582646341105544e-11,5.658264636481704e-11,5.6582646388528365e-11,5.658264641223951e-11,5.658264643595049e-11,5.658264645966132e-11,5.658264648337199e-11,5.6582646507082475e-11,5.658264653079279e-11,5.658264655450297e-11,5.658264657821296e-11,5.65826466019228e-11,5.6582646625632475e-11,5.658264664934199e-11,5.658264667305135e-11,5.658264669676053e-11,5.6582646720469547e-11,5.658264674417839e-11,5.658264676788708e-11,5.65826467915956e-11,5.658264681530396e-11,5.658264683901215e-11,5.658264686272019e-11,5.6582646886428066e-11,5.6582646910135773e-11,5.658264693384333e-11,5.658264695755072e-11,5.658264698125794e-11,5.658264700496501e-11,5.658264702867188e-11,5.658264705237862e-11,5.6582647076085174e-11,5.658264709979158e-11,5.6582647123497803e-11,5.658264714720388e-11,5.65826471709098e-11,5.658264719461553e-11,5.658264721832113e-11,5.658264724202655e-11,5.65826472657318e-11,5.65826472894369e-11,5.658264731314183e-11,5.658264733684659e-11,5.6582647360551185e-11,5.6582647384255635e-11,5.658264740795992e-11,5.658264743166404e-11,5.658264745536799e-11,5.658264747907179e-11,5.6582647502775404e-11,5.658264752647887e-11,5.658264755018216e-11,5.6582647573885285e-11,5.658264759758826e-11,5.6582647621291115e-11,5.6582647644993795e-11,5.658264766869628e-11,5.6582647692398624e-11,5.6582647716100773e-11,5.658264773980277e-11,5.658264776350457e-11,5.6582647787206214e-11,5.6582647810907705e-11,5.6582647834609033e-11,5.658264785831021e-11,5.6582647882011207e-11,5.6582647905712077e-11,5.6582647929412733e-11,5.658264795311325e-11,5.6582647976813595e-11,5.658264800051376e-11,5.658264802421379e-11,5.6582648047913646e-11,5.658264807161334e-11,5.6582648095312885e-11,5.658264811901223e-11,5.658264814271148e-11,5.6582648166410474e-11,5.658264819010936e-11,5.6582648213808026e-11,5.6582648237506667e-11,5.6582648261205055e-11,5.6582648284903256e-11,5.6582648308601315e-11,5.65826483322992e-11,5.658264835599693e-11,5.658264837969452e-11,5.6582648403391916e-11,5.658264842708915e-11,5.6582648450786224e-11,5.658264847448312e-11,5.658264849817988e-11,5.658264852187646e-11,5.658264854557288e-11,5.658264856926913e-11,5.6582648592965233e-11,5.658264861666116e-11,5.658264864035693e-11,5.6582648664052534e-11,5.658264868774796e-11,5.658264871144325e-11,5.658264873513839e-11,5.6582648758833345e-11,5.658264878252813e-11,5.658264880622275e-11,5.658264882991722e-11,5.6582648853611525e-11,5.658264887730564e-11,5.6582648900999603e-11,5.6582648924693404e-11,5.658264894838707e-11,5.658264897208054e-11,5.658264899577388e-11,5.6582649019467034e-11,5.658264904316003e-11,5.6582649066852845e-11,5.6582649090545514e-11,5.6582649114238e-11,5.658264913793036e-11,5.658264916162253e-11,5.658264918531454e-11,5.658264920900639e-11,5.6582649232698066e-11,5.658264925638959e-11,5.658264928008094e-11,5.658264930377212e-11,5.658264932746315e-11,5.658264935115403e-11,5.6582649374844725e-11,5.658264939853527e-11,5.658264942222565e-11,5.658264944591586e-11,5.658264946960592e-11,5.658264949329578e-11,5.658264951698548e-11,5.6582649540675044e-11,5.658264956436443e-11,5.6582649588053655e-11,5.658264961174273e-11,5.658264963543165e-11,5.6582649659120386e-11,5.6582649682808965e-11,5.658264970649738e-11,5.658264973018564e-11,5.658264975387372e-11,5.658264977756163e-11,5.658264980124939e-11,5.658264982493698e-11,5.6582649848624415e-11,5.6582649872311694e-11,5.658264989599882e-11,5.658264991968575e-11,5.658264994337253e-11,5.6582649967059146e-11,5.658264999074561e-11,5.65826500144319e-11,5.6582650038118006e-11,5.658265006180396e-11,5.6582650085489735e-11,5.658265010917533e-11,5.658265013286081e-11,5.658265015654611e-11,5.658265018023126e-11,5.6582650203916246e-11,5.658265022760107e-11,5.6582650251285726e-11,5.658265027497022e-11,5.658265029865452e-11,5.6582650322338706e-11,5.658265034602269e-11,5.658265036970646e-11,5.658265039339016e-11,5.6582650417073665e-11,5.658265044075701e-11,5.658265046444021e-11,5.658265048812323e-11,5.658265051180609e-11,5.658265053548877e-11,5.658265055917131e-11,5.6582650582853695e-11,5.65826506065359e-11,5.658265063021794e-11,5.658265065389983e-11,5.658265067758156e-11,5.658265070126315e-11,5.658265072494454e-11,5.658265074862576e-11,5.658265077230684e-11,5.6582650795987733e-11,5.6582650819668486e-11,5.658265084334906e-11,5.658265086702946e-11,5.658265089070973e-11,5.6582650914389804e-11,5.6582650938069755e-11,5.65826509617495e-11,5.658265098542909e-11,5.6582651009108524e-11,5.658265103278781e-11,5.65826510564669e-11,5.658265108014585e-11,5.6582651103824646e-11,5.658265112750327e-11,5.6582651151181706e-11,5.658265117486e-11,5.658265119853814e-11,5.65826512222161e-11,5.6582651245893905e-11,5.6582651269571556e-11,5.6582651293249026e-11,5.6582651316926354e-11,5.65826513406035e-11,5.6582651364280485e-11,5.65826513879573e-11,5.658265141163398e-11,5.658265143531048e-11,5.658265145898681e-11,5.658265148266299e-11,5.658265150633898e-11,5.658265153001483e-11,5.658265155369054e-11,5.658265157736603e-11,5.65826516010414e-11,5.658265162471657e-11,5.65826516483916e-11,5.658265167206647e-11,5.658265169574115e-11,5.65826517194157e-11,5.65826517430901e-11,5.658265176676428e-11,5.6582651790438334e-11,5.658265181411224e-11,5.658265183778595e-11,5.658265186145953e-11,5.6582651885132924e-11,5.6582651908804804e-11,5.6582651932477866e-11,5.6582651956150774e-11,5.6582651979823526e-11,5.6582652003496104e-11,5.658265202716852e-11,5.6582652050840775e-11,5.6582652074512894e-11,5.6582652098184807e-11,5.658265212185637e-11,5.658265214552764e-11,5.6582652169199096e-11,5.6582652192870375e-11,5.658265221654142e-11,5.658265224021237e-11,5.658265226388317e-11,5.6582652287553784e-11,5.658265231122424e-11,5.658265233489454e-11,5.658265235856469e-11,5.6582652382234655e-11,5.658265240590448e-11,5.658265242957411e-11,5.6582652453243606e-11,5.658265247691295e-11,5.65826525005821e-11,5.658265252425111e-11,5.658265254791993e-11,5.658265257158859e-11,5.65826525952571e-11,5.658265261892515e-11,5.6582652642593307e-11,5.658265266626132e-11,5.658265268992917e-11,5.6582652713596875e-11,5.658265273726441e-11,5.658265276093178e-11,5.6582652784598976e-11,5.6582652808266016e-11,5.658265283193289e-11,5.65826528555996e-11,5.658265287926616e-11,5.6582652902932526e-11,5.6582652926598765e-11,5.658265295026482e-11,5.6582652973930724e-11,5.658265299759649e-11,5.658265302126205e-11,5.658265304492747e-11,5.6582653068592705e-11,5.6582653092257806e-11,5.65826531159227e-11,5.658265313958748e-11,5.6582653163252075e-11,5.6582653186916504e-11,5.658265321058078e-11,5.6582653234244877e-11,5.658265325790882e-11,5.6582653281572617e-11,5.6582653305236244e-11,5.658265332889969e-11,5.6582653352563e-11,5.658265337622614e-11,5.65826533998891e-11,5.6582653423551907e-11,5.658265344721451e-11,5.6582653470876984e-11,5.658265349453927e-11,5.65826535182014e-11,5.6582653541863395e-11,5.6582653565525226e-11,5.6582653589186895e-11,5.658265361284841e-11,5.658265363650975e-11,5.658265366017093e-11,5.658265368383194e-11,5.6582653707492787e-11,5.658265373115347e-11,5.658265375481398e-11,5.658265377847434e-11,5.658265380213454e-11,5.658265382579456e-11,5.658265384945444e-11,5.658265387311416e-11,5.6582653896773696e-11,5.65826539204331e-11,5.6582653944092323e-11,5.6582653967751414e-11,5.658265399141029e-11,5.6582654015069015e-11,5.6582654038727576e-11,5.658265406238599e-11,5.6582654086044245e-11,5.6582654109702335e-11,5.6582654133360237e-11,5.658265415701801e-11,5.65826541806756e-11,5.658265420433304e-11,5.6582654227990326e-11,5.6582654251647517e-11,5.6582654275304456e-11,5.658265429896124e-11,5.6582654322617855e-11,5.658265434627448e-11,5.658265436993095e-11,5.65826543935871e-11,5.6582654417243123e-11,5.658265444089892e-11,5.6582654464554565e-11,5.658265448821002e-11,5.658265451186534e-11,5.6582654535520497e-11,5.658265455917549e-11,5.6582654582830316e-11,5.6582654606485006e-11,5.65826546301395e-11,5.658265465379385e-11,5.6582654677448023e-11,5.6582654701101964e-11,5.6582654724755827e-11,5.6582654748409515e-11,5.658265477206303e-11,5.6582654795716394e-11,5.658265481936959e-11,5.6582654843022615e-11,5.65826548666755e-11,5.6582654890328247e-11,5.6582654913980804e-11,5.658265493763319e-11,5.658265496128542e-11,5.658265498493744e-11,5.658265500858936e-11,5.658265503224111e-11,5.658265505589268e-11,5.658265507954453e-11,5.6582655103195784e-11,5.658265512684687e-11,5.65826551504978e-11,5.6582655174148565e-11,5.6582655197799164e-11,5.65826552214496e-11,5.6582655245099885e-11,5.658265526875e-11,5.6582655292399966e-11,5.658265531604974e-11,5.6582655339699375e-11,5.658265536334884e-11,5.6582655386998144e-11,5.6582655410647276e-11,5.6582655434296254e-11,5.658265545794507e-11,5.658265548159393e-11,5.6582655505242385e-11,5.6582655528890716e-11,5.65826555525389e-11,5.658265557618691e-11,5.6582655599834746e-11,5.6582655623482405e-11,5.6582655647129916e-11,5.658265567077727e-11,5.6582655694424465e-11,5.65826557180715e-11,5.658265574171837e-11,5.658265576536511e-11,5.658265578901166e-11,5.6582655812658075e-11,5.65826558363043e-11,5.658265585995036e-11,5.6582655883596296e-11,5.658265590724203e-11,5.658265593088764e-11,5.6582655954533056e-11,5.658265597817833e-11,5.658265600182343e-11,5.658265602546839e-11,5.6582656049113166e-11,5.658265607275779e-11,5.658265609640221e-11,5.65826561200465e-11,5.658265614369061e-11,5.658265616733453e-11,5.658265619097833e-11,5.658265621462193e-11,5.658265623826538e-11,5.658265626190868e-11,5.658265628555215e-11,5.6582656309195106e-11,5.658265633283725e-11,5.658265635647991e-11,5.658265638012239e-11,5.658265640376469e-11,5.658265642740686e-11,5.658265645104884e-11,5.6582656474689965e-11,5.6582656498331634e-11,5.658265652197315e-11,5.658265654561448e-11,5.658265656925567e-11,5.658265659289668e-11,5.658265661653752e-11,5.6582656640178226e-11,5.6582656663818776e-11,5.658265668745914e-11,5.658265671109945e-11,5.658265673473949e-11,5.658265675837939e-11,5.658265678201907e-11,5.658265680565862e-11,5.6582656829298016e-11,5.658265685293722e-11,5.658265687657629e-11,5.6582656900215195e-11,5.658265692385395e-11,5.65826569474925e-11,5.6582656971130934e-11,5.65826569947692e-11,5.658265701840726e-11,5.65826570420452e-11,5.6582657065682964e-11,5.658265708932056e-11,5.6582657112957997e-11,5.6582657136595297e-11,5.658265716023241e-11,5.6582657183869354e-11,5.658265720750615e-11,5.658265723114279e-11,5.6582657254779244e-11,5.658265727841554e-11,5.6582657302051704e-11,5.658265732568768e-11,5.65826573493235e-11,5.658265737295916e-11,5.658265739659465e-11,5.6582657420230003e-11,5.658265744386518e-11,5.6582657467500176e-11,5.6582657491135014e-11,5.658265751476971e-11,5.658265753840424e-11,5.6582657562038616e-11,5.658265758567282e-11,5.6582657609306844e-11,5.658265763294072e-11,5.6582657656574736e-11,5.658265768020765e-11,5.658265770384103e-11,5.658265772747425e-11,5.658265775110734e-11,5.6582657774740214e-11,5.658265779837295e-11,5.6582657822005514e-11,5.658265784563796e-11,5.6582657869270233e-11,5.658265789290235e-11,5.658265791653429e-11,5.658265794016607e-11,5.658265796379767e-11,5.6582657987429145e-11,5.658265801106043e-11,5.658265803469152e-11,5.6582658058322485e-11,5.658265808195328e-11,5.658265810558391e-11,5.658265812921438e-11,5.658265815284468e-11,5.658265817647483e-11,5.6582658200104816e-11,5.6582658223734645e-11,5.6582658247364294e-11,5.658265827099378e-11,5.65826582946231e-11,5.6582658318252276e-11,5.6582658341881285e-11,5.65826583655101e-11,5.6582658389138786e-11,5.65826584127673e-11,5.658265843639568e-11,5.658265846002386e-11,5.6582658483651887e-11,5.658265850727975e-11,5.6582658530907455e-11,5.658265855453499e-11,5.6582658578162383e-11,5.65826586017896e-11,5.658265862541666e-11,5.6582658649043574e-11,5.658265867267031e-11,5.658265869629687e-11,5.6582658719923304e-11,5.658265874354954e-11,5.658265876717564e-11,5.658265879080158e-11,5.6582658814427326e-11,5.65826588380529e-11,5.658265886167835e-11,5.6582658885303624e-11,5.6582658908928756e-11,5.6582658932553706e-11,5.65826589561785e-11,5.658265897980312e-11,5.658265900342758e-11,5.6582659027051866e-11,5.6582659050676e-11,5.658265907430041e-11,5.658265909792423e-11,5.658265912154792e-11,5.658265914517141e-11,5.658265916879476e-11,5.65826591924179e-11,5.6582659216040884e-11,5.658265923966372e-11,5.65826592632864e-11,5.658265928690949e-11,5.658265931053183e-11,5.6582659334154036e-11,5.658265935777607e-11,5.6582659381397946e-11,5.6582659405019646e-11,5.6582659428641203e-11,5.658265945226259e-11,5.658265947588383e-11,5.658265949950477e-11,5.658265952312568e-11,5.6582659546746426e-11,5.6582659570367014e-11,5.6582659593987435e-11,5.658265961760767e-11,5.6582659641227765e-11,5.6582659664847694e-11,5.658265968846747e-11,5.6582659712087054e-11,5.65826597357065e-11,5.658265975932578e-11,5.658265978294491e-11,5.658265980656377e-11,5.658265983018258e-11,5.658265985380126e-11,5.6582659877419715e-11,5.658265990103802e-11,5.6582659924656193e-11,5.6582659948274145e-11,5.658265997189196e-11,5.658265999550963e-11,5.6582660019127153e-11,5.658266004274448e-11,5.658266006636168e-11,5.6582660089978675e-11,5.6582660113595535e-11,5.658266013721222e-11,5.6582660160828743e-11,5.6582660184445125e-11,5.658266020806134e-11,5.6582660231677545e-11,5.6582660255293435e-11,5.658266027890905e-11,5.658266030252461e-11,5.6582660326140026e-11,5.6582660349755277e-11,5.658266037337035e-11,5.6582660396985254e-11,5.6582660420599994e-11,5.658266044421459e-11,5.658266046782912e-11,5.658266049144339e-11,5.658266051505748e-11,5.6582660538671444e-11,5.658266056228521e-11,5.6582660585898824e-11,5.658266060951227e-11,5.658266063312491e-11,5.658266065673803e-11,5.6582660680351e-11,5.6582660703963805e-11,5.6582660727576464e-11,5.658266075118893e-11,5.6582660774801265e-11,5.658266079841342e-11,5.6582660822025394e-11,5.658266084563722e-11,5.658266086924891e-11,5.6582660892860405e-11,5.658266091647177e-11,5.658266094008297e-11,5.658266096369398e-11,5.658266098730484e-11,5.6582661010915545e-11,5.658266103452608e-11,5.658266105813644e-11,5.6582661081746665e-11,5.658266110535674e-11,5.658266112896666e-11,5.658266115257638e-11,5.658266117618596e-11,5.658266119979536e-11,5.6582661223404615e-11,5.6582661247013694e-11,5.658266127062262e-11,5.658266129423137e-11,5.658266131783997e-11,5.6582661341448406e-11,5.658266136505668e-11,5.65826613886648e-11,5.658266141227275e-11,5.6582661435880534e-11,5.6582661459488165e-11,5.6582661483095635e-11,5.6582661506702943e-11,5.65826615303101e-11,5.658266155391707e-11,5.65826615775239e-11,5.658266160113055e-11,5.658266162473706e-11,5.65826616483434e-11,5.658266167194958e-11,5.658266169555558e-11,5.6582661719161414e-11,5.658266174276709e-11,5.65826617663726e-11,5.6582661789977975e-11,5.658266181358318e-11,5.658266183718825e-11,5.658266186079312e-11,5.658266188439783e-11,5.6582661908002406e-11,5.6582661931606786e-11,5.658266195521099e-11,5.658266197881507e-11,5.6582662002418985e-11,5.658266202602274e-11,5.658266204962633e-11,5.6582662073229736e-11,5.6582662096832986e-11,5.6582662120436094e-11,5.6582662144039046e-11,5.658266216764182e-11,5.658266219124445e-11,5.658266221484691e-11,5.6582662238449195e-11,5.6582662262051347e-11,5.6582662285653304e-11,5.658266230925512e-11,5.658266233285676e-11,5.658266235645824e-11,5.658266238005954e-11,5.6582662403660706e-11,5.658266242726172e-11,5.658266245086255e-11,5.658266247446324e-11,5.658266249806375e-11,5.65826625216641e-11,5.658266254526429e-11,5.658266256886432e-11,5.658266259246418e-11,5.6582662616063885e-11,5.658266263966344e-11,5.6582662663262824e-11,5.6582662686862035e-11,5.65826627104611e-11,5.658266273405999e-11,5.658266275765873e-11,5.658266278125728e-11,5.6582662804855685e-11,5.658266282845394e-11,5.658266285205205e-11,5.658266287564998e-11,5.658266289924776e-11,5.6582662922845374e-11,5.658266294644281e-11,5.6582662970040086e-11,5.658266299363721e-11,5.658266301723417e-11,5.6582663040830966e-11,5.658266306442761e-11,5.65826630880241e-11,5.658266311162042e-11,5.6582663135216584e-11,5.6582663158812576e-11,5.6582663182408395e-11,5.658266320600407e-11,5.658266322959959e-11,5.6582663253194925e-11,5.6582663276790116e-11,5.658266330038515e-11,5.658266332398e-11,5.6582663347574695e-11,5.658266337116924e-11,5.658266339476362e-11,5.658266341835782e-11,5.658266344195188e-11,5.658266346554577e-11,5.658266348913948e-11,5.658266351273305e-11,5.658266353632647e-11,5.658266355991972e-11,5.6582663583512804e-11,5.658266360710572e-11,5.658266363069848e-11,5.658266365429108e-11,5.658266367788353e-11,5.6582663701475816e-11,5.658266372506794e-11,5.65826637486599e-11,5.658266377225169e-11,5.658266379584331e-11,5.6582663819434776e-11,5.6582663843026064e-11,5.658266386661722e-11,5.6582663890208194e-11,5.658266391379902e-11,5.65826639373897e-11,5.6582663960980184e-11,5.6582663984570535e-11,5.6582664008160725e-11,5.658266403175073e-11,5.658266405534059e-11,5.65826640789303e-11,5.65826641025198e-11,5.658266412610918e-11,5.65826641496984e-11,5.6582664173287456e-11,5.658266419687634e-11,5.658266422046509e-11,5.6582664244053655e-11,5.658266426764207e-11,5.65826642912303e-11,5.65826643148184e-11,5.65826643384063e-11,5.658266436199407e-11,5.658266438558167e-11,5.6582664409169116e-11,5.6582664432756385e-11,5.658266445634349e-11,5.658266447993046e-11,5.6582664503517246e-11,5.658266452710385e-11,5.658266455069033e-11,5.658266457427666e-11,5.6582664597862805e-11,5.65826646214488e-11,5.658266464503463e-11,5.6582664668620287e-11,5.6582664692205804e-11,5.658266471579114e-11,5.65826647393763e-11,5.6582664762961315e-11,5.658266478654618e-11,5.658266481013088e-11,5.658266483371542e-11,5.658266485729979e-11,5.6582664880884015e-11,5.6582664904468065e-11,5.6582664928051934e-11,5.6582664951635674e-11,5.658266497521923e-11,5.658266499880264e-11,5.658266502238589e-11,5.6582665045968967e-11,5.65826650695519e-11,5.658266509313465e-11,5.658266511671725e-11,5.658266514029969e-11,5.6582665163881954e-11,5.658266518746407e-11,5.658266521104604e-11,5.658266523462782e-11,5.658266525820949e-11,5.658266528179094e-11,5.6582665305372245e-11,5.658266532895339e-11,5.658266535253439e-11,5.658266537611522e-11,5.6582665399695876e-11,5.6582665423276404e-11,5.658266544685673e-11,5.658266547043692e-11,5.6582665494016955e-11,5.65826655175968e-11,5.65826655411765e-11,5.658266556475602e-11,5.658266558833538e-11,5.658266561191463e-11,5.658266563549369e-11,5.658266565907258e-11,5.658266568265131e-11,5.6582665706229876e-11,5.658266572980829e-11,5.658266575338656e-11,5.658266577696463e-11,5.658266580054255e-11,5.658266582412031e-11,5.65826658476979e-11,5.658266587127536e-11,5.658266589485264e-11,5.6582665918429776e-11,5.6582665942006724e-11,5.658266596558352e-11,5.658266598916017e-11,5.658266601273663e-11,5.658266603631294e-11,5.658266605988908e-11,5.658266608346508e-11,5.6582666107040914e-11,5.658266613061659e-11,5.658266615419211e-11,5.6582666177767454e-11,5.658266620134264e-11,5.6582666224917667e-11,5.658266624849249e-11,5.65826662720672e-11,5.658266629564176e-11,5.6582666319216114e-11,5.658266634279036e-11,5.658266636636441e-11,5.6582666389938305e-11,5.658266641351204e-11,5.658266643708563e-11,5.658266646065903e-11,5.6582666484232294e-11,5.658266650780537e-11,5.6582666531378306e-11,5.6582666554951086e-11,5.658266657852369e-11,5.6582666602096155e-11,5.658266662566843e-11,5.6582666649240564e-11,5.658266667281252e-11,5.658266669638433e-11,5.6582666719955995e-11,5.658266674352749e-11,5.65826667670988e-11,5.6582666790669966e-11,5.658266681424096e-11,5.6582666837811804e-11,5.658266686138249e-11,5.6582666884952995e-11,5.6582666908523345e-11,5.6582666932093546e-11,5.658266695566358e-11,5.658266697923346e-11,5.658266700280317e-11,5.6582667026372704e-11,5.65826670499421e-11,5.6582667073511316e-11,5.658266709708038e-11,5.6582667120649276e-11,5.6582667144218024e-11,5.658266716778663e-11,5.658266719135506e-11,5.6582667214923316e-11,5.658266723849141e-11,5.6582667262059343e-11,5.658266728562713e-11,5.658266730919474e-11,5.658266733276221e-11,5.658266735632952e-11,5.6582667379896657e-11,5.658266740346362e-11,5.658266742703044e-11,5.658266745059708e-11,5.6582667474163594e-11,5.658266749772992e-11,5.658266752129609e-11,5.65826675448621e-11,5.6582667568427965e-11,5.658266759199366e-11,5.6582667615559185e-11,5.658266763912455e-11,5.658266766268975e-11,5.6582667686254835e-11,5.65826677098197e-11,5.658266773338441e-11,5.658266775694896e-11,5.65826677805134e-11,5.658266780407763e-11,5.65826678276417e-11,5.658266785120561e-11,5.658266787476937e-11,5.658266789833296e-11,5.658266792189641e-11,5.658266794545968e-11,5.65826679690228e-11,5.658266799258575e-11,5.658266801614854e-11,5.658266803971117e-11,5.6582668063273645e-11,5.658266808683595e-11,5.6582668110398105e-11,5.6582668133960086e-11,5.658266815752192e-11,5.6582668181083584e-11,5.65826682046451e-11,5.6582668228206435e-11,5.6582668251767634e-11,5.658266827532866e-11,5.658266829888954e-11,5.658266832245023e-11,5.6582668346010783e-11,5.658266836957117e-11,5.6582668393131385e-11,5.6582668416691434e-11,5.658266844025134e-11,5.6582668463811074e-11,5.658266848737063e-11,5.6582668510930054e-11,5.658266853448932e-11,5.6582668558048413e-11,5.6582668581607344e-11,5.658266860516611e-11,5.6582668628724735e-11,5.6582668652283174e-11,5.6582668675841446e-11,5.658266869939961e-11,5.6582668722957576e-11,5.658266874651537e-11,5.658266877007302e-11,5.658266879363051e-11,5.658266881718784e-11,5.658266884074501e-11,5.658266886430202e-11,5.658266888785886e-11,5.6582668911415564e-11,5.658266893497208e-11,5.6582668958528437e-11,5.6582668982084654e-11,5.6582669005640677e-11,5.6582669029196564e-11,5.6582669052752296e-11,5.658266907630786e-11,5.6582669099863256e-11,5.658266912341852e-11,5.658266914697358e-11,5.6582669170528495e-11,5.658266919408323e-11,5.658266921763784e-11,5.658266924119227e-11,5.6582669264746544e-11,5.6582669288300654e-11,5.658266931185462e-11,5.6582669335408396e-11,5.658266935896203e-11,5.6582669382515505e-11,5.658266940606881e-11,5.658266942962196e-11,5.6582669453174947e-11,5.6582669476727764e-11,5.658266950028042e-11,5.658266952383295e-11,5.658266954738529e-11,5.658266957093747e-11,5.65826695944895e-11,5.6582669618041355e-11,5.658266964159305e-11,5.6582669665144586e-11,5.658266968869598e-11,5.6582669712247204e-11,5.6582669735798264e-11,5.6582669759349155e-11,5.658266978289989e-11,5.658266980645047e-11,5.65826698300009e-11,5.658266985355115e-11,5.658266987710126e-11,5.6582669900651204e-11,5.6582669924200965e-11,5.6582669947750584e-11,5.658266997130005e-11,5.658266999484933e-11,5.6582670018398465e-11,5.658267004194743e-11,5.658267006549625e-11,5.65826700890449e-11,5.6582670112593386e-11,5.658267013614172e-11,5.658267015968991e-11,5.6582670183237906e-11,5.658267020678576e-11,5.6582670230333447e-11,5.6582670253880985e-11,5.658267027742836e-11,5.6582670300975576e-11,5.6582670324522616e-11,5.658267034806953e-11,5.658267037161622e-11,5.65826703951628e-11,5.658267041870919e-11,5.658267044225542e-11,5.6582670465801504e-11,5.658267048934744e-11,5.658267051289321e-11,5.658267053643882e-11,5.6582670559984256e-11,5.658267058352955e-11,5.658267060707467e-11,5.658267063061964e-11,5.6582670654164436e-11,5.658267067770907e-11,5.6582670701253554e-11,5.658267072479788e-11,5.658267074834204e-11,5.658267077188604e-11,5.6582670795429876e-11,5.658267081897355e-11,5.658267084251706e-11,5.6582670866060425e-11,5.658267088960363e-11,5.658267091314667e-11,5.658267093668954e-11,5.6582670960232255e-11,5.6582670983774804e-11,5.658267100731719e-11,5.658267103085942e-11,5.658267105440149e-11,5.658267107794339e-11,5.6582671101485145e-11,5.658267112502674e-11,5.658267114856817e-11,5.658267117210944e-11,5.6582671195650546e-11,5.6582671219191505e-11,5.6582671242732284e-11,5.6582671266272913e-11,5.658267128981338e-11,5.6582671313353694e-11,5.6582671336893846e-11,5.658267136043383e-11,5.6582671383973664e-11,5.658267140751333e-11,5.658267143105284e-11,5.6582671454592186e-11,5.6582671478131375e-11,5.658267150167039e-11,5.658267152520926e-11,5.658267154874796e-11,5.658267157228651e-11,5.6582671595824894e-11,5.6582671619363113e-11,5.6582671642901164e-11,5.658267166643907e-11,5.6582671689976814e-11,5.6582671713514394e-11,5.658267173705182e-11,5.658267176058908e-11,5.65826717841262e-11,5.658267180766314e-11,5.658267183119991e-11,5.6582671854736516e-11,5.6582671878272984e-11,5.658267190180928e-11,5.6582671925345416e-11,5.65826719488814e-11,5.6582671972417234e-11,5.6582671995952894e-11,5.6582672019488406e-11,5.658267204302374e-11,5.658267206655891e-11,5.6582672090093925e-11,5.6582672113628784e-11,5.658267213716348e-11,5.658267216069803e-11,5.6582672184232404e-11,5.658267220776663e-11,5.658267223130067e-11,5.6582672254834576e-11,5.658267227836831e-11,5.658267230190188e-11,5.658267232543529e-11,5.658267234896853e-11,5.658267237250163e-11,5.658267239603457e-11,5.6582672419567356e-11,5.658267244309998e-11,5.658267246663242e-11,5.658267249016471e-11,5.658267251369684e-11,5.65826725372288e-11,5.658267256076062e-11,5.658267258429231e-11,5.658267260782378e-11,5.6582672631355126e-11,5.65826726548863e-11,5.658267267841733e-11,5.658267270194818e-11,5.658267272547887e-11,5.658267274900942e-11,5.658267277253977e-11,5.658267279606998e-11,5.658267281960004e-11,5.658267284312993e-11,5.6582672866659654e-11,5.6582672890189245e-11,5.6582672913718656e-11,5.658267293724789e-11,5.658267296077698e-11,5.658267298430591e-11,5.65826730078347e-11,5.658267303136331e-11,5.6582673054891756e-11,5.658267307842004e-11,5.6582673101948187e-11,5.6582673125476144e-11,5.658267314900394e-11,5.6582673172531586e-11,5.658267319605907e-11,5.658267321958641e-11,5.6582673243113563e-11,5.6582673266640583e-11,5.6582673290167435e-11,5.6582673313694126e-11,5.6582673337220654e-11,5.658267336074702e-11,5.6582673384273234e-11,5.658267340779929e-11,5.658267343132516e-11,5.658267345485088e-11,5.6582673478376454e-11,5.6582673501901845e-11,5.658267352542711e-11,5.658267354895219e-11,5.658267357247712e-11,5.658267359600189e-11,5.658267361952649e-11,5.658267364305094e-11,5.6582673666575223e-11,5.6582673690099335e-11,5.658267371362332e-11,5.6582673737147126e-11,5.6582673760670766e-11,5.658267378419424e-11,5.658267380771758e-11,5.658267383124075e-11,5.658267385476376e-11,5.658267387828661e-11,5.6582673901809285e-11,5.6582673925331814e-11,5.658267394885418e-11,5.658267397237639e-11,5.658267399589843e-11,5.658267401942033e-11,5.658267404294206e-11,5.658267406646363e-11,5.6582674089985055e-11,5.6582674113506285e-11,5.658267413702737e-11,5.658267416054831e-11,5.6582674184069095e-11,5.6582674207589666e-11,5.6582674231110126e-11,5.658267425463041e-11,5.6582674278150544e-11,5.6582674301670507e-11,5.6582674325190315e-11,5.658267434870997e-11,5.658267437222944e-11,5.6582674395748776e-11,5.658267441926796e-11,5.658267444278697e-11,5.658267446630581e-11,5.6582674489824505e-11,5.658267451334304e-11,5.658267453686139e-11,5.65826745603796e-11,5.6582674583897656e-11,5.658267460741555e-11,5.658267463093327e-11,5.658267465445083e-11,5.658267467796824e-11,5.6582674701485496e-11,5.658267472500258e-11,5.6582674748519497e-11,5.6582674772036287e-11,5.658267479555289e-11,5.658267481906934e-11,5.658267484258563e-11,5.6582674866101767e-11,5.6582674889617736e-11,5.6582674913133544e-11,5.658267493664919e-11,5.658267496016469e-11,5.658267498368e-11,5.658267500719521e-11,5.658267503071021e-11,5.658267505422506e-11,5.658267507773974e-11,5.6582675101254287e-11,5.658267512476865e-11,5.658267514828286e-11,5.65826751717969e-11,5.65826751953108e-11,5.658267521882453e-11,5.65826752423381e-11,5.658267526585153e-11,5.6582675289364774e-11,5.658267531287787e-11,5.65826753363908e-11,5.658267535990357e-11,5.658267538341618e-11,5.658267540692864e-11,5.658267543044094e-11,5.658267545395308e-11,5.658267547746505e-11,5.6582675500976865e-11,5.658267552448852e-11,5.6582675548000015e-11,5.658267557151133e-11,5.658267559502251e-11,5.6582675618533525e-11,5.65826756420444e-11,5.658267566555509e-11,5.658267568906564e-11,5.658267571257601e-11,5.658267573608624e-11,5.6582675759596266e-11,5.658267578310617e-11,5.65826758066159e-11,5.658267583012547e-11,5.65826758536349e-11,5.6582675877144144e-11,5.6582675900653244e-11,5.658267592416218e-11,5.658267594767096e-11,5.658267597117958e-11,5.658267599468805e-11,5.658267601819634e-11,5.65826760417045e-11,5.658267606521249e-11,5.6582676088720317e-11,5.658267611222796e-11,5.658267613573546e-11,5.6582676159242795e-11,5.6582676182749957e-11,5.658267620625699e-11,5.6582676229763846e-11,5.658267625327056e-11,5.658267627677707e-11,5.6582676300283475e-11,5.65826763237897e-11,5.658267634729576e-11,5.658267637080164e-11,5.65826763943074e-11,5.6582676417812986e-11,5.6582676441318396e-11,5.658267646482368e-11,5.658267648832879e-11,5.6582676511833734e-11,5.658267653533853e-11,5.658267655884316e-11,5.658267658234764e-11,5.658267660585194e-11,5.6582676629356065e-11,5.658267665286008e-11,5.658267667636391e-11,5.658267669986756e-11,5.658267672337107e-11,5.658267674687442e-11,5.658267677037761e-11,5.658267679388064e-11,5.6582676817383524e-11,5.658267684088623e-11,5.6582676864388806e-11,5.658267688789118e-11,5.658267691139341e-11,5.658267693489548e-11,5.6582676958397385e-11,5.658267698189915e-11,5.658267700540073e-11,5.658267702890217e-11,5.658267705240346e-11,5.658267707590457e-11,5.658267709940553e-11,5.6582677122906296e-11,5.6582677146406943e-11,5.6582677169907416e-11,5.658267719340774e-11,5.658267721690789e-11,5.6582677240407897e-11,5.6582677263907736e-11,5.6582677287407414e-11,5.658267731090692e-11,5.658267733440628e-11,5.658267735790548e-11,5.658267738140452e-11,5.6582677404903386e-11,5.6582677428402126e-11,5.658267745190068e-11,5.658267747539907e-11,5.6582677498897334e-11,5.65826775223954e-11,5.658267754589331e-11,5.658267756939108e-11,5.658267759288869e-11,5.658267761638613e-11,5.658267763988341e-11,5.658267766338053e-11,5.6582677686877495e-11,5.6582677710374284e-11,5.658267773387094e-11,5.6582677757367416e-11,5.6582677780863747e-11,5.6582677804359915e-11,5.658267782785593e-11,5.6582677851351774e-11,5.658267787484746e-11,5.6582677898342994e-11,5.658267792183836e-11,5.6582677945333573e-11,5.6582677968828644e-11,5.658267799232354e-11,5.658267801581826e-11,5.658267803931283e-11,5.6582678062807257e-11,5.658267808630151e-11,5.6582678109795613e-11,5.6582678133289546e-11,5.658267815678334e-11,5.658267818027695e-11,5.6582678203770394e-11,5.658267822726368e-11,5.6582678250756844e-11,5.658267827424982e-11,5.658267829774265e-11,5.6582678321235314e-11,5.658267834472781e-11,5.658267836822014e-11,5.658267839171234e-11,5.658267841520435e-11,5.6582678438696215e-11,5.6582678462187925e-11,5.658267848567946e-11,5.658267850917084e-11,5.6582678532662065e-11,5.658267855615313e-11,5.6582678579644056e-11,5.658267860313478e-11,5.65826786266254e-11,5.658267865011583e-11,5.658267867360609e-11,5.65826786970962e-11,5.658267872058615e-11,5.658267874407593e-11,5.658267876756559e-11,5.658267879105506e-11,5.658267881454438e-11,5.658267883803353e-11,5.658267886152253e-11,5.6582678885011363e-11,5.658267890850004e-11,5.6582678931988566e-11,5.6582678955476934e-11,5.658267897896513e-11,5.658267900245317e-11,5.658267902594104e-11,5.658267904942875e-11,5.6582679072916316e-11,5.658267909640374e-11,5.6582679119890965e-11,5.658267914337804e-11,5.6582679166864976e-11,5.6582679190351735e-11,5.6582679213838346e-11,5.65826792373248e-11,5.658267926081109e-11,5.6582679284297216e-11,5.6582679307783174e-11,5.658267933126898e-11,5.6582679354754625e-11,5.6582679378240105e-11,5.6582679401725404e-11,5.658267942521054e-11,5.6582679448695505e-11,5.658267947218029e-11,5.658267949566495e-11,5.6582679519149424e-11,5.658267954263376e-11,5.658267956611793e-11,5.658267958960196e-11,5.6582679613085806e-11,5.6582679636569496e-11,5.658267966005304e-11,5.658267968353639e-11,5.6582679707019577e-11,5.6582679730502633e-11,5.658267975398552e-11,5.6582679777468255e-11,5.6582679800950834e-11,5.6582679824433244e-11,5.65826798479155e-11,5.6582679871397587e-11,5.658267989487952e-11,5.658267991836131e-11,5.658267994184294e-11,5.6582679965324385e-11,5.6582679988805683e-11,5.658268001228681e-11,5.658268003576779e-11,5.6582680059248623e-11,5.658268008272928e-11,5.658268010620977e-11,5.658268012969013e-11,5.658268015317031e-11,5.658268017665033e-11,5.6582680200130206e-11,5.6582680223609915e-11,5.6582680247089456e-11,5.6582680270568836e-11,5.6582680294048054e-11,5.6582680317527104e-11,5.658268034100609e-11,5.6582680364484893e-11,5.6582680387963523e-11,5.6582680411442024e-11,5.658268043492036e-11,5.658268045839853e-11,5.658268048187655e-11,5.65826805053544e-11,5.658268052883209e-11,5.658268055230963e-11,5.658268057578699e-11,5.6582680599264206e-11,5.658268062274125e-11,5.658268064621816e-11,5.658268066969489e-11,5.658268069317147e-11,5.6582680716647895e-11,5.658268074012415e-11,5.658268076360026e-11,5.658268078707622e-11,5.6582680810551984e-11,5.6582680834027616e-11,5.658268085750307e-11,5.6582680880978374e-11,5.658268090445353e-11,5.65826809279285e-11,5.658268095140333e-11,5.658268097487798e-11,5.6582680998352486e-11,5.658268102182683e-11,5.6582681045301034e-11,5.6582681068775056e-11,5.6582681092248923e-11,5.6582681115722636e-11,5.658268113919621e-11,5.65826811626696e-11,5.6582681186142835e-11,5.65826812096159e-11,5.65826812330888e-11,5.658268125656156e-11,5.658268128003416e-11,5.658268130350661e-11,5.6582681326978884e-11,5.6582681350451006e-11,5.658268137392296e-11,5.658268139739477e-11,5.6582681420866403e-11,5.6582681444337886e-11,5.658268146780924e-11,5.6582681491280405e-11,5.658268151475143e-11,5.6582681538222284e-11,5.6582681561692966e-11,5.658268158516351e-11,5.6582681608633876e-11,5.658268163210409e-11,5.658268165557415e-11,5.658268167904404e-11,5.658268170251377e-11,5.658268172598335e-11,5.658268174945277e-11,5.658268177292204e-11,5.658268179639114e-11,5.658268181986009e-11,5.658268184332889e-11,5.6582681866797494e-11,5.6582681890265946e-11,5.6582681913734255e-11,5.6582681937202403e-11,5.65826819606704e-11,5.6582681984138234e-11,5.6582682007605904e-11,5.6582682031073425e-11,5.6582682054540784e-11,5.6582682078007976e-11,5.6582682101475e-11,5.6582682124941874e-11,5.658268214840859e-11,5.658268217187513e-11,5.6582682195341536e-11,5.658268221880778e-11,5.658268224227385e-11,5.6582682265739776e-11,5.658268228920554e-11,5.658268231267115e-11,5.6582682336136614e-11,5.658268235960189e-11,5.6582682383067035e-11,5.658268240653199e-11,5.6582682429996804e-11,5.658268245346146e-11,5.658268247692596e-11,5.6582682500390275e-11,5.658268252385446e-11,5.6582682547318486e-11,5.658268257078234e-11,5.6582682594246045e-11,5.658268261770959e-11,5.658268264117297e-11,5.6582682664636194e-11,5.658268268809926e-11,5.658268271156217e-11,5.6582682735024915e-11,5.658268275848749e-11,5.658268278194993e-11,5.65826828054122e-11,5.6582682828874314e-11,5.658268285233628e-11,5.6582682875798066e-11,5.65826828992597e-11,5.658268292272119e-11,5.65826829461825e-11,5.658268296964366e-11,5.6582682993104666e-11,5.658268301656551e-11,5.658268304002621e-11,5.6582683063486737e-11,5.6582683086947104e-11,5.658268311040729e-11,5.658268313386733e-11,5.6582683157327204e-11,5.658268318078693e-11,5.658268320424651e-11,5.6582683227705934e-11,5.6582683251165184e-11,5.658268327462427e-11,5.65826832980832e-11,5.658268332154197e-11,5.658268334500058e-11,5.658268336845903e-11,5.658268339191736e-11,5.65826834153755e-11,5.6582683438833485e-11,5.658268346229131e-11,5.6582683485748965e-11,5.6582683509206476e-11,5.658268353266383e-11,5.658268355612103e-11,5.6582683579578066e-11,5.6582683603034943e-11,5.658268362649166e-11,5.6582683649948227e-11,5.6582683673404613e-11,5.658268369686085e-11,5.6582683720316934e-11,5.658268374377286e-11,5.6582683767228615e-11,5.658268379068423e-11,5.6582683814139675e-11,5.6582683837594957e-11,5.658268386105008e-11,5.658268388450508e-11,5.658268390795989e-11,5.658268393141454e-11,5.658268395486905e-11,5.6582683978323375e-11,5.658268400177756e-11,5.6582684025231586e-11,5.658268404868543e-11,5.6582684072139143e-11,5.658268409559269e-11,5.6582684119046055e-11,5.658268414249928e-11,5.6582684165952346e-11,5.658268418940527e-11,5.658268421285801e-11,5.6582684236310604e-11,5.658268425976303e-11,5.65826842832153e-11,5.6582684306667427e-11,5.6582684330119386e-11,5.658268435357119e-11
16,0.0,0.0,0.0,0.0,0.0,0.0,0.0,0.0,0.0,0.0,0.0,0.0,0.0,0.0,0.0,0.0,0.0,0.0,0.0,0.0,0.0,0.0,0.0,0.0,0.0,0.0,0.0,0.0,0.0,0.0,0.0,0.0,0.0,0.0,0.0,0.0,0.0,0.0,0.0,0.0,0.0,0.0,0.0,0.0,0.0,0.0,0.0,0.0,0.0,0.0,0.0,0.0,0.0,0.0,0.0,0.0,0.0,0.0,0.0,0.0,0.0,0.0,0.0,0.0,0.0,0.0,0.0,0.0,0.0,0.0,0.0,0.0,0.0,0.0,0.0,0.0,0.0,0.0,0.0,0.0,0.0,0.0,0.0,0.0,0.0,0.0,0.0,0.0,0.0,0.0,0.0,0.0,0.0,0.0,0.0,0.0,0.0,0.0,0.0,0.0,0.0,0.0,0.0,0.0,0.0,0.0,0.0,0.0,0.0,0.0,0.0,0.0,0.0,0.0,0.0,0.0,0.0,0.0,0.0,0.0,0.0,0.0,0.0,0.0,0.0,0.0,0.0,0.0,0.0,0.0,0.0,0.0,0.0,0.0,0.0,0.0,0.0,0.0,0.0,0.0,0.0,0.0,0.0,0.0,0.0,0.0,0.0,0.0,0.0,0.0,0.0,0.0,0.0,0.0,0.0,0.0,0.0,0.0,0.0,0.0,0.0,0.0,0.0,0.0,0.0,0.0,0.0,0.0,0.0,0.0,0.0,0.0,0.0,0.0,0.0,0.0,0.0,0.0,0.0,0.0,0.0,0.0,0.0,0.0,0.0,0.0,0.0,0.0,0.0,0.0,0.0,0.0,0.0,0.0,0.0,0.0,0.0,0.0,0.0,0.0,0.0,0.0,0.0,0.0,0.0,0.0,0.0,0.0,0.0,0.0,0.0,0.0,0.0,0.0,0.0,0.0,0.0,0.0,0.0,0.0,0.0,0.0,0.0,0.0,0.0,0.0,0.0,0.0,0.0,0.0,0.0,0.0,0.0,0.0,0.0,0.0,0.0,0.0,0.0,0.0,0.0,0.0,0.0,0.0,0.0,0.0,0.0,0.0,0.0,0.0,0.0,0.0,0.0,0.0,0.0,0.0,0.0,0.0,0.0,0.0,0.0,0.0,0.0,0.0,0.0,0.0,0.0,0.0,0.0,0.0,0.0,0.0,0.0,0.0,0.0,0.0,0.0,0.0,0.0,0.0,0.0,0.0,0.0,0.0,0.0,0.0,0.0,0.0,0.0,0.0,0.0,0.0,0.0,0.0,0.0,0.0,0.0,0.0,0.0,0.0,0.0,0.0,0.0,0.0,0.0,0.0,0.0,0.0,0.0,0.0,0.0,0.0,0.0,0.0,0.0,0.0,0.0,0.0,0.0,0.0,0.0,0.0,0.0,0.0,0.0,0.0,0.0,0.0,0.0,0.0,0.0,0.0,0.0,0.0,0.0,0.0,0.0,0.0,0.0,0.0,0.0,0.0,0.0,0.0,0.0,0.0,0.0,0.0,0.0,0.0,0.0,0.0,0.0,0.0,0.0,0.0,0.0,0.0,0.0,0.0,0.0,0.0,0.0,0.0,0.0,0.0,0.0,0.0,0.0,0.0,0.0,0.0,0.0,0.0,0.0,0.0,0.0,0.0,0.0,0.0,0.0,0.0,0.0,0.0,0.0,0.0,0.0,0.0,0.0,0.0,0.0,0.0,0.0,0.0,0.0,0.0,0.0,0.0,0.0,0.0,0.0,0.0,0.0,0.0,0.0,0.0,0.0,0.0,0.0,0.0,0.0,0.0,0.0,0.0,0.0,0.0,0.0,0.0,0.0,0.0,0.0,0.0,0.0,0.0,0.0,0.0,0.0,0.0,0.0,0.0,0.0,0.0,0.0,0.0,0.0,0.0,0.0,0.0,0.0,0.0,0.0,0.0,0.0,0.0,0.0,0.0,0.0,0.0,0.0,0.0,0.0,0.0,0.0,0.0,0.0,0.0,0.0,0.0,0.0,0.0,0.0,0.0,0.0,0.0,0.0,0.0,0.0,0.0,0.0,0.0,0.0,0.0,0.0,0.0,0.0,0.0,0.0,0.0,0.0,0.0,0.0,0.0,0.0,0.0,0.0,0.0,0.0,0.0,0.0,0.0,0.0,0.0,0.0,0.0,0.0,0.0,0.0,0.0,0.0,0.0,0.0,0.0,0.0,0.0,0.0,0.0,0.0,0.0,0.0,0.0,0.0,0.0,0.0,0.0,0.0,0.0,0.0,0.0,0.0,0.0,0.0,0.0,0.0,0.0,0.0,0.0,0.0,0.0,0.0,0.0,0.0,0.0,0.0,0.0,0.0,0.0,0.0,0.0,0.0,0.0,0.0,0.0,0.0,0.0,0.0,0.0,0.0,0.0,0.0,0.0,0.0,0.0,0.0,0.0,0.0,0.0,0.0,0.0,0.0,0.0,0.0,0.0,0.0,0.0,0.0,0.0,0.0,0.0,0.0,0.0,0.0,0.0,0.0,0.0,0.0,0.0,0.0,0.0,0.0,0.0,0.0,0.0,0.0,0.0,0.0,0.0,0.0,0.0,0.0,0.0,0.0,0.0,0.0,0.0,0.0,0.0,0.0,0.0,0.0,0.0,0.0,0.0,0.0,0.0,0.0,0.0,0.0,0.0,0.0,0.0,0.0,0.0,0.0,0.0,0.0,0.0,0.0,0.0,0.0,0.0,0.0,0.0,0.0,0.0,0.0,0.0,0.0,0.0,0.0,0.0,0.0,0.0,0.0,0.0,0.0,0.0,0.0,0.0,0.0,0.0,0.0,0.0,0.0,0.0,0.0,0.0,0.0,0.0,0.0,0.0,0.0,0.0,0.0,0.0,0.0,0.0,0.0,0.0,0.0,0.0,0.0,0.0,0.0,0.0,0.0,0.0,0.0,0.0,0.0,0.0,0.0,0.0,0.0,0.0,0.0,0.0,0.0,0.0,0.0,0.0,0.0,0.0,0.0,0.0,0.0,0.0,0.0,0.0,0.0,0.0,0.0,0.0,0.0,0.0,0.0,0.0,0.0,0.0,0.0,0.0,0.0,0.0,0.0,0.0,0.0,0.0,0.0,0.0,0.0,0.0,0.0,0.0,0.0,0.0,0.0,0.0,0.0,0.0,0.0,0.0,0.0,0.0,0.0,0.0,0.0,0.0,0.0,0.0,0.0,0.0,0.0,0.0,0.0,0.0,0.0,0.0,0.0,0.0,0.0,0.0,0.0,0.0,0.0,0.0,0.0,0.0,0.0,0.0,0.0,0.0,0.0,0.0,0.0,0.0,0.0,0.0,0.0,0.0,0.0,0.0,0.0,0.0,0.0,0.0,0.0,0.0,0.0,0.0,0.0,0.0,0.0,0.0,0.0,0.0,0.0,0.0,0.0,0.0,0.0,0.0,0.0,0.0,0.0,0.0,0.0,0.0,0.0,0.0,0.0,0.0,0.0,0.0,0.0,0.0,0.0,0.0,0.0,0.0,0.0,0.0,0.0,0.0,0.0,0.0,0.0,0.0,0.0,0.0,0.0,0.0,0.0,0.0,0.0,0.0,0.0,0.0,0.0,0.0,0.0,0.0,0.0,0.0,0.0,0.0,0.0,0.0,0.0,0.0,0.0,0.0,0.0,0.0,0.0,0.0,0.0,0.0,0.0,0.0,0.0,0.0,0.0,0.0,0.0,0.0,0.0,0.0,0.0,0.0,0.0,0.0,0.0,0.0,0.0,0.0,0.0,0.0,0.0,0.0,0.0,0.0,0.0,0.0,0.0,0.0,0.0,0.0,0.0,0.0,0.0,0.0,0.0,0.0,0.0,0.0,0.0,0.0,0.0,0.0,0.0,0.0,0.0,0.0,0.0,0.0,0.0,0.0,0.0,0.0,0.0,0.0,0.0,0.0,0.0,0.0,0.0,0.0,0.0,0.0,0.0,0.0,0.0,0.0,0.0,0.0,0.0,0.0,0.0,0.0,0.0,0.0,0.0,0.0,0.0,0.0,0.0,0.0,0.0,0.0,0.0,0.0,0.0,0.0,0.0,0.0,0.0,0.0,0.0,0.0,0.0,0.0,0.0,0.0,0.0,0.0,0.0,0.0,0.0,0.0,0.0,0.0,0.0,0.0,0.0,0.0,0.0,0.0,0.0,0.0,0.0,0.0,0.0,0.0,0.0,0.0,0.0,0.0,0.0,0.0,0.0,0.0,0.0,0.0,0.0,0.0,0.0,0.0,0.0,0.0,0.0,0.0,0.0,0.0,0.0,0.0,0.0,0.0,0.0,0.0,0.0,0.0,0.0,0.0,0.0,0.0,0.0,0.0,0.0,0.0,0.0,0.0,0.0,0.0,0.0,0.0,0.0,0.0,0.0,0.0,0.0,0.0,3.1791425239946463e-22,9.027561304638542e-22,1.6249741467734986e-21,2.38610367434976e-21,3.1411055032762577e-21,3.875029180276901e-21,4.585910813646012e-21,5.2762534915181664e-21,5.9494866297225e-21,6.608761741155739e-21,7.256702516447675e-21,7.89548031532547e-21,8.526959703937882e-21,9.15282602630916e-21,9.774675014799713e-21,1.0394068253747894e-20,1.1012564114144036e-20,1.1631733108678991e-20,1.2253164311555503e-20,1.2878467229761901e-20,1.3509271809065228e-20,1.414722809704223e-20,1.4794006361824657e-20,1.5451298032574933e-20,1.612081758872849e-20,1.6804305399327544e-20,1.75035314578981e-20,1.822029993917716e-20,1.8956454503752102e-20,1.9713884289661205e-20,2.049453054258643e-20,2.1300393852561956e-20,2.2133541981548714e-20,2.2996118278125343e-20,2.389035069399761e-20,2.4818561421927248e-20,2.5783177193546285e-20,2.6786740281380503e-20,2.783192026291218e-20,2.8921526613246585e-20,3.005852220206984e-20,3.1246037800175734e-20,3.2487387652115706e-20,3.378608628770515e-20,3.514586665418221e-20,3.6570699722375647e-20,3.806481572646612e-20,3.963272720631653e-20,4.127925404735677e-20,4.3009550735585205e-20,4.4829136061206526e-20,4.674392554286141e-20,4.8760266868610636e-20,5.088497868564809e-20,5.312539311078999e-20,5.548940237702196e-20,5.798551008394157e-20,6.062288757269006e-20,6.341143601310012e-20,6.636185487197081e-20,6.94857174843699e-20,7.27955545957318e-20,7.630494680712739e-20,8.002862699208813e-20,8.398259390475658e-20,8.81842383560761e-20,9.265248351473134e-20,9.740794111299158e-20,1.0247308557595654e-19,1.0787244838460737e-19,1.136328352913157e-19,1.1978356943346907e-19,1.2635676374809374e-19,1.3338762667994365e-19,1.4091480572456278e-19,1.4898077401928284e-19,1.576322660693422e-19,1.6692076951311884e-19,1.7690308105086652e-19,1.876419358490699e-19,1.9920672130346683e-19,2.1167428776905948e-19,2.251298709947263e-19,2.3966814344587592e-19,2.5539441465230694e-19,2.724260041593329e-19,2.90893814816024e-19,3.1094413909973413e-19,3.3274073691393067e-19,3.564672305980008e-19,3.823298711678492e-19,4.1056073989648514e-19,4.414214621221258e-19,4.752075244600547e-19,5.122533050910339e-19,5.529379486013681e-19,5.976922437466065e-19,6.470066953115411e-19,7.0144102154976035e-19,7.616353583277729e-19,8.2832351240129185e-19,9.023486822025783e-19,9.846821590104844e-19,1.0764456392228956e-18,1.1789379260020186e-18,1.293666984145109e-18,1.422388545847916e-18,1.5671527614427417e-18,1.7303607658866053e-18,1.9148335126140282e-18,2.123895843196129e-18,2.3614795551340966e-18,2.632250257537247e-18,2.941764139740657e-18,3.2966625213050917e-18,3.7049143420366535e-18,4.176119770141688e-18,4.721892116867324e-18,5.356340591574412e-18,6.096683611654959e-18,6.964032073949976e-18,7.984395168809012e-18,9.189979339271393e-18,1.0620875813610011e-17,1.2327266576400512e-17,1.4372326775392062e-17,1.6836069333705518e-17,1.9820473730894727e-17,2.3456378527209843e-17,2.791281569163115e-17,3.340975344655446e-17,4.023563763512265e-17,4.8771747536310036e-17,5.952631534109521e-17,7.318276163065853e-17,9.066852597297656e-17,1.1325422133792308e-16,1.4269784481914494e-16,1.8145653896979004e-16,2.330005191407105e-16,3.0228281851352784e-16,3.96448525224923e-16,5.259146202744672e-16,7.060264090702806e-16,9.03913026850138e-16,1.2532071645751773e-15,1.746190090294987e-15,2.462167564001009e-15,3.5151255329614422e-15,5.078251609311741e-15,7.415717319024063e-15,1.0927671980423603e-14,1.6211927437466723e-14,2.4142682572742055e-14,3.5960086260186215e-14,5.3353142389470805e-14,7.850364009574595e-14,1.14046074122902e-13,1.6289804315115824e-13,2.2793764075872006e-13,3.1155037956943e-13,4.1512425098136955e-13,5.386124612976057e-13,6.802847348986903e-13,8.367450427068515e-13,1.0032221734273211e-12,1.174069035994212e-12,1.3433620447763785e-12,1.5054838674590356e-12,1.6555960757854792e-12,1.7899485148311394e-12,1.9060141152212633e-12,2.002470519506174e-12,2.079068649599835e-12,2.1364338014850487e-12,2.1758405853247893e-12,2.1989934288655835e-12,2.207833217994838e-12,2.2043805177100692e-12,2.1906179926369857e-12,2.168409444714142e-12,2.139450021196545e-12,2.1052410620495196e-12,2.067083152875708e-12,2.026081713645251e-12,1.9831605034257678e-12,1.9390795069457382e-12,1.8944546530608338e-12,1.849777630434028e-12,1.8054346905472732e-12,1.7617238867475945e-12,1.718870274702837e-12,1.6770392303435454e-12,1.6363477951221653e-12,1.5968742496549884e-12,1.5586660464503424e-12,1.5217466138371006e-12,1.4861204428587117e-12,1.4517776886224087e-12,1.4186976623724616e-12,1.386851673461584e-12,1.3562052932946484e-12,1.3267201463679658e-12,1.2983553168085785e-12,1.2710684439400289e-12,1.2448165675807182e-12,1.2195567756688063e-12,1.195246678056731e-12,1.1718447806293378e-12,1.1493107332436177e-12,1.1276055108844075e-12,1.1066915318301528e-12,1.0865327279796108e-12,1.0670945785705872e-12,1.0483441160670824e-12,1.0302499111600419e-12,1.0127820423569903e-12,9.95912054465842e-13,9.79612909337833e-13,9.638589314882111e-13,9.48625750618342e-13,9.338902425821835e-13,9.19630469980399e-13,9.058256232591735e-13,8.924559629595404e-13,8.795027635863536e-13,8.669482594215283e-13,8.547755924927977e-13,8.429687628308868e-13,8.315125810762195e-13,8.203926234563169e-13,8.095951891060965e-13,7.9910725968993e-13,7.889164612529453e-13,7.790110282248221e-13,7.693797694850163e-13,7.600120363963925e-13,7.508976927090233e-13,7.420270862384121e-13,7.333910222200868e-13,7.249807382477038e-13,7.167878807023636e-13,7.088044825862405e-13,7.010229426756259e-13,6.934360059136999e-13,6.860367449671435e-13,6.78818542874439e-13,6.717750767183394e-13,6.649003022584891e-13,6.581884394638223e-13,6.516339588900369e-13,6.452315688455068e-13,6.389762033011197e-13,6.32863010493641e-13,6.268873421811589e-13,6.210447435090424e-13,6.153309434491246e-13,6.097418457765402e-13,6.042735205504725e-13,5.989221960685193e-13,5.936842512652005e-13,5.885562085276484e-13,5.835347269029728e-13,5.786165956743008e-13,5.737987282824773e-13,5.690781565729566e-13,5.644520253493143e-13,5.599175872137488e-13,5.554721976791571e-13,5.511133105358481e-13,5.468384734587229e-13,5.42645323840656e-13,5.38531584838563e-13,5.344950616212592e-13,5.305336378066069e-13,5.26645272077316e-13,5.228279949655244e-13,5.190799057968566e-13,5.153991697846092e-13,5.117840152664919e-13,5.082327310754101e-13,5.04743664037136e-13,5.013152165881451e-13,4.979458445069589e-13,4.946340547530667e-13,4.91378403407282e-13,4.881774937087986e-13,4.850299741831952e-13,4.81934536856917e-13,4.78889915553869e-13,4.758948842695723e-13,4.729482556185357e-13,4.700488793524245e-13,4.671956409442194e-13,4.64387460235011e-13,4.616232901408203e-13,4.589021154162694e-13,4.562229514721715e-13,4.535848432445072e-13,4.5098686411207726e-13,4.4842811486059864e-13,4.459077226909458e-13,4.4342484026932356e-13,4.4097864481750847e-13,4.385683372411089e-13,4.361931412940659e-13,4.338523027777162e-13,4.315450887727144e-13,4.292707869025119e-13,4.270287046265813e-13,4.248181685620652e-13,4.2263852383304264e-13,4.204891334453692e-13,4.1836937768652204e-13,4.162786535491028e-13,4.142163741768732e-13,4.1218196833241636e-13,4.101748798855365e-13,4.081945673212219e-13,4.06240503266662e-13,4.043121740360099e-13,4.0240907919262034e-13,4.005307311277705e-13,3.986766546551148e-13,3.968463866202854e-13,3.950394755247761e-13,3.9325548116408535e-13,3.914939742787141e-13,3.897545362181115e-13,3.880367586167669e-13,3.863402430819481e-13,3.8466460089261975e-13,3.8300945270927625e-13,3.8137442829352114e-13,3.7975916623842583e-13,3.781633137076643e-13,3.765865261839149e-13,3.7502846722605886e-13,3.734888082348211e-13,3.719672282262849e-13,3.7046341361322574e-13,3.689770579941802e-13,3.6750786194909604e-13,3.660555328421291e-13,3.6461978463120273e-13,3.6320033768369236e-13,3.6179691859825444e-13,3.6040926003258693e-13,3.590371005368346e-13,3.576801843922682e-13,3.563382614555005e-13,3.5501108700750845e-13,3.5369842160754687e-13,3.52400030951664e-13,3.511156857359926e-13,3.498451615240676e-13,3.4858823861846544e-13,3.473447019365024e-13,3.46114340889613e-13,3.4489694926673527e-13,3.4369232512113657e-13,3.425002706607815e-13,3.413205921420058e-13,3.4015309976646687e-13,3.3899760758110163e-13,3.378539333814414e-13,3.367218986173256e-13,3.3560132830187146e-13,3.3449205092295594e-13,3.333938983570789e-13,3.323067057866112e-13,3.3123031161828567e-13,3.301645574047117e-13,3.291092877686381e-13,3.280643503283283e-13,3.2702959591749304e-13,3.2600487746090843e-13,3.249900512583946e-13,3.239849762546777e-13,3.2298951401995436e-13,3.220035287105602e-13,3.210268870129915e-13,3.200594580872636e-13,3.191011135101192e-13,3.1815172721968924e-13,3.17211175461365e-13,3.1627933673530743e-13,3.153560917452106e-13,3.144413233483631e-13,3.13534916507594e-13,3.126367582435848e-13,3.1174673758945717e-13,3.1086474554593675e-13,3.099906750373015e-13,3.0912442087030764e-13,3.0826587969191485e-13,3.0741494994939383e-13,3.0657153185143967e-13,3.0573552732978106e-13,3.0490684000251105e-13,3.0408537513760125e-13,3.0327103961787405e-13,3.0246374190643433e-13,3.0166339201365473e-13,3.00869901464397e-13,3.000831832659633e-13,2.993031518775186e-13,2.9852972317979813e-13,2.977628144455949e-13,2.970023443110369e-13,2.9624823274757714e-13,2.9550040103483817e-13,2.947587717338315e-13,2.94023268660974e-13,2.9329381686276273e-13,2.9257034259112085e-13,2.918527732788675e-13,2.9114103751675753e-13,2.904350650298627e-13,2.8973478665563187e-13,2.8904013432181767e-13,2.8835104102416985e-13,2.8766744080727717e-13,2.869892687430961e-13,2.863164609109057e-13,2.856489543781569e-13,2.849866871813658e-13,2.8432959830754286e-13,2.8367762767604495e-13,2.830307161208528e-13,2.8238880537314906e-13,2.8175183804469473e-13,2.8111975761075606e-13,2.804925083943237e-13,2.798700355501864e-13,2.79252285049457e-13,2.7863920366443243e-13,2.780307389538952e-13,2.774268392484993e-13,2.768274536368728e-13,2.7623253195155404e-13,2.7564202475562223e-13,2.750558833294233e-13,2.7447405965753934e-13,2.7389650641660664e-13,2.7332317696195347e-13,2.7275402531614286e-13,2.721890061579904e-13,2.716280748088046e-13,2.7107118722269846e-13,2.7051829997515916e-13,2.699693702516697e-13,2.694243558376977e-13,2.6888321510800823e-13,2.683459070158616e-13,2.6781239108430704e-13,2.672826273950532e-13,2.667565765797218e-13,2.6623419980991766e-13,2.6571545878856626e-13,2.652003157402274e-13,2.6468873340421084e-13,2.6418067502219426e-13,2.6367610433271314e-13,2.631749855624718e-13,2.6267728341759094e-13,2.621829630758589e-13,2.616919901789377e-13,2.6120433082449066e-13,2.6071995155913836e-13,2.6023881937045976e-13,2.5976090168071207e-13,2.5928616633845747e-13,2.5881458161292166e-13,2.5834611618627444e-13,2.578807391474998e-13,2.57418419985787e-13,2.569591285833182e-13,2.565028352104814e-13,2.560495105185825e-13,2.555991255340091e-13,2.55151651652389e-13,2.54707060632921e-13,2.542653245920923e-13,2.538264159989058e-13,2.5339030766876456e-13,2.5295697275854156e-13,2.5252638476005774e-13,2.520985174970107e-13,2.516733451182244e-13,2.512508420928326e-13,2.5083098320602715e-13,2.504137435536784e-13,2.499990985377846e-13,2.4958702386186784e-13,2.4917749552610836e-13,2.487704898235035e-13,2.483659833344964e-13,2.479639529241792e-13,2.4756437573602016e-13,2.471672291894706e-13,2.4677249097478117e-13,2.4638013904957665e-13,2.4599015163466614e-13,2.4560250721022145e-13,2.452171845118495e-13,2.448341625270696e-13,2.444534204913381e-13,2.440749378849936e-13,2.4369869442886165e-13,2.4332467008137384e-13,2.4295284503508174e-13,2.425831997131532e-13,2.422157147660818e-13,2.418503710684726e-13,2.4148714971584507e-13,2.4112603202146374e-13,2.407669995133504e-13,2.4041003393055173e-13,2.4005511722163427e-13,2.397022315404939e-13,2.393513592437792e-13,2.390024828881702e-13,2.3865558522754063e-13,2.383106492100653e-13,2.379676579758612e-13,2.3762659485410363e-13,2.3728744336039387e-13,2.3695018719418054e-13,2.366148102365603e-13,2.3628129654730877e-13,2.3594963036251417e-13,2.3561979609278733e-13,2.3529177832009065e-13,2.34965561795803e-13,2.3464113143846803e-13,2.3431847233143854e-13,2.3399756972066714e-13,2.3367840901260716e-13,2.333609757719061e-13,2.330452557195063e-13,2.327312347303427e-13,2.324188988314882e-13,2.321082342001528e-13,2.317992271611932e-13,2.314918641866468e-13,2.311861318916439e-13,2.308820170338979e-13,2.305795065118535e-13,2.3027858736247703e-13,2.2997924675975327e-13,2.296814720121041e-13,2.2938525056196894e-13,2.2909056998324123e-13,2.287974179796746e-13,2.2850578238447396e-13,2.2821565115312277e-13,2.2792701237045784e-13,2.276398542434605e-13,2.2735416510087084e-13,2.270699333918673e-13,2.267871476839872e-13,2.2650579666227694e-13,2.262258691275095e-13,2.2594735399486993e-13,2.2567024029242523e-13,2.2539451715964858e-13,2.2512017384627094e-13,2.2484719971035657e-13,2.2457558421791817e-13,2.2430531694070821e-13,2.2403638755531448e-13,2.2376878584171504e-13,2.2350250168222638e-13,2.23237525060036e-13,2.2297384605773456e-13,2.227114548569056e-13,2.2245034173621486e-13,2.221904970703722e-13,2.219319113287717e-13,2.216745750754584e-13,2.2141847896636427e-13,2.2116361374920088e-13,2.209099702621643e-13,2.2065753943289383e-13,2.2040631227717114e-13,2.201562798981303e-13,2.1990743348505623e-13,2.1965976431260857e-13,2.1941326373932569e-13,2.191679232073699e-13,2.1892373424073403e-13,2.1868068844469327e-13,2.1843877750500695e-13,2.1819799318657696e-13,2.179583273329087e-13,2.1771977186495014e-13,2.1748231878019853e-13,2.1724596015201867e-13,2.1701068812846026e-13,2.1677649493165313e-13,2.1654337285664827e-13,2.1631131427160447e-13,2.160803116143317e-13,2.1585035739511565e-13,2.1562144419338498e-13,2.1539356465756842e-13,2.15166711504342e-13,2.1494087751782216e-13,2.14716055549082e-13,2.144922385147729e-13,2.1426941939701793e-13,2.1404759124234432e-13,2.1382674716098043e-13,2.13606880326257e-13,2.1338798397388926e-13,2.1317005140111874e-13,2.12953075966111e-13,2.1273705108739997e-13,2.1252197024311206e-13,2.1230782697026222e-13,2.120946148641467e-13,2.118823275778225e-13,2.1167095882126455e-13,2.1146050236095222e-13,2.1125095201877288e-13,2.1104230167202216e-13,2.1083454525269e-13,2.1062767674655504e-13,2.1042169019302509e-13,2.1021657968384217e-13,2.1001233936361926e-13,2.0980896342739854e-13,2.0960644612269667e-13,2.094047817471101e-13,2.092039646480079e-13,2.09003989222486e-13,2.0880484991622527e-13,2.0860654122420764e-13,2.0840905768818244e-13,2.0821239389796842e-13,2.080165444901136e-13,2.0782150414756435e-13,2.0762726759910716e-13,2.0743382961910533e-13,2.0724118502679377e-13,2.070493286857535e-13,2.0685825550385279e-13,2.0666796043209393e-13,2.0647843846480168e-13,2.0628968463901467e-13,2.061016940338617e-13,2.0591446177019252e-13,2.0572798301047124e-13,2.0554225295725736e-13,2.0535726685446272e-13,2.0517301998539894e-13,2.049895076737212e-13,2.0480672528181228e-13,2.0462466821086228e-13,2.0444333190060526e-13,2.0426271182935022e-13,2.0408280351136703e-13,2.0390360249990917e-13,2.0372510438495226e-13,2.035473047922881e-13,2.0337019938411964e-13,2.0319378385844192e-13,2.0301805394913257e-13,2.0284300542369636e-13,2.0266863408595026e-13,2.024949357734565e-13,2.0232190635774995e-13,2.0214954174383033e-13,2.01977837870652e-13,2.0180679070963245e-13,2.0163639626495978e-13,2.0146665057322123e-13,2.012975497032894e-13,2.0112908975533157e-13,2.0096126686111223e-13,2.0079407718347725e-13,2.0062751691669125e-13,2.004615822834796e-13,2.0029626953904716e-13,2.0013157496781122e-13,1.9996749488298684e-13,1.9980402562783306e-13,1.9964116357512097e-13,1.9947890512501695e-13,1.9931724670696763e-13,1.991561847785822e-13,1.9899571582532835e-13,1.9883583636016328e-13,1.9867654292369243e-13,1.9851783208348196e-13,1.9835970043380466e-13,1.9820214459577913e-13,1.9804516121678292e-13,1.9788874697022186e-13,1.9773289855544636e-13,1.9757761269743195e-13,1.9742288614610853e-13,1.9726871567712825e-13,1.9711509809068776e-13,1.9696203021168831e-13,1.9680950888916467e-13,1.966575309967424e-13,1.965060934318737e-13,1.963551931156131e-13,1.9620482699250275e-13,1.9605499203078306e-13,1.959056852210943e-13,1.9575690357725635e-13,1.9560864413611531e-13,1.9546090395638972e-13,1.953136801185041e-13,1.9516696972616504e-13,1.9502076990433385e-13,1.948750777994533e-13,1.9472989057943426e-13,1.9458520543345693e-13,1.944410195716526e-13,1.9429733022490326e-13,1.941541346448693e-13,1.9401143010352135e-13,1.9386921389336306e-13,1.9372748332660382e-13,1.9358623573574072e-13,1.9344546847232862e-13,1.9330517890805532e-13,1.931653644334898e-13,1.930260224594561e-13,1.9288715041456806e-13,1.9274874574622713e-13,1.9261080592127523e-13,1.924733284249482e-13,1.9233631076020628e-13,1.9219975044876907e-13,1.9206364503008565e-13,1.9192799206159845e-13,1.9179278911827815e-13,1.916580337926526e-13,1.9152372369466207e-13,1.9138985645142827e-13,1.9125642970717413e-13,1.9112344112315957e-13,1.909908883768702e-13,1.908587691631191e-13,1.907270811926978e-13,1.9059582219315106e-13,1.904649899075056e-13,1.9033458209536561e-13,1.9020459653246015e-13,1.9007503100968646e-13,1.8994588333391331e-13,1.8981715132736153e-13,1.896888328275637e-13,1.8956092568739972e-13,1.8943342777478614e-13,1.8930633697264556e-13,1.8917965117856113e-13,1.8905336830498639e-13,1.8892748627890733e-13,1.8880200304164884e-13,1.8867691654900166e-13,1.8855222477100096e-13,1.8842792569134116e-13,1.883040173082156e-13,1.8818049763343038e-13,1.8805736469257553e-13,1.8793461652443262e-13,1.8781225118178777e-13,1.8769026673083156e-13,1.8756866125062852e-13,1.8744743283352917e-13,1.873265795850389e-13,1.8720609962348932e-13,1.8708599108007068e-13,1.8696625209844368e-13,1.8684688083554937e-13,1.867278754598085e-13,1.8660923415325538e-13,1.8649095510917035e-13,1.8637303653334305e-13,1.8625547664379286e-13,1.861382736704078e-13,1.8602142585511173e-13,1.8590493145130162e-13,1.8578878872435687e-13,1.856729959513356e-13,1.8555755142022195e-13,1.8544245343098003e-13,1.8532770029471292e-13,1.8521329033347677e-13,1.8509922188137427e-13,1.8498549328222765e-13,1.848721028915956e-13,1.8475904907566613e-13,1.8464633021151362e-13,1.8453394468675607e-13,1.8442189089967068e-13,1.8431016725904183e-13,1.8419877218404588e-13,1.8408770410422868e-13,1.839769614593077e-13,1.8386654269927148e-13,1.83756446284077e-13,1.8364667068383276e-13,1.8353721437834688e-13,1.8342807585750075e-13,1.8331925362080334e-13,1.8321074617751167e-13,1.8310255204649227e-13,1.829946697560433e-13,1.8288709784404813e-13,1.8277983485767782e-13,1.826728793534488e-13,1.8256622989725086e-13,1.824598850638044e-13,1.8235384343719958e-13,1.8224810361034459e-13,1.8214266418524316e-13,1.8203752377270508e-13,1.8193268099250802e-13,1.818281344726721e-13,1.8172388285041973e-13,1.8161992477130096e-13,1.815162588895127e-13,1.814128838676245e-13,1.813097983766849e-13,1.8120700109599871e-13,1.8110449071299555e-13,1.8100226592386431e-13,1.8090032543229936e-13,1.8079866795031354e-13,1.8069729219790128e-13,1.8059619690316227e-13,1.8049538080175472e-13,1.8039484263763953e-13,1.802945811621608e-13,1.8019459513444618e-13,1.8009488332137282e-13,1.7999544449727782e-13,1.7989627744412364e-13,1.7979738095129107e-13,1.7969875381585237e-13,1.7960039484169894e-13,1.79502302840427e-13,1.794044766308065e-13,1.7930691503881125e-13,1.792096168974852e-13,1.7911258104703907e-13,1.7901580633462986e-13,1.7891929161441535e-13,1.7882303574759364e-13,1.7872703760211027e-13,1.7863129605272225e-13,1.78535809980993e-13,1.7844057827521547e-13,1.78345599830532e-13,1.7825087354838837e-13,1.781563983369263e-13,1.7806217311085647e-13,1.7796819679129453e-13,1.77874468305559e-13,1.7778098658822582e-13,1.7768775057931364e-13,1.7759475922535558e-13,1.7750201147894378e-13,1.7740950629926598e-13,1.773172426514465e-13,1.7722521950653786e-13,1.771334358422266e-13,1.770418906416614e-13,1.7695058289391113e-13,1.7685951159427985e-13,1.7676867574407027e-13,1.7667807434993329e-13,1.7658770642478083e-13,1.764975709864411e-13,1.7640766705987272e-13,1.7631799367469754e-13,1.762285498660718e-13,1.7613933467520246e-13,1.7605034714876355e-13,1.7596158633868658e-13,1.7587305130254323e-13,1.7578474110347872e-13,1.7569665480981177e-13,1.7560879149520125e-13,1.7552115023867962e-13,1.7543373012460404e-13,1.7534653024241096e-13,1.752595496866936e-13,1.751727875578227e-13,1.7508624296051724e-13,1.7499991500488007e-13,1.7491380280601833e-13,1.7482790548408614e-13,1.7474222216424227e-13,1.7465675197660773e-13,1.7457149405617563e-13,1.7448644754280578e-13,1.7440161158124394e-13,1.7431698532116652e-13,1.7423256791623786e-13,1.7414835852587641e-13,1.740643563137605e-13,1.7398056044847233e-13,1.738969701028624e-13,1.738135844546141e-13,1.737304026859102e-13,1.7364742398350118e-13,1.7356464753866083e-13,1.7348207254705173e-13,1.7339969820873592e-13,1.7331752372887573e-13,1.732355483159712e-13,1.7315377118342014e-13,1.73072191548858e-13,1.7299080863449555e-13,1.7290962166639499e-13,1.7282862987508675e-13,1.7274783249515926e-13,1.7266722876550947e-13,1.7258681792915757e-13,1.7250659923310794e-13,1.7242657192884224e-13,1.7234673527146163e-13,1.72267088520422e-13,1.7218763093882438e-13,1.7210836179410558e-13,1.720292803576284e-13,1.719503859044451e-13,1.7187167771332728e-13,1.7179315506812914e-13,1.7171481725521308e-13,1.7163666356510826e-13,1.7155869329236226e-13,1.7148090573512418e-13,1.7140330019540546e-13,1.7132587597893388e-13,1.7124863239503046e-13,1.7117156875692485e-13,1.710946843810029e-13,1.7101797858778295e-13,1.709414507012363e-13,1.7086510004878415e-13,1.707889259614216e-13,1.7071292777379752e-13,1.7063710482387215e-13,1.7056145645339012e-13,1.704859820073832e-13,1.704106808340426e-13,1.7033555228549667e-13,1.702605957166131e-13,1.7018581048639756e-13,1.7011119595646243e-13,1.7003675149267401e-13,1.6996247646307872e-13,1.6988837023976032e-13,1.6981443219776015e-13,1.6974066171535057e-13,1.6966705817467237e-13,1.6959362095948088e-13,1.6952034945821383e-13,1.694472430621121e-13,1.6937430116528975e-13,1.6930152316512874e-13,1.692289084619259e-13,1.6915645645917414e-13,1.6908416656391036e-13,1.6901203818477402e-13,1.6894007073497e-13,1.6886826362966e-13,1.6879661628819972e-13,1.687251281315862e-13,1.6865379858425117e-13,1.6858262707354427e-13,1.685116130297816e-13,1.6844075588614551e-13,1.683700550784799e-13,1.6829951004578824e-13,1.6822912022970369e-13,1.6815888507473596e-13,1.6808880402751232e-13,1.6801887653914866e-13,1.679491020618989e-13,1.678794800512697e-13,1.6781000996550252e-13,1.6774069126550464e-13,1.676715234149937e-13,1.676025058802111e-13,1.6753363813000002e-13,1.674649196361738e-13,1.6739634987275165e-13,1.6732792831651339e-13,1.672596544471104e-13,1.671915277459959e-13,1.43282692810352e-13,1.3395474531100504e-13,1.3043770120165304e-13,1.2911340588923426e-13,1.2861459675901505e-13,1.2842652728257706e-13,1.283554358986087e-13,1.2832838543172588e-13,1.2831791908221123e-13,1.2831369998724178e-13,1.2831183590393238e-13,1.2831086078061092e-13,1.2831022207906407e-13,1.2830971131279435e-13,1.2830924964137309e-13,1.2830880712646463e-13,1.283083723104267e-13,1.2830794074484015e-13,1.2830751065767393e-13,1.2830708131168207e-13,1.283066523788456e-13,1.2830622369933313e-13,1.2830579518684035e-13,1.2830536679006028e-13,1.283049384761532e-13,1.283045102244808e-13,1.2830408201828494e-13,1.2830365384681574e-13,1.2830322570225038e-13,1.283027975791058e-13,1.2830236947346784e-13,1.2830194138250092e-13,1.2830151330424315e-13,1.2830108523705353e-13,1.2830065717996552e-13,1.2830022913221306e-13,1.2829980109326348e-13,1.2829937306262667e-13,1.282989450402063e-13,1.2829851702570427e-13,1.282980890171677e-13,1.2829766101800262e-13,1.2829723302642515e-13,1.2829680504061607e-13,1.2829637706228652e-13,1.282959490914037e-13,1.282955211279468e-13,1.2829509317190182e-13,1.2829466522325886e-13,1.282942372820073e-13,1.2829380934814448e-13,1.282933814216673e-13,1.282929535025495e-13,1.2829252559081178e-13,1.2829209768646774e-13,1.2829166978950153e-13,1.2829124189991197e-13,1.2829081401769638e-13,1.2829038614285342e-13,1.282899582753762e-13,1.2828953041528286e-13,1.2828910256256147e-13,1.282886747172087e-13,1.2828824687924036e-13,1.2828781904863316e-13,1.2828739122539626e-13,1.282869634095434e-13,1.2828653560105928e-13,1.2828610779992351e-13,1.2828568000609205e-13,1.2828525221971374e-13,1.282848244407045e-13,1.28284396669065e-13,1.2828396890479567e-13,1.282835411478963e-13,1.2828311339838253e-13,1.2828268565622597e-13,1.2828225792143922e-13,1.2828183019402174e-13,1.2828140247397429e-13,1.282809747612939e-13,1.2828054705598746e-13,1.2828011935804538e-13,1.2827969166747217e-13,1.282792639842694e-13,1.2827883630843612e-13,1.2827840863997114e-13,1.2827798097887288e-13,1.2827755332514432e-13,1.2827712567878367e-13,1.2827669803978917e-13,1.2827627040816467e-13,1.2827584278390579e-13,1.2827541516701534e-13,1.2827498755749142e-13,1.28274559955336e-13,1.2827413236054627e-13,1.282737047731219e-13,1.2827327719306814e-13,1.2827284962037824e-13,1.2827242205505562e-13,1.282719944970981e-13,1.2827156694650758e-13,1.2827113940328233e-13,1.282707118674246e-13,1.282702843389293e-13,1.2826985681780134e-13,1.2826942930403907e-13,1.2826900179763899e-13,1.282685742986059e-13,1.2826814680693966e-13,1.2826771932263725e-13,1.2826729184569909e-13,1.2826686437612676e-13,1.2826643691391566e-13,1.2826600945906888e-13,1.2826558201158827e-13,1.2826515457146992e-13,1.2826472713871594e-13,1.2826429971332584e-13,1.2826387229529756e-13,1.2826344488463388e-13,1.2826301748133105e-13,1.2826259008539272e-13,1.2826216269682043e-13,1.2826173531560532e-13,1.2826130794175608e-13,1.2826088057526508e-13,1.2826045321613995e-13,1.282600258643759e-13,1.2825959851997544e-13,1.2825917118293374e-13,1.2825874385325526e-13,1.2825831653093545e-13,1.2825788921598075e-13,1.2825746190838365e-13,1.2825703460814925e-13,1.282566073152748e-13,1.282561800297592e-13,1.2825575275160676e-13,1.2825532548081587e-13,1.282548982173845e-13,1.2825447096131304e-13,1.2825404371259933e-13,1.282536164712464e-13,1.2825318923725196e-13,1.28252762010617e-13,1.282523347913442e-13,1.2825190757942798e-13,1.2825148037487283e-13,1.2825105317767305e-13,1.282506259878347e-13,1.2825019880535631e-13,1.2824977163023242e-13,1.282493444624666e-13,1.2824891730206294e-13,1.2824849014901496e-13,1.282480630033225e-13,1.282476358649912e-13,1.2824720873401254e-13,1.2824678161039497e-13,1.2824635449413346e-13,1.282459273852295e-13,1.2824550028368474e-13,1.2824507318949404e-13,1.2824464610266036e-13,1.282442190231829e-13,1.282437919510614e-13,1.2824336488629557e-13,1.2824293782888747e-13,1.2824251077883276e-13,1.282420837361352e-13,1.28241656700793e-13,1.2824122967280757e-13,1.2824080265217275e-13,1.2824037563889563e-13,1.2823994863297396e-13,1.2823952163440625e-13,1.282390946431951e-13,1.282386676593365e-13,1.2823824068283137e-13,1.2823781371368145e-13,1.2823738675188519e-13,1.2823695979744257e-13,1.2823653285035529e-13,1.2823610591061764e-13,1.2823567897823783e-13,1.282352520532079e-13,1.2823482513553409e-13,1.2823439822521275e-13,1.2823397132224003e-13,1.2823354442662463e-13,1.2823311753835825e-13,1.2823269065744688e-13,1.2823226378388609e-13,1.2823183691767866e-13,1.2823141005882142e-13,1.2823098320731603e-13,1.2823055636316092e-13,1.2823012952636073e-13,1.2822970269691107e-13,1.2822927587481068e-13,1.2822884906006288e-13,1.282284222526639e-13,1.2822799545261743e-13,1.282275686599202e-13,1.282271418745732e-13,1.2822671509657704e-13,1.282262883259299e-13,1.2822586156263454e-13,1.282254348066891e-13,1.2822500805809183e-13,1.282245813168443e-13,1.2822415458294597e-13,1.2822372785639702e-13,1.2822330113719595e-13,1.2822287442534525e-13,1.2822244772084328e-13,1.282220210236893e-13,1.2822159433388401e-13,1.282211676514253e-13,1.282207409763158e-13,1.2822031430855292e-13,1.2821988764814062e-13,1.2821946099507334e-13,1.2821903434935438e-13,1.2821860771098235e-13,1.282181810799588e-13,1.2821775445628343e-13,1.2821732783995215e-13,1.2821690123096793e-13,1.2821647462933192e-13,1.2821604803504076e-13,1.2821562144809698e-13,1.282151948684977e-13,1.282147682962461e-13,1.2821434173133953e-13,1.282139151737779e-13,1.2821348862356208e-13,1.2821306208069263e-13,1.2821263554516607e-13,1.2821220901698625e-13,1.282117824961504e-13,1.2821135598266063e-13,1.2821092947651573e-13,1.2821050297771427e-13,1.2821007648625826e-13,1.2820965000214362e-13,1.28209223525377e-13,1.2820879705595089e-13,1.2820837059387243e-13,1.2820794413913243e-13,1.2820751769173898e-13,1.282070912516894e-13,1.282066648189799e-13,1.282062383936151e-13,1.2820581197559228e-13,1.282053855649137e-13,1.282049591615751e-13,1.2820453276558124e-13,1.2820410637692565e-13,1.2820367999561408e-13,1.282032536216469e-13,1.282028272550215e-13,1.282024008957357e-13,1.2820197454379233e-13,1.2820154819918768e-13,1.282011218619256e-13,1.2820069553200573e-13,1.2820026920942532e-13,1.2819984289418632e-13,1.2819941658628696e-13,1.2819899028572826e-13,1.2819856399251014e-13,1.2819813770663434e-13,1.2819771142809418e-13,1.2819728515689532e-13,1.2819685889303669e-13,1.2819643263651696e-13,1.2819600638733833e-13,1.2819558014549742e-13,1.281951539109933e-13,1.2819472768383173e-13,1.2819430146400746e-13,1.2819387525152326e-13,1.2819344904637425e-13,1.281930228485643e-13,1.2819259665809313e-13,1.2819217047496114e-13,1.2819174429916665e-13,1.2819131813070954e-13,1.2819089196958947e-13,1.28190465815807e-13,1.2819003966936068e-13,1.2818961353025192e-13,1.2818918739847867e-13,1.2818876127404578e-13,1.2818833515694754e-13,1.2818790904718648e-13,1.281874829447615e-13,1.2818705684967245e-13,1.2818663076192013e-13,1.2818620468149997e-13,1.2818577860841974e-13,1.2818535254267575e-13,1.2818492648426346e-13,1.2818450043318865e-13,1.281840743894484e-13,1.2818364835304263e-13,1.2818322232397422e-13,1.2818279630223666e-13,1.281823702878351e-13,1.281819442807659e-13,1.281815182810356e-13,1.2818109228863696e-13,1.2818066630357103e-13,1.2818024032584027e-13,1.2817981435544009e-13,1.2817938839237762e-13,1.2817896243664609e-13,1.2817853648825045e-13,1.281781105471828e-13,1.281776846134515e-13,1.2817725868705313e-13,1.2817683276798773e-13,1.2817640685625075e-13,1.281759809518503e-13,1.2817555505477907e-13,1.2817512916504124e-13,1.2817470328263472e-13,1.2817427740756167e-13,1.2817385153981706e-13,1.2817342567940529e-13,1.2817299982632462e-13,1.281725739805736e-13,1.2817214814215444e-13,1.2817172231106624e-13,1.2817129648730876e-13,1.2817087067088233e-13,1.2817044486178507e-13,1.2817001906001783e-13,1.2816959326558075e-13,1.2816916747847552e-13,1.2816874169869617e-13,1.2816831592625026e-13,1.2816789016113229e-13,1.2816746440334196e-13,1.2816703865293365e-13,1.2816661290980916e-13,1.2816618717400839e-13,1.2816576144553596e-13,1.2816533572439144e-13,1.2816491001057318e-13,1.2816448430408488e-13,1.2816405860492317e-13,1.281636329130915e-13,1.2816320722858704e-13,1.2816278155144778e-13,1.281623558815977e-13,1.2816193021907344e-13,1.2816150456387852e-13,1.2816107891602054e-13,1.2816065327547718e-13,1.281602276422638e-13,1.2815980201637345e-13,1.281593763978099e-13,1.281589507865755e-13,1.2815852518266496e-13,1.2815809958619398e-13,1.2815767399693625e-13,1.2815724841500313e-13,1.2815682284039474e-13,1.2815639727311515e-13,1.281559717131582e-13,1.2815554616052538e-13,1.2815512061521735e-13,1.2815469507723383e-13,1.28154269546577e-13,1.2815384402324262e-13,1.2815341850723306e-13,1.281529929990231e-13,1.2815256749766547e-13,1.281521420036286e-13,1.2815171651691575e-13,1.281512910375276e-13,1.281508655654619e-13,1.2815044010071756e-13,1.281500146432938e-13,1.2814958919319373e-13,1.2814916375042086e-13,1.281487383149651e-13,1.281483128870749e-13,1.2814788746622684e-13,1.2814746205272863e-13,1.2814703664656268e-13,1.2814661124772307e-13,1.2814618585620329e-13,1.281457604720065e-13,1.2814533509520986e-13,1.2814490972565118e-13,1.281444843634179e-13,1.2814405900849703e-13,1.281436336609047e-13,1.2814320832063265e-13,1.2814278298768042e-13,1.281423576619601e-13,1.2814193234351212e-13,1.2814150703229368e-13,1.281410817284058e-13,1.2814065643205857e-13,1.281402311430262e-13,1.2813980586131335e-13,1.2813938058691977e-13,1.2813895531984555e-13,1.2813853006009176e-13,1.281381048076525e-13,1.2813767956253521e-13,1.281372543247365e-13,1.2813682909425697e-13,1.2813640387109555e-13,1.2813597865525074e-13,1.2813555344672386e-13,1.2813512824551423e-13,1.2813470305162472e-13,1.2813427786505183e-13,1.2813385268579722e-13,1.2813342751385743e-13,1.2813300234923504e-13,1.2813257719193078e-13,1.2813215204194412e-13,1.2813172689926905e-13,1.2813130176391595e-13,1.2813087663582711e-13,1.2813045151514577e-13,1.281300264017284e-13,1.2812960129563348e-13,1.2812917619944025e-13,1.2812875110797853e-13,1.28128326023835e-13,1.2812790094700473e-13,1.281274758774926e-13,1.2812705081654535e-13,1.281266257630685e-13,1.281262007155028e-13,1.2812577567524778e-13,1.2812535064230653e-13,1.2812492561668087e-13,1.2812450059836875e-13,1.2812407558736863e-13,1.2812365058368447e-13,1.2812322558731402e-13,1.281228005982438e-13,1.2812237561652324e-13,1.2812195064210948e-13,1.281215256749927e-13,1.2812110071518626e-13,1.2812067576269463e-13,1.2812025081751388e-13,1.2811982587964745e-13,1.2811940094909097e-13,1.281189760258455e-13,1.2811855110991577e-13,1.281181262012958e-13,1.281177012999862e-13,1.2811727640598917e-13,1.2811685151930477e-13,1.2811642663992979e-13,1.2811600176786718e-13,1.2811557690311523e-13,1.281151520456734e-13,1.281147271955406e-13,1.2811430235272184e-13,1.2811387751720965e-13,1.2811345268900846e-13,1.2811302786811862e-13,1.2811260305453883e-13,1.2811217824826876e-13,1.2811175344930733e-13,1.281113286576572e-13,1.2811090387331286e-13,1.2811047909628187e-13,1.2811005432655704e-13,1.281096295641415e-13,1.2810920480903468e-13,1.2810878006123566e-13,1.2810835532074567e-13,1.2810793058756271e-13,1.281075058616879e-13,1.2810708114312094e-13,1.2810665643186216e-13,1.2810623172791134e-13,1.2810580703126913e-13,1.2810538234193342e-13,1.2810495765990496e-13,1.281045329851821e-13,1.2810410831776665e-13,1.281036836576576e-13,1.2810325900485684e-13,1.281028343593604e-13,1.2810240972117075e-13,1.281019850902873e-13,1.2810156046671215e-13,1.2810113585043945e-13,1.2810071124147563e-13,1.2810028663904682e-13,1.2809986204468632e-13,1.2809943745763378e-13,1.280990128778903e-13,1.2809858830545013e-13,1.2809816374031427e-13,1.280977391824838e-13,1.280973146319589e-13,1.2809689008873688e-13,1.2809646555281754e-13,1.2809604102420453e-13,1.2809561650289455e-13,1.2809519198889038e-13,1.2809476748218495e-13,1.2809434298278647e-13,1.280939184906911e-13,1.2809349400589975e-13,1.2809306952864052e-13,1.2809264505845513e-13,1.2809222059556824e-13,1.28091796139966e-13,1.2809137169168147e-13,1.2809094725070525e-13,1.2809052281700096e-13,1.280900983906295e-13,1.2808967397155108e-13,1.2808924955977465e-13,1.2808882515530282e-13,1.2808840075813266e-13,1.280879763682664e-13,1.280875519856999e-13,1.280871276072928e-13,1.280867032392842e-13,1.2808627887861754e-13,1.2808585452525322e-13,1.2808543017919056e-13,1.2808500584042688e-13,1.2808458150895955e-13,1.2808415718321503e-13,1.2808373286635313e-13,1.2808330855679272e-13,1.2808288425452738e-13,1.2808245995956292e-13,1.2808203567189584e-13,1.2808161139153044e-13,1.2808118711846158e-13,1.2808076285269421e-13,1.2808033859422064e-13,1.2807991434304814e-13,1.2807949009917075e-13,1.2807906586259474e-13,1.2807864163331675e-13,1.280782174113349e-13,1.2807779319664892e-13,1.2807736898926213e-13,1.2807694478917177e-13,1.280765205963818e-13,1.2807609641088527e-13,1.2807567223268783e-13,1.2807524806178565e-13,1.2807482389818087e-13,1.2807439974187168e-13,1.280739755928596e-13,1.2807355145114327e-13,1.2807312731672208e-13,1.2807270318959769e-13,1.2807227906976802e-13,1.2807185495723519e-13,1.2807143085199682e-13,1.2807100675405304e-13,1.2807058266340318e-13,1.280701585800489e-13,1.2806973450399166e-13,1.2806931043519567e-13,1.280688863737244e-13,1.2806846231954874e-13,1.2806803827266813e-13,1.2806761423307928e-13,1.2806719020078688e-13,1.280667661757861e-13,1.280663421580792e-13,1.280659181476674e-13,1.2806549414454703e-13,1.2806507014871954e-13,1.280646461601845e-13,1.2806422217894424e-13,1.280637982049957e-13,1.2806337423833967e-13,1.280629502789749e-13,1.280625263269026e-13,1.2806210238212107e-13,1.2806167844463545e-13,1.2806125451443818e-13,1.2806083059153557e-13,1.2806040667592003e-13,1.2805998276759902e-13,1.2805955886656802e-13,1.2805913497282716e-13,1.2805871108637916e-13,1.2805828720722003e-13,1.2805786333535254e-13,1.280574394707743e-13,1.2805701561349054e-13,1.2805659176349374e-13,1.2805616792078475e-13,1.2805574408536732e-13,1.2805532025724012e-13,1.280548964364765e-13,1.280544726229288e-13,1.2805404881666826e-13,1.2805362501796227e-13,1.2805320122627637e-13,1.2805277744188183e-13,1.280523536647756e-13,1.2805192989495837e-13,1.2805150613243206e-13,1.280510823771906e-13,1.2805065862923894e-13,1.2805023488836269e-13,1.280498111550069e-13,1.2804938742891835e-13,1.2804896371011601e-13,1.2804853999860224e-13,1.280481162943751e-13,1.2804769259743335e-13,1.2804726890777898e-13,1.28046845225407e-13,1.2804642155032913e-13,1.2804599788253432e-13,1.2804557422202587e-13,1.280451505688056e-13,1.280447269228683e-13,1.2804430328421615e-13,1.2804387965285542e-13,1.2804345602877263e-13,1.2804303241197718e-13,1.2804260880373315e-13,1.2804218520149815e-13,1.280417616065553e-13,1.280413380188918e-13,1.2804091443852768e-13,1.280404908692231e-13,1.2804006730715525e-13,1.2803964375222077e-13,1.2803922020439214e-13,1.2803879666036684e-13,1.2803837312368734e-13,1.2803794959430704e-13,1.2803752607221367e-13,1.2803710255740367e-13,1.2803667904987085e-13,1.2803625554962007e-13,1.280358320566528e-13,1.2803540857096778e-13,1.280349850925658e-13,1.2803456162144654e-13,1.2803413815760692e-13,1.2803371470105179e-13,1.2803329125177936e-13,1.280328678097891e-13,1.2803244437507615e-13,1.280320209476475e-13,1.2803159752749886e-13,1.2803117411463276e-13,1.2803075070904584e-13,1.2803032731074242e-13,1.280299039197167e-13,1.280294805359734e-13,1.2802905718310325e-13,1.2802863383793222e-13,1.280282104760262e-13,1.2802778712140144e-13,1.280273637740604e-13,1.2802694043332958e-13,1.280265171005218e-13,1.280260937750152e-13,1.280256704567897e-13,1.2802524714571042e-13,1.2802482384203966e-13,1.2802440054564901e-13,1.2802397725644382e-13,1.2802355397461084e-13,1.2802313070005587e-13,1.2802270743277928e-13,1.280222841727796e-13,1.280218609200601e-13,1.280214376745686e-13,1.2802101443642153e-13,1.2802059120544681e-13,1.2802016798166098e-13,1.280197447653251e-13,1.280193215562664e-13,1.280188983544891e-13,1.28018475159984e-13,1.2801805197275632e-13,1.2801762879280407e-13,1.2801720562012945e-13,1.2801678245473184e-13,1.280163592966098e-13,1.2801593614605117e-13,1.2801551300234123e-13,1.280150898660563e-13,1.280146667370389e-13,1.2801424361529424e-13,1.2801382050082398e-13,1.2801339739362775e-13,1.2801297429371668e-13,1.280125512010709e-13,1.280121281156968e-13,1.2801170503759993e-13,1.2801128196677566e-13,1.2801085890322464e-13,1.2801043584694758e-13,1.2801001279794676e-13,1.2800958975608763e-13,1.280091667215962e-13,1.280087436944106e-13,1.2800832067449844e-13,1.2800789766185982e-13,1.2800747465663498e-13,1.2800705165854054e-13,1.2800662866772285e-13,1.2800620568417691e-13,1.2800578270790112e-13,1.2800535973889838e-13,1.2800493678088993e-13,1.2800451382642437e-13,1.2800409087923775e-13,1.2800366793932312e-13,1.280032450066763e-13,1.2800282208129005e-13,1.2800239916318817e-13,1.2800197625152024e-13,1.2800155334848497e-13,1.2800113045219455e-13,1.2800070756317302e-13,1.2800028468142222e-13,1.2799986180694372e-13,1.2799943893973198e-13,1.2799901607982117e-13,1.279985932271496e-13,1.279981703817476e-13,1.2799774754361328e-13,1.2799732471275248e-13,1.2799690188911102e-13,1.2799647907278798e-13,1.2799605626372565e-13,1.279956334619383e-13,1.2799521066741932e-13,1.2799478788017045e-13,1.2799436510019016e-13,1.2799394232747409e-13,1.2799351956202588e-13,1.279930968038448e-13,1.2799267405293095e-13,1.2799225130929055e-13,1.2799182857291185e-13,1.2799140584380262e-13,1.279909831219588e-13,1.2799056040738248e-13,1.2799013770007378e-13,1.2798971499996499e-13,1.2798929230719371e-13,1.2798886962168213e-13,1.279884469434531e-13,1.2798802427247432e-13,1.2798760160876132e-13,1.2798717895231282e-13,1.279867563031326e-13,1.279863336612132e-13,1.2798591102656533e-13,1.2798548839917725e-13,1.2798506580270166e-13,1.2798464318984225e-13,1.279842205842474e-13,1.2798379798592085e-13,1.2798337539485564e-13,1.2798295281181464e-13,1.2798253023528173e-13,1.2798210766607306e-13,1.279816851040644e-13,1.279812625493182e-13,1.2798084000183723e-13,1.2798041746161903e-13,1.2797999492866346e-13,1.2797957240296285e-13,1.2797914988453567e-13,1.2797872737336752e-13,1.2797830486926452e-13,1.2797788237262315e-13,1.279774598832439e-13,1.2797703740031475e-13,1.2797661492545677e-13,1.2797619245786166e-13,1.2797576999752973e-13,1.2797534754445659e-13,1.2797492512209997e-13,1.2797450270631157e-13,1.2797408027501355e-13,1.2797365785098563e-13,1.2797323543421756e-13,1.2797281302471076e-13,1.2797239062246514e-13,1.2797196822747935e-13,1.279715458397523e-13,1.279711234592852e-13,1.2797070108607914e-13,1.2797027872013282e-13,1.2796985636144497e-13,1.2796943401001793e-13,1.2796901166584757e-13,1.2796858932893917e-13,1.279681669992899e-13,1.2796774467689593e-13,1.2796732236176384e-13,1.2796690005388812e-13,1.2796647775327304e-13,1.279660554599134e-13,1.279656331773832e-13,1.2796521090229373e-13,1.279647886307049e-13,1.279643663663834e-13,1.2796394410920987e-13,1.2796352186439315e-13,1.2796309962183663e-13,1.2796267738671545e-13,1.2796225515867458e-13,1.2796183293788901e-13,1.279614107243572e-13,1.2796098851809145e-13,1.2796056631907427e-13,1.2796014412731464e-13,1.2795972194280946e-13,1.2795929976556343e-13,1.2795887759556965e-13,1.279584554328333e-13,1.279580332773508e-13,1.2795761112912477e-13,1.2795718898815392e-13,1.2795676685443633e-13,1.2795634472797472e-13,1.2795592260876586e-13,1.2795550049832328e-13,1.2795507839343215e-13,1.2795465629595822e-13,1.2795423420576326e-13,1.2795381212282768e-13,1.2795339004863443e-13,1.2795296798020398e-13,1.279525459190268e-13,1.2795212386510602e-13,1.2795170181845398e-13,1.2795127977903738e-13,1.2795085774687073e-13,1.2795043572196063e-13,1.279500137045226e-13,1.27949591694185e-13,1.2794916969102483e-13,1.279487476951239e-13,1.279483257064725e-13,1.2794790372507172e-13,1.2794748175092722e-13,1.2794705978403182e-13,1.2794663782438594e-13,1.279462158719935e-13,1.2794579392685062e-13,1.2794537198896082e-13,1.2794495005831983e-13,1.2794452813493106e-13,1.279441062187901e-13,1.279436843099043e-13,1.279432624082642e-13,1.279428405138763e-13,1.2794241862673668e-13,1.2794199674684926e-13,1.2794157487420928e-13,1.2794115300881888e-13,1.2794073115067638e-13,1.2794030929978484e-13,1.279398874561404e-13,1.2793946561974626e-13,1.279390437906009e-13,1.2793862196870455e-13,1.2793820015405396e-13,1.2793777834665347e-13,1.2793735654650242e-13,1.279369347535968e-13,1.279365129679407e-13,1.2793609118953246e-13,1.2793566941837098e-13,1.279352476544544e-13,1.279348258977884e-13,1.2793440414836712e-13,1.279339824061949e-13,1.2793356067127002e-13,1.279331389435889e-13,1.2793271722315461e-13,1.2793229550996827e-13,1.2793187380402592e-13,1.2793145210533038e-13,1.2793103041387962e-13,1.2793060872967605e-13,1.2793018705271738e-13,1.2792976538300737e-13,1.279293437205383e-13,1.279289220653166e-13,1.2792850041737538e-13,1.2792807877663545e-13,1.2792765714314625e-13,1.279272355166449e-13,1.2792681389763228e-13,1.2792639228587533e-13,1.2792597068137392e-13,1.2792554908412605e-13,1.2792512749410371e-13,1.279247059113247e-13,1.279242843357866e-13,1.2792386276749438e-13,1.2792344120644526e-13,1.2792301965263775e-13,1.2792259810607248e-13,1.2792217656675464e-13,1.2792175503467398e-13,1.27921333509838e-13,1.2792091199224327e-13,1.2792049048189145e-13,1.2792006897878035e-13,1.2791964748291355e-13,1.2791922599428754e-13,1.2791880451290165e-13,1.2791838303875866e-13,1.2791796157185525e-13,1.279175401116204e-13,1.2791711865920017e-13,1.2791669721407033e-13,1.2791627577613017e-13,1.2791585434542288e-13,1.2791543292196594e-13,1.2791501150574836e-13,1.279145900967695e-13,1.2791416869503118e-13,1.279137473018655e-13,1.2791332591460923e-13,1.2791290453458934e-13,1.2791248316180933e-13,1.2791206179626906e-13,1.2791164043796625e-13,1.27911219086904e-13,1.2791079774307116e-13,1.2791037640648368e-13,1.2790995507713648e-13,1.279095337550258e-13,1.2790911244015502e-13,1.2790869113252325e-13,1.2790826983212816e-13,1.2790784853897228e-13,1.27907427253051e-13,1.2790700597436775e-13,1.2790658470292423e-13,1.2790616343871884e-13,1.2790574218174596e-13,1.2790532093201108e-13,1.279048996895125e-13,1.2790447845425063e-13,1.279040572263601e-13,1.279036360055711e-13,1.2790321479201855e-13,1.279027935857023e-13,1.2790237238662072e-13,1.2790195119477256e-13,1.2790153001016228e-13,1.2790110883274893e-13,1.27900687662164e-13,1.279002664992562e-13,1.2789984534358766e-13,1.2789942419515373e-13,1.2789900305426954e-13,1.278985819203129e-13,1.2789816079357947e-13,1.2789773967407975e-13,1.2789731856181546e-13,1.2789689745674247e-13,1.2789647635895394e-13,1.2789605526839908e-13,1.2789563418506824e-13,1.2789521310897038e-13,1.2789479204010682e-13,1.2789437097847695e-13,1.2789394992407958e-13,1.278935288769142e-13,1.278931078369828e-13,1.2789268680753432e-13,1.278922657820715e-13,1.2789184476383336e-13,1.2789142375280532e-13,1.2789100274901773e-13,1.2789058175247875e-13,1.2789016076317016e-13,1.2788973977773973e-13,1.2788931880291983e-13,1.2788889783519495e-13,1.2788847687481311e-13,1.278880559216609e-13,1.2788763497573742e-13,1.2788721403704658e-13,1.2788679310558358e-13,1.2788637218135162e-13,1.2788595126434822e-13,1.2788553035457766e-13,1.27885109452331e-13,1.2788468855743281e-13,1.2788426766980756e-13,1.278838467889765e-13,1.278834259153501e-13,1.2788300504895594e-13,1.2788258418978925e-13,1.278821633378493e-13,1.2788174249314097e-13,1.278813216556565e-13,1.27880900825402e-13,1.2788048000237562e-13,1.2788005918657686e-13,1.2787963837800612e-13,1.2787921757666281e-13,1.278787967825482e-13,1.278783759956588e-13,1.2787795521599918e-13,1.2787753444356587e-13,1.278771136783581e-13,1.278766929203752e-13,1.2787627216962478e-13,1.2787585142609695e-13,1.278754306897946e-13,1.278750099607199e-13,1.2787458923887136e-13,1.2787416852424792e-13,1.278737478168523e-13,1.2787332711667733e-13,1.2787290642373237e-13,1.2787248573800999e-13,1.2787206505951587e-13,1.278716443882425e-13,1.2787122372419734e-13,1.27870803067374e-13,1.278703824177774e-13,1.2786996177540447e-13,1.2786954114008874e-13,1.2786912051212408e-13,1.278686998914241e-13,1.2786827927794725e-13,1.278678586716912e-13,1.2786743807266225e-13,1.278670174808545e-13,1.2786659689627192e-13,1.278661763189134e-13,1.2786575574877271e-13,1.2786533518585853e-13,1.2786491463016515e-13,1.2786449408169727e-13,1.2786407354045072e-13,1.2786365300642392e-13,1.2786323247961963e-13,1.2786281196003862e-13,1.278623914476772e-13,1.278619709425385e-13,1.2786155044462385e-13,1.2786112995392854e-13,1.278607094704527e-13,1.278602889941989e-13,1.278598685246537e-13,1.2785944806227783e-13,1.2785902760723027e-13,1.278586071592111e-13,1.278581867190592e-13,1.2785776628569668e-13,1.2785734585956058e-13,1.2785692544078457e-13,1.2785650502951757e-13,1.2785608462546362e-13,1.2785566422863112e-13,1.2785524384011185e-13,1.278548234577577e-13,1.2785440308258187e-13,1.2785398271122963e-13,1.2785356235048904e-13,1.2785314199696843e-13,1.2785272165066685e-13,1.278523013115843e-13,1.2785188097971816e-13,1.278514606550734e-13,1.2785104033764006e-13,1.2785062002742787e-13,1.2785019972443384e-13,1.2784977942865722e-13,1.2784935914009587e-13,1.278489388587512e-13,1.2784851858462238e-13,1.2784809831670292e-13,1.2784767805701425e-13,1.2784725780448286e-13,1.2784683755904158e-13,1.27846417320998e-13,1.2784599709017083e-13,1.2784557686655827e-13,1.278451566501608e-13,1.2784473644098008e-13,1.2784431623901394e-13,1.2784389604426128e-13,1.2784347585672354e-13,1.278430556763441e-13,1.278426355032459e-13,1.278422153373532e-13,1.2784179517867548e-13,1.278413750272114e-13,1.2784095488296278e-13,1.2784053474592822e-13,1.2784011461610618e-13,1.278396944934962e-13,1.278392743781054e-13,1.2783885426992503e-13,1.2783843416895798e-13,1.2783801407520607e-13,1.2783759398867073e-13,1.2783717390935055e-13,1.2783675383723887e-13,1.27836333772346e-13,1.278359137146617e-13,1.2783549366419133e-13,1.2783507362093068e-13,1.2783465358488524e-13,1.278342335560506e-13,1.2783381353441985e-13,1.2783339352000058e-13,1.278329735127919e-13,1.2783255351279663e-13,1.278321335200094e-13,1.2783171353443454e-13,1.2783129355606968e-13,1.2783087358491546e-13,1.2783045362097092e-13,1.2783003366423957e-13,1.278296137147163e-13,1.2782919377240283e-13,1.2782877383730228e-13,1.278283539094075e-13,1.2782793398872343e-13,1.278275140752489e-13,1.2782709416898524e-13,1.2782667426993036e-13,1.2782625437808314e-13,1.278258344934455e-13,1.2782541461601825e-13,1.2782499474579789e-13,1.2782457488278478e-13,1.278241550269833e-13,1.278237351783872e-13,1.2782331533700026e-13,1.2782289550281989e-13,1.278224756758481e-13,1.278220558560821e-13,1.2782163604352459e-13,1.2782121623817567e-13,1.2782079644003233e-13,1.278203766490948e-13,1.2781995686536485e-13,1.2781953708884314e-13,1.278191173195268e-13,1.278186975574161e-13,1.2781827780251328e-13,1.2781785805481611e-13,1.2781743831432338e-13,1.2781701858103796e-13,1.2781659885495828e-13,1.278161791360823e-13,1.2781575942441264e-13,1.27815339719947e-13,1.2781492002268833e-13,1.278145003326339e-13,1.2781408064978428e-13,1.2781366097413875e-13,1.2781324130569761e-13,1.2781282164446167e-13,1.2781240199042863e-13,1.2781198234360307e-13,1.2781156270394057e-13,1.278111430715203e-13,1.2781072344630407e-13,1.2781030382829028e-13,1.2780988421748043e-13,1.278094646138717e-13,1.278090450174671e-13,1.278086254282659e-13,1.2780820584626741e-13,1.278077862714697e-13,1.2780736670387637e-13,1.2780694714348488e-13,1.2780652759029433e-13,1.2780610804430473e-13,1.2780568850552123e-13,1.2780526897393737e-13,1.2780484944955365e-13,1.2780442993237013e-13,1.2780401042239086e-13,1.278035909196087e-13,1.278031714240296e-13,1.2780275193565178e-13,1.2780233245447688e-13,1.2780191298050027e-13,1.2780149351372381e-13,1.2780107405414677e-13,1.278006546017682e-13,1.2780023515659112e-13,1.27799815718616e-13,1.2779939628783833e-13,1.2779897686426147e-13,1.277985574478809e-13,1.2779813803870294e-13,1.2779771863672148e-13,1.2779729924194082e-13,1.2779687985435624e-13,1.27796460473972e-13,1.2779604110078633e-13,1.277956217347996e-13,1.277952023760101e-13,1.2779478302441865e-13,1.2779436368002436e-13,1.2779394434282835e-13,1.2779352501282829e-13,1.2779310569002806e-13,1.2779268637442341e-13,1.2779226706601678e-13,1.2779184776344538e-13,1.2779142846944956e-13,1.2779100918262768e-13,1.2779058990300768e-13,1.2779017063058381e-13,1.2778975136535814e-13,1.2778933210732837e-13,1.2778891285649135e-13,1.2778849361285096e-13,1.2778807437640775e-13,1.2778765514715833e-13,1.2778723592510428e-13,1.2778681671024535e-13,1.2778639750258332e-13,1.2778597830211357e-13,1.2778555910883678e-13,1.277851399227591e-13,1.27784720743872e-13,1.277843015721844e-13,1.2778388240768698e-13,1.2778346325038306e-13,1.277830441002747e-13,1.2778262495736161e-13,1.2778220582163704e-13,1.277817866931091e-13,1.2778136757177317e-13,1.277809484576326e-13,1.2778052935068463e-13,1.2778011025092934e-13,1.2777969115836308e-13,1.277792720729938e-13,1.277788529948134e-13,1.2777843392382772e-13,1.277780148600319e-13,1.2777759580342719e-13,1.2777717675401682e-13,1.2777675771179774e-13,1.2777633867677074e-13,1.277759196489366e-13,1.2777550062829074e-13,1.2777508161476307e-13,1.2777466260843294e-13,1.277742436093001e-13,1.277738246173642e-13,1.2777340563262157e-13,1.277729866550734e-13,1.2777256768472818e-13,1.2777214872157416e-13,1.277717297656165e-13,1.277713108168555e-13,1.2777089187528855e-13,1.2777047294091967e-13,1.277700540137454e-13,1.2776963509376428e-13,1.2776921618098217e-13,1.2776879727539152e-13,1.2776837837699415e-13,1.277679594857915e-13,1.2776754060178524e-13,1.277671217249702e-13,1.2776670285535004e-13,1.277662839929251e-13,1.2776586513769152e-13,1.2776544628965172e-13,1.2776502744880093e-13,1.277646086151471e-13,1.27764189788682e-13,1.2776377096941536e-13,1.2776335215733873e-13,1.27762933352452e-13,1.277625145547562e-13,1.2776209576425772e-13,1.2776167698094672e-13,1.2776125820483041e-13,1.2776083943590344e-13,1.277604206741643e-13,1.2776000191962132e-13,1.277595831722673e-13,1.2775916443210373e-13,1.27758745699131e-13,1.2775832697334693e-13,1.277579082547538e-13,1.2775748954335113e-13,1.2775707083913683e-13,1.27756652142112e-13,1.277562334522793e-13,1.277558147696351e-13,1.2775539609417843e-13,1.2775497742590875e-13,1.2775455876483027e-13,1.2775414011093833e-13,1.2775372146423494e-13,1.2775330282471953e-13,1.2775288419239477e-13,1.2775246556703856e-13,1.277520469488647e-13,1.2775162833787647e-13,1.277512097340677e-13,1.277507911374419e-13,1.2775037254799917e-13,1.2774995396573888e-13,1.2774953539065922e-13,1.277491168227608e-13,1.2774869826204539e-13,1.2774827970851117e-13,1.2774786116326135e-13,1.2774744262408652e-13,1.2774702409187952e-13,1.2774660556707008e-13,1.277461870494501e-13,1.2774576854005386e-13,1.2774535003678924e-13,1.277449315418315e-13,1.27744513054633e-13,1.2774409457379766e-13,1.2774367610059086e-13,1.2774325763408825e-13,1.277428391760372e-13,1.2774242072303104e-13,1.2774200227720373e-13,1.2774158383855452e-13,1.277411654070871e-13,1.2774074698279598e-13,1.277403285656859e-13,1.277399101557536e-13,1.2773949175300077e-13,1.2773907335742548e-13,1.2773865496902926e-13,1.2773823658780998e-13,1.2773781821377148e-13,1.2773739984690667e-13,1.277369814872221e-13,1.2773656313471607e-13,1.2773614478938585e-13,1.277357264512311e-13,1.277353081202574e-13,1.2773488979646055e-13,1.2773447147983797e-13,1.2773405317039118e-13,1.2773363486812402e-13,1.2773321657303079e-13,1.2773279828511386e-13,1.2773238000437612e-13,1.277319617308113e-13,1.2773154346442128e-13,1.2773112520521e-13,1.2773070695317128e-13,1.2773028870830965e-13,1.2772987047062347e-13,1.277294522401128e-13,1.2772903401677506e-13,1.2772861580061176e-13,1.2772819759162704e-13,1.277277793898127e-13,1.2772736119517357e-13,1.2772694300556593e-13,1.2772652482576838e-13,1.27726106652651e-13,1.2772568848670948e-13,1.2772527032794645e-13,1.2772485217635193e-13,1.2772443403192873e-13,1.2772401589468017e-13,1.2772359776460315e-13,1.2772317964169854e-13,1.2772276152596862e-13,1.2772234341741044e-13,1.2772192531532304e-13,1.2772150722110067e-13,1.27721089134081e-13,1.2772067105420395e-13,1.277202529815079e-13,1.2771983491598139e-13,1.2771941685766345e-13,1.2771899880655305e-13,1.2771858076253866e-13,1.277181627255872e-13,1.2771774469419617e-13,1.2771732667170214e-13,1.277169086563739e-13,1.2771649064538546e-13,1.2771607264438731e-13,1.2771565464785983e-13,1.2771523666120686e-13,1.2771481868172821e-13,1.2771440070942103e-13,1.2771398274428236e-13,1.2771356478631215e-13,1.2771314683551333e-13,1.2771272889188382e-13,1.2771231095542185e-13,1.2771189302612992e-13,1.2771147510400752e-13,1.2771105718905144e-13,1.277106392812639e-13,1.2771022138064707e-13,1.2770980348719687e-13,1.2770938560091528e-13,1.2770896772180095e-13,1.27708549849854e-13,1.2770813198507326e-13,1.2770771412746232e-13,1.2770729627701996e-13,1.277068784337423e-13,1.2770646059762916e-13,1.277060427686874e-13,1.2770562494691142e-13,1.2770520713230175e-13,1.2770478932485796e-13,1.2770437152457905e-13,1.2770395373147057e-13,1.2770353594552336e-13,1.2770311816674344e-13,1.2770270039512899e-13,1.277022826306821e-13,1.277018648733966e-13,1.2770144712328088e-13,1.2770102938032922e-13,1.2770061164453997e-13,1.2770019391591753e-13,1.276997761944585e-13,1.276993584801629e-13,1.2769894077303478e-13,1.276985230730692e-13,1.2769810538026896e-13,1.276976876946307e-13,1.2769727001615837e-13,1.2769685234484815e-13,1.2769643468070136e-13,1.276960170237181e-13,1.276955993738971e-13,1.2769518173124117e-13,1.276947640957473e-13,1.2769434646741563e-13,1.2769392884624642e-13,1.2769351123224036e-13,1.276930936253972e-13,1.2769267602571435e-13,1.276922584331934e-13,1.2769184084783625e-13,1.2769142326964206e-13,1.2769100569860567e-13,1.2769058813473182e-13,1.276901705780201e-13,1.2768975302846843e-13,1.2768933548607734e-13,1.276889179508495e-13,1.2768850042278063e-13,1.276880829018719e-13,1.2768766538812458e-13,1.2768724788153735e-13,1.276868303821128e-13,1.2768641288984512e-13,1.2768599540473747e-13,1.2768557792679124e-13,1.2768516045600123e-13,1.27684742992372e-13,1.2768432553590206e-13,1.2768390808659297e-13,1.27683490644442e-13,1.276830732094475e-13,1.2768265578161166e-13,1.2768223836093747e-13,1.2768182094742083e-13,1.2768140354105995e-13,1.2768098614185888e-13,1.2768056874981523e-13,1.2768015136492945e-13,1.27679733987202e-13,1.2767931661663199e-13,1.2767889925321723e-13,1.276784818969616e-13,1.276780645478633e-13,1.2767764720592073e-13,1.2767722987113625e-13,1.2767681254350546e-13,1.276763952230353e-13,1.2767597790972013e-13,1.2767556060356138e-13,1.2767514330455546e-13,1.2767472601270856e-13,1.2767430872801742e-13,1.2767389145047867e-13,1.2767347418009888e-13,1.2767305691687284e-13,1.2767263966080372e-13,1.276722224118864e-13,1.2767180517012554e-13,1.2767138793551937e-13,1.2767097070806725e-13,1.2767055348777031e-13,1.2767013627462828e-13,1.2766971906863868e-13,1.2766930186980522e-13,1.2766888467812452e-13,1.2766846749359696e-13,1.276680503162222e-13,1.2766763314600123e-13,1.2766721598293473e-13,1.2766679882700684e-13,1.2766638167823745e-13,1.2766596453661517e-13,1.2766554740214473e-13,1.27665130274832e-13,1.2766471315467168e-13,1.2766429604165947e-13,1.2766387893580103e-13,1.276634618370894e-13,1.276630447455384e-13,1.2766262766113584e-13,1.2766221058388112e-13,1.276617935137813e-13,1.2766137645083299e-13,1.2766095939503081e-13,1.2766054234638317e-13,1.276601253048904e-13,1.2765970827053982e-13,1.2765929124334417e-13,1.276588742232987e-13,1.2765845721041748e-13,1.276580402046951e-13,1.2765762320610662e-13,1.2765720621467833e-13,1.276567892303954e-13,1.2765637225326093e-13,1.27655955283372e-13,1.2765553832054558e-13,1.2765512136486316e-13,1.276547044164069e-13,1.2765428747501466e-13,1.276538705407755e-13,1.2765345361368286e-13,1.2765303669373844e-13,1.2765261978094186e-13,1.2765220287529488e-13,1.276517859767945e-13,1.276513690854407e-13,1.2765095220123692e-13,1.2765053532418036e-13,1.2765011845426956e-13,1.2764970159150673e-13,1.2764928473589138e-13,1.2764886788742025e-13,1.276484510460995e-13,1.276480342119215e-13,1.2764761738489335e-13,1.2764720056501085e-13,1.276467837522699e-13,1.2764636694667981e-13,1.2764595014823363e-13,1.276455333569354e-13,1.2764511657278058e-13,1.276446997957703e-13,1.2764428302590788e-13,1.276438662631875e-13,1.2764344950761326e-13,1.2764303275918424e-13,1.2764261601790074e-13,1.2764219928376093e-13,1.2764178255676424e-13,1.2764136583691203e-13,1.2764094912421684e-13,1.2764053241865634e-13,1.2764011571925733e-13,1.2763969902797587e-13,1.2763928234384308e-13,1.2763886566685262e-13,1.2763844899700477e-13,1.276380323343031e-13,1.2763761567874426e-13,1.2763719903030791e-13,1.27636782389035e-13,1.2763636575490115e-13,1.2763594912791021e-13,1.2763553250766155e-13,1.2763511589495742e-13,1.276346992893915e-13,1.2763428269091044e-13,1.2763386609962885e-13,1.27633449515489e-13,1.276330329384934e-13,1.2763261636863535e-13,1.2763219980591865e-13,1.2763178325034184e-13,1.2763136670190675e-13,1.2763095016061334e-13,1.2763053362645962e-13,1.2763011709944717e-13,1.276297005795747e-13,1.2762928406684142e-13,1.2762886756500138e-13,1.276284510665484e-13,1.276280345752323e-13,1.2762761809105845e-13,1.2762720163667775e-13,1.2762678516679344e-13,1.276263687040364e-13,1.2762595224842593e-13,1.2762553579994225e-13,1.2762511935860103e-13,1.2762470292439856e-13,1.2762428649745358e-13,1.2762387007752866e-13,1.2762345366473945e-13,1.2762303725908771e-13,1.2762262086057318e-13,1.2762220447385862e-13,1.2762178808963055e-13,1.2762137171212244e-13,1.2762095534216058e-13,1.2762053897932972e-13,1.2762012262364688e-13,1.2761970627443702e-13,1.2761928993302046e-13,1.2761887359873771e-13,1.2761845727166727e-13,1.2761804095165621e-13,1.276176246387827e-13,1.2761720833304924e-13,1.2761679203444693e-13,1.2761637574297873e-13,1.2761595945864718e-13,1.2761554318145133e-13,1.276151269113886e-13,1.276147106484622e-13,1.2761429439266969e-13,1.2761387814401265e-13,1.2761346190249005e-13,1.2761304566810175e-13,1.2761262944084748e-13,1.2761221322072525e-13,1.2761179700773879e-13,1.2761138080188673e-13,1.2761096460316732e-13,1.2761054841158077e-13,1.2761013222712848e-13,1.2760971604980853e-13,1.2760929987962215e-13,1.2760888371656795e-13,1.276084675606531e-13,1.2760805141187042e-13,1.276076352702138e-13,1.276072191356921e-13,1.2760680300829861e-13,1.276063868880407e-13,1.2760597077491173e-13,1.276055546689128e-13,1.2760513857004808e-13,1.2760472247831648e-13,1.276043063937131e-13,1.2760389031624113e-13,1.2760347424589892e-13,1.2760305818269102e-13,1.2760264212661137e-13,1.2760222607766236e-13,1.2760181003584425e-13,1.2760139400123928e-13,1.2760097797367895e-13,1.276005619530855e-13,1.2760014596299088e-13,1.2759972995681444e-13,1.2759931395777296e-13,1.2759889796586155e-13,1.2759848198108083e-13,1.2759806600344763e-13,1.275976500331353e-13,1.275972340697406e-13,1.27596818113474e-13,1.275964021643383e-13,1.2759598622240348e-13,1.2759557028751961e-13,1.2759515435976817e-13,1.2759473843914557e-13,1.2759432252501978e-13,1.2759390661864833e-13,1.2759349071972979e-13,1.275930748276143e-13,1.2759265894262646e-13,1.2759224306476684e-13,1.2759182719403357e-13,1.2759141133042727e-13,1.2759099547394732e-13,1.27590579624591e-13,1.2759016378236336e-13,1.2758974794726217e-13,1.2758933211928704e-13,1.2758891629843687e-13,1.275885004845073e-13,1.2758808467792314e-13,1.275876688778418e-13,1.275872530854925e-13,1.275868373002704e-13,1.2758642152213842e-13,1.275860057511639e-13,1.2758558998731324e-13,1.275851742305906e-13,1.2758475848099208e-13,1.275843427385176e-13,1.2758392700316597e-13,1.275835112749391e-13,1.2758309555383817e-13,1.2758267983985649e-13,1.27582264133001e-13,1.2758184843326951e-13,1.2758143274065927e-13,1.2758101705517494e-13,1.2758060137681082e-13,1.2758018570556849e-13,1.2757977004145165e-13,1.2757935438445812e-13,1.275789387345844e-13,1.27578523091833e-13,1.275781074562058e-13,1.275776918276973e-13,1.2757727620631273e-13,1.2757686059204814e-13,1.2757644498490772e-13,1.2757602938488632e-13,1.275756137919875e-13,1.2757519820620798e-13,1.2757478262755305e-13,1.2757436705601653e-13,1.2757395149160002e-13,1.2757353593430404e-13,1.27573120384129e-13,1.275727048410872e-13,1.2757228930515252e-13,1.275718737765562e-13,1.27571458254876e-13,1.2757104273440707e-13,1.2757062722695299e-13,1.2757021172661635e-13,1.2756979623338703e-13,1.275693807472744e-13,1.2756896526828446e-13,1.2756854979641464e-13,1.2756813433165765e-13,1.2756771887402211e-13,1.2756730342350162e-13,1.2756688798010592e-13,1.2756647254382522e-13,1.2756605711465744e-13,1.2756564169261306e-13,1.2756522627768368e-13,1.2756481086987128e-13,1.2756439546918088e-13,1.2756398007560168e-13,1.2756356468914445e-13,1.27563149309801e-13,1.275627339375737e-13,1.275623185724638e-13,1.2756190321447213e-13,1.2756148786359615e-13,1.2756107251983513e-13,1.2756065718319283e-13,1.275602418536647e-13,1.2755982653125e-13,1.2755941121595101e-13,1.2755899590777122e-13,1.2755858060671592e-13,1.275581653127759e-13,1.275577500259518e-13,1.2755733474624114e-13,1.2755691947364637e-13,1.2755650420816425e-13,1.2755608894979897e-13,1.2755567369854507e-13,1.2755525845440735e-13,1.2755484321738373e-13,1.2755442798747348e-13,1.275540127646751e-13,1.2755359754899206e-13,1.2755318234042177e-13,1.2755276713896514e-13,1.275523519446225e-13,1.2755193675739099e-13,1.275515215772725e-13,1.2755110640426813e-13,1.2755069123837501e-13,1.2755027607959258e-13,1.275498609279251e-13,1.2754944578336818e-13,1.2754903064592434e-13,1.2754861551559207e-13,1.2754820039237209e-13,1.275477852762609e-13,1.275473701672621e-13,1.2754695506537571e-13,1.2754653997060085e-13,1.275461248829339e-13,1.2754570980237944e-13,1.275452947289362e-13,1.2754487966260188e-13,1.2754446460337995e-13,1.2754404955126638e-13,1.2754363450626525e-13,1.2754321946837097e-13,1.275428044375881e-13,1.275423894139138e-13,1.275419743973483e-13,1.2754155938789427e-13,1.275411443855492e-13,1.2754072939031209e-13,1.2754031440218584e-13,1.2753989942116557e-13,1.275394844472555e-13,1.2753906948045445e-13,1.2753865452075986e-13,1.2753823956817158e-13,1.2753782462269448e-13,1.2753740968432455e-13,1.275369947530646e-13,1.2753657982890992e-13,1.2753616491186365e-13,1.2753575000192245e-13,1.2753533509909105e-13,1.2753492020336424e-13,1.2753450531474604e-13,1.275340904332314e-13,1.2753367555882741e-13,1.2753326069152787e-13,1.275328458313346e-13,1.2753243097824764e-13,1.2753201613226848e-13,1.2753160129339284e-13,1.2753118646162362e-13,1.2753077163696073e-13,1.2753035681939994e-13,1.2752994200894771e-13,1.2752952720559894e-13,1.2752911240935815e-13,1.2752869762021745e-13,1.2752828283818501e-13,1.2752786806325414e-13,1.2752745329542953e-13,1.2752703853470929e-13,1.275266237810931e-13,1.2752620903458046e-13,1.2752579429517123e-13,1.27525379562867e-13,1.275249648376634e-13,1.2752455011956814e-13,1.2752413540857228e-13,1.2752372070468042e-13,1.2752330600789148e-13,1.2752289131820565e-13,1.2752247663562313e-13,1.275220619601427e-13,1.2752164729176396e-13,1.2752123263048848e-13,1.2752081797631192e-13,1.275204033292404e-13,1.2751998868927063e-13,1.2751957405640218e-13,1.2751915943063453e-13,1.2751874481196897e-13,1.2751833020040289e-13,1.2751791559593774e-13,1.2751750099857554e-13,1.2751708640831484e-13,1.275166718251501e-13,1.275162572490929e-13,1.275158426801298e-13,1.27515428118271e-13,1.2751501356351094e-13,1.2751459901325639e-13,1.275141844726988e-13,1.2751376993658012e-13,1.2751335541021112e-13,1.2751294089098778e-13,1.275125263770803e-13,1.2751211187192756e-13,1.275116973739824e-13,1.2751128288019321e-13,1.2751086839644582e-13,1.2751045391980868e-13,1.2751003945027388e-13,1.2750962498769707e-13,1.2750921053066396e-13,1.2750879608238113e-13,1.2750838164120274e-13,1.2750796720712094e-13,1.2750755278013673e-13,1.2750713836024902e-13,1.2750672394745885e-13,1.2750630954176602e-13,1.275058951431677e-13,1.2750548075166308e-13,1.275050663672678e-13,1.27504651989961e-13,1.2750423761756603e-13,1.275038232544488e-13,1.2750340889843134e-13,1.2750299454950732e-13,1.2750258020768045e-13,1.2750216587295148e-13,1.275017515453153e-13,1.2750133722477418e-13,1.2750092291132936e-13,1.275005086049804e-13,1.275000943057245e-13,1.2749968001356275e-13,1.2749926572849723e-13,1.2749885145052555e-13,1.2749843717964752e-13,1.2749802291586466e-13,1.2749760865917676e-13,1.2749719440957986e-13,1.2749678016707797e-13,1.2749636593166995e-13,1.27495951703356e-13,1.2749553748213318e-13,1.27495123268004e-13,1.2749470906096688e-13,1.2749429486102508e-13,1.2749388066817587e-13,1.2749346648241698e-13,1.2749305230375257e-13,1.2749263813217806e-13,1.2749222396769868e-13,1.2749180981030822e-13,1.2749139566001112e-13,1.2749098151680448e-13,1.2749056738069077e-13,1.2749015325352322e-13,1.2748973913289438e-13,1.2748932501908807e-13,1.2748891091222578e-13,1.2748849681154934e-13,1.2748808271823554e-13,1.2748766863295216e-13,1.2748725455356533e-13,1.27486840481173e-13,1.2748642641596425e-13,1.274860123574044e-13,1.2748559830636108e-13,1.2748518426354985e-13,1.274847702279296e-13,1.2748435619817968e-13,1.2748394217550788e-13,1.274835281599266e-13,1.274831141514324e-13,1.2748270015003076e-13,1.2748228615571577e-13,1.2748187216848948e-13,1.274814581883522e-13,1.2748104421530305e-13,1.2748063024934243e-13,1.2748021629046574e-13,1.2747980233886183e-13,1.274793883943438e-13,1.2747897445690473e-13,1.27478560526549e-13,1.27478146603274e-13,1.2747773268707895e-13,1.2747731877796896e-13,1.2747690487593687e-13,1.274764909809861e-13,1.2747607709311439e-13,1.2747566321232514e-13,1.2747524933861444e-13,1.2747483547198576e-13,1.274744216124346e-13,1.274740077599628e-13,1.274735939145723e-13,1.2747318007626e-13,1.274727662450296e-13,1.274723524208755e-13,1.2747193860380078e-13,1.274715247938012e-13,1.2747111099088382e-13,1.2747069719504472e-13,1.2747028340628075e-13,1.2746986962459755e-13,1.2746945584998916e-13,1.2746904208245845e-13,1.274686283220054e-13,1.2746821456863032e-13,1.2746780082233113e-13,1.2746738708310642e-13,1.2746697335096305e-13,1.274665596258904e-13,1.2746614590789811e-13,1.2746573219698132e-13,1.274653184931409e-13,1.2746490479637535e-13,1.27464491106682e-13,1.2746407742406558e-13,1.274636637485913e-13,1.2746325008019737e-13,1.2746283641888319e-13,1.2746242276465398e-13,1.2746200911750395e-13,1.2746159547743426e-13,1.2746118184444733e-13,1.2746076821854182e-13,1.2746035459971914e-13,1.2745994098797513e-13,1.2745952738331325e-13,1.2745911378572853e-13,1.2745870019522742e-13,1.2745828661180643e-13,1.2745787303546362e-13,1.274574594662033e-13,1.2745704590402378e-13,1.2745663234892102e-13,1.2745621880089815e-13,1.2745580525995247e-13,1.274553917260899e-13,1.2745497819930443e-13,1.2745456467959869e-13,1.274541511669716e-13,1.2745373766142282e-13,1.27453324162953e-13,1.2745291067156112e-13,1.274524971872491e-13,1.2745208370947854e-13,1.274516702387695e-13,1.2745125677512693e-13,1.2745084331854964e-13,1.2745042986902873e-13,1.2745001642699304e-13,1.2744960299203064e-13,1.2744918956414923e-13,1.2744877614353413e-13,1.2744836272999344e-13,1.274479493235306e-13,1.2744753592414542e-13,1.2744712253183607e-13,1.2744670914660141e-13,1.2744629576844457e-13,1.2744588239736188e-13,1.2744546903335786e-13,1.2744505567642676e-13,1.274446423265731e-13,1.2744422898379458e-13,1.274438156480915e-13,1.274434023194629e-13,1.274429889979075e-13,1.2744257568342628e-13,1.2744216237602393e-13,1.2744174907569399e-13,1.2744133578243953e-13,1.2744092249625713e-13,1.2744050921714951e-13,1.2744009594511512e-13,1.274396826801567e-13,1.2743926942226998e-13,1.2743885617145645e-13,1.2743844292771643e-13,1.2743802969101535e-13,1.2743761646101883e-13,1.274372032388131e-13,1.274367900231067e-13,1.2743637681473977e-13,1.2743596361361563e-13,1.2743555041879229e-13,1.2743513723163654e-13,1.2743472405155076e-13,1.2743431087853827e-13,1.2743389771259595e-13,1.2743348455372467e-13,1.274330714019259e-13,1.2743265825719855e-13,1.274322451195407e-13,1.274318319889558e-13,1.2743141886544315e-13,1.2743100574900044e-13,1.2743059263962565e-13,1.2743017953732317e-13,1.274297664420893e-13,1.2742935335392834e-13,1.274289402728359e-13,1.2742852719881204e-13,1.274281141318593e-13,1.2742770107202234e-13,1.2742728801920898e-13,1.2742687497342e-13,1.2742646193474963e-13,1.2742604890314373e-13,1.274256358786068e-13,1.274252228611382e-13,1.274248098507383e-13,1.274243968474069e-13,1.2742398385114494e-13,1.274235708619639e-13,1.2742315787983674e-13,1.2742274490477738e-13,1.2742233193678368e-13,1.2742191897586024e-13,1.2742150602200353e-13,1.2742109307521414e-13,1.2742068013549117e-13,1.2742026720283667e-13,1.2741985427724757e-13,1.2741944135872574e-13,1.2741902844727065e-13,1.2741861554288264e-13,1.2741820264555975e-13,1.274177897553047e-13,1.2741737687211488e-13,1.2741696399599008e-13,1.274165511269308e-13,1.274161382649371e-13,1.2741572541001012e-13,1.2741531256214714e-13,1.2741489972135064e-13,1.2741448688761717e-13,1.2741407406095198e-13,1.274136612413493e-13,1.274132484288094e-13,1.27412835623337e-13,1.2741242282492438e-13,1.2741201003358136e-13,1.2741159724930039e-13,1.2741118447208024e-13,1.2741077170192601e-13,1.274103589388365e-13,1.2740994618281083e-13,1.2740953343384693e-13,1.274091206919459e-13,1.2740870795710741e-13,1.2740829522933193e-13,1.2740788250862129e-13,1.2740746979496987e-13,1.2740705708838501e-13,1.274066443888613e-13,1.2740623169639864e-13,1.2740581901099653e-13,1.2740540633265733e-13,1.2740499366137898e-13,1.2740458099716305e-13,1.2740416834000902e-13,1.2740375568957167e-13,1.274033430462411e-13,1.2740293041073024e-13,1.2740251778182026e-13,1.274021051599693e-13,1.2740169254518075e-13,1.2740127993745536e-13,1.2740086733673465e-13,1.2740045474316198e-13,1.2740004215661994e-13,1.2739962957713932e-13,1.2739921700471774e-13,1.273988044393575e-13,1.2739839188105664e-13,1.273979793298129e-13,1.273975667856266e-13,1.2739715424850258e-13,1.273967417184373e-13,1.2739632919542315e-13,1.2739591667946579e-13,1.2739550417057065e-13,1.2739509166873072e-13,1.2739467917394933e-13,1.2739426668622506e-13,1.273938542055597e-13,1.2739344173195024e-13,1.2739302926539894e-13,1.2739261680590753e-13,1.2739220435346992e-13,1.2739179190809185e-13,1.273913794697694e-13,1.2739096703850407e-13,1.2739055461429484e-13,1.273901421971427e-13,1.2738972978704503e-13,1.2738931738400514e-13,1.273889049880203e-13,1.273884925990927e-13,1.2738808021722154e-13,1.2738766784238604e-13,1.2738725547445616e-13,1.273868431137511e-13,1.273864307601005e-13,1.273860184135043e-13,1.2738560607396382e-13,1.2738519374147977e-13,1.2738478141605032e-13,1.2738436909767166e-13,1.2738395678635013e-13,1.2738354448208057e-13,1.2738313218486664e-13,1.2738271989470913e-13,1.2738230761160202e-13,1.2738189533554967e-13,1.2738148306773748e-13,1.2738107080677335e-13,1.2738065855193601e-13,1.2738024630393382e-13,1.2737983406314257e-13,1.2737942182940947e-13,1.2737900960272735e-13,1.2737859738309865e-13,1.2737818517052207e-13,1.2737777296499878e-13,1.273773607665257e-13,1.2737694857510482e-13,1.27376536390738e-13,1.2737612421342138e-13,1.2737571204315647e-13,1.2737529987994274e-13,1.2737488772378125e-13,1.273744755746687e-13,1.273740634326088e-13,1.2737365129759996e-13,1.2737323916964013e-13,1.273728270487313e-13,1.2737241493487446e-13,1.2737200282806527e-13,1.2737159072830769e-13,1.2737117863559896e-13,1.2737076654994096e-13,1.273703544713339e-13,1.2736994240002711e-13,1.2736953033552386e-13,1.2736911827806598e-13,1.2736870622765429e-13,1.2736829418429243e-13,1.2736788214797958e-13,1.2736747011871312e-13,1.273670580964951e-13,1.2736664608132694e-13,1.2736623407320463e-13,1.2736582207304852e-13,1.2736541007902334e-13,1.2736499809202677e-13,1.2736458611208188e-13,1.273641741391275e-13,1.2736376217329244e-13,1.2736335021450606e-13,1.2736293826273914e-13,1.2736252631804578e-13,1.2736211438039916e-13,1.2736170244979635e-13,1.273612905262453e-13,1.273608786097394e-13,1.2736046670027594e-13,1.2736005479786028e-13,1.273596429024924e-13,1.273592310141666e-13,1.2735881913288953e-13,1.2735840725865567e-13,1.2735799539146912e-13,1.273575835313283e-13,1.2735717167823237e-13,1.2735675983218036e-13,1.2735634799317147e-13,1.2735593616121043e-13,1.273555243362919e-13,1.27355112518417e-13,1.2735470070758722e-13,1.2735428890380268e-13,1.273538771070612e-13,1.2735346531736428e-13,1.2735305353470947e-13,1.2735264175909917e-13,1.2735222999053102e-13,1.2735181822900664e-13,1.273514064745252e-13,1.273509947270857e-13,1.2735058298669615e-13,1.2735017125334245e-13,1.273497595270303e-13,1.2734934780776318e-13,1.273489360955365e-13,1.2734852439035303e-13,1.273481126922112e-13,1.2734770100111045e-13,1.2734728931705242e-13,1.2734687764126882e-13,1.2734646597162847e-13,1.2734605430891164e-13,1.273456426530158e-13,1.2734523100416333e-13,1.2734481936198748e-13,1.273444077271026e-13,1.2734399609925587e-13,1.2734358447856455e-13,1.273431728649147e-13,1.2734276125830324e-13,1.2734234965873176e-13,1.2734193806620316e-13,1.2734152648069458e-13,1.2734111490144552e-13,1.273407033300253e-13,1.2734029178885214e-13,1.2733988023280165e-13,1.2733946868544938e-13,1.2733905714216776e-13,1.2733864560595082e-13,1.2733823407676936e-13,1.2733782255462752e-13,1.2733741103952126e-13,1.2733699953145726e-13,1.273365880304283e-13,1.2733617653643856e-13,1.2733576504948618e-13,1.2733535356956738e-13,1.273349420999138e-13,1.2733453063407231e-13,1.2733411917523655e-13,1.2733370772343909e-13,1.2733329627870608e-13,1.2733288484235555e-13,1.273324734116977e-13,1.2733206198807638e-13,1.2733165057149198e-13,1.2733123916194432e-13,1.2733082775945513e-13,1.2733041636397653e-13,1.2733000497553622e-13,1.2732959359412984e-13,1.2732918221975906e-13,1.2732877085242248e-13,1.273283594921236e-13,1.2732794813885665e-13,1.2732753679262526e-13,1.2732712545342834e-13,1.2732671412126518e-13,1.2732630279613798e-13,1.2732589147804147e-13,1.2732548016698184e-13,1.2732506886295545e-13,1.273246575659172e-13,1.27324246275956e-13,1.2732383499302993e-13,1.2732342371727144e-13,1.2732301244844987e-13,1.27322601186642e-13,1.2732218993189637e-13,1.273217786842136e-13,1.27321367443486e-13,1.273209562097949e-13,1.273205449830427e-13,1.2732013376343114e-13,1.2731972255083289e-13,1.273193113452658e-13,1.2731890014672833e-13,1.2731848895522566e-13,1.273180777707544e-13,1.27317666593315e-13,1.2731725542290485e-13,1.2731684425952572e-13,1.2731643310317658e-13,1.273160219538619e-13,1.2731561081157324e-13,1.2731519967631895e-13,1.2731478854809188e-13,1.27314377426897e-13,1.2731396631273086e-13,1.2731355520559342e-13,1.2731314410548898e-13,1.2731273301241288e-13,1.2731232192636516e-13,1.2731191084734858e-13,1.2731149977536028e-13,1.2731108871039797e-13,1.2731067765246848e-13,1.2731026660156675e-13,1.2730985555769078e-13,1.2730944452084625e-13,1.2730903349103012e-13,1.2730862246823984e-13,1.2730821145247962e-13,1.273078004437488e-13,1.2730738944169304e-13,1.2730697844701407e-13,1.2730656745936596e-13,1.2730615647874333e-13,1.2730574550514777e-13,1.2730533453857784e-13,1.2730492357903781e-13,1.2730451262652224e-13,1.2730410168103625e-13,1.2730369074257368e-13,1.2730327981113773e-13,1.273028688867289e-13,1.2730245796934446e-13,1.273020470589868e-13,1.2730163615573382e-13,1.27301225259427e-13,1.2730081437014718e-13,1.2730040348788566e-13,1.2729999261289709e-13,1.2729958174468938e-13,1.2729917088350832e-13,1.2729876002935042e-13,1.272983491821663e-13,1.2729793834205825e-13,1.2729752750897686e-13,1.2729711668263924e-13,1.2729670586360214e-13,1.272962950515921e-13,1.272958842465432e-13,1.27295473445705e-13,1.2729506265476822e-13,1.2729465187085398e-13,1.2729424109395992e-13,1.2729383032409065e-13,1.2729341956068606e-13,1.272930088048626e-13,1.2729259805606222e-13,1.2729218731428183e-13,1.272917765795248e-13,1.2729136585178954e-13,1.2729095513107793e-13,1.2729054441738397e-13,1.2729013371071478e-13,1.2728972301035103e-13,1.272893123177206e-13,1.2728890163211654e-13,1.272884909538019e-13,1.2728808028223762e-13,1.2728766961768325e-13,1.272872589604717e-13,1.2728684830997126e-13,1.2728643766649077e-13,1.2728602703003136e-13,1.2728561640059237e-13,1.2728520577817062e-13,1.272847951627707e-13,1.2728438455439105e-13,1.2728397395303084e-13,1.2728356335868991e-13,1.272831527713686e-13,1.272827421910658e-13,1.2728233161778215e-13,1.2728192105151672e-13,1.2728151049227092e-13,1.2728109994004412e-13,1.2728068939483363e-13,1.2728027885272948e-13,1.2727986832155938e-13,1.2727945779358688e-13,1.2727904727644788e-13,1.2727863676632504e-13,1.2727822626322458e-13,1.2727781576714043e-13,1.2727740527807445e-13,1.272769947964679e-13,1.2727658432143537e-13,1.2727617385341698e-13,1.2727576339241779e-13,1.2727535293843178e-13,1.2727494249146598e-13,1.2727453205144733e-13,1.272741216185036e-13,1.2727371119258684e-13,1.272733007736829e-13,1.2727289036179884e-13,1.2727247995692934e-13,1.2727206955907312e-13,1.2727165916823425e-13,1.2727124878440994e-13,1.2727083840759992e-13,1.2727042803780463e-13,1.2727001767502506e-13,1.2726960732082233e-13,1.2726919697206946e-13,1.2726878663033314e-13,1.2726837629560987e-13,1.27267965967644e-13,1.272675556469364e-13,1.2726714533325779e-13,1.2726673502658866e-13,1.2726632472693507e-13,1.272659144343187e-13,1.2726550414869806e-13,1.2726509387008532e-13,1.272646835984831e-13,1.2726427333389424e-13,1.2726386307631847e-13,1.2726345282575515e-13,1.2726304258220376e-13,1.2726263234566417e-13,1.2726222211596525e-13,1.27261811893393e-13,1.2726140167789195e-13,1.2726099146940307e-13,1.2726058126805377e-13,1.2726017107358407e-13,1.2725976088612508e-13,1.2725935070571242e-13,1.2725894053227532e-13,1.272585303658502e-13,1.2725812020620568e-13,1.2725771005380294e-13,1.2725729990841157e-13,1.272568897700266e-13,1.2725647963865254e-13,1.2725606951428872e-13,1.2725565939693606e-13,1.2725524928659213e-13,1.2725483918325643e-13,1.2725442908693155e-13,1.2725401899761537e-13,1.2725360891530995e-13,1.2725319884001138e-13,1.2725278877172282e-13,1.272523787104399e-13,1.2725196865616747e-13,1.2725155860890403e-13,1.2725114856864707e-13,1.2725073853539833e-13,1.2725032850915802e-13,1.272499184899272e-13,1.2724950847770685e-13,1.2724909847248947e-13,1.2724868847427696e-13,1.272482784830761e-13,1.2724786849881578e-13,1.2724745852165703e-13,1.2724704855146841e-13,1.2724663858829366e-13,1.272462286321245e-13,1.2724581868295457e-13,1.272454087407977e-13,1.27244998805647e-13,1.272445888775027e-13,1.2724417895636358e-13,1.2724376904223217e-13,1.2724335913510476e-13,1.2724294923498128e-13,1.2724253934186475e-13,1.272421294557531e-13,1.2724171957664596e-13,1.2724130970407518e-13,1.2724089983850158e-13,1.2724048997992953e-13,1.272400801283563e-13,1.272396702837845e-13,1.2723926044621007e-13,1.2723885061563466e-13,1.2723844079205416e-13,1.2723803097547158e-13,1.2723762116588272e-13,1.272372113632883e-13,1.27236801567683e-13,1.2723639177907375e-13,1.2723598199744995e-13,1.2723557222281762e-13,1.272351624551822e-13,1.2723475269503655e-13,1.2723434294192844e-13,1.2723393319588433e-13,1.2723352345684811e-13,1.2723311372481117e-13,1.2723270399977667e-13,1.2723229428174523e-13,1.2723188457071102e-13,1.2723147486668147e-13,1.2723106516965198e-13,1.272306554796262e-13,1.2723024579312164e-13,1.272298361170959e-13,1.2722942644806902e-13,1.2722901678604547e-13,1.272286071310212e-13,1.272281974830109e-13,1.2722778784198916e-13,1.2722737820796634e-13,1.2722696858094034e-13,1.2722655896091698e-13,1.2722614934788863e-13,1.2722573974186367e-13,1.2722533014283714e-13,1.2722492055080907e-13,1.2722451096530543e-13,1.272241013906494e-13,1.27223691819611e-13,1.2722328225557429e-13,1.2722287269854062e-13,1.272224631485059e-13,1.272220536054681e-13,1.2722164406942816e-13,1.2722123454038525e-13,1.272208250183394e-13,1.2722041550329098e-13,1.2722000599524035e-13,1.2721959649417992e-13,1.2721918700010783e-13,1.272187775130974e-13,1.2721836803242178e-13,1.2721795855934445e-13,1.2721754909344906e-13,1.2721713963438018e-13,1.2721673018230432e-13,1.2721632073733238e-13,1.2721591129924924e-13,1.2721550186816092e-13,1.2721509244406938e-13,1.272146830248411e-13,1.2721427361473944e-13,1.2721386421163213e-13,1.2721345481551947e-13,1.2721304542640474e-13,1.2721263604272137e-13,1.2721222666710825e-13,1.2721181729897954e-13,1.272114079364325e-13,1.272109985817306e-13,1.2721058923454966e-13,1.2721017989399533e-13,1.2720977056083608e-13,1.2720936123466295e-13,1.2720895191548915e-13,1.2720854260330612e-13,1.2720813329811876e-13,1.2720772400008838e-13,1.2720731470894815e-13,1.2720690542473823e-13,1.2720649614751966e-13,1.2720608687729686e-13,1.2720567761402846e-13,1.2720526835778877e-13,1.2720485910854e-13,1.2720444986628732e-13,1.2720404063102512e-13,1.2720363140069463e-13,1.2720322217941445e-13,1.2720281296512813e-13,1.272024037578318e-13,1.272019945575252e-13,1.2720158536421015e-13,1.2720117617788644e-13,1.272007669985535e-13,1.2720035782621665e-13,1.2719994866086302e-13,1.2719953950250045e-13,1.2719913035112943e-13,1.2719872120899722e-13,1.2719831207160343e-13,1.2719790295217174e-13,1.2719749382875868e-13,1.2719708471233564e-13,1.2719667560290274e-13,1.2719626650045556e-13,1.271958574049987e-13,1.2719544831652867e-13,1.271950392350494e-13,1.271946301605593e-13,1.2719422109305706e-13,1.271938120325428e-13,1.2719340297901755e-13,1.2719299393248097e-13,1.271925848929333e-13,1.271921758616711e-13,1.2719176683609823e-13,1.2719135781751262e-13,1.271909488059128e-13,1.2719053980129974e-13,1.2719013080366398e-13,1.2718972181302467e-13,1.2718931282937244e-13,1.2718890385270847e-13,1.2718849488302888e-13,1.2718808592033645e-13,1.2718767696462962e-13,1.2718726801590982e-13,1.2718685907417512e-13,1.271864501394287e-13,1.2718604121166411e-13,1.2718563229088827e-13,1.2718522337709492e-13,1.2718481447028896e-13,1.2718440556975188e-13,1.2718399667691282e-13,1.2718358779106044e-13,1.271831789121923e-13,1.271827700403104e-13,1.2718236117541128e-13,1.2718195231749687e-13,1.2718154346674633e-13,1.2718113462297422e-13,1.2718072578618048e-13,1.2718031695619998e-13,1.2717990813320441e-13,1.271794993171916e-13,1.2717909050816362e-13,1.271786817061176e-13,1.2717827291105385e-13,1.27177864122972e-13,1.2717745534187457e-13,1.271770465677598e-13,1.271766378006255e-13,1.2717622904047564e-13,1.2717582028730692e-13,1.271754115411155e-13,1.2717500280194635e-13,1.2717459406972174e-13,1.271741853444796e-13,1.2717377662621766e-13,1.2717336791493798e-13,1.2717295921063983e-13,1.271725505133206e-13,1.2717214182299406e-13,1.2717173313963826e-13,1.2717132446326354e-13,1.2717091579386624e-13,1.2717050713144997e-13,1.2717009847601548e-13,1.2716968982756141e-13,1.271692811860858e-13,1.2716887255158914e-13,1.2716846392407258e-13,1.2716805530353525e-13,1.2716764668997683e-13,1.2716723808339707e-13,1.2716682948379866e-13,1.2716642089117565e-13,1.2716601230553185e-13,1.2716560372686877e-13,1.2716519515518413e-13,1.2716478659047498e-13,1.271643780327456e-13,1.2716396948199504e-13,1.271635609382207e-13,1.271631524014261e-13,1.2716274387160802e-13,1.2716233534876586e-13,1.2716192683290378e-13,1.2716151832401615e-13,1.2716110982210583e-13,1.2716070132717473e-13,1.2716029283921662e-13,1.271598843582368e-13,1.2715947588423445e-13,1.2715906741720648e-13,1.271586589571555e-13,1.2715825050408016e-13,1.2715784205798088e-13,1.2715743361885788e-13,1.2715702518670922e-13,1.271566167615376e-13,1.2715620834333964e-13,1.2715579993211526e-13,1.271553915278681e-13,1.2715498313059448e-13,1.271545747402979e-13,1.2715416635697396e-13,1.271537579806247e-13,1.2715334961124958e-13,1.2715294124884925e-13,1.2715253289361996e-13,1.2715212454442837e-13,1.2715171620249233e-13,1.2715130786740678e-13,1.2715089953986183e-13,1.2715049121587257e-13,1.2715008290228705e-13,1.27149674595673e-13,1.271492662960339e-13,1.271488580033665e-13,1.271484497176725e-13,1.271480414389503e-13,1.2714763316719967e-13,1.2714722490242185e-13,1.2714681664461531e-13,1.2714640839378168e-13,1.2714600014999569e-13,1.271455919110268e-13,1.2714518368110696e-13,1.2714477545815676e-13,1.2714436724217828e-13,1.2714395903317252e-13,1.2714355083113845e-13,1.2714314263607196e-13,1.2714273444839293e-13,1.2714232626724227e-13,1.271419180930925e-13,1.2714150992591083e-13,1.2714110176569715e-13,1.271406936124548e-13,1.2714028546618357e-13,1.2713987732687944e-13,1.2713946919454695e-13,1.271390610691891e-13,1.271386529508021e-13,1.2713824483938237e-13,1.2713783673493234e-13,1.2713742863745263e-13,1.271370205469387e-13,1.271366124633882e-13,1.2713620438680428e-13,1.2713579631718764e-13,1.2713538825454166e-13,1.2713498019886332e-13,1.2713457215015294e-13,1.2713416410840788e-13,1.2713375607363234e-13,1.2713334804582304e-13,1.2713294002498007e-13,1.2713253201110477e-13,1.27132124004194e-13,1.2713171600425443e-13,1.2713130801127892e-13,1.2713090002527152e-13,1.271304920462289e-13,1.271300840741542e-13,1.271296761090463e-13,1.2712926815090201e-13,1.2712886019972351e-13,1.271284522555111e-13,1.271280443182659e-13,1.2712763638798477e-13,1.2712722846466778e-13,1.2712682054831692e-13,1.2712641263892957e-13,1.2712600473651043e-13,1.2712559684105363e-13,1.271251889525612e-13,1.271247810710324e-13,1.2712437319647012e-13,1.2712396532917008e-13,1.271235574685278e-13,1.2712314961485556e-13,1.2712274176814658e-13,1.2712233392840227e-13,1.2712192609562045e-13,1.2712151826980644e-13,1.271211104509513e-13,1.2712070263905733e-13,1.2712029483352258e-13,1.271198870355592e-13,1.2711947924455412e-13,1.2711907146051374e-13,1.271186636834347e-13,1.2711825591331752e-13,1.2711784815016168e-13,1.271174403939663e-13,1.2711703264473697e-13,1.2711662490246672e-13,1.2711621716715757e-13,1.271158094388114e-13,1.2711540171742667e-13,1.2711499400299956e-13,1.271145862955352e-13,1.2711417859503214e-13,1.271137709014889e-13,1.2711336321490695e-13,1.271129555345214e-13,1.2711254786111968e-13,1.2711214019471005e-13,1.2711173253527816e-13,1.271113248828324e-13,1.271109172373611e-13,1.271105095988723e-13,1.2711010196736137e-13,1.271096943428293e-13,1.2710928672526947e-13,1.2710887911383847e-13,1.271084715107142e-13,1.2710806391459335e-13,1.2710765632543816e-13,1.2710724874324156e-13,1.2710684116800676e-13,1.2710643359972743e-13,1.2710602603840977e-13,1.2710561848404593e-13,1.2710521093664534e-13,1.2710480339619645e-13,1.2710439586270945e-13,1.271039883361765e-13,1.271035808165995e-13,1.2710317330398078e-13,1.271027657983172e-13,1.2710235829961329e-13,1.2710195080786738e-13,1.2710154332307453e-13,1.2710113584523754e-13,1.2710072837435792e-13,1.271003209104331e-13,1.270999134534645e-13,1.2709950600345333e-13,1.2709909856039495e-13,1.2709869112429338e-13,1.270982836950701e-13,1.2709787627281045e-13,1.2709746885751229e-13,1.2709706144918177e-13,1.2709665404781345e-13,1.2709624665341055e-13,1.2709583926596995e-13,1.2709543188549157e-13,1.2709502451197315e-13,1.2709461714541997e-13,1.270942097858273e-13,1.270938024331973e-13,1.270933950875306e-13,1.2709298774882543e-13,1.2709258041708112e-13,1.2709217309229662e-13,1.2709176577447485e-13,1.27091358463613e-13,1.2709095115971205e-13,1.2709054386277207e-13,1.2709013657278803e-13,1.2708972928976515e-13,1.2708932201370672e-13,1.270889147446033e-13,1.2708850748246194e-13,1.270881002272784e-13,1.270876929790533e-13,1.270872857377862e-13,1.2708687850347909e-13,1.2708647127613055e-13,1.2708606405574106e-13,1.2708565684230639e-13,1.2708524963582977e-13,1.2708484243631374e-13,1.2708443524375294e-13,1.2708402805814968e-13,1.2708362087950302e-13,1.2708321370759901e-13,1.2708280654264612e-13,1.2708239938464176e-13,1.2708199223358597e-13,1.270815850894823e-13,1.2708117795232574e-13,1.2708077082238913e-13,1.2708036370027217e-13,1.2707995658483707e-13,1.270795494754532e-13,1.2707914237307397e-13,1.2707873527815236e-13,1.2707832818910427e-13,1.2707792110860443e-13,1.2707751403398315e-13,1.2707710696720643e-13,1.270766999076284e-13,1.270762928538444e-13,1.270758858070161e-13,1.2707547876713612e-13,1.270750717342012e-13,1.2707466470821239e-13,1.2707425768917284e-13,1.2707385067707945e-13,1.2707344367193291e-13,1.2707303667373426e-13,1.2707262968247864e-13,1.270722226981728e-13,1.2707181572080951e-13,1.2707140875039378e-13,1.2707100178692424e-13,1.2707059483040042e-13,1.2707018788082228e-13,1.2706978093818846e-13,1.2706937400249983e-13,1.270689670737569e-13,1.2706856015195704e-13,1.2706815323710261e-13,1.2706774632919445e-13,1.2706733942823054e-13,1.2706693253420977e-13,1.270665256450069e-13,1.270661187648767e-13,1.2706571189169422e-13,1.2706530502582396e-13,1.2706489816652458e-13,1.270644913141674e-13,1.2706408446856913e-13,1.2706367762992747e-13,1.2706327079838938e-13,1.2706286397287357e-13,1.2706245715522407e-13,1.2706205034380375e-13,1.270616435400492e-13,1.2706123674317975e-13,1.2706082995322563e-13,1.2706042316863675e-13,1.2706001639202513e-13,1.270596096229811e-13,1.2705920286110463e-13,1.2705879610533785e-13,1.2705838935711549e-13,1.2705798261583472e-13,1.2705757588149418e-13,1.2705716915409747e-13,1.2705676243363672e-13,1.2705635572012012e-13,1.2705594901354464e-13,1.2705554231390795e-13,1.270551356212129e-13,1.2705472893545843e-13,1.2705432225664305e-13,1.2705391558476775e-13,1.2705350891983065e-13,1.270531022618373e-13,1.270526956107792e-13,1.2705228896666113e-13,1.2705188232948266e-13,1.270514756992415e-13,1.270510690759413e-13,1.2705066245957935e-13,1.2705025585015722e-13,1.2704984924767177e-13,1.2704944265212615e-13,1.270490360635164e-13,1.270486294818469e-13,1.2704822290711547e-13,1.2704781633931862e-13,1.2704740977846193e-13,1.2704700322454201e-13,1.2704659667755993e-13,1.2704619013751384e-13,1.2704578360440473e-13,1.2704537707823346e-13,1.2704497055900017e-13,1.2704456404670273e-13,1.2704415754134042e-13,1.270437510429138e-13,1.2704334455142408e-13,1.2704293806687059e-13,1.270425315892534e-13,1.2704212511857314e-13,1.2704171865482838e-13,1.2704131219801933e-13,1.2704090574814323e-13,1.2704049930520155e-13,1.2704009286919799e-13,1.2703968644012865e-13,1.270392800179923e-13,1.2703887360279376e-13,1.2703846719452708e-13,1.2703806079319624e-13,1.2703765439879732e-13,1.27037248011333e-13,1.2703684163080538e-13,1.2703643525720947e-13,1.2703602889054832e-13,1.270356225308207e-13,1.2703521617802628e-13,1.270348098321642e-13,1.2703440349323498e-13,1.2703399716123847e-13,1.2703359083617528e-13,1.270331845180448e-13,1.2703277820684822e-13,1.2703237190258332e-13,1.270319656052509e-13,1.2703155931484945e-13,1.2703115303137968e-13,1.2703074675484443e-13,1.2703034048523794e-13,1.2702993422256342e-13,1.2702952796682276e-13,1.2702912171801096e-13,1.2702871547613122e-13,1.2702830924118256e-13,1.270279030131638e-13,1.270274967920672e-13,1.2702709057789763e-13,1.2702668437065886e-13,1.2702627817035139e-13,1.270258719769727e-13,1.2702546579052707e-13,1.2702505961100615e-13,1.270246534384192e-13,1.2702424727275816e-13,1.2702384111402837e-13,1.270234349622274e-13,1.2702302881735624e-13,1.2702262267941502e-13,1.270222165484028e-13,1.2702181042431416e-13,1.2702140430717226e-13,1.270209981969171e-13,1.2702059209309545e-13,1.270201859902572e-13,1.2701977990082677e-13,1.2701937381832417e-13,1.2701896774275183e-13,1.270185616741072e-13,1.2701815561238796e-13,1.2701774955759407e-13,1.2701734350973087e-13,1.2701693746879117e-13,1.2701653143477971e-13,1.2701612540769345e-13,1.270157193875364e-13,1.2701531337430314e-13,1.2701490736799885e-13,1.2701450136862172e-13,1.2701409537616685e-13,1.2701368939064013e-13,1.2701328341204018e-13,1.27012877440365e-13,1.2701247147561332e-13,1.2701206551778864e-13,1.2701165956688854e-13,1.2701125362291305e-13,1.2701084768586486e-13,1.2701044175574404e-13,1.2701003583254505e-13,1.2700962991626908e-13,1.2700922400691736e-13,1.270088181043173e-13,1.2700841220881473e-13,1.2700800632082516e-13,1.270076004391711e-13,1.2700719456443994e-13,1.2700678869662775e-13,1.270063828360489e-13,1.2700597698208694e-13,1.2700557113504966e-13,1.2700516529493334e-13,1.2700475946174096e-13,1.2700435363547359e-13,1.2700394781612655e-13,1.2700354200370234e-13,1.2700313619820049e-13,1.2700273039986606e-13,1.2700232460807774e-13,1.270019188233441e-13,1.2700151304552837e-13,1.270011072746372e-13,1.2700070151066612e-13,1.2700029575361545e-13,1.2699989000348669e-13,1.2699948425945747e-13,1.2699907852317267e-13,1.2699867279380493e-13,1.2699826707136e-13,1.2699786135584777e-13,1.269974556507525e-13,1.2699704994907165e-13,1.2699664425430544e-13,1.269962385664619e-13,1.269958328855344e-13,1.2699542721150877e-13,1.2699502156774872e-13,1.2699461590796606e-13,1.2699421025471572e-13,1.269938046083868e-13,1.2699339896897696e-13,1.2699299333648508e-13,1.2699258771091276e-13,1.2699218209225898e-13,1.2699177648052333e-13,1.2699137087570544e-13,1.2699096527780818e-13,1.269905596868265e-13,1.2699015410276352e-13,1.2698974852562624e-13,1.2698934295539856e-13,1.269889373920865e-13,1.269885318356927e-13,1.2698812628621678e-13,1.2698772074365635e-13,1.2698731520801427e-13,1.269869096792886e-13,1.269865041574798e-13,1.2698609864258765e-13,1.2698569313461086e-13,1.2698528763355077e-13,1.2698488216244186e-13,1.269844766752105e-13,1.26984071194896e-13,1.269836657214991e-13,1.2698326025501664e-13,1.2698285479785968e-13,1.2698244934520686e-13,1.2698204389946932e-13,1.2698163846064772e-13,1.2698123303175404e-13,1.2698082760556256e-13,1.2698042218748527e-13,1.2698001677632077e-13,1.2697961137207182e-13,1.269792059747359e-13,1.269788005843142e-13,1.2697839520080423e-13,1.2697798982394278e-13,1.2697758445434116e-13,1.2697717909157404e-13,1.2697677373571993e-13,1.2697636838677914e-13,1.2697596304475013e-13,1.2697555770963483e-13,1.269751523814317e-13,1.269747470601397e-13,1.2697434174576187e-13,1.2697393643829497e-13,1.2697353113774018e-13,1.2697312584486508e-13,1.2697272055813174e-13,1.2697231527831296e-13,1.2697191000540498e-13,1.2697150473940813e-13,1.2697109948032413e-13,1.2697069422814898e-13,1.2697028898288713e-13,1.2696988374453603e-13,1.2696947851309583e-13,1.269690732885638e-13,1.2696866807094164e-13,1.269682628602306e-13,1.2696785765643218e-13,1.269674524595412e-13,1.2696704726956076e-13,1.2696664208649096e-13,1.2696623691033078e-13,1.2696583174107528e-13,1.2696542657873478e-13,1.269650214233029e-13,1.269646162747788e-13,1.2696421113316207e-13,1.2696380599845268e-13,1.2696340087065555e-13,1.2696299574999924e-13,1.2696259063601884e-13,1.2696218552894525e-13,1.2696178042877072e-13,1.269613753355014e-13,1.26960970249138e-13,1.2696056516968586e-13,1.269601600971367e-13,1.2695975503149587e-13,1.2695934997276468e-13,1.2695894492094026e-13,1.2695853987602414e-13,1.2695813483800948e-13,1.2695772980691095e-13,1.2695732478271102e-13,1.2695691976541813e-13,1.2695651475503158e-13,1.269561097515534e-13,1.269557047549797e-13,1.2695529976531106e-13,1.2695489478254623e-13,1.2695448980669085e-13,1.2695408483775297e-13,1.2695367987571818e-13,1.269532749205881e-13,1.2695286997236223e-13,1.2695246503104468e-13,1.2695206009662909e-13,1.2695165516911685e-13,1.269512502485126e-13,1.2695084533480943e-13,1.2695044042801086e-13,1.2695003552811699e-13,1.269496306351272e-13,1.2694922574904013e-13,1.2694882086985687e-13,1.2694841599757782e-13,1.2694801113220046e-13,1.2694760627372614e-13,1.2694720142215506e-13,1.2694679657748768e-13,1.269463917397241e-13,1.2694598690885945e-13,1.2694558208489886e-13,1.2694517726784272e-13,1.269447724576876e-13,1.2694436765443392e-13,1.269439628580816e-13,1.269435580686324e-13,1.26943153286084e-13,1.269427485104373e-13,1.2694234374168965e-13,1.2694193897984618e-13,1.269415342249035e-13,1.269411294768611e-13,1.2694072473571804e-13,1.269403200014767e-13,1.269399152741369e-13,1.2693951055369628e-13,1.2693910584015584e-13,1.269387011335164e-13,1.2693829643377554e-13,1.2693789174093749e-13,1.2693748705499483e-13,1.2693708237595217e-13,1.2693667770381046e-13,1.2693627303856855e-13,1.2693586838022457e-13,1.269354637287777e-13,1.2693505908423315e-13,1.2693465444658464e-13,1.2693424981583544e-13,1.2693384519198368e-13,1.2693344057503157e-13,1.2693303596497877e-13,1.2693263136182062e-13,1.2693222676556274e-13,1.269318221762017e-13,1.2693141759373856e-13,1.2693101301817297e-13,1.2693060844950404e-13,1.2693020388773107e-13,1.269297993328571e-13,1.269293947848797e-13,1.2692899024380032e-13,1.2692858570961322e-13,1.269281811823255e-13,1.2692777666193245e-13,1.2692737214843736e-13,1.2692696764183704e-13,1.269265631421342e-13,1.2692615864932688e-13,1.2692575416329225e-13,1.2692534968115528e-13,1.2692494520903266e-13,1.2692454074312007e-13,1.2692413628328459e-13,1.269237318317498e-13,1.269233273867063e-13,1.2692292294815375e-13,1.2692251851731947e-13,1.2692211409347647e-13,1.2692170967557785e-13,1.2692130526550692e-13,1.2692090086151834e-13,1.2692049646545367e-13,1.2692009207606509e-13,1.2691968769357061e-13,1.269192833179662e-13,1.2691887894925636e-13,1.2691847458529805e-13,1.2691807023037244e-13,1.2691766588234414e-13,1.2691726154120666e-13,1.2691685720696147e-13,1.2691645287960635e-13,1.2691604855914623e-13,1.2691564424558084e-13,1.2691523993890238e-13,1.2691483563911782e-13,1.2691443134622464e-13,1.2691402706022427e-13,1.2691362278111432e-13,1.269132185088952e-13,1.2691281424356654e-13,1.269124099851321e-13,1.2691200573358293e-13,1.2691160148892952e-13,1.2691119725116434e-13,1.2691079302029012e-13,1.2691038879630502e-13,1.2690998457921206e-13,1.2690958036900885e-13,1.2690917616565116e-13,1.2690877196923239e-13,1.2690836777973845e-13,1.2690796359772882e-13,1.2690755942201443e-13,1.269071552540761e-13,1.269067510925356e-13,1.2690634693744656e-13,1.2690594279038347e-13,1.2690553864914298e-13,1.2690513451471813e-13,1.269047303871838e-13,1.2690432626653672e-13,1.269039221527778e-13,1.2690351804590754e-13,1.26903113945924e-13,1.2690270985301333e-13,1.269023057669853e-13,1.2690190168783403e-13,1.2690149761556015e-13,1.2690109355016795e-13,1.2690068949165506e-13,1.2690028544001842e-13,1.268998813952581e-13,1.2689947735737924e-13,1.268990733263758e-13,1.268986693022517e-13,1.2689826528500254e-13,1.2689786127463186e-13,1.2689745727113472e-13,1.2689705327451886e-13,1.268966492847773e-13,1.268962453019096e-13,1.2689584132592224e-13,1.268954373568096e-13,1.268950333945678e-13,1.2689462943920342e-13,1.2689422549071325e-13,1.2689382154909794e-13,1.2689341761435522e-13,1.2689301368649143e-13,1.268926097654983e-13,1.268922058513816e-13,1.2689180194419903e-13,1.2689139804390218e-13,1.2689099415048673e-13,1.2689059026395476e-13,1.268901863843056e-13,1.2688978251154672e-13,1.2688937864566773e-13,1.2688897478666731e-13,1.268885709345503e-13,1.2688816708931674e-13,1.268877632509653e-13,1.268873594194962e-13,1.2688695559490995e-13,1.2688655177720654e-13,1.26886147966383e-13,1.2688574416244114e-13,1.268853403653819e-13,1.2688493657520332e-13,1.2688453279190783e-13,1.268841290149649e-13,1.2688372524487554e-13,1.2688332148164594e-13,1.2688291772568982e-13,1.2688251397660996e-13,1.268821102345983e-13,1.2688170649946716e-13,1.268813027712164e-13,1.2688089904984602e-13,1.2688049533535495e-13,1.268800916277443e-13,1.2687968792701332e-13,1.2687928423316372e-13,1.2687888054619026e-13,1.2687847686609953e-13,1.2687807319288447e-13,1.2687766952654988e-13,1.2687726586709485e-13,1.2687686221451694e-13,1.2687645856881772e-13,1.2687605492999857e-13,1.2687565129805608e-13,1.268752476729925e-13,1.2687484405411604e-13,1.2687444044304615e-13,1.2687403683824148e-13,1.2687363324095832e-13,1.2687322964976205e-13,1.2687282606596278e-13,1.268724224890424e-13,1.2687201891899804e-13,1.2687161535583154e-13,1.268712117995416e-13,1.2687080825012995e-13,1.2687040470759371e-13,1.268700011719322e-13,1.2686959764314803e-13,1.268691941212389e-13,1.2686879060620742e-13,1.2686838709805204e-13,1.2686798359677043e-13,1.2686758010236433e-13,1.2686717661479951e-13,1.2686677313418338e-13,1.2686636966040354e-13,1.2686596619349945e-13,1.2686556273343412e-13,1.2686515928027974e-13,1.2686475583400027e-13,1.2686435239459449e-13,1.268639489620625e-13,1.2686354553640342e-13,1.268631421176189e-13,1.2686273870571123e-13,1.2686233530067409e-13,1.2686193190251182e-13,1.2686152851122385e-13,1.268611251268085e-13,1.2686072174926523e-13,1.2686031837859622e-13,1.2685991501479936e-13,1.2685951165787654e-13,1.268591083078248e-13,1.2685870496464586e-13,1.2685830162833904e-13,1.2685789829890716e-13,1.2685749497634279e-13,1.2685709166065238e-13,1.2685668835183415e-13,1.268562850498858e-13,1.268558817548115e-13,1.268554784666083e-13,1.268550751852755e-13,1.268546719108133e-13,1.2685426864322504e-13,1.2685386538250347e-13,1.2685346212865512e-13,1.2685305888167487e-13,1.2685265564156736e-13,1.2685225240802043e-13,1.268518491820851e-13,1.2685144596258574e-13,1.2685104274995768e-13,1.2685063954423012e-13,1.2685023634537983e-13,1.2684983315336775e-13,1.2684942996822486e-13,1.2684902678995193e-13,1.2684862361854623e-13,1.268482204540097e-13,1.2684781729634287e-13,1.2684741414554018e-13,1.268470110016016e-13,1.268466078645326e-13,1.2684620473433026e-13,1.268458016109974e-13,1.2684539849453134e-13,1.2684499538493442e-13,1.2684459228217812e-13,1.26844189186305e-13,1.2684378609730992e-13,1.2684338301518076e-13,1.2684297993991978e-13,1.2684257687152397e-13,1.2684217380999826e-13,1.2684177075604936e-13,1.2684136770906184e-13,1.2684096466813545e-13,1.268405616340741e-13,1.2684015860687893e-13,1.268397555865467e-13,1.268393525730438e-13,1.2683894956644461e-13,1.2683854656671206e-13,1.2683814357384292e-13,1.2683774058783938e-13,1.2683733760870508e-13,1.268369346376631e-13,1.2683653167225665e-13,1.268361287137133e-13,1.2683572576203514e-13,1.2683532281722121e-13,1.268349198792718e-13,1.268345169481876e-13,1.2683411402396603e-13,1.2683371110660845e-13,1.268333081961143e-13,1.2683290529248332e-13,1.2683250239571403e-13,1.2683209950581247e-13,1.2683169662277145e-13,1.2683129374659486e-13,1.268308908772799e-13,1.2683048801482797e-13,1.268300851592655e-13,1.268296823105373e-13,1.2682927946867374e-13,1.2682887663366942e-13,1.2682847380553032e-13,1.2682807098425217e-13,1.268276681698358e-13,1.2682726536228134e-13,1.2682686256158652e-13,1.2682645976775607e-13,1.268260569807654e-13,1.2682565420064347e-13,1.268252514273921e-13,1.26824848661004e-13,1.2682444590147988e-13,1.268240431488128e-13,1.2682364040300772e-13,1.2682323766405864e-13,1.26822834931974e-13,1.26822432206747e-13,1.2682202948838014e-13,1.2682162677687293e-13,1.2682122407222772e-13,1.2682082137443939e-13,1.2682041868351112e-13,1.2682001599944154e-13,1.2681961332223228e-13,1.2681921065188043e-13,1.2681880798838892e-13,1.2681840533175566e-13,1.2681800268197859e-13,1.2681760003906216e-13,1.2681719740300486e-13,1.2681679477380224e-13,1.2681639215145907e-13,1.26815989535972e-13,1.268155869273449e-13,1.2681518432557506e-13,1.268147817306625e-13,1.268143791428934e-13,1.2681397656161838e-13,1.2681357398727593e-13,1.2681317141977147e-13,1.26812768859096e-13,1.268123663053231e-13,1.2681196375840784e-13,1.2681156121838917e-13,1.2681115868518792e-13,1.2681075618185852e-13,1.2681035366236619e-13,1.268099511497289e-13,1.2680954864394902e-13,1.2680914614502314e-13,1.2680874365295415e-13,1.2680834116773882e-13,1.2680793868937928e-13,1.2680753621787402e-13,1.2680713375653134e-13,1.2680673130411404e-13,1.2680632885312823e-13,1.2680592640904281e-13,1.2680552397308615e-13,1.2680512154270672e-13,1.2680471911918183e-13,1.2680431670249382e-13,1.2680391429262074e-13,1.2680351188965772e-13,1.2680310949354623e-13,1.2680270710428756e-13,1.268023047218829e-13,1.2680190234633094e-13,1.2680149997762993e-13,1.2680109761578366e-13,1.268006952607888e-13,1.268002929126485e-13,1.2679989057151098e-13,1.267994882370743e-13,1.2679908590944256e-13,1.2679868358784768e-13,1.267982812739681e-13,1.267978789669368e-13,1.267974766667587e-13,1.2679707437325001e-13,1.267966720867733e-13,1.267962698071475e-13,1.2679586753437344e-13,1.2679546526844972e-13,1.2679506300937592e-13,1.26794660757151e-13,1.267942585117786e-13,1.2679385627325513e-13,1.2679345404158206e-13,1.2679305181676007e-13,1.2679264959878842e-13,1.2679224738766388e-13,1.2679184518338908e-13,1.2679144298596293e-13,1.2679104079538681e-13,1.2679063861166107e-13,1.2679023643478228e-13,1.2678983426475475e-13,1.267894321015734e-13,1.2678902994523982e-13,1.2678862779575876e-13,1.267882256531218e-13,1.2678782351733468e-13,1.2678742138839503e-13,1.267870192663032e-13,1.267866171510587e-13,1.267862150426608e-13,1.2678581294111354e-13,1.2678541084641197e-13,1.2678500875855567e-13,1.2678460667820046e-13,1.2678420460403566e-13,1.267838025369263e-13,1.267834004764586e-13,1.2678299842283726e-13,1.267825963760618e-13,1.2678219433613314e-13,1.2678179230305138e-13,1.267813902768134e-13,1.267809882574214e-13,1.267805862449183e-13,1.2678018423949654e-13,1.2677978224064536e-13,1.2677938024864017e-13,1.267789782634756e-13,1.2677857628515448e-13,1.267781743136776e-13,1.267777723490455e-13,1.2677737039125875e-13,1.2677696844031778e-13,1.2677656649603184e-13,1.2677616455910836e-13,1.267757626280143e-13,1.2677536070444907e-13,1.267749587878817e-13,1.267745568780529e-13,1.2677415497500756e-13,1.2677375307881427e-13,1.2677335118946334e-13,1.2677294930695693e-13,1.2677254743129411e-13,1.267721455624729e-13,1.2677174370049333e-13,1.2677134184535723e-13,1.2677093999555644e-13,1.2677053815411332e-13,1.2677013631951843e-13,1.267697344917461e-13,1.267693326678641e-13,1.267689308506476e-13,1.2676852904340444e-13,1.2676812724201204e-13,1.2676772544884885e-13,1.267673236621618e-13,1.2676692188228346e-13,1.2676652010924585e-13,1.2676611834304386e-13,1.267657165836883e-13,1.267653148311699e-13,1.2676491308536543e-13,1.267645113465306e-13,1.2676410961453665e-13,1.2676370788937729e-13,1.267633061720824e-13,1.2676290446060398e-13,1.2676250275596414e-13,1.267621010581651e-13,1.267616993672049e-13,1.2676129768308412e-13,1.2676089600580192e-13,1.267604943352664e-13,1.2676009267105041e-13,1.267596910142803e-13,1.2675928936435133e-13,1.267588877212634e-13,1.267584860850098e-13,1.2675808445559388e-13,1.2675768283296523e-13,1.2675728121722704e-13,1.2675687960137201e-13,1.267564779993074e-13,1.267560764040782e-13,1.2675567481568504e-13,1.2675527323413333e-13,1.2675487165941567e-13,1.2675447009153544e-13,1.267540685304918e-13,1.267536669762852e-13,1.2675326542891395e-13,1.2675286388837732e-13,1.2675246235467753e-13,1.267520608278156e-13,1.2675165930778783e-13,1.2675125779459415e-13,1.2675085628823676e-13,1.2675045478871403e-13,1.2675005329148037e-13,1.2674965180562849e-13,1.2674925032661041e-13,1.2674884885408177e-13,1.2674844738873253e-13,1.2674804593021797e-13,1.26747644478729e-13,1.267472430338827e-13,1.2674684159587056e-13,1.2674644016469151e-13,1.2674603874034925e-13,1.2674563732238452e-13,1.267452359112519e-13,1.2674483450694827e-13,1.2674443310947521e-13,1.2674403171882935e-13,1.2674363033501223e-13,1.2674322895802345e-13,1.2674282758785794e-13,1.2674242622451986e-13,1.267420248680019e-13,1.267416235183046e-13,1.2674122217542653e-13,1.2674082083936116e-13,1.267404195101126e-13,1.2674001818767893e-13,1.2673961687250002e-13,1.2673921556394689e-13,1.2673881426258705e-13,1.2673841296805747e-13,1.2673801168035839e-13,1.2673761039949036e-13,1.2673720912545475e-13,1.267368078582229e-13,1.2673640659214215e-13,1.267360053385947e-13,1.2673560410305172e-13,1.2673520286306709e-13,1.2673480163000973e-13,1.2673440040378344e-13,1.2673399918438496e-13,1.2673359797181714e-13,1.2673319677796886e-13,1.2673279557904952e-13,1.267323943869693e-13,1.2673199320171862e-13,1.2673159202329411e-13,1.267311908517013e-13,1.2673078968693521e-13,1.2673038852899787e-13,1.2672998737750028e-13,1.267295862332192e-13,1.267291850933754e-13,1.2672878396274986e-13,1.2672838283894921e-13,1.2672798172209042e-13,1.2672758061194716e-13,1.26727179508628e-13,1.2672677841214165e-13,1.2672637732233043e-13,1.2672597623949665e-13,1.267255751634874e-13,1.2672517409430463e-13,1.267247730319674e-13,1.2672437197643884e-13,1.267239709277352e-13,1.2672356988596968e-13,1.2672316885091823e-13,1.2672276782269193e-13,1.267223668012931e-13,1.2672196578666599e-13,1.2672156477887338e-13,1.2672116377795078e-13,1.2672076278384962e-13,1.267203617965773e-13,1.2671996081612643e-13,1.267195598426097e-13,1.2671915887578275e-13,1.267187579157758e-13,1.2671835696262357e-13,1.2671795601629807e-13,1.267175550767917e-13,1.2671715414411225e-13,1.2671675321825417e-13,1.2671635229922195e-13,1.2671595138701036e-13,1.2671555048162252e-13,1.267151495830579e-13,1.267147486913161e-13,1.2671434780639859e-13,1.2671394692830294e-13,1.2671354605702866e-13,1.2671314518746648e-13,1.267127443405176e-13,1.2671234348970537e-13,1.2671194264572005e-13,1.26711541808307e-13,1.267111409779661e-13,1.2671074015444732e-13,1.2671033933774893e-13,1.2670993852772537e-13,1.2670953772413538e-13,1.267091369273922e-13,1.2670873613749181e-13,1.26708335354579e-13,1.2670793457880484e-13,1.267075338091002e-13,1.26707133046966e-13,1.2670673229165332e-13,1.2670633154316225e-13,1.267059308014927e-13,1.2670553006663995e-13,1.2670512933860902e-13,1.2670472861739555e-13,1.2670432790300344e-13,1.267039271949628e-13,1.2670352649421067e-13,1.2670312580027502e-13,1.2670272511315808e-13,1.267023244328627e-13,1.2670192375938062e-13,1.2670152309272e-13,1.267011224332715e-13,1.2670072178024609e-13,1.267003211340383e-13,1.2669992049457514e-13,1.2669951986200315e-13,1.2669911923625202e-13,1.2669871861731665e-13,1.2669831800519827e-13,1.2669791739989525e-13,1.2669751680141038e-13,1.2669711620973996e-13,1.266967156248886e-13,1.2669631504685462e-13,1.2669591447563662e-13,1.266955139112365e-13,1.266951133536501e-13,1.266947128028789e-13,1.2669431225892545e-13,1.2669391172178645e-13,1.2669351119146593e-13,1.266931106679765e-13,1.2669271015128597e-13,1.2669230964140962e-13,1.266919091383475e-13,1.2669150864210142e-13,1.2669110815266934e-13,1.2669070767005438e-13,1.2669030719425344e-13,1.2668990672526349e-13,1.2668950626316616e-13,1.2668910580036693e-13,1.2668870535182604e-13,1.266883049098394e-13,1.266879044749246e-13,1.266875040468331e-13,1.2668710362603702e-13,1.2668670321207359e-13,1.266863028044137e-13,1.266859024035633e-13,1.2668550200954085e-13,1.2668510162231364e-13,1.26684701241898e-13,1.2668430086829557e-13,1.266839005015085e-13,1.2668350014153283e-13,1.2668309978836815e-13,1.266826994420164e-13,1.2668229910247474e-13,1.2668189877172364e-13,1.2668149844584317e-13,1.2668109812628327e-13,1.266806978139884e-13,1.2668029750788093e-13,1.266798972092088e-13,1.2667949691753658e-13,1.2667909663248695e-13,1.266786963542479e-13,1.266782960828179e-13,1.2667789581819818e-13,1.2667749556038568e-13,1.2667709530938728e-13,1.2667669506658937e-13,1.2667629482921042e-13,1.2667589459824878e-13,1.2667549437448882e-13,1.2667509415753907e-13,1.2667469394739518e-13,1.266742937443241e-13,1.2667389354779867e-13,1.2667349335808307e-13,1.2667309317518152e-13,1.2667269299908325e-13,1.2667229282979367e-13,1.2667189266731255e-13,1.266714925116375e-13,1.2667109236278411e-13,1.2667069222072672e-13,1.266702920854774e-13,1.2666989195653442e-13,1.2666949183295157e-13,1.2666909171812399e-13,1.2666869161171104e-13,1.266682915104972e-13,1.2666789141573405e-13,1.266674913277429e-13,1.2666709124697208e-13,1.2666669117298372e-13,1.2666629110571094e-13,1.2666589104526375e-13,1.266654909899713e-13,1.2666509094320927e-13,1.2666469090325224e-13,1.266642908698279e-13,1.2666389084348275e-13,1.2666349082394197e-13,1.2666309081120819e-13,1.2666269081659745e-13,1.2666229081747496e-13,1.2666189082535686e-13,1.266614908398403e-13,1.2666109086112855e-13,1.2666069088922025e-13,1.2666029092411697e-13,1.2665989096582244e-13,1.2665949101444323e-13,1.2665909106952591e-13,1.2665869113163776e-13,1.2665829120081357e-13,1.2665789127653237e-13,1.266574913590544e-13,1.266570914483077e-13,1.2665669154450917e-13,1.2665629164744385e-13,1.2665589175709314e-13,1.2665549187366984e-13,1.2665509199701173e-13,1.266546921271661e-13,1.2665429226411114e-13,1.2665389240785805e-13,1.2665349255840452e-13,1.2665309271575503e-13,1.2665269287990786e-13,1.2665229305086396e-13,1.2665189322861775e-13,1.26651493413173e-13,1.2665109360452978e-13,1.2665069380268659e-13,1.2665029400764597e-13,1.266498942194062e-13,1.26649494437964e-13,1.2664909466332438e-13,1.2664869489548452e-13,1.2664829513444402e-13,1.2664789538020561e-13,1.2664749563276633e-13,1.2664709589212491e-13,1.2664669615828638e-13,1.2664629643124542e-13,1.2664589671100415e-13,1.266454969975598e-13,1.2664509729091816e-13,1.2664469759107248e-13,1.2664429789802636e-13,1.266438982117768e-13,1.2664349853233015e-13,1.266430988596799e-13,1.2664269919382828e-13,1.266422995347739e-13,1.2664189988251808e-13,1.2664150023705913e-13,1.2664110059839738e-13,1.266407009665349e-13,1.2664030134147064e-13,1.2663990172320093e-13,1.2663950211172884e-13,1.266391025070519e-13,1.2663870290917625e-13,1.2663830331809635e-13,1.2663790373380996e-13,1.2663750415632098e-13,1.266371045856309e-13,1.2663670502173503e-13,1.2663630546463466e-13,1.2663590591433213e-13,1.266355063708224e-13,1.266351068341122e-13,1.2663470730419424e-13,1.2663430778107372e-13,1.2663390826474643e-13,1.2663350875521745e-13,1.2663310925247866e-13,1.266327097565367e-13,1.2663231026739013e-13,1.2663191078503697e-13,1.2663151130947902e-13,1.266311118407155e-13,1.2663071237874644e-13,1.2663031292357028e-13,1.266299134751871e-13,1.2662951403359917e-13,1.2662911459880587e-13,1.2662871517080348e-13,1.26628315749595e-13,1.2662791633517966e-13,1.2662751692755813e-13,1.2662711752672984e-13,1.2662671813269333e-13,1.266263187454485e-13,1.2662591936499884e-13,1.266255199913394e-13,1.2662512062447093e-13,1.2662472126439606e-13,1.2662432191111346e-13,1.2662392256462348e-13,1.266235232249235e-13,1.266231238920148e-13,1.2662272456589697e-13,1.2662232524657245e-13,1.2662192593403723e-13,1.2662152662829634e-13,1.266211273293416e-13,1.2662072803718258e-13,1.2662032875180765e-13,1.2661992947322718e-13,1.2661953020143718e-13,1.2661913093643874e-13,1.2661873167822686e-13,1.266183324268038e-13,1.2661793318217485e-13,1.2661753394433297e-13,1.2661713471327904e-13,1.2661673548901683e-13,1.2661633627154465e-13,1.2661593706086037e-13,1.2661553785696559e-13,1.2661513865985806e-13,1.2661473946954098e-13,1.2661434028601078e-13,1.266139411092701e-13,1.2661354193931545e-13,1.2661314277615023e-13,1.266127436197725e-13,1.266123444701841e-13,1.2661194532738394e-13,1.266115461913681e-13,1.2661114706214167e-13,1.2661074793970116e-13,1.2661034882404995e-13,1.2660994971518241e-13,1.2660955061310438e-13,1.266091515178124e-13,1.2660875242930608e-13,1.2660835334758768e-13,1.2660795427265603e-13,1.2660755520450753e-13,1.2660715614314843e-13,1.2660675708857254e-13,1.2660635804078564e-13,1.266059589997815e-13,1.2660555996556365e-13,1.2660516093813047e-13,1.2660476191748462e-13,1.2660436290362037e-13,1.266039638965441e-13,1.2660356489625168e-13,1.266031659027447e-13,1.2660276691602165e-13,1.2660236793608272e-13,1.2660196896292766e-13,1.2660156999655546e-13,1.266011710369695e-13,1.2660077208416734e-13,1.266003731381468e-13,1.265999741989131e-13,1.2659957526646044e-13,1.2659917634079102e-13,1.2659877742190578e-13,1.2659837850980343e-13,1.265979796044817e-13,1.2659758070594657e-13,1.2659718181418946e-13,1.2659678292921822e-13,1.2659638405102772e-13,1.2659598517962102e-13,1.26595586314995e-13,1.265951874571505e-13,1.265947886060892e-13,1.265943897618092e-13,1.2659399092431205e-13,1.2659359209359397e-13,1.2659319326965794e-13,1.2659279445250418e-13,1.265923956421301e-13,1.2659199683853628e-13,1.2659159804172246e-13,1.265911992516916e-13,1.26590800468441e-13,1.2659040169196818e-13,1.2659000292227807e-13,1.2658960415936706e-13,1.2658920540323664e-13,1.2658880665388478e-13,1.2658840791131141e-13,1.265880091755201e-13,1.2658761044650725e-13,1.2658721172427324e-13,1.2658681300881826e-13,1.2658641430014077e-13,1.265860155982444e-13,1.26585616903125e-13,1.2658521821478336e-13,1.265848195332218e-13,1.2658442085843893e-13,1.265840221904339e-13,1.2658362352920496e-13,1.2658322487475746e-13,1.2658282622708451e-13,1.2658242758619158e-13,1.2658202895207331e-13,1.2658163032473554e-13,1.2658123170417346e-13,1.265808330903865e-13,1.2658043448337702e-13,1.265800358831457e-13,1.2657963728969046e-13,1.265792387030113e-13,1.2657884012310777e-13,1.2657844154998304e-13,1.265780429836312e-13,1.2657764442405858e-13,1.265772458712584e-13,1.2657684732523573e-13,1.2657644878598775e-13,1.2657605025351528e-13,1.2657565172781823e-13,1.2657525320889723e-13,1.2657485469674947e-13,1.2657445619137732e-13,1.2657405769278025e-13,1.2657365920095654e-13,1.2657326071590834e-13,1.2657286223763523e-13,1.26572463766133e-13,1.2657206530140778e-13,1.2657166684345478e-13,1.2657126839227623e-13,1.265708699478729e-13,1.2657047151024135e-13,1.2657007307938262e-13,1.2656967465529724e-13,1.2656927623798622e-13,1.265688778274457e-13,1.2656847942367923e-13,1.2656808102668563e-13,1.2656768263646367e-13,1.2656728425301583e-13,1.2656688587633824e-13,1.2656648750643516e-13,1.2656608914330253e-13,1.2656569078694006e-13,1.265652924373497e-13,1.265648940945337e-13,1.2656449575848693e-13,1.2656409742921357e-13,1.265636991067087e-13,1.2656330079097486e-13,1.2656290248201589e-13,1.2656250417982315e-13,1.2656210588440136e-13,1.265617075957503e-13,1.2656130931387178e-13,1.265609110387606e-13,1.2656051277042072e-13,1.2656011450885069e-13,1.2655971625405107e-13,1.265593180060211e-13,1.265589197647598e-13,1.2655852153026904e-13,1.2655812330254533e-13,1.2655772508159313e-13,1.2655732686740846e-13,1.2655692865999207e-13,1.265565304593459e-13,1.2655613226546672e-13,1.2655573407835768e-13,1.2655533589801707e-13,1.2655493772444415e-13,1.265545395576378e-13,1.2655414139759964e-13,1.2655374324433036e-13,1.26553345097828e-13,1.265529469580934e-13,1.2655254882512475e-13,1.2655215069892592e-13,1.2655175257949186e-13,1.265513544668245e-13,1.2655095636092573e-13,1.2655055826179208e-13,1.2655016016942574e-13,1.2654976208382447e-13,1.2654936400499092e-13,1.2654896593292448e-13,1.26548567867623e-13,1.2654816980908348e-13,1.2654777175731273e-13,1.2654737371231071e-13,1.265469756740707e-13,1.2654657764259623e-13,1.265461796178868e-13,1.2654578159994285e-13,1.2654538358876287e-13,1.265449855843498e-13,1.2654458758669915e-13,1.2654418959581304e-13,1.2654379161169362e-13,1.2654339363433605e-13,1.2654299566374318e-13,1.2654259769991288e-13,1.2654219974284754e-13,1.2654180179254634e-13,1.2654140384900847e-13,1.265410059122339e-13,1.2654060798222127e-13,1.2654021005897326e-13,1.2653981214248784e-13,1.2653941423276483e-13,1.2653901632980496e-13,1.2653861843360775e-13,1.2653822054417337e-13,1.2653782266149815e-13,1.2653742478559113e-13,1.265370269164407e-13,1.2653662905405434e-13,1.2653623119842766e-13,1.2653583334956514e-13,1.2653543550746486e-13,1.2653503767212268e-13,1.265346398435423e-13,1.265342420217251e-13,1.2653384420666624e-13,1.2653344639836967e-13,1.265330485968343e-13,1.2653265080205738e-13,1.2653225301404254e-13,1.2653185523278805e-13,1.2653145745829383e-13,1.2653105969055877e-13,1.2653066192958212e-13,1.2653026417536653e-13,1.2652986642790903e-13,1.265294686872118e-13,1.2652907095327658e-13,1.2652867322609796e-13,1.265282755056776e-13,1.2652787779201682e-13,1.2652748008511526e-13,1.265270823849721e-13,1.2652668469158813e-13,1.2652628700496085e-13,1.2652588932509402e-13,1.265254916519824e-13,1.265250939856313e-13,1.2652469632603749e-13,1.265242986732002e-13,1.2652390102712174e-13,1.2652350338779855e-13,1.2652310575523406e-13,1.2652270812942753e-13,1.265223105103768e-13,1.2652191289808283e-13,1.2652151529254647e-13,1.265211176937653e-13,1.2652072010174233e-13,1.2652032251647426e-13,1.265199249379626e-13,1.2651952736620793e-13,1.2651912980120843e-13,1.2651873224296446e-13,1.2651833469147716e-13,1.2651793714674427e-13,1.2651753960876656e-13,1.2651714207754432e-13,1.2651674455307826e-13,1.265163470353649e-13,1.2651594952440837e-13,1.2651555202020546e-13,1.2651515452275735e-13,1.2651475703206065e-13,1.2651435954812097e-13,1.265139620709359e-13,1.2651356460050402e-13,1.265131671368252e-13,1.265127696798997e-13,1.2651237222973332e-13,1.265119747863149e-13,1.265115773496535e-13,1.2651117991974184e-13,1.2651078249658363e-13,1.2651038508017895e-13,1.2650998767052553e-13,1.265095902676267e-13,1.2650919287148062e-13,1.265087954820851e-13,1.2650839809944146e-13,1.265080007235518e-13,1.2650760335441339e-13,1.265072059920246e-13,1.2650680863639174e-13,1.2650641128750898e-13,1.2650601394537547e-13,1.265056166099951e-13,1.2650521928136583e-13,1.2650482195948657e-13,1.265044246443583e-13,1.2650402733598202e-13,1.2650363003435494e-13,1.265032327394793e-13,1.265028354513527e-13,1.2650243816997587e-13,1.2650204089535175e-13,1.2650164362747557e-13,1.265012463663499e-13,1.2650084911197264e-13,1.2650045186434764e-13,1.2650005462346764e-13,1.264996573893396e-13,1.2649926016196066e-13,1.2649886294133048e-13,1.2649846572744879e-13,1.2649806852031386e-13,1.2649767131992794e-13,1.2649727412629266e-13,1.264968769394042e-13,1.264964797592665e-13,1.2649608258587443e-13,1.264956854192301e-13,1.264952882593361e-13,1.2649489110618674e-13,1.2649449395978555e-13,1.2649409682013167e-13,1.2649369968722593e-13,1.2649330256106695e-13,1.2649290544165414e-13,1.264925083289871e-13,1.2649211122306818e-13,1.2649171412389494e-13,1.2649131703146905e-13,1.2649091994578997e-13,1.264905228668558e-13,1.2649012579466866e-13,1.2648972872922504e-13,1.2648933167052818e-13,1.2648893461857754e-13,1.2648853757337173e-13,1.2648814053491099e-13,1.264877435031955e-13,1.2648734647822627e-13,1.2648694946000013e-13,1.2648655244851982e-13,1.264861554437808e-13,1.2648575844579117e-13,1.2648536145454145e-13,1.2648496447004127e-13,1.264845674922816e-13,1.264841705212682e-13,1.264837735569961e-13,1.2648337659946843e-13,1.26482979648682e-13,1.264825827046421e-13,1.2648218576734468e-13,1.2648178883679246e-13,1.2648139191297876e-13,1.2648099499591126e-13,1.2648059808558478e-13,1.2648020118199921e-13,1.2647980428515978e-13,1.2647940739506164e-13,1.2647901051170274e-13,1.2647861363508776e-13,1.264782167652151e-13,1.264778199020848e-13,1.2647742304569511e-13,1.2647702619604802e-13,1.2647662935314072e-13,1.264762325169763e-13,1.2647583568754893e-13,1.2647543886486583e-13,1.2647504204892496e-13,1.2647464523972454e-13,1.2647424843726243e-13,1.264738516415412e-13,1.2647345485255996e-13,1.2647305807032076e-13,1.264726612948208e-13,1.2647226452605793e-13,1.2647186776403874e-13,1.2647147100875654e-13,1.2647107426021483e-13,1.2647067751840997e-13,1.2647028078334758e-13,1.2646988405502214e-13,1.2646948733343637e-13,1.2646909061858985e-13,1.2646869391048028e-13,1.2646829720911093e-13,1.264679005144797e-13,1.26467503826586e-13,1.2646710714542903e-13,1.2646671047101298e-13,1.2646631380333406e-13,1.264659171423921e-13,1.264655204881869e-13,1.2646512384072124e-13,1.264647271999922e-13,1.2646433056600118e-13,1.2646393393874288e-13,1.264635373182252e-13,1.2646314070444407e-13,1.2646274409740012e-13,1.2646234749709085e-13,1.2646195090351846e-13,1.264615543166813e-13,1.264611577365808e-13,1.2646076116321846e-13,1.2646036459658908e-13,1.2645996803669673e-13,1.2645957148354006e-13,1.2645917493711693e-13,1.2645877839743045e-13,1.2645838186447655e-13,1.264579853382617e-13,1.2645758881878113e-13,1.2645719230603383e-13,1.2645679580002194e-13,1.264563993007414e-13,1.2645600280819888e-13,1.2645560632238829e-13,1.2645520984331295e-13,1.2645481337097063e-13,1.2645441690536424e-13,1.2645402044648827e-13,1.2645362399434765e-13,1.2645322754893997e-13,1.264528311102662e-13,1.2645243467832267e-13,1.2645203825311422e-13,1.264516418346387e-13,1.2645124542289538e-13,1.2645084901788442e-13,1.264504526196063e-13,1.2645005622805966e-13,1.264496598432476e-13,1.2644926346516502e-13,1.2644886709381375e-13,1.2644847072919676e-13,1.2644807437130836e-13,1.2644767802015511e-13,1.264472816757311e-13,1.2644688533803942e-13,1.2644648900707607e-13,1.264460926828458e-13,1.2644569636534574e-13,1.2644530005457637e-13,1.2644490375053622e-13,1.2644450745322873e-13,1.2644411116264983e-13,1.2644371487880184e-13,1.2644331860168343e-13,1.2644292233129569e-13,1.2644252606763635e-13,1.2644212981070698e-13,1.264417335605082e-13,1.2644133731703663e-13,1.2644094108029583e-13,1.2644054485028373e-13,1.2644014862699923e-13,1.2643975241044409e-13,1.2643935620061897e-13,1.2643895999751818e-13,1.264385638011502e-13,1.2643816761150755e-13,1.2643777142859575e-13,1.264373752524097e-13,1.2643697908295188e-13,1.264365829202227e-13,1.2643618676422111e-13,1.2643579061494732e-13,1.2643539447239828e-13,1.264349983365784e-13,1.2643460220748376e-13,1.2643420608511686e-13,1.2643380996947793e-13,1.2643341386056307e-13,1.2643301775837652e-13,1.2643262166291518e-13,1.2643222557418148e-13,1.2643182949217172e-13,1.2643143341689008e-13,1.2643103734833107e-13,1.2643064128650214e-13,1.2643024523139464e-13,1.2642984918301517e-13,1.2642945314136005e-13,1.2642905710642906e-13,1.2642866107822206e-13,1.2642826505674427e-13,1.2642786904198734e-13,1.2642747303395842e-13,1.2642707703265047e-13,1.2642668103806784e-13,1.264262850502074e-13,1.2642588906907246e-13,1.2642549309466388e-13,1.26425097126977e-13,1.2642470116601376e-13,1.2642430521177367e-13,1.2642390926425967e-13,1.2642351332346303e-13,1.2642311738939504e-13,1.2642272146204774e-13,1.2642232554142302e-13,1.2642192962752093e-13,1.2642153372034078e-13,1.264211378198833e-13,1.2642074192614817e-13,1.264203460391369e-13,1.2641995015884478e-13,1.2641955428527628e-13,1.2641915841842863e-13,1.2641876255830482e-13,1.2641836670490047e-13,1.264179708582167e-13,1.264175750182541e-13,1.2641717918501551e-13,1.2641678335849602e-13,1.2641638753869636e-13,1.2641599172561812e-13,1.2641559591926042e-13,1.2641520011962215e-13,1.2641480432670467e-13,1.2641440854050823e-13,1.2641401276103135e-13,1.2641361698827317e-13,1.2641322122223545e-13,1.264128254629176e-13,1.2641242971031727e-13,1.2641203396443814e-13,1.2641163822527861e-13,1.264112424928362e-13,1.2641084676711437e-13,1.2641045104811084e-13,1.2641005533582575e-13,1.264096596302586e-13,1.2640926393140966e-13,1.2640886823927925e-13,1.2640847255386733e-13,1.2640807687517416e-13,1.264076812031976e-13,1.2640728553793737e-13,1.2640688987939723e-13,1.2640649422757138e-13,1.2640609858246662e-13,1.2640570294407692e-13,1.2640530731240215e-13,1.264049116874494e-13,1.2640451606920796e-13,1.2640412045768673e-13,1.2640372485287982e-13,1.2640332925479079e-13,1.2640293366341815e-13,1.2640253807875983e-13,1.264021425008179e-13,1.2640174692959073e-13,1.2640135136508045e-13,1.2640095580728795e-13,1.2640056025620766e-13,1.264001647118428e-13,1.2639976917419178e-13,1.2639937364325937e-13,1.2639897811903865e-13,1.2639858260153543e-13,1.2639818709074559e-13,1.2639779158666848e-13,1.2639739608930694e-13,1.263970005986598e-13,1.263966051147264e-13,1.2639620963750626e-13,1.2639581416700158e-13,1.263954187032069e-13,1.2639502324612972e-13,1.2639462779576346e-13,1.2639423235211088e-13,1.2639383691517237e-13,1.263934414849448e-13,1.2639304606143172e-13,1.2639265064463052e-13,1.26392255234541e-13,1.2639185983116675e-13,1.2639146443450332e-13,1.2639106904455023e-13,1.263906736613118e-13,1.2639027828478244e-13,1.2638988291496754e-13,1.2638948755186134e-13,1.2638909219546862e-13,1.2638869684578684e-13,1.2638830150281704e-13,1.263879061665574e-13,1.2638751083700779e-13,1.2638711551417037e-13,1.2638672019804315e-13,1.2638632488862405e-13,1.2638592958591804e-13,1.2638553428992232e-13,1.2638513900063505e-13,1.2638474371805757e-13,1.2638434844219174e-13,1.2638395317303602e-13,1.2638355791058832e-13,1.2638316265485074e-13,1.2638276740582173e-13,1.2638237216350276e-13,1.2638197692789234e-13,1.2638158169899074e-13,1.2638118647679868e-13,1.2638079126131271e-13,1.2638039605253684e-13,1.2638000085046941e-13,1.2637960565511102e-13,1.2637921046645938e-13,1.2637881528451684e-13,1.2637842010928093e-13,1.2637802494075393e-13,1.263776297789328e-13,1.2637723462381986e-13,1.2637683947541416e-13,1.2637644433371752e-13,1.2637604919872473e-13,1.2637565407043957e-13,1.2637525894886234e-13,1.2637486383399126e-13,1.2637446872582544e-13,1.2637407362436532e-13,1.263736785296154e-13,1.2637328344156876e-13,1.2637288836022691e-13,1.263724932855931e-13,1.2637209821766259e-13,1.2637170315644068e-13,1.2637130810192208e-13,1.2637091305410753e-13,1.2637051801300087e-13,1.2637012297859794e-13,1.2636972795089834e-13,1.2636933292990377e-13,1.2636893791561394e-13,1.2636854290803062e-13,1.2636814790715153e-13,1.26367752912977e-13,1.263673579255045e-13,1.2636696294473505e-13,1.2636656797067157e-13,1.2636617300330958e-13,1.2636577804265184e-13,1.2636538308869922e-13,1.2636498814144808e-13,1.2636459320090223e-13,1.263641982670553e-13,1.263638033399149e-13,1.2636340841947437e-13,1.2636301350573758e-13,1.263626185987044e-13,1.263622236983718e-13,1.2636182880474135e-13,1.2636143391781429e-13,1.263610390375894e-13,1.263606441640657e-13,1.2636024929724148e-13,1.2635985443712062e-13,1.2635945958369917e-13,1.2635906473698155e-13,1.2635866989696404e-13,1.2635827506364842e-13,1.263578802370313e-13,1.263574854171163e-13,1.2635709060390113e-13,1.2635669579738754e-13,1.2635630099757387e-13,1.2635590620446065e-13,1.2635551141804626e-13,1.2635511663833021e-13,1.263547218653156e-13,1.2635432709900186e-13,1.2635393233938572e-13,1.2635353758646909e-13,1.26353142840253e-13,1.263527481007351e-13,1.263523533679176e-13,1.2635195864179628e-13,1.263515639223745e-13,1.26351169209651e-13,1.2635077450362504e-13,1.2635037980430092e-13,1.2634998511166944e-13,1.2634959042574078e-13,1.2634919574650785e-13,1.2634880107397356e-13,1.2634840640813665e-13,1.2634801174899558e-13,1.2634761709655504e-13,1.2634722245080835e-13,1.2634682781175944e-13,1.2634643317941054e-13,1.263460385545125e-13,1.2634564393631953e-13,1.2634524932482495e-13,1.2634485472003242e-13,1.263444601219407e-13,1.2634406553055022e-13,1.2634367094585948e-13,1.263432763678699e-13,1.26342881796581e-13,1.2634248723198888e-13,1.263420926741005e-13,1.2634169812290754e-13,1.2634130357841762e-13,1.2634090904062283e-13,1.2634051450952919e-13,1.2634011998513316e-13,1.263397254674355e-13,1.2633933095643642e-13,1.2633893645213583e-13,1.2633854195453454e-13,1.2633814746362929e-13,1.2633775297942226e-13,1.2633735850191368e-13,1.2633696403110264e-13,1.263365695669861e-13,1.2633617510956963e-13,1.263357806588444e-13,1.2633538621481796e-13,1.2633499177749272e-13,1.2633459734685916e-13,1.2633420292292317e-13,1.2633380850568253e-13,1.263334140951347e-13,1.2633301969128764e-13,1.263326252941321e-13,1.263322309036705e-13,1.2633183651990697e-13,1.2633144214283694e-13,1.2633104777246088e-13,1.2633065340877894e-13,1.2633025905088212e-13,1.2632986469967792e-13,1.263294703551633e-13,1.2632907601734203e-13,1.2632868168621188e-13,1.263282873617689e-13,1.263278930440179e-13,1.2632749873295913e-13,1.2632710442859153e-13,1.2632671013091237e-13,1.2632631583992249e-13,1.263259215556214e-13,1.263255272780123e-13,1.2632513300709143e-13,1.2632473874286103e-13,1.2632434448531797e-13,1.2632395023446786e-13,1.263235559903024e-13,1.2632316175283017e-13,1.2632276752204512e-13,1.2632237329794898e-13,1.263219790805409e-13,1.2632158486982106e-13,1.2632119066578912e-13,1.263207964684468e-13,1.2632040227779057e-13,1.2632000809382316e-13,1.2631961391654252e-13,1.2631921974595125e-13,1.263188255820467e-13,1.263184314248302e-13,1.2631803727430103e-13,1.2631764313045734e-13,1.263172489933026e-13,1.2631685486283272e-13,1.2631646073904972e-13,1.2631606662195435e-13,1.2631567251154455e-13,1.263152784078221e-13,1.2631488431078376e-13,1.2631449022043258e-13,1.2631409613676762e-13,1.2631370205978886e-13,1.2631330798949344e-13,1.2631291392588336e-13,1.26312519868963e-13,1.2631212581872398e-13,1.263117317751732e-13,1.2631133773830416e-13,1.2631094370812227e-13,1.2631054968462382e-13,1.2631015566780945e-13,1.263097616576784e-13,1.2630936765423326e-13,1.2630897365747232e-13,1.2630857966739428e-13,1.2630818568399997e-13,1.26307791707293e-13,1.2630739773726827e-13,1.2630700377392302e-13,1.2630660981726428e-13,1.26306215867289e-13,1.2630582192399493e-13,1.2630542798738508e-13,1.2630503405745794e-13,1.2630464013421245e-13,1.2630424621765228e-13,1.2630385230777143e-13,1.2630345840457338e-13,1.2630306450805798e-13,1.263026706182262e-13,1.2630227673507238e-13,1.2630188285860257e-13,1.263014889888144e-13,1.2630109512570759e-13,1.2630070126928146e-13,1.2630030741953653e-13,1.262999135764729e-13,1.262995197400908e-13,1.2629912591038918e-13,1.262987320873667e-13,1.262983382710261e-13,1.2629794446136238e-13,1.2629755065838351e-13,1.262971568620848e-13,1.2629676307246394e-13,1.262963692895223e-13,1.2629597551326322e-13,1.2629558174367935e-13,1.2629518798077902e-13,1.2629479422455552e-13,1.262944004750117e-13,1.2629400673214873e-13,1.262936129959623e-13,1.2629321926645565e-13,1.262928255436291e-13,1.262924318274759e-13,1.2629203811800424e-13,1.2629164441521404e-13,1.2629125071908758e-13,1.2629085702963787e-13,1.2629046334686664e-13,1.2629006967077218e-13,1.2628967600135784e-13,1.262892823386174e-13,1.262888886825555e-13,1.2628849503317311e-13,1.2628810139046584e-13,1.2628770775443714e-13,1.2628731412508297e-13,1.26286920502404e-13,1.2628652688640172e-13,1.2628613327707806e-13,1.262857396744303e-13,1.262853460784584e-13,1.2628495248916203e-13,1.2628455890654011e-13,1.262841653305952e-13,1.2628377176132635e-13,1.2628337819873037e-13,1.262829846428125e-13,1.2628259109356838e-13,1.2628219755099907e-13,1.262818040151044e-13,1.2628141048588417e-13,1.2628101696333999e-13,1.2628062344747032e-13,1.2628022993827348e-13,1.262798364357509e-13,1.2627944293990195e-13,1.262790494507281e-13,1.2627865596822734e-13,1.2627826249239927e-13,1.262778690232465e-13,1.2627747556076555e-13,1.262770821049589e-13,1.262766886558242e-13,1.262762952133849e-13,1.2627590177761896e-13,1.26275508348524e-13,1.2627511492610105e-13,1.262747215103484e-13,1.2627432810126331e-13,1.2627393469885393e-13,1.2627354130311188e-13,1.2627314791404184e-13,1.2627275453164439e-13,1.2627236115591357e-13,1.2627196778685534e-13,1.2627157442446526e-13,1.2627118106874458e-13,1.262707877196948e-13,1.2627039437731726e-13,1.2627000104160578e-13,1.2626960771256274e-13,1.262692143901916e-13,1.2626882107448895e-13,1.2626842776545475e-13,1.26268034463088e-13,1.2626764116738817e-13,1.2626724787835878e-13,1.2626685459600032e-13,1.2626646132030535e-13,1.2626606805128048e-13,1.2626567478892132e-13,1.2626528153323257e-13,1.2626488828420918e-13,1.2626449504185198e-13,1.2626410180616397e-13,1.2626370857714207e-13,1.2626331535478813e-13,1.262629221390996e-13
17,0.0,0.0,0.0,0.0,0.0,0.0,0.0,0.0,0.0,0.0,0.0,0.0,0.0,0.0,0.0,0.0,0.0,0.0,0.0,0.0,0.0,0.0,0.0,0.0,0.0,0.0,0.0,0.0,0.0,0.0,0.0,0.0,0.0,0.0,0.0,0.0,0.0,0.0,0.0,0.0,0.0,0.0,0.0,0.0,0.0,0.0,0.0,0.0,0.0,0.0,0.0,0.0,0.0,0.0,0.0,0.0,0.0,0.0,0.0,0.0,0.0,0.0,0.0,0.0,0.0,0.0,0.0,0.0,0.0,0.0,0.0,0.0,0.0,0.0,0.0,0.0,0.0,0.0,0.0,0.0,0.0,0.0,0.0,0.0,0.0,0.0,0.0,0.0,0.0,0.0,0.0,0.0,0.0,0.0,0.0,0.0,0.0,0.0,0.0,0.0,0.0,0.0,0.0,0.0,0.0,0.0,0.0,0.0,0.0,0.0,0.0,0.0,0.0,0.0,0.0,0.0,0.0,0.0,0.0,0.0,0.0,0.0,0.0,0.0,0.0,0.0,0.0,0.0,0.0,0.0,0.0,0.0,0.0,0.0,0.0,0.0,0.0,0.0,0.0,0.0,0.0,0.0,0.0,0.0,0.0,0.0,0.0,0.0,0.0,0.0,0.0,0.0,0.0,0.0,0.0,0.0,0.0,0.0,0.0,0.0,0.0,0.0,0.0,0.0,0.0,0.0,0.0,0.0,0.0,0.0,0.0,0.0,0.0,0.0,0.0,0.0,0.0,0.0,0.0,0.0,0.0,0.0,0.0,0.0,0.0,0.0,0.0,0.0,0.0,0.0,0.0,0.0,0.0,0.0,0.0,0.0,0.0,0.0,0.0,0.0,0.0,0.0,0.0,0.0,0.0,0.0,0.0,0.0,0.0,0.0,0.0,0.0,0.0,0.0,0.0,0.0,0.0,0.0,0.0,0.0,0.0,0.0,0.0,0.0,0.0,0.0,0.0,0.0,0.0,0.0,0.0,0.0,0.0,0.0,0.0,0.0,0.0,0.0,0.0,0.0,0.0,0.0,0.0,0.0,0.0,0.0,0.0,0.0,0.0,0.0,0.0,0.0,0.0,0.0,0.0,0.0,0.0,0.0,0.0,0.0,0.0,0.0,0.0,0.0,0.0,0.0,0.0,0.0,0.0,0.0,0.0,0.0,0.0,0.0,0.0,0.0,0.0,0.0,0.0,0.0,0.0,0.0,0.0,0.0,0.0,0.0,0.0,0.0,0.0,0.0,0.0,0.0,0.0,0.0,0.0,0.0,0.0,0.0,0.0,0.0,0.0,0.0,0.0,0.0,0.0,0.0,0.0,0.0,0.0,0.0,0.0,0.0,0.0,0.0,0.0,0.0,0.0,0.0,0.0,0.0,0.0,0.0,0.0,0.0,0.0,0.0,0.0,0.0,0.0,0.0,0.0,0.0,0.0,0.0,0.0,0.0,0.0,0.0,0.0,0.0,0.0,0.0,0.0,0.0,0.0,0.0,0.0,0.0,0.0,0.0,0.0,0.0,0.0,0.0,0.0,0.0,0.0,0.0,0.0,0.0,0.0,0.0,0.0,0.0,0.0,0.0,0.0,0.0,0.0,0.0,0.0,0.0,0.0,0.0,0.0,0.0,0.0,0.0,0.0,0.0,0.0,0.0,0.0,0.0,0.0,0.0,0.0,0.0,0.0,0.0,0.0,0.0,0.0,0.0,0.0,0.0,0.0,0.0,0.0,0.0,0.0,0.0,0.0,0.0,0.0,0.0,0.0,0.0,0.0,0.0,0.0,0.0,0.0,0.0,0.0,0.0,0.0,0.0,0.0,0.0,0.0,0.0,0.0,0.0,0.0,0.0,0.0,0.0,0.0,0.0,0.0,0.0,0.0,0.0,0.0,0.0,0.0,0.0,0.0,0.0,0.0,0.0,0.0,0.0,0.0,0.0,0.0,0.0,0.0,0.0,0.0,0.0,0.0,0.0,0.0,0.0,0.0,0.0,0.0,0.0,0.0,0.0,0.0,0.0,0.0,0.0,0.0,0.0,0.0,0.0,0.0,0.0,0.0,0.0,0.0,0.0,0.0,0.0,0.0,0.0,0.0,0.0,0.0,0.0,0.0,0.0,0.0,0.0,0.0,0.0,0.0,0.0,0.0,0.0,0.0,0.0,0.0,0.0,0.0,0.0,0.0,0.0,0.0,0.0,0.0,0.0,0.0,0.0,0.0,0.0,0.0,0.0,0.0,0.0,0.0,0.0,0.0,0.0,0.0,0.0,0.0,0.0,0.0,0.0,0.0,0.0,0.0,0.0,0.0,0.0,0.0,0.0,0.0,0.0,0.0,0.0,0.0,0.0,0.0,0.0,0.0,0.0,0.0,0.0,0.0,0.0,0.0,0.0,0.0,0.0,0.0,0.0,0.0,0.0,0.0,0.0,0.0,0.0,0.0,0.0,0.0,0.0,0.0,0.0,0.0,0.0,0.0,0.0,0.0,0.0,0.0,0.0,0.0,0.0,0.0,0.0,0.0,0.0,0.0,0.0,0.0,0.0,0.0,0.0,0.0,0.0,0.0,0.0,0.0,0.0,0.0,0.0,0.0,0.0,0.0,0.0,0.0,0.0,0.0,0.0,0.0,0.0,0.0,0.0,0.0,0.0,0.0,0.0,0.0,0.0,0.0,0.0,0.0,0.0,0.0,0.0,0.0,0.0,0.0,0.0,0.0,0.0,0.0,0.0,0.0,0.0,0.0,0.0,0.0,0.0,0.0,0.0,0.0,0.0,0.0,0.0,0.0,0.0,0.0,0.0,0.0,0.0,0.0,0.0,0.0,0.0,0.0,0.0,0.0,0.0,0.0,0.0,0.0,0.0,0.0,0.0,0.0,0.0,0.0,0.0,0.0,0.0,0.0,0.0,0.0,0.0,0.0,0.0,0.0,0.0,0.0,0.0,0.0,0.0,0.0,0.0,0.0,0.0,0.0,0.0,0.0,0.0,0.0,0.0,0.0,0.0,0.0,0.0,0.0,0.0,0.0,0.0,0.0,0.0,0.0,0.0,0.0,0.0,0.0,0.0,0.0,0.0,0.0,0.0,0.0,0.0,0.0,0.0,0.0,0.0,0.0,0.0,0.0,0.0,0.0,0.0,0.0,0.0,0.0,0.0,0.0,0.0,0.0,0.0,0.0,0.0,0.0,0.0,0.0,0.0,0.0,0.0,0.0,0.0,0.0,0.0,0.0,0.0,0.0,0.0,0.0,0.0,0.0,0.0,0.0,0.0,0.0,0.0,0.0,0.0,0.0,0.0,0.0,0.0,0.0,0.0,0.0,0.0,0.0,0.0,0.0,0.0,0.0,0.0,0.0,0.0,0.0,0.0,0.0,0.0,0.0,0.0,0.0,0.0,0.0,0.0,0.0,0.0,0.0,0.0,0.0,0.0,0.0,0.0,0.0,0.0,0.0,0.0,0.0,0.0,0.0,0.0,0.0,0.0,0.0,0.0,0.0,0.0,0.0,0.0,0.0,0.0,0.0,0.0,0.0,0.0,0.0,0.0,0.0,0.0,0.0,0.0,0.0,0.0,0.0,0.0,0.0,0.0,0.0,0.0,0.0,0.0,0.0,0.0,0.0,0.0,0.0,0.0,0.0,0.0,0.0,0.0,0.0,0.0,0.0,0.0,0.0,0.0,0.0,0.0,0.0,0.0,0.0,0.0,0.0,0.0,0.0,0.0,0.0,0.0,0.0,0.0,0.0,0.0,0.0,0.0,0.0,0.0,0.0,0.0,0.0,0.0,0.0,0.0,0.0,0.0,0.0,0.0,0.0,0.0,0.0,0.0,0.0,0.0,0.0,0.0,0.0,0.0,0.0,0.0,0.0,0.0,0.0,0.0,0.0,0.0,0.0,0.0,0.0,0.0,0.0,0.0,0.0,0.0,0.0,0.0,0.0,0.0,0.0,0.0,0.0,0.0,0.0,0.0,0.0,0.0,0.0,0.0,0.0,0.0,0.0,0.0,0.0,0.0,0.0,0.0,0.0,0.0,0.0,0.0,0.0,0.0,0.0,0.0,0.0,0.0,0.0,0.0,0.0,0.0,0.0,0.0,0.0,0.0,0.0,0.0,0.0,0.0,0.0,0.0,0.0,0.0,0.0,0.0,0.0,0.0,0.0,0.0,0.0,0.0,0.0,0.0,0.0,0.0,0.0,0.0,0.0,0.0,0.0,0.0,0.0,0.0,0.0,0.0,0.0,0.0,0.0,0.0,0.0,0.0,0.0,0.0,0.0,0.0,0.0,0.0,0.0,0.0,0.0,0.0,0.0,0.0,0.0,0.0,0.0,0.0,0.0,0.0,0.0,0.0,0.0,0.0,0.0,0.0,0.0,0.0,0.0,0.0,0.0,0.0,1.7643535559610813e-21,3.9680774618617546e-21,6.617613795006401e-21,9.716234314972373e-21,1.3264727658081158e-20,1.726200156679026e-20,2.1705602655223364e-20,2.6592159138674253e-20,3.191775356319539e-20,3.7678233270186143e-20,4.386946641419111e-20,5.0487551048755906e-20,5.752898426376042e-20,6.499079770590896e-20,7.287066512124137e-20,8.116698686509104e-20,8.987895567991049e-20,9.900660742722311e-20,1.0855085993036367e-19,1.185135425966808e-19,1.2889741907656262e-19,1.397062048495832e-19,1.5094458132527516e-19,1.6261820778052706e-19,1.7473373223956243e-19,1.8729880221652716e-19,2.0032207609177145e-19,2.1381323576737e-19,2.2778300114818235e-19,2.422431469128616e-19,2.57206521978122e-19,2.726870720101935e-19,2.8869986529938175e-19,3.0526112228920645e-19,3.2238824904212297e-19,3.4009987490051035e-19,3.5841589461747225e-19,3.773575152234232e-19,3.9694730791356785e-19,4.1720926525180905e-19,4.381688640093903e-19,4.598531339797932e-19,4.82290733141211e-19,5.055120295708522e-19,5.295491905540165e-19,5.544362793704102e-19,5.802093602909755e-19,6.069066123690419e-19,6.345684526654339e-19,6.632376696147623e-19,6.929595673078131e-19,7.237821215403877e-19,7.55756148570713e-19,7.88935487615232e-19,8.233771982200462e-19,8.591417737580543e-19,8.962933724335334e-19,9.349000673091763e-19,9.750341170334435e-19,1.016772259115692e-18,1.0601960277903292e-18,1.1053920987192593e-18,1.1524526630366546e-18,1.2014758334805628e-18,1.2525660856685467e-18,1.30583473790814e-18,1.3614004732874617e-18,1.4193899082211145e-18,1.4799382120784133e-18,1.5431897830514194e-18,1.6092989860093166e-18,1.6784309587126187e-18,1.7507624935725926e-18,1.8264830028940846e-18,1.9057955765626222e-18,1.9889181421312016e-18,2.076084738593333e-18,2.1675469163406928e-18,2.2635752775187873e-18,2.3644611726816342e-18,2.470518571715854e-18,2.582086129277596e-18,2.6995294676614753e-18,2.8232437030150743e-18,2.9536562442915476e-18,3.0912298982887205e-18,3.2364663187041107e-18,3.38990984240672e-18,3.552151762167177e-18,3.723835092135164e-18,3.905659890482557e-18,4.098389213001198e-18,4.302855782500987e-18,4.519969471508174e-18,4.750725710723841e-18,4.996214953059737e-18,5.257633343506573e-18,5.5362947690051686e-18,5.8336444906621165e-18,6.151274593901115e-18,6.490941531410417e-18,6.854586080272447e-18,7.244356089954796e-18,7.662632463639124e-18,8.112058893879875e-18,8.59557596768571e-18,9.116460368789019e-18,9.678370040678445e-18,1.0285396337717433e-17,1.0942124389737336e-17,1.1653703145992103e-17,1.2425926857212184e-17,1.3265330111419037e-17,1.4179298977403097e-17,1.517620134694982e-17,1.626554023041486e-17,1.7458134579316066e-17,1.8766333228427595e-17,2.0204268815521347e-17,2.1788160121686137e-17,2.3536673260468385e-17,2.547135464400474e-17,2.761715181117769e-17,3.0003042205840296e-17,3.266279508404335e-17,3.563589823104204e-17,3.896868949453636e-17,4.2715743845020234e-17,4.6941580471446324e-17,5.172277226031454e-17,5.715056312603898e-17,6.333412868407536e-17,7.040465479234036e-17,7.852045925884497e-17,8.787344799538779e-17,9.869728242814971e-17,1.1127774533142859e-16,1.2596593350275206e-16,1.4319508425192477e-16,1.635020640798778e-16,1.875548142246076e-16,2.1618735278578942e-16,2.504442529123857e-16,2.91636796776779e-16,3.313180703094225e-16,3.898165114249778e-16,4.611230188922602e-16,5.483722133069442e-16,6.554559339169925e-16,7.87155989648222e-16,9.492606681417701e-16,1.148635797966238e-15,1.3932123129509644e-15,1.6918521388768505e-15,2.0540731434354708e-15,2.489660594623977e-15,3.008263762042963e-15,3.619141215327206e-15,4.3312196837655954e-15,5.153509463567432e-15,6.095675217386234e-15,7.168304676433513e-15,8.382339796190015e-15,9.747374977521926e-15,1.1269031760959359e-14,1.2946132176311215e-14,1.4768615950984585e-14,1.671694884878448e-14,1.8763264512729605e-14,2.0873931166877585e-14,2.301287243821171e-14,2.5144893534700612e-14,2.723842170763559e-14,2.9267341216831077e-14,3.121186931611762e-14,3.305860950898908e-14,3.480001220387683e-14,3.643348692361444e-14,3.7960374422938294e-14,3.938493013353272e-14,4.071341254668407e-14,4.1953322331988163e-14,4.3112803810254806e-14,4.4200199116956725e-14,4.5223734315830604e-14,4.619131273986439e-14,4.711039122950178e-14,4.798791765464722e-14,4.8830311766006424e-14,4.964347518712412e-14,5.043281976888606e-14,5.120330644701169e-14,5.195948901855466e-14,5.270555907182257e-14,5.3445389622960105e-14,5.418257597905306e-14,5.4920473033345786e-14,5.566222864466089e-14,5.6410813079624157e-14,5.716904466954944e-14,5.793961195083923e-14,5.872509261226446e-14,5.952796959185126e-14,6.03506446624002e-14,6.119544982704179e-14,6.20646568208267e-14,6.296048498680408e-14,6.388510775840662e-14,6.48406579685116e-14,6.582923215573112e-14,6.68528940310923e-14,6.791367723908853e-14,6.901358752927269e-14,7.015460443708989e-14,7.133868255813536e-14,7.256775248697299e-14,7.384372148089616e-14,7.516847389939716e-14,7.654387146226532e-14,7.797175336222299e-14,7.945393626220072e-14,8.09922142029607e-14,8.258835844158289e-14,8.424411723873666e-14,8.59612156094295e-14,8.774135504911741e-14,8.958621324514877e-14,9.149744378204626e-14,9.347667584688252e-14,9.552551394075187e-14,9.764553759983514e-14,9.983830113067269e-14,1.0210533336112084e-13,1.0444813741022514e-13,1.0686819047770916e-13,1.0936694365474128e-13,1.1194582175634111e-13,1.1460622317624416e-13,1.1734951976398583e-13,1.2017705672463634e-13,1.2309015254063188e-13,1.2609009891561825e-13,1.291781607395902e-13,1.3235557607511184e-13,1.356235561637091e-13,1.389832854519602e-13,1.4243592163646686e-13,1.4598259572698553e-13,1.4962441212698561e-13,1.5336244873095993e-13,1.5719775685745652e-13,1.6113136191189952e-13,1.6516426299877849e-13,1.6929743325281954e-13,1.735318200074331e-13,1.7786834497535472e-13,1.8230790444058793e-13,1.8685136946053872e-13,1.9149958607852254e-13,1.9625337554499184e-13,2.0111353454758947e-13,2.060808354489107e-13,2.111560265319775e-13,2.1633983225160787e-13,2.2163295349287686e-13,2.2703606783453006e-13,2.3254982981765317e-13,2.3817487121936427e-13,2.4391180132986166e-13,2.497612072339053e-13,2.5572365409493887e-13,2.6179968544218015e-13,2.679898234610652e-13,2.742945692840442e-13,2.807144032843018e-13,2.872497853707241e-13,2.939011552837154e-13,3.0066893289162753e-13,3.075535184884857e-13,3.145552930903994e-13,3.2167461873341733e-13,3.2891183877031694e-13,3.3626727816714464e-13,3.4374124379877515e-13,3.5133402474379154e-13,3.5904589257829874e-13,3.668771016679486e-13,3.7482788945914994e-13,3.828984767684038e-13,3.910890680694721e-13,3.993998517791397e-13,4.078310005426203e-13,4.163826715117516e-13,4.250550066267926e-13,4.338481328925801e-13,4.4276216265324996e-13,4.5179719386438857e-13,4.60953310362206e-13,4.702305821306001e-13,4.796290655651733e-13,4.891488037346973e-13,4.987898266393863e-13,5.085521514669144e-13,5.18435782845006e-13,5.284407130910889e-13,5.38566922459444e-13,5.488143793850293e-13,5.591830407241768e-13,5.696728519921015e-13,5.802837475985903e-13,5.910156510785639e-13,6.018684753214305e-13,6.1284212279632e-13,6.239364857744661e-13,6.351514465487701e-13,6.464868776500405e-13,6.579426420600083e-13,6.695185934218875e-13,6.812145762465965e-13,6.930304261178339e-13,7.049659698928375e-13,7.170210258999747e-13,7.291954041338133e-13,7.4148890644727e-13,7.539013267412205e-13,7.66432451149512e-13,7.790820582229647e-13,7.918499191094593e-13,8.047357977312134e-13,8.177394509595489e-13,8.308606287865834e-13,8.440990744938361e-13,8.574545248201605e-13,8.709267101223147e-13,8.845153545377612e-13,8.982201761422474e-13,9.12040887105278e-13,9.259771938424545e-13,9.400287971664337e-13,9.541953924341116e-13,9.684766696909672e-13,9.828723138151153e-13,9.973820046567793e-13,1.0120054171756304e-12,1.026742221576434e-12,1.0415920834419087e-12,1.0565546638631735e-12,1.0716296195679703e-12,1.0868166030469715e-12,1.102115262676708e-12,1.1175252428416328e-12,1.1330461840533338e-12,1.1486777230679078e-12,1.1644194930002146e-12,1.1802711234373316e-12,1.1962322405492108e-12,1.2123024671973794e-12,1.2284814230422467e-12,1.2447687246470583e-12,1.261163985581288e-12,1.2776668165214928e-12,1.2942768253502518e-12,1.310993617253484e-12,1.3278167948158922e-12,1.3447459581139063e-12,1.3617807048083218e-12,1.3789206302336534e-12,1.3961653274867134e-12,1.413514387513559e-12,1.4309673991929365e-12,1.4485239494221146e-12,1.4661836231968408e-12,1.4839460036905554e-12,1.501810672335507e-12,1.5197772088979386e-12,1.5378451918968798e-12,1.5560141976467147e-12,1.5742838013642026e-12,1.5926535768937694e-12,1.611123096776181e-12,1.6296919323194876e-12,1.6483596536632096e-12,1.667125829845301e-12,1.685990028866033e-12,1.7049518177512099e-12,1.72401076261361e-12,1.743166428713628e-12,1.7624183805186057e-12,1.7817661817599423e-12,1.8012093954915032e-12,1.820747584143356e-12,1.8403803095778807e-12,1.860107133143178e-12,1.87992761572203e-12,1.8998413177880054e-12,1.919847799452489e-12,1.939946620513984e-12,1.960137340506968e-12,1.980419518747351e-12,2.000792714380195e-12,2.0212564864235373e-12,2.0418103938130614e-12,2.062453995443955e-12,2.0831868502144308e-12,2.1040085170667882e-12,2.124918555026496e-12,2.145916523242625e-12,2.1670019810263612e-12,2.1881744878885803e-12,2.209433603576504e-12,2.230778888109567e-12,2.2522099018152043e-12,2.2737262053629618e-12,2.295327359798107e-12,2.317012926574607e-12,2.338782467587702e-12,2.360635545203817e-12,2.3825717222933315e-12,2.4045905622584833e-12,2.4266916290643775e-12,2.448874487267518e-12,2.4711387020396505e-12,2.493483839200681e-12,2.515909465242978e-12,2.5384151473565796e-12,2.561000453455253e-12,2.583664952200896e-12,2.60640821302785e-12,2.6292298061662037e-12,2.6521293026647425e-12,2.6751062744130574e-12,2.6981602941644743e-12,2.7212909355555465e-12,2.744497773127871e-12,2.7677803823479584e-12,2.7911383396268886e-12,2.814571222339328e-12,2.8380786088423418e-12,2.861660078493196e-12,2.8853152116674768e-12,2.909043589775766e-12,2.9328447952805935e-12,2.9567184117126754e-12,2.9806640236862258e-12,3.004681216916306e-12,3.028769578230322e-12,3.052928695583829e-12,3.077158158078874e-12,3.1014575559703734e-12,3.1258264806839952e-12,3.150264524828502e-12,3.174771282206594e-12,3.199346347829006e-12,3.223989317925845e-12,3.2486997899556044e-12,3.273477362620447e-12,3.2983216358728386e-12,3.3232322109283716e-12,3.3482086902738157e-12,3.3732506776786107e-12,3.3983577782019014e-12,3.4235295982086457e-12,3.4487657453668003e-12,3.4740658286627586e-12,3.499429458409326e-12,3.5248562462521503e-12,3.5503458051775764e-12,3.575897749520095e-12,3.6015116949682977e-12,3.6271872585732125e-12,3.6529240587525375e-12,3.678721715299983e-12,3.704579849387008e-12,3.730498083572202e-12,3.756476041804159e-12,3.7825133494279365e-12,3.8086096331903034e-12,3.834764521241236e-12,3.860977643143062e-12,3.8872486298718244e-12,3.913577113821683e-12,3.939962728808831e-12,3.966405110075718e-12,3.992903894292428e-12,4.019458719562407e-12,4.046069225423804e-12,4.072735052853812e-12,4.099455844266864e-12,4.126231243523557e-12,4.153060895928708e-12,4.179944448233294e-12,4.206881548638325e-12,4.2338718467950494e-12,4.260914993806972e-12,4.288010642231383e-12,4.315158446079397e-12,4.342358060819196e-12,4.369609143373763e-12,4.3969113521263805e-12,4.424264346915479e-12,4.451667789039683e-12,4.479121341255205e-12,4.506624667777586e-12,4.534177434281206e-12,4.561779307899291e-12,4.589429957223302e-12,4.617129052303237e-12,4.644876264646129e-12,4.672671267217357e-12,4.700513734437466e-12,4.728403342182635e-12,4.7563397677838114e-12,4.784322690025337e-12,4.8123517891437016e-12,4.84042674682646e-12,4.868547246210754e-12,4.896712971881844e-12,4.9249236098719665e-12,4.953178847655924e-12,4.981478374153975e-12,5.009821879726772e-12,5.038209056174006e-12,5.066639596732566e-12,5.095113196074385e-12,5.1236295503035904e-12,5.1521883569552265e-12,5.180789314992355e-12,5.209432124803504e-12,5.238116488199885e-12,5.266842108413996e-12,5.2956086900954875e-12,5.324415939308261e-12,5.3532635635296656e-12,5.382151271645475e-12,5.4110787739476555e-12,5.4400457821316394e-12,5.469052009292885e-12,5.498097169923825e-12,5.527180979910798e-12,5.556303156530375e-12,5.585463418446535e-12,5.614661485706751e-12,5.643897079738915e-12,5.6731699233481414e-12,5.702479740711303e-12,5.731826257378493e-12,5.7612092002628994e-12,5.790628297640544e-12,5.820083279146753e-12,5.849573875771516e-12,5.879099819856793e-12,5.9086608450896916e-12,5.938256686502582e-12,5.967887080467244e-12,5.9975517646909375e-12,6.0272504782142656e-12,6.056982961399764e-12,6.086748955936624e-12,6.11654820483294e-12,6.146380452412103e-12,6.176245444309139e-12,6.206142927464704e-12,6.236072650122611e-12,6.266034361824614e-12,6.296027813406851e-12,6.3260527569950844e-12,6.356108946000212e-12,6.386196135114593e-12,6.416314080305923e-12,6.4464625388155466e-12,6.4766412691518715e-12,6.506850031086866e-12,6.5370885856510865e-12,6.5673566951300676e-12,6.5976541230590035e-12,6.627980634217486e-12,6.658335994627236e-12,6.688719971545877e-12,6.719132333462482e-12,6.749572850092308e-12,6.780041292375577e-12,6.810537432468557e-12,6.841061043741259e-12,6.871611900772393e-12,6.902189779344938e-12,6.9327944564408545e-12,6.963425710236959e-12,6.994083320099902e-12,7.0247670665822346e-12,7.0554767314163066e-12,7.08621209751166e-12,7.116972948948229e-12,7.147759070972392e-12,7.178570249992981e-12,7.209406273575297e-12,7.240266930437588e-12,7.27115201044558e-12,7.302061304607838e-12,7.332994605071511e-12,7.36395170511686e-12,7.394932399153144e-12,7.425936482712948e-12,7.456963752450811e-12,7.488014006130418e-12,7.519087042629932e-12,7.550182661931086e-12,7.58130066511589e-12,7.61244085436191e-12,7.643603032937336e-12,7.674787005197263e-12,7.705992576577032e-12,7.737219553589313e-12,7.76846774381849e-12,7.79973695591597e-12,7.831026999595737e-12,7.862337685629717e-12,7.893668825842632e-12,7.925020233107366e-12,7.956391721340637e-12,7.987783105498109e-12,8.01919420156956e-12,8.050624826574206e-12,8.082074798556487e-12,8.113543936580827e-12,8.14503206072757e-12,8.176538992086885e-12,8.208064552755523e-12,8.239608565832335e-12,8.271170855412627e-12,8.302751246584914e-12,8.33434956542416e-12,8.365965638990254e-12,8.397599295317967e-12,8.429250363419326e-12,8.460918673274823e-12,8.492604055829097e-12,8.524306342987511e-12,8.556025367609963e-12,8.587760963510064e-12,8.619512965444979e-12,8.65128120911544e-12,8.683065531159336e-12,8.714865769147563e-12,8.746681761579268e-12,8.77851334787809e-12,8.810360368387136e-12,8.842222664364263e-12,8.874100077978794e-12,8.905992452305213e-12,8.937899631320282e-12,8.969821459898408e-12,9.001757783806915e-12,9.033708449701587e-12,9.065673305123473e-12,9.097652198491177e-12,9.129644979101132e-12,9.161651497119154e-12,9.193671603580005e-12,9.225705150379922e-12,9.257751990273304e-12,9.28981197686877e-12,9.321884964626535e-12,9.353970808847357e-12,9.386069365677394e-12,9.418180492099977e-12,9.450304045929673e-12,9.482439885810165e-12,9.514587871209573e-12,9.546747862417902e-12,9.578919720537046e-12,9.611103307484955e-12,9.643298485986128e-12,9.675505119568837e-12,9.707723072560256e-12,9.739952210084837e-12,9.772192398057314e-12,9.804443503179938e-12,9.836705392938419e-12,9.868977935598657e-12,9.901261000200918e-12,9.933554456557208e-12,9.965858175246921e-12,9.998172027615023e-12,1.003049588576014e-11,1.0062829622542047e-11,1.0095173111571092e-11,1.0127526227203169e-11,1.0159888844539531e-11,1.019226083942342e-11,1.0224642088430511e-11,1.0257032468870566e-11,1.0289431858781815e-11,1.0321840136927081e-11,1.0354257182789567e-11,1.0386682876570244e-11,1.0419117099183101e-11,1.0451559732251223e-11,1.0484010658104015e-11,1.051646975977289e-11,1.0548936920987405e-11,1.0581412026172116e-11,1.061389496044268e-11,1.0646385609601178e-11,1.0678883860134648e-11,1.0711389599209686e-11,1.0743902714669519e-11,1.0776423095029458e-11,1.080895062947502e-11,1.0841485207857314e-11,1.0874026720689303e-11,1.0906575059142428e-11,1.0939130115044653e-11,1.0971691780873655e-11,1.1004259949755954e-11,1.1036834515463973e-11,1.1069415372410087e-11,1.1102002415642615e-11,1.1134595540847207e-11,1.1167194644339475e-11,1.119979962306227e-11,1.1232410374582696e-11,1.1265026797088743e-11,1.1297648789385705e-11,1.1330276250892658e-11,1.1362909081639785e-11,1.1395547182264384e-11,1.1428190454008656e-11,1.1460838798714805e-11,1.1493492118823768e-11,1.1526150317369074e-11,1.1558813297976778e-11,1.1591480964859473e-11,1.1624153222817735e-11,1.1656829977230853e-11,1.1689511134055768e-11,1.1722196599826467e-11,1.1754886281649242e-11,1.1787580087197497e-11,1.1820277924712035e-11,1.1852979702995761e-11,1.1885685331411572e-11,1.1918394719878712e-11,1.1951107778869876e-11,1.1983824419408502e-11,1.2016544553065303e-11,1.204926809195555e-11,1.2081994948736517e-11,1.2114725036602393e-11,1.2147458269284664e-11,1.2180194561046239e-11,1.221293382668067e-11,1.2245675981506954e-11,1.227842094136846e-11,1.2311168622630396e-11,1.2343918942174742e-11,1.2376671817399329e-11,1.2409427166214237e-11,1.2442184907038608e-11,1.2474944958798649e-11,1.250770724092434e-11,1.2540471673346887e-11,1.2573238176495345e-11,1.2606006671294656e-11,1.263877707916251e-11,1.2671549322006325e-11,1.2704323322221131e-11,1.2737099002686797e-11,1.2769876286763919e-11,1.2802655098293547e-11,1.2835435361592903e-11,1.2868217001453287e-11,1.2900999943135993e-11,1.2933784112372203e-11,1.2966569435359241e-11,1.2999355838756785e-11,1.3032143249686152e-11,1.3064931595726518e-11,1.309772080491271e-11,1.3130510805732756e-11,1.316330152712453e-11,1.3196092898475818e-11,1.322888484961759e-11,1.3261677310826004e-11,1.3294470212816083e-11,1.3327263486741924e-11,1.3360057064192765e-11,1.3392850877191016e-11,1.342564485819063e-11,1.3458438940071938e-11,1.349123305614292e-11,1.3524027140135248e-11,1.3556821126199467e-11,1.3589614948907416e-11,1.3622408543246303e-11,1.3655201844620609e-11,1.3687994788838126e-11,1.3720787312121423e-11,1.3753579351101508e-11,1.3786370842812426e-11,1.3819161724691142e-11,1.3851951934574326e-11,1.3884741410696853e-11,1.3917530091689087e-11,1.395031791657545e-11,1.3983104824771056e-11,1.4015890756079994e-11,1.404867565069435e-11,1.4081459449188281e-11,1.4114242092521051e-11,1.4147023522029894e-11,1.4179803679433028e-11,1.4212582506821946e-11,1.4245359946663872e-11,1.4278135941796295e-11,1.431091043542777e-11,1.434368337113318e-11,1.4376454692853349e-11,1.44092243448934e-11,1.4441992271917333e-11,1.447475841894922e-11,1.4507522731379289e-11,1.4540285154929973e-11,1.4573045635698732e-11,1.4605804120126735e-11,1.4638560555004855e-11,1.46713148874767e-11,1.4704067065037124e-11,1.473681703546802e-11,1.476956474696204e-11,1.480231014801822e-11,1.4835053187495447e-11,1.4867793814565292e-11,1.4900531978728038e-11,1.4933267629853413e-11,1.4966000718102954e-11,1.4998731193978876e-11,1.503145900830842e-11,1.5064184112244667e-11,1.509690645727238e-11,1.5129625995164297e-11,1.5162342678044805e-11,1.5195056458344528e-11,1.5227767288807596e-11,1.5260475122492595e-11,1.5293179912769113e-11,1.5325881613315483e-11,1.5358580178118288e-11,1.5391275561473944e-11,1.5423967717976625e-11,1.54566566025267e-11,1.548934217032388e-11,1.5522024376869478e-11,1.5554703177959748e-11,1.55873785296876e-11,1.5620050388438733e-11,1.5652718710892606e-11,1.5685383454018646e-11,1.5718044575075217e-11,1.5750702031607953e-11,1.578335578144806e-11,1.581600578271116e-11,1.5848651993794626e-11,1.588129437337676e-11,1.5913932880415102e-11,1.5946567474144483e-11,1.597919811407415e-11,1.6011824759992264e-11,1.604444737195562e-11,1.607706591029365e-11,1.610968033560284e-11,1.6142290608751276e-11,1.6174896690873794e-11,1.620749854336542e-11,1.6240096127891827e-11,1.6272689406374565e-11,1.6305278340997066e-11,1.6337862894203198e-11,1.6370443028693633e-11,1.6403018707424224e-11,1.643558989360636e-11,1.6468156550701116e-11,1.6500718642428174e-11,1.6533276132751652e-11,1.6565828985884108e-11,1.6598377166287834e-11,1.6630920638671214e-11,1.666345936798452e-11,1.669599331942218e-11,1.672852245842072e-11,1.6761046750656187e-11,1.679356616204351e-11,1.6826080658735062e-11,1.6858590207119302e-11,1.689109477381923e-11,1.692359432568971e-11,1.6956088829822055e-11,1.6988578253533653e-11,1.7021062564372985e-11,1.7053541730115886e-11,1.7086015718765132e-11,1.7118484498548775e-11,1.7150948037918943e-11,1.718340630555058e-11,1.7215859270339876e-11,1.724830690140376e-11,1.7280749168077304e-11,1.7313186039912176e-11,1.7345617486678357e-11,1.737804347835989e-11,1.7410463985155505e-11,1.744287897747546e-11,1.747528842594222e-11,1.7507692301387843e-11,1.7540090574853508e-11,1.7572483217588173e-11,1.7604870201046984e-11,1.7637251496890395e-11,1.7669627076984236e-11,1.7701996913395386e-11,1.7734360978393477e-11,1.776671924444835e-11,1.7799071684230073e-11,1.7831418270606117e-11,1.7863758976641478e-11,1.7896093775596784e-11,1.7928422640927763e-11,1.796074554628379e-11,1.799306246550643e-11,1.802537337262962e-11,1.8057678241876717e-11,1.8089977047661018e-11,1.8122269764582998e-11,1.8154556367430956e-11,1.8186836831179165e-11,1.821911113098616e-11,1.8251379242193552e-11,1.8283641140328837e-11,1.831589680109824e-11,1.8348146200389156e-11,1.8380389314268944e-11,1.8412626118983108e-11,1.844485659095477e-11,1.8477080706783687e-11,1.8509298443244568e-11,1.8541509777287295e-11,1.857371468603375e-11,1.8605913146779384e-11,1.863810513699075e-11,1.867029063430443e-11,1.870246961652638e-11,1.8734642061631176e-11,1.8766807947760335e-11,1.879896725322247e-11,1.8831119956491464e-11,1.8863266036204867e-11,1.8895405471164966e-11,1.8927538240334875e-11,1.8959664322841305e-11,1.8991783697969862e-11,1.9023896345168145e-11,1.90560022440399e-11,1.90881013743486e-11,1.912019371601381e-11,1.9152279249111012e-11,1.9184357953872765e-11,1.9216429810681826e-11,1.9248494800077453e-11,1.928055290275078e-11,1.9312604099543984e-11,1.9344648371450177e-11,1.937668569961181e-11,1.9408716065320378e-11,1.9440739450016884e-11,1.9472755835285738e-11,1.95047652028612e-11,1.9536767534620445e-11,1.956876281258852e-11,1.960075101893107e-11,1.9632732135957714e-11,1.9664706146119936e-11,1.96966730320107e-11,1.9728632776363296e-11,1.976058536205008e-11,1.979253077208288e-11,1.9824468989611068e-11,1.9856399997921327e-11,1.9888323780435285e-11,1.9920240320712845e-11,1.9952149602446477e-11,1.9984051609463212e-11,2.001594632572317e-11,2.004783373531868e-11,2.0079713822474048e-11,2.011158657154407e-11,2.0143451967013524e-11,2.017530999349691e-11,2.0207160635736722e-11,2.0239003878603396e-11,2.0270839707095108e-11,2.0302668106334607e-11,2.0302668498912444e-11,2.0302668868187923e-11,2.0302669228628414e-11,2.0302669585734763e-11,2.0302669941583617e-11,2.030267029695749e-11,2.0302670652151082e-11,2.030267100727535e-11,2.030267136237207e-11,2.030267171745697e-11,2.0302672072535993e-11,2.0302672427611368e-11,2.030267278268395e-11,2.0302673137754057e-11,2.03026734928218e-11,2.030267384788724e-11,2.0302674202950394e-11,2.0302674558011262e-11,2.0302674913069845e-11,2.030267526812616e-11,2.03026756231802e-11,2.0302675978231958e-11,2.030267633328144e-11,2.0302676688328657e-11,2.0302677043373598e-11,2.0302677398415043e-11,2.0302677753454187e-11,2.0302678108490982e-11,2.0302678463525525e-11,2.0302678818557802e-11,2.0302679173587786e-11,2.0302679528615466e-11,2.0302679883640784e-11,2.0302680238663876e-11,2.030268059368472e-11,2.0302680948703235e-11,2.0302681303719476e-11,2.0302681658733504e-11,2.0302682013745164e-11,2.030268236875452e-11,2.0302682723763088e-11,2.0302683078767955e-11,2.0302683433770506e-11,2.030268378877225e-11,2.030268414377172e-11,2.030268449876892e-11,2.0302684853763847e-11,2.0302685208756498e-11,2.030268556374688e-11,2.030268591873499e-11,2.0302686273720824e-11,2.030268662870439e-11,2.0302686983685708e-11,2.0302687338664723e-11,2.0302687693641464e-11,2.0302688048615945e-11,2.0302688403588146e-11,2.0302688758558075e-11,2.030268911352573e-11,2.030268946849112e-11,2.030268982345423e-11,2.0302690178415073e-11,2.0302690533373638e-11,2.030269088832993e-11,2.030269124328395e-11,2.0302691598235704e-11,2.0302691953185174e-11,2.0302692308132375e-11,2.0302692663077317e-11,2.030269301802005e-11,2.0302693372960436e-11,2.030269372789857e-11,2.0302694082834414e-11,2.0302694437767996e-11,2.0302694792699296e-11,2.0302695147628328e-11,2.0302695502555092e-11,2.030269585747959e-11,2.0302696212401818e-11,2.0302696567321764e-11,2.030269692223945e-11,2.0302697277154858e-11,2.0302697632068e-11,2.0302697986978866e-11,2.0302698341887464e-11,2.0302698696793787e-11,2.030269905169784e-11,2.0302699406599623e-11,2.0302699761499145e-11,2.030270011639639e-11,2.030270047129136e-11,2.0302700826184065e-11,2.0302701181074488e-11,2.030270153596265e-11,2.0302701890848535e-11,2.0302702245732156e-11,2.0302702600613496e-11,2.030270295549257e-11,2.0302703310369384e-11,2.0302703665243923e-11,2.0302704020116187e-11,2.0302704374986195e-11,2.0302704729853922e-11,2.030270508471938e-11,2.0302705439582558e-11,2.0302705794443484e-11,2.030270614930213e-11,2.0302706504158507e-11,2.0302706859012612e-11,2.0302707213864457e-11,2.030270756871402e-11,2.030270792356132e-11,2.0302708278406353e-11,2.030270863324911e-11,2.0302708988089604e-11,2.030270934292782e-11,2.0302709697763776e-11,2.030271005259746e-11,2.0302710407428875e-11,2.030271076225802e-11,2.030271111708489e-11,2.0302711471909497e-11,2.030271182673183e-11,2.03027121815519e-11,2.0302712536369693e-11,2.0302712891185217e-11,2.0302713245998476e-11,2.0302713600809457e-11,2.030271395561818e-11,2.030271431042462e-11,2.03027146652288e-11,2.030271502003072e-11,2.0302715374830375e-11,2.030271572962775e-11,2.0302716084422852e-11,2.0302716439215697e-11,2.0302716794006264e-11,2.0302717148794572e-11,2.0302717503580595e-11,2.0302717858364367e-11,2.0302718213145854e-11,2.0302718567925086e-11,2.030271892270205e-11,2.030271927747674e-11,2.0302719632249164e-11,2.0302719987019323e-11,2.0302720341787207e-11,2.030272069655283e-11,2.030272105131617e-11,2.0302721406077268e-11,2.030272176083608e-11,2.0302722115592624e-11,2.03027224703469e-11,2.030272282509891e-11,2.0302723179848658e-11,2.0302723534596137e-11,2.030272388934134e-11,2.030272424408429e-11,2.030272459882496e-11,2.0302724953563363e-11,2.0302725308299507e-11,2.030272566303337e-11,2.030272601776498e-11,2.0302726372494313e-11,2.0302726727221384e-11,2.0302727081946193e-11,2.0302727436668724e-11,2.0302727791388993e-11,2.0302728146106994e-11,2.030272850082273e-11,2.03027288555362e-11,2.0302729210247403e-11,2.0302729564956334e-11,2.0302729919663003e-11,2.03027302743674e-11,2.030273062906954e-11,2.0302730983769405e-11,2.0302731338467e-11,2.0302731693162335e-11,2.0302732047855404e-11,2.0302732402546208e-11,2.030273275723474e-11,2.0302733111921008e-11,2.030273346660501e-11,2.0302733821286748e-11,2.0302734175966217e-11,2.0302734530643418e-11,2.0302734885318357e-11,2.030273523999103e-11,2.0302735594661434e-11,2.030273594932957e-11,2.030273630399545e-11,2.0302736658659058e-11,2.0302737013320397e-11,2.0302737367979464e-11,2.030273772263628e-11,2.0302738077290823e-11,2.0302738431943102e-11,2.0302738786593116e-11,2.0302739141240855e-11,2.030273949588634e-11,2.0302739850529554e-11,2.0302740205170505e-11,2.030274055980918e-11,2.0302740914445604e-11,2.0302741269079756e-11,2.030274162371165e-11,2.0302741978341268e-11,2.0302742332968624e-11,2.0302742687593716e-11,2.0302743042216546e-11,2.0302743396837104e-11,2.03027437514554e-11,2.0302744106071436e-11,2.03027444606852e-11,2.030274481529671e-11,2.0302745169905943e-11,2.030274552451291e-11,2.0302745879117627e-11,2.0302746233720065e-11,2.0302746588320248e-11,2.030274694291817e-11,2.0302747297513815e-11,2.03027476521072e-11,2.030274800669832e-11,2.0302748361287182e-11,2.030274871587377e-11,2.03027490704581e-11,2.030274942504016e-11,2.030274977961996e-11,2.03027501341975e-11,2.030275048877277e-11,2.0302750843345778e-11,2.0302751197916525e-11,2.0302751552484993e-11,2.030275190705121e-11,2.0302752261615155e-11,2.0302752616176844e-11,2.0302752970736272e-11,2.0302753325293432e-11,2.0302753679848326e-11,2.030275403440096e-11,2.030275438895133e-11,2.0302754743499426e-11,2.0302755098045276e-11,2.0302755452588852e-11,2.0302755807130163e-11,2.030275616166921e-11,2.0302756516206e-11,2.0302756870740517e-11,2.0302757225272774e-11,2.030275757980278e-11,2.0302757934330515e-11,2.0302758288855987e-11,2.0302758643379193e-11,2.030275899790014e-11,2.030275935241882e-11,2.030275970693524e-11,2.0302760061449397e-11,2.0302760415961288e-11,2.0302760770470926e-11,2.030276112497829e-11,2.03027614794834e-11,2.0302761833986242e-11,2.030276218848683e-11,2.0302762542985147e-11,2.03027628974812e-11,2.0302763251974998e-11,2.030276360646653e-11,2.03027639609558e-11,2.0302764315442812e-11,2.0302764669927555e-11,2.0302765024410042e-11,2.0302765378890258e-11,2.0302765733368215e-11,2.030276608784391e-11,2.0302766442317353e-11,2.0302766796788524e-11,2.0302767151257434e-11,2.0302767505724075e-11,2.030276786018846e-11,2.030276821465058e-11,2.0302768569110442e-11,2.0302768923568045e-11,2.0302769278023384e-11,2.0302769632476464e-11,2.030276998692728e-11,2.030277034137583e-11,2.0302770695822124e-11,2.0302771050266157e-11,2.0302771404707925e-11,2.0302771759147434e-11,2.0302772113584682e-11,2.0302772468019667e-11,2.030277282245239e-11,2.0302773176882853e-11,2.0302773531311056e-11,2.0302773885736998e-11,2.030277424016068e-11,2.0302774594582096e-11,2.0302774949001255e-11,2.0302775303418156e-11,2.030277565783279e-11,2.0302776012245168e-11,2.0302776366655287e-11,2.0302776721063137e-11,2.0302777075468732e-11,2.030277742987206e-11,2.0302777784273123e-11,2.030277813867194e-11,2.0302778493068493e-11,2.0302778847462785e-11,2.0302779201854816e-11,2.0302779556244587e-11,2.0302779910632097e-11,2.0302780265017355e-11,2.0302780619400335e-11,2.030278097378107e-11,2.0302781328159538e-11,2.0302781682535755e-11,2.0302782036909704e-11,2.0302782391281394e-11,2.0302782745650822e-11,2.030278310001799e-11,2.0302783454382903e-11,2.0302783808745553e-11,2.0302784163105943e-11,2.030278451746408e-11,2.0302784871819946e-11,2.0302785226173564e-11,2.0302785580524914e-11,2.0302785934874008e-11,2.030278628922084e-11,2.0302786643565415e-11,2.030278699790773e-11,2.0302787352247788e-11,2.0302787706585583e-11,2.0302788060921116e-11,2.0302788415254394e-11,2.0302788769585417e-11,2.0302789123914174e-11,2.0302789478240673e-11,2.0302789832564913e-11,2.03027901868869e-11,2.0302790541206625e-11,2.0302790895524096e-11,2.03027912498393e-11,2.03027916041522e-11,2.0302791958462893e-11,2.0302792312771326e-11,2.0302792667077498e-11,2.0302793021381414e-11,2.0302793375683062e-11,2.0302793729982458e-11,2.0302794084279598e-11,2.0302794438574477e-11,2.0302794792867103e-11,2.0302795147157423e-11,2.0302795501445535e-11,2.030279585573138e-11,2.0302796210014965e-11,2.0302796564296286e-11,2.030279691857536e-11,2.0302797272852164e-11,2.0302797627126726e-11,2.0302797981399028e-11,2.0302798335669065e-11,2.030279868993685e-11,2.0302799044202277e-11,2.0302799398465552e-11,2.030279975272656e-11,2.0302800106985312e-11,2.03028004612418e-11,2.0302800815496038e-11,2.030280116974802e-11,2.0302801523997743e-11,2.0302801878245204e-11,2.0302802232490416e-11,2.0302802586733363e-11,2.0302802940974058e-11,2.0302803295212088e-11,2.0302803649448266e-11,2.0302804003682182e-11,2.030280435791385e-11,2.030280471214326e-11,2.030280506637041e-11,2.0302805420595305e-11,2.030280577481794e-11,2.0302806129038316e-11,2.030280648325644e-11,2.0302806837472305e-11,2.030280719168576e-11,2.0302807545897114e-11,2.030280790010621e-11,2.0302808254313053e-11,2.030280860851764e-11,2.0302808962719968e-11,2.0302809316920038e-11,2.0302809671117777e-11,2.030281002531333e-11,2.0302810379506627e-11,2.0302810733697678e-11,2.0302811087886474e-11,2.0302811442073002e-11,2.0302811796257277e-11,2.0302812150439372e-11,2.0302812504619266e-11,2.0302812858796963e-11,2.03028132129724e-11,2.03028135671454e-11,2.0302813921316137e-11,2.0302814275484628e-11,2.0302814629650854e-11,2.0302814983814825e-11,2.030281533797655e-11,2.030281569213601e-11,2.0302816046293212e-11,2.0302816400448174e-11,2.030281675460087e-11,2.0302817108751307e-11,2.030281746289949e-11,2.0302817817045428e-11,2.03028181711891e-11,2.0302818525330515e-11,2.030281887946968e-11,2.0302819233606596e-11,2.0302819587741247e-11,2.0302819941873653e-11,2.0302820296003797e-11,2.0302820650131682e-11,2.0302821004257318e-11,2.03028213583807e-11,2.030282171250186e-11,2.03028220666207e-11,2.0302822420737325e-11,2.030282277485169e-11,2.030282312896163e-11,2.03028234830715e-11,2.03028238371791e-11,2.0302824191284446e-11,2.0302824545387535e-11,2.0302824899487325e-11,2.0302825253584724e-11,2.030282560768106e-11,2.0302825961775128e-11,2.0302826315866943e-11,2.0302826669956513e-11,2.030282702404382e-11,2.0302827378128874e-11,2.0302827732211674e-11,2.030282808629222e-11,2.030282844037053e-11,2.0302828794446544e-11,2.0302829148520316e-11,2.0302829502591843e-11,2.030282985666112e-11,2.030283021072814e-11,2.030283056479291e-11,2.030283091885543e-11,2.0302831272915693e-11,2.0302831626973697e-11,2.0302831981029456e-11,2.0302832335082966e-11,2.0302832689134214e-11,2.0302833043183207e-11,2.0302833397229957e-11,2.0302833751274443e-11,2.030283410531668e-11,2.030283445935666e-11,2.0302834813394395e-11,2.0302835167429875e-11,2.0302835521463106e-11,2.0302835875494076e-11,2.0302836229522796e-11,2.0302836583549258e-11,2.030283693757347e-11,2.0302837291595428e-11,2.0302837645615134e-11,2.0302837999632584e-11,2.030283835364779e-11,2.030283870766074e-11,2.0302839061671434e-11,2.0302839415679888e-11,2.0302839769686078e-11,2.0302840123690025e-11,2.0302840477691703e-11,2.030284083169114e-11,2.0302841185688324e-11,2.0302841539683252e-11,2.030284189367593e-11,2.0302842247666357e-11,2.0302842601654526e-11,2.0302842955640453e-11,2.0302843309624124e-11,2.030284366360554e-11,2.0302844017584704e-11,2.030284437156162e-11,2.030284472553628e-11,2.030284507950869e-11,2.0302845433478854e-11,2.0302845787446757e-11,2.0302846141412415e-11,2.030284649537582e-11,2.030284684933698e-11,2.0302847203296527e-11,2.030284755725318e-11,2.0302847911207573e-11,2.0302848265159728e-11,2.030284861910963e-11,2.0302848973057267e-11,2.030284932700267e-11,2.0302849680945815e-11,2.0302850034886705e-11,2.0302850388825347e-11,2.030285074276174e-11,2.030285109669588e-11,2.0302851450627762e-11,2.0302851804557405e-11,2.0302852158484796e-11,2.0302852512409928e-11,2.030285286633281e-11,2.0302853220253255e-11,2.0302853574171637e-11,2.0302853928087764e-11,2.0302854282001674e-11,2.030285463591331e-11,2.0302854989822684e-11,2.0302855343729834e-11,2.0302855697634717e-11,2.0302856051537357e-11,2.0302856405437738e-11,2.030285675933587e-11,2.030285711323175e-11,2.030285746712538e-11,2.0302857821016758e-11,2.030285817490855e-11,2.030285852879543e-11,2.030285888268006e-11,2.0302859236562443e-11,2.030285959044256e-11,2.030285994432045e-11,2.030286029819607e-11,2.030286065207078e-11,2.030286100594191e-11,2.0302861359810788e-11,2.030286171367742e-11,2.0302862067541803e-11,2.030286242140394e-11,2.0302862775263825e-11,2.030286312912145e-11,2.030286348297684e-11,2.0302863836829974e-11,2.0302864190680857e-11,2.0302864544529494e-11,2.0302864898375876e-11,2.0302865252220015e-11,2.0302865606061903e-11,2.0302865959901545e-11,2.0302866313738934e-11,2.0302866667574085e-11,2.0302867021406976e-11,2.0302867375237623e-11,2.030286772906602e-11,2.0302868082892165e-11,2.0302868436716068e-11,2.0302868790537718e-11,2.0302869144357123e-11,2.030286949817427e-11,2.0302869851989173e-11,2.030287020580183e-11,2.0302870559612234e-11,2.0302870913420395e-11,2.0302871267226306e-11,2.030287162102997e-11,2.0302871974831383e-11,2.0302872328630544e-11,2.0302872682427463e-11,2.030287303622216e-11,2.0302873390014584e-11,2.0302873743804757e-11,2.030287409759268e-11,2.0302874451378358e-11,2.0302874805161787e-11,2.0302875158942964e-11,2.03028755127219e-11,2.030287586649859e-11,2.0302876220273027e-11,2.0302876574045215e-11,2.0302876927815154e-11,2.0302877281582853e-11,2.0302877635348298e-11,2.0302877989111503e-11,2.0302878342872456e-11,2.0302878696631166e-11,2.0302879050387624e-11,2.0302879404141837e-11,2.0302879757893798e-11,2.030288011164352e-11,2.0302880465390982e-11,2.0302880819136202e-11,2.030288117287918e-11,2.030288152661991e-11,2.030288188035839e-11,2.0302882234094627e-11,2.030288258782861e-11,2.030288294156035e-11,2.0302883295289844e-11,2.0302883649017086e-11,2.0302884002742085e-11,2.0302884356464836e-11,2.030288471018535e-11,2.0302885063903546e-11,2.0302885417619563e-11,2.0302885771333334e-11,2.0302886125044643e-11,2.030288647875391e-11,2.0302886832460945e-11,2.0302887186165724e-11,2.0302887539868267e-11,2.030288789356855e-11,2.0302888247266593e-11,2.0302888600962393e-11,2.030288895465613e-11,2.0302889308347407e-11,2.030288966203647e-11,2.0302890015723283e-11,2.030289036940785e-11,2.030289072309018e-11,2.0302891076770253e-11,2.0302891430448084e-11,2.0302891784123676e-11,2.0302892137797016e-11,2.0302892491468107e-11,2.0302892845136958e-11,2.030289319880356e-11,2.0302893552467924e-11,2.0302893906130032e-11,2.0302894259789904e-11,2.0302894613447528e-11,2.0302894967102902e-11,2.0302895320755045e-11,2.030289567440593e-11,2.0302896028054575e-11,2.0302896381700977e-11,2.030289673534513e-11,2.0302897088983892e-11,2.030289744262042e-11,2.0302897796254862e-11,2.0302898149887172e-11,2.0302898503520164e-11,2.0302898857150862e-11,2.0302899210779294e-11,2.0302899564405482e-11,2.030289991802943e-11,2.030290027165114e-11,2.0302900625270595e-11,2.030290097888781e-11,2.030290133250278e-11,2.03029016861155e-11,2.0302902039725984e-11,2.0302902393334216e-11,2.030290274694021e-11,2.0302903100543964e-11,2.0302903454145465e-11,2.0302903807744733e-11,2.0302904161341743e-11,2.0302904514936513e-11,2.030290486852905e-11,2.0302905222119337e-11,2.0302905575707373e-11,2.030290592929317e-11,2.0302906282876726e-11,2.0302906636438328e-11,2.030290698999735e-11,2.030290734357417e-11,2.0302907697148752e-11,2.030290805072109e-11,2.030290840429173e-11,2.0302908757859603e-11,2.0302909111425205e-11,2.030290946498857e-11,2.0302909818549803e-11,2.0302910172108678e-11,2.0302910525665305e-11,2.0302910879219773e-11,2.030291123277192e-11,2.0302911586321826e-11,2.0302911939869486e-11,2.03029122934149e-11,2.030291264695808e-11,2.030291300049903e-11,2.0302913354037724e-11,2.030291370757425e-11,2.0302914061108597e-11,2.0302914414640553e-11,2.0302914768170267e-11,2.0302915121697745e-11,2.0302915475222978e-11,2.0302915828745967e-11,2.030291618226671e-11,2.0302916535785223e-11,2.030291688930148e-11,2.0302917242815503e-11,2.0302917596327032e-11,2.0302917949836677e-11,2.030291830334397e-11,2.030291865684902e-11,2.0302919010351825e-11,2.0302919363852394e-11,2.0302919717350713e-11,2.030292007084678e-11,2.030292042434063e-11,2.0302920777832222e-11,2.030292113132158e-11,2.0302921484808702e-11,2.0302921838293574e-11,2.0302922191776206e-11,2.030292254525659e-11,2.0302922898734886e-11,2.0302923252210795e-11,2.0302923605684458e-11,2.030292395915589e-11,2.030292431262507e-11,2.0302924666091894e-11,2.0302925019556597e-11,2.0302925373019057e-11,2.0302925726479275e-11,2.0302926079937244e-11,2.030292643339298e-11,2.0302926786843353e-11,2.0302927140294617e-11,2.030292749374363e-11,2.0302927847190402e-11,2.0302928200634933e-11,2.0302928554077234e-11,2.030292890751727e-11,2.0302929260955787e-11,2.0302929614390912e-11,2.0302929967824233e-11,2.0302930321255316e-11,2.030293067468416e-11,2.030293102811076e-11,2.0302931381535128e-11,2.0302931734957237e-11,2.0302932088377114e-11,2.0302932441794754e-11,2.0302932795210156e-11,2.0302933148623318e-11,2.030293350203428e-11,2.0302933855442964e-11,2.0302934208849402e-11,2.030293456225361e-11,2.0302934915655564e-11,2.030293526905529e-11,2.0302935622452773e-11,2.030293597584801e-11,2.0302936329241024e-11,2.0302936682631778e-11,2.0302937036020296e-11,2.0302937389406575e-11,2.0302937742790618e-11,2.0302938096172425e-11,2.0302938449551993e-11,2.030293880292932e-11,2.0302939156304398e-11,2.0302939509677293e-11,2.0302939863047898e-11,2.0302940216416263e-11,2.0302940569782376e-11,2.0302940923146263e-11,2.030294127650791e-11,2.0302941629867316e-11,2.0302941983224482e-11,2.030294233657942e-11,2.0302942689932106e-11,2.030294304328256e-11,2.0302943396611002e-11,2.0302943749956975e-11,2.030294410330072e-11,2.0302944456642214e-11,2.0302944809981473e-11,2.030294516331785e-11,2.0302945516652646e-11,2.0302945869985142e-11,2.030294622331544e-11,2.0302946576643507e-11,2.030294692996933e-11,2.030294728329292e-11,2.030294763661427e-11,2.0302947989933395e-11,2.0302948343250262e-11,2.0302948696564896e-11,2.0302949049877462e-11,2.0302949403187625e-11,2.030294975649554e-11,2.030295010980191e-11,2.030295046310535e-11,2.030295081640656e-11,2.0302951169705532e-11,2.0302951523002262e-11,2.030295187627714e-11,2.030295222955037e-11,2.030295258284039e-11,2.0302952936128166e-11,2.0302953289413706e-11,2.030295364269701e-11,2.030295399597808e-11,2.030295434925691e-11,2.03029547025335e-11,2.0302955055807853e-11,2.0302955409079975e-11,2.030295576234985e-11,2.0302956115617497e-11,2.03029564688829e-11,2.0302956822146072e-11,2.0302957175407004e-11,2.0302957528665697e-11,2.0302957881922154e-11,2.030295823517637e-11,2.0302958588428353e-11,2.03029589416781e-11,2.0302959294925608e-11,2.0302959648167883e-11,2.0302960001407793e-11,2.030296035464858e-11,2.0302960707887138e-11,2.0302961061123552e-11,2.030296141435346e-11,2.0302961767585316e-11,2.030296212081478e-11,2.0302962474042153e-11,2.0302962827267296e-11,2.0302963180490204e-11,2.0302963533710872e-11,2.0302963886929308e-11,2.0302964240145507e-11,2.0302964593359468e-11,2.03029649465712e-11,2.0302965299780687e-11,2.030296565298794e-11,2.0302966006192946e-11,2.030296635939573e-11,2.030296671259627e-11,2.0302967065794577e-11,2.0302967418990646e-11,2.0302967772184486e-11,2.0302968125374823e-11,2.030296847856435e-11,2.0302968831751504e-11,2.0302969184936403e-11,2.030296953811907e-11,2.0302969891298243e-11,2.0302970244476428e-11,2.0302970597652383e-11,2.03029709508261e-11,2.0302971303997567e-11,2.0302971657166817e-11,2.030297201033383e-11,2.0302972363498604e-11,2.0302972716660963e-11,2.030297306982121e-11,2.0302973422979285e-11,2.0302973776135117e-11,2.0302974129288722e-11,2.0302974482440088e-11,2.030297483558922e-11,2.0302975188736112e-11,2.0302975541880777e-11,2.030297589502321e-11,2.03029762481634e-11,2.030297660130136e-11,2.0302976954437082e-11,2.0302977307570577e-11,2.0302977660701826e-11,2.0302978013830845e-11,2.0302978366957628e-11,2.0302978720082182e-11,2.0302979073204496e-11,2.0302979426324578e-11,2.0302979779442427e-11,2.030298013255805e-11,2.0302980485671427e-11,2.0302980838782575e-11,2.030298119189149e-11,2.0302981544998163e-11,2.0302981898102605e-11,2.030298225120481e-11,2.0302982604304783e-11,2.0302982957402522e-11,2.0302983310498034e-11,2.0302983663591307e-11,2.0302984016682337e-11,2.0302984369771147e-11,2.0302984722857722e-11,2.030298507594206e-11,2.0302985429024167e-11,2.0302985782104043e-11,2.0302986135181683e-11,2.0302986488257084e-11,2.0302986841330263e-11,2.0302987194401198e-11,2.0302987547469908e-11,2.030298790053638e-11,2.030298825360062e-11,2.030298860666263e-11,2.0302988959722405e-11,2.0302989312779944e-11,2.0302989665835247e-11,2.0302990018888324e-11,2.0302990371939165e-11,2.0302990724987735e-11,2.0302991078034107e-11,2.030299143107825e-11,2.0302991784120383e-11,2.030299213716006e-11,2.030299249019751e-11,2.030299284323271e-11,2.0302993196265686e-11,2.0302993549296436e-11,2.030299390232495e-11,2.0302994255351233e-11,2.030299460837529e-11,2.0302994961397113e-11,2.0302995314416696e-11,2.0302995667434052e-11,2.0302996020449173e-11,2.0302996373462067e-11,2.030299672647272e-11,2.0302997079481153e-11,2.0302997432487346e-11,2.0302997785491312e-11,2.0302998138493036e-11,2.030299849149254e-11,2.030299884448981e-11,2.0302999197484844e-11,2.030299955047765e-11,2.0302999903468695e-11,2.0303000256457042e-11,2.030300060944311e-11,2.030300096242699e-11,2.0303001315408647e-11,2.030300166838806e-11,2.0303002021365243e-11,2.0303002374340193e-11,2.0303002727312918e-11,2.0303003080282294e-11,2.0303003433250556e-11,2.0303003786216582e-11,2.0303004139180375e-11,2.030300449214194e-11,2.0303004845101276e-11,2.0303005198058378e-11,2.0303005551013253e-11,2.03030059039659e-11,2.0303006256916308e-11,2.0303006609864495e-11,2.030300696281045e-11,2.0303007315754166e-11,2.0303007668695658e-11,2.0303008021634914e-11,2.0303008374571943e-11,2.030300872750674e-11,2.0303009080439307e-11,2.0303009433369638e-11,2.030300978629775e-11,2.0303010139223625e-11,2.0303010492147264e-11,2.0303010845068677e-11,2.030301119798775e-11,2.0303011550904705e-11,2.030301190381943e-11,2.0303012256731925e-11,2.030301260964218e-11,2.0303012962550223e-11,2.0303013315456026e-11,2.0303013668359632e-11,2.030301402126135e-11,2.0303014374160466e-11,2.0303014727057358e-11,2.0303015079952014e-11,2.0303015432844172e-11,2.0303015785734362e-11,2.030301613862233e-11,2.0303016491508073e-11,2.030301684439158e-11,2.0303017197272896e-11,2.0303017550151945e-11,2.0303017903028755e-11,2.0303018255903342e-11,2.0303018608775706e-11,2.0303018961645843e-11,2.0303019314513745e-11,2.0303019667379417e-11,2.0303020020242866e-11,2.0303020373104086e-11,2.030302072596035e-11,2.0303021078817112e-11,2.030302143167164e-11,2.030302178452397e-11,2.0303022137374043e-11,2.0303022490221882e-11,2.0303022843067498e-11,2.030302319591366e-11,2.0303023548754824e-11,2.0303023901593862e-11,2.0303024254430566e-11,2.030302460726504e-11,2.030302496009728e-11,2.0303025312927294e-11,2.030302566575508e-11,2.030302601858064e-11,2.0303026371403965e-11,2.0303026724225066e-11,2.0303027077043686e-11,2.0303027429859973e-11,2.030302778267402e-11,2.0303028135486213e-11,2.030302848829618e-11,2.0303028841103914e-11,2.0303029193909418e-11,2.0303029546712693e-11,2.0303029899513748e-11,2.0303030252312574e-11,2.030303060510917e-11,2.030303095790354e-11,2.030303131069568e-11,2.030303166348559e-11,2.0303032016273272e-11,2.0303032369058727e-11,2.030303272184196e-11,2.030303307462296e-11,2.030303342740174e-11,2.030303378017829e-11,2.0303034132952618e-11,2.030303448572471e-11,2.0303034838494583e-11,2.0303035191262218e-11,2.0303035544027636e-11,2.0303035896790822e-11,2.0303036249551785e-11,2.0303036602310515e-11,2.0303036955067018e-11,2.03030373078213e-11,2.0303037660573353e-11,2.0303038013323175e-11,2.030303836607078e-11,2.030303871881615e-11,2.03030390715593e-11,2.0303039424300214e-11,2.0303039777038905e-11,2.0303040129775517e-11,2.0303040482509794e-11,2.03030408352418e-11,2.0303041187971584e-11,2.030304154069915e-11,2.030304189342449e-11,2.0303042246147597e-11,2.0303042598868477e-11,2.0303042951587137e-11,2.0303043304303568e-11,2.030304365701778e-11,2.0303044009729757e-11,2.030304436243951e-11,2.0303044715147038e-11,2.0303045067852334e-11,2.0303045420555416e-11,2.0303045773256266e-11,2.030304612595489e-11,2.0303046478651294e-11,2.030304683134547e-11,2.030304718403742e-11,2.0303047536727138e-11,2.030304788941464e-11,2.0303048242100342e-11,2.0303048594783863e-11,2.0303048947465067e-11,2.0303049300144207e-11,2.0303049652820574e-11,2.030305000549508e-11,2.030305035816736e-11,2.0303050710837285e-11,2.030305106350476e-11,2.0303051416170002e-11,2.0303051768833018e-11,2.0303052121492897e-11,2.0303052474151444e-11,2.030305282680779e-11,2.0303053179464768e-11,2.030305353211665e-11,2.030305388476632e-11,2.0303054237413776e-11,2.0303054590058995e-11,2.0303054942701994e-11,2.030305529534277e-11,2.0303055647981322e-11,2.030305600061764e-11,2.0303056353251746e-11,2.0303056705883617e-11,2.0303057058513268e-11,2.03030574111407e-11,2.03030577637659e-11,2.0303058116389726e-11,2.030305846901048e-11,2.030305882162906e-11,2.0303059174245514e-11,2.0303059526859604e-11,2.0303059879471467e-11,2.03030602320811e-11,2.030306058468851e-11,2.03030609372937e-11,2.030306128989666e-11,2.0303061642497406e-11,2.0303061995095925e-11,2.0303062347692256e-11,2.0303062700286322e-11,2.0303063052878168e-11,2.0303063405467788e-11,2.0303063758055188e-11,2.0303064110640372e-11,2.0303064463223322e-11,2.0303064815804053e-11,2.0303065168382555e-11,2.0303065520958843e-11,2.0303065873532902e-11,2.0303066226104737e-11,2.0303066578674347e-11,2.030306693124173e-11,2.0303067283806896e-11,2.0303067636369833e-11,2.0303067988930557e-11,2.0303068341489047e-11,2.0303068694045322e-11,2.0303069046599376e-11,2.0303069399151195e-11,2.0303069751700793e-11,2.0303070104248185e-11,2.0303070456793357e-11,2.0303070809336303e-11,2.0303071161877016e-11,2.0303071514415518e-11,2.030307186695179e-11,2.0303072219485842e-11,2.0303072572017672e-11,2.0303072924547283e-11,2.030307327707466e-11,2.030307362959983e-11,2.030307398212277e-11,2.0303074334643492e-11,2.0303074687161987e-11,2.0303075039678263e-11,2.0303075392192325e-11,2.0303075744704154e-11,2.030307609721376e-11,2.030307644972115e-11,2.0303076802226327e-11,2.0303077154729274e-11,2.0303077507229994e-11,2.0303077859728502e-11,2.0303078212224783e-11,2.030307856471884e-11,2.030307891721068e-11,2.0303079269700294e-11,2.0303079622187693e-11,2.0303079974672868e-11,2.0303080327155817e-11,2.0303080679636553e-11,2.0303081032115063e-11,2.0303081384591353e-11,2.0303081737065423e-11,2.0303082089537266e-11,2.0303082442006893e-11,2.0303082794474297e-11,2.0303083146939478e-11,2.030308349940244e-11,2.0303083851863187e-11,2.0303084204321706e-11,2.0303084556778014e-11,2.030308490923209e-11,2.0303085261683948e-11,2.0303085614133587e-11,2.0303085966581003e-11,2.0303086319026203e-11,2.0303086671469176e-11,2.0303087023909935e-11,2.0303087376348472e-11,2.030308772878479e-11,2.0303088081218877e-11,2.0303088433650754e-11,2.0303088786080447e-11,2.0303089138507878e-11,2.0303089490933096e-11,2.03030898433561e-11,2.030309019577687e-11,2.030309054819543e-11,2.030309090061176e-11,2.0303091253025878e-11,2.0303091605437777e-11,2.030309195784745e-11,2.0303092310254906e-11,2.0303092662660145e-11,2.030309301506317e-11,2.0303093367463965e-11,2.030309371986254e-11,2.0303094072258905e-11,2.0303094424653045e-11,2.0303094777044963e-11,2.030309512943467e-11,2.0303095481822147e-11,2.0303095834207418e-11,2.030309618659046e-11,2.0303096538971284e-11,2.0303096891349896e-11,2.030309724372628e-11,2.0303097596100453e-11,2.0303097948472398e-11,2.030309830084213e-11,2.030309865320964e-11,2.0303099005574935e-11,2.0303099357938004e-11,2.0303099710298864e-11,2.030310006265749e-11,2.030310041501392e-11,2.0303100767368116e-11,2.0303101119720103e-11,2.0303101472069863e-11,2.0303101824417403e-11,2.0303102176762724e-11,2.030310252910584e-11,2.0303102881446718e-11,2.0303103233785392e-11,2.0303103586121847e-11,2.030310393845608e-11,2.03031042907881e-11,2.030310464311789e-11,2.030310499544547e-11,2.0303105347771948e-11,2.0303105700095097e-11,2.030310605241603e-11,2.0303106404734734e-11,2.0303106757051216e-11,2.030310710936549e-11,2.0303107461677544e-11,2.030310781398738e-11,2.0303108166294996e-11,2.0303108518600408e-11,2.0303108870903584e-11,2.0303109223204554e-11,2.0303109575503304e-11,2.0303109927799833e-11,2.0303110280094153e-11,2.0303110632386253e-11,2.0303110984676127e-11,2.030311133696379e-11,2.0303111689249234e-11,2.0303112041532458e-11,2.0303112393813465e-11,2.0303112746092262e-11,2.0303113098368836e-11,2.03031134506432e-11,2.030311380291534e-11,2.0303114155185262e-11,2.0303114507452967e-11,2.0303114859718465e-11,2.030311521198174e-11,2.0303115564242804e-11,2.0303115916501642e-11,2.030311626875827e-11,2.0303116621012672e-11,2.0303116973264863e-11,2.030311732551484e-11,2.0303117677762597e-11,2.0303118030008142e-11,2.0303118382251474e-11,2.0303118734492586e-11,2.0303119086731475e-11,2.0303119438968205e-11,2.0303119791202722e-11,2.0303120143435017e-11,2.030312049566508e-11,2.030312084789295e-11,2.030312120011858e-11,2.0303121552341995e-11,2.0303121904563183e-11,2.0303122256782155e-11,2.0303122608998904e-11,2.0303122961213433e-11,2.0303123313425746e-11,2.030312366563583e-11,2.030312401784369e-11,2.030312437004934e-11,2.0303124722252762e-11,2.0303125074453966e-11,2.030312542665296e-11,2.030312577884972e-11,2.0303126131044268e-11,2.0303126483236596e-11,2.0303126835426697e-11,2.0303127187614585e-11,2.0303127539800257e-11,2.0303127891983705e-11,2.0303128244164927e-11,2.0303128596343943e-11,2.030312894852073e-11,2.0303129300695307e-11,2.0303129652867653e-11,2.0303130005037773e-11,2.0303130357205673e-11,2.0303130709371363e-11,2.030313106153484e-11,2.0303131413696087e-11,2.0303131765855117e-11,2.0303132118011934e-11,2.030313247016653e-11,2.030313282231891e-11,2.0303133174469067e-11,2.030313352661701e-11,2.0303133878762726e-11,2.0303134230906234e-11,2.0303134583047525e-11,2.0303134935186587e-11,2.0303135287323432e-11,2.0303135639458064e-11,2.0303135991590473e-11,2.0303136343720668e-11,2.0303136695848647e-11,2.030313704797441e-11,2.0303137400097955e-11,2.0303137752219265e-11,2.0303138104338377e-11,2.030313845645544e-11,2.0303138808570308e-11,2.030313916068295e-11,2.030313951279338e-11,2.0303139864901593e-11,2.03031402170076e-11,2.0303140569111387e-11,2.030314092121295e-11,2.030314127331232e-11,2.0303141625409464e-11,2.0303141977504392e-11,2.0303142329596188e-11,2.0303142681686698e-11,2.0303143033775176e-11,2.0303143385861256e-11,2.0303143737945126e-11,2.0303144090025888e-11,2.0303144442105325e-11,2.030314479418161e-11,2.0303145146255203e-11,2.0303145498327254e-11,2.0303145850396726e-11,2.0303146202464382e-11,2.0303146554528755e-11,2.0303146906592705e-11,2.0303147258654445e-11,2.0303147610713974e-11,2.0303147962771287e-11,2.0303148314826397e-11,2.0303148666879283e-11,2.0303149018929963e-11,2.0303149370978432e-11,2.0303149723024685e-11,2.0303150075068724e-11,2.0303150427110547e-11,2.0303150779150173e-11,2.030315113118758e-11,2.0303151483222774e-11,2.030315183525576e-11,2.0303152187286522e-11,2.0303152539315085e-11,2.0303152891341427e-11,2.0303153243365562e-11,2.0303153595387484e-11,2.030315394740719e-11,2.0303154299424688e-11,2.0303154651439977e-11,2.0303155003453055e-11,2.030315535546392e-11,2.0303155707472568e-11,2.030315605947901e-11,2.0303156411483238e-11,2.0303156763485253e-11,2.030315711548506e-11,2.0303157467482658e-11,2.0303157819478043e-11,2.030315817147122e-11,2.0303158523462178e-11,2.0303158875450926e-11,2.0303159227437463e-11,2.0303159579421794e-11,2.0303159931405714e-11,2.03031602833852e-11,2.0303160635362898e-11,2.0303160987338378e-11,2.0303161339311645e-11,2.030316169128271e-11,2.0303162043251568e-11,2.0303162395218205e-11,2.030316274718263e-11,2.030316309914485e-11,2.030316345110486e-11,2.030316380306266e-11,2.0303164155018834e-11,2.0303164506972216e-11,2.0303164858923366e-11,2.0303165210872328e-11,2.030316556281907e-11,2.0303165914763606e-11,2.0303166266705905e-11,2.030316661864596e-11,2.030316697058386e-11,2.0303167322519653e-11,2.0303167674454553e-11,2.0303168026385818e-11,2.030316837831488e-11,2.0303168730244128e-11,2.0303169082168772e-11,2.03031694340935e-11,2.030316978601372e-11,2.0303170137931745e-11,2.0303170489847546e-11,2.0303170841761146e-11,2.0303171193672536e-11,2.0303171545581716e-11,2.030317189748869e-11,2.030317224939345e-11,2.0303172601296004e-11,2.030317295319634e-11,2.030317330509447e-11,2.0303173656990392e-11,2.030317400888411e-11,2.0303174360775603e-11,2.0303174712664905e-11,2.0303175064551993e-11,2.0303175416436865e-11,2.0303175768319533e-11,2.03031761202e-11,2.0303176472078242e-11,2.030317682395429e-11,2.0303177175828118e-11,2.0303177527699745e-11,2.0303177879569152e-11,2.0303178231436362e-11,2.030317858330136e-11,2.030317893516415e-11,2.0303179287024732e-11,2.0303179638883105e-11,2.030317999073927e-11,2.030318034259323e-11,2.0303180694444973e-11,2.0303181046294512e-11,2.0303181398141844e-11,2.0303181749986966e-11,2.0303182101829884e-11,2.030318245367059e-11,2.030318280550909e-11,2.0303183157345378e-11,2.030318350917946e-11,2.030318386101133e-11,2.0303184212840993e-11,2.0303184564668457e-11,2.030318491649371e-11,2.030318526831676e-11,2.0303185620137596e-11,2.030318597195622e-11,2.0303186323772642e-11,2.0303186675586854e-11,2.0303187027398854e-11,2.0303187379208665e-11,2.0303187731016244e-11,2.0303188082821626e-11,2.0303188434624807e-11,2.0303188786425772e-11,2.0303189138224533e-11,2.0303189490021083e-11,2.0303189841815434e-11,2.030319019360757e-11,2.030319054539751e-11,2.0303190897185234e-11,2.0303191248970754e-11,2.0303191600754067e-11,2.0303191952535166e-11,2.0303192304314055e-11,2.0303192656090747e-11,2.0303193007865232e-11,2.030319335963751e-11,2.0303193711407585e-11,2.0303194063175453e-11,2.0303194414941107e-11,2.0303194766704565e-11,2.0303195118465802e-11,2.0303195470224842e-11,2.0303195821981675e-11,2.0303196173736302e-11,2.0303196525488725e-11,2.030319687723894e-11,2.0303197228986943e-11,2.030319758073274e-11,2.0303197932476337e-11,2.030319828421773e-11,2.0303198635956906e-11,2.0303198987693884e-11,2.0303199339428652e-11,2.0303199691161216e-11,2.030320004289157e-11,2.0303200394619713e-11,2.0303200746345663e-11,2.0303201098069406e-11,2.0303201449790938e-11,2.0303201801510277e-11,2.0303202153227393e-11,2.0303202504942305e-11,2.0303202856655023e-11,2.030320320836553e-11,2.030320356007383e-11,2.030320391177992e-11,2.0303204263483813e-11,2.0303204615185494e-11,2.030320496688497e-11,2.030320531858226e-11,2.030320567027733e-11,2.030320602197019e-11,2.030320637366086e-11,2.0303206725349312e-11,2.030320707703556e-11,2.0303207428719605e-11,2.030320778040145e-11,2.030320813208109e-11,2.0303208483758516e-11,2.030320883543374e-11,2.0303209187106763e-11,2.0303209538777582e-11,2.0303209890446195e-11,2.0303210242112597e-11,2.0303210593776803e-11,2.030321094543881e-11,2.0303211297098615e-11,2.0303211648756216e-11,2.0303212000411613e-11,2.030321235206481e-11,2.0303212703715792e-11,2.030321305536457e-11,2.0303213407011148e-11,2.0303213758655523e-11,2.0303214110297692e-11,2.0303214461937667e-11,2.0303214813575428e-11,2.030321516521099e-11,2.0303215516844343e-11,2.0303215868475493e-11,2.0303216220104433e-11,2.030321657173118e-11,2.0303216923355728e-11,2.030321727497806e-11,2.0303217626598183e-11,2.0303217978216092e-11,2.0303218329831813e-11,2.030321868144532e-11,2.0303219033056636e-11,2.0303219384665733e-11,2.0303219736272546e-11,2.0303220087877253e-11,2.030322043947975e-11,2.0303220791079974e-11,2.030322114267806e-11,2.0303221494273938e-11,2.0303221845867626e-11,2.030322219745911e-11,2.0303222549048388e-11,2.0303222900635462e-11,2.030322325222033e-11,2.0303223603803e-11,2.030322395538346e-11,2.0303224306961724e-11,2.0303224658537776e-11,2.0303225010111638e-11,2.0303225361683292e-11,2.0303225713252743e-11,2.030322606481999e-11,2.030322641638504e-11,2.0303226767947897e-11,2.030322711950853e-11,2.0303227471066973e-11,2.0303227822623208e-11,2.030322817417724e-11,2.030322852572907e-11,2.0303228877278702e-11,2.0303229228826126e-11,2.030322958037135e-11,2.0303229931914383e-11,2.0303230283455203e-11,2.0303230634993825e-11,2.030323098653025e-11,2.0303231338064465e-11,2.0303231689596477e-11,2.030323204112629e-11,2.0303232392653892e-11,2.0303232744179302e-11,2.0303233095703332e-11,2.0303233447224335e-11,2.0303233798743144e-11,2.030323415025975e-11,2.030323450177415e-11,2.0303234853286348e-11,2.030323520479635e-11,2.0303235556304162e-11,2.030323590780976e-11,2.0303236259313155e-11,2.0303236610814354e-11,2.0303236962313682e-11,2.030323731381047e-11,2.030323766530506e-11,2.0303238016797497e-11,2.030323836828769e-11,2.0303238719775668e-11,2.0303239071261454e-11,2.030323942274505e-11,2.0303239774226435e-11,2.030324012570562e-11,2.0303240477182604e-11,2.0303240828657388e-11,2.0303241180129972e-11,2.0303241531600355e-11,2.0303241883068538e-11,2.030324223453452e-11,2.030324258599513e-11,2.030324293745671e-11,2.0303243288916095e-11,2.0303243640373276e-11,2.0303243991809147e-11,2.0303244343261917e-11,2.0303244694712503e-11,2.030324504616086e-11,2.0303245397607037e-11,2.0303245749051012e-11,2.0303246100492796e-11,2.030324645193226e-11,2.030324680336965e-11,2.0303247154804817e-11,2.0303247506237805e-11,2.0303247857668594e-11,2.0303248209093224e-11,2.0303248560519608e-11,2.030324891194413e-11,2.030324926336611e-11,2.0303249614785898e-11,2.030324996620347e-11,2.030325031761941e-11,2.03032506690326e-11,2.0303251020443584e-11,2.0303251371852304e-11,2.030325172325889e-11,2.0303252074663277e-11,2.030325242606546e-11,2.0303252777465446e-11,2.030325312886324e-11,2.0303253480258825e-11,2.0303253831652216e-11,2.0303254183043413e-11,2.0303254534432406e-11,2.0303254885819205e-11,2.0303255237203798e-11,2.0303255588586196e-11,2.0303255939966397e-11,2.0303256291344388e-11,2.0303256642720188e-11,2.0303256994093788e-11,2.0303257345465197e-11,2.03032576968344e-11,2.03032580482014e-11,2.030325839956621e-11,2.0303258750928826e-11,2.0303259102289233e-11,2.030325945364745e-11,2.0303259805003462e-11,2.030326015635728e-11,2.03032605077089e-11,2.0303260859058317e-11,2.030326121040554e-11,2.0303261561750564e-11,2.0303261913093396e-11,2.0303262264434025e-11,2.030326261577245e-11,2.030326296710869e-11,2.0303263318442726e-11,2.0303263669774563e-11,2.0303264021104202e-11,2.030326437243165e-11,2.0303264723756893e-11,2.0303265075079948e-11,2.0303265426400792e-11,2.0303265777719378e-11,2.0303266129035825e-11,2.030326648035023e-11,2.0303266831642698e-11,2.0303267182952566e-11,2.0303267534260228e-11,2.0303267885565692e-11,2.0303268236868975e-11,2.030326858817003e-11,2.030326893946873e-11,2.0303269290765405e-11,2.030326964205989e-11,2.0303269993352183e-11,2.030327034464221e-11,2.0303270695930098e-11,2.0303271047215804e-11,2.0303271398499306e-11,2.0303271749781137e-11,2.0303272101060238e-11,2.030327245233688e-11,2.030327280361159e-11,2.030327315488411e-11,2.0303273506154424e-11,2.030327385742255e-11,2.0303274208688473e-11,2.03032745599522e-11,2.030327491121374e-11,2.0303275262473075e-11,2.0303275613730214e-11,2.0303275964985165e-11,2.0303276316237912e-11,2.0303276667488643e-11,2.030327701873698e-11,2.0303277369983656e-11,2.030327772122762e-11,2.0303278072469386e-11,2.0303278423708996e-11,2.030327877494637e-11,2.0303279126181555e-11,2.030327947741454e-11,2.030327982864534e-11,2.0303280179873927e-11,2.030328053110033e-11,2.0303280882324534e-11,2.030328123354655e-11,2.030328158476636e-11,2.030328193598398e-11,2.0303282287199395e-11,2.0303282638412625e-11,2.0303282989623645e-11,2.0303283340832487e-11,2.0303283692039123e-11,2.0303284043243574e-11,2.0303284394445828e-11,2.0303284745645887e-11,2.030328509684374e-11,2.0303285448039413e-11,2.0303285799232878e-11,2.0303286150424162e-11,2.0303286501613232e-11,2.0303286852800132e-11,2.030328720398481e-11,2.0303287555167313e-11,2.0303287906347614e-11,2.0303288257525722e-11,2.0303288608701638e-11,2.0303288959875364e-11,2.0303289311046886e-11,2.0303289662216215e-11,2.0303290013383346e-11,2.0303290364548286e-11,2.030329071571082e-11,2.030329106687141e-11,2.0303291418034787e-11,2.0303291769190977e-11,2.0303292120344944e-11,2.030329247149673e-11,2.030329282264633e-11,2.0303293173793724e-11,2.0303293524938932e-11,2.0303293876081936e-11,2.0303294227222755e-11,2.0303294578361377e-11,2.0303294929497806e-11,2.0303295280632044e-11,2.0303295631764084e-11,2.0303295982893927e-11,2.0303296334021583e-11,2.0303296685147042e-11,2.0303297036270316e-11,2.030329738739139e-11,2.030329773851027e-11,2.0303298089626962e-11,2.0303298440741454e-11,2.0303298791853756e-11,2.0303299142963866e-11,2.030329949407178e-11,2.0303299845177502e-11,2.0303300196281034e-11,2.0303300547382372e-11,2.0303300898481506e-11,2.030330124957846e-11,2.030330160067322e-11,2.0303301951765777e-11,2.0303302302856135e-11,2.0303302653944313e-11,2.0303303005030293e-11,2.030330335611408e-11,2.0303303707195665e-11,2.0303304058275063e-11,2.030330440935227e-11,2.0303304760427284e-11,2.03033051115001e-11,2.0303305462570726e-11,2.0303305813639167e-11,2.0303306164705405e-11,2.0303306515769458e-11,2.0303306866831314e-11,2.0303307217890983e-11,2.0303307568948457e-11,2.030330792000374e-11,2.0303308271056835e-11,2.030330862210773e-11,2.0303308973156442e-11,2.0303309324202954e-11,2.0303309675247277e-11,2.0303310026289404e-11,2.0303310377329343e-11,2.0303310728367095e-11,2.0303311079402646e-11,2.030331143043601e-11,2.0303311781467186e-11,2.0303312132496165e-11,2.0303312483522953e-11,2.0303312834547557e-11,2.0303313185569964e-11,2.030331353659018e-11,2.030331388760821e-11,2.0303314238624043e-11,2.0303314589637683e-11,2.0303314940649133e-11,2.030331529165839e-11,2.0303315642665454e-11,2.0303315993670335e-11,2.0303316344673025e-11,2.0303316695673518e-11,2.0303317046671827e-11,2.030331739766794e-11,2.0303317748661865e-11,2.0303318099653602e-11,2.030331845064314e-11,2.0303318801630493e-11,2.0303319152615657e-11,2.0303319503598624e-11,2.03033198545794e-11,2.0303320205557983e-11,2.0303320556534377e-11,2.030332090750858e-11,2.0303321258480604e-11,2.0303321609450427e-11,2.0303321960418072e-11,2.0303322311383513e-11,2.0303322662346773e-11,2.0303323013307836e-11,2.030332336426671e-11,2.03033237152234e-11,2.0303324066177893e-11,2.0303324417130193e-11,2.030332476808031e-11,2.0303325119028234e-11,2.0303325469973968e-11,2.030332582091751e-11,2.030332617185887e-11,2.0303326522798033e-11,2.030332687373501e-11,2.0303327224669798e-11,2.0303327575602397e-11,2.0303327926532803e-11,2.0303328277461017e-11,2.0303328628387048e-11,2.030332897931089e-11,2.0303329330232533e-11,2.0303329681152e-11,2.030333003206927e-11,2.0303330382984352e-11,2.0303330733897248e-11,2.030333108480794e-11,2.0303331435716458e-11,2.0303331786622788e-11,2.0303332137526917e-11,2.030333248842887e-11,2.030333283932862e-11,2.0303333190226197e-11,2.030333354112157e-11,2.0303333892014763e-11,2.0303334242905774e-11,2.0303334593794587e-11,2.0303334944681217e-11,2.0303335295565656e-11,2.03033356464479e-11,2.0303335997327965e-11,2.0303336348205834e-11,2.0303336699081523e-11,2.0303337049955025e-11,2.0303337400826332e-11,2.030333775169544e-11,2.030333810256237e-11,2.0303338453427116e-11,2.030333880428967e-11,2.030333915515223e-11,2.0303339506010403e-11,2.0303339856868653e-11,2.030334020772246e-11,2.0303340558574045e-11,2.0303340909424893e-11,2.0303341260272225e-11,2.0303341611117256e-11,2.0303341961962598e-11,2.030334231280325e-11,2.0303342663641713e-11,2.0303343014477988e-11,2.0303343365312182e-11,2.0303343716145536e-11,2.030334406697527e-11,2.030334441780282e-11,2.0303344768628182e-11,2.030334511945135e-11,2.030334547027234e-11,2.0303345821091147e-11,2.0303346171907757e-11,2.0303346522722183e-11,2.0303346873534424e-11,2.030334722434447e-11,2.0303347575152335e-11,2.0303347925959856e-11,2.0303348276763354e-11,2.0303348627564658e-11,2.0303348978363774e-11,2.0303349329160706e-11,2.030334967995545e-11,2.030335003074801e-11,2.030335038153838e-11,2.030335073232657e-11,2.0303351083112558e-11,2.0303351433896368e-11,2.0303351784677988e-11,2.0303352135457423e-11,2.030335248623468e-11,2.030335283700974e-11,2.030335318778262e-11,2.0303353538553303e-11,2.0303353889321807e-11,2.0303354240088124e-11,2.030335459085226e-11,2.0303354941614204e-11,2.030335529237397e-11,2.0303355643131545e-11,2.0303355993886937e-11,2.0303356344640135e-11,2.0303356695391153e-11,2.0303357046139982e-11,2.0303357396886634e-11,2.0303357747631086e-11,2.0303358098373362e-11,2.0303358449113442e-11,2.030335879985135e-11,2.0303359150587068e-11,2.03033595013206e-11,2.0303359852050383e-11,2.0303360202778433e-11,2.0303360553504528e-11,2.0303360904228575e-11,2.030336125495119e-11,2.0303361605671404e-11,2.0303361956388627e-11,2.0303362307104667e-11,2.0303362657818603e-11,2.0303363008530284e-11,2.0303363359240155e-11,2.0303363709947458e-11,2.0303364060651642e-11,2.0303364411353533e-11,2.0303364762054286e-11,2.030336511275286e-11,2.030336546344924e-11,2.030336581414344e-11,2.0303366164835462e-11,2.030336651552529e-11,2.0303366866212934e-11,2.0303367216898394e-11,2.030336756758167e-11,2.0303367918262764e-11,2.030336826894167e-11,2.030336861961824e-11,2.0303368970292632e-11,2.0303369320964844e-11,2.0303369671634872e-11,2.0303370022302725e-11,2.0303370372968398e-11,2.030337072363189e-11,2.0303371074293202e-11,2.0303371424952338e-11,2.030337177560929e-11,2.0303372126264062e-11,2.030337247691666e-11,2.0303372827567085e-11,2.030337317821532e-11,2.030337352886138e-11,2.030337387950526e-11,2.0303374230146962e-11,2.0303374580786485e-11,2.0303374931423832e-11,2.0303375282059005e-11,2.0303375632691998e-11,2.0303375983322802e-11,2.030337633395144e-11,2.0303376684577894e-11,2.0303377035202165e-11,2.0303377385824275e-11,2.0303377736444206e-11,2.030337808706195e-11,2.030337843767751e-11,2.0303378788290905e-11,2.0303379138902116e-11,2.030337948951115e-11,2.0303379840118004e-11,2.0303380190722685e-11,2.0303380541325187e-11,2.0303380891925512e-11,2.0303381242523663e-11,2.0303381593119642e-11,2.030338194371344e-11,2.0303382294305005e-11,2.03033826448944e-11,2.0303382995481602e-11,2.030338334606662e-11,2.0303383696649452e-11,2.0303384047230102e-11,2.0303384397808575e-11,2.0303384748384863e-11,2.0303385098958967e-11,2.0303385449530887e-11,2.030338580010063e-11,2.0303386150668196e-11,2.0303386501233572e-11,2.0303386851796768e-11,2.030338720235778e-11,2.0303387552916612e-11,2.030338790347326e-11,2.0303388254027726e-11,2.0303388604580013e-11,2.030338895513012e-11,2.0303389305678044e-11,2.0303389656223775e-11,2.0303390006767332e-11,2.0303390357308717e-11,2.030339070784791e-11,2.030339105838492e-11,2.0303391408919757e-11,2.030339175945241e-11,2.0303392109983334e-11,2.030339246051209e-11,2.0303392811038674e-11,2.0303393161563096e-11,2.0303393512085346e-11,2.0303393862605066e-11,2.0303394213122618e-11,2.0303394563637976e-11,2.0303394914151e-11,2.030339526466183e-11,2.030339561517049e-11,2.0303395965676967e-11,2.0303396316181265e-11,2.030339666668338e-11,2.030339701718332e-11,2.030339736768107e-11,2.0303397718176648e-11,2.0303398068670037e-11,2.0303398419161252e-11,2.0303398769650292e-11,2.0303399120137138e-11,2.030339947062181e-11,2.03033998211043e-11,2.030340017158461e-11,2.030340052206274e-11,2.030340087253869e-11,2.0303401223012464e-11,2.0303401573484053e-11,2.030340192395346e-11,2.0303402274420693e-11,2.030340262488574e-11,2.030340297534861e-11,2.0303403325809292e-11,2.0303403676267814e-11,2.0303404026724164e-11,2.0303404377178657e-11,2.030340472763038e-11,2.0303405078080394e-11,2.0303405428528e-11,2.0303405778973274e-11,2.030340612941704e-11,2.0303406479858103e-11,2.0303406830296995e-11,2.0303407180733706e-11,2.0303407531168236e-11,2.030340788160059e-11,2.0303408232030766e-11,2.030340858245876e-11,2.030340893288457e-11,2.0303409283308203e-11,2.0303409633729657e-11,2.0303409984148933e-11,2.0303410334566037e-11,2.0303410684980957e-11,2.03034110353937e-11,2.0303411385804255e-11,2.0303411736212644e-11,2.0303412086618847e-11,2.030341243702287e-11,2.0303412787424686e-11,2.0303413137824352e-11,2.030341348822188e-11,2.0303413838617185e-11,2.0303414189010314e-11,2.0303414539401272e-11,2.0303414889790042e-11,2.0303415240176645e-11,2.0303415590561056e-11,2.0303415940943293e-11,2.0303416291323345e-11,2.0303416641701223e-11,2.0303416992076933e-11,2.0303417342450462e-11,2.030341769282181e-11,2.030341804319098e-11,2.0303418393557972e-11,2.030341874392278e-11,2.030341909428542e-11,2.0303419444645878e-11,2.0303419795004152e-11,2.0303420145360252e-11,2.0303420495714184e-11,2.0303420846065925e-11,2.03034211964155e-11,2.0303421546762886e-11,2.0303421897108097e-11,2.0303422247451137e-11,2.0303422597791992e-11,2.0303422948130672e-11,2.0303423298467175e-11,2.03034236488015e-11,2.0303423999133657e-11,2.0303424349463626e-11,2.0303424699791418e-11,2.0303425050117044e-11,2.0303425400440477e-11,2.0303425750761745e-11,2.0303426101080832e-11,2.0303426451397744e-11,2.0303426801712478e-11,2.0303427152025035e-11,2.0303427502335407e-11,2.0303427852643608e-11,2.0303428202949634e-11,2.030342855325348e-11,2.0303428903555147e-11,2.0303429253854633e-11,2.0303429604151952e-11,2.030342995444709e-11,2.0303430304740052e-11,2.0303430655030843e-11,2.030343100531946e-11,2.0303431355605896e-11,2.0303431705890153e-11,2.030343205617224e-11,2.0303432406452142e-11,2.030343275672986e-11,2.0303433107005707e-11,2.030343345727934e-11,2.0303433807550158e-11,2.030343415781918e-11,2.0303434508086026e-11,2.03034348583507e-11,2.0303435208613186e-11,2.0303435558873565e-11,2.030343590913168e-11,2.0303436259387645e-11,2.0303436609641437e-11,2.0303436959893037e-11,2.0303437310142472e-11,2.030343766038973e-11,2.0303438010634813e-11,2.0303438360877722e-11,2.0303438711118453e-11,2.0303439061357015e-11,2.0303439411593394e-11,2.0303439761827607e-11,2.030344011205964e-11,2.0303440462289507e-11,2.030344081251719e-11,2.0303441162742702e-11,2.030344151296604e-11,2.0303441863187196e-11,2.030344221340619e-11,2.0303442563622998e-11,2.0303442913837643e-11,2.03034432640501e-11,2.0303443614260388e-11,2.0303443964468507e-11,2.030344431467444e-11,2.030344466487821e-11,2.0303445015079805e-11,2.0303445365279222e-11,2.030344571547646e-11,2.0303446065671522e-11,2.030344641586441e-11,2.030344676605514e-11,2.0303447116243824e-11,2.0303447466430196e-11,2.030344781661439e-11,2.0303448166796402e-11,2.0303448516976248e-11,2.0303448867153916e-11,2.030344921732941e-11,2.0303449567502725e-11,2.0303449917673875e-11,2.0303450267842845e-11,2.030345061800965e-11,2.0303450968174273e-11,2.0303451318336716e-11,2.0303451668497003e-11,2.0303452018654108e-11,2.030345236880921e-11,2.030345271896291e-11,2.030345306911464e-11,2.030345341926404e-11,2.030345376941128e-11,2.030345411955634e-11,2.0303454469699234e-11,2.030345481983995e-11,2.030345516997849e-11,2.030345552011486e-11,2.0303455870249052e-11,2.0303456220381067e-11,2.030345657051092e-11,2.030345692063859e-11,2.0303457270764095e-11,2.0303457620887425e-11,2.0303457971008576e-11,2.030345832112756e-11,2.0303458671244362e-11,2.0303459021358996e-11,2.030345937147146e-11,2.0303459721581754e-11,2.0303460071689877e-11,2.0303460421795816e-11,2.0303460771899593e-11,2.0303461122001193e-11,2.0303461472100618e-11,2.03034618221976e-11,2.0303462172292673e-11,2.030346252238558e-11,2.030346287247631e-11,2.030346322256488e-11,2.0303463572651273e-11,2.030346392273549e-11,2.0303464272817537e-11,2.030346462289741e-11,2.030346497297511e-11,2.0303465323049867e-11,2.0303465673123235e-11,2.030346602319445e-11,2.0303466373263475e-11,2.030346672333038e-11,2.030346707339506e-11,2.0303467423457555e-11,2.0303467773517902e-11,2.0303468123576062e-11,2.030346847363205e-11,2.030346882368586e-11,2.03034691737375e-11,2.0303469523786965e-11,2.0303469873834264e-11,2.0303470223879386e-11,2.0303470573922346e-11,2.0303470923963122e-11,2.030347127400174e-11,2.030347162403818e-11,2.0303471974072448e-11,2.0303472324104542e-11,2.0303472674134474e-11,2.030347302416223e-11,2.0303473374187815e-11,2.030347372421122e-11,2.0303474074232467e-11,2.0303474424251542e-11,2.0303474774268437e-11,2.030347512428317e-11,2.0303475474295724e-11,2.0303475824306114e-11,2.0303476174314323e-11,2.030347652432037e-11,2.0303476874324253e-11,2.030347722432595e-11,2.0303477574325488e-11,2.0303477924322853e-11,2.030347827431804e-11,2.0303478624311063e-11,2.0303478974301908e-11,2.0303479324290594e-11,2.030347967427711e-11,2.030348002426145e-11,2.030348037424362e-11,2.0303480724223622e-11,2.0303481074201458e-11,2.0303481424176018e-11,2.0303481774149217e-11,2.0303482124120358e-11,2.030348247408951e-11,2.0303482824056488e-11,2.0303483174021603e-11,2.0303483523984346e-11,2.0303483873944924e-11,2.0303484223903227e-11,2.0303484573859363e-11,2.0303484923813327e-11,2.030348527376511e-11,2.030348562371474e-11,2.0303485973662204e-11,2.0303486323608167e-11,2.0303486673551284e-11,2.0303487023472507e-11,2.0303487373410186e-11,2.0303487723344298e-11,2.030348807327875e-11,2.0303488423211015e-11,2.0303488773141114e-11,2.030348912306904e-11,2.0303489472994797e-11,2.030348982291839e-11,2.030349017283981e-11,2.0303490522759063e-11,2.0303490872676146e-11,2.0303491222591068e-11,2.0303491572501072e-11,2.030349192241165e-11,2.030349227232009e-11,2.0303492622226353e-11,2.030349297213042e-11,2.0303493322031187e-11,2.030349367193092e-11,2.030349402182848e-11,2.030349437172388e-11,2.030349472161711e-11,2.0303495071508144e-11,2.030349542139704e-11,2.030349577128376e-11,2.0303496121168317e-11,2.03034964710507e-11,2.0303496820930926e-11,2.0303497170808974e-11,2.0303497520684856e-11,2.030349787055857e-11,2.0303498220430114e-11,2.0303498570299505e-11,2.030349892016671e-11,2.0303499270031755e-11,2.030349961989463e-11,2.030349996975534e-11,2.030350031961392e-11,2.030350066947029e-11,2.03035010193245e-11,2.0303501369176425e-11,2.0303501719026255e-11,2.0303502068873952e-11,2.0303502418719452e-11,2.0303502768562758e-11,2.030350311840396e-11,2.0303503468243005e-11,2.030350381807994e-11,2.0303504167914614e-11,2.0303504517747148e-11,2.0303504867577503e-11,2.0303505217405704e-11,2.0303505567231736e-11,2.0303505917055597e-11,2.030350626687729e-11,2.030350661669682e-11,2.030350696651418e-11,2.030350731632937e-11,2.0303507666142395e-11,2.0303508015953257e-11,2.0303508365761947e-11,2.0303508715568476e-11,2.0303509065372833e-11,2.030350941517503e-11,2.0303509764975063e-11,2.0303510114772923e-11,2.030351046456862e-11,2.0303510814362147e-11,2.03035111641535e-11,2.0303511513942703e-11,2.0303511863729725e-11,2.0303512213514585e-11,2.030351256329728e-11,2.0303512913077818e-11,2.030351326285618e-11,2.0303513612632388e-11,2.0303513962406415e-11,2.0303514312178273e-11,2.0303514661947986e-11,2.030351501171581e-11,2.030351536148118e-11,2.0303515711244387e-11,2.0303516061005418e-11,2.030351641076429e-11,2.0303516760520997e-11,2.0303517110275533e-11,2.0303517460027914e-11,2.0303517809778123e-11,2.030351815952617e-11,2.030351850927205e-11,2.030351885901576e-11,2.0303519208757312e-11,2.0303519558496697e-11,2.0303519908233853e-11,2.0303520257968908e-11,2.0303520607701785e-11,2.0303520957432514e-11,2.030352130716087e-11,2.030352165688727e-11,2.0303522006611494e-11,2.030352235633355e-11,2.0303522706053497e-11,2.030352305577123e-11,2.030352340548679e-11,2.0303523755200433e-11,2.0303524104911668e-11,2.030352445462074e-11,2.0303524804327702e-11,2.0303525154034895e-11,2.0303525503737473e-11,2.0303525853437887e-11,2.0303526203136142e-11,2.030352655283223e-11,2.0303526902526617e-11,2.0303527252218378e-11,2.0303527601907974e-11,2.0303527951595405e-11,2.0303528301280664e-11,2.030352865096376e-11,2.0303529000644695e-11,2.0303529350323464e-11,2.030352970000008e-11,2.0303530049675132e-11,2.0303530399347415e-11,2.0303530749017527e-11,2.0303531098685248e-11,2.030353144835104e-11,2.030353179801468e-11,2.030353214767587e-11,2.0303532497335167e-11,2.0303532846992303e-11,2.030353319664727e-11,2.0303533546300072e-11,2.030353389595072e-11,2.0303534245599196e-11,2.030353459524551e-11,2.0303534944889656e-11,2.030353529453165e-11,2.030353564417147e-11,2.0303535993809134e-11,2.030353634344463e-11,2.0303536693077975e-11,2.0303537042709138e-11,2.0303537392338146e-11,2.030353774196499e-11,2.0303538091593002e-11,2.0303538441215525e-11,2.0303538790839134e-11,2.0303539140457337e-11,2.0303539490073366e-11,2.0303539839687232e-11,2.030354018929895e-11,2.030354053890849e-11,2.0303540888515495e-11,2.030354123812071e-11,2.030354158772377e-11,2.030354193732466e-11,2.0303542286923396e-11,2.030354263651996e-11,2.0303542986114423e-11,2.0303543335706677e-11,2.0303543685296762e-11,2.0303544034884686e-11,2.030354438447044e-11,2.0303544734054038e-11,2.030354508363547e-11,2.0303545433214748e-11,2.0303545782791853e-11,2.0303546132366797e-11,2.0303546481939583e-11,2.0303546831510214e-11,2.0303547181077332e-11,2.030354753064364e-11,2.0303547880207778e-11,2.0303548229769755e-11,2.030354857932981e-11,2.030354892888745e-11,2.0303549278442937e-11,2.030354962799627e-11,2.0303549977547443e-11,2.0303550327096425e-11,2.0303550676643274e-11,2.0303551026187955e-11,2.0303551375730474e-11,2.0303551725270838e-11,2.0303552074809034e-11,2.030355242434509e-11,2.030355277387897e-11,2.0303553123410684e-11,2.0303553472940395e-11,2.0303553822467838e-11,2.030355417199307e-11,2.030355452151615e-11,2.030355487103693e-11,2.0303555220555685e-11,2.0303555570072274e-11,2.0303555919586675e-11,2.0303556269098938e-11,2.030355661860905e-11,2.0303556968117194e-11,2.0303557317622985e-11,2.0303557667126614e-11,2.030355801662808e-11,2.0303558366127383e-11,2.0303558715624537e-11,2.0303559065119516e-11,2.0303559414612343e-11,2.0303559764103005e-11,2.030356011359151e-11,2.030356046307786e-11,2.0303560812562044e-11,2.0303561162044066e-11,2.030356151152394e-11,2.0303561861001647e-11,2.030356221047719e-11,2.0303562559950573e-11,2.03035629094218e-11,2.0303563258890867e-11,2.0303563608357764e-11,2.030356395782252e-11,2.03035643072851e-11,2.0303564656745524e-11,2.030356500620379e-11,2.0303565355659898e-11,2.0303565705113893e-11,2.030356605456568e-11,2.030356640401531e-11,2.030356675346278e-11,2.0303567102908087e-11,2.030356745235125e-11,2.0303567801792244e-11,2.0303568151231078e-11,2.0303568500667753e-11,2.0303568850102267e-11,2.030356919953461e-11,2.0303569548964807e-11,2.0303569898392846e-11,2.0303570247818723e-11,2.0303570597242448e-11,2.0303570946664015e-11,2.0303571296083814e-11,2.0303571645501458e-11,2.0303571994916947e-11,2.030357234433029e-11,2.0303572693741465e-11,2.0303573043150495e-11,2.0303573392557373e-11,2.03035737419621e-11,2.030357409136467e-11,2.0303574440765088e-11,2.0303574790163364e-11,2.030357513955949e-11,2.0303575488953452e-11,2.030357583834528e-11,2.0303576187734957e-11,2.030357653712248e-11,2.0303576886507437e-11,2.03035772358902e-11,2.0303577585270754e-11,2.0303577934649146e-11,2.030357828402538e-11,2.030357863339946e-11,2.030357898277137e-11,2.0303579332141142e-11,2.030357968150874e-11,2.0303580030874186e-11,2.0303580380237478e-11,2.0303580729601582e-11,2.030358107896055e-11,2.030358142831736e-11,2.0303581777672017e-11,2.0303582127024514e-11,2.0303582476374846e-11,2.0303582825723027e-11,2.0303583175069055e-11,2.0303583524412922e-11,2.030358387375464e-11,2.0303584223094196e-11,2.0303584572431594e-11,2.030358492176684e-11,2.030358527109993e-11,2.0303585620431257e-11,2.030358596975716e-11,2.0303586319083773e-11,2.0303586668408227e-11,2.030358701773053e-11,2.030358736705068e-11,2.0303587716368657e-11,2.0303588065684497e-11,2.0303588414998158e-11,2.0303588764309678e-11,2.030358911361904e-11,2.0303589462926244e-11,2.0303589812231295e-11,2.0303590161534203e-11,2.03035905108349e-11,2.0303590860134003e-11,2.030359120943043e-11,2.0303591558724546e-11,2.0303591908016653e-11,2.0303592257306607e-11,2.0303592606594316e-11,2.030359295587995e-11,2.030359330516344e-11,2.0303593654444767e-11,2.0303594003725755e-11,2.0303594353002778e-11,2.0303594702277633e-11,2.030359505155034e-11,2.0303595400820884e-11,2.0303595750090563e-11,2.030359609935721e-11,2.0303596448621304e-11,2.030359679788443e-11,2.0303597147144677e-11,2.0303597496402316e-11,2.0303597845658133e-11,2.0303598194911433e-11,2.030359854416259e-11,2.030359889341158e-11,2.0303599242658415e-11,2.03035995919031e-11,2.030359994114549e-11,2.0303600290385813e-11,2.0303600639624027e-11,2.030360098886009e-11,2.0303601338093995e-11,2.030360168732578e-11,2.030360203655538e-11,2.0303602385782823e-11,2.0303602735008108e-11,2.0303603084231242e-11,2.0303603433453972e-11,2.0303603782672805e-11,2.0303604131889473e-11,2.0303604481103983e-11,2.0303604830316344e-11,2.030360517952655e-11,2.0303605528734604e-11,2.0303605877940503e-11,2.0303606227144237e-11,2.0303606576345828e-11,2.0303606925545265e-11,2.030360727474254e-11,2.0303607623935743e-11,2.0303607973128717e-11,2.0303608322310162e-11,2.030360867149882e-11,2.030360902068533e-11,2.030360936986968e-11,2.0303609719051882e-11,2.030361006823193e-11,2.0303610417409823e-11,2.0303610766585568e-11,2.0303611115759145e-11,2.0303611464930574e-11,2.0303611814099847e-11,2.0303612163266972e-11,2.0303612512431945e-11,2.030361286159476e-11,2.0303613210754306e-11,2.0303613559912814e-11,2.0303613909069175e-11,2.0303614258223375e-11,2.0303614607375423e-11,2.0303614956525332e-11,2.0303615305673073e-11,2.0303615654818662e-11,2.0303616003962092e-11,2.0303616353103384e-11,2.0303616702242507e-11,2.030361705137948e-11,2.0303617400514304e-11,2.0303617749646968e-11,2.030361809877749e-11,2.0303618447905863e-11,2.0303618797032068e-11,2.0303619146156128e-11,2.0303619495278032e-11,2.0303619844398395e-11,2.0303620193515996e-11,2.0303620542631444e-11,2.0303620891744744e-11,2.0303621240855882e-11,2.0303621589964878e-11,2.0303621939071712e-11,2.0303622288176242e-11,2.0303622637278624e-11,2.0303622986378863e-11,2.0303623335477086e-11,2.0303623684573157e-11,2.030362403366708e-11,2.030362438275885e-11,2.0303624731848475e-11,2.0303625080935942e-11,2.0303625430021256e-11,2.0303625779104422e-11,2.030362612818543e-11,2.0303626477264288e-11,2.0303626826340992e-11,2.030362717541555e-11,2.0303627524487956e-11,2.0303627873558177e-11,2.0303628222626273e-11,2.0303628571692226e-11,2.030362892075602e-11,2.030362926981767e-11,2.0303629618877165e-11,2.0303629967934507e-11,2.0303630316989685e-11,2.030363066604273e-11,2.0303631015093616e-11,2.0303631364142353e-11,2.030363171318894e-11,2.0303632062233376e-11,2.030363241127566e-11,2.0303632760315797e-11,2.0303633109353772e-11,2.0303633458389604e-11,2.0303633807423285e-11,2.0303634156454816e-11,2.030363450548419e-11,2.030363485451142e-11,2.0303635203536493e-11,2.0303635552559423e-11,2.03036359015802e-11,2.0303636250598825e-11,2.03036365996153e-11,2.0303636948629628e-11,2.0303637297641795e-11,2.0303637646651814e-11,2.030363799565969e-11,2.0303638344665408e-11,2.0303638693668973e-11,2.0303639042670394e-11,2.0303639391669662e-11,2.0303639740666785e-11,2.0303640089661756e-11,2.0303640438654575e-11,2.0303640787645255e-11,2.0303641136633767e-11,2.0303641485620143e-11,2.030364183460436e-11,2.030364218358643e-11,2.0303642532566343e-11,2.030364288154411e-11,2.0303643230519727e-11,2.03036435794932e-11,2.0303643928464516e-11,2.0303644277433693e-11,2.0303644626400714e-11,2.0303644975365583e-11,2.0303645324328307e-11,2.0303645673288882e-11,2.0303646022247302e-11,2.030364637120358e-11,2.0303646720157702e-11,2.030364706910951e-11,2.030364741805996e-11,2.0303647767008023e-11,2.030364811595405e-11,2.0303648464897437e-11,2.0303648813841604e-11,2.0303649162780682e-11,2.0303649511717615e-11,2.0303649860652395e-11,2.030365020958502e-11,2.0303650558515507e-11,2.0303650907443835e-11,2.0303651256370017e-11,2.0303651605294054e-11,2.030365195421595e-11,2.0303652303135692e-11,2.0303652652053215e-11,2.0303653000970444e-11,2.0303653349883737e-11,2.0303653698794875e-11,2.0303654047703874e-11,2.030365439661073e-11,2.0303654745515426e-11,2.0303655094417972e-11,2.030365544331801e-11,2.030365579221629e-11,2.0303656141112396e-11,2.0303656490006354e-11,2.0303656838898166e-11,2.030365718778783e-11,2.0303657536675348e-11,2.030365788556072e-11,2.0303658234443942e-11,2.0303658583325e-11,2.0303658932203927e-11,2.0303659281080695e-11,2.0303659629955318e-11,2.0303659978827792e-11,2.030366032769812e-11,2.0303660676566303e-11,2.0303661025432344e-11,2.0303661374296226e-11,2.0303661723157972e-11,2.0303662072017573e-11,2.0303662420875022e-11,2.0303662769730322e-11,2.030366311858347e-11,2.0303663467434476e-11,2.030366381628333e-11,2.030366416513004e-11,2.030366451397461e-11,2.0303664862817026e-11,2.0303665211657298e-11,2.030366556049542e-11,2.0303665909331392e-11,2.030366625816522e-11,2.0303666606996908e-11,2.030366695582644e-11,2.0303667304653832e-11,2.030366765347907e-11,2.030366800230216e-11,2.0303668351123114e-11,2.0303668699941925e-11,2.030366904875858e-11,2.0303669397573093e-11,2.0303669746385454e-11,2.0303670095195673e-11,2.030367044400375e-11,2.0303670792809668e-11,2.0303671141613443e-11,2.030367149041482e-11,2.030367183921431e-11,2.030367218801164e-11,2.030367253680684e-11,2.0303672885599885e-11,2.0303673234390785e-11,2.0303673583179542e-11,2.0303673931966147e-11,2.0303674280750604e-11,2.0303674629533442e-11,2.0303674978313608e-11,2.0303675327091634e-11,2.0303675675867503e-11,2.0303676024641238e-11,2.0303676373412828e-11,2.030367672218226e-11,2.030367707094956e-11,2.0303677419714713e-11,2.0303677768477714e-11,2.0303678117238574e-11,2.0303678465997288e-11,2.0303678814753856e-11,2.0303679163508276e-11,2.030367951226055e-11,2.0303679861010692e-11,2.0303680209758678e-11,2.0303680558504522e-11,2.030368090724888e-11,2.0303681255991067e-11,2.0303681604731082e-11,2.0303681953468925e-11,2.030368230220461e-11,2.030368265093814e-11,2.03036829996695e-11,2.030368334839869e-11,2.0303683697125732e-11,2.030368404585062e-11,2.030368439457414e-11,2.0303684743294273e-11,2.0303685092012232e-11,2.030368544072805e-11,2.030368578944172e-11,2.030368613815324e-11,2.0303686486862633e-11,2.0303686835569874e-11,2.0303687184274963e-11,2.0303687532977907e-11,2.0303687881678715e-11,2.0303688230377378e-11,2.0303688579073888e-11,2.030368892776826e-11,2.0303689276460495e-11,2.0303689625150576e-11,2.030368997383852e-11,2.0303690322524314e-11,2.0303690671207974e-11,2.030369101988948e-11,2.030369136856884e-11,2.0303691717246062e-11,2.0303692065921137e-11,2.0303692414594073e-11,2.0303692763264863e-11,2.030369311193351e-11,2.0303693460600082e-11,2.0303693809264504e-11,2.0303694157926774e-11,2.0303694506586882e-11,2.0303694855244848e-11,2.0303695203900658e-11,2.0303695552554323e-11,2.030369590120583e-11,2.0303696249855188e-11,2.030369659850241e-11,2.030369694714747e-11,2.030369729579038e-11,2.0303697644431146e-11,2.030369799306976e-11,2.0303698341706217e-11,2.0303698690340527e-11,2.030369903897269e-11,2.0303699387602702e-11,2.0303699736230566e-11,2.0303700084856278e-11,2.0303700433479845e-11,2.0303700782101266e-11,2.0303701130720536e-11,2.0303701479337653e-11,2.0303701827952622e-11,2.030370217656544e-11,2.0303702525176103e-11,2.0303702873784626e-11,2.0303703222390996e-11,2.030370357099522e-11,2.0303703919597285e-11,2.0303704268197222e-11,2.0303704616795004e-11,2.0303704965390637e-11,2.0303705313984125e-11,2.030370566257545e-11,2.0303706011164638e-11,2.0303706359751858e-11,2.0303706708336935e-11,2.0303707056919873e-11,2.0303707405500672e-11,2.0303707754079332e-11,2.030370810265584e-11,2.030370845122999e-11,2.0303708799801227e-11,2.030370914837058e-11,2.0303709496938546e-11,2.0303709845504326e-11,2.0303710194067528e-11,2.03037105426295e-11,2.030371089118798e-11,2.0303711239745215e-11,2.0303711588299563e-11,2.030371193685154e-11,2.030371228540236e-11,2.0303712633951038e-11,2.0303712982497567e-11,2.030371333104196e-11,2.0303713679584212e-11,2.030371402812432e-11,2.0303714376662294e-11,2.0303714725198124e-11,2.030371507373181e-11,2.030371542226336e-11,2.030371577079277e-11,2.030371611932003e-11,2.030371646784516e-11,2.0303716816368144e-11,2.0303717164888988e-11,2.0303717513407697e-11,2.0303717861924254e-11,2.0303718210438675e-11,2.0303718558950957e-11,2.03037189074611e-11,2.03037192559691e-11,2.0303719604474968e-11,2.0303719952978684e-11,2.0303720301480268e-11,2.030372064998153e-11,2.0303720998478824e-11,2.030372134697398e-11,2.0303721695466672e-11,2.0303722043957554e-11,2.030372239244629e-11,2.030372274093304e-11,2.030372308941766e-11,2.0303723437899982e-11,2.0303723786380964e-11,2.030372413485901e-11,2.0303724483335524e-11,2.0303724831809294e-11,2.0303725180280963e-11,2.030372552875052e-11,2.0303725877219284e-11,2.0303726225685014e-11,2.0303726574148082e-11,2.0303726922608814e-11,2.0303727271068117e-11,2.0303727619524765e-11,2.0303727967979273e-11,2.0303728316431643e-11,2.0303728664881877e-11,2.0303729013329962e-11,2.030372936177592e-11,2.0303729710219734e-11,2.0303730058661405e-11,2.0303730407100934e-11,2.0303730755538327e-11,2.0303731103973587e-11,2.0303731452406705e-11,2.030373180083769e-11,2.030373214926653e-11,2.0303732497693232e-11,2.0303732846117807e-11,2.030373319454023e-11,2.030373354296051e-11,2.0303733891378665e-11,2.0303734239794678e-11,2.030373458820854e-11,2.0303734936620272e-11,2.030373528502987e-11,2.0303735633437327e-11,2.0303735981842644e-11,2.0303736330245822e-11,2.0303736678646868e-11,2.0303737027045765e-11,2.0303737375442532e-11,2.0303737723837154e-11,2.0303738072229653e-11,2.030373842062e-11,2.0303738769008208e-11,2.0303739117394284e-11,2.030373946577823e-11,2.030373981416003e-11,2.0303740162539686e-11,2.0303740510917205e-11,2.03037408592926e-11,2.0303741207665837e-11,2.0303741556036958e-11,2.0303741904405928e-11,2.0303742252772765e-11,2.0303742601137463e-11,2.030374294950003e-11,2.0303743297860458e-11,2.0303743646218742e-11,2.0303743994574894e-11,2.0303744342928916e-11,2.0303744691280793e-11,2.030374503963053e-11,2.0303745387978133e-11,2.0303745736323592e-11,2.0303746084666916e-11,2.0303746433008107e-11,2.0303746781347163e-11,2.0303747129684082e-11,2.030374747801886e-11,2.0303747826351498e-11,2.0303748174682007e-11,2.030374852301038e-11,2.0303748871336615e-11,2.0303749219660713e-11,2.0303749567982675e-11,2.0303749916302505e-11,2.0303750264620193e-11,2.0303750612935742e-11,2.0303750961249155e-11,2.0303751309560435e-11,2.030375165786957e-11,2.030375200617658e-11,2.0303752354481448e-11,2.0303752702784185e-11,2.0303753051084783e-11,2.0303753399383242e-11,2.030375374767957e-11,2.0303754095973766e-11,2.0303754444265824e-11,2.030375479255576e-11,2.0303755140843555e-11,2.0303755489129205e-11,2.0303755837412733e-11,2.0303756185694122e-11,2.0303756533973375e-11,2.0303756882250482e-11,2.0303757230525457e-11,2.0303757578798302e-11,2.0303757927069006e-11,2.030375827533758e-11,2.0303758623604018e-11,2.0303758971868317e-11,2.030375932013048e-11,2.0303759668390523e-11,2.0303760016648867e-11,2.0303760364910187e-11,2.03037607131638e-11,2.030376106141528e-11,2.0303761409664627e-11,2.0303761757911833e-11,2.0303762106156906e-11,2.0303762454399847e-11,2.0303762802640652e-11,2.0303763150879315e-11,2.0303763499115852e-11,2.0303763847350253e-11,2.0303764195582515e-11,2.0303764543812635e-11,2.0303764892040635e-11,2.0303765240266492e-11,2.030376558849022e-11,2.030376593671181e-11,2.0303766284931264e-11,2.0303766633148594e-11,2.0303766981363776e-11,2.0303767329576835e-11,2.0303767677787755e-11,2.030376802599654e-11,2.030376837420319e-11,2.03037687224077e-11,2.030376907061008e-11,2.0303769418810328e-11,2.030376976700844e-11,2.030377011520457e-11,2.0303770463398423e-11,2.0303770811589617e-11,2.0303771159779195e-11,2.030377150796665e-11,2.030377185615196e-11,2.0303772204334885e-11,2.030377255251593e-11,2.0303772900694842e-11,2.0303773248871615e-11,2.030377359704626e-11,2.0303773945218766e-11,2.0303774293389138e-11,2.0303774641557387e-11,2.030377498972349e-11,2.0303775337887262e-11,2.0303775686049213e-11,2.030377603420892e-11,2.0303776382366502e-11,2.0303776730521946e-11,2.0303777078675264e-11,2.0303777426826436e-11,2.030377777497548e-11,2.0303778123123085e-11,2.0303778471267863e-11,2.0303778819410508e-11,2.0303779167551017e-11,2.0303779515689385e-11,2.0303779863822617e-11,2.0303780211956732e-11,2.0303780560088715e-11,2.0303780908218565e-11,2.03037812563463e-11,2.03037816044719e-11,2.0303781952575344e-11,2.0303782300696337e-11,2.030378264881552e-11,2.0303782996932575e-11,2.0303783345047503e-11,2.0303783693160293e-11,2.030378404127095e-11,2.030378438937947e-11,2.0303784737485862e-11,2.030378508559012e-11,2.0303785433692244e-11,2.0303785781792247e-11,2.0303786129890105e-11,2.0303786477985827e-11,2.0303786826079427e-11,2.0303787174170897e-11,2.0303787522260237e-11,2.0303787870347442e-11,2.0303788218432514e-11,2.0303788566515457e-11,2.0303788914596264e-11,2.030378926267494e-11,2.0303789610751487e-11,2.03037899588259e-11,2.0303790306898183e-11,2.030379065494857e-11,2.03037910030166e-11,2.030379135108249e-11,2.030379169914624e-11,2.0303792047207868e-11,2.0303792395265295e-11,2.0303792743322656e-11,2.0303793091377895e-11,2.0303793439431e-11,2.0303793787479384e-11,2.030379413552925e-11,2.0303794483575964e-11,2.030379483162054e-11,2.0303795179662986e-11,2.0303795527703297e-11,2.0303795875741485e-11,2.0303796223777537e-11,2.0303796571811683e-11,2.0303796919843415e-11,2.030379726787307e-11,2.0303797615900604e-11,2.0303797963926006e-11,2.0303798311949282e-11,2.0303798659970416e-11,2.0303799007989427e-11,2.0303799356006302e-11,2.0303799704021057e-11,2.0303800052033667e-11,2.0303800400044154e-11,2.0303800748051853e-11,2.0303801096058084e-11,2.0303801444062183e-11,2.0303801792064153e-11,2.030380214006399e-11,2.03038024880617e-11,2.0303802836057276e-11,2.0303803184050725e-11,2.0303803532042045e-11,2.0303803880031235e-11,2.0303804228018293e-11,2.030380457600322e-11,2.0303804923986018e-11,2.0303805271966684e-11,2.0303805619945228e-11,2.0303805967921636e-11,2.0303806315895914e-11,2.0303806663868066e-11,2.0303807011838096e-11,2.030380735980598e-11,2.0303807707771744e-11,2.030380805573538e-11,2.0303808403696885e-11,2.030380875165626e-11,2.0303809099613505e-11,2.0303809447568406e-11,2.0303809795521398e-11,2.0303810143472253e-11,2.0303810491421e-11,2.030381083936761e-11,2.0303811187312096e-11,2.030381153525444e-11,2.030381188319467e-11,2.0303812231132765e-11,2.0303812579068732e-11,2.030381292700257e-11,2.0303813274934277e-11,2.0303813622863865e-11,2.030381397079131e-11,2.0303814318716637e-11,2.0303814666639837e-11,2.0303815014560898e-11,2.0303815362479843e-11,2.0303815710396648e-11,2.030381605831133e-11,2.0303816406223884e-11,2.030381675413431e-11,2.0303817102042593e-11,2.0303817449948756e-11,2.0303817797852795e-11,2.0303818145754695e-11,2.030381849365447e-11,2.0303818841552117e-11,2.0303819189447636e-11,2.0303819537341025e-11,2.0303819885232285e-11,2.0303820233121422e-11,2.0303820581008433e-11,2.0303820928893308e-11,2.030382127677606e-11,2.030382162465669e-11,2.0303821972535186e-11,2.0303822320411557e-11,2.0303822668285802e-11,2.030382301615791e-11,2.03038233640279e-11,2.0303823711895753e-11,2.0303824059761493e-11,2.0303824407625094e-11,2.030382475548658e-11,2.030382510334593e-11,2.0303825451203147e-11,2.0303825799058247e-11,2.0303826146911214e-11,2.0303826494762056e-11,2.0303826842610767e-11,2.0303827190457356e-11,2.0303827538301816e-11,2.0303827886144166e-11,2.0303828233984367e-11,2.0303828581822448e-11,2.0303828929658406e-11,2.0303829277492242e-11,2.030382962532394e-11,2.0303829973153518e-11,2.030383032098096e-11,2.030383066880628e-11,2.0303831016629473e-11,2.0303831364450548e-11,2.0303831712269488e-11,2.0303832060086305e-11,2.0303832407900996e-11,2.0303832755713557e-11,2.0303833103523996e-11,2.0303833451332318e-11,2.03038337991385e-11,2.0303834146942565e-11,2.03038344947445e-11,2.0303834842544313e-11,2.030383519034199e-11,2.0303835538137548e-11,2.0303835885930974e-11,2.0303836233722284e-11,2.0303836581511462e-11,2.0303836929298516e-11,2.030383727708344e-11,2.0303837624866244e-11,2.0303837972646917e-11,2.0303838320425464e-11,2.0303838668201888e-11,2.0303839015976192e-11,2.0303839363748367e-11,2.0303839711518416e-11,2.0303840059286342e-11,2.0303840407052145e-11,2.0303840754815816e-11,2.030384110257736e-11,2.0303841450336875e-11,2.0303841798096853e-11,2.0303842145852022e-11,2.030384249360566e-11,2.0303842841357882e-11,2.030384318910677e-11,2.0303843536853888e-11,2.0303843884599218e-11,2.030384423234171e-11,2.0303844580082e-11,2.0303844927820973e-11,2.0303845275557017e-11,2.0303845623291646e-11,2.030384597102325e-11,2.0303846318752932e-11,2.030384666648048e-11,2.0303847014205907e-11,2.030384736192921e-11,2.0303847709652237e-11,2.0303848057371288e-11,2.0303848405088223e-11,2.0303848752803022e-11,2.0303849100515708e-11,2.030384944822626e-11,2.030384979593469e-11,2.0303850143641e-11,2.030385049134518e-11,2.0303850839047236e-11,2.030385118674716e-11,2.0303851534444974e-11,2.0303851882140664e-11,2.030385222983423e-11,2.0303852577525675e-11,2.030385292521499e-11,2.0303853272902182e-11,2.0303853620587245e-11,2.0303853968270187e-11,2.030385431595101e-11,2.0303854663629705e-11,2.030385501130628e-11,2.030385535898073e-11,2.0303855706653088e-11,2.03038560543233e-11,2.030385640199134e-11,2.0303856749656758e-11,2.030385709732056e-11,2.030385744498147e-11,2.0303857792640685e-11,2.0303858140298147e-11,2.0303858487952507e-11,2.0303858835605658e-11,2.0303859183256748e-11,2.0303859530905725e-11,2.030385987855257e-11,2.03038602261973e-11,2.0303860573839905e-11,2.0303860921480394e-11,2.0303861269118588e-11,2.0303861616754673e-11,2.030386196438863e-11,2.0303862312020482e-11,2.0303862659650218e-11,2.030386300727784e-11,2.0303863354903345e-11,2.030386370252673e-11,2.0303864050148007e-11,2.030386439776717e-11,2.0303864745384213e-11,2.0303865092999146e-11,2.0303865440611956e-11,2.0303865788222673e-11,2.0303866135831257e-11,2.0303866483437724e-11,2.030386683104208e-11,2.0303867178644326e-11,2.0303867526244457e-11,2.0303867873842478e-11,2.030386822143838e-11,2.030386856903218e-11,2.0303868916623856e-11,2.0303869264213428e-11,2.030386961180088e-11,2.030386995938622e-11,2.0303870306969444e-11,2.0303870654550508e-11,2.030387100212945e-11,2.0303871349706264e-11,2.030387169728096e-11,2.0303872044853535e-11,2.030387239242398e-11,2.0303872739992312e-11,2.0303873087558522e-11,2.0303873435122616e-11,2.030387378268458e-11,2.030387413024443e-11,2.0303874477802154e-11,2.0303874825357762e-11,2.0303875172911245e-11,2.030387552046262e-11,2.030387586801186e-11,2.0303876215558982e-11,2.030387656310398e-11,2.0303876910646864e-11,2.0303877258188078e-11,2.0303877605727198e-11,2.0303877953264208e-11,2.0303878300798775e-11,2.0303878648331213e-11,2.0303878995861367e-11,2.03038793433894e-11,2.030387969091532e-11,2.0303880038439113e-11,2.0303880385960788e-11,2.030388073348034e-11,2.030388108099778e-11,2.0303881428513092e-11,2.030388177602629e-11,2.030388212353736e-11,2.030388247104632e-11,2.0303882818553156e-11,2.030388316605786e-11,2.0303883513560453e-11,2.030388386106093e-11,2.0303884208559284e-11,2.0303884556055526e-11,2.0303884903549636e-11,2.030388525104223e-11,2.0303885598531898e-11,2.030388594601997e-11,2.0303886293505396e-11,2.0303886640989334e-11,2.0303886988470733e-11,2.0303887335950005e-11,2.0303887683427157e-11,2.03038880309022e-11,2.030388837837512e-11,2.030388872584592e-11,2.0303889073314597e-11,2.030388942078116e-11,2.0303889768245612e-11,2.030389011570793e-11,2.0303890463168136e-11,2.0303890810626218e-11,2.030389115808218e-11,2.030389150553603e-11,2.030389185298779e-11,2.0303892200437367e-11,2.0303892547884857e-11,2.0303892895330235e-11,2.030389324277351e-11,2.0303893590214646e-11,2.0303893937653665e-11,2.0303894285090557e-11,2.0303894632525336e-11,2.030389497995799e-11,2.0303895327388532e-11,2.0303895674816952e-11,2.0303896022243255e-11,2.0303896369667443e-11,2.0303896717089507e-11,2.030389706450946e-11,2.030389741192729e-11,2.0303897759343008e-11,2.03038981067566e-11,2.0303898454168086e-11,2.0303898801577436e-11,2.030389914898468e-11,2.03038994963898e-11,2.0303899843792812e-11,2.03039001911937e-11,2.0303900538592467e-11,2.0303900885989118e-11,2.0303901233383646e-11,2.0303901580776068e-11,2.030390192816636e-11,2.0303902275554536e-11,2.0303902622940602e-11,2.0303902970324548e-11,2.0303903317706374e-11,2.0303903665086078e-11,2.0303904012463672e-11,2.030390435983914e-11,2.0303904707212765e-11,2.030390505458363e-11,2.030390540195275e-11,2.0303905749319758e-11,2.0303906096684624e-11,2.030390644404736e-11,2.0303906791408014e-11,2.0303907138766544e-11,2.0303907486122954e-11,2.030390783347725e-11,2.030390818082943e-11,2.03039085281795e-11,2.0303908875527443e-11,2.030390922287327e-11,2.0303909570216986e-11,2.0303909917558588e-11,2.0303910264898073e-11,2.0303910612235445e-11,2.03039109595707e-11,2.0303911306903853e-11,2.0303911654234885e-11,2.0303912001563788e-11,2.0303912348890572e-11,2.0303912696215245e-11,2.0303913043537796e-11,2.0303913390858237e-11,2.030391373817594e-11,2.030391408549145e-11,2.030391443280554e-11,2.0303914780117517e-11,2.0303915127427372e-11,2.0303915474735114e-11,2.0303915822040776e-11,2.0303916169344288e-11,2.030391651664568e-11,2.0303916863944948e-11,2.030391721124211e-11,2.0303917558537155e-11,2.0303917905829022e-11,2.0303918253119843e-11,2.030391860040853e-11,2.0303918947695112e-11,2.030391929497958e-11,2.030391964226193e-11,2.0303919989542167e-11,2.0303920336820286e-11,2.0303920684096288e-11,2.0303921031370187e-11,2.0303921378641956e-11,2.0303921725911613e-11,2.030392207317916e-11,2.030392242044459e-11,2.030392276770791e-11,2.03039231149691e-11,2.0303923462228184e-11,2.0303923809485132e-11,2.0303924156739986e-11,2.030392450399273e-11,2.0303924851243346e-11,2.030392519849185e-11,2.030392554573825e-11,2.030392589298253e-11,2.0303926240224703e-11,2.030392658746475e-11,2.0303926934702678e-11,2.030392728193852e-11,2.030392762917224e-11,2.030392797640383e-11,2.030392832363331e-11,2.030392867086068e-11,2.030392901808593e-11,2.030392936530906e-11,2.0303929712530084e-11,2.030393005974899e-11,2.0303930406965786e-11,2.0303930754180454e-11,2.0303931101393025e-11,2.0303931448603473e-11,2.030393179581181e-11,2.0303932143018027e-11,2.0303932490222133e-11,2.0303932837424125e-11,2.0303933184624014e-11,2.030393353182178e-11,2.0303933879017436e-11,2.0303934226210972e-11,2.0303934573402395e-11,2.0303934920591705e-11,2.030393526777891e-11,2.030393561496399e-11,2.0303935962146962e-11,2.030393630932781e-11,2.0303936656506557e-11,2.0303937003683188e-11,2.030393735085746e-11,2.0303937698029936e-11,2.0303938045200227e-11,2.0303938392368415e-11,2.0303938739534518e-11,2.0303939086698473e-11,2.0303939433860312e-11,2.030393978102e-11,2.0303940128177604e-11,2.030394047531325e-11,2.030394082246664e-11,2.030394116961791e-11,2.030394151676708e-11,2.0303941863914127e-11,2.0303942211059057e-11,2.030394255820188e-11,2.0303942905342596e-11,2.030394325248118e-11,2.0303943599614807e-11,2.030394394674454e-11,2.030394429387684e-11,2.0303944641006984e-11,2.030394498813392e-11,2.030394533525984e-11,2.0303945682383648e-11,2.0303946029505352e-11,2.030394637662499e-11,2.030394672374247e-11,2.0303947070857837e-11,2.030394741797108e-11,2.030394776508222e-11,2.030394811219124e-11,2.0303948459298156e-11,2.0303948806402955e-11,2.030394915350564e-11,2.0303949500606216e-11,2.0303949847704552e-11,2.03039501948009e-11,2.0303950541895185e-11,2.0303950888988055e-11,2.0303951236078067e-11,2.030395158316597e-11,2.0303951930251766e-11,2.0303952277335607e-11,2.0303952624417183e-11,2.030395297149665e-11,2.0303953318573996e-11,2.0303953665649236e-11,2.0303954012722363e-11,2.0303954359793376e-11,2.0303954706862286e-11,2.0303955053929076e-11,2.0303955400993763e-11,2.0303955748056333e-11,2.0303956095116787e-11,2.0303956442175147e-11,2.0303956789231385e-11,2.0303957136285506e-11,2.030395748333752e-11,2.030395783038743e-11,2.0303958177435218e-11,2.0303958524480906e-11,2.030395887152448e-11,2.0303959218565938e-11,2.0303959565605295e-11,2.030395991264253e-11,2.0303960259677665e-11,2.0303960606710683e-11,2.0303960953741594e-11,2.0303961300770392e-11,2.0303961647797084e-11,2.0303961994821665e-11,2.0303962341844136e-11,2.0303962688864495e-11,2.030396303588218e-11,2.0303963382898323e-11,2.030396372991217e-11,2.0303964076924085e-11,2.0303964423933894e-11,2.0303964770941586e-11,2.0303965117947178e-11,2.030396546495066e-11,2.0303965811952028e-11,2.0303966158951287e-11,2.0303966505948394e-11,2.0303966852943194e-11,2.0303967199936113e-11,2.0303967546926932e-11,2.0303967893915644e-11,2.0303968240902243e-11,2.0303968587886725e-11,2.0303968934869108e-11,2.0303969281849383e-11,2.030396962882754e-11,2.0303969975803763e-11,2.030397032277742e-11,2.0303970669749842e-11,2.0303971016719568e-11,2.0303971363687048e-11,2.0303971710652505e-11,2.0303972057615914e-11,2.03039724045772e-11,2.030397275153638e-11,2.030397309849345e-11,2.030397344544841e-11,2.030397379240126e-11,2.030397413935201e-11,2.0303974486300646e-11,2.0303974833248458e-11,2.0303975180192877e-11,2.0303975527135173e-11,2.0303975874075373e-11,2.0303976221016015e-11,2.0303976567954705e-11,2.030397691488858e-11,2.030397726182121e-11,2.0303977608750517e-11,2.030397795567804e-11,2.0303978302603476e-11,2.030397864952681e-11,2.0303978996448035e-11,2.030397934336716e-11,2.0303979690284166e-11,2.0303980037199182e-11,2.0303980384111978e-11,2.0303980731022657e-11,2.0303981077931236e-11,2.0303981424836817e-11,2.030398177174118e-11,2.0303982118643435e-11,2.0303982465543577e-11,2.0303982812441622e-11,2.0303983159337555e-11,2.0303983506231364e-11,2.0303983853123167e-11,2.0303984200013293e-11,2.0303984546900795e-11,2.0303984893786187e-11,2.0303985240669472e-11,2.0303985587550635e-11,2.0303985934429707e-11,2.0303986281306717e-11,2.0303986628181566e-11,2.0303986975060322e-11,2.0303987321930964e-11,2.0303987668799502e-11,2.0303988015665924e-11,2.0303988362530245e-11,2.030398870939246e-11,2.0303989056252565e-11,2.0303989403110564e-11,2.030398974996646e-11,2.0303990096820246e-11,2.0303990443671918e-11,2.0303990790521496e-11,2.0303991137368957e-11,2.0303991484214315e-11,2.0303991831057563e-11,2.030399217789871e-11,2.0303992524737745e-11,2.0303992871578625e-11,2.030399321841344e-11,2.0303993565246167e-11,2.0303993912077072e-11,2.0303994258905576e-11,2.0303994605731973e-11,2.03039949525561e-11,2.0303995299378283e-11,2.0303995646198367e-11,2.0303995993016344e-11,2.0303996339832217e-11,2.0303996686646368e-11,2.0303997033458426e-11,2.030399738026837e-11,2.0303997727076217e-11,2.030399807388195e-11,2.030399842068559e-11,2.0303998767487135e-11,2.030399911428657e-11,2.0303999461083914e-11,2.0303999807879156e-11,2.0304000154672305e-11,2.030400050146336e-11,2.030400084825233e-11,2.0304001195039207e-11,2.0304001541823984e-11,2.030400188860629e-11,2.030400223538667e-11,2.0304002582164633e-11,2.030400292894049e-11,2.030400327571425e-11,2.03040036224859e-11,2.0304003969255446e-11,2.0304004316022907e-11,2.0304004662793182e-11,2.030400500955641e-11,2.0304005356307876e-11,2.0304005703066988e-11,2.0304006049823902e-11,2.030400639657871e-11,2.0304006743331423e-11,2.030400709008202e-11,2.030400743682025e-11,2.0304007783566642e-11,2.0304008130310932e-11,2.0304008477053112e-11,2.0304008823793192e-11,2.030400917053117e-11,2.030400951726703e-11,2.0304009864000798e-11,2.030401021073279e-11,2.0304010557462346e-11,2.0304010904191866e-11,2.0304011250917215e-11,2.0304011597640463e-11,2.0304011944361502e-11,2.030401229108054e-11,2.030401263779748e-11,2.0304012984512307e-11,2.030401333122515e-11,2.0304013677935766e-11,2.0304014024644283e-11,2.0304014371350694e-11,2.030401471805499e-11,2.030401506475719e-11,2.0304015411457283e-11,2.0304015758155187e-11,2.0304016104851077e-11,2.030401645154487e-11,2.030401679823655e-11,2.0304017144926175e-11,2.030401749161369e-11,2.0304017838299053e-11,2.0304018184982332e-11,2.03040185316635e-11,2.0304018878342557e-11,2.0304019225019426e-11,2.0304019571694307e-11,2.0304019918367088e-11,2.0304020265037736e-11,2.030402061170629e-11,2.0304020958372738e-11,2.0304021305037083e-11,2.030402165169932e-11,2.0304021998359457e-11,2.0304022345017485e-11,2.030402269167342e-11,2.0304023038327245e-11,2.0304023384978972e-11,2.0304023731628598e-11,2.0304024078276114e-11,2.0304024424921534e-11,2.0304024771569276e-11,2.030402511820125e-11,2.030402546484036e-11,2.0304025811477368e-11,2.0304026158112493e-11,2.0304026504745285e-11,2.0304026851375986e-11,2.0304027198004587e-11,2.0304027544631207e-11,2.0304027891256054e-11,2.0304028237878784e-11,2.0304028584499394e-11,2.0304028931117752e-11,2.030402927773374e-11,2.0304029624348278e-11,2.0304029970960057e-11,2.030403031756973e-11,2.030403066417731e-11,2.030403101078278e-11,2.0304031357386154e-11,2.030403170398743e-11,2.0304032050586594e-11,2.0304032397183662e-11,2.0304032743779033e-11,2.0304033090371898e-11,2.0304033436962655e-11,2.0304033783551322e-11,2.0304034130137882e-11,2.030403447672234e-11,2.03040348233047e-11,2.0304035169884613e-11,2.030403551646277e-11,2.030403586303882e-11,2.0304036209612838e-11,2.0304036556184686e-11,2.0304036902754432e-11,2.0304037249322086e-11,2.030403759588763e-11,2.030403794245108e-11,2.0304038289012426e-11,2.030403863557167e-11,2.030403898212881e-11,2.0304039328683857e-11,2.0304039675236803e-11,2.0304040021787636e-11,2.0304040368336382e-11,2.0304040714883018e-11,2.030404106142756e-11,2.030404140797e-11,2.0304041754510334e-11,2.030404210104855e-11,2.0304042447584687e-11,2.0304042794118715e-11,2.0304043140650662e-11,2.0304043487180495e-11,2.0304043833708232e-11,2.0304044180233862e-11,2.0304044526757398e-11,2.030404487327883e-11,2.0304045219798096e-11,2.030404556632177e-11,2.030404591283691e-11,2.030404625935016e-11,2.0304046605861098e-11,2.030404695236992e-11,2.030404729887622e-11,2.0304047645380418e-11,2.030404799188295e-11,2.030404833838338e-11,2.030404868488162e-11,2.0304049031377844e-11,2.0304049377871987e-11,2.030404972436402e-11,2.0304050070853954e-11,2.0304050417341792e-11,2.030405076382753e-11,2.030405111031117e-11,2.030405145679271e-11,2.030405180327044e-11,2.0304052149747754e-11,2.0304052496223384e-11,2.030405284269653e-11,2.0304053189168135e-11,2.0304053535637078e-11,2.0304053882103768e-11,2.0304054228568516e-11,2.030405457503116e-11,2.0304054921491702e-11,2.0304055267950156e-11,2.030405561440651e-11,2.0304055960860766e-11,2.030405630731171e-11,2.030405665376177e-11,2.0304057000210065e-11,2.0304057346655917e-11,2.030405769309968e-11,2.030405803954134e-11,2.0304058385980675e-11,2.030405873241814e-11,2.0304059078853503e-11,2.0304059425286767e-11,2.030405977171793e-11,2.0304060118147003e-11,2.0304060464573976e-11,2.0304060810998848e-11,2.0304061157421617e-11,2.0304061503842292e-11,2.0304061850260876e-11,2.030406219667778e-11,2.0304062543093867e-11,2.0304062889506154e-11,2.030406323591495e-11,2.0304063582323044e-11,2.030406392872934e-11,2.030406427513357e-11,2.0304064621535348e-11,2.0304064967935052e-11,2.030406531433273e-11,2.0304065660728293e-11,2.0304066007123193e-11,2.0304066353514503e-11,2.030406669990371e-11,2.0304067046291065e-11,2.0304067392676074e-11,2.0304067739058996e-11,2.0304068085439808e-11,2.030406843180873e-11,2.0304068778185354e-11,2.030406912455972e-11,2.030406947093215e-11,2.030406981730249e-11,2.0304070163670726e-11,2.0304070510036875e-11,2.0304070856400914e-11,2.0304071202762756e-11,2.0304071549122798e-11,2.0304071895480555e-11,2.0304072241835986e-11,2.0304072588189556e-11,2.0304072934541016e-11,2.0304073280890447e-11,2.0304073627237655e-11,2.0304073973582824e-11,2.030407431992597e-11,2.030407466626691e-11,2.0304075012605793e-11,2.030407535894257e-11,2.030407570527727e-11,2.0304076051609864e-11,2.0304076397940363e-11,2.0304076744268766e-11,2.0304077090595068e-11,2.0304077436919276e-11,2.0304077783241387e-11,2.0304078129561402e-11,2.030407847587932e-11,2.0304078822195152e-11,2.0304079168508878e-11,2.030407951482051e-11,2.0304079861130053e-11,2.0304080207437498e-11,2.0304080553742846e-11,2.0304080900046097e-11,2.030408124634725e-11,2.0304081592646314e-11,2.0304081938943277e-11,2.0304082285238152e-11,2.0304082631530915e-11,2.0304082977821593e-11,2.030408332411018e-11,2.0304083670396665e-11,2.0304084016681056e-11,2.0304084362963346e-11,2.030408470924354e-11,2.0304085055521642e-11,2.0304085401797657e-11,2.030408574807158e-11,2.0304086094343403e-11,2.0304086440613127e-11,2.0304086786880758e-11,2.030408713314629e-11,2.030408747940973e-11,2.0304087825671067e-11,2.0304088171930322e-11,2.0304088518187474e-11,2.030408886444254e-11,2.030408921069551e-11,2.0304089556946373e-11,2.0304089903195146e-11,2.0304090249441832e-11,2.0304090595686418e-11,2.0304090941928903e-11,2.0304091288169298e-11,2.03040916344076e-11,2.0304091980643806e-11,2.0304092326877926e-11,2.0304092673109942e-11,2.0304093019339865e-11,2.0304093365567697e-11,2.030409371179344e-11,2.0304094058017077e-11,2.0304094404238624e-11,2.030409475045808e-11,2.0304095096675437e-11,2.0304095442890707e-11,2.0304095789103872e-11,2.030409613531495e-11,2.030409648152394e-11,2.030409682773083e-11,2.0304097173935617e-11,2.0304097520138323e-11,2.0304097866338933e-11,2.0304098212537448e-11,2.030409855873387e-11,2.0304098904928198e-11,2.030409925112044e-11,2.030409959731058e-11,2.0304099943498622e-11,2.0304100289684572e-11,2.0304100635868434e-11,2.0304100982050206e-11,2.0304101328229887e-11,2.0304101674407474e-11,2.030410202058296e-11,2.030410236675636e-11,2.0304102712927664e-11,2.0304103059096872e-11,2.030410340526399e-11,2.0304103751429012e-11,2.0304104097591946e-11,2.0304104443752786e-11,2.0304104789911532e-11,2.0304105136068185e-11,2.0304105482222743e-11,2.0304105828375208e-11,2.0304106174525586e-11,2.030410652067387e-11,2.030410686682005e-11,2.0304107212964153e-11,2.0304107559106158e-11,2.0304107905246073e-11,2.0304108251383888e-11,2.0304108597519615e-11,2.0304108943653252e-11,2.0304109289784792e-11,2.0304109635914248e-11,2.0304109982041603e-11,2.0304110328166865e-11,2.0304110674290042e-11,2.030411102041113e-11,2.0304111366530116e-11,2.0304111712647015e-11,2.0304112058761818e-11,2.0304112404874536e-11,2.0304112750985157e-11,2.0304113097093685e-11,2.0304113443200118e-11,2.0304113789304468e-11,2.0304114135406727e-11,2.030411448150689e-11,2.030411482760496e-11,2.030411517370094e-11,2.0304115519794818e-11,2.0304115865886614e-11,2.030411621197632e-11,2.0304116558063935e-11,2.0304116904149466e-11,2.030411725023289e-11,2.030411759631423e-11,2.0304117942393487e-11,2.030411828847064e-11,2.030411863454571e-11,2.0304118980618677e-11,2.0304119326689558e-11,2.0304119672758355e-11,2.030412001882506e-11,2.030412036488968e-11,2.0304120710952195e-11,2.030412105701263e-11,2.030412140307097e-11,2.0304121749127218e-11,2.0304122095181374e-11,2.0304122441233437e-11,2.0304122787283412e-11,2.03041231333313e-11,2.0304123479377097e-11,2.0304123825420804e-11,2.0304124171462417e-11,2.0304124517501936e-11,2.0304124863539378e-11,2.030412520957472e-11,2.0304125555607967e-11,2.0304125901639127e-11,2.030412624766821e-11,2.030412659369518e-11,2.0304126939720077e-11,2.030412728574288e-11,2.030412763176359e-11,2.030412797778221e-11,2.0304128323798744e-11,2.0304128669813174e-11,2.0304129015825525e-11,2.030412936183579e-11,2.030412970784396e-11,2.030413005385004e-11,2.0304130399854032e-11,2.0304130745855934e-11,2.0304131091855748e-11,2.030413143785346e-11,2.0304131783849096e-11,2.0304132129842635e-11,2.0304132475834084e-11,2.0304132821823453e-11,2.0304133167810727e-11,2.0304133513795917e-11,2.030413385977901e-11,2.030413420576002e-11,2.0304134551738938e-11,2.030413489771577e-11,2.0304135243690507e-11,2.0304135589663163e-11,2.030413593563372e-11,2.0304136281602195e-11,2.0304136627568576e-11,2.0304136973532874e-11,2.0304137319495074e-11,2.0304137665455187e-11,2.030413801141322e-11,2.0304138357369155e-11,2.0304138703323012e-11,2.0304139049274776e-11,2.030413939522445e-11,2.0304139741172035e-11,2.030414008711753e-11,2.030414043306094e-11,2.0304140779002262e-11,2.030414112494149e-11,2.0304141470878644e-11,2.0304141816813703e-11,2.030414216274667e-11,2.0304142508677545e-11,2.0304142854606332e-11,2.0304143200533035e-11,2.030414354645765e-11,2.0304143892380172e-11,2.030414423830061e-11,2.0304144584218956e-11,2.0304144930135216e-11,2.0304145276049398e-11,2.0304145621961486e-11,2.0304145967871484e-11,2.0304146313779397e-11,2.0304146659685223e-11,2.030414700558896e-11,2.0304147351490604e-11,2.030414769739016e-11,2.030414804328763e-11,2.0304148389183018e-11,2.0304148735076307e-11,2.0304149080967522e-11,2.0304149426856653e-11,2.030414977274369e-11,2.0304150118628642e-11,2.03041504645115e-11,2.0304150810392263e-11,2.0304151156270947e-11,2.0304151502147548e-11,2.030415184802205e-11,2.0304152193894483e-11,2.0304152539764814e-11,2.030415288563307e-11,2.0304153231499235e-11,2.0304153577363305e-11,2.030415392322529e-11,2.03041542690852e-11,2.030415461494302e-11,2.0304154960798742e-11,2.0304155306652395e-11,2.0304155652503947e-11,2.0304155998353415e-11,2.03041563442008e-11,2.0304156690046095e-11,2.0304157035889308e-11,2.0304157381730423e-11,2.0304157727569464e-11,2.030415807340642e-11,2.030415841924128e-11,2.0304158765074057e-11,2.0304159110904745e-11,2.0304159456733353e-11,2.0304159802559876e-11,2.0304160148384306e-11,2.030416049420665e-11,2.0304160840026916e-11,2.0304161185845093e-11,2.0304161531661183e-11,2.030416187747519e-11,2.03041622232871e-11,2.030416256909694e-11,2.030416291490468e-11,2.030416326071034e-11,2.0304163606513908e-11,2.03041639523154e-11,2.0304164298114804e-11,2.030416464391212e-11,2.030416498970735e-11,2.0304165335500496e-11,2.0304165681291557e-11,2.0304166027080534e-11,2.0304166372867424e-11,2.0304166718652233e-11,2.0304167064434955e-11,2.030416741021559e-11,2.0304167755994133e-11,2.0304168101770602e-11,2.030416844754497e-11,2.030416879331727e-11,2.030416913908748e-11,2.0304169484855603e-11,2.0304169830621642e-11,2.03041701763856e-11,2.0304170522147474e-11,2.0304170867907257e-11,2.0304171213664957e-11,2.0304171559420572e-11,2.0304171905174113e-11,2.0304172250925547e-11,2.0304172596674907e-11,2.030417294242218e-11,2.0304173288167377e-11,2.0304173633910482e-11,2.0304173979651508e-11,2.0304174325390444e-11,2.03041746711273e-11,2.0304175016862064e-11,2.0304175362594757e-11,2.0304175708325357e-11,2.0304176054053882e-11,2.0304176399780313e-11,2.0304176745504664e-11,2.030417709122693e-11,2.030417743694711e-11,2.0304177782665207e-11,2.0304178128381224e-11,2.030417847409515e-11,2.0304178819806997e-11,2.030417916551677e-11,2.0304179511224443e-11,2.0304179856930043e-11,2.030418020263356e-11,2.0304180548334987e-11,2.030418089403433e-11,2.0304181239731592e-11,2.0304181585426768e-11,2.030418193111986e-11,2.0304182276810875e-11,2.0304182622499795e-11,2.030418296818664e-11,2.0304183313871404e-11,2.0304183659554078e-11,2.0304184005234672e-11,2.030418435091319e-11,2.030418469658961e-11,2.030418504226395e-11,2.030418538793621e-11,2.0304185733606393e-11,2.0304186079274482e-11,2.030418642494049e-11,2.030418677060443e-11,2.0304187116266275e-11,2.0304187461926037e-11,2.0304187807583716e-11,2.0304188153239316e-11,2.0304188498892827e-11,2.0304188844544266e-11,2.0304189190193617e-11,2.030418953584088e-11,2.030418988148607e-11,2.0304190227129168e-11,2.030419057277019e-11,2.0304190918409127e-11,2.030419126404598e-11,2.030419160968076e-11,2.0304191955313445e-11,2.0304192300944062e-11,2.030419264657259e-11,2.030419299219904e-11,2.0304193337823403e-11,2.0304193683445687e-11,2.0304194029065874e-11,2.0304194374683993e-11,2.0304194720300032e-11,2.030419506591399e-11,2.030419541152586e-11,2.0304195757135655e-11,2.030419610274336e-11,2.030419644834898e-11,2.0304196793952527e-11,2.0304197139553983e-11,2.0304197485153365e-11,2.0304197830750666e-11,2.030419817634589e-11,2.030419852193902e-11,2.030419886753008e-11,2.030419921311905e-11,2.0304199558705943e-11,2.0304199904290755e-11,2.0304200249873483e-11,2.0304200595454134e-11,2.03042009410327e-11,2.0304201286609192e-11,2.0304201632183597e-11,2.0304201977755917e-11,2.0304202323326166e-11,2.0304202668894325e-11,2.0304203014460403e-11,2.0304203360024413e-11,2.0304203705586326e-11,2.0304204051146168e-11,2.030420439670393e-11,2.0304204742259602e-11,2.03042050878132e-11,2.030420543336472e-11,2.0304205778914153e-11,2.0304206124461506e-11,2.0304206470006782e-11,2.0304206815549973e-11,2.030420716109109e-11,2.0304207506630123e-11,2.0304207852167075e-11,2.0304208197701956e-11,2.030420854323474e-11,2.0304208888765462e-11,2.030420923429409e-11,2.0304209579820645e-11,2.0304209925345112e-11,2.0304210270867508e-11,2.030421061638782e-11,2.0304210961906056e-11,2.0304211307422203e-11,2.0304211652936275e-11,2.030421199844827e-11,2.0304212343958176e-11,2.0304212689466012e-11,2.030421303497177e-11,2.030421338047544e-11,2.030421372597704e-11,2.030421407147655e-11,2.030421441697399e-11,2.030421476246934e-11,2.0304215107962612e-11,2.03042154534538e-11,2.0304215798942922e-11,2.030421614442996e-11,2.0304216489914915e-11,2.03042168353978e-11,2.0304217180878597e-11,2.0304217526357317e-11,2.0304217871833956e-11,2.0304218217308517e-11,2.0304218562780998e-11,2.0304218908251407e-11,2.0304219253719732e-11,2.0304219599185977e-11,2.0304219944650143e-11,2.0304220290112232e-11,2.0304220635572247e-11,2.0304220981030177e-11,2.0304221326486036e-11,2.0304221671939805e-11,2.0304222017391503e-11,2.030422236284112e-11,2.030422270828867e-11,2.030422305373413e-11,2.0304223399177516e-11,2.0304223744618816e-11,2.0304224090058038e-11,2.0304224435495185e-11,2.030422478093026e-11,2.0304225126363248e-11,2.0304225471794165e-11,2.0304225817223002e-11,2.0304226162649755e-11,2.0304226508074434e-11,2.0304226853497038e-11,2.030422719891756e-11,2.030422754433601e-11,2.030422788975237e-11,2.0304228235166668e-11,2.0304228580578877e-11,2.0304228925989012e-11,2.0304229271397072e-11,2.0304229616803046e-11,2.0304229962206944e-11,2.0304230307608762e-11,2.0304230653008506e-11,2.0304230998406175e-11,2.0304231343801766e-11,2.0304231689195277e-11,2.0304232034586713e-11,2.030423237997607e-11,2.0304232725363355e-11,2.0304233070748555e-11,2.030423341613168e-11,2.0304233761512726e-11,2.0304234106891693e-11,2.0304234452268592e-11,2.0304234797643413e-11,2.0304235143016154e-11,2.0304235488386817e-11,2.0304235833755408e-11,2.0304236179121913e-11,2.0304236524486343e-11,2.0304236869848705e-11,2.030423721520898e-11,2.030423756056719e-11,2.030423790592331e-11,2.0304238251277367e-11,2.030423859662933e-11,2.030423894197924e-11,2.0304239287327058e-11,2.0304239632672802e-11,2.0304239978016465e-11,2.030424032335806e-11,2.0304240668697578e-11,2.030424101403501e-11,2.030424135937038e-11,2.0304241704703665e-11,2.030424205003487e-11,2.0304242395364002e-11,2.0304242740691063e-11,2.030424308601604e-11,2.0304243431338943e-11,2.0304243776659788e-11,2.0304244121978536e-11,2.0304244467295212e-11,2.0304244812609817e-11,2.0304245157922342e-11,2.030424550323279e-11,2.030424584854116e-11,2.0304246193847456e-11,2.0304246539151676e-11,2.0304246884453825e-11,2.03042472297539e-11,2.0304247575051893e-11,2.030424792034782e-11,2.030424826564167e-11,2.030424861093344e-11,2.0304248956223137e-11,2.0304249301510756e-11,2.0304249646796297e-11,2.0304249992079766e-11,2.0304250337361165e-11,2.0304250682640482e-11,2.030425102791773e-11,2.03042513731929e-11,2.0304251718465995e-11,2.0304252063737005e-11,2.030425240900595e-11,2.0304252754272816e-11,2.030425309953762e-11,2.0304253444800338e-11,2.030425379006098e-11,2.0304254135319553e-11,2.0304254480576045e-11,2.030425482583047e-11,2.0304255171082814e-11,2.0304255516333086e-11,2.0304255861581284e-11,2.0304256206827408e-11,2.030425655207145e-11,2.030425689731343e-11,2.0304257242553323e-11,2.0304257587791146e-11,2.0304257933026895e-11,2.030425827826057e-11,2.0304258623492175e-11,2.0304258968721697e-11,2.030425931394915e-11,2.030425965917453e-11,2.0304260004397832e-11,2.030426034961907e-11,2.0304260694838223e-11,2.030426104005531e-11,2.030426138527032e-11,2.030426173048326e-11,2.0304262075694127e-11,2.0304262420902917e-11,2.0304262766109634e-11,2.0304263111314272e-11,2.030426345651684e-11,2.0304263801717336e-11,2.0304264146915758e-11,2.03042644921121e-11,2.0304264837306376e-11,2.0304265182498574e-11,2.0304265527688705e-11,2.0304265872876755e-11,2.0304266218062737e-11,2.0304266563246644e-11,2.0304266908428477e-11,2.0304267253608243e-11,2.030426759878592e-11,2.030426794396154e-11,2.0304268289135088e-11,2.0304268634306562e-11,2.0304268979475955e-11,2.030426932464328e-11,2.0304269669808534e-11,2.0304270014971707e-11,2.0304270360132816e-11,2.0304270705291846e-11,2.030427105044881e-11,2.0304271395603694e-11,2.0304271740756505e-11,2.030427208590725e-11,2.0304272431055916e-11,2.0304272776202516e-11,2.0304273121347042e-11,2.0304273466489494e-11,2.030427381162987e-11,2.0304274156768177e-11,2.0304274501904418e-11,2.0304274847038585e-11,2.0304275192170674e-11,2.0304275537300682e-11,2.0304275882428635e-11,2.030427622755451e-11,2.0304276572678312e-11,2.030427691780004e-11,2.0304277262919698e-11,2.030427760803729e-11,2.0304277953152802e-11,2.0304278298266247e-11,2.0304278643377618e-11,2.0304278988486914e-11,2.030427933359416e-11,2.0304279678699313e-11,2.0304280023802396e-11,2.030428036890341e-11,2.0304280714002355e-11,2.0304281059099218e-11,2.0304281404194012e-11,2.0304281749286743e-11,2.03042820943774e-11,2.0304282439465986e-11,2.0304282784552503e-11,2.0304283129636942e-11,2.0304283474719316e-11,2.0304283819799613e-11,2.030428416487784e-11,2.0304284509953993e-11,2.0304284855028073e-11,2.0304285200100094e-11,2.0304285545170038e-11,2.030428589023791e-11,2.0304286235303716e-11,2.0304286580367443e-11,2.0304286925429102e-11,2.0304287270488697e-11,2.030428761554621e-11,2.0304287960601666e-11,2.0304288305655037e-11,2.030428865070635e-11,2.030428899575559e-11,2.030428934080276e-11,2.030428968584786e-11,2.0304290030890884e-11,2.0304290375931838e-11,2.0304290720970724e-11,2.030429106600754e-11,2.0304291411042282e-11,2.0304291756074958e-11,2.0304292101105565e-11,2.0304292446134105e-11,2.030429279116057e-11,2.0304293136184968e-11,2.030429348120729e-11,2.0304293826227542e-11,2.0304294171245723e-11,2.030429451626185e-11,2.0304294861275893e-11,2.030429520628787e-11,2.0304295551297772e-11,2.0304295896305613e-11,2.030429624131138e-11,2.0304296586315075e-11,2.0304296931316705e-11,2.0304297276316268e-11,2.030429762131376e-11,2.030429796630917e-11,2.0304298311302525e-11,2.0304298656293806e-11,2.030429900128302e-11,2.030429934627016e-11,2.0304299691255238e-11,2.0304300036238238e-11,2.030430038121917e-11,2.030430072619804e-11,2.0304301071174838e-11,2.0304301416149566e-11,2.0304301761122226e-11,2.0304302106092818e-11,2.0304302451061338e-11,2.0304302796027794e-11,2.030430314099218e-11,2.03043034859545e-11,2.030430383091474e-11,2.030430417587292e-11,2.0304304520829025e-11,2.0304304865783067e-11,2.0304305210735038e-11,2.030430555568494e-11,2.0304305900632778e-11,2.0304306245578545e-11,2.0304306590522253e-11,2.0304306935463878e-11,2.030430728040344e-11,2.0304307625340932e-11,2.0304307970276356e-11,2.0304308315209718e-11,2.0304308660141003e-11,2.0304309005070223e-11,2.030430934999738e-11,2.030430969492246e-11,2.0304310039845478e-11,2.0304310384766416e-11,2.0304310729685296e-11,2.0304311074602105e-11,2.0304311419516853e-11,2.0304311764429532e-11,2.0304312109340144e-11,2.0304312454248687e-11,2.030431279915516e-11,2.030431314405956e-11,2.03043134889619e-11,2.0304313833862176e-11,2.0304314178760373e-11,2.030431452365651e-11,2.030431486855058e-11,2.030431521344258e-11,2.030431555833251e-11,2.0304315903220386e-11,2.0304316248106176e-11,2.030431659298991e-11,2.0304316937871583e-11,2.030431728275118e-11,2.0304317627628713e-11,2.0304317972504176e-11,2.0304318317377577e-11,2.0304318662248907e-11,2.0304319007118166e-11,2.0304319351985364e-11,2.0304319696850493e-11,2.0304320041713558e-11,2.030432038657455e-11,2.0304320731433487e-11,2.030432107629035e-11,2.0304321421145144e-11,2.0304321765997872e-11,2.0304322110848542e-11,2.0304322455697135e-11,2.0304322800543663e-11,2.030432314538813e-11,2.030432349023052e-11,2.0304323835070854e-11,2.030432417990912e-11,2.030432452474532e-11,2.0304324869579453e-11,2.0304325214411515e-11,2.0304325559241525e-11,2.0304325904069457e-11,2.030432624889532e-11,2.0304326593719127e-11,2.0304326938540862e-11,2.030432728336053e-11,2.0304327628178135e-11,2.030432797299368e-11,2.0304328317807154e-11,2.0304328662618556e-11,2.0304329007427903e-11,2.0304329352235178e-11,2.0304329697040385e-11,2.0304330041843534e-11,2.030433038664461e-11,2.030433073144362e-11,2.0304331076240568e-11,2.0304331421035445e-11,2.030433176582827e-11,2.0304332110619015e-11,2.0304332455407708e-11,2.0304332800194327e-11,2.030433314497888e-11,2.0304333489761376e-11,2.0304333834541797e-11,2.030433417932016e-11,2.0304334524096458e-11,2.0304334868870688e-11,2.0304335213642857e-11,2.030433555841296e-11,2.0304335903180997e-11,2.0304336247946965e-11,2.030433659271087e-11,2.0304336937472713e-11,2.030433728223249e-11,2.0304337626990202e-11,2.0304337971745853e-11,2.0304338316499436e-11,2.0304338661250948e-11,2.03043390060004e-11,2.0304339350747797e-11,2.030433969549312e-11,2.0304340040236383e-11,2.0304340384977575e-11,2.030434072971671e-11,2.0304341074453783e-11,2.0304341419188783e-11,2.030434176392173e-11,2.030434210865261e-11,2.0304342453381415e-11,2.0304342798108167e-11,2.030434314283285e-11,2.0304343487555465e-11,2.0304343832275363e-11,2.0304344176993187e-11,2.0304344521708946e-11,2.0304344866422637e-11,2.030434521113426e-11,2.030434555584381e-11,2.0304345900551298e-11,2.0304346245256717e-11,2.0304346589960075e-11,2.0304346934661358e-11,2.0304347279360573e-11,2.030434762405773e-11,2.0304347968752806e-11,2.0304348313445817e-11,2.0304348658136774e-11,2.0304349002825646e-11,2.030434934751247e-11,2.0304349692197216e-11,2.0304350036879894e-11,2.030435038156051e-11,2.030435072623906e-11,2.0304351070915536e-11,2.0304351415589965e-11,2.030435176026231e-11,2.0304352104932596e-11,2.0304352449600818e-11,2.030435279426698e-11,2.0304353138931064e-11,2.0304353483593085e-11,2.030435382825304e-11,2.030435417291093e-11,2.0304354517566754e-11,2.0304354862220513e-11,2.030435520687221e-11,2.030435555152184e-11,2.0304355896169408e-11,2.0304356240814912e-11,2.0304356585458334e-11,2.0304356930099708e-11,2.0304357274739008e-11,2.030435761937705e-11,2.030435796401302e-11,2.0304358308646932e-11,2.030435865327878e-11,2.0304358997908567e-11,2.030435934253629e-11,2.0304359687161953e-11,2.0304360031785553e-11,2.0304360376407094e-11,2.0304360721026573e-11,2.0304361065643985e-11,2.0304361410259335e-11,2.0304361754872633e-11,2.0304362099483866e-11,2.030436244409303e-11,2.0304362788700143e-11,2.0304363133305185e-11,2.0304363477908166e-11,2.0304363822509093e-11,2.0304364167107954e-11,2.030436451170475e-11,2.0304364856299492e-11,2.0304365200892166e-11,2.0304365545482778e-11,2.030436589007133e-11,2.030436623465782e-11,2.0304366579242252e-11,2.030436692382462e-11,2.0304367268404926e-11,2.0304367612983176e-11,2.030436795755936e-11,2.030436830213348e-11,2.030436864670555e-11,2.030436899127555e-11,2.03043693358435e-11,2.030436968040938e-11,2.0304370024973203e-11,2.0304370369534964e-11,2.030437071409466e-11,2.0304371058652298e-11,2.0304371403207878e-11,2.03043717477614e-11,2.0304372092312856e-11,2.0304372436862245e-11,2.030437278140959e-11,2.0304373125954864e-11,2.0304373470498078e-11,2.030437381503923e-11,2.030437415957833e-11,2.0304374504115365e-11,2.030437484865034e-11,2.0304375193183255e-11,2.030437553771411e-11,2.0304375882242904e-11,2.0304376226769636e-11,2.030437657129431e-11,2.0304376915816928e-11,2.0304377260337482e-11,2.0304377604855977e-11,2.030437794937241e-11,2.0304378293886787e-11,2.0304378638399105e-11,2.0304378982909368e-11,2.0304379327417565e-11,2.0304379671923705e-11,2.0304380016427777e-11,2.030438036092979e-11,2.030438070542975e-11,2.030438104992764e-11,2.0304381394423487e-11,2.0304381738917268e-11,2.0304382083408983e-11,2.0304382427898644e-11,2.0304382772386253e-11,2.0304383116871793e-11,2.0304383461355273e-11,2.0304383805836697e-11,2.0304384150316067e-11,2.030438449479337e-11,2.0304384839268617e-11,2.0304385183741802e-11,2.0304385528212932e-11,2.0304385872682007e-11,2.0304386217149017e-11,2.030438656161397e-11,2.0304386906076866e-11,2.0304387250537704e-11,2.0304387594996485e-11,2.03043879394532e-11,2.030438828390786e-11,2.030438862836047e-11,2.0304388972811013e-11,2.0304389317259493e-11,2.0304389661705923e-11,2.0304390006150296e-11,2.03043903505926e-11,2.0304390695032856e-11,2.0304391039471054e-11,2.0304391383907187e-11,2.0304391728341275e-11,2.0304392072773307e-11,2.0304392417203275e-11,2.030439276163119e-11,2.0304393106057043e-11,2.0304393450480842e-11,2.0304393794902587e-11,2.030439413932227e-11,2.0304394483739892e-11,2.0304394828155465e-11,2.030439517256897e-11,2.0304395516980423e-11,2.0304395861389818e-11,2.0304396205797148e-11,2.030439655020243e-11,2.030439689460565e-11,2.030439723900682e-11,2.0304397583405926e-11,2.0304397927802978e-11,2.0304398272197965e-11,2.0304398616590897e-11,2.0304398960981774e-11,2.0304399305370593e-11,2.030439964975736e-11,2.0304399994142066e-11,2.030440033852472e-11,2.0304400682905312e-11,2.0304401027283846e-11,2.0304401371660322e-11,2.030440171603474e-11,2.030440206040711e-11,2.030440240477742e-11,2.0304402749145672e-11,2.0304403093511866e-11,2.0304403437876002e-11,2.030440378223808e-11,2.0304404126598096e-11,2.0304404470956067e-11,2.0304404815311963e-11,2.0304405159665795e-11,2.0304405504017578e-11,2.03044058483673e-11,2.030440619271497e-11,2.030440653706058e-11,2.0304406881404135e-11,2.0304407225745636e-11,2.0304407570085083e-11,2.030440791442247e-11,2.0304408258757814e-11,2.03044086030911e-11,2.0304408947422332e-11,2.03044092917515e-11,2.030440963607863e-11,2.030440998040369e-11,2.0304410324726697e-11,2.0304410669047658e-11,2.0304411013366557e-11,2.0304411357683405e-11,2.0304411701998198e-11,2.0304412046310936e-11,2.0304412390621618e-11,2.0304412734930246e-11,2.0304413079236818e-11,2.0304413423541336e-11,2.0304413767843802e-11,2.0304414112144225e-11,2.030441445644258e-11,2.0304414800738882e-11,2.0304415145033134e-11,2.0304415489325328e-11,2.0304415833615473e-11,2.0304416177903563e-11,2.03044165221896e-11
18,1.480723896240161e-42,3.9745855296146944e-42,7.118462670617647e-42,1.0677539685534406e-41,1.4501743483237746e-41,1.849524074208192e-41,2.2596838093191032e-41,2.6767461315236934e-41,3.098216008540787e-41,3.5225002708236073e-41,3.9485816212341707e-41,4.375810478269808e-41,4.803772060338549e-41,5.232201514186401e-41,5.660929721316978e-41,6.089848693363894e-41,6.518889475800983e-41,6.948008038634129e-41,7.37717626710507e-41,7.806376208902383e-41,8.235596400821094e-41,8.66482952318466e-41,9.094070902111562e-41,9.523317553156319e-41,9.952567570641142e-41,1.038181973772219e-40,1.0811073277398632e-40,1.1240327693527289e-40,1.1669582669302673e-40,1.209883800243363e-40,1.2528093563749683e-40,1.2957349270769634e-40,1.3386605070826656e-40,1.3815860930291653e-40,1.4245116827690164e-40,1.4674372749311492e-40,1.5103628686399376e-40,1.5532884633363457e-40,1.5962140586633545e-40,1.639139654393066e-40,1.6820652503799436e-40,1.7249908465309387e-40,1.7679164427868006e-40,1.8108420391096125e-40,1.8537676354751953e-40,1.89669323186799e-40,1.939618828278402e-40,1.982544424699643e-40,2.025470021128123e-40,2.068395617561168e-40,2.1113212139970738e-40,2.1542468104348646e-40,2.1971724068738173e-40,2.2400980033134846e-40,2.2830235997538337e-40,2.325949196194322e-40,2.3688747926350745e-40,2.4118003890758274e-40,2.4547259855167977e-40,2.4976515819577716e-40,2.54057717839883e-40,2.583502774839809e-40,2.626428371280871e-40,2.6693539677219606e-40,2.7122795641629183e-40,2.755205160603992e-40,2.7981307570450228e-40,2.841056353486065e-40,2.883981949927128e-40,2.9269075463682746e-40,2.969833142809231e-40,3.012758739250263e-40,3.0556843356912858e-40,3.0986099321323564e-40,3.1415355285735146e-40,3.1844611250145257e-40,3.2273867214555506e-40,3.27031231789662e-40,3.3132379143376837e-40,3.3561635107787943e-40,3.3990891072198816e-40,3.4420147036608315e-40,3.4849403001019747e-40,3.5278658965430294e-40,3.570791492984044e-40,3.6137170894251245e-40,3.656642685866197e-40,3.699568282307186e-40,3.742493878748291e-40,3.785419475189291e-40,3.828345071630415e-40,3.871270668071389e-40,3.914196264512534e-40,3.95712186095359e-40,4.000047457394525e-40,4.042973053835764e-40,4.085898650276781e-40,4.128824246717804e-40,4.171749843158889e-40,4.214675439599887e-40,4.2576010360410425e-40,4.300526632482113e-40,4.343452228923231e-40,4.386377825364294e-40,4.429303421805428e-40,4.4722290182465705e-40,4.515154614687445e-40,4.558080211128468e-40,4.601005807569413e-40,4.643931404010454e-40,4.686857000451472e-40,4.729782596892535e-40,4.772708193333635e-40,4.815633789774762e-40,4.858559386215792e-40,4.901484982656936e-40,4.944410579097987e-40,4.9873361755389064e-40,5.0302617719801014e-40,5.0731873684210705e-40,5.116112964862193e-40,5.15903856130316e-40,5.201964157744337e-40,5.244889754185248e-40,5.287815350626443e-40,5.3307409470675414e-40,5.373666543508537e-40,5.416592139949732e-40,5.4595177363906566e-40,5.502443332831668e-40,5.54536892927277e-40,5.588294525713787e-40,5.631220122154908e-40,5.674145718596072e-40,5.717071315037022e-40,5.75999691147802e-40,5.8029225079190265e-40,5.845848104360142e-40,5.888773700801129e-40,5.931699297242177e-40,5.974624893683153e-40,6.017550490124296e-40,6.060476086565488e-40,6.103401683006607e-40,6.146327279447546e-40,6.189252875888579e-40,6.232178472329659e-40,6.275104068770835e-40,6.318029665211756e-40,6.360955261652935e-40,6.403880858094e-40,6.446806454535014e-40,6.489732050976145e-40,6.532657647417211e-40,6.5755832438581156e-40,6.6185088402990675e-40,6.6614344367401165e-40,6.704360033181391e-40,6.747285629622383e-40,6.790211226063241e-40,6.8331368225045115e-40,6.876062418945573e-40,6.918988015386682e-40,6.961913611827759e-40,7.0048392082688486e-40,7.047764804709776e-40,7.090690401150801e-40,7.133615997591986e-40,7.176541594033031e-40,7.219467190474054e-40,7.26239278691517e-40,7.3053183833561695e-40,7.348243979797173e-40,7.391169576238444e-40,7.434095172679326e-40,7.47702076912041e-40,7.519946365561424e-40,7.56287196200256e-40,7.605797558443702e-40,7.648723154884753e-40,7.691648751325455e-40,7.734574347766621e-40,7.777499944207852e-40,7.820425540648856e-40,7.863351137089937e-40,7.906276733531055e-40,7.949202329972012e-40,7.99212792641308e-40,8.035053522854123e-40,8.077979119295408e-40,8.120904715736376e-40,8.163830312177295e-40,8.206755908618423e-40,8.24968150505954e-40,8.292607101500394e-40,8.335532697941619e-40,8.378458294382732e-40,8.421383890823795e-40,8.464309487264624e-40,8.50723508370551e-40,8.550160680146656e-40,8.593086276587549e-40,8.636011873028471e-40,8.678937469469493e-40,8.721863065910592e-40,8.764788662351598e-40,8.80771425879289e-40,8.850639855234143e-40,8.893565451675225e-40,8.936491048116202e-40,8.979416644557234e-40,9.022342240998189e-40,9.065267837439436e-40,9.108193433880212e-40,9.151119030321627e-40,9.194044626762696e-40,9.236970223203715e-40,9.279895819644775e-40,9.32282141608573e-40,9.36574701252676e-40,9.40867260896773e-40,9.451598205408878e-40,9.494523801849927e-40,9.53744939829087e-40,9.580374994732037e-40,9.623300591173278e-40,9.666226187614624e-40,9.709151784055477e-40,9.752077380496473e-40,9.795002976937666e-40,9.837928573378509e-40,9.880854169819722e-40,9.923779766260647e-40,9.966705362701718e-40,1.000963095914285e-39,1.0052556555583891e-39,1.0095482152025129e-39,1.0138407748466118e-39,1.0181333344907328e-39,1.0224258941348151e-39,1.0267184537789325e-39,1.031011013423008e-39,1.0353035730671008e-39,1.0395961327112396e-39,1.0438886923553495e-39,1.0481812519994558e-39,1.0524738116435536e-39,1.056766371287659e-39,1.061058930931764e-39,1.065351490575865e-39,1.0696440502199942e-39,1.0739366098640863e-39,1.0782291695082298e-39,1.0825217291522873e-39,1.0868142887964066e-39,1.0911068484405116e-39,1.0953994080846042e-39,1.0996919677287168e-39,1.1039845273728259e-39,1.1082770870169167e-39,1.1125696466610177e-39,1.116862206305137e-39,1.1211547659492572e-39,1.1254473255933479e-39,1.129739885237456e-39,1.1340324448815763e-39,1.1383250045256749e-39,1.1426175641697709e-39,1.1469101238138888e-39,1.1512026834580071e-39,1.1554952431021012e-39,1.1597878027461991e-39,1.1640803623902824e-39,1.1683729220344177e-39,1.1726654816784973e-39,1.1769580413226171e-39,1.1812506009666937e-39,1.1855431606108194e-39,1.189835720254923e-39,1.194128279899004e-39,1.1984208395431254e-39,1.2027133991872321e-39,1.2070059588313166e-39,1.2112985184754328e-39,1.2155910781195634e-39,1.2198836377636583e-39,1.2241761974077513e-39,1.2284687570518757e-39,1.2327613166959717e-39,1.2370538763400694e-39,1.2413464359841678e-39,1.2456389956282722e-39,1.249931555272416e-39,1.2542241149165107e-39,1.2585166745606373e-39,1.262809234204762e-39,1.26710179384885e-39,1.271394353492954e-39,1.2756869131370589e-39,1.2799794727811666e-39,1.2842720324252883e-39,1.288564592069366e-39,1.2928571517134656e-39,1.2971497113575854e-39,1.3014422710016633e-39,1.3057348306457835e-39,1.3100273902898823e-39,1.314319949934008e-39,1.3186125095781079e-39,1.3229050692221998e-39,1.327197628866353e-39,1.331490188510444e-39,1.3357827481545508e-39,1.3400753077986432e-39,1.3443678674427365e-39,1.348660427086841e-39,1.3529529867309748e-39,1.3572455463750632e-39,1.3615381060191864e-39,1.3658306656632715e-39,1.3701232253073735e-39,1.3744157849514966e-39,1.3787083445955784e-39,1.3830009042397092e-39,1.3872934638838311e-39,1.3915860235279493e-39,1.395878583172064e-39,1.4001711428161676e-39,1.4044637024602886e-39,1.4087562621043944e-39,1.4130488217485194e-39,1.417341381392615e-39,1.4216339410367446e-39,1.4259265006808321e-39,1.4302190603248986e-39,1.4345116199690171e-39,1.43880417961315e-39,1.4430967392572315e-39,1.4473892989013226e-39,1.4516818585454368e-39,1.4559744181895348e-39,1.4602669778336566e-39,1.464559537477769e-39,1.468852097121856e-39,1.473144656765958e-39,1.477437216410097e-39,1.481729776054202e-39,1.486022335698291e-39,1.4903148953424207e-39,1.494607454986519e-39,1.4989000146306345e-39,1.5031925742747423e-39,1.5074851339188334e-39,1.5117776935629193e-39,1.5160702532070453e-39,1.5203628128511433e-39,1.524655372495264e-39,1.528947932139353e-39,1.533240491783452e-39,1.5375330514275557e-39,1.5418256110716116e-39,1.5461181707157246e-39,1.550410730359847e-39,1.5547032900039446e-39,1.5589958496480736e-39,1.5632884092921778e-39,1.5675809689362796e-39,1.571873528580403e-39,1.576166088224467e-39,1.5804586478685625e-39,1.5847512075126607e-39,1.5890437671567603e-39,1.593336326800855e-39,1.5976288864449886e-39,1.6019214460890924e-39,1.606214005733195e-39,1.6105065653772603e-39,1.614799125021357e-39,1.6190916846654598e-39,1.623384244309591e-39,1.6276768039537246e-39,1.631969363597812e-39,1.636261923241918e-39,1.6405544828860332e-39,1.644847042530138e-39,1.6491396021742705e-39,1.6534321618183584e-39,1.6577247214624932e-39,1.6620172811065648e-39,1.6663098407506666e-39,1.670602400394758e-39,1.6748949600388247e-39,1.6791875196829746e-39,1.6834800793271306e-39,1.687772638971222e-39,1.6920651986152985e-39,1.696357758259416e-39,1.7006503179035424e-39,1.7049428775476237e-39,1.7092354371917354e-39,1.7135279968358222e-39,1.7178205564799463e-39,1.722113116124033e-39,1.7264056757681488e-39,1.7306982354122575e-39,1.7349907950563594e-39,1.739283354700472e-39,1.7435759143445687e-39,1.7478684739886794e-39,1.7521610336327806e-39,1.7564535932769275e-39,1.7607461529210043e-39,1.7650387125651287e-39,1.7693312722092345e-39,1.773623831853315e-39,1.777916391497374e-39,1.7822089511415855e-39,1.7865015107856345e-39,1.790794070429757e-39,1.795086630073829e-39,1.7993791897179584e-39,1.8036717493620218e-39,1.807964309006188e-39,1.8122568686502895e-39,1.8165494282944384e-39,1.8208419879385145e-39,1.8251345475826167e-39,1.8294271072267274e-39,1.833719666870827e-39,1.838012226514916e-39,1.842304786159033e-39,1.8465973458031225e-39,1.8508899054472358e-39,1.855182465091329e-39,1.8594750247354265e-39,1.8637675843796034e-39,1.8680601440236613e-39,1.8723527036677524e-39,1.8766452633119313e-39,1.880937822956028e-39,1.8852303826000936e-39,1.8895229422441648e-39,1.8938155018882856e-39,1.8981080615323643e-39,1.902400621176432e-39,1.9066931808205632e-39,1.9109857404646902e-39,1.9152783001087702e-39,1.9195708597529132e-39,1.9238634193970353e-39,1.9281559790411568e-39,1.9324485386852733e-39,1.9367410983294033e-39,1.9410336579734484e-39,1.9453262176176067e-39,1.9496187772616668e-39,1.9539113369057808e-39,1.9582038965499058e-39,1.96249645619402e-39,1.966789015838053e-39,1.971081575482241e-39,1.9753741351263414e-39,1.979666694770401e-39,1.9839592544145178e-39,1.9882518140586092e-39,1.9925443737026935e-39,1.9968369333468153e-39,2.0011294929909452e-39,2.005422052635049e-39,2.0097146122791793e-39,2.0140071719232854e-39,2.018299731567377e-39,2.0225922912115052e-39,2.026884850855581e-39,2.031177410499658e-39,2.0354699701437955e-39,2.0397625297879483e-39,2.0440550894320433e-39,2.048347649076088e-39,2.0526402087202046e-39,2.0569327683643225e-39,2.061225328008449e-39,2.0655178876525945e-39,2.0698104472966983e-39,2.074103006940826e-39,2.0783955665849366e-39,2.0826881262290232e-39,2.0869806858731257e-39,2.09127324551723e-39,2.0955658051613376e-39,2.0998583648054744e-39,2.1041509244495688e-39,2.1084434840936674e-39,2.1127360437377563e-39,2.1170286033818904e-39,2.1213211630259825e-39,2.1256137226701063e-39,2.1299062823141765e-39,2.1341988419583208e-39,2.1384914016023923e-39,2.1427839612464936e-39,2.1470765208906336e-39,2.1513690805347636e-39,2.1556616401788873e-39,2.159954199822941e-39,2.1642467594670754e-39,2.1685393191111655e-39,2.1728318787551963e-39,2.1771244383993243e-39,2.1814169980433795e-39,2.1857095576875248e-39,2.190002117331648e-39,2.1942946769757478e-39,2.1985872366198308e-39,2.202879796263932e-39,2.2071723559080352e-39,2.2114649155521302e-39,2.2157574751962614e-39,2.220050034840366e-39,2.22434259448447e-39,2.228635154128552e-39,2.2329277137726376e-39,2.2372202734167748e-39,2.2415128330608355e-39,2.2458053927049404e-39,2.2500979523490187e-39,2.2543905119930828e-39,2.2586830716372395e-39,2.262975631281361e-39,2.2672681909254504e-39,2.2715607505696293e-39,2.275853310213766e-39,2.2801458698578314e-39,2.284438429501932e-39,2.2887309891460502e-39,2.2930235487902115e-39,2.2973161084342667e-39,2.3016086680783353e-39,2.3059012277224815e-39,2.3101937873666004e-39,2.3144863470106582e-39,2.3187789066547996e-39,2.3230714662989086e-39,2.3273640259430216e-39,2.3316565855871075e-39,2.3359491452311823e-39,2.340241704875258e-39,2.3445342645193737e-39,2.3488268241634814e-39,2.3531193838075435e-39,2.35741194345165e-39,2.3617045030957916e-39,2.3659970627399307e-39,2.370289622384038e-39,2.37458218202814e-39,2.3788747416722537e-39,2.3831673013163666e-39,2.3874598609604992e-39,2.3917524206046347e-39,2.3960449802486657e-39,2.4003375398928136e-39,2.404630099536896e-39,2.4089226591810073e-39,2.413215218825114e-39,2.4175077784692753e-39,2.4218003381133328e-39,2.4260928977574543e-39,2.430385457401543e-39,2.4346780170456672e-39,2.4389705766898255e-39,2.4432631363339502e-39,2.447555695977926e-39,2.451848255622075e-39,2.45614081526617e-39,2.4604333749102543e-39,2.4647259345543598e-39,2.469018494198445e-39,2.4733110538425358e-39,2.4776036134866658e-39,2.481896173130733e-39,2.4861887327748855e-39,2.490481292419059e-39,2.494773852063141e-39,2.4990664117072107e-39,2.5033589713512943e-39,2.507651530995457e-39,2.51194409063951e-39,2.5162366502835745e-39,2.520529209927698e-39,2.524821769571811e-39,2.5291143292159552e-39,2.5334068888600532e-39,2.5376994485041707e-39,2.5419920081482853e-39,2.546284567792416e-39,2.5505771274365136e-39,2.554869687080651e-39,2.559162246724758e-39,2.5634548063687866e-39,2.5677473660129873e-39,2.572039925657031e-39,2.5763324853011934e-39,2.5806250449452326e-39,2.5849176045893547e-39,2.589210164233427e-39,2.5935027238775435e-39,2.597795283521678e-39,2.602087843165771e-39,2.6063804028098847e-39,2.6106729624539993e-39,2.6149655220980607e-39,2.619258081742163e-39,2.623550641386243e-39,2.627843201030409e-39,2.6321357606745417e-39,2.6364283203186034e-39,2.6407208799627376e-39,2.645013439606803e-39,2.649305999250911e-39,2.6535985588950214e-39,2.6578911185391047e-39,2.6621836781832118e-39,2.666476237827315e-39,2.67076879747145e-39,2.6750613571155393e-39,2.679353916759651e-39,2.6836464764037515e-39,2.6879390360479408e-39,2.6922315956919872e-39,2.6965241553360855e-39,2.7008167149802628e-39,2.705109274624296e-39,2.709401834268436e-39,2.7136943939125684e-39,2.717986953556648e-39,2.7222795132007174e-39,2.726572072844795e-39,2.730864632488901e-39,2.735157192132978e-39,2.7394497517771582e-39,2.7437423114212976e-39,2.7480348710653437e-39,2.752327430709425e-39,2.756619990353518e-39,2.7609125499976036e-39,2.7652051096417424e-39,2.769497669285826e-39,2.773790228929889e-39,2.7780827885740656e-39,2.7823753482181845e-39,2.786667907862308e-39,2.790960467506433e-39,2.795253027150499e-39,2.7995455867945884e-39,2.803838146438737e-39,2.8081307060828317e-39,2.8124232657269584e-39,2.8167158253710945e-39,2.821008385015198e-39,2.8253009446592865e-39,2.8295935043034634e-39,2.8338860639475705e-39,2.8381786235917037e-39,2.8424711832357094e-39,2.8467637428797718e-39,2.851056302523903e-39,2.8553488621680104e-39,2.859641421812145e-39,2.8639339814562507e-39,2.868226541100308e-39,2.872519100744446e-39,2.8768116603885574e-39,2.881104220032677e-39,2.885396779676755e-39,2.8896893393208438e-39,2.8939818989649623e-39,2.898274458609111e-39,2.9025670182532104e-39,2.906859577897271e-39,2.9111521375413643e-39,2.9154446971854936e-39,2.9197372568296007e-39,2.924029816473663e-39,2.9283223761177587e-39,2.9326149357618773e-39,2.9369074954060088e-39,2.9412000550501215e-39,2.9454926146942214e-39,2.9497851743383155e-39,2.9540777339824637e-39,2.958370293626519e-39,2.962662853270642e-39,2.966955412914748e-39,2.971247972558861e-39,2.975540532202927e-39,2.9798330918470325e-39,2.984125651491113e-39,2.9884182111353e-39,2.99271077077939e-39,2.9970033304234897e-39,3.0012958900675915e-39,3.005588449711688e-39,3.0098810093557894e-39,3.014173568999982e-39,3.018466128644043e-39,3.0227586882881486e-39,3.027051247932258e-39,3.031343807576419e-39,3.035636367220516e-39,3.039928926864603e-39,3.044221486508664e-39,3.048514046152721e-39,3.052806605796851e-39,3.057099165440962e-39,3.0613917250850355e-39,3.065684284729174e-39,3.0699768443733306e-39,3.0742694040174397e-39,3.078561963661558e-39,3.0828545233056826e-39,3.087147082949705e-39,3.091439642593738e-39,3.0957322022378355e-39,3.1000247618819035e-39,3.1043173215260954e-39,3.1086098811701895e-39,3.112902440814304e-39,3.1171950004583534e-39,3.1214875601025075e-39,3.125780119746648e-39,3.130072679390702e-39,3.134365239034829e-39,3.138657798678923e-39,3.142950358323059e-39,3.147242917967157e-39,3.151535477611243e-39,3.1558280372553526e-39,3.160120596899499e-39,3.164413156543725e-39,3.168705716187688e-39,3.1729982758318325e-39,3.177290835475972e-39,3.18158339512004e-39,3.185875954764176e-39,3.1901685144082016e-39,3.1944610740523674e-39,3.1987536336964654e-39,3.203046193340608e-39,3.2073387529847057e-39,3.2116313126287436e-39,3.215923872272871e-39,3.220216431916943e-39,3.2245089915611295e-39,3.2288015512052634e-39,3.2330941108493254e-39,3.237386670493473e-39,3.2416792301375586e-39,3.245971789781644e-39,3.2502643494257506e-39,3.254556909069851e-39,3.258849468713903e-39,3.2631420283579485e-39,3.2674345880021065e-39,3.271727147646257e-39,3.276019707290331e-39,3.2803122669344814e-39,3.2846048265785474e-39,3.2888973862226146e-39,3.293189945866773e-39,3.297482505510795e-39,3.3017750651549555e-39,3.3060676247990705e-39,3.3103601844431874e-39,3.314652744087252e-39,3.318945303731348e-39,3.32323786337549e-39,3.327530423019588e-39,3.3318229826636374e-39,3.3361155423078195e-39,3.3404081019519606e-39,3.344700661596069e-39,3.3489932212401526e-39,3.353285780884252e-39,3.357578340528321e-39,3.361870900172479e-39,3.366163459816656e-39,3.37045601946071e-39,3.3747485791047736e-39,3.3790411387488905e-39,3.383333698392967e-39,3.387626258037095e-39,3.391918817681187e-39,3.396211377325309e-39,3.400503936969434e-39,3.404796496613446e-39,3.409089056257722e-39,3.4133816159017885e-39,3.4176741755458766e-39,3.421966735189964e-39,3.426259294834101e-39,3.430551854478128e-39,3.4348444141223096e-39,3.439136973766375e-39,3.443429533410495e-39,3.447722093054651e-39,3.452014652698871e-39,3.456307212342906e-39,3.460599771987043e-39,3.464892331631136e-39,3.469184891275251e-39,3.473477450919331e-39,3.4777700105633904e-39,3.482062570207511e-39,3.486355129851541e-39,3.490647689495741e-39,3.4949402491398025e-39,3.4992328087838926e-39,3.503525368428034e-39,3.507817928072041e-39,3.512110487716128e-39,3.516403047360315e-39,3.520695607004407e-39,3.524988166648498e-39,3.529280726292673e-39,3.533573285936689e-39,3.5378658455808814e-39,3.542158405224943e-39,3.5464509648690297e-39,3.550743524513126e-39,3.555036084157259e-39,3.559328643801372e-39,3.5636212034454946e-39,3.567913763089664e-39,3.5722063227337153e-39,3.5764988823778074e-39,3.580791442021876e-39,3.585084001666037e-39,3.589376561310067e-39,3.593669120954146e-39,3.5979616805982614e-39,3.6022542402423645e-39,3.6065467998864345e-39,3.610839359530542e-39,3.615131919174619e-39,3.6194244788187806e-39,3.6237170384628864e-39,3.628009598106964e-39,3.632302157751132e-39,3.636594717395237e-39,3.640887277039333e-39,3.6451798366834336e-39,3.6494723963276047e-39,3.6537649559716406e-39,3.658057515615817e-39,3.6623500752599814e-39,3.666642634903954e-39,3.6709351945480703e-39,3.675227754192177e-39,3.679520313836265e-39,3.683812873480336e-39,3.688105433124424e-39,3.6923979927686574e-39,3.696690552412725e-39,3.7009831120568305e-39,3.7052756717009154e-39,3.709568231344994e-39,3.713860790989143e-39,3.7181533506332315e-39,3.722445910277301e-39,3.7267384699214e-39,3.731031029565608e-39,3.735323589209688e-39,3.739616148853743e-39,3.743908708497813e-39,3.7482012681419375e-39,3.752493827786059e-39,3.7567863874301837e-39,3.761078947074233e-39,3.765371506718243e-39,3.769664066362492e-39,3.773956626006647e-39,3.7782491856508216e-39,3.782541745294862e-39,3.786834304939028e-39,3.7911268645830744e-39,3.795419424227237e-39,3.7997119838712397e-39,3.804004543515363e-39,3.808297103159465e-39,3.812589662803647e-39,3.8168822224476994e-39,3.8211747820918143e-39,3.825467341735917e-39,3.829759901379995e-39,3.8340524610241885e-39,3.838345020668256e-39,3.842637580312318e-39,3.8469301399563936e-39,3.8512226996004897e-39,3.855515259244639e-39,3.8598078188887835e-39,3.864100378532882e-39,3.8683929381769755e-39,3.872685497821145e-39,3.876978057465192e-39,3.881270617109327e-39,3.8855631767533895e-39,3.889855736397516e-39,3.89414829604157e-39,3.89844085568566e-39,3.9027334153297194e-39,3.907025974973882e-39,3.9113185346180237e-39,3.915611094262083e-39,3.9199036539061974e-39,3.924196213550266e-39,3.9284887731943294e-39,3.9327813328384176e-39,3.93707389248246e-39,3.941366452126659e-39,3.945659011770817e-39,3.949951571414887e-39,3.954244131058985e-39,3.958536690703174e-39,3.962829250347307e-39,3.967121809991399e-39,3.9714143696354037e-39,3.975706929279623e-39,3.9799994889237314e-39,3.9842920485678535e-39,3.9885846082119724e-39,3.992877167856127e-39,3.997169727500164e-39,4.0014622871442904e-39,4.005754846788337e-39,4.0100474064324635e-39,4.0143399660765217e-39,4.0186325257206725e-39,4.022925085364789e-39,4.0272176450088854e-39,4.031510204653035e-39,4.035802764297096e-39,4.0400953239411976e-39,4.044387883585345e-39,4.0486804432294627e-39,4.052973002873585e-39,4.057265562517657e-39,4.061558122161788e-39,4.065850681805782e-39,4.070143241449927e-39,4.074435801093927e-39,4.078728360738e-39,4.083020920382179e-39,4.087313480026338e-39,4.0916060396705284e-39,4.0958985993145364e-39,4.1001911589587577e-39,4.1044837186028256e-39,4.1087762782468414e-39,4.113068837890999e-39,4.117361397535064e-39,4.121653957179228e-39,4.125946516823345e-39,4.1302390764674095e-39,4.134531636111515e-39,4.138824195755594e-39,4.1431167553996264e-39,4.147409315043726e-39,4.151701874687869e-39,4.155994434332054e-39,4.160286993976033e-39,4.164579553620256e-39,4.168872113264403e-39,4.173164672908571e-39,4.177457232552687e-39,4.1817497921968813e-39,4.186042351840933e-39,4.190334911485093e-39,4.194627471129111e-39,4.198920030773202e-39,4.20321259041737e-39,4.2075051500614704e-39,4.211797709705617e-39,4.216090269349714e-39,4.22038282899379e-39,4.224675388637882e-39,4.228967948282046e-39,4.233260507926006e-39,4.2375530675702606e-39,4.2418456272142496e-39,4.246138186858307e-39,4.2504307465024096e-39,4.2547233061464965e-39,4.259015865790546e-39,4.263308425434748e-39,4.267600985078758e-39,4.271893544722879e-39,4.27618610436696e-39,4.280478664011103e-39,4.2847712236551144e-39,1.7251671232707824e-21,1.8500499965225043e-21,1.9031246334146252e-21,1.9541620296667907e-21,2.006515694552694e-21,2.0605201753434034e-21,2.116367692925638e-21,2.174236292509681e-21,2.2342962787279758e-21,2.296712408136008e-21,2.3616462093369557e-21,2.4292582375722102e-21,2.499710099651278e-21,2.573166250910386e-21,2.6497955698050494e-21,2.7297727736185755e-21,2.8132797005321466e-21,2.9005065118995778e-21,2.9916528384308564e-21,3.086928900390867e-21,3.186556622181444e-21,3.2907707613447585e-21,3.399820067710944e-21,3.513968487137819e-21,3.633496423486619e-21,3.7587020718929976e-21,3.889902834812196e-21,4.027436835324231e-21,4.1716645387597455e-21,4.322970497154216e-21,4.481765230466819e-21,4.648487259835681e-21,4.8236053085206896e-21,5.0076206901165756e-21,5.2010699005498975e-21,5.4045274374725305e-21,5.61860886912198e-21,5.843974178370772e-21,6.081331410473254e-21,6.3314406538604295e-21,6.595118401405154e-21,6.87324229334239e-21,7.166756345932313e-21,7.476676654493168e-21,7.804097657356193e-21,8.150199009535218e-21,8.516253143480466e-21,8.903633560744262e-21,9.313823989044413e-21,9.748428447896132e-21,1.0209182357972061e-20,1.0697964804123997e-20,1.1216812078479546e-20,1.176793267274117e-20,1.2353723861991643e-20,1.2976790092886451e-20,1.3639963386749055e-20,1.434632599410129e-20,1.509923558918834e-20,1.5902353313244398e-20,1.6759675026072508e-20,1.767556617425779e-20,1.8654800740129277e-20,1.9702604801077122e-20,2.0824705305278222e-20,2.202738476308448e-20,2.3317542637432513e-20,2.4702764359056573e-20,2.6191399008399963e-20,2.779264687567649e-20,2.95166582929129e-20,3.137464534790174e-20,3.337900834530332e-20,3.554347917122987e-20,3.7883284082087423e-20,4.0415328801238754e-20,4.3158409377431494e-20,4.613345271732205e-20,4.936379146632426e-20,5.2875478663070714e-20,5.669764855339648e-20,6.086293107181208e-20,6.540792884317014e-20,7.037376715921238e-20,7.58067292805963e-20,8.175899192985879e-20,8.828947789657183e-20,9.546484737448238e-20,1.0336065223917466e-19,1.12062683117137e-19,1.216685451939874e-19,1.3228950549532207e-19,1.4405266351879368e-19,1.5710350792190606e-19,1.716089351760363e-19,1.8776082262983214e-19,2.0578026867888683e-19,2.2592263775858024e-19,2.4848357919518473e-19,2.738062277950482e-19,3.0228984272493344e-19,3.344002022897899e-19,3.706821490915276e-19,4.117747771869781e-19,4.58429876041088e-19,5.115344028664451e-19,5.721379552725541e-19,6.414864731635238e-19,7.210637298894771e-19,8.126426009521455e-19,9.18348655121604e-19,1.0407393393900848e-18,1.182902982317539e-18,1.348583097025977e-18,1.5423351308480727e-18,1.7697250290891504e-18,2.037581957589321e-18,2.354321545999782e-18,2.7303614698224296e-18,3.178658652311325e-18,3.715407651459925e-18,4.3609540814604744e-18,5.140996924511587e-18,6.08818185922432e-18,7.244228045121607e-18,8.662788882121046e-18,1.041333169093964e-17,1.2586445447252681e-17,1.530117008654986e-17,1.8715217825886184e-17,2.30393772673739e-17,2.855803600246826e-17,3.565875784337778e-17,4.4875419475174106e-17,5.695189797536304e-17,7.293728616318218e-17,9.433007255770406e-17,1.232993130993724e-16,1.630283854882821e-16,2.1825638219424334e-16,2.9614218173270953e-16,4.076619099869718e-16,5.698985924033913e-16,8.098407834238166e-16,1.1103072049020862e-15,1.6266324308810187e-15,2.430464968849044e-15,3.69847930998059e-15,5.730736364327885e-15,9.033975982845127e-15,1.4465823545984455e-14,2.347209126050146e-14,3.8462805260259527e-14,6.33742462801338e-14,1.0443717583977534e-13,1.7108605946548164e-13,2.7677525143887234e-13,4.3923291307611676e-13,6.79491230608869e-13,1.0190902700465265e-12,1.4753558688286808e-12,2.055563406315913e-12,2.7517221250585076e-12,3.538038641458353e-12,4.372472635578497e-12,5.202375470225582e-12,5.972718450702146e-12,6.634591698136517e-12,7.151803852438976e-12,7.504307921943459e-12,7.688304353601622e-12,7.713754754579152e-12,7.600451631134008e-12,7.373758858540439e-12,7.060836068952436e-12,6.687778474521973e-12,6.277775747408305e-12,5.850178043030205e-12,5.420254850945752e-12,4.9994142013165775e-12,4.595680378926697e-12,4.214278503972489e-12,3.85822533004748e-12,3.5288679957968697e-12,3.2263434403732964e-12,2.949950989408724e-12,2.698443585545822e-12,2.470246876989066e-12,2.2636194203528622e-12,2.0767659389139892e-12,1.9079137026046365e-12,1.7553632086912103e-12,1.6175176511210172e-12,1.492899018321116e-12,1.3801542868082946e-12,1.2780550671845299e-12,1.1854930484618964e-12,1.1014729149653953e-12,1.0251039070693458e-12,9.555908259001089e-13,8.922250122052399e-13,8.343756367864926e-13,7.814815040845962e-13,7.330434767585612e-13,6.886175657373973e-13,6.478086886645106e-13,6.102650766982078e-13,5.756732708159386e-13,5.437537106231285e-13,5.142567990575459e-13,4.869594414613856e-13,4.616619917435648e-13,4.3818556259966147e-13,4.1636965806726206e-13,3.960700904112384e-13,3.7715714720432653e-13,3.5951397815831096e-13,3.430351747385338e-13,3.276255187589599e-13,3.131988790347656e-13,2.996772377415898e-13,2.8698983040787437e-13,2.7507238550993686e-13,2.638664513941863e-13,2.533187998214297e-13,2.433808967922498e-13,2.3400843249759686e-13,2.2516090327440063e-13,2.1680123935511128e-13,2.0889547297558797e-13,2.0141244210058327e-13,1.943235256049694e-13,1.8760240628137397e-13,1.8122485848051588e-13,1.7516855759120286e-13,1.6941290890206152e-13,1.6393889368733107e-13,1.587289306158673e-13,1.5376675080927478e-13,1.4903728507248195e-13,1.4452656199333827e-13,1.402216157581734e-13,1.361104026628791e-13,1.3218172541579408e-13,1.284251644302541e-13,1.2483101539383365e-13,1.2139023248246375e-13,1.1809437665360847e-13,1.1493556851744934e-13,1.1190644533688914e-13,1.0900012175708204e-13,1.0621015390378187e-13,1.035305065339691e-13,1.0095552294757107e-13,9.847989740503937e-14,9.609864981829151e-14,9.380710250727358e-14,9.160085883544099e-14,8.947578355392188e-14,8.742798470461571e-14,8.545379694303192e-14,8.354976615767685e-14,8.171263527381345e-14,7.993933114034585e-14,7.822695240709781e-14,7.657275831000179e-14,7.497415828792556e-14,7.342870236250096e-14,7.193407221874467e-14,7.048807292906681e-14,6.908862526944095e-14,6.773375857993357e-14,6.642160412695541e-14,6.515038892730141e-14,6.391842999983477e-14,6.272412900852046e-14,6.15659672704014e-14,6.044250109870892e-14,5.935235745661805e-14,5.82942298984884e-14,5.726687477706072e-14,5.6269107697432784e-14,5.529980019952347e-14,5.4357876652995435e-14,5.3442311348821656e-14,5.255212577393998e-14,5.168638605625914e-14,5.084420056741738e-14,5.0024717673080807e-14,4.9227123620242735e-14,4.845064055222415e-14,4.769452464262471e-14,4.695806434068231e-14,4.624057871987153e-14,4.554141592352549e-14,4.48599517007306e-14,4.41955880268691e-14,4.354775180292011e-14,4.291589362916052e-14,4.229948664751718e-14,4.169802544929471e-14,4.1111025043282986e-14,4.053801988100184e-14,3.9978562935286235e-14,3.9432224829088866e-14,3.8898593011229275e-14,3.837727097644881e-14,3.7867877526955454e-14,3.737004607303705e-14,3.688342397038503e-14,3.640767189197343e-14,3.5942463232476824e-14,3.5487483543319815e-14,3.50424299965616e-14,3.460701087600415e-14,3.4180945093925957e-14,3.3763961732002013e-14,3.335579960508587e-14,3.2956206846364297e-14,3.256494051327326e-14,3.2181766212081644e-14,3.180645774103068e-14,3.1438796750516054e-14,3.1078572419524714e-14,3.0725581147447544e-14,3.03796262603712e-14,3.004051773123619e-14,2.9708071912966e-14,2.9382111283960696e-14,2.906246420532515e-14,2.874896468916582e-14,2.844145217742441e-14,2.8139771330744608e-14,2.7843771826674486e-14,2.755330816706563e-14,2.7268239493875008e-14,2.698842941312034e-14,2.6713745826560065e-14,2.644406077069159e-14,2.6179250262712042e-14,2.5919194153096216e-14,2.56637759845617e-14,2.5412882856926722e-14,2.5166405297713277e-14,2.4924237138227862e-14,2.468627539479215e-14,2.4452420154904696e-14,2.422257446811429e-14,2.399664424140571e-14,2.3774538138773166e-14,2.3556167484963858e-14,2.3341446173101932e-14,2.313029057600071e-14,2.2922619460911586e-14,2.271835390789168e-14,2.2517417231211543e-14,2.231973490391396e-14,2.2125234485338202e-14,2.1933845551401794e-14,2.1745499627651015e-14,2.1560130124824958e-14,2.1377672276952456e-14,2.119806308170879e-14,2.1021241243162924e-14,2.0847147116482684e-14,2.0675722654941783e-14,2.050691135877202e-14,2.0340658225846377e-14,2.017690970439384e-14,2.0015613647166196e-14,1.985671926761013e-14,1.9700177097310455e-14,1.9545938945123653e-14,1.9393957857867085e-14,1.924418808222974e-14,1.9096585071577662e-14,1.8951105293708412e-14,1.8807706397448095e-14,1.86663470813617e-14,1.8526987069138e-14,1.838958708170993e-14,1.8254108808324126e-14,1.8120514878375847e-14,1.7988768833888677e-14,1.7858835102882584e-14,1.7730678973646882e-14,1.7604266569849317e-14,1.7479564826493992e-14,1.735654146663411e-14,1.7235164978978596e-14,1.7115404596051765e-14,1.699723027328282e-14,1.688061266864393e-14,1.6765523122857786e-14,1.6651933640637434e-14,1.653981687207141e-14,1.6429146094850545e-14,1.6319895197069262e-14,1.6212038660457883e-14,1.610555154431113e-14,1.600040946976417e-14,1.589658860467135e-14,1.5794065648861762e-14,1.5692817819999433e-14,1.5592822839767238e-14,1.5494058920436963e-14,1.539650475202765e-14,1.5300139489706023e-14,1.5204942741617623e-14,1.5110894557098192e-14,1.5017975415215698e-14,1.4926166213711247e-14,1.4835448258213365e-14,1.4745803251796574e-14,1.4657213284859513e-14,1.4569660825309317e-14,1.4483128708952435e-14,1.4397600130355163e-14,1.4313058633738618e-14,1.4229488104295004e-14,1.4146872759817904e-14,1.4065197142173817e-14,1.398444610968534e-14,1.3904604829175197e-14,1.382565876840477e-14,1.3747593688800317e-14,1.3670395638313917e-14,1.3594050944521989e-14,1.351854620788441e-14,1.3443868295216284e-14,1.3370004333323405e-14,1.3296941702874629e-14,1.322466803230506e-14,1.3153171192044607e-14,1.3082439288816842e-14,1.3012460660112378e-14,1.2943223868807644e-14,1.2874717697947358e-14,1.2806931145636809e-14,1.2739853420114892e-14,1.2673473934917294e-14,1.2607782304182067e-14,1.2542768338100954e-14,1.2478422038448416e-14,1.2414733594339949e-14,1.2351693377827985e-14,1.2289291939969881e-14,1.2227520006905064e-14,1.2166368475652459e-14,1.2105828410587051e-14,1.2045891039676702e-14,1.1986547750826937e-14,1.1927790088467724e-14,1.1869609750077884e-14,1.1811998582835195e-14,1.1754948580353844e-14,1.1698451879717521e-14,1.1642500758113888e-14,1.1587087629966112e-14,1.1532205044012612e-14,1.1477845680403376e-14,1.1424002348132115e-14,1.137066798181659e-14,1.1317835639445116e-14,1.1265498499764555e-14,1.1213649859650048e-14,1.1162283131667247e-14,1.1111391841696499e-14,1.1060969626556691e-14,1.1011010231738648e-14,1.0961507509136065e-14,1.0912455414974718e-14,1.0863848007494726e-14,1.0815679445076143e-14,1.0767943984053636e-14,1.072063597684057e-14,1.0673749869969888e-14,1.0627280202089996e-14,1.0581221602353328e-14,1.053556878841231e-14,1.0490316564761731e-14,1.0445459820968793e-14,1.0400993530046519e-14,1.0356912746724749e-14,1.0313212605970268e-14,1.026988832132987e-14,1.0226935183466292e-14,1.0184348558490783e-14,1.014212388680246e-14,1.0100256681420157e-14,1.0058742526624164e-14,1.0017577076671485e-14,9.976756054390471e-15,9.936275249901342e-15,9.89613051934172e-15,9.856317783580156e-15,9.816833027085413e-15,9.777672296595317e-15,9.738831700154442e-15,9.70030740570806e-15,9.662095640217942e-15,9.62419268840747e-15,9.586594891820865e-15,9.54929864766728e-15,9.512300407875196e-15,9.475596678029653e-15,9.439184016492656e-15,9.403059033258896e-15,9.367218389250017e-15,9.331658795196108e-15,9.296377010833682e-15,9.261369844021013e-15,9.226634149853953e-15,9.192166829825532e-15,9.15796483100543e-15,9.124025145234934e-15,9.090344808306456e-15,9.05692089922235e-15,9.023750539349339e-15,8.990830891912426e-15,8.958159160928894e-15,8.925732590731954e-15,8.89354846518476e-15,8.861604107013211e-15,8.829896877110953e-15,8.798424173892004e-15,8.767183432763434e-15,8.73617212520798e-15,8.705387758424284e-15,8.674827874663844e-15,8.644490050561949e-15,8.614371896579423e-15,8.584471056506996e-15,8.55478520679079e-15,8.525312056092615e-15,8.496049344633436e-15,8.466994843771401e-15,8.438146355430054e-15,8.409501711603734e-15,8.381058773851886e-15,8.352815432814665e-15,8.324769607742019e-15,8.296919245958401e-15,8.269262322652992e-15,8.241796839931257e-15,8.21452082696042e-15,8.187432339084848e-15,8.160529457583316e-15,8.133810289271946e-15,8.107272966035717e-15,8.08091564446018e-15,8.054736505348154e-15,8.028733753483633e-15,8.002905617148922e-15,7.977250347766906e-15,7.951766219513132e-15,7.926451528963335e-15,7.901304594814186e-15,7.87632375745579e-15,7.851507378656068e-15,7.826853841248314e-15,7.802361548728381e-15,7.778028925037487e-15,7.753854414145532e-15,7.729836479829019e-15,7.705973605309705e-15,7.682264292963403e-15,7.658707064049537e-15,7.63530045836241e-15,7.612043034059052e-15,7.588933367246041e-15,7.565970051829062e-15,7.543151699007177e-15,7.520476937770835e-15,7.497944413230706e-15,7.475552787692015e-15,7.453300739837652e-15,7.431186964527665e-15,7.409210172558798e-15,7.387369090437418e-15,7.365662460240302e-15,7.344089039215632e-15,7.322647599671965e-15,7.301336928731857e-15,7.280155828118024e-15,7.259103113917386e-15,7.238177616395167e-15,7.217378179774785e-15,7.19670366205749e-15,7.176152934774586e-15,7.15572488286481e-15,7.135418404400853e-15,7.115232410437302e-15,7.095165824863048e-15,7.0752175841200236e-15,7.055386637139244e-15,7.035671945078632e-15,7.01607248117672e-15,6.996587230594624e-15,6.977215190219258e-15,6.957955368521078e-15,6.9388067853672544e-15,6.91976847195301e-15,6.900839470388959e-15,6.882018833913112e-15,6.863305626475357e-15,6.844698922660584e-15,6.826197807544452e-15,6.807801376541801e-15,6.7895087352955e-15,6.77131899946511e-15,6.75323129466828e-15,6.735244756290828e-15,6.717358529368147e-15,6.699571768488746e-15,6.681883637589824e-15,6.664293309894291e-15,6.6467999677527655e-15,6.629402802515073e-15,6.612101014522449e-15,6.5948938127356926e-15,6.577780414867388e-15,6.560760047158415e-15,6.543831944264455e-15,6.526995349166374e-15,6.510249513014671e-15,6.493593695075482e-15,6.477027162616699e-15,6.460549190769073e-15,6.444159062466056e-15,6.427856068273122e-15,6.411639506390959e-15,6.39550868237764e-15,6.379462909309591e-15,6.363501507483757e-15,6.347623804372488e-15,6.331829134564057e-15,6.3161168396162156e-15,6.300486268080618e-15,6.284936775224385e-15,6.2694677231152915e-15,6.254078480454314e-15,6.238768422501814e-15,6.223536931011458e-15,6.208383394121293e-15,6.193307206298464e-15,6.17830776822859e-15,6.1633844867843556e-15,6.1485367748793565e-15,6.133764051454451e-15,6.119065741381633e-15,6.104441275381177e-15,6.089890089948969e-15,6.075411627316539e-15,6.0610053352798984e-15,6.0466706672855596e-15,6.032407082216387e-15,6.018214044449485e-15,6.0040910236781254e-15,5.990037494895663e-15,5.976052938336664e-15,5.96213683944247e-15,5.948288688622433e-15,5.934507981477075e-15,5.920794218568003e-15,5.907146905318399e-15,5.893565552036449e-15,5.880049673834577e-15,5.866598790608147e-15,5.8532124268146505e-15,5.839890111685889e-15,5.826631378969172e-15,5.813435766930338e-15,5.8003028182853425e-15,5.787232080213911e-15,5.774223104211614e-15,5.761275446088303e-15,5.74838866591788e-15,5.735562328000828e-15,5.7227960007612095e-15,5.710089256747989e-15,5.6974416725699576e-15,5.68485282890126e-15,5.672322310211916e-15,5.6598497050869805e-15,5.647434605925041e-15,5.6350766088869384e-15,5.622775313983357e-15,5.61053032500309e-15,5.598341249320414e-15,5.5862076980344814e-15,5.57412928585555e-15,5.5621056310595545e-15,5.550136355440004e-15,5.538221084304401e-15,5.52635944639397e-15,5.514551073858755e-15,5.50279560222952e-15,5.491092670371103e-15,5.4794419204403384e-15,5.467842997857791e-15,5.4562955512721155e-15,5.4447992324846434e-15,5.4333536964975475e-15,5.421958601400943e-15,5.410613608371051e-15,5.3993183816042384e-15,5.388072588357784e-15,5.376875898835885e-15,5.365727986192209e-15,5.354628526490735e-15,5.343577198709359e-15,5.332573684619946e-15,5.3216176688422475e-15,5.310708838812711e-15,5.299846884678189e-15,5.289031499276147e-15,5.2782623782392714e-15,5.267539219821734e-15,5.256861724907558e-15,5.246229596996138e-15,5.235642542172597e-15,5.225100269070955e-15,5.214602488845783e-15,5.20414891516201e-15,5.19373926414671e-15,5.183373254394703e-15,5.173050606888034e-15,5.162771045039427e-15,5.1525342945758896e-15,5.142340083616044e-15,5.1321881425583586e-15,5.122078204180478e-15,5.1120100034309375e-15,5.101983277504964e-15,5.0919977658880305e-15,5.0820532102304965e-15,5.072149354338077e-15,5.0622859442044216e-15,5.052462727931008e-15,5.042679455741451e-15,5.03293587993215e-15,5.023231754867693e-15,5.013566836958477e-15,5.0039408846343256e-15,4.994353658328926e-15,4.984804920463787e-15,4.975294435387752e-15,4.965821969445912e-15,4.9563872908193004e-15,4.9469901697001085e-15,4.937630378058413e-15,4.928307689775142e-15,4.919021880595997e-15,4.909772728043299e-15,4.900560011471536e-15,4.891383512015269e-15,4.882243012573037e-15,4.873138297805963e-15,4.86406915410587e-15,4.855035369583562e-15,4.846036734038015e-15,4.837073038962788e-15,4.828144077515092e-15,4.819249644493401e-15,4.810389536338874e-15,4.801563551110628e-15,4.7927714884434825e-15,4.7840131495890126e-15,4.77528833735774e-15,4.766596856114197e-15,4.757938511733505e-15,4.749313111652689e-15,4.740720464815431e-15,4.732160381633494e-15,4.72363267400815e-15,4.715137155313302e-15,4.706673640365693e-15,4.698241945424809e-15,4.689841888141747e-15,4.681473287645854e-15,4.673135964373208e-15,4.6648297402312165e-15,4.656554438432738e-15,4.648309883550005e-15,4.640095901521892e-15,4.6319123195983155e-15,4.623758966368862e-15,4.615635671694926e-15,4.6075422667596745e-15,4.599478584010821e-15,4.591444457152845e-15,4.5834397211683624e-15,4.57546421227437e-15,4.567517767901932e-15,4.559600226769172e-15,4.5517114287066055e-15,4.543851214803084e-15,4.536019427319601e-15,4.528215909685049e-15,4.520440506506959e-15,4.5126930635415956e-15,4.504973427672553e-15,4.4972814469405695e-15,4.489616970493549e-15,4.481979848583806e-15,4.474369932594499e-15,4.466787074963521e-15,4.459231129219874e-15,4.451701949975923e-15,4.444199392899447e-15,4.4367233147049095e-15,4.429273573155094e-15,4.42185002702275e-15,4.414452536168324e-15,4.407080961380111e-15,4.399735164497589e-15,4.392415008353781e-15,4.385120356773965e-15,4.377851074534886e-15,4.370607027403143e-15,4.363388082098133e-15,4.356194106294793e-15,4.349024968607813e-15,4.341880538597438e-15,4.334760686716429e-15,4.327665284371702e-15,4.320594203869636e-15,4.313547318414828e-15,4.3065245021059024e-15,4.2995256299277954e-15,4.292550577743251e-15,4.285599222291164e-15,4.278671441146656e-15,4.271767112787353e-15,4.264886116497626e-15,4.258028332416657e-15,4.251193641521364e-15,4.244381925594918e-15,4.2375930672994796e-15,4.230826949970108e-15,4.224083457915435e-15,4.217362476142006e-15,4.210663890461535e-15,4.203987587475761e-15,4.197333454567612e-15,4.19070137989189e-15,4.184091252344166e-15,4.177502961599788e-15,4.170936398079187e-15,4.164391452946996e-15,4.157868018098523e-15,4.151365986175197e-15,4.144885250525457e-15,4.138425705226746e-15,4.131987245073236e-15,4.125569765556821e-15,4.119173162875503e-15,4.112797333923647e-15,4.106442176399423e-15,4.100107588200889e-15,4.093793468640149e-15,4.087499717210192e-15,4.08122623418956e-15,4.0749729205178236e-15,4.068739677775981e-15,4.062526408246581e-15,4.0563330148044505e-15,4.050159400978447e-15,4.0440054709177435e-15,4.037871129427797e-15,4.031756281921874e-15,4.025660834432751e-15,4.019584693601598e-15,4.0135277667020526e-15,4.007489961566797e-15,4.0014711866199145e-15,3.995471351081146e-15,3.9894903643732895e-15,3.983528136847817e-15,3.9775845792298306e-15,3.97165960294678e-15,3.96575311996167e-15,3.959865042684598e-15,3.953995284272009e-15,3.948143758332958e-15,3.942310379032271e-15,3.936495061095749e-15,3.93069771979914e-15,3.924918270942499e-15,3.919156630860261e-15,3.913412716429259e-15,3.90768644502927e-15,3.901977734596141e-15,3.896286503530541e-15,3.8906126708154114e-15,3.884956155880961e-15,3.879316878660779e-15,3.873694759715691e-15,3.868089719892769e-15,3.862501680678817e-15,3.8569305640169445e-15,3.851376292330131e-15,3.845838788525457e-15,3.8403179759881986e-15,3.834813778590872e-15,3.8293261206164926e-15,3.823854926886365e-15,3.818400122661403e-15,3.812961633666957e-15,3.807539386065114e-15,3.80213330648699e-15,3.7967433219989274e-15,3.791369360123935e-15,3.7860113488336635e-15,3.780669216513001e-15,3.775342891994329e-15,3.770032304577969e-15,3.764737383929657e-15,3.759458060176365e-15,3.754194263872575e-15,3.748945925954331e-15,3.743712977828808e-15,3.738495351268552e-15,3.733292978497274e-15,3.7281057920986995e-15,3.72293372508069e-15,3.7177767108559386e-15,3.712634683246476e-15,3.707507576438595e-15,3.702395325033407e-15,3.697297863997888e-15,3.6922151287044395e-15,3.68714705490733e-15,3.682093578725059e-15,3.677054636643895e-15,3.672030165593303e-15,3.6670201027946e-15,3.66202438585833e-15,3.65704295277668e-15,3.6520757418903576e-15,3.647122691912731e-15,3.6421837419078866e-15,3.6372588312924576e-15,3.632347899850109e-15,3.627450887681759e-15,3.6225677352715516e-15,3.617698383434668e-15,3.612842773323164e-15,3.6080008464305575e-15,3.603172544593913e-15,3.598357809977631e-15,3.593556585104099e-15,3.5887688127540755e-15,3.583994436126683e-15,3.579233398698158e-15,3.574485644256314e-15,3.5697511169489604e-15,3.565029761199916e-15,3.5603215218025755e-15,3.555626343799909e-15,3.550944172592647e-15,3.546274953865542e-15,3.541618633619952e-15,3.5369751581934e-15,3.5323444741365745e-15,3.527726528389751e-15,3.523121268166511e-15,3.518528640964458e-15,3.513948594584305e-15,3.5093810771087917e-15,3.5048260369353473e-15,3.500283422705532e-15,3.4957531833734066e-15,3.4912352681799196e-15,3.486729626658237e-15,3.4822362086185356e-15,3.477754964110195e-15,3.4732858434952944e-15,3.4688287973901904e-15,3.464383776718446e-15,3.4599507326319216e-15,3.4555296165604663e-15,3.4511203802246024e-15,3.4467229755851577e-15,3.442337354879205e-15,3.4379634705663995e-15,3.433601275453612e-15,3.4292507225195323e-15,3.4249117650311055e-15,3.4205843565062594e-15,3.4162684507142572e-15,3.411964001681007e-15,3.4076709636732174e-15,3.4033892912024516e-15,3.3991189390380035e-15,3.39485986219431e-15,3.39061201589899e-15,3.386375355661795e-15,3.382149837181981e-15,3.1611724840921406e-15,3.044924168742354e-15,3.000189380519345e-15,2.9833151770494246e-15,2.9769558570466737e-15,2.9745554372341653e-15,2.9736453467267922e-15,2.973296331583239e-15,2.9731585834495687e-15,2.973100410891971e-15,2.9730722293305068e-15,2.9730553640564268e-15,2.973042778087382e-15,2.973031817130109e-15,2.9730214781195608e-15,2.9730113806397626e-15,2.9730013794457106e-15,2.9729914183887464e-15,2.9729814752716665e-15,2.9729715409743588e-15,2.972961611514338e-15,2.9729516849962778e-15,2.9729417604224597e-15,2.9729318372122117e-15,2.972921914999853e-15,2.9729119935755764e-15,2.9729020727382576e-15,2.9728921523709586e-15,2.9728822323869396e-15,2.972872312726762e-15,2.9728623933480814e-15,2.972852474219866e-15,2.972842555322327e-15,2.972832636634867e-15,2.9728227181480417e-15,2.972812799854178e-15,2.9728028817467676e-15,2.9727929638196e-15,2.9727830460740515e-15,2.9727731285053813e-15,2.972763211070428e-15,2.9727532938492103e-15,2.9727433768015832e-15,2.9727334598858036e-15,2.972723543142074e-15,2.9727136265699747e-15,2.972703710169412e-15,2.972693793940022e-15,2.9726838778818865e-15,2.9726739619947767e-15,2.972664046278678e-15,2.9726541307335767e-15,2.972644215358718e-15,2.9726343001552225e-15,2.9726243851227694e-15,2.9726144702612754e-15,2.9726045555706843e-15,2.9725946410509004e-15,2.972584726702003e-15,2.97257481252379e-15,2.9725648985165777e-15,2.9725549846801753e-15,2.9725450710146024e-15,2.9725351575200647e-15,2.972525244196099e-15,2.9725153310429267e-15,2.9725054180607285e-15,2.9724955052494285e-15,2.972485592608308e-15,2.97247568013647e-15,2.972465767837324e-15,2.9724558557089238e-15,2.972445943751274e-15,2.972436031964495e-15,2.9724261203484363e-15,2.9724162089039604e-15,2.9724062976290466e-15,2.9723963865252817e-15,2.9723864755923328e-15,2.972376564830152e-15,2.9723666542386944e-15,2.9723567438180732e-15,2.9723468335681524e-15,2.9723369234889285e-15,2.9723270135804823e-15,2.9723171038428277e-15,2.9723071942758483e-15,2.9722972848796406e-15,2.972287375654136e-15,2.9722774665993377e-15,2.97226755771524e-15,2.9722576490019382e-15,2.9722477404593183e-15,2.9722378320874344e-15,2.9722279238862232e-15,2.9722180158557736e-15,2.9722081079959326e-15,2.9721982003068905e-15,2.9721882927884945e-15,2.9721783854408005e-15,2.972168478263798e-15,2.972158571257407e-15,2.9721486644217616e-15,2.9721387577568086e-15,2.9721288512625327e-15,2.9721189449388815e-15,2.972109038785899e-15,2.972099132803651e-15,2.9720892269919533e-15,2.9720793213509516e-15,2.9720694158806325e-15,2.972059510580942e-15,2.972049605451888e-15,2.9720397004935107e-15,2.97202979570576e-15,2.9720198910886404e-15,2.9720099866421346e-15,2.9720000823662555e-15,2.9719901782609833e-15,2.9719802743263836e-15,2.9719703705623517e-15,2.971960466968977e-15,2.971950563546167e-15,2.9719406602939886e-15,2.9719307572124752e-15,2.971920854301492e-15,2.97191095156107e-15,2.971901048991254e-15,2.971891146592114e-15,2.9718812443634924e-15,2.9718713423054595e-15,2.971861440418014e-15,2.9718515387011438e-15,2.9718416371548673e-15,2.9718317357790886e-15,2.9718218345739136e-15,2.971811933539326e-15,2.971802032675289e-15,2.971792131981736e-15,2.9717822314587824e-15,2.9717723311064284e-15,2.9717624309245477e-15,2.971752530913286e-15,2.97174263107247e-15,2.971732731402243e-15,2.9717228319024453e-15,2.9717129325732794e-15,2.9717030334146385e-15,2.9716931344264967e-15,2.971683235608869e-15,2.9716733369617103e-15,2.971663438485148e-15,2.9716535401790586e-15,2.971643642043421e-15,2.9716337440782818e-15,2.971623846283665e-15,2.9716139486596073e-15,2.971604051205932e-15,2.9715941539227835e-15,2.971584256810131e-15,2.9715743598679343e-15,2.971564463096174e-15,2.9715545664949525e-15,2.971544670064186e-15,2.9715347738038872e-15,2.97152487771397e-15,2.971514981794592e-15,2.9715050860455666e-15,2.9714951904670853e-15,2.971485295059056e-15,2.971475399821408e-15,2.971465504754252e-15,2.9714556098574603e-15,2.971445715131176e-15,2.9714358205752543e-15,2.9714259261897918e-15,2.9714160319747555e-15,2.971406137930136e-15,2.971396244055958e-15,2.97138635035212e-15,2.9713764568188032e-15,2.9713665634557687e-15,2.9713566702631573e-15,2.971346777240919e-15,2.971336884389169e-15,2.971326991707788e-15,2.9713170991967574e-15,2.9713072068561217e-15,2.9712973146858295e-15,2.9712874226859636e-15,2.97127753085636e-15,2.971267639197273e-15,2.9712577477084534e-15,2.971247856390078e-15,2.971237965242046e-15,2.971228074264311e-15,2.971218183456945e-15,2.9712082928199024e-15,2.971198402353282e-15,2.9711885120569583e-15,2.9711786219309534e-15,2.971168731975305e-15,2.9711588421899893e-15,2.971148952574964e-15,2.971139063130264e-15,2.9711291738559063e-15,2.9711192847518734e-15,2.9711093958181683e-15,2.9710995070547087e-15,2.9710896184616305e-15,2.971079730038771e-15,2.9710698417862805e-15,2.9710599537040516e-15,2.9710500657921607e-15,2.9710401780504843e-15,2.971030290479121e-15,2.9710204030779903e-15,2.971010515847209e-15,2.9710006287867124e-15,2.970990741896461e-15,2.9709808551764653e-15,2.970970968626743e-15,2.9709610822472267e-15,2.970951196038061e-15,2.970941309999071e-15,2.970931424130401e-15,2.9709215384319038e-15,2.970911652903709e-15,2.970901767545745e-15,2.9708918823579515e-15,2.970881997340442e-15,2.970872112493165e-15,2.9708622278161186e-15,2.970852343309306e-15,2.970842458972616e-15,2.9708325748061837e-15,2.970822690810048e-15,2.9708128069840492e-15,2.9708029233282814e-15,2.9707930398427036e-15,2.9707831565273285e-15,2.970773273382107e-15,2.97076339040713e-15,2.9707535076023253e-15,2.970743624967653e-15,2.9707337425031923e-15,2.9707238602089294e-15,2.9707139780847772e-15,2.9707040961308558e-15,2.9706942143470612e-15,2.9706843327335154e-15,2.9706744512900347e-15,2.970664570016716e-15,2.9706546889135814e-15,2.9706448079806364e-15,2.9706349272177694e-15,2.9706250466250176e-15,2.9706151662024735e-15,2.9706052859500307e-15,2.9705954058677078e-15,2.9705855259555137e-15,2.9705756462134663e-15,2.9705657666415107e-15,2.9705558872397176e-15,2.9705460080080387e-15,2.9705361289464244e-15,2.970526250054888e-15,2.9705163713334753e-15,2.9705064927821997e-15,2.970496614400993e-15,2.9704867361898977e-15,2.9704768581488948e-15,2.970466980277981e-15,2.970457102577147e-15,2.9704472250463764e-15,2.9704373476856772e-15,2.970427470495025e-15,2.970417593474515e-15,2.9704077166239953e-15,2.97039783994356e-15,2.970387963433176e-15,2.9703780870928436e-15,2.970368210922594e-15,2.9703583349223732e-15,2.9703484590921675e-15,2.9703385834319768e-15,2.9703287079418928e-15,2.9703188326218016e-15,2.9703089574717956e-15,2.9702990824917772e-15,2.970289207681762e-15,2.9702793330417715e-15,2.9702694585718207e-15,2.970259584271879e-15,2.970249710141932e-15,2.9702398361819455e-15,2.970229962392026e-15,2.9702200887720922e-15,2.970210215322124e-15,2.9702003420421845e-15,2.970190468932187e-15,2.970180595992226e-15,2.9701707232222193e-15,2.9701608506221765e-15,2.970150978192142e-15,2.9701411059320447e-15,2.9701312338419323e-15,2.9701213619217784e-15,2.9701114901715553e-15,2.9701016185913614e-15,2.9700917471810495e-15,2.970081875940695e-15,2.9700720048703383e-15,2.9700621339698605e-15,2.970052263239361e-15,2.970042392678786e-15,2.9700325222881035e-15,2.970022652067331e-15,2.9700127820165626e-15,2.9700029121356985e-15,2.969993042424717e-15,2.9699831728837197e-15,2.9699733035125422e-15,2.9699634343113596e-15,2.9699535652800107e-15,2.9699436964185707e-15,2.9699338277270375e-15,2.9699239592054258e-15,2.969914090853695e-15,2.9699042226718333e-15,2.9698943546598754e-15,2.96988448681778e-15,2.9698746191456063e-15,2.9698647516431902e-15,2.969854884310723e-15,2.9698450171480864e-15,2.9698351501553703e-15,2.969825283332462e-15,2.9698154166794417e-15,2.9698055501962505e-15,2.9697956838828845e-15,2.9697858177394264e-15,2.9697759517657482e-15,2.9697660859619268e-15,2.9697562203279053e-15,2.969746354863785e-15,2.969736489569417e-15,2.969726624446302e-15,2.9697167594916843e-15,2.969706894706821e-15,2.969697030091771e-15,2.9696871656465154e-15,2.9696773013710835e-15,2.969667437265437e-15,2.9696575733295266e-15,2.9696477095635146e-15,2.9696378459672865e-15,2.9696279825417245e-15,2.9696181192850466e-15,2.9696082561981398e-15,2.9695983932810664e-15,2.9695885305339686e-15,2.9695786679563413e-15,2.9695688055485373e-15,2.969558943310451e-15,2.9695490812421842e-15,2.969539219343664e-15,2.9695293576148985e-15,2.9695194960585128e-15,2.969509634669209e-15,2.9694997734496985e-15,2.9694899123999145e-15,2.9694800515198536e-15,2.9694701908095567e-15,2.9694603302689356e-15,2.969450469898083e-15,2.9694406096968923e-15,2.9694307496654745e-15,2.9694208898037723e-15,2.9694110301117856e-15,2.969401170600569e-15,2.9693913112479922e-15,2.969381452065155e-15,2.9693715930519684e-15,2.9693617342084596e-15,2.9693518755346016e-15,2.9693420170305452e-15,2.9693321586960635e-15,2.9693223005312074e-15,2.969312442536227e-15,2.9693025847106836e-15,2.9692927270606657e-15,2.9692828695734872e-15,2.9692730122568195e-15,2.969263155110073e-15,2.96925329813302e-15,2.9692434413255386e-15,2.9692335846877378e-15,2.969223728221412e-15,2.9692138719229183e-15,2.969204015794053e-15,2.96919415983471e-15,2.96918430404508e-15,2.9691744484250866e-15,2.9691645929747805e-15,2.9691547376919777e-15,2.969144882577588e-15,2.969135027630928e-15,2.969125172854081e-15,2.9691153182518445e-15,2.969105463819169e-15,2.969095609556077e-15,2.9690857554626273e-15,2.9690759015387013e-15,2.9690660477844237e-15,2.96905619419969e-15,2.9690463407845978e-15,2.9690364875390652e-15,2.96902663446309e-15,2.969016781556698e-15,2.9690069288198553e-15,2.968997076252572e-15,2.968987223854846e-15,2.9689773716267866e-15,2.96896751956817e-15,2.9689576676791125e-15,2.968947815959647e-15,2.9689379644096986e-15,2.9689281130293172e-15,2.9689182618184652e-15,2.9689084107769872e-15,2.9688985599052582e-15,2.9688887092018986e-15,2.9688788586700602e-15,2.968869008306548e-15,2.9688591581127793e-15,2.9688493081480822e-15,2.968839458293605e-15,2.968829608608437e-15,2.9688197590928676e-15,2.9688099097466323e-15,2.968800060598822e-15,2.968790211624387e-15,2.9687803627867553e-15,2.9687705141185255e-15,2.968760665619775e-15,2.9687508172905064e-15,2.9687409691307443e-15,2.9687311211404055e-15,2.968721273319538e-15,2.968711425668126e-15,2.9687015781859327e-15,2.968691730873966e-15,2.9686818837315365e-15,2.9686720367579704e-15,2.9686621899538477e-15,2.968652343319209e-15,2.9686424968539336e-15,2.9686326505581753e-15,2.9686228044318044e-15,2.9686129584748642e-15,2.968603112687396e-15,2.9685932670692845e-15,2.9685834216205593e-15,2.968573576341344e-15,2.968563731231506e-15,2.9685538862910965e-15,2.9685440415200592e-15,2.9685341969184724e-15,2.968524352486278e-15,2.968514508223419e-15,2.968504664129993e-15,2.9684948202059264e-15,2.9684849764511983e-15,2.968475132865981e-15,2.9684652894500637e-15,2.9684554462035526e-15,2.968445603126375e-15,2.9684357602186345e-15,2.9684259174801246e-15,2.968416074911094e-15,2.968406232511425e-15,2.9683963902810764e-15,2.9683865482200607e-15,2.968376706328411e-15,2.9683668646060412e-15,2.9683570230530796e-15,2.968347181669459e-15,2.9683373404551366e-15,2.968327499410159e-15,2.968317658534502e-15,2.96830781782814e-15,2.9682979772911594e-15,2.9682881369234436e-15,2.9682782967250724e-15,2.9682684566960134e-15,2.9682586168362403e-15,2.9682487771457812e-15,2.9682389376245312e-15,2.9682290982726883e-15,2.9682192590901125e-15,2.9682094200768357e-15,2.968199581232803e-15,2.9681897425581026e-15,2.968179904034641e-15,2.9681700656983753e-15,2.9681602275314093e-15,2.9681503895337377e-15,2.968140551705341e-15,2.9681307140462213e-15,2.96812087655636e-15,2.9681110392356855e-15,2.9681012020843717e-15,2.9680913651022035e-15,2.968081528289334e-15,2.968071691645682e-15,2.968061855171257e-15,2.9680520188660166e-15,2.9680421827301013e-15,2.9680323467634108e-15,2.968022510965907e-15,2.9680126753429437e-15,2.9680028398838296e-15,2.967993004593973e-15,2.967983169472767e-15,2.9679733345212985e-15,2.9679634997390365e-15,2.9679536651253825e-15,2.9679438306814898e-15,2.9679339964066737e-15,2.967924162300984e-15,2.9679143283647227e-15,2.967904494597516e-15,2.967894660999596e-15,2.967884827570845e-15,2.9678749942383743e-15,2.967865161146852e-15,2.9678553282255056e-15,2.9678454954733835e-15,2.9678356628904007e-15,2.967825830476609e-15,2.9678159982318362e-15,2.967806166119669e-15,2.967796334213357e-15,2.9677865024761507e-15,2.9677766709080496e-15,2.967766839509074e-15,2.9677570082792057e-15,2.9677471772185158e-15,2.9677373463268917e-15,2.967727515604435e-15,2.967717685051055e-15,2.9677078546667933e-15,2.967698024451599e-15,2.9676881944055675e-15,2.9676783645286422e-15,2.967668534820802e-15,2.9676587052820135e-15,2.9676488759123928e-15,2.9676390467117517e-15,2.967629217680323e-15,2.9676193888178584e-15,2.9676095601245337e-15,2.967599731600234e-15,2.967589903245052e-15,2.9675800750588668e-15,2.9675702470418337e-15,2.967560419193762e-15,2.9675505915148273e-15,2.9675407640049344e-15,2.967530936664023e-15,2.9675211094921853e-15,2.9675112824893813e-15,2.967501455655681e-15,2.967491628990956e-15,2.9674818024952687e-15,2.9674719761686226e-15,2.9674621500102192e-15,2.967452324021557e-15,2.9674424982019997e-15,2.967432672551405e-15,2.9674228470698222e-15,2.9674130217572864e-15,2.967403196613671e-15,2.9673933716391343e-15,2.967383546833576e-15,2.9673737221969374e-15,2.967363897729421e-15,2.9673540734307814e-15,2.9673442493011637e-15,2.9673344253405308e-15,2.967324601548863e-15,2.9673147779261494e-15,2.9673049544724227e-15,2.9672951311876222e-15,2.967285308071885e-15,2.967275485125e-15,2.967265662347146e-15,2.9672558397382074e-15,2.9672460172981744e-15,2.9672361950271084e-15,2.967226372925024e-15,2.9672165509918876e-15,2.9672067292276107e-15,2.9671969076323385e-15,2.967187086205919e-15,2.9671772649485153e-15,2.9671674438600085e-15,2.967157622940291e-15,2.967147802189612e-15,2.9671379816077852e-15,2.9671281611967167e-15,2.9671183409526737e-15,2.9671085208775664e-15,2.9670987009774076e-15,2.9670888812401115e-15,2.967079061671624e-15,2.9670692422720496e-15,2.967059423041426e-15,2.9670496039796495e-15,2.967039785086735e-15,2.9670299663626744e-15,2.967020147802584e-15,2.9670103294167817e-15,2.9670005111993496e-15,2.9669906931507878e-15,2.966980875271063e-15,2.966971057560157e-15,2.9669612400181377e-15,2.966951422644923e-15,2.9669416054404543e-15,2.9669317884050056e-15,2.9669219715383018e-15,2.9669121548404288e-15,2.9669023383114276e-15,2.9668925219512284e-15,2.9668827057598092e-15,2.9668728897372394e-15,2.966863073883431e-15,2.966853258198559e-15,2.966843442711333e-15,2.966833627363893e-15,2.9668238121854576e-15,2.966813997175569e-15,2.9668041823346548e-15,2.9667943677498727e-15,2.966784553333027e-15,2.9667747390814533e-15,2.966764924994482e-15,2.966755110995761e-15,2.9667452971672648e-15,2.9667354835077767e-15,2.9667256700171873e-15,2.9667158566953313e-15,2.966706043542081e-15,2.966696230557554e-15,2.9666864177418596e-15,2.9666766050948003e-15,2.9666667926165577e-15,2.9666569803071202e-15,2.9666471681663487e-15,2.9666373561942827e-15,2.966627544390966e-15,2.966617732756403e-15,2.9666079212905045e-15,2.9665981099933413e-15,2.9665882988649284e-15,2.966578487905219e-15,2.9665686771141703e-15,2.9665588664918713e-15,2.966549056038306e-15,2.9665392457534e-15,2.966529436184178e-15,2.9665196267927318e-15,2.9665098170138643e-15,2.9665000074037e-15,2.9664901979622443e-15,2.9664803886740743e-15,2.96647057956934e-15,2.966460770633872e-15,2.966450961867066e-15,2.9664411532658616e-15,2.9664313448363545e-15,2.9664215365754912e-15,2.9664117284811786e-15,2.966401920557665e-15,2.9663921128028394e-15,2.9663823052165568e-15,2.966372497798995e-15,2.966362690549991e-15,2.96635288346848e-15,2.966343076557357e-15,2.9663332698123643e-15,2.9663234632338144e-15,2.9663136568278885e-15,2.9663038505907103e-15,2.96629404452214e-15,2.9662842386221595e-15,2.966274432890766e-15,2.9662646273279244e-15,2.9662548219337757e-15,2.9662450167081636e-15,2.966235211651201e-15,2.966225406769442e-15,2.9662156020463587e-15,2.9662057974954866e-15,2.966195993112835e-15,2.9661861888987822e-15,2.9661763848532268e-15,2.9661665809762935e-15,2.96615677726811e-15,2.9661469737282466e-15,2.9661371703569432e-15,2.9661273671542265e-15,2.966117564120035e-15,2.9661077612543646e-15,2.9660979585572694e-15,2.9660881560287405e-15,2.96607835366575e-15,2.9660685514733093e-15,2.9660587494502848e-15,2.966048947595852e-15,2.966039145909907e-15,2.966029344395717e-15,2.966019543046774e-15,2.966009741866416e-15,2.9659999408545802e-15,2.9659901400111698e-15,2.9659803393362797e-15,2.9659705389160742e-15,2.9659607385781587e-15,2.9659509384087538e-15,2.9659411384079127e-15,2.965931338575496e-15,2.965921538911253e-15,2.9659117394158467e-15,2.96590194006941e-15,2.9658921409231958e-15,2.965882341933156e-15,2.9658725431115638e-15,2.9658627444584793e-15,2.9658529459738067e-15,2.9658431476575828e-15,2.9658333495104385e-15,2.9658235515311955e-15,2.965813753720298e-15,2.965803956077839e-15,2.9657941586038646e-15,2.96578436129718e-15,2.965774564160116e-15,2.9657647671912326e-15,2.965754970391005e-15,2.9657451737590964e-15,2.965735377295658e-15,2.9657255810006517e-15,2.9657157848739956e-15,2.965705988915723e-15,2.9656961931258976e-15,2.9656863975044008e-15,2.9656766020513984e-15,2.965666806766746e-15,2.965657011650482e-15,2.965647216702587e-15,2.9656374219230633e-15,2.9656276273119727e-15,2.9656178328676197e-15,2.9656080385934015e-15,2.965598244487391e-15,2.9655884505501212e-15,2.965578656780796e-15,2.9655688631798415e-15,2.9655590697472665e-15,2.9655492764830715e-15,2.9655394833871196e-15,2.965529690459612e-15,2.9655198977003633e-15,2.965510105657321e-15,2.9655003132347337e-15,2.9654905209805284e-15,2.9654807288946095e-15,2.965470936977044e-15,2.9654611452453764e-15,2.9654513536644426e-15,2.9654415622533213e-15,2.965431771009009e-15,2.96542197993301e-15,2.965412189025254e-15,2.965402398285828e-15,2.965392607714729e-15,2.9653828173117083e-15,2.965373027077209e-15,2.9653632370109133e-15,2.965353447108285e-15,2.9653436573786037e-15,2.9653338678171577e-15,2.965324078405183e-15,2.9653142891802817e-15,2.965304500123611e-15,2.9652947112352576e-15,2.9652849225151716e-15,2.9652751345068085e-15,2.965265346650601e-15,2.9652555584348917e-15,2.9652457703877427e-15,2.9652359825087835e-15,2.9652261947980687e-15,2.965216407255636e-15,2.9652066198814e-15,2.9651968326754394e-15,2.9651870456376506e-15,2.965177258768087e-15,2.9651674720667427e-15,2.965157685533608e-15,2.9651478991686767e-15,2.9651381129719244e-15,2.9651283269434827e-15,2.9651185410831603e-15,2.9651087553910754e-15,2.9650989698670507e-15,2.965089184511345e-15,2.965079399323724e-15,2.9650696143043516e-15,2.9650598295359334e-15,2.965050044939823e-15,2.965040260424806e-15,2.965030476078304e-15,2.96502069189734e-15,2.9650109080026577e-15,2.965001124160362e-15,2.9649913404904512e-15,2.9649815569844936e-15,2.964971773646737e-15,2.9649619904770845e-15,2.9649522074756646e-15,2.9649424246423107e-15,2.964932641977128e-15,2.9649228594799962e-15,2.9649130771510207e-15,2.964903294990153e-15,2.964893512997424e-15,2.9648837311727923e-15,2.9648739495162556e-15,2.964864168027831e-15,2.964854386707517e-15,2.964844605555327e-15,2.964834824571275e-15,2.9648250437902457e-15,2.9648152631378635e-15,2.964805482657287e-15,2.9647957023454783e-15,2.9647859222017863e-15,2.9647761422606848e-15,2.9647663624531895e-15,2.9647565828137433e-15,2.964746803342429e-15,2.9647370240395e-15,2.9647272449042513e-15,2.9647174659370396e-15,2.9647076871378758e-15,2.9646979085118902e-15,2.9646881300503025e-15,2.9646783517552733e-15,2.9646685736282722e-15,2.964658795669311e-15,2.9646490178784003e-15,2.9646392402556175e-15,2.9646294628006896e-15,2.9646196855138507e-15,2.9646099083950166e-15,2.964600131444206e-15,2.9645903546614523e-15,2.964580578046628e-15,2.9645708015998575e-15,2.964561025321065e-15,2.964551249210309e-15,2.9645414732675494e-15,2.9645316974927348e-15,2.9645219218858934e-15,2.9645121464471434e-15,2.9645023711762897e-15,2.964492596073398e-15,2.9644828211385352e-15,2.9644730463716347e-15,2.9644632717726346e-15,2.964453497341686e-15,2.96444372307863e-15,2.9644339489835476e-15,2.96442417505644e-15,2.96441440129728e-15,2.9644046277060857e-15,2.9643948542828094e-15,2.964385081027433e-15,2.964375307940063e-15,2.9643655350205535e-15,2.9643557622689808e-15,2.9643459896854075e-15,2.964336217269661e-15,2.9643264450219028e-15,2.9643166729420436e-15,2.9643069010300607e-15,2.9642971292859994e-15,2.9642873577098535e-15,2.964277586301627e-15,2.9642678150612838e-15,2.964258043988849e-15,2.964248273084287e-15,2.964238502347578e-15,2.964228731778805e-15,2.964218961377946e-15,2.964209191144858e-15,2.964199421080565e-15,2.964189651183146e-15,2.9641798814537227e-15,2.9641701118861642e-15,2.964160342492195e-15,2.964150573266257e-15,2.9641408042085098e-15,2.964131035318846e-15,2.9641212665965877e-15,2.9641114980421613e-15,2.964101729655517e-15,2.9640919614367205e-15,2.964082193385773e-15,2.964072425502704e-15,2.9640626577874236e-15,2.964052890239979e-15,2.9640431228603084e-15,2.964033355648505e-15,2.964023588604473e-15,2.9640138217282814e-15,2.964004055019875e-15,2.963994288479256e-15,2.9639845221064563e-15,2.9639747559014707e-15,2.9639649898642375e-15,2.9639552239947942e-15,2.9639454582798624e-15,2.963935692746066e-15,2.9639259273810346e-15,2.9639161621827156e-15,2.963906397151981e-15,2.9638966322891983e-15,2.9638868675942633e-15,2.963877103066919e-15,2.9638673387074422e-15,2.9638575745466543e-15,2.9638478105226206e-15,2.96383804666638e-15,2.963828282977866e-15,2.963818519457096e-15,2.963808756104064e-15,2.963798992918756e-15,2.963789229900978e-15,2.963779467051185e-15,2.963769704369027e-15,2.9637599418545866e-15,2.9637501795079256e-15,2.9637404173289638e-15,2.9637306553176593e-15,2.9637208934741338e-15,2.9637111317982956e-15,2.9637013702901716e-15,2.9636916089497208e-15,2.963681847776949e-15,2.9636720867718967e-15,2.9636623259345214e-15,2.963652565264818e-15,2.9636428047627127e-15,2.9636330444314627e-15,2.9636232842647935e-15,2.9636135242657683e-15,2.963603764434368e-15,2.963594004770697e-15,2.963584245274559e-15,2.963574485946222e-15,2.9635647267846277e-15,2.9635549677811304e-15,2.9635452089557587e-15,2.963535450297935e-15,2.963525691807804e-15,2.9635159334924367e-15,2.963506175337904e-15,2.9634964173505475e-15,2.963486659530972e-15,2.9634769018788647e-15,2.963467144393453e-15,2.9634573870769137e-15,2.963447629927804e-15,2.9634378729461772e-15,2.96342811613221e-15,2.9634183594858037e-15,2.9634086030069863e-15,2.963398846695798e-15,2.963389090552183e-15,2.9633793345761732e-15,2.963369578843199e-15,2.9633598232022603e-15,2.963350067728885e-15,2.9633403124225123e-15,2.963330557284136e-15,2.963320802313588e-15,2.963311047510542e-15,2.9633012927978175e-15,2.9632915383302298e-15,2.9632817840272682e-15,2.9632720298944427e-15,2.9632622759291842e-15,2.9632525221314266e-15,2.963242768501328e-15,2.9632330150386326e-15,2.9632232617434976e-15,2.963213508615926e-15,2.9632037556558576e-15,2.963194002869946e-15,2.9631842502548527e-15,2.9631744978080344e-15,2.963164745518363e-15,2.9631549933958394e-15,2.963145241440895e-15,2.9631354896533933e-15,2.9631257380334254e-15,2.9631159865808574e-15,2.9631062352958126e-15,2.963096484178327e-15,2.963086733228247e-15,2.9630769824456512e-15,2.963067231830539e-15,2.963057481382922e-15,2.96304773110276e-15,2.9630379809900383e-15,2.9630282310448114e-15,2.9630184812670692e-15,2.963008731656703e-15,2.962998982213799e-15,2.9629892329384274e-15,2.9629794838304214e-15,2.9629697348898535e-15,2.9629599861167635e-15,2.9629502375111578e-15,2.9629404890728694e-15,2.9629307408020898e-15,2.9629209926986934e-15,2.962911244762782e-15,2.962901496994204e-15,2.962891749393087e-15,2.9628820019593378e-15,2.9628722546930435e-15,2.9628625075940998e-15,2.9628527606626265e-15,2.962843013898508e-15,2.9628332672980318e-15,2.9628235208676733e-15,2.9628137746057445e-15,2.9628040285112424e-15,2.9627942825840296e-15,2.96278453682426e-15,2.9627747912317686e-15,2.9627650458067554e-15,2.9627553005490887e-15,2.962745555458746e-15,2.962735810535793e-15,2.9627260657801312e-15,2.962716321191871e-15,2.9627065767709353e-15,2.962696832517381e-15,2.9626870884311542e-15,2.9626773445122634e-15,2.962667600760709e-15,2.9626578571764742e-15,2.9626481137596185e-15,2.962638370510003e-15,2.9626286274277408e-15,2.962618884512791e-15,2.962609141753313e-15,2.9625993991599954e-15,2.962589656736363e-15,2.9625799144756368e-15,2.962570172397228e-15,2.9625604304761435e-15,2.9625506887224716e-15,2.962540947139483e-15,2.962531205730306e-15,2.9625214644884028e-15,2.9625117234136963e-15,2.962501982531666e-15,2.962492241792497e-15,2.9624825012196507e-15,2.962472760735328e-15,2.9624630204970347e-15,2.962453280425991e-15,2.962443540522188e-15,2.962433800785693e-15,2.96242406121634e-15,2.962414321814306e-15,2.9624045825794672e-15,2.9623948435119298e-15,2.9623851046116076e-15,2.962375365878563e-15,2.9623656273126527e-15,2.9623558889139928e-15,2.962346150682558e-15,2.9623364125950224e-15,2.96232667469804e-15,2.9623169369670615e-15,2.96230719940035e-15,2.9622974620050376e-15,2.9622877247769092e-15,2.9622779877159843e-15,2.962268250822201e-15,2.96225851409567e-15,2.9622487775362945e-15,2.9622390411440794e-15,2.9622293049189924e-15,2.9622195688603732e-15,2.9622098329693676e-15,2.9622000972458948e-15,2.962190361689568e-15,2.962180626300429e-15,2.9621708910783953e-15,2.9621611560235373e-15,2.962151421135871e-15,2.9621416864153377e-15,2.962131951861979e-15,2.962122217475702e-15,2.9621124832566015e-15,2.9621027492046638e-15,2.9620930153199346e-15,2.962083281602446e-15,2.962073548052027e-15,2.962063814668852e-15,2.9620540814526536e-15,2.962044348403611e-15,2.962034615521694e-15,2.9620248828068317e-15,2.9620151502591527e-15,2.9620054178783407e-15,2.961995685664683e-15,2.9619859536179916e-15,2.9619762217385535e-15,2.9619664900261095e-15,2.961956758480803e-15,2.9619470271025546e-15,2.9619372958913638e-15,2.9619275648472344e-15,2.9619178339702097e-15,2.9619081032602738e-15,2.9618983727173708e-15,2.961888642341538e-15,2.9618789121327763e-15,2.961869182091093e-15,2.9618594522163584e-15,2.9618497225087495e-15,2.9618399929682004e-15,2.961830263594624e-15,2.961820534388141e-15,2.9618108053486897e-15,2.9618010764762064e-15,2.9617913477707967e-15,2.9617816192324497e-15,2.9617718908610753e-15,2.9617621626567067e-15,2.9617524346193746e-15,2.9617427067491115e-15,2.9617329790457137e-15,2.9617232515094654e-15,2.9617135241401774e-15,2.96170379693783e-15,2.9616940699025314e-15,2.9616843430341882e-15,2.961674616332845e-15,2.961664889798476e-15,2.9616551634310793e-15,2.9616454372306568e-15,2.9616357111972378e-15,2.9616259853307582e-15,2.9616162596312885e-15,2.9616065340987594e-15,2.9615968087331356e-15,2.961587083534548e-15,2.961577358502891e-15,2.9615676336382113e-15,2.9615579089404016e-15,2.961548184409536e-15,2.9615384600456832e-15,2.961528735848674e-15,2.961519011818698e-15,2.9615092879555885e-15,2.9614995642594897e-15,2.961489840729346e-15,2.961480117367019e-15,2.9614703941716123e-15,2.9614606711430816e-15,2.9614509482814932e-15,2.9614412255867792e-15,2.9614315030589874e-15,2.9614217806980516e-15,2.9614120585041306e-15,2.9614023364769254e-15,2.9613926146167368e-15,2.9613828929233926e-15,2.9613731713969374e-15,2.9613634500373055e-15,2.9613537288446146e-15,2.9613440078188207e-15,2.9613342869597797e-15,2.9613245662676854e-15,2.9613148457424154e-15,2.9613051253840286e-15,2.9612954051925486e-15,2.961285685167819e-15,2.9612759653100048e-15,2.961266245618998e-15,2.961256526094835e-15,2.9612468067374815e-15,2.9612370875469346e-15,2.9612273685232945e-15,2.96121764966648e-15,2.9612079309764404e-15,2.9611982124533156e-15,2.961188494096875e-15,2.9611787759073557e-15,2.9611690578845805e-15,2.9611593400286434e-15,2.9611496223394432e-15,2.9611399048170796e-15,2.9611301874615198e-15,2.961120470272771e-15,2.9611107532507707e-15,2.9611010363955783e-15,2.961091319707169e-15,2.961081603185556e-15,2.9610718868306455e-15,2.9610621706425714e-15,2.961052454621237e-15,2.9610427387667252e-15,2.961033023047162e-15,2.9610233075268236e-15,2.9610135921724217e-15,2.9610038769848524e-15,2.960994161964083e-15,2.9609844471101187e-15,2.9609747324228325e-15,2.9609650179022333e-15,2.9609553035483996e-15,2.9609455893613044e-15,2.960935875340915e-15,2.960926161487277e-15,2.9609164478003847e-15,2.960906734280208e-15,2.9608970209267165e-15,2.9608873077399214e-15,2.960877594719791e-15,2.9608678818664133e-15,2.9608581691797993e-15,2.960848456659779e-15,2.960838744306498e-15,2.960829032119939e-15,2.960819320100016e-15,2.960809608246741e-15,2.9607998965601783e-15,2.960790185040309e-15,2.9607804736871306e-15,2.9607707625006465e-15,2.960761051480729e-15,2.9607513406275014e-15,2.9607416299409484e-15,2.9607319194211066e-15,2.9607222090678245e-15,2.9607124988812934e-15,2.960702788861302e-15,2.960693079008024e-15,2.9606833693213505e-15,2.9606736598013173e-15,2.960663950447934e-15,2.9606542412611414e-15,2.9606445322393303e-15,2.9606348233842686e-15,2.9606251146959326e-15,2.9606154061743863e-15,2.96060569781951e-15,2.960595989631371e-15,2.960586281610091e-15,2.9605765737554732e-15,2.9605668660675624e-15,2.9605571585464704e-15,2.9605474511920438e-15,2.9605377440043437e-15,2.9605280369834436e-15,2.9605183301292163e-15,2.960508623441746e-15,2.9604989169208973e-15,2.9604892105667412e-15,2.9604795043793566e-15,2.9604697983586303e-15,2.960460092504622e-15,2.9604503868173e-15,2.9604406812966648e-15,2.960430975942682e-15,2.960421270755329e-15,2.960411565734639e-15,2.96040186088068e-15,2.9603921561932976e-15,2.9603824516726456e-15,2.960372747318669e-15,2.960363043131299e-15,2.9603533391105517e-15,2.96034363525652e-15,2.960333931569052e-15,2.9603242280482654e-15,2.9603145246940976e-15,2.9603048215065195e-15,2.9602951184856443e-15,2.9602854156313284e-15,2.960275712943675e-15,2.9602660104226462e-15,2.9602563080681277e-15,2.960246605880309e-15,2.9602369038590274e-15,2.960227202004345e-15,2.960217500316218e-15,2.960207798794763e-15,2.9601980974398046e-15,2.9601883962514943e-15,2.960178695229683e-15,2.9601689943745196e-15,2.9601592936858623e-15,2.9601495931637514e-15,2.960139892808257e-15,2.9601301926192795e-15,2.960120492591813e-15,2.9601107927307893e-15,2.960101093036221e-15,2.9600913935080732e-15,2.9600816941463463e-15,2.9600719949510366e-15,2.9600622959221076e-15,2.9600525970596002e-15,2.9600428983635958e-15,2.9600331998339703e-15,2.9600235014706743e-15,2.960013803299229e-15,2.960004105268837e-15,2.959994407399723e-15,2.9599847097020626e-15,2.9599750121709663e-15,2.9599653148304642e-15,2.959955617632031e-15,2.9599459206262797e-15,2.9599362237993825e-15,2.9599265271211387e-15,2.9599168306191954e-15,2.9599071342725923e-15,2.95989743812185e-15,2.959887742087855e-15,2.9598780462202896e-15,2.9598683505190926e-15,2.959858654984236e-15,2.959848959615761e-15,2.959839264413612e-15,2.9598295693778024e-15,2.9598198745082715e-15,2.9598101798051476e-15,2.9598004852683196e-15,2.9597907908978517e-15,2.9597810966936894e-15,2.9597714026557994e-15,2.95976170878429e-15,2.9597520150790593e-15,2.9597423215401127e-15,2.9597326281674576e-15,2.9597229349611665e-15,2.9597132419211744e-15,2.9597035490474442e-15,2.9596938563399874e-15,2.9596841637988785e-15,2.9596744714240014e-15,2.959664779215434e-15,2.9596550871731613e-15,2.95964539529708e-15,2.959635703587355e-15,2.9596260120438627e-15,2.959616320666613e-15,2.9596066294557785e-15,2.9595969384110057e-15,2.9595872475325758e-15,2.95957755682031e-15,2.9595678662743796e-15,2.959558175894672e-15,2.9595484856811952e-15,2.9595387956339253e-15,2.959529105703352e-15,2.9595194160000044e-15,2.9595097264514598e-15,2.9595000370692157e-15,2.9594903478532754e-15,2.959480658803379e-15,2.9594709699197036e-15,2.959461281202273e-15,2.959451592650999e-15,2.9594419042659187e-15,2.959432216047108e-15,2.959422527994455e-15,2.9594128400916873e-15,2.959403152371266e-15,2.9593934648177163e-15,2.95938377742966e-15,2.959374090207952e-15,2.95936440315246e-15,2.959354716263878e-15,2.959345029542347e-15,2.9593353429853247e-15,2.9593256565918396e-15,2.9593159703274302e-15,2.95930628426893e-15,2.959296598376561e-15,2.959286912584648e-15,2.9592772270243164e-15,2.9592675415675302e-15,2.959257856339628e-15,2.9592481712778754e-15,2.9592384863823437e-15,2.959228801652907e-15,2.959219117089593e-15,2.9592094326924082e-15,2.9591997484613285e-15,2.9591900643963584e-15,2.9591803804975827e-15,2.959170696764829e-15,2.9591610131981872e-15,2.959151329797666e-15,2.959141646563245e-15,2.959131963494902e-15,2.959122280592675e-15,2.9591125978565474e-15,2.959102915286375e-15,2.9590932328824582e-15,2.959083550644563e-15,2.959073868572734e-15,2.9590641866669053e-15,2.9590545049271883e-15,2.9590448233536465e-15,2.959035141946018e-15,2.9590254607044803e-15,2.959015779629053e-15,2.959006098719652e-15,2.9589964179762787e-15,2.958986737398983e-15,2.958977056987652e-15,2.958967376742445e-15,2.9589576966632393e-15,2.958948016750002e-15,2.95893833700287e-15,2.9589286574217868e-15,2.9589189780066145e-15,2.9589092987575235e-15,2.9588996196744538e-15,2.9588899407573493e-15,2.95888026200626e-15,2.9588705834211913e-15,2.95886090500216e-15,2.9588512267490996e-15,2.9588415486620208e-15,2.9588318707409243e-15,2.9588221929858056e-15,2.9588125153967316e-15,2.9588028379735435e-15,2.958793160716407e-15,2.9587834836252384e-15,2.9587738066999608e-15,2.958764129940743e-15,2.958754453347463e-15,2.9587447769200744e-15,2.958735100658667e-15,2.9587254245633015e-15,2.958715748633822e-15,2.9587060728702726e-15,2.9586963972727043e-15,2.9586867218410374e-15,2.958677046575305e-15,2.9586673714755072e-15,2.958657696541649e-15,2.9586480217737187e-15,2.95863834717173e-15,2.958628672735604e-15,2.9586189984654416e-15,2.958609324361172e-15,2.958599650422814e-15,2.9585899766503836e-15,2.9585803030438427e-15,2.9585706296031925e-15,2.9585609563284015e-15,2.9585512832195225e-15,2.958541610276544e-15,2.9585319374994186e-15,2.9585222648882466e-15,2.958512592442866e-15,2.9585029201634253e-15,2.958493248049834e-15,2.9584835761021078e-15,2.9584739043202837e-15,2.958464232704279e-15,2.9584545612541415e-15,2.9584448899698197e-15,2.9584352188513863e-15,2.958425547898797e-15,2.9584158771120635e-15,2.9584062064911413e-15,2.9583965360361017e-15,2.958386865746844e-15,2.958377195623438e-15,2.9583675256658326e-15,2.9583578558740806e-15,2.958348186248162e-15,2.9583385167880453e-15,2.9583288474937387e-15,2.958319178365253e-15,2.9583095094025245e-15,2.9582998406056385e-15,2.9582901719745876e-15,2.958280503509331e-15,2.9582708352098237e-15,2.9582611670760534e-15,2.9582514991081427e-15,2.9582418313060426e-15,2.9582321636696338e-15,2.95822249619908e-15,2.9582128288942965e-15,2.9582031617552483e-15,2.9581934947819354e-15,2.9581838279743898e-15,2.9581741613326406e-15,2.958164494856657e-15,2.958154828546366e-15,2.9581451624019003e-15,2.958135496422796e-15,2.9581258306096398e-15,2.9581161649620096e-15,2.9581064994801053e-15,2.9580968341641008e-15,2.9580871690137894e-15,2.958077504029129e-15,2.95806783921024e-15,2.958058174557033e-15,2.958048510069584e-15,2.9580388457478205e-15,2.958029181591728e-15,2.9580195176013647e-15,2.9580098537767234e-15,2.9580001901176857e-15,2.9579905266243724e-15,2.957980863296851e-15,2.9579712001348617e-15,2.957961537138782e-15,2.9579518743082368e-15,2.9579422116436166e-15,2.957932549145045e-15,2.957922886811773e-15,2.9579132246442918e-15,2.9579035626423874e-15,2.95789390080619e-15,2.9578842391378463e-15,2.9578745776330935e-15,2.9578649162938733e-15,2.9578552551221993e-15,2.9578455941141133e-15,2.9578359332718123e-15,2.957826272595168e-15,2.9578166120840958e-15,2.957806951738635e-15,2.957797291558912e-15,2.957787631544732e-15,2.957777971696195e-15,2.957768312013195e-15,2.9577586524958948e-15,2.9577489931442865e-15,2.9577393339581147e-15,2.9577296749376197e-15,2.9577200160827556e-15,2.9577103573934667e-15,2.9577006988697124e-15,2.9576910405115664e-15,2.9576813823191818e-15,2.9576717242921092e-15,2.95766206643076e-15,2.9576524087349793e-15,2.957642751204754e-15,2.9576330938401052e-15,2.9576234366410404e-15,2.9576137796075248e-15,2.957604122739562e-15,2.9575944660370618e-15,2.957584809500277e-15,2.9575751531289575e-15,2.95756549692325e-15,2.957555840883014e-15,2.957546185008374e-15,2.95753652929961e-15,2.957526873755998e-15,2.957517218355174e-15,2.9575075631425527e-15,2.9574979080955687e-15,2.9574882532140364e-15,2.9574785984980624e-15,2.957468943947555e-15,2.9574592895625994e-15,2.9574496353427155e-15,2.957439981288807e-15,2.9574303274002923e-15,2.9574206736773297e-15,2.9574110201105587e-15,2.957401366718593e-15,2.957391713492128e-15,2.9573820604296755e-15,2.9573724075341866e-15,2.9573627548040867e-15,2.957353102239543e-15,2.957343449840397e-15,2.9573337976067577e-15,2.957324145538546e-15,2.9573144936357995e-15,2.9573048418984834e-15,2.9572951903266466e-15,2.9572855389202687e-15,2.957275887679341e-15,2.9572662366038125e-15,2.9572565857807976e-15,2.957246935036157e-15,2.9572372844569205e-15,2.9572276340431722e-15,2.957217984319782e-15,2.957208334237131e-15,2.957198684319548e-15,2.9571890345676254e-15,2.9571793849809015e-15,2.957169735559652e-15,2.957160086303774e-15,2.9571504372161066e-15,2.957140788291027e-15,2.957131139531364e-15,2.9571214909370594e-15,2.9571118425081814e-15,2.957102194352453e-15,2.957092546254725e-15,2.9570828983125616e-15,2.9570732505452153e-15,2.9570636029431258e-15,2.9570539555066675e-15,2.9570443082201863e-15,2.9570346611142433e-15,2.9570250141737108e-15,2.957015367400195e-15,2.9570057207903332e-15,2.956996074345788e-15,2.956986428066711e-15,2.956976781952884e-15,2.95696713600436e-15,2.956957490221165e-15,2.9569478446033442e-15,2.956938199150818e-15,2.9569285538636052e-15,2.9569189087417417e-15,2.9569092637851967e-15,2.9568996189939093e-15,2.9568899743679897e-15,2.9568803299074098e-15,2.9568706856120714e-15,2.9568610414820506e-15,2.9568513975172765e-15,2.9568417537178606e-15,2.956832110083718e-15,2.9568224666148903e-15,2.9568128233113307e-15,2.956803180172993e-15,2.9567935372000146e-15,2.956783894392407e-15,2.9567742517500624e-15,2.956764609272836e-15,2.9567549669608973e-15,2.956745324814208e-15,2.956735682832719e-15,2.956726041016527e-15,2.9567163993656066e-15,2.9567067578799214e-15,2.956697116559496e-15,2.9566874754042877e-15,2.9566778344142863e-15,2.9566681935895545e-15,2.9566585529300685e-15,2.9566489124357495e-15,2.956639272106707e-15,2.956629631942822e-15,2.95661999194619e-15,2.9566103521127352e-15,2.956600712440657e-15,2.9565910734753583e-15,2.956581434137325e-15,2.9565717949647067e-15,2.956562155957249e-15,2.9565525171150124e-15,2.9565428784384254e-15,2.9565332399314896e-15,2.9565236015848057e-15,2.9565139634032947e-15,2.956504325387012e-15,2.956494687537594e-15,2.9564850498515527e-15,2.956475412330747e-15,2.9564657749751253e-15,2.9564561377699413e-15,2.95644650074467e-15,2.95643686389198e-15,2.956427227196947e-15,2.956417590667031e-15,2.956407954302273e-15,2.9563983181026542e-15,2.95638868206817e-15,2.956379046198851e-15,2.9563694104946253e-15,2.956359774955512e-15,2.95635013958148e-15,2.9563405043726502e-15,2.9563308693289234e-15,2.9563212344455137e-15,2.956311599732396e-15,2.9563019651698133e-15,2.9562923307864665e-15,2.956282696568246e-15,2.9562730625143143e-15,2.956263428626245e-15,2.9562537949032896e-15,2.956244161345449e-15,2.956234527952623e-15,2.9562248947249385e-15,2.956215261662265e-15,2.9562056287646552e-15,2.9561959960322215e-15,2.956186363464747e-15,2.9561767310623535e-15,2.9561670988250443e-15,2.9561574667528114e-15,2.9561478348456173e-15,2.9561382031033988e-15,2.9561285715263106e-15,2.9561189401142036e-15,2.9561093088671937e-15,2.95609967778512e-15,2.956090046868179e-15,2.9560804161162043e-15,2.956070785529282e-15,2.956061155107381e-15,2.9560515248504695e-15,2.95604189475857e-15,2.956032264831734e-15,2.9560226350698254e-15,2.9560130054729954e-15,2.9560033760411853e-15,2.955993746774304e-15,2.9559841176724296e-15,2.9559744887355287e-15,2.955964859963602e-15,2.9559552313569327e-15,2.955945602915048e-15,2.955935974643027e-15,2.955926346531339e-15,2.9559167184479346e-15,2.955907090665919e-15,2.95589746304878e-15,2.955887835596368e-15,2.9558782083088725e-15,2.9558685811863915e-15,2.9558589542288873e-15,2.955849327436275e-15,2.9558397008086617e-15,2.9558300743458443e-15,2.955820448048127e-15,2.9558108219152873e-15,2.955801195947347e-15,2.9557915701443193e-15,2.9557819445062087e-15,2.955772319033087e-15,2.955762693724913e-15,2.9557530685815833e-15,2.955743443603206e-15,2.9557338187896477e-15,2.9557241941410215e-15,2.9557145696573476e-15,2.9557049453385193e-15,2.9556953211846927e-15,2.9556856971956055e-15,2.9556760733715006e-15,2.955666449712276e-15,2.955656826217806e-15,2.9556472028883593e-15,2.9556375797237315e-15,2.955627956724252e-15,2.955618333889606e-15,2.955608711219886e-15,2.9555990887149522e-15,2.9555894663749227e-15,2.955579844199685e-15,2.9555702221893643e-15,2.955560600343867e-15,2.955550978663184e-15,2.95554135714736e-15,2.955531735796377e-15,2.9555221146101934e-15,2.955512493588905e-15,2.9555028727323667e-15,2.9554932520406617e-15,2.9554836315138503e-15,2.9554740111517933e-15,2.955464390954548e-15,2.955454770922083e-15,2.9554451510544984e-15,2.955435531351653e-15,2.955425911813624e-15,2.955416292440391e-15,2.9554066732319582e-15,2.9553970541882886e-15,2.955387435309433e-15,2.955377816595351e-15,2.9553681980460397e-15,2.955358579661486e-15,2.9553489614417892e-15,2.9553393433867906e-15,2.9553297254965287e-15,2.9553201077710527e-15,2.955310490210379e-15,2.9553008728144123e-15,2.9552912555831746e-15,2.955281638516758e-15,2.9552720216150756e-15,2.955262404878098e-15,2.955252788305814e-15,2.9552431718982878e-15,2.955233555655581e-15,2.9552239395775295e-15,2.9552143236642437e-15,2.9552047079156582e-15,2.955195092331756e-15,2.955185476912564e-15,2.9551758616581233e-15,2.955166246568398e-15,2.955156631643303e-15,2.9551470168829716e-15,2.9551374022873414e-15,2.955127787856385e-15,2.9551181735901625e-15,2.955108559488531e-15,2.9550989455516907e-15,2.9550893317794542e-15,2.9550797181719765e-15,2.9550701047290926e-15,2.9550604914508452e-15,2.9550508783373266e-15,2.9550412653884846e-15,2.9550316526042822e-15,2.955022039984713e-15,2.9550124275298744e-15,2.9550028152396378e-15,2.9549932031140767e-15,2.9549835911530873e-15,2.954973979356803e-15,2.9549643677251443e-15,2.9549547562581104e-15,2.954945144955698e-15,2.9549355338179557e-15,2.9549259228447666e-15,2.954916312036247e-15,2.954906701392344e-15,2.9548970909130084e-15,2.9548874805983437e-15,2.95487787044822e-15,2.9548682604627353e-15,2.95485865064189e-15,2.954849040985568e-15,2.9548394314939055e-15,2.9548298221667875e-15,2.954820213004291e-15,2.9548106040063637e-15,2.9548009951729905e-15,2.954791386504239e-15,2.954781778000013e-15,2.9547721696603556e-15,2.954762561485305e-15,2.954752953474744e-15,2.954743345628821e-15,2.954733737947508e-15,2.9547241304306278e-15,2.9547145230783678e-15,2.9547049158905916e-15,2.9546953088674373e-15,2.9546857020087525e-15,2.9546760953146455e-15,2.9546664887850826e-15,2.9546568824199645e-15,2.9546472762194726e-15,2.9546376701834865e-15,2.9546280643119965e-15,2.9546184586050547e-15,2.9546088530023915e-15,2.9545992476246306e-15,2.954589642349386e-15,2.954580037300462e-15,2.9545704324170076e-15,2.9545608276567635e-15,2.9545512230992452e-15,2.954541618708744e-15,2.9545320144145882e-15,2.954522410353006e-15,2.954512806456244e-15,2.954503202724198e-15,2.954493599153086e-15,2.954483995710524e-15,2.954474392470833e-15,2.954464789395731e-15,2.954455186485016e-15,2.954445583738785e-15,2.9544359811569886e-15,2.9544263787395955e-15,2.9544167764867115e-15,2.954407174398263e-15,2.954397572474109e-15,2.9543879707147453e-15,2.9543783691195527e-15,2.954368767638143e-15,2.9543591663717817e-15,2.9543495652699467e-15,2.9543399643324732e-15,2.954330363559432e-15,2.9543207629508195e-15,2.954311162506568e-15,2.954301562226737e-15,2.9542919621113532e-15,2.9542823621603436e-15,2.9542727623736983e-15,2.9542631627515033e-15,2.9542535632937073e-15,2.9542439640002085e-15,2.9542343648711205e-15,2.954224765906434e-15,2.9542151671061673e-15,2.954205568470215e-15,2.9541959699986425e-15,2.954186371691418e-15,2.9541767735485835e-15,2.9541671755700977e-15,2.9541575777559624e-15,2.954147980106234e-15,2.954138382620805e-15,2.9541287852996926e-15,2.9541191881429225e-15,2.9541095911505456e-15,2.95409999432244e-15,2.9540903976587592e-15,2.9540808011593446e-15,2.9540712048242123e-15,2.9540616086534596e-15,2.9540520126469908e-15,2.954042416847988e-15,2.954032821200366e-15,2.9540232257107235e-15,2.9540136303820897e-15,2.954004035196767e-15,2.9539944401820447e-15,2.953984845353492e-15,2.9539752506614133e-15,2.9539656561315722e-15,2.9539560617680068e-15,2.9539464675586822e-15,2.953936873523409e-15,2.9539272796787182e-15,2.953917686001152e-15,2.9539080924591866e-15,2.953898499081354e-15,2.9538889058678126e-15,2.953879312818493e-15,2.9538697199335078e-15,2.9538601272127014e-15,2.9538505346561824e-15,2.9538409422639004e-15,2.9538313500358465e-15,2.9538217579720418e-15,2.9538121660725374e-15,2.953802574341389e-15,2.9537929827744093e-15,2.9537833913715686e-15,2.95377380013276e-15,2.9537642090580588e-15,2.9537546181474342e-15,2.9537450274009e-15,2.953735436818446e-15,2.9537258464000194e-15,2.9537162561456813e-15,2.953706666055427e-15,2.953697076129156e-15,2.9536874863670456e-15,2.9536778967688895e-15,2.9536683073347254e-15,2.9536587180647086e-15,2.9536491289586925e-15,2.9536395400167583e-15,2.9536299512388266e-15,2.9536203626249276e-15,2.9536107741749506e-15,2.9536011858890793e-15,2.95359159776723e-15,2.953582009809293e-15,2.9535724220154473e-15,2.9535628343854968e-15,2.9535532469195986e-15,2.953543659617689e-15,2.9535340724797556e-15,2.9535244855058357e-15,2.9535148986957846e-15,2.9535053120498257e-15,2.9534957255677045e-15,2.9534861392496447e-15,2.953476553095472e-15,2.953466967105303e-15,2.9534573812791456e-15,2.953447795616733e-15,2.953438210118458e-15,2.9534286247855073e-15,2.953419039616691e-15,2.9534094546119574e-15,2.9533998697713296e-15,2.953390285094781e-15,2.953380700582334e-15,2.953371116233915e-15,2.9533615320495652e-15,2.9533519480293424e-15,2.953342364173236e-15,2.9533327804811232e-15,2.9533231969530664e-15,2.9533136135891317e-15,2.953304030389258e-15,2.9532944473533708e-15,2.953284864481586e-15,2.9532752817738766e-15,2.9532656992301388e-15,2.953256116850529e-15,2.9532465346348456e-15,2.9532369525832465e-15,2.9532273706957064e-15,2.953217788972158e-15,2.953208207412654e-15,2.953198626017149e-15,2.9531890447856597e-15,2.9531794637182762e-15,2.9531698828148027e-15,2.9531603020630038e-15,2.953150721474818e-15,2.9531411410503047e-15,2.953131560789484e-15,2.95312198069223e-15,2.953112400768498e-15,2.9531028210085686e-15,2.9530932414127176e-15,2.9530836619852426e-15,2.9530740827217075e-15,2.9530645036222133e-15,2.9530549246865856e-15,2.9530453459149924e-15,2.9530357673073506e-15,2.9530261888636373e-15,2.9530166105839076e-15,2.953007032468167e-15,2.952997454516354e-15,2.952987876728436e-15,2.95297829910452e-15,2.9529687216445286e-15,2.9529591443484852e-15,2.952949567216364e-15,2.9529399902481526e-15,2.9529304134439213e-15,2.952920836803583e-15,2.95291126032716e-15,2.95290168401464e-15,2.952892107866095e-15,2.9528825318814363e-15,2.952872956060642e-15,2.952863380403786e-15,2.9528538049108654e-15,2.9528442295817658e-15,2.9528346544157943e-15,2.9528250794052265e-15,2.9528155045742326e-15,2.9528059298951106e-15,2.9527963553859917e-15,2.95278678104459e-15,2.9527772068487515e-15,2.952767632830709e-15,2.952758058976622e-15,2.9527484852863786e-15,2.95273891175997e-15,2.952729338397383e-15,2.9527197651986735e-15,2.952710192163894e-15,2.952700619292835e-15,2.952691046585686e-15,2.9526814740423684e-15,2.9526719016629014e-15,2.9526623294472705e-15,2.9526527573954225e-15,2.9526431855074115e-15,2.9526336137832532e-15,2.952624042222929e-15,2.952614470826356e-15,2.952604899593669e-15,2.9525953285258666e-15,2.9525857576207293e-15,2.9525761868784477e-15,2.9525666163009898e-15,2.9525570458873353e-15,2.952547475637406e-15,2.952537905551342e-15,2.952528335629011e-15,2.9525187658704807e-15,2.9525091962757645e-15,2.9524996268451427e-15,2.9524900575778956e-15,2.9524804884744737e-15,2.952470919534765e-15,2.9524613507588787e-15,2.952451782146739e-15,2.9524422136983404e-15,2.9524326454137296e-15,2.9524230772928406e-15,2.9524135093357148e-15,2.9524039415423612e-15,2.952394373912695e-15,2.9523848064467725e-15,2.9523752391445822e-15,2.9523656720061714e-15,2.952356105031438e-15,2.952346538220474e-15,2.9523369715732063e-15,2.952327405089635e-15,2.952317838769837e-15,2.952308272613639e-15,2.9522987066212745e-15,2.9522891407925092e-15,2.9522795751274925e-15,2.952270009626174e-15,2.9522604442885495e-15,2.9522508791146287e-15,2.9522413141043725e-15,2.9522317492578443e-15,2.9522221845749524e-15,2.952212620055719e-15,2.9522030557001823e-15,2.9521934915083913e-15,2.952183927480159e-15,2.9521743636156185e-15,2.95216479991472e-15,2.9521552363775514e-15,2.952145673003994e-15,2.9521361097940306e-15,2.9521265467477974e-15,2.9521169838651673e-15,2.9521074211461887e-15,2.9520978585908936e-15,2.952088296199194e-15,2.9520787339711375e-15,2.952069171906664e-15,2.95205961000586e-15,2.9520500482686695e-15,2.952040486687084e-15,2.9520309252701748e-15,2.952021364034575e-15,2.952011802951737e-15,2.9520022420325485e-15,2.951992681277072e-15,2.9519831206851266e-15,2.9519735602555585e-15,2.951963999991547e-15,2.9519544398906254e-15,2.9519448799532094e-15,2.9519353201793515e-15,2.9519257605691318e-15,2.9519162011224717e-15,2.9519066418392983e-15,2.951897082719737e-15,2.9518875237637757e-15,2.9518779649713716e-15,2.9518684063423662e-15,2.9518588478768255e-15,2.9518492895749445e-15,2.951839731436581e-15,2.9518301734617663e-15,2.95182061565045e-15,2.951811058002698e-15,2.951801500518423e-15,2.9517919431977623e-15,2.9517823860405864e-15,2.9517728290469213e-15,2.9517632722168173e-15,2.95175371555019e-15,2.9517441590471126e-15,2.9517346027075003e-15,2.9517250465314386e-15,2.9517154905188238e-15,2.9517059346697524e-15,2.9516963789841602e-15,2.9516868234621072e-15,2.951677268103562e-15,2.9516677129079607e-15,2.9516581578723986e-15,2.9516486030043637e-15,2.9516390482997095e-15,2.951629493758514e-15,2.9516199393807923e-15,2.9516103851665615e-15,2.9516008311157833e-15,2.9515912772283495e-15,2.9515817235045956e-15,2.9515721699441387e-15,2.9515626165471954e-15,2.9515530633137016e-15,2.95154351024367e-15,2.9515339573370175e-15,2.951524404621381e-15,2.9515148520643275e-15,2.9515052996493448e-15,2.9514957473926427e-15,2.95148619530309e-15,2.951476643377011e-15,2.951467091614391e-15,2.9514575400151857e-15,2.9514479885793375e-15,2.951438437306929e-15,2.9514288861979816e-15,2.9514193352523908e-15,2.9514097844701667e-15,2.9514002338513883e-15,2.951390683395975e-15,2.951381133103931e-15,2.951371582975323e-15,2.951362033010014e-15,2.951352483208138e-15,2.951342933569654e-15,2.951333384094536e-15,2.9513238347827794e-15,2.951314285634337e-15,2.9513047366493303e-15,2.9512951878276614e-15,2.951285639169302e-15,2.951276090674337e-15,2.951266542342751e-15,2.9512569941802015e-15,2.9512474461754415e-15,2.951237898333881e-15,2.9512283506556506e-15,2.9512188031406928e-15,2.951209255789136e-15,2.9511997086008e-15,2.951190161575835e-15,2.951180614714208e-15,2.9511710680159103e-15,2.9511615215020915e-15,2.9511519751304424e-15,2.9511424289215893e-15,2.951132882876107e-15,2.9511233369926164e-15,2.9511137912740873e-15,2.951104245718884e-15,2.9510947003263466e-15,2.951085155097702e-15,2.951075610032336e-15,2.9510660651303036e-15,2.951056520391448e-15,2.951046975815937e-15,2.9510374314036967e-15,2.9510278871546684e-15,2.9510183430689224e-15,2.9510087991464056e-15,2.9509992553871423e-15,2.950989711791225e-15,2.950980168358494e-15,2.950970625089018e-15,2.9509610819827604e-15,2.9509515390397816e-15,2.9509419962599945e-15,2.950932453643431e-15,2.950922911190149e-15,2.950913368900018e-15,2.9509038267731652e-15,2.9508942848095348e-15,2.9508847430091232e-15,2.9508752013719293e-15,2.9508656598978462e-15,2.9508561185870337e-15,2.950846577439478e-15,2.9508370364550762e-15,2.9508274956338824e-15,2.9508179549758728e-15,2.9508084144811573e-15,2.950798874149507e-15,2.9507893339810624e-15,2.9507797939757637e-15,2.9507702541336355e-15,2.9507607144547458e-15,2.950751174938952e-15,2.950741635586376e-15,2.9507320963969553e-15,2.9507225573995436e-15,2.9507130185440215e-15,2.9507034798490595e-15,2.9506939413121975e-15,2.9506844029384884e-15,2.9506748647197073e-15,2.9506653266696256e-15,2.950655788782683e-15,2.9506462510614828e-15,2.950636713503508e-15,2.9506271761086483e-15,2.9506176388769234e-15,2.950608101808279e-15,2.9505985649024e-15,2.950589028141587e-15,2.950579491562056e-15,2.9505699556834203e-15,2.9505604194601836e-15,2.950550883438526e-15,2.9505413475109555e-15,2.950531811747128e-15,2.9505222761464346e-15,2.9505127407088245e-15,2.950503205434226e-15,2.9504936703227728e-15,2.950484135374366e-15,2.9504746005890463e-15,2.9504650659667984e-15,2.9504555315075647e-15,2.9504459972861493e-15,2.9504364631530657e-15,2.950426929182298e-15,2.950417395374656e-15,2.950407861730756e-15,2.9503983282809994e-15,2.9503887949631208e-15,2.9503792618083273e-15,2.9503697288165914e-15,2.950360195987879e-15,2.950350663322784e-15,2.950341130820107e-15,2.950331598480473e-15,2.950322066303857e-15,2.9503125342902208e-15,2.95030300243968e-15,2.950293470752073e-15,2.950283939227506e-15,2.9502744078659255e-15,2.9502648766673595e-15,2.9502553456317312e-15,2.9502458147591376e-15,2.950236284049523e-15,2.950226753502893e-15,2.950217223119276e-15,2.950207692897642e-15,2.9501981628398527e-15,2.950188632945151e-15,2.950179103216431e-15,2.9501695736489554e-15,2.950160044243223e-15,2.9501505150015114e-15,2.9501409859233945e-15,2.950131457006449e-15,2.950121928252639e-15,2.950112399659442e-15,2.95010287123171e-15,2.9500933429666775e-15,2.9500838148644213e-15,2.9500742869251226e-15,2.9500647591487674e-15,2.9500552315353495e-15,2.9500457040848124e-15,2.9500361767972803e-15,2.950026649672641e-15,2.9500171227108616e-15,2.9500075959120175e-15,2.9499980692761016e-15,2.9499885428031004e-15,2.94997901649294e-15,2.949969490345707e-15,2.9499599643613377e-15,2.9499504385399337e-15,2.9499409128813675e-15,2.9499313873856987e-15,2.9499218620528544e-15,2.949912336882921e-15,2.94990281187593e-15,2.9498932870316877e-15,2.9498837623504263e-15,2.9498742378319574e-15,2.94986471347636e-15,2.949855189283635e-15,2.9498456652537967e-15,2.9498361413867644e-15,2.9498266176825936e-15,2.9498170941412334e-15,2.9498075707547444e-15,2.949798047539032e-15,2.949788524486161e-15,2.9497790015961876e-15,2.949769478869019e-15,2.949759956304703e-15,2.9497504339031916e-15,2.9497409116644526e-15,2.949731389588591e-15,2.949721867675509e-15,2.949712345925206e-15,2.9497028243377695e-15,2.9496933029130813e-15,2.9496837816512468e-15,2.9496742605539276e-15,2.9496647396176437e-15,2.9496552188442012e-15,2.9496456982333e-15,2.9496361777909874e-15,2.9496266575058095e-15,2.949617137383398e-15,2.9496076174237655e-15,2.9495980976257263e-15,2.9495885779916687e-15,2.94957905852036e-15,2.949569539205343e-15,2.949560020059434e-15,2.9495505010764144e-15,2.9495409822546836e-15,2.949531463530474e-15,2.949521945035752e-15,2.949512426703697e-15,2.9495029085343727e-15,2.949493390527782e-15,2.9494838726710547e-15,2.949474354989859e-15,2.9494648374714305e-15,2.949455320115738e-15,2.9494458029227322e-15,2.9494362858924454e-15,2.9494267690249222e-15,2.9494172523199877e-15,2.949407735777827e-15,2.949398219381738e-15,2.949388703164917e-15,2.949379187110803e-15,2.9493696712255835e-15,2.949360155496872e-15,2.9493506399305727e-15,2.9493411245344168e-15,2.949331609293747e-15,2.9493220942157377e-15,2.9493125793004158e-15,2.9493030645477e-15,2.949293549957724e-15,2.9492840355303253e-15,2.9492745212656534e-15,2.949265007163541e-15,2.949255493224161e-15,2.9492459794474667e-15,2.949236465833325e-15,2.949226952381829e-15,2.9492174390929917e-15,2.949207925966816e-15,2.9491984130032698e-15,2.94918890020227e-15,2.9491793874732596e-15,2.9491698749975843e-15,2.9491603625960043e-15,2.949150850445437e-15,2.9491413384576166e-15,2.9491318266323634e-15,2.9491223149696707e-15,2.949112803469611e-15,2.9491032921424057e-15,2.9490937809675214e-15,2.9490842699552075e-15,2.9490747591054814e-15,2.9490652484183032e-15,2.9490557378937377e-15,2.9490462275302275e-15,2.949036717330536e-15,2.9490272072937553e-15,2.949017697419523e-15,2.9490081877077892e-15,2.9489986781586983e-15,2.9489891687721364e-15,2.948979659548092e-15,2.9489701504866375e-15,2.9489606415876985e-15,2.948951132851314e-15,2.9489416242774877e-15,2.9489321159025164e-15,2.948922607653591e-15,2.948913099567359e-15,2.948903591643612e-15,2.9488940838765632e-15,2.948884576277477e-15,2.9488750688413464e-15,2.9488655615677014e-15,2.948856054456521e-15,2.9488465475084026e-15,2.9488370407225072e-15,2.948827534098871e-15,2.9488180276377584e-15,2.9488085213391152e-15,2.9487990152029478e-15,2.948789509229311e-15,2.9487800034181207e-15,2.948770497769399e-15,2.9487609922792294e-15,2.948751486954192e-15,2.9487419817929466e-15,2.9487324767942145e-15,2.948722971960881e-15,2.9487134672869854e-15,2.9487039627755618e-15,2.9486944584273523e-15,2.9486849542407635e-15,2.9486754502166974e-15,2.9486659463498753e-15,2.9486564426506767e-15,2.9486469391139026e-15,2.948637435739581e-15,2.9486279325276704e-15,2.9486184294782605e-15,2.948608926591235e-15,2.9485994238666206e-15,2.9485899213044064e-15,2.94858041890463e-15,2.9485709166672736e-15,2.948561414592302e-15,2.9485519126797343e-15,2.948542410929627e-15,2.9485329093418183e-15,2.948523407916447e-15,2.9485139066534848e-15,2.9485044055529036e-15,2.9484949046146503e-15,2.9484854038388677e-15,2.9484759032254267e-15,2.948466402774421e-15,2.948456902485766e-15,2.9484474023594026e-15,2.948437902395472e-15,2.9484284025923716e-15,2.948418902953793e-15,2.9484094034767126e-15,2.94839990416222e-15,2.9483904050100025e-15,2.9483809060200136e-15,2.948371407192471e-15,2.948361908527291e-15,2.9483524100244557e-15,2.948342911683994e-15,2.9483334135058285e-15,2.9483239154899748e-15,2.948314417636462e-15,2.948304919945236e-15,2.948295422416335e-15,2.9482859250497613e-15,2.948276427834599e-15,2.948266930781652e-15,2.9482574338909187e-15,2.9482479371623286e-15,2.9482384405959618e-15,2.9482289441917023e-15,2.9482194479496425e-15,2.948209951869668e-15,2.9482004559519078e-15,2.948190960196173e-15,2.9481814646024577e-15,2.948171969170739e-15,2.9481624739010723e-15,2.948152978793335e-15,2.948143483847485e-15,2.948133989063921e-15,2.948124494453768e-15,2.948115000006704e-15,2.9481055057234293e-15,2.9480960116023996e-15,2.948086517643659e-15,2.9480770238471395e-15,2.94806753021282e-15,2.9480580367407498e-15,2.948048543430922e-15,2.9480390502833622e-15,2.9480295572979565e-15,2.948020064394217e-15,2.9480105717332756e-15,2.9480010792344436e-15,2.947991586897954e-15,2.947982094723604e-15,2.947972602711823e-15,2.9479631108620188e-15,2.9479536191742826e-15,2.9479441276487085e-15,2.9479346362854162e-15,2.947925145084274e-15,2.9479156540453083e-15,2.947906163168497e-15,2.9478966724538913e-15,2.9478871818903367e-15,2.947877691578545e-15,2.9478682013500824e-15,2.947858711284079e-15,2.9478492213803166e-15,2.9478397316386923e-15,2.947830242059225e-15,2.9478207526419225e-15,2.9478112633866996e-15,2.9478017742936587e-15,2.9477922853627807e-15,2.9477827965940175e-15,2.94777330798724e-15,2.947763819542334e-15,2.9477543312610965e-15,2.9477448431266916e-15,2.9477353551683075e-15,2.947725867376327e-15,2.947716379742517e-15,2.9477068922707954e-15,2.9476974049635552e-15,2.9476879178160504e-15,2.9476784308305854e-15,2.947668944007248e-15,2.947659457296566e-15,2.9476499707973977e-15,2.9476404844603432e-15,2.9476309982852885e-15,2.9476215122724086e-15,2.9476120263856443e-15,2.9476025406856467e-15,2.9475930551589887e-15,2.947583569761753e-15,2.9475740845462787e-15,2.9475645995050297e-15,2.947555114617428e-15,2.9475456299010464e-15,2.9475361453465688e-15,2.9475266609542797e-15,2.9475171767240898e-15,2.9475076926558462e-15,2.9474982087534726e-15,2.947488725010805e-15,2.9474792414287005e-15,2.947469758008637e-15,2.9474602747506363e-15,2.947450791653732e-15,2.947441308719754e-15,2.947431825947742e-15,2.9474223433377897e-15,2.9474128608898298e-15,2.947403378556221e-15,2.94739389643226e-15,2.9473844144703294e-15,2.947374932670389e-15,2.947365451032425e-15,2.9473559695564615e-15,2.9473464882424557e-15,2.9473370070904653e-15,2.9473275261005873e-15,2.9473180452725454e-15,2.9473085646064574e-15,2.9472990841023285e-15,2.947289603812341e-15,2.94728012363215e-15,2.9472706438681417e-15,2.947261164011894e-15,2.947251684317595e-15,2.9472422047852647e-15,2.947232725414819e-15,2.947223246206366e-15,2.947213767159764e-15,2.9472042882751606e-15,2.947194809552501e-15,2.9471853309917328e-15,2.9471758525929726e-15,2.94716637435605e-15,2.947156896281078e-15,2.947147418368081e-15,2.947137940647113e-15,2.9471284630579334e-15,2.9471189856305813e-15,2.947109508365237e-15,2.9471000312617236e-15,2.9470905543198463e-15,2.947081077540182e-15,2.947071600922354e-15,2.947062124466361e-15,2.9470526481722865e-15,2.9470431720401293e-15,2.947033696069819e-15,2.9470242202613744e-15,2.947014744614862e-15,2.947005269130159e-15,2.946995793807368e-15,2.946986318646388e-15,2.946976843647282e-15,2.9469673688100206e-15,2.946957894118164e-15,2.946948419604617e-15,2.9469389452528843e-15,2.946929471063037e-15,2.9469199970350183e-15,2.946910523168849e-15,2.9469010494644834e-15,2.946891575926232e-15,2.946882102549581e-15,2.946872629334641e-15,2.946863156277559e-15,2.9468536833822943e-15,2.9468442106488925e-15,2.9468347380772546e-15,2.9468252656674543e-15,2.9468157934194083e-15,2.946806321333193e-15,2.9467968494087853e-15,2.94678737764617e-15,2.946777906045315e-15,2.9467684346062585e-15,2.9467589633289835e-15,2.9467494922134377e-15,2.9467400212605175e-15,2.9467305504685936e-15,2.9467210798384323e-15,2.9467116093699654e-15,2.9467021390633377e-15,2.946692668918467e-15,2.946683198935314e-15,2.9466737291141758e-15,2.946664259454572e-15,2.9466547899567355e-15,2.9466453206205542e-15,2.9466358514461805e-15,2.9466263824335024e-15,2.9466169135825774e-15,2.9466074448933977e-15,2.9465979763659e-15,2.946588508000127e-15,2.9465790397961193e-15,2.9465695717537815e-15,2.946560103873188e-15,2.9465506361542984e-15,2.94654116859714e-15,2.9465317012016255e-15,2.9465222339678284e-15,2.946512766895762e-15,2.946503299985318e-15,2.946493833236604e-15,2.9464843666496112e-15,2.9464749002243416e-15,2.9464654339606383e-15,2.946455967858728e-15,2.9464465019184015e-15,2.9464370361397647e-15,2.946427570522756e-15,2.946418105067496e-15,2.9464086397739116e-15,2.946399174641958e-15,2.946389709671615e-15,2.9463802448629314e-15,2.946370780215859e-15,2.9463613157305532e-15,2.9463518514067614e-15,2.9463423872446947e-15,2.946332923244203e-15,2.9463234594054185e-15,2.94631399572817e-15,2.9463045322125834e-15,2.9462950688586148e-15,2.9462856056662293e-15,2.946276142635526e-15,2.946266679766436e-15,2.946257217058941e-15,2.9462477545130367e-15,2.946238292128718e-15,2.9462288299060143e-15,2.9462193678495254e-15,2.9462099059328697e-15,2.946200444184373e-15,2.946190982594574e-15,2.9461815211795386e-15,2.9461720598468122e-15,2.9461625987552505e-15,2.946153137825167e-15,2.9461436770567e-15,2.9461342164498392e-15,2.9461247560045222e-15,2.9461152957207427e-15,2.946105835598512e-15,2.9460963756379062e-15,2.9460869158387263e-15,2.946077456201177e-15,2.946067996726944e-15,2.946058537364204e-15,2.946049078211274e-15,2.946039619219846e-15,2.946030160389965e-15,2.9460207017215524e-15,2.9460112432147495e-15,2.946001784869429e-15,2.9459923266952064e-15,2.9459828686722856e-15,2.9459734108115767e-15,2.945963953112261e-15,2.945954495574471e-15,2.945945038198263e-15,2.9459355809834736e-15,2.945926123930219e-15,2.945916667038472e-15,2.9459072103083124e-15,2.945897753739708e-15,2.9458882973325234e-15,2.9458788410868372e-15,2.9458693850026734e-15,2.9458599290798964e-15,2.9458504733184584e-15,2.945841017718487e-15,2.9458315622799446e-15,2.945822107002882e-15,2.9458126518873114e-15,2.945803196933151e-15,2.945793742140447e-15,2.945784287509178e-15,2.9457748330393332e-15,2.945765378730921e-15,2.9457559245840063e-15,2.945746470598449e-15,2.9457370167743676e-15,2.9457275631117114e-15,2.9457181096104806e-15,2.9457086562706484e-15,2.945699203092251e-15,2.945689750075264e-15,2.945680297219636e-15,2.945670844525475e-15,2.945661391992726e-15,2.945651939621304e-15,2.9456424874113547e-15,2.9456330353626894e-15,2.9456235834754806e-15,2.945614131749668e-15,2.9456046801852122e-15,2.9455952287821487e-15,2.9455857775404896e-15,2.9455763264601298e-15,2.9455668755412576e-15,2.945557424790452e-15,2.945547974194201e-15,2.945538523759322e-15,2.9455290734858234e-15,2.9455196233736917e-15,2.9455101734228864e-15,2.9455007236335305e-15,2.945491274005384e-15,2.9454818245385952e-15,2.9454723752191985e-15,2.9454629260750752e-15,2.9454534770923127e-15,2.945444028270887e-15,2.9454345796107447e-15,2.9454251311119605e-15,2.9454156827744873e-15,2.945406234598288e-15,2.9453967865834323e-15,2.9453873387299024e-15,2.9453778910376678e-15,2.945368443506676e-15,2.945358996137056e-15,2.9453495489286915e-15,2.945340101881627e-15,2.945330654995843e-15,2.9453212082714067e-15,2.9453117617081385e-15,2.9453023152884962e-15,2.945292869030638e-15,2.9452834229349655e-15,2.945273977000914e-15,2.945264531228677e-15,2.945255085618055e-15,2.945245640169187e-15,2.945236194882097e-15,2.9452267497566756e-15,2.945217304792758e-15,2.9452078599701507e-15,2.9451984153414246e-15,2.945188970874488e-15,2.9451795265688065e-15,2.945170082424329e-15,2.9451606384412063e-15,2.945151194619258e-15,2.9451417509585347e-15,2.9451323074590327e-15,2.9451228641208073e-15,2.945113420943724e-15,2.9451039779279e-15,2.945094535073206e-15,2.9450850923797378e-15,2.9450756498474545e-15,2.9450662074764216e-15,2.9450567652665722e-15,2.945047323217883e-15,2.9450378813304504e-15,2.9450284396040927e-15,2.9450189980390118e-15,2.9450095566350323e-15,2.9450001153922436e-15,2.944990674310665e-15,2.944981233390205e-15,2.9449717926309173e-15,2.944962352031079e-15,2.9449529115926002e-15,2.9449434713153765e-15,2.9449340311995774e-15,2.9449245912451543e-15,2.9449151514520837e-15,2.944905711820368e-15,2.944896272349914e-15,2.944886833040811e-15,2.9448773938930703e-15,2.9448679549065922e-15,2.9448585160814717e-15,2.944849077417671e-15,2.9448396389151814e-15,2.9448302005740045e-15,2.944820762394103e-15,2.944811324375493e-15,2.944801886518156e-15,2.9447924488221098e-15,2.9447830112873204e-15,2.944773573913787e-15,2.9447641367015176e-15,2.9447546996506466e-15,2.9447452627609466e-15,2.9447358260325134e-15,2.9447263894653695e-15,2.9447169530594034e-15,2.944707516814606e-15,2.944698080731182e-15,2.9446886448090006e-15,2.9446792090480308e-15,2.944669773448183e-15,2.9446603380096053e-15,2.944650902732312e-15,2.9446414676161805e-15,2.9446320326612245e-15,2.944622597867482e-15,2.944613163230071e-15,2.944603728753582e-15,2.944594294438188e-15,2.9445848602837593e-15,2.9445754262904067e-15,2.9445659924580227e-15,2.944556558792997e-15,2.9445471253091915e-15,2.9445376919801382e-15,2.944528258791218e-15,2.9445188257647247e-15,2.9445093929109996e-15,2.944499960193431e-15,2.944490527673912e-15,2.944481095290517e-15,2.9444716630889146e-15,2.9444622310541463e-15,2.944452799153602e-15,2.9444433674142157e-15,2.9444339358358428e-15,2.9444245044184906e-15,2.9444150731620294e-15,2.9444056420665462e-15,2.9443962111320976e-15,2.9443867803586054e-15,2.9443773497459836e-15,2.944367919294324e-15,2.944358489003674e-15,2.9443490588739164e-15,2.9443396289051235e-15,2.9443301990972755e-15,2.944320769450408e-15,2.9443113399643952e-15,2.9443019106393696e-15,2.9442924814752795e-15,2.94428305247206e-15,2.9442736236297748e-15,2.9442641949484644e-15,2.94425476642797e-15,2.944245338068554e-15,2.9442359098699025e-15,2.9442264817828867e-15,2.9442170539061494e-15,2.944207626190415e-15,2.944198198644057e-15,2.944188771249923e-15,2.9441793440167265e-15,2.9441699169401303e-15,2.944160490024292e-15,2.944151063273868e-15,2.9441416366626256e-15,2.9441322102336034e-15,2.9441227839488698e-15,2.9441133578418326e-15,2.9441039318943776e-15,2.9440945061070496e-15,2.9440850804442247e-15,2.944075654966173e-15,2.944066229663396e-15,2.9440568045266556e-15,2.944047379531511e-15,2.9440379547112256e-15,2.9440285300517754e-15,2.9440191055531412e-15,2.9440096812153553e-15,2.9440002570384218e-15,2.943990833022274e-15,2.9439814091669908e-15,2.9439719854725115e-15,2.9439625619388254e-15,2.9439531385660034e-15,2.9439437153539047e-15,2.9439342923026275e-15,2.943924869412217e-15,2.943915446682566e-15,2.9439060241136805e-15,2.9438966017055612e-15,2.9438871794583077e-15,2.9438777573717948e-15,2.9438683354461e-15,2.9438589136811507e-15,2.9438494920769733e-15,2.9438400706335663e-15,2.9438306493509984e-15,2.943821228229082e-15,2.9438118072680146e-15,2.943802386467655e-15,2.9437929658280917e-15,2.9437835453492445e-15,2.9437741250312205e-15,2.9437647048738346e-15,2.943755284877275e-15,2.9437458650414047e-15,2.9437364453662553e-15,2.943727025851837e-15,2.94371760649818e-15,2.943708187305326e-15,2.943698768273053e-15,2.943689349401563e-15,2.9436799306907713e-15,2.9436705121407522e-15,2.9436610937513566e-15,2.94365167552275e-15,2.943642257454812e-15,2.943632839547569e-15,2.9436234218010137e-15,2.9436140042151554e-15,2.9436045867899813e-15,2.9435951695255282e-15,2.94358575242175e-15,2.943576335478644e-15,2.9435669186961805e-15,2.9435575020744018e-15,2.9435480856133025e-15,2.9435386693129088e-15,2.9435292531731516e-15,2.943519837194034e-15,2.9435104213756613e-15,2.943501005717817e-15,2.9434915902206962e-15,2.9434821748841888e-15,2.9434727597083873e-15,2.9434633446931537e-15,2.9434539298385752e-15,2.9434445151446407e-15,2.9434351006113878e-15,2.943425686238698e-15,2.9434162720266565e-15,2.9434068579752307e-15,2.9433974440844123e-15,2.943388030354265e-15,2.9433786167846877e-15,2.9433692033757465e-15,2.9433597901273752e-15,2.9433503770396014e-15,2.9433409641124747e-15,2.9433315513458308e-15,2.9433221387396443e-15,2.943312726294014e-15,2.943303314008883e-15,2.943293901884446e-15,2.9432844899205597e-15,2.943275078117179e-15,2.9432656664744175e-15,2.943256254992234e-15,2.9432468436706286e-15,2.9432374325095544e-15,2.9432280215090005e-15,2.9432186106691154e-15,2.943209199989684e-15,2.943199789470902e-15,2.9431903791125527e-15,2.9431809689150903e-15,2.9431715588772882e-15,2.9431621489885974e-15,2.94315273912232e-15,2.9431433295669873e-15,2.9431339201721664e-15,2.9431245109379402e-15,2.943115101864255e-15,2.9431056929509865e-15,2.943096284198252e-15,2.9430868756060763e-15,2.9430774671743947e-15,2.9430680589031937e-15,2.9430586507925137e-15,2.9430492428422616e-15,2.943039835052557e-15,2.943030427423337e-15,2.9430210199546583e-15,2.943011612646453e-15,2.9430022054986464e-15,2.942992798511382e-15,2.9429833916846157e-15,2.9429739850182608e-15,2.9429645785124335e-15,2.942955172167054e-15,2.9429457659821064e-15,2.9429363599576345e-15,2.9429269540937077e-15,2.942917548390093e-15,2.9429081428470312e-15,2.9428987374643403e-15,2.942889332238101e-15,2.9428799271763377e-15,2.942870522288617e-15,2.9428611175477013e-15,2.942851712967233e-15,2.9428423085470664e-15,2.9428329042944937e-15,2.9428235001952775e-15,2.9428140962564604e-15,2.9428046924780874e-15,2.9427952888600894e-15,2.9427858854025094e-15,2.9427764821053975e-15,2.942767078968625e-15,2.94275767599227e-15,2.942748273181928e-15,2.9427388705233654e-15,2.942729468028152e-15,2.9427200656933892e-15,2.9427106635189286e-15,2.942701261504935e-15,2.9426918596512306e-15,2.942682457957921e-15,2.9426730564059395e-15,2.942663655033389e-15,2.9426542538211947e-15,2.9426448527693695e-15,2.942635451878139e-15,2.9426260512283067e-15,2.9426166506576152e-15,2.942607250247155e-15,2.942597849997053e-15,2.942588449907132e-15,2.9425790499773525e-15,2.942569650748659e-15,2.9425602511488207e-15,2.9425508517003225e-15,2.9425414524121718e-15,2.9425320532843685e-15,2.9425226543169264e-15,2.942513255509759e-15,2.9425038568628478e-15,2.9424944583762764e-15,2.9424850600499782e-15,2.9424756618840456e-15,2.9424662638784265e-15,2.942456866033079e-15,2.9424474683481868e-15,2.94243807082341e-15,2.9424286734588425e-15,2.9424192762546453e-15,2.9424098792107163e-15,2.942400482327061e-15,2.9423910856036374e-15,2.942381689040508e-15,2.9423722926376548e-15,2.9423628963950376e-15,2.942353500312706e-15,2.9423441043906306e-15,2.942334709162524e-15,2.9423253135608786e-15,2.942315918119483e-15,2.942306522838374e-15,2.9422971277174513e-15,2.9422877328126488e-15,2.9422783380122276e-15,2.9422689433720212e-15,2.942259548892108e-15,2.942250154642142e-15,2.9422407604549346e-15,2.9422313664556955e-15,2.9422219726165538e-15,2.942212578937682e-15,2.9422031854189776e-15,2.9421937920605113e-15,2.942184398862286e-15,2.942175005817973e-15,2.9421656129419702e-15,2.942156220224288e-15,2.942146827666752e-15,2.942137435269437e-15,2.9421280430322893e-15,2.942118650955312e-15,2.942109259038529e-15,2.9420998672818964e-15,2.942090475685468e-15,2.942081084249166e-15,2.9420716929730383e-15,2.9420623018749365e-15,2.942052910918989e-15,2.942043520123275e-15,2.9420341294877384e-15,2.9420247390123646e-15,2.9420153486971186e-15,2.9420059585419987e-15,2.9419965685470838e-15,2.9419871787121988e-15,2.94197778903753e-15,2.9419683995229512e-15,2.9419590101684703e-15,2.9419496209740883e-15,2.9419402319399176e-15,2.9419308430658025e-15,2.9419214543517796e-15,2.9419120657978813e-15,2.941902677404133e-15,2.9418932891703814e-15,2.941883901096812e-15,2.9418745131833198e-15,2.9418651254298234e-15,2.9418557378365443e-15,2.941846350403282e-15,2.941836963130049e-15,2.9418275760224797e-15,2.9418181890694507e-15,2.9418088022764934e-15,2.9417994156434102e-15,2.941790029170297e-15,2.9417806428572295e-15,2.941771256704341e-15,2.941761870711333e-15,2.9417524848784015e-15,2.9417430992056007e-15,2.941733713692833e-15,2.9417243283400797e-15,2.941714943147403e-15,2.9417055581147493e-15,2.9416961732421114e-15,2.94168678852958e-15,2.941677403976919e-15,2.941668019584411e-15,2.9416586353518635e-15,2.941649251279311e-15,2.941639867366734e-15,2.9416304836143027e-15,2.9416211000220586e-15,2.941611716589798e-15,2.9416023333176093e-15,2.941592950205322e-15,2.941583567253057e-15,2.9415741844607976e-15,2.9415648018285626e-15,2.9415554193562967e-15,2.941546037043959e-15,2.9415366548916274e-15,2.9415272728992835e-15,2.9415178910668615e-15,2.941508509394435e-15,2.941499127881953e-15,2.9414897465294424e-15,2.9414803653369278e-15,2.9414709843042877e-15,2.9414616034316814e-15,2.9414522227189212e-15,2.94144284216618e-15,2.9414334617734188e-15,2.9414240815404935e-15,2.941414701467586e-15,2.9414053215545303e-15,2.941395941801476e-15,2.941386562208269e-15,2.9413771827750397e-15,2.9413678035016935e-15,2.9413584243883378e-15,2.9413490454348053e-15,2.9413396666412526e-15,2.9413302880075783e-15,2.941320909533797e-15,2.9413115312199038e-15,2.9413021530659417e-15,2.9412927750718313e-15,2.9412833972375662e-15,2.9412740195632446e-15,2.941264642048815e-15,2.941255264694248e-15,2.9412458874996176e-15,2.9412365104647482e-15,2.941227133589826e-15,2.9412177568747103e-15,2.9412083803195125e-15,2.9411990039241475e-15,2.9411896276886135e-15,2.941180251612988e-15,2.941170875697219e-15,2.941161499941185e-15,2.9411521243450886e-15,2.9411427489088454e-15,2.9411333736324137e-15,2.9411239985158174e-15,2.941114623559033e-15,2.9411052487621e-15,2.941095874124984e-15,2.9410864996476364e-15,2.9410771253302028e-15,2.9410677511725426e-15,2.9410583771746588e-15,2.9410490033366127e-15,2.9410396296583454e-15,2.9410302561398992e-15,2.9410208827812605e-15,2.9410115095824348e-15,2.9410021365433546e-15,2.9409927636640873e-15,2.940983390944603e-15,2.940974018384879e-15,2.9409646459821672e-15,2.9409552736696883e-15,2.94094590158934e-15,2.94093652965284e-15,2.940927157857117e-15,2.940917786253792e-15,2.9409084148007564e-15,2.940899043498197e-15,2.9408896723745617e-15,2.9408803014128843e-15,2.9408709305888537e-15,2.940861559946323e-15,2.9408521894446625e-15,2.94084281912658e-15,2.9408334489632237e-15,2.9408240789596273e-15,2.9408147091156282e-15,2.9408053394314457e-15,2.9407959698572843e-15,2.940786600492569e-15,2.940777231287508e-15,2.9407678622421914e-15,2.940758493356602e-15,2.940749124630649e-15,2.9407397560644705e-15,2.940730387657991e-15,2.9407210194111102e-15,2.940711651323984e-15,2.9407022833965363e-15,2.9406929156287765e-15,2.9406835480207275e-15,2.9406741805723613e-15,2.94066481328361e-15,2.940655446154605e-15,2.940646079185203e-15,2.9406367123755175e-15,2.9406273457253966e-15,2.940617979235018e-15,2.940608612904319e-15,2.9405992467332085e-15,2.9405898807217615e-15,2.9405805148690484e-15,2.94057114917699e-15,2.9405617836454204e-15,2.940552418287202e-15,2.9405430530750253e-15,2.9405336880429243e-15,2.9405243231591228e-15,2.940514958424748e-15,2.940505593876405e-15,2.940496229462891e-15,2.9404868652073864e-15,2.9404775011114968e-15,2.9404681371752407e-15,2.9404587733985274e-15,2.9404494097814753e-15,2.94044004632396e-15,2.9404306830304362e-15,2.9404213198962434e-15,2.940411956921438e-15,2.940402594106016e-15,2.9403932314500224e-15,2.940383868953494e-15,2.940374506616225e-15,2.9403651444383454e-15,2.940355782419848e-15,2.940346420560666e-15,2.940337058860891e-15,2.940327697320497e-15,2.940318335939443e-15,2.9403089747176442e-15,2.9402996136552893e-15,2.9402902527522444e-15,2.9402808920085077e-15,2.9402715314240904e-15,2.9402621709990243e-15,2.9402528107331893e-15,2.9402434506266415e-15,2.9402340906794543e-15,2.9402247308915483e-15,2.9402153712628724e-15,2.940206011793598e-15,2.9401966524835303e-15,2.9401872933327897e-15,2.9401779343427447e-15,2.940168575512162e-15,2.940159216841141e-15,2.9401498583295593e-15,2.940140499977475e-15,2.940131141785048e-15,2.9401217837519256e-15,2.9401124258783405e-15,2.940103068164242e-15,2.940093710609581e-15,2.940084353214401e-15,2.9400749959787164e-15,2.9400656389024425e-15,2.9400562819857433e-15,2.9400469252284288e-15,2.9400375686305907e-15,2.9400282121922465e-15,2.940018855913259e-15,2.9400094997937787e-15,2.9400001438215254e-15,2.9399907880081776e-15,2.939981432353598e-15,2.939972076867649e-15,2.939962721540939e-15,2.9399533663781015e-15,2.939944011374643e-15,2.9399346565306777e-15,2.939925301846085e-15,2.9399159473208925e-15,2.939906592955167e-15,2.9398972387488003e-15,2.9398878847019026e-15,2.9398785308143725e-15,2.9398691770861982e-15,2.9398598235174575e-15,2.939850470108127e-15,2.9398411168581767e-15,2.9398317637676146e-15,2.939822410836429e-15,2.9398130580646274e-15,2.9398037054522124e-15,2.9397943529991778e-15,2.9397850006894046e-15,2.9397756485604636e-15,2.939766296576974e-15,2.9397569447677834e-15,2.9397475930994114e-15,2.9397382416024966e-15,2.939728890265016e-15,2.939719539086819e-15,2.9397101880680005e-15,2.939700837208562e-15,2.939691486508467e-15,2.9396821359676165e-15,2.93967278558614e-15,2.9396634353640316e-15,2.939654085301224e-15,2.9396447353977103e-15,2.9396353856536093e-15,2.9396260360687294e-15,2.9396166866432348e-15,2.9396073373762137e-15,2.9395979882701537e-15,2.939588639322546e-15,2.9395792905341887e-15,2.9395699419043845e-15,2.939560593434658e-15,2.9395512451242424e-15,2.9395418969730954e-15,2.9395325489812676e-15,2.9395232011486717e-15,2.939513853475376e-15,2.9395045059614003e-15,2.9394951586066455e-15,2.939485811411195e-15,2.939476464374994e-15,2.9394671174980485e-15,2.9394577707803383e-15,2.9394484242219117e-15,2.939439077822705e-15,2.9394297315828097e-15,2.9394203855021177e-15,2.9394110395806518e-15,2.9394016938185302e-15,2.939392348215537e-15,2.939383002771759e-15,2.9393736574872706e-15,2.939364312361989e-15,2.939354967395949e-15,2.9393456225890974e-15,2.9393362779414852e-15,2.939326933453063e-15,2.9393175891239122e-15,2.9393082449539246e-15,2.9392989009431022e-15,2.9392895570915603e-15,2.939280213399192e-15,2.939270869865994e-15,2.939261526484953e-15,2.93925218328017e-15,2.939242840224543e-15,2.9392334973281052e-15,2.9392241545915764e-15,2.9392148120144082e-15,2.93920546959566e-15,2.9391961273361386e-15,2.9391867852356826e-15,2.9391774432944167e-15,2.939168101512332e-15,2.9391587598894428e-15,2.939149418425578e-15,2.9391400771207487e-15,2.9391307359750668e-15,2.939121394988619e-15,2.9391120541611996e-15,2.9391027134929923e-15,2.9390933729839263e-15,2.9390840326333247e-15,2.9390746924422654e-15,2.9390653524105707e-15,2.939056012537974e-15,2.939046672824487e-15,2.9390373332701655e-15,2.939027993874903e-15,2.939018654655197e-15,2.939009315596895e-15,2.9389999766789522e-15,2.938990637920138e-15,2.938981299320409e-15,2.938971960879719e-15,2.9389626225972558e-15,2.93895328447475e-15,2.938943946511355e-15,2.9389346087069925e-15,2.9389252710617613e-15,2.9389159335756154e-15,2.9389065962770704e-15,2.93889725910901e-15,2.938887922100023e-15,2.9388785852500863e-15,2.938869248559229e-15,2.9388599120274347e-15,2.9388505756547083e-15,2.9388412394409706e-15,2.9388319033863477e-15,2.9388225674907173e-15,2.9388132317541667e-15,2.93880389617658e-15,2.938794560758077e-15,2.9387852254985726e-15,2.9387758903980702e-15,2.9387665554566614e-15,2.938757220674229e-15,2.938747886051435e-15,2.9387385515869392e-15,2.938729217281578e-15,2.9387198831351535e-15,2.9387105491477694e-15,2.9387012153194062e-15,2.9386918816500056e-15,2.9386825481395664e-15,2.9386732147881687e-15,2.9386638815957496e-15,2.9386545485618483e-15,2.9386452156870704e-15,2.938635882971559e-15,2.938626550415064e-15,2.9386172180174874e-15,2.9386078857789286e-15,2.9385985536993407e-15,2.938589221778576e-15,2.9385798900168857e-15,2.938570558414192e-15,2.9385612269703757e-15,2.9385518956855316e-15,2.93854256455961e-15,2.938533233592628e-15,2.9385239027846214e-15,2.9385145721354887e-15,2.938505241645352e-15,2.9384959113141396e-15,2.938486581141847e-15,2.938477251128445e-15,2.9384679212739163e-15,2.938458591578416e-15,2.938449262041732e-15,2.938439932663969e-15,2.9384306034451538e-15,2.9384212743852138e-15,2.9384119454841622e-15,2.938402616742075e-15,2.938393288158847e-15,2.9383839597411013e-15,2.9383746314738797e-15,2.9383653033672915e-15,2.938355975419182e-15,2.938346647629202e-15,2.938337319999273e-15,2.9383279925281952e-15,2.93831866521687e-15,2.9383093380635424e-15,2.938300011602409e-15,2.9382906847667083e-15,2.9382813580900146e-15,2.9382720315719844e-15,2.938262705212918e-15,2.938253379012686e-15,2.9382440529712614e-15,2.938234727088648e-15,2.938225401364942e-15,2.9382160758767556e-15,2.938206750595284e-15,2.9381974253470136e-15,2.9381881002585796e-15,2.938178775358471e-15,2.938169450587704e-15,2.938160125975718e-15,2.9381508015221557e-15,2.9381414772265317e-15,2.9381321530909553e-15,2.9381228291141727e-15,2.9381135052962414e-15,2.9381041816369954e-15,2.9380948581366083e-15,2.9380855347950042e-15,2.9380762116121655e-15,2.9380668885881806e-15,2.9380575657228967e-15,2.938048243019938e-15,2.938038920472226e-15,2.938029598082198e-15,2.938020275832058e-15,2.9380109537606506e-15,2.9380016318479833e-15,2.9379923100940813e-15,2.937982988494655e-15,2.9379736670583243e-15,2.937964345780616e-15,2.937955024661706e-15,2.9379457037015045e-15,2.9379363829000886e-15,2.9379270622573075e-15,2.9379177417733907e-15,2.9379084214481375e-15,2.9378991012815933e-15,2.9378897812736934e-15,2.9378804614246377e-15,2.9378711417342286e-15,2.9378618222025462e-15,2.9378525028295424e-15,2.9378431836152267e-15,2.9378338645596807e-15,2.937824545662796e-15,2.93781522692457e-15,2.9378059083450722e-15,2.937796589924242e-15,2.9377872716621584e-15,2.937777953558693e-15,2.937768635613901e-15,2.93775931782782e-15,2.93775000020037e-15,2.9377406827316223e-15,2.9377313654215237e-15,2.9377220482700706e-15,2.9377127312773347e-15,2.937703414443228e-15,2.937694097782883e-15,2.937684781265979e-15,2.937675464912564e-15,2.9376661487130497e-15,2.9376568326721167e-15,2.9376475167898883e-15,2.937638201066289e-15,2.93762888550131e-15,2.937619570094923e-15,2.937610254847198e-15,2.9376009397590808e-15,2.9375916248350663e-15,2.937582310063251e-15,2.9375729954500783e-15,2.9375636809954017e-15,2.9375543666993277e-15,2.9375450525618107e-15,2.9375357385829463e-15,2.937526424762673e-15,2.9375171111009794e-15,2.9375077975935596e-15,2.937498484256778e-15,2.9374891710549465e-15,2.9374798580275442e-15,2.937470545162444e-15,2.937461232453392e-15,2.9374519199015924e-15,2.9374426075084047e-15,2.9374332952739066e-15,2.9374239831979297e-15,2.937414671280579e-15,2.9374053595216767e-15,2.937396047921453e-15,2.9373867364796857e-15,2.937377425161718e-15,2.937368114037063e-15,2.937358803071299e-15,2.9373494922636147e-15,2.93734018154609e-15,2.937330870983024e-15,2.93732156065098e-15,2.9373122504545207e-15,2.937302940448673e-15,2.9372936305930528e-15,2.9372843208951318e-15,2.9372750113557e-15,2.937265701974671e-15,2.937256392752261e-15,2.937247083688309e-15,2.937237774779841e-15,2.937228466032981e-15,2.9372191574446462e-15,2.9372098490146373e-15,2.9372005407667925e-15,2.937191232653772e-15,2.9371819246992193e-15,2.9371726169031876e-15,2.9371633092655602e-15,2.937154001786405e-15,2.9371446944658013e-15,2.937135387301527e-15,2.937126080283484e-15,2.937116773438136e-15,2.9371074667513073e-15,2.937098160222957e-15,2.93708885385299e-15,2.9370795476414815e-15,2.937070241587199e-15,2.9370609356925933e-15,2.9370516297952196e-15,2.937042324217442e-15,2.937033018798038e-15,2.937023713537097e-15,2.9370144084345962e-15,2.937005103490496e-15,2.9369957987048018e-15,2.9369864940775402e-15,2.93697718960865e-15,2.936967885298144e-15,2.9369585811460332e-15,2.9369492771523587e-15,2.936939973317053e-15,2.9369306696402223e-15,2.9369213661216894e-15,2.936912062761573e-15,2.936902759559806e-15,2.9368934564109626e-15,2.9368841535260155e-15,2.9368748507994374e-15,2.936865548223129e-15,2.9368562458132553e-15,2.9368469435616827e-15,2.9368376414729168e-15,2.9368283395380813e-15,2.936819037761597e-15,2.9368097361434785e-15,2.936800434683694e-15,2.9367911333717094e-15,2.936781832218054e-15,2.9367725312226553e-15,2.9367632303855008e-15,2.9367539297065622e-15,2.9367446291858226e-15,2.936735328823297e-15,2.936726028618885e-15,2.9367167285727115e-15,2.936707428684554e-15,2.9366981289544202e-15,2.9366888293822768e-15,2.936679529968003e-15,2.936670230711685e-15,2.9366609316133216e-15,2.936651632683047e-15,2.9366423339062794e-15,2.9366330352961873e-15,2.936623736844332e-15,2.936614438550777e-15,2.9366051404155024e-15,2.9365958424384917e-15,2.936586544619167e-15,2.9365772468265023e-15,2.93656794932428e-15,2.9365586522391765e-15,2.9365493550512366e-15,2.9365400580238385e-15,2.9365307611546512e-15,2.9365214644436957e-15,2.9365121678910293e-15,2.936502871772218e-15,2.936493575535708e-15,2.9364842794577622e-15,2.936474983538018e-15,2.9364656877765073e-15,2.9364563921732292e-15,2.936447096728183e-15,2.936437801441362e-15,2.9364285063037703e-15,2.9364192113333822e-15,2.936409916465803e-15,2.93640062181179e-15,2.9363913273160046e-15,2.936382032981043e-15,2.9363727388016074e-15,2.936363444780366e-15,2.9363541509174244e-15,2.9363448572091693e-15,2.936335563662544e-15,2.9363262702741e-15,2.9363169770437955e-15,2.9363076839721235e-15,2.9362983910582422e-15,2.9362890983024857e-15,2.9362798057074928e-15,2.936270513268082e-15,2.9362612209868144e-15,2.936251928863697e-15,2.9362426368975904e-15,2.936233345089786e-15,2.936224053441154e-15,2.9362147619506743e-15,2.9362054706183156e-15,2.9361961794440118e-15,2.93618688843041e-15,2.9361775975718293e-15,2.9361683068712365e-15,2.9361590163295408e-15,2.936149725945949e-15,2.936140435720431e-15,2.9361311456530424e-15,2.936121855743772e-15,2.936112565992648e-15,2.93610327639958e-15,2.936093986964666e-15,2.9360846976877632e-15,2.9360754085689813e-15,2.9360661196083675e-15,2.9360568308057978e-15,2.9360475421613563e-15,2.9360382535564782e-15,2.9360289654755627e-15,2.936019677305224e-15,2.9360103892930265e-15,2.936001101433116e-15,2.9359918137370797e-15,2.9359825261990938e-15,2.9359732388192007e-15,2.935963951594009e-15,2.935954664517762e-15,2.9359453776002042e-15,2.9359360908412228e-15,2.935926804244196e-15,2.935917517812534e-15,2.935908231521444e-15,2.9358989454058406e-15,2.9358896594483043e-15,2.935880373648818e-15,2.935871088007371e-15,2.935861802523957e-15,2.935852517198485e-15,2.935843232031098e-15,2.9358339470216855e-15,2.935824662159552e-15,2.9358153774662025e-15,2.9358060929308614e-15,2.9357968085534708e-15,2.935787524334091e-15,2.935778240272768e-15,2.9357689563693676e-15,2.9357596726330866e-15,2.9357503890456688e-15,2.935741105616252e-15,2.935731822342998e-15,2.935722539229494e-15,2.935713256274059e-15,2.9357039734765057e-15,2.9356946908369433e-15,2.9356854083553447e-15,2.935676126031658e-15,2.9356668438659194e-15,2.9356575618581564e-15,2.9356482800083594e-15,2.935638998316539e-15,2.9356297167826497e-15,2.9356204354066247e-15,2.9356111541885834e-15,2.9356018731284996e-15,2.935592592226298e-15,2.93558331148207e-15,2.9355740308961028e-15,2.9355647504677533e-15,2.93555547019721e-15,2.9355461900846393e-15,2.9355369101299863e-15,2.9355276303331823e-15,2.9355183506943387e-15,2.935509071213381e-15,2.9354997918903045e-15,2.935490512726959e-15,2.9354812335472266e-15,2.935471954697931e-15,2.93546267600058e-15,2.9354533974669793e-15,2.9354441190916597e-15,2.9354348408851942e-15,2.9354255628371198e-15,2.93541628493514e-15,2.9354070071909e-15,2.9353977296042844e-15,2.9353884521757624e-15,2.9353791749050453e-15,2.9353698977922385e-15,2.9353606208372563e-15,2.9353513440401385e-15,2.9353420674008454e-15,2.9353327909194065e-15,2.935323514595803e-15,2.9353142384758608e-15,2.935304962468695e-15,2.935295686608176e-15,2.9352864109157968e-15,2.935277135366725e-15,2.9352678599901144e-15,2.935258584775641e-15,2.935249309714664e-15,2.935240034811422e-15,2.93523076006611e-15,2.9352214854784798e-15,2.9352122110486527e-15,2.9352029367767336e-15,2.9351936626946763e-15,2.935184388738283e-15,2.9351751149305662e-15,2.9351658412897587e-15,2.935156567806658e-15,2.9351472944813615e-15,2.9351380213198568e-15,2.9351287483101083e-15,2.9351194754581183e-15,2.9351102027640274e-15,2.9351009302275763e-15,2.9350916578488815e-15,2.9350823856278764e-15,2.935073113564683e-15,2.9350638416595386e-15,2.9350545699118126e-15,2.935045298321871e-15,2.9350360268781157e-15,2.93502675555845e-15,2.9350174844416933e-15,2.9350082135198984e-15,2.934998942718595e-15,2.9349896720667947e-15,2.93498040157186e-15,2.934971131244229e-15,2.934961861073792e-15,2.934952591058953e-15,2.9349433212022356e-15,2.934934051464961e-15,2.93492478192538e-15,2.934915512543465e-15,2.9349062433129425e-15,2.9348969742463765e-15,2.9348877053375546e-15,2.9348784365863977e-15,2.9348691682552697e-15,2.9348598998195147e-15,2.934850631546068e-15,2.934841363425593e-15,2.9348320954628066e-15,2.9348228276577076e-15,2.9348135600102447e-15,2.934804292520542e-15,2.9347950251910802e-15,2.9347857580113555e-15,2.9347764909944698e-15,2.934767224141361e-15,2.9347579574397625e-15,2.9347486908958384e-15,2.9347394245078507e-15,2.9347301582808988e-15,2.934720892210001e-15,2.9347116262946016e-15,2.934702360539691e-15,2.934693094941689e-15,2.9346838295014453e-15,2.9346745642185627e-15,2.9346652990933263e-15,2.9346560341255727e-15,2.9346467693155053e-15,2.934637504663101e-15,2.9346282401682148e-15,2.9346189758309345e-15,2.934609711651264e-15,2.934600447629151e-15,2.9345911837646596e-15,2.934581920057697e-15,2.934572656508355e-15,2.934563393116565e-15,2.9345541298823382e-15,2.9345448668057125e-15,2.9345356038866374e-15,2.9345263411251533e-15,2.934517078521148e-15,2.934507816074809e-15,2.9344985537859633e-15,2.9344892916546786e-15,2.9344800296809203e-15,2.9344707678647365e-15,2.934461506206123e-15,2.9344522447050202e-15,2.9344429833614636e-15,2.934433722175398e-15,2.934424461146855e-15,2.93441520027591e-15,2.934405939562439e-15,2.9343966790065002e-15,2.9343874186080636e-15,2.9343781583671373e-15,2.9343688982837114e-15,2.9343596383578293e-15,2.934350378589417e-15,2.9343411189785076e-15,2.934331859525137e-15,2.9343226002292144e-15,2.934313341090837e-15,2.9343040821099134e-15,2.934294823286401e-15,2.9342855646204816e-15,2.9342763061120177e-15,2.9342670477609662e-15,2.934257789567453e-15,2.934248531531408e-15,2.9342392736527812e-15,2.9342300159316695e-15,2.934220758367949e-15,2.934211500961674e-15,2.934202243712915e-15,2.9341929866215978e-15,2.934183729687713e-15,2.9341744729112988e-15,2.9341652162922778e-15,2.9341559598307596e-15,2.934146703526606e-15,2.9341374473799035e-15,2.934128191390682e-15,2.934118935558813e-15,2.9341096798844326e-15,2.934100424367374e-15,2.9340911690078107e-15,2.9340819138056443e-15,2.934072658760838e-15,2.9340634038734356e-15,2.9340541491434857e-15,2.934044894570943e-15,2.934035640155719e-15,2.934026385898018e-15,2.93401713179762e-15,2.9340078778546053e-15,2.9339986240689566e-15,2.9339893704407116e-15,2.933980116969832e-15,2.933970863656358e-15,2.9339616105002654e-15,2.933952357501513e-15,2.9339431046600853e-15,2.9339338519760828e-15,2.933924599449389e-15,2.9339153470800706e-15,2.933906094868104e-15,2.933896842813494e-15,2.9338875909162103e-15,2.9338783391762523e-15,2.9338690875936802e-15,2.9338598361684485e-15,2.9338505849004923e-15,2.9338413337898855e-15,2.933832082836632e-15,2.9338228320406592e-15,2.933813581402007e-15,2.933804330920707e-15,2.9337950805966788e-15,2.933785830430007e-15,2.933776580420607e-15,2.9337673305684848e-15,2.9337580808737397e-15,2.933748831336286e-15,2.93373958195604e-15,2.9337303327331624e-15,2.9337210836675213e-15,2.933711834759164e-15,2.9337025860081495e-15,2.9336933374143474e-15,2.933684088977878e-15,2.933674840698657e-15,2.9336655925766633e-15,2.9336563446120046e-15,2.9336470968045946e-15,2.9336378491544236e-15,2.933628601661519e-15,2.933619354325803e-15,2.9336101071474537e-15,2.9336008601262702e-15,2.9335916132623797e-15,2.9335823665556473e-15,2.9335731200061834e-15,2.9335638736140155e-15,2.933554627378987e-15,2.9335453813013087e-15,2.933536135380784e-15,2.933526889617429e-15,2.9335176440113155e-15,2.9335083985624853e-15,2.933499153270805e-15,2.9334899081364008e-15,2.933480663159117e-15,2.933471418339067e-15,2.9334621736762012e-15,2.9334529291705485e-15,2.9334436848220633e-15,2.9334344406308146e-15,2.93342519659668e-15,2.9334159527198293e-15,2.9334067090000686e-15,2.93339746543751e-15,2.933388222032139e-15,2.9333789787839695e-15,2.933369735692949e-15,2.933360492759073e-15,2.9333512499823477e-15,2.9333420073627584e-15,2.9333327649003785e-15,2.9333235225951684e-15,2.9333142804470234e-15,2.933305038456092e-15,2.9332957966222693e-15,2.9332865549455976e-15,2.9332773134260792e-15,2.9332680720636514e-15,2.9332588308583474e-15,2.9332495898102357e-15,2.9332403489191934e-15,2.93323110818529e-15,2.9332218676084877e-15,2.9332126271888178e-15,2.9332033869262652e-15,2.9331941468208072e-15,2.93318490687245e-15,2.9331756670811903e-15,2.933166427447067e-15,2.9331571879699314e-15,2.933147948649967e-15,2.9331387094871177e-15,2.933129470481302e-15,2.933120231632591e-15,2.933110992940909e-15,2.933101754406407e-15,2.933092516028878e-15,2.9330832778084376e-15,2.9330740397451216e-15,2.933064801838794e-15,2.93305556408953e-15,2.9330463264973985e-15,2.9330370890622256e-15,2.933027851784192e-15,2.9330186146631386e-15,2.9330093776991006e-15,2.933000140892184e-15,2.932990904242249e-15,2.9329816677493856e-15,2.932972431413535e-15,2.932963195234729e-15,2.9329539592129374e-15,2.9329447233481677e-15,2.932935487640439e-15,2.932926252089694e-15,2.9329170166959745e-15,2.9329077814592548e-15,2.9328985463795413e-15,2.9328893114568643e-15,2.932880076691202e-15,2.9328708420824245e-15,2.9328616076307117e-15,2.93285237333595e-15,2.9328431391982333e-15,2.9328339052174626e-15,2.9328246713937115e-15,2.9328154377269366e-15,2.9328062042170602e-15,2.9327969708642342e-15,2.9327877376683505e-15,2.9327785046293835e-15,2.9327692717474143e-15,2.932760039022423e-15,2.932750806454403e-15,2.9327415740433473e-15,2.93273234178917e-15,2.932723109691957e-15,2.9327138777517476e-15,2.932704645968396e-15,2.9326954143420046e-15,2.9326861828725465e-15,2.932676951560029e-15,2.93266772040444e-15,2.932658489405802e-15,2.932649258564034e-15,2.9326400278791907e-15,2.932630797351313e-15,2.932621566980256e-15,2.9326123367661595e-15,2.9326031067089616e-15,2.9325938768086426e-15,2.932584647065236e-15,2.932575417478773e-15,2.932566188049163e-15,2.932556958776422e-15,2.9325477296606154e-15,2.9325385007016456e-15,2.932529271899559e-15,2.932520043254411e-15,2.932510814766026e-15,2.9325015864345766e-15,2.9324923582599705e-15,2.9324831302422695e-15,2.932473902381405e-15,2.932464674677419e-15,2.9324554471302814e-15,2.9324462197399205e-15,2.9324369925065027e-15,2.9324277654299176e-15,2.9324185385101477e-15,2.932409311747208e-15,2.932400085141042e-15,2.9323908586918337e-15,2.9323816323994256e-15,2.9323724062637472e-15,2.9323631802849744e-15,2.9323539544630087e-15,2.9323447287978684e-15,2.93233550328948e-15,2.932326277937933e-15,2.932317052743278e-15,2.9323078277053745e-15,2.9322986028242496e-15,2.9322893780999112e-15,2.9322801535323617e-15,2.932270929121604e-15,2.9322617048676675e-15,2.9322524807705027e-15,2.932243256830095e-15,2.932234033046511e-15,2.9322248094197306e-15,2.9322155859495315e-15,2.9322063626362815e-15,2.932197139479839e-15,2.9321879164800076e-15,2.932178693637009e-15,2.932169470950738e-15,2.9321602484212553e-15,2.9321510260485105e-15,2.9321418038325155e-15,2.932132581773302e-15,2.9321233598707374e-15,2.9321141381249706e-15,2.9321049165358893e-15,2.932095695103616e-15,2.9320864738280226e-15,2.9320772527091615e-15,2.932068031747019e-15,2.932058810941636e-15,2.9320495902929073e-15,2.932040369800855e-15,2.9320311494656156e-15,2.9320219292869706e-15,2.9320127092651027e-15,2.9320034893999045e-15,2.931994269691445e-15,2.931985050139669e-15,2.9319758307445056e-15,2.9319666115061323e-15,2.9319573924244107e-15,2.9319481734994057e-15,2.931938954730964e-15,2.9319297361193005e-15,2.931920517664286e-15,2.9319112993658818e-15,2.9319020812241833e-15,2.9318928632392217e-15,2.931883645410802e-15,2.931874427739057e-15,2.9318652102239924e-15,2.931855992865562e-15,2.9318467756637865e-15,2.9318375586186868e-15,2.931828341730158e-15,2.9318191249982777e-15,2.931809908423088e-15,2.9318006920044663e-15,2.9317914757424782e-15,2.9317822596371623e-15,2.9317730436884866e-15,2.9317638278963445e-15,2.9317546122608563e-15,2.931745396781917e-15,2.9317361814596823e-15,2.931726966294015e-15,2.931717751284945e-15,2.931708536432475e-15,2.9316993217366067e-15,2.9316901071972542e-15,2.9316808928146015e-15,2.9316716785884772e-15,2.931662464518968e-15,2.9316532506059888e-15,2.93164403684963e-15,2.9316348232498543e-15,2.9316256098065964e-15,2.9316163965199645e-15,2.9316071833898363e-15,2.931597970416266e-15,2.931588757599279e-15,2.9315795449388892e-15,2.9315703324349757e-15,2.9315611200876524e-15,2.931551907896883e-15,2.931542695862619e-15,2.9315334839848696e-15,2.9315242722637365e-15,2.93151506069908e-15,2.9315058492909783e-15,2.93149663803939e-15,2.931487426944324e-15,2.93147821600581e-15,2.9314690052238035e-15,2.931459794598251e-15,2.9314505841292567e-15,2.931441373816752e-15,2.9314321636607875e-15,2.9314229536612664e-15,2.9314137438182676e-15,2.9314045341317105e-15,2.931395324601727e-15,2.931386115228241e-15,2.931376906011163e-15,2.9313676969506493e-15,2.9313584880465692e-15,2.9313492792989684e-15,2.931340070707888e-15,2.9313308622732116e-15,2.9313216539949957e-15,2.9313124458732294e-15,2.931303237907941e-15,2.9312940300991042e-15,2.9312848224467973e-15,2.9312756149508873e-15,2.9312664076113716e-15,2.931257200428379e-15,2.9312479934017864e-15,2.931238786531649e-15,2.9312295798179666e-15,2.931220373260668e-15,2.931211166859806e-15,2.9312019606154003e-15,2.931192754527384e-15,2.9311835485958084e-15,2.9311743428206726e-15,2.9311651372018665e-15,2.931155931739536e-15,2.931146726433607e-15,2.9311375212840563e-15,2.9311283162909214e-15,2.9311191114542003e-15,2.931109906773872e-15,2.9311007022499012e-15,2.9310914978823287e-15,2.9310822936711546e-15,2.9310730896163307e-15,2.9310638857179242e-15,2.9310546819758553e-15,2.9310454783901445e-15,2.9310362749608503e-15,2.9310270716878787e-15,2.931017868571329e-15,2.9310086656110506e-15,2.9309994628071834e-15,2.930990260159707e-15,2.9309810576685066e-15,2.9309718553337166e-15,2.9309626531552047e-15,2.9309534511330636e-15,2.9309442492672223e-15,2.930935047557793e-15,2.930925846004631e-15,2.9309166446077797e-15,2.9309074433673027e-15,2.930898242283139e-15,2.9308890413553e-15,2.9308798405837697e-15,2.930870639968524e-15,2.9308614395096667e-15,2.9308522392070247e-15,2.930843039060684e-15,2.9308338390707195e-15,2.9308246392370075e-15,2.93081543955958e-15,2.9308062400384774e-15,2.930797040673611e-15,2.9307878414650473e-15,2.9307786424127466e-15,2.9307694435167563e-15,2.930760244777041e-15,2.9307510461935682e-15,2.930741847766327e-15,2.9307326494954644e-15,2.930723451380789e-15,2.930714253422391e-15,2.9307050556201744e-15,2.9306958579743172e-15,2.9306866604846222e-15,2.9306774631512786e-15,2.930668265974103e-15,2.9306590689531815e-15,2.9306498720884702e-15,2.9306406753800047e-15,2.9306314788277974e-15,2.930622282431792e-15,2.930613086191991e-15,2.9306038901084286e-15,2.930594694181116e-15,2.930585498409997e-15,2.930576302795106e-15,2.9305671073363855e-15,2.9305579120339185e-15,2.930548716887623e-15,2.930539521897507e-15,2.930530327063563e-15,2.9305211323858585e-15,2.93051193786436e-15,2.9305027434989915e-15,2.930493549289832e-15,2.930484355236849e-15,2.9304751613400695e-15,2.930465967599447e-15,2.930456774014971e-15,2.93044758058668e-15,2.9304383873145682e-15,2.930429194198623e-15,2.9304200012387755e-15,2.930410808435163e-15,2.930401615787593e-15,2.930392423296294e-15,2.9303832309610632e-15,2.930374038782007e-15,2.9303648467591047e-15,2.930355654892307e-15,2.9303464631816332e-15,2.9303372716270886e-15,2.9303280802287144e-15,2.930318888986447e-15,2.930309697900206e-15,2.9303005069701918e-15,2.930291316196286e-15,2.930282125578446e-15,2.9302729351167345e-15,2.9302637448111216e-15,2.930254554661585e-15,2.930245364668234e-15,2.930236174830869e-15,2.930226985149657e-15,2.93021779562452e-15,2.930208606255423e-15,2.9301994170424976e-15,2.9301902279856346e-15,2.930181039084762e-15,2.930171850340067e-15,2.9301626617513266e-15,2.930153473318752e-15,2.930144285042245e-15,2.9301350969217165e-15,2.930125908957286e-15,2.9301167211489414e-15,2.9301075334965785e-15,2.9300983460003635e-15,2.930089158660074e-15,2.9300799714759064e-15,2.9300707844477494e-15,2.9300615975756342e-15,2.9300524108595645e-15,2.9300432242995306e-15,2.9300340378955e-15,2.930024851647479e-15,2.930015665555485e-15,2.930006479619579e-15,2.9299972938395643e-15,2.92998810821565e-15,2.9299789227476954e-15,2.929969737435738e-15,2.9299605522798225e-15,2.929951367279937e-15,2.9299421824359662e-15,2.92993299774797e-15,2.9299238132160335e-15,2.929914628840019e-15,2.9299054446200518e-15,2.9298962605560156e-15,2.9298870766479664e-15,2.9298778928959066e-15,2.9298687092998357e-15,2.9298595258596213e-15,2.929850342575467e-15,2.9298411594472725e-15,2.9298319764749855e-15,2.9298227936586882e-15,2.929813610998378e-15,2.929804428493916e-15,2.929795246145499e-15,2.9297860639529214e-15,2.929776881916361e-15,2.9297677000356935e-15,2.9297585183109742e-15,2.929749336742153e-15,2.929740155329291e-15,2.9297309740723727e-15,2.9297217929713305e-15,2.9297126120262377e-15,2.9297034312370637e-15,2.9296942506037725e-15,2.9296850701264045e-15,2.929675889804923e-15,2.929666709639341e-15,2.9296575296296413e-15,2.9296483497758788e-15,2.929639170078013e-15,2.92962999053599e-15,2.9296208111498625e-15,2.9296116319196642e-15,2.929602452845262e-15,2.9295932739267876e-15,2.9295840951641117e-15,2.9295749165574054e-15,2.929565738106543e-15,2.9295565598114623e-15,2.9295473816723123e-15,2.929538203689024e-15,2.9295290258615445e-15,2.9295198481899633e-15,2.9295106706742347e-15,2.929501493314276e-15,2.929492316110251e-15,2.929483139062001e-15,2.9294739621695978e-15,2.929464785433054e-15,2.9294556088522516e-15,2.929446432427354e-15,2.9294372561583174e-15,2.929428080045026e-15,2.92941890408755e-15,2.929409728285937e-15,2.9294005526400553e-15,2.9293913771500816e-15,2.929382201815864e-15,2.929373026637359e-15,2.9293638516147845e-15,2.929354676747933e-15,2.929345502036875e-15,2.9293363274816273e-15,2.9293271530820815e-15,2.9293179788384303e-15,2.9293088047505295e-15,2.9292996308183976e-15,2.9292904570420195e-15,2.929281283421439e-15,2.9292721099565795e-15,2.9292629366475163e-15,2.9292537634941893e-15,2.9292445904965964e-15,2.9292354176548162e-15,2.929226244968752e-15,2.9292170724384452e-15,2.929207900063887e-15,2.929198727845035e-15,2.9291895557819405e-15,2.929180383874582e-15,2.929171212123007e-15,2.9291620405271094e-15,2.929152869086895e-15,2.929143697802472e-15,2.9291345266737395e-15,2.929125355700679e-15,2.929116184883394e-15,2.92910701422175e-15,2.929097843715887e-15,2.9290886733656903e-15,2.9290795031711664e-15,2.929070333132373e-15,2.9290611632492992e-15,2.9290519935218717e-15,2.9290428239501494e-15,2.9290336545341223e-15,2.9290244852737765e-15,2.929015316169107e-15,2.929006147220078e-15,2.9289969784267516e-15,2.9289878097890687e-15,2.9289786413070715e-15,2.928969472980753e-15,2.9289603048100783e-15,2.9289511367950646e-15,2.928941968935682e-15,2.9289328012319502e-15,2.928923633683872e-15,2.928914466291425e-15,2.9289052990546174e-15,2.9288961319735267e-15,2.928886965047935e-15,2.9288777982780598e-15,2.928868631663772e-15,2.9288594652051935e-15,2.9288502989021555e-15,2.9288411327547554e-15,2.9288319667629577e-15,2.928822800926754e-15,2.9288136352462553e-15,2.9288044697212877e-15,2.9287953043519336e-15,2.9287861391381232e-15,2.9287769740799815e-15,2.9287678091774477e-15,2.9287586444304477e-15,2.92874947983906e-15,2.928740315403237e-15,2.928731151122995e-15,2.9287219869983397e-15,2.928712823029252e-15,2.9287036592157797e-15,2.9286944955578267e-15,2.9286853320554985e-15,2.9286761687086623e-15,2.928667005517446e-15,2.928657842481733e-15,2.92864867960161e-15,2.9286395168769907e-15,2.928630354307936e-15,2.928621191894449e-15,2.9286120296364883e-15,2.9286028675340443e-15,2.928593705587142e-15,2.928584543795803e-15,2.928575382159983e-15,2.9285662206796767e-15,2.9285570593548752e-15,2.928547898185622e-15,2.928538737171864e-15,2.928529576313613e-15,2.92852041561092e-15,2.9285112550636592e-15,2.9285020946719275e-15,2.9284929344356977e-15,2.9284837743549835e-15,2.9284746144297257e-15,2.92846545465997e-15,2.9284562950457308e-15,2.9284471355869175e-15,2.928437976283627e-15,2.9284288171358267e-15,2.928419658143442e-15,2.928410499306615e-15,2.9284013406252458e-15,2.928392182099264e-15,2.9283830237287995e-15,2.9283738655138e-15,2.9283647074542173e-15,2.928355549550123e-15,2.928346391801493e-15,2.928337234208237e-15,2.9283280767704385e-15,2.9283189194881508e-15,2.928309762361219e-15,2.9283006053897886e-15,2.928291448573741e-15,2.928282291913102e-15,2.9282731354079748e-15,2.9282639790582354e-15,2.9282548228638685e-15,2.9282456668249305e-15,2.9282365109414367e-15,2.9282273552133458e-15,2.928218199640605e-15,2.9282090442233413e-15,2.92819988896142e-15,2.928190733854938e-15,2.9281815789038004e-15,2.928172424108088e-15,2.9281632694677587e-15,2.928154114982814e-15,2.9281449606532843e-15,2.928135806479029e-15,2.9281266524602796e-15,2.9281174985968322e-15,2.9281083448887375e-15,2.9280991913360185e-15,2.9280900379386475e-15,2.9280808846966556e-15,2.9280717316100087e-15,2.928062578678751e-15,2.928053425902847e-15,2.928044273282264e-15,2.928035120817053e-15,2.928025968507186e-15,2.9280168163525975e-15,2.9280076643533357e-15,2.9279985125094487e-15,2.9279893608208455e-15,2.9279802092876182e-15,2.9279710579096952e-15,2.9279619066870887e-15,2.92795275561977e-15,2.92794360470783e-15,2.92793445395114e-15,2.927925303349777e-15,2.9279161529036794e-15,2.9279070026129385e-15,2.927897852477468e-15,2.9278887024972825e-15,2.9278795526723936e-15,2.9278704030028404e-15,2.9278612534884557e-15,2.927852104129415e-15,2.9278429549256784e-15,2.927833805877175e-15,2.927824656983969e-15,2.9278155082460344e-15,2.9278063596633962e-15,2.92779721123592e-15,2.927788062963763e-15,2.9277789148468444e-15,2.927769766885229e-15,2.927760619078805e-15,2.9277514714276734e-15,2.9277423239317396e-15,2.9277331765910924e-15,2.927724029405678e-15,2.927714882375461e-15,2.9277057355004987e-15,2.927696588780732e-15,2.9276874422162117e-15,2.927678295806952e-15,2.927669149552856e-15,2.927660003454009e-15,2.927650857510344e-15,2.9276417117219158e-15,2.927632566088671e-15,2.927623420610652e-15,2.927614275287805e-15,2.9276051301201876e-15,2.9275959851077103e-15,2.9275868402504883e-15,2.927577695548412e-15,2.927568551001546e-15,2.9275594066097854e-15,2.9275502623732714e-15,2.9275411182919888e-15,2.927531974383363e-15,2.9275228306300586e-15,2.9275136870320543e-15,2.9275045435892547e-15,2.927495400301768e-15,2.9274862571694985e-15,2.9274771141924582e-15,2.927467971370754e-15,2.927458828704342e-15,2.9274496861930483e-15,2.927440543837118e-15,2.927431401636285e-15,2.9274222595908054e-15,2.927413117700454e-15,2.927403975965356e-15,2.9273948343854876e-15,2.9273856929608553e-15,2.9273765516914192e-15,2.9273674105771505e-15,2.9273582696180815e-15,2.9273491288142236e-15,2.9273399881655895e-15,2.9273308476721508e-15,2.9273217073337796e-15,2.9273125671507115e-15,2.9273034271227926e-15,2.927294287250012e-15,2.927285147532335e-15,2.9272760079699876e-15,2.9272668685626612e-15,2.9272577293105645e-15,2.9272485902135335e-15,2.9272394512717115e-15,2.9272303124850507e-15,2.927221173853464e-15,2.9272120353769924e-15,2.927202897055723e-15,2.92719375888956e-15,2.927184620878468e-15,2.9271754830224925e-15,2.9271663453006357e-15,2.9271572077338015e-15,2.927148070322022e-15,2.9271389330652298e-15,2.9271297959635296e-15,2.9271206590168012e-15,2.927111522225152e-15,2.927102385588479e-15,2.9270932491068692e-15,2.9270841127802853e-15,2.9270749766086885e-15,2.9270658405921024e-15,2.9270567047305674e-15,2.9270475690239193e-15,2.927038433472403e-15,2.927029298075871e-15,2.9270201628342865e-15,2.9270110277477e-15,2.9270018928161712e-15,2.926992758039585e-15,2.926983623418003e-15,2.926974488951392e-15,2.9269653546397438e-15,2.926956220483084e-15,2.9269470864813878e-15,2.9269379526346343e-15,2.9269288189428757e-15,2.9269196854060905e-15,2.9269105520242833e-15,2.926901418797376e-15,2.92689228572547e-15,2.9268831528084996e-15,2.92687402004644e-15,2.9268648874393393e-15,2.9268557549871995e-15,2.9268466226900283e-15,2.926837490547718e-15,2.9268283585604115e-15,2.9268192267279665e-15,2.926810095050474e-15,2.9268009635279244e-15,2.926791832160253e-15,2.9267827009475534e-15,2.926773569889703e-15,2.926764438986825e-15,2.9267553082388616e-15,2.9267461776457195e-15,2.926737047207523e-15,2.9267279169241963e-15,2.9267187867958483e-15,2.9267096568223955e-15,2.9267005270036995e-15,2.926691397339939e-15,2.926682267831067e-15,2.926673138477095e-15,2.9266640092779664e-15,2.9266548802337543e-15,2.926645751344373e-15,2.9266366226099147e-15,2.9266274940302727e-15,2.9266183656055195e-15,2.9266092373356134e-15,2.9266001092205548e-15,2.9265909812603752e-15,2.9265818534549942e-15,2.92657272580446e-15,2.926563598308734e-15,2.926554470967892e-15,2.9265453437819323e-15,2.926536216750701e-15,2.926527089874428e-15,2.926517963152874e-15,2.9265088365861706e-15,2.9264997101742947e-15,2.9264905839172358e-15,2.9264814578150536e-15,2.9264723318675686e-15,2.9264632060749244e-15,2.9264540804370882e-15,2.9264449549540798e-15,2.9264358296258482e-15,2.926426704452432e-15,2.9264175794338203e-15,2.9264084545699955e-15,2.926399329860981e-15,2.926390205306655e-15,2.9263810809071398e-15,2.9263719566624844e-15,2.9263628325724935e-15,2.9263537086373335e-15,2.926344584856884e-15,2.926335461231233e-15,2.9263263377603926e-15,2.9263172144442233e-15,2.9263080912828886e-15,2.9262989682762893e-15,2.926289845424338e-15,2.926280722727226e-15,2.9262716001848745e-15,2.9262624777969536e-15,2.9262533555637424e-15,2.9262442334852837e-15,2.9262351115615723e-15,2.9262259897925715e-15,2.9262168681783046e-15,2.926207746718712e-15,2.9261986254139184e-15,2.926189504263732e-15,2.9261803832683155e-15,2.9261712624276135e-15,2.9261621417416102e-15,2.926153021210334e-15,2.926143900833697e-15,2.926134780611732e-15,2.926125660544551e-15,2.9261165406319755e-15,2.9261074208741243e-15,2.9260983012709625e-15,2.9260891818224706e-15,2.926080062528613e-15,2.9260709433895007e-15,2.9260618244050014e-15,2.926052705575191e-15,2.9260435869000534e-15,2.926034468379569e-15,2.926025350013726e-15,2.9260162318025366e-15,2.926007113746031e-15,2.9259979958441243e-15,2.925988878096888e-15,2.9259797605043226e-15,2.925970643066314e-15,2.925961525783026e-15,2.9259524086543134e-15,2.9259432916802558e-15,2.92593417486085e-15,2.925925058196047e-15,2.925915941686319e-15,2.9259068253312668e-15,2.9258977091307685e-15,2.925888593084831e-15,2.925879477193538e-15,2.9258703614567037e-15,2.9258612458746128e-15,2.925852130446955e-15,2.9258430151739396e-15,2.9258339000554184e-15,2.925824785091463e-15,2.9258156702821123e-15,2.9258065556272714e-15,2.9257974411269387e-15,2.925788326781233e-15,2.9257792125900533e-15,2.925770098553442e-15,2.9257609846712665e-15,2.9257518709436933e-15,2.9257427573706205e-15,2.92573364395205e-15,2.92572453068807e-15,2.9257154175785668e-15,2.925706304623554e-15,2.9256971918230882e-15,2.9256880791771e-15,2.9256789666856455e-15,2.9256698543486404e-15,2.9256607421661175e-15,2.925651630138132e-15,2.925642518264609e-15,2.925633406545533e-15,2.9256242949810405e-15,2.925615183570977e-15,2.925606072315346e-15
19,2.91476997275656e-67,1.529244562724646e-66,4.776945555447859e-66,1.1543782330599006e-65,2.3815854674438405e-65,4.408802098410678e-65,7.539879838891707e-65,1.2136874862207471e-64,1.862419163056142e-64,2.749296288908097e-64,3.930559866769737e-64,5.470044901614268e-64,7.439653885545038e-64,9.91983454394791e-64,1.3000059849006856e-63,1.677930901264389e-63,2.1366548666180358e-63,2.6881213767210633e-63,3.3453687989732236e-63,4.122578348705377e-63,5.035121999557947e-63,6.099610329037638e-63,7.333940302416129e-63,8.757342998881223e-63,1.039043128386774e-62,1.2255247431137425e-62,1.4375310697667649e-62,1.6775664853876486e-62,1.948292567120771e-62,2.2525328368670296e-62,2.5932775019559877e-62,2.973688191930537e-62,3.3971026915153246e-62,3.867039669822353e-62,4.387203405834014e-62,4.961488510193592e-62,5.593984643325876e-62,6.288981229904932e-62,7.050972169682043e-62,7.884660544684012e-62,8.794963322789823e-62,9.787016057691901e-62,1.0866177585247896e-61,1.2038034716227032e-61,1.330840692545564e-61,1.4683351037365117e-61,1.616916590794631e-61,1.7772397103112182e-61,1.949984157347481e-61,2.1358552325536174e-61,2.335584308929772e-61,2.5499292982291984e-61,2.7796751170037248e-61,3.0256341522919917e-61,3.288646726950719e-61,3.5695815646290966e-61,3.8693362543868834e-61,4.1888377149562396e-61,4.5290426586476756e-61,4.8909380549004565e-61,5.275541593477589e-61,5.683902147305811e-61,6.117100234960784e-61,6.576248482797806e-61,7.062492086728255e-61,7.577009273642198e-61,8.121011762477198e-61,8.695745224933876e-61,9.302489745838238e-61,9.942560283151295e-61,1.0617307127625936e-60,1.1328116362111826e-60,1.2076410320507934e-60,1.2863648046363748e-60,1.3691325751128602e-60,1.456097727205009e-60,1.547417452972162e-60,1.643252798527915e-60,1.7437687097247806e-60,1.8491340778038155e-60,1.9595217850092886e-60,2.0751087501683877e-60,2.1960759742360073e-60,2.3226085858046312e-60,2.4548958865793425e-60,2.5931313968180025e-60,2.737512900736607e-60,2.888242491879851e-60,3.0455266184569346e-60,3.209576128642637e-60,3.380606315843682e-60,3.5588369639304183e-60,3.744492392433864e-60,3.937801501708104e-60,4.138997818058104e-60,4.348319538832956e-60,4.56600957748456e-60,4.792315608591813e-60,5.027490112850299e-60,5.2717904220275e-60,5.525478763883613e-60,5.788822307057915e-60,6.062093205920758e-60,6.345568645391221e-60,6.63953088572043e-60,6.944267307240578e-60,7.260070455079656e-60,7.587238083841961e-60,7.926073202254366e-60,8.276884117778399e-60,8.639984481188175e-60,9.015693331114151e-60,9.40433513855279e-60,9.806239851342156e-60,1.0221742938603413e-59,1.0651185435148313e-59,1.1094913985852687e-59,1.1553280889995907e-59,1.2026644145566488e-59,1.2515367493533648e-59,1.3019820462085082e-59,1.354037841083073e-59,1.4077422574972888e-59,1.4631340109442295e-59,1.5202524133000568e-59,1.5791373772308797e-59,1.6398294205962388e-59,1.7023696708492333e-59,1.7667998694332592e-59,1.833162376175396e-59,1.9015001736764215e-59,1.971856871697469e-59,2.04427671154333e-59,2.118804570442395e-59,2.195485965923243e-59,2.2743670601878847e-59,2.3554946644816535e-59,2.438916243459752e-59,2.5246799195504556e-59,2.6128344773149833e-59,2.7034293678040154e-59,2.7965147129109106e-59,2.892141309721534e-59,2.9903606348608076e-59,3.091224848835918e-59,3.19478680037619e-59,3.301100030769651e-59,3.4102187781962696e-59,3.5221979820578855e-59,3.637093287304797e-59,3.7549610487590943e-59,3.8758583354346324e-59,3.999842934853713e-59,4.126973357360476e-59,4.257308840430972e-59,4.390909352979945e-59,4.5278355996643325e-59,4.6681490251834455e-59,4.811911818575877e-59,4.959186917513109e-59,5.110038012589868e-59,5.26452955161114e-59,5.422726743875967e-59,5.584695564457913e-59,5.750502758482306e-59,5.9202158454001525e-59,6.093903123258831e-59,6.2716336729694905e-59,6.453477362571192e-59,6.639504851491779e-59,6.829787594805516e-59,7.024397847487422e-59,7.223408668664418e-59,7.426893925863151e-59,7.634928299254603e-59,7.847587285895465e-59,8.064947203966243e-59,8.287085197006131e-59,8.514079238144651e-59,8.746008134330041e-59,8.982951530554429e-59,9.224989914075755e-59,9.472204618636493e-59,9.724677828679105e-59,9.982492583558284e-59,1.0245732781750024e-58,1.0514483185057405e-58,1.07888294228132e-58,1.1068857996079232e-58,1.1354656281842586e-58,1.164631253720853e-58,1.1943915903590292e-58,1.2247556410895606e-58,1.2557324981710061e-58,1.2873313435477245e-58,1.3195614492675719e-58,1.3524321778992763e-58,1.3859529829494933e-58,1.4201334092795475e-58,1.45498309352185e-58,1.4905117644959985e-58,1.5267292436245631e-58,1.5636454453485487e-58,1.6012703775425438e-58,1.6396141419295488e-58,1.6786869344954926e-58,1.7184990459034233e-58,1.7590608619073918e-58,1.800382863766015e-58,1.8424756286557194e-58,1.885349830083673e-58,1.9290162383004034e-58,1.9734857207120957e-58,2.018769242292576e-58,2.064877865994982e-58,2.1118227531631235e-58,2.1596151639425146e-58,2.2082664576911034e-58,2.257788093389688e-58,2.3081916300520128e-58,2.359488727134552e-58,2.411691144945989e-58,2.4648107450563686e-58,2.518859490705947e-58,2.5738494472137274e-58,2.629792782385679e-58,2.6867017669226508e-58,2.7445887748279667e-58,2.8034662838147134e-58,2.8633468757127173e-58,2.9242432368752124e-58,2.9861681585851874e-58,3.0491345374614358e-58,3.1131553758642823e-58,3.1782437823010168e-58,3.2444129718309966e-58,3.311676266470461e-58,3.380047095597011e-58,3.449538996353817e-58,3.520165614053474e-58,3.591940702581584e-58,3.664878124800014e-58,3.738991852949844e-58,3.814295969054015e-58,3.8908046653196634e-58,3.9685322445401564e-58,4.047493120496795e-58,4.127701818360255e-58,4.20917297509168e-58,4.2919213398434924e-58,4.375961774359884e-58,4.461309253377008e-58,4.547978865022863e-58,4.635985811216876e-58,4.7253454080691595e-58,4.816073086279518e-58,4.908184391536079e-58,5.0016949849136484e-58,5.096620643271803e-58,5.192977259652618e-58,5.290780843678101e-58,5.390047521947375e-58,5.490793538433484e-58,5.593035254879954e-58,5.6967891511970125e-58,5.802071825857535e-58,5.9088999962926664e-58,6.017290499287156e-58,6.127260291374376e-58,6.2388264492310596e-58,6.352006170071709e-58,6.46681677204273e-58,6.583275694616247e-58,6.701400498983633e-58,6.821208868448717e-58,6.942718608820715e-58,7.065947648806844e-58,7.190914040404647e-58,7.317635959294017e-58,7.446131705228907e-58,7.576419702428764e-58,7.70851849996966e-58,7.842446772175093e-58,7.978223319006536e-58,8.115867066453661e-58,8.255397066924265e-58,8.396832499633907e-58,8.540192670995251e-58,8.685497015007092e-58,8.832765093643113e-58,8.982016597240322e-58,9.133271344887204e-58,9.286549284811563e-58,9.441870494768098e-58,9.599255182425658e-58,9.758723685754199e-58,9.92029647341146e-58,1.0083994145129343e-57,1.0249837432100011e-57,1.0417847197361578e-57,1.0588044436183757e-57,1.0760450276452952e-57,1.0935085979057158e-57,1.1111972938270625e-57,1.129113268213816e-57,1.1472586872859099e-57,1.1656357307171114e-57,1.1842465916733593e-57,1.2030934768510808e-57,1.2221786065154767e-57,1.2415042145387772e-57,1.2610725484384692e-57,1.2808858694154937e-57,1.3009464523924136e-57,1.3212565860515546e-57,1.3418185728731145e-57,1.3626347291732455e-57,1.3837073851421058e-57,1.4050388848818834e-57,1.4266315864447885e-57,1.4484878618710209e-57,1.4706100972267058e-57,1.493000692641801e-57,1.5156620623479752e-57,1.538596634716457e-57,1.5618068522958584e-57,1.5852951718499624e-57,1.6090640643954882e-57,1.633116015239827e-57,1.6574535240187456e-57,1.6820791047340643e-57,1.7069952857913e-57,1.7322046100372933e-57,1.7577096347977953e-57,1.7835129319150293e-57,1.8096170877852224e-57,1.836024703396117e-57,1.8627383943644378e-57,1.889760790973345e-57,1.9170945382098525e-57,1.9447422958022164e-57,1.9727067382573006e-57,2.0009905548979062e-57,2.0295964499000786e-57,2.058527142330385e-57,2.0877853661831597e-57,2.1173738704177256e-57,2.147295418995588e-57,2.1775527909175924e-57,2.208148780261063e-57,2.239086196216907e-57,2.2703678631266957e-57,2.3019966205197104e-57,2.3339753231499677e-57,2.3663068410332103e-57,2.3989940594838726e-57,2.4320398791520202e-57,2.4654472160602566e-57,2.4992190016406027e-57,2.5333581827713512e-57,2.5678677218138915e-57,2.602750596649509e-57,2.638009800716145e-57,2.6736483430451477e-57,2.709669248297974e-57,2.746075556802884e-57,2.7828703245915886e-57,2.820056623435891e-57,2.857637540884268e-57,2.895616180298457e-57,2.933995660890004e-57,2.972779117756769e-57,3.0119697019194203e-57,3.0515705803579e-57,3.091584936047853e-57,3.1320159679970336e-57,3.1728668912816826e-57,3.2141409370828805e-57,3.2558413527228716e-57,3.297971401701355e-57,3.3405343637317544e-57,3.383533534777455e-57,3.4269722270880246e-57,3.4708537692353835e-57,3.5151815061499804e-57,3.559958799156903e-57,3.605189026011995e-57,3.6508755809379213e-57,3.697021874660221e-57,3.7436313344433217e-57,3.7907074041265366e-57,3.8382535441600273e-57,3.886273231640746e-57,3.934769960348327e-57,3.9837472407809975e-57,4.0332086001914185e-57,4.083157582622498e-57,4.133597748943226e-57,4.1845326768844195e-57,4.2359659610744795e-57,4.2879012130751136e-57,4.3403420614170156e-57,4.393292151635548e-57,4.4467551463063616e-57,4.500734725081018e-57,4.555234584722569e-57,4.610258439141114e-57,4.6658100194293254e-57,4.7218930738979576e-57,4.778511368111314e-57,4.835668684922704e-57,4.8933688245098555e-57,4.951615604410316e-57,5.010412859556815e-57,5.069764442312605e-57,5.129674222506782e-57,5.190146087469564e-57,5.251183942067547e-57,5.312791708738952e-57,5.374973327528822e-57,5.437732756124198e-57,5.50107396988928e-57,5.565000961900545e-57,5.629517742981854e-57,5.694628341739516e-57,5.760336804597341e-57,5.826647195831651e-57,5.893563597606285e-57,5.961090110007552e-57,6.029230851079157e-57,6.097989956857159e-57,6.167371581404819e-57,6.237379896847464e-57,6.308019093407333e-57,6.379293379438373e-57,6.451206981461023e-57,6.523764144196962e-57,6.596969130603841e-57,6.670826221909985e-57,6.745339717649066e-57,6.820513935694747e-57,6.896353212295303e-57,6.97286190210823e-57,7.050044378234792e-57,7.127905032254581e-57,7.206448274260029e-57,7.285678532890886e-57,7.365600255368704e-57,7.446217907531258e-57,7.527535973866967e-57,7.609558957549275e-57,7.692291380471013e-57,7.77573778327872e-57,7.859902725406973e-57,7.944790785112648e-57,8.030406559509189e-57,8.116754664600818e-57,8.203839735316746e-57,8.291666425545362e-57,8.380239408168378e-57,8.46956337509492e-57,8.559643037295694e-57,8.650483124836995e-57,8.74208838691479e-57,8.834463591888727e-57,8.92761352731613e-57,9.021542999985972e-57,9.116256835952811e-57,9.211759880570723e-57,9.308056998527175e-57,9.405153073876904e-57,9.503053010075753e-57,9.601761730014484e-57,9.701284176052567e-57,9.801625310051955e-57,9.902790113410804e-57,1.0004783587097192e-56,1.010761075168281e-56,1.021127664737662e-56,1.0315786334058483e-56,1.0421144891312778e-56,1.0527357418461992e-56,1.0634429034600246e-56,1.074236487862687e-56,1.0851170109279896e-56,1.0960849905169519e-56,1.1071409464811578e-56,1.1182854006660992e-56,1.1295188769145127e-56,1.1408419010697232e-56,1.1522550009789748e-56,1.1637587064967658e-56,1.175353549488179e-56,1.1870400638322094e-56,1.19881878542509e-56,1.2106902521836136e-56,1.2226550040484548e-56,1.2347135829874853e-56,1.246866532999093e-56,1.2591144001154904e-56,1.271457732406028e-56,1.2838970799805017e-56,1.2964329949924554e-56,1.309066031642488e-56,1.3217967461815491e-56,1.3346256969142397e-56,1.3475534442021075e-56,1.3605805504669377e-56,1.373707580194045e-56,1.3869350999355581e-56,1.4002636783137114e-56,1.4136938860241215e-56,1.4272262958390673e-56,1.4408614826107743e-56,1.4546000232746819e-56,1.4684424968527217e-56,1.4823894844565855e-56,1.4964415692909929e-56,1.5105993366569563e-56,1.5248633739550469e-56,1.53923427068865e-56,1.5537126184672294e-56,1.5682990110095726e-56,1.5829940441470555e-56,1.5977983158268856e-56,1.612712426115352e-56,1.6277369772010707e-56,1.6428725733982262e-56,1.6581198211498178e-56,1.6734793290308884e-56,1.6889517077517682e-56,1.7045375701613044e-56,1.7202375312500918e-56,1.736052208153703e-56,1.7519822201559134e-56,1.7680281886919237e-56,1.7841907373515811e-56,1.800470491882599e-56,1.8168680801937728e-56,1.8333841323581918e-56,1.8500192806164532e-56,1.8667741593798691e-56,1.8836494052336718e-56,1.9006456569402213e-56,1.9177635554422015e-56,1.9350037438658257e-56,1.9523668675240275e-56,1.9698535739196592e-56,1.987464512748679e-56,2.005200335903344e-56,2.0230616974753985e-56,2.041049253759253e-56,2.0591636632551717e-56,2.0774055866724483e-56,2.095775686932585e-56,2.114274629172469e-56,2.1329030807475407e-56,2.151661711234968e-56,2.170551192436812e-56,2.189572198383192e-56,2.2087254053354474e-56,2.228011491789302e-56,2.247431138478019e-56,2.266985028375556e-56,2.2866738466997214e-56,2.306498280915321e-56,2.3264590207373095e-56,2.346556758133937e-56,2.366792187329891e-56,2.387166004809437e-56,2.407678909319561e-56,2.428331601873101e-56,2.4491247857518867e-56,2.470059166509867e-56,2.491135451976241e-56,2.512354352258585e-56,2.533716579745979e-56,2.5552228491121245e-56,2.576873877318469e-56,2.5986703836173205e-56,2.620613089554966e-56,2.64270271897478e-56,2.664939998020339e-56,2.687325655138528e-56,2.7098604210826432e-56,2.7325450289155024e-56,2.7553802140125423e-56,2.778366714064911e-56,2.801505269082578e-56,2.8247966213974165e-56,2.8482415156662994e-56,2.871840698874192e-56,2.895594920337233e-56,2.9195049317058205e-56,2.943571486967697e-56,2.967795342451028e-56,2.992177256827479e-56,3.0167179911152905e-56,3.041418308682355e-56,3.0662789752492817e-56,3.091300758892469e-56,3.1164844300471705e-56,3.1418307615105536e-56,3.167340528444767e-56,3.1930145083799984e-56,3.2188534812175294e-56,3.2448582292327905e-56,3.2710295370784116e-56,3.2973681917872794e-56,3.323874982775573e-56,3.3505507018458185e-56,3.377396143189929e-56,3.4044121033922423e-56,3.431599381432563e-56,3.4589587786892015e-56,3.4864910989419935e-56,3.514197148375352e-56,3.542077735581279e-56,3.5701336715623975e-56,3.5983657697349826e-56,3.6267748459319733e-56,3.655361718406003e-56,3.6841272078324064e-56,3.713072137312243e-56,3.7421973323753066e-56,3.771503620983137e-56,3.800991833532026e-56,3.8306628028560295e-56,3.860517364229963e-56,3.8905563553724113e-56,3.920780616448725e-56,3.951190990074015e-56,3.981788321316151e-56,4.012573457698752e-56,4.0435472492041775e-56,4.0747105482765127e-56,4.106064209824563e-56,4.137609091224826e-56,4.16934605232448e-56,4.20127595544436e-56,4.23339966538194e-56,4.265718049414297e-56,4.298231977301091e-56,4.330942321287538e-56,4.3638499561073705e-56,4.396955758985802e-56,4.430260609642499e-56,4.463765390294535e-56,4.497470985659351e-56,4.531378282957715e-56,4.56548817191667e-56,4.599801544772491e-56,4.634319296273635e-56,4.669042323683684e-56,4.703971526784299e-56,4.739107807878153e-56,4.774452071791879e-56,4.810005225879005e-56,4.845768180022893e-56,4.8817418466396735e-56,4.917927140681169e-56,4.954324979637842e-56,4.990936283541705e-56,5.027761974969251e-56,5.0648029790443825e-56,5.102060223441327e-56,5.139534638387556e-56,5.177227156666701e-56,5.215138713621473e-56,5.25327024715657e-56,5.291622697741586e-56,5.330197008413921e-56,5.368994124781686e-56,5.408014995026612e-56,5.447260569906937e-56,5.486731802760318e-56,5.526429649506727e-56,5.566355068651334e-56,5.606509021287414e-56,5.6468924710992255e-56,5.68750638436491e-56,5.728351729959364e-56,5.769429479357135e-56,5.810740606635297e-56,5.85228608847633e-56,5.894066904171001e-56,5.93608403562123e-56,5.978338467342976e-56,6.020831186469094e-56,6.06356318275221e-56,6.106535448567592e-56,6.149748978916007e-56,6.19320477142658e-56,6.236903826359667e-56,6.280847146609697e-56,6.32503573770804e-56,6.369470607825852e-56,6.414152767776929e-56,6.4590832310205595e-56,6.504263013664366e-56,6.549693134467149e-56,6.5953746148417345e-56,6.6413084788578165e-56,6.687495753244784e-56,6.733937467394566e-56,6.780634653364465e-56,6.827588345879985e-56,6.8747995823376635e-56,6.922269402807904e-56,6.969998850037786e-56,7.017988969453907e-56,7.066240809165192e-56,7.114755419965719e-56,7.163533855337523e-56,7.212577171453433e-56,7.261886427179862e-56,7.311462684079633e-56,7.361307006414776e-56,7.411420461149349e-56,7.461804117952224e-56,7.5124590491999e-56,7.563386329979305e-56,7.614587038090587e-56,7.6660622540499125e-56,7.717813061092257e-56,7.769840545174206e-56,7.822145794976734e-56,7.874729901907994e-56,7.927593960106105e-56,7.980739066441937e-56,8.034166320521884e-56,8.087876824690651e-56,8.141871684034029e-56,8.196152006381664e-56,8.250718902309836e-56,8.305573485144229e-56,8.360716870962693e-56,8.41615017859802e-56,8.471874529640702e-56,8.527891048441687e-56,8.584200862115158e-56,8.640805100541264e-56,8.69770489636891e-56,8.754901385018472e-56,8.812395704684583e-56,8.870188996338859e-56,8.928282403732657e-56,8.986677073399822e-56,9.045374154659427e-56,9.104374799618514e-56,9.163680163174828e-56,9.223291403019571e-56,9.283209679640117e-56,9.343436156322762e-56,9.403971999155429e-56,9.464818377030444e-56,9.52597646164721e-56,9.587447427514969e-56,9.649232451955503e-56,9.71133271510587e-56,9.773749399921108e-56,9.836483692176967e-56,9.899536780472618e-56,9.962909856233356e-56,1.0026604113713319e-55,1.0090620749998198e-55,1.0154960965007947e-55,1.0219625961499467e-55,1.0284616945069332e-55,1.0349935124156482e-55,1.0415581710044909e-55,1.0481557916866371e-55,1.0547864961603079e-55,1.0614504064090384e-55,1.068147644701947e-55,1.0748783335940051e-55,1.0816425959263048e-55,1.088440554826327e-55,1.09527233370821e-55,1.1021380562730182e-55,1.1090378465090087e-55,1.1159718286918995e-55,1.1229401273851376e-55,1.129942867440164e-55,1.1369801739966833e-55,1.1440521724829287e-55,1.15115898861593e-55,1.1583007484017773e-55,1.1654775781358921e-55,1.1726896044032874e-55,1.1799369540788381e-55,1.1872197543275436e-55,1.1945381326047954e-55,1.2018922166566405e-55,1.209282134520048e-55,1.2167080145231722e-55,1.224169985285618e-55,1.2316681757187066e-55,1.239202715025737e-55,1.2467737327022516e-55,1.2543813585363007e-55,1.2620257226087037e-55,1.2697069552933166e-55,1.2774251872572885e-55,1.285180549461332e-55,1.2929731731599814e-55,1.3008031899018568e-55,1.3086707315299254e-55,1.3165759301817661e-55,1.3245189182898286e-55,1.3324998285816972e-55,1.3405187940803514e-55,1.348575948104428e-55,1.3566714242684818e-55,1.3648053564832467e-55,1.3729778789558977e-55,1.3811891261903085e-55,1.3894392329873147e-55,1.397728334444975e-55,1.4060565659588269e-55,1.4144240632221505e-55,1.4228309622262265e-55,1.431277399260596e-55,1.4397635109133184e-55,1.448289434071234e-55,1.456855305920219e-55,1.4654612639454467e-55,1.474107445931644e-55,1.4827939899633515e-55,1.4915210344251809e-55,1.5002887180020707e-55,1.5090971796795504e-55,1.51794655874399e-55,1.5268369947828611e-55,1.5357686276849964e-55,1.544741597640841e-55,1.5537560451427134e-55,1.5628121109850615e-55,1.5719099362647176e-55,1.5810496623811554e-55,1.5902314310367464e-55,1.5994553842370134e-55,1.6087216642908897e-55,1.6180304138109712e-55,1.6273817757137734e-55,1.636775893219986e-55,1.6462129098547272e-55,1.6556929694477994e-55,1.665216216133942e-55,1.674782794353088e-55,1.6843928488506143e-55,1.6940465246776005e-55,1.7037439671910788e-55,1.7134853220542877e-55,1.723270735236928e-55,1.7331003530154122e-55,1.7429743219731202e-55,1.7528927890006516e-55,1.7628559012960765e-55,1.7728638063651902e-55,1.7829166520217636e-55,1.7930145863877953e-55,1.8031577578937644e-55,1.8133463152788807e-55,1.8235804075913374e-55,1.833860184188562e-55,1.8441857947374662e-55,1.8545573892146973e-55,1.86497511790689e-55,1.875439131410916e-55,1.885949580634132e-55,1.8965066167946348e-55,1.907110391421507e-55,1.9177610563550665e-55,1.9284587637471204e-55,1.9392036660612086e-55,1.9499959160728563e-55,1.960835666869823e-55,1.97172307185235e-55,1.9826582847334107e-55,1.9936414595389553e-55,2.0046727506081634e-55,2.0157523125936906e-55,2.0268803004619143e-55,2.038056869493182e-55,2.049282175282061e-55,2.060556373737585e-55,2.071879621083499e-55,2.083252073858507e-55,2.0946738889165218e-55,2.1061452234269065e-55,2.1176662348747234e-55,2.1292370810609808e-55,2.1408579201028794e-55,2.1525289104340544e-55,2.1642502108048245e-55,2.176021980282437e-55,2.187844378251311e-55,2.1997175644132862e-55,2.211641698787863e-55,2.2236169417124503e-55,2.23564345384261e-55,2.2477213961522997e-55,2.2598509299341184e-55,2.2720322167995474e-55,2.2842654186791995e-55,2.2965506978230558e-55,2.3088882168007177e-55,2.3212781385016405e-55,2.3337206261353827e-55,2.346215843231848e-55,2.3587639536415244e-55,2.3713651215357324e-55,2.384019511406863e-55,2.396727288068621e-55,2.4094886166562663e-55,2.422303662626858e-55,2.4351725917594923e-55,2.4480955701555483e-55,2.461072764238925e-55,2.474104340756284e-55,2.4871904667772917e-55,2.500331309694857e-55,2.5135270372253763e-55,2.526777817408968e-55,2.540083818609717e-55,2.5534452095159132e-55,2.5668621591402907e-55,2.5803348368202687e-55,2.5938634122181898e-55,2.6074480553215598e-55,2.621088936443286e-55,2.634786226221918e-55,2.648540095621883e-55,2.6623507159337274e-55,2.676218258774355e-55,2.6901428960872612e-55,2.7041248001427778e-55,2.7181641435383038e-55,2.732261099198547e-55,2.7464158403757614e-55,2.7606285406499822e-55,2.7748993739292647e-55,2.7892285144499212e-55,2.803616136776758e-55,2.8180624158033092e-55,2.8325675267520763e-55,2.8471316451747636e-55,2.8617549469525137e-55,2.876437608296141e-55,2.891179805746374e-55,2.9059817161740815e-55,2.9208435167805198e-55,2.935765385097553e-55,2.9507474989879034e-55,2.965790036645373e-55,2.980893176595087e-55,2.996057097693724e-55,3.0112819791297513e-55,3.02656800042366e-55,3.041915341428198e-55,3.057324182328602e-55,3.0727947036428347e-55,3.088327086221814e-55,3.1039215112496503e-55,3.1195781602438772e-55,3.1352972150556843e-55,3.1510788578701504e-55,3.1669232712064763e-55,3.1828306379182168e-55,3.198801141193511e-55,3.214834964555319e-55,3.2309322918616498e-55,3.247093307305791e-55,3.263318195416548e-55,3.279607141058467e-55,3.29596032943207e-55,3.312377946074086e-55,3.328860176857682e-55,3.345407207992689e-55,3.362019226025841e-55,3.378696417840997e-55,3.395438970659373e-55,3.412247072039779e-55,3.429120909878835e-55,3.4460606724112176e-55,3.4630665482098724e-55,3.480138726186255e-55,3.497277395590556e-55,3.514482746011927e-55,3.53175496737872e-55,3.5490942499587e-55,3.566500784359285e-55,3.58397476152777e-55,3.601516372751557e-55,3.6191258096583814e-55,3.6368032642165404e-55,3.654548928735117e-55,3.672362995864214e-55,3.6902456585951754e-55,2.9586802062468404e-30,1.5501522702090033e-29,4.610193118994436e-29,1.0433961257834954e-28,2.0065664045277131e-28,3.463345492460684e-28,5.5356210529662835e-28,8.355359679312504e-28,1.2065710527120954e-27,1.6822130814657486e-27,2.2793523851289294e-27,3.0163404401103047e-27,3.913111253570144e-27,4.99130967715919e-27,6.274428507623418e-27,7.787956018114594e-27,9.559535417464222e-27,1.1619137664107965e-26,1.3999249057052223e-26,1.673507507466921e-26,1.986476202190672e-26,2.342963816937219e-26,2.7474476218701797e-26,3.204777910496785e-26,3.720209134791971e-26,4.299433839015254e-26,4.9486196613525523e-26,5.674449700770941e-26,6.484166577974307e-26,7.385620554462312e-26,8.387322112863326e-26,9.498499445421063e-26,1.072916134634903e-25,1.209016605835212e-25,1.3593296684721914e-25,1.525134384685124e-25,1.707819634370705e-25,1.9088940655989666e-25,2.1299970234383365e-25,2.372910562013352e-25,2.6395726568632148e-25,2.9320917484739746e-25,3.252762763414822e-25,3.604084777089206e-25,3.988780501987693e-25,4.409817807801773e-25,4.870433505244769e-25,5.37415965430595e-25,5.924852690480638e-25,6.526725699812264e-25,7.184384216038145e-25,7.902865961510213e-25,8.687685008768377e-25,9.544880902717442e-25,1.048107335551168e-24,1.1503523208904906e-24,1.2620200453635813e-24,1.3839860204315964e-24,1.5172127653553429e-24,1.662759317335062e-24,1.8217918898249043e-24,1.9955958317032767e-24,2.1855890622324758e-24,2.393337182528743e-24,2.620570494198805e-24,2.8692031906024203e-24,3.141355026730167e-24,3.439375820968002e-24,3.7658731972717506e-24,4.123744040961285e-24,4.516210217176144e-24,4.946859190233268e-24,5.419690286955385e-24,5.939167470877967e-24,6.510279640466717e-24,7.138609637689174e-24,7.830413358848635e-24,8.592710604015992e-24,9.433389592754327e-24,1.0361327421831699e-23,1.1386529157282624e-23,1.2520288753181205e-23,1.3775375590984743e-23,1.5166251158648347e-23,1.6709321265640246e-23,1.842323025291045e-23,2.0329204948677773e-23,2.2451457695199116e-23,2.4817659695552283e-23,2.745949828737532e-23,3.041333464896838e-23,3.37209820164813e-23,3.7430628910945965e-23,4.159793735747038e-23,4.6287352905455413e-23,5.157367178522864e-23,5.754392122369797e-23,6.429962238486799e-23,7.19595223733425e-23,8.066290324788803e-23,9.057360335661254e-23,1.0188492125913078e-22,1.1482561733359957e-22,1.296672859142915e-22,1.4673344551499731e-22,1.6641079178387887e-22,1.8916318459763e-22,2.1554910699953643e-22,2.4624355292568612e-22,2.820655911751918e-22,3.240132400580476e-22,3.7330780542830293e-22,4.314505328081881e-22,5.002953697924865e-22,5.821429232672054e-22,6.79862462326601e-22,7.970512548562587e-22,9.382439103396468e-22,1.1091891337406705e-21,1.3172179582830352e-21,1.5717369740332705e-21,1.8848935694455973e-21,2.272479639979294e-21,2.7551684249183802e-21,3.36022040385948e-21,4.123855079433089e-21,5.094576108669829e-21,6.337873358649629e-21,7.94293175590229e-21,1.0032292410669121e-20,1.2775899005081456e-20,1.6411722819451122e-20,2.1276357453397768e-20,2.785087932593814e-20,3.6830329589886263e-20,4.9230133237770484e-20,6.655088482728407e-20,9.103631278954963e-20,1.260814709051608e-19,1.7688538472058685e-19,2.5150484095584665e-19,3.625712635430494e-19,5.301101996810215e-19,7.862023241500453e-19,1.0798509436680997e-18,1.657365982033504e-18,2.57391707980762e-18,4.042004384040724e-18,6.413187893035599e-18,1.0270467219105815e-17,1.658048695260631e-17,2.694071061499878e-17,4.397129173124843e-17,7.191395543491352e-17,1.1749981091033066e-16,1.9111563815690576e-16,3.0821067289391726e-16,4.907308222839976e-16,7.681691153595166e-16,1.1776627423265656e-15,1.7625731998132811e-15,2.5692532371413565e-15,3.6422098674056216e-15,5.018439488181037e-15,6.722085002575232e-15,8.760566314807138e-15,1.1122965077508001e-14,1.3780869594074008e-14,1.6691330042003842e-14,1.9801203713610933e-14,2.3052043070302796e-14,2.6384762651607947e-14,2.974353405977158e-14,3.307861536912566e-14,3.63480553239484e-14,3.9518384762742105e-14,4.2564506108670184e-14,4.546902452848295e-14,4.822124990704673e-14,5.0816057609249925e-14,5.325274530868845e-14,5.553397461726593e-14,5.766484607013126e-14,5.965212626417817e-14,6.150362608937684e-14,6.322771724687956e-14,6.483296849197074e-14,6.632788131340102e-14,6.772070549461261e-14,6.901931703358049e-14,7.023114359364064e-14,7.13631250782866e-14,7.242169971841149e-14,7.341280798957189e-14,7.434190856664001e-14,7.521400197468919e-14,7.603365875123173e-14,7.680504983154944e-14,7.753197755200489e-14,7.821790617868072e-14,7.886599124722067e-14,7.947910727514944e-14,8.005987360492924e-14,8.061067827416875e-14,8.113369990394921e-14,8.163092765884623e-14,8.210417937330122e-14,8.255511795251943e-14,8.298526619099206e-14,8.339602012471659e-14,8.378866105346616e-14,8.416436635614827e-14,8.45242192160311e-14,8.48692173643267e-14,8.520028094184378e-14,8.551825956961186e-14,8.582393871085121e-14,8.611804539857697e-14,8.640125339559799e-14,8.667418784673677e-14,8.693742947676979e-14,8.719151838186256e-14,8.743695745710046e-14,8.767421549809296e-14,8.790373001047848e-14,8.812590975746195e-14,8.834113707222232e-14,8.854976995910438e-14,8.875214400490132e-14,8.894857411923147e-14,8.913935612095882e-14,8.932476818579346e-14,8.950507216858878e-14,8.9680514812428e-14,8.985132885531401e-14,9.001773404415342e-14,9.01799380647197e-14,9.033813739538918e-14,9.049251809164936e-14,9.064325650767404e-14,9.079051996062724e-14,9.093446734279844e-14,9.107524968616903e-14,9.121301068356265e-14,9.13478871701294e-14,9.148000956855889e-14,9.160950230109185e-14,9.17364841711141e-14,9.186106871685758e-14,9.198336453950032e-14,9.210347560774757e-14,9.222150154079156e-14,9.233753787137072e-14,9.245167629050419e-14,9.25640048753345e-14,9.267460830138676e-14,9.278356804044245e-14,9.289096254511992e-14,9.299686742116514e-14,9.310135558836874e-14,9.32044974309515e-14,9.330636093818967e-14,9.34070118359899e-14,9.35065137100643e-14,9.360492812130656e-14,9.370231471391934e-14,9.37987313168025e-14,9.389423403867016e-14,9.398887735732932e-14,9.40827142035189e-14,9.417579603967869e-14,9.426817293398842e-14,9.435989362999343e-14,9.44510056121084e-14,9.454155516726946e-14,9.463158744298429e-14,9.472114650202637e-14,9.481027537396022e-14,9.489901610372629e-14,9.498740979746042e-14,9.507549666572273e-14,9.516331606429752e-14,9.525090653271377e-14,9.533830583062663e-14,9.542555097219142e-14,9.551267825855036e-14,9.559972330956496e-14,9.568672108917142e-14,9.577370593758777e-14,9.586071159500638e-14,9.594777122637053e-14,9.603491744474028e-14,9.612218233338795e-14,9.620959746671969e-14,9.62971939300975e-14,9.638500233862673e-14,9.647305285496943e-14,9.656137520623822e-14,9.664999870002273e-14,9.673895223959662e-14,9.682826433835113e-14,9.691796313349691e-14,9.700807639907557e-14,9.709863155831728e-14,9.718965569538055e-14,9.728117556650828e-14,9.737321761062989e-14,9.746580795944081e-14,9.755897244698617e-14,9.765273661877527e-14,9.774712574045209e-14,9.784216480604471e-14,9.793787854581552e-14,9.803429143373408e-14,9.813142769459111e-14,9.822931131077301e-14,9.832796602871395e-14,9.842741536504261e-14,9.852768261243894e-14,9.86287908452156e-14,9.87307629246386e-14,9.8833621504e-14,9.893738903345539e-14,9.904208776463809e-14,9.914773975506108e-14,9.925436687231767e-14,9.936199079809075e-14,9.947063303198017e-14,9.95803148951575e-14,9.969105753385669e-14,9.980288192270872e-14,9.991580886792808e-14,1.0002985901035832e-13,1.0014505282838336e-13,1.0026141064071209e-13,1.0037895260904095e-13,1.0049769874060255e-13,1.0061766889060371e-13,1.0073888276455988e-13,1.0086135992053069e-13,1.0098511977126076e-13,1.0111018158623125e-13,1.0123656449362639e-13,1.0136428748221852e-13,1.014933694031759e-13,1.0162382897179784e-13,1.0175568476917924e-13,1.0188895524380915e-13,1.0202365871310589e-13,1.0215981336489215e-13,1.0229743725881302e-13,1.024365483276993e-13,1.0257716437887934e-13,1.0271930309544108e-13,1.0286298203744826e-13,1.0300821864311056e-13,1.0315503022991233e-13,1.0330343399570109e-13,1.0345344701973679e-13,1.0360508626370506e-13,1.0375836857269587e-13,1.0391331067614872e-13,1.0406992918876641e-13,1.0422824061139953e-13,1.0438826133190169e-13,1.0455000762595824e-13,1.047134956578891e-13,1.0487874148142722e-13,1.0504576104047367e-13,1.0521457016983076e-13,1.0538518459463318e-13,1.0555761993544931e-13,1.0573189170369078e-13,1.0590801530454994e-13,1.0608600603756267e-13,1.0626587909745771e-13,1.0644764957412952e-13,1.0663133245365376e-13,1.0681694261877731e-13,1.070044948494856e-13,1.0719400382355405e-13,1.0738548411708713e-13,1.0757895020504603e-13,1.0777441646176642e-13,1.0797189716146618e-13,1.0817140647874342e-13,1.083729584890661e-13,1.085765671692522e-13,1.0878224639794248e-13,1.08990009956065e-13,1.0919987152729255e-13,1.0941184469849301e-13,1.0962594296017342e-13,1.098421797069174e-13,1.1006056823781658e-13,1.1028112175689748e-13,1.1050385337354176e-13,1.1072877610290244e-13,1.1095590286631526e-13,1.1118524649170507e-13,1.1141681971398867e-13,1.1165063517547359e-13,1.1188670542625278e-13,1.1212504292459594e-13,1.1236566003733813e-13,1.1260856904026424e-13,1.1285378211849114e-13,1.1310131136684693e-13,1.1335116879024795e-13,1.1360336630407245e-13,1.13857915734533e-13,1.1411482881904582e-13,1.1437411720659874e-13,1.1463579245811715e-13,1.1489986604682742e-13,1.1516634935862008e-13,1.1543525369240972e-13,1.15706590260495e-13,1.1598037018891613e-13,1.162566045178114e-13,1.165353042017732e-13,1.168164801102012e-13,1.1710014302765613e-13,1.173863036542121e-13,1.1767497260580754e-13,1.179661604145958e-13,1.182598775292947e-13,1.185561343155351e-13,1.1885494105620934e-13,1.1915630795181817e-13,1.1946024512081793e-13,1.1976676259996663e-13,1.2007587034466964e-13,1.2038757822932494e-13,1.2070189604766744e-13,1.2101883351311348e-13,1.213384002591046e-13,1.2166060583945084e-13,1.2198545972867368e-13,1.223129713223487e-13,1.2264314993744822e-13,1.2297600481268252e-13,1.233115451088424e-13,1.2364977990913983e-13,1.239907182195495e-13,1.2433436896914956e-13,1.2468074101046147e-13,1.2502984311979145e-13,1.253816839975699e-13,1.2573627226869086e-13,1.2609361648285227e-13,1.264537251148946e-13,1.2681660656514023e-13,1.2718226915973222e-13,1.2755072115097305e-13,1.2792197071766255e-13,1.2829602596543655e-13,1.2867289492710437e-13,1.2905258556298637e-13,1.2943510576125147e-13,1.298204633382541e-13,1.3020866603887108e-13,1.3059972153683937e-13,1.3099363743509052e-13,1.313904212660874e-13,1.3179008049216014e-13,1.3219262250584148e-13,1.3259805463020196e-13,1.330063841191846e-13,1.334176181579395e-13,1.33831763863158e-13,1.3424882828340697e-13,1.3466881839946166e-13,1.3509174112463928e-13,1.355176033051318e-13,1.3594641172033788e-13,1.3637817308319579e-13,1.368128940405142e-13,1.3725058117330364e-13,1.376912409971076e-13,1.3813487996233308e-13,1.3858150445457993e-13,1.390311207949709e-13,1.394837352404802e-13,1.399393539842627e-13,1.403979831559814e-13,1.408596288221358e-13,1.4132429698638805e-13,1.4179199358988985e-13,1.4226272451160935e-13,1.4273649556865576e-13,1.4321331251660445e-13,1.4369318104982187e-13,1.441761068017885e-13,1.446620953454237e-13,1.451511521934064e-13,1.4564328279849856e-13,1.4613849255386643e-13,1.4663678679340076e-13,1.4713817079203801e-13,1.4764264976607937e-13,1.4815022887350943e-13,1.4866091321431473e-13,1.491747078308013e-13,1.4969161770791163e-13,1.502116477735408e-13,1.5073480289885196e-13,1.5126108789859087e-13,1.5179050753140025e-13,1.523230665001332e-13,1.528587694521656e-13,1.5339762097970762e-13,1.5393962562011516e-13,1.5448478785620023e-13,1.550331121165401e-13,1.5558460277578613e-13,1.5613926415497182e-13,1.5669710052182e-13,1.5725811609104837e-13,1.57822315024676e-13,1.5838970143232702e-13,1.589602793715355e-13,1.5953405284804744e-13,1.6011102581612358e-13,1.606912021788399e-13,1.6127458578838855e-13,1.618611804463771e-13,1.6245098990412726e-13,1.6304401786297224e-13,1.6364026797455428e-13,1.6423974384112e-13,1.6484244901581543e-13,1.6544838700298e-13,1.6605756125844038e-13,1.6666997518980157e-13,1.6728563215673908e-13,1.6790453547128918e-13,1.6852668839813775e-13,1.6915209415490927e-13,1.6978075591245408e-13,1.7041267679513506e-13,1.7104785988111277e-13,1.7168630820263043e-13,1.7232802474629714e-13,1.729730124533705e-13,1.7362127422003931e-13,1.7427281289770288e-13,1.74927631293251e-13,1.7558573216934258e-13,1.7624711824468325e-13,1.7691179219430223e-13,1.7757975664982747e-13,1.7825101419976044e-13,1.7892556738974987e-13,1.7960341872286434e-13,1.8028457065986535e-13,1.8096902561947326e-13,1.8165678597863925e-13,1.823478540728143e-13,1.8304223219621576e-13,1.8373992260209425e-13,1.8444092750299855e-13,1.8514524907104e-13,1.858528894381553e-13,1.8656385069636856e-13,1.8727813489805294e-13,1.8799574405619009e-13,1.8871668014462915e-13,1.8944094509834445e-13,1.9016854081369265e-13,1.9089946914866808e-13,1.916337319231577e-13,1.9237133091919402e-13,1.9311226788120893e-13,1.938565445162843e-13,1.9460416249440164e-13,1.9535512344869246e-13,1.9610942897568602e-13,1.9686708063555665e-13,1.9762807995236911e-13,1.983924284143247e-13,1.9916012747400434e-13,1.9993117854861153e-13,2.007055830202144e-13,2.0148334223598572e-13,2.0226445750844326e-13,2.0304893011568778e-13,2.0383676130164003e-13,2.0462795227627774e-13,2.0542250421587094e-13,2.0622041826321544e-13,2.0702169552786673e-13,2.0782633708637099e-13,2.0863434398249687e-13,2.0944571722746522e-13,2.1026045780017718e-13,2.1107856664744232e-13,2.1190004468420552e-13,2.127248927937717e-13,2.1355311182803113e-13,2.143847026076822e-13,2.152196659224537e-13,2.1605800253132656e-13,2.1689971316275373e-13,2.1774479851487848e-13,2.1859325925575328e-13,2.1944509602355626e-13,2.2030030942680777e-13,2.2115890004458433e-13,2.2202086842673328e-13,2.228862150940837e-13,2.2375494053866038e-13,2.2462704522389235e-13,2.255025295848235e-13,2.2638139402832019e-13,2.272636389332791e-13,2.281492646508336e-13,2.2903827150455856e-13,2.2993065979067486e-13,2.3082642977825247e-13,2.3172558170941233e-13,2.326281157995278e-13,2.3353403223742416e-13,2.3444333118557827e-13,2.3535601278031587e-13,2.362720771320089e-13,2.3719152432527037e-13,2.3811435441915054e-13,2.390405674473292e-13,2.399701634183108e-13,2.4090314231561355e-13,2.418395040979619e-13,2.4277924869947555e-13,2.437223760298575e-13,2.446688859745826e-13,2.456187783950842e-13,2.465720531289391e-13,2.475287099900528e-13,2.4848874876884376e-13,2.4945216923242427e-13,2.5041897112478325e-13,2.513891541669667e-13,2.5236271805725714e-13,2.533396624713518e-13,2.543199870625413e-13,2.5530369146188574e-13,2.5629077527839025e-13,2.572812380991801e-13,2.5827507948967416e-13,2.5927229899375713e-13,2.602728961339518e-13,2.6127687041159106e-13,2.6228422130698545e-13,2.6329494827959404e-13,2.643090507681908e-13,2.653265281910325e-13,2.663473799460238e-13,2.673716054108836e-13,2.6839920394330896e-13,2.6943017488113716e-13,2.7046451754250904e-13,2.7150223122603007e-13,2.7254331521093074e-13,2.7358776875722407e-13,2.7463559110586735e-13,2.7568678147891786e-13,2.7674133907969026e-13,2.7779926309291176e-13,2.78860552684878e-13,2.799252070036043e-13,2.8099322517898155e-13,2.820646063229273e-13,2.831393495295373e-13,2.842174538752344e-13,2.85298918418921e-13,2.863837422021248e-13,2.8747192424914733e-13,2.885634635672102e-13,2.896583591466027e-13,2.90756609960825e-13,2.9185821496673277e-13,2.9296317310468144e-13,2.940714832986682e-13,2.951831444564713e-13,2.962981554697938e-13,2.974165152144023e-13,2.985382225502648e-13,2.9966327632169005e-13,3.0079167535746817e-13,3.019234184709999e-13,3.030585044604371e-13,3.0419693210881633e-13,3.053387001841936e-13,3.064838074397759e-13,3.076322526140544e-13,3.087840344309373e-13,3.099391515998777e-13,3.1109760281600537e-13,3.1225938676025605e-13,3.134245020994978e-13,3.145929474866608e-13,3.157647215608592e-13,3.1693982294753075e-13,3.181182502585408e-13,3.1930000209232187e-13,3.2048507703399317e-13,3.2167347365548316e-13,3.2286519051564905e-13,3.2406022616040305e-13,3.252585791228282e-13,3.264602479232991e-13,3.2766523106960584e-13,3.288735270570637e-13,3.300851343686351e-13,3.3130005147504644e-13,3.325182768349033e-13,3.33739808894806e-13,3.3496464608946127e-13,3.3619278684179874e-13,3.374242295630842e-13,3.386589726530309e-13,3.3989701449990996e-13,3.411383534806629e-13,3.4238298796101007e-13,3.436309162955611e-13,3.4488213682792283e-13,3.461366478908068e-13,3.47394447806138e-13,3.4865553488516e-13,3.4991990742854136e-13,3.511875637264802e-13,3.5245850205880765e-13,3.537327206950943e-13,3.5501021789475355e-13,3.562909919071365e-13,3.575750409716411e-13,3.5886236331781616e-13,3.601529571654512e-13,3.61446820724683e-13,3.6274395219609423e-13,3.640443497708078e-13,3.6534801163059124e-13,3.6665493594794647e-13,3.679651208862132e-13,3.6927856459965914e-13,3.705952652335754e-13,3.7191522092437527e-13,3.732384297996838e-13,3.7456488997843225e-13,3.7589459957095106e-13,3.7722755667905405e-13,3.7856375939616137e-13,3.7990320580734105e-13,3.8124589398943074e-13,3.8259182201112304e-13,3.8394098793304767e-13,3.85293389807873e-13,3.8664902568037414e-13,3.8800789358753406e-13,3.8936999155862653e-13,3.9073531761530074e-13,3.9210386977166815e-13,3.934756460343855e-13,3.948506444027406e-13,3.9622886286873365e-13,3.976102994171633e-13,3.9899495202570567e-13,4.0038281866499873e-13,4.0177389729872074e-13,4.0316818588367444e-13,4.0456568236986456e-13,4.0596638470057607e-13,4.073702908124573e-13,4.087773986355961e-13,4.101877060935869e-13,4.116012111036488e-13,4.130179115766426e-13,4.14437805417187e-13,4.158608905237238e-13,4.172871647885924e-13,4.1871662609810885e-13,4.201492723326497e-13,4.215851013666633e-13,4.230241110688323e-13,4.2446629930212057e-13,4.259116639237979e-13,4.273602027855559e-13,4.288119137335827e-13,4.302667946085678e-13,4.3172484324587287e-13,4.331860574755405e-13,4.3465043512234074e-13,4.3611797400592854e-13,4.3758867194082417e-13,4.3906252673669674e-13,4.405395361977395e-13,4.4201969812363756e-13,4.435030103092249e-13,4.4498947054451013e-13,4.464790766147979e-13,4.479718263007469e-13,4.494677173784414e-13,4.5096674761944204e-13,4.5246891479088965e-13,4.539742166555078e-13,4.554826509717018e-13,4.569942154936581e-13,4.585089079712536e-13,4.600267261503315e-13,4.615476677725722e-13,4.63071730575749e-13,4.64598912293557e-13,4.661292106558759e-13,4.676626233886682e-13,4.69199148214197e-13,4.70738782850927e-13,4.722815250136881e-13,4.738273724137447e-13,4.753763227586595e-13,4.769283737525821e-13,4.784835230966336e-13,4.800417684874246e-13,4.816031076193079e-13,4.831675381829935e-13,4.847350578659719e-13,4.863056643529115e-13,4.878793553256093e-13,4.894561284599966e-13,4.910359814324758e-13,4.9261891191484e-13,4.942049175771105e-13,4.957939960853043e-13,4.973861451024055e-13,4.989813622905033e-13,5.005796453071185e-13,5.021809918077499e-13,5.037853994452453e-13,5.053928658699652e-13,5.070033887302866e-13,5.086169656704124e-13,5.102335943338587e-13,5.118532723612402e-13,5.134759973907659e-13,5.151017670584629e-13,5.167305789981028e-13,5.183624308412474e-13,5.199973202173067e-13,5.216352447538782e-13,5.232762020761283e-13,5.249201898074262e-13,5.265672055691117e-13,5.282172469807556e-13,5.298703116599282e-13,5.315263972224413e-13,5.331855012822667e-13,5.34847621451702e-13,5.365127553413342e-13,5.381809005601025e-13,5.398520547153342e-13,5.415262154127869e-13,5.432033802566855e-13,5.448835468497756e-13,5.465667127933542e-13,5.482528756873169e-13,5.499420331301873e-13,5.516341827191217e-13,5.533293220501141e-13,5.550274487177852e-13,5.567285603156034e-13,5.584326544357603e-13,5.601397286694517e-13,5.618497806068121e-13,5.635628078366848e-13,5.652788079471973e-13,5.669977785252285e-13,5.68719717156799e-13,5.704446214270629e-13,5.721724889202377e-13,5.739033172197159e-13,5.756371039080845e-13,5.77373846567095e-13,5.791135427779614e-13,5.808561901209994e-13,5.826017861758625e-13,5.843503285216565e-13,5.861018147369039e-13,5.878562423994574e-13,5.896136090866799e-13,5.913739123754353e-13,5.931371498421129e-13,5.949033190626653e-13,5.966724176126385e-13,5.984444430672e-13,6.002193930011857e-13,6.019972649890586e-13,6.037780566051487e-13,6.055617654233873e-13,6.073483890175476e-13,6.091379249611962e-13,6.109303708277458e-13,6.127257241904771e-13,6.145239826225657e-13,6.163251436971258e-13,6.181292049872165e-13,6.199361640659092e-13,6.217460185062203e-13,6.23558765881275e-13,6.253744037642454e-13,6.271929297283987e-13,6.290143413471315e-13,6.308386361939825e-13,6.326658118426874e-13,6.344958658671674e-13,6.363287958415838e-13,6.381645993403566e-13,6.400032739381879e-13,6.418448172101033e-13,6.436892267314236e-13,6.455365000778721e-13,6.473866348255434e-13,6.492396285509431e-13,6.510954788310111e-13,6.529541832431519e-13,6.548157393652479e-13,6.566801447756953e-13,6.5854739705342e-13,6.604174937779057e-13,6.622904325292154e-13,6.641662108880085e-13,6.66044826435579e-13,6.679262767538646e-13,6.698105594254765e-13,6.716976720337172e-13,6.735876121626064e-13,6.754803773969014e-13,6.773759653221213e-13,6.792743735245559e-13,6.811755995913118e-13,6.830796411103138e-13,6.849864956703305e-13,6.868961608610004e-13,6.88808634272842e-13,6.907239134972892e-13,6.926419961266928e-13,6.945628797543605e-13,6.964865619745625e-13,6.98413040382558e-13,7.003423125746141e-13,7.022743761480217e-13,7.042092287011182e-13,7.061468678333047e-13,7.080872911450656e-13,7.100304962379842e-13,7.119764807147739e-13,7.139252421792804e-13,7.158767782365059e-13,7.178310864926264e-13,7.197881645550132e-13,7.21748010032251e-13,7.237106205341454e-13,7.256759936717473e-13,7.276441270573793e-13,7.296150183046364e-13,7.315886650284097e-13,7.335650648449042e-13,7.355442153716652e-13,7.375261142275673e-13,7.395107590328526e-13,7.414981474091447e-13,7.434882769794567e-13,7.454811453682167e-13,7.474767502012736e-13,7.494750891059209e-13,7.514761597109065e-13,7.534799596464487e-13,7.554864865442486e-13,7.574957380375197e-13,7.595077117609813e-13,7.615224053508863e-13,7.635398164450322e-13,7.655599426827773e-13,7.675827817050501e-13,7.696083311543663e-13,7.716365886748426e-13,7.73667551912211e-13,7.757012185138323e-13,7.77737586128728e-13,7.797766524075241e-13,7.81818415002559e-13,7.838628715678407e-13,7.859100197590699e-13,7.879598572336509e-13,7.900123816507117e-13,7.920675906711113e-13,7.941254819574633e-13,7.961860531741056e-13,7.982493019871769e-13,8.003152260645855e-13,8.023838230760281e-13,8.044550906930213e-13,8.064478936516945e-13,8.083537166609531e-13,8.101854472830429e-13,8.119595371379937e-13,8.136905247873842e-13,8.153898871593463e-13,8.170662642583471e-13,8.187260161629528e-13,8.203737728735858e-13,8.220128858451537e-13,8.236457739543093e-13,8.252741803449872e-13,8.268993602038461e-13,8.285222169966023e-13,8.301434008259911e-13,8.317633794926148e-13,8.333824896187929e-13,8.350009733060533e-13,8.366190047970381e-13,8.382367094373155e-13,8.398541774028046e-13,8.414714735738712e-13,8.43088644627481e-13,8.447057241452316e-13,8.46322736287297e-13,8.4793969288028e-13,8.495566118686029e-13,8.511735019602384e-13,8.527903702002725e-13,8.5440722105334e-13,8.560240578224841e-13,8.576408829268619e-13,8.592576977215357e-13,8.608745041641001e-13,8.624913028139754e-13,8.641080942924999e-13,8.65724879103575e-13,8.673416578698387e-13,8.689584302018863e-13,8.705751965818447e-13,8.721919639553226e-13,8.738087191699814e-13,8.754254687260501e-13,8.770422193303128e-13,8.786589644307331e-13,8.802757040513954e-13,8.818924382096544e-13,8.835091669180209e-13,8.85125890185522e-13,8.867426080186792e-13,8.883593204222092e-13,8.899760273995329e-13,8.915927291069861e-13,8.932094252386842e-13,8.948261159498098e-13,8.964428012413475e-13,8.980594811140228e-13,8.996761555684071e-13,9.012928246049166e-13,9.029094882145018e-13,9.04526146416074e-13,9.06142799200703e-13,9.077594465684533e-13,9.093760884773724e-13,9.109927250118185e-13,9.126093561298087e-13,9.142259818090508e-13,9.158426020424313e-13,9.174592169699097e-13,9.19075826725985e-13,9.206924307634526e-13,9.223090293849813e-13,9.239256225966114e-13,9.255422103867789e-13,9.271587927614085e-13,9.287753696673588e-13,9.303919412111952e-13,9.320085073397763e-13,9.336250680531948e-13,9.352416233515442e-13,9.368581732349184e-13,9.3847471770341e-13,9.400912567571124e-13,9.41707790396119e-13,9.433243186205225e-13,9.449408414304162e-13,9.465573588258932e-13,9.481738708070467e-13,9.497903773739701e-13,9.51406878526756e-13,9.53023374265497e-13,9.546398645902868e-13,9.562563495012185e-13,9.578728289983851e-13,9.594893030818795e-13,9.61105771751795e-13,9.62722235008224e-13,9.643386928512601e-13,9.65955145280997e-13,9.675715922975266e-13,9.691880339009423e-13,9.708044700913374e-13,9.724209008688043e-13,9.74037326233437e-13,9.756537461853273e-13,9.772701607245695e-13,9.788865698512556e-13,9.805029735654794e-13,9.82119371867333e-13,9.837357647569108e-13,9.853521522343046e-13,9.86968534299608e-13,9.88584910952914e-13,9.902012821943156e-13,9.918176480239055e-13,9.934340084417766e-13,9.950503634480228e-13,9.966667130427363e-13,9.982830572260103e-13,9.998993959979383e-13,1.0015157293586123e-12,1.003132057308126e-12,1.004748379846572e-12,1.006364696974044e-12,1.007981008690634e-12,1.0095973149964355e-12,1.0112136158915418e-12,1.0128299113760453e-12,1.0144462014500397e-12,1.0160624861136169e-12,1.0176787653668715e-12,1.0192950392098949e-12,1.0209113076427812e-12,1.0225275706656226e-12,1.0241438282785123e-12,1.025760080481543e-12,1.0273763272748084e-12,1.028992568658401e-12,1.0306088046324135e-12,1.0322250351969394e-12,1.0338412603520717e-12,1.0354574800979033e-12,1.0370736944345265e-12,1.038689903362035e-12,1.0403061068805213e-12,1.0419223049900787e-12,1.0435384976907997e-12,1.0451546849827776e-12,1.0467708668661051e-12,1.0483870433408766e-12,1.050003214407183e-12,1.051619380065118e-12,1.0532355403147748e-12,1.0548516951562455e-12,1.0564678445896239e-12,1.0580839886150029e-12,1.0597001272324747e-12,1.0613162604421332e-12,1.0629323882440705e-12,1.06454851063838e-12,1.066164627625155e-12,1.0677807392044872e-12,1.0693968453764712e-12,1.0710129461411984e-12,1.0726290414987624e-12,1.0742451314492558e-12,1.075861215992772e-12,1.0774772951294033e-12,1.079093368859243e-12,1.0807094371823839e-12,1.082325500098919e-12,1.0839415576089414e-12,1.0855576097125438e-12,1.087173656409819e-12,1.0887896977008596e-12,1.0904057335857595e-12,1.0920217640646103e-12,1.0936377891375055e-12,1.0952538088045385e-12,1.0968698230658016e-12,1.0984858319213878e-12,1.1001018353713902e-12,1.1017178334159012e-12,1.103333826055014e-12,1.1049498132888217e-12,1.1065657951174164e-12,1.108181771540892e-12,1.1097977425593406e-12,1.1114137081728556e-12,1.113029668381529e-12,1.1146456231854547e-12,1.1162615725847253e-12,1.1178775165794333e-12,1.1194934551696715e-12,1.121109388355533e-12,1.1227253161371113e-12,1.1243412385144982e-12,1.125957155487787e-12,1.1275730670570706e-12,1.129188973222442e-12,1.1308048739839936e-12,1.1324207693418188e-12,1.1340366592960098e-12,1.1356525438466595e-12,1.1372684229938618e-12,1.1388842967377079e-12,1.140500165078292e-12,1.1421160280157057e-12,1.1437318855500438e-12,1.1453477376813974e-12,1.1469635844098595e-12,1.1485794257355231e-12,1.1501952616584818e-12,1.151811092178828e-12,1.1534269172966535e-12,1.1550427370120524e-12,1.1566585513251165e-12,1.1582743602359392e-12,1.1598901637446145e-12,1.161505961851233e-12,1.1631217545558887e-12,1.1647375418586745e-12,1.166353323759682e-12,1.1679691002590055e-12,1.1695848713567373e-12,1.17120063705297e-12,1.1728163973477964e-12,1.1744321522413096e-12,1.176047901733602e-12,1.1776636458247666e-12,1.179279384514897e-12,1.1808951178040844e-12,1.1825108456924229e-12,1.1841265681800049e-12,1.1857422852669222e-12,1.1873579969532692e-12,1.1889737032391371e-12,1.1905894041246203e-12,1.1922050996098105e-12,1.1938207896948009e-12,1.1954364743796836e-12,1.1970521536645521e-12,1.1986678275494992e-12,1.200283496034617e-12,1.2018991591199993e-12,1.2035148168057374e-12,1.2051304690919259e-12,1.2067461159786556e-12,1.2083617574660208e-12,1.209977393554113e-12,1.211593024243026e-12,1.2132086495328524e-12,1.2148242694236844e-12,1.2164398839156151e-12,1.2180554930087367e-12,1.2196710967031433e-12,1.2212866949989263e-12,1.222902287896179e-12,1.2245178753949944e-12,1.2261334574954645e-12,1.227749034197683e-12,1.2293646055017416e-12,1.2309801714077343e-12,1.2325957319157523e-12,1.23421128702589e-12,1.2358268367382383e-12,1.2374423810528907e-12,1.2390579199699405e-12,1.2406734534894798e-12,1.242288981611601e-12,1.243904504336398e-12,1.2455200216639624e-12,1.2471355335943875e-12,1.2487510401277653e-12,1.2503665412641897e-12,1.2519820370037525e-12,1.253597527346547e-12,1.2552130122926652e-12,1.2568284918421995e-12,1.258443965995244e-12,1.2600594347518902e-12,1.2616748981122315e-12,1.26329035607636e-12,1.2649058086443691e-12,1.2665212558163512e-12,1.2681366975923983e-12,1.2697521339726041e-12,1.2713675649570605e-12,1.272982990545861e-12,1.2745984107390978e-12,1.2762138255368633e-12,1.2778292349392506e-12,1.279444638946352e-12,1.2810600375582605e-12,1.2826754307750686e-12,1.284290818596869e-12,1.285906201023754e-12,1.287521578055817e-12,1.2891369496931507e-12,1.290752315935847e-12,1.292367676783999e-12,1.2939830322376993e-12,1.2955983822970405e-12,1.2972137269621158e-12,1.2988290662330171e-12,1.3004444001098373e-12,1.3020597285926692e-12,1.3036750516816048e-12,1.305290369376737e-12,1.3069056816781591e-12,1.3085209885859637e-12,1.3101362901002426e-12,1.311751586221089e-12,1.3133668769485949e-12,1.3149821622828541e-12,1.3165974422239588e-12,1.3182127167720002e-12,1.3198279859270735e-12,1.3214432496892688e-12,1.3230585080586807e-12,1.3246737610354008e-12,1.3262890086195215e-12,1.3279042508111365e-12,1.3295194876103368e-12,1.3311347190172172e-12,1.3327499450318685e-12,1.3343651656543732e-12,1.3359803808844976e-12,1.3375955907230183e-12,1.339210795169682e-12,1.3408259942245793e-12,1.3424411878878043e-12,1.3440563761594485e-12,1.345671559039605e-12,1.3472867365283667e-12,1.3489019086258256e-12,1.3505170753320744e-12,1.3521322366472058e-12,1.3537473925713127e-12,1.3553625431044872e-12,1.356977688246822e-12,1.3585928279984104e-12,1.3602079623593435e-12,1.3618230913297155e-12,1.363438214909618e-12,1.365053333099144e-12,1.3666684458983853e-12,1.368283553070705e-12,1.3698986550896563e-12,1.3715137517186642e-12,1.3731288429590152e-12,1.3747439288082251e-12,1.3763590092677062e-12,1.3779740843375514e-12,1.3795891540178524e-12,1.3812042183087028e-12,1.382819277210194e-12,1.384434330573015e-12,1.3860493786960681e-12,1.38766442143004e-12,1.3892794587750233e-12,1.3908944906911054e-12,1.3925095172592073e-12,1.39412453843778e-12,1.3957395542277359e-12,1.3973545646291658e-12,1.398969569642162e-12,1.4005845692668173e-12,1.4021995630636662e-12,1.4038145519157352e-12,1.4054295353759261e-12,1.4070445134481459e-12,1.4086594861324876e-12,1.4102744534290439e-12,1.411889415337908e-12,1.4135043718591705e-12,1.4151193229929256e-12,1.4167342687392652e-12,1.4183492090993273e-12,1.4199641440711138e-12,1.4215790718272685e-12,1.4231939960248777e-12,1.4248089148354179e-12,1.4264238282592137e-12,1.4280387362962417e-12,1.4296536389465938e-12,1.4312685362103636e-12,1.4328834280876425e-12,1.4344983145756549e-12,1.4361131956906936e-12,1.4377280714160208e-12,1.4393429410330656e-12,1.4409578059792822e-12,1.442572665552752e-12,1.4441875197271886e-12,1.4458023685158757e-12,1.4474172119189051e-12,1.4490320499363688e-12,1.4506468822646028e-12,1.4522617095112138e-12,1.4538765313725361e-12,1.455491347878339e-12,1.4571061589693597e-12,1.4587209646753717e-12,1.460335764998661e-12,1.4619505602696468e-12,1.463565350367429e-12,1.4651801353765027e-12,1.4667949149662312e-12,1.468409688364113e-12,1.4700244563776297e-12,1.4716392190068767e-12,1.4732539762519442e-12,1.4748687281129248e-12,1.4764834745899127e-12,1.4780982156829984e-12,1.479712951392275e-12,1.4813276817178356e-12,1.4829424066597718e-12,1.4845571262181764e-12,1.4861718403931417e-12,1.48778654918476e-12,1.489401252593124e-12,1.4910159506183263e-12,1.4926306432604588e-12,1.4942453305196144e-12,1.4958600123958848e-12,1.4974746888893639e-12,1.4990893600001427e-12,1.5007040257283135e-12,1.5023186860788305e-12,1.5039333410420637e-12,1.5055479907971296e-12,1.5071626348488469e-12,1.5087772737230363e-12,1.5103919071554066e-12,1.5120065253276275e-12,1.5136211480856294e-12,1.5152357653745244e-12,1.5168503772819295e-12,1.5184649838075496e-12,1.5200795801946186e-12,1.5216941705962996e-12,1.5233087609777348e-12,1.5249233459779476e-12,1.5265379255970318e-12,1.5281524998350798e-12,1.529767068692183e-12,1.5313816321684336e-12,1.5329961902639251e-12,1.5346107429787485e-12,1.536225290366493e-12,1.537839832228104e-12,1.5394543687230263e-12,1.5410688999161058e-12,1.542683425728979e-12,1.5442979461617392e-12,1.5459124612144796e-12,1.5475269708872918e-12,1.5491414751802675e-12,1.5507559740934994e-12,1.5523704676270804e-12,1.553984955781102e-12,1.5555994385556574e-12,1.5572139159508384e-12,1.5588283879667377e-12,1.5604428546034471e-12,1.5620573158610596e-12,1.5636717717396672e-12,1.565286222239362e-12,1.566900667360237e-12,1.5685151071040996e-12,1.5701295414693207e-12,1.5717439704559968e-12,1.573358394064247e-12,1.5749728122924054e-12,1.576587225142298e-12,1.5782016326140166e-12,1.5798160347076535e-12,1.5814304314233015e-12,1.5830448227610526e-12,1.5846592087209983e-12,1.5862735893032328e-12,1.5878879645078463e-12,1.589502334334933e-12,1.591116698784583e-12,1.5927310578568907e-12,1.5943454115519478e-12,1.5959597598698464e-12,1.5975741028106785e-12,1.599188440374537e-12,1.6008027725615138e-12,1.6024170993717013e-12,1.6040314208051912e-12,1.6056457368620768e-12,1.6072600475424498e-12,1.6088743528464033e-12,1.6104886527740283e-12,1.6121029473254172e-12,1.6137172365006638e-12,1.6153315202998584e-12,1.6169457987230956e-12,1.6185600717704651e-12,1.620174339442061e-12,1.6217886046968364e-12,1.6234028616171513e-12,1.6250171131619677e-12,1.6266313593313797e-12,1.628245600125479e-12,1.6298598355443566e-12,1.6314740655881066e-12,1.6330882902568204e-12,1.6347025095505901e-12,1.6363167234695084e-12,1.6379309320136672e-12,1.6395451351831588e-12,1.6411593329780755e-12,1.6427735253985101e-12,1.6443877124445538e-12,1.6460018941162996e-12,1.6476160704138394e-12,1.6492302404578785e-12,1.650844406007286e-12,1.6524585661827648e-12,1.6540727210844436e-12,1.6556868705123402e-12,1.657301014566584e-12,1.658915153346817e-12,1.6605292866542163e-12,1.66214341465104e-12,1.6637575372115956e-12,1.6653716543989604e-12,1.6669857662132254e-12,1.668599872654484e-12,1.6702139737238185e-12,1.6718280815707616e-12,1.6734421718935127e-12,1.6750562568436249e-12,1.6766703364211914e-12,1.6782844106263044e-12,1.6798984794590561e-12,1.6815125429148515e-12,1.683126607025952e-12,1.6847406597421523e-12,1.6863547070863592e-12,1.6879687490586663e-12,1.689582785659165e-12,1.6911968168879475e-12,1.692810842745106e-12,1.6944248632307326e-12,1.6960388783466543e-12,1.6976528880894942e-12,1.6992668924610786e-12,1.7008808914615e-12,1.7024948850908505e-12,1.704108873349208e-12,1.7057228562366934e-12,1.7073368337533848e-12,1.7089508058993733e-12,1.7105647726747528e-12,1.7121787340796142e-12,1.7137926901140493e-12,1.7154066407781514e-12,1.7170205860720122e-12,1.7186345259957236e-12,1.7202484605493782e-12,1.7218623897330682e-12,1.7234763135468844e-12,1.7250902319909206e-12,1.7267041450652687e-12,1.7283180527700198e-12,1.7299319551052668e-12,1.7315458520711024e-12,1.7331597436682746e-12,1.7347736298955628e-12,1.7363875107537147e-12,1.7380013862428233e-12,1.7396152564893604e-12,1.741229121240659e-12,1.7428429806231887e-12,1.7444568346370443e-12,1.7460706832823174e-12,1.7476845265590994e-12,1.749298364467483e-12,1.7509121970075602e-12,1.7525260241794228e-12,1.7541398459831632e-12,1.7557536624188735e-12,1.7573674734866456e-12,1.7589812791865717e-12,1.7605950795187445e-12,1.7622088744832556e-12,1.763822664080197e-12,1.7654364483096612e-12,1.7670502271717394e-12,1.768664000666525e-12,1.7702777687941089e-12,1.7718915315545843e-12,1.773505288948042e-12,1.775119040974575e-12,1.7767327876342751e-12,1.7783465289272346e-12,1.7799602648535453e-12,1.7815739954133002e-12,1.7831877206065898e-12,1.7848014404335072e-12,1.7864151548886992e-12,1.7880288639836887e-12,1.7896425677120417e-12,1.7912562660743898e-12,1.792869959070827e-12,1.794483646404756e-12,1.7960973286696459e-12,1.7977110055689002e-12,1.7993246761271708e-12,1.800938342295432e-12,1.8025520030983344e-12,1.8041656585359688e-12,1.8057793086084276e-12,1.807392953315803e-12,1.8090065926581863e-12,1.8106202266356706e-12,1.8122338560507658e-12,1.8138474792263416e-12,1.8154610971096777e-12,1.8170747096284822e-12,1.8186883167828482e-12,1.820301918572867e-12,1.82191551499863e-12,1.8235291060602304e-12,1.8251426917717444e-12,1.826756272105295e-12,1.828369847074958e-12,1.8299834166808263e-12,1.8315969809229915e-12,1.8332105398015468e-12,1.8348240933165818e-12,1.8364376414871726e-12,1.8380511842754465e-12,1.839664721699094e-12,1.8412782490465885e-12,1.842891775696815e-12,1.8445052970326845e-12,1.8461188130104766e-12,1.8477323236206896e-12,1.8493458145016733e-12,1.8509593001079544e-12,1.852572781052165e-12,1.854186257159821e-12,1.855799741283762e-12,1.8574132197746222e-12,1.85902669283118e-12,1.860640160523913e-12,1.862253622854072e-12,1.8638670798416995e-12,1.8654805314675557e-12,1.8670939777317334e-12,1.868707418634324e-12,1.8703208541754197e-12,1.8719342843551124e-12,1.873547709173494e-12,1.875161128630657e-12,1.876774542726693e-12,1.8783879514616936e-12,1.880001354835752e-12,1.8816147528489583e-12,1.8832281455014057e-12,1.8848415327931864e-12,1.8864549147243916e-12,1.8880682912951134e-12,1.889681662505443e-12,1.8912950283554745e-12,1.8929082989069843e-12,1.8945215625620874e-12,1.8961349123323747e-12,1.897748256742731e-12,1.8993615957932468e-12,1.900974932010238e-12,1.902588260432177e-12,1.904201583403718e-12,1.9058149010157862e-12,1.907428213777829e-12,1.9090415206738823e-12,1.9106548222080854e-12,1.9122681187392493e-12,1.913881409555334e-12,1.9154946950124994e-12,1.9171079751108403e-12,1.918721249850441e-12,1.9203345192313966e-12,1.9219477833578832e-12,1.9235610420218258e-12,1.9251742956756605e-12,1.9267875442718788e-12,1.9284007868609862e-12,1.9300140240920017e-12,1.9316272559650187e-12,1.933240482480124e-12,1.934853703637411e-12,1.9364669194369725e-12,1.938080129878901e-12,1.9396933349632876e-12,1.9413065346902253e-12,1.942919727946007e-12,1.9445329174345238e-12,1.9461461010896654e-12,1.9477592793877244e-12,1.9493724523287937e-12,1.9509856199131363e-12,1.9525987821405006e-12,1.954211938973031e-12,1.955825090487059e-12,1.9574382366445543e-12,1.9590513774456118e-12,1.960664512890322e-12,1.962277642978777e-12,1.9638907677110683e-12,1.9655038870872876e-12,1.967117001764083e-12,1.9687301104284335e-12,1.970343213736987e-12,1.9719563116898375e-12,1.973569404287076e-12,1.975182491008815e-12,1.976795572895106e-12,1.978408649426061e-12,1.980021720601771e-12,1.981634786422327e-12,1.9832478468941606e-12,1.984860887771202e-12,1.986473937588135e-12,1.9880869819890462e-12,1.9897000210352622e-12,1.9913130547268772e-12,1.9929260831107315e-12,1.9945391060934203e-12,1.9961521269129623e-12,1.9977651371779992e-12,1.9993781440962117e-12,2.0009911456621395e-12,2.0026041418741084e-12,2.0042171327322098e-12,2.0058301182365365e-12,2.0074430982811396e-12,2.0090560730781905e-12,2.010669042521742e-12,2.0122820066118844e-12,2.013894965348712e-12,2.0155079189035248e-12,2.0171208669339945e-12,2.018733809629938e-12,2.020346746954418e-12,2.021959678926039e-12,2.0235726055448953e-12,2.025185526811078e-12,2.0267984427246784e-12,2.028411353285789e-12,2.0300242584945e-12,2.0316371583526444e-12,2.0332500528568347e-12,2.0348629420089027e-12,2.0364758258089393e-12,2.038088704257037e-12,2.0397015773527937e-12,2.041314445097287e-12,2.04292730772636e-12,2.044540164767617e-12,2.0461530164573935e-12,2.0477658627350287e-12,2.0493787037221196e-12,2.050991539358005e-12,2.052604369642777e-12,2.0542171945765266e-12,2.0558300141593475e-12,2.0574428283913292e-12,2.0590556372725647e-12,2.0606683505812654e-12,2.062281148761583e-12,2.0638939415914302e-12,2.065506729070897e-12,2.0671195112000755e-12,2.0687322850727002e-12,2.0703450565015907e-12,2.071957822335227e-12,2.073570583064183e-12,2.075183338443312e-12,2.0767960884727018e-12,2.0784088331524473e-12,2.080021572482638e-12,2.0816343064920066e-12,2.0832470351146655e-12,2.0848597583967463e-12,2.0864724770881463e-12,2.088085189671943e-12,2.0896978969067358e-12,2.091310601889767e-12,2.092923298426818e-12,2.0945359896151406e-12,2.096148675454828e-12,2.097761355945969e-12,2.0993739415968725e-12,2.1009865244968936e-12,2.1025991889435367e-12,2.104211848042002e-12,2.10582450179238e-12,2.1074371501947644e-12,2.109049793249246e-12,2.1106624309559157e-12,2.1122750633148674e-12,2.1138876903261893e-12,2.1155003119899767e-12,2.1171129283063194e-12,2.11872553927531e-12,2.120338144897039e-12,2.121950745171599e-12,2.1235633400990813e-12,2.1251759296795777e-12,2.12678851391318e-12,2.128401092799979e-12,2.130013666340067e-12,2.1316262345335366e-12,2.133238797380479e-12,2.1348513412141503e-12,2.1364638791081357e-12,2.138076425862267e-12,2.1396889673241084e-12,2.1413015038377095e-12,2.1429140155589362e-12,2.1445265409791717e-12,2.1461390603672992e-12,2.1477515750997743e-12,2.1493640844895303e-12,2.150976588530876e-12,2.152589087209211e-12,2.154201580559793e-12,2.1558140685651304e-12,2.157426551225315e-12,2.159039028540439e-12,2.1606515005105927e-12,2.1622639671358707e-12,2.163876428416361e-12,2.165488884352157e-12,2.16710133494335e-12,2.1687137801900318e-12,2.1703262200922946e-12,2.171938654650229e-12,2.1735510780905568e-12,2.1751635027084795e-12,2.1767759213540827e-12,2.1783883345356377e-12,2.180000742373324e-12,2.1816131391785888e-12,2.1832255363288278e-12,2.1848379281354716e-12,2.186450314598612e-12,2.1880626956475653e-12,2.1896750714239742e-12,2.191287441857154e-12,2.1928998069471975e-12,2.194512165857467e-12,2.1961245200135856e-12,2.197736869074771e-12,2.199349212793185e-12,2.2009615511689218e-12,2.2025738842020703e-12,2.204186211892723e-12,2.2057985342409703e-12,2.2074108512547375e-12,2.209023162918452e-12,2.210635469240037e-12,2.212247770219584e-12,2.213860065857185e-12,2.2154723561529206e-12,2.2170846411069036e-12,2.2186969207192148e-12,2.220309194989946e-12,2.2219214639191886e-12,2.2235337275070342e-12,2.225145985747091e-12,2.2267582386524184e-12,2.2283704862166236e-12,2.2299827284397976e-12,2.231594965322032e-12,2.233207196865119e-12,2.234819423067455e-12,2.2364316439274217e-12,2.238043859446815e-12,2.2396560696208618e-12,2.241268274459385e-12,2.2428804739576096e-12,2.244492668115627e-12,2.246104856933529e-12,2.2477170404114087e-12,2.2493292185493552e-12,2.250941391347461e-12,2.252553558805818e-12,2.254165720924518e-12,2.2557778777036526e-12,2.2573900291433113e-12,2.2590021752435877e-12,2.2606143160045737e-12,2.262226451426359e-12,2.263838581509036e-12,2.265450706252696e-12,2.2670628256574307e-12,2.2686749397233325e-12,2.270287048450491e-12,2.2718991518389994e-12,2.2735112498938777e-12,2.27512334260518e-12,2.27673542985753e-12,2.2783475118923503e-12,2.2799595885889773e-12,2.2815716609533283e-12,2.283183727009617e-12,2.28479578769221e-12,2.2864078429775235e-12,2.2880198929318755e-12,2.2896319375998353e-12,2.2912439769316684e-12,2.2928560109260414e-12,2.2944680395830444e-12,2.296080062902769e-12,2.297692080885305e-12,2.299304093530747e-12,2.3009161008391844e-12,2.30252810281071e-12,2.3041400994454137e-12,2.305752090743389e-12,2.3073640767047254e-12,2.3089760573295164e-12,2.3105880326178514e-12,2.312200002569823e-12,2.313811967185523e-12,2.315423926465042e-12,2.317035880408472e-12,2.318647831209089e-12,2.3202597744806076e-12,2.3218717122357076e-12,2.3234836448356883e-12,2.3250955721285234e-12,2.3267074940573314e-12,2.3283194106506895e-12,2.3299313219086907e-12,2.3315432278314257e-12,2.333155123321097e-12,2.3347670185735907e-12,2.3363789084910926e-12,2.3379907930736935e-12,2.3396026723214856e-12,2.341214546234561e-12,2.3428264148130094e-12,2.3444382780988337e-12,2.3460501360083047e-12,2.347661988583424e-12,2.3492738358242823e-12,2.350885677730972e-12,2.3524975143035834e-12,2.3541093455422098e-12,2.35572117144694e-12,2.3573329920178676e-12,2.358944807255086e-12,2.360556617158681e-12,2.362168421728747e-12,2.363780220965375e-12,2.365392014868657e-12,2.3670038034386828e-12,2.3686155866755464e-12,2.3702273640719996e-12,2.371839136642811e-12,2.3734509038788917e-12,2.3750626657840158e-12,2.376674422356433e-12,2.378286173612066e-12,2.3798979195193436e-12,2.3815096602361264e-12,2.383121397197323e-12,2.3847331270996835e-12,2.386344851669324e-12,2.387956570915348e-12,2.3895682835846247e-12,2.3911799921667914e-12,2.392791695433804e-12,2.3944033933524792e-12,2.3960150859395433e-12,2.3976267733298685e-12,2.3992384552546653e-12,2.4008501318307463e-12,2.4024618030922843e-12,2.404073469027031e-12,2.40568512962594e-12,2.4072967848942916e-12,2.4089084348317637e-12,2.410520079438449e-12,2.412131718714437e-12,2.413743340225612e-12,2.415354968840523e-12,2.4169665921250104e-12,2.4185782102159085e-12,2.4201898228398254e-12,2.421801430124276e-12,2.423413032087991e-12,2.4250246414099712e-12,2.4266362326984206e-12,2.42824781913852e-12,2.4298593997847727e-12,2.4314709750995243e-12,2.4330825450867853e-12,2.4346941097426095e-12,2.436305669069107e-12,2.43791722306637e-12,2.439528771734491e-12,2.441140315073556e-12,2.4427518519084936e-12,2.4443633829503934e-12,2.445974908528785e-12,2.447586430552569e-12,2.449197947255737e-12,2.4508094586224207e-12,2.4524209646606906e-12,2.4540324653706382e-12,2.455643960752356e-12,2.457255450805934e-12,2.458866935531464e-12,2.4604784149290364e-12,2.4620898889987426e-12,2.4637013577406747e-12,2.465312821154925e-12,2.4669242792415825e-12,2.46853573200074e-12,2.470147179432487e-12,2.471758621536917e-12,2.4733700583141204e-12,2.4749814897641885e-12,2.4765929158872122e-12,2.478204336683283e-12,2.4798157521524918e-12,2.481427162294931e-12,2.4830385671106905e-12,2.4846499665998624e-12,2.4862613607625373e-12,2.487872749598808e-12,2.489484133108764e-12,2.4910955112924972e-12,2.4927068841500995e-12,2.494318251681662e-12,2.4959296138872736e-12,2.4975409707670285e-12,2.4991523223210165e-12,2.5007636685493294e-12,2.5023750100855547e-12,2.5039863458148337e-12,2.505597676066665e-12,2.5072090009931874e-12,2.5088203205944898e-12,2.5104316348706654e-12,2.5120429438218033e-12,2.5136542474479963e-12,2.5152655457493356e-12,2.5168768387259114e-12,2.518488126377817e-12,2.52009940870514e-12,2.5217106857079744e-12,2.5233219573864108e-12,2.5249332237405413e-12,2.526544484770456e-12,2.528155740476246e-12,2.529766990858001e-12,2.531378235915817e-12,2.532989475649781e-12,2.5346007100599853e-12,2.5362119391465204e-12,2.53782316290948e-12,2.5394343833102728e-12,2.541045598587345e-12,2.5426568081368575e-12,2.544268013092791e-12,2.5458792102392047e-12,2.547490403709011e-12,2.549101591836571e-12,2.5507127740855843e-12,2.552323949940411e-12,2.5539351204725723e-12,2.555546285682159e-12,2.557157441377645e-12,2.558768595789425e-12,2.560379745031852e-12,2.5619909019735316e-12,2.5636020405715854e-12,2.565213173847614e-12,2.5668243018017086e-12,2.5684354244339565e-12,2.570046541744452e-12,2.5716576537332836e-12,2.573268760405489e-12,2.57487986175127e-12,2.5764909577756628e-12,2.578102048477207e-12,2.5797131338590958e-12,2.5813242139198694e-12,2.5829352886596168e-12,2.584546361942755e-12,2.5861574260403736e-12,2.5877684850211137e-12,2.5893795391496313e-12,2.5909905872856104e-12,2.592601630101111e-12,2.5942126675962255e-12,2.595823699771045e-12,2.597434726625661e-12,2.599045748160165e-12,2.600656764373916e-12,2.602267775268467e-12,2.6038787810333844e-12,2.605489781288347e-12,2.6071007762236527e-12,2.6087117658393914e-12,2.6103227501356565e-12,2.611933729112537e-12,2.613544702770122e-12,2.6151556711085044e-12,2.616766634127777e-12,2.618377591825523e-12,2.6199885442039495e-12,2.621599491263406e-12,2.623210433004006e-12,2.6248213693999546e-12,2.6264323004769377e-12,2.6280432262350417e-12,2.6296541466745718e-12,2.631265061795587e-12,2.6328759715982836e-12,2.634486876082796e-12,2.6360977752492758e-12,2.6377086690978645e-12,2.63931955765916e-12,2.640930440902711e-12,2.6425413188286087e-12,2.6441521914369446e-12,2.645763058727809e-12,2.6473739207012943e-12,2.64898477735749e-12,2.650595628696489e-12,2.652206474718382e-12,2.653817315423258e-12,2.65542815081121e-12,2.657038980882329e-12,2.658649805636705e-12,2.660260625074429e-12,2.661871439195594e-12,2.663482248000291e-12,2.665093051488608e-12,2.6667038496606384e-12,2.668314642516473e-12,2.669925430056204e-12,2.67153621227992e-12,2.673146989187713e-12,2.6747577607796745e-12,2.676368527055895e-12,2.677979288016466e-12,2.6795900436614785e-12,2.6812007939910224e-12,2.6828115390051905e-12,2.6844222787040737e-12,2.6860330130877612e-12,2.6876437421563457e-12,2.6892544659099174e-12,2.6908651843485678e-12,2.6924758974723884e-12,2.694086605281468e-12,2.6956973077759004e-12,2.6973080049557756e-12,2.6989186968211837e-12,2.700529383372216e-12,2.7021400646089657e-12,2.7037507405315213e-12,2.7053614111399742e-12,2.7069720764344157e-12,2.708582736414937e-12,2.710193391081629e-12,2.7118040404345825e-12,2.7134146844738895e-12,2.715025323199639e-12,2.716635956611924e-12,2.718246584710835e-12,2.7198572074964617e-12,2.721467824968896e-12,2.723078437114102e-12,2.7246890441049742e-12,2.7262996456383772e-12,2.7279102418589514e-12,2.72952083276679e-12,2.73113141836198e-12,2.732741998644616e-12,2.734352573614786e-12,2.7359631432725847e-12,2.7375737076181e-12,2.7391842666514225e-12,2.7407948203726463e-12,2.74240536878186e-12,2.7440159118791544e-12,2.745626449664621e-12,2.7472369821383508e-12,2.7488475093004352e-12,2.750458031150965e-12,2.7520685476900303e-12,2.753679058917723e-12,2.755289564834133e-12,2.756900065439353e-12,2.758510560733472e-12,2.7601210507165823e-12,2.7617315353887744e-12,2.7633420147501394e-12,2.764952488800767e-12,2.766562957540751e-12,2.76817342097018e-12,2.769783879089144e-12,2.7713943318977364e-12,2.7730047793960464e-12,2.7746152215841668e-12,2.776225658462187e-12,2.7778360900302126e-12,2.7794465162883194e-12,2.7810569372365984e-12,2.7826673528751417e-12,2.784277763204039e-12,2.785888168223383e-12,2.7874985679332635e-12,2.789108962333771e-12,2.7907193514249976e-12,2.7923297352070322e-12,2.7939401136799677e-12,2.795550486843895e-12,2.797160854698903e-12,2.798771217245085e-12,2.8003815796323616e-12,2.8019919315615595e-12,2.8036022782039456e-12,2.805212619514846e-12,2.8068229555182257e-12,2.808433286202921e-12,2.8100436115898284e-12,2.811653931668637e-12,2.813264246439436e-12,2.8148745559023177e-12,2.8164848600573705e-12,2.818095158904689e-12,2.8197054524443604e-12,2.8213157406764777e-12,2.822926023601132e-12,2.8245363012184123e-12,2.8261465735284102e-12,2.8277568405312186e-12,2.8293671022269245e-12,2.8309773586156214e-12,2.8325876096974e-12,2.834197855472352e-12,2.8358080959405666e-12,2.8374183311021345e-12,2.839028560957148e-12,2.8406387855056966e-12,2.842249004747872e-12,2.8438592186837655e-12,2.8454694273134663e-12,2.8470796306370673e-12,2.8486898286546568e-12,2.8503000213663277e-12,2.8519102087721707e-12,2.853520390872382e-12,2.8551305676668412e-12,2.8567407391557436e-12,2.858350905339181e-12,2.8599610662172455e-12,2.8615712217900257e-12,2.8631813720576122e-12,2.8647915173025767e-12,2.866401657216423e-12,2.868011791800998e-12,2.869621921061403e-12,2.8712320449988386e-12,2.8728421636089783e-12,2.8744522768803183e-12,2.8760623848364618e-12,2.877672487463083e-12,2.8792825847599126e-12,2.8808926767319976e-12,2.882502763370265e-12,2.884112844681992e-12,2.8857229206746896e-12,2.887332991333277e-12,2.888943056667136e-12,2.890553116681096e-12,2.8921631713679617e-12,2.8937732207235194e-12,2.895383264757558e-12,2.896993303469194e-12,2.8986033368485517e-12,2.900213364909831e-12,2.9018233876550667e-12,2.9034334050731506e-12,2.905043417166172e-12,2.9066534239337023e-12,2.908263425378202e-12,2.9098734214994217e-12,2.9114834122962563e-12,2.9130933977740206e-12,2.9147033779219485e-12,2.9163133527515315e-12,2.917923322256302e-12,2.919533286442102e-12,2.9211432453065365e-12,2.9227531988477225e-12,2.9243631470672575e-12,2.9259730899634308e-12,2.9275830275357485e-12,2.9291929597955827e-12,2.9308028867291194e-12,2.9324128083418883e-12,2.9340227246377147e-12,2.935632635611898e-12,2.9372425412684902e-12,2.93885244160428e-12,2.940462336619046e-12,2.9420722263153475e-12,2.9436821106899857e-12,2.945291989751996e-12,2.9469018634944797e-12,2.948511731916822e-12,2.95012159501435e-12,2.9517314536362157e-12,2.9533413069579743e-12,2.954951154979713e-12,2.956560997701524e-12,2.9581708351234966e-12,2.9597806672457247e-12,2.961390494068296e-12,2.9630003155913007e-12,2.9646101318148344e-12,2.966219942738983e-12,2.96782974836806e-12,2.9694395444676412e-12,2.9710493394941967e-12,2.9726591300670805e-12,2.9742689144956825e-12,2.975878693606555e-12,2.9774884633911583e-12,2.9790982319235275e-12,2.980707990800282e-12,2.982317742213947e-12,2.983927491390032e-12,2.9855372335850202e-12,2.9871469723029693e-12,2.988756700839034e-12,2.990366432283439e-12,2.9919761584299117e-12,2.993585879278543e-12,2.9951955948294227e-12,2.9968053050826425e-12,2.998415010038292e-12,3.0000247096964626e-12,3.0016344040572447e-12,3.0032440931207286e-12,3.0048537768870056e-12,3.006463455356165e-12,3.0080731285283e-12,3.0096827964034996e-12,3.0112924589818546e-12,3.0129021162634555e-12,3.0145117682483928e-12,3.016121414936759e-12,3.017731056328642e-12,3.019340692424134e-12,3.020950323223326e-12,3.0225599487263062e-12,3.0241695689331688e-12,3.0257791838440026e-12,3.0273887934588987e-12,3.028998397777946e-12,3.0306079968012366e-12,3.032217590528862e-12,3.033827178960912e-12,3.0354367620974756e-12,3.0370463399386453e-12,3.0386559124845133e-12,3.0402654797351665e-12,3.0418750416906976e-12,3.0434845983511965e-12,3.0450941497167543e-12,3.0467036957874616e-12,3.0483132365634084e-12,3.049922780297089e-12,3.051532308581179e-12,3.0531418334734305e-12,3.054751353066741e-12,3.0563608673473327e-12,3.0579703763574506e-12,3.0595798800699395e-12,3.0611893784869018e-12,3.0627988716140662e-12,3.0644083594473765e-12,3.0660178419869195e-12,3.067627319236852e-12,3.0692367939090294e-12,3.0708462605811016e-12,3.0724557218834423e-12,3.074065177955523e-12,3.075674628734383e-12,3.0772840742140402e-12,3.0788935142635955e-12,3.0805029488941534e-12,3.082112378501932e-12,3.083721803242068e-12,3.0853312288645475e-12,3.086940642586924e-12,3.088550051023264e-12,3.090159465110682e-12,3.091768862962268e-12,3.0933782659786322e-12,3.094987653245826e-12,3.0965970352209795e-12,3.0982064119041795e-12,3.099815783295518e-12,3.1014251493950867e-12,3.1030345102029753e-12,3.1046438657192745e-12,3.1062532159440738e-12,3.1078625608774653e-12,3.1094719005195385e-12,3.1110812348703828e-12,3.112690563930091e-12,3.1142998876987525e-12,3.115909206176458e-12,3.117518519363299e-12,3.1191278272593645e-12,3.1207371298647447e-12,3.1223464271796264e-12,3.1239557192039114e-12,3.1255650059377823e-12,3.1271742873813322e-12,3.128783563534649e-12,3.1303928343978263e-12,3.1320020999709505e-12,3.133611360254116e-12,3.1352206152474125e-12,3.1368298649509297e-12,3.138439109364759e-12,3.140048348488989e-12,3.1416575823237113e-12,3.143266810868976e-12,3.1448760341249544e-12,3.1464852520916966e-12,3.1480944647692936e-12,3.1497036721578356e-12,3.1513128742574126e-12,3.1529220710681155e-12,3.154531262590035e-12,3.1561404488232614e-12,3.1577496297678853e-12,3.1593588054239962e-12,3.1609679757916854e-12,3.162577140871045e-12,3.1641863006621633e-12,3.165795455165131e-12,3.16740460438004e-12,3.1690137483069784e-12,3.1706228869460375e-12,3.1722320202973086e-12,3.1738411483608822e-12,3.1754502711368496e-12,3.177059388625298e-12,3.178668500826321e-12,3.1802776077400082e-12,3.181886709366449e-12,3.1834958057057343e-12,3.185104896757955e-12,3.186713982523203e-12,3.188323063001566e-12,3.1899321381931365e-12,3.1915412080980035e-12,3.1931502727162583e-12,3.1947593320479912e-12,3.1963683860932924e-12,3.197977434852251e-12,3.1995864783249604e-12,3.20119551651151e-12,3.202804549411989e-12,3.2044135770264896e-12,3.206022599355101e-12,3.207631616397913e-12,3.209240628155018e-12,3.210849634626505e-12,3.2124586358124654e-12,3.2140676317129876e-12,3.2156766223281646e-12,3.2172856076580856e-12,3.2188945877028402e-12,3.2205035624625195e-12,3.2221125319372146e-12,3.223721496127016e-12,3.2253304550320145e-12,3.226939408652298e-12,3.2285483569879583e-12,3.230157300039087e-12,3.231766237805772e-12,3.2333751702881055e-12,3.234984097486177e-12,3.2365930194000795e-12,3.2382019360298997e-12,3.2398108473757297e-12,3.241419753437661e-12,3.2430286542157807e-12,3.244637549710182e-12,3.246246439920956e-12,3.24785532484819e-12,3.2494642044919762e-12,3.251073078852406e-12,3.252681947929567e-12,3.254290811723552e-12,3.25589967023445e-12,3.2575085234623547e-12,3.259117371407352e-12,3.260726214069533e-12,3.2623350514489894e-12,3.2639438835458107e-12,3.265552710360088e-12,3.2671615318919122e-12,3.2687703481413722e-12,3.2703791591085595e-12,3.2719879647935627e-12,3.273596765196474e-12,3.275205560317384e-12,3.2768143501563817e-12,3.2784231347135576e-12,3.280031913989003e-12,3.281640688028945e-12,3.283249456787498e-12,3.284858220264734e-12,3.286466978460809e-12,3.288075731375708e-12,3.2896844790096404e-12,3.291293221362663e-12,3.292901958434798e-12,3.2945106902262333e-12,3.296119416737056e-12,3.297728137967272e-12,3.2993368539169653e-12,3.3009455645863796e-12,3.3025542699755433e-12,3.3041629700845e-12,3.305771664913432e-12,3.307380354462361e-12,3.308989038731355e-12,3.3105977177205743e-12,3.312206391430133e-12,3.31381505981009e-12,3.315423722863293e-12,3.3170323806874877e-12,3.3186410332284816e-12,3.3202496804900053e-12,3.3218583224721445e-12,3.3234669587616405e-12,3.325075590185907e-12,3.3266842163264e-12,3.328292836896752e-12,3.32990145247779e-12,3.331510062785531e-12,3.333118667814523e-12,3.334727267564854e-12,3.3363358620366144e-12,3.3379444512298955e-12,3.339553035144786e-12,3.3411616137813783e-12,3.342770187139761e-12,3.344378755220025e-12,3.345987318022261e-12,3.3475958755465584e-12,3.349204427793008e-12,3.3508129747616997e-12,3.352421516452725e-12,3.3540300528661724e-12,3.3556385840021343e-12,3.3572471098590797e-12,3.358855630440206e-12,3.360464145744248e-12,3.362072655771164e-12,3.363681160521043e-12,3.3652896599939783e-12,3.3668981541900574e-12,3.3685066431093725e-12,3.370115126751972e-12,3.3717236051230888e-12,3.373332078212944e-12,3.374940546026103e-12,3.3765490085629463e-12,3.378157465823567e-12,3.3797659178080547e-12,3.3813743644532536e-12,3.3829828058857445e-12,3.3845912458427568e-12,3.386199676723601e-12,3.387808102328763e-12,3.389416522658333e-12,3.3910249377124015e-12,3.3926333474921558e-12,3.394241751995491e-12,3.395850151286997e-12,3.397458545239961e-12,3.399066933917874e-12,3.4006753173208285e-12,3.4022836969913067e-12,3.4038920698446036e-12,3.405500437423213e-12,3.4071087999568833e-12,3.408717156987432e-12,3.4103255087425098e-12,3.411933855221454e-12,3.4135421964279672e-12,3.41515053236033e-12,3.4167588630186344e-12,3.418367188402972e-12,3.4199755085134305e-12,3.4215838233501017e-12,3.423192132913075e-12,3.424800437202442e-12,3.4264087362182903e-12,3.428017015459342e-12,3.4296253039284733e-12,3.4312335871243588e-12,3.4328418650470874e-12,3.434450050196141e-12,3.4360583175394877e-12,3.4376665796435753e-12,3.4392748364455726e-12,3.440883088004158e-12,3.4424913342901282e-12,3.4440995753035737e-12,3.4457078105724662e-12,3.4473160410411336e-12,3.4489242662375427e-12,3.45053248616179e-12,3.4521407008139617e-12,3.453748892141889e-12,3.45535709625024e-12,3.4569652966507466e-12,3.4585734902155643e-12,3.460181678508768e-12,3.4617898615023667e-12,3.463398041781089e-12,3.4650062142599546e-12,3.466614381467555e-12,3.4682225431151756e-12,3.4698306997805204e-12,3.471438851174873e-12,3.473046997279175e-12,3.474655138131812e-12,3.4762632737137267e-12,3.4778714040226278e-12,3.479479529063367e-12,3.4810876488336543e-12,3.4826957633335784e-12,3.484303872563232e-12,3.4859119765227017e-12,3.487520075212081e-12,3.489128168631459e-12,3.4907362567809233e-12,3.492344339660568e-12,3.4939524172704797e-12,3.495560489610752e-12,3.497168556681471e-12,3.4987766184795483e-12,3.5003846750114355e-12,3.5019927262740436e-12,3.5036007722674583e-12,3.505208812991774e-12,3.506816848415457e-12,3.5084248785809344e-12,3.5100329034984875e-12,3.5116409231473003e-12,3.5132489375274638e-12,3.5148569466390663e-12,3.516464950482198e-12,3.5180729490569505e-12,3.519680942363411e-12,3.521288930401673e-12,3.5228969131718246e-12,3.5245048906739564e-12,3.5261128629081585e-12,3.5277208298745215e-12,3.529328791573134e-12,3.530936748004087e-12,3.532544699167469e-12,3.5341526447410156e-12,3.535760585369531e-12,3.5373685213748013e-12,3.5389763618207032e-12,3.540584286647883e-12,3.5421922062080324e-12,3.5438001205012413e-12,3.5454080295276034e-12,3.5470159332138256e-12,3.548623830888736e-12,3.5502317241150897e-12,3.5518396120749573e-12,3.5534474947684277e-12,3.5550553719073633e-12,3.556663244072372e-12,3.5582711109671852e-12,3.5598789725959593e-12,3.5614868313988335e-12,3.563094682495791e-12,3.564702527073272e-12,3.5663103676387862e-12,3.567918202938713e-12,3.5695260329731396e-12,3.571133857742158e-12,3.5727416772458577e-12,3.5743494914843276e-12,3.5759573004576604e-12,3.577565104165943e-12,3.579172902609268e-12,3.5807806957877245e-12,3.5823884837014016e-12,3.5839962671420963e-12,3.5856040444672033e-12,3.587211818947075e-12,3.588819585802527e-12,3.590427347393656e-12,3.5920351038608095e-12,3.5936428549239207e-12,3.595250600722597e-12,3.596858341257305e-12,3.5984660765281345e-12,3.600073806535174e-12,3.601681531278516e-12,3.603289250758249e-12,3.6048969649744635e-12,3.6065046739272476e-12,3.608112377616694e-12,3.60972007604289e-12,3.6113277692059286e-12,3.6129354571058954e-12,3.6145431397428864e-12,3.6161508171169855e-12,3.6177584892282877e-12,3.6193661560768363e-12,3.620973817662809e-12,3.622581473986252e-12,3.624189125047256e-12,3.62579677084591e-12,3.6274044113823047e-12,3.62901204665653e-12,3.630619676668679e-12,3.632227301418833e-12,3.633834920907091e-12,3.6354425351279263e-12,3.6370501440893638e-12,3.63865774779576e-12,3.640265346237319e-12,3.641872939417425e-12,3.643480527336172e-12,3.645088109949704e-12,3.6466956873460016e-12,3.648303258644528e-12,3.649910825473716e-12,3.651518409847917e-12,3.65312596620519e-12,3.654733517301766e-12,3.656341063180877e-12,3.657948603799258e-12,3.659556139156968e-12,3.661163669254098e-12,3.66277119409075e-12,3.664378713666969e-12,3.6659862279829515e-12,3.66759373703877e-12,3.66920124083446e-12,3.670808739370225e-12,3.6724162326460004e-12,3.674023720661984e-12,3.6756312034182225e-12,3.6772386809148295e-12,3.678846153151968e-12,3.680453620129638e-12,3.6820610818480235e-12,3.683668538307098e-12,3.685275989507042e-12,3.686883435447926e-12,3.688490876129812e-12,3.690098311552809e-12,3.691705741716984e-12,3.693313166622495e-12,3.694920586269355e-12,3.6965280006576925e-12,3.698135409787558e-12,3.699742813615269e-12,3.701350212184856e-12,3.7029576054964104e-12,3.7045649935500206e-12,3.706172376345776e-12,3.707779753883766e-12,3.709387126164083e-12,3.7109944931868145e-12,3.712601854952051e-12,3.714209211459883e-12,3.7158165627104e-12,3.717423908703692e-12,3.719031249439848e-12,3.720638584918959e-12,3.722245915141113e-12,3.723853240106404e-12,3.725460559814917e-12,3.727067874266744e-12,3.728675183461976e-12,3.730282487400699e-12,3.731889786083007e-12,3.733497079508987e-12,3.735104367678732e-12,3.7367116505923274e-12,3.738318928249865e-12,3.739926200651437e-12,3.74153346779713e-12,3.743140729687035e-12,3.744747986321244e-12,3.746355237699842e-12,3.747962483822923e-12,3.749569724690575e-12,3.751176960302888e-12,3.752784190659952e-12,3.754391415761857e-12,3.755998635608692e-12,3.757605850200547e-12,3.759213059537513e-12,3.760820263619678e-12,3.762427462447132e-12,3.764034656019967e-12,3.76564184433827e-12,3.767249027402132e-12,3.768856205211646e-12,3.770463377766895e-12,3.772070545067975e-12,3.773677707114972e-12,3.7752848639079765e-12,3.776892015447079e-12,3.7784991617323696e-12,3.780106302763937e-12,3.7817134385418716e-12,3.783320569066264e-12,3.7849276943372015e-12,3.786534814354775e-12,3.788141929119077e-12,3.789749038630193e-12,3.791356142888216e-12,3.792963241893233e-12,3.7945703356514834e-12,3.796177424150761e-12,3.797784507397303e-12,3.7993915853912e-12,3.800998658132541e-12,3.802605725621416e-12,3.804212787857915e-12,3.805819844842127e-12,3.807426896574143e-12,3.809033943054053e-12,3.810640984281944e-12,3.8122480202579065e-12,3.813855050982032e-12,3.81546207645441e-12,3.81706909667513e-12,3.818676111644281e-12,3.820283121361952e-12,3.821890125828236e-12,3.82349712504322e-12,3.825104119006993e-12,3.826711107719407e-12,3.828318091181029e-12,3.829925069391713e-12,3.831532042351544e-12,3.833139010060613e-12,3.8347459725190116e-12,3.836352929726831e-12,3.837959881684156e-12,3.8395668283910796e-12,3.841173769847689e-12,3.842780706054077e-12,3.844387637010331e-12,3.845994562716541e-12,3.847601483172799e-12,3.849208398379192e-12,3.850815308335812e-12,3.852422213042746e-12,3.8540291125000854e-12,3.8556360067079174e-12,3.8572428956663344e-12,3.858849779375428e-12,3.860456657835283e-12,3.862063531045991e-12,3.863670399007642e-12,3.8652772617203264e-12,3.866884119184134e-12,3.868490971391071e-12,3.8700978283982585e-12,3.871704670115937e-12,3.873311516922303e-12,3.874918348143001e-12,3.8765251739905556e-12,3.878132001395939e-12,3.87973881723825e-12,3.881345627393559e-12,3.882952443703004e-12,3.8845592433667584e-12,3.886166037725209e-12,3.8877728268516665e-12,3.8893796112143504e-12,3.8909863964073435e-12,3.892593169901158e-12,3.894199938140825e-12,3.895806701140023e-12,3.897413458892039e-12,3.899020211396358e-12,3.9006269586543e-12,3.902233700665339e-12,3.90384043743189e-12,3.9054471689682746e-12,3.9070538952124634e-12,3.908660616236725e-12,3.910267340499676e-12,3.911874051031137e-12,3.9134807563163225e-12,3.915087456355317e-12,3.916694151148215e-12,3.918300840695103e-12,3.919907524996072e-12,3.92151420405121e-12,3.92312087786061e-12,3.924727546424358e-12,3.9263342097425445e-12,3.92794086781526e-12,3.929547520642595e-12,3.931154168224639e-12,3.932760810561479e-12,3.9343674476532075e-12,3.935974079499911e-12,3.937580706101681e-12,3.939187327458607e-12,3.940793943570781e-12,3.942400554438287e-12,3.94400716006122e-12,3.9456137604396675e-12,3.9472203555737195e-12,3.9488269454634625e-12,3.9504335301089895e-12,3.952040109510389e-12,3.953646683667752e-12,3.955253252581166e-12,3.956859816250721e-12,3.958466374676505e-12,3.960072927858612e-12,3.961679475797128e-12,3.9632860184921455e-12,3.964892548776801e-12,3.966499075921693e-12,3.968105598853018e-12,3.969712117135084e-12,3.971318633676098e-12,3.9729251439484675e-12,3.974531645290063e-12,3.9761381460419955e-12,3.977744641902947e-12,3.9793511321712446e-12,3.980957618913756e-12,3.982564098698832e-12,3.984170568956493e-12,3.985777033425394e-12,3.9873834974787364e-12,3.988989956290033e-12,3.990596409859349e-12,3.992202858186778e-12,3.993809301272409e-12,3.995415739116328e-12,3.9970221717186285e-12,3.9986285990793996e-12,4.0002350211987285e-12,4.001841438076708e-12,4.003447849713424e-12,4.0050542554007565e-12,4.0066606558626925e-12,4.008267051103153e-12,4.00987344112875e-12,4.011479825930973e-12,4.0130862055179196e-12,4.014692579885703e-12,4.016298949036923e-12,4.0179053129686195e-12,4.019511671687292e-12,4.021118025181322e-12,4.0227243734660874e-12,4.024330716527826e-12,4.025937054376396e-12,4.027543387017796e-12,4.029149714431299e-12,4.030756036630717e-12,4.032362353612546e-12,4.033968665382085e-12,4.035574971937162e-12,4.037181273277985e-12,4.038787569403145e-12,4.040393860311205e-12,4.042000146013957e-12,4.0436064264953026e-12,4.045212701767693e-12,4.046818971828357e-12,4.0484252366730084e-12,4.050031496307094e-12,4.0516377507247025e-12,4.053243999936703e-12,4.054850243929799e-12,4.05645648272549e-12,4.058062716298823e-12,4.059668944658822e-12,4.061275167809568e-12,4.062881385742948e-12,4.0644875984816914e-12,4.066093806001653e-12,4.0677000080613175e-12,4.0693062048833896e-12,4.070912396467957e-12,4.07251858281511e-12,4.074124763924938e-12,4.075730939797531e-12,4.07733711043698e-12,4.078943275835371e-12,4.0805494359967944e-12,4.082155590921341e-12,4.083761740609099e-12,4.08536788506016e-12,4.086974024274611e-12,4.088580158252542e-12,4.090186286994041e-12,4.0917924104992e-12,4.093398528758307e-12,4.095004641791051e-12,4.096610749587725e-12,4.098216852148414e-12,4.099822949473211e-12,4.101429041562201e-12,4.103035128415476e-12,4.104641210033126e-12,4.106247286415241e-12,4.107853357561908e-12,4.109459423473218e-12,4.1110654841492585e-12,4.112671541675863e-12,4.114277594010831e-12,4.115883641164072e-12,4.117489683132271e-12,4.1190957199459855e-12,4.120701749947922e-12,4.1223077747187695e-12,4.123913794259006e-12,4.125519807821615e-12,4.12712581614985e-12,4.1287318192438e-12,4.130337817103554e-12,4.131943809729201e-12,4.133549797120835e-12,4.13515577927854e-12,4.136761756202406e-12,4.138367727892525e-12,4.139973694348982e-12,4.1415796555718704e-12,4.14318561156128e-12,4.1447915623172975e-12,4.146397507840012e-12,4.148003448129516e-12,4.149609383185896e-12,4.151215313009243e-12,4.152821237599646e-12,4.154427156957192e-12,4.1560330710819736e-12,4.157638979974078e-12,4.159244883633597e-12,4.160850782060617e-12,4.16245667525523e-12,4.164062563217522e-12,4.1656684459475855e-12,4.167274323579698e-12,4.1688801973701004e-12,4.1704860632557475e-12,4.17209192601862e-12,4.173697782588871e-12,4.17530363319524e-12,4.176909481640686e-12,4.178515322516117e-12,4.180121158160124e-12,4.181726988572794e-12,4.183332813754219e-12,4.184938633704485e-12,4.1865444484236815e-12,4.1881502579119e-12,4.1897560621692286e-12,4.191361861195756e-12,4.192967654991574e-12,4.1945734435567695e-12,4.196179226891432e-12,4.1977850049956515e-12,4.1993907778695166e-12,4.200996545513116e-12,4.202602307926543e-12,4.2042080651098805e-12,4.2058138170632234e-12,4.207419563609476e-12,4.2090253051030925e-12,4.210631041518938e-12,4.212236772553186e-12,4.213842498357883e-12,4.215448218933122e-12,4.217053934278986e-12,4.218659644395569e-12,4.220265349282958e-12,4.221871048941243e-12,4.223476743312022e-12,4.225082432512366e-12,4.226688116483876e-12,4.228293795226637e-12,4.2298994687407426e-12,4.2315051370262796e-12,4.2331108000833364e-12,4.2347164579120035e-12,4.2363221105123705e-12,4.237927757884526e-12,4.239533400028558e-12,4.241139036944559e-12,4.242744668632618e-12,4.24435029509282e-12,4.245955916325258e-12,4.24756153233002e-12,4.249167143107193e-12,4.250772748656873e-12,4.252378348979142e-12,4.2539839440740925e-12,4.255589533941814e-12,4.257195118582393e-12,4.258800697995923e-12,4.260406272182492e-12,4.2620118411421855e-12,4.263617404875098e-12,4.265222963381316e-12,4.266828516660928e-12,4.268434064714025e-12,4.2700396075406936e-12,4.271645145141026e-12,4.273250677515109e-12,4.274856204663033e-12,4.2764617265848885e-12,4.278067243280763e-12,4.279672754750745e-12,4.281278260994926e-12,4.282883762013393e-12,4.284489257806238e-12,4.286094748373547e-12,4.287700233715412e-12,4.289305713831921e-12,4.290911188723163e-12,4.292516658389226e-12,4.294122122830201e-12,4.295727582046178e-12,4.297333036037243e-12,4.298938484803486e-12,4.300543929687833e-12,4.30214936916957e-12,4.303754800471563e-12,4.3053602283363444e-12,4.306965650976712e-12,4.308571068392789e-12,4.310176480584667e-12,4.3117818877587184e-12,4.313387289370623e-12,4.314992685863039e-12,4.31659807713149e-12,4.3182034631761344e-12,4.3198088439971395e-12,4.321414219594682e-12,4.323019589968839e-12,4.324624955119873e-12,4.326230315047839e-12,4.3278356697530276e-12,4.329441019261451e-12,4.331046363546956e-12,4.332651702609687e-12,4.334257036449868e-12,4.335862365067505e-12,4.337467688464793e-12,4.3390730066394865e-12,4.340678319591681e-12,4.342283627321463e-12,4.343888929828919e-12,4.34549422711414e-12,4.347099519176713e-12,4.348704806017731e-12,4.35031008763595e-12,4.35191536403312e-12,4.353520635208503e-12,4.355125901162184e-12,4.356731161894253e-12,4.358336417404798e-12,4.3599416676939105e-12,4.361546912761678e-12,4.363152152691188e-12,4.364757387965901e-12,4.366362617370168e-12,4.367967841553451e-12,4.369573060515833e-12,4.371178274257406e-12,4.372783482778258e-12,4.3743886860784796e-12,4.375993884158156e-12,4.3775990770173826e-12,4.3792042646562436e-12,4.380809447074829e-12,4.3824146242732305e-12,4.3840197962515325e-12,4.385624963009831e-12,4.387230119922598e-12,4.388835272422759e-12,4.390440423297681e-12,4.3920455698368795e-12,4.393650710496499e-12,4.395255845936647e-12,4.396860976157408e-12,4.398466101158878e-12,4.40007122094114e-12,4.4016763355042864e-12,4.403281444848403e-12,4.404886548973581e-12,4.4064916478799085e-12,4.4080967415674784e-12,4.4097018300363755e-12,4.41130691328669e-12,4.412911991318512e-12,4.414517064131927e-12,4.416122131727027e-12,4.4177271941039e-12,4.4193322512626395e-12,4.420937303203327e-12,4.422542349926057e-12,4.424147391430919e-12,4.4257524277179975e-12,4.427357458787384e-12,4.428962484639168e-12,4.430567505273438e-12,4.4321725196681876e-12,4.433777529867697e-12,4.435382534849962e-12,4.436987534615069e-12,4.438592529163108e-12,4.440197518494169e-12,4.441802502608337e-12,4.4434074815057025e-12,4.445012455186355e-12,4.4466174236503866e-12,4.448222383329021e-12,4.449827341360465e-12,4.451432294248887e-12,4.453037241901461e-12,4.454642184576198e-12,4.456247121742367e-12,4.457852053692535e-12,4.459456980527445e-12,4.461061902045879e-12,4.462666818351834e-12,4.4642717294388876e-12,4.465876635310386e-12,4.467481535966416e-12,4.46908643140707e-12,4.470691321632435e-12,4.472296206642602e-12,4.473901086437658e-12,4.475505961017694e-12,4.4771108303827936e-12,4.478715694533051e-12,4.480320553468553e-12,4.481925407189391e-12,4.483530255695652e-12,4.485135098987425e-12,4.486739937064797e-12,4.488344769927861e-12,4.489949597576704e-12,4.491554420011414e-12,4.493159237232084e-12,4.494764049238797e-12,4.4963688560316474e-12,4.49797365761072e-12,4.499578453976106e-12,4.501183245127894e-12,4.502788031066173e-12,4.5043928117910315e-12,4.5059975873025585e-12,4.507602357580328e-12,4.509207122665459e-12,4.510811882537527e-12,4.51241663719662e-12,4.514021386643097e-12,4.515626130876503e-12,4.517230869897203e-12,4.518835603705283e-12,4.5204403323008325e-12,4.522045050790519e-12,4.523649767707214e-12,4.5252544798425085e-12,4.5268591875888455e-12,4.52846389012098e-12,4.5300685888238815e-12,4.531673281407847e-12,4.533277968754578e-12,4.534882650441365e-12,4.536487326916512e-12,4.538091998180108e-12,4.539696664232238e-12,4.541301325072442e-12,4.542905980774902e-12,4.544510634285817e-12,4.546115279509338e-12,4.54771982905555e-12,4.549324458839849e-12,4.55092907695651e-12,4.552533701379493e-12,4.554138320532787e-12,4.555742934475506e-12,4.557347543207741e-12,4.558952146729578e-12,4.5605567450411094e-12,4.5621613381424204e-12,4.563765926033599e-12,4.565370508714743e-12,4.5669750861859315e-12,4.568579645866667e-12,4.570184212923935e-12,4.571788774896044e-12,4.5733933316486064e-12,4.574997883071404e-12,4.5766024240505125e-12,4.578206965054578e-12,4.5798115008494e-12,4.581416031435072e-12,4.58302055681168e-12,4.584625076879539e-12,4.5862295918382866e-12,4.587834101588235e-12,4.589438606129478e-12,4.591043105462098e-12,4.592647599586192e-12,4.59425208850184e-12,4.595856572209136e-12,4.59746105070817e-12,4.599065523999028e-12,4.600669992084904e-12,4.602274454963584e-12,4.603878912634588e-12,4.605483365093635e-12,4.607087812344952e-12,4.608692254575591e-12,4.610296691411857e-12,4.611901123040512e-12,4.613505548947335e-12,4.61510996992279e-12,4.616714385933183e-12,4.61831879655642e-12,4.61992320185803e-12,4.621527602248708e-12,4.623131997480958e-12,4.624736387743612e-12,4.626340772425009e-12,4.627945151983909e-12,4.6295495263363195e-12,4.631153895482333e-12,4.632758259422034e-12,4.634362618155516e-12,4.635966971682864e-12,4.637571320004171e-12,4.639175663119522e-12,4.640780001029007e-12,4.642384333732716e-12,4.643988661230736e-12,4.645592983523156e-12,4.647197300610067e-12,4.648801612491555e-12,4.65040591916771e-12,4.652010220638623e-12,4.65361451690438e-12,4.655218807965069e-12,4.65682309382078e-12,4.658427374471602e-12,4.660031649919319e-12,4.661635920160629e-12,4.6632401851973165e-12,4.664844445029471e-12,4.666448699658862e-12,4.6680529490839336e-12,4.66965719330302e-12,4.671261432317924e-12,4.672865666128738e-12,4.674469894735554e-12,4.676074119503409e-12,4.677678337702482e-12,4.67928255069782e-12,4.680886758489511e-12,4.682490961077644e-12,4.684095158462312e-12,4.685699350643594e-12,4.68730353762159e-12,4.68890771939638e-12,4.690511895968058e-12,4.692116067336709e-12,4.693720233502423e-12,4.695324394465292e-12,4.696928550225402e-12,4.698532700479761e-12,4.700136845834621e-12,4.701740985986985e-12,4.703345120954248e-12,4.704949249780334e-12,4.7065533743257564e-12,4.7081574936690425e-12,4.709761607810277e-12,4.711365716955855e-12,4.71296982069326e-12,4.714573919228879e-12,4.7161780136628595e-12,4.717782101795176e-12,4.719386184725975e-12,4.7209902626976665e-12,4.7225943464422235e-12,4.724198413768958e-12,4.725802475888386e-12,4.727406532812896e-12,4.729010584536422e-12,4.730614633221755e-12,4.7322186745435714e-12,4.733822710664668e-12,4.735426741585135e-12,4.737030767305061e-12,4.738634787824532e-12,4.740238803143644e-12,4.741842813262476e-12,4.743446818181126e-12,4.745050820696808e-12,4.746654815228796e-12,4.748258804545822e-12,4.749862787620784e-12,4.751466766539824e-12,4.753070740302296e-12,4.7546747076096725e-12,4.756278670930423e-12,4.757882629051384e-12,4.759486581973043e-12,4.761090529695491e-12,4.76269447221882e-12,4.764298409543113e-12,4.765902341668462e-12,4.767506268594954e-12,4.769110190320972e-12,4.770714106850016e-12,4.772318018180473e-12,4.7739219243124286e-12,4.775525825245969e-12,4.7771297209811835e-12,4.778733611517999e-12,4.780337496856835e-12,4.781941392285049e-12,4.783545267231057e-12,4.785149151896044e-12,4.7867530164455195e-12,4.788356875794848e-12,4.789960729946563e-12,4.791564578900753e-12,4.793168422657502e-12,4.794772259488638e-12,4.796376092855413e-12,4.7979799210203865e-12,4.799583743988276e-12,4.801187561779416e-12,4.802791374353405e-12,4.804395181992796e-12,4.805998984220155e-12,4.807602781203955e-12,4.8092065729912055e-12,4.81081035958199e-12,4.812414140976399e-12,4.814017917174523e-12,4.815621688176454e-12,4.8172254539822715e-12,4.818829214592068e-12,4.820432970005936e-12,4.82203672022396e-12,4.823640459147382e-12,4.825244198974005e-12,4.8268479336050515e-12,4.82845166304061e-12,4.83005538835713e-12,4.831659107393523e-12,4.833262821235241e-12,4.834866529889727e-12,4.836470233349169e-12,4.838073931494645e-12,4.839677624564259e-12,4.841281312439992e-12,4.842884995120134e-12,4.844488672605676e-12,4.8460923448967005e-12,4.847696011993303e-12,4.8492996738955654e-12,4.850903330603579e-12,4.8525069827853385e-12,4.854110629330184e-12,4.8557142704510924e-12,4.857317906377696e-12,4.858921536603906e-12,4.860525162148286e-12,4.8621287824990386e-12,4.863732397528963e-12,4.865336007498322e-12,4.866939612268722e-12,4.868543212738401e-12,4.870146807122336e-12,4.871750396313173e-12,4.873353980311002e-12,4.87495755911591e-12,4.876561132727989e-12,4.87816470114732e-12,4.879768264373999e-12,4.88137182240811e-12,4.882975375249746e-12,4.884578922898993e-12,4.886182465355938e-12,4.88778600262067e-12,4.889389534693281e-12,4.8909930615738555e-12,4.892596583262483e-12,4.894200099759252e-12,4.8958036110642514e-12,4.897407117177572e-12,4.899010618099297e-12,4.900614113829522e-12,4.902217604358479e-12,4.90382108970596e-12,4.905424569862202e-12,4.907028044825716e-12,4.908631514845325e-12,4.910234979326208e-12,4.911838438741332e-12,4.913441892942708e-12,4.915045341953375e-12,4.916648785805574e-12,4.918252224435093e-12,4.9198556578741705e-12,4.921459086122894e-12,4.923062509181353e-12,4.924665927049633e-12,4.926269339727827e-12,4.927872747216021e-12,4.929476149514303e-12,4.931079546622765e-12,4.932682938541492e-12,4.934286327113886e-12,4.935889710511356e-12,4.937493088734827e-12,4.939096461789885e-12,4.940699829666647e-12,4.942303192381747e-12,4.943906549931934e-12,4.945509902314654e-12,4.947113249541485e-12,4.948716591613338e-12,4.9503199285418745e-12,4.951923260320967e-12,4.953526586949224e-12,4.955129908451677e-12,4.956733224818768e-12,4.958336536006671e-12,4.959939840108008e-12,4.961543138890449e-12,4.963146432220924e-12,4.964749720363437e-12,4.9663530033134495e-12,4.9679562810802965e-12,4.969559553659442e-12,4.971162821050978e-12,4.9727660832549884e-12,4.974369340271566e-12,4.975972592096672e-12,4.977575852349553e-12,4.979179093804313e-12,4.9807823300719915e-12,4.982385561152678e-12,4.9839887870464604e-12,4.985592007679852e-12,4.987195223200093e-12,4.9887984335336934e-12,4.990401638680744e-12,4.9920048386409645e-12,4.99360803341518e-12,4.995211223003107e-12,4.996814407404843e-12,4.998417586620468e-12,5.000020762524876e-12,5.001623918171002e-12,5.0032270818288685e-12,5.0048302403081e-12,5.006433393594546e-12,5.008036541692799e-12,5.009639684608176e-12,5.011242822338154e-12,5.012845954882816e-12,5.014449082242256e-12,5.016052204423385e-12,5.017655321411073e-12,5.019258433242716e-12,5.02086153993325e-12,5.0224646411824666e-12,5.024067739831064e-12,5.025670830935e-12,5.027273916125308e-12,5.028876996821696e-12,5.030480072333747e-12,5.0320831422380464e-12,5.033686207381678e-12,5.035289267341238e-12,5.036892322116809e-12,5.038495380054573e-12,5.0400984244624075e-12,5.041701463686517e-12,5.043304497726995e-12,5.044907526583926e-12,5.046510556339458e-12,5.048113576728625e-12,5.049716590033989e-12,5.051319603671963e-12,5.052922608794615e-12,5.054525606670115e-12,5.056128600803498e-12,5.057731588195187e-12,5.059334570427655e-12,5.060937547453933e-12,5.062540519297635e-12,5.064143485958854e-12,5.065746446806862e-12,5.067349402854491e-12,5.068952353968786e-12,5.0705552999009474e-12,5.072158240651065e-12,5.0737611763699725e-12,5.075364106756268e-12,5.076967031960782e-12,5.078569951978824e-12,5.0801728668200455e-12,5.08177578453498e-12,5.083378689013239e-12,5.084981588310157e-12,5.086584482425825e-12,5.088187371360335e-12,5.089790255113768e-12,5.09139313368622e-12,5.092996007077775e-12,5.094598875265366e-12,5.096201738295394e-12,5.097804596144792e-12,5.099407448813646e-12,5.101010287494647e-12,5.102613129802644e-12,5.104215923939386e-12,5.105818755887118e-12,5.107421582654748e-12,5.109024404242366e-12,5.110627220650059e-12,5.1122300318779134e-12,5.113832837943176e-12,5.1154356388116255e-12,5.117038434500498e-12,5.11864122500989e-12,5.120244010339887e-12,5.121846790490575e-12,5.123449565462045e-12,5.125052335254385e-12,5.126655094761987e-12,5.128257854196345e-12,5.12986060845184e-12,5.131463357528558e-12,5.1330661014265814e-12,5.134668840188773e-12,5.136271573729686e-12,5.137874302092175e-12,5.139477025276324e-12,5.14107974328223e-12,5.142682456107567e-12,5.144285163757239e-12,5.145887866228928e-12,5.147490563522721e-12,5.149093255638707e-12,5.1506959425769764e-12,5.152298624337612e-12,5.153901300920706e-12,5.155503972326345e-12,5.157106641350069e-12,5.158709302401058e-12,5.160311958274858e-12,5.161914608971555e-12,5.163517254491239e-12,5.165119894833999e-12,5.166722529999922e-12,5.1683251592740785e-12,5.169927783398692e-12,5.171530402370418e-12,5.17313301682991e-12,5.174735626113007e-12,5.176338230219797e-12,5.177940829150368e-12,5.179543422904808e-12,5.1811460114832025e-12,5.182748594885645e-12,5.184351173112219e-12,5.185953746163015e-12,5.18755631403812e-12,5.1891588767376215e-12,5.190761434261589e-12,5.19236398661013e-12,5.193966533646904e-12,5.195569075644858e-12,5.197171612467651e-12,5.19877414411537e-12,5.200376670588107e-12,5.2019791918859454e-12,5.203581708008977e-12,5.205184218911928e-12,5.206786724685608e-12,5.208389225284741e-12,5.209991720709422e-12,5.211594210959734e-12,5.213196696035767e-12,5.2147991759376095e-12,5.21640165065998e-12,5.218004120213705e-12,5.219606584593502e-12,5.221209043801151e-12,5.222811497833361e-12,5.224413946691907e-12,5.2260163903768816e-12,5.227618828888368e-12,5.229221262226455e-12,5.230823690391236e-12,5.232426113382793e-12,5.234028531201218e-12,5.2356309438465995e-12,5.237233351319023e-12,5.238835753618574e-12,5.2404381507453475e-12,5.242040542699427e-12,5.2436429294809025e-12,5.245245311089861e-12,5.246847687526389e-12,5.2484500587821006e-12,5.25005242487404e-12,5.251654785793811e-12,5.2532571415415105e-12,5.2548594921172186e-12,5.256461837521032e-12,5.258064177753029e-12,5.2596665128133075e-12,5.261268842701947e-12,5.26287116741904e-12,5.264473486964674e-12,5.266075801338936e-12,5.267678110541915e-12,5.269280414573701e-12,5.270882713434379e-12,5.272485007124037e-12,5.2740872956427646e-12,5.275689578990652e-12,5.2772918571677824e-12,5.27889413017425e-12,5.280496398010135e-12,5.28209865989693e-12,5.283700920291706e-12,5.2853031744041835e-12,5.2869054238371375e-12,5.288507665875839e-12,5.290109916153443e-12,5.291712147797684e-12,5.293314374272054e-12,5.294916595576639e-12,5.296518811711523e-12,5.298121022676799e-12,5.299723228472555e-12,5.301325429098877e-12,5.302927624555853e-12,5.304529814843573e-12,5.306131999962124e-12,5.307734179618011e-12,5.309336362577817e-12,5.3109385321770475e-12,5.312540696619774e-12,5.314142855893773e-12,5.315745009999135e-12,5.3173471589359386e-12,5.318949302704278e-12,5.320551439674963e-12,5.322153573211779e-12,5.323755701475257e-12,5.325357824570624e-12,5.326959942497964e-12,5.328562055257365e-12,5.3301641628465264e-12,5.331766265267435e-12,5.333368362520477e-12,5.3349704545798164e-12,5.336572541470998e-12,5.338174623194325e-12,5.33977669975006e-12,5.341378771138434e-12,5.3429808373596644e-12,5.344582898444546e-12,5.3461849543624594e-12,5.3477870051134925e-12,5.3493890506977324e-12,5.35099109111527e-12,5.35259312636619e-12,5.354195156450582e-12,5.355797181368533e-12,5.3573992011201335e-12,5.3590012157054674e-12,5.360603225124628e-12,5.362205229377698e-12,5.363807228464765e-12,5.3654092223859245e-12,5.367011211141257e-12,5.3686131947308546e-12,5.370215173154801e-12,5.371817146413191e-12,5.373419114506104e-12,5.375021077433634e-12,5.376623035195869e-12,5.378224987792893e-12,5.379826935224795e-12,5.3814288774916726e-12,5.3830308145935986e-12,5.384632746530672e-12,5.386234673302973e-12,5.387836594910594e-12,5.389438511353625e-12,5.391040422632147e-12,5.392642328746254e-12,5.394244228551605e-12,5.395846124337148e-12,5.397448014958535e-12,5.399049900415859e-12,5.400651780709204e-12,5.402253655829622e-12,5.403855525795278e-12,5.405457390597218e-12,5.407059250235534e-12,5.408661107077931e-12,5.410262956389252e-12,5.411864800537211e-12,5.413466639521897e-12,5.415068473343399e-12,5.4166703020018025e-12,5.418272125497195e-12,5.419873943829666e-12,5.421475756999305e-12,5.423077565006196e-12,5.424679367850431e-12,5.426281165532094e-12,5.427882958051277e-12,5.429484745408062e-12,5.431086527602543e-12,5.4326883046348054e-12,5.434290076504937e-12,5.435891843213026e-12,5.437493607761409e-12,5.439095367032868e-12,5.4406971210555105e-12,5.442298869813418e-12,5.44390061333074e-12,5.445502351608957e-12,5.447104084636511e-12,5.448705812432714e-12,5.450307534995234e-12,5.451909252345828e-12,5.453510967958746e-12,5.4551126728353226e-12,5.456714372444752e-12,5.4583160668939946e-12,5.45991775618189e-12,5.4615194403091466e-12,5.463121119275857e-12,5.464722793082106e-12,5.466324461727981e-12,5.4679261252135724e-12,5.469527783538968e-12,5.471129436704254e-12,5.4727310847095176e-12,5.474332727554848e-12,5.475934365240333e-12,5.477535997766059e-12,5.479137625132118e-12,5.480739247338592e-12,5.482340864385577e-12,5.48394247627315e-12,5.485544083001406e-12,5.487145684570434e-12,5.488747280980317e-12,5.4903488722311475e-12,5.491950458323008e-12,5.493552039255992e-12,5.495153615327327e-12,5.4967551862092446e-12,5.498356751901776e-12,5.499958312392371e-12,5.501559867691164e-12,5.503161417798917e-12,5.50476296270697e-12,5.50636450242299e-12,5.507966036956533e-12,5.5095675662952655e-12,5.51116909044794e-12,5.512770609406085e-12,5.514372123169329e-12,5.515973631743781e-12,5.517575135130507e-12,5.5191766333299685e-12,5.520778126336503e-12,5.522379614153336e-12,5.523981096788696e-12,5.525582574239543e-12,5.527184046498464e-12,5.528785513573282e-12,5.530386975453024e-12,5.531988432152671e-12,5.533589883660176e-12,5.535191329983426e-12,5.536792771122924e-12,5.5383942070807765e-12,5.539995637849829e-12,5.5415970634309345e-12,5.543198483824972e-12,5.544799899048217e-12,5.546401309086689e-12,5.548002713931638e-12,5.549604113598312e-12,5.55120550807435e-12,5.552806897376443e-12,5.5544082823371265e-12,5.556009662142356e-12,5.557611036792222e-12,5.559212406286806e-12,5.5608137706262035e-12,5.562415129810493e-12,5.5640164827769824e-12,5.565617827153235e-12,5.567219167456553e-12,5.568820506102724e-12,5.570421839377248e-12,5.572023165514874e-12,5.5736244906634e-12,5.575225804448954e-12,5.576827117241305e-12,5.578428421368052e-12,5.580029719376732e-12,5.581631016706696e-12,5.583232308882696e-12,5.5848335959048204e-12,5.5864348777731614e-12,5.588036154487799e-12,5.589637426048826e-12,5.591238692456328e-12,5.592839953710397e-12,5.594441209811115e-12,5.596042460758575e-12,5.597643706552859e-12,5.599244947194059e-12,5.600846182682264e-12,5.602447413017556e-12,5.604048638200026e-12,5.6056498582297645e-12,5.607251073106851e-12,5.608852282831382e-12,5.610453487403439e-12,5.6120546868231154e-12,5.6136558810904955e-12,5.615257070205669e-12,5.6168582541687194e-12,5.618459432979739e-12,5.6200606149950955e-12,5.62166178350221e-12,5.623262946836654e-12,5.624864103565118e-12,5.626465256617268e-12,5.628066404517908e-12,5.6296675479522235e-12,5.631268686302202e-12,5.6328698187451655e-12,5.6344709497206634e-12,5.636072071881821e-12,5.637673191697569e-12,5.639274303549552e-12,5.640875410462984e-12,5.642476512328791e-12,5.644077615222423e-12,5.645678708916267e-12,5.6472797950114495e-12,5.648880875054375e-12,5.650481953222012e-12,5.652083023860519e-12,5.653684089348922e-12,5.65528514968731e-12,5.65688620487577e-12,5.658487254914389e-12,5.6600882998032536e-12,5.6616893395424554e-12,5.6632903741320775e-12,5.664891403572209e-12,5.666492427862941e-12,5.668093447004358e-12,5.6696944609965475e-12,5.671295469839597e-12,5.6728964735335935e-12,5.674497472078627e-12,5.6760984654747866e-12,5.677699453722154e-12,5.6793004368208206e-12,5.680901414770876e-12,5.682502387572405e-12,5.684103355225494e-12,5.685704317730232e-12,5.687305275086711e-12,5.688906227295013e-12,5.690507174355226e-12,5.692108116267287e-12,5.693709053031588e-12,5.695309984648062e-12,5.6969109111168025e-12,5.698511832437891e-12,5.700112748611421e-12,5.701713659637471e-12,5.703314565516135e-12,5.704915466247502e-12,5.7065163618316604e-12,5.7081172522686924e-12,5.709718137558688e-12,5.711319017701733e-12,5.7129198926979196e-12,5.71452076254733e-12,5.716121627250058e-12,5.717722486806184e-12,5.719323341215802e-12,5.720924190478995e-12,5.722525034595855e-12,5.724125873566465e-12,5.725726707390914e-12,5.727327536069293e-12,5.728928359601685e-12,5.73052917798818e-12,5.732129991228881e-12,5.733730799323861e-12,5.735331602273205e-12,5.736932400077003e-12,5.738533192735342e-12,5.7401339802483115e-12,5.741734762615996e-12,5.743335539838483e-12,5.74493631191586e-12,5.7465370788482185e-12,5.7481378406356415e-12,5.749738597278219e-12,5.751339348776038e-12,5.752940095129184e-12,5.754540836337747e-12,5.7561415724018114e-12,5.757742303321472e-12,5.759343029096808e-12,5.7609437497279125e-12,5.762544465214869e-12,5.76414517555777e-12,5.765745880756697e-12,5.767346580811742e-12,5.768947275722991e-12,5.770547965490532e-12,5.772148650114454e-12,5.7737493296404616e-12,5.7753500040230325e-12,5.776950673262677e-12,5.778551337359334e-12,5.780151996312964e-12,5.781752650123766e-12,5.783353298791819e-12,5.784953942317166e-12,5.786554580699934e-12,5.7881552139401605e-12,5.789755842038058e-12,5.791356464993706e-12,5.792957082807242e-12,5.794557695478611e-12,5.796158303008039e-12,5.797758905345897e-12,5.7993595026899644e-12,5.800960096847344e-12,5.802560709319502e-12,5.804161291089828e-12,5.805761867718422e-12,5.80736243920037e-12,5.808963005539773e-12,5.810563566742923e-12,5.8121641228046385e-12,5.81376467372501e-12,5.815365219504121e-12,5.8169657601420635e-12,5.818566295638922e-12,5.820166825994786e-12,5.821767351209739e-12,5.823367871283873e-12,5.824968386217449e-12,5.8265688960102034e-12,5.828169400662397e-12,5.8297699001741196e-12,5.831370394545464e-12,5.832970883776507e-12,5.834571367867345e-12,5.8361718468180596e-12,5.837772320628741e-12,5.839372789299326e-12,5.840973252819962e-12,5.842573711211069e-12,5.844174164460537e-12,5.8457746125723624e-12,5.847375056225488e-12,5.848975494058381e-12,5.8505759244336074e-12,5.852176351987925e-12,5.85377677440309e-12,5.8553771916937496e-12,5.856977602634277e-12,5.858578009632486e-12,5.860178411491891e-12,5.86177880821257e-12,5.863379199794616e-12,5.864979586238238e-12,5.866579967543277e-12,5.868180343709944e-12,5.8697807147383245e-12,5.871381079658098e-12,5.872981440929389e-12,5.874581796538535e-12,5.8761821470146564e-12,5.877782492352926e-12,5.879382832553441e-12,5.880983167616277e-12,5.8825834975415305e-12,5.88418382556848e-12,5.885784145218814e-12,5.887384459731826e-12,5.8889847691076005e-12,5.890585073289808e-12,5.892185358545955e-12,5.89378565251059e-12,5.89538594133834e-12,5.896986225029293e-12,5.898586503617868e-12,5.900186777102247e-12,5.9017869533607786e-12,5.903387215004736e-12,5.904987473013305e-12,5.9065877258855995e-12,5.908187973621709e-12,5.909788216221717e-12,5.911388453685714e-12,5.9129886860137825e-12,5.914588913206017e-12,5.916189135262498e-12,5.917789352183318e-12,5.919389563968564e-12,5.920989770618321e-12,5.9225899721019635e-12,5.9241901684810075e-12,5.925790359724824e-12,5.927390545833505e-12,5.928990726805112e-12,5.930590902643777e-12,5.932191073347563e-12,5.933791238916561e-12,5.935391399350858e-12,5.936991554650538e-12,5.938591704810301e-12,5.940191849841015e-12,5.941791898848144e-12,5.943392033610536e-12,5.944992163238698e-12,5.94659228773282e-12,5.948192407092935e-12,5.949792511813136e-12,5.951392620905541e-12,5.952992724864208e-12,5.954592823689219e-12,5.9561929054905195e-12,5.957792998762288e-12,5.959393082186887e-12,5.960993160478787e-12,5.962593233636863e-12,5.9641933016618084e-12,5.9657933645537135e-12,5.9673934223126615e-12,5.968993475969749e-12,5.970593523165078e-12,5.972193565525683e-12,5.973793602753682e-12,5.9753936348491645e-12,5.976993661812216e-12,5.978593683642921e-12,5.98019370034137e-12,5.98179371190765e-12,5.98339371834185e-12,5.984993719644051e-12,5.986593715814346e-12,5.988193703834569e-12,5.989793689741322e-12,5.991393670516431e-12,5.9929936461599824e-12,5.994593616672061e-12,5.996193582052758e-12,5.997793542302155e-12,5.999393497420346e-12,6.000993447407413e-12,6.0025933922634505e-12,6.004193331988539e-12,6.005793266582765e-12,6.007393196046219e-12,6.0089931203791744e-12,6.010593039581347e-12,6.012192953653007e-12,6.013792862594244e-12,6.015392766405143e-12,6.016992665085797e-12,6.018592558632114e-12,6.02019244705491e-12,6.021792330345338e-12,6.023392208505867e-12,6.024992081541977e-12,6.026591949442966e-12,6.028191811265453e-12,6.0297916689120146e-12,6.03139152142919e-12,6.032991368859995e-12,6.034591211161181e-12,6.036191048332861e-12,6.037790880375193e-12,6.039390707288207e-12,6.040990529072006e-12,6.042590345726751e-12,6.04419015725249e-12,6.04578996364936e-12,6.047389764917466e-12,6.0489895610567635e-12,6.050589352067465e-12,6.052189137949647e-12,6.0537889187033234e-12,6.055388694328718e-12,6.056988464825811e-12,6.058588230194781e-12,6.060187990435613e-12,6.061787745548404e-12,6.063387495489816e-12,6.0649872403035954e-12,6.066586979989831e-12,6.068186714548608e-12,6.069786443980013e-12,6.0713861682841354e-12,6.072985887461061e-12,6.074585601510878e-12,6.076185310433672e-12,6.077785014229534e-12,6.079384712898548e-12,6.0809844064408e-12,6.0825840948563806e-12,6.0841837781453735e-12,6.08578345630787e-12,6.087383129343956e-12,6.0889827972537185e-12,6.0905824600372384e-12,6.092182117694611e-12,6.0937817702259195e-12,6.095381417631256e-12,6.096981059910701e-12,6.098580697064347e-12,6.100180329092278e-12,6.10177995599458e-12,6.103379577771345e-12,6.1049791944226584e-12,6.106578805948586e-12,6.1081784123492385e-12,6.1097780136247e-12,6.11137760977506e-12,6.112977200800403e-12,6.1145767867008124e-12,6.116176367476384e-12,6.1177759431272e-12,6.119375513653351e-12,6.120975079054916e-12,6.122574639331991e-12,6.124174194484665e-12,6.125773744513018e-12,6.127373289417139e-12,6.1289728291971095e-12,6.130572363853025e-12,6.1321718933849696e-12,6.133771417793031e-12,6.1353709370772934e-12,6.1369704512378484e-12,6.138569960274783e-12,6.140169464188182e-12,6.141768962978137e-12,6.143368456644491e-12,6.144967945187806e-12,6.146567428607935e-12,6.148166906904966e-12,6.1497663800789846e-12,6.15136584813008e-12,6.1529653110583356e-12,6.154564768863843e-12,6.1561642215466844e-12,6.157763669106948e-12,6.159363111544724e-12,6.160962548860097e-12,6.162561981053153e-12,6.164161408123986e-12,6.1657608300726724e-12,6.167360246899309e-12,6.168959658603977e-12,6.170559065186766e-12,6.172158466647763e-12,6.1737578629870516e-12,6.175357254663784e-12,6.176956653116545e-12,6.1785560340912e-12,6.180155412655082e-12,6.181754789343163e-12,6.183354155337042e-12,6.184953517823067e-12,6.186552876762207e-12,6.188152227331207e-12,6.189751572392977e-12,6.191350916104296e-12,6.192950250990347e-12,6.194549583957092e-12,6.196148907747377e-12,6.19774822726959e-12,6.199347541670107e-12,6.2009468509626475e-12,6.2025461551259735e-12,6.204145462649635e-12,6.205744756572967e-12,6.20734404537642e-12,6.208943329060082e-12,6.210542607624046e-12,6.212141881068392e-12,6.213741149393208e-12,6.215340412598582e-12,6.2169396706846e-12,6.21853892365135e-12,6.220138171498921e-12,6.2217374142273985e-12,6.223336651836869e-12,6.224935884327422e-12,6.226535111699141e-12,6.228134333952113e-12,6.229733551086429e-12,6.2313327631021696e-12,6.23293196999943e-12,6.2345311717782914e-12,6.236130368438844e-12,6.237729559981173e-12,6.239328746405364e-12,6.240927927863507e-12,6.2425271040516906e-12,6.244126274974428e-12,6.245725438398576e-12,6.2473245990548915e-12,6.248923751091264e-12,6.250522899969655e-12,6.252122045454308e-12,6.2537211813244085e-12,6.2553203162961465e-12,6.256919446426623e-12,6.258518571430128e-12,6.260117691326506e-12,6.261716806105967e-12,6.263315915768597e-12,6.2649150203144846e-12,6.266514119011148e-12,6.268113212615664e-12,6.269712301142219e-12,6.271311384583121e-12,6.2729104629364986e-12,6.2745095362057594e-12,6.27610860440319e-12,6.277707667516124e-12,6.279306725542677e-12,6.28090577849351e-12,6.2825048263552966e-12,6.2841038691409404e-12,6.285702906849115e-12,6.287301939480497e-12,6.288900967022311e-12,6.290499989489369e-12,6.292099006879298e-12,6.2936980191871795e-12,6.29529702642161e-12,6.2968960285853216e-12,6.2984950256662365e-12,6.300094017675365e-12,6.301693004606455e-12,6.303291986471567e-12,6.3048909632465846e-12,6.306489934955788e-12,6.308088901583866e-12,6.3096878628962526e-12,6.3112868190944135e-12,6.31288577017844e-12,6.314484716148419e-12,6.316083657004531e-12,6.317682592722679e-12,6.319281523351457e-12,6.3208804488661105e-12,6.322479369267151e-12,6.324078284554664e-12,6.325677194728738e-12,6.3272760997894585e-12,6.328874999736914e-12,6.33047389457119e-12,6.332072784292374e-12,6.3336716689005525e-12,6.335270548395811e-12,6.336869422778239e-12,6.338468292047921e-12,6.340067158295345e-12,6.3416660195368805e-12,6.343264875741053e-12,6.344863725297691e-12,6.346462569747231e-12,6.348061408343511e-12,6.349660241826393e-12,6.351259070197221e-12,6.35285789345609e-12,6.354456711603083e-12,6.3560555246382875e-12,6.357654332561791e-12,6.359253135373678e-12,6.36085193307404e-12,6.362450725662957e-12,6.364049513140524e-12,6.36564829550682e-12,6.3672470727619355e-12,6.368845844905958e-12,6.370444611938975e-12,6.372043373861074e-12,6.37364213067234e-12,6.375240882372858e-12,6.3768396316860156e-12,6.378438372211544e-12,6.3800371100381254e-12,6.381635840404233e-12,6.38323456850755e-12,6.384833289545403e-12,6.386432005473115e-12,6.3880307162907775e-12,6.389629421998475e-12,6.391228122596297e-12,6.392826818084329e-12,6.394425508462656e-12,6.396024193732545e-12,6.397622873891725e-12,6.39922154894146e-12,6.400820218881844e-12,6.402418883712953e-12,6.4040175434348826e-12,6.4056161980477146e-12,6.407214847698768e-12,6.408813491944037e-12,6.410412131230103e-12,6.412010765407421e-12,6.413609394615014e-12,6.415208018575094e-12,6.416806637426689e-12,6.41840525116988e-12,6.420003859804757e-12,6.421602463331405e-12,6.423201061749916e-12,6.424799655060369e-12,6.426398243262856e-12,6.4279968263574634e-12,6.4295954043442756e-12,6.431193977223384e-12,6.432792544994871e-12,6.434391107658827e-12,6.435989665215335e-12,6.4375882176644836e-12,6.4391867650063576e-12,6.440785307241048e-12,6.442383844368638e-12,6.443982376389219e-12,6.445580903302872e-12,6.447179425109685e-12,6.448777941809749e-12,6.450376453403144e-12,6.451974959889965e-12,6.453573461270292e-12,6.455171957544214e-12,6.4567704487118185e-12,6.458368934773194e-12,6.459967415728422e-12,6.461565891577594e-12,6.463164362320793e-12,6.46476282795811e-12,6.466361289706005e-12,6.467959743420335e-12,6.469558193737416e-12,6.471156638948946e-12,6.472755078930612e-12,6.474353513787016e-12,6.4759519436548696e-12,6.477550368417426e-12,6.4791487880749156e-12,6.4807472026275746e-12,6.482345612075673e-12,6.483944016419468e-12,6.485542415685076e-12,6.4871408098462045e-12,6.488739198903206e-12,6.490337582858175e-12,6.491935961708737e-12,6.4935343354549795e-12,6.495132704096987e-12,6.496731067735282e-12,6.498329426210618e-12,6.499927779539735e-12,6.501526127765679e-12,6.503124470887806e-12,6.504722808906217e-12,6.506321141821001e-12,6.507919466809591e-12,6.509517786310918e-12,6.511116103915354e-12,6.51271441641651e-12,6.5143127238144695e-12,6.515911026109322e-12,6.517509323467298e-12,6.5191076155561936e-12,6.520705902542241e-12,6.5223041844255245e-12,6.5239024612061376e-12,6.52550073288405e-12,6.527098994573921e-12,6.528697256047044e-12,6.530295512417837e-12,6.531893763686389e-12,6.533492009852788e-12,6.5350902509171174e-12,6.5366884868794675e-12,6.538286717739921e-12,6.539884943498568e-12,6.541483164155496e-12,6.5430813797107855e-12,6.54467959016453e-12,6.546277795516811e-12,6.547875995767721e-12,6.549474190917342e-12,6.551072380965761e-12,6.552670565913068e-12,6.554268745662742e-12,6.555866920408076e-12,6.557465090052561e-12,6.5590632545962735e-12,6.560661414039306e-12,6.562259568381749e-12,6.5638577176236784e-12,6.565455861765192e-12,6.567054000806366e-12,6.568652134746095e-12,6.570250263663984e-12,6.57184838745973e-12,6.573446506100435e-12,6.575044619641238e-12,6.57664272808223e-12,6.578240831423492e-12,6.579838929665111e-12,6.581437022807178e-12,6.5830351108497765e-12,6.584633193792994e-12,6.586231271636915e-12,6.5878293443816324e-12,6.5894274120272245e-12,6.591025474573784e-12,6.592623532021394e-12,6.594221584370143e-12,6.595819631620117e-12,6.597417673771406e-12,6.5990157108240895e-12,6.600613742778259e-12,6.602211769634002e-12,6.6038097913913995e-12,6.605407808050545e-12,6.607005819611525e-12,6.608603826074419e-12,6.61020182743932e-12,6.611799823706308e-12,6.613397814875475e-12,6.61499580094691e-12,6.616593780784654e-12,6.6181917569618294e-12,6.6197897277405805e-12,6.6213876934938176e-12,6.62298565426607e-12,6.624583609752914e-12,6.626181560142629e-12,6.6277795052724185e-12,6.629377445468131e-12,6.630975289194773e-12,6.6325732191971266e-12,6.6341711441027835e-12,6.6357690639118325e-12,6.6373669786243576e-12,6.638964888240445e-12,6.640562792760186e-12,6.6421606921836635e-12,6.6437585865113555e-12,6.6453564625722865e-12,6.646954325379317e-12,6.648552204596043e-12,6.650150078539611e-12,6.651747942321306e-12,6.653345806073488e-12,6.6549436647301e-12,6.6565415183539575e-12,6.658139367042842e-12,6.65973721041326e-12,6.661335048688454e-12,6.662932881868509e-12,6.664530709953513e-12,6.666128532943548e-12,6.66772635083871e-12,6.6693241636390795e-12,6.670921971344742e-12,6.6725197739557865e-12,6.674117570866772e-12,6.675715363288841e-12,6.6773131508008326e-12,6.678910936431093e-12,6.680508713579289e-12,6.682106485628459e-12,6.683704252579586e-12,6.6853020151476615e-12,6.686899771911021e-12,6.688497523580627e-12,6.690095270156563e-12,6.691693011638923e-12,6.6932907480277854e-12,6.694888479323242e-12,6.696486205525379e-12,6.69808392663428e-12,6.699681642650037e-12,6.7012793535727275e-12,6.7028770594024474e-12,6.7044747601392786e-12,6.706072455783308e-12,6.707670146334621e-12,6.709267831795017e-12,6.7108655121611616e-12,6.712463187436547e-12,6.714060857619628e-12,6.7156585227086645e-12,6.717256182705503e-12,6.718853837610271e-12,6.720451487422975e-12,6.722049132143744e-12,6.723646771772664e-12,6.72524440630982e-12,6.7268420357552996e-12,6.728439660109187e-12,6.730037279371569e-12,6.731634893542535e-12,6.73323250262217e-12,6.7348301040271405e-12,6.736427702924381e-12,6.73802529591091e-12,6.739622884626093e-12,6.741220468250378e-12,6.742818046783851e-12,6.744415620226598e-12,6.746013188578708e-12,6.747610751840264e-12,6.749208310011351e-12,6.750805862920518e-12,6.752403409802477e-12,6.7540009526918326e-12,6.755598490476951e-12,6.757196023197007e-12,6.758793550829864e-12,6.760391073370108e-12,6.761988590820581e-12,6.763586103181366e-12,6.765183610452544e-12,6.7667811133762e-12,6.7683786091574935e-12,6.7699761038691555e-12,6.771573590787092e-12,6.773171071989452e-12,6.7747685485250225e-12,6.776366020218085e-12,6.777963486775556e-12,6.779560948244204e-12,6.781158404619617e-12,6.782755855910876e-12,6.784353302113568e-12,6.785950743227784e-12,6.787548179253606e-12,6.789145616149317e-12,6.7907430419985954e-12,6.792340462701401e-12,6.793937878389196e-12,6.795535300712246e-12,6.797132718658926e-12,6.798730119068326e-12,6.800327518338809e-12,6.801924906985158e-12,6.8035222920035014e-12,6.805119672062608e-12,6.806717047034362e-12,6.8083144169309305e-12,6.809911781728233e-12,6.81150914143844e-12,6.813106496559295e-12,6.814703846095566e-12,6.816301190535442e-12,6.817898529898128e-12,6.81949586011588e-12,6.821093189305337e-12,6.822690513408302e-12,6.824287832424862e-12,6.825885146355103e-12,6.8274824551991126e-12,6.8290797589487025e-12,6.830677057991143e-12,6.832274354018694e-12,6.8338716425186275e-12,6.835468925932763e-12,6.837066204256656e-12,6.838663477499444e-12,6.840260745656696e-12,6.841858008933054e-12,6.8434552669146424e-12,6.845052547477456e-12,6.846649795293318e-12,6.848247038024072e-12,6.8498442756698005e-12,6.8514415082305935e-12,6.8530387357065344e-12,6.854635958097713e-12,6.856233175404212e-12,6.857830387626123e-12,6.859427594763526e-12,6.8610247968165095e-12,6.862621993785163e-12,6.864219185669568e-12,6.865816372469814e-12,6.867413554185987e-12,6.869010730818172e-12,6.8706079023664595e-12,6.872205086918446e-12,6.873802248299131e-12,6.875399404596173e-12,6.876996557185802e-12,6.878593703315817e-12,6.8801908443624475e-12,6.881787979575511e-12,6.883385110455637e-12,6.884982236252641e-12,6.8865793569666076e-12,6.8881764725976226e-12,6.889773584952437e-12,6.8913706922347196e-12,6.8929677944449e-12,6.894564891587582e-12,6.896161983664077e-12,6.897759070676007e-12,6.899356152628445e-12,6.900953229530998e-12,6.902550301377333e-12,6.904147368185837e-12,6.905744429957191e-12,6.907341486704846e-12,6.9089385384365335e-12,6.910535585157106e-12,6.912132626848427e-12,6.9137296617799894e-12,6.915326692448261e-12,6.916923716600808e-12,6.918520735672042e-12,6.920117749662054e-12,6.9217147585709255e-12,6.923311762398744e-12,6.924908761222544e-12,6.926505777610246e-12,6.928102766195347e-12,6.929699705228028e-12,6.931296684052273e-12,6.932893657395653e-12,6.9344906256585834e-12,6.936087588841926e-12,6.937684546944217e-12,6.939281452669108e-12,6.940878400611258e-12,6.942475343476025e-12,6.944072281258222e-12,6.945669213960575e-12,6.947266141580911e-12,6.948863064123828e-12,6.9504599815871646e-12,6.952056895504414e-12,6.9536538028088284e-12,6.955250714547577e-12,6.956847611693394e-12,6.958444503761055e-12,6.960041390307021e-12,6.961638272215631e-12,6.963235149051408e-12,6.9648320208023075e-12,6.966428888061963e-12,6.968025749655501e-12,6.9696226061704885e-12,6.9712194576070065e-12,6.9728163038964715e-12,6.974413145169118e-12,6.976009981370757e-12,6.977606812048005e-12,6.97920363809349e-12,6.980800459061029e-12,6.9823972749507034e-12,6.983994085959781e-12,6.985590891858688e-12,6.987187692515292e-12,6.9887844880943816e-12,6.9903812785960396e-12,6.991978064020349e-12,6.993574843945678e-12,6.995171619308763e-12,6.996768389626646e-12,6.998365154742439e-12,6.999961914781321e-12,7.001558669743374e-12,7.00315541963062e-12,7.00475216443697e-12,7.006348904169057e-12,7.00794563882466e-12,7.009542368408615e-12,7.01113909291151e-12,7.012735812338184e-12,7.014332526688719e-12,7.015929235962833e-12,7.017525940161349e-12,7.019122659662456e-12,7.0207193111936734e-12,7.022316000164878e-12,7.023912684060461e-12,7.025509363864809e-12,7.027106037609402e-12,7.028702706278634e-12,7.030299369872591e-12,7.031896028969262e-12,7.0334926845547985e-12,7.035089334942996e-12,7.036685980180245e-12,7.038282619681889e-12,7.039879252825968e-12,7.041475883912764e-12,7.043072506907572e-12,7.0446691248278766e-12,7.046265737673768e-12,7.0478623454453274e-12,7.0494589481426454e-12,7.051055545765807e-12,7.052652138314896e-12,7.054248725790004e-12,7.055845310039397e-12,7.057441887366786e-12,7.059038459620447e-12,7.060635026800469e-12,7.062231588906937e-12,7.063828145939937e-12,7.065424697899555e-12,7.067021243210463e-12,7.068617785025421e-12,7.070214321765162e-12,7.071810853732979e-12,7.073407380326983e-12,7.0750039018404965e-12,7.0766004182888585e-12,7.078196929664526e-12,7.079793435967585e-12,7.0813899371981255e-12,7.082986433356229e-12,7.0845829244419865e-12,7.086179410455483e-12,7.0877758913968e-12,7.089372367266025e-12,7.09096883806325e-12,7.092565303788555e-12,7.094161764442027e-12,7.095758220023754e-12,7.09735467053382e-12,7.0989511159051706e-12,7.1005475562631275e-12,7.102143991558729e-12,7.1037404217830195e-12,7.105336846938766e-12,7.10693326702068e-12,7.108529682031538e-12,7.110126091971424e-12,7.111722496840424e-12,7.113318896326736e-12,7.114915320716334e-12,7.116511710369383e-12,7.1181080959572335e-12,7.119704475473002e-12,7.121300849864179e-12,7.122897217244243e-12,7.1244935795033366e-12,7.126089938738074e-12,7.127686292902885e-12,7.129282642008872e-12,7.130878986033875e-12,7.132475324989116e-12,7.134071658874676e-12,7.135667987690641e-12,7.137264311437096e-12,7.138860630114133e-12,7.140456943721831e-12,7.1420532522602776e-12,7.143649547830738e-12,7.145245846099763e-12,7.146842141238137e-12,7.148438429502371e-12,7.150034715198887e-12,7.15163099332365e-12,7.153227265629175e-12,7.15482353361673e-12,7.156419796532881e-12,7.15801605438108e-12,7.159612307163464e-12,7.161208554877649e-12,7.16280479751956e-12,7.164401029554126e-12,7.165997262064172e-12,7.167593491063512e-12,7.169189713437887e-12,7.170785930744565e-12,7.172382142983627e-12,7.173978349113471e-12,7.175574551218518e-12,7.177170748255248e-12,7.17876694020543e-12,7.180363127107702e-12,7.181959308942879e-12,7.183555485711036e-12,7.185151657412266e-12,7.186747823992093e-12,7.188343985559726e-12,7.189940142060689e-12,7.191536295483439e-12,7.1931324496243545e-12,7.1947285909257915e-12,7.196324720747413e-12,7.197920851916305e-12,7.199516979434274e-12,7.201113102023128e-12,7.202709217916234e-12,7.2043053288210136e-12,7.205901435042869e-12,7.207497536089232e-12,7.209093638676553e-12,7.2106897293185824e-12,7.212285814895144e-12,7.213881896496126e-12,7.215477971942005e-12,7.2170740423226794e-12,7.21867010763823e-12,7.220266122692942e-12,7.2218621778925675e-12,7.2234582272047374e-12,7.225054272260803e-12,7.226650312252176e-12,7.228246347178939e-12,7.229842377041184e-12,7.231438401825142e-12,7.233034421094237e-12,7.234630436668927e-12,7.236226446273945e-12,7.23782244978068e-12,7.239418449257605e-12,7.241014443670608e-12,7.2426104333154724e-12,7.2442064173042014e-12,7.245802396521637e-12,7.247398371017838e-12,7.24899433994568e-12,7.250590303976969e-12,7.252186262897044e-12,7.253782216797016e-12,7.2553781656386075e-12,7.256974109417137e-12,7.25857004813269e-12,7.260165981771123e-12,7.261761910360986e-12,7.2633578338881314e-12,7.264953752352646e-12,7.266549665754614e-12,7.268145574094127e-12,7.269741477371263e-12,7.2713373755861125e-12,7.272933268738761e-12,7.274529156829294e-12,7.276125039857797e-12,7.277720917824352e-12,7.279316790729053e-12,7.28091265857198e-12,7.28250852135322e-12,7.284104379072863e-12,7.285700231730987e-12,7.287296079327685e-12,7.28889192186304e-12,7.290487759337139e-12,7.292083591750065e-12,7.293679419101902e-12,7.295275241392741e-12,7.29687105862267e-12,7.29846687079177e-12,7.300062677900127e-12,7.301658479947831e-12,7.303254276934963e-12,7.304850068861613e-12,7.306445855727862e-12,7.308041637533799e-12,7.309637414279508e-12,7.31123318596508e-12,7.312828952590592e-12,7.31442471415614e-12,7.316020470661801e-12,7.317616222107664e-12,7.319211968493819e-12,7.320807709820348e-12,7.322403446087335e-12,7.323999177294867e-12,7.325594903443032e-12,7.327190624531914e-12,7.328786340561599e-12,7.330382051532177e-12,7.331977757443726e-12,7.333573458296336e-12,7.335169154090094e-12,7.336764844825083e-12,7.338360530501388e-12,7.339956211119102e-12,7.341551886678305e-12,7.343147557179081e-12,7.344743222621522e-12,7.346338883005709e-12,7.347934538331728e-12,7.349530188599669e-12,7.351125833809613e-12,7.352721473961645e-12,7.354317109055855e-12,7.355912739092328e-12,7.35750836407115e-12,7.359103983992403e-12,7.36069959885618e-12,7.362295208662558e-12,7.363890813411631e-12,7.365486413103476e-12,7.367082007738184e-12,7.368677597315844e-12,7.370273181836538e-12,7.371868761300353e-12,7.37346433570737e-12,7.375059905057682e-12,7.37665546935137e-12,7.378251028588518e-12,7.379846582769219e-12,7.381442131893555e-12,7.38303767596161e-12,7.384633214973472e-12,7.386228748929228e-12,7.387824277828958e-12,7.389419801672754e-12,7.391015320460698e-12,7.392610834192877e-12,7.394206342869377e-12,7.395801846490285e-12,7.39739734505568e-12,7.398992838565661e-12,7.400588327020303e-12,7.402183810419696e-12,7.403779288763918e-12,7.405374762053066e-12,7.40697023028722e-12,7.408565693466465e-12,7.41016115159089e-12,7.411756604660582e-12,7.413352052675617e-12,7.414947495636092e-12,7.41654293354209e-12,7.418138366393692e-12,7.419733794190989e-12,7.421329216934061e-12,7.422924634623002e-12,7.424520047257889e-12,7.426115454838812e-12,7.427710857365858e-12,7.42930625483911e-12,7.430901647258656e-12,7.432497034624581e-12,7.434092416936967e-12,7.435687794195906e-12,7.437283166401476e-12,7.438878533553772e-12,7.440473895652873e-12,7.442069252698867e-12,7.44366460469184e-12,7.445259951631878e-12,7.446855293519067e-12,7.448450630353491e-12,7.450045962135234e-12,7.451641288864386e-12,7.453236610541029e-12,7.45483192716525e-12,7.456427238737136e-12,7.458022545256774e-12,7.459617846724247e-12,7.461213143139639e-12,7.462808434503041e-12,7.46440372081453e-12,7.4659990020742e-12,7.467594278282134e-12,7.469189549438419e-12,7.470784815543136e-12,7.472380076596376e-12,7.473975332598222e-12,7.475570583548762e-12,7.477165829448076e-12,7.478761070296255e-12,7.480356306093386e-12,7.481951536839552e-12,7.483546762534833e-12,7.485141983179324e-12,7.48673719877311e-12,7.488332409316267e-12,7.489927614808892e-12,7.491522815251065e-12,7.493118010642871e-12,7.494713200984397e-12,7.49630838627573e-12,7.49790356651695e-12,7.49949874170815e-12,7.501093911849414e-12,7.502689076940826e-12,7.504284236982471e-12,7.505879391974436e-12,7.507474541916808e-12,7.509069686809669e-12,7.510664826653101e-12,7.512259961447203e-12,7.513855091192051e-12,7.515450215887728e-12,7.51704533553433e-12,7.518640450131936e-12,7.520235559680633e-12,7.521830664180501e-12,7.523425763631635e-12,7.525020858034113e-12,7.526615947388026e-12,7.528211031693453e-12,7.529806110950488e-12,7.531401185159213e-12,7.532996254319713e-12,7.53459131843207e-12,7.536186377496378e-12,7.537781431512716e-12,7.539376480481172e-12,7.540971524401832e-12,7.542566563274776e-12,7.544161597100101e-12,7.545756625877882e-12,7.547351649608209e-12,7.54894666829117e-12,7.550541681926845e-12,7.552136690515322e-12,7.553731694056688e-12,7.555326692551025e-12,7.556921685998426e-12,7.55851667439897e-12,7.560111657752745e-12,7.561706636059831e-12,7.563301609320321e-12,7.564896577534298e-12,7.566491540701849e-12,7.568086498823056e-12,7.569681451898008e-12,7.571276399926788e-12,7.572871342909483e-12,7.57446628084618e-12,7.57606121373696e-12,7.577656141581916e-12,7.579251064381126e-12,7.580845982134676e-12,7.58244089484266e-12,7.584035802505153e-12,7.585630705122248e-12,7.587225602694023e-12,7.588820495220575e-12,7.590415382701978e-12,7.592010265138326e-12,7.593605142529701e-12,7.595200014876187e-12,7.596794882177873e-12,7.598389744434841e-12,7.599984601647173e-12,7.601579453814964e-12,7.603174300938296e-12,7.604769143017251e-12,7.606363980051922e-12,7.607958812042387e-12,7.609553638988736e-12,7.611148460891052e-12,7.61274327774942e-12,7.614338089563926e-12,7.615932896334662e-12,7.617527698061705e-12,7.61912249474514e-12,7.620717286385063e-12,7.622312072981546e-12,7.623906854534685e-12,7.625501631044558e-12,7.627096402511257e-12,7.628691168934863e-12,7.630285930315462e-12,7.631880686653142e-12,7.633475437947987e-12,7.635070184200078e-12,7.63666492540951e-12,7.63825966157636e-12,7.63985439270072e-12,7.64144911878267e-12,7.643043839822299e-12,7.644638555819692e-12,7.646233266774933e-12,7.64782797268811e-12,7.649422673559304e-12,7.651017369388608e-12,7.6526120601761e-12,7.654206745921866e-12,7.655801426625995e-12,7.657396102288572e-12,7.658990772909683e-12,7.66058543848941e-12,7.662180099027844e-12,7.663774754525065e-12,7.665369404981157e-12,7.666964050396214e-12,7.668558690770313e-12,7.670153326103548e-12,7.671747956395997e-12,7.673342581647746e-12,7.674937201858886e-12,7.676531817029494e-12,7.678126427159663e-12,7.679721032249473e-12,7.681315632299013e-12,7.68291022730837e-12,7.684504817277627e-12,7.686099402206866e-12,7.687693982096178e-12,7.689288556945644e-12,7.690883126755356e-12,7.692477691525391e-12,7.694072251255843e-12,7.69566680594679e-12,7.697261355598327e-12,7.698855900210521e-12,7.700450439783478e-12,7.702044974317271e-12,7.703639503811993e-12,7.705234028267721e-12,7.70682854768455e-12,7.708423062062556e-12,7.710017571401832e-12,7.71161207570246e-12,7.713206574964525e-12,7.714801069188113e-12,7.716395558373309e-12,7.717990042520198e-12,7.71958452162887e-12,7.721178995699405e-12,7.72277346473189e-12,7.724367928726412e-12,7.725962387683057e-12,7.727556841601904e-12,7.729151290483041e-12,7.730745734326559e-12,7.73234017313254e-12,7.733934606901068e-12,7.735529035632228e-12,7.737123459326108e-12,7.738717877982793e-12,7.740312291602365e-12,7.74190670018491e-12,7.743501103730519e-12,7.745095502239272e-12,7.746689895711257e-12,7.748284284146559e-12,7.74987866754526e-12,7.751473045907446e-12,7.753067419233207e-12,7.754661787522629e-12,7.75625615077579e-12,7.757850508992784e-12,7.759444862173687e-12,7.761039210318592e-12,7.762633553427582e-12,7.76422789150074e-12,7.765822224538158e-12,7.767416552539912e-12,7.769010875506092e-12,7.770605193436789e-12,7.772199506332078e-12,7.773793814192048e-12,7.775388117016788e-12,7.776982414806382e-12,7.778576707560914e-12,7.780170995280469e-12,7.781765277965132e-12,7.783359555614988e-12,7.784953828230128e-12,7.786548095810627e-12,7.78814235835658e-12,7.789736615868065e-12,7.791330868345177e-12,7.792925115787991e-12,7.794519358196598e-12,7.79611359557108e-12,7.797707827911525e-12,7.799302055218013e-12,7.800896277490642e-12,7.802490494729484e-12,7.80408470693463e-12,7.805678914106165e-12,7.807273116244177e-12,7.808867313348742e-12,7.810461505419954e-12,7.812055692457897e-12,7.813649874462654e-12,7.815244051434315e-12,7.81683822337296e-12,7.818432390278675e-12,7.820026552151546e-12,7.821620708991662e-12,7.823214860799103e-12,7.824809007573954e-12,7.826403149316305e-12,7.827997286026239e-12,7.82959141770384e-12,7.831185544349196e-12,7.832779665962393e-12,7.834373782543513e-12,7.83596789409264e-12,7.837562000609863e-12,7.839156102095264e-12,7.840750198548932e-12,7.842344289970947e-12,7.843938376361399e-12,7.845532457720377e-12,7.847126534047959e-12,7.848720605344229e-12,7.850314671609276e-12,7.851908732843189e-12,7.853502789046046e-12,7.855096840217939e-12,7.85669088635895e-12,7.85828492746916e-12,7.859878963548661e-12,7.861472994597535e-12,7.863067020615868e-12,7.864661041603748e-12,7.866255057561256e-12,7.867849068488476e-12,7.869443074385495e-12,7.871037075252403e-12,7.872631071089278e-12,7.874225061896208e-12,7.87581904767328e-12,7.877413028420579e-12,7.879007004138186e-12,7.880600974826193e-12,7.882194940484681e-12,7.883788901113733e-12,7.885382856713437e-12,7.886976807283885e-12,7.888570752825153e-12,7.890164693337328e-12,7.891758628820493e-12,7.893352559274741e-12,7.89494648470015e-12,7.896540405096805e-12,7.898134320464798e-12,7.89972823080421e-12,7.901322136115124e-12,7.90291603639763e-12,7.904509931651811e-12,7.906103821877752e-12,7.907697707075537e-12,7.909291587245253e-12,7.910885462386982e-12,7.912479332500815e-12,7.914073197586834e-12,7.915667057645123e-12,7.917260912675768e-12,7.918854762678856e-12,7.92044860765447e-12,7.922042447602696e-12,7.923636282523618e-12,7.925230112417323e-12,7.926823937283894e-12,7.928417757123419e-12,7.930011571935984e-12,7.931605381721673e-12,7.933199186480564e-12,7.934792986212754e-12,7.936386780918319e-12,7.93798057059735e-12,7.939574355249925e-12,7.94116813487614e-12,7.942761909476072e-12,7.944355679049807e-12,7.945949443597433e-12,7.947543203119034e-12,7.949136957614695e-12,7.950730707084502e-12,7.952324451528536e-12,7.953918190946889e-12,7.955511925339639e-12,7.957105654706878e-12,7.958699379048683e-12,7.960293098365147e-12,7.961886812656354e-12,7.963480521922385e-12,7.965074226163328e-12,7.966667925379266e-12,7.968261619570288e-12,7.969855308736478e-12,7.971448992877919e-12,7.973042671994692e-12,7.97463634608689e-12,7.976230015154598e-12,7.977823679197894e-12,7.979417338216868e-12,7.981010992211605e-12,7.98260464118219e-12,7.984198285128708e-12,7.985791924051248e-12,7.987385557949888e-12,7.988979186824717e-12,7.990572810675822e-12,7.99216642950328e-12,7.99376004330718e-12,7.995353652087613e-12,7.99694725584466e-12,7.998540854578404e-12,8.000134448288933e-12,8.001728036976331e-12,8.003321620640684e-12,8.004915199282074e-12,8.006508772900593e-12,8.008102341496318e-12,8.009695905069338e-12,8.011289463619737e-12,8.0128830171476e-12,8.014476565653017e-12,8.016070109136064e-12,8.017663647596837e-12,8.019257181035412e-12,8.020850709451876e-12,8.022444232846319e-12,8.024037751218818e-12,8.025631264569462e-12,8.027224772898338e-12,8.028818276205534e-12,8.030411774491127e-12,8.032005267755205e-12,8.033598755997854e-12,8.035192239219162e-12,8.036785717419207e-12,8.038379190598078e-12,8.039972658755861e-12,8.041566121892638e-12,8.0431595800085e-12,8.044753033103527e-12,8.046346481177806e-12,8.04793992423142e-12,8.049533362264456e-12,8.051126795277e-12,8.052720223269132e-12,8.054313646240942e-12,8.055907064192513e-12,8.057500477123931e-12,8.059093885035281e-12,8.060687287926648e-12,8.062280685798116e-12,8.063874078649773e-12,8.065467466481698e-12,8.06706084929398e-12,8.068654227086706e-12,8.07024759985996e-12,8.07184096761383e-12,8.07343433034839e-12,8.075027688063732e-12,8.076621040759944e-12,8.078214388437107e-12,8.079807731095306e-12,8.081401068734628e-12,8.082994401355155e-12,8.084587728956977e-12,8.086181051540175e-12,8.087774369104832e-12,8.089367681651037e-12,8.090960989178877e-12,8.092554291688435e-12,8.094147589179792e-12,8.095740881653037e-12,8.097334169108257e-12,8.09892745154553e-12,8.100520728964946e-12,8.10211400136659e-12,8.10370726875054e-12,8.105300531116898e-12,8.106893788465732e-12,8.108487040797132e-12,8.110080288111185e-12,8.111673530407977e-12,8.11326676768759e-12,8.114859999950108e-12,8.116453227195624e-12,8.11804644942421e-12,8.119639666635963e-12,8.121232878830961e-12,8.122826086009291e-12,8.124419288171036e-12,8.126012485316286e-12,8.12760567744512e-12,8.129198864557629e-12,8.130792046653893e-12,8.132385223733997e-12,8.133978395798029e-12,8.135571562846074e-12,8.137164724878213e-12,8.138757881894531e-12,8.140351033895123e-12,8.141944180880061e-12,8.143537322849438e-12,8.145130459803332e-12,8.146723591741837e-12,8.148316718665028e-12,8.149909840572998e-12,8.15150295746583e-12,8.153096069343608e-12,8.154689176206416e-12,8.156282278054338e-12,8.157875374887463e-12,8.159468466705875e-12,8.161061553509653e-12,8.16265463529889e-12,8.164247712073669e-12,8.16584078383407e-12,8.167433850580184e-12,8.169026912312092e-12,8.170619969029883e-12,8.172213020733638e-12,8.17380606742344e-12,8.175399109099377e-12,8.176992145761538e-12,8.17858517741e-12,8.180178204044854e-12,8.181771225666181e-12,8.183364242274068e-12,8.184957253868602e-12,8.186550260449862e-12,8.188143262017938e-12,8.189736258572912e-12,8.19132925011487e-12,8.192922236643904e-12,8.194515218160082e-12,8.196108194663501e-12,8.197701166154247e-12,8.199294132632399e-12,8.200887094098043e-12,8.202480050551266e-12,8.204073001992152e-12,8.205665948420785e-12,8.207258889837253e-12,8.208851826241642e-12,8.210444757634029e-12,8.212037684014505e-12,8.213630605383153e-12,8.215223521740058e-12,8.216816433085308e-12,8.21840933941898e-12,8.220002240741167e-12,8.221595137051951e-12,8.223188028351417e-12,8.224780914639651e-12,8.226373795916737e-12,8.227966672182754e-12,8.229559543437795e-12,8.23115240968194e-12,8.232745270915278e-12,8.234338127137891e-12,8.235930978349866e-12,8.237523824551284e-12,8.239116665742235e-12,8.2407095019228e-12,8.242302333093065e-12,8.24389515925311e-12,8.245487980403029e-12,8.247080796542901e-12,8.248673607672812e-12,8.25026641379285e-12,8.251859214903093e-12,8.253452011003633e-12,8.25504480209455e-12,8.25663758817593e-12,8.258230369247858e-12,8.25982314531042e-12,8.261415916363698e-12,8.263008682407782e-12,8.264601443442751e-12,8.266194199468693e-12,8.267786950485692e-12,8.269379696493835e-12,8.2709724374932e-12,8.272565173483879e-12,8.274157904465957e-12,8.275750630439514e-12,8.27734335140464e-12,8.27893606736141e-12,8.280528778309923e-12,8.282121484250254e-12,8.283714185182489e-12,8.285306881106712e-12,8.286899572023013e-12,8.288492257931475e-12,8.290084938832177e-12,8.291677614725213e-12,8.293270285610659e-12,8.294862951488604e-12,8.296455612359137e-12,8.298048268222336e-12,8.299640919078288e-12,8.301233564927078e-12,8.30282620576879e-12,8.304418841603509e-12,8.306011472431319e-12,8.307604098252306e-12,8.309196719066558e-12,8.310789334874154e-12,8.312381945675182e-12,8.313974551469726e-12,8.315567152257872e-12,8.3171597480397e-12,8.318752338815307e-12,8.320344924584763e-12,8.32193750534816e-12,8.32353008110558e-12,8.325122651857108e-12,8.326715217602836e-12,8.328307778342837e-12,8.329900334077207e-12,8.331492884806023e-12,8.333085430529373e-12,8.33467797124734e-12,8.336270506960004e-12,8.337863037667462e-12,8.339455563369791e-12,8.341048084067078e-12,8.342640599759405e-12,8.34423311044686e-12,8.345825616129524e-12,8.347418116807486e-12,8.349010612480824e-12,8.350603103149632e-12,8.352195588813988e-12,8.353788069473979e-12,8.35538054512969e-12,8.356973015781208e-12,8.358565481428608e-12,8.360157942071983e-12,8.36175039771142e-12,8.363342848346997e-12,8.364935293978802e-12,8.36652773460692e-12,8.368120170231434e-12,8.36971260085243e-12,8.371305026469994e-12,8.372897447084209e-12,8.374489862695159e-12,8.376082273302931e-12,8.37767467890761e-12,8.379267079509274e-12,8.380859475108019e-12,8.382451865703922e-12,8.384044251297069e-12,8.385636631887544e-12,8.38722900747543e-12,8.388821378060814e-12,8.390413743643784e-12,8.392006104224422e-12,8.393598459802812e-12,8.395190810379038e-12,8.396783155953186e-12,8.398375496525336e-12,8.399967832095581e-12,8.401560162664003e-12,8.403152488230682e-12,8.404744808795706e-12,8.406337124359164e-12,8.407929434921131e-12,8.409521740481697e-12,8.411114041040952e-12,8.412706336598974e-12,8.414298627155847e-12,8.415890912711657e-12,8.417483193266491e-12,8.419075468820431e-12,8.420667739373559e-12,8.42226000492597e-12,8.423852265477738e-12,8.425444521028953e-12,8.427036771579698e-12,8.428629017130056e-12,8.430221257680117e-12,8.431813493229961e-12,8.433405723779672e-12,8.434997949329339e-12,8.43659016987904e-12,8.438182385428867e-12,8.439774595978902e-12,8.441366801529225e-12,8.442959002079929e-12,8.444551197631093e-12,8.446143388182798e-12,8.447735573735142e-12,8.449327754288193e-12,8.45091992984205e-12,8.452512100396788e-12,8.454104265952496e-12,8.455696426509254e-12,8.457288582067152e-12,8.458880732626274e-12,8.460472878186703e-12,8.462065018748524e-12,8.46365715431182e-12,8.46524928487668e-12,8.466841410443181e-12,8.468433531011418e-12,8.470025646581469e-12,8.471617757153414e-12,8.473209862727347e-12,8.474801963303348e-12,8.476394058881505e-12,8.477986149461898e-12,8.479578235044616e-12,8.481170315629737e-12,8.482762391217354e-12,8.484354461807544e-12,8.485946527400396e-12,8.487538587995994e-12,8.489130643594422e-12,8.490722691134622e-12,8.492314733656373e-12,8.49390677116299e-12,8.495498803654045e-12,8.497090831129455e-12,8.498682853589735e-12,8.500274871035828e-12,8.501866883467359e-12,8.503458890882246e-12,8.505050893286044e-12,8.506642890676694e-12,8.508234883054398e-12,8.509826870418388e-12,8.511418852768418e-12,8.51301083011009e-12,8.51460280243621e-12,8.516194769753927e-12,8.517786732058419e-12,8.519378689351101e-12,8.520970641632065e-12,8.522562588903268e-12,8.52415453116411e-12,8.525746468415548e-12,8.527338400657657e-12,8.528930327891604e-12,8.530522250115154e-12,8.532114167330776e-12,8.53370607953643e-12,8.535297986734624e-12,8.53688988892405e-12,8.538481786105331e-12,8.540073678279353e-12,8.541665565446955e-12,8.54325744760822e-12,8.544849324763253e-12,8.546441196911467e-12,8.548033064052056e-12,8.549624926188964e-12,8.551216783320743e-12,8.552808635445684e-12,8.554400486233375e-12,8.555992332027442e-12,8.557584172827972e-12,8.559176008635055e-12,8.560767839448773e-12,8.562359665269207e-12,8.563951486096447e-12,8.565543301930575e-12,8.567135112771675e-12,8.568726918619832e-12,8.570318719475126e-12,8.571910515337653e-12,8.573502306207486e-12,8.575094092084715e-12,8.576685872969422e-12,8.578277648861696e-12,8.579869419761615e-12,8.581461185669267e-12,8.583052946584737e-12,8.58464470250811e-12,8.586236453439467e-12,8.587828199378897e-12,8.589419940326479e-12,8.5910116762823e-12,8.592603407246448e-12,8.594195133219004e-12,8.595786854200055e-12,8.59737857018968e-12,8.59897028118797e-12,8.600561987195006e-12,8.602153688210872e-12,8.603745384235652e-12,8.605337075269434e-12,8.606928761312297e-12,8.608520442364333e-12,8.610112118425618e-12,8.611703789496242e-12,8.613295455576287e-12,8.61488711666584e-12,8.616478772764981e-12,8.618070423873803e-12,8.619662069992382e-12,8.621253711120805e-12,8.622845347259153e-12,8.624436978407519e-12,8.62602860456598e-12,8.627620225734622e-12,8.629211841913535e-12,8.630803453102798e-12,8.632395059302499e-12,8.633986660512715e-12,8.635578256733535e-12,8.637169847965047e-12,8.638761434207327e-12,8.640353015460463e-12,8.641944591724546e-12,8.643536162999655e-12,8.64512772928587e-12,8.64671929058328e-12,8.648310846891973e-12,8.649902398212032e-12,8.651493944543536e-12,8.653085485886575e-12,8.65467702224123e-12,8.656268553607585e-12,8.657860079985723e-12,8.659451601375733e-12,8.661043117777698e-12,8.662634629191703e-12,8.664226135617834e-12,8.665817637056168e-12,8.667409133506797e-12,8.669000624969805e-12,8.67059211144527e-12,8.672183592933282e-12,8.673775069433922e-12,8.675366540947279e-12,8.676958007473434e-12,8.67854946901247e-12,8.680140925564474e-12,8.68173237712953e-12,8.683323823707722e-12,8.684915265299135e-12,8.686506701903849e-12,8.688098133521957e-12,8.68968956015354e-12,8.691280981798676e-12,8.692872398457457e-12,8.694463810129963e-12,8.696055216816282e-12,8.697646618516494e-12,8.699238015230687e-12,8.700829406958943e-12,8.702420793701349e-12,8.704012175457986e-12,8.70560355222894e-12,8.707194924014295e-12,8.708786290814137e-12,8.710377652628547e-12,8.711969009504501e-12,8.713560361395466e-12,8.715151708301503e-12,8.716743050222675e-12,8.7183343871591e-12,8.719925719110846e-12,8.721517046077991e-12,8.723108368060611e-12,8.724699685058805e-12,8.72629099707264e-12,8.727882304102182e-12,8.72947360614755e-12,8.731064903208843e-12,8.732656195286134e-12,8.734247482379435e-12,8.73583876448892e-12,8.737430041614645e-12,8.73902131375668e-12,8.740612580915142e-12,8.742203843090017e-12,8.743795100281495e-12,8.745386352489632e-12,8.746977599714462e-12,8.748568841956132e-12,8.750160079214689e-12,8.751751311490206e-12,8.753342538782837e-12,8.754933761092546e-12,8.756524978419494e-12,8.75811619076377e-12,8.75970739812546e-12,8.76129860050462e-12,8.762889797901328e-12,8.764480990315669e-12,8.766072177747767e-12,8.767663360197679e-12,8.769254537665442e-12,8.770845710151195e-12,8.772436877563872e-12,8.774028039999976e-12,8.775619197458726e-12,8.777210349940714e-12,8.778801497446659e-12,8.780392639975915e-12,8.781983777528326e-12,8.783574910104271e-12,8.785166037705334e-12,8.786757160329827e-12,8.788348277978637e-12,8.789939390651649e-12,8.791530498349078e-12,8.793121601071378e-12,8.794712698818847e-12,8.796303791591249e-12,8.797894879388345e-12,8.799485962211128e-12,8.801077040059175e-12,8.80266811293295e-12,8.804259180832745e-12,8.805850243759053e-12,8.807441301711388e-12,8.809032354689992e-12,8.810623402693981e-12,8.812214445725315e-12,8.813805483783046e-12,8.815396516868951e-12,8.816987544980992e-12,8.818578568120298e-12,8.820169586287933e-12,8.82176059948236e-12,8.823351607705826e-12,8.824942610957507e-12,8.826533609236789e-12
20,2.970365679104913e-23,6.594102355889274e-23,1.0572334822700903e-22,1.4773763345237613e-22,1.9117551230863234e-22,2.3552232742563215e-22,2.804495275967729e-22,3.2574732468900896e-22,3.7128176148584027e-22,4.1696730140536965e-22,4.627493262060007e-22,5.085929601389736e-22,5.544759337606536e-22,6.003840272152137e-22,6.463081606035959e-22,6.922425360775201e-22,7.381834514983913e-22,7.841285429150539e-22,8.300763008580515e-22,8.760257614758368e-22,9.219763093138682e-22,9.679275513818687e-22,1.013879236741145e-21,1.0598312051581455e-21,1.1057833543178756e-21,1.1517356188884635e-21,1.1976879571531105e-21,1.2436403424741172e-21,1.2895927578423335e-21,1.335545192396793e-21,1.3814976392023709e-21,1.4274500938307386e-21,1.4734025534542437e-21,1.5193550162673271e-21,1.5653074811170728e-21,1.611259947267303e-21,1.6572124142479379e-21,1.7031648817588177e-21,1.7491173496082777e-21,1.7950698176739343e-21,1.8410222858776405e-21,1.8869747541694953e-21,1.932927222517637e-21,1.97887969090172e-21,2.0248321593087513e-21,2.070784627730438e-21,2.116737096161481e-21,2.1626895645985015e-21,2.2086420330393345e-21,2.2545945014826034e-21,2.300546969927427e-21,2.346499438373242e-21,2.3924519068196928e-21,2.4384043752665488e-21,2.4843568437136643e-21,2.5303093121609446e-21,2.576261780608331e-21,2.622214249055789e-21,2.6681667175032855e-21,2.71411918595081e-21,2.7600716543983524e-21,2.806024122845905e-21,2.8519765912934664e-21,2.897929059741032e-21,2.9438815281886e-21,2.9898339966361714e-21,3.0357864650837417e-21,3.081738933531313e-21,3.1276914019788843e-21,3.173643870426453e-21,3.2195963388740257e-21,3.2655488073215968e-21,3.3115012757691675e-21,3.3574537442167393e-21,3.40340621266431e-21,3.449358681111884e-21,3.495311149559456e-21,3.541263618007027e-21,3.5872160864546e-21,3.633168554902172e-21,3.6791210233497456e-21,3.7250734917973186e-21,3.771025960244892e-21,3.816978428692465e-21,3.862930897140043e-21,3.908883365587615e-21,3.954835834035188e-21,4.000788302482761e-21,4.046740770930334e-21,4.092693239377905e-21,4.1386457078254775e-21,4.18459817627305e-21,4.2305506447206235e-21,4.276503113168196e-21,4.322455581615772e-21,4.368408050063344e-21,4.414360518510915e-21,4.460312986958489e-21,4.5062654554060635e-21,4.552217923853638e-21,4.598170392301211e-21,4.6441228607487854e-21,4.690075329196361e-21,4.7360277976439374e-21,4.7819802660915126e-21,4.827932734539089e-21,4.873885202986664e-21,4.919837671434239e-21,4.9657901398818135e-21,5.011742608329385e-21,5.057695076776959e-21,5.103647545224531e-21,5.149600013672103e-21,5.1955524821196746e-21,5.241504950567249e-21,5.287457419014822e-21,5.333409887462396e-21,5.3793623559099725e-21,5.425314824357545e-21,5.471267292805118e-21,5.51721976125269e-21,5.563172229700266e-21,5.6091246981478366e-21,5.655077166595409e-21,5.701029635042983e-21,5.7469821034905555e-21,5.792934571938131e-21,5.838887040385699e-21,5.884839508833274e-21,5.9307919772808466e-21,5.976744445728419e-21,6.022696914175993e-21,6.068649382623567e-21,6.114601851071138e-21,6.1605543195187114e-21,6.206506787966285e-21,6.252459256413858e-21,6.298411724861432e-21,6.3443641933090055e-21,6.390316661756577e-21,6.436269130204148e-21,6.482221598651721e-21,6.5281740670992914e-21,6.574126535546865e-21,6.620079003994438e-21,6.666031472442012e-21,6.711983940889583e-21,6.757936409337157e-21,6.803888877784734e-21,6.849841346232306e-21,6.895793814679881e-21,6.94174628312745e-21,6.987698751575026e-21,7.033651220022601e-21,7.079603688470175e-21,7.125556156917747e-21,7.171508625365319e-21,7.217461093812893e-21,7.263413562260471e-21,7.309366030708048e-21,7.355318499155624e-21,7.401270967603198e-21,7.447223436050772e-21,7.493175904498343e-21,7.539128372945918e-21,7.585080841393491e-21,7.631033309841065e-21,7.676985778288637e-21,7.722938246736213e-21,7.768890715183785e-21,7.81484318363136e-21,7.860795652078935e-21,7.906748120526509e-21,7.952700588974083e-21,7.998653057421656e-21,8.04460552586923e-21,8.090557994316805e-21,8.136510462764379e-21,8.182462931211951e-21,8.228415399659527e-21,8.274367868107103e-21,8.320320336554675e-21,8.366272805002248e-21,8.412225273449826e-21,8.4581777418974e-21,8.50413021034497e-21,8.550082678792544e-21,8.596035147240118e-21,8.641987615687692e-21,8.687940084135265e-21,8.733892552582839e-21,8.779845021030414e-21,8.825797489477988e-21,8.87174995792556e-21,8.917702426373137e-21,8.96365489482071e-21,9.009607363268284e-21,9.055559831715858e-21,9.101512300163433e-21,9.147464768611008e-21,9.193417237058578e-21,9.239369705506151e-21,9.285322173953724e-21,9.331274642401294e-21,9.37722711084886e-21,9.423179579296431e-21,9.469132047744e-21,9.515084516191571e-21,9.561036984639142e-21,9.606989453086713e-21,9.652941921534283e-21,9.698894389981855e-21,9.744846858429423e-21,9.790799326876995e-21,9.836751795324568e-21,9.88270426377214e-21,9.92865673221971e-21,9.974609200667286e-21,1.0020561669114858e-20,1.0066514137562427e-20,1.0112466606009998e-20,1.0158419074457573e-20,1.0204371542905145e-20,1.0250324011352716e-20,1.0296276479800288e-20,1.0342228948247859e-20,1.0388181416695433e-20,1.0434133885143008e-20,1.0480086353590579e-20,1.0526038822038154e-20,1.0571991290485729e-20,1.0617943758933301e-20,1.0663896227380872e-20,1.0709848695828447e-20,1.075580116427602e-20,1.0801753632723595e-20,1.0847706101171168e-20,1.089365856961874e-20,1.0939611038066313e-20,1.0985563506513885e-20,1.1031515974961459e-20,1.1077468443409034e-20,1.1123420911856603e-20,1.1169373380304177e-20,1.1215325848751749e-20,1.1261278317199327e-20,1.1307230785646904e-20,1.135318325409448e-20,1.1399135722542053e-20,1.1445088190989625e-20,1.1491040659437197e-20,1.1536993127884773e-20,1.1582945596332345e-20,1.1628898064779923e-20,1.1674850533227497e-20,1.172080300167507e-20,1.1766755470122647e-20,1.181270793857022e-20,1.1858660407017795e-20,1.190461287546537e-20,1.1950565343912942e-20,1.1996517812360513e-20,1.2042470280808085e-20,1.2088422749255663e-20,1.2134375217703237e-20,1.2180327686150808e-20,1.2226280154598383e-20,1.2272232623045955e-20,1.2318185091493527e-20,1.23641375599411e-20,1.2410090028388675e-20,1.245604249683625e-20,1.2501994965283821e-20,1.2547947433731398e-20,1.2593899902178968e-20,1.263985237062654e-20,1.2685804839074113e-20,1.2731757307521685e-20,1.2777709775969257e-20,1.2823662244416831e-20,1.2869614712864403e-20,1.2915567181311972e-20,1.2961519649759543e-20,1.3007472118207115e-20,1.3053424586654683e-20,1.3099377055102258e-20,1.314532952354983e-20,1.31912819919974e-20,1.323723446044497e-20,1.3283186928892542e-20,1.3329139397340113e-20,1.3375091865787682e-20,1.3421044334235255e-20,1.3466996802682833e-20,1.3512949271130402e-20,1.355890173957797e-20,1.3604854208025546e-20,1.365080667647312e-20,1.3696759144920703e-20,1.3742711613368278e-20,1.378866408181585e-20,1.383461655026343e-20,1.3880569018711004e-20,1.3926521487158576e-20,1.3972473955606145e-20,1.4018426424053717e-20,1.4064378892501293e-20,1.4110331360948862e-20,1.4156283829396434e-20,1.420223629784401e-20,1.4248188766291585e-20,1.4294141234739157e-20,1.4340093703186732e-20,1.438604617163431e-20,1.443199864008188e-20,1.4477951108529452e-20,1.4523903576977027e-20,1.4569856045424596e-20,1.461580851387217e-20,1.4661760982319743e-20,1.470771345076732e-20,1.475366591921489e-20,1.4799618387662463e-20,1.4845570856110035e-20,1.4891523324557614e-20,1.4937475793005183e-20,1.4983428261452758e-20,1.502938072990033e-20,1.5075333198347905e-20,1.512128566679548e-20,1.5167238135243062e-20,1.5213190603690637e-20,1.5259143072138215e-20,1.5305095540585794e-20,1.5351048009033372e-20,1.5397000477480944e-20,1.544295294592852e-20,1.5488905414376095e-20,1.553485788282367e-20,1.5580810351271245e-20,1.562676281971882e-20,1.5672715288166398e-20,1.5718667756613974e-20,1.5764620225061552e-20,1.581057269350913e-20,1.5856525161956702e-20,1.5902477630404278e-20,1.594843009885185e-20,1.5994382567299428e-20,1.6040335035747006e-20,1.6086287504194578e-20,1.6132239972642157e-20,1.6178192441089735e-20,1.622414490953731e-20,1.6270097377984888e-20,1.631604984643246e-20,1.636200231488004e-20,1.640795478332761e-20,1.645390725177519e-20,1.6499859720222768e-20,1.6545812188670343e-20,1.6591764657117915e-20,1.6637717125565487e-20,1.6683669594013065e-20,1.6729622062460638e-20,1.6775574530908213e-20,1.6821526999355788e-20,1.6867479467803363e-20,1.6913431936250942e-20,1.695938440469852e-20,1.7005336873146092e-20,1.7051289341593658e-20,1.709724181004123e-20,1.7143194278488803e-20,1.7189146746936372e-20,1.7235099215383944e-20,1.7281051683831513e-20,1.7327004152279085e-20,1.7372956620726655e-20,1.7418909089174224e-20,1.7464861557621793e-20,1.7510814026069362e-20,1.7556766494516934e-20,1.7602718962964504e-20,1.7648671431412073e-20,1.7694623899859645e-20,1.7740576368307214e-20,1.7786528836754787e-20,1.7832481305202356e-20,1.7878433773649928e-20,1.79243862420975e-20,1.7970338710545075e-20,1.801629117899265e-20,1.806224364744022e-20,1.8108196115887795e-20,1.815414858433537e-20,1.8200101052782945e-20,1.8246053521230518e-20,1.8292005989678093e-20,1.8337958458125665e-20,1.838391092657324e-20,1.8429863395020813e-20,1.8475815863468385e-20,1.8521768331915963e-20,1.8567720800363532e-20,1.8613673268811107e-20,1.865962573725868e-20,1.870557820570625e-20,1.8751530674153818e-20,1.879748314260139e-20,1.8843435611048963e-20,1.8889388079496532e-20,1.8935340547944104e-20,1.898129301639168e-20,1.9027245484839245e-20,1.907319795328682e-20,1.9119150421734393e-20,1.9165102890181968e-20,1.921105535862954e-20,1.925700782707711e-20,1.9302960295524685e-20,1.9348912763972254e-20,1.9394865232419826e-20,1.9440817700867404e-20,1.9486770169314977e-20,1.9532722637762555e-20,1.9578675106210133e-20,1.9624627574657705e-20,1.9670580043105295e-20,1.9716532511552862e-20,1.9762484980000437e-20,1.980843744844801e-20,1.9854389916895587e-20,1.9900342385343154e-20,1.9946294853790726e-20,1.9992247322238304e-20,2.0038199790685876e-20,2.0084152259133454e-20,2.0130104727581033e-20,2.0176057196028602e-20,2.0222009664476174e-20,2.0267962132923752e-20,2.031391460137133e-20,2.0359867069818906e-20,2.040581953826648e-20,2.0451772006714047e-20,2.049772447516162e-20,2.0543676943609195e-20,2.0589629412056758e-20,2.0635581880504333e-20,2.06815343489519e-20,2.072748681739947e-20,2.077343928584704e-20,2.0819391754294616e-20,2.0865344222742182e-20,2.0911296691189757e-20,2.095724915963733e-20,2.1003201628084896e-20,2.1049154096532474e-20,2.1095106564980052e-20,2.1141059033427624e-20,2.1187011501875197e-20,2.123296397032278e-20,2.1278916438770353e-20,2.1324868907217922e-20,2.1370821375665495e-20,2.141677384411306e-20,2.1462726312560636e-20,2.150867878100821e-20,2.1554631249455786e-20,2.1600583717903362e-20,2.1646536186350928e-20,2.16924886547985e-20,2.1738441123246078e-20,2.1784393591693647e-20,2.1830346060141226e-20,2.1876298528588792e-20,2.1922250997036364e-20,2.196820346548394e-20,2.2014155933931515e-20,2.206010840237908e-20,2.2106060870826668e-20,2.2152013339274234e-20,2.2197965807721806e-20,2.2243918276169385e-20,2.2289870744616963e-20,2.2335823213064535e-20,2.2381775681512113e-20,2.242772814995968e-20,2.2473680618407258e-20,2.2519633086854833e-20,2.2565585555302408e-20,2.2611538023749983e-20,2.265749049219756e-20,2.2703442960645134e-20,2.2749395429092712e-20,2.2795347897540284e-20,2.2841300365987863e-20,2.2887252834435435e-20,2.2933205302883013e-20,2.297915777133058e-20,2.3025110239778157e-20,2.3071062708225736e-20,2.3117015176673317e-20,2.31629676451209e-20,2.3208920113568476e-20,2.3254872582016055e-20,2.3300825050463633e-20,2.33467775189112e-20,2.3392729987358774e-20,2.343868245580635e-20,2.348463492425392e-20,2.3530587392701485e-20,2.3576539861149057e-20,2.3622492329596635e-20,2.3668444798044208e-20,2.371439726649178e-20,2.3760349734939352e-20,2.3806302203386924e-20,2.3852254671834502e-20,2.3898207140282072e-20,2.394415960872966e-20,2.3990112077177225e-20,2.403606454562481e-20,2.4082017014072376e-20,2.4127969482519948e-20,2.4173921950967517e-20,2.4219874419415083e-20,2.426582688786266e-20,2.4311779356310222e-20,2.4357731824757797e-20,2.440368429320537e-20,2.4449636761652944e-20,2.4495589230100523e-20,2.4541541698548095e-20,2.4587494166995667e-20,2.4633446635443245e-20,2.4679399103890823e-20,2.4725351572338396e-20,2.4771304040785968e-20,2.4817256509233552e-20,2.4863208977681118e-20,2.490916144612869e-20,2.495511391457627e-20,2.5001066383023835e-20,2.5047018851471407e-20,2.509297131991898e-20,2.5138923788366555e-20,2.5184876256814127e-20,2.5230828725261693e-20,2.5276781193709265e-20,2.5322733662156837e-20,2.53686861306044e-20,2.541463859905198e-20,2.5460591067499557e-20,2.550654353594713e-20,2.5552496004394702e-20,2.5598448472842274e-20,2.5644400941289846e-20,2.5690353409737424e-20,2.5736305878184996e-20,2.5782258346632563e-20,2.582821081508014e-20,2.5874163283527713e-20,2.592011575197528e-20,2.5966068220422857e-20,2.6012020688870427e-20,2.6057973157318e-20,2.6103925625765577e-20,2.614987809421315e-20,2.6195830562660725e-20,2.6241783031108303e-20,2.6287735499555875e-20,2.6333687968003447e-20,2.6379640436451025e-20,2.6425592904898598e-20,2.6471545373346176e-20,2.6517497841793754e-20,2.6563450310241326e-20,2.6609402778688905e-20,2.6655355247136477e-20,2.6701307715584043e-20,2.6747260184031615e-20,2.6793212652479184e-20,2.6839165120926757e-20,2.6885117589374338e-20,2.6931070057821916e-20,2.6977022526269488e-20,2.7022974994717055e-20,2.706892746316463e-20,2.71148799316122e-20,2.716083240005977e-20,2.720678486850735e-20,2.7252737336954916e-20,2.7298689805402494e-20,2.734464227385006e-20,2.739059474229764e-20,2.743654721074521e-20,2.748249967919278e-20,2.752845214764036e-20,2.7574404616087933e-20,2.7620357084535505e-20,2.766630955298308e-20,2.7712262021430644e-20,2.7758214489878216e-20,2.780416695832579e-20,2.7850119426773366e-20,2.789607189522094e-20,2.794202436366851e-20,2.7987976832116083e-20,2.8033929300563655e-20,2.807988176901123e-20,2.8125834237458806e-20,2.8171786705906366e-20,2.8217739174353944e-20,2.8263691642801516e-20,2.830964411124909e-20,2.835559657969666e-20,2.8401549048144245e-20,2.844750151659181e-20,2.849345398503939e-20,2.8539406453486956e-20,2.8585358921934534e-20,2.86313113903821e-20,2.867726385882967e-20,2.8723216327277245e-20,2.8769168795724817e-20,2.881512126417239e-20,2.886107373261997e-20,2.8907026201067545e-20,2.895297866951511e-20,2.899893113796268e-20,2.904488360641025e-20,2.909083607485782e-20,2.9136788543305407e-20,2.918274101175297e-20,2.922869348020055e-20,2.927464594864812e-20,2.932059841709569e-20,2.936655088554326e-20,2.941250335399084e-20,2.945845582243841e-20,2.9504408290885984e-20,2.9550360759333556e-20,2.959631322778113e-20,2.9642265696228707e-20,2.968821816467628e-20,2.973417063312385e-20,2.9780123101571424e-20,2.9826075570018996e-20,2.987202803846657e-20,2.9917980506914134e-20,2.9963932975361706e-20,3.000988544380929e-20,3.005583791225686e-20,3.010179038070443e-20,3.014774284915201e-20,3.019369531759958e-20,3.023964778604716e-20,3.028560025449473e-20,3.03315527229423e-20,3.0377505191389874e-20,3.042345765983745e-20,3.046941012828503e-20,3.05153625967326e-20,3.056131506518017e-20,3.060726753362774e-20,3.065322000207531e-20,3.069917247052288e-20,3.0745124938970464e-20,3.0791077407418036e-20,3.08370298758656e-20,3.0882982344313175e-20,3.0928934812760747e-20,3.0974887281208325e-20,3.102083974965589e-20,3.106679221810347e-20,3.111274468655105e-20,3.115869715499862e-20,3.12046496234462e-20,3.1250602091893777e-20,3.129655456034134e-20,3.134250702878893e-20,3.138845949723649e-20,3.143441196568407e-20,3.148036443413163e-20,3.152631690257921e-20,3.157226937102678e-20,3.161822183947436e-20,3.166417430792193e-20,3.171012677636951e-20,3.175607924481708e-20,3.180203171326465e-20,3.184798418171222e-20,3.18939366501598e-20,3.1939889118607366e-20,3.1985841587054944e-20,3.2031794055502504e-20,3.2077746523950076e-20,3.212369899239765e-20,3.2169651460845227e-20,3.2215603929292793e-20,3.226155639774037e-20,3.230750886618794e-20,3.2353461334635516e-20,3.239941380308309e-20,3.2445366271530666e-20,3.249131873997824e-20,3.253727120842581e-20,3.258322367687338e-20,3.262917614532097e-20,3.267512861376854e-20,3.272108108221611e-20,3.276703355066368e-20,3.281298601911125e-20,3.2858938487558816e-20,3.29048909560064e-20,3.295084342445397e-20,3.2996795892901557e-20,3.304274836134912e-20,3.308870082979669e-20,3.313465329824426e-20,3.3180605766691834e-20,3.32265582351394e-20,3.327251070358697e-20,3.331846317203454e-20,3.336441564048211e-20,3.3410368108929677e-20,3.345632057737725e-20,3.350227304582482e-20,3.35482255142724e-20,3.3594177982719966e-20,3.364013045116754e-20,3.3686082919615116e-20,3.373203538806269e-20,3.377798785651026e-20,3.3823940324957827e-20,3.38698927934054e-20,3.391584526185297e-20,3.396179773030054e-20,3.400775019874811e-20,3.4053702667195676e-20,3.4099655135643254e-20,3.4145607604090826e-20,3.4191560072538404e-20,3.4237512540985977e-20,3.428346500943355e-20,3.4329417477881133e-20,3.4375369946328705e-20,3.442132241477628e-20,3.4467274883223856e-20,3.451322735167142e-20,3.4559179820119e-20,3.460513228856657e-20,3.4651084757014145e-20,3.4697037225461717e-20,3.474298969390929e-20,3.478894216235686e-20,3.4834894630804433e-20,3.4880847099252e-20,3.4926799567699584e-20,3.4972752036147156e-20,3.501870450459472e-20,3.5064656973042294e-20,3.5110609441489867e-20,3.515656190993745e-20,3.520251437838502e-20,3.524846684683259e-20,3.529441931528015e-20,3.534037178372773e-20,3.53863242521753e-20,3.543227672062287e-20,3.5478229189070444e-20,3.5524181657518017e-20,3.5570134125965595e-20,3.561608659441317e-20,3.5662039062860745e-20,3.570799153130833e-20,3.5753943999755884e-20,3.579989646820346e-20,3.5845848936651034e-20,3.5891801405098606e-20,3.5937753873546185e-20,3.598370634199376e-20,3.602965881044133e-20,3.6075611278888895e-20,3.6121563747336473e-20,3.616751621578405e-20,3.621346868423162e-20,3.625942115267919e-20,3.6305373621126774e-20,3.6351326089574347e-20,3.6397278558021925e-20,3.64432310264695e-20,3.648918349491707e-20,3.6535135963364635e-20,3.65810884318122e-20,3.662704090025977e-20,3.667299336870734e-20,3.671894583715492e-20,3.676489830560249e-20,3.681085077405007e-20,3.685680324249764e-20,3.690275571094522e-20,3.694870817939279e-20,3.6994660647840364e-20,3.704061311628794e-20,3.708656558473552e-20,3.713251805318309e-20,3.717847052163067e-20,3.722442299007825e-20,3.727037545852582e-20,3.73163279269734e-20,3.736228039542098e-20,3.740823286386855e-20,3.745418533231612e-20,3.750013780076369e-20,3.754609026921126e-20,3.7592042737658845e-20,3.7637995206106417e-20,3.7683947674553995e-20,3.7729900143001555e-20,3.777585261144914e-20,3.782180507989671e-20,3.786775754834428e-20,3.791371001679186e-20,3.7959662485239416e-20,3.8005614953687e-20,3.805156742213456e-20,3.809751989058213e-20,3.8143472359029705e-20,3.818942482747729e-20,3.8235377295924874e-20,3.8281329764372434e-20,3.832728223282002e-20,3.837323470126759e-20,3.841918716971515e-20,3.8465139638162735e-20,3.8511092106610307e-20,3.855704457505789e-20,3.8602997043505463e-20,3.8648949511953036e-20,3.86949019804006e-20,3.8740854448848174e-20,3.8786806917295746e-20,3.883275938574332e-20,3.887871185419089e-20,3.8924664322638457e-20,3.8970616791086035e-20,3.901656925953361e-20,3.906252172798118e-20,3.910847419642876e-20,3.9154426664876336e-20,3.92003791333239e-20,3.9246331601771486e-20,3.9292284070219065e-20,3.933823653866663e-20,3.938418900711421e-20,3.9430141475561775e-20,3.947609394400935e-20,3.952204641245692e-20,3.95679988809045e-20,3.9613951349352076e-20,3.965990381779964e-20,3.970585628624722e-20,3.975180875469479e-20,3.9797761223142365e-20,3.984371369158994e-20,3.9889666160037516e-20,3.993561862848509e-20,3.9981571096932654e-20,4.0027523565380226e-20,4.007347603382781e-20,4.011942850227538e-20,4.016538097072296e-20,4.021133343917053e-20,4.02572859076181e-20,4.030323837606568e-20,4.0349190844513256e-20,4.039514331296083e-20,4.04410957814084e-20,4.048704824985597e-20,4.053300071830355e-20,4.057895318675112e-20,4.062490565519871e-20,4.0670858123646273e-20,4.0716810592093864e-20,4.0762763060541424e-20,4.080871552898902e-20,4.085466799743658e-20,4.090062046588415e-20,4.0946572934331725e-20,4.0992525402779297e-20,4.103847787122688e-20,4.108443033967445e-20,4.1130382808122026e-20,4.117633527656959e-20,4.1222287745017176e-20,4.1268240213464754e-20,4.131419268191231e-20,4.136014515035988e-20,4.1406097618807465e-20,4.145205008725505e-20,4.149800255570263e-20,4.1543955024150193e-20,4.158990749259778e-20,4.163585996104534e-20,4.168181242949291e-20,4.1727764897940476e-20,4.177371736638805e-20,4.1819669834835627e-20,4.186562230328319e-20,4.191157477173077e-20,4.1957527240178343e-20,4.2003479708625916e-20,4.2049432177073494e-20,4.2095384645521066e-20,4.214133711396864e-20,4.218728958241621e-20,4.2233242050863795e-20,4.227919451931136e-20,4.2325146987758933e-20,4.237109945620651e-20,4.2417051924654084e-20,4.2463004393101644e-20,4.250895686154923e-20,4.25549093299968e-20,4.2600861798444354e-20,4.264681426689192e-20,4.26927667353395e-20,4.273871920378706e-20,4.278467167223463e-20,4.2830624140682203e-20,4.2876576609129776e-20,4.292252907757735e-20,4.296848154602491e-20,4.301443401447249e-20,4.3060386482920065e-20,4.3106338951367637e-20,4.315229141981521e-20,4.3198243888262775e-20,4.324419635671036e-20,4.329014882515794e-20,4.333610129360551e-20,4.3382053762053094e-20,4.342800623050068e-20,4.347395869894825e-20,4.3519911167395817e-20,4.35658636358434e-20,4.3611816104290973e-20,4.365776857273855e-20,4.370372104118612e-20,4.374967350963369e-20,4.379562597808125e-20,4.384157844652882e-20,4.3887530914976395e-20,4.3933483383423967e-20,4.397943585187153e-20,4.402538832031912e-20,4.4071340788766683e-20,4.4117293257214256e-20,4.4163245725661834e-20,4.4209198194109406e-20,4.425515066255698e-20,4.430110313100456e-20,4.4347055599452135e-20,4.4393008067899707e-20,4.443896053634728e-20,4.448491300479485e-20,4.4530865473242424e-20,4.4576817941689996e-20,4.4622770410137556e-20,4.466872287858513e-20,4.471467534703271e-20,4.4760627815480285e-20,4.4806580283927857e-20,4.485253275237544e-20,4.4898485220823013e-20,4.4944437689270586e-20,4.4990390157718164e-20,4.5036342626165724e-20,4.50822950946133e-20,4.5128247563060886e-20,4.5174200031508465e-20,4.5220152499956037e-20,4.526610496840362e-20,4.531205743685118e-20,4.535800990529878e-20,4.5403962373746356e-20,4.5449914842193934e-20,4.549586731064152e-20,4.5541819779089085e-20,4.558777224753666e-20,4.5633724715984235e-20,4.56796771844318e-20,4.5725629652879373e-20,4.577158212132695e-20,4.5817534589774524e-20,4.586348705822209e-20,4.5909439526669674e-20,1.7887436510064503e-14,3.69685214066663e-14,5.640167779419743e-14,7.614571406648023e-14,9.620187077962645e-14,1.165749937016254e-13,1.3727115684515306e-13,1.582972852560446e-13,1.7966097681252856e-13,2.013703931002406e-13,2.2343418997735798e-13,2.4586147298724346e-13,2.6866176896349307e-13,2.918450086319863e-13,3.1542151701908383e-13,3.3940200965039656e-13,3.6379759322960833e-13,3.8861976991228007e-13,4.1388044456290963e-13,4.3959193455710944e-13,4.657669818120246e-13,4.924187668110198e-13,5.195609244522809e-13,5.472075615974381e-13,5.753732762345591e-13,6.040731781994649e-13,6.333229114248988e-13,6.63138677707918e-13,6.93537262004323e-13,7.245360592746031e-13,7.561531029205297e-13,7.884070948642885e-13,8.213174373336104e-13,8.549042664277966e-13,8.891884875516421e-13,9.24191812811866e-13,9.599368004842654e-13,9.96446896667843e-13,1.0337464792542823e-12,1.07186090435118e-12,1.1108165553091892e-12,1.1506408945148587e-12,1.1913625181232042e-12,1.233011213917384e-12,1.2756180224965928e-12,1.319215302007545e-12,1.3638367966511984e-12,1.409517709212706e-12,1.4562947778800773e-12,1.504206357636635e-12,1.5532925065322485e-12,1.6035950771597881e-12,1.6551578136873335e-12,1.7080264548206203e-12,1.7622488430972093e-12,1.8178750409419148e-12,1.874957453943929e-12,1.9335509618473817e-12,1.9937130577823068e-12,2.0555039962992462e-12,2.1189869508095585e-12,2.184228181074268e-12,2.251297211429586e-12,2.3202670204804144e-12,2.391214243043328e-12,2.4642193851713046e-12,2.539367053143662e-12,2.616746197360731e-12,2.6964503721378974e-12,2.7785780124519162e-12,2.8632327287499462e-12,2.9505236209886303e-12,3.040565613129616e-12,3.1334798093678976e-12,3.229393873423151e-12,3.32844243226235e-12,3.4307675056641008e-12,3.5365189630459834e-12,3.6458550089907706e-12,3.7589426988851856e-12,3.875958486042209e-12,3.997088801594791e-12,4.122530668323475e-12,4.252492349394224e-12,4.387194032725996e-12,4.526868551359021e-12,4.6717621397349345e-12,4.8221352252013255e-12,4.9782632532817156e-12,5.1404375442719084e-12,5.308966177484894e-12,5.4841748979074944e-12,5.666408038095914e-12,5.8560294457206305e-12,6.053423404191283e-12,6.258995530116762e-12,6.4731736268440865e-12,6.69640846780018e-12,6.929174476629317e-12,7.1719702629370405e-12,7.425318962540562e-12,7.689768319165583e-12,7.965890430149705e-12,8.254281061505898e-12,8.555558417211997e-12,8.870361223333842e-12,9.199345959089435e-12,9.54318303373007e-12,9.902551669789439e-12,1.0278133209628889e-11,1.067060251336716e-11,1.1080617062809942e-11,1.1508803329328307e-11,1.1955739906098177e-11,1.2421936851095175e-11,1.2907810642935498e-11,1.3413654127048108e-11,1.3939600838138976e-11,1.4485583146520695e-11,1.5051283815855246e-11,1.5636080812858283e-11,1.623898561744767e-11,1.6858575895114063e-11,1.7492924266340768e-11,1.8139526093490715e-11,1.8795230739358325e-11,1.945618263340436e-11,2.0117780638024245e-11,2.0774666452432677e-11,2.142075477086945e-11,2.2049319056767178e-11,2.2653146302194928e-11,2.3224771027660144e-11,2.3756792045891496e-11,2.424226451259604e-11,2.46751447461004e-11,2.505074795878544e-11,2.536616314890561e-11,2.5620560575362702e-11,2.5815331795146406e-11,2.5954024751474605e-11,2.6042076366089774e-11,2.6086395571716676e-11,2.6094893439408356e-11,2.615065194252953e-11,2.61072713844394e-11,2.6055134735248293e-11,2.600378825341832e-11,2.5963614729588922e-11,2.5946709075637116e-11,2.5966779915459225e-11,2.6038702196162255e-11,2.6177132211588686e-11,2.6393800602958898e-11,2.66933372571209e-11,2.7067974305387237e-11,2.749217892058014e-11,2.7919067455012154e-11,2.8280709412451615e-11,2.8493862415908916e-11,2.8471080169298138e-11,2.8135107771693552e-11,2.743297374434568e-11,2.6346020903591442e-11,2.489336611319157e-11,2.3128329464355537e-11,2.1129334204658968e-11,1.8987941173264254e-11,1.679683502423105e-11,1.4639939972830282e-11,1.2585833680195035e-11,1.0684648278516262e-11,8.967943219725021e-12,7.450679413351899e-12,6.134368809733762e-12,5.010613019246142e-12,4.064471091078901e-12,3.2773291263405888e-12,2.6291363188918913e-12,2.100006036092767e-12,1.6712588104298487e-12,1.3260184088551562e-12,1.0494768082838332e-12,8.289316888050847e-13,6.536804693332756e-13,5.148340744389845e-13,4.050948852307483e-13,3.1852809635206036e-13,2.5034419699645057e-13,1.9670211927875405e-13,1.5453711491588878e-13,1.214139728668681e-13,9.5404172519615e-14,7.498455576290975e-14,5.895468602096275e-14,4.637005090055201e-14,3.648845505040683e-14,2.8727243367086e-14,2.2629321890020168e-14,1.7836265189598923e-14,1.4067093911468379e-14,1.1101565221636467e-14,8.767039971321044e-15,6.928175130878217e-15,5.4788420197543985e-15,4.3357944222254825e-15,3.4337102206766457e-15,2.7213098461509142e-15,2.1583180706364434e-15,1.7130860295654695e-15,1.360729739038258e-15,1.0816726565530356e-15,8.605043005256832e-16,6.850859824274455e-16,5.458499891167582e-16,4.352500317979981e-16,3.4733013247312917e-16,2.7738623885247017e-16,2.2170047473550854e-16,1.773323129433472e-16,1.4195437919293824e-16,1.1372326802811346e-16,9.117784027650559e-17,7.315910370330614e-17,5.874705464764031e-17,4.7210856531556137e-17,3.7969512130566404e-17,3.056079790035527e-17,2.4616707534823757e-17,1.9844027211744073e-17,1.6008959237245272e-17,1.2924941658193456e-17,1.0442992635355936e-17,8.444050720655812e-18,6.832894063575859e-18,5.533309564279105e-18,4.484252237814438e-18,3.636789584806921e-18,2.951668734221499e-18,2.3973780069960334e-18,1.948601284774728e-18,1.5849846780513179e-18,1.2901516675006332e-18,1.0509160802396202e-18,8.566526971576e-19,6.987935490514656e-19,5.704245050194306e-19,4.659619714147401e-19,3.808934582988677e-19,3.1156959129878466e-19,2.550368004367996e-19,2.0890295303198746e-19,1.7122924292638212e-19,1.4044316158542925e-19,1.1526838944212086e-19,9.466827712856845e-20,7.780024960059438e-20,6.397899586530115e-20,5.264673029322352e-20,4.3349149953745424e-20,3.571598325654413e-20,2.9445242059458955e-20,2.4290463200995256e-20,2.0050364782369494e-20,1.6560454366269567e-20,1.3686216068566284e-20,1.1317575695020526e-20,9.364401113765985e-21,7.752841760525025e-21,6.422348786976274e-21,5.32324767161727e-21,4.414759555673333e-21,3.663387290460526e-21,3.041598110114968e-21,2.5267477150097178e-21,2.100200958202205e-21,1.746612749045735e-21,1.4533396072442997e-21,1.209957825833709e-21,1.0078686813811384e-21,8.399747646195982e-22,7.004144554529814e-22,5.843439638237976e-22,4.877583067877602e-22,4.073441775731039e-22,3.4035895288506726e-22,2.84531135861981e-22,2.3797838881622316e-22,1.9914000856392154e-22,1.667212673392081e-22,1.3964750789090794e-22,1.170262617713657e-22,9.811597084577209e-23,8.230014656191163e-23,6.906600971875252e-23,5.798682414639263e-23,4.870727749728537e-23,4.0931377016783075e-23,3.4412422244540173e-23,2.8944693838813534e-23,2.4356561173535157e-23,2.0504763514302638e-23,1.7269662477554187e-23,1.4551298775471058e-23,1.2266115315629762e-23,1.0344232668228924e-23,8.727182650548056e-24,7.366022056969027e-24,6.219761995065961e-24,5.254059378824883e-24,4.4401262909095124e-24,3.7538204994945795e-24,3.1748866756854714e-24,2.68632303962222e-24,2.273852452012091e-24,1.9254805202926822e-24,1.6311262325159418e-24,1.3823130727429756e-24,1.1719105962532816e-24,9.939181269025898e-25,8.432836087709866e-25,7.157518806457151e-25,6.077374738295351e-25,5.162179692653604e-25,4.38644533960952e-25,3.728668396128581e-25,3.1707002427719714e-25,2.697217427392436e-25,2.295276721450369e-25,1.9539410698063005e-25,1.6639650070251567e-25,1.4175299764955133e-25,1.2080215445764265e-25,1.0298418015392846e-25,8.782513280978314e-26,7.49236014041661e-26,6.393947759794225e-26,5.458448569915007e-26,4.661419235891517e-26,3.982126213712055e-26,3.402976246405499e-26,2.9090352858902067e-26,2.4876219542964578e-26,2.127963864625647e-26,1.8209069711672696e-26,1.5586696745183924e-26,1.3346347120292825e-26,1.1431729618958434e-26,9.794942118268423e-27,8.395207192700145e-27,7.197800433131967e-27,6.1731417793185924e-27,5.2960247926458795e-27,4.544962694959804e-27,3.901633286159189e-27,3.35040762321729e-27,2.877949680626414e-27,2.4728761836087226e-27,2.1254674693978503e-27,1.8274216372771957e-27,1.571645434472129e-27,1.3520763280776971e-27,1.1635310607860734e-27,1.0015767049473978e-27,8.624208358404766e-28,7.428179581578465e-28,6.3998975391259195e-28,5.515570879157768e-28,4.754820184243917e-28,4.100183246088864e-28,3.5366928636587967e-28,3.0515164163533875e-28,2.6336480756125074e-28,2.273645883552407e-28,1.9634070866254498e-28,1.695976111289432e-28,1.4653803151510798e-28,1.2664896141499848e-28,1.094909654582093e-28,9.468236230998503e-29,8.189904749519784e-29,7.086094982442577e-29,6.132716337434679e-29,5.309040244396213e-29,4.5972258284672364e-29,3.9819132355169226e-29,3.449874849959938e-29,2.989716074901815e-29,2.5916185560985834e-29,2.247119764743324e-29,1.9489237352271482e-29,1.6907385074914406e-29,1.4671364653582846e-29,1.2734343115554853e-29,1.1055898892673803e-29,9.601134599131165e-30,8.339913905069297e-30,7.246204962149331e-30,6.297515344989328e-30,5.474405617787589e-30,4.760070468473334e-30,4.139977926019976e-30,3.6015585206567146e-30,3.1339374004690578e-30,2.727703404698587e-30,2.3747099414218086e-30,2.06790324310403e-30,1.8011741957203356e-30,1.5692304716381636e-30,1.3674861546486101e-30,1.191966438964502e-30,1.0392253218139058e-30,9.062744993288313e-31,7.905219247608221e-31,6.897187021735389e-31,6.019131728836767e-31,5.254112101949155e-31,4.587418741975387e-31,4.006276953553813e-31,3.499589565895067e-31,3.0577143013200973e-31,2.672271002061055e-31,2.3359746696037235e-31,2.042490822948459e-31,1.7863101618106567e-31,1.5626399310790078e-31,1.3673097377138757e-31,1.19668987739229e-31,1.0476204919317997e-31,9.17350106257387e-32,8.034822901009793e-32,7.03929359270239e-32,6.168721776735829e-32,5.40725247933554e-32,4.741063874931973e-32,4.1581038166606874e-32,3.647860866336645e-32,3.201165259572087e-32,2.8100158517173043e-32,2.4674296181610577e-32,2.167310738888651e-32,1.9041649765273528e-32,1.6737039145296783e-32,1.471681239112321e-32,1.294544570762961e-32,1.1391937441209219e-32,1.0029189399872731e-32,8.83350980432762e-33,7.784180588685482e-33,6.863080242409809e-33,6.054354982730814e-33,5.344132001855394e-33,4.720269350237351e-33,4.1721377263258334e-33,3.690430061081203e-33,3.2669953209724265e-33,2.8946934164726067e-33,2.5672685094611994e-33,2.2792383616596547e-33,2.0257976727634498e-33,1.8027336210500664e-33,1.6063520507356687e-33,1.433412949401971e-33,1.2810740354685481e-33,1.1468414249475915e-33,1.0285264803674899e-33,9.242080592746564e-34,8.321994796934112e-34,7.510196071589106e-34,6.793675438981473e-34,6.161004667272841e-34,5.602142180785716e-34,5.108263045286697e-34,4.671610013159816e-34,4.285362991818381e-34,3.9435246345548824e-34,3.64082004174353e-34,3.3726088144795943e-34,3.134807924463651e-34,2.9238240555352115e-34,2.736494242630699e-34,2.570033780001927e-34,2.4219904995425182e-34,2.290204632281918e-34,2.1727735645954307e-34,2.06802088590546e-34,2.215186251980176e-34,2.108672138668282e-34,2.0088954974445228e-34,1.9196762608304237e-34,1.8398482927386332e-34,1.7683274835496461e-34,1.7041566436870218e-34,1.646491065805745e-34,1.5945851627223395e-34,1.5477807018827548e-34,1.5054964507765487e-34,1.467219062329036e-34,1.432307346968333e-34,1.400757196048777e-34,1.3720031929294654e-34,1.3457325911921182e-34,1.3216688658534564e-34,1.2995674666437608e-34,1.2792120700472854e-34,1.260411275264531e-34,1.2429956910595161e-34,1.2268153667485706e-34,1.211737526323255e-34,1.1976445694861604e-34,1.1844323079524316e-34,1.1720084089644125e-34,1.1602910214527428e-34,1.149207563200705e-34,1.1374505038215065e-34,1.1280596252008748e-34,1.1185957352737214e-34,1.1095340155921754e-34,4.310748675265093e-34,4.387777156429339e-34,4.08764599830506e-34,3.75146145374184e-34,3.4510085613289985e-34,3.183179644346199e-34,2.9443471763001437e-34,2.731281552058799e-34,2.5411169518404635e-34,2.371310078144966e-34,2.219603491532641e-34,2.083993154063871e-34,1.962699694309626e-34,1.854142963176521e-34,1.7569194999427045e-34,1.6697825722455558e-34,1.591624493319391e-34,1.521460954007654e-34,1.4584171377534725e-34,1.4017154137075471e-34,1.350664426819543e-34,1.3046494247834716e-34,1.2631236802658517e-34,1.2256008831537194e-34,-6.834258759347941e-34,9.512989259572059e-36,1.8082552641918442e-35,2.5684129562191883e-35,3.242170667069447e-35,3.838955424499177e-35,8.838535171353623e-35,1.311399606340965e-34,1.27087944339005e-34,1.2284636875815491e-34,1.1900630482825168e-34,1.1553269696937634e-34,1.123865828304901e-34,1.0953312667260152e-34,1.0694127089181577e-34,1.0458332307763567e-34,6.6244193731633905e-34,6.07521995504345e-34,4.283791040828973e-34,3.6652702576001986e-34,3.3651830294097773e-34,3.099895002799808e-34,2.862211685561787e-34,2.649152091249211e-34,2.4581034682989065e-34,4.354993718630954e-35,4.5290253954961066e-35,4.886087084790562e-35,5.205087946013298e-35,5.48722585515214e-35,5.736380637545564e-35,5.956058312744459e-35,6.149392101650528e-35,6.31918191727877e-35,6.467930120895031e-35,6.597873412922914e-35,6.711011273951306e-35,6.809131332310153e-35,6.893831993711672e-35,6.966542630628154e-35,7.028541597961907e-35,7.080972310526917e-35,7.124857593136147e-35,7.161112490522883e-35,7.190555704093171e-35,7.213919803931255e-35,7.231860348587349e-35,7.244964030359155e-35,7.253755951540245e-35,7.25870612468189e-35,7.260235280952862e-35,7.258720060625356e-35,7.254497651953818e-35,7.247869937930439e-35,7.239107203257043e-35,7.228451448850511e-35,7.216119355747039e-35,7.202304935735045e-35,7.187181902326198e-35,7.170905791618705e-35,7.153615860051406e-35,7.135436781758421e-35,7.116480168862208e-35,7.096845930761746e-35,7.076623491666874e-35,7.055892880384103e-35,7.034725706041525e-35,7.013186031873373e-35,6.991331157567009e-35,6.969212320260999e-35,6.946875322257811e-35,6.924361093475362e-35,6.901706195411004e-35,6.878943272708065e-35,6.856101457828807e-35,6.833206733807823e-35,-2.899148873521568e-34,6.359655031436693e-36,1.216327781345676e-35,1.7371316640937394e-35,2.2042008129433078e-35,2.6229139858937394e-35,2.998110032035877e-35,3.334140655243619e-35,3.634919864554064e-35,3.903968387546349e-35,4.144453536270958e-35,4.359224995234763e-35,4.550846952252549e-35,4.721626949528864e-35,4.873641792394377e-35,5.008760819214409e-35,5.128666802759088e-35,5.234874727052746e-35,5.328748657361981e-35,5.411516898598985e-35,5.484285617724643e-35,5.548051086545058e-35,5.603710686851701e-35,5.652072803223984e-35,-3.1466342259926478e-34,5.72718902179092e-36,1.0971628122359803e-35,1.569215434792765e-35,1.9938618419996858e-35,2.3757325532042118e-35,2.7190047628479773e-35,3.0274452202346255e-35,3.3044508831604197e-35,3.553085537896665e-35,3.776112760674136e-35,3.976025589016521e-35,4.155073234157402e-35,4.3152851325710613e-35,4.4584926035546015e-35,4.586348353832458e-35,4.7003440445753026e-35,4.8018261154924423e-35,4.892010040218131e-35,4.971993169984735e-35,5.042766306290963e-35,5.105224130445009e-35,5.160174602522361e-35,5.208347433411964e-35,5.250401722097752e-35,5.286932840832086e-35,5.318478643183287e-35,5.345525061738254e-35,5.368511156971255e-35,5.387833670131169e-35,5.403851130514424e-35,5.416887560530345e-35,5.427235818570043e-35,5.435160614989945e-35,5.440901233985858e-35,5.444673989918894e-35,5.446674444374579e-35,5.447079407315211e-35,5.446048743823998e-35,5.443727005197896e-35,5.440244901850629e-35,5.435720632932551e-35,5.430261088169836e-35,5.423962932221264e-35,5.416913584728775e-35,5.409192105865336e-35,5.400869996129211e-35,5.392011918812648e-35,5.382676353486669e-35,5.372916186065241e-35,5.36277924229751e-35,5.352308769986125e-35,5.341543874989201e-35,5.330519915276509e-35,5.319268857309425e-35,5.307819598339228e-35,5.296198257783577e-35,5.284428440807397e-35,5.272531476760402e-35,5.260526634828824e-35,5.248431319089512e-35,5.236261245193115e-35,5.224030599944162e-35,5.211752185923138e-35,5.199437552258302e-35,5.187097113131173e-35,5.174740254858576e-35,5.162375432931444e-35,5.150010259869069e-35,5.13765158480111e-35,5.125305565319212e-35,5.112977732860999e-35,5.100673051742382e-35,5.088395972518752e-35,5.076150480475664e-35,5.063940139745328e-35,5.051768132781499e-35,5.039637296476136e-35,5.027550154819488e-35,5.015508948468218e-35,5.003515661529657e-35,4.991572045850411e-35,4.979679643059076e-35,4.967839804475807e-35,4.956053709251496e-35,4.944322380671485e-35,4.932646701129386e-35,4.921027425448842e-35,4.90946519328342e-35,4.897960540024057e-35,4.886513907061225e-35,4.875125650553859e-35,4.863796049902573e-35,4.852525315311557e-35,4.841313594441228e-35,4.83016097851748e-35,4.3580155940624697e-35,4.286115616800442e-35,4.3193268029468095e-35,4.3504030825576664e-35,4.3778438019495415e-35,4.4019497499681753e-35,4.4230234756528257e-35,4.441340732089362e-35,4.436296458246952e-34,5.4753375997129416e-34,5.060870351519052e-34,4.659078520820936e-34,4.292192313167688e-34,3.957519248950861e-34,3.6522070688027356e-34,3.3736518005619945e-34,3.1194822413752656e-34,2.887539088587223e-34,2.675855849316584e-34,2.482641482260153e-34,2.306264615030066e-34,2.1452391928359616e-34,1.9982114277037856e-34,1.8639479293510343e-34,1.7413249099181959e-34,1.6293183645235651e-34,1.526995138763835e-34,1.433504802393895e-34,1.3480722558004999e-34,1.269991002648899e-34,1.1986170282744743e-34,1.1333632286852929e-34,1.0736943403764514e-34,1.0191223254918522e-34,9.692021711832947e-35,9.235280655871241e-35,8.817299164477754e-35,8.434701814420034e-35,8.084409820349211e-35,7.763614753098354e-35,7.469754605429061e-35,7.200491993647687e-35,6.953694303315779e-35,6.727415603447563e-35,6.519880171828101e-35,6.32946748492308e-35,6.154698542937791e-35,5.994223409108488e-35,5.846809854961202e-35,5.711333012646031e-35,5.586765944100464e-35,5.472171045453267e-35,5.366692211802817e-35,5.269547694639036e-35,5.180023590517991e-35,5.097467904190725e-35,5.021285135512671e-35,4.950931343625109e-35,4.885909645283142e-35,4.82576611003138e-35,-4.500067104741006e-35,3.435007529331943e-36,6.635033529999644e-36,9.558597745217357e-36,1.222822587801379e-35,1.466560737798892e-35,1.6890585471771832e-35,1.8921297480635994e-35,2.07743222812564e-35,2.2464815242923894e-35,2.4006631395800527e-35,2.541243785834157e-35,2.669381646856236e-35,2.7861357478544205e-35,2.892474509725342e-35,2.9892835595922283e-35,3.077372862787873e-35,3.157483235710762e-35,3.2302922936793367e-35,3.2964198832258e-35,3.3564330438488656e-35,3.4108505402531505e-35,3.4601470026838663e-35,3.504756709311249e-35,3.545077042047375e-35,3.6913298115598936e-35,3.466426811208954e-35,3.5035294489455984e-35,3.5415298741998666e-35,3.575903739486749e-35,3.606874800271995e-35,3.63472922476735e-35,3.6597305182485746e-35,3.682119964247589e-35,3.7021184862717446e-35,3.719928377291175e-35,3.735734881500732e-35,3.7497076409624365e-35,3.762002018457434e-35,3.7727603073698106e-35,3.782112838229742e-35,3.7901789909768284e-35,3.797068120768882e-35,3.8028804050603643e-35,3.807707618524012e-35,3.811633842026511e-35,3.814736111391719e-35,3.817085011003662e-35,3.818745217079365e-35,3.81977599474007e-35,3.8202316531305023e-35,3.8201619618281727e-35,3.819612532073498e-35,3.8186251657353945e-35,3.8172381747977276e-35,3.8154866738287584e-35,2.0982280648425248e-35,2.2450881879785446e-35,2.371946191722633e-35,8.152754101656766e-35,6.155700145224437e-35,5.930900749139079e-35,5.75465630908266e-35,5.592872911314958e-35,5.443792831103419e-35,5.306367059972836e-35,5.179643868777402e-35,5.062750167873403e-35,4.954884775510946e-35,4.855312446810597e-35,4.763358406106998e-35,4.6784033359188187e-35,4.599878784394555e-35,4.5272629557499294e-35,4.4600768517750977e-35,4.397880734861498e-35,4.3402708853165734e-35,-3.9295416967947275e-34,2.8735467394758842e-36,5.5671371471670604e-36,8.040935520555547e-36,1.0311716098284553e-35,1.2395914667015894e-35,1.4308646329436713e-35,1.6063794484766462e-35,1.7674111578346643e-35,1.915131188880604e-35,2.0506156653280232e-35,2.1748532161863608e-35,2.2887521406383398e-35,2.3931469818867406e-35,2.4888045590921643e-35,2.576429502445271e-35,2.656669332551609e-35,2.7301191219377085e-35,2.7973257732967827e-35,2.858791946233052e-35,2.9149796616334373e-35,2.966313610123235e-35,3.0131841894194997e-35,3.055950292644859e-35,3.094941868345366e-35,3.130462270961724e-35,3.1627904190697525e-35,3.192182777198657e-35,2.7692348556361436e-35,3.4023131929835324e-35,-3.0392607769420718e-34,2.7049018817767494e-36,5.2457925444760966e-36,7.583503609117449e-36,9.733175071628083e-36,1.1709742396059478e-35,2.9200956092913166e-35,4.08090897525384e-35,4.0564706733072815e-35,4.011982582378903e-35,3.970212236268226e-35,3.9313648435840784e-35,3.8952188618332264e-35,3.861562268908014e-35,3.8301997564708295e-35,3.8009515472469953e-35,3.7736521535939796e-35,3.74814923309002e-35,3.7243025365032557e-35,3.701982940446456e-35,3.681071558037078e-35,3.661458921098324e-35,3.6430442281729825e-35,3.6257346530570474e-35,3.609444708764672e-35,3.594095662735164e-35,-1.2267836725819739e-34,2.575689875369678e-36,4.999382762379624e-36,7.23248126448627e-36,9.288905201934415e-36,1.1182467245074375e-35,1.2925911843013378e-35,1.453098053582166e-35,1.6008491062867192e-35,1.7368410537664894e-35,1.86199227933219e-35,1.9771490359151577e-35,2.0830911499369133e-35,2.1805372710226745e-35,2.2398652503911535e-35,2.4312746376844134e-35,2.503125611828235e-35,2.567025366567499e-35,2.6256567021363436e-35,2.679471227324939e-35,2.72884445715597e-35,8.52008280101725e-34,9.206466026573782e-34,8.555962906299233e-34,7.929739439767597e-34,7.350437435585209e-34,6.8157636416074e-34,6.322060675180801e-34,5.866161774126549e-34,5.445150464183546e-34,5.0563368788377105e-34,4.6972399555584304e-34,4.365571115544512e-34,4.059219229302903e-34,3.7762367641211055e-34,3.514827021101332e-34,3.273332373892517e-34,3.0502234310788012e-34,2.844089048850871e-34,2.6536271267095783e-34,3.439935779837461e-36,7.643152281753473e-35,7.455924899072095e-35,7.140751065770517e-35,6.846340115506397e-35,6.573951249630186e-35,6.321960911434729e-35,6.088813336969147e-35,5.873071199639127e-35,5.673407589653797e-35,5.488597496315335e-35,9.248347234726377e-35,8.811949959533076e-35,8.391454506924179e-35,8.002120334169859e-35,7.641918023478041e-35,7.308641481163493e-35,7.00024653686709e-35,6.714845171439622e-35,6.450693636517157e-35,6.206181359557487e-35,5.979820705254778e-35,5.770237529193123e-35,5.576162462234718e-35,5.396422868708547e-35,5.22993542571775e-35,5.081778436020974e-35,4.940123503094005e-35,4.807175480413769e-35,4.851393703860668e-35,4.869987548956414e-35,4.877018221686291e-35,4.879656230384922e-35,4.88063971801948e-35,4.881000227376749e-35,4.881126108788163e-35,4.881163578407025e-35,4.881167700177724e-35,4.881159220015527e-35,4.881145960801181e-35,4.881130877163893e-35,4.881115088467681e-35,4.881099021242408e-35,4.881082839773108e-35,4.881066608585288e-35,4.881050353899615e-35,4.88103408697771e-35,4.881017813058744e-35,4.881001534834831e-35,4.880985253837214e-35,4.880968971014934e-35,4.880952686993432e-35,4.880936402200906e-35,4.880920116937217e-35,4.880903831471218e-35,4.880887545900044e-35,4.880871260335507e-35,4.880854974849696e-35,4.880838689500946e-35,4.880822404330005e-35,4.88080611936582e-35,4.880789834633234e-35,4.88077355014007e-35,4.880757265900603e-35,4.880740981922563e-35,4.880724698211474e-35,4.880708414768385e-35,4.880692131602287e-35,4.880675848712208e-35,4.880659566031387e-35,4.880643283693907e-35,4.880627001635781e-35,4.880610719790406e-35,4.880594438224621e-35,4.880578156938612e-35,4.880561875932638e-35,4.880545595206832e-35,4.880529314761289e-35,4.880513034596062e-35,4.880496754711278e-35,4.880480475106894e-35,4.880464195781424e-35,4.880447916737873e-35,4.880431637974923e-35,4.88041535949236e-35,4.880399081290286e-35,4.880382803368637e-35,4.880366525727486e-35,4.880350248366877e-35,4.880333971286775e-35,4.88031769448694e-35,4.880301417967621e-35,4.880285141729168e-35,4.880268865770821e-35,4.88025259009282e-35,4.880236314695574e-35,4.880220039578951e-35,4.880203764741714e-35,4.880187490182525e-35,4.880171215906636e-35,4.880154941911154e-35,4.880138668196139e-35,4.88012239476148e-35,4.880106121607287e-35,4.880089848734192e-35,4.880073576140533e-35,4.880057303827398e-35,4.880041031794644e-35,4.88002476004228e-35,4.880008488570206e-35,4.879992217378546e-35,4.879975946467175e-35,4.879959675836121e-35,4.879943405485543e-35,4.879927135415166e-35,4.879910865625195e-35,4.879894596115527e-35,4.879878326886045e-35,4.879862057937006e-35,4.879845789268171e-35,4.879829520879732e-35,4.879813252771497e-35,4.879796984943501e-35,4.879780717395872e-35,4.879764450128417e-35,4.879748183141305e-35,4.879731916434368e-35,4.879715650007732e-35,4.879699383861332e-35,4.879683117995183e-35,4.879666852409317e-35,4.879650587103594e-35,4.879634322078164e-35,4.879618057332929e-35,4.879601792867874e-35,4.879585528682964e-35,4.879569264778322e-35,4.879553001153929e-35,4.879536737809643e-35,4.879520474745545e-35,4.879504211961726e-35,4.879487949457977e-35,4.879471687234413e-35,4.879455425290996e-35,4.879439163627734e-35,4.87942290224468e-35,4.879406641141754e-35,4.879390380318923e-35,4.879374119776333e-35,4.879357859513663e-35,4.879341599531229e-35,4.879325339828895e-35,4.87930908040669e-35,4.879292821264576e-35,4.879276562402568e-35,4.879260303820623e-35,4.879244045518747e-35,4.879227787497025e-35,4.879211529755302e-35,4.879195272293689e-35,4.879179015112062e-35,4.879162758210542e-35,4.879146501589083e-35,4.879130245247692e-35,4.879113989186303e-35,4.879097733404928e-35,4.879081477903646e-35,4.879065222682275e-35,4.879048967741023e-35,4.879032713079699e-35,4.879016458698492e-35,4.879000204597231e-35,4.878983950775858e-35,4.878967697234535e-35,4.87895144397322e-35,4.878935190991865e-35,4.878918938290523e-35,4.87890268586904e-35,4.878886433727678e-35,4.878870181866145e-35,4.87885393028459e-35,4.878837678983006e-35,4.878821427961305e-35,4.878805177219569e-35,4.878788926757704e-35,4.878772676575788e-35,4.878756426673783e-35,4.878740177051652e-35,4.878723927709438e-35,4.87870767864712e-35,4.878691429864716e-35,4.878675181362173e-35,4.878658933139565e-35,4.87864268519674e-35,4.878626437533823e-35,4.878610190150814e-35,4.878593943047576e-35,4.878577696224242e-35,4.878561449680783e-35,4.878545203417007e-35,4.878528957433212e-35,4.878512711729235e-35,4.878496466305077e-35,4.878480221160623e-35,4.878463976296149e-35,4.87844773171132e-35,4.878431487406358e-35,4.878415243381073e-35,4.878398999635746e-35,4.878382756170098e-35,4.87836651298421e-35,4.878350270078175e-35,4.87833402745179e-35,4.878317785105309e-35,4.878301543038464e-35,4.878285301251372e-35,4.878269059744084e-35,4.878252818516556e-35,4.878236577568709e-35,4.878220336900577e-35,4.878204096512135e-35,4.878187856403414e-35,4.878171616574365e-35,4.87815537702506e-35,4.878139137755415e-35,4.878122898765429e-35,4.878106660055164e-35,4.878090421624524e-35,4.878074183473696e-35,4.87805794560247e-35,4.878041708010883e-35,4.878025470698947e-35,4.878009233666632e-35,4.877992996913952e-35,4.877976760440953e-35,4.87796052424759e-35,4.877944288333813e-35,4.877928052699664e-35,4.877911817345184e-35,4.87789558227023e-35,4.877879347474915e-35,4.877863112959226e-35,4.877846878723175e-35,4.877830644766622e-35,4.877814411089659e-35,4.877798177692315e-35,4.877781944574484e-35,4.877765711736163e-35,4.877749479177482e-35,4.877733246898313e-35,4.877717014898701e-35,4.87770078317859e-35,4.877684551738066e-35,4.877668320576997e-35,4.877652089695549e-35,4.87763585909352e-35,4.877619628771027e-35,4.877603398728062e-35,4.877587168964606e-35,4.877570939480632e-35,4.877554710276146e-35,4.877538481351094e-35,4.877522252705569e-35,4.877506024339504e-35,4.877489796252927e-35,4.877473568445797e-35,4.877457340918061e-35,4.877441113669843e-35,4.877424886700947e-35,4.877408660011605e-35,4.877392433601693e-35,4.87737620747108e-35,4.877359981619884e-35,4.8773437560483e-35,4.877327530755918e-35,4.877311305743102e-35,4.877295081009604e-35,4.877278856555485e-35,4.87726263238077e-35,4.877246408485423e-35,4.877230184869456e-35,4.877213961532867e-35,4.877197738475613e-35,4.877181515697697e-35,4.877165293199139e-35,4.877149070979936e-35,4.877132849040049e-35,4.877116627379462e-35,4.877100405998236e-35,4.87708418489626e-35,4.877067964073745e-35,4.877051743530407e-35,4.87703552326647e-35,4.877019303281773e-35,4.87700308357643e-35,4.876986864150292e-35,4.876970645003469e-35,4.876954426135934e-35,4.876938207547632e-35,4.876921989238579e-35,4.876905771208854e-35,4.876889553458335e-35,4.876873335987047e-35,4.876857118795031e-35,4.876840901882224e-35,4.876824685248634e-35,4.87680846889427e-35,4.876792252819142e-35,4.876776037023237e-35,4.876759821506474e-35,4.876743606268977e-35,4.876727391310689e-35,4.876711176631512e-35,4.876694962231616e-35,4.876678748110788e-35,4.876662534269181e-35,4.876646320706754e-35,4.876630107423517e-35,4.876613894419318e-35,4.87659768169442e-35,4.876581469248526e-35,4.876565257081779e-35,4.876549045194258e-35,4.87653283358585e-35,4.876516622256474e-35,4.876500411206243e-35,4.876484200435153e-35,4.876467989943172e-35,4.876451779730279e-35,4.876435569796418e-35,4.87641936014171e-35,4.876403150766007e-35,4.876386941669487e-35,4.876370732851979e-35,4.876354524313557e-35,4.876338316054165e-35,4.876322108073834e-35,4.876305900372437e-35,4.876289692950196e-35,4.876273485807015e-35,4.87625727894282e-35,4.876241072357569e-35,4.876224866051446e-35,4.876208660024298e-35,4.87619245427608e-35,4.876176248806961e-35,4.876160043616786e-35,4.876143838705642e-35,4.876127634073443e-35,4.876111429720313e-35,4.876095225645969e-35,4.876079021850753e-35,4.876062818334436e-35,4.876046615097006e-35,4.876030412138577e-35,4.876014209459175e-35,4.875998007058615e-35,4.875981804936969e-35,4.875965603094271e-35,4.875949401530489e-35,4.875933200245612e-35,4.875916999239653e-35,4.875900798512572e-35,4.875884598064355e-35,4.875868397895159e-35,4.875852198004757e-35,4.875835998393189e-35,4.875819799060638e-35,4.875803600006896e-35,4.875787401231948e-35,4.875771202735871e-35,4.875755004518616e-35,4.875738806580328e-35,4.875722608920762e-35,4.875706411540088e-35,4.875690214438208e-35,4.875674017617461e-35,4.87565782107328e-35,4.875641624807926e-35,4.875625428821219e-35,4.875609233113472e-35,4.875593037684396e-35,4.875576842534194e-35,4.875560647662717e-35,4.875544453070056e-35,4.875528258756072e-35,4.875512064722462e-35,4.875495870965993e-35,4.875479677488434e-35,4.875463484289522e-35,4.87544729136974e-35,4.875431098728391e-35,4.875414906365661e-35,4.875398714281715e-35,4.875382522476482e-35,4.875366330949971e-35,4.875350139702167e-35,4.87533394873745e-35,4.875317758047021e-35,4.875301567635247e-35,4.875285377502158e-35,4.875269187647751e-35,4.87525299807207e-35,4.875236808775037e-35,4.875220619756669e-35,4.875204431016917e-35,4.875188242555835e-35,4.875172054373413e-35,4.875155866469579e-35,4.875139678862658e-35,4.875123491516116e-35,4.87510730444822e-35,4.875091117659017e-35,4.875074931148363e-35,4.875058744916177e-35,4.875042558962633e-35,4.875026373287782e-35,4.875010187891442e-35,4.874994002773619e-35,4.874977817934448e-35,4.874961633381997e-35,4.874945449098969e-35,4.874929265095339e-35,4.874913081370458e-35,4.874896897924148e-35,4.874880714756334e-35,4.874864531867066e-35,4.874848349259334e-35,4.874832166927078e-35,4.87481598487334e-35,4.87479980309789e-35,4.874783621601217e-35,4.874767440382986e-35,4.874751259443243e-35,4.874735078778667e-35,4.874718898390427e-35,4.874702718277772e-35,4.874686538443909e-35,4.8746703588966e-35,4.874654179627761e-35,4.874638000637344e-35,4.87462182192539e-35,4.874605643491839e-35,4.874589465336769e-35,4.874573287460086e-35,4.874557109861927e-35,4.87454093254213e-35,4.874524755500789e-35,4.874508578737742e-35,4.87449240225322e-35,4.874476226047051e-35,4.874460050119193e-35,4.874443874469888e-35,4.874427699098853e-35,4.87441152400623e-35,4.874395349191941e-35,4.87437917465603e-35,4.874363000398543e-35,4.87434682641931e-35,4.874330652718416e-35,4.874314479295998e-35,4.874298306149928e-35,4.874282133285657e-35,4.874265960697524e-35,4.874249788388344e-35,4.874233616456328e-35,4.87421744470299e-35,4.874201273228763e-35,4.87418510203273e-35,4.874168931115063e-35,4.874152760523495e-35,4.874136590215772e-35,4.874120420132998e-35,4.874104250328301e-35,4.874088080801984e-35,4.874071911553952e-35,4.874055742584113e-35,4.874039573892457e-35,4.874023405479084e-35,4.874007237343976e-35,4.873991069486608e-35,4.873974901908772e-35,4.87395873460912e-35,4.873942567586835e-35,4.873926400842828e-35,4.873910234376973e-35,4.873894068189344e-35,4.873877902279907e-35,4.87386173664855e-35,4.87384557129544e-35,4.873829406220527e-35,4.873813241423745e-35,4.873797076905108e-35,4.873780912664613e-35,4.873764748702277e-35,4.873748585018154e-35,4.873732421612051e-35,4.873716258484114e-35,4.873700095634338e-35,4.873683933062634e-35,4.87366777076902e-35,4.873651608753488e-35,4.873635447016167e-35,4.873619285556833e-35,4.873603124375699e-35,4.873586963472596e-35,4.873570802847547e-35,4.873554642500706e-35,4.873538482431809e-35,4.873522322641015e-35,4.873506163128246e-35,4.873490003893516e-35,4.873473844936774e-35,4.873457686258219e-35,4.873441527857538e-35,4.873425369735018e-35,4.87340921189046e-35,4.87339305432391e-35,4.873376897035288e-35,4.873360740024743e-35,4.873344583292255e-35,4.873328426837707e-35,4.873312270661193e-35,4.873296114762588e-35,4.873279959141943e-35,4.873263803799319e-35,4.873247648734706e-35,4.873231493947901e-35,4.873215339439186e-35,4.873199185208432e-35,4.87318303125554e-35,4.873166877580571e-35,4.8731507241836e-35,4.873134571035019e-35,4.873118418193904e-35,4.87310226563059e-35,4.873086113345343e-35,4.873069961337951e-35,4.873053809608362e-35,4.873037658156786e-35,4.873021506982975e-35,4.873005356087079e-35,4.872989205469023e-35,4.87297305512885e-35,4.872956905066608e-35,4.872940755282107e-35,4.872924605775617e-35,4.872908456546883e-35,4.872892307595942e-35,4.872876158922895e-35,4.872860010536579e-35,4.872843862419089e-35,4.872827714579537e-35,4.872811567016751e-35,4.87279541973274e-35,4.872779272726525e-35,4.872763125997088e-35,4.872746979546466e-35,4.872730833372729e-35,4.872714687477978e-35,4.872698541860651e-35,4.872682396521144e-35,4.872666251459352e-35,4.872650106675303e-35,4.872633962047077e-35,4.872617817818932e-35,4.872601673868191e-35,4.872585530195127e-35,4.872569386799775e-35,4.872553243682179e-35,4.872537100842335e-35,4.872520958219854e-35,4.872504815935335e-35,4.872488673928576e-35,4.872472532199422e-35,4.872456390748056e-35,4.872440249574273e-35,4.872424108678286e-35,4.87240796805984e-35,4.872391827719068e-35,4.872375687655956e-35,4.872359547870586e-35,4.872343408362642e-35,4.872327269132553e-35,4.872311130179954e-35,4.872294991505093e-35,4.872278853107781e-35,4.872262714988115e-35,4.872246577146039e-35,4.872230439581552e-35,4.872214302294719e-35,4.87219816528545e-35,4.87218202855377e-35,4.872165892099728e-35,4.872149755923219e-35,4.872133620024289e-35,4.872117484402918e-35,4.872101349059073e-35,4.872085213992834e-35,4.872069079204144e-35,4.872052944692994e-35,4.872036810459379e-35,4.872020676503231e-35,4.872004542824706e-35,4.871988409423646e-35,4.871972276300046e-35,4.871956143452756e-35,4.87194001088427e-35,4.871923878593238e-35,4.871907746579679e-35,4.871891614843642e-35,4.87187548338502e-35,4.871859352203905e-35,4.871843221300313e-35,4.871827090674095e-35,4.871810960325392e-35,4.871794830254195e-35,4.871778700460372e-35,4.87176257094394e-35,4.871746441704938e-35,4.871730312743437e-35,4.87171418405931e-35,4.871698055652657e-35,4.871681927523306e-35,4.871665799671532e-35,4.871649672097003e-35,4.871633544799949e-35,4.8716174177802e-35,4.871601291037932e-35,4.871585164573042e-35,4.871569038385422e-35,4.871552912475265e-35,4.871536786842396e-35,4.871520661486933e-35,4.871504536408822e-35,4.871488411608071e-35,4.871472287084645e-35,4.871456162838522e-35,4.871440038869804e-35,4.871423915178336e-35,4.871407791767058e-35,4.871391668630275e-35,4.871375545770697e-35,4.87135942319821e-35,4.871343300893258e-35,4.871327178865562e-35,4.871311057115185e-35,4.871294935642084e-35,4.871278814446252e-35,4.871262693527643e-35,4.871246572886284e-35,4.871230452514179e-35,4.871214332428092e-35,4.871198212618542e-35,4.871182093086186e-35,4.871165973831067e-35,4.871149854853233e-35,4.871133736152531e-35,4.871117617729037e-35,4.871101499582602e-35,4.871085381713496e-35,4.871069264121653e-35,4.871053146806958e-35,4.871037029769458e-35,4.871020913009133e-35,4.871004796526029e-35,4.870988680319896e-35,4.87097256439097e-35,4.870956448739349e-35,4.87094033341188e-35,4.870924218315028e-35,4.87090810349483e-35,4.870891988951582e-35,4.870875874685707e-35,4.87085976084032e-35,4.870843647271125e-35,4.87082753397214e-35,4.870811420945089e-35,4.870795308061327e-35,4.870779195457399e-35,4.870763083131328e-35,4.870746971082358e-35,4.870730859310455e-35,4.870714747815421e-35,4.87069863659743e-35,4.870682525656489e-35,4.870666414992635e-35,4.870650304605848e-35,4.870634194496072e-35,4.870618084663393e-35,4.870601975107709e-35,4.870585865829073e-35,4.870569756827489e-35,4.870553648102822e-35,4.870537539655197e-35,4.870521431484577e-35,4.870505323590943e-35,4.870489215974245e-35,4.870473108634616e-35,4.870457001571913e-35,4.870440894786233e-35,4.87042478917529e-35,4.870408683856642e-35,4.870392577901925e-35,4.870376472223995e-35,4.87036036682306e-35,4.870344261673839e-35,4.870328156825903e-35,4.870312052255762e-35,4.870295947962558e-35,4.870279843941113e-35,4.870263740201767e-35,4.870247636739214e-35,4.870231533550134e-35,4.870215430641434e-35,4.870199328009628e-35,4.870183225654728e-35,4.870167123576666e-35,4.870151021775462e-35,4.8701349202498e-35,4.870118819002661e-35,4.870102718028678e-35,4.870086617328329e-35,4.87007051691143e-35,4.870054416771414e-35,4.870038316908109e-35,4.870022217321753e-35,4.870006118012091e-35,4.869990018979288e-35,4.869973920223362e-35,4.869957821744266e-35,4.869941723541854e-35,4.869925625627331e-35,4.869909527973725e-35,4.86989343060178e-35,4.869877333506547e-35,4.869861236688075e-35,4.869845140146439e-35,4.86982904388146e-35,4.869812947893643e-35,4.869796852182301e-35,4.869780756747497e-35,4.869764661589582e-35,4.869748566708295e-35,4.869732472103792e-35,4.869716377775931e-35,4.869700283724925e-35,4.869684189944102e-35,4.869668096446313e-35,4.869652003225341e-35,4.869635910280992e-35,4.869619817613452e-35,4.869603725227711e-35,4.869587633113476e-35,4.869571541275819e-35,4.869555449714852e-35,4.869539358430676e-35,4.869523267422892e-35,4.869507176833832e-35,4.869491086379078e-35,4.869474996201256e-35,4.86945890630023e-35,4.869442816675761e-35,4.869426727327361e-35,4.869410638256105e-35,4.869394549429675e-35,4.869378460931662e-35,4.869362372690202e-35,4.869346284725309e-35,4.869330197036996e-35,4.869314109625277e-35,4.869298022490216e-35,4.869281935632592e-35,4.869265849050631e-35,4.869249762745187e-35,4.869233676716242e-35,4.869217590963935e-35,4.869201505486362e-35,4.869185420287101e-35,4.869169335364106e-35,4.869153250717844e-35,4.869137166348117e-35,4.869121082254943e-35,4.869104998438256e-35,4.869088914897988e-35,4.869072831634231e-35,4.869056748647e-35,4.869040665936219e-35,4.86902458350187e-35,4.869008501344014e-35,4.868992419462664e-35,4.868976337857772e-35,4.86896025652929e-35,4.868944175477344e-35,4.868928094699428e-35,4.868912014200294e-35,4.868895933977518e-35,4.868879854031887e-35,4.868863774362002e-35,4.868847694968476e-35,4.868831615851443e-35,4.868815537010833e-35,4.868799458446563e-35,4.868783380158765e-35,4.868767302147257e-35,4.868751225311585e-35,4.868735147852833e-35,4.868719070670478e-35,4.868702993764449e-35,4.868686917134818e-35,4.868670840810424e-35,4.868654764733415e-35,4.868638688935216e-35,4.868622613410924e-35,4.868606538162923e-35,4.868590463191279e-35,4.868574388495928e-35,4.868558314076869e-35,4.868542239933897e-35,4.868526166067588e-35,4.868510092477441e-35,4.868494019156062e-35,4.868477946118505e-35,4.868461873357268e-35,4.868445800841277e-35,4.868429728632556e-35,4.868413656700038e-35,4.868397585043796e-35,4.868381513663824e-35,4.868365443451779e-35,4.868349373490215e-35,4.86833330293893e-35,4.868317232663849e-35,4.868301162664967e-35,4.868285092942341e-35,4.868269023495962e-35,4.868252954325683e-35,4.868236885431603e-35,4.86822081681373e-35,4.86820474847205e-35,4.868188680406582e-35,4.868172612617227e-35,4.868156545104091e-35,4.868140477867054e-35,4.86812441090628e-35,4.868108344221606e-35,4.86809227781304e-35,4.868076211680598e-35,4.868060145824384e-35,4.86804408024433e-35,4.868028014940314e-35,4.868011950048437e-35,4.867995885438828e-35,4.867979820963724e-35,4.86796375676421e-35,4.86794769283681e-35,4.867931629378909e-35,4.867915566007857e-35,4.867899502919598e-35,4.867883440100429e-35,4.86786737755727e-35,4.867851315290256e-35,4.867835253299457e-35,4.867819191584551e-35,4.867803130145571e-35,4.867787068982761e-35,4.867771008095957e-35,4.867754947485166e-35,4.867738887150438e-35,4.867722827091712e-35,4.867706767309011e-35,4.867690707802198e-35,4.867674648571473e-35,4.867658589616795e-35,4.867642530938012e-35,4.867626472592707e-35,4.867610414458439e-35,4.867594356606522e-35,4.867578299031576e-35,4.867562241732682e-35,4.867546184766418e-35,4.867530128019362e-35,4.867514071548348e-35,4.867498015353179e-35,4.867481959434753e-35,4.867465903791439e-35,4.86744984842411e-35,4.867433793332644e-35,4.867417738525449e-35,4.867401683988444e-35,4.867385629724579e-35,4.867369575736761e-35,4.867353522024828e-35,4.86733746858881e-35,4.86732141542855e-35,4.867305362544216e-35,4.867289309935656e-35,4.867273257603123e-35,4.867257205546385e-35,4.867241153765478e-35,4.867225102260419e-35,4.867209051031248e-35,4.867193000077777e-35,4.86717694940029e-35,4.867160898998543e-35,4.867144848872537e-35,4.867128799022447e-35,4.867112749448131e-35,4.867096700149576e-35,4.86708065112685e-35,4.867064602379902e-35,4.867048553908684e-35,4.867032505713151e-35,4.867016457793536e-35,4.867000410149651e-35,4.866984362781474e-35,4.866968315689216e-35,4.866952268872552e-35,4.866936222331582e-35,4.866920176066476e-35,4.866904130077026e-35,4.866888084363331e-35,4.866872038925272e-35,4.866855993762995e-35,4.866839948876429e-35,4.866823904265572e-35,4.866807859930357e-35,4.86679181587098e-35,4.866775772087102e-35,4.866759728578958e-35,4.866743685346491e-35,4.86672764238966e-35,4.86671159970844e-35,4.866695557302974e-35,4.866679515173092e-35,4.866663473318927e-35,4.866647431740307e-35,4.866631390437379e-35,4.866615349410132e-35,4.866599308659553e-35,4.866583268183561e-35,4.866567227983075e-35,4.866551188048205e-35,4.866535148398603e-35,4.866519109024894e-35,4.866503069927506e-35,4.866487031105566e-35,4.866470992558573e-35,4.866454954287214e-35,4.866438916291409e-35,4.866422878571177e-35,4.866406841126519e-35,4.866390803957349e-35,4.866374767063793e-35,4.866358730445718e-35,4.866342694103206e-35,4.866326658036124e-35,4.866310622244696e-35,4.866294586728705e-35,4.866278551488181e-35,4.866262516523238e-35,4.866246481833786e-35,4.866230447419799e-35,4.866214413281322e-35,4.866198379418378e-35,4.866182345809007e-35,4.866166312496894e-35,4.866150279462075e-35,4.866134246700917e-35,4.866118214215018e-35,4.866102182004776e-35,4.866086150069941e-35,4.866070118410549e-35,4.866054087026643e-35,4.866038055968761e-35,4.866022025135623e-35,4.866005994578001e-35,4.865989964295715e-35,4.865973934288782e-35,4.865957904557275e-35,4.865941875101189e-35,4.865925845920064e-35,4.865909817014695e-35,4.865893788384725e-35,4.865877760030087e-35,4.865861731950853e-35,4.865845704146955e-35,4.86582967661838e-35,4.865813649365229e-35,4.865797622387365e-35,4.865781595684798e-35,4.865765569257607e-35,4.865749543105757e-35,4.86573351722919e-35,4.865717491627861e-35,4.865701466301915e-35,4.865685441251222e-35,4.865669416480982e-35,4.865653391980874e-35,4.865637367756096e-35,4.865621343806632e-35,4.865605320132386e-35,4.865589296733258e-35,4.865573273609526e-35,4.865557250759576e-35,4.865541228169605e-35,4.865525205871398e-35,4.865509183848683e-35,4.865493162101162e-35,4.865477140641215e-35,4.865461119444225e-35,4.865445098522206e-35,4.865429077875566e-35,4.865413057504098e-35,4.865397037406564e-35,4.865381017585527e-35,4.86536499803975e-35,4.865348978769006e-35,4.865332959773515e-35,4.865316941053172e-35,4.865300922607967e-35,4.865284904437932e-35,4.86526888654308e-35,4.865252868923359e-35,4.865236851703083e-35,4.865220834632955e-35,4.865204817838658e-35,4.865188801318142e-35,4.865172785074037e-35,4.86515676910518e-35,4.865140753411393e-35,4.865124737866696e-35,4.865108722722982e-35,4.865092707849783e-35,4.865076693256289e-35,4.865060678937877e-35,4.865044664894601e-35,4.865028651126353e-35,4.865012637633112e-35,4.864996624415063e-35,4.864980611472002e-35,4.864964598803949e-35,4.864948586422567e-35,4.864932574320803e-35,4.864916562495229e-35,4.864900550927819e-35,4.864884539634825e-35,4.864868528616936e-35,4.86485251787405e-35,4.864836507406161e-35,4.864820497213322e-35,4.864804487295315e-35,4.864788477652442e-35,4.864772468284514e-35,4.864756459191558e-35,4.864740450373528e-35,4.864724441830493e-35,4.864708433562391e-35,4.864692425569312e-35,4.864676417851136e-35,4.86466041040782e-35,4.864644403239496e-35,4.864628396346166e-35,4.864612389727684e-35,4.86459638338418e-35,4.864580377315592e-35,4.86456437152181e-35,4.864548366002962e-35,4.864532360758989e-35,4.864516355789958e-35,4.864500351095669e-35,4.864484346676415e-35,4.864468342532019e-35,4.864452338662499e-35,4.864436335067793e-35,4.864420331747919e-35,4.86440432870286e-35,4.864388325932745e-35,4.864372323437389e-35,4.86435632121062e-35,4.864340319263439e-35,4.864324317592561e-35,4.864308316196579e-35,4.864292315075232e-35,4.864276314228867e-35,4.864260313657275e-35,4.864244313360463e-35,4.864228313338363e-35,4.864212313591066e-35,4.864196314118632e-35,4.864180314920963e-35,4.864164315997952e-35,4.864148317349797e-35,4.864132318976329e-35,4.864116320877605e-35,4.864100323053703e-35,4.864084325504494e-35,4.864068328229981e-35,4.864052331230215e-35,4.864036334505176e-35,4.864020338054924e-35,4.86400434187927e-35,4.863988345958814e-35,4.863972350311187e-35,4.863956354942141e-35,4.863940359840735e-35,4.863924365038616e-35,4.863908370494807e-35,4.863892376225762e-35,4.863876382236924e-35,4.863860388533408e-35,4.863844395104547e-35,4.863828401950353e-35,4.863812409112494e-35,4.863796416508985e-35,4.863780424178812e-35,4.863764431993849e-35,4.863748440212775e-35,4.863732448706355e-35,4.863716457474471e-35,4.863700466517267e-35,4.863684475834631e-35,4.863668485426636e-35,4.863652495293063e-35,4.863636505434245e-35,4.863620515849963e-35,4.863604526540293e-35,4.86358853750508e-35,4.863572548744466e-35,4.863556560258315e-35,4.863540572008312e-35,4.863524584071465e-35,4.863508596406945e-35,4.863492609012324e-35,4.863476621898947e-35,4.863460635060068e-35,4.863444648495684e-35,4.863428662205764e-35,4.863412676190431e-35,4.863396690449547e-35,4.863380704983171e-35,4.863364719791267e-35,4.863348734872028e-35,4.863332750229022e-35,4.863316765860511e-35,4.863300781766412e-35,4.86328479794684e-35,4.863268814401707e-35,4.863252831131061e-35,4.86323684813484e-35,4.863220865413047e-35,4.863204882965641e-35,4.863188900792688e-35,4.863172918894149e-35,4.863156937270114e-35,4.863140955920663e-35,4.86312497484558e-35,4.863108994044918e-35,4.863093013518666e-35,4.863077033266749e-35,4.863061053289292e-35,4.863045073586138e-35,4.863029094157377e-35,4.863013115003016e-35,4.862997136122653e-35,4.862981157516666e-35,4.862965179185017e-35,4.862949201127665e-35,4.862933223344744e-35,4.86291724583602e-35,4.862901268601744e-35,4.86288529164168e-35,4.862869314955999e-35,4.862853338544522e-35,4.862837362407369e-35,4.862821386544599e-35,4.862805410956044e-35,4.862789435641848e-35,4.862773460601843e-35,4.862757485836137e-35,4.86274151134472e-35,4.862725537127561e-35,4.862709563184618e-35,4.862693589515888e-35,4.862677616121467e-35,4.86266164300133e-35,4.862645670155386e-35,4.862629697583718e-35,4.862613725286207e-35,4.862597753262848e-35,4.862581781513805e-35,4.862565810038851e-35,4.862549838838133e-35,4.862533867911626e-35,4.862517897259231e-35,4.862501926881096e-35,4.862485956777112e-35,4.862469986947272e-35,4.862454017391681e-35,4.862438048110111e-35,4.86242207910284e-35,4.862406110369615e-35,4.8623901419106e-35,4.862374173725621e-35,4.862358205814914e-35,4.8623422381782e-35,4.862326270815729e-35,4.862310303727254e-35,4.862294336912905e-35,4.862278370372646e-35,4.862262404106531e-35,4.862246438114483e-35,4.862230472396608e-35,4.862214506952694e-35,4.862198541782866e-35,4.862182576887093e-35,4.862166612265628e-35,4.862150647916519e-35,4.862134683843044e-35,4.862118720043588e-35,4.862102756518062e-35,4.862086793266598e-35,4.862070830289191e-35,4.862054867585812e-35,4.862038905156464e-35,4.862022943001075e-35,4.862006981119745e-35,4.861991019512346e-35,4.861975058179075e-35,4.861959097119691e-35,4.86194313633436e-35,4.861927175822977e-35,4.861911215585552e-35,4.861895255622104e-35,4.861879295932558e-35,4.861863336516989e-35,4.861847377375417e-35,4.861831418507778e-35,4.861815459914025e-35,4.861799501594287e-35,4.861783543548408e-35,4.861767585776454e-35,4.861751628278498e-35,4.861735671054345e-35,4.861719714104146e-35,4.861703757427881e-35,4.861687801025453e-35,4.861671844896926e-35,4.861655889042286e-35,4.861639933461504e-35,4.861623978154657e-35,4.861608023121606e-35,4.861592068362445e-35,4.861576113877181e-35,4.861560159665774e-35,4.861544205728105e-35,4.861528252064332e-35,4.86151229867442e-35,4.861496345558342e-35,4.861480392716057e-35,4.861464440147626e-35,4.861448487852944e-35,4.861432535832083e-35,4.861416584085017e-35,4.861400632560797e-35,4.861384681361267e-35,4.861368730435298e-35,4.861352779783375e-35,4.861336829405241e-35,4.861320879300924e-35,4.861304929470351e-35,4.861288979913491e-35,4.861273030630404e-35,4.861257081620968e-35,4.861241132885385e-35,4.86122518442351e-35,4.861209236235289e-35,4.861193288320827e-35,4.861177340680106e-35,4.861161393313052e-35,4.861145446219712e-35,4.861129499400033e-35,4.861113552854153e-35,4.861097606581863e-35,4.86108166058332e-35,4.861065714858396e-35,4.861049769407182e-35,4.861033824229624e-35,4.861017879325718e-35,4.861001934695401e-35,4.86098599033886e-35,4.860970046256021e-35,4.860954102446653e-35,4.860938158910888e-35,4.860922215648863e-35,4.860906272660434e-35,4.86089032994555e-35,4.86087438750427e-35,4.86085844533663e-35,4.860842503442608e-35,4.860826561822178e-35,4.86081062047536e-35,4.860794679402073e-35,4.860778738602414e-35,4.860762798073567e-35,4.860746857818492e-35,4.860730917837153e-35,4.860714978129578e-35,4.860699038695758e-35,4.860683099535677e-35,4.860667160649529e-35,4.860651222037064e-35,4.860635283698224e-35,4.86061934563334e-35,4.860603407841991e-35,4.860587470324499e-35,4.860571533080701e-35,4.860555596110599e-35,4.860539659414333e-35,4.860523722991695e-35,4.86050778684271e-35,4.860491850967415e-35,4.860475915365821e-35,4.860459980037932e-35,4.860444044983697e-35,4.8604281102032e-35,4.860412175696357e-35,4.86039624146302e-35,4.86038030750338e-35,4.860364373817372e-35,4.860348440405068e-35,4.860332507266317e-35,4.860316574401158e-35,4.860300641809733e-35,4.860284709491735e-35,4.860268777447489e-35,4.860252845676804e-35,4.860236914179763e-35,4.860220982956189e-35,4.860205052006205e-35,4.860189121329848e-35,4.860173190926961e-35,4.860157260797666e-35,4.860141330941989e-35,4.860125401359662e-35,4.86010947205104e-35,4.860093543015878e-35,4.860077614254235e-35,4.860061685766124e-35,4.860045757551563e-35,4.860029829610407e-35,4.8600139019428e-35,4.859997974548626e-35,4.859982047428008e-35,4.859966120580768e-35,4.859950194007031e-35,4.859934267706776e-35,4.859918341679918e-35,4.859902415918309e-35,4.859886490429965e-35,4.859870565214776e-35,4.85985464027288e-35,4.85983871560428e-35,4.859822791208828e-35,4.85980686708667e-35,4.859790943237723e-35,4.85977501966206e-35,4.859759096359465e-35,4.85974317333018e-35,4.859727250616092e-35,4.85971132813306e-35,4.859695405914973e-35,4.859679483978504e-35,4.859663562315308e-35,4.859647640965192e-35,4.859631719848249e-35,4.859615799047448e-35,4.859599878541109e-35,4.859583958278034e-35,4.859568038304851e-35,4.859552118586223e-35,4.859536199189677e-35,4.859520279984349e-35,4.859504361052621e-35,4.859488442393931e-35,4.859472524008443e-35,4.859456605895939e-35,4.859440688056654e-35,4.859424770490406e-35,4.859408853197293e-35,4.859392936177199e-35,4.859377019430217e-35,4.859361102956343e-35,4.859345186755522e-35,4.859329270827834e-35,4.859313355173087e-35,4.859297439791504e-35,4.859281524682949e-35,4.859265609847414e-35,4.859249695284981e-35,4.859233780995533e-35,4.859217866979079e-35,4.859201953235667e-35,4.859186039765266e-35,4.859170126567947e-35,4.859154213643543e-35,4.859138300992193e-35,4.859122388613836e-35,4.859106476508433e-35,4.859090564676025e-35,4.85907465311659e-35,4.859058741830088e-35,4.859042830816644e-35,4.859026920076061e-35,4.859011009608624e-35,4.858995099414e-35,4.858979189492344e-35,4.858963279843548e-35,4.858947370467815e-35,4.858931461283382e-35,4.858915552472144e-35,4.858899643915104e-35,4.858883735631083e-35,4.858867827619996e-35,4.858851919881743e-35,4.858836012416333e-35,4.858820105223848e-35,4.858804198304151e-35,4.858788291657404e-35,4.858772385283504e-35,4.858756479182419e-35,4.858740573327476e-35,4.858724667771948e-35,4.858708762490213e-35,4.858692857480496e-35,4.858676952743665e-35,4.858661048279726e-35,4.858645144090084e-35,4.858629240174384e-35,4.858613336528836e-35,4.858597433152022e-35,4.85858152998674e-35,4.858565627159725e-35,4.85854972460548e-35,4.858533822215801e-35,4.858517920207165e-35,4.858502018367998e-35,4.858486116904758e-35,4.858470215714324e-35,4.858454314796716e-35,4.858438414151822e-35,4.858422513779672e-35,4.858406613680315e-35,4.858390713853655e-35,4.858374814299721e-35,4.858358915018546e-35,4.858343016010055e-35,4.858327117274319e-35,4.858311218811284e-35,4.858295320620968e-35,4.858279422703303e-35,4.858263525058368e-35,4.858247627686069e-35,4.858231730586484e-35,4.858215833759556e-35,4.858199937205349e-35,4.858184040923794e-35,4.858168144914918e-35,4.858152249178676e-35,4.85813635371508e-35,4.858120458524153e-35,4.858104563605854e-35,4.858088668960155e-35,4.858072774587064e-35,4.858056880486619e-35,4.858040986658765e-35,4.858025093103558e-35,4.858009199820973e-35,4.85799330681094e-35,4.857977414073455e-35,4.857961521608703e-35,4.857945629416429e-35,4.857929737496773e-35,4.857913845849674e-35,4.857897954475132e-35,4.857882063373159e-35,4.857866172543722e-35,4.857850281986879e-35,4.857834391702543e-35,4.85781850169078e-35,4.857802611951536e-35,4.857786722484716e-35,4.857770833290583e-35,4.857754944368937e-35,4.857739055719776e-35,4.857723167343e-35,4.857707279238844e-35,4.85769139140715e-35,4.857675503847971e-35,4.857659616561261e-35,4.857643729547027e-35,4.857627842805252e-35,4.857611956335927e-35,4.857596070139117e-35,4.857580184214707e-35,4.857564298562724e-35,4.857548413183204e-35,4.857532528076165e-35,4.857516643241593e-35,4.857500758679299e-35,4.857484874389522e-35,4.857468990372139e-35,4.857453106627159e-35,4.857437223154586e-35,4.857421339954479e-35,4.857405457026683e-35,4.857389574371311e-35,4.857373691988337e-35,4.857357809877718e-35,4.857341928039479e-35,4.857326046473595e-35,4.857310165180055e-35,4.85729428415885e-35,4.857278403410037e-35,4.857262522933564e-35,4.85724664272936e-35,4.857230762797614e-35,4.857214883138095e-35,4.857199003750946e-35,4.857183124636004e-35,4.857167245793509e-35,4.857151367223205e-35,4.857135488925296e-35,4.857119610899556e-35,4.85710373314618e-35,4.857087855665104e-35,4.857071978456311e-35,4.857056101519741e-35,4.85704022485549e-35,4.857024348463502e-35,4.857008472343725e-35,4.856992596496234e-35,4.85697672092098e-35,4.856960845617945e-35,4.856944970587153e-35,4.85692909582863e-35,4.856913221342209e-35,4.856897347128091e-35,4.856881473186178e-35,4.856865599516466e-35,4.856849726118859e-35,4.856833852993616e-35,4.856817980140386e-35,4.856802107559424e-35,4.856786235250686e-35,4.856770363214092e-35,4.856754491449608e-35,4.856738619957302e-35,4.856722748737183e-35,4.856706877789269e-35,4.856691007113351e-35,4.85667513670964e-35,4.856659266578053e-35,4.856643396718116e-35,4.856627527130403e-35,4.85661165781469e-35,4.856595788771115e-35,4.856579919999779e-35,4.856564051500364e-35,4.856548183273124e-35,4.856532315317918e-35,4.856516447634766e-35,4.856500580223746e-35,4.856484713084734e-35,4.856468846217824e-35,4.856452979622973e-35,4.856437113300275e-35,4.856421247249491e-35,4.856405381470725e-35,4.85638951596415e-35,4.856373650729488e-35,4.856357785766898e-35,4.856341921076324e-35,4.856326056658256e-35,4.856310192512601e-35,4.856294328638446e-35,4.856278465036363e-35,4.856262601706316e-35,4.856246738648133e-35,4.856230875866315e-35,4.856215013352166e-35,4.856199151110082e-35,4.856183289142842e-35,4.856167427444598e-35,4.85615156601834e-35,4.856135704863919e-35,4.856119843981592e-35,4.856103983371097e-35,4.856088123032562e-35,4.856072262965994e-35,4.856056403171279e-35,4.85604054364844e-35,4.856024684397607e-35,4.856008825418666e-35,4.855992966711544e-35,4.855977108276384e-35,4.855961250113042e-35,4.855945392221662e-35,4.855929534602153e-35,4.855913677254511e-35,4.85589782017871e-35,4.855881963374754e-35,4.85586610684269e-35,4.855850250582518e-35,4.855834394594088e-35,4.855818538877566e-35,4.855802683432862e-35,4.855786828259909e-35,4.855770973358915e-35,4.855755118729655e-35,4.855739264372172e-35,4.855723410286514e-35,4.855707556472741e-35,4.855691702930615e-35,4.855675849660365e-35,4.855659996662429e-35,4.855644143935726e-35,4.855628291443349e-35,4.85561243926016e-35,4.855596587348767e-35,4.855580735709117e-35,4.855564884341167e-35,4.85554903324509e-35,4.855533182420622e-35,4.855517331867311e-35,4.855501481586357e-35,4.855485631577088e-35,4.855469781839554e-35,4.855453932358593e-35,4.855438083164468e-35,4.855422234242042e-35,4.855406385589104e-35,4.855390537210043e-35,4.855374689102632e-35,4.855358841266973e-35,4.855342993702931e-35,4.855327146410656e-35,4.855311299389975e-35,4.855295452640923e-35,4.855279606163581e-35,4.85526375995789e-35,4.855247914023798e-35,4.855232068361329e-35,4.855216222970516e-35,4.855200377994142e-35,4.855184533146508e-35,4.855168688570573e-35,4.855152844266207e-35,4.855137001095461e-35,4.85512115733457e-35,4.85510531384502e-35,4.855089470627353e-35,4.855073627680915e-35,4.855057785006004e-35,4.855041942602654e-35,4.855026100475521e-35,4.85501025861533e-35,4.854994417026673e-35,4.854978575709631e-35,4.854962734664111e-35,4.854946894068127e-35,4.854931053565376e-35,4.854915213319015e-35,4.854899373359541e-35,4.854883533671515e-35,4.854867694255356e-35,4.854851855085473e-35,4.854836016212076e-35,4.854820177610089e-35,4.854804339282386e-35,4.854788501223375e-35,4.854772663435818e-35,4.85475682591992e-35,4.854740988675306e-35,4.854725151702136e-35,4.854709315000413e-35,4.854693478570265e-35,4.854677642411324e-35,4.85466180652393e-35,4.854645970907973e-35,4.854630135563427e-35,4.854614300490333e-35,4.854598465688602e-35,4.854582631158254e-35,4.854566796899314e-35,4.854550962911807e-35,4.854535129195681e-35,4.854519295750891e-35,4.854503462577538e-35,4.854487629675533e-35,4.854471797044947e-35,4.85445596468559e-35,4.854440132597722e-35,4.854424300781425e-35,4.854408469236408e-35,4.854392637962554e-35,4.854376806959995e-35,4.854360976228765e-35,4.854345145768898e-35,4.854329315580264e-35,4.854313485662928e-35,4.854297656016994e-35,4.854281826642295e-35,4.854265997538872e-35,4.854250168706887e-35,4.854234340145971e-35,4.854218511856423e-35,4.854202683838245e-35,4.854186856091172e-35,4.854171028615441e-35,4.854155201414192e-35,4.854139374480885e-35,4.854123547812558e-35,4.854107722304103e-35,4.854091896184581e-35,4.854076070336267e-35,4.854060244759187e-35,4.8540444194533e-35,4.854028594419342e-35,4.85401276966397e-35,4.85399694517172e-35,4.85398112095069e-35,4.853965297000819e-35,4.853949473324968e-35,4.853933649917414e-35,4.853917826781107e-35,4.853902003915985e-35,4.853886181297675e-35,4.853870358975109e-35,4.853854536935839e-35,4.853838715155249e-35,4.853822893645851e-35,4.853807072407537e-35,4.85379125144035e-35,4.853775430744395e-35,4.853759610319469e-35,4.853743790165665e-35,4.853727970282972e-35,4.853712150671388e-35,4.853696331330963e-35,4.853680512261539e-35,4.853664693455394e-35,4.853648874928742e-35,4.853633056649352e-35,4.853617238664232e-35,4.853601420950296e-35,4.853585603505923e-35,4.853569786333899e-35,4.853553969433017e-35,4.853538152803168e-35,4.853522336444336e-35,4.853506520356623e-35,4.853490704539861e-35,4.853474888994131e-35,4.853459073719468e-35,4.853443258715779e-35,4.853427443983048e-35,4.853411629521339e-35,4.853395815330562e-35,4.853380001410849e-35,4.853364187762037e-35,4.853348374384221e-35,4.853332561277456e-35,4.853316748441581e-35,4.853300935876709e-35,4.853285123582719e-35,4.853269311559709e-35,4.853253499807697e-35,4.853237688326466e-35,4.853221877116293e-35,4.853206066177008e-35,4.853190255508676e-35,4.853174445111197e-35,4.853158634984732e-35,4.853142825129093e-35,4.853127015544308e-35,4.853111206230492e-35,4.853095397187554e-35,4.853079588415409e-35,4.853063779914633e-35,4.853047971684278e-35,4.853032163733361e-35,4.853016356045363e-35,4.853000548403536e-35,4.852984741256578e-35,4.852968934380352e-35,4.852953127774664e-35,4.852937321439704e-35,4.852921515375669e-35,4.852905709582509e-35,4.852889904060049e-35,4.852874098808454e-35,4.852858293827643e-35,4.852842489117615e-35,4.852826684678432e-35,4.852810880509941e-35,4.852795076612348e-35,4.852779272985472e-35,4.85276346962932e-35,4.852747666544044e-35,4.85273186372939e-35,4.852716061185575e-35,4.852700258912463e-35,4.852684456910155e-35,4.852668655178515e-35,4.852652853717692e-35,4.85263705252752e-35,4.85262125160811e-35,4.852605450959377e-35,4.852589650581461e-35,4.852573850474098e-35,4.852558050637546e-35,4.852542251071631e-35,4.852526451776855e-35,4.852510652752818e-35,4.85249485399936e-35,4.852479055516636e-35,4.852463257304572e-35,4.852447459363135e-35,4.852431661692351e-35,4.85241586429218e-35,4.852400067162715e-35,4.852384270303834e-35,4.852368473715688e-35,4.852352677398019e-35,4.852336881351085e-35,4.852321085574733e-35,4.852305290069009e-35,4.852289494833843e-35,4.852273699869345e-35,4.852257905175351e-35,4.85224211075199e-35,4.852226316599186e-35,4.852210522717012e-35,4.852194729105342e-35,4.852178935764282e-35,4.85216314269377e-35,4.852147349893781e-35,4.852131557364295e-35,4.852115765105501e-35,4.852099973117143e-35,4.852084181399393e-35,4.852068389952055e-35,4.852052598775317e-35,4.852036807869139e-35,4.852021017233391e-35,4.852005226868147e-35,4.851989436773456e-35,4.851973646949257e-35,4.851957857395454e-35,4.85194206811211e-35,4.851926279099381e-35,4.851910490357032e-35,4.851894701885168e-35,4.851878913683801e-35,4.85186312575282e-35,4.851847338092356e-35,4.851831550702318e-35,4.851815763582715e-35,4.851799976733566e-35,4.851784190154788e-35,4.851768403846459e-35,4.851752617808549e-35,4.851736832041032e-35,4.851721046543967e-35,4.851705261317336e-35,4.851689476361027e-35,4.851673691675111e-35,4.851657907259591e-35,4.85164212311448e-35,4.851626339239647e-35,4.851610555635308e-35,4.851594772301203e-35,4.85157898923748e-35,4.85156320644411e-35,4.851547423921127e-35,4.851531641668497e-35,4.851515859686166e-35,4.851500077974149e-35,4.851484296532521e-35,4.851468515361245e-35,4.851452734460148e-35,4.85143695382937e-35,4.85142117346897e-35,4.85140539337878e-35,4.851389613558975e-35,4.851373834009333e-35,4.851358054730056e-35,4.851342275721012e-35,4.851326496982282e-35,4.85131071851384e-35,4.85129494031558e-35,4.851279162387599e-35,4.851263384729828e-35,4.851247607342349e-35,4.851231830225104e-35,4.851216053378023e-35,4.851200276801252e-35,4.851184500494663e-35,4.851168724458313e-35,4.85115294869216e-35,4.851137173196249e-35,4.851121397970394e-35,4.851105623014871e-35,4.851089848329495e-35,4.851074073914232e-35,4.851058299769301e-35,4.851042525894341e-35,4.851026752289625e-35,4.851010978955111e-35,4.850995205890689e-35,4.850979433096449e-35,4.850963660572289e-35,4.850947888318337e-35,4.850932116334447e-35,4.850916344620756e-35,4.850900573177162e-35,4.850884802003698e-35,4.850869031100355e-35,4.850853260368562e-35,4.850837490005356e-35,4.8508217198108e-35,4.850805949987839e-35,4.850790180436043e-35,4.850774411087584e-35,4.850758642071141e-35,4.850742873329138e-35,4.850727104745359e-35,4.850711336543384e-35,4.850695568612034e-35,4.850679800950552e-35,4.850664033554476e-35,4.8506482663687e-35,4.850632499516218e-35,4.850616732933852e-35,4.850600966621485e-35,4.850585200579099e-35,4.850569434806659e-35,4.85055366930434e-35,4.850537904071952e-35,4.850522139109501e-35,4.850506374416891e-35,4.850490609994692e-35,4.850474845842231e-35,4.85045908187639e-35,4.850443318263835e-35,4.850427554921318e-35,4.850411791848658e-35,4.850396029045953e-35,4.850380266513251e-35,4.85036450425038e-35,4.850348742257465e-35,4.850332980534454e-35,4.850317219081461e-35,4.850301457898248e-35,4.850285696985007e-35,4.850269936341679e-35,4.850254175968157e-35,4.850238415864585e-35,4.850222656030856e-35,4.850206896467013e-35,4.850191137173125e-35,4.850175378149077e-35,4.850159619394759e-35,4.850143860910456e-35,4.850128102695906e-35,4.850112344751198e-35,4.850096587076409e-35,4.850080829671416e-35,4.850065072536222e-35,4.850049315670837e-35,4.850033559075286e-35,4.850017802749529e-35,4.850002046693662e-35,4.849986290907493e-35,4.849970535391181e-35,4.849954780144703e-35,4.849939025167837e-35,4.849923270531418e-35,4.849907516143534e-35,4.849891762015738e-35,4.8498760081518e-35,4.849860254523165e-35,4.849844501174333e-35,4.849828748131565e-35,4.849812995312876e-35,4.84979724276042e-35,4.849781490481076e-35,4.849765738454752e-35,4.849749986714892e-35,4.849734235286616e-35,4.849718484133821e-35,4.849702733203032e-35,4.849686982541964e-35,4.849671232150678e-35,4.849655482029038e-35,4.849639732177215e-35,4.849623982594839e-35,4.849608233282236e-35,4.849592484239298e-35,4.849576735466038e-35,4.849560986962426e-35,4.849545238728448e-35,4.849529490771066e-35,4.849513743083017e-35,4.849497995664596e-35,4.849482248515533e-35,4.849466501635949e-35,4.84945075502564e-35,4.849435008684704e-35,4.84941926261317e-35,4.849403516811011e-35,4.849387771278204e-35,4.849372026014762e-35,4.849356281020713e-35,4.849340536295924e-35,4.849324791840548e-35,4.849309047654452e-35,4.849293303737758e-35,4.849277560090296e-35,4.849261816712269e-35,4.849246073603406e-35,4.849230330763923e-35,4.849214588193675e-35,4.84919884589273e-35,4.849183103861055e-35,4.849167362098527e-35,4.849151620605456e-35,4.849135879381489e-35,4.849120138426851e-35,4.849104397741421e-35,4.849088657325154e-35,4.849072917178236e-35,4.849057177300397e-35,4.849041437691952e-35,4.849025698352497e-35,4.849009959282347e-35,4.848994220481467e-35,4.848978481949725e-35,4.848962743687235e-35,4.848947005693676e-35,4.848931267969447e-35,4.848915530516789e-35,4.848899793333648e-35,4.848884056419792e-35,4.848868319775451e-35,4.848852583400416e-35,4.848836847294753e-35,4.848821111458542e-35,4.848805375891726e-35,4.848789640594252e-35,4.848773905566206e-35,4.848758170807569e-35,4.848742436318189e-35,4.848726702098243e-35,4.848710968147663e-35,4.848695234466409e-35,4.848679501054503e-35,4.848663767912045e-35,4.848648035038809e-35,4.84863230243486e-35,4.848616570100262e-35,4.848600838035054e-35,4.848585106238991e-35,4.848569374712352e-35,4.848553643455007e-35,4.848537912466915e-35,4.848522181748119e-35,4.848506451298674e-35,4.848490721118405e-35,4.848474991187033e-35,4.848459261524387e-35,4.848443532130689e-35,4.848427803005708e-35,4.848412074149076e-35,4.848396345577206e-35,4.848380617274514e-35,4.848364889241062e-35,4.848349161484107e-35,4.848333433996274e-35,4.84831770677778e-35,4.84830197982851e-35,4.848286253148378e-35,4.848270526737475e-35,4.848254800595757e-35,4.848239074723213e-35,4.848223349119963e-35,4.848207623785787e-35,4.8481918987208e-35,4.848176173925084e-35,4.848160449398396e-35,4.848144725140939e-35,4.848129001152615e-35,4.848113277433346e-35,4.848097553983356e-35,4.848081830802444e-35,4.848066107890663e-35,4.848050385248045e-35,4.848034662874499e-35,4.848018940770038e-35,4.848003218934729e-35,4.847987497368498e-35,4.847971776071357e-35,4.84795605504343e-35,4.84794033428315e-35,4.847924613778438e-35,4.847908893569339e-35,4.847893173608218e-35,4.847877453925171e-35,4.847861734518901e-35,4.847846015351411e-35,4.847830296476045e-35,4.847814577869572e-35,4.847798859532177e-35,4.847783141463802e-35,4.847767423664418e-35,4.8477517061341e-35,4.847735988872763e-35,4.847720271880528e-35,4.847704555157198e-35,4.84768883870295e-35,4.847673122517695e-35,4.8476574066014e-35,4.847641690954054e-35,4.847625975575731e-35,4.847610260466352e-35,4.847594545625914e-35,4.847578831054489e-35,4.847563116751976e-35,4.847547402720174e-35,4.847531688955551e-35,4.84751597545846e-35,4.847500262231723e-35,4.847484549273843e-35,4.847468836585036e-35,4.847453124165081e-35,4.847437412014016e-35,4.847421700131881e-35,4.847405988518607e-35,4.847390277174778e-35,4.847374566099334e-35,4.84735885529276e-35,4.847343144755075e-35,4.847327434486191e-35,4.847311724486178e-35,4.847296014755079e-35,4.847280305292811e-35,4.847264596099421e-35,4.84724888717487e-35,4.847233178519091e-35,4.847217470132269e-35,4.847201762014208e-35,4.847186054164962e-35,4.847170346584607e-35,4.847154639272988e-35,4.8471389322302e-35,4.847123225456217e-35,4.847107518951023e-35,4.84709181271468e-35,4.847076106746948e-35,4.847060401048128e-35,4.84704469561805e-35,4.84702899045684e-35,4.847013285564288e-35,4.84699758094048e-35,4.846981876585473e-35,4.846966172499233e-35,4.846950468681641e-35,4.846934765132864e-35,4.846919061852765e-35,4.8469033588414e-35,4.846887656098783e-35,4.846871953624854e-35,4.846856251419659e-35,4.846840549483168e-35,4.846824847815421e-35,4.846809146416253e-35,4.846793445285818e-35,4.846777744424106e-35,4.846762043831037e-35,4.846746343506673e-35,4.846730643450989e-35,4.846714943663941e-35,4.846699244145457e-35,4.846683544895653e-35,4.846667845914518e-35,4.846652147202056e-35,4.846636448745071e-35,4.846620750558487e-35,4.846605052669487e-35,4.84658935503144e-35,4.846573657662104e-35,4.846557960561365e-35,4.846542263729244e-35,4.846526567163671e-35,4.846510870870084e-35,4.846495174843918e-35,4.846479479086385e-35,4.846463783597365e-35,4.846448088377007e-35,4.846432393425188e-35,4.84641669874192e-35,4.84640100432723e-35,4.846385310181004e-35,4.846369616303343e-35,4.846353922693974e-35,4.846338229353176e-35,4.84632253628084e-35,4.846306843477087e-35,4.846291150941779e-35,4.846275458674923e-35,4.846259766676645e-35,4.846244074946832e-35,4.846228383485478e-35,4.84621269229267e-35,4.846197001368316e-35,4.84618131071247e-35,4.846165620325047e-35,4.846149930206054e-35,4.846134240355569e-35,4.846118550773545e-35,4.846102861459939e-35,4.846087172414738e-35,4.846071483638033e-35,4.846055795129686e-35,4.846040106889746e-35,4.846024418917536e-35,4.846008731208123e-35,4.845993043773482e-35,4.845977356607266e-35,4.845961669709401e-35,4.845945983079899e-35,4.845930296718951e-35,4.845914610626273e-35,4.845898924801969e-35,4.845883239245968e-35,4.845867553958394e-35,4.845851868939218e-35,4.845836184188382e-35,4.845820499705848e-35,4.845804815491673e-35,4.845789131591014e-35,4.845773447950791e-35,4.845757764543824e-35,4.845742081396507e-35,4.845726398523991e-35,4.845710715919756e-35,4.845695033583841e-35,4.845679351516157e-35,4.845663669716846e-35,4.845647988185769e-35,4.845632306923029e-35,4.845616625928592e-35,4.845600945202396e-35,4.845585264744458e-35,4.845569584554747e-35,4.845553904633361e-35,4.845538224980228e-35,4.845522545595302e-35,4.845506866478637e-35,4.845491187630142e-35,4.8454755090499e-35,4.845459830737917e-35,4.845444152694169e-35,4.845428474918596e-35,4.845412797411227e-35,4.845397120172083e-35,4.845381443201083e-35,4.845365766498287e-35,4.845350090073966e-35,4.845334413907443e-35,4.845318738009181e-35,4.845303062379065e-35,4.845287387017175e-35,4.845271711923381e-35,4.845256037097772e-35,4.845240362540304e-35,4.845224688250938e-35,4.845209014229745e-35,4.845193340511531e-35,4.845177667026581e-35,4.84516199380902e-35,4.845146320859772e-35,4.845130648176377e-35,4.845114975763838e-35,4.845099303619389e-35,4.845083631742097e-35,4.845067960133818e-35,4.845052288793674e-35,4.845036617721585e-35,4.845020946917583e-35,4.84500527638168e-35,4.844989606113804e-35,4.844973936113967e-35,4.844958266382194e-35,4.844942596918412e-35,4.844926927722718e-35,4.844911258795021e-35,4.844895590135364e-35,4.844879921743717e-35,4.844864253620184e-35,4.844848585764512e-35,4.84483291817694e-35,4.844817250857365e-35,4.844801583805745e-35,4.84478591702212e-35,4.844770250506541e-35,4.844754584258856e-35,4.844738918279176e-35,4.844723252567469e-35,4.844707587123777e-35,4.844691921947963e-35,4.844676257040157e-35,4.844660592400255e-35,4.844644928028218e-35,4.844629263924185e-35,4.844613600088345e-35,4.84459793652011e-35,4.84458227321983e-35,4.84456661018752e-35,4.844550947423019e-35,4.844535284926446e-35,4.844519622697841e-35,4.844503960737124e-35,4.844488299044218e-35,4.844472637667563e-35,4.844456976522219e-35,4.844441315640955e-35,4.844425655019441e-35,4.844409994665937e-35,4.844394334566758e-35,4.844378674744246e-35,4.844363015189841e-35,4.844347355907787e-35,4.844331696893413e-35,4.844316038146912e-35,4.844300379668216e-35,4.844284721457353e-35,4.844269063513519e-35,4.844253405808149e-35,4.84423774840043e-35,4.844222092143403e-35,4.844206435320266e-35,4.8441907788281e-35,4.844175122490985e-35,4.844159466422446e-35,4.844143810621612e-35,4.844128155088538e-35,4.844112499823282e-35,4.844096844825645e-35,4.844081190095849e-35,4.844065535633726e-35,4.844049881439383e-35,4.84403422751275e-35,4.844018573976508e-35,4.844002920585323e-35,4.843987267460611e-35,4.843971614603687e-35,4.84395596201556e-35,4.843940309746275e-35,4.843924657693564e-35,4.843909005908583e-35,4.843893354391327e-35,4.843877703141612e-35,4.843862052160603e-35,4.843846401446246e-35,4.84383075099962e-35,4.843815100820539e-35,4.843799450909265e-35,4.843783801265498e-35,4.843768151889387e-35,4.84375250278093e-35,4.843736853940118e-35,4.843721205366883e-35,4.843705557061294e-35,4.843689909023182e-35,4.843674261252773e-35,4.843658613749907e-35,4.843642966514696e-35,4.843627319545245e-35,4.843611672845141e-35,4.843596026412709e-35,4.843580380252797e-35,4.843564734357675e-35,4.84354908872793e-35,4.84353344336744e-35,4.843517798275545e-35,4.843502153448344e-35,4.843486508888067e-35,4.843470864593247e-35,4.843455220569631e-35,4.84343957681256e-35,4.843423933323042e-35,4.843408290101002e-35,4.843392647146465e-35,4.843377004459497e-35,4.843361362039987e-35,4.843345719887888e-35,4.843330078003345e-35,4.843314436386236e-35,4.843298795036662e-35,4.843283153954479e-35,4.843267513139838e-35,4.843251872592579e-35,4.843236232312799e-35,4.843220592300424e-35,4.843204952555516e-35,4.84318931307817e-35,4.843173673868058e-35,4.843158034925464e-35,4.843142396250255e-35,4.843126757842458e-35,4.843111119702033e-35,4.843095481829051e-35,4.843079844223514e-35,4.843064206885238e-35,4.843048569814389e-35,4.843032933010982e-35,4.843017296474873e-35,4.843001660206201e-35,4.842986024204865e-35,4.842970388457446e-35,4.842954752990831e-35,4.842939117791517e-35,4.842923482859661e-35,4.842907848194969e-35,4.842892213797739e-35,4.842876579667763e-35,4.84286094580514e-35,4.842845312209848e-35,4.842829678881851e-35,4.842814045821105e-35,4.842798413027749e-35,4.84278278050163e-35,4.842767148242774e-35,4.842751516254178e-35,4.842735884529964e-35,4.842720253072925e-35,4.842704621882963e-35,4.842688990969444e-35,4.842673360314214e-35,4.842657729926271e-35,4.842642099805469e-35,4.842626469949958e-35,4.842610840363635e-35,4.84259521104455e-35,4.842579581982045e-35,4.842563953197355e-35,4.842548324680009e-35,4.842532696427448e-35,4.842517068335132e-35,4.842501440619375e-35,4.842485813170866e-35,4.842470185989423e-35,4.842454559075137e-35,4.842438932407006e-35,4.842423306027058e-35,4.842407679914206e-35,4.84239205406866e-35,4.842376428490231e-35,4.842360803178851e-35,4.84234517813468e-35,4.842329553357638e-35,4.842313928847711e-35,4.842298304577731e-35,4.842282680601944e-35,4.842267056893445e-35,4.842251433462116e-35,4.842235810287765e-35,4.842220187380076e-35,4.842204564751826e-35,4.842188942378724e-35,4.842173320272733e-35,4.842157698433804e-35,4.842142076861913e-35,4.842126455557188e-35,4.842110834519467e-35,4.842095213748802e-35,4.842079593245177e-35,4.842063973008586e-35,4.842048353038993e-35,4.842032733336481e-35,4.842017113901046e-35,4.842001494732552e-35,4.841985875831112e-35,4.841970257196672e-35,4.841954638829171e-35,4.841939020579866e-35,4.841923402746324e-35,4.841907785034627e-35,4.841892167735157e-35,4.841876550702669e-35,4.841860933937089e-35,4.84184531743855e-35,4.841829701206939e-35,4.841814085259034e-35,4.841798469561336e-35,4.841782854130558e-35,4.84176723896678e-35,4.841751624069677e-35,4.841736009439647e-35,4.841720395074087e-35,4.841704780977423e-35,4.841689167148227e-35,4.841673553585901e-35,4.841657940290546e-35,4.841642327261983e-35,4.841626714500343e-35,4.841611102005583e-35,4.841595489777704e-35,4.84157987781677e-35,4.841564266122623e-35,4.84154865469532e-35,4.841533043594207e-35,4.841517432700713e-35,4.841501822074019e-35,4.841486211714166e-35,4.84147060161072e-35,4.841454991784472e-35,4.841439382225147e-35,4.841423772932548e-35,4.841408163906863e-35,4.841392555149091e-35,4.841376946656976e-35,4.841361338431625e-35,4.841345730473066e-35,4.841330122781307e-35,4.84131451535637e-35,4.84129890819822e-35,4.841283301306766e-35,4.841267694682094e-35,4.841252088317628e-35,4.841236482224358e-35,4.841220876399933e-35,4.841205270842307e-35,4.841189665556412e-35,4.841174060532214e-35,4.841158455774779e-35,4.841142851285242e-35,4.841127247061287e-35,4.841111643103918e-35,4.841096039404567e-35,4.84108043598059e-35,4.841064832823492e-35,4.841049229932924e-35,4.841033627309151e-35,4.841018024951899e-35,4.841002422861427e-35,4.840986821037608e-35,4.840971219480455e-35,4.840955618190067e-35,4.840940017166089e-35,4.840924416408946e-35,4.840908815918335e-35,4.840893215694444e-35,4.840877615737127e-35,4.840862016046418e-35,4.840846416622445e-35,4.840830817464912e-35,4.840815218574096e-35,4.840799619949886e-35,4.840784021592204e-35,4.840768423501306e-35,4.840752825676881e-35,4.840737228118989e-35,4.840721630827721e-35,4.840706033800547e-35,4.840690437043435e-35,4.84067484055166e-35,4.840659244326542e-35,4.840643648368078e-35,4.840628052675813e-35,4.840612457250408e-35,4.840596862091553e-35,4.840581267199145e-35,4.840565672573249e-35,4.840550078213966e-35,4.840534484121204e-35,4.840518890294863e-35,4.840503296735018e-35,4.840487703441804e-35,4.840472110414943e-35,4.84045651763658e-35,4.840440925124671e-35,4.840425332879111e-35,4.840409740899765e-35,4.840394149186723e-35,4.840378557739975e-35,4.840362966559432e-35,4.840347375645091e-35,4.840331784996861e-35,4.840316194614673e-35,4.840300604498507e-35,4.840285014648351e-35,4.840269425064364e-35,4.840253835746219e-35,4.840238246693795e-35,4.840222657907741e-35,4.840207069406642e-35,4.84019148117307e-35,4.840175893208518e-35,4.840160305510387e-35,4.840144718078588e-35,4.840129130913166e-35,4.84011354401406e-35,4.840097957381342e-35,4.84008237101494e-35,4.840066784914918e-35,4.840051199081237e-35,4.84003561338165e-35,4.8400200280807e-35,4.840004443046026e-35,4.839988858277737e-35,4.83997327377569e-35,4.839957689540672e-35,4.839942105571176e-35,4.839926521868097e-35,4.839910938431207e-35,4.839895355260724e-35,4.839879772356427e-35,4.839864189718479e-35,4.83984860734675e-35,4.8398330252413e-35,4.839817443383915e-35,4.839801861939223e-35,4.839786280632533e-35,4.83977069959206e-35,4.839755118817897e-35,4.83973953830999e-35,4.839723958068245e-35,4.839708378092798e-35,4.839692798383485e-35,4.839677218940448e-35,4.839661639763546e-35,4.839646060852878e-35,4.83963048220814e-35,4.839614903829193e-35,4.839599325718907e-35,4.839583747849677e-35,4.839568170269525e-35,4.839552592962693e-35,4.839537015915321e-35,4.839521439134148e-35,4.839505862623121e-35,4.83949028637417e-35,4.839474710391334e-35,4.83945913467472e-35,4.839443559143194e-35,4.839427983958775e-35,4.839412409040534e-35,4.839396834388342e-35,4.839381260002278e-35,4.839365685822961e-35,4.839350111950479e-35,4.839334538362743e-35,4.839318964987383e-35,4.839303391910724e-35,4.839287819120087e-35,4.839272246581494e-35,4.839256674324144e-35,4.839241102332658e-35,4.839225530607433e-35,4.839209959148239e-35,4.839194387955059e-35,4.839178817034064e-35,4.839163246375388e-35,4.839147675980329e-35,4.83913210585131e-35,4.839116535988303e-35,4.839100966389879e-35,4.839085397058885e-35,4.839069827993847e-35,4.839054259194996e-35,4.839038690662007e-35,4.839023122316781e-35,4.839007554315782e-35,4.838991986580759e-35,4.838976419111647e-35,4.8389608519085e-35,4.838945284971401e-35,4.838929718300215e-35,4.838914151895e-35,4.838898585755875e-35,4.838883019882523e-35,4.838867454275129e-35,4.838851888933624e-35,4.83883632394357e-35,4.838820759133845e-35,4.838805195007542e-35,4.838789630729696e-35,4.838774066717695e-35,4.838758502971665e-35,4.838742939491434e-35,4.838727376277131e-35,4.83871181332855e-35,4.838696250645975e-35,4.838680688229306e-35,4.838665126078451e-35,4.83864956419349e-35,4.838634002574397e-35,4.83861844122112e-35,4.838602880133746e-35,4.838587319361703e-35,4.838571758805941e-35,4.838556198516019e-35,4.838540638491832e-35,4.838525078733582e-35,4.838509519240647e-35,4.838493960013947e-35,4.838478401053026e-35,4.838462842357932e-35,4.838447283928562e-35,4.838431725765074e-35,4.838416167867347e-35,4.838400610235302e-35,4.838385052869132e-35,4.838369495768692e-35,4.838353938933963e-35,4.838338382364993e-35,4.838322826061788e-35,4.838307270024276e-35,4.838291714225329e-35,4.838276158719257e-35,4.838260603478965e-35,4.838245048504346e-35,4.83822949379541e-35,4.838213939352296e-35,4.8381983851748e-35,4.838182831269922e-35,4.838167277630452e-35,4.838151724256561e-35,4.838136171141772e-35,4.838120618292713e-35,4.838105065709336e-35,4.838089513391603e-35,4.838073961339596e-35,4.838058409553162e-35,4.838042858032364e-35,4.838027306777263e-35,4.838011755787811e-35,4.837996205063937e-35,4.83798065460563e-35,4.837965104413033e-35,4.837949554486041e-35,4.837934004825994e-35,4.837918455430118e-35,4.83790290629991e-35,4.837887357435352e-35,4.837871808836287e-35,4.837856260502876e-35,4.837840712435003e-35,4.837825164633082e-35,4.837809617096385e-35,4.837794069825199e-35,4.837778522819631e-35,4.837762976079579e-35,4.837747429604954e-35,4.837731883395985e-35,4.837716337452657e-35,4.837700791774715e-35,4.837685246362318e-35,4.837669701215409e-35,4.837654156334014e-35,4.837638611718146e-35,4.837623067367746e-35,4.837607523282903e-35,4.837591979463446e-35,4.837576435909598e-35,4.837560892621184e-35,4.837545349598264e-35,4.83752980684079e-35,4.837514264348735e-35,4.837498722122145e-35,4.837483180161053e-35,4.837467638465439e-35,4.837452097035194e-35,4.837436555870465e-35,4.837421014971131e-35,4.83740547433723e-35,4.837389933968772e-35,4.837374393865652e-35,4.837358854027905e-35,4.837343314455654e-35,4.8373277751488e-35,4.837312236107341e-35,4.83729669733111e-35,4.837281158820452e-35,4.837265620575109e-35,4.83725008259513e-35,4.837234544880545e-35,4.83721900743126e-35,4.837203470247332e-35,4.837187933328813e-35,4.83717239667561e-35,4.837156860287752e-35,4.837141324165196e-35,4.837125788307948e-35,4.837110252716055e-35,4.837094717389549e-35,4.837079182335797e-35,4.837063647511759e-35,4.837048112963767e-35,4.837032578676413e-35,4.837017044675874e-35,4.837001510810464e-35,4.836985977341046e-35,4.836970444136792e-35,4.836954911197881e-35,4.836939378524135e-35,4.836923846115736e-35,4.836908313972555e-35,4.836892782094623e-35,4.836877250481946e-35,4.836861719134501e-35,4.836846188052309e-35,4.836830657238209e-35,4.836815126607162e-35,4.836799596320653e-35,4.836784066299275e-35,4.836768536543099e-35,4.836753007052212e-35,4.836737477826419e-35,4.83672194886579e-35,4.836706420186317e-35,4.836690891755187e-35,4.836675363590131e-35,4.83665983569028e-35,4.836644308055567e-35,4.836628780686059e-35,4.836613253581682e-35,4.836597726742456e-35,4.836582200168407e-35,4.836566673859726e-35,4.836551147816136e-35,4.836535622037765e-35,4.836520096524444e-35,4.83650457127628e-35,4.836489046293181e-35,4.836473521574854e-35,4.836457997121737e-35,4.836442472933623e-35,4.836426949010683e-35,4.836411425352765e-35,4.836395901959917e-35,4.836380378832194e-35,4.836364855969482e-35,4.836349333371797e-35,4.836333811039223e-35,4.836318288971665e-35,4.836302767169136e-35,4.836287245631629e-35,4.836271724359229e-35,4.836256203351782e-35,4.836240682609396e-35,4.836225162131988e-35,4.836209641919675e-35,4.836194121972293e-35,4.836178602289942e-35,4.836163082872639e-35,4.836147563720242e-35,4.836132044832909e-35,4.836116526210495e-35,4.836101007853094e-35,4.836085489760551e-35,4.836069971933092e-35,4.83605445437055e-35,4.836038937072935e-35,4.836023420040261e-35,4.83600790327256e-35,4.835992386780783e-35,4.835976870543052e-35,4.835961354570173e-35,4.835945838862171e-35,4.835930323419089e-35,4.835914808241018e-35,4.835899293327735e-35,4.835883778679303e-35,4.835868264295894e-35,4.835852750154466e-35,4.83583723630061e-35,4.835821722711787e-35,4.835806209387848e-35,4.835790696328655e-35,4.835775183534518e-35,4.83575967100516e-35,4.835744158740649e-35,4.835728646740939e-35,4.835713135006084e-35,4.83569762353605e-35,4.835682112330934e-35,4.83566660139057e-35,4.835651090715015e-35,4.835635580304284e-35,4.835620070158447e-35,4.835604560277285e-35,4.835589050660916e-35,4.835573541280381e-35,4.835558032165585e-35,4.835542523316543e-35,4.835527014733257e-35,4.835511506415471e-35,4.83549599836329e-35,4.835480490576662e-35,4.835464983055456e-35,4.835449475799728e-35,4.835433968809121e-35,4.835418462050236e-35,4.83540295560987e-35,4.83538744943536e-35,4.83537194352568e-35,4.835356437880697e-35,4.835340932500376e-35,4.8353254273847e-35,4.835309922533856e-35,4.835294417947575e-35,4.835278913626071e-35,4.835263409569239e-35,4.835247905777007e-35,4.835232402249583e-35,4.83521689898669e-35,4.835201395988562e-35,4.835185893255003e-35,4.835170390786171e-35,4.835154888581947e-35,4.835139386642385e-35,4.835123884967399e-35,4.835108383557093e-35,4.835092882411423e-35,4.835077381530268e-35,4.835061880913826e-35,4.835046380562012e-35,4.835030880474761e-35,4.835015380649264e-35,4.834999881088568e-35,4.834984381792833e-35,4.834968882762046e-35,4.834953383996106e-35,4.834937885495206e-35,4.834922387259187e-35,4.834906889288026e-35,4.834891391581747e-35,4.83487589414035e-35,4.834860396963683e-35,4.834844900052026e-35,4.834829403405206e-35,4.834813907023219e-35,4.834798410906105e-35,4.834782915053691e-35,4.834767419466229e-35,4.834751924143554e-35,4.834736429085673e-35,4.834720934292547e-35,4.834705439764184e-35,4.834689945500605e-35,4.834674451501746e-35,4.83465895776767e-35,4.834643464298442e-35,4.834627971093817e-35,4.834612478154093e-35,4.834596985478985e-35,4.834581493068677e-35,4.834566000923036e-35,4.834550509042185e-35,4.834535017425887e-35,4.834519526074297e-35,4.834504034987542e-35,4.834488544165353e-35,4.834473053607946e-35,4.834457563314992e-35,4.834442073278725e-35,4.834426583506835e-35,4.834411093999258e-35,4.834395604756115e-35,4.834380115777289e-35,4.834364627062935e-35,4.83434913862315e-35,4.834333650481133e-35,4.834318162592622e-35,4.834302674934868e-35,4.834287187543526e-35,4.834271700435733e-35,4.834256213552073e-35,4.834240726992759e-35,4.834225240657315e-35,4.834209754620216e-35,4.834194268856878e-35,4.834178783314529e-35,4.834163298036465e-35,4.83414781302274e-35,4.834132328273201e-35,4.834116843788044e-35,4.834101359567195e-35,4.834085875610495e-35,4.834070391918146e-35,4.834054908490045e-35,4.834039425326265e-35,4.834023942426678e-35,4.834008459791303e-35,4.833992977420306e-35,4.83397749531344e-35,4.833962013470864e-35,4.833946531892419e-35,4.833931050578343e-35,4.83391556952842e-35,4.833900088742674e-35,4.833884608221099e-35,4.833869127963744e-35,4.83385364797062e-35,4.833838168241702e-35,4.833822688776907e-35,4.833807209495594e-35,4.83379173055918e-35,4.833776251887195e-35,4.833760773493268e-35,4.833745295349408e-35,4.833729817469591e-35,4.833714339847443e-35,4.833698862488747e-35,4.833683385401417e-35,4.833667908542496e-35,4.833652431983317e-35,4.833636955661122e-35,4.833621479630167e-35,4.833606003861329e-35,4.833590528355578e-35,4.833575053053953e-35,4.833559578055849e-35,4.833544103345454e-35,4.833528628907822e-35,4.833513154702686e-35,4.833497680784573e-35,4.833482207130467e-35,4.833466733740455e-35,4.833451260614532e-35,4.833435787752672e-35,4.833420315154783e-35,4.833404842820945e-35,4.83338937075122e-35,4.833373898945472e-35,4.833358427403826e-35,4.833342956126068e-35,4.833327485112448e-35,4.833312014362732e-35,4.833296543877072e-35,4.833281073655382e-35,4.833265603697721e-35,4.833250134004131e-35,4.833234664574341e-35,4.833219195408588e-35,4.833203726506915e-35,4.833188257869088e-35,4.833172789495227e-35,4.833157321385394e-35,4.833141853539465e-35,4.833126385957539e-35,4.833110918639418e-35,4.833095451585272e-35,4.83307998479509e-35,4.833064518268814e-35,4.83304905200646e-35,4.833033586008046e-35,4.833018120273502e-35,4.833002654802866e-35,4.83298718959615e-35,4.832971724653263e-35,4.832956259974329e-35,4.832940795559196e-35,4.832925331408027e-35,4.832909867520703e-35,4.832894403897175e-35,4.832878940537615e-35,4.832863477441847e-35,4.832848014609971e-35,4.832832552041842e-35,4.83281708973762e-35,4.832801627697277e-35,4.832786165920581e-35,4.832770704407944e-35,4.832755243158971e-35,4.832739782173908e-35,4.832724321452468e-35,4.832708860994943e-35,4.832693400801236e-35,4.832677940871312e-35,4.832662481205127e-35,4.832647021802678e-35,4.832631562664119e-35,4.832616103789293e-35,4.832600645178217e-35,4.832585186830844e-35,4.832569728747313e-35,4.832554270927451e-35,4.832538813371416e-35,4.832523356079028e-35,4.832507899050458e-35,4.832492442285597e-35,4.832476985784395e-35,4.832461529546898e-35,4.832446073573169e-35,4.832430617863107e-35,4.832415162416717e-35,4.8323997072341e-35,4.832384252315156e-35,4.832368797659833e-35,4.832353343268274e-35,4.832337889140329e-35,4.832322435275619e-35,4.83230698167454e-35,4.832291528337227e-35,4.832276075263395e-35,4.832260622453218e-35,4.832245169906841e-35,4.83222971762401e-35,4.832214265604779e-35,4.83219881384915e-35,4.832183362357156e-35,4.832167911128692e-35,4.832152460163958e-35,4.832137009462754e-35,4.83212155902522e-35,4.832106108851222e-35,4.832090658941232e-35,4.832075209293466e-35,4.832059759890309e-35,4.832044310524833e-35,4.832028861669192e-35,4.832013413077078e-35,4.831997964748663e-35,4.831982516683731e-35,4.83196706888229e-35,4.831951621344389e-35,4.831936174070063e-35,4.831920727059222e-35,4.831905280311744e-35,4.831889833828034e-35,4.831874387607721e-35,4.831858941650975e-35,4.831843495957716e-35,4.831828050527856e-35,4.831812605361563e-35,4.831797160458763e-35,4.831781715819375e-35,4.831766271443506e-35,4.831750827331184e-35,4.83173538348214e-35,4.831719939896664e-35,4.831704496574681e-35,4.831689053516066e-35,4.83167361072108e-35,4.831658168189365e-35,4.831642725921134e-35,4.831627283916243e-35,4.831611842168353e-35,4.831596400690311e-35,4.83158095949806e-35,4.831565518546874e-35,4.831550077859096e-35,4.831534637434531e-35,4.831519197285121e-35,4.831503757387396e-35,4.831488317753174e-35,4.831472878382295e-35,4.831457439274776e-35,4.831442000430653e-35,4.831426561849823e-35,4.831411123532452e-35,4.831395685478275e-35,4.831380247696977e-35,4.831364810164576e-35,4.831349372900444e-35,4.831333935899666e-35,4.831318499162294e-35,4.831303062688136e-35,4.831287626477338e-35,4.831272190529865e-35,4.831256754814349e-35,4.831241319393367e-35,4.831225884235787e-35,4.831210449341374e-35,4.831195014710781e-35,4.83117958047654e-35,4.83116414637198e-35,4.831148712530599e-35,4.831133278952634e-35,4.831117845637608e-35,4.831102412585378e-35,4.831086980684493e-35,4.831071548173835e-35,4.831056115912032e-35,4.831040683913368e-35,4.831025252177898e-35,4.831009820705702e-35,4.830994389496624e-35,4.83097895855087e-35,4.830963527868242e-35,4.830948097448818e-35,4.830932667292563e-35,4.830917237399521e-35,4.830901807769659e-35,4.830886378403202e-35,4.830870949299639e-35,4.830855520459332e-35,4.830840091882117e-35,4.830824663567977e-35,4.830809235516931e-35,4.830793807729227e-35,4.830778380204511e-35,4.830762952943029e-35,4.830747525944621e-35,4.830732099209357e-35,4.830716672737153e-35,4.830701247404213e-35,4.830685821458311e-35,4.830670395775365e-35,4.830654970355588e-35,4.830639545198871e-35,4.830624120396861e-35,4.830608695766348e-35,4.830593271398789e-35,4.830577847294308e-35,4.830562423567548e-35,4.83054699994373e-35,4.830531576628452e-35,4.830516153576239e-35,4.830500730786943e-35,4.830485308260734e-35,4.830469885997549e-35,4.830454463997397e-35,4.830439042250385e-35,4.830423620779081e-35,4.830408199568021e-35,4.83039277861992e-35,4.830377357934872e-35,4.830361937512706e-35,4.830346517353601e-35,4.830331097457468e-35,4.830315677824199e-35,4.830300258453976e-35,4.830284839346674e-35,4.830269420502402e-35,4.830254001950041e-35,4.830238583631649e-35,4.830223165576243e-35,4.830207747783673e-35,4.830192330254095e-35,4.830176912987423e-35,4.830161495983653e-35,4.830146079242852e-35,4.830130662764926e-35,4.83011524654985e-35,4.83009983059773e-35,4.830084414908472e-35,4.830068999482117e-35,4.830053584318628e-35,4.830038169418024e-35,4.830022754780296e-35,4.830007340405363e-35,4.829991926293392e-35,4.829976512444251e-35,4.829961098858024e-35,4.829945685534543e-35,4.829930272473924e-35,4.829914859676123e-35,4.829899447141134e-35,4.829884034869019e-35,4.829868622868756e-35,4.829853211122243e-35,4.82983779963844e-35,4.829822388417102e-35,4.829806977458601e-35,4.82979156676279e-35,4.829776156329884e-35,4.829760746159679e-35,4.829745336252195e-35,4.829729926607681e-35,4.829714517225795e-35,4.829699108106715e-35,4.829683699250391e-35,4.829668290656813e-35,4.82965288232594e-35,4.82963747425778e-35,4.829622066452427e-35,4.829606658909746e-35,4.829591251629749e-35,4.829575844612605e-35,4.829560437858056e-35,4.829545031366328e-35,4.829529625137744e-35,4.82951421917178e-35,4.829498813468459e-35,4.829483408027886e-35,4.829468002850067e-35,4.829452597934851e-35,4.829437193282258e-35,4.829421788892308e-35,4.829406384765103e-35,4.829390980900491e-35,4.829375577298603e-35,4.829360173959262e-35,4.829344770882622e-35,4.829329368068573e-35,4.829313965517136e-35,4.829298563228394e-35,4.829283161202227e-35,4.829267759438707e-35,4.829252357937774e-35,4.829236956699307e-35,4.829221555723659e-35,4.829206155010428e-35,4.829190754559874e-35,4.829175354371849e-35,4.829159954446441e-35,4.829144554783604e-35,4.829129155383296e-35,4.829113756245549e-35,4.829098357370345e-35,4.829082958757724e-35,4.82906756040763e-35,4.829052162320137e-35,4.829036764495022e-35,4.829021366932495e-35,4.829005969632495e-35,4.82899057259502e-35,4.828975175820083e-35,4.828959779307684e-35,4.828944383057721e-35,4.828928987070262e-35,4.828913591345352e-35,4.828898195882743e-35,4.828882800682769e-35,4.828867405745259e-35,4.828852011070171e-35,4.828836616657616e-35,4.828821222507413e-35,4.828805828619686e-35,4.828790434994468e-35,4.828775041631638e-35,4.828759648531261e-35,4.828744255693384e-35,4.82872886311782e-35,4.8287134708047e-35,4.828698078753996e-35,4.82868268696572e-35,4.828667295439868e-35,4.828651904176361e-35,4.828636513175243e-35,4.828621122436517e-35,4.828605731960165e-35,4.828590341746359e-35,4.828574951794762e-35,4.828559562105559e-35,4.828544172678737e-35,4.828528783514277e-35,4.828513394612112e-35,4.828498005972286e-35,4.828482617594873e-35,4.828467229479789e-35,4.82845184162261e-35,4.828436453913273e-35,4.82842106658509e-35,4.828405679493226e-35,4.828390292632328e-35,4.828374906087494e-35,4.828359519789489e-35,4.828344133738523e-35,4.828328747981111e-35,4.828313362489671e-35,4.828297977224259e-35,4.828282592256705e-35,4.82826720752076e-35,4.828251823085986e-35,4.828236438905272e-35,4.828221054986791e-35,4.828205671330463e-35,4.828190287936496e-35,4.828174904723173e-35,4.828159521853714e-35,4.828144139246437e-35,4.828128756901343e-35,4.82811337481842e-35,4.828097992997742e-35,4.828082611439315e-35,4.828067230143118e-35,4.828051849109e-35,4.828036468337146e-35,4.82802108782739e-35,4.828005707579876e-35,4.827990327594525e-35,4.827974947871313e-35,4.827959568410297e-35,4.82794418921139e-35,4.827928810274606e-35,4.827913431600025e-35,4.82789805318762e-35,4.827882675037282e-35,4.827867297149048e-35,4.82785191952305e-35,4.827836542159108e-35,4.827821165055846e-35,4.827805788216095e-35,4.827790411640022e-35,4.827775035348578e-35,4.827759659296825e-35,4.827744283540927e-35,4.827728908028112e-35,4.827713532760834e-35,4.827698157798796e-35,4.827682783058511e-35,4.827667408577359e-35,4.827652034358561e-35,4.827636660401598e-35,4.827621286706776e-35,4.827605913273952e-35,4.827590540103072e-35,4.827575167201305e-35,4.827559794561334e-35,4.827544422183039e-35,4.827529050066507e-35,4.827513678211592e-35,4.827498306618388e-35,4.827482935286866e-35,4.827467564216956e-35,4.827452193408688e-35,4.827436822862118e-35,4.827421452577231e-35,4.827406082553937e-35,4.827390712792151e-35,4.827375343292067e-35,4.827359974053616e-35,4.827344605076761e-35,4.827329236361346e-35,4.827313867907728e-35,4.827298499715521e-35,4.827283131784937e-35,4.827267764115892e-35,4.827252396708342e-35,4.827237029562418e-35,4.827221662677907e-35,4.827206296054994e-35,4.827190929693494e-35,4.82717556359362e-35,4.827160197757555e-35,4.827144832183383e-35,4.827129466871074e-35,4.827114101820653e-35,4.827098737032072e-35,4.827083372505541e-35,4.82706800824077e-35,4.827052644237711e-35,4.827037280496598e-35,4.827021917017166e-35,4.827006553799647e-35,4.826991190844002e-35,4.826975828150139e-35,4.826960465717992e-35,4.826945103547781e-35,4.82692974163931e-35,4.826914379992636e-35,4.826899018607776e-35,4.826883657484736e-35,4.826868296603368e-35,4.826852935982797e-35,4.826837575623123e-35,4.826822215540117e-35,4.826806855718874e-35,4.826791496166429e-35,4.826776136875719e-35,4.82676077784681e-35,4.82674541907957e-35,4.826730060574073e-35,4.826714702330361e-35,4.826699344348396e-35,4.826683986628092e-35,4.82666862916946e-35,4.826653271972676e-35,4.826637915037481e-35,4.826622558364056e-35,4.826607201952242e-35,4.82659184580217e-35,4.826576489913789e-35,4.826561134287086e-35,4.826545778922094e-35,4.826530423818635e-35,4.826515068950877e-35,4.826499714379645e-35,4.826484360047408e-35,4.826469005999073e-35,4.826453652185439e-35,4.826438298651964e-35,4.826422945380017e-35,4.826407592369768e-35,4.826392239621192e-35,4.826376887134145e-35,4.826361534908873e-35,4.826346182944996e-35,4.826330831242767e-35,4.826315479802175e-35,4.826300128623105e-35,4.826284777705619e-35,4.826269427049769e-35,4.826254076655521e-35,4.826238726522764e-35,4.826223376650219e-35,4.826208027042059e-35,4.826192677693939e-35,4.826177328607466e-35,4.826161979781192e-35,4.826146631217707e-35,4.826131282915795e-35,4.826115934875412e-35,4.8261005870966e-35,4.826085239579227e-35,4.826069892323379e-35,4.826054545329058e-35,4.826039198596191e-35,4.826023852124897e-35,4.826008505915004e-35,4.825993159966601e-35,4.825977814279717e-35,4.825962468854264e-35,4.825947123690307e-35,4.82593177878778e-35,4.825916434146766e-35,4.825901089767199e-35,4.825885745649005e-35,4.825870401792271e-35,4.825855058197015e-35,4.825839714863146e-35,4.825824371790725e-35,4.825809028979706e-35,4.825793686430125e-35,4.825778344141994e-35,4.825763002115252e-35,4.825747660349831e-35,4.82573231884583e-35,4.825716977603233e-35,4.825701636621972e-35,4.825686295902141e-35,4.825670955443662e-35,4.825655615234825e-35,4.825640275315544e-35,4.825624935641101e-35,4.825609596228066e-35,4.825594257077602e-35,4.825578918188568e-35,4.825563579559826e-35,4.825548241192455e-35,4.825532903086389e-35,4.825517565241654e-35,4.825502227658193e-35,4.825486890335961e-35,4.825471553274898e-35,4.825456216475117e-35,4.825440879936531e-35,4.825425543659261e-35,4.825410207643201e-35,4.825394871888558e-35,4.825379536395098e-35,4.825364201161922e-35,4.825348866190546e-35,4.82533353148092e-35,4.825318197032496e-35,4.825302862845352e-35,4.825287528919365e-35,4.825272195254683e-35,4.82525686187832e-35,4.825241528766885e-35,4.825226195885828e-35,4.825210863266004e-35,4.825195530907366e-35,4.825180198809967e-35,4.825164866972205e-35,4.825149535397166e-35,4.825134204083268e-35,4.825118873030615e-35,4.825103542239076e-35,4.825088211708805e-35,4.825072881486564e-35,4.825057551478645e-35,4.825042221731718e-35,4.825026892246059e-35,4.825011563021468e-35,4.824996234058068e-35,4.824980905355856e-35,4.82496557691475e-35,4.824950248734593e-35,4.824934920815666e-35,4.824919593157907e-35,4.824904265761285e-35,4.824888938625646e-35,4.824873611751135e-35,4.824858285137708e-35,4.8248429587854e-35,4.824827632694176e-35,4.824812306864913e-35,4.824796981295853e-35,4.824781655987793e-35,4.824766330940796e-35,4.824751006154978e-35,4.82473568163002e-35,4.824720357366257e-35,4.824705033363476e-35,4.824689709621681e-35,4.824674386140994e-35,4.824659062920579e-35,4.824643739961359e-35,4.824628417263642e-35,4.824613094826973e-35,4.824597772651325e-35,4.824582450736742e-35,4.824567129082982e-35,4.824551807690303e-35,4.824536486558608e-35,4.824521165687926e-35,4.824505845078074e-35,4.824490524729257e-35,4.824475204641451e-35,4.824459884814506e-35,4.824444565248592e-35,4.824429245943531e-35,4.8244139268995e-35,4.82439860811637e-35,4.824383289594155e-35,4.824367971332917e-35,4.824352653332532e-35,4.824337335593103e-35,4.824322018114604e-35,4.824306700896909e-35,4.824291383940196e-35,4.824276067244274e-35,4.824260750809338e-35,4.824245434635221e-35,4.824230118722003e-35,4.82421480308055e-35,4.824199487686113e-35,4.824184172555486e-35,4.824168857685025e-35,4.824153543074402e-35,4.824138228726212e-35,4.824122914638981e-35,4.824107600814118e-35,4.824092287248544e-35,4.824076974819398e-35,4.824061661775506e-35,4.824046348992339e-35,4.824031036469941e-35,4.824015724208401e-35,4.824000412207608e-35,4.823985100467674e-35,4.823969788988544e-35,4.823954477770145e-35,4.823939166938818e-35,4.823923856446192e-35,4.823908546008388e-35,4.823893235833079e-35,4.823877925967045e-35,4.823862616313212e-35,4.823847306920128e-35,4.82383199778715e-35,4.823816688913327e-35,4.823801380302525e-35,4.823786071952286e-35,4.823770763862844e-35,4.82375545603408e-35,4.823740148466101e-35,4.823724841158733e-35,4.823709534112137e-35,4.823694227326144e-35,4.8236789208009e-35,4.823663614542077e-35,4.823648308538149e-35,4.823633002793104e-35,4.823617697278077e-35,4.823602392056023e-35,4.823587087094764e-35,4.823571782394144e-35,4.823556477947393e-35,4.823541173768024e-35,4.823525869849282e-35,4.823510566191215e-35,4.823495262793767e-35,4.823479959656906e-35,4.823464656780651e-35,4.823449354164977e-35,4.823434051809962e-35,4.823418749715527e-35,4.823403447881703e-35,4.823388146308472e-35,4.823372844995807e-35,4.823357543943689e-35,4.823342243152182e-35,4.823326942621284e-35,4.823311642350842e-35,4.823296342341004e-35,4.82328104259164e-35,4.823265743102859e-35,4.823250443874622e-35,4.823235144906968e-35,4.823219846199812e-35,4.823204547753136e-35,4.82318924956706e-35,4.823173951641404e-35,4.823158653976318e-35,4.823143356571696e-35,4.823128059427552e-35,4.82311276254396e-35,4.823097465920786e-35,4.823082169582884e-35,4.823066873480676e-35,4.823051577646808e-35,4.823036282065589e-35,4.82302098674478e-35,4.823005691684349e-35,4.822990396884483e-35,4.822975102345053e-35,4.822959808066015e-35,4.822944514047396e-35,4.822929220290905e-35,4.822913926803769e-35,4.822898633566559e-35,4.82288334058991e-35,4.82286804787341e-35,4.822852755417309e-35,4.822837463221547e-35,4.822822171286223e-35,4.822806879611296e-35,4.822791588196749e-35,4.82277629703538e-35,4.822761006154106e-35,4.822745715494805e-35,4.822730425121649e-35,4.82271513501482e-35,4.822699845164371e-35,4.82268455557193e-35,4.822669266240199e-35,4.822653977168858e-35,4.82263868835784e-35,4.822623399807071e-35,4.82260811151665e-35,4.822592823486518e-35,4.822577535716735e-35,4.82256224814986e-35,4.822546960900969e-35,4.822531673912631e-35,4.822516387183902e-35,4.822501100603267e-35,4.822485814276009e-35,4.822470528328195e-35,4.822455242602891e-35,4.822439957190854e-35,4.822424672025099e-35,4.822409387118258e-35,4.822394102471766e-35,4.822378818085333e-35,4.822363533959302e-35,4.822348250093451e-35,4.822332966483115e-35,4.822317683137661e-35,4.8223024000525e-35,4.822287117227551e-35,4.822271834701595e-35,4.822256552397032e-35,4.822241270352613e-35,4.822225988568406e-35,4.822210707044396e-35,4.822195425780558e-35,4.822180144776876e-35,4.822164864029697e-35,4.822149583522762e-35,4.822134303299944e-35,4.822119023336882e-35,4.822103743634072e-35,4.822088464191296e-35,4.822073185008648e-35,4.822057906084242e-35,4.822042627421811e-35,4.822027348755012e-35,4.822012070612784e-35,4.821996792730667e-35,4.82198151510866e-35,4.821966237746887e-35,4.821950960645097e-35,4.821935683803448e-35,4.821920407221827e-35,4.821905130900378e-35,4.821889854838905e-35,4.821874579037527e-35,4.82185930349622e-35,4.82184402821486e-35,4.821828753193667e-35,4.821813478432415e-35,4.821798203931334e-35,4.821782929690173e-35,4.821767655536129e-35,4.821752381815094e-35,4.821737108353973e-35,4.821721835139795e-35,4.82170656219875e-35,4.821691289517645e-35,4.821676017103794e-35,4.821660744942746e-35,4.821645473041705e-35,4.821630201400589e-35,4.821614930019514e-35,4.821599658881106e-35,4.821584388002564e-35,4.821569117383908e-35,4.821553847025014e-35,4.821538576925923e-35,4.821523307086579e-35,4.82150803750699e-35,4.821492768187073e-35,4.821477499126796e-35,4.821462230325983e-35,4.821446961784694e-35,4.821431693502759e-35,4.821416425480118e-35,4.821401157716674e-35,4.821385890212664e-35,4.8213706229845e-35,4.821355356008475e-35,4.82134008930599e-35,4.821324822863416e-35,4.821309556680729e-35,4.821294290757871e-35,4.821279025094913e-35,4.821263759691106e-35,4.821248494330732e-35,4.821233229447257e-35,4.821217965248686e-35,4.821202700881242e-35,4.821187436777262e-35,4.821172172933181e-35,4.821156909348831e-35,4.821141646024341e-35,4.821126383411845e-35,4.821111120606817e-35,4.821095858061769e-35,4.821080595776404e-35,4.821065333750878e-35,4.821050071985156e-35,4.821034810479154e-35,4.82101954923306e-35,4.821004288231958e-35,4.820989027505268e-35,4.820973766947548e-35,4.820958506740348e-35,4.820943246792957e-35,4.820927987109463e-35,4.820912727681502e-35,4.820897468513233e-35,4.820882209604809e-35,4.820866950950371e-35,4.820851692561352e-35,4.82083643443199e-35,4.820821176562389e-35,4.820805918953096e-35,4.820790661602985e-35,4.820775404512318e-35,4.820760147685735e-35,4.820744891114542e-35,4.82072963480298e-35,4.820714378751135e-35,4.82069912295702e-35,4.820683867422927e-35,4.820668612149949e-35,4.820653357136751e-35,4.820638102383119e-35,4.8206228478892e-35,4.820607593658854e-35,4.820592339683242e-35,4.820577085967069e-35,4.820561832511492e-35,4.820546579315585e-35,4.82053132637927e-35,4.820516073702594e-35,4.820500821285584e-35,4.820485569128065e-35,4.820470317230089e-35,4.820455065591748e-35,4.820439814212952e-35,4.820424563093712e-35,4.820409312234099e-35,4.820394061633888e-35,4.820378811293391e-35,4.820363561017652e-35,4.820348311602243e-35,4.820333062040429e-35,4.820317812737945e-35,4.820302563685691e-35,4.820287314902277e-35,4.820272066378446e-35,4.820256818114141e-35,4.820241570103753e-35,4.820226322337938e-35,4.820211074832821e-35,4.820195827587925e-35,4.820180580608836e-35,4.820165333901398e-35,4.820150087424639e-35,4.820134841236285e-35,4.820119595307217e-35,4.820104349637717e-35,4.82008910422762e-35,4.820073859076896e-35,4.820058614185822e-35,4.820043369554034e-35,4.820028125181709e-35,4.8200128810511e-35,4.819997637197638e-35,4.81998239360355e-35,4.819967150268877e-35,4.819951907193651e-35,4.819936664377757e-35,4.819921421821303e-35,4.819906179539122e-35,4.819890937501489e-35,4.81987569572313e-35,4.819860454201365e-35,4.819845212941768e-35,4.819829971941647e-35,4.819814731200744e-35,4.819799490719229e-35,4.819784250497038e-35,4.819769010534175e-35,4.819753770830637e-35,4.81973853138643e-35,4.81972329220165e-35,4.819708053276074e-35,4.819692814609868e-35,4.819677576202968e-35,4.819662338055331e-35,4.819647100167089e-35,4.819631862538121e-35,4.819616625168421e-35,4.819601388058546e-35,4.819586151207499e-35,4.819570914615645e-35,4.819555678282989e-35,4.819540442209649e-35,4.819525206395549e-35,4.819509970840743e-35,4.819494735545165e-35,4.819479500508805e-35,4.819464265734636e-35,4.819449030933665e-35,4.819433796675085e-35,4.819418562665991e-35,4.819403328925835e-35,4.81938809544527e-35,4.81937286224249e-35,4.819357629299383e-35,4.819342396595942e-35,4.819327164151767e-35,4.819311931967406e-35,4.819296700041523e-35,4.819281468374853e-35,4.819266236967265e-35,4.819251005818891e-35,4.819235774929719e-35,4.819220544299689e-35,4.819205313928754e-35,4.819190083816955e-35,4.819174854039737e-35,4.819159624447498e-35,4.81914439509583e-35,4.819129166020577e-35,4.819113937180749e-35,4.819098708623688e-35,4.819083480332959e-35,4.819068252294102e-35,4.819053024514447e-35,4.819037796993779e-35,4.819022569732301e-35,4.819007342729783e-35,4.818992115986436e-35,4.818976889554951e-35,4.818961663329684e-35,4.818946437348642e-35,4.818931211641452e-35,4.818915986193402e-35,4.818900761004339e-35,4.818885536084253e-35,4.818870311413294e-35,4.818855087001294e-35,4.818839862848536e-35,4.818824638954615e-35,4.81880941531967e-35,4.818794191943785e-35,4.81877896882683e-35,4.81876374596942e-35,4.818748523370533e-35,4.818733301030549e-35,4.818718078930504e-35,4.818702857034437e-35,4.818687635471546e-35,4.81867241422857e-35,4.818657193183536e-35,4.818641972383952e-35,4.818626751841879e-35,4.818611531574419e-35,4.818596311565129e-35,4.818581091811128e-35,4.818565872317099e-35,4.818550653019002e-35,4.818535434045382e-35,4.818520215330719e-35,4.818504996864571e-35,4.818489778667679e-35,4.818474560729695e-35,4.818459343050655e-35,4.818444126061202e-35,4.818428908899881e-35,4.818413692005137e-35,4.818398475361538e-35,4.81838325897686e-35,4.818368042851036e-35,4.818352826983942e-35,4.818337611376006e-35,4.818322396031107e-35,4.818307180931997e-35,4.818291966100333e-35,4.818276751537306e-35,4.81826153722338e-35,4.818246323168161e-35,4.818231109369002e-35,4.818215895834315e-35,4.818200682555672e-35,4.818185469532436e-35,4.81817025677288e-35,4.818155044270467e-35,4.818139832027321e-35,4.818124620042618e-35,4.818109408316563e-35,4.818094196849207e-35,4.818078985640731e-35,4.818063774691094e-35,4.818048564000165e-35,4.818033353567864e-35,4.8180181433944e-35,4.818002933479576e-35,4.817987723823558e-35,4.817972514426191e-35,4.817957305287642e-35,4.817942096407706e-35,4.817926887786466e-35,4.817911679424056e-35,4.817896471320196e-35,4.817881263475093e-35,4.817866055888762e-35,4.817850848561012e-35,4.817835641491935e-35,4.817820434681619e-35,4.817805228129876e-35,4.817790021836797e-35,4.817774815802427e-35,4.817759610026621e-35,4.81774440450957e-35,4.81772919925109e-35,4.81771399425126e-35,4.817698789510127e-35,4.817683585027497e-35,4.817668380803602e-35,4.817653176838263e-35,4.817637973131552e-35,4.81762276968337e-35,4.817607566493905e-35,4.817592363563061e-35,4.817577160890644e-35,4.817561958476897e-35,4.817546756321705e-35,4.81753155442515e-35,4.817516352787071e-35,4.817501151407613e-35,4.817485950286679e-35,4.817470749424286e-35,4.817455548820503e-35,4.817440348475237e-35,4.817425148388517e-35,4.817409948560212e-35,4.81739474899057e-35,4.81737954967938e-35,4.817364350626797e-35,4.817349151832708e-35,4.817333953297084e-35,4.817318755019875e-35,4.81730355700129e-35,4.817288359241103e-35,4.817273161739514e-35,4.817257964496256e-35,4.817242767511571e-35,4.817227570785297e-35,4.817212374317498e-35,4.817197178108261e-35,4.817181982157357e-35,4.817166786464924e-35,4.817151591030963e-35,4.817136395855425e-35,4.817121200938376e-35,4.817106006279675e-35,4.817090811879408e-35,4.817075617737563e-35,4.81706042385411e-35,4.817045230229075e-35,4.817030036862472e-35,4.817014843754247e-35,4.816999650904467e-35,4.816984458312983e-35,4.816969265979949e-35,4.816954073905206e-35,4.816938882088809e-35,4.816923690530848e-35,4.816908499231258e-35,4.816893308190018e-35,4.816878117407101e-35,4.816862926882519e-35,4.816847736616369e-35,4.816832546608405e-35,4.816817356858878e-35,4.816802167367727e-35,4.816786978134765e-35,4.816771789160195e-35,4.816756600443873e-35,4.816741411985871e-35,4.816726223786218e-35,4.816711035844845e-35,4.816695848161703e-35,4.81668066073685e-35,4.816665473570339e-35,4.816650286662019e-35,4.816635100012049e-35,4.816619913620281e-35,4.81660472748683e-35,4.816589541611523e-35,4.816574355994586e-35,4.816559170635789e-35,4.816543985535219e-35,4.816528800692914e-35,4.816513616108826e-35,4.816498431782995e-35,4.816483247715344e-35,4.816468063905896e-35,4.816452880354598e-35,4.81643769706154e-35,4.816422514026733e-35,4.816407331250004e-35,4.816392148731521e-35,4.816376966471234e-35,4.816361784469086e-35,4.816346602725064e-35,4.81633142123937e-35,4.816316240011722e-35,4.816301059042185e-35,4.816285878330899e-35,4.81627069787759e-35,4.816255517682491e-35,4.816240337745585e-35,4.816225158066772e-35,4.81620997864605e-35,4.816194799483451e-35,4.816179620579023e-35,4.816164441932613e-35,4.81614926354433e-35,4.816134085414179e-35,4.816118907542098e-35,4.816103729928088e-35,4.816088552572194e-35,4.816073375474362e-35,4.816058198634556e-35,4.816043022052814e-35,4.81602784572915e-35,4.816012669663445e-35,4.815997493855866e-35,4.815982318306449e-35,4.815967143014899e-35,4.815951967981418e-35,4.815936793206013e-35,4.815921618688504e-35,4.815906444429122e-35,4.815891270427712e-35,4.815876096684347e-35,4.815860923198979e-35,4.815845749971617e-35,4.815830577002191e-35,4.81581540429076e-35,4.815800231837359e-35,4.815785059641923e-35,4.815769887704456e-35,4.81575471602492e-35,4.815739544603357e-35,4.815724373439666e-35,4.815709202534038e-35,4.815694031886339e-35,4.815678861496544e-35,4.815663691364634e-35,4.815648521490719e-35,4.8156333518747e-35,4.815618182516594e-35,4.815603013416431e-35,4.815587844574133e-35,4.815572675989773e-35,4.815557507663298e-35,4.815542339594704e-35,4.815527171784004e-35,4.815512004231153e-35,4.815496836936204e-35,4.815481669899071e-35,4.815466503119938e-35,4.815451336598634e-35,4.815436170335094e-35,4.815421004329514e-35,4.815405838581697e-35,4.815390673091766e-35,4.815375507859674e-35,4.815360342885414e-35,4.81534517816893e-35,4.815330013710267e-35,4.815314849509404e-35,4.815299685566362e-35,4.815284521881152e-35,4.815269358453724e-35,4.81525419528406e-35,4.815239032372282e-35,4.81522386971816e-35,4.815208707321873e-35,4.815193545183346e-35,4.815178383302598e-35,4.815163221679589e-35,4.815148060314294e-35,4.815132899206869e-35,4.815117738357136e-35,4.81510257776512e-35,4.815087417430848e-35,4.815072257354263e-35,4.815057097535474e-35,4.815041937974456e-35,4.81502677867103e-35,4.815011619625443e-35,4.814996460837402e-35,4.814981302307085e-35,4.81496614403452e-35,4.814950986019639e-35,4.814935828262492e-35,4.814920670762895e-35,4.814905513521095e-35,4.814890356536853e-35,4.814875199810331e-35,4.814860043341503e-35,4.814844887130285e-35,4.814829731176755e-35,4.8148145754807715e-35,4.814799420042421e-35,4.8147842648618373e-35,4.814769109938803e-35,4.8147539552733384e-35,4.8147388008655737e-35,4.8147236467154517e-35,4.8147084928228367e-35,4.8146933391878757e-35,4.814678185810493e-35,4.814663032690688e-35,4.814647879828438e-35,4.8146327272238023e-35,4.814617574876765e-35,4.814602422787237e-35,4.8145872709552845e-35,4.8145721193809455e-35,4.8145569680641417e-35,4.8145418170048775e-35,4.814526666203142e-35,4.814511515658969e-35,4.8144963653723007e-35,4.8144812153431553e-35,4.8144660655715725e-35,4.8144509160574967e-35,4.8144357668008536e-35,4.8144206178018917e-35,4.8144054690602994e-35,4.814390320576236e-35,4.814375172349732e-35,4.8143600243806377e-35,4.814344876669037e-35,4.8143297292148796e-35,4.814314582018188e-35,4.814299435079024e-35,4.8142842883972945e-35,4.8142691419730453e-35,4.814253995806237e-35,4.8142388498967617e-35,4.8142237042448373e-35,4.814208558850303e-35,4.8141934137132427e-35,4.814178268833577e-35,4.81416312421137e-35,4.814147979846535e-35,4.814132835739135e-35,4.8141176918890545e-35,4.814102548296474e-35,4.8140874049612164e-35,4.8140722618834515e-35,4.8140571190629846e-35,4.8140419764998846e-35,4.814026834194213e-35,4.8140116921458275e-35,4.813996550354849e-35,4.8139814088212666e-35,4.81396626754499e-35,4.813951126526065e-35,4.813935985764475e-35,4.8139208452602404e-35,4.813905705013343e-35,4.813890565023697e-35,4.8138754252913645e-35,4.813860285816481e-35,4.813845146598814e-35,4.813830007638453e-35,4.8138148689354657e-35,4.813799730489692e-35,4.813784592301254e-35,4.8137694543700465e-35,4.813754316696178e-35,4.8137391792795824e-35,4.8137240421202257e-35,4.8137089052181077e-35,4.8136937685733357e-35,4.8136786321857745e-35,4.8136634960553627e-35,4.813648360182263e-35,4.8136332245664475e-35,4.813618089207877e-35,4.8136029541064627e-35,4.81358781926232e-35,4.813572684675317e-35,4.81355755034553e-35,4.813542416272943e-35,4.813527282457633e-35,4.8135121488995216e-35,4.8134970155986177e-35,4.813481882554853e-35,4.813466749768256e-35,4.813451617238838e-35,4.8134364849666e-35,4.813421352951515e-35,4.813406221193533e-35,4.8133910896927573e-35,4.8133759584491504e-35,4.8133608274626887e-35,4.8133456967332785e-35,4.81333056626117e-35,4.8133154360460227e-35,4.8133003060881e-35,4.8132851763872596e-35,4.8132700469435363e-35,4.8132549177569705e-35,4.81323978882745e-35,4.813224660155026e-35,4.813209531739768e-35,4.8131944035814924e-35,4.813179275680392e-35,4.813164148036291e-35,4.8131490206492913e-35,4.81313389351937e-35,4.8131187666465024e-35,4.813103640030702e-35,4.81308851367189e-35,4.813073387570265e-35,4.813058261725523e-35,4.813043136137867e-35,4.813028010807314e-35,4.813012885733774e-35,4.8129977609172163e-35,4.8129826363576696e-35,4.812967512055114e-35,4.812952388009602e-35,4.812937264221046e-35,4.812922140689496e-35,4.812907017414999e-35,4.812891894397438e-35,4.812876771636844e-35,4.8128616491332443e-35,4.812846526886651e-35,4.812831404896884e-35,4.8128162831641416e-35,4.812801161688351e-35,4.8127860404695326e-35,4.812770919507671e-35,4.8127557988027097e-35,4.812740678354641e-35,4.8127255581636134e-35,4.8127104382294967e-35,4.8126953185522417e-35,4.8126801991318806e-35,4.8126650799684833e-35,4.812649961061934e-35,4.812634842412297e-35,4.8126197240195034e-35,4.812604605883692e-35,4.812589488004706e-35,4.8125743703825376e-35,4.8125592530172974e-35,4.812544135908982e-35,4.812529019057487e-35,4.8125139024628365e-35,4.8124987861249947e-35,4.812483670044005e-35,4.812468554219892e-35,4.812453438652583e-35,4.8124383233421346e-35,4.812423208288482e-35,4.812408093491668e-35,4.812392978951675e-35,4.8123778646684417e-35,4.8123627506420426e-35,4.812347636872422e-35,4.8123325233595444e-35,4.8123174101036023e-35,4.812302297104379e-35,4.8122871843619133e-35,4.8122720718761707e-35,4.812256959647226e-35,4.812241847675043e-35,4.812226735959568e-35,4.812211624500933e-35,4.81219651329898e-35,4.812181402353809e-35,4.812166291665384e-35,4.8121511812336767e-35,4.8121360710586733e-35,4.812120961140459e-35,4.812105851478831e-35,4.8120907420740063e-35,4.812075632925886e-35,4.812060524034439e-35,4.8120454153997017e-35,4.812030307021657e-35,4.812015198900369e-35,4.812000091035625e-35,4.8119849834276387e-35,4.811969876076254e-35,4.8119547689816035e-35,4.811939662143607e-35,4.8119245555622247e-35,4.811909449237524e-35,4.811894343169382e-35,4.8118792373579254e-35,4.811864131803074e-35,4.8118490265049326e-35,4.811833921463323e-35,4.811818816678357e-35,4.8118037121499966e-35,4.8117886078782784e-35,4.8117735038631605e-35,4.8117584001045725e-35,4.81174329660267e-35,4.811728193357267e-35,4.811713090368437e-35,4.811697987636182e-35,4.811682885160619e-35,4.811667782941536e-35,4.8116526809790697e-35,4.8116375792731286e-35,4.811622477823651e-35,4.8116073766307675e-35,4.811592275694476e-35,4.811577175014663e-35,4.811562074591424e-35,4.811546974424646e-35,4.811531874514427e-35,4.811516774860695e-35,4.81150167546352e-35,4.8114865763228114e-35,4.8114714774385647e-35,4.811456378810865e-35,4.811441280439682e-35,4.8114261823249185e-35,4.811411084466596e-35,4.811395986864842e-35,4.811380889519451e-35,4.811365792430644e-35,4.811350695598249e-35,4.8113355990221976e-35,4.8113205027027193e-35,4.8113054066396725e-35,4.811290310833041e-35,4.811275215282855e-35,4.8112601199891214e-35,4.8112450249518234e-35,4.811229930170867e-35,4.8112148356463834e-35,4.811199741378138e-35,4.811184647366447e-35,4.811169553611048e-35,4.81115446011215e-35,4.811139366869597e-35,4.811124273883488e-35,4.811109181153608e-35,4.811094088680115e-35,4.811078996463054e-35,4.8110639045023463e-35,4.8110488127979405e-35,4.811033721349908e-35,4.811018630158221e-35,4.8110035392228874e-35,4.8109884485438594e-35,4.81097335812116e-35,4.8109582679548076e-35,4.810943178044849e-35,4.8109280883911176e-35,4.8109129989936627e-35,4.81089790985262e-35,4.810882820967743e-35,4.81086773233929e-35,4.8108526439670564e-35,4.8108375558510927e-35,4.810822467991421e-35,4.810807380387987e-35,4.8107922930408186e-35,4.81077720595e-35,4.8107621191153375e-35,4.810747032536995e-35,4.8107319462148355e-35,4.810716860148951e-35,4.810701774339331e-35,4.810686688785882e-35,4.810671603488665e-35,4.8106565184476514e-35,4.810641433662932e-35,4.8106263491343267e-35,4.8106112648620585e-35,4.8105961808458486e-35,4.81058109708584e-35,4.8105660135821106e-35,4.8105509303344916e-35,4.81053584734308e-35,4.810520764607837e-35,4.8105056821287304e-35,4.8104905999058724e-35,4.81047551793905e-35,4.8104604362284427e-35,4.810445354773895e-35,4.810430273575596e-35,4.810415192633465e-35,4.8104001119474004e-35,4.810385031517419e-35,4.8103699513436345e-35,4.810354871425885e-35,4.8103397917643677e-35,4.8103247123588266e-35,4.8103096332094684e-35,4.8102945543162396e-35,4.8102794756790254e-35,4.81026439729794e-35,4.8102493191729216e-35,4.810234241304035e-35,4.810219163691085e-35,4.810204086334303e-35,4.810189009233476e-35,4.810173932388856e-35,4.8101588558002023e-35,4.810143779467559e-35,4.810128703390985e-35,4.8101136275704334e-35,4.810098552005911e-35,4.8100834766975105e-35,4.8100684016450307e-35,4.8100533268486275e-35,4.81003825230816e-35,4.810023178023674e-35,4.8100081039952407e-35,4.809993030222807e-35,4.8099779567063173e-35,4.8099628834458423e-35,4.809947810441381e-35,4.8099327376927526e-35,4.8099176652001875e-35,4.809902592963577e-35,4.8098875209829026e-35,4.8098724492581614e-35,4.8098573777894865e-35,4.80984230657665e-35,4.809827235619777e-35,4.809812164918818e-35,4.809797094473787e-35,4.8097820242847475e-35,4.809766954351535e-35,4.809751884674265e-35,4.8097368152528894e-35,4.809721746087442e-35,4.809706677177846e-35,4.809691608524189e-35,4.8096765401263967e-35,4.809661471984458e-35,4.8096464040984345e-35,4.80963133646821e-35,4.809616269093926e-35,4.809601201975466e-35,4.809586135112881e-35,4.809571068506134e-35,4.8095560021551896e-35,4.8095409360601237e-35,4.8095258702209247e-35,4.809510804637489e-35,4.809495739309826e-35,4.809480674238055e-35,4.8094656094221085e-35,4.8094505448619954e-35,4.80943548055759e-35,4.80942041650907e-35,4.8094053527162734e-35,4.809390289179327e-35,4.80937522589811e-35,4.8093601628727576e-35,4.8093451001030316e-35,4.8093300375891604e-35,4.8093149753310064e-35,4.809299913328725e-35,4.809284851582129e-35,4.8092697900912493e-35,4.809254728856095e-35,4.8092396678766547e-35,4.8092246071529895e-35,4.809209546685038e-35,4.8091944864728094e-35,4.809179426516333e-35,4.8091643668154963e-35,4.809149307370419e-35,4.809134248181005e-35,4.8091191892472725e-35,4.8091041305692933e-35,4.8090890721469945e-35,4.809074013980367e-35,4.8090589560694456e-35,4.809043898414131e-35,4.8090288410144794e-35,4.809013783870425e-35,4.8089987269821766e-35,4.808983670349453e-35,4.8089686139724613e-35,4.8089535578510954e-35,4.808938501985285e-35,4.80892344637512e-35,4.8089083910206146e-35,4.808893335921738e-35,4.8088782810784286e-35,4.8088632264908106e-35,4.808848172158721e-35,4.8088331180822126e-35,4.8088180642613055e-35,4.8088030106960007e-35,4.8087879573862694e-35,4.808772904332122e-35,4.8087578515335535e-35,4.808742798990588e-35,4.8087277467031044e-35,4.8087126946712155e-35,4.808697642894799e-35,4.808682591374026e-35,4.8086675401087765e-35,4.8086524890989924e-35,4.808637438344879e-35,4.808622387846145e-35,4.808607337603009e-35,4.8085922876153996e-35,4.808577237883283e-35,4.8085621884066145e-35,4.808547139185521e-35,4.8085320902198117e-35,4.808517041509758e-35,4.808501993055066e-35,4.8084869448558753e-35,4.8084718969120875e-35,4.8084568492238774e-35,4.808441801791077e-35,4.8084267546137085e-35,4.808411707691951e-35,4.8083966610254594e-35,4.808381614614478e-35,4.808366568459007e-35,4.8083515225588414e-35,4.8083364769141973e-35,4.8083214315249087e-35,4.808306386390995e-35,4.808291341512571e-35,4.808276296889591e-35,4.8082612525218896e-35,4.80824620840973e-35,4.8082311645528674e-35,4.8082161209513724e-35,4.8082010776052984e-35,4.808186034514593e-35,4.8081709916791944e-35,4.8081559490992203e-35,4.8081409067746653e-35,4.8081258647054513e-35,4.808110822891529e-35,4.8080957813328927e-35,4.808080740029688e-35,4.8080656989817494e-35,4.8080506581892247e-35,4.808035617651945e-35,4.8080205773701e-35,4.808005537343523e-35,4.8079904975721573e-35,4.8079754580561803e-35,4.8079604187955475e-35,4.8079453797900194e-35,4.80793034103996e-35,4.807915302545119e-35,4.807900264305619e-35,4.8078852263213115e-35,4.807870188592314e-35,4.80785515111853e-35,4.807840113900041e-35,4.8078250769368045e-35,4.8078100402287935e-35,4.80779500377602e-35,4.807779967578504e-35,4.8077649316362323e-35,4.8077498959491714e-35,4.807734860517323e-35,4.807719825340708e-35,4.807704790419308e-35,4.807689755753071e-35,4.807674721342067e-35,4.8076596871863117e-35,4.807644653285721e-35,4.8076296196403107e-35,4.807614586250054e-35,4.807599553114955e-35,4.8075845202349495e-35,4.8075694876102243e-35,4.807554455240693e-35,4.807539423126263e-35,4.807524391267003e-35,4.807509359662889e-35,4.807494328313892e-35,4.807479297220011e-35,4.807464266381259e-35,4.807449235797666e-35,4.8074342054692086e-35,4.807419175395811e-35,4.8074041455776097e-35,4.807389116014335e-35,4.807374086706363e-35,4.807359057653358e-35,4.8073440288553923e-35,4.807329000312689e-35,4.8073139720249573e-35,4.8072989439922595e-35,4.807283916214646e-35,4.807268888692146e-35,4.8072538614246205e-35,4.807238834412215e-35,4.807223807654863e-35,4.8072087811525495e-35,4.8071937549052965e-35,4.807178728913039e-35,4.8071637031757805e-35,4.8071486776935615e-35,4.807133652466428e-35,4.8071186274942e-35,4.80710360277708e-35,4.807088578314869e-35,4.8070735541076885e-35,4.8070585301554514e-35,4.807043506458285e-35,4.807028483016129e-35,4.8070134598287914e-35,4.8069984368965615e-35,4.8069834142192385e-35,4.806968391796935e-35,4.806953369629584e-35,4.806938347717058e-35,4.8069233260596073e-35,4.806908304656993e-35,4.8068932835093425e-35,4.8068782626167186e-35,4.806863241978951e-35,4.806848221596089e-35,4.806833201468115e-35,4.806818181595122e-35,4.8068031619770246e-35,4.80678814261376e-35,4.806773123505489e-35,4.8067581046520483e-35,4.806743086053434e-35,4.806728067709779e-35,4.8067130496209093e-35,4.806698031786934e-35,4.8066830142079243e-35,4.806667996883668e-35,4.8066529798143414e-35,4.80663796299985e-35,4.806622946440122e-35,4.8066079301353143e-35,4.8065929140852814e-35,4.8065778982901575e-35,4.8065628827497283e-35,4.80654786746414e-35,4.806532852433438e-35,4.8065178376574974e-35,4.80650282313635e-35,4.8064878088700727e-35,4.8064727948585344e-35,4.8064577811017705e-35,4.806442767599769e-35,4.806427754352625e-35,4.8064127413601755e-35,4.806397728651398e-35,4.8063827161975447e-35,4.8063677039986444e-35,4.806352692054665e-35,4.806337680365584e-35,4.806322668931448e-35,4.80630765775222e-35,4.8062926468278426e-35,4.8062776361584063e-35,4.806262625743811e-35,4.80624761558413e-35,4.8062326056792636e-35,4.806217596029296e-35,4.8062025866341646e-35,4.8061875774938533e-35,4.8061725686084244e-35,4.8061575599777907e-35,4.80614255160203e-35,4.806127543481111e-35,4.806112535614945e-35,4.8060975280035797e-35,4.8060825206470865e-35,4.8060675135453234e-35,4.8060525066983763e-35,4.806037500106205e-35,4.8060224937687324e-35,4.806007487686079e-35,4.805992481858144e-35,4.8059774762850475e-35,4.805962470966532e-35,4.805947465902915e-35,4.805932461094033e-35,4.805917456539752e-35,4.8059024522402685e-35,4.8058874481954046e-35,4.805872444405274e-35,4.8058574408699395e-35,4.8058424375891945e-35,4.805827434563151e-35,4.8058124317918125e-35,4.80579742924044e-35,4.805782426943722e-35,4.805767424901632e-35,4.805752423114017e-35,4.805737421580854e-35,4.8057224203023473e-35,4.8057074192783233e-35,4.8056924185088535e-35,4.8056774179939276e-35,4.8056624177334836e-35,4.8056474177275254e-35,4.8056324179760373e-35,4.805617418479145e-35,4.805602419236665e-35,4.805587420248695e-35,4.805572421515258e-35,4.8055574230362436e-35,4.8055424248117397e-35,4.8055274268417167e-35,4.8055124291261355e-35,4.805497431665017e-35,4.8054824344583217e-35,4.805467437506095e-35,4.805452440808304e-35,4.8054374443649504e-35,4.805422448175954e-35,4.8054074522414364e-35,4.8053924565614323e-35,4.805377461135819e-35,4.805362465964578e-35,4.805347471047724e-35,4.805332476385355e-35,4.8053174819773115e-35,4.805302487823711e-35,4.80528749392446e-35,4.8052725002796074e-35,4.805257506889085e-35,4.8052425137529466e-35,4.8052275208712566e-35,4.8052125282438165e-35,4.8051975358708167e-35,4.8051825437521246e-35,4.8051675518878043e-35,4.8051525602777713e-35,4.805137568922061e-35,4.805122577820884e-35,4.805107586973871e-35,4.805092596381198e-35,4.805077606042892e-35,4.805062615958764e-35,4.8050476261289833e-35,4.8050326365535647e-35,4.805017647232356e-35,4.8050026581655153e-35,4.804987669352966e-35,4.8049726807946806e-35,4.8049576924906967e-35,4.80494270444103e-35,4.804927716645533e-35,4.804912729104235e-35,4.8048977418172574e-35,4.8048827547845414e-35,4.8048677680060625e-35,4.8048527814818256e-35,4.8048377952118387e-35,4.8048228091960407e-35,4.8048078234344954e-35,4.804792837927165e-35,4.804777852674077e-35,4.804762867675179e-35,4.8047478829304265e-35,4.8047328984398717e-35,4.804717914203611e-35,4.804702930221457e-35,4.8046879464935e-35,4.8046729630196884e-35,4.804657979800179e-35,4.8046429968347236e-35,4.8046280141234415e-35,4.804613031666328e-35,4.804598049463337e-35,4.804583067514488e-35,4.804568085819779e-35,4.8045531043792327e-35,4.804538123192792e-35,4.8045231422604737e-35,4.8045081615823034e-35,4.804493181158273e-35,4.8044782009882716e-35,4.804463221072481e-35,4.8044482414107083e-35,4.804433262003066e-35,4.804418282849547e-35,4.804403303950068e-35,4.8043883253046525e-35,4.804373346913381e-35,4.8043583687761396e-35,4.8043433908929617e-35,4.8043284132638696e-35,4.8043134358883555e-35,4.804298458766894e-35,4.8042834818994727e-35,4.804268505286077e-35,4.8042535289267734e-35,4.804238552821458e-35,4.804223576970201e-35,4.8042086013729515e-35,4.804193626029682e-35,4.8041786509404067e-35,4.80416367610518e-35,4.8041487015238924e-35,4.804133727196641e-35,4.8041187531233367e-35,4.804103779304043e-35,4.8040888057387763e-35,4.804073832427391e-35,4.804058859369983e-35,4.8040438865666e-35,4.804028914017149e-35,4.804013941721608e-35,4.8039989696801016e-35,4.803983997892507e-35,4.8039690263587567e-35,4.803954055078992e-35,4.803939084053155e-35,4.803924113281237e-35,4.8039091427632854e-35,4.803894172499161e-35,4.803879202488997e-35,4.803864232732745e-35,4.803849263230302e-35,4.8038342939818595e-35,4.8038193249872445e-35,4.803804356246454e-35,4.803789387759668e-35,4.803774419526643e-35,4.803759451547448e-35,4.803744483823088e-35,4.8037295163524736e-35,4.803714549135711e-35,4.803699582172694e-35,4.803684615463566e-35,4.8036696490081057e-35,4.8036546828064346e-35,4.8036397168585933e-35,4.8036247511644573e-35,4.8036097857240875e-35,4.8035948205375496e-35,4.803579855604722e-35,4.8035648909256477e-35,4.803549926500279e-35,4.803534962328639e-35,4.8035199984108037e-35,4.803505034746649e-35,4.8034900713362135e-35,4.8034751081794907e-35,4.80346014527651e-35,4.80344518262723e-35,4.8034302202315324e-35,4.8034152580896434e-35,4.803400296201416e-35,4.8033853345668625e-35,4.803370373185909e-35,4.803355412058652e-35,4.803340451185019e-35,4.803325490565147e-35,4.803310530198907e-35,4.8032955700863063e-35,4.8032806102272614e-35,4.8032656506219534e-35,4.8032506912701453e-35,4.8032357321720953e-35
21,1.1288456910856943e-82,5.923251780076382e-82,1.8504166806385405e-81,4.471913643603674e-81,9.226376155697672e-81,1.7080516944653636e-80,2.9211725558033086e-80,4.702294327493333e-80,7.215872103459868e-80,1.0652219275484232e-79,1.52292703777598e-79,2.119438802044348e-79,2.8826197781069647e-79,3.843643961583546e-79,5.0371828063224903e-79,6.501591624546786e-79,8.279096059643072e-79,1.041597845329617e-78,1.2962764012498843e-78,1.5974406733375242e-78,1.9510475069769852e-78,2.36353373504871e-78,2.8418346957651213e-78,3.393402728120067e-78,4.026225646488254e-78,4.74884519574483e-78,5.570375488094671e-78,6.500521422596907e-78,7.549597088161257e-78,8.728544150645335e-78,1.0048950224503349e-77,1.1523067229381489e-77,1.316382973193156e-77,1.4984873273027852e-77,1.7000552680562423e-77,1.9225960367931998e-77,2.1676944618304566e-77,2.4370127854723526e-77,2.7322924896113403e-77,3.0553561199215832e-77,3.4081091086494316e-77,3.7925415960015905e-77,4.210730250135826e-77,4.664840085755003e-77,5.1571262813032836e-77,5.689935994769921e-77,6.265710178103031e-77,6.886985390216189e-77,7.556395608642047e-77,8.276674039746593e-77,9.050654927594016e-77,9.881275361411927e-77,1.0771577081662838e-76,1.1724708284745858e-76,1.274392542631155e-76,1.3832595023172514e-76,1.4994195453871267e-76,1.6232318757833973e-76,1.7550672433168907e-76,1.8953081233060465e-76,2.0443488960817867e-76,2.2025960263521754e-76,2.3704682424310397e-76,2.548396715328478e-76,2.7368252377046568e-76,2.936210402686082e-76,3.147021782545e-76,3.369742107240964e-76,3.604867442828086e-76,3.8529073697223615e-76,4.1143851608323076e-76,4.389837959560124e-76,4.6798169576547835e-76,4.98488757293816e-76,5.30562962689123e-76,5.642637522103055e-76,5.996520419589427e-76,6.367902415967132e-76,6.757422720499799e-76,7.16573583200424e-76,7.593511715621684e-76,8.041435979454908e-76,8.510210051070668e-76,9.000551353861475e-76,9.513193483277264e-76,1.0048886382929526e-75,1.0608396520534831e-75,1.1192507063756326e-75,1.1802018055887344e-75,1.2437746591410208e-75,1.3100526991416916e-75,1.379121097889738e-75,1.4510667853892487e-75,1.525978466851389e-75,1.603946640182707e-75,1.6850636134611356e-75,1.7694235223959243e-75,1.85712234777723e-75,1.9482579329117088e-75,2.04293000104248e-75,2.1412401727590362e-75,2.2432919833906233e-75,2.3491909003890785e-75,2.4590443406963215e-75,2.572961688100713e-75,2.691054310576691e-75,2.8134355776146886e-75,2.9402208775361693e-75,3.071527634795062e-75,3.2074753272666384e-75,3.348185503522798e-75,3.4937818000944474e-75,3.6443899587203664e-75,3.8001378435828154e-75,3.9611554585298334e-75,4.1275749642858863e-75,4.2995306956461665e-75,4.477159178660508e-75,4.660599147805194e-75,4.849991563134631e-75,5.045479627430262e-75,5.2472088033272475e-75,5.455326830436341e-75,5.669983742440246e-75,5.891331884193641e-75,6.119525928795611e-75,6.354722894655822e-75,6.597082162548076e-75,6.8467654926443195e-75,7.103937041549294e-75,7.368763379303718e-75,7.641413506389302e-75,7.922058870715176e-75,8.210873384590047e-75,8.508033441683747e-75,8.81371793397525e-75,9.128108268686922e-75,9.45138838520627e-75,9.783744771995281e-75,1.0125366483486072e-74,1.0476445156963052e-74,1.0837175029437375e-74,1.1207752954494947e-74,1.1588378419149438e-74,1.1979253560670095e-74,1.2380583183400376e-74,1.2792574775563768e-74,1.3215438526055807e-74,1.3649387341225994e-74,1.4094636861640545e-74,1.4551405478842754e-74,1.5019914352089344e-74,1.5500387425081628e-74,1.5993051442677778e-74,1.64981359676027e-74,1.7015873397130572e-74,1.7546498979767071e-74,1.809025083191285e-74,1.864736995451167e-74,1.921810024969735e-74,1.980268853742191e-74,2.0401384572050133e-74,2.101444105897781e-74,2.1642113671220946e-74,2.2284661065982007e-74,2.2942344901219713e-74,2.361542985219727e-74,2.4304183628016665e-74,2.5008876988148387e-74,2.5729783758942057e-74,2.6467180850124603e-74,2.7221348271289817e-74,2.7992569148370098e-74,2.8781129740105857e-74,2.958731945447621e-74,3.0411430865160264e-74,3.125375972794324e-74,3.2114604997135123e-74,3.2994268841968225e-74,3.3893056662980874e-74,3.481127710839654e-74,3.574924209048932e-74,3.670726680191368e-74,3.7685669732058715e-74,3.86847726833745e-74,3.970490078766353e-74,4.07463825223944e-74,4.180954972699147e-74,4.2894737619098224e-74,4.400228481084743e-74,4.5132533325101225e-74,4.628582861169419e-74,4.746251956366152e-74,4.866295853343685e-74,4.988750134906119e-74,5.113650733039199e-74,5.2410339305218185e-74,5.370936362548428e-74,5.503395018340707e-74,5.638447242762548e-74,5.776130737932305e-74,5.916483564833023e-74,6.059544144924811e-74,6.2053512617514425e-74,6.35394406254922e-74,6.505362059852965e-74,6.659645133101019e-74,6.8168335302394766e-74,6.976967869324256e-74,7.140089140123343e-74,7.306238705717232e-74,7.475458304096787e-74,7.647790049761803e-74,7.823276435317502e-74,8.00196033307042e-74,8.183884996621212e-74,8.369094062458369e-74,8.557631551550167e-74,8.749541870934402e-74,8.944869815309284e-74,9.143660568618845e-74,9.34595970564282e-74,9.55181319357922e-74,9.76126739363103e-74,9.97436906258883e-74,1.0191165354411903e-73,1.041170382181028e-73,1.0636032417823513e-73,1.0864199497399188e-73,1.1096253818970182e-73,1.1332244546031007e-73,1.1572221248711834e-73,1.1816233905352857e-73,1.2064332904074796e-73,1.231656904435336e-73,1.2572993538585312e-73,1.2833658013662646e-73,1.3098614512531403e-73,1.3367915495768095e-73,1.3641613843134595e-73,1.391976285515497e-73,1.420241625466466e-73,1.448962818838098e-73,1.4781453228460796e-73,1.5077946374058083e-73,1.5379163052883856e-73,1.568515912276438e-73,1.599599087319337e-73,1.631171502688929e-73,1.663238874134475e-73,1.6958069610384147e-73,1.7288815665709375e-73,1.7624685378455157e-73,1.796573766072603e-73,1.8312031867164537e-73,1.8663627796473017e-73,1.9020585692975005e-73,1.9382966248153867e-73,1.9750830602195397e-73,2.0124240345528753e-73,2.0503257520368535e-73,2.088794462225145e-73,2.127836460157742e-73,2.167458086514152e-73,2.2076657277674367e-73,2.248465816337467e-73,2.289864830744123e-73,2.331869295760664e-73,2.3744857825666747e-73,2.4177209089012692e-73,2.461581339215402e-73,2.5060737848254265e-73,2.55120500406515e-73,2.5969818024382464e-73,2.643411032771071e-73,2.690499595364614e-73,2.738254438146788e-73,2.7866825568243957e-73,2.835790995035102e-73,2.885586844499243e-73,2.936077245171443e-73,2.987269385392276e-73,3.039170502039546e-73,3.09178788068009e-73,3.1451288557204746e-73,3.1992008105581167e-73,3.254011177732856e-73,3.309567439077229e-73,3.365877125867442e-73,3.42294781897422e-73,3.4807871490131035e-73,3.539402796494761e-73,3.5988024919757584e-73,3.6589940162081195e-73,3.71998520028997e-73,3.781783925815335e-73,3.8443981250234684e-73,3.907835780949716e-73,3.972104927573455e-73,4.037213649970347e-73,4.1031700844580914e-73,4.1699824187482e-73,4.2376588920954694e-73,4.3062077954449066e-73,4.3756374715821e-73,4.445956315282514e-73,4.517172773458741e-73,4.589295345310272e-73,4.6623325824714663e-73,4.7362930891596654e-73,4.811185522324237e-73,4.88701859179428e-73,4.963801060426208e-73,5.041541744252465e-73,5.1202495126288533e-73,5.199933288382301e-73,5.280602047958937e-73,5.3622648215699086e-73,5.444930693341175e-73,5.528608801458861e-73,5.6133083383172655e-73,5.699038550665298e-73,5.785808739753965e-73,5.873628261483077e-73,5.962506526547363e-73,6.052453000583605e-73,6.143477204316836e-73,6.235588713707152e-73,6.328797160094659e-73,6.423112230347759e-73,6.518543667006625e-73,6.615101268431702e-73,6.71279488894681e-73,6.811634438987013e-73,6.911629885243134e-73,7.012791250807411e-73,7.115128615319223e-73,7.218652115109086e-73,7.323371943344972e-73,7.429298350177943e-73,7.536441642884594e-73,7.644812186014246e-73,7.754420401532617e-73,7.865276768966248e-73,7.97739182554731e-73,8.090776166358309e-73,8.205440444474888e-73,8.321395371111622e-73,8.438651715765782e-73,8.557220306359347e-73,8.677112029386125e-73,8.798337830051654e-73,8.920908712420303e-73,9.044835739556595e-73,9.1701300336689e-73,9.296802776252913e-73,9.424865208235257e-73,9.5543286301157e-73,9.685204402110454e-73,9.81750394429534e-73,9.951238736746942e-73,1.0086420319688498e-72,1.0223060293628632e-72,1.0361170319505467e-72,1.0500762118829796e-72,1.0641847473825701e-72,1.0784438227571474e-72,1.0928546284146595e-72,1.1074183608768993e-72,1.1221362227936242e-72,1.1370094229571504e-72,1.1520391763160542e-72,1.1672267039896638e-72,1.1825732332819116e-72,1.198079997695662e-72,1.2137482369466778e-72,1.2295791969778248e-72,1.2455741299730988e-72,1.261734294371696e-72,1.2780609548820937e-72,1.2945553824961393e-72,1.3112188545029965e-72,1.328052654503253e-72,1.345058072423059e-72,1.362236404527889e-72,1.3795889534367172e-72,1.3971170281358465e-72,1.4148219439932558e-72,1.4327050227720307e-72,1.4507675926447758e-72,1.4690109882073817e-72,1.4874365504928878e-72,1.506045626985637e-72,1.5248395716350985e-72,1.543819744869242e-72,1.562987513609538e-72,1.5823442512839141e-72,1.6018913378409592e-72,1.6216301597637653e-72,1.641562110083883e-72,1.6616885883949377e-72,1.682011000866597e-72,1.7025307602584514e-72,1.7232492859337043e-72,1.7441680038730407e-72,1.765288346688358e-72,1.7866117536366243e-72,1.8081396706335852e-72,1.829873550267562e-72,1.8518148518131755e-72,1.8739650412450456e-72,1.8963255912516361e-72,1.9188979812488446e-72,1.941683697393807e-72,1.9646842325984737e-72,1.9879010865434683e-72,2.0113357656915792e-72,2.0349897833015563e-72,2.0588646594416813e-72,2.0829619210033005e-72,2.1072831017150416e-72,2.1318297421554902e-72,2.15660338976765e-72,2.1816055988720594e-72,2.2068379306805118e-72,2.2323019533096566e-72,2.2579992417947426e-72,2.283931378102827e-72,2.3100999511463077e-72,2.3365065567973966e-72,2.3631527978998925e-72,2.39004028428446e-72,2.417170632781115e-72,2.444545467233075e-72,2.472166418510171e-72,2.5000351245223524e-72,2.5281532302329336e-72,2.5565223876725765e-72,2.5851442559522544e-72,2.614020501276803e-72,2.6431527969583947e-72,2.672542823430038e-72,2.7021922682589537e-72,2.7321028261597926e-72,2.7622761990081454e-72,2.7927140958541143e-72,2.823418232935217e-72,2.8543903336901716e-72,2.88563212877213e-72,2.917145356061751e-72,2.9489317606808345e-72,2.9809930950057803e-72,3.0133311186804967e-72,3.0459475986294327e-72,3.078844309071996e-72,3.1120230315347497e-72,3.14548555486505e-72,3.1792336752444154e-72,3.213269196201409e-72,3.2475939286255e-72,3.2822096907796026e-72,3.317118308313741e-72,3.35232161427767e-72,3.3878214491352723e-72,3.4236196607764254e-72,3.4597181045308e-72,3.4961186431812635e-72,3.532823146976111e-72,3.5698334936434484e-72,3.6071515684033165e-72,3.644779263981408e-72,3.6827184806217915e-72,3.7209711261001713e-72,3.7595391157371885e-72,3.798424372411225e-72,3.837628826571574e-72,3.8771544162516014e-72,3.9170030870813996e-72,3.9571767923014305e-72,3.9976774927752434e-72,4.0385071570025093e-72,4.079667761131624e-72,4.1211612889741505e-72,4.1629897320155073e-72,4.205155089430364e-72,4.247659368093587e-72,4.290504582594831e-72,4.3336927552504456e-72,4.3772259161169146e-72,4.421106103003468e-72,4.4653353614852136e-72,4.5099157449161395e-72,4.554849314441558e-72,4.600138139011908e-72,4.645784295394511e-72,4.691789868187332e-72,4.738156949831491e-72,4.78488764062409e-72,4.831984048731134e-72,4.879448290200252e-72,4.927282488973904e-72,4.975488776901698e-72,5.024069293753576e-72,5.073026187232307e-72,5.122361612986458e-72,5.172077734623501e-72,5.222176723721829e-72,5.272660759843876e-72,5.323532030549344e-72,5.374792731407438e-72,5.426445066008891e-72,5.478491245980731e-72,5.53093349099675e-72,5.583774028791216e-72,5.637015095172357e-72,5.690658934033534e-72,5.744707797366682e-72,5.799163945275023e-72,5.854029645985599e-72,5.909307175861763e-72,5.964998819416108e-72,6.021106869322361e-72,6.077633626430659e-72,6.134581399774883e-72,6.19195250659052e-72,6.249749272325328e-72,6.307974030650633e-72,6.366629123476003e-72,6.425716900960051e-72,6.485239721524239e-72,6.545199951865063e-72,6.605599966965955e-72,6.66644215011062e-72,6.727728892895677e-72,6.78946259524156e-72,6.851645665407615e-72,6.914280520001243e-72,6.977369583994552e-72,7.040915290733084e-72,7.10492008194998e-72,7.169386407778077e-72,7.234316726763181e-72,7.299713505874486e-72,7.365579220519249e-72,7.43191635455386e-72,7.498727400296365e-72,7.566014858539437e-72,7.633781238562346e-72,7.702029058143081e-72,7.770760843571129e-72,7.839979129659843e-72,7.909686459758805e-72,7.979885385765256e-72,8.050578468137297e-72,8.121768275906823e-72,8.193457386690399e-72,8.265648386702545e-72,8.338343870767543e-72,8.411546442331345e-72,8.485258713474862e-72,8.559483304926188e-72,8.634222846071578e-72,8.709479974968431e-72,8.785257338358281e-72,8.861557591677724e-72,8.938383399071602e-72,9.01573743340428e-72,9.093622376272614e-72,9.172040918018432e-72,9.25099575773891e-72,9.330489603301634e-72,9.410525171353105e-72,9.49110518733515e-72,9.572232385493148e-72,9.653909508889982e-72,9.736139309418642e-72,9.818924547813147e-72,9.902267993661792e-72,9.98617242541744e-72,1.0070640630412234e-71,1.0155675404867497e-71,1.0241279553906147e-71,1.0327455891565606e-71,1.0414207240809096e-71,1.0501536433538176e-71,1.0589446310604724e-71,1.0677939721822288e-71,1.0767019525978624e-71,1.0856688590848176e-71,1.0946949793202846e-71,1.1037806018825315e-71,1.112926016251913e-71,1.122131512812368e-71,1.1313973828523288e-71,1.1407239185660315e-71,1.1501114130546617e-71,1.159560160327688e-71,1.1690704553039107e-71,1.1786425938126436e-71,1.1882768725949923e-71,1.1979735893050572e-71,1.2077330425109896e-71,1.217555531696295e-71,1.2274413572609851e-71,1.2373908205228164e-71,1.2474042237182636e-71,1.2574818700040437e-71,1.26762406345801e-71,1.2778311090804476e-71,1.2881033127952983e-71,1.2984409814512345e-71,1.3088444228228872e-71,1.3193139456121143e-71,1.32984985944907e-71,1.3404524748932368e-71,1.3511221034350106e-71,1.3618590574964574e-71,1.3726636504328064e-71,1.3835361965333412e-71,1.3944770110228466e-71,1.4054864100625406e-71,1.416564710751442e-71,1.4277122311272926e-71,1.438929290168043e-71,1.450216207792763e-71,1.4615733048629642e-71,1.4730009031836566e-71,1.4844993255045656e-71,1.4960688955212639e-71,1.5077099378764732e-71,1.5194227781609933e-71,1.5312077429150687e-71,1.543065159629422e-71,1.5549953567464702e-71,1.5669986636614202e-71,1.5790754107236077e-71,1.5912259292373652e-71,1.6034505514634655e-71,1.615749610620169e-71,1.628123440884189e-71,1.6405723773921803e-71,1.6530967562415516e-71,1.6656969144920055e-71,1.6783731901663732e-71,1.691125922251811e-71,1.7039554507011195e-71,1.7168621164336915e-71,1.7298462613368126e-71,1.7429082282666985e-71,1.7560483610496732e-71,1.7692670044833037e-71,1.7825645043377106e-71,1.7959412073563154e-71,1.8093974612574482e-71,1.8229336147352414e-71,1.83655001746076e-71,1.850247020083081e-71,1.8640249742307795e-71,1.8778842325126066e-71,1.8918251485189353e-71,1.9058480768229416e-71,1.919953372981148e-71,1.9341413935354923e-71,1.948412496013711e-71,1.9627670389310225e-71,1.9772053817906522e-71,1.9917278850854395e-71,2.0063349102989142e-71,2.0210268199060492e-71,2.0358039773749512e-71,2.050666747167584e-71,2.065615494741105e-71,2.0806505865487978e-71,2.0957723900412006e-71,2.1109812736676488e-71,2.1262776068770148e-71,2.1416617601185926e-71,2.1571341048437473e-71,2.172695013506892e-71,2.188344859566451e-71,2.2040840174859853e-71,2.219912862735541e-71,2.235831771792395e-71,2.2518411221425588e-71,2.26794129228173e-71,2.2841326617163903e-71,2.3004156109648442e-71,2.3167905215583657e-71,2.333257776042555e-71,2.349817757978217e-71,2.3664708519423534e-71,2.383217443529538e-71,2.4000579193530095e-71,2.4169926670456087e-71,2.434022075260786e-71,2.4511465336742502e-71,2.468366432984458e-71,2.4856821649141474e-71,2.5030941222109845e-71,2.5206026986491423e-71,2.538208289030449e-71,2.5559112891847303e-71,2.5737120959718214e-71,2.591611107282207e-71,2.6096087220380453e-71,2.627705340194574e-71,2.645901362741073e-71,2.664197191701754e-71,2.682593230137087e-71,2.70108988214493e-71,2.719687552861581e-71,2.738386648462559e-71,2.757187576164294e-71,2.7760907442248335e-71,2.7950965619447296e-71,2.8142054396686183e-71,2.8334177887860676e-71,2.8527340217326003e-71,2.872154551990742e-71,2.8916797940915245e-71,2.911310163615233e-71,2.931046077192141e-71,2.950887952504461e-71,2.9708362082867473e-71,2.990891264327243e-71,3.0110535414685713e-71,3.0313234616096625e-71,3.0517014477059465e-71,3.072187923770911e-71,3.0927833148773168e-71,3.113488047157603e-71,3.1343025478055722e-71,3.1552272450773706e-71,3.1762625682923977e-71,3.1974089478345253e-71,3.2186668151529645e-71,3.2400366027636104e-71,3.2615187442500635e-71,3.283113674264419e-71,3.3048218285285604e-71,3.326643643835302e-71,3.348579558049477e-71,3.370630010108675e-71,3.3927954400244974e-71,3.41507628888396e-71,3.437472998850026e-71,3.459986013162749e-71,3.4826157761409643e-71,3.5053627331823683e-71,3.528227330765419e-71,3.551210016449789e-71,3.574311238878099e-71,3.5975314477760944e-71,3.620871093954667e-71,3.644330629309952e-71,3.6679105068251234e-71,3.691611180571447e-71,3.7154331057086694e-71,3.7393767384866975e-71,3.763442536246406e-71,3.787630957420651e-71,3.8119424615355195e-71,3.83637750921137e-71,3.8609365621635104e-71,3.885620083203585e-71,3.91042853624065e-71,3.935362386282177e-71,3.960422099435019e-71,3.985608142906247e-71,4.0109209850045795e-71,4.036361095141556e-71,4.061928943832016e-71,4.087625002695559e-71,4.113449744457353e-71,4.139403642949365e-71,4.165487173111558e-71,4.191700810992021e-71,4.218045033749624e-71,4.244520319653619e-71,4.271127148085024e-71,4.297865999538125e-71,4.3247373556211116e-71,4.351741699057156e-71,4.378879513685772e-71,4.406151284463298e-71,4.433557497464293e-71,4.461098639882406e-71,4.488775200031485e-71,4.516587667347085e-71,4.544536532386541e-71,4.572622286830482e-71,4.6008454234843035e-71,4.629206436278005e-71,4.6577058202688924e-71,4.686344071640882e-71,4.7151216877070045e-71,4.744039166909197e-71,4.773097008820218e-71,4.802295714144085e-71,4.831635784717704e-71,4.861117723511111e-71,4.890742034629441e-71,4.920509223312991e-71,4.950419795938764e-71,4.980474260021658e-71,5.0106731242149295e-71,5.0410168983115316e-71,5.071506093245421e-71,5.102141221091747e-71,5.132922795069162e-71,5.163851329539021e-71,5.1949273400083196e-71,5.226151343129429e-71,5.2575238567014555e-71,5.289045399671794e-71,5.320716492135745e-71,5.3525376553392876e-71,5.384509411678786e-71,5.416632284702167e-71,5.448906799111159e-71,5.481333480760202e-71,5.513912856659432e-71,5.546645454973992e-71,5.579531805027014e-71,5.612572437298413e-71,5.645767883427592e-71,5.679118676213836e-71,5.712625349616755e-71,5.746288438758502e-71,5.780108479923681e-71,5.8140860105611474e-71,5.848221569283823e-71,5.8825156958716e-71,5.916968931270314e-71,5.9515818175941815e-71,5.986354898126116e-71,6.021288717319081e-71,6.0563838207962694e-71,6.091640755353479e-71,6.1270600689587434e-71,6.162642310754573e-71,6.19838803105752e-71,6.2342977813606635e-71,6.2703721143332866e-71,6.306611583822837e-71,6.343016744855271e-71,6.37958815363662e-71,6.4163263675535506e-71,6.45323194517403e-71,6.490305446249214e-71,6.527547431714173e-71,6.564958463688222e-71,6.60253910547638e-71,6.640289921570496e-71,6.6782114776497725e-71,6.716304340582506e-71,6.754569078426285e-71,6.793006260429064e-71,6.831616457030573e-71,6.87040023986328e-71,6.909358181753023e-71,6.94849085672017e-71,6.987798839979939e-71,7.0272827079448e-71,7.066943038224007e-71,7.106780409626034e-71,7.146795402157843e-71,7.1869885970270725e-71,7.227360576642662e-71,7.267911924615741e-71,7.308643225761281e-71,7.349555066097024e-71,7.390648032847141e-71,7.4319227144419e-71,7.473379700517774e-71,7.515019581920458e-71,7.556842950704074e-71,7.598850400132512e-71,7.641042524680816e-71,7.683419920036972e-71,7.725983183100031e-71,7.768732911984102e-71,7.811669706017733e-71,7.854794165745824e-71,7.89810689292871e-71,7.941608490546493e-71,7.98529956279549e-71,8.029180715093584e-71,8.073252554077965e-71,8.117515687608834e-71,8.161970724766945e-71,8.206618275857661e-71,8.251458952410934e-71,8.296493367180942e-71,8.341722134150187e-71,8.38714586852577e-71,8.432765186744764e-71,8.478580706473184e-71,8.524593046606492e-71,8.570802827272152e-71,8.617210669829195e-71,8.663817196868556e-71,8.710623032216632e-71,8.757628800934412e-71,8.804835129317422e-71,8.852242644898964e-71,8.899851976450385e-71,8.94766375398051e-71,8.995678608738276e-71,9.043897173213397e-71,9.092320081136816e-71,9.14094796748166e-71,9.189781468464607e-71,9.23882122154609e-71,9.288067865432471e-71,9.337522040075955e-71,9.387184386675524e-71,9.437055547678436e-71,9.487136166781202e-71,9.537426888929799e-71,9.58792836032073e-71,9.638641228402876e-71,9.689566141877347e-71,9.740703750699337e-71,9.792054706078019e-71,9.843619660478336e-71,9.895399267621236e-71,9.947394182486116e-71,9.999605061309388e-71,1.0052032561587047e-70,1.0104677342075795e-70,1.015754006279226e-70,1.0210621385015562e-70,1.0263921971288074e-70,1.0317442485415726e-70,1.0371183592469236e-70,1.0425145958784671e-70,1.0479330251964652e-70,1.053373714088017e-70,1.0588367295669616e-70,1.0643221387741286e-70,1.0698300089773299e-70,1.075360407571519e-70,1.0809134020789276e-70,1.086489060148984e-70,1.0920874495585681e-70,1.0977086382119473e-70,1.1033526941411622e-70,1.1090196855057545e-70,1.1147096805930419e-70,1.12042274781828e-70,1.1261589557245951e-70,1.1319183729832229e-70,1.1377010683933932e-70,1.1435071108826609e-70,1.1493365695068028e-70,1.1551895134500855e-70,1.1610660120252391e-70,1.1669661346734454e-70,1.172889950964784e-70,1.1788375305979189e-70,1.1848089434004302e-70,1.1908042593288521e-70,1.1968235484686561e-70,1.20286688103458e-70,1.2089343273704578e-70,1.2150259579495065e-70,1.221141843374268e-70,1.227282054376795e-70,1.2334466618187995e-70,1.2396357366914484e-70,1.2458493501159129e-70,1.252087573342969e-70,1.2583504777534831e-70,1.2646381348583026e-70,1.2709506162983818e-70,1.2772879938448163e-70,1.2836503393991479e-70,1.2900377249931146e-70,1.2964502227891148e-70,1.302887905079923e-70,1.3093508442890138e-70,1.3158391129707408e-70,1.3223527838100807e-70,1.3288919296230317e-70,1.3354566233566088e-70,1.3420469380889055e-70,1.3486629470290686e-70,1.3553047235177397e-70,1.3619723410268134e-70,1.3686658731595754e-70,1.3753853936509445e-70,1.382130976367398e-70,1.3889026953071794e-70,1.3957006246003059e-70,1.4025248385086452e-70,1.4093754114261307e-70,1.4162524178786864e-70,1.4231559325244227e-70,1.4300860301536557e-70,1.8591671204835833e-37,2.0155867003186056e-37,2.175211453785892e-37,2.3393999714362427e-37,2.5084670707781026e-37,2.6827710436677667e-37,2.8627139442631e-37,3.0487412939205648e-37,3.241342019766476e-37,3.44104871784376e-37,3.6484383015535544e-37,3.864133077418984e-37,4.088802277399568e-37,4.323164067813559e-37,4.567988051801439e-37,4.8240982782803785e-37,5.0923767777168244e-37,5.373767637713211e-37,5.669281647299879e-37,5.980001533987817e-37,6.3070878314505616e-37,6.651785416154193e-37,7.015430764816245e-37,7.399459987989468e-37,7.80541770824398e-37,8.234966858126526e-37,8.68989948692818e-37,9.172148675333737e-37,9.683801672060885e-37,1.022711438001035e-36,1.0804527338281266e-36,1.1418683363446237e-36,1.2072447033722525e-36,1.2768926225028232e-36,1.3511495938569429e-36,1.4303824675486775e-36,1.5149903669526723e-36,1.60540793072582e-36,1.7021089124585423e-36,1.8056101809198292e-36,1.9164761701492427e-36,2.0353238349217226e-36,2.1628281747917145e-36,2.2997283984398503e-36,2.4468348100267075e-36,2.605036510292258e-36,2.7753100187292206e-36,2.958728937746412e-36,3.1564747970216675e-36,3.369849236815569e-36,3.6002877115847565e-36,3.8493749220654466e-36,4.1188622160129345e-36,4.410687232599393e-36,4.7269961085742616e-36,5.07016861271739e-36,5.4428466331327055e-36,5.847966507361266e-36,6.288795765370312e-36,6.76897494606959e-36,7.292565256584714e-36,7.864102969474799e-36,8.488661606173128e-36,9.171923125681335e-36,9.920259552890808e-36,1.0740826727271962e-35,1.1641672144215388e-35,1.263185921723797e-35,1.3721610702712897e-35,1.4922474532410716e-35,1.624751589680713e-35,1.7711540132557563e-35,1.9331351852828439e-35,2.1126056767103118e-35,2.3117413929918694e-35,2.533024764568081e-35,2.779293015347928e-35,3.053794839248776e-35,3.360257097448123e-35,3.702963478176427e-35,4.0868474760069406e-35,4.5176025510872515e-35,5.001812954842328e-35,5.547109477963747e-35,6.162355334436065e-35,6.857868583727347e-35,7.645688978686891e-35,8.539898984490462e-35,9.557011044873971e-35,1.0716436113598916e-34,1.2041052183744992e-34,1.355789625781404e-34,1.5299009212730823e-34,1.730247067390171e-34,1.961367086559999e-34,2.228687907686609e-34,2.5387184788410662e-34,2.899290880382109e-34,3.319860952197306e-34,3.8118845912714217e-34,4.3892906712481095e-34,5.069077880437314e-34,5.872071211657551e-34,6.823885113010077e-34,7.956155460464318e-34,9.308122989457926e-34,1.0928678646141866e-33,1.2879019368165376e-33,1.5236115149077804e-33,1.809726072694303e-33,2.1586086304264506e-33,2.586054361703463e-33,3.1123584387202897e-33,3.7637534360906795e-33,4.5743577317207375e-33,5.5888359453599215e-33,6.866059602894551e-33,8.484184868375628e-33,1.0547755955178406e-32,1.3197731735751346e-32,1.6625773078014496e-32,2.1094806495393255e-32,2.696893756802934e-32,3.4757459896149434e-32,4.5180386115886505e-32,5.9267289397207e-32,7.850845438429933e-32,1.0508945954723286e-31,1.4226106571590355e-31,1.9493250074518325e-31,2.7064073459007886e-31,3.8116575665535703e-31,5.452805893705486e-31,7.93542254189388e-31,1.1768474252107009e-30,1.7821214970855137e-30,2.7619112071528275e-30,4.3918972612902896e-30,7.18623356361561e-30,1.2136545505122428e-29,2.1224137283511425e-29,3.855603807859619e-29,7.297305096834194e-29,1.4424495017661314e-28,2.6009088850646608e-28,5.65282723068249e-28,1.2764601034169906e-27,3.009689696594799e-27,7.388979984780972e-27,1.8817186804280819e-26,4.9472849765023754e-26,1.3350566258329462e-25,3.6721756606671027e-25,1.0210522181308261e-24,2.8425299984206283e-24,7.838058546750575e-24,2.1160088246251444e-23,5.527137923534664e-23,1.3812144415920014e-22,3.2694143886601723e-22,7.27166934033168e-22,1.5110036513193166e-21,2.923682473877246e-21,5.262506465457952e-21,8.820325303636953e-21,1.3801742469902766e-20,2.0238744487409115e-20,2.7939761246853034e-20,3.6495695255321544e-20,4.534353817584709e-20,5.3866000291568353e-20,6.149525762967542e-20,6.779302106767095e-20,7.249234328970715e-20,7.550098998161395e-20,7.6876111197766e-20,7.678361411957858e-20,7.545434535601577e-20,7.31453839881891e-20,7.01105728078848e-20,6.658112073035346e-20,6.275508592388956e-20,5.879365557734119e-20,5.482202192948886e-20,5.0932960423331113e-20,4.7191679622315374e-20,4.3640973842124235e-20,4.0306092297149986e-20,3.719902123944954e-20,3.4322064644034154e-20,3.1670729485504883e-20,2.923596993220966e-20,2.7005895727433995e-20,2.4967032148219858e-20,2.310522703889464e-20,2.1406284086369487e-20,1.9856388824950745e-20,1.8442380890683722e-20,1.715191449867883e-20,1.5973539374885302e-20,1.489672644770248e-20,1.3911856333044884e-20,1.3010183784003928e-20,1.2183787572003955e-20,1.1425512484955496e-20,1.0728908067233162e-20,1.0088167256065672e-20,9.498066700879565e-21,8.953910622910359e-21,8.451478089554177e-21,7.986974666386546e-21,7.556988252528938e-21,7.158449049126533e-21,6.788593462830762e-21,6.44493168628493e-21,6.125218668489799e-21,5.827428178769935e-21,5.5497296725575375e-21,5.2904676798665356e-21,5.048143455052093e-21,4.8213986465789405e-21,4.609000766459097e-21,4.409830260193252e-21,4.22286899784179e-21,4.0471900257904945e-21,3.881948436231545e-21,3.726373227207231e-21,3.579760040406659e-21,3.4414646769251e-21,3.3108973026005525e-21,3.187517264981626e-21,3.0708284528819937e-21,2.960375137772903e-21,2.8557382431745422e-21,2.7565319946610015e-21,2.6624009085182495e-21,2.57301708203917e-21,2.4880777526835712e-21,2.407303097153968e-21,2.330434244719061e-21,2.2572314820811054e-21,2.1874726296351097e-21,2.1209515712557863e-21,2.057476921730774e-21,1.996870817740372e-21,1.9389678198286317e-21,1.8836139141917772e-21,1.830665604321122e-21,1.7799890836137508e-21,1.7314594810118888e-21,1.6849601725899995e-21,1.6403821527106349e-21,1.597623459108997e-21,1.556588646772947e-21,1.5171883060634897e-21,1.4793386209643902e-21,1.4429609637682197e-21,1.407981522881856e-21,1.3743309607498842e-21,1.3419440992065586e-21,1.310759629816818e-21,1.280719847010281e-21,1.251770402017442e-21,1.2238600758168837e-21,1.1969405694564074e-21,1.1709663102778534e-21,1.1458942727056763e-21,1.121683812380938e-21,1.0982965125409126e-21,1.0756960416360901e-21,1.0538480212719801e-21,1.03271990364368e-21,1.012280857699525e-21,9.925016633482362e-22,9.733546130744564e-22,9.548134203810207e-22,9.36853134534228e-22,9.194500611281421e-22,9.025816880227999e-22,8.86226616253326e-22,8.703644955374146e-22,8.549759640369702e-22,8.40042592063616e-22,8.25546829438572e-22,8.114719562421644e-22,7.978020367082902e-22,7.845218760485227e-22,7.716169799530214e-22,7.590735166816871e-22,7.468782814461339e-22,7.350186629976215e-22,7.234826122473752e-22,7.122586127804211e-22,7.0133565314734495e-22,6.907032007919093e-22,6.803511775259096e-22,6.702699364386878e-22,6.60450240149968e-22,6.508832403187452e-22,6.415604583251492e-22,6.324737670516672e-22,6.236153736923273e-22,6.149778035262577e-22,6.065538845925308e-22,5.983367332126154e-22,5.903197403066615e-22,5.824965584539357e-22,5.748610896531527e-22,5.674074737400347e-22,5.601300774231271e-22,5.530234838961048e-22,5.460824830015453e-22,5.393020619034762e-22,5.3267739624580135e-22,5.262038417656069e-22,5.1987692633460605e-22,5.136923424051189e-22,5.076459398379621e-22,5.017337190874021e-22,4.959518247296324e-22,4.902965393061836e-22,4.847642774723525e-22,4.793515804317759e-22,4.740551106401036e-22,4.68871646764029e-22,4.637980788790827e-22,4.5883140390103915e-22,4.53968721228452e-22,4.492072285916551e-22,4.445442180959612e-22,4.399770724471929e-22,4.355032613513239e-22,4.311203380820424e-22,4.268259361950604e-22,4.2261776640571844e-22,4.184936135944863e-22,4.1445133395178135e-22,4.1048885224793196e-22,4.0660415922611268e-22,4.0279530910587503e-22,3.99060417197588e-22,3.9539765762348837e-22,3.91805261130305e-22,3.8828151299994315e-22,3.8482475104950525e-22,3.814333637141982e-22,3.7810578821162003e-22,3.7484050878319015e-22,3.7163605500912037e-22,3.6849100019097255e-22,3.654039598046232e-22,3.6237359001323897e-22,3.5939858624240082e-22,3.564776818110837e-22,3.536096466211053e-22,3.5079328589586547e-22,3.4802743897064306e-22,3.453109781314973e-22,3.426428074969873e-22,3.4002186194793628e-22,3.3744710609562915e-22,3.349175332910807e-22,3.324321646728095e-22,3.299900482506234e-22,3.275902580236091e-22,3.2523189313461976e-22,3.229140770521116e-22,3.2063595678666792e-22,3.183967021351605e-22,3.161955049504923e-22,3.140315826031425e-22,3.1190416064137767e-22,3.09812497179854e-22,3.0775586555259763e-22,3.05733557891952e-22,3.0374488592874355e-22,3.0178917496436447e-22,2.9986577145592744e-22,2.9797403712571946e-22,2.961133497855795e-22,2.94283102856419e-22,2.924827048911207e-22,2.9071157912846236e-22,2.8896916305340545e-22,2.872549079761756e-22,2.8556827862421144e-22,2.839087527494026e-22,2.822758207478104e-22,2.8066898529110954e-22,2.7908776097531186e-22,2.775316739726497e-22,2.760002617053075e-22,2.744930725223127e-22,2.730096653853058e-22,2.7154960958049175e-22,2.7011248441679195e-22,2.6869787895066905e-22,2.673053917154255e-22,2.6593463045523597e-22,2.6458521187570834e-22,2.632567613935297e-22,2.619489129009928e-22,2.606613085327542e-22,2.5939359844621457e-22,2.58145440602753e-22,2.5691650055690406e-22,2.5570645125654676e-22,2.5451497284451352e-22,2.533417524678825e-22,2.5218648409317753e-22,2.5104886832728154e-22,2.4992861224482736e-22,2.4882542921851085e-22,2.477390387562579e-22,2.466691663430765e-22,2.4561554328779505e-22,2.4457790657153434e-22,2.435559987080085e-22,2.4254956759742456e-22,2.415583663956124e-22,2.405821533791818e-22,2.3962069181217937e-22,2.3867374983465633e-22,2.3774110033039384e-22,2.368225208119301e-22,2.359177933084502e-22,2.350267042535708e-22,2.341490443782658e-22,2.332846086058346e-22,2.3243319595053523e-22,2.3159460941845742e-22,2.3076865591333695e-22,2.2995514613938366e-22,2.291538945145133e-22,2.283647190801784e-22,2.275874414160256e-22,2.2682188655635354e-22,2.2606788290942526e-22,2.253252621778555e-22,2.245938592829744e-22,2.238735122888418e-22,2.231640623306692e-22,2.2246535354370125e-22,2.2177723299391033e-22,2.210995506140433e-22,2.2043215913167434e-22,2.1977491401199225e-22,2.191276733992882e-22,2.184902980423405e-22,2.178626512513096e-22,2.1724459883371025e-22,2.1663600903769185e-22,2.1603675250247434e-22,2.1544670220247653e-22,2.1486573339374186e-22,2.1429372357205367e-22,2.1373055241374454e-22,2.131761017364725e-22,2.126302554473295e-22,2.1209289950241694e-22,2.1156392185764774e-22,2.1104321243726891e-22,2.1053066306916507e-22,2.1002616746751025e-22,2.0952962118351186e-22,2.0904092156520085e-22,2.0855996772181331e-22,2.0808666048666517e-22,2.0762090237974809e-22,2.0716259757574356e-22,2.067116518651766e-22,2.0626797262733772e-22,2.058314687889431e-22,2.0540205080172388e-22,2.0497963060379475e-22,2.0456412159398313e-22,2.041554386008687e-22,2.0375349784996393e-22,2.0335821694467634e-22,2.0296951482962864e-22,2.0258731176782618e-22,2.0221152931399712e-22,2.0184209028943427e-22,2.01478918753989e-22,2.0112193998676066e-22,2.0077108045731592e-22,2.004262678059326e-22,2.0008743081417549e-22,1.997544993949164e-22,1.9942740455808534e-22,1.9910607839437562e-22,1.9879045405661671e-22,1.984804657354504e-22,1.9817604864170307e-22,1.9787713898652978e-22,1.975836739609879e-22,1.9729559172111165e-22,1.9701283136380184e-22,1.9673533291782872e-22,1.96463037314699e-22,1.961958863833409e-22,1.9593382282497502e-22,1.9567679020190437e-22,1.9542473291920374e-22,1.9517759620990336e-22,1.949353261192221e-22,1.9469786949077864e-22,1.9446517395023383e-22,1.9423718789413107e-22,1.9401386047120589e-22,1.9379514157293748e-22,1.9358098181870567e-22,1.9337133254232264e-22,1.9316614577947502e-22,1.929653742554843e-22,1.9276897137270047e-22,1.925768911985923e-22,1.9238908845439343e-22,1.922055185004517e-22,1.9202613733251383e-22,1.9185090156234232e-22,1.916797684110405e-22,1.9151269569802117e-22,1.9134964183030316e-22,1.911905657918315e-22,1.9103542713513851e-22,1.9088418596996543e-22,1.9073680295420216e-22,1.9059323928435324e-22,1.904534566877983e-22,1.9031741741109282e-22,1.9018508421258517e-22,1.9005642035587e-22,1.899313895970422e-22,1.898099561795058e-22,1.8969208482521387e-22,1.8957774072611116e-22,1.894668895367698e-22,1.893594973667426e-22,1.892555307725272e-22,1.8915495675109229e-22,1.8905774273163477e-22,1.8896385656937078e-22,1.8887326653851758e-22,1.8878594132336982e-22,1.8870185001823024e-22,1.8862096210976021e-22,1.8854324748032727e-22,1.8846867639837667e-22,1.8839721951125856e-22,1.883288478409779e-22,1.882635327746338e-22,1.8820124606497307e-22,1.8814195981894075e-22,1.880856464941658e-22,1.880322788945546e-22,1.8798183015822225e-22,1.8793427376432473e-22,1.878895835181372e-22,1.8784773354945711e-22,1.878086983074331e-22,1.8777245255353753e-22,1.8773897136009597e-22,1.8770823010293546e-22,1.8768020445830475e-22,1.8765487039715457e-22,1.8763220418099246e-22,1.8761218235820847e-22,1.8759478175751207e-22,1.875799794878038e-22,1.8756775292940626e-22,1.875580797329009e-22,1.875509378137633e-22,1.875463053495897e-22,1.8754416077471974e-22,1.8754448277654233e-22,1.8754725029439261e-22,1.875524425122495e-22,1.8756003885681592e-22,1.875700189932892e-22,1.875823628253607e-22,1.8759705048489248e-22,1.8761406233465898e-22,1.876333789624065e-22,1.876549811782361e-22,1.8767885001058767e-22,1.8770496670421224e-22,1.8773331271624127e-22,1.8776386971408691e-22,1.8779661957058981e-22,1.878315443641441e-22,1.878686263720804e-22,1.8790784807048865e-22,1.879491921312209e-22,1.8799264141748997e-22,1.8803817898331348e-22,1.880857880691542e-22,1.881354521000393e-22,1.8818715468333739e-22,1.8824087960515703e-22,1.882966108290869e-22,1.8835433249240951e-22,1.884140289072641e-22,1.884756845487279e-22,1.8853928406794106e-22,1.886048122757126e-22,1.8867225414702894e-22,1.8874159481753895e-22,1.888128195812198e-22,1.888859138891939e-22,1.8896086334528837e-22,1.8903765370695922e-22,1.8911627088108478e-22,1.891967009226525e-22,1.8927893003311616e-22,1.8936294455812666e-22,1.894487309853131e-22,1.8953627594280325e-22,1.8962556619763114e-22,1.8971658865337853e-22,1.898093303485131e-22,1.8990377845471288e-22,1.8999992027550453e-22,1.9009774324366341e-22,1.901972349205774e-22,1.902983829929045e-22,1.9040117527327058e-22,1.905055996975588e-22,1.9061164432248866e-22,1.907192973258602e-22,1.908285470023745e-22,1.9093938176612077e-22,1.9105179014250414e-22,1.9116576077659186e-22,1.9128128242253296e-22,1.9139834394601965e-22,1.9151693432346312e-22,1.916370426384334e-22,1.9175865808443595e-22,1.9188176995635476e-22,1.9200636765714057e-22,1.9213244069132176e-22,1.922599786656184e-22,1.9238897128717363e-22,1.9251940836305794e-22,1.9265127979802257e-22,1.927845755936453e-22,1.929192858481262e-22,1.930554007528917e-22,1.9319291059399737e-22,1.933318057496523e-22,1.9347207668900848e-22,1.936137139713149e-22,1.9375670824567405e-22,1.939010502467379e-22,1.940467307995506e-22,1.9419374081192513e-22,1.9434207127943174e-22,1.9449171327906024e-22,1.9464265797152066e-22,1.94794896599595e-22,1.94948420488114e-22,1.9510322103705929e-22,1.9525928973221782e-22,1.9541661813423658e-22,1.9557519787981382e-22,1.9573502068353834e-22,1.9589607833504345e-22,1.9605836269956485e-22,1.9622186571201236e-22,1.9638657938608e-22,1.9655249580345612e-22,1.967196071180507e-22,1.9688790555363418e-22,1.9705738340521273e-22,1.9722803303447168e-22,1.9739984687211575e-22,1.9757281741599902e-22,1.9774693723094331e-22,1.979221989462331e-22,1.9809859525713487e-22,1.982761189228742e-22,1.984547627676194e-22,1.9863451967299315e-22,1.9881538259077447e-22,1.9899734452924493e-22,1.9918039855685284e-22,1.9936453780479375e-22,1.9954975546372813e-22,1.9973604477937653e-22,1.99923399059447e-22,2.0011181166778632e-22,2.0030127602508247e-22,2.0049178560801065e-22,2.0068333394971125e-22,2.008759146375965e-22,2.0106952131350176e-22,2.0126414767376402e-22,2.0145978746753906e-22,2.0165643449663634e-22,2.018540826153375e-22,2.020527257294224e-22,2.0225235779481752e-22,2.0245297281977873e-22,2.0265456486099413e-22,2.0285712802516815e-22,2.0306065646726791e-22,2.0326514439189446e-22,2.0347058605065126e-22,2.036769757425283e-22,2.03884307813534e-22,2.040925766568982e-22,2.0430177670983018e-22,2.0451190245666453e-22,2.047229484269323e-22,2.049349091930496e-22,2.0514777937129265e-22,2.0536155362465203e-22,2.0557622665648813e-22,2.0579179321341375e-22,2.060082480845722e-22,2.0622558610093975e-22,2.064438021347335e-22,2.066628910990887e-22,2.0688284794812615e-22,2.0710366767567721e-22,2.0732534531604232e-22,2.0754787594180497e-22,2.0777125466580285e-22,2.0799547663763531e-22,2.0822053704715224e-22,2.0844643112025833e-22,2.086731541230833e-22,2.0890070135494945e-22,2.091290681535393e-22,2.0935824989428926e-22,2.095882419874424e-22,2.0981903987783325e-22,2.1005063904759952e-22,2.102830350123791e-22,2.1051622332310761e-22,2.1075019956447272e-22,2.1098495935533989e-22,2.1122049834823976e-22,2.1145681222876432e-22,2.116938967156528e-22,2.11931747560404e-22,2.121703605456961e-22,2.124097314882102e-22,2.126498562344965e-22,2.1289073066393347e-22,2.13132350685169e-22,2.1337471223952436e-22,2.136178112985001e-22,2.138616438625392e-22,2.1410620596333557e-22,2.1435149366157594e-22,2.145975030473909e-22,2.148442302403015e-22,2.150916713884063e-22,2.1533982266850074e-22,2.1558868028530197e-22,2.158382404720634e-22,2.160884994895349e-22,2.163394536258218e-22,2.165910991966217e-22,2.1684343254459543e-22,2.1709645003834335e-22,2.1735014807439927e-22,2.1760452307452944e-22,2.1785957148688796e-22,2.181152897846564e-22,2.183716744679275e-22,2.1862872206149783e-22,2.1888642911463822e-22,2.191447922021227e-22,2.1940380792337865e-22,2.1966347290194343e-22,2.199237837857328e-22,2.2018473724620297e-22,2.20446329979965e-22,2.2070855870466515e-22,2.2097142016456667e-22,2.2123491112376113e-22,2.2149902837119937e-22,2.2176376871825347e-22,2.2202912899852468e-22,2.2229510606831617e-22,2.2256169680533787e-22,2.2282889811007516e-22,2.230967069045387e-22,2.23365120131264e-22,2.2363413475575513e-22,2.2390374776368356e-22,2.2417395616164944e-22,2.2444475697851147e-22,2.2471614726076045e-22,2.2498812407817535e-22,2.252606845194262e-22,2.2553382569377073e-22,2.2580754472997234e-22,2.260818387768815e-22,2.263567050027774e-22,2.266321405953365e-22,2.269081427615429e-22,2.2718470872728712e-22,2.2746183573765925e-22,2.2773952105613366e-22,2.280177619652057e-22,2.2829655576522134e-22,2.2857589977550617e-22,2.288557913329543e-22,2.291362277927472e-22,2.2941720652775174e-22,2.2969872492841226e-22,2.2998078040295633e-22,2.302633703767398e-22,2.305464922925122e-22,2.3083014361023826e-22,2.311143218061642e-22,2.313990243743914e-22,2.3168424882452534e-22,2.3196999268361337e-22,2.3225625349470766e-22,2.325430288174027e-22,2.3283031622669276e-22,2.3311811331500894e-22,2.3340641768841557e-22,2.3369522697059575e-22,2.339845388000236e-22,2.3427435083124385e-22,2.345646607335284e-22,2.3485546619114327e-22,2.3514676490509892e-22,2.3543855458924377e-22,2.3573083297346884e-22,2.3602359780212895e-22,2.363168468344233e-22,2.3661057784374355e-22,2.369047886180518e-22,2.371994769593358e-22,2.3749464068400226e-22,2.377902776225334e-22,2.3808638561906946e-22,2.3838296253188387e-22,2.3868000623272225e-22,2.3897751460736195e-22,2.392754855541879e-22,2.395739169859254e-22,2.3987280682813064e-22,2.4017215301958492e-22,2.4047195351214874e-22,2.407722062707363e-22,2.41072909272999e-22,2.4137406050940168e-22,2.416756579832917e-22,2.419776997102564e-22,2.4228018371850135e-22,2.4258310804868664e-22,2.428864707536771e-22,2.431902698988116e-22,2.4349450356087415e-22,2.43799169829195e-22,2.4410426680488676e-22,2.4440979260080576e-22,2.447157453412924e-22,2.450221231636652e-22,2.4532892421481707e-22,2.456361466542412e-22,2.459437886523174e-22,2.462518483914966e-22,2.4656032406474196e-22,2.4686921387607685e-22,2.471785160415622e-22,2.4748822878682646e-22,2.4779835034892064e-22,2.4810887897610854e-22,2.4841981292714157e-22,2.4873115047077964e-22,2.4904288988729533e-22,2.4935502946598086e-22,2.496675675091579e-22,2.499805023266574e-22,2.5029383223960134e-22,2.5060755557982655e-22,2.5092167068874034e-22,2.512361759175221e-22,2.515510696277741e-22,2.5186635019093483e-22,2.521820159877992e-22,2.5249806540918706e-22,2.528144968555489e-22,2.531313087369334e-22,2.5344849947272467e-22,2.5376606749177112e-22,2.540840112331318e-22,2.5440232914353907e-22,2.547210196801998e-22,2.550400813090164e-22,2.553595125051908e-22,2.556793117528883e-22,2.559994775452659e-22,2.5632000838430485e-22,2.566409027808935e-22,2.569621592547216e-22,2.5728377633427294e-22,2.576057525557068e-22,2.579280864657222e-22,2.582507766179622e-22,2.5857382157533967e-22,2.5889721990846557e-22,2.5922097019691816e-22,2.5954507102825836e-22,2.5986952099838597e-22,2.6019431871137114e-22,2.605194627792684e-22,2.608449518222704e-22,2.611707844693137e-22,2.6149695935545787e-22,2.6182347512536076e-22,2.621503304307604e-22,2.624775239316603e-22,2.6280505429501065e-22,2.631329201961372e-22,2.6346112031753237e-22,2.637896533495856e-22,2.6411851799002247e-22,2.644477129439285e-22,2.6477723692433424e-22,2.651070886507563e-22,2.6543726685080445e-22,2.6576777025865216e-22,2.66098597616407e-22,2.6642974767293797e-22,2.6676121918402776e-22,2.670930109126043e-22,2.6742512162993497e-22,2.6775755011171337e-22,2.68090295142272e-22,2.684233555126276e-22,2.68756730020266e-22,2.6909041746971752e-22,2.694244166721664e-22,2.6975872644534476e-22,2.7009334561394475e-22,2.7042827300857766e-22,2.7076350746736312e-22,2.7109904783427795e-22,2.7143489295979205e-22,2.7177104170094746e-22,2.721074929212245e-22,2.724442454901964e-22,2.727812982840959e-22,2.731186501850684e-22,2.734563000812948e-22,2.737942468678844e-22,2.7413248944497455e-22,2.7447102672015685e-22,2.7480985760562055e-22,2.751489810211124e-22,2.7548839589042057e-22,2.7582810114502884e-22,2.7616809572129105e-22,2.7650837856172056e-22,2.7684894861520497e-22,2.771898048343756e-22,2.775309461804748e-22,2.7787237161866304e-22,2.7821408011990376e-22,2.7855607066112032e-22,2.7889834222452283e-22,2.792408937981471e-22,2.795837243758361e-22,2.799268329552314e-22,2.8027021854210342e-22,2.806138801452749e-22,2.809578167809832e-22,2.8130202746851163e-22,2.8164651123407345e-22,2.8199126710866813e-22,2.8233629412864548e-22,2.826815913354399e-22,2.830271577755302e-22,2.8337299250097684e-22,2.83719094568445e-22,2.8406546303996367e-22,2.844120969817223e-22,2.8475899546755128e-22,2.85106157572899e-22,2.8545358238007046e-22,2.8580126897584323e-22,2.861492164518981e-22,2.8649742390483936e-22,2.868458904359097e-22,2.8719461515122426e-22,2.875435971619403e-22,2.878928355833069e-22,2.8824232953579576e-22,2.8859207814459183e-22,2.889420805386921e-22,2.7880083937844984e-22,2.794583163107206e-22,2.8009157254048218e-22,2.807049010581877e-22,2.813033279366968e-22,2.818908210347764e-22,2.8247036744027166e-22,2.830441660165845e-22,2.836138174920839e-22,2.8418048056525207e-22,2.8474499151475774e-22,2.8530795299823955e-22,2.858697989717906e-22,2.8643084179091677e-22,2.869913062158838e-22,2.875513539795701e-22,2.8811110146253434e-22,2.886706323666319e-22,2.8923000693282713e-22,2.8978926849689793e-22,2.9034844823539623e-22,2.909075685794471e-22,2.914666456666809e-22,2.9202569110728063e-22,2.9258471325415024e-22,2.9314371619621384e-22,2.9370270613728847e-22,2.9426168608799963e-22,2.9482065848404934e-22,2.9537962486898986e-22,2.959385863848025e-22,2.964975438678385e-22,2.9705649778659465e-22,2.9761544881786056e-22,2.9817439715504477e-22,2.9873334301298986e-22,2.9929228656589016e-22,2.998512280289972e-22,3.0041016726771226e-22,3.009691044487196e-22,3.015280419731731e-22,3.0208697529415214e-22,3.0264590665888604e-22,3.0320483838599625e-22,3.0376376821035163e-22,3.04322696140287e-22,3.0488162218179424e-22,3.0544054633920453e-22,3.059994686156382e-22,3.0655838901334296e-22,3.071173075339553e-22,3.0767622417866483e-22,3.0823513900148426e-22,3.087940518967366e-22,3.0935296291800006e-22,3.0991187206565267e-22,3.104707793399267e-22,3.1102968474103025e-22,3.115885882691068e-22,3.1214748992103146e-22,3.1270638970332854e-22,3.132652876129193e-22,3.138241836498259e-22,3.1438307779954003e-22,3.1494197009123145e-22,3.1550086051038896e-22,3.160597490492931e-22,3.1661863570549263e-22,3.171775205273793e-22,3.1773640356143457e-22,3.182952846184963e-22,3.1885416380320673e-22,3.194130411176433e-22,3.199719165578053e-22,3.2053079012574517e-22,3.2108966180309167e-22,3.216485316266859e-22,3.222073995781669e-22,3.2276626565754527e-22,3.2332512986486747e-22,3.238839922001599e-22,3.244428526634707e-22,3.2500171125480504e-22,3.2556056797421703e-22,3.2611942282172024e-22,3.2667827579736944e-22,3.272371269011648e-22,3.277959761331759e-22,3.2835482349341767e-22,3.289136689819154e-22,3.29472512598719e-22,3.3003135434384e-22,3.3059019421732684e-22,3.311490322192086e-22,3.3170786834950203e-22,3.3226670260825187e-22,3.328255349955003e-22,3.333843655112631e-22,3.3394319415557943e-22,3.345020209284798e-22,3.3506084583000694e-22,3.356196688601652e-22,3.361784900190063e-22,3.3673730930656904e-22,3.3729612672287085e-22,3.3785494226795775e-22,3.3841375594184807e-22,3.3897256774458366e-22,3.3953137767619213e-22,3.4009018573670718e-22,3.4064899192615307e-22,3.4120779624456997e-22,3.4176659869200555e-22,3.423253992684622e-22,3.4288419797398405e-22,3.434429948086105e-22,3.440017897723601e-22,3.4456058286528202e-22,3.451193740873916e-22,3.456781634387361e-22,3.4623695091933095e-22,3.467957365292287e-22,3.473545202684403e-22,3.479133021370151e-22,3.4847208213497394e-22,3.490308602623542e-22,3.4958963651918626e-22,3.501484109055026e-22,3.5070718342134215e-22,3.5126595406673003e-22,3.5182472284169523e-22,3.5238348974627354e-22,3.5294225478050016e-22,3.5350101794440356e-22,3.5405977923801086e-22,3.5461853866136987e-22,3.551772962144937e-22,3.557360518974348e-22,3.5629480571020774e-22,3.5685355765284508e-22,3.574123077253968e-22,3.5797105592787683e-22,3.5852980226032105e-22,3.590885467227646e-22,3.5964728931524428e-22,3.602060300377931e-22,3.607647688904311e-22,3.6132350587319673e-22,3.6188224098612157e-22,3.6244097422923057e-22,3.629997056025731e-22,3.6355843510617075e-22,3.641171627400494e-22,3.6467588850425086e-22,3.6523461239881057e-22,3.6579333442375226e-22,3.663520545791128e-22,3.66910772864921e-22,3.674694892812098e-22,3.680282038280185e-22,3.685869165053722e-22,3.6914562731329604e-22,3.6970433625182616e-22,3.7026304332100207e-22,3.70821748520845e-22,3.7138045185139615e-22,3.7193915331269204e-22,3.7249785290474986e-22,3.7305655062760734e-22,3.736152464813097e-22,3.741739404658808e-22,3.747326325813468e-22,3.752913228277373e-22,3.7585001120508656e-22,3.764086977134306e-22,3.769673823528136e-22,3.7752606512325387e-22,3.7808474602479165e-22,3.786434250574402e-22,3.7920210222125297e-22,3.797607775162527e-22,3.8031945094247035e-22,3.8087812249993353e-22,3.8143679218868437e-22,3.8199546000875626e-22,3.8255412596017116e-22,3.8311279004296725e-22,3.836714522571699e-22,3.8423011260281593e-22,3.8478877107994446e-22,3.853474276885756e-22,3.85906082428758e-22,3.8646473530051174e-22,3.8702338630387094e-22,3.875820354388677e-22,3.8814068270552687e-22,3.886993281039022e-22,3.8925797163400187e-22,3.898166132958641e-22,3.903752530895239e-22,3.909338910150159e-22,3.914925270723676e-22,3.92051161261608e-22,3.926097935827836e-22,3.931684240359108e-22,3.937270526210358e-22,3.9428567933817496e-22,3.948443041873809e-22,3.954029271686577e-22,3.959615482820582e-22,3.965201675276149e-22,3.9707878490534994e-22,3.97637400415304e-22,3.9819601405748507e-22,3.9875462583196636e-22,3.993132357387507e-22,3.9987184377787475e-22,4.004304499493838e-22,4.009890542532996e-22,4.0154765668964944e-22,4.02106257258472e-22,4.0266485595980185e-22,4.032234527936632e-22,4.0378204776009363e-22,4.043406408591325e-22,4.0489923209079124e-22,4.054578214551163e-22,4.0601640895213947e-22,4.0657499458189344e-22,4.071335783444042e-22,4.076921602397014e-22,4.082507402678373e-22,4.0880931842881416e-22,4.0936789472267967e-22,4.0992646914948187e-22,4.1048504170922435e-22,4.110436124019594e-22,4.11602181227701e-22,4.1216074818650204e-22,4.1271931327838936e-22,4.132778765033771e-22,4.1383643786151545e-22,4.1439499735283264e-22,4.1495355497736733e-22,4.155121107351259e-22,4.160706646261701e-22,4.166292166505048e-22,4.1718776680818587e-22,4.1774631509922163e-22,4.1830486152367817e-22,4.188634060815703e-22,4.194219487729197e-22,4.1998048959776848e-22,4.2053902855614764e-22,4.210975656480923e-22,4.2165610087363647e-22,4.222146342327984e-22,4.2277316572561345e-22,4.2333169535213115e-22,4.23890223112364e-22,4.244487490063611e-22,4.250072730341394e-22,4.255657951957306e-22,4.261243154911747e-22,4.266828339205032e-22,4.272413504837466e-22,4.277998651809366e-22,4.2835837801210165e-22,4.289168889772818e-22,4.294753980765048e-22,4.300339053098051e-22,4.305924106772124e-22,4.311509141787546e-22,4.3170941581446675e-22,4.3226791558438865e-22,4.328264134885377e-22,4.333849095269594e-22,4.339434036996857e-22,4.345018960067368e-22,4.350603864481568e-22,4.356188750239627e-22,4.361773617341985e-22,4.367358465788961e-22,4.372943295580805e-22,4.378528106717903e-22,4.384112899200608e-22,4.389697673029103e-22,4.395282428203911e-22,4.400867164725157e-22,4.406451882593248e-22,4.412036581808522e-22,4.417621262371274e-22,4.423205924281843e-22,4.42879056754054e-22,4.434375192147546e-22,4.439959798103467e-22,4.445544385408457e-22,4.451128954062753e-22,4.456713504066891e-22,4.462298035420975e-22,4.467882548125427e-22,4.473467042180514e-22,4.479051517586718e-22,4.484635974344158e-22,4.490220412453247e-22,4.495804831914314e-22,4.501389232727695e-22,4.506973614893671e-22,4.512557978412686e-22,4.518142323284801e-22,4.523726649510482e-22,4.529310957090017e-22,4.534895246023906e-22,4.540479516312247e-22,4.546063767955422e-22,4.551648000953725e-22,4.557232215307591e-22,4.562816411017243e-22,4.5684005880829815e-22,4.573984746505185e-22,4.579568886284187e-22,4.58515300742026e-22,4.590737109913808e-22,4.596321193764907e-22,4.6019052589741595e-22,4.607489305541753e-22,4.613073333468045e-22,4.618657342752209e-22,4.624241333396823e-22,4.629825305401164e-22,4.635409258765478e-22,4.640993193490079e-22,4.646577109575233e-22,4.652161007021385e-22,4.657744885828711e-22,4.663328745997669e-22,4.668912587528471e-22,4.674496410421509e-22,4.68008021467703e-22,4.685664000295439e-22,4.691247767277041e-22,4.696831515622119e-22,4.702415245330908e-22,4.707998956404037e-22,4.713582648841561e-22,4.719166322643723e-22,4.724749977810992e-22,4.730333613525544e-22,4.735917231423888e-22,4.74150083068858e-22,4.747084411324086e-22,4.75266797332169e-22,4.758251516686181e-22,4.763835041418088e-22,4.769418547517653e-22,4.775002034985197e-22,4.780585503821045e-22,4.7861689535090075e-22,4.791752385082422e-22,4.797335798025062e-22,4.802919192337248e-22,4.80850256788101e-22,4.814085924936193e-22,4.819669263358924e-22,4.825252583152668e-22,4.830835884317469e-22,4.836419166853746e-22,4.842002430761892e-22,4.847585674522501e-22,4.8531689011883685e-22,4.858752109213949e-22,4.864335298612533e-22,4.869918469384471e-22,4.875501621530237e-22,4.881084755050002e-22,4.886667869944228e-22,4.892250966213004e-22,4.897834043856846e-22,4.903417102879649e-22,4.909000143274491e-22,4.914583158724087e-22,4.920166161871209e-22,4.925749146394466e-22,4.9313321122950575e-22,4.936915059572859e-22,4.942497988228424e-22,4.948080898261687e-22,4.953663789673286e-22,4.959246662453506e-22,4.964829516658515e-22,4.970412352230654e-22,4.975995166685777e-22,4.9815779649931635e-22,4.987160744726231e-22,4.992743505794045e-22,4.99832624824264e-22,5.0039089720723785e-22,5.009491677283474e-22,5.015074362826243e-22,5.020657030801219e-22,5.026239680158605e-22,5.031822311001086e-22,5.037404923124139e-22,5.042987516630433e-22,5.048570091527947e-22,5.054152648958995e-22,5.059735188505688e-22,5.06531771046006e-22,5.07090021367894e-22,5.076482695491887e-22,5.082065158690265e-22,5.087647603274692e-22,5.093230029245346e-22,5.098812436602388e-22,5.104394825346316e-22,5.109977195477509e-22,5.115559546996015e-22,5.121141879902343e-22,5.126724194196747e-22,5.132306489879737e-22,5.137888766951265e-22,5.143471025412038e-22,5.149053265262212e-22,5.154635486502059e-22,5.1602176891318545e-22,5.165799873151943e-22,5.171382038562943e-22,5.176964185364884e-22,5.18254631355794e-22,5.188128423142682e-22,5.193710514136349e-22,5.19929258650525e-22,5.20487464086875e-22,5.210456675515563e-22,5.216038692262741e-22,5.221620690196849e-22,5.22720263537508e-22,5.232784596405876e-22,5.238366538529753e-22,5.243948462049055e-22,5.2495303669631e-22,5.255112236826368e-22,5.26069408599845e-22,5.266275935099661e-22,5.2718577655975e-22,5.277439577492091e-22,5.2830213707836105e-22,5.288603145472619e-22,5.294184901559322e-22,5.299766639043978e-22,5.3053483579270625e-22,5.310930058393811e-22,5.316511739755935e-22,5.322093402564645e-22,5.32767504704428e-22,5.333256672923816e-22,5.338838280203533e-22,5.344419868883929e-22,5.350001438965082e-22,5.355582990447636e-22,5.361164523331659e-22,5.366746037617463e-22,5.372327533305367e-22,5.377909010395885e-22,5.383490468889207e-22,5.389071908785718e-22,5.3946533300855225e-22,5.400234732789146e-22,5.405816116896923e-22,5.411397482409113e-22,5.416978829325885e-22,5.422560157653871e-22,5.428141467387071e-22,5.433722758525736e-22,5.4393040310708e-22,5.444885285016038e-22,5.4504665203679955e-22,5.456047737126743e-22,5.461628935292794e-22,5.4672101148665085e-22,5.472791275848167e-22,5.478372418237928e-22,5.48395354203652e-22,5.489534647243728e-22,5.495115733860231e-22,5.500696801886311e-22,5.506277851322105e-22,5.511858882168202e-22,5.517439894424652e-22,5.523020888091882e-22,5.528601863170278e-22,5.534182819660084e-22,5.5397637575615905e-22,5.545344676875209e-22,5.550925577601271e-22,5.556506459739937e-22,5.562087323291584e-22,5.567668168256532e-22,5.573248994635365e-22,5.578829802427994e-22,5.584410591634884e-22,5.589991362256531e-22,5.5955721142930415e-22,5.601152847744816e-22,5.606733572841006e-22,5.612314269124081e-22,5.617894946823464e-22,5.6234756059393255e-22,5.62905624647201e-22,5.634636868422088e-22,5.640217471789369e-22,5.645798056574635e-22,5.651378622778016e-22,5.656959170399837e-22,5.66253969944042e-22,5.668120209900081e-22,5.673700701779038e-22,5.679281175077803e-22,5.684861629796492e-22,5.69044206593571e-22,5.696022483495506e-22,5.701602879435886e-22,5.707183259837956e-22,5.712763621661809e-22,5.718343965253298e-22,5.723924289921464e-22,5.729504596012137e-22,5.735084883869683e-22,5.740665152807139e-22,5.746245403384841e-22,5.751825635169256e-22,5.757405848377632e-22,5.7629860430105405e-22,5.768566219068044e-22,5.774146376554273e-22,5.779726557470757e-22,5.785306677805459e-22,5.790886779565464e-22,5.796466862751851e-22,5.802046927364962e-22,5.807626973405156e-22,5.813207000857053e-22,5.8187870305734555e-22,5.824367020896558e-22,5.829946992648037e-22,5.835526945828131e-22,5.8411068804372505e-22,5.846686796475581e-22,5.85226669394355e-22,5.857846572841439e-22,5.863426433175609e-22,5.869006274934191e-22,5.874586098123807e-22,5.880165902744733e-22,5.8857456887970965e-22,5.891325456281245e-22,5.896905205197427e-22,5.902484935546321e-22,5.908064647327836e-22,5.9136443405425985e-22,5.919224015190702e-22,5.924803671272564e-22,5.930383308788384e-22,5.935962927738648e-22,5.941542528123659e-22,5.947122109943692e-22,5.952701673198989e-22,5.9582812178898365e-22,5.963860744016775e-22,5.969440251579897e-22,5.975019740579745e-22,5.980599211016567e-22,5.986178662890493e-22,5.991758096204427e-22,5.9973375109538e-22,6.002916907141502e-22,6.008496284767805e-22,6.014075644269629e-22,6.0196549847738e-22,6.025234306717505e-22,6.030813610100973e-22,6.0363928949243735e-22,6.041972161188556e-22,6.047551408893228e-22,6.05313063803915e-22,6.058709848626373e-22,6.064289040655187e-22,6.069868214126124e-22,6.075447369039502e-22,6.081026505395502e-22,6.086605623194438e-22,6.092184722436686e-22,6.097763803122668e-22,6.103342865252363e-22,6.1089219088265565e-22,6.114500933845154e-22,6.120079940308745e-22,6.125658928217465e-22,6.131237897571751e-22,6.136816848371862e-22,6.142395780618061e-22,6.147974694310895e-22,6.15355358945055e-22,6.159132466037242e-22,6.164711324071359e-22,6.1702901635532135e-22,6.175868984464266e-22,6.181447786844274e-22,6.187026570671358e-22,6.192605335947416e-22,6.198184082672823e-22,6.203762809822367e-22,6.209341519447493e-22,6.214920210522912e-22,6.220498879676658e-22,6.2260775336535845e-22,6.231656169081787e-22,6.237234785961518e-22,6.24281338429318e-22,6.248391964077082e-22,6.253970525313506e-22,6.259549068002815e-22,6.2651275949194005e-22,6.270706100265126e-22,6.276284587314878e-22,6.281863055818716e-22,6.287441505776864e-22,6.293019937189936e-22,6.298598350058106e-22,6.304176744381671e-22,6.309755120209357e-22,6.315333477444591e-22,6.320911816136176e-22,6.326490136284447e-22,6.332068437889814e-22,6.337646720952379e-22,6.343224985472553e-22,6.348803231516381e-22,6.3543814589526975e-22,6.359959667842757e-22,6.365537841898555e-22,6.371116013543764e-22,6.376694166816317e-22,6.382272301564866e-22,6.387850417757943e-22,6.393428465744019e-22,6.399006495495187e-22,6.404584509128381e-22,6.410162506041246e-22,6.415740530667632e-22,6.421318535819325e-22,6.426896522184158e-22,6.432474490005691e-22,6.438052439288053e-22,6.443630370100391e-22,6.449208282376668e-22,6.454786176116599e-22,6.46036405132102e-22,6.465941907990049e-22,6.471519746124231e-22,6.477097565723269e-22,6.482675366787883e-22,6.488253149318574e-22,6.493830913315375e-22,6.499408658778715e-22,6.504986385708881e-22,6.510564094106369e-22,6.5161417839714e-22,6.521719455304064e-22,6.527297108104867e-22,6.532874742374093e-22,6.53845235811206e-22,6.5440296443908e-22,6.549606906827576e-22,6.5551844669758e-22,6.560762008594058e-22,6.566339531682654e-22,6.571917044975246e-22,6.577494531319433e-22,6.583071998820884e-22,6.588649447793938e-22,6.594226879999889e-22,6.5998042919263985e-22,6.60538168531614e-22,6.610959061409738e-22,6.616536417745715e-22,6.622113755555191e-22,6.627691074838435e-22,6.633268375595832e-22,6.638845657827778e-22,6.644422921894316e-22,6.65000016707611e-22,6.655577394936977e-22,6.66115460531377e-22,6.666731794922802e-22,6.672308966008197e-22,6.677886118570238e-22,6.683463252609422e-22,6.689040368125936e-22,6.69461746512007e-22,6.700194543592043e-22,6.705771603542324e-22,6.711348644971225e-22,6.71692566402884e-22,6.722502670062529e-22,6.728079655928773e-22,6.733656623275286e-22,6.739233572102063e-22,6.744810502410011e-22,6.750387414198016e-22,6.755964307335449e-22,6.761541182085943e-22,6.767118038318521e-22,6.7726948760329755e-22,6.778271695230039e-22,6.7838484959096715e-22,6.789425278072595e-22,6.795002041718599e-22,6.800578789118231e-22,6.806155515731961e-22,6.811732223830062e-22,6.817308913412752e-22,6.822885584480466e-22,6.828462235235916e-22,6.834038869274479e-22,6.839615484799048e-22,6.845192081809827e-22,6.850768660307023e-22,6.856345220313138e-22,6.861921712577915e-22,6.867498235747994e-22,6.873074740194825e-22,6.878651226129785e-22,6.884227693553173e-22,6.8898041426269555e-22,6.895380573028292e-22,6.900956995951056e-22,6.906533382385945e-22,6.91210975725035e-22,6.917686113611117e-22,6.923262451462546e-22,6.928838770804974e-22,6.934415071638794e-22,6.939991353597476e-22,6.94556761741469e-22,6.9511438627243275e-22,6.956720089526367e-22,6.9622962978213225e-22,6.967872488201607e-22,6.9734486594832e-22,6.979024812322767e-22,6.984600946592569e-22,6.990177062356818e-22,6.995753159615699e-22,7.001329238369772e-22,7.006905298619366e-22,7.012481340364651e-22,7.018057363606014e-22,7.023633368349891e-22,7.029209354584365e-22,7.034785322315935e-22,7.040361271544759e-22,7.045937202271113e-22,7.051513114493783e-22,7.057089008216552e-22,7.062664884254497e-22,7.068240740974752e-22,7.073816579194263e-22,7.079392398703389e-22,7.084968199922347e-22,7.0905439826413175e-22,7.096119746861081e-22,7.101695492581536e-22,7.107271219803167e-22,7.112846928526107e-22,7.118422618750932e-22,7.1239979785688955e-22,7.129573631799201e-22,7.135149266532332e-22,7.140724882768461e-22,7.146300480507993e-22,7.151876049703642e-22,7.157451610451047e-22,7.163027151854733e-22,7.168602675610937e-22,7.174178180872113e-22,7.179753667638495e-22,7.185329135910507e-22,7.190904585688369e-22,7.1964800170714185e-22,7.202055429831973e-22,7.207630824129283e-22,7.213206202556388e-22,7.21878155986842e-22,7.224356898688312e-22,7.229932229723771e-22,7.235507531560269e-22,7.2410828149055115e-22,7.2466580797596375e-22,7.25223332612364e-22,7.2578082446122165e-22,7.263383153590796e-22,7.26895834448653e-22,7.274533516893165e-22,7.280108670810373e-22,7.285683806239023e-22,7.291258923179303e-22,7.296834021631521e-22,7.302409101596014e-22,7.307984163073062e-22,7.313559206063045e-22,7.319134230566069e-22,7.324709236582707e-22,7.330284224113156e-22,7.335859193157841e-22,7.341434143716979e-22,7.347009075790797e-22,7.352583989379834e-22,7.358158884484038e-22,7.36373376110402e-22,7.369308619239988e-22,7.374883458892453e-22,7.380458232813987e-22,7.386032986200416e-22,7.391607770218106e-22,7.397182535939356e-22,7.402757284554024e-22,7.408331947457095e-22,7.413906657721636e-22,7.419481347131287e-22,7.4250560204457565e-22,7.430630675289848e-22,7.436205311643718e-22,7.441779929456963e-22,7.447354528851604e-22,7.452929109766952e-22,7.458503672203489e-22,7.464078216161377e-22,7.469652741641004e-22,7.4752272486426655e-22,7.480801737166916e-22,7.486376207213692e-22,7.491950658783383e-22,7.49752509187658e-22,7.503099506493323e-22,7.508673902634213e-22,7.514248260339979e-22,7.5198226221166e-22,7.525396963246361e-22,7.530971285486395e-22,7.536545589251803e-22,7.542119854876706e-22,7.547694121694152e-22,7.55326837003823e-22,7.558842599909277e-22,7.564416811062593e-22,7.569991003987886e-22,7.575565178441214e-22,7.581139334422702e-22,7.586713469039526e-22,7.592287587220426e-22,7.597861687788325e-22,7.603435769885096e-22,7.609009833511598e-22,7.614583878668042e-22,7.620157905354849e-22,7.625731913572173e-22,7.631305903347514e-22,7.636879874627025e-22,7.642453827438107e-22,7.648027761780996e-22,7.653601677656401e-22,7.659175575063841e-22,7.664749454004476e-22,7.670323314478188e-22,7.675897156485233e-22,7.681470980026198e-22,7.687044785101382e-22,7.692618571688338e-22,7.69819233983273e-22,7.703766089511849e-22,7.7093398207265775e-22,7.714913533476908e-22,7.720487227769049e-22,7.726060903597706e-22,7.731634560956984e-22,7.73720819985321e-22,7.742781820270028e-22,7.748355422240879e-22,7.753929005749993e-22,7.759502570797205e-22,7.765076117382761e-22,7.770649645507295e-22,7.776223155170945e-22,7.781796646374139e-22,7.787370119117145e-22,7.792943573400189e-22,7.798517009223757e-22,7.804090426587919e-22,7.809663825493202e-22,7.815237205939844e-22,7.8208105679282745e-22,7.826383911458774e-22,7.831957236531611e-22,7.837530543147095e-22,7.843103831305395e-22,7.84867710100705e-22,7.854250352252247e-22,7.859823585058482e-22,7.865396799391107e-22,7.870969994851243e-22,7.876543172274275e-22,7.882116331242216e-22,7.887689475233043e-22,7.893262597416057e-22,7.898835701021095e-22,7.904408785967703e-22,7.909981852483943e-22,7.9155549007246235e-22,7.921127930517547e-22,7.926700941858271e-22,7.9322739347470445e-22,7.937846909183946e-22,7.943419865169791e-22,7.948992802704398e-22,7.9545657217884535e-22,7.96013862242218e-22,7.9657115046057705e-22,7.971284368339417e-22,7.9768572136237805e-22,7.982430040459001e-22,7.988002848845397e-22,7.993575638783113e-22,7.999148410272853e-22,8.004721163314532e-22,8.010293897908951e-22,8.015866621637956e-22,8.021439319338275e-22,8.027011997967299e-22,8.032584658774521e-22,8.038157301234066e-22,8.04372992514962e-22,8.049302530619735e-22,8.05487511764497e-22,8.060447686225438e-22,8.066020218737461e-22,8.071592750429414e-22,8.077165263677907e-22,8.082737758482854e-22,8.0883102348446565e-22,8.093882692763548e-22,8.099455132239916e-22,8.105027553419066e-22,8.110599956011564e-22,8.11617234016252e-22,8.121744705872112e-22,8.127317053141015e-22,8.132889381969033e-22,8.138461692356981e-22,8.144033984304863e-22,8.149606257813049e-22,8.155178512881994e-22,8.160750749511792e-22,8.166322967703065e-22,8.171895167456105e-22,8.177467348770878e-22,8.183039511647978e-22,8.188611656087623e-22,8.194183780335932e-22,8.199755887901647e-22,8.205327977024444e-22,8.210900047717331e-22,8.216472099974554e-22,8.222044133850805e-22,8.227616149237169e-22,8.233188146679437e-22,8.238760131139166e-22,8.244332091193482e-22,8.249904032812775e-22,8.25547595602802e-22,8.26104785650611e-22,8.266619742854911e-22,8.272191610828251e-22,8.277763460311977e-22,8.283335291363448e-22,8.288907104449056e-22,8.294478898639843e-22,8.30005067433929e-22,8.30562243166589e-22,8.3111941705768415e-22,8.316765891041227e-22,8.322337593077052e-22,8.327909276683453e-22,8.333480941860558e-22,8.339052588608753e-22,8.344624173939336e-22,8.350195783833163e-22,8.355767375296485e-22,8.361338948803612e-22,8.366910503413821e-22,8.372482039562916e-22,8.37805355731771e-22,8.3836251005113495e-22,8.389196581360417e-22,8.39476804544805e-22,8.400339489505633e-22,8.40591091513149e-22,8.411482322339636e-22,8.417053711116231e-22,8.422625081468845e-22,8.4281964333973e-22,8.433767766902389e-22,8.439339081984365e-22,8.444910374580548e-22,8.450481647149566e-22,8.456052900830554e-22,8.4616241422219195e-22,8.467195365220268e-22,8.472766569769486e-22,8.478337755897818e-22,8.483908923605145e-22,8.489480072892265e-22,8.495051203759425e-22,8.500622316206769e-22,8.5061934102346e-22,8.511764485843313e-22,8.51733554303319e-22,8.522906581804642e-22,8.528477602157937e-22,8.534048604093228e-22,8.539619587611198e-22,8.545190552711854e-22,8.550761499395549e-22,8.556332427662477e-22,8.561903337513405e-22,8.567474228948152e-22,8.573045101967382e-22,8.578615956571347e-22,8.584186792760141e-22,8.58975761053444e-22,8.595328409894128e-22,8.600899190840049e-22,8.606469953371921e-22,8.612040697490382e-22,8.61761142319567e-22,8.623182130488344e-22,8.628752819368546e-22,8.634323489836365e-22,8.639894141892537e-22,8.645464775536991e-22,8.651035392960457e-22,8.656605990308324e-22,8.66217656872016e-22,8.667747128721823e-22,8.673317670313314e-22,8.678888193495105e-22,8.684458698267717e-22,8.69002918463109e-22,8.69559965258588e-22,8.701170102132216e-22,8.706740533270604e-22,8.712310946001025e-22,8.717881340324014e-22,8.723451716240015e-22,8.729022073749063e-22,8.734592412851762e-22,8.740162733548194e-22,8.745733035838946e-22,8.751303319723817e-22,8.756873585203478e-22,8.762443832278206e-22,8.768014060948296e-22,8.773584271214356e-22,8.779154469856998e-22,8.784724650786057e-22,8.790294811914105e-22,8.795864957161571e-22,8.801435075410565e-22,8.807005180949233e-22,8.812575268018962e-22,8.818145334766178e-22,8.823715379407365e-22,8.829285405647726e-22,8.83485541348687e-22,8.84042538843469e-22,8.845995358944652e-22,8.85156531158327e-22,8.857135290839557e-22,8.86270520667936e-22,8.868275104120157e-22,8.873844983162579e-22,8.879414843806588e-22,8.884984686052444e-22,8.890554509900642e-22,8.896124315368682e-22,8.901694102422524e-22,8.90726387107955e-22,8.91283362133478e-22,8.91840335319948e-22,8.92397306666837e-22,8.92954276174184e-22,8.935112451779554e-22,8.940682110061663e-22,8.946251750654354e-22,8.951821374472e-22,8.957390977572776e-22,8.962960562279918e-22,8.96853012859381e-22,8.974099676514817e-22,8.979669206042954e-22,8.985238717178952e-22,8.990808209920437e-22,8.99637768427274e-22,9.001947140891124e-22,9.007516578460975e-22,9.013085997640165e-22,9.018655398429029e-22,9.024224780827604e-22,9.029794144836245e-22,9.03536349045545e-22,9.04093281768571e-22,9.046502126526804e-22,9.052071416970866e-22,9.05764068902546e-22,9.063209942691649e-22,9.068779177969686e-22,9.0743483947707e-22,9.079917593183428e-22,9.085486773208004e-22,9.091055934845702e-22,9.096625078096547e-22,9.102194202961297e-22,9.107763309440467e-22,9.113332397534266e-22,9.11890146724341e-22,9.12447051867391e-22,9.130039551720177e-22,9.135608566382521e-22,9.141177562661432e-22,9.14674654055726e-22,9.15231550007016e-22,9.157884441200457e-22,9.16345336394845e-22,9.169022268314627e-22,9.174591154299062e-22,9.180160021902662e-22,9.185728871124771e-22,9.19129770196653e-22,9.196866514427825e-22,9.2024353085091e-22,9.208004084210686e-22,9.213572841532519e-22,9.219141580475513e-22,9.224710301039878e-22,9.230279003225692e-22,9.235847687033037e-22,9.241416352462777e-22,9.246984999514767e-22,9.252553628189704e-22,9.258122238487825e-22,9.263690830409203e-22,9.26925940395462e-22,9.274827959124106e-22,9.280396495917718e-22,9.285965014336497e-22,9.291533514379883e-22,9.297101996048661e-22,9.302670459343212e-22,9.308238904263614e-22,9.313807330810114e-22,9.319375738983209e-22,9.3249441287833e-22,9.33051250021055e-22,9.336080853265206e-22,9.341649187947953e-22,9.347217504258707e-22,9.352785802197824e-22,9.358354081765788e-22,9.363922342962978e-22,9.369490585789662e-22,9.375058810245888e-22,9.380627016332154e-22,9.386195204048617e-22,9.391763373395815e-22,9.397331524374116e-22,9.40289965698378e-22,9.408467771224935e-22,9.414035867049122e-22,9.419603945053996e-22,9.425172004191815e-22,9.430740044962492e-22,9.436308067366304e-22,9.4418760714038e-22,9.447444057074882e-22,9.453012024380207e-22,9.458579973319956e-22,9.464147903894516e-22,9.469715816104006e-22,9.475283709948828e-22,9.480851585429362e-22,9.486419442545828e-22,9.491987281298844e-22,9.497555101688376e-22,9.503122903714946e-22,9.508690687378799e-22,9.514258452680065e-22,9.519826199619648e-22,9.52539392819719e-22,9.53096163841335e-22,9.53652933026814e-22,9.542097003762046e-22,9.54766465889566e-22,9.553232295668858e-22,9.55879991408208e-22,9.564367514136137e-22,9.569935095830722e-22,9.575502659166132e-22,9.581070204143072e-22,9.586637730761664e-22,9.5922052390225e-22,9.597772728925353e-22,9.603340200470916e-22,9.608907653659454e-22,9.614475088491014e-22,9.62004250496626e-22,9.625609903085293e-22,9.631177282848678e-22,9.636744644256286e-22,9.64231198730884e-22,9.64787931200646e-22,9.653446618349664e-22,9.65901390633848e-22,9.664581175973524e-22,9.670148427255045e-22,9.67571566018311e-22,9.681282892562762e-22,9.686850088785801e-22,9.692417266732772e-22,9.697984426247544e-22,9.703551567413772e-22,9.70911869019258e-22,9.714685794656299e-22,9.720252880769084e-22,9.725819948531376e-22,9.731386997943631e-22,9.736954029006363e-22,9.742521041719006e-22,9.748088036082627e-22,9.753655012097491e-22,9.75922196976356e-22,9.764788909081397e-22,9.770355830051518e-22,9.775922732673754e-22,9.781489616948803e-22,9.787056482876784e-22,9.792623330458171e-22,9.798190159692788e-22,9.803756970581727e-22,9.809323763124763e-22,9.814890537322374e-22,9.820457293174737e-22,9.826024030682092e-22,9.831590749845228e-22,9.837157450664127e-22,9.842724133139243e-22,9.848290797270667e-22,9.853857443058894e-22,9.859424070504328e-22,9.86499067960752e-22,9.870557270368016e-22,9.876123842786514e-22,9.881690396863295e-22,9.887256932598397e-22,9.892823449992765e-22,9.89838994904621e-22,9.90395643073581e-22,9.909522893995084e-22,9.915089338830397e-22,9.920655765259787e-22,9.926222173286347e-22,9.931788562895934e-22,9.937354934048613e-22,9.942921286825828e-22,9.948487621178445e-22,9.95405393710511e-22,9.959620234623795e-22,9.965186513702574e-22,9.970752774367177e-22,9.976319016642902e-22,9.981885240477609e-22,9.987451445904215e-22,9.9930176329394e-22,9.998583801558122e-22,1.0004149951745854e-21,1.000971608353631e-21,1.0015282196926695e-21,1.0020848291882449e-21,1.0026414368452762e-21,1.0031980426644836e-21,1.003754646642049e-21,1.0043112487786754e-21,1.004867849074194e-21,1.0054244475294753e-21,1.0059810441444481e-21,1.0065376389186814e-21,1.0070942318540823e-21,1.0076508229468443e-21,1.008207412200992e-21,1.0087639996143025e-21,1.0093205851887956e-21,1.009877168923609e-21,1.0104337508180969e-21,1.0109903308728134e-21,1.0115469090872244e-21,1.0121034854610508e-21,1.0126600599983265e-21,1.0132166326942043e-21,1.0137732035506404e-21,1.0143297725689083e-21,1.014886339747445e-21,1.0154429050876016e-21,1.0159994685882971e-21,1.0165560302494442e-21,1.0171125900719281e-21,1.0176691480546707e-21,1.0182257042007368e-21,1.0187822585077827e-21,1.0193388109756213e-21,1.0198953616025464e-21,1.0204519106822142e-21,1.0210084579295227e-21,1.0215650033445885e-21,1.0221215469273917e-21,1.0226780886779636e-21,1.0232346285963477e-21,1.0237911666825882e-21,1.0243477029366685e-21,1.0249042373586863e-21,1.0254607699486408e-21,1.0260173007079906e-21,1.026573828172811e-21,1.027130355266823e-21,1.0276868808210716e-21,1.0282434042511504e-21,1.028799925842821e-21,1.0293564442102914e-21,1.029912962144851e-21,1.0304694767413518e-21,1.0310259887577707e-21,1.031582500000595e-21,1.032139008830008e-21,1.032695516457325e-21,1.033252020564531e-21,1.0338085256774386e-21,1.0343650289586214e-21,1.0349215304082878e-21,1.0354780300264501e-21,1.0360345278131697e-21,1.036591023768416e-21,1.037147517892266e-21,1.037704010184735e-21,1.0382605006458913e-21,1.038816989275707e-21,1.039373476074245e-21,1.0399299610415448e-21,1.0404864441776028e-21,1.041042925482495e-21,1.0415994049561995e-21,1.0421558825987936e-21,1.042712358410294e-21,1.0432688323907342e-21,1.0438253045401472e-21,1.0443817748585431e-21,1.0449382433459904e-21,1.0454947100024833e-21,1.046051174828086e-21,1.0466076378228235e-21,1.0471640989867064e-21,1.0477205583197531e-21,1.048277015822045e-21,1.0488334714935905e-21,1.0493899253344224e-21,1.0499463773445722e-21,1.0505028275240446e-21,1.0510592758728967e-21,1.0516157223911392e-21,1.052172167078829e-21,1.0527286099359917e-21,1.0532850509626794e-21,1.0538414901588876e-21,1.0543979303776668e-21,1.0549543652552752e-21,1.0555107989602824e-21,1.0560672308333704e-21,1.0566236608697702e-21,1.057180089084143e-21,1.0577365154670248e-21,1.0582929400191835e-21,1.0588493627425907e-21,1.0594057836358328e-21,1.059962202698968e-21,1.0605186199334124e-21,1.0610750362766426e-21,1.0616314498542153e-21,1.062187861575373e-21,1.0627442714883489e-21,1.0633006795714163e-21,1.0638570858224623e-21,1.0644134901962328e-21,1.0649698926966218e-21,1.0655262934605547e-21,1.0660826925416591e-21,1.066639091927905e-21,1.0671954872000654e-21,1.067751880644748e-21,1.0683082760430996e-21,1.0688646658285121e-21,1.069421057399443e-21,1.0699774435256878e-21,1.0705338278224143e-21,1.0710902102896338e-21,1.0716465909273917e-21,1.0722029697357227e-21,1.072759346714636e-21,1.0733157218641633e-21,1.0738720951843987e-21,1.0744284666753007e-21,1.0749848363369174e-21,1.0755412041693065e-21,1.0760975701724725e-21,1.0766539343464602e-21,1.0772102966912806e-21,1.0777666572069826e-21,1.0783230158936285e-21,1.0788793727511895e-21,1.0794357277797742e-21,1.0799920809792895e-21,1.0805484323498766e-21,1.0811047818915273e-21,1.0816611296042433e-21,1.0822174754881248e-21,1.0827738195431433e-21,1.083330161769378e-21,1.0838865021668362e-21,1.084442840735541e-21,1.0849991774755334e-21,1.0855555123868609e-21,1.0861118454694977e-21,1.0866681767235322e-21,1.0872245061489799e-21,1.0877808337458748e-21,1.0883371595142296e-21,1.0888934834541094e-21,1.089449805565496e-21,1.0900061258484792e-21,1.0905624443030655e-21,1.0911187609292618e-21,1.0916750757271247e-21,1.0922313886966908e-21,1.0927876998379406e-21,1.0933440091509846e-21,1.0939003166358003e-21,1.0944566222924299e-21,1.0950129261209267e-21,1.0955692281212835e-21,1.0961255282935721e-21,1.0966818266377951e-21,1.0972381231539822e-21,1.0977944178422233e-21,1.098350710702464e-21,1.0989070017347774e-21,1.0994632909391848e-21,1.100019578315697e-21,1.1005758638644236e-21,1.1011321475853154e-21,1.1016884294784303e-21,1.102244709543826e-21,1.1028009877815064e-21,1.1033572641914782e-21,1.1039135387738017e-21,1.104469811528511e-21,1.1050260824556518e-21,1.1055823515552182e-21,1.1061386188272583e-21,1.1066948842718055e-21,1.1072511478889114e-21,1.1078074096785594e-21,1.108363669640818e-21,1.10891992777572e-21,1.109476184083252e-21,1.1100324385635104e-21,1.1105886912164712e-21,1.1111449420421791e-21,1.1117011910406996e-21,1.112257438212032e-21,1.1128136835562216e-21,1.1133699270733045e-21,1.113926168763274e-21,1.1144824086261852e-21,1.1150386466620954e-21,1.115594882871002e-21,1.11615111725293e-21,1.1167073498079716e-21,1.1172635805360753e-21,1.1178198094373144e-21,1.1183760365117181e-21,1.1189322617593267e-21,1.1194884851801466e-21,1.120044706774226e-21,1.120600926541588e-21,1.1211571444822739e-21,1.121713360596294e-21,1.1222695748836962e-21,1.1228257873445208e-21,1.1233819979788119e-21,1.1239382067865403e-21,1.1244944137677878e-21,1.125050618922589e-21,1.1256068222509298e-21,1.1261630237528841e-21,1.1267192234284798e-21,1.1272754212777565e-21,1.1278316173007038e-21,1.1283878114973555e-21,1.1289440038677883e-21,1.1295001944120088e-21,1.1300563831300335e-21,1.1306125700218964e-21,1.1311687550876587e-21,1.1317249383273141e-21,1.1322811197409336e-21,1.1328372993285409e-21,1.1333934770901402e-21,1.1339496530257752e-21,1.1345058271514182e-21,1.1350619994512396e-21,1.135618169925188e-21,1.1361743385734416e-21,1.1367305053958997e-21,1.1372866703926491e-21,1.1378428335637383e-21,1.1383989949091343e-21,1.1389551544289343e-21,1.1395113121231454e-21,1.1400674679917804e-21,1.1406236220348915e-21,1.1411797742525507e-21,1.1417359246447084e-21,1.1422920732114746e-21,1.14284821995285e-21,1.1434043648688638e-21,1.1439605079595348e-21,1.1445166492248946e-21,1.145072788665019e-21,1.1456289262626523e-21,1.1461850620187612e-21,1.1467411959671323e-21,1.1472973280890577e-21,1.147853458385747e-21,1.1484095868573206e-21,1.1489657133607307e-21,1.149521838182287e-21,1.1500779611771836e-21,1.1506340822464048e-21,1.1511902015907811e-21,1.1517463191120723e-21,1.1523024348084803e-21,1.1528585486799558e-21,1.1534146607265393e-21,1.1539707709483173e-21,1.15452687934527e-21,1.1550829859174584e-21,1.1556390906649205e-21,1.1561951935876355e-21,1.1567512946856856e-21,1.1573073939590684e-21,1.1578634914078597e-21,1.1584195870320637e-21,1.158975680831689e-21,1.159531772806804e-21,1.1600878629574102e-21,1.1606439512829813e-21,1.1612000377846288e-21,1.161756122461955e-21,1.1623122053148797e-21,1.1628682863434673e-21,1.1634243655477325e-21,1.163980442927752e-21,1.164536518483524e-21,1.1650925922150429e-21,1.1656486641241619e-21,1.1662047342074932e-21,1.166760802466571e-21,1.1673168689015828e-21,1.1678729335125224e-21,1.1684289962994767e-21,1.1689850572405258e-21,1.169541116379473e-21,1.1700971750082911e-21,1.1706532304994695e-21,1.1712092841667023e-21,1.1717653360101282e-21,1.1723213860297137e-21,1.1728774342258983e-21,1.1734334805979552e-21,1.173989525168234e-21,1.1745455678929052e-21,1.1751016087939115e-21,1.1756576478713186e-21,1.1762136856583035e-21,1.176769721088555e-21,1.1773257546952828e-21,1.1778817865578754e-21,1.1784378165179992e-21,1.1789938446543174e-21,1.1795498709665984e-21,1.180105895456141e-21,1.180661918122344e-21,1.181217938965229e-21,1.1817739579848297e-21,1.1823299751811994e-21,1.1828859905543277e-21,1.18344200410424e-21,1.183998015831066e-21,1.1845540257347279e-21,1.1851100288020065e-21,1.185666035059542e-21,1.186222039494038e-21,1.1867780421055432e-21,1.187334012643975e-21,1.1878900115980515e-21,1.1884460087408362e-21,1.1890020040506e-21,1.189557997547687e-21,1.1901139892219464e-21,1.1906699790734642e-21,1.1912259669390089e-21,1.1917819531450227e-21,1.1923379375283506e-21,1.1928939200890086e-21,1.1934499008270479e-21,1.194005873501608e-21,1.1945618505945285e-21,1.1951178264055792e-21,1.1956737998534617e-21,1.1962297714788858e-21,1.1967857412721654e-21,1.197341710126871e-21,1.1978976762850711e-21,1.19845364062093e-21,1.1990096030346448e-21,1.1995655637258945e-21,1.2001215225948941e-21,1.200677479635073e-21,1.2012334348596695e-21,1.2017893882621028e-21,1.2023453398416098e-21,1.2029012895998046e-21,1.203457237535982e-21,1.2040131836501222e-21,1.204569127942232e-21,1.205125070412376e-21,1.205681011060612e-21,1.2062369498869155e-21,1.2067928868913424e-21,1.2073488220739266e-21,1.2079047554347194e-21,1.2084606869737263e-21,1.2090166166909526e-21,1.20957254458537e-21,1.2101284706592049e-21,1.210684394911361e-21,1.2112403173419294e-21,1.2117962379508514e-21,1.2123521567272835e-21,1.2129080736859044e-21,1.2134639888302716e-21,1.2140199021531246e-21,1.2145758136545483e-21,1.2151317233345646e-21,1.2156876311932205e-21,1.2162435372305295e-21,1.2167994414465143e-21,1.2173553438411856e-21,1.2179112444146317e-21,1.2184671431668625e-21,1.219023040097914e-21,1.2195789352077767e-21,1.2201348284965137e-21,1.2206907199641887e-21,1.2212466096107494e-21,1.2218024973248377e-21,1.2223583833293859e-21,1.2229142677356289e-21,1.2234701191057238e-21,1.224025999647544e-21,1.2245818783684999e-21,1.2251377552685619e-21,1.2256936303478406e-21,1.2262495035809653e-21,1.2268053747358872e-21,1.2273612443528638e-21,1.2279171121492053e-21,1.2284729781248203e-21,1.2290288421801876e-21,1.2295847045159925e-21,1.2301405650298387e-21,1.2306964237231285e-21,1.231252281439475e-21,1.2318081364917767e-21,1.2323639892902507e-21,1.2329198407016542e-21,1.2334756902927643e-21,1.2340315380635023e-21,1.2345873840139293e-21,1.235143228144022e-21,1.2356990704538985e-21,1.2362549109435273e-21,1.2368107496129619e-21,1.2373665864622302e-21,1.2379224214913441e-21,1.2384782547004092e-21,1.239034086363074e-21,1.2395899159115195e-21,1.2401457444763349e-21,1.2407015704052702e-21,1.2412573945142585e-21,1.2418132168518809e-21,1.2423690373211761e-21,1.2429248559705382e-21,1.2434806728000557e-21,1.2440364878097655e-21,1.2445923009997047e-21,1.2451481123699484e-21,1.2457039219204755e-21,1.246259729651325e-21,1.2468155355625452e-21,1.2473713396541862e-21,1.2479271419262547e-21,1.248482942378774e-21,1.2490387410117718e-21,1.24959453782528e-21,1.2501503328193815e-21,1.2507061259940596e-21,1.251261917349271e-21,1.2518177068851957e-21,1.2523734946017974e-21,1.2529292804990856e-21,1.2534850645771465e-21,1.2540408468359472e-21,1.2545966272755438e-21,1.2551524058959787e-21,1.2557081826972633e-21,1.256263957679474e-21,1.2568197308406465e-21,1.2573755021835851e-21,1.257931271709768e-21,1.2584870394158568e-21,1.2590428053029936e-21,1.2595985693712038e-21,1.2601543316053147e-21,1.2607100920357797e-21,1.2612658503578537e-21,1.2618216071351352e-21,1.2623773699780885e-21,1.2629331231350823e-21,1.263488874473386e-21,1.264044624007935e-21,1.264600371723809e-21,1.2651561176209693e-21,1.265711861699484e-21,1.2662676039593937e-21,1.2668233444006952e-21,1.2673790830234768e-21,1.267934819827728e-21,1.268490554813514e-21,1.269046287980854e-21,1.269602019329755e-21,1.2701577488602792e-21,1.2707134765724439e-21,1.2712692024662907e-21,1.2718249265418798e-21,1.2723806487991774e-21,1.2729363692383042e-21,1.2734920878591589e-21,1.2740478046619443e-21,1.2746035196465823e-21,1.2751592328130903e-21,1.2757149441615797e-21,1.276270653691962e-21,1.2768263614043735e-21,1.2773820672987982e-21,1.2779377713753071e-21,1.2784934736338967e-21,1.2790491740594444e-21,1.2796048726671701e-21,1.2801605694571434e-21,1.2807162644293688e-21,1.2812719575838967e-21,1.2818276489207648e-21,1.2823833384399792e-21,1.282939026141606e-21,1.2834947120256139e-21,1.2840503960920404e-21,1.2846060783409727e-21,1.2851617587724162e-21,1.2857174373864124e-21,1.2862731141829288e-21,1.2868287891621058e-21,1.2873844623239072e-21,1.2879401336683537e-21,1.2884958031954995e-21,1.2890514709053732e-21,1.28960713679802e-21,1.2901628008734346e-21,1.2907184631316878e-21,1.2912741235727853e-21,1.2918297821967634e-21,1.292385439003663e-21,1.2929410939935054e-21,1.2934967471662992e-21,1.2940523985221422e-21,1.294608048060969e-21,1.2951636957829223e-21,1.2957193416879226e-21,1.2962749857760951e-21,1.2968306280473876e-21,1.2973862685018889e-21,1.2979419071396394e-21,1.2984975439606045e-21,1.2990531789649078e-21,1.2996088121525002e-21,1.3001644435234396e-21,1.3007200730777681e-21,1.3012757008154835e-21,1.301831326736628e-21,1.3023869508412718e-21,1.3029425731294133e-21,1.3034981936010766e-21,1.304053812256327e-21,1.304609429095154e-21,1.3051650441176391e-21,1.3057206573237382e-21,1.3062762687135299e-21,1.3068318782870497e-21,1.3073874860443257e-21,1.3079430919853837e-21,1.3084986961102627e-21,1.3090542984189748e-21,1.3096098989115522e-21,1.3101654975880451e-21,1.3107210944484973e-21,1.3112766894928858e-21,1.3118322827234046e-21,1.3123878741358509e-21,1.3129434637323306e-21,1.313499051512902e-21,1.3140546374776266e-21,1.3146102216264745e-21,1.315165803959524e-21,1.3157213844768024e-21,1.3162769631782942e-21,1.3168325400641e-21,1.31738811513422e-21,1.3179436883886692e-21,1.3184992598274867e-21,1.319054829450717e-21,1.3196103972583658e-21,1.3201659632504932e-21,1.3207215274270835e-21,1.3212770897882448e-21,1.3218326503339189e-21,1.3223882090642116e-21,1.3229437659790384e-21,1.3234993210785941e-21,1.3240548743628192e-21,1.3246104258317752e-21,1.325165975485465e-21,1.3257215233239606e-21,1.3262770693472128e-21,1.326832613555307e-21,1.3273881559482705e-21,1.327943696526142e-21,1.3284992352889307e-21,1.3290547722367093e-21,1.3296103073694679e-21,1.3301658406872293e-21,1.3307213721900778e-21,1.3312769018779864e-21,1.3318324297510559e-21,1.3323879558092087e-21,1.3329434800526203e-21,1.3334990024811563e-21,1.3340545230949883e-21,1.3346100418940611e-21,1.335165558878451e-21,1.3357210740481514e-21,1.3362765874032397e-21,1.3368320989437002e-21,1.3373876086668205e-21,1.337943120049417e-21,1.3384986261462554e-21,1.3390541340023063e-21,1.3396096364702143e-21,1.3401651370805163e-21,1.3407206382295417e-21,1.3412761353809461e-21,1.3418316305662629e-21,1.3423871278791742e-21,1.3429426194374213e-21,1.3434981091615321e-21,1.3440535970768555e-21,1.344609083345415e-21,1.3451645699008987e-21,1.3457200524119022e-21,1.3462755331064468e-21,1.3468310119892876e-21,1.3473864890581214e-21,1.3479419643127413e-21,1.3484974377536272e-21,1.349052909380565e-21,1.3496083791944564e-21,1.3501638472002263e-21,1.350719313376386e-21,1.3512747777479515e-21,1.351830243239136e-21,1.352385703983221e-21,1.352941162913546e-21,1.3534966200302283e-21,1.3540520753332597e-21,1.3546075288226876e-21,1.3551629804985322e-21,1.3557184303608023e-21,1.3562738784095962e-21,1.3568293246448478e-21,1.3573847690666842e-21,1.3579402116751046e-21,1.358495652470076e-21,1.3590510914517449e-21,1.3596065286200534e-21,1.3601619639750284e-21,1.36071739751676e-21,1.3612728292452215e-21,1.3618282591605129e-21,1.3623836872625816e-21,1.362939113551513e-21,1.3634945380273352e-21,1.3640499606901006e-21,1.364605381539797e-21,1.3651608005764605e-21,1.3657162178000898e-21,1.366271633210787e-21,1.3668270468085825e-21,1.3673824585934383e-21,1.3679378685654584e-21,1.3684932767246291e-21,1.3690486830709789e-21,1.3696040876045345e-21,1.3701594903253744e-21,1.3707148887558089e-21,1.3712702861007556e-21,1.3718256819890216e-21,1.37238107626998e-21,1.3729364699490311e-21,1.373491861460986e-21,1.3740472498853963e-21,1.3746026381059581e-21,1.3751580246356917e-21,1.3757134092319416e-21,1.3762687926092542e-21,1.3768241735812844e-21,1.3773795512596183e-21,1.3779349269366782e-21,1.3784903024700633e-21,1.3790456761912298e-21,1.3796010481001869e-21,1.3801564181969157e-21,1.3807117864814865e-21,1.3812671529539603e-21,1.381822517614323e-21,1.3823778804626127e-21,1.3829332414988674e-21,1.3834886007231238e-21,1.384043958135432e-21,1.3845993134909266e-21,1.385154667039975e-21,1.3857100187838607e-21,1.3862653687248852e-21,1.3868207168601265e-21,1.3873760631924044e-21,1.3879314077203398e-21,1.3884867504448311e-21,1.3890420913648577e-21,1.389597430482703e-21,1.3901527677943194e-21,1.3907081033050398e-21,1.3912634370100501e-21,1.3918187689128266e-21,1.3923740990153743e-21,1.3929294273105893e-21,1.39348475380325e-21,1.3940400784921322e-21,1.3945954013790237e-21,1.3951507224632149e-21,1.395706041744814e-21,1.396261359223249e-21,1.3968166748980734e-21,1.3973719887733857e-21,1.3979273008435657e-21,1.3984826111129404e-21,1.3990379195805534e-21,1.3995932262449662e-21,1.400148531107975e-21,1.400703834167589e-21,1.401259135427554e-21,1.401814434883272e-21,1.4023697325421799e-21,1.4029250283956554e-21,1.4034803224467754e-21,1.4040356146970036e-21,1.4045909051435386e-21,1.4051461937942228e-21,1.4057014806406922e-21,1.4062567655994757e-21,1.406812048747552e-21,1.4073673300849323e-21,1.407922609611724e-21,1.4084778873278663e-21,1.4090331632334562e-21,1.409588437329869e-21,1.4101437096143388e-21,1.410698980088383e-21,1.411254248751951e-21,1.4118095156050938e-21,1.4123647806478395e-21,1.4129200438802292e-21,1.4134753053022561e-21,1.4140305649139928e-21,1.414585822715475e-21,1.4151410787033263e-21,1.4156963328843599e-21,1.4162515852552065e-21,1.4168068358159255e-21,1.417362084566488e-21,1.4179173315070184e-21,1.4184725766374435e-21,1.4190278199579012e-21,1.4195830614683245e-21,1.4201383011687827e-21,1.4206935390593478e-21,1.4212487751399725e-21,1.4218040101317955e-21,1.4223592433288707e-21,1.422914474734533e-21,1.4234697043475745e-21,1.42402493217873e-21,1.4245801576549615e-21,1.4251353813227056e-21,1.4256906031821725e-21,1.4262458229750781e-21,1.426801040958446e-21,1.4273562571321985e-21,1.4279114714964342e-21,1.4284666840511684e-21,1.4290218947964725e-21,1.4295771037323129e-21,1.4301323108587297e-21,1.4306875161757876e-21,1.4312427196834984e-21,1.4317979213819026e-21,1.4323531212710091e-21,1.4329083193508402e-21,1.4334635156214976e-21,1.4340187100829261e-21,1.4345739027352589e-21,1.4351290935784183e-21,1.4356842826124888e-21,1.4362394698375004e-21,1.4367946552534692e-21,1.4373498388604355e-21,1.4379050206584387e-21,1.4384602006474807e-21,1.4390153788276386e-21,1.4395705551989002e-21,1.4401257297613332e-21,1.440680902561343e-21,1.4412360740331898e-21,1.4417912427721744e-21,1.442346410431677e-21,1.442901575950328e-21,1.4434567394071475e-21,1.4440119021167782e-21,1.444567062209506e-21,1.445122220493678e-21,1.4456773769692771e-21,1.446232531636398e-21,1.4467876844950156e-21,1.4473428355451718e-21,1.4478979847869335e-21,1.4484531322203022e-21,1.449008277845312e-21,1.4495634216619809e-21,1.4501185636703549e-21,1.4506737038705e-21,1.45122884226237e-21,1.451783978846065e-21,1.4523391136216056e-21,1.4528942465889966e-21,1.4534493777482675e-21,1.454004507099479e-21,1.4545596345813953e-21,1.455114760316515e-21,1.4556698842961947e-21,1.4562250064153754e-21,1.4567801267266624e-21,1.4573352452300086e-21,1.4578903619255491e-21,1.4584454768132362e-21,1.4590005898931692e-21,1.4595557011652926e-21,1.46011081060944e-21,1.4606659182661255e-21,1.4612210241151167e-21,1.4617761281564975e-21,1.4623312303902462e-21,1.462886330816412e-21,1.4634414294350301e-21,1.4639965262460987e-21,1.464551621249709e-21,1.4651067144458378e-21,1.4656618058345636e-21,1.4662168954158533e-21,1.4667719831897963e-21,1.4673270691563929e-21,1.4678821533156816e-21,1.4684372356677327e-21,1.468992316212484e-21,1.4695473949500629e-21,1.4701024718804333e-21,1.4706575470036711e-21,1.4712126203197843e-21,1.4717676918287723e-21,1.4723227615307568e-21,1.4728778294256783e-21,1.4734328955136208e-21,1.4739879597945783e-21,1.4745430222686135e-21,1.4750980829357543e-21,1.4756531417959796e-21,1.4762081988493817e-21,1.4767632540959853e-21,1.4773183075358245e-21,1.4778733591688894e-21,1.4784284089952266e-21,1.4789834570149065e-21,1.4795385032279084e-21,1.4800935476342453e-21,1.4806485902340374e-21,1.4812036310272387e-21,1.4817586700139077e-21,1.4823137071940638e-21,1.4828687425677333e-21,1.4834237761350028e-21,1.4839788078958582e-21,1.4845338378503118e-21,1.4850888659984508e-21,1.4856438923402586e-21,1.486198916875744e-21,1.486753940069204e-21,1.487308961394932e-21,1.487863979892843e-21,1.4884189972023953e-21,1.4889740127058052e-21,1.4895290264031574e-21,1.4900840382944281e-21,1.4906390484509729e-21,1.4911940566845717e-21,1.491749063148333e-21,1.4923040678061177e-21,1.492859070657963e-21,1.4934140717038948e-21,1.4939690709440238e-21,1.4945240683783581e-21,1.4950790640070013e-21,1.4956340578299386e-21,1.496189049847345e-21,1.4967440400681106e-21,1.497299028483244e-21,1.497854015092803e-21,1.4984089998968576e-21,1.4989639828954405e-21,1.4995189640893042e-21,1.5000739434775882e-21,1.5006289210603737e-21,1.5011838968377323e-21,1.501738870809667e-21,1.5022938429762104e-21,1.5028488133372094e-21,1.503403781893041e-21,1.5039587486433092e-21,1.5045137135885761e-21,1.505068676728632e-21,1.5056236380634566e-21,1.5061785975930905e-21,1.5067335553176193e-21,1.5072885112370153e-21,1.5078434653513053e-21,1.508398417689206e-21,1.5089533684179335e-21,1.5095083171171737e-21,1.5100632640114585e-21,1.5106182091007873e-21,1.5111731523851967e-21,1.5117280938647398e-21,1.5122830335394298e-21,1.5128379714093625e-21,1.5133929074745006e-21,1.5139478417348958e-21,1.5145027741905895e-21,1.515057704841565e-21,1.5156126336878498e-21,1.5161675607295442e-21,1.516722484367569e-21,1.5172774064800485e-21,1.5178323280306653e-21,1.5183872480823042e-21,1.518942166101394e-21,1.519497082316e-21,1.5200519967262107e-21,1.5206069093320486e-21,1.5211618201335262e-21,1.521716729130678e-21,1.5222716363235566e-21,1.5228265417121837e-21,1.523381445296545e-21,1.5239363470767627e-21,1.5244912470528018e-21,1.5250461452246878e-21,1.525601041592476e-21,1.5261559361561876e-21,1.5267108289158638e-21,1.5272657198715617e-21,1.52782060902326e-21,1.5283754963710242e-21,1.5289303819148586e-21,1.5294852656547954e-21,1.5300401475909232e-21,1.5305950277231956e-21,1.5311499060516822e-21,1.5317047825764086e-21,1.5322596569438946e-21,1.5328145298611878e-21,1.5333694009748461e-21,1.5339242702848167e-21,1.5344791377911759e-21,1.5350340034939702e-21,1.5355888673932508e-21,1.5361437294890143e-21,1.5366985897812834e-21,1.5372534482700864e-21,1.5378083037216993e-21,1.53836315860382e-21,1.5389180117079539e-21,1.5394728630019772e-21,1.5400277125750754e-21,1.540582560243803e-21,1.5411374061092975e-21,1.5416922502063717e-21,1.5422470924655027e-21,1.542801932922598e-21,1.5433567715754578e-21,1.5439116084251758e-21,1.5444664434719066e-21,1.5450212767155715e-21,1.5455761081562774e-21,1.5461309377939985e-21,1.5466857656287701e-21,1.547240591660676e-21,1.5477954158897421e-21,1.548350238315924e-21,1.548905058939314e-21,1.5494598777598961e-21,1.5500146947777786e-21,1.55056950999292e-21,1.5511243234053383e-21,1.5516791350151339e-21,1.5522339448223098e-21,1.5527887528268818e-21,1.553343559028898e-21,1.5538983634283756e-21,1.5544531660253392e-21,1.5550079668198576e-21,1.5555627658119165e-21,1.5561175630015623e-21,1.5566723583888796e-21,1.5572271519738575e-21,1.5577819437564569e-21,1.558336733729738e-21,1.5588915219078333e-21,1.559446308283697e-21,1.5600010928573746e-21,1.560555875628987e-21,1.5611106565983669e-21,1.5616654357656205e-21,1.5622202131308462e-21,1.5627749886939679e-21,1.563329760763398e-21,1.5638845322890786e-21,1.5644393021617362e-21,1.564994070517054e-21,1.5655488370697804e-21,1.5661036022986895e-21,1.5666583654121959e-21,1.567213126715146e-21,1.5677678860613213e-21,1.5683226436058051e-21,1.5688773993485568e-21,1.5694321532896787e-21,1.569986905428944e-21,1.5705416557920003e-21,1.5710964053974347e-21,1.5716511521378507e-21,1.5722058658013138e-21,1.5727606072041437e-21,1.5733153445732553e-21,1.5738700841226908e-21,1.574424821850261e-21,1.5749795577764613e-21,1.5755342919013548e-21,1.5760890242249105e-21,1.5766437547472174e-21,1.5771984834682997e-21,1.5777532103881285e-21,1.5783079355068333e-21,1.578862658824363e-21,1.579417375991406e-21,1.5799720957087637e-21,1.5805268136680526e-21,1.5810815298228772e-21,1.5816362441351516e-21,1.58219095483687e-21,1.5827456655472465e-21,1.5833003744567196e-21,1.5838550815653196e-21,1.5844097868730572e-21,1.5849644903455121e-21,1.5855191920516868e-21,1.5860738919570947e-21,1.5866285900617819e-21,1.5871832863657507e-21,1.5877379808691023e-21,1.5882926735717941e-21,1.5888473644739306e-21,1.5894020535754883e-21,1.5899567408765219e-21,1.5905114263781123e-21,1.5910661100795106e-21,1.5916207919805513e-21,1.5921754720797616e-21,1.592730150378573e-21,1.5932848269416576e-21,1.5938395016398905e-21,1.5943941745377592e-21,1.5949488454575036e-21,1.5955035146725462e-21,1.5960581821708682e-21,1.5966128478068986e-21,1.597167511603169e-21,1.5977221737016623e-21,1.5982768340167156e-21,1.598831492613914e-21,1.5993861492814932e-21,1.5999408041781431e-21,1.6004954572748825e-21,1.6010501085717064e-21,1.6016047580686182e-21,1.6021594057656775e-21,1.6027140516628696e-21,1.6032686957603005e-21,1.603823338058003e-21,1.604377978555954e-21,1.604932617254158e-21,1.6054872541527399e-21,1.6060418892516708e-21,1.6065965225509642e-21,1.6071511540506971e-21,1.6077057837508322e-21,1.6082604116514973e-21,1.6088150377526378e-21,1.6093696620543584e-21,1.6099242845566124e-21,1.6104789052594892e-21,1.6110335241635768e-21,1.611588141267769e-21,1.6121427565726415e-21,1.6126973700782137e-21,1.6132519817851628e-21,1.6138065916928904e-21,1.614361199800884e-21,1.6149158061096841e-21,1.6154704106193512e-21,1.6160250133299362e-21,1.6165796147133995e-21,1.61713421382591e-21,1.6176888111393929e-21,1.6182434066539359e-21,1.6187980003695205e-21,1.6193525922862117e-21,1.6199071824040174e-21,1.6204617707229788e-21,1.621016357243096e-21,1.6215709419644306e-21,1.6221255248870612e-21,1.6226801060109497e-21,1.623234685336156e-21,1.6237892628626643e-21,1.624343838485804e-21,1.6248984124150987e-21,1.6254529845458344e-21,1.6260075548840279e-21,1.6265621230991389e-21,1.6271166898343499e-21,1.6276712547711119e-21,1.628225817909491e-21,1.628780379320785e-21,1.6293349388624302e-21,1.6298894966057312e-21,1.6304440529310461e-21,1.630998607077775e-21,1.6315531594262588e-21,1.6321077100603093e-21,1.6326622626901408e-21,1.6332168096441282e-21,1.6337713547978341e-21,1.6343258981556493e-21,1.6348804397153892e-21,1.6354349802247997e-21,1.6359895181885573e-21,1.6365440543543417e-21,1.6370985887222151e-21,1.6376531212921445e-21,1.6382076520642859e-21,1.6387621810385678e-21,1.6393167082150017e-21,1.6398712335937081e-21,1.6404257581416787e-21,1.640980279929573e-21,1.6415347999145606e-21,1.6420893177416308e-21,1.6426438341319343e-21,1.6431983487395165e-21,1.6437528611154648e-21,1.644307372113243e-21,1.6448618813133646e-21,1.6454163887160434e-21,1.6459708943212623e-21,1.646525398129075e-21,1.6470799001395015e-21,1.647634400352567e-21,1.6481888987683717e-21,1.6487433953862809e-21,1.6492978902075425e-21,1.6498523832315884e-21,1.6504068744584357e-21,1.6509613638881353e-21,1.6515158515206906e-21,1.6520703373561172e-21,1.6526248213944876e-21,1.6531793089209059e-21,1.6537337893663495e-21,1.6542882731718298e-21,1.6548427500231e-21,1.6553972250765964e-21,1.65595169833319e-21,1.6565061697929515e-21,1.6570606394558633e-21,1.6576151067245e-21,1.6581695727955197e-21,1.658724037068185e-21,1.6592784995441645e-21,1.6598329602304464e-21,1.6603874191131088e-21,1.6609418762898278e-21,1.6614963315955196e-21,1.6620507850884394e-21,1.6626052367848655e-21,1.66315968668479e-21,1.663714134788265e-21,1.6642685810953618e-21,1.6648230256060035e-21,1.6653774683203076e-21,1.6659319092382578e-21,1.6664863483599412e-21,1.6670407856853543e-21,1.66759521910603e-21,1.6681496528390211e-21,1.6687040847757806e-21,1.6692585149164198e-21,1.6698129436330863e-21,1.6703673701785948e-21,1.6709217949282126e-21,1.671476217884568e-21,1.6720306390449024e-21,1.672585058368135e-21,1.6731394759365924e-21,1.6736938917094438e-21,1.6742483056861266e-21,1.6748027178669356e-21,1.6753571282519534e-21,1.6759115368411874e-21,1.6764659436346656e-21,1.6770203486324476e-21,1.677574752065493e-21,1.6781291535497304e-21,1.6786835531588256e-21,1.679237950972209e-21,1.6797923468148379e-21,1.6803467410389543e-21,1.68090113346753e-21,1.6814555240566564e-21,1.6820099128962635e-21,1.6825642999385305e-21,1.6831186854940308e-21,1.6836730689455245e-21,1.6842274506017654e-21,1.6847818304626924e-21,1.6853362085283459e-21,1.685890584798778e-21,1.6864449592740415e-21,1.6869993319540834e-21,1.6875537028390277e-21,1.6881080719288232e-21,1.68866243922359e-21,1.689216804723272e-21,1.6897711684279532e-21,1.6903255303376658e-21,1.6908798904524306e-21,1.6914342487722414e-21,1.6919886052971428e-21,1.6925429600272445e-21,1.6930973129624962e-21,1.6936516641028934e-21,1.6942060134485614e-21,1.6947603609960714e-21,1.6953147067523082e-21,1.695869050713869e-21,1.6964233928801867e-21,1.696977733337348e-21,1.6975320718796967e-21,1.698086408670798e-21,1.6986407436593934e-21,1.6991950768534768e-21,1.6997494082642506e-21,1.7003037378694598e-21,1.7008580656802477e-21,1.701412391696688e-21,1.7019667159187986e-21,1.702521038346548e-21,1.703075358980051e-21,1.70362967781933e-21,1.7041839948643246e-21,1.704738310115203e-21,1.705292623571891e-21,1.7058469358716777e-21,1.70640124638251e-21,1.7069555551045455e-21,1.707509862039783e-21,1.7080641671848725e-21,1.7086184705454422e-21,1.7091727721204824e-21,1.7097270719090438e-21,1.7102813699151935e-21,1.7108356661391682e-21,1.7113899605850476e-21,1.7119442532507027e-21,1.712498544135627e-21,1.713052833248481e-21,1.7136071205859673e-21,1.7141614061329832e-21,1.7147156892300203e-21,1.7152699704883253e-21,1.715824249861779e-21,1.7163785274417183e-21,1.7169328032265117e-21,1.7174870772194424e-21,1.7180413494188806e-21,1.7185956198248985e-21,1.7191498884375652e-21,1.719704155256847e-21,1.7202584202813452e-21,1.72081268821942e-21,1.7213669496587726e-21,1.721921209304837e-21,1.7224754671577137e-21,1.723029723217414e-21,1.7235839774585534e-21,1.724138229932029e-21,1.7246924806123768e-21,1.725246729499681e-21,1.7258009765938276e-21,1.726355221895156e-21,1.7269094654034226e-21,1.727463707118829e-21,1.7280179470413067e-21,1.7285721858190097e-21,1.7291264175930456e-21,1.7296806521371736e-21,1.730234884890794e-21,1.730789115849193e-21,1.731343345013996e-21,1.7318975723869814e-21,1.7324517979673382e-21,1.7330060217550508e-21,1.733560243750164e-21,1.7341144639550614e-21,1.7346686823644987e-21,1.7352228989914905e-21,1.7357771138410623e-21,1.7363313268095768e-21,1.7368855388789874e-21,1.7374397483401224e-21,1.737993955756811e-21,1.738548161619893e-21,1.7391023656907056e-21,1.739656567822824e-21,1.7402107683091466e-21,1.740764967003257e-21,1.7413191639052283e-21,1.7418733619002972e-21,1.7424275552179714e-21,1.7429817467435464e-21,1.743535936477115e-21,1.7440901244186303e-21,1.744644312671236e-21,1.7451984976853685e-21,1.745752680250468e-21,1.7463068629306303e-21,1.7468610426668538e-21,1.7474152198977227e-21,1.7479693958348805e-21,1.7485235694413396e-21,1.749077741264163e-21,1.7496319112871642e-21,1.7501860795184593e-21,1.750740245958137e-21,1.75129441038812e-21,1.751848573158506e-21,1.7524027342234236e-21,1.752956893496783e-21,1.7535110509786625e-21,1.7540652067211384e-21,1.754619360620133e-21,1.7551735127276833e-21,1.7557276630421563e-21,1.7562818115669795e-21,1.756835961085243e-21,1.757390106027465e-21,1.757944249178408e-21,1.7584983905381493e-21,1.7590525301067032e-21,1.7596066678840283e-21,1.7601608038702705e-21,1.7607149380653677e-21,1.7612690704614068e-21,1.761823201074441e-21,1.762377329896422e-21,1.7629314569274732e-21,1.7634855791227006e-21,1.7640397025718287e-21,1.764593809367524e-21,1.7651479292350146e-21,1.765702047311676e-21,1.7662561635975166e-21,1.766810278092563e-21,1.7673643907969356e-21,1.7679185017164668e-21,1.7684726108394307e-21,1.769026718171773e-21,1.7695808237134484e-21,1.7701349274645453e-21,1.7706890294250883e-21,1.7712431295951476e-21,1.771797227974698e-21,1.772351322798657e-21,1.7729054175973264e-21,1.7734595106055463e-21,1.7740136018234506e-21,1.77456769125097e-21,1.7751217789030284e-21,1.775675864749988e-21,1.7762299488066665e-21,1.7767840310731723e-21,1.777338111549457e-21,1.7778921902347868e-21,1.7784462671307692e-21,1.779000342236674e-21,1.7795544155525174e-21,1.7801084870783124e-21,1.7806625568141688e-21,1.7812166247599945e-21,1.7817706909158657e-21,1.7823247552818894e-21,1.7828788188244287e-21,1.7834328796107174e-21,1.7839869386071325e-21,1.784540995813788e-21,1.785095051230699e-21,1.7856491048578195e-21,1.786203156695283e-21,1.786757206495919e-21,1.787311254516262e-21,1.7878653007551324e-21,1.7884193454341347e-21,1.788973388323526e-21,1.7895274294234117e-21,1.790081468733814e-21,1.790635506254761e-21,1.7911895419862665e-21,1.791743575928415e-21,1.7922976080811875e-21,1.7928516384446182e-21,1.793405667018763e-21,1.7939596938036266e-21,1.7945137187992062e-21,1.795067742005654e-21,1.7956217633757187e-21,1.796175783003825e-21,1.7967298008427608e-21,1.797283816892607e-21,1.7978378311534227e-21,1.7983918436252162e-21,1.7989458543079747e-21,1.7994998631861226e-21,1.800053870290994e-21,1.800607875606988e-21,1.8011618791340307e-21,1.801715880872334e-21,1.802269880821763e-21,1.802823878982396e-21,1.8033778753523974e-21,1.80393186993558e-21,1.804485862730027e-21,1.805039853736439e-21,1.805593842953655e-21,1.8061478303822422e-21,1.806701816022219e-21,1.8072557998736994e-21,1.8078097819366484e-21,1.8083637622111243e-21,1.8089177406971392e-21,1.8094717173947276e-21,1.81002569230394e-21,1.8105796654247888e-21,1.8111336367573352e-21,1.811687606301571e-21,1.812241574057548e-21,1.812795540025282e-21,1.8133495042047416e-21,1.813903466596114e-21,1.814457427196386e-21,1.8150113860114436e-21,1.8155653430384676e-21,1.8161192982774258e-21,1.8166732517283405e-21,1.8172272033912768e-21,1.8177811532662797e-21,1.81833510135333e-21,1.8188890476524722e-21,1.819442992163732e-21,1.8199969348871753e-21,1.820550875822798e-21,1.8211048149706345e-21,1.8216587523307182e-21,1.8222126879030936e-21,1.822766621687808e-21,1.8233205536848253e-21,1.8238744838942438e-21,1.8244284123160483e-21,1.824982338950274e-21,1.8255362637969998e-21,1.8260901865870338e-21,1.8266441088612537e-21,1.8271980289635826e-21,1.8277519474481287e-21,1.8283058633764084e-21,1.828859782152965e-21,1.8294136944877855e-21,1.8299676050352727e-21,1.8305215137955093e-21,1.8310754207685683e-21,1.8316293259543037e-21,1.832183229352931e-21,1.832737130964456e-21,1.8332910307888112e-21,1.8338449288261225e-21,1.834398825076384e-21,1.8349527194381104e-21,1.83550661494205e-21,1.836060505827095e-21,1.836614394929434e-21,1.8371682822449086e-21,1.837722167773501e-21,1.838276051515284e-21,1.838829933470263e-21,1.8393838130750925e-21,1.8399376914928885e-21,1.8404915680875683e-21,1.841045442895588e-21,1.8415993159169883e-21,1.8421531871517405e-21,1.8427070565990788e-21,1.8432609242596653e-21,1.8438147901336832e-21,1.8443686542121115e-21,1.8449225165039178e-21,1.8454763770091302e-21,1.8460302357277926e-21,1.8465840926600484e-21,1.847137947805963e-21,1.847691801176142e-21,1.8482456527600712e-21,1.8487995025577538e-21,1.8493533505691706e-21,1.8499071967944032e-21,1.8504610412334234e-21,1.851014883886367e-21,1.851568724753179e-21,1.8521225638339332e-21,1.8526764011286505e-21,1.8532302366373766e-21,1.85378407036005e-21,1.8543379022968405e-21,1.8548917324477134e-21,1.855445560812674e-21,1.8559993873917327e-21,1.856553212184992e-21,1.8571070351924315e-21,1.8576608564141e-21,1.8582146758500443e-21,1.8587684935002626e-21,1.859322309364843e-21,1.8598761234436736e-21,1.860429935736953e-21,1.8609837462446123e-21,1.8615375549667423e-21,1.8620913619033666e-21,1.8626451670544648e-21,1.8631989704200832e-21,1.8637527720003154e-21,1.8643065717950995e-21,1.8648603694088962e-21,1.8654141656329972e-21,1.8659679600717224e-21,1.86652175272524e-21,1.8670755435934373e-21,1.8676293326733162e-21,1.8681831199711325e-21,1.8687369054837836e-21,1.869290689211287e-21,1.8698444719722578e-21,1.8703982521295895e-21,1.8709520305018764e-21,1.871505807089181e-21,1.8720595818914777e-21,1.8726133549088485e-21,1.873167126141287e-21,1.8737208955888198e-21,1.8742746632514842e-21,1.874828429129345e-21,1.8753821932224018e-21,1.875935955530705e-21,1.8764897160542894e-21,1.8770434747930875e-21,1.8775972317472817e-21,1.8781509869167847e-21,1.8787047403016612e-21,1.8792584919020274e-21,1.879812242755694e-21,1.880365991785068e-21,1.880919738999878e-21,1.881473484394641e-21,1.8820272279775547e-21,1.8825809697492982e-21,1.883134709705828e-21,1.8836884478538075e-21,1.8842421841924465e-21,1.884795918729218e-21,1.885349652665423e-21,1.8859033828898334e-21,1.8864571112933127e-21,1.8870108379128117e-21,1.88756456274794e-21,1.8881182857989893e-21,1.8886720070660164e-21,1.8892257265489618e-21,1.889779444247906e-21,1.8903331601628854e-21,1.89088687429393e-21,1.8914405866410497e-21,1.891994297204276e-21,1.892548005983618e-21,1.893101712979175e-21,1.893655418190955e-21,1.8942091216189328e-21,1.8947628232631766e-21,1.8953165231237482e-21,1.8958702212005927e-21,1.896423917493802e-21,1.8969776120034477e-21,1.8975313047294923e-21,1.898084995671971e-21,1.898638684830928e-21,1.899192372206416e-21,1.8997460579011704e-21,1.900299741801883e-21,1.9008534239085203e-21,1.901407104216799e-21,1.9019607827302605e-21,1.9025144594490208e-21,1.9030681343702384e-21,1.9036218074964822e-21,1.904175478831092e-21,1.9047291483697824e-21,1.9052828161155594e-21,1.9058364820654964e-21,1.9063901462195156e-21,1.9069438085796967e-21,1.907497469146389e-21,1.9080511279198065e-21,1.908604784897956e-21,1.9091584400819825e-21,1.90971209347459e-21,1.9102657450749332e-21,1.9108193948803117e-21,1.9113730428935617e-21,1.911926689110813e-21,1.912480333537188e-21,1.9130339761686074e-21,1.9135876170077882e-21,1.9141412560548024e-21,1.914694893310471e-21,1.9152485287722725e-21,1.9158021624406206e-21,1.9163557943157227e-21,1.916909424403178e-21,1.917463052698191e-21,1.9180166791977247e-21,1.9185703039071057e-21,1.919123926821995e-21,1.9196775479482127e-21,1.9202311675735107e-21,1.920784785416501e-21,1.9213384014772522e-21,1.921892015755708e-21,1.9224456282519768e-21,1.9229992389660322e-21,1.923552847530555e-21,1.9241064531253205e-21,1.924660057312024e-21,1.9252136609258062e-21,1.92576726268252e-21,1.9263208619719484e-21,1.9268744609193975e-21,1.9274280559385725e-21,1.9279816506143317e-21,1.9285352422943353e-21,1.9290888318591846e-21,1.9296424211893897e-21,1.9301960087378464e-21,1.9307495945045387e-21,1.931303178489492e-21,1.9318567606927418e-21,1.932410341114328e-21,1.9329639197542773e-21,1.9335174966125792e-21,1.9340710716893172e-21,1.934624644984537e-21,1.935178216498189e-21,1.935731786230351e-21,1.9362853541810973e-21,1.936838920350385e-21,1.937392484738302e-21,1.9379460473448063e-21,1.9384996081699734e-21,1.9390531672138916e-21,1.939606724476512e-21,1.940160279957871e-21,1.940713833658041e-21,1.941267385577024e-21,1.9418209357148515e-21,1.942374484071519e-21,1.942928033536032e-21,1.9434815783305327e-21,1.9440351213367463e-21,1.9445886620592643e-21,1.945142201510822e-21,1.9456957391813603e-21,1.9462492753078647e-21,1.946802809676503e-21,1.947356342003258e-21,1.947909873822635e-21,1.9484634025947307e-21,1.9490169305559782e-21,1.9495704557640694e-21,1.950123979264812e-21,1.950677501020531e-21,1.951231023131838e-21,1.951784542062418e-21,1.952338058366045e-21,1.9528915725773184e-21,1.9534450861402915e-21,1.9539985971003232e-21,1.954552106279924e-21,1.9551056136791308e-21,1.955659119297905e-21,1.9562126231363184e-21,1.9567661251943845e-21,1.95731962547219e-21,1.957873123969697e-21,1.958426620686941e-21,1.9589801156239855e-21,1.9595336087808032e-21,1.960087100157504e-21,1.9606405897540606e-21,1.961194077570528e-21,1.9617475636069083e-21,1.962301047863282e-21,1.962854530339647e-21,1.9634080110360592e-21,1.9639614899525416e-21,1.9645149670891144e-21,1.96506844244574e-21,1.9656219160225588e-21,1.966175387819526e-21,1.9667288578367226e-21,1.9672823260741284e-21,1.967835792531801e-21,1.9683892572098645e-21,1.968942720108198e-21,1.969496181226919e-21,1.9700496405659924e-21,1.9706030981254866e-21,1.971156553905487e-21,1.971710007905877e-21,1.9722634601268375e-21,1.9728169105683432e-21,1.9733703592304184e-21,1.9739238061130945e-21,1.974477251216412e-21,1.9750306945403915e-21,1.9755841360850782e-21,1.976137575850402e-21,1.9766910138365934e-21,1.9772444500434513e-21,1.977797884471233e-21,1.9783513171198374e-21,1.9789047479892787e-21,1.9794581770796193e-21,1.9800116043909525e-21,1.980565029923189e-21,1.9811184536764674e-21,1.9816718756507406e-21,1.9822252958461286e-21,1.982778714262581e-21,1.9833321309001332e-21,1.9838855457588578e-21,1.984438958838765e-21,1.984992370139852e-21,1.985545779662156e-21,1.986099187405779e-21,1.986652593370693e-21,1.9872059975569202e-21,1.987759399964509e-21,1.988312800593485e-21,1.9888661994438617e-21,1.9894195965157053e-21,1.9899729918090114e-21,1.9905263853238953e-21,1.9910797770602897e-21,1.9916331670182274e-21,1.9921865551978072e-21,1.992739941598994e-21,1.9932933262218194e-21,1.9938467090663713e-21,1.9944000901326437e-21,1.994953469420658e-21,1.995506846930491e-21,1.996060222677899e-21,1.9966135966471232e-21,1.9971669688383677e-21,1.9977203392516068e-21,1.9982737078868774e-21,1.998827074744178e-21,1.9993804398235613e-21,1.9999338031250814e-21,2.0004871646487854e-21,2.0010405243945712e-21,2.0015938823625545e-21,2.002147238552917e-21,2.0027005929655183e-21,2.003253945600396e-21,2.0038072964576516e-21,2.004360645520095e-21,2.0049139928561298e-21,2.0054673390905157e-21,2.0060206916561955e-21,2.0065740336081266e-21,2.0071273737825766e-21,2.0076807121777104e-21,2.0082340487950626e-21,2.008787383636674e-21,2.009340716700853e-21,2.0098940479876346e-21,2.0104473774970222e-21,2.0110007052290067e-21,2.0115540311837032e-21,2.012107355361035e-21,2.0126606777610982e-21,2.0132139983839152e-21,2.0137673172295807e-21,2.0143206342980293e-21,2.0148739495892903e-21,2.0154272631034175e-21,2.015980574840426e-21,2.0165338848004104e-21,2.0170871929833868e-21,2.0176404993892947e-21,2.018193804018258e-21,2.0187471068701986e-21,2.0193004079417287e-21,2.019853707239933e-21,2.0204070047605727e-21,2.0209603005050903e-21,2.021513594708149e-21,2.0220668868991035e-21,2.0226201765118773e-21,2.0231734651494175e-21,2.02372675201025e-21,2.024280037099523e-21,2.024833319993437e-21,2.025386601524462e-21,2.0259398812788894e-21,2.026493159256817e-21,2.0270464354582478e-21,2.027599709883262e-21,2.0281529825318297e-21,2.0287062534039518e-21,2.029259522499745e-21,2.0298127894835883e-21,2.030366055206235e-21,2.030919318971388e-21,2.0314725809619417e-21,2.0320258411763098e-21,2.032579099614483e-21,2.0331323562764653e-21,2.033685611162337e-21,2.034238865391966e-21,2.034792116725714e-21,2.035345366283393e-21,2.0358986140650832e-21,2.0364518600513e-21,2.0370050994944715e-21,2.0375583419483097e-21,2.038111582626271e-21,2.0386648215283696e-21,2.0392180586664095e-21,2.039771294039972e-21,2.0403244958012552e-21,2.0408777270814422e-21,2.041430957104848e-21,2.041984185352553e-21,2.0425374118246163e-21,2.043090636521065e-21,2.043643859441876e-21,2.044197080587168e-21,2.0447502999568818e-21,2.045303517551164e-21,2.04585673336997e-21,2.0464099474133396e-21,2.0469631596812988e-21,2.047516370163273e-21,2.0480695788805134e-21,2.0486227858224333e-21,2.0491759909890566e-21,2.049729194379759e-21,2.0502823959959904e-21,2.0508355958369547e-21,2.05138879390275e-21,2.0519419901933845e-21,2.0524951847089283e-21,2.0530483774475663e-21,2.0536015684130607e-21,2.0541547261819075e-21,2.0547079135974477e-21,2.0552610992380065e-21,2.0558142831036573e-21,2.056367465194503e-21,2.0569206422239688e-21,2.057473820765147e-21,2.058026997531462e-21,2.0585801725229946e-21,2.0591333416292485e-21,2.059686514700976e-21,2.0602396843684015e-21,2.060792852261391e-21,2.0613460183795582e-21,2.061899182723133e-21,2.062452345292134e-21,2.0630055060866512e-21,2.0635586654630717e-21,2.0641118226055233e-21,2.064664978076591e-21,2.0652181317732324e-21,2.0657712836954926e-21,2.066324433843428e-21,2.0668775822170063e-21,2.0674307288163144e-21,2.0679838736413952e-21,2.068537016692242e-21,2.0690901579689207e-21,2.0696432974713857e-21,2.070196434156297e-21,2.0707495701105526e-21,2.071302704290652e-21,2.071855836696797e-21,2.072408967328899e-21,2.0729620961869804e-21,2.0735152232711315e-21,2.0740683485813755e-21,2.0746214721176804e-21,2.0751745938801793e-21,2.0757277138688016e-21,2.076280832083637e-21,2.0768339485246864e-21,2.0773870631921166e-21,2.0779401760857356e-21,2.07849328720566e-21,2.079046396551876e-21,2.079599504124522e-21,2.080152609923588e-21,2.0807057139476362e-21,2.0812588162003716e-21,2.081811916678792e-21,2.0823650153837936e-21,2.0829181123172225e-21,2.083471207475298e-21,2.084024300532084e-21,2.0845773921451155e-21,2.0851304819848754e-21,2.0856835700661758e-21,2.086236656374101e-21,2.0867897409086664e-21,2.0873428236700153e-21,2.087895904658074e-21,2.0884489838729245e-21,2.0890020613144994e-21,2.0895551369829843e-21,2.0901082108783188e-21,2.0906612830005775e-21,2.091214353349751e-21,2.091767421925837e-21,2.0923204887290554e-21,2.0928735537592607e-21,2.0934266170165102e-21,2.093979678500841e-21,2.094532738212316e-21,2.09508579615095e-21,2.0956388523167316e-21,2.0961919066946335e-21,2.0967449592999187e-21,2.097298010132493e-21,2.0978510591924453e-21,2.098404106479854e-21,2.0989571519946495e-21,2.099510195736955e-21,2.1000632377067732e-21,2.100616277904077e-21,2.101169316328919e-21,2.1017223529813456e-21,2.1022753878613986e-21,2.1028284209691078e-21,2.1033814523045104e-21,2.1039344818675113e-21,2.1044875096583437e-21,2.1050405356768654e-21,2.10559355992323e-21,2.1061465823974292e-21,2.1066996030994284e-21,2.1072526220293694e-21,2.1078056391872234e-21,2.1083586545729898e-21,2.108911668186722e-21,2.1094646800284895e-21,2.1100176900982748e-21,2.110570698396142e-21,2.1111237049221056e-21,2.111676709676188e-21,2.1122297126583832e-21,2.1127827138688072e-21,2.11333571330742e-21,2.113888710974263e-21,2.1144417068694416e-21,2.11499470099293e-21,2.1155476933446835e-21,2.1161006839248808e-21,2.1166536727333966e-21,2.117206659770336e-21,2.1177596450357994e-21,2.1183126285296785e-21,2.118865610252168e-21,2.119418590203109e-21,2.1199715683826793e-21,2.12052454479085e-21,2.1210775194276254e-21,2.121630492293104e-21,2.1221834633872686e-21,2.1227364327102026e-21,2.1232894002618162e-21,2.1238423660421747e-21,2.124395330051452e-21,2.1249482922895465e-21,2.125501252756546e-21,2.1260542114524817e-21,2.1266071683773172e-21,2.1271601235311048e-21,2.127713076913894e-21,2.1282660285257487e-21,2.1288189783666253e-21,2.1293719264365935e-21,2.1299248727356526e-21,2.1304778172638646e-21,2.1310307600213048e-21,2.1315837010079306e-21,2.1321366402238012e-21,2.1326895776689334e-21,2.133242513343414e-21,2.133795447247203e-21,2.1343483793803298e-21,2.1349013099015723e-21,2.135454242765396e-21,2.1360071695867153e-21,2.1365600955746505e-21,2.1371130209140826e-21,2.137665942556457e-21,2.138218862985953e-21,2.1387717821893565e-21,2.13932469849912e-21,2.1398776129049295e-21,2.140430526843899e-21,2.1409834377318423e-21,2.1415363479562715e-21,2.1420892550082954e-21,2.142642160584702e-21,2.1431950643905587e-21,2.1437479664304822e-21,2.1443008666971743e-21,2.144853768125573e-21,2.1454066648521864e-21,2.145959559808752e-21,2.146512452995365e-21,2.1470653444120238e-21,2.1476182340587935e-21,2.1481711219356544e-21,2.148724008042631e-21,2.149276892379819e-21,2.1498297749471884e-21,2.1503826557448085e-21,2.1509355347727096e-21,2.1514884120308744e-21,2.1520412875193594e-21,2.1525941612382134e-21,2.1531470331874237e-21,2.1536999033671043e-21,2.1542527717771618e-21,2.1548056384177267e-21,2.1553585032888236e-21,2.1559113663903945e-21,2.1564642277225616e-21,2.157017087285244e-21,2.157569945131235e-21,2.158122801155253e-21,2.1586756553589166e-21,2.1592285069702852e-21,2.1597813576248173e-21,2.160334205299261e-21,2.1608870518819798e-21,2.161439897291426e-21,2.1619927393769574e-21,2.1625455811520214e-21,2.1630984212533127e-21,2.163651259582183e-21,2.1642040961453703e-21,2.16475693093963e-21,2.165309763964958e-21,2.1658625952213232e-21,2.166415424455581e-21,2.1669682519294098e-21,2.1675210776476426e-21,2.1680739016077343e-21,2.1686267238090456e-21,2.1691795442526777e-21,2.1697323629429033e-21,2.1702851798753213e-21,2.170837995049368e-21,2.171390808468615e-21,2.1719436201286033e-21,2.1724964300336464e-21,2.1730492381833838e-21,2.17360204457793e-21,2.1741548492129985e-21,2.1747076520936835e-21,2.17526045321914e-21,2.175813252587643e-21,2.176366050202147e-21,2.176918846063675e-21,2.177471640168016e-21,2.1780244325190217e-21,2.178577223114367e-21,2.1791300119583667e-21,2.179682799042728e-21,2.1802355843758113e-21,2.1807883679522343e-21,2.181341149690901e-21,2.181893929661519e-21,2.1824467078640876e-21,2.182999484298749e-21,2.1835522589654705e-21,2.1841050318558482e-21,2.1846578029868273e-21,2.185210572349789e-21,2.185763339944891e-21,2.186316105772176e-21,2.1868688698316664e-21,2.18742163212346e-21,2.1879743926474944e-21,2.1885271514038454e-21,2.1890799083926155e-21,2.1896326636137148e-21,2.190185417067158e-21,2.1907381687530854e-21,2.191290918671409e-21,2.191843667544941e-21,2.1923964146878194e-21,2.192949160089279e-21,2.19350190319255e-21,2.194054644530248e-21,2.1946073838444e-21,2.1951601213907626e-21,2.1957128571698557e-21,2.196265591181653e-21,2.1968183234262523e-21,2.1973710539036214e-21,2.1979237826137977e-21,2.1984765095567833e-21,2.1990292347326852e-21,2.199581958141468e-21,2.2001346797832454e-21,2.2006873996579485e-21,2.2012401177656608e-21,2.201792834106417e-21,2.2023455486801676e-21,2.202898261487077e-21,2.2034509725270373e-21,2.2040036818002193e-21,2.204556390248078e-21,2.2051090956578253e-21,2.2056618001346037e-21,2.2062145020321252e-21,2.206767203147397e-21,2.2073199018201317e-21,2.2078725987261762e-21,2.208425293865622e-21,2.208977987238403e-21,2.209530678844725e-21,2.2100833686844874e-21,2.21063605675778e-21,2.2111887430650228e-21,2.211741427605414e-21,2.212294110379444e-21,2.212846791387081e-21,2.2133994706283557e-21,2.213952148103335e-21,2.2145048238120342e-21,2.2150574978053793e-21,2.215610169929856e-21,2.21616284033993e-21,2.216715508983786e-21,2.217268175909508e-21,2.2178208410211897e-21,2.21837350436672e-21,2.218926165946281e-21,2.219478825759757e-21,2.220031483807301e-21,2.2205841400888523e-21,2.221136794604525e-21,2.221689447354361e-21,2.2222420983382677e-21,2.222794747556338e-21,2.223347395008617e-21,2.2239000406951323e-21,2.2244526846159133e-21,2.2250053267709833e-21,2.2255579671603706e-21,2.2261106057840664e-21,2.2266632426421745e-21,2.2272158777347143e-21,2.227768511061675e-21,2.2283211426230655e-21,2.2288737724189917e-21,2.2294264004494247e-21,2.2299790267144502e-21,2.2305316512140247e-21,2.2310842739481838e-21,2.23163689491703e-21,2.2321895141205986e-21,2.2327421315588672e-21,2.2332947472318573e-21,2.233847361139679e-21,2.234399973282263e-21,2.2349525836596195e-21,2.23550519269245e-21,2.2360577989478974e-21,2.2366104040289458e-21,2.2371630073449053e-21,2.2377156088528345e-21,2.2382682085888503e-21,2.238820806600309e-21,2.239373402846792e-21,2.239925997328337e-21,2.240478590045107e-21,2.2410311809971257e-21,2.2415837701846193e-21,2.2421363576164167e-21,2.242688943283556e-21,2.24324152718615e-21,2.243794109324932e-21,2.244346689699019e-21,2.2448992683084992e-21,2.2454518451534176e-21,2.246004420268403e-21,2.2465569935985164e-21,2.247109565149536e-21,2.247662134936322e-21,2.2482147029586682e-21,2.2487672692165635e-21,2.249319833710053e-21,2.249872395463328e-21,2.2504249553196024e-21,2.2509775145201065e-21,2.2515300719563376e-21,2.2520826276283563e-21,2.252635181536171e-21,2.2531877337372218e-21,2.2537402841166778e-21,2.2542928327319966e-21,2.2548453795833243e-21,2.2553979246704888e-21,2.2559504679936256e-21,2.256503007863705e-21,2.2570555476588456e-21,2.2576080856901694e-21,2.258160621957526e-21,2.258713156460947e-21,2.2592656892005634e-21,2.2598182201763282e-21,2.2603707493883223e-21,2.2609232768366242e-21,2.2614758025211674e-21,2.2620283264420014e-21,2.2625808485990993e-21,2.2631333689926145e-21,2.263685887622471e-21,2.2642384044888088e-21,2.2647909195915594e-21,2.2653434329307994e-21,2.2658959444731235e-21,2.266448454285418e-21,2.2670009623342578e-21,2.267553468619701e-21,2.26810597314175e-21,2.268658475900495e-21,2.269210976895907e-21,2.269763476128043e-21,2.2703159735969516e-21,2.2708684693022293e-21,2.2714209632713187e-21,2.2719734554696578e-21,2.2725259458858522e-21,2.2730784345389725e-21,2.273630921428911e-21,2.2741834065558564e-21,2.274735889919853e-21,2.2752883715207695e-21,2.275840851358788e-21,2.276393329433892e-21,2.276945805746134e-21,2.277498280295438e-21,2.278050753081951e-21,2.2786032241056762e-21,2.27915569336663e-21,2.2797081608648157e-21,2.2802606266003036e-21,2.2808130905731177e-21,2.2813655527832307e-21,2.2819180132307504e-21,2.2824704719156767e-21,2.283022928838037e-21,2.2835753839978095e-21,2.2841278373951865e-21,2.284680289030029e-21,2.2852327389024522e-21,2.2857851870124552e-21,2.2863376333600672e-21,2.2868900779453586e-21,2.287442520375517e-21,2.2879949615402698e-21,2.2885474008386502e-21,2.289099838399702e-21,2.2896522742387197e-21,2.290204708250462e-21,2.290757140500097e-21,2.2913095709313087e-21,2.2918619996567155e-21,2.2924143950315247e-21,2.2929668202329917e-21,2.2935192436724392e-21,2.2940716653499757e-21,2.2946240852655267e-21,2.2951765034191964e-21,2.2957289198109553e-21,2.2962813344408495e-21,2.2968337473091324e-21,2.2973861538624016e-21,2.2979385558335288e-21,2.2984909634777283e-21,2.2990433692989583e-21,2.2995957716070574e-21,2.3001481739049614e-21,2.300700574441261e-21,2.3012529732376694e-21,2.3018053703280474e-21,2.3023577655797223e-21,2.3029101590699572e-21,2.303462550798638e-21,2.304014940765948e-21,2.304567328971872e-21,2.3051197154164207e-21,2.305672100099656e-21,2.306224483021558e-21,2.3067768641821565e-21,2.307329243372196e-21,2.3078816210103693e-21,2.308433996951087e-21,2.3089863722411812e-21,2.309538744598962e-21,2.310091115193993e-21,2.310643484026496e-21,2.3111958513437762e-21,2.3117482166542435e-21,2.3123005802037393e-21,2.3128529419923205e-21,2.3134053020199747e-21,2.3139576602867196e-21,2.3145100167926604e-21,2.3150623715377713e-21,2.3156147245220684e-21,2.3161670757455746e-21,2.316719425208278e-21,2.3172717729103675e-21,2.31782411885173e-21,2.3183764630324717e-21,2.3189288054525856e-21,2.3194811461126892e-21,2.3200334850117006e-21,2.320585822150702e-21,2.3211381575292964e-21,2.3216904911467722e-21,2.3222428230038457e-21,2.3227951531004692e-21,2.323347481436694e-21,2.3238998080125984e-21,2.3244521328281584e-21,2.325004455883524e-21,2.3255567771785483e-21,2.3261090967133946e-21,2.326661414487956e-21,2.327213730502422e-21,2.3277660447567567e-21,2.3283183563578064e-21,2.328870667091951e-21,2.3294229757826248e-21,2.3299752829966784e-21,2.330527588450779e-21,2.3310798921448998e-21,2.3316321940790838e-21,2.332184494253365e-21,2.332736792667788e-21,2.3332890893223482e-21,2.333841384157787e-21,2.334393676909567e-21,2.3349459682810268e-21,2.335498257887903e-21,2.336050545743695e-21,2.3366028318408095e-21,2.3371551161773386e-21,2.3377073987542546e-21,2.338259679571643e-21,2.338811958629486e-21,2.339364236184294e-21,2.3399165112699032e-21,2.340468785985742e-21,2.3410210580072198e-21,2.3415733280527122e-21,2.342125596484793e-21,2.342677863242785e-21,2.3432301282253252e-21,2.3437823914485585e-21,2.344334652911033e-21,2.3448869126159057e-21,2.345439170561577e-21,2.345991426748067e-21,2.3465436811754504e-21,2.347095935903735e-21,2.34764818681276e-21,2.3482004359427727e-21,2.3487526833390206e-21,2.349304933029137e-21,2.3498571812063726e-21,2.350409423320711e-21,2.3509616650412643e-21,2.3515139030889377e-21,2.3520661398823213e-21,2.3526183749612676e-21,2.3531706082814683e-21,2.3537228398471137e-21,2.3542750696498516e-21,2.3548272976938988e-21,2.3553795241514077e-21,2.35593174867827e-21,2.356483971443202e-21,2.3570361924529274e-21,2.35758841030104e-21,2.358140627793689e-21,2.358692843527928e-21,2.3592450575036498e-21,2.35979726972099e-21,2.3603494801799606e-21,2.360901688877767e-21,2.3614538959481912e-21,2.36200610197629e-21,2.3625583054020653e-21,2.3631105070695777e-21,2.363662706977368e-21,2.364214905128527e-21,2.3647671015215533e-21,2.3653192962271795e-21,2.3658714891023864e-21,2.3664236897842153e-21,2.36697587914492e-21,2.3675280667477163e-21,2.3680802525925153e-21,2.3686324366793552e-21,2.3691846190083545e-21,2.3697367995794803e-21,2.370288978392699e-21,2.3708411554481616e-21,2.3713933307458306e-21,2.3719455042857157e-21,2.37249767606791e-21,2.373049846092443e-21,2.373602014359312e-21,2.3741541808685678e-21,2.374706345620183e-21,2.375258508614301e-21,2.3758106761037707e-21,2.376362835582788e-21,2.376914993304336e-21,2.3774671497441444e-21,2.3780193039508105e-21,2.378571456400093e-21,2.3791236068326203e-21,2.3796757557671336e-21,2.3802279029444188e-21,2.380780048364382e-21,2.381332192027186e-21,2.381884334557278e-21,2.382436475333739e-21,2.3829886143567616e-21,2.38354075162784e-21,2.384092887147457e-21,2.3846450209161855e-21,2.3851971529358257e-21,2.385749283209652e-21,2.386301411735467e-21,2.3868535385195854e-21,2.387405663562352e-21,2.3879577868683815e-21,2.3885099084402433e-21,2.389062028279769e-21,2.3896141463806173e-21,2.3901662621445236e-21,2.390718376434535e-21,2.391270488471994e-21,2.391822598752786e-21,2.3923747072768973e-21,2.3929268140444384e-21,2.3934789190553005e-21,2.3940310223362713e-21,2.394583131689232e-21,2.3951352314305345e-21,2.3956873140409923e-21,2.3962394104077586e-21,2.396791504879808e-21,2.3973435975954824e-21,2.3978956885551215e-21,2.3984477777581853e-21,2.3989998488536994e-21,2.399551934544192e-21,2.4001040184794116e-21,2.400656100657522e-21,2.401208181079481e-21,2.4017602597445153e-21,2.4023123366541896e-21,2.402864411807747e-21,2.403416485735501e-21,2.403968557377031e-21,2.4045206305515527e-21,2.405072698681078e-21,2.4056247650550694e-21,2.4061768295201657e-21,2.4067288923820784e-21,2.407280953490216e-21,2.4078330128404568e-21,2.4083850706379832e-21,2.4089371264766388e-21,2.4094891805596674e-21,2.4100412328868776e-21,2.410593283434782e-21,2.411145332248279e-21,2.411697379308673e-21,2.4122494244592017e-21,2.4128014680084475e-21,2.4133535098022055e-21,2.413905549840454e-21,2.4144575881914716e-21,2.4150096247757975e-21,2.4155616595478147e-21,2.4161136925644464e-21,2.4166657238257446e-21,2.4172177533317126e-21,2.417769780936635e-21,2.4183218069643762e-21,2.4188738312478455e-21,2.4194258537328773e-21,2.4199778744627595e-21,2.420529893437565e-21,2.421081910657901e-21,2.421633926121723e-21,2.422185939831322e-21,2.4227379517858944e-21,2.4232899619871986e-21,2.4238419704318107e-21,2.424393977121571e-21,2.424945982056475e-21,2.425497985236428e-21,2.426049986661569e-21,2.426601993377e-21,2.4271539765945005e-21,2.4277059727554516e-21,2.428257967161625e-21,2.428809960153482e-21,2.4293619510503657e-21,2.4299139401925713e-21,2.4304659275802758e-21,2.4310179134131334e-21,2.4315698980322297e-21,2.4321218808544556e-21,2.432673861895952e-21,2.433225840954575e-21,2.4337778178153957e-21,2.4343297939648976e-21,2.434881767316906e-21,2.4354337389145542e-21,2.435985708757929e-21,2.4365376768470445e-21,2.4370896431820176e-21,2.4376416077626295e-21,2.438193570589132e-21,2.4387455316615186e-21,2.4392974916187845e-21,2.4398494491830082e-21,2.440401404993081e-21,2.440953359049207e-21,2.441505311351355e-21,2.4420572618994712e-21,2.4426092106937548e-21,2.4431611571894617e-21,2.4437131024765408e-21,2.4442650460090544e-21,2.4448169878918213e-21,2.4453689279168203e-21,2.4459208661853912e-21,2.4464728027029063e-21,2.447024737466721e-21,2.4475766704769585e-21,2.448128601733509e-21,2.4486805312364056e-21,2.4492324589857913e-21,2.449784384981583e-21,2.4503363092238812e-21,2.450888231712646e-21,2.4514401524480036e-21,2.451992071429949e-21,2.452543988658388e-21,2.4530959041335073e-21,2.453647817855317e-21,2.454199729800624e-21,2.454751640012705e-21,2.455303548474718e-21,2.4558554551834473e-21,2.4564073601399073e-21,2.4569592633423137e-21,2.4575111647915744e-21,2.458063064487725e-21,2.458614962430816e-21,2.4591668585130904e-21,2.459718763204701e-21,2.4602706558874586e-21,2.4608225471648352e-21,2.461374436342993e-21,2.4619263237495257e-21,2.462478208732243e-21,2.4630300919445806e-21,2.4635819741113028e-21,2.464133854525272e-21,2.4646857331894425e-21,2.4652376100979598e-21,2.4657894852538798e-21,2.466341358657112e-21,2.4668932303077203e-21,2.467445100205684e-21,2.4679969683510702e-21,2.4685488347439755e-21,2.469100699384397e-21,2.4696525595415296e-21,2.470204420631637e-21,2.4707562806394513e-21,2.4713081382708243e-21,2.471859995014212e-21,2.4724118491401704e-21,2.4729637012543413e-21,2.4735155518757904e-21,2.4740674007439335e-21,2.4746192478600807e-21,2.4751710932248522e-21,2.4757229368375737e-21,2.4762747786966423e-21,2.4768266168886583e-21,2.4773784552450483e-21,2.47793029238779e-21,2.478482127240106e-21,2.4790339603404117e-21,2.4795857916888827e-21,2.480137620925284e-21,2.4806894487702326e-21,2.4812412748630425e-21,2.481793099197398e-21,2.4823449217865567e-21,2.482896742623943e-21,2.483448561709668e-21,2.484000379043679e-21,2.484552194607148e-21,2.485104008437807e-21,2.4856558205168616e-21,2.486207631531721e-21,2.4867594427949327e-21,2.487311249619277e-21,2.487863052474913e-21,2.4884148557963886e-21,2.4889666578556165e-21,2.489518458210864e-21,2.4900702562512478e-21,2.4906220525670408e-21,2.4911738472639493e-21,2.4917256401716434e-21,2.4922774336120384e-21,2.4928292229228092e-21,2.4933810104823877e-21,2.4939327966675435e-21,2.494484580724768e-21,2.4950363630308936e-21,2.4955881435859675e-21,2.4961399067653515e-21,2.496691683823112e-21,2.497243458845573e-21,2.497795232396651e-21,2.4983470041968333e-21,2.4988987742460993e-21,2.49945054254452e-21,2.5000023090872857e-21,2.500554073723528e-21,2.501105837082561e-21,2.5016575983777574e-21,2.5022093575647003e-21,2.5027611153585748e-21,2.50331287140171e-21,2.503864625796454e-21,2.504416378235773e-21,2.5049681290255697e-21,2.5055198781832297e-21,2.506071625415844e-21,2.5066233709556704e-21,2.5071751147284747e-21,2.507726856765717e-21,2.5082785970542332e-21,2.508830335592412e-21,2.5093820723802373e-21,2.5099338074128006e-21,2.510485540700004e-21,2.5110372722369637e-21,2.5115890020237288e-21,2.5121407300602703e-21,2.5126924563467555e-21,2.5132441808830307e-21,2.513795903669203e-21,2.5143476247053653e-21,2.5148993439914317e-21,2.51545106152747e-21,2.516002777313551e-21,2.516554491349761e-21,2.5171062036359837e-21,2.517657914172239e-21,2.51820962295873e-21,2.518761329995367e-21,2.5193130352821825e-21,2.519864738819312e-21,2.520416440606677e-21,2.520968140644305e-21,2.521519838932228e-21,2.5220715354704935e-21,2.5226232302591434e-21,2.5231749232982062e-21,2.5237266145877385e-21,2.524278304127683e-21,2.5248299919181275e-21,2.525381677959181e-21,2.5259333622506798e-21,2.526485044792778e-21,2.5270367255854977e-21,2.5275884046289288e-21,2.5281400819229764e-21,2.5286917574677456e-21,2.5292434312632448e-21,2.5297951033094937e-21,2.5303467736065427e-21,2.530898442154424e-21,2.53145010895316e-21,2.5320017740027553e-21,2.532553437303244e-21,2.5331050988547383e-21,2.5336567586571663e-21,2.5342084167106307e-21,2.5347600730150437e-21,2.5353117275705227e-21,2.5358633803771e-21,2.536415031434849e-21,2.5369666807437513e-21,2.5375183283037652e-21,2.538069974115086e-21,2.538621618177548e-21,2.539173260491284e-21,2.539724901056361e-21,2.54027653987273e-21,2.5408281769405053e-21,2.5413798122596452e-21,2.5419314458301837e-21,2.542483077652113e-21,2.543034707725601e-21,2.5435863360505308e-21,2.544137962627026e-21,2.5446895874550955e-21,2.5452412105347546e-21,2.5457928318660237e-21,2.5463444514490096e-21,2.546896069283538e-21,2.5474476853698935e-21,2.547999299707944e-21,2.5485509122978172e-21,2.549102523139453e-21,2.5496541322329158e-21,2.5502057395782494e-21,2.5507573451755344e-21,2.551308949024587e-21,2.5518605511257116e-21,2.552412151478822e-21,2.552963750083852e-21,2.55351534694094e-21,2.5540669420501197e-21,2.554618535411366e-21,2.555170127024824e-21,2.5557217168903164e-21,2.556273305008076e-21,2.5568248913780634e-21,2.5573764760002554e-21,2.5579280588747336e-21,2.558479640001494e-21,2.559031219380596e-21,2.5595827970121073e-21,2.560134372895974e-21,2.5606859470322256e-21,2.561237519421017e-21,2.561789090062207e-21,2.5623406589559575e-21,2.5628922261021814e-21,2.563443791501045e-21,2.563995355152458e-21,2.5645469170565847e-21,2.5650984772133365e-21,2.5656500356227496e-21,2.566201592284905e-21,2.5667531471998005e-21,2.5673047003675045e-21,2.56785625178804e-21,2.568407801461357e-21,2.5689593493876184e-21,2.5695108955666974e-21,2.570062439998771e-21,2.57061398268373e-21,2.571165523621695e-21,2.571717062812717e-21,2.5722686002567303e-21,2.5728201359538125e-21,2.5733716699040455e-21,2.5739232021073818e-21,2.5744747325639503e-21,2.575026261273699e-21,2.5755777882366193e-21,2.576129313452783e-21,2.576680836922269e-21,2.5772323586450385e-21,2.577783878621182e-21,2.578335396850691e-21,2.57888691333359e-21,2.5794384280698755e-21,2.579989941059599e-21,2.58054145230286e-21,2.5810929617996657e-21,2.5816444695499908e-21,2.5821959755538916e-21,2.5827474798114394e-21,2.5832989823226595e-21,2.5838504830874693e-21,2.584401982106075e-21,2.5849534793783402e-21,2.585504974904342e-21,2.586056468684161e-21,2.586607960717817e-21,2.58715945100528e-21,2.5877109395466773e-21,2.5882624263418784e-21,2.5888139113910826e-21,2.5893653946942522e-21,2.5899168762513835e-21,2.5904683560626018e-21,2.5910198341277723e-21,2.591571310447042e-21,2.592122785020448e-21,2.592674257847972e-21,2.593225728929707e-21,2.593777198265618e-21,2.5943286658558213e-21,2.594880131700194e-21,2.5954315957989314e-21,2.595983058151973e-21,2.5965345187593294e-21,2.5970859776210604e-21,2.5976374347372316e-21,2.59818889010783e-21,2.598740343732959e-21,2.5992917956125158e-21,2.599843245746641e-21,2.600394694135251e-21,2.600946140778506e-21,2.601497585676409e-21,2.602049028828906e-21,2.6026004702360802e-21,2.6031519098979244e-21,2.603703347814555e-21,2.604254783985958e-21,2.6048062184120767e-21,2.605357651093056e-21,2.6059090820288747e-21,2.606460511219589e-21,2.607011938665185e-21,2.6075633643657457e-21,2.608114788321267e-21,2.6086662105317564e-21,2.609217630997354e-21,2.609769049717957e-21,2.6103204666936868e-21,2.610871881924516e-21,2.6114232954104904e-21,2.6119747071516313e-21,2.6125261171480238e-21,2.6130775253996193e-21,2.6136289319065148e-21,2.6141803366687126e-21,2.6147317396862275e-21,2.6152831409590973e-21,2.615834540487292e-21,2.6163859382708902e-21,2.61693733430999e-21,2.6174887286045435e-21,2.618040121154618e-21,2.618591511960227e-21,2.6191429010213806e-21,2.6196942883381138e-21,2.6202456739104833e-21,2.6207970577385024e-21,2.6213484398222195e-21,2.62189982016169e-21,2.622451198756837e-21,2.6230025756077693e-21,2.623553950714463e-21,2.6241053240770475e-21,2.62465669569545e-21,2.6252080655697453e-21,2.6257594336999942e-21,2.6263108000861748e-21,2.626862164728286e-21,2.6274135276264246e-21,2.627964888780603e-21,2.628516248190906e-21,2.629067605857224e-21,2.6296189617796843e-21,2.6301703159583255e-21,2.6307216683930843e-21,2.6312730190840628e-21,2.6318243680313183e-21,2.6323757152348416e-21,2.6329270606947018e-21,2.633478404410821e-21,2.6340297463833586e-21,2.6345810866122595e-21,2.635132425097603e-21,2.6356837618394093e-21,2.6362350968377466e-21,2.6367864300924918e-21,2.6373377616037982e-21,2.6378890913716615e-21,2.638440419396156e-21,2.6389917456772098e-21,2.6395430702150004e-21,2.6400943930094408e-21,2.640645714060629e-21,2.6411970333685005e-21,2.64174835093321e-21,2.6422996667546902e-21,2.6428509808329735e-21,2.6434022931681014e-21,2.6439536037601584e-21,2.6445049126091477e-21,2.6450562197150654e-21,2.6456075250779718e-21,2.6461588286978724e-21,2.646710130574891e-21,2.647261430708885e-21,2.6478127291000366e-21,2.648364025748323e-21,2.648915320653769e-21,2.6494666138164165e-21,2.650017905236239e-21,2.650569194913339e-21,2.651120482847635e-21,2.6516717690392924e-21,2.6522230534882607e-21,2.6527743361946607e-21,2.653325617158409e-21,2.653876896379647e-21,2.6544281738582768e-21,2.6549794495943843e-21,2.6555307235880048e-21,2.656081995839195e-21,2.656633266347952e-21,2.657184535114275e-21,2.65773580213825e-21,2.6582870674198664e-21,2.6588383309591983e-21,2.6593895927562558e-21,2.659940852811066e-21,2.6604921111236135e-21,2.661043367694076e-21,2.6615946225222973e-21,2.662145875608394e-21,2.6626971269523862e-21,2.6632483765542845e-21,2.6637996244141694e-21,2.6643508705320348e-21,2.664902114907886e-21,2.6654533575417973e-21,2.6660045984337846e-21,2.666555837583849e-21,2.6671070749920662e-21,2.6676583106584353e-21,2.6682095445830657e-21,2.6687607767657954e-21,2.6693120072068503e-21,2.6698632359062167e-21,2.670414462863917e-21,2.670965688079915e-21,2.671516911554252e-21,2.672068133286978e-21,2.6726193532781576e-21,2.6731705715277927e-21,2.6737217880359478e-21,2.674273002802606e-21,2.6748242158278208e-21,2.6753754271115787e-21,2.6759266366539427e-21,2.676477844454929e-21,2.6770290505146146e-21,2.6775802548329595e-21,2.6781314574101184e-21,2.678682658245975e-21,2.679233857340575e-21,2.6797850546940325e-21,2.6803362503063115e-21,2.6808874441774922e-21,2.6814386363076086e-21,2.6819898266965737e-21,2.6825410153444947e-21,2.6830922022515226e-21,2.683643387417491e-21,2.684194570842457e-21,2.6847457525265513e-21,2.6852969324697366e-21,2.6858481106720252e-21,2.686399287133527e-21,2.686950461854195e-21,2.687501634834112e-21,2.688052806073328e-21,2.688603975571733e-21,2.6891551433295316e-21,2.689706309346625e-21,2.6902574736231065e-21,2.6908086361590294e-21,2.691359796954287e-21,2.691910956009096e-21,2.6924621133233202e-21,2.693013268897052e-21,2.6935644227303857e-21,2.6941155748232898e-21,2.6946667251757753e-21,2.6952178737879285e-21,2.6957690206597613e-21,2.6963201657912133e-21,2.6968713091824852e-21,2.6974224508334865e-21,2.6979735907442314e-21,2.698524728914901e-21,2.6990758653453142e-21,2.699627000035634e-21,2.7001781329859144e-21,2.700729264196136e-21,2.701280393666244e-21,2.7018315213963618e-21,2.7023826473864433e-21,2.7029337716366133e-21,2.703484894146914e-21,2.70403601491729e-21,2.70458713394777e-21,2.70513825123846e-21,2.70568936678939e-21,2.706240480600479e-21,2.7067915926718834e-21,2.7073427030035316e-21,2.7078938115954796e-21,2.7084449184477984e-21,2.7089960235605044e-21,2.7095471269336044e-21,2.710098228567154e-21,2.7106493284611033e-21,2.7112004266156227e-21,2.7117515230306684e-21,2.7123026177062165e-21,2.7128537106423447e-21,2.7134048018391326e-21,2.713955891296526e-21,2.7145069790145854e-21,2.7150580649933933e-21,2.7156091492328882e-21,2.7161602317331307e-21,2.7167113124941927e-21,2.7172623915161414e-21,2.7178134687988505e-21,2.718364544342444e-21,2.718915618146954e-21,2.7194666902123472e-21,2.720017760538782e-21,2.720568829126176e-21,2.7211198959746607e-21,2.7216709610841406e-21,2.7222220244547556e-21,2.7227730860864247e-21,2.7233241459792367e-21,2.723875204133185e-21,2.7244262605484103e-21,2.724977315224849e-21,2.72552836816248e-21,2.72607941936147e-21,2.7266304688217133e-21,2.727181516543333e-21,2.7277325625263643e-21,2.72828360677073e-21,2.728834649276619e-21,2.7293856900439468e-21,2.7299367290727264e-21,2.7304877663630488e-21,2.7310388019149328e-21,2.7315898357284344e-21,2.7321408678034424e-21,2.7326918981401594e-21,2.733242926738559e-21,2.73379395359864e-21,2.734344978720469e-21,2.734896002104128e-21,2.7354470237495395e-21,2.7359980436567127e-21,2.7365490618258068e-21,2.7371000782567472e-21,2.7376510929496175e-21,2.7382021059043917e-21,2.738753117121168e-21,2.7393041265998962e-21,2.7398551343406834e-21,2.7404061403435076e-21,2.740957144608434e-21,2.7415081471354997e-21,2.7420591479246694e-21,2.7426101469759684e-21,2.7431611442894688e-21,2.7437121398652432e-21,2.7442631337033086e-21,2.744814125803621e-21,2.7453651161662705e-21,2.7459161047912317e-21,2.7464670916785998e-21,2.7470180768284066e-21,2.747569060240689e-21,2.7481200419153423e-21,2.74867102185256e-21,2.749222000052261e-21,2.7497729765145528e-21,2.7503239512394246e-21,2.75087492422691e-21,2.751425895477018e-21,2.751976864989839e-21,2.7525278327653167e-21,2.753078798803537e-21,2.7536297631045536e-21,2.7541807256683797e-21,2.754731686494949e-21,2.7552826455844093e-21,2.755833602936704e-21,2.756384558551929e-21,2.7569355124300674e-21,2.7574864645711875e-21,2.7580374149753144e-21,2.7585883636424154e-21,2.7591393105726386e-21,2.759690255765975e-21,2.760241199222355e-21,2.760792140941964e-21,2.761343080924671e-21,2.7618940191706187e-21,2.762444955679783e-21,2.7629958904522028e-21,2.7635468234879722e-21,2.764097754787066e-21,2.764648684349507e-21,2.7651996121753074e-21,2.7657505382645048e-21,2.766301462617132e-21,2.766852385233224e-21,2.7674033061128127e-21,2.7679542252559786e-21,2.7685051426625726e-21,2.7690560583328998e-21,2.7696069722666957e-21,2.770157884464191e-21,2.770708794925393e-21,2.771259703650342e-21,2.7718106106389494e-21,2.772361515891289e-21,2.7729124194074998e-21,2.773463321187449e-21,2.7740142212313454e-21,2.7745651195390696e-21,2.7751160161106887e-21,2.7756669109462782e-21,2.7762178040457943e-21,2.7767686954092734e-21,2.777319585036838e-21,2.777870472928454e-21,2.7784213590842164e-21,2.778972243504077e-21,2.7795231261879755e-21,2.7800740071360913e-21,2.7806248863484803e-21,2.781175763824958e-21,2.781726639565876e-21,2.7822775135710023e-21,2.7828283858404926e-21,2.7833792563743385e-21,2.7839301251724457e-21,2.784480992235051e-21,2.785031857562123e-21,2.7855827211536035e-21,2.7861335830096123e-21,2.7866844431302056e-21,2.7872353015153264e-21,2.7877861581649703e-21,2.7883370130792246e-21,2.7888878662581886e-21,2.7894387177018817e-21,2.789989567410187e-21,2.7905404153831766e-21,2.7910912616209646e-21,2.7916421061235712e-21,2.7921929488909985e-21,2.7927437899232453e-21,2.7932946292204147e-21,2.793845466782414e-21,2.7943963026093966e-21,2.794947136701364e-21,2.795497969058344e-21,2.796048799680266e-21,2.796599628567348e-21,2.7971504557194714e-21,2.7977012811367092e-21,2.7982521048190687e-21,2.798802926766686e-21,2.799353746979421e-21,2.799904565457386e-21,2.8004553822005928e-21,2.801006197209144e-21,2.801557010482988e-21,2.8021078220221578e-21,2.802658631826778e-21,2.8032094398968052e-21,2.803760246232247e-21,2.8043110508331535e-21,2.804861853699608e-21,2.8054126548315344e-21,2.8059634542290412e-21,2.806514251892041e-21,2.807065047820788e-21,2.8076158420151268e-21,2.808166634475178e-21,2.808717425200876e-21,2.8092682141923296e-21,2.809819001449476e-21,2.810369786972458e-21,2.810920570761216e-21,2.8114713528158666e-21,2.8120221331363877e-21,2.812572911722822e-21,2.8131236885751756e-21,2.813674463693549e-21,2.8142252370779073e-21,2.8147760087282247e-21,2.8153267786446213e-21,2.815877546827148e-21,2.816428313275768e-21,2.8169790779905816e-21,2.817529840971441e-21,2.8180806022186132e-21,2.818631361731912e-21,2.8191821195115287e-21,2.81973287555749e-21,2.820283629869672e-21,2.82083438244829e-21,2.8213851332932343e-21,2.8219358824046376e-21,2.822486629782433e-21,2.8230373754267015e-21,2.8235881193374616e-21,2.824138861514801e-21,2.8246896019585487e-21,2.8252403406689832e-21,2.825791077646013e-21,2.826341812889666e-21,2.8268925464000024e-21,2.827443278177092e-21,2.827994008220867e-21,2.8285447365314036e-21,2.829095463108721e-21,2.8296461879528683e-21,2.8301969110638845e-21,2.83074763244177e-21,2.831298352086518e-21,2.8318490699982332e-21,2.8323997861769176e-21,2.8329505006225856e-21,2.833501213335274e-21,2.8340519243150342e-21,2.834602633561859e-21,2.8351533410758014e-21,2.8357040468569118e-21,2.8362547509051607e-21,2.8368054532206353e-21,2.8373561538032128e-21,2.837906852653161e-21,2.83845754977034e-21,2.839008245154871e-21,2.8395589388067866e-21,2.8401096307260523e-21,2.840660320912655e-21,2.841211009366746e-21,2.841761696088325e-21,2.8423123810773466e-21,2.8428630643339735e-21,2.843413745858097e-21,2.8439644256497496e-21,2.844515103709025e-21,2.845065780035985e-21,2.8456164546305606e-21,2.8461671274929454e-21,2.8467177986229962e-21,2.847268468020854e-21,2.847819135686443e-21,2.848369801619793e-21,2.8489204658210156e-21,2.8494711282901756e-21,2.8500217890272027e-21,2.850572448032159e-21,2.85112310530514e-21,2.851673760845996e-21,2.8522244146549293e-21,2.8527750667319172e-21,2.853325717077011e-21,2.8538763656901284e-21,2.8544270125714512e-21,2.8549776577209376e-21,2.8555283011385714e-21,2.8560789428244605e-21,2.8566295827787265e-21,2.8571802210011364e-21,2.857730857491882e-21,2.8582814922509704e-21,2.8588321252784123e-21,2.8593827565743156e-21,2.85993338613867e-21,2.860484013971485e-21,2.8610346400727822e-21,2.861585264442493e-21,2.862135887080764e-21,2.862686507987689e-21,2.8632371271631186e-21,2.863787744607338e-21,2.8643383603201405e-21,2.864888974301639e-21,2.8654395865519064e-21,2.8659901970708684e-21,2.8665408058586782e-21,2.867091412915296e-21,2.8676420182406986e-21,2.868192621835034e-21,2.868743223698242e-21,2.8692938238303815e-21,2.8698444222314352e-21,2.8703950189015726e-21,2.8709456138406212e-21,2.8714962070487494e-21,2.872046798526014e-21,2.8725973882723447e-21,2.873147976287792e-21,2.8736985625724557e-21,2.8742491471262725e-21,2.8747997299493046e-21,2.8753503110416708e-21,2.8759008904031785e-21,2.8764514680340547e-21,2.877002043934372e-21,2.877552618103989e-21,2.8781031905429468e-21,2.878653761251361e-21,2.879204330229264e-21,2.879754897476607e-21,2.8803054629935055e-21,2.8808560267799497e-21,2.88140658883596e-21,2.8819571491616114e-21,2.8825077077568363e-21,2.883058264621775e-21,2.883608819756325e-21,2.884159373160659e-21,2.8847099248347725e-21,2.8852604747785994e-21,2.8858110229922946e-21,2.8863615694758005e-21,2.8869121142291175e-21,2.8874626572524123e-21,2.8880131985455916e-21,2.8885637381087648e-21,2.8891142759418815e-21,2.8896648120449782e-21,2.890215346418136e-21,2.8907658790614194e-21,2.8913164099748056e-21,2.891866939158351e-21,2.892417466612006e-21,2.892967992335801e-21,2.8935185163298847e-21,2.8940690385941802e-21,2.8946195591287454e-21,2.8951700779336776e-21,2.8957205950088893e-21,2.8962711103544756e-21,2.896821623970459e-21,2.8973721358568683e-21,2.8979226460137533e-21,2.8984731544411035e-21,2.8990236611389736e-21,2.8995741661073567e-21,2.900124669346404e-21,2.900675170855975e-21,2.90122567063616e-21,2.9017761686870282e-21,2.90232666500859e-21,2.9028771596008698e-21,2.903427652463925e-21,2.9039781435977584e-21,2.904528633002373e-21,2.9050791206777644e-21,2.9056296066240534e-21,2.906180090841247e-21,2.9067305733293795e-21,2.9072810540884214e-21,2.907831533118463e-21,2.9083820104195543e-21,2.908932485991621e-21,2.909482959834697e-21,2.910033431948961e-21,2.910583902334371e-21,2.9111343709909307e-21,2.9116848379186348e-21,2.9122353031175436e-21,2.912785766587695e-21,2.913336228329136e-21,2.9138866883419293e-21,2.914437146625958e-21,2.9149876031813624e-21,2.9155380580082166e-21,2.9160885111064282e-21,2.9166389624761464e-21,2.9171894121173386e-21,2.9177398600299335e-21,2.9182903062141624e-21,2.9188407506699105e-21,2.919391193397371e-21,2.9199416343963617e-21,2.92049207366697e-21,2.9210425112093963e-21,2.9215929470233647e-21,2.9221433811091767e-21,2.922693813466691e-21,2.9232442440961257e-21,2.9237946729973278e-21,2.9243451001703012e-21,2.924895525615252e-21,2.925445949332048e-21,2.9259963713208824e-21,2.9265467915815943e-21,2.9270972101143652e-21,2.927647626919169e-21,2.9281980419960387e-21,2.9287484553450617e-21,2.9292988669660985e-21,2.9298492768593715e-21,2.930399685024782e-21,2.9309500914624088e-21,2.931500496172178e-21,2.932050899154303e-21,2.932601300408724e-21,2.933151699935467e-21,2.933702097734492e-21,2.934252493805991e-21,2.9348028881499375e-21,2.935353279707994e-21,2.935903669531084e-21,2.9364540576203623e-21,2.9370044439758373e-21,2.937554828597187e-21,2.9381052114847905e-21,2.9386555926389265e-21,2.939205972059504e-21,2.939756349745764e-21,2.940306725699595e-21,2.940857099920272e-21,2.9414074724079386e-21,2.9419578431623554e-21,2.942508212183338e-21,2.943058579472832e-21,2.9436089450285067e-21,2.9441593088525826e-21,2.944709670943581e-21,2.945260031301857e-21,2.94581038992759e-21,2.9463607468214343e-21,2.946911101983031e-21,2.947461455412808e-21,2.948011807110846e-21,2.9485621570774676e-21,2.9491125053119305e-21,2.9496628518151578e-21,2.9502131965863026e-21,2.950763539626323e-21,2.9513138809347537e-21,2.951864220511782e-21,2.9524145583577157e-21,2.952964894472944e-21,2.9535152288572906e-21,2.9540655615109905e-21,2.954615892433829e-21,2.955166221625409e-21,2.955716549087108e-21,2.956266874818532e-21,2.956817198819016e-21,2.957367522357194e-21,2.957917844168989e-21,2.9584681642544065e-21,2.959018482613696e-21,2.959568799246575e-21,2.9601191141532413e-21,2.960669427333714e-21,2.9612197387879125e-21,2.961770048516053e-21,2.962320356518063e-21,2.9628706627939143e-21,2.9634209673437553e-21,2.9639712701675354e-21,2.9645215712653546e-21,2.9650718706371867e-21,2.965622168283045e-21,2.966172464202924e-21,2.966722758396909e-21,2.967273050865103e-21,2.9678233416074297e-21,2.968373630624028e-21,2.968923917914766e-21,2.9694742034797688e-21,2.9700244873191033e-21,2.9705747694327633e-21,2.9711250498207396e-21,2.9716753284831056e-21,2.9722256054198004e-21,2.9727758806309944e-21,2.9733261541165898e-21,2.9738764258766587e-21,2.9744266959112987e-21,2.974976964220467e-21,2.975527230804154e-21,2.976077495662539e-21,2.9766277587954714e-21,2.977178020203107e-21,2.977728279885503e-21,2.9782785378425662e-21,2.978828794074379e-21,2.9793790485809623e-21,2.9799293013623195e-21,2.9804795524185817e-21,2.981029801749664e-21,2.981580049355691e-21,2.9821302952365626e-21,2.982680539392462e-21,2.9832307818233352e-21,2.9837810225291474e-21,2.984331261510085e-21,2.984881498766107e-21,2.985431734297214e-21,2.9859819681034015e-21,2.9865322001847866e-21,2.987082430541336e-21,2.987632659173104e-21,2.98818288608009e-21,2.9887331112623312e-21,2.9892833347199816e-21,2.9898335564529685e-21,2.9903837764613175e-21,2.9909339947450692e-21,2.991484211304204e-21,2.9920344261387176e-21,2.9925846392487914e-21,2.9931348506343067e-21,2.9936850602953604e-21,2.9942352682320088e-21,2.99478547444432e-21,2.995335678932173e-21,2.9958858816957042e-21,2.996436082734984e-21,2.996986282049923e-21,2.9975364796406233e-21,2.9980866755071294e-21,2.9986368696493673e-21,2.999187062067406e-21,2.999737252761366e-21,3.0002874417312304e-21,3.0008376289769427e-21,3.0013878144987106e-21,3.0019379982964726e-21,3.0024881803702576e-21,3.003038360719977e-21,3.0035885393457668e-21,3.0041387162477208e-21,3.0046888914257223e-21,3.0052390648799265e-21,3.005789236610245e-21,3.0063394066168227e-21,3.0068895748996918e-21,3.007439741458801e-21,3.0079899062940895e-21,3.0085400694058427e-21,3.0090902307939164e-21,3.0096403904583404e-21,3.0101905483991846e-21,3.010740704616502e-21,3.0112908591102394e-21,3.0118410118967297e-21,3.012391162959848e-21,3.0129413122996375e-21,3.0134914599160013e-21,3.014041605809115e-21,3.0145917499789903e-21,3.015141892425574e-21,3.015692033148915e-21,3.016242172149087e-21,3.0167923094261894e-21,3.0173424449801285e-21,3.017892578811014e-21,3.0184427109187743e-21,3.0189928413034854e-21,3.0195429699652134e-21,3.0200930969039344e-21,3.020643222119718e-21,3.021193345612567e-21,3.021743467382571e-21,3.022293587429692e-21,3.0228437057538658e-21,3.0233938223553588e-21,3.023943937234011e-21,3.0244940503899394e-21,3.0250441618231264e-21,3.0255942715335844e-21,3.0261443795214374e-21,3.0266944857866054e-21,3.0272445903291893e-21,3.027794693149174e-21,3.0283447942466432e-21,3.0288948936215625e-21,3.029444991274013e-21,3.0299950872039336e-21,3.030545181411474e-21,3.031095273896665e-21,3.0316453646593585e-21,3.0321954536997294e-21,3.0327455409863098e-21,3.033295626552424e-21,3.0338457103977917e-21,3.034395792522566e-21,3.034945872927079e-21,3.0354959516111305e-21,3.0360460285746485e-21,3.0365961038177807e-21,3.037146177340922e-21,3.0376962491436275e-21,3.0382463192262015e-21,3.0387963875885254e-21,3.039346454230723e-21,3.039896519153047e-21,3.040446582355449e-21,3.0409966438378978e-21,3.04154670360032e-21,3.0420967616430535e-21,3.0426468179660087e-21,3.043196872569231e-21,3.043746925452921e-21,3.044296976617193e-21,3.044847026061933e-21,3.0453970737871828e-21,3.0459471197926246e-21,3.0464971640789442e-21,3.0470472066458552e-21,3.0475972474938775e-21,3.0481472866224367e-21,3.048697324031838e-21,3.049247359722442e-21,3.0497973936937607e-21,3.0503474259465483e-21,3.0508974564804928e-21,3.0514474852954394e-21
