,0,1,2,3,4,5,6,7,8,9,10,11,12,13,14,15,16,17,18,19,20,21,22,23,24,25,26,27,28,29,30,31,32,33,34,35,36,37,38,39,40,41,42,43,44,45,46,47,48,49,50,51,52,53,54,55,56,57,58,59,60,61,62,63,64,65,66,67,68,69,70,71,72,73,74,75,76,77,78,79,80,81,82,83,84,85,86,87,88,89,90,91,92,93,94,95,96,97,98,99,100,101,102,103,104,105,106,107,108,109,110,111,112,113,114,115,116,117,118,119,120,121,122,123,124,125,126,127,128,129,130,131,132,133,134,135,136,137,138,139,140,141,142,143,144,145,146,147,148,149,150,151,152,153,154,155,156,157,158,159,160,161,162,163,164,165,166,167,168,169,170,171,172,173,174,175,176,177,178,179,180,181,182,183,184,185,186,187,188,189,190,191,192,193,194,195,196,197,198,199,200,201,202,203,204,205,206,207,208,209,210,211,212,213,214,215,216,217,218,219,220,221,222,223,224,225,226,227,228,229,230,231,232,233,234,235,236,237,238,239,240,241,242,243,244,245,246,247,248,249,250,251,252,253,254,255,256,257,258,259,260,261,262,263,264,265,266,267,268,269,270,271,272,273,274,275,276,277,278,279,280,281,282,283,284,285,286,287,288,289,290,291,292,293,294,295,296,297,298,299,300,301,302,303,304,305,306,307,308,309,310,311,312,313,314,315,316,317,318,319,320,321,322,323,324,325,326,327,328,329,330,331,332,333,334,335,336,337,338,339,340,341,342,343,344,345,346,347,348,349,350,351,352,353,354,355,356,357,358,359,360,361,362,363,364,365,366,367,368,369,370,371,372,373,374,375,376,377,378,379,380,381,382,383,384,385,386,387,388,389,390,391,392,393,394,395,396,397,398,399,400,401,402,403,404,405,406,407,408,409,410,411,412,413,414,415,416,417,418,419,420,421,422,423,424,425,426,427,428,429,430,431,432,433,434,435,436,437,438,439,440,441,442,443,444,445,446,447,448,449,450,451,452,453,454,455,456,457,458,459,460,461,462,463,464,465,466,467,468,469,470,471,472,473,474,475,476,477,478,479,480,481,482,483,484,485,486,487,488,489,490,491,492,493,494,495,496,497,498,499,500,501,502,503,504,505,506,507,508,509,510,511,512,513,514,515,516,517,518,519,520,521,522,523,524,525,526,527,528,529,530,531,532,533,534,535,536,537,538,539,540,541,542,543,544,545,546,547,548,549,550,551,552,553,554,555,556,557,558,559,560,561,562,563,564,565,566,567,568,569,570,571,572,573,574,575,576,577,578,579,580,581,582,583,584,585,586,587,588,589,590,591,592,593,594,595,596,597,598,599,600,601,602,603,604,605,606,607,608,609,610,611,612,613,614,615,616,617,618,619,620,621,622,623,624,625,626,627,628,629,630,631,632,633,634,635,636,637,638,639,640,641,642,643,644,645,646,647,648,649,650,651,652,653,654,655,656,657,658,659,660,661,662,663,664,665,666,667,668,669,670,671,672,673,674,675,676,677,678,679,680,681,682,683,684,685,686,687,688,689,690,691,692,693,694,695,696,697,698,699,700,701,702,703,704,705,706,707,708,709,710,711,712,713,714,715,716,717,718,719,720,721,722,723,724,725,726,727,728,729,730,731,732,733,734,735,736,737,738,739,740,741,742,743,744,745,746,747,748,749,750,751,752,753,754,755,756,757,758,759,760,761,762,763,764,765,766,767,768,769,770,771,772,773,774,775,776,777,778,779,780,781,782,783,784,785,786,787,788,789,790,791,792,793,794,795,796,797,798,799,800,801,802,803,804,805,806,807,808,809,810,811,812,813,814,815,816,817,818,819,820,821,822,823,824,825,826,827,828,829,830,831,832,833,834,835,836,837,838,839,840,841,842,843,844,845,846,847,848,849,850,851,852,853,854,855,856,857,858,859,860,861,862,863,864,865,866,867,868,869,870,871,872,873,874,875,876,877,878,879,880,881,882,883,884,885,886,887,888,889,890,891,892,893,894,895,896,897,898,899,900,901,902,903,904,905,906,907,908,909,910,911,912,913,914,915,916,917,918,919,920,921,922,923,924,925,926,927,928,929,930,931,932,933,934,935,936,937,938,939,940,941,942,943,944,945,946,947,948,949,950,951,952,953,954,955,956,957,958,959,960,961,962,963,964,965,966,967,968,969,970,971,972,973,974,975,976,977,978,979,980,981,982,983,984,985,986,987,988,989,990,991,992,993,994,995,996,997,998,999,1000,1001,1002,1003,1004,1005,1006,1007,1008,1009,1010,1011,1012,1013,1014,1015,1016,1017,1018,1019,1020,1021,1022,1023,1024,1025,1026,1027,1028,1029,1030,1031,1032,1033,1034,1035,1036,1037,1038,1039,1040,1041,1042,1043,1044,1045,1046,1047,1048,1049,1050,1051,1052,1053,1054,1055,1056,1057,1058,1059,1060,1061,1062,1063,1064,1065,1066,1067,1068,1069,1070,1071,1072,1073,1074,1075,1076,1077,1078,1079,1080,1081,1082,1083,1084,1085,1086,1087,1088,1089,1090,1091,1092,1093,1094,1095,1096,1097,1098,1099,1100,1101,1102,1103,1104,1105,1106,1107,1108,1109,1110,1111,1112,1113,1114,1115,1116,1117,1118,1119,1120,1121,1122,1123,1124,1125,1126,1127,1128,1129,1130,1131,1132,1133,1134,1135,1136,1137,1138,1139,1140,1141,1142,1143,1144,1145,1146,1147,1148,1149,1150,1151,1152,1153,1154,1155,1156,1157,1158,1159,1160,1161,1162,1163,1164,1165,1166,1167,1168,1169,1170,1171,1172,1173,1174,1175,1176,1177,1178,1179,1180,1181,1182,1183,1184,1185,1186,1187,1188,1189,1190,1191,1192,1193,1194,1195,1196,1197,1198,1199,1200,1201,1202,1203,1204,1205,1206,1207,1208,1209,1210,1211,1212,1213,1214,1215,1216,1217,1218,1219,1220,1221,1222,1223,1224,1225,1226,1227,1228,1229,1230,1231,1232,1233,1234,1235,1236,1237,1238,1239,1240,1241,1242,1243,1244,1245,1246,1247,1248,1249,1250,1251,1252,1253,1254,1255,1256,1257,1258,1259,1260,1261,1262,1263,1264,1265,1266,1267,1268,1269,1270,1271,1272,1273,1274,1275,1276,1277,1278,1279,1280,1281,1282,1283,1284,1285,1286,1287,1288,1289,1290,1291,1292,1293,1294,1295,1296,1297,1298,1299,1300,1301,1302,1303,1304,1305,1306,1307,1308,1309,1310,1311,1312,1313,1314,1315,1316,1317,1318,1319,1320,1321,1322,1323,1324,1325,1326,1327,1328,1329,1330,1331,1332,1333,1334,1335,1336,1337,1338,1339,1340,1341,1342,1343,1344,1345,1346,1347,1348,1349,1350,1351,1352,1353,1354,1355,1356,1357,1358,1359,1360,1361,1362,1363,1364,1365,1366,1367,1368,1369,1370,1371,1372,1373,1374,1375,1376,1377,1378,1379,1380,1381,1382,1383,1384,1385,1386,1387,1388,1389,1390,1391,1392,1393,1394,1395,1396,1397,1398,1399,1400,1401,1402,1403,1404,1405,1406,1407,1408,1409,1410,1411,1412,1413,1414,1415,1416,1417,1418,1419,1420,1421,1422,1423,1424,1425,1426,1427,1428,1429,1430,1431,1432,1433,1434,1435,1436,1437,1438,1439,1440,1441,1442,1443,1444,1445,1446,1447,1448,1449,1450,1451,1452,1453,1454,1455,1456,1457,1458,1459,1460,1461,1462,1463,1464,1465,1466,1467,1468,1469,1470,1471,1472,1473,1474,1475,1476,1477,1478,1479,1480,1481,1482,1483,1484,1485,1486,1487,1488,1489,1490,1491,1492,1493,1494,1495,1496,1497,1498,1499,1500,1501,1502,1503,1504,1505,1506,1507,1508,1509,1510,1511,1512,1513,1514,1515,1516,1517,1518,1519,1520,1521,1522,1523,1524,1525,1526,1527,1528,1529,1530,1531,1532,1533,1534,1535,1536,1537,1538,1539,1540,1541,1542,1543,1544,1545,1546,1547,1548,1549,1550,1551,1552,1553,1554,1555,1556,1557,1558,1559,1560,1561,1562,1563,1564,1565,1566,1567,1568,1569,1570,1571,1572,1573,1574,1575,1576,1577,1578,1579,1580,1581,1582,1583,1584,1585,1586,1587,1588,1589,1590,1591,1592,1593,1594,1595,1596,1597,1598,1599,1600,1601,1602,1603,1604,1605,1606,1607,1608,1609,1610,1611,1612,1613,1614,1615,1616,1617,1618,1619,1620,1621,1622,1623,1624,1625,1626,1627,1628,1629,1630,1631,1632,1633,1634,1635,1636,1637,1638,1639,1640,1641,1642,1643,1644,1645,1646,1647,1648,1649,1650,1651,1652,1653,1654,1655,1656,1657,1658,1659,1660,1661,1662,1663,1664,1665,1666,1667,1668,1669,1670,1671,1672,1673,1674,1675,1676,1677,1678,1679,1680,1681,1682,1683,1684,1685,1686,1687,1688,1689,1690,1691,1692,1693,1694,1695,1696,1697,1698,1699,1700,1701,1702,1703,1704,1705,1706,1707,1708,1709,1710,1711,1712,1713,1714,1715,1716,1717,1718,1719,1720,1721,1722,1723,1724,1725,1726,1727,1728,1729,1730,1731,1732,1733,1734,1735,1736,1737,1738,1739,1740,1741,1742,1743,1744,1745,1746,1747,1748,1749,1750,1751,1752,1753,1754,1755,1756,1757,1758,1759,1760,1761,1762,1763,1764,1765,1766,1767,1768,1769,1770,1771,1772,1773,1774,1775,1776,1777,1778,1779,1780,1781,1782,1783,1784,1785,1786,1787,1788,1789,1790,1791,1792,1793,1794,1795,1796,1797,1798,1799,1800,1801,1802,1803,1804,1805,1806,1807,1808,1809,1810,1811,1812,1813,1814,1815,1816,1817,1818,1819,1820,1821,1822,1823,1824,1825,1826,1827,1828,1829,1830,1831,1832,1833,1834,1835,1836,1837,1838,1839,1840,1841,1842,1843,1844,1845,1846,1847,1848,1849,1850,1851,1852,1853,1854,1855,1856,1857,1858,1859,1860,1861,1862,1863,1864,1865,1866,1867,1868,1869,1870,1871,1872,1873,1874,1875,1876,1877,1878,1879,1880,1881,1882,1883,1884,1885,1886,1887,1888,1889,1890,1891,1892,1893,1894,1895,1896,1897,1898,1899,1900,1901,1902,1903,1904,1905,1906,1907,1908,1909,1910,1911,1912,1913,1914,1915,1916,1917,1918,1919,1920,1921,1922,1923,1924,1925,1926,1927,1928,1929,1930,1931,1932,1933,1934,1935,1936,1937,1938,1939,1940,1941,1942,1943,1944,1945,1946,1947,1948,1949,1950,1951,1952,1953,1954,1955,1956,1957,1958,1959,1960,1961,1962,1963,1964,1965,1966,1967,1968,1969,1970,1971,1972,1973,1974,1975,1976,1977,1978,1979,1980,1981,1982,1983,1984,1985,1986,1987,1988,1989,1990,1991,1992,1993,1994,1995,1996,1997,1998,1999,2000,2001,2002,2003,2004,2005,2006,2007,2008,2009,2010,2011,2012,2013,2014,2015,2016,2017,2018,2019,2020,2021,2022,2023,2024,2025,2026,2027,2028,2029,2030,2031,2032,2033,2034,2035,2036,2037,2038,2039,2040,2041,2042,2043,2044,2045,2046,2047,2048,2049,2050,2051,2052,2053,2054,2055,2056,2057,2058,2059,2060,2061,2062,2063,2064,2065,2066,2067,2068,2069,2070,2071,2072,2073,2074,2075,2076,2077,2078,2079,2080,2081,2082,2083,2084,2085,2086,2087,2088,2089,2090,2091,2092,2093,2094,2095,2096,2097,2098,2099,2100,2101,2102,2103,2104,2105,2106,2107,2108,2109,2110,2111,2112,2113,2114,2115,2116,2117,2118,2119,2120,2121,2122,2123,2124,2125,2126,2127,2128,2129,2130,2131,2132,2133,2134,2135,2136,2137,2138,2139,2140,2141,2142,2143,2144,2145,2146,2147,2148,2149,2150,2151,2152,2153,2154,2155,2156,2157,2158,2159,2160,2161,2162,2163,2164,2165,2166,2167,2168,2169,2170,2171,2172,2173,2174,2175,2176,2177,2178,2179,2180,2181,2182,2183,2184,2185,2186,2187,2188,2189,2190,2191,2192,2193,2194,2195,2196,2197,2198,2199,2200,2201,2202,2203,2204,2205,2206,2207,2208,2209,2210,2211,2212,2213,2214,2215,2216,2217,2218,2219,2220,2221,2222,2223,2224,2225,2226,2227,2228,2229,2230,2231,2232,2233,2234,2235,2236,2237,2238,2239,2240,2241,2242,2243,2244,2245,2246,2247,2248,2249,2250,2251,2252,2253,2254,2255,2256,2257,2258,2259,2260,2261,2262,2263,2264,2265,2266,2267,2268,2269,2270,2271,2272,2273,2274,2275,2276,2277,2278,2279,2280,2281,2282,2283,2284,2285,2286,2287,2288,2289,2290,2291,2292,2293,2294,2295,2296,2297,2298,2299,2300,2301,2302,2303,2304,2305,2306,2307,2308,2309,2310,2311,2312,2313,2314,2315,2316,2317,2318,2319,2320,2321,2322,2323,2324,2325,2326,2327,2328,2329,2330,2331,2332,2333,2334,2335,2336,2337,2338,2339,2340,2341,2342,2343,2344,2345,2346,2347,2348,2349,2350,2351,2352,2353,2354,2355,2356,2357,2358,2359,2360,2361,2362,2363,2364,2365,2366,2367,2368,2369,2370,2371,2372,2373,2374,2375,2376,2377,2378,2379,2380,2381,2382,2383,2384,2385,2386,2387,2388,2389,2390,2391,2392,2393,2394,2395,2396,2397,2398,2399,2400,2401,2402,2403,2404,2405,2406,2407,2408,2409,2410,2411,2412,2413,2414,2415,2416,2417,2418,2419,2420,2421,2422,2423,2424,2425,2426,2427,2428,2429,2430,2431,2432,2433,2434,2435,2436,2437,2438,2439,2440,2441,2442,2443,2444,2445,2446,2447,2448,2449,2450,2451,2452,2453,2454,2455,2456,2457,2458,2459,2460,2461,2462,2463,2464,2465,2466,2467,2468,2469,2470,2471,2472,2473,2474,2475,2476,2477,2478,2479,2480,2481,2482,2483,2484,2485,2486,2487,2488,2489,2490,2491,2492,2493,2494,2495,2496,2497,2498,2499,2500,2501,2502,2503,2504,2505,2506,2507,2508,2509,2510,2511,2512,2513,2514,2515,2516,2517,2518,2519,2520,2521,2522,2523,2524,2525,2526,2527,2528,2529,2530,2531,2532,2533,2534,2535,2536,2537,2538,2539,2540,2541,2542,2543,2544,2545,2546,2547,2548,2549,2550,2551,2552,2553,2554,2555,2556,2557,2558,2559,2560,2561,2562,2563,2564,2565,2566,2567,2568,2569,2570,2571,2572,2573,2574,2575,2576,2577,2578,2579,2580,2581,2582,2583,2584,2585,2586,2587,2588,2589,2590,2591,2592,2593,2594,2595,2596,2597,2598,2599,2600,2601,2602,2603,2604,2605,2606,2607,2608,2609,2610,2611,2612,2613,2614,2615,2616,2617,2618,2619,2620,2621,2622,2623,2624,2625,2626,2627,2628,2629,2630,2631,2632,2633,2634,2635,2636,2637,2638,2639,2640,2641,2642,2643,2644,2645,2646,2647,2648,2649,2650,2651,2652,2653,2654,2655,2656,2657,2658,2659,2660,2661,2662,2663,2664,2665,2666,2667,2668,2669,2670,2671,2672,2673,2674,2675,2676,2677,2678,2679,2680,2681,2682,2683,2684,2685,2686,2687,2688,2689,2690,2691,2692,2693,2694,2695,2696,2697,2698,2699,2700,2701,2702,2703,2704,2705,2706,2707,2708,2709,2710,2711,2712,2713,2714,2715,2716,2717,2718,2719,2720,2721,2722,2723,2724,2725,2726,2727,2728,2729,2730,2731,2732,2733,2734,2735,2736,2737,2738,2739,2740,2741,2742,2743,2744,2745,2746,2747,2748,2749,2750,2751,2752,2753,2754,2755,2756,2757,2758,2759,2760,2761,2762,2763,2764,2765,2766,2767,2768,2769,2770,2771,2772,2773,2774,2775,2776,2777,2778,2779,2780,2781,2782,2783,2784,2785,2786,2787,2788,2789,2790,2791,2792,2793,2794,2795,2796,2797,2798,2799,2800,2801,2802,2803,2804,2805,2806,2807,2808,2809,2810,2811,2812,2813,2814,2815,2816,2817,2818,2819,2820,2821,2822,2823,2824,2825,2826,2827,2828,2829,2830,2831,2832,2833,2834,2835,2836,2837,2838,2839,2840,2841,2842,2843,2844,2845,2846,2847,2848,2849,2850,2851,2852,2853,2854,2855,2856,2857,2858,2859,2860,2861,2862,2863,2864,2865,2866,2867,2868,2869,2870,2871,2872,2873,2874,2875,2876,2877,2878,2879,2880,2881,2882,2883,2884,2885,2886,2887,2888,2889,2890,2891,2892,2893,2894,2895,2896,2897,2898,2899,2900,2901,2902,2903,2904,2905,2906,2907,2908,2909,2910,2911,2912,2913,2914,2915,2916,2917,2918,2919,2920,2921,2922,2923,2924,2925,2926,2927,2928,2929,2930,2931,2932,2933,2934,2935,2936,2937,2938,2939,2940,2941,2942,2943,2944,2945,2946,2947,2948,2949,2950,2951,2952,2953,2954,2955,2956,2957,2958,2959,2960,2961,2962,2963,2964,2965,2966,2967,2968,2969,2970,2971,2972,2973,2974,2975,2976,2977,2978,2979,2980,2981,2982,2983,2984,2985,2986,2987,2988,2989,2990,2991,2992,2993,2994,2995,2996,2997,2998,2999,3000,3001,3002,3003,3004,3005,3006,3007,3008,3009,3010,3011,3012,3013,3014,3015,3016,3017,3018,3019,3020,3021,3022,3023,3024,3025,3026,3027,3028,3029,3030,3031,3032,3033,3034,3035,3036,3037,3038,3039,3040,3041,3042,3043,3044,3045,3046,3047,3048,3049,3050,3051,3052,3053,3054,3055,3056,3057,3058,3059,3060,3061,3062,3063,3064,3065,3066,3067,3068,3069,3070,3071,3072,3073,3074,3075,3076,3077,3078,3079,3080,3081,3082,3083,3084,3085,3086,3087,3088,3089,3090,3091,3092,3093,3094,3095,3096,3097,3098,3099,3100,3101,3102,3103,3104,3105,3106,3107,3108,3109,3110,3111,3112,3113,3114,3115,3116,3117,3118,3119,3120,3121,3122,3123,3124,3125,3126,3127,3128,3129,3130,3131,3132,3133,3134,3135,3136,3137,3138,3139,3140,3141,3142,3143,3144,3145,3146,3147,3148,3149,3150,3151,3152,3153,3154,3155,3156,3157,3158,3159,3160,3161,3162,3163,3164,3165,3166,3167,3168,3169,3170,3171,3172,3173,3174,3175,3176,3177,3178,3179,3180,3181,3182,3183,3184,3185,3186,3187,3188,3189,3190,3191,3192,3193,3194,3195,3196,3197,3198,3199,3200,3201,3202,3203,3204,3205,3206,3207,3208,3209,3210,3211,3212,3213,3214,3215,3216,3217,3218,3219,3220,3221,3222,3223,3224,3225,3226,3227,3228,3229,3230,3231,3232,3233,3234,3235,3236,3237,3238,3239,3240,3241,3242,3243,3244,3245,3246,3247,3248,3249,3250,3251,3252,3253,3254,3255,3256,3257,3258,3259,3260,3261,3262,3263,3264,3265,3266,3267,3268,3269,3270,3271,3272,3273,3274,3275,3276,3277,3278,3279,3280,3281,3282,3283,3284,3285,3286,3287,3288,3289,3290,3291,3292,3293,3294,3295,3296,3297,3298,3299,3300,3301,3302,3303,3304,3305,3306,3307,3308,3309,3310,3311,3312,3313,3314,3315,3316,3317,3318,3319,3320,3321,3322,3323,3324,3325,3326,3327,3328,3329,3330,3331,3332,3333,3334,3335,3336,3337,3338,3339,3340,3341,3342,3343,3344,3345,3346,3347,3348,3349,3350,3351,3352,3353,3354,3355,3356,3357,3358,3359,3360,3361,3362,3363,3364,3365,3366,3367,3368,3369,3370,3371,3372,3373,3374,3375,3376,3377,3378,3379,3380,3381,3382,3383,3384,3385,3386,3387,3388,3389,3390,3391,3392,3393,3394,3395,3396,3397,3398,3399,3400,3401,3402,3403,3404,3405,3406,3407,3408,3409,3410,3411,3412,3413,3414,3415,3416,3417,3418,3419,3420,3421,3422,3423,3424,3425,3426,3427,3428,3429,3430,3431,3432,3433,3434,3435,3436,3437,3438,3439,3440,3441,3442,3443,3444,3445,3446,3447,3448,3449,3450,3451,3452,3453,3454,3455,3456,3457,3458,3459,3460,3461,3462,3463,3464,3465,3466,3467,3468,3469,3470,3471,3472,3473,3474,3475,3476,3477,3478,3479,3480,3481,3482,3483,3484,3485,3486,3487,3488,3489,3490,3491,3492,3493,3494,3495,3496,3497,3498,3499,3500,3501,3502,3503,3504,3505,3506,3507,3508,3509,3510,3511,3512,3513,3514,3515,3516,3517,3518,3519,3520,3521,3522,3523,3524,3525,3526,3527,3528,3529,3530,3531,3532,3533,3534,3535,3536,3537,3538,3539,3540,3541,3542,3543,3544,3545,3546,3547,3548,3549,3550,3551,3552,3553,3554,3555,3556,3557,3558,3559,3560,3561,3562,3563,3564,3565,3566,3567,3568,3569,3570,3571,3572,3573,3574,3575,3576,3577,3578,3579,3580,3581,3582,3583,3584,3585,3586,3587,3588,3589,3590,3591,3592,3593,3594,3595,3596,3597,3598,3599,3600,3601,3602,3603,3604,3605,3606,3607,3608,3609,3610,3611,3612,3613,3614,3615,3616,3617,3618,3619,3620,3621,3622,3623,3624,3625,3626,3627,3628,3629,3630,3631,3632,3633,3634,3635,3636,3637,3638,3639,3640,3641,3642,3643,3644,3645,3646,3647,3648,3649,3650,3651,3652,3653,3654,3655,3656,3657,3658,3659,3660,3661,3662,3663,3664,3665,3666,3667,3668,3669,3670,3671,3672,3673,3674,3675,3676,3677,3678,3679,3680,3681,3682,3683,3684,3685,3686,3687,3688,3689,3690,3691,3692,3693,3694,3695,3696,3697,3698,3699,3700,3701,3702,3703,3704,3705,3706,3707,3708,3709,3710,3711,3712,3713,3714,3715,3716,3717,3718,3719,3720,3721,3722,3723,3724,3725,3726,3727,3728,3729,3730,3731,3732,3733,3734,3735,3736,3737,3738,3739,3740,3741,3742,3743,3744,3745,3746,3747,3748,3749,3750,3751,3752,3753,3754,3755,3756,3757,3758,3759,3760,3761,3762,3763,3764,3765,3766,3767,3768,3769,3770,3771,3772,3773,3774,3775,3776,3777,3778,3779,3780,3781,3782,3783,3784,3785,3786,3787,3788,3789,3790,3791,3792,3793,3794,3795,3796,3797,3798,3799,3800,3801,3802,3803,3804,3805,3806,3807,3808,3809,3810,3811,3812,3813,3814,3815,3816,3817,3818,3819,3820,3821,3822,3823,3824,3825,3826,3827,3828,3829,3830,3831,3832,3833,3834,3835,3836,3837,3838,3839,3840,3841,3842,3843,3844,3845,3846,3847,3848,3849,3850,3851,3852,3853,3854,3855,3856,3857,3858,3859,3860,3861,3862,3863,3864,3865,3866,3867,3868,3869,3870,3871,3872,3873,3874,3875,3876,3877,3878,3879,3880,3881,3882,3883,3884,3885,3886,3887,3888,3889,3890,3891,3892,3893,3894,3895,3896,3897,3898,3899,3900,3901,3902,3903,3904,3905,3906,3907,3908,3909,3910,3911,3912,3913,3914,3915,3916,3917,3918,3919,3920,3921,3922,3923,3924,3925,3926,3927,3928,3929,3930,3931,3932,3933,3934,3935,3936,3937,3938,3939,3940,3941,3942,3943,3944,3945,3946,3947,3948,3949,3950,3951,3952,3953,3954,3955,3956,3957,3958,3959,3960,3961,3962,3963,3964,3965,3966,3967,3968,3969,3970,3971,3972,3973,3974,3975,3976,3977,3978,3979,3980,3981,3982,3983,3984,3985,3986,3987,3988,3989,3990,3991,3992,3993,3994,3995,3996,3997,3998,3999,4000,4001,4002,4003,4004,4005,4006,4007,4008,4009,4010,4011,4012,4013,4014,4015,4016,4017,4018,4019,4020,4021,4022,4023,4024,4025,4026,4027,4028,4029,4030,4031,4032,4033,4034,4035,4036,4037,4038,4039,4040,4041,4042,4043,4044,4045,4046,4047,4048,4049,4050,4051,4052,4053,4054,4055,4056,4057,4058,4059,4060,4061,4062,4063,4064,4065,4066,4067,4068,4069,4070,4071,4072,4073,4074,4075,4076,4077,4078,4079,4080,4081,4082,4083,4084,4085,4086,4087,4088,4089,4090,4091,4092,4093,4094,4095,4096,4097,4098,4099,4100,4101,4102,4103,4104,4105,4106,4107,4108,4109,4110,4111,4112,4113,4114,4115,4116,4117,4118,4119,4120,4121,4122,4123,4124,4125,4126,4127,4128,4129,4130,4131,4132,4133,4134,4135,4136,4137,4138,4139,4140,4141,4142,4143,4144,4145,4146,4147,4148,4149,4150,4151,4152,4153,4154,4155,4156,4157,4158,4159,4160,4161,4162,4163,4164,4165,4166,4167,4168,4169,4170,4171,4172,4173,4174,4175,4176,4177,4178,4179,4180,4181,4182,4183,4184,4185,4186,4187,4188,4189,4190,4191,4192,4193,4194,4195,4196,4197,4198,4199,4200,4201,4202,4203,4204,4205,4206,4207,4208,4209,4210,4211,4212,4213,4214,4215,4216,4217,4218,4219,4220,4221,4222,4223,4224,4225,4226,4227,4228,4229,4230,4231,4232,4233,4234,4235,4236,4237,4238,4239,4240,4241,4242,4243,4244,4245,4246,4247,4248,4249,4250,4251,4252,4253,4254,4255,4256,4257,4258,4259,4260,4261,4262,4263,4264,4265,4266,4267,4268,4269,4270,4271,4272,4273,4274,4275,4276,4277,4278,4279,4280,4281,4282,4283,4284,4285,4286,4287,4288,4289,4290,4291,4292,4293,4294,4295,4296,4297,4298,4299,4300,4301,4302,4303,4304,4305,4306,4307,4308,4309,4310,4311,4312,4313,4314,4315,4316,4317,4318,4319,4320,4321,4322,4323,4324,4325,4326,4327,4328,4329,4330,4331,4332,4333,4334,4335,4336,4337,4338,4339,4340,4341,4342,4343,4344,4345,4346,4347,4348,4349,4350,4351,4352,4353,4354,4355,4356,4357,4358,4359,4360,4361,4362,4363,4364,4365,4366,4367,4368,4369,4370,4371,4372,4373,4374,4375,4376,4377,4378,4379,4380,4381,4382,4383,4384,4385,4386,4387,4388,4389,4390,4391,4392,4393,4394,4395,4396,4397,4398,4399,4400,4401,4402,4403,4404,4405,4406,4407,4408,4409,4410,4411,4412,4413,4414,4415,4416,4417,4418,4419,4420,4421,4422,4423,4424,4425,4426,4427,4428,4429,4430,4431,4432,4433,4434,4435,4436,4437,4438,4439,4440,4441,4442,4443,4444,4445,4446,4447,4448,4449,4450,4451,4452,4453,4454,4455,4456,4457,4458,4459,4460,4461,4462,4463,4464,4465,4466,4467,4468,4469,4470,4471,4472,4473,4474,4475,4476,4477,4478,4479,4480,4481,4482,4483,4484,4485,4486,4487,4488,4489,4490,4491,4492,4493,4494,4495,4496,4497,4498,4499,4500,4501,4502,4503,4504,4505,4506,4507,4508,4509,4510,4511,4512,4513,4514,4515,4516,4517,4518,4519,4520,4521,4522,4523,4524,4525,4526,4527,4528,4529,4530,4531,4532,4533,4534,4535,4536,4537,4538,4539,4540,4541,4542,4543,4544,4545,4546,4547,4548,4549,4550,4551,4552,4553,4554,4555,4556,4557,4558,4559,4560,4561,4562,4563,4564,4565,4566,4567,4568,4569,4570,4571,4572,4573,4574,4575,4576,4577,4578,4579,4580,4581,4582,4583,4584,4585,4586,4587,4588,4589,4590,4591,4592,4593,4594,4595,4596,4597,4598,4599,4600,4601,4602,4603,4604,4605,4606,4607,4608,4609,4610,4611,4612,4613,4614,4615,4616,4617,4618,4619,4620,4621,4622,4623,4624,4625,4626,4627,4628,4629,4630,4631,4632,4633,4634,4635,4636,4637,4638,4639,4640,4641,4642,4643,4644,4645,4646,4647,4648,4649,4650,4651,4652,4653,4654,4655,4656,4657,4658,4659,4660,4661,4662,4663,4664,4665,4666,4667,4668,4669,4670,4671,4672,4673,4674,4675,4676,4677,4678,4679,4680,4681,4682,4683,4684,4685,4686,4687,4688,4689,4690,4691,4692,4693,4694,4695,4696,4697,4698,4699,4700,4701,4702,4703,4704,4705,4706,4707,4708,4709,4710,4711,4712,4713,4714,4715,4716,4717,4718,4719,4720,4721,4722,4723,4724,4725,4726,4727,4728,4729,4730,4731,4732,4733,4734,4735,4736,4737,4738,4739,4740,4741,4742,4743,4744,4745,4746,4747,4748,4749,4750,4751,4752,4753,4754,4755,4756,4757,4758,4759,4760,4761,4762,4763,4764,4765,4766,4767,4768,4769,4770,4771,4772,4773,4774,4775,4776,4777,4778,4779,4780,4781,4782,4783,4784,4785,4786,4787,4788,4789,4790,4791,4792,4793,4794,4795,4796,4797,4798,4799,4800,4801,4802,4803,4804,4805,4806,4807,4808,4809,4810,4811,4812,4813,4814,4815,4816,4817,4818,4819,4820,4821,4822,4823,4824,4825,4826,4827,4828,4829,4830,4831,4832,4833,4834,4835,4836,4837,4838,4839,4840,4841,4842,4843,4844,4845,4846,4847,4848,4849,4850,4851,4852,4853,4854,4855,4856,4857,4858,4859,4860,4861,4862,4863,4864,4865,4866,4867,4868,4869,4870,4871,4872,4873,4874,4875,4876,4877,4878,4879,4880,4881,4882,4883,4884,4885,4886,4887,4888,4889,4890,4891,4892,4893,4894,4895,4896,4897,4898,4899,4900,4901,4902,4903,4904,4905,4906,4907,4908,4909,4910,4911,4912,4913,4914,4915,4916,4917,4918,4919,4920,4921,4922,4923,4924,4925,4926,4927,4928,4929,4930,4931,4932,4933,4934,4935,4936,4937,4938,4939,4940,4941,4942,4943,4944,4945,4946,4947,4948,4949,4950,4951,4952,4953,4954,4955,4956,4957,4958,4959,4960,4961,4962,4963,4964,4965,4966,4967,4968,4969,4970,4971,4972,4973,4974,4975,4976,4977,4978,4979,4980,4981,4982,4983,4984,4985,4986,4987,4988,4989,4990,4991,4992,4993,4994,4995,4996,4997,4998,4999,5000,5001,5002,5003,5004,5005,5006,5007,5008,5009,5010,5011,5012,5013,5014,5015,5016,5017,5018,5019,5020,5021,5022,5023,5024,5025,5026,5027,5028,5029,5030,5031,5032,5033,5034,5035,5036,5037,5038,5039,5040,5041,5042,5043,5044,5045,5046,5047,5048,5049,5050,5051,5052,5053,5054,5055,5056,5057,5058,5059,5060,5061,5062,5063,5064,5065,5066,5067,5068,5069,5070,5071,5072,5073,5074,5075,5076,5077,5078,5079,5080,5081,5082,5083,5084,5085,5086,5087,5088,5089,5090,5091,5092,5093,5094,5095,5096,5097,5098,5099,5100,5101,5102,5103,5104,5105,5106,5107,5108,5109,5110,5111,5112,5113,5114,5115,5116,5117,5118,5119,5120,5121,5122,5123,5124,5125,5126,5127,5128,5129,5130,5131,5132,5133,5134,5135,5136,5137,5138,5139,5140,5141,5142,5143,5144,5145,5146,5147,5148,5149,5150,5151,5152,5153,5154,5155,5156,5157,5158,5159,5160,5161,5162,5163,5164,5165,5166,5167,5168,5169,5170,5171,5172,5173,5174,5175,5176,5177,5178,5179,5180,5181,5182,5183,5184,5185,5186,5187,5188,5189,5190,5191,5192,5193,5194,5195,5196,5197,5198,5199,5200,5201,5202,5203,5204,5205,5206,5207,5208,5209,5210,5211,5212,5213,5214,5215,5216,5217,5218,5219,5220,5221,5222,5223,5224,5225,5226,5227,5228,5229,5230,5231,5232,5233,5234,5235,5236,5237,5238,5239,5240,5241,5242,5243,5244,5245,5246,5247,5248,5249,5250,5251,5252,5253,5254,5255,5256,5257,5258,5259,5260,5261,5262,5263,5264,5265,5266,5267,5268,5269,5270,5271,5272,5273,5274,5275,5276,5277,5278,5279,5280,5281,5282,5283,5284,5285,5286,5287,5288,5289,5290,5291,5292,5293,5294,5295,5296,5297,5298,5299,5300,5301,5302,5303,5304,5305,5306,5307,5308,5309,5310,5311,5312,5313,5314,5315,5316,5317,5318,5319,5320,5321,5322,5323,5324,5325,5326,5327,5328,5329,5330,5331,5332,5333,5334,5335,5336,5337,5338,5339,5340,5341,5342,5343,5344,5345,5346,5347,5348,5349,5350,5351,5352,5353,5354,5355,5356,5357,5358,5359,5360,5361,5362,5363,5364,5365,5366,5367,5368,5369,5370,5371,5372,5373,5374,5375,5376,5377,5378,5379,5380,5381,5382,5383,5384,5385,5386,5387,5388,5389,5390,5391,5392,5393,5394,5395,5396,5397,5398,5399,5400,5401,5402,5403,5404,5405,5406,5407,5408,5409,5410,5411,5412,5413,5414,5415,5416,5417,5418,5419,5420,5421,5422,5423,5424,5425,5426,5427,5428,5429,5430,5431,5432,5433,5434,5435,5436,5437,5438,5439,5440,5441,5442,5443,5444,5445,5446,5447,5448,5449,5450,5451,5452,5453,5454,5455,5456,5457,5458,5459,5460,5461,5462,5463,5464,5465,5466,5467,5468,5469,5470,5471,5472,5473,5474,5475,5476,5477,5478,5479,5480,5481,5482,5483,5484,5485,5486,5487,5488,5489,5490,5491,5492,5493,5494,5495,5496,5497,5498,5499,5500,5501,5502,5503,5504,5505,5506,5507,5508,5509,5510,5511,5512,5513,5514,5515,5516,5517,5518,5519,5520,5521,5522,5523,5524,5525,5526,5527,5528,5529,5530,5531,5532,5533,5534,5535,5536,5537,5538,5539,5540,5541,5542,5543,5544,5545,5546,5547,5548,5549,5550,5551,5552,5553,5554,5555,5556,5557,5558,5559,5560,5561,5562,5563,5564,5565,5566,5567,5568,5569,5570,5571,5572,5573,5574,5575,5576,5577,5578,5579,5580,5581,5582,5583,5584,5585,5586,5587,5588,5589,5590,5591,5592,5593,5594,5595,5596,5597,5598,5599,5600,5601,5602,5603,5604,5605,5606,5607,5608,5609,5610,5611,5612,5613,5614,5615,5616,5617,5618,5619,5620,5621,5622,5623,5624,5625,5626,5627,5628,5629,5630,5631,5632,5633,5634,5635,5636,5637,5638,5639,5640,5641,5642,5643,5644,5645,5646,5647,5648,5649,5650,5651,5652,5653,5654,5655,5656,5657,5658,5659,5660,5661,5662,5663,5664,5665,5666,5667,5668,5669,5670,5671,5672,5673,5674,5675,5676,5677,5678,5679,5680,5681,5682,5683,5684,5685,5686,5687,5688,5689,5690,5691,5692,5693,5694,5695,5696,5697,5698,5699,5700,5701,5702,5703,5704,5705,5706,5707,5708,5709,5710,5711,5712,5713,5714,5715,5716,5717,5718,5719,5720,5721,5722,5723,5724,5725,5726,5727,5728,5729,5730,5731,5732,5733,5734,5735,5736,5737,5738,5739,5740,5741,5742,5743,5744,5745,5746,5747,5748,5749,5750,5751,5752,5753,5754,5755,5756,5757,5758,5759,5760,5761,5762,5763,5764,5765,5766,5767,5768,5769,5770,5771,5772,5773,5774,5775,5776,5777,5778,5779,5780,5781,5782,5783,5784,5785,5786,5787,5788,5789,5790,5791,5792,5793,5794,5795,5796,5797,5798,5799,5800,5801,5802,5803,5804,5805,5806,5807,5808,5809,5810,5811,5812,5813,5814,5815,5816,5817,5818,5819,5820,5821,5822,5823,5824,5825,5826,5827,5828,5829,5830,5831,5832,5833,5834,5835,5836,5837,5838,5839,5840,5841,5842,5843,5844,5845,5846,5847,5848,5849,5850,5851,5852,5853,5854,5855,5856,5857,5858,5859,5860,5861,5862,5863,5864,5865,5866,5867,5868,5869,5870,5871,5872,5873,5874,5875,5876,5877,5878,5879,5880,5881,5882,5883,5884,5885,5886,5887,5888,5889,5890,5891,5892,5893,5894,5895,5896,5897,5898,5899,5900,5901,5902,5903,5904,5905,5906,5907,5908,5909,5910,5911,5912,5913,5914,5915,5916,5917,5918,5919,5920,5921,5922,5923,5924,5925,5926,5927,5928,5929,5930,5931,5932,5933,5934,5935,5936,5937,5938,5939,5940,5941,5942,5943,5944,5945,5946,5947,5948,5949,5950,5951,5952,5953,5954,5955,5956,5957,5958,5959,5960,5961,5962,5963,5964,5965,5966,5967,5968,5969,5970,5971,5972,5973,5974,5975,5976,5977,5978,5979,5980,5981,5982,5983,5984,5985,5986,5987,5988,5989,5990,5991,5992,5993,5994,5995,5996,5997,5998,5999,6000,6001,6002,6003,6004,6005,6006,6007,6008,6009,6010,6011,6012,6013,6014,6015,6016,6017,6018,6019,6020,6021,6022,6023,6024,6025,6026,6027,6028,6029,6030,6031,6032,6033,6034,6035,6036,6037,6038,6039,6040,6041,6042,6043,6044,6045,6046,6047,6048,6049,6050,6051,6052,6053,6054,6055,6056,6057,6058,6059,6060,6061,6062,6063,6064,6065,6066,6067,6068,6069,6070,6071,6072,6073,6074,6075,6076,6077,6078,6079,6080,6081,6082,6083,6084,6085,6086,6087,6088,6089,6090,6091,6092,6093,6094,6095,6096,6097,6098,6099,6100,6101,6102,6103,6104,6105,6106,6107,6108,6109,6110,6111,6112,6113,6114,6115,6116,6117,6118,6119,6120,6121,6122,6123,6124,6125,6126,6127,6128,6129,6130,6131,6132,6133,6134,6135,6136,6137,6138,6139,6140,6141,6142,6143,6144,6145,6146,6147,6148,6149,6150,6151,6152,6153,6154,6155,6156,6157,6158,6159,6160,6161,6162,6163,6164,6165,6166,6167,6168,6169,6170,6171,6172,6173,6174,6175,6176,6177,6178,6179,6180,6181,6182,6183,6184,6185,6186,6187,6188,6189,6190,6191,6192,6193,6194,6195,6196,6197,6198,6199,6200,6201,6202,6203,6204,6205,6206,6207,6208,6209,6210,6211,6212,6213,6214,6215,6216,6217,6218,6219,6220,6221,6222,6223,6224,6225,6226,6227,6228,6229,6230,6231,6232,6233,6234,6235,6236,6237,6238,6239,6240,6241,6242,6243,6244,6245,6246,6247,6248,6249,6250,6251,6252,6253,6254,6255,6256,6257,6258,6259,6260,6261,6262,6263,6264,6265,6266,6267,6268,6269,6270,6271,6272,6273,6274,6275,6276,6277,6278,6279,6280,6281,6282,6283,6284,6285,6286,6287,6288,6289,6290,6291,6292,6293,6294,6295,6296,6297,6298,6299,6300,6301,6302,6303,6304,6305,6306,6307,6308,6309,6310,6311,6312,6313,6314,6315,6316,6317,6318,6319,6320,6321,6322,6323,6324,6325,6326,6327,6328,6329,6330,6331,6332,6333,6334,6335,6336,6337,6338,6339,6340,6341,6342,6343,6344,6345,6346,6347,6348,6349,6350,6351,6352,6353,6354,6355,6356,6357,6358,6359,6360,6361,6362,6363,6364,6365,6366,6367,6368,6369,6370,6371,6372,6373,6374,6375,6376,6377,6378,6379,6380,6381,6382,6383,6384,6385,6386,6387,6388,6389,6390,6391,6392,6393,6394,6395,6396,6397,6398,6399,6400,6401,6402,6403,6404,6405,6406,6407,6408,6409,6410,6411,6412,6413,6414,6415,6416,6417,6418,6419,6420,6421,6422,6423,6424,6425,6426,6427,6428,6429,6430,6431,6432,6433,6434,6435,6436,6437,6438,6439,6440,6441,6442,6443,6444,6445,6446,6447,6448,6449,6450,6451,6452,6453,6454,6455,6456,6457,6458,6459,6460,6461,6462,6463,6464,6465,6466,6467,6468,6469,6470,6471,6472,6473,6474,6475,6476,6477,6478,6479,6480,6481,6482,6483,6484,6485,6486,6487,6488,6489,6490,6491,6492,6493,6494,6495,6496,6497,6498,6499,6500,6501,6502,6503,6504,6505,6506,6507,6508,6509,6510,6511,6512,6513,6514,6515,6516,6517,6518,6519,6520,6521,6522,6523,6524,6525,6526,6527,6528,6529,6530,6531,6532,6533,6534,6535,6536,6537,6538,6539,6540,6541,6542,6543,6544,6545,6546,6547,6548,6549,6550,6551,6552,6553,6554,6555,6556,6557,6558,6559,6560,6561,6562,6563,6564,6565,6566,6567,6568,6569,6570,6571,6572,6573,6574,6575,6576,6577,6578,6579,6580,6581,6582,6583,6584,6585,6586,6587,6588,6589,6590,6591,6592,6593,6594,6595,6596,6597,6598,6599,6600,6601,6602,6603,6604,6605,6606,6607,6608,6609,6610,6611,6612,6613,6614,6615,6616,6617,6618,6619,6620,6621,6622,6623,6624,6625,6626,6627,6628,6629,6630,6631,6632,6633,6634,6635,6636,6637,6638,6639,6640,6641,6642,6643,6644,6645,6646,6647,6648,6649,6650,6651,6652,6653,6654,6655,6656,6657,6658,6659,6660,6661,6662,6663,6664,6665,6666,6667,6668,6669,6670,6671,6672,6673,6674,6675,6676,6677,6678,6679,6680,6681,6682,6683,6684,6685,6686,6687,6688,6689,6690,6691,6692,6693,6694,6695,6696,6697,6698,6699,6700,6701,6702,6703,6704,6705,6706,6707,6708,6709,6710,6711,6712,6713,6714,6715,6716,6717,6718,6719,6720,6721,6722,6723,6724,6725,6726,6727,6728,6729,6730,6731,6732,6733,6734,6735,6736,6737,6738,6739,6740,6741,6742,6743,6744,6745,6746,6747,6748,6749,6750,6751,6752,6753,6754,6755,6756,6757,6758,6759,6760,6761,6762,6763,6764,6765,6766,6767,6768,6769,6770,6771,6772,6773,6774,6775,6776,6777,6778,6779,6780,6781,6782,6783,6784,6785,6786,6787,6788,6789,6790,6791,6792,6793,6794,6795,6796,6797,6798,6799,6800,6801,6802,6803,6804,6805,6806,6807,6808,6809,6810,6811,6812,6813,6814,6815,6816,6817,6818,6819,6820,6821,6822,6823,6824,6825,6826,6827,6828,6829,6830,6831,6832,6833,6834,6835,6836,6837,6838,6839,6840,6841,6842,6843,6844,6845,6846,6847,6848,6849,6850,6851,6852,6853,6854,6855,6856,6857,6858,6859,6860,6861,6862,6863,6864,6865,6866,6867,6868,6869,6870,6871,6872,6873,6874,6875,6876,6877,6878,6879,6880,6881,6882,6883,6884,6885,6886,6887,6888,6889,6890,6891,6892,6893,6894,6895,6896,6897,6898,6899,6900,6901,6902,6903,6904,6905,6906,6907,6908,6909,6910,6911,6912,6913,6914,6915,6916,6917,6918,6919,6920,6921,6922,6923,6924,6925,6926,6927,6928,6929,6930,6931,6932,6933,6934,6935,6936,6937,6938,6939,6940,6941,6942,6943,6944,6945,6946,6947,6948,6949,6950,6951,6952,6953,6954,6955,6956,6957,6958,6959,6960,6961,6962,6963,6964,6965,6966,6967,6968,6969,6970,6971,6972,6973,6974,6975,6976,6977,6978,6979,6980,6981,6982,6983,6984,6985,6986,6987,6988,6989,6990,6991,6992,6993,6994,6995,6996,6997,6998,6999,7000
0,0.1280182607094969,0.1280182607094969,0.1280182607094969,0.1280182607094969,0.1280182607094969,0.1280182607094969,0.1280182607094969,0.1280182607094969,0.1280182607094969,0.1280182607094969,0.1280182607094969,0.1280182607094969,0.1280182607094969,0.1280182607094969,0.1280182607094969,0.1280182607094969,0.1280182607094969,0.1280182607094969,0.1280182607094969,0.1280182607094969,0.1280182607094969,0.1280182607094969,0.1280182607094969,0.1280182607094969,0.1280182607094969,0.1280182607094969,0.1280182607094969,0.1280182607094969,0.1280182607094969,0.1280182607094969,0.1280182607094969,0.1280182607094969,0.1280182607094969,0.1280182607094969,0.1280182607094969,0.1280182607094969,0.1280182607094969,0.1280182607094969,0.1280182607094969,0.1280182607094969,0.1280182607094969,0.1280182607094969,0.1280182607094969,0.1280182607094969,0.1280182607094969,0.1280182607094969,0.1280182607094969,0.1280182607094969,0.1280182607094969,0.1280182607094969,0.1280182607094969,0.1280182607094969,0.1280182607094969,0.1280182607094969,0.1280182607094969,0.1280182607094969,0.1280182607094969,0.1280182607094969,0.1280182607094969,0.1280182607094969,0.1280182607094969,0.1280182607094969,0.1280182607094969,0.1280182607094969,0.1280182607094969,0.1280182607094969,0.1280182607094969,0.1280182607094969,0.1280182607094969,0.1280182607094969,0.1280182607094969,0.1280182607094969,0.1280182607094969,0.1280182607094969,0.1280182607094969,0.1280182607094969,0.1280182607094969,0.1280182607094969,0.1280182607094969,0.1280182607094969,0.1280182607094969,0.1280182607094969,0.1280182607094969,0.1280182607094969,0.1280182607094969,0.1280182607094969,0.1280182607094969,0.1280182607094969,0.1280182607094969,0.1280182607094969,0.1280182607094969,0.1280182607094969,0.1280182607094969,0.1280182607094969,0.1280182607094969,0.1280182607094969,0.1280182607094969,0.1280182607094969,0.1280182607094969,0.1280182607094969,0.1280182607094969,0.1280182607094969,0.1280182607094969,0.1280182607094969,0.1280182607094969,0.1280182607094969,0.1280182607094969,0.1280182607094969,0.1280182607094969,0.1280182607094969,0.1280182607094969,0.1280182607094969,0.1280182607094969,0.1280182607094969,0.1280182607094969,0.1280182607094969,0.1280182607094969,0.1280182607094969,0.1280182607094969,0.1280182607094969,0.1280182607094969,0.1280182607094969,0.1280182607094969,0.1280182607094969,0.1280182607094969,0.1280182607094969,0.1280182607094969,0.1280182607094969,0.1280182607094969,0.1280182607094969,0.1280182607094969,0.1280182607094969,0.1280182607094969,0.1280182607094969,0.1280182607094969,0.1280182607094969,0.1280182607094969,0.1280182607094969,0.1280182607094969,0.1280182607094969,0.1280182607094969,0.1280182607094969,0.1280182607094969,0.1280182607094969,0.1280182607094969,0.1280182607094969,0.1280182607094969,0.1280182607094969,0.1280182607094969,0.1280182607094969,0.1280182607094969,0.1280182607094969,0.1280182607094969,0.1280182607094969,0.1280182607094969,0.1280182607094969,0.1280182607094969,0.1280182607094969,0.1280182607094969,0.1280182607094969,0.1280182607094969,0.1280182607094969,0.1280182607094969,0.1280182607094969,0.1280182607094969,0.1280182607094969,0.1280182607094969,0.1280182607094969,0.1280182607094969,0.1280182607094969,0.1280182607094969,0.1280182607094969,0.1280182607094969,0.1280182607094969,0.1280182607094969,0.1280182607094969,0.1280182607094969,0.1280182607094969,0.1280182607094969,0.1280182607094969,0.1280182607094969,0.1280182607094969,0.1280182607094969,0.1280182607094969,0.1280182607094969,0.1280182607094969,0.1280182607094969,0.1280182607094969,0.1280182607094969,0.1280182607094969,0.1280182607094969,0.1280182607094969,0.1280182607094969,0.1280182607094969,0.1280182607094969,0.1280182607094969,0.1280182607094969,0.1280182607094969,0.1280182607094969,0.1280182607094969,0.1280182607094969,0.1280182607094969,0.1280182607094969,0.1280182607094969,0.1280182607094969,0.1280182607094969,0.1280182607094969,0.1280182607094969,0.1280182607094969,0.1280182607094969,0.1280182607094969,0.1280182607094969,0.1280182607094969,0.1280182607094969,0.1280182607094969,0.1280182607094969,0.1280182607094969,0.1280182607094969,0.1280182607094969,0.1280182607094969,0.1280182607094969,0.1280182607094969,0.1280182607094969,0.1280182607094969,0.1280182607094969,0.1280182607094969,0.1280182607094969,0.1280182607094969,0.1280182607094969,0.1280182607094969,0.1280182607094969,0.1280182607094969,0.1280182607094969,0.1280182607094969,0.1280182607094969,0.1280182607094969,0.1280182607094969,0.1280182607094969,0.1280182607094969,0.1280182607094969,0.1280182607094969,0.1280182607094969,0.1280182607094969,0.1280182607094969,0.1280182607094969,0.1280182607094969,0.1280182607094969,0.1280182607094969,0.1280182607094969,0.1280182607094969,0.1280182607094969,0.1280182607094969,0.1280182607094969,0.1280182607094969,0.1280182607094969,0.1280182607094969,0.1280182607094969,0.1280182607094969,0.1280182607094969,0.1280182607094969,0.1280182607094969,0.1280182607094969,0.1280182607094969,0.1280182607094969,0.1280182607094969,0.1280182607094969,0.1280182607094969,0.1280182607094969,0.1280182607094969,0.1280182607094969,0.1280182607094969,0.1280182607094969,0.1280182607094969,0.1280182607094969,0.1280182607094969,0.1280182607094969,0.1280182607094969,0.1280182607094969,0.1280182607094969,0.1280182607094969,0.1280182607094969,0.1280182607094969,0.1280182607094969,0.1280182607094969,0.1280182607094969,0.1280182607094969,0.1280182607094969,0.1280182607094969,0.1280182607094969,0.1280182607094969,0.1280182607094969,0.1280182607094969,0.1280182607094969,0.1280182607094969,0.1280182607094969,0.1280182607094969,0.1280182607094969,0.1280182607094969,0.1280182607094969,0.1280182607094969,0.1280182607094969,0.1280182607094969,0.1280182607094969,0.1280182607094969,0.1280182607094969,0.1280182607094969,0.1280182607094969,0.1280182607094969,0.1280182607094969,0.1280182607094969,0.1280182607094969,0.1280182607094969,0.1280182607094969,0.1280182607094969,0.1280182607094969,0.1280182607094969,0.1280182607094969,0.1280182607094969,0.1280182607094969,0.1280182607094969,0.1280182607094969,0.1280182607094969,0.1280182607094969,0.1280182607094969,0.1280182607094969,0.1280182607094969,0.1280182607094969,0.1280182607094969,0.1280182607094969,0.1280182607094969,0.1280182607094969,0.1280182607094969,0.1280182607094969,0.1280182607094969,0.1280182607094969,0.1280182607094969,0.1280182607094969,0.1280182607094969,0.1280182607094969,0.1280182607094969,0.1280182607094969,0.1280182607094969,0.1280182607094969,0.1280182607094969,0.1280182607094969,0.1280182607094969,0.1280182607094969,0.1280182607094969,0.1280182607094969,0.1280182607094969,0.1280182607094969,0.1280182607094969,0.1280182607094969,0.1280182607094969,0.1280182607094969,0.1280182607094969,0.1280182607094969,0.1280182607094969,0.1280182607094969,0.1280182607094969,0.1280182607094969,0.1280182607094969,0.1280182607094969,0.1280182607094969,0.1280182607094969,0.1280182607094969,0.1280182607094969,0.1280182607094969,0.1280182607094969,0.1280182607094969,0.1280182607094969,0.1280182607094969,0.1280182607094969,0.1280182607094969,0.1280182607094969,0.1280182607094969,0.1280182607094969,0.1280182607094969,0.1280182607094969,0.1280182607094969,0.1280182607094969,0.1280182607094969,0.1280182607094969,0.1280182607094969,0.1280182607094969,0.1280182607094969,0.1280182607094969,0.1280182607094969,0.1280182607094969,0.1280182607094969,0.1280182607094969,0.1280182607094969,0.1280182607094969,0.1280182607094969,0.1280182607094969,0.1280182607094969,0.1280182607094969,0.1280182607094969,0.1280182607094969,0.1280182607094969,0.1280182607094969,0.1280182607094969,0.1280182607094969,0.1280182607094969,0.1280182607094969,0.1280182607094969,0.1280182607094969,0.1280182607094969,0.1280182607094969,0.1280182607094969,0.1280182607094969,0.1280182607094969,0.1280182607094969,0.1280182607094969,0.1280182607094969,0.1280182607094969,0.1280182607094969,0.1280182607094969,0.1280182607094969,0.1280182607094969,0.1280182607094969,0.1280182607094969,0.1280182607094969,0.1280182607094969,0.1280182607094969,0.1280182607094969,0.1280182607094969,0.1280182607094969,0.1280182607094969,0.1280182607094969,0.1280182607094969,0.1280182607094969,0.1280182607094969,0.1280182607094969,0.1280182607094969,0.1280182607094969,0.1280182607094969,0.1280182607094969,0.1280182607094969,0.1280182607094969,0.1280182607094969,0.1280182607094969,0.1280182607094969,0.1280182607094969,0.1280182607094969,0.1280182607094969,0.1280182607094969,0.1280182607094969,0.1280182607094969,0.1280182607094969,0.1280182607094969,0.1280182607094969,0.1280182607094969,0.1280182607094969,0.1280182607094969,0.1280182607094969,0.1280182607094969,0.1280182607094969,0.1280182607094969,0.1280182607094969,0.1280182607094969,0.1280182607094969,0.1280182607094969,0.1280182607094969,0.1280182607094969,0.1280182607094969,0.1280182607094969,0.1280182607094969,0.1280182607094969,0.1280182607094969,0.1280182607094969,0.1280182607094969,0.1280182607094969,0.1280182607094969,0.1280182607094969,0.1280182607094969,0.1280182607094969,0.1280182607094969,0.1280182607094969,0.1280182607094969,0.1280182607094969,0.1280182607094969,0.1280182607094969,0.1280182607094969,0.1280182607094969,0.1280182607094969,0.1280182607094969,0.1280182607094969,0.1280182607094969,0.1280182607094969,0.1280182607094969,0.1280182607094969,0.1280182607094969,0.1280182607094969,0.1280182607094969,0.1280182607094969,0.1280182607094969,0.1280182607094969,0.1280182607094969,0.1280182607094969,0.1280182607094969,0.1280182607094969,0.1280182607094969,0.1280182607094969,0.1280182607094969,0.1280182607094969,0.1280182607094969,0.1280182607094969,0.1280182607094969,0.1280182607094969,0.1280182607094969,0.1280182607094969,0.1280182607094969,0.1280182607094969,0.1280182607094969,0.1280182607094969,0.1280182607094969,0.1280182607094969,0.1280182607094969,0.1280182607094969,0.1280182607094969,0.1280182607094969,0.1280182607094969,0.1280182607094969,0.1280182607094969,0.1280182607094969,0.1280182607094969,0.1280182607094969,0.1280182607094969,0.1280182607094969,0.1280182607094969,0.1280182607094969,0.1280182607094969,0.1280182607094969,0.1280182607094969,0.1280182607094969,0.1280182607094969,0.1280182607094969,0.1280182607094969,0.1280182607094969,0.1280182607094969,0.1280182607094969,0.1280182607094969,0.1280182607094969,0.1280182607094969,0.1280182607094969,0.1280182607094969,0.1280182607094969,0.1280182607094969,0.1280182607094969,0.1280182607094969,0.1280182607094969,0.1280182607094969,0.1280182607094969,0.1280182607094969,0.1280182607094969,0.1280182607094969,0.1280182607094969,0.1280182607094969,0.1280182607094969,0.1280182607094969,0.1280182607094969,0.1280182607094969,0.1280182607094969,0.1280182607094969,0.1280182607094969,0.1280182607094969,0.1280182607094969,0.1280182607094969,0.1280182607094969,0.1280182607094969,0.1280182607094969,0.1280182607094969,0.1280182607094969,0.1280182607094969,0.1280182607094969,0.1280182607094969,0.1280182607094969,0.1280182607094969,0.1280182607094969,0.1280182607094969,0.1280182607094969,0.1280182607094969,0.1280182607094969,0.1280182607094969,0.1280182607094969,0.1280182607094969,0.1280182607094969,0.1280182607094969,0.1280182607094969,0.1280182607094969,0.1280182607094969,0.1280182607094969,0.1280182607094969,0.1280182607094969,0.1280182607094969,0.1280182607094969,0.1280182607094969,0.1280182607094969,0.1280182607094969,0.1280182607094969,0.1280182607094969,0.1280182607094969,0.1280182607094969,0.1280182607094969,0.1280182607094969,0.1280182607094969,0.1280182607094969,0.1280182607094969,0.1280182607094969,0.1280182607094969,0.1280182607094969,0.1280182607094969,0.1280182607094969,0.1280182607094969,0.1280182607094969,0.1280182607094969,0.1280182607094969,0.1280182607094969,0.1280182607094969,0.1280182607094969,0.1280182607094969,0.1280182607094969,0.1280182607094969,0.1280182607094969,0.1280182607094969,0.1280182607094969,0.1280182607094969,0.1280182607094969,0.1280182607094969,0.1280182607094969,0.1280182607094969,0.1280182607094969,0.1280182607094969,0.1280182607094969,0.1280182607094969,0.1280182607094969,0.1280182607094969,0.1280182607094969,0.1280182607094969,0.1280182607094969,0.1280182607094969,0.1280182607094969,0.1280182607094969,0.1280182607094969,0.1280182607094969,0.1280182607094969,0.1280182607094969,0.1280182607094969,0.1280182607094969,0.1280182607094969,0.1280182607094969,0.1280182607094969,0.1280182607094969,0.1280182607094969,0.1280182607094969,0.1280182607094969,0.1280182607094969,0.1280182607094969,0.1280182607094969,0.1280182607094969,0.1280182607094969,0.1280182607094969,0.1280182607094969,0.1280182607094969,0.1280182607094969,0.1280182607094969,0.1280182607094969,0.1280182607094969,0.1280182607094969,0.1280182607094969,0.1280182607094969,0.1280182607094969,0.1280182607094969,0.1280182607094969,0.1280182607094969,0.1280182607094969,0.1280182607094969,0.1280182607094969,0.1280182607094969,0.1280182607094969,0.1280182607094969,0.1280182607094969,0.1280182607094969,0.1280182607094969,0.1280182607094969,0.1280182607094969,0.1280182607094969,0.1280182607094969,0.1280182607094969,0.1280182607094969,0.1280182607094969,0.1280182607094969,0.1280182607094969,0.1280182607094969,0.1280182607094969,0.1280182607094969,0.1280182607094969,0.1280182607094969,0.1280182607094969,0.1280182607094969,0.1280182607094969,0.1280182607094969,0.1280182607094969,0.1280182607094969,0.1280182607094969,0.1280182607094969,0.1280182607094969,0.1280182607094969,0.1280182607094969,0.1280182607094969,0.1280182607094969,0.1280182607094969,0.1280182607094969,0.1280182607094969,0.1280182607094969,0.1280182607094969,0.1280182607094969,0.1280182607094969,0.1280182607094969,0.1280182607094969,0.1280182607094969,0.1280182607094969,0.1280182607094969,0.1280182607094969,0.1280182607094969,0.1280182607094969,0.1280182607094969,0.1280182607094969,0.1280182607094969,0.1280182607094969,0.1280182607094969,0.1280182607094969,0.1280182607094969,0.1280182607094969,0.1280182607094969,0.1280182607094969,0.1280182607094969,0.1280182607094969,0.1280182607094969,0.1280182607094969,0.1280182607094969,0.1280182607094969,0.1280182607094969,0.1280182607094969,0.1280182607094969,0.1280182607094969,0.1280182607094969,0.1280182607094969,0.1280182607094969,0.1280182607094969,0.1280182607094969,0.1280182607094969,0.1280182607094969,0.1280182607094969,0.1280182607094969,0.1280182607094969,0.1280182607094969,0.1280182607094969,0.1280182607094969,0.1280182607094969,0.1280182607094969,0.1280182607094969,0.1280182607094969,0.1280182607094969,0.1280182607094969,0.1280182607094969,0.1280182607094969,0.1280182607094969,0.1280182607094969,0.1280182607094969,0.1280182607094969,0.1280182607094969,0.1280182607094969,0.1280182607094969,0.1280182607094969,0.1280182607094969,0.1280182607094969,0.1280182607094969,0.1280182607094969,0.1280182607094969,0.1280182607094969,0.1280182607094969,0.1280182607094969,0.1280182607094969,0.1280182607094969,0.1280182607094969,0.1280182607094969,0.1280182607094969,0.1280182607094969,0.1280182607094969,0.1280182607094969,0.1280182607094969,0.1280182607094969,0.1280182607094969,0.1280182607094969,0.1280182607094969,0.1280182607094969,0.1280182607094969,0.1280182607094969,0.1280182607094969,0.1280182607094969,0.1280182607094969,0.1280182607094969,0.1280182607094969,0.1280182607094969,0.1280182607094969,0.1280182607094969,0.1280182607094969,0.1280182607094969,0.1280182607094969,0.1280182607094969,0.1280182607094969,0.1280182607094969,0.1280182607094969,0.1280182607094969,0.1280182607094969,0.1280182607094969,0.1280182607094969,0.1280182607094969,0.1280182607094969,0.1280182607094969,0.1280182607094969,0.1280182607094969,0.1280182607094969,0.1280182607094969,0.1280182607094969,0.1280182607094969,0.1280182607094969,0.1280182607094969,0.1280182607094969,0.1280182607094969,0.1280182607094969,0.1280182607094969,0.1280182607094969,0.1280182607094969,0.1280182607094969,0.1280182607094969,0.1280182607094969,0.1280182607094969,0.1280182607094969,0.1280182607094969,0.1280182607094969,0.1280182607094969,0.1280182607094969,0.1280182607094969,0.1280182607094969,0.1280182607094969,0.1280182607094969,0.1280182607094969,0.1280182607094969,0.1280182607094969,0.1280182607094969,0.1280182607094969,0.1280182607094969,0.1280182607094969,0.1280182607094969,0.1280182607094969,0.1280182607094969,0.1280182607094969,0.1280182607094969,0.1280182607094969,0.1280182607094969,0.1280182607094969,0.1280182607094969,0.1280182607094969,0.1280182607094969,0.1280182607094969,0.1280182607094969,0.1280182607094969,0.1280182607094969,0.1280182607094969,0.1280182607094969,0.1280182607094969,0.1280182607094969,0.1280182607094969,0.1280182607094969,0.1280182607094969,0.1280182607094969,0.1280182607094969,0.1280182607094969,0.1280182607094969,0.1280182607094969,0.1280182607094969,0.1280182607094969,0.1280182607094969,0.1280182607094969,0.1280182607094969,0.1280182607094969,0.1280182607094969,0.1280182607094969,0.1280182607094969,0.1280182607094969,0.1280182607094969,0.1280182607094969,0.1280182607094969,0.1280182607094969,0.1280182607094969,0.1280182607094969,0.1280182607094969,0.1280182607094969,0.1280182607094969,0.1280182607094969,0.1280182607094969,0.1280182607094969,0.1280182607094969,0.1280182607094969,0.1280182607094969,0.1280182607094969,0.1280182607094969,0.1280182607094969,0.1280182607094969,0.1280182607094969,0.1280182607094969,0.1280182607094969,0.1280182607094969,0.1280182607094969,0.1280182607094969,0.1280182607094969,0.1280182607094969,0.1280182607094969,0.1280182607094969,0.1280182607094969,0.1280182607094969,0.1280182607094969,0.1280182607094969,0.1280182607094969,0.1280182607094969,0.1280182607094969,0.1280182607094969,0.1280182607094969,0.1280182607094969,0.1280182607094969,0.1280182607094969,0.1280182607094969,0.1280182607094969,0.1280182607094969,0.1280182607094969,0.1280182607094969,0.1280182607094969,0.1280182607094969,0.1280182607094969,0.1280182607094969,0.1280182607094969,0.1280182607094969,0.1280182607094969,0.1280182607094969,0.1280182607094969,0.1280182607094969,0.1280182607094969,0.1280182607094969,0.1280182607094969,0.1280182607094969,0.1280182607094969,0.1280182607094969,0.1280182607094969,0.1280182607094969,0.1280182607094969,0.1280182607094969,0.1280182607094969,0.1280182607094969,0.1280182607094969,0.1280182607094969,0.1280182607094969,0.1280182607094969,0.1280182607094969,0.1280182607094969,0.1280182607094969,0.1280182607094969,0.1280182607094969,0.1280182607094969,0.1280182607094969,0.1280182607094969,0.1280182607094969,0.1280182607094969,0.1280182607094969,0.1280182607094969,0.1280182607094969,0.1280182607094969,0.1280182607094969,0.1280182607094969,0.1280182607094969,0.1280182607094969,0.1280182607094969,0.1280182607094969,0.1280182607094969,0.1280182607094969,0.1280182607094969,0.1280182607094969,0.1280182607094969,0.1280182607094969,0.1280182607094969,0.1280182607094969,0.1280182607094969,0.1280182607094969,0.1280182607094969,0.1280182607094969,0.1280182607094969,0.1280182607094969,0.1280182607094969,0.1280182607094969,0.12801826070949693,0.12801826070949687,0.12801826070949693,0.12801826070949687,0.12801826070949693,0.1280182607094969,0.1280182607094969,0.1280182607094969,0.1280182607094969,0.12801826070949687,0.1280182607094969,0.1280182607094969,0.12801826070949693,0.12801826070949693,0.12801826070949693,0.12801826070949684,0.12801826070949693,0.1280182607094969,0.12801826070949693,0.12801826070949698,0.1280182607094969,0.12801826070949693,0.12801826070949687,0.12801826070949696,0.12801826070949693,0.12801826070949696,0.12801826070949693,0.12801826070949696,0.12801826070949693,0.12801826070949696,0.12801826070949696,0.12801826070949693,0.12801826070949693,0.12801826070949698,0.12801826070949693,0.12801826070949696,0.12801826070949693,0.12801826070949693,0.12801826070949693,0.12801826070949696,0.1280182607094969,0.12801826070949696,0.12801826070949693,0.12801826070949696,0.12801826070949696,0.12801826070949696,0.12801826070949696,0.12801826070949698,0.12801826070949698,0.12801826070949693,0.12801826070949696,0.12801826070949696,0.12801826070949696,0.12801826070949693,0.12801826070949698,0.12801826070949696,0.12801826070949696,0.12801826070949698,0.12801826070949696,0.12801826070949696,0.12801826070949698,0.12801826070949696,0.12801826070949698,0.12801826070949698,0.12801826070949698,0.128018260709497,0.12801826070949696,0.12801826070949698,0.12801826070949696,0.12801826070949698,0.128018260709497,0.12801826070949696,0.12801826070949698,0.128018260709497,0.128018260709497,0.12801826070949698,0.128018260709497,0.128018260709497,0.128018260709497,0.12801826070949698,0.12801826070949698,0.12801826070949698,0.128018260709497,0.128018260709497,0.128018260709497,0.128018260709497,0.128018260709497,0.12801826070949698,0.128018260709497,0.128018260709497,0.12801826070949698,0.128018260709497,0.12801826070949698,0.12801826070949698,0.128018260709497,0.128018260709497,0.128018260709497,0.12801826070949704,0.128018260709497,0.12801826070949704,0.12801826070949698,0.12801826070949698,0.128018260709497,0.12801826070949698,0.128018260709497,0.128018260709497,0.12801826070949698,0.12801826070949698,0.12801826070949698,0.12801826070949696,0.128018260709497,0.128018260709497,0.128018260709497,0.12801826070949698,0.12801826070949696,0.12801826070949696,0.12801826070949698,0.12801826070949698,0.12801826070949698,0.12801826070949696,0.12801826070949698,0.12801826070949698,0.12801826070949698,0.12801826070949698,0.12801826070949696,0.12801826070949698,0.12801826070949696,0.12801826070949698,0.12801826070949696,0.128018260709497,0.12801826070949698,0.12801826070949698,0.12801826070949698,0.12801826070949696,0.12801826070949698,0.12801826070949698,0.128018260709497,0.12801826070949704,0.128018260709497,0.12801826070949698,0.12801826070949698,0.12801826070949698,0.128018260709497,0.12801826070949698,0.12801826070949698,0.128018260709497,0.12801826070949698,0.12801826070949698,0.128018260709497,0.12801826070949696,0.12801826070949696,0.12801826070949698,0.128018260709497,0.12801826070949698,0.12801826070949698,0.12801826070949698,0.12801826070949704,0.12801826070949698,0.12801826070949698,0.12801826070949698,0.12801826070949698,0.12801826070949698,0.12801826070949698,0.128018260709497,0.128018260709497,0.12801826070949698,0.128018260709497,0.12801826070949698,0.12801826070949698,0.12801826070949698,0.128018260709497,0.12801826070949698,0.128018260709497,0.12801826070949698,0.12801749697631862,0.12801749697631865,0.12801749697631865,0.12801749697631865,0.12801749697631862,0.12801749697631862,0.12801749697631862,0.1280174969763186,0.1280174969763186,0.12801749697631867,0.1280174969763187,0.12801749697631873,0.12801749697631878,0.1280174969763187,0.128017496976319,0.1280174969763189,0.12801749697631898,0.12801749697631903,0.12801749697631903,0.1280174900991129,0.12801749009911292,0.12801749009911306,0.12801749009911312,0.12801749009911556,0.12801749009911553,0.1280174900991155,0.12801749009911553,0.12801749009912364,0.12801749009912175,0.12801602448532076,0.12801602448532046,0.12801602448532273,0.128016024485327,0.12801602448532717,0.12801602448532712,0.12801602448532684,0.12800280132089056,0.12800280132089045,0.12800280132089045,0.12800280132088995,0.1280028013208898,0.1280028013208897,0.12800280132088987,0.12800280132088934,0.12800280132089548,0.1280028013208931,0.12800280132090602,0.1280028013209065,0.12800280132090644,0.12800280132090885,0.12800280132090744,0.12800280132091782,0.12800280132091893,0.1280028013209226,0.12800280132092662,0.12800280132092032,0.1280028013209204,0.12800280132091818,0.12800280132091768,0.12800280132091715,0.12800280132092107,0.1280028013209189,0.12800280132091624,0.12800280132091632,0.1280028013209183,0.12800280132091826,0.12800280132091846,0.12800280132091843,0.12800280132091874,0.12800280132092182,0.12800280132092123,0.12800280132092082,0.12800280132092087,0.1280028013209205,0.12800280132092223,0.12800280132092873,0.1280028013209297,0.1280028013209303,0.12800280132093045,0.12800280132093025,0.1280028013209303,0.12800280132092529,0.1280028013209252,0.1280028013209293,0.1280028013209309,0.12800280132093023,0.12800280132092928,0.12800280132092545,0.128002801320925,0.128002801320926,0.128002801320926,0.12800280132092604,0.12800280132092562,0.12800280132092787,0.12800280132092762,0.12800280132092745,0.1280028013209273,0.1280028013209266,0.12800280132092687,0.12800280132092634,0.12800280132092648,0.1280028013209262,0.12800280132092612,0.12800280132092612,0.12800280132092784,0.12800280132092787,0.12800280132092995,0.1280028013209269,0.12800280132092987,0.12800280132092753,0.12800280132092795,0.12800280132092795,0.1280028013209278,0.12800280132092798,0.1280028013209281,0.12800280132092787,0.12800280132092737,0.12800280132092742,0.12800280132092717,0.12800280132092726,0.12800280132092662,0.12800280132092687,0.12800280132092662,0.12800280132092673,0.12800280132092642,0.1280028013209263,0.12800280132092637,0.1280028013209261,0.12800280132092579,0.12800280132092562,0.12800280132092448,0.1280028013209247,0.1280028013209248,0.12800280132092545,0.12800280132092515,0.12800280132092515,0.1280028013209248,0.12800280132092476,0.12800280132092534,0.12800280132092515,0.1280028013209254,0.12800280132092534,0.1280028013209254,0.12800280132092556,0.12800280132092579,0.12800280132092579,0.128002801320927,0.1280028013209272,0.12800280132092806,0.1280028013209281,0.1280028013209281,0.1280028013209294,0.12800280132093023,0.12800280132093023,0.12800280132093023,0.12800280132093023,0.12800280132093067,0.12800280132093017,0.12800280132092992,0.12800280132092975,0.12800280132092934,0.12800280132092948,0.12800280132092945,0.12800280132093078,0.12800280132093106,0.1280028013209314,0.12800280132093134,0.12800280132093125,0.12800280132093156,0.1280028013209317,0.1280028013209317,0.12800280132093161,0.1280028013209315,0.1280028013209316,0.12800280132093173,0.1280028013209317,0.12800280132093173,0.12800280132093173,0.1280028013209317,0.12800280132093173,0.12800280132093184,0.12800280132093186,0.1280028013209318,0.12800280132093186,0.128002801320932,0.12800280132093186,0.12800280132093186,0.1280028013209319,0.1280028013209319,0.1280028013209319,0.12800280132093197,0.1280028013209324,0.12800280132093236,0.12800280132093306,0.12800280132093297,0.128002801320933,0.1280028013209324,0.12800280132093253,0.12800280132093236,0.1280028013209319,0.1280028013209328,0.12800280132093284,0.12800280132093278,0.12800280132093275,0.12800280132093297,0.12800280132093284,0.12800280132093284,0.12800280132093267,0.12800280132093264,0.12800280132093272,0.12800280132093278,0.12800280132093306,0.12800280132093234,0.12800280132093253,0.12800280132093217,0.12800280132093214,0.12800280132093197,0.12800280132093195,0.12800280132093195,0.12800280132093195,0.12800280132093242,0.12800280132093217,0.128002801320932,0.128002801320932,0.12800280132093061,0.1280028013209306,0.12800280132093153,0.12800280132093153,0.1280028013209314,0.12800280132093142,0.1280028013209314,0.1280028013209312,0.12800280132093125,0.12800280132093148,0.128002801320932,0.12800280132093186,0.1280028013209319,0.12800280132093222,0.12800280132093253,0.12800280132093358,0.12800280132093364,0.12800280132093372,0.12800280132093345,0.12800280132093392,0.12800280132093392,0.1280028013209339,0.12800280132093447,0.1280028013209345,0.12800280132093483,0.1280028013209349,0.12800280132093492,0.12800280132093483,0.12800280132093492,0.1280028013209353,0.12800280132093533,0.12800280132093536,0.1280028013209358,0.1280028013209359,0.12800280132093567,0.12800280132093594,0.12800280132093605,0.1280028013209361,0.1280028013209361,0.12800280132093603,0.12800280132093592,0.12800280132093608,0.12800280132093633,0.12800280132093633,0.12800280132093642,0.12800280132093633,0.1280028013209363,0.12800280132093636,0.12800280132093625,0.12800280132093622,0.12800280132093664,0.12800280132093658,0.12800280132093705,0.12800280132093708,0.12800280132093697,0.12800280132093692,0.12800280132093744,0.1280028013209375,0.12800280132093736,0.1280028013209374,0.12800280132093747,0.12800280132093753,0.12800280132093733,0.12800280132093728,0.1280028013209374,0.12800280132093741,0.12800280132093741,0.1280028013209373,0.12800280132093733,0.1280028013209373,0.1280028013209374,0.12800280132093741,0.12800280132093741,0.12800280132093741,0.12800280132093758,0.1280028013209374,0.1280028013209374,0.1280028013209374,0.1280028013209373,0.12800280132093717,0.1280028013209372,0.1280028013209371,0.12800280132093705,0.12800280132093705,0.12800280132093705,0.12800280132093708,0.12800280132093697,0.12800280132093697,0.12800280132093694,0.1280028013209369,0.12800280132093694,0.12800280132093703,0.12800280132093708,0.1280028013209371,0.1280028013209372,0.1280028013209372,0.12800280132093722,0.1280028013209373,0.1280028013209373,0.12800280132093722,0.1280028013209373,0.12800280132093725,0.12800280132093722,0.12800280132093722,0.12800280132093728,0.1280028013209372,0.12800280132093722,0.1280028013209373,0.1280028013209373,0.12800280132093725,0.12800280132093725,0.12800280132093728,0.12800280132093728,0.1280028013209373,0.1280028013209373,0.1280028013209373,0.12800280132093728,0.12800280132093725,0.12800280132093725,0.1280028013209373,0.12800280132093728,0.1280028013209373,0.1280028013209373,0.1280028013209373,0.1280028013209373,0.12800280132093728,0.1280028013209373,0.1280028013209373,0.1280028013209373,0.12800280132093728,0.1280028013209373,0.1280028013209373,0.12800280132093733,0.1280028013209373,0.1280028013209373,0.1280028013209373,0.12800280132093728,0.12800280132093725,0.12800280132093725,0.1280028013209371,0.12800280132093722,0.12800280132093714,0.1280028013209372,0.12800280132093714,0.1280028013209372,0.12800280132093703,0.12800280132093728,0.1280028013209373,0.1280028013209373,0.12800280132093725,0.12800280132093722,0.12800280132093725,0.12800280132093725,0.12800280132093717,0.12800280132093714,0.12800280132093717,0.1280028013209371,0.12800280132093714,0.12800280132093722,0.12800280132093722,0.1280028013209372,0.12800280132093722,0.12800280132093722,0.12800280132093725,0.12800280132093725,0.12800280132093722,0.12800280132093722,0.12800280132093722,0.12800280132093722,0.12800280132093725,0.1280028013209372,0.12800280132093725,0.12800280132093728,0.12800280132093714,0.12800280132093705,0.12800280132093703,0.12800280132093705,0.1280028013209371,0.128002801320937,0.12800280132093692,0.12800280132093694,0.12800280132093678,0.12800280132093678,0.12800280132093678,0.12800280132093678,0.12800280132093678,0.1280028013209368,0.12800280132093672,0.12800280132093644,0.12800280132093636,0.12800280132093644,0.12800280132093644,0.1280028013209365,0.12800280132093675,0.12800280132093675,0.12800280132093672,0.1280028013209367,0.12800280132093672,0.1280028013209367,0.12800280132093672,0.1280028013209367,0.12800280132093672,0.12800280132093675,0.12800280132093672,0.1280028013209366,0.12800280132093664,0.12800280132093655,0.1280028013209366,0.12800280132093655,0.12800280132093647,0.12800280132093633,0.1280028013209362,0.12800280132093625,0.12800280132093622,0.12800280132093622,0.1280028013209362,0.12800280132093622,0.1280028013209362,0.12800280132093628,0.12800280132093625,0.1280028013209363,0.12800280132093633,0.12800280132093636,0.1280028013209363,0.1280028013209362,0.12800280132093625,0.12800280132093622,0.12800280132093614,0.12800280132093625,0.12800280132093628,0.12800280132093614,0.12800280132093617,0.1280028013209362,0.12800280132093617,0.12800280132093614,0.1280028013209362,0.1280028013209362,0.12800280132093594,0.12800280132093592,0.12800280132093525,0.12800280132093528,0.12800280132093528,0.12800280132093528,0.12800280132093528,0.1280028013209353,0.12800280132093528,0.1280028013209353,0.1280028013209354,0.12800280132093536,0.12800280132093533,0.12800280132093514,0.12800280132093514,0.12800280132093486,0.12800280132093467,0.12800280132093472,0.12800280132093475,0.12800280132093464,0.1280028013209347,0.12800280132093492,0.128002801320935,0.12800280132093497,0.12800280132093492,0.12800280132093486,0.12800280132093486,0.12800280132093478,0.1280028013209346,0.1280028013209345,0.12800280132093453,0.12800280132093383,0.1280028013209338,0.1280028013209337,0.12800280132093364,0.12800280132093375,0.1280028013209335,0.12800280132093372,0.1280028013209338,0.12800280132093383,0.12800280132093372,0.12800280132093367,0.1280028013209332,0.1280028013209332,0.12800280132093317,0.12800280132093317,0.12800280132093267,0.12800280132093234,0.1280028013209324,0.12800280132093242,0.1280028013209323,0.12800280132093225,0.12800280132093236,0.12800280132093236,0.12800280132093236,0.12800280132093209,0.12800280132093197,0.12800280132093142,0.1280028013209315,0.1280028013209315,0.1280028013209314,0.12800280132093134,0.1280028013209313,0.12800280132093111,0.12800280132093111,0.12800280132093103,0.1280028013209311,0.1280028013209311,0.1280028013209312,0.12800280132093106,0.1280028013209311,0.1280028013209308,0.1280028013209308,0.12800280132093092,0.1280028013209309,0.12800280132093084,0.12800280132093084,0.1280028013209309,0.12800280132093117,0.128002801320931,0.12800280132093103,0.1280028013209307,0.12800280132093073,0.12800280132093073,0.1280028013209309,0.12800280132093092,0.12800280132093086,0.12800280132093084,0.12800280132093075,0.1280028013209308,0.12800280132093056,0.12800280132093061,0.12800280132093073,0.12800280132093073,0.1280028013209307,0.12800280132093064,0.1280028013209308,0.12800280132093084,0.12800280132093086,0.12800280132093084,0.12800280132093086,0.1280028013209309,0.12800280132093092,0.12800280132093073,0.12800280132093061,0.12800280132093056,0.12800280132093053,0.1280028013209306,0.1280028013209306,0.12800280132093064,0.12800280132093053,0.12800280132093045,0.12800280132093053,0.1280028013209304,0.1280028013209303,0.12800280132093023,0.1280028013209303,0.12800280132093023,0.12800280132093053,0.12800280132093045,0.12800280132093048,0.12800280132093053,0.12800280132093103,0.12800280132093106,0.12800280132093103,0.12800280132093111,0.12800280132093117,0.12800280132093117,0.12800280132093117,0.1280028013209312,0.1280028013209312,0.1280028013209311,0.1280028013209311,0.1280028013209313,0.12800280132093134,0.12800280132093134,0.12800280132093136,0.1280028013209314,0.12800280132093145,0.12800280132093148,0.1280028013209315,0.12800280132093156,0.128002801320931,0.12800280132093098,0.12800280132093103,0.12800280132093103,0.1280028013209311,0.12800280132093128,0.1280028013209316,0.12800280132093156,0.12800280132093156,0.12800280132093153,0.1280028013209316,0.1280028013209315,0.1280028013209312,0.1280028013209307,0.12800280132093073,0.12800280132093073,0.12800280132093073,0.12800280132093075,0.1280028013209308,0.12800280132093084,0.12800280132093084,0.12800280132093053,0.12800280132093064,0.12800280132093061,0.1280028013209306,0.12800280132092992,0.12800280132092992,0.12800280132092992,0.12800280132093,0.12800280132093,0.12800280132092992,0.12800280132092995,0.12800280132093,0.1280028013209299,0.12800280132092975,0.12800280132092973,0.12800280132092975,0.12800280132092973,0.12800280132092967,0.12800280132092973,0.12800280132092973,0.1280028013209298,0.128002801320929,0.12800280132092898,0.12800280132092895,0.12800280132092873,0.12800280132092876,0.12800280132092876,0.12800280132092876,0.12800280132092873,0.12800280132092873,0.12800280132092887,0.1280028013209288,0.12800280132092892,0.1280028013209289,0.12800280132092895,0.1280028013209288,0.12800280132092892,0.12800280132092884,0.1280028013209286,0.12800280132092862,0.1280028013209286,0.12800280132092873,0.12800280132092873,0.12800280132092876,0.12800280132092876,0.12800280132092895,0.12800280132092898,0.1280028013209292,0.12800280132092898,0.128002801320929,0.12800280132092903,0.128002801320929,0.12800280132092903,0.12800280132092912,0.12800280132092914,0.1280028013209292,0.12800280132092923,0.12800280132092925,0.12800280132092925,0.12800280132092928,0.12800280132092925,0.1280028013209291,0.12800280132092914,0.12800280132092895,0.12800280132092895,0.12800280132092887,0.12800280132092895,0.12800280132092898,0.1280028013209293,0.12800280132092914,0.12800280132092912,0.12800280132092906,0.12800280132092906,0.12800280132092906,0.12800280132092917,0.12800280132092925,0.12800280132092925,0.12800280132092934,0.1280028013209292,0.12800280132092914,0.1280028013209295,0.12800280132092948,0.12800280132092934,0.1280028013209289,0.12800280132092892,0.12800280132092878,0.12800280132092864,0.12800280132092864,0.12800280132092884,0.12800280132092864,0.12800280132092814,0.12800280132092762,0.12800280132092767,0.1280028013209277,0.12800280132092756,0.1280028013209277,0.1280028013209277,0.1280028013209277,0.12800280132092778,0.12800280132092767,0.12800280132092767,0.12800280132092742,0.1280028013209274,0.12800280132092742,0.12800280132092742,0.12800280132092745,0.12800280132092742,0.1280028013209275,0.1280028013209275,0.12800280132092687,0.1280028013209267,0.12800280132092684,0.1280028013209268,0.12800280132092676,0.12800280132092678,0.1280028013209268,0.1280028013209269,0.12800280132092673,0.1280028013209267,0.12800280132092662,0.1280028013209266,0.1280028013209267,0.12800280132092665,0.1280028013209267,0.12800280132092667,0.1280028013209266,0.12800280132092648,0.12800280132092615,0.12800280132092567,0.12800280132092576,0.12800280132092573,0.12800280132092584,0.12800280132092587,0.1280028013209258,0.12800280132092579,0.12800280132092562,0.12800280132092554,0.1280028013209257,0.1280028013209257,0.12800280132092565,0.1280028013209254,0.1280028013209254,0.12800280132092537,0.12800280132092526,0.12800280132092537,0.1280028013209253,0.12800280132092529,0.1280028013209252,0.12800280132092517,0.12800280132092523,0.12800280132092529,0.12800280132092526,0.12800280132092523,0.12800280132092534,0.12800280132092526,0.12800280132092534,0.12800280132092526,0.12800280132092529,0.12800280132092529,0.12800280132092498,0.12800280132092517,0.12800280132092517,0.12800280132092562,0.12800280132092565,0.12800280132092565,0.12800280132092562,0.12800280132092565,0.12800280132092567,0.12800280132092567,0.12800280132092573,0.1280028013209256,0.12800280132092556,0.12800280132092554,0.12800280132092562,0.12800280132092562,0.12800280132092554,0.12800280132092567,0.12800280132092565,0.12800280132092554,0.12800280132092565,0.12800280132092573,0.1280028013209257,0.12800280132092584,0.12800280132092623,0.12800280132092615,0.1280028013209262,0.12800280132092623,0.1280028013209262,0.12800280132092653,0.1280028013209266,0.12800280132092673,0.12800280132092634,0.1280028013209264,0.12800280132092634,0.12800280132092634,0.12800280132092587,0.12800280132092587,0.12800280132092584,0.12800280132092595,0.128002801320926,0.12800280132092612,0.1280028013209261,0.12800280132092612,0.12800280132092612,0.12800280132092606,0.12800280132092606,0.12800280132092606,0.12800280132092606,0.1280028013209261,0.128002801320926,0.12800280132092606,0.12800280132092615,0.12800280132092606,0.1280028013209261,0.12800280132092612,0.12800280132092604,0.1280028013209261,0.12800280132092606,0.12800280132092604,0.12800280132092606,0.12800280132092606,0.12800280132092604,0.12800280132092606,0.1280028013209261,0.1280028013209261,0.12800280132092612,0.1280028013209261,0.1280028013209261,0.128002801320926,0.12800280132092606,0.12800280132092604,0.12800280132092604,0.12800280132092606,0.12800280132092606,0.12800280132092606,0.12800280132092606,0.12800280132092604,0.12800280132092606,0.12800280132092606,0.12800280132092604,0.12800280132092606,0.12800280132092606,0.12800280132092606,0.12800280132092606,0.12800280132092604,0.12800280132092604,0.12800280132092604,0.12800280132092604,0.12800280132092606,0.12800280132092606,0.12800280132092606,0.12800280132092606,0.12800280132092606,0.12800280132092606,0.12800280132092606,0.1280028013209261,0.12800280132092606,0.12800280132092606,0.12800280132092606,0.12800280132092606,0.12800280132092606,0.12800280132092606,0.12800280132092606,0.12800280132092612,0.1280028013209261,0.12800280132092606,0.12800280132092606,0.12800280132092606,0.1280028013209261,0.12800280132092606,0.12800280132092604,0.12800280132092606,0.12800280132092606,0.1280028013209261,0.1280028013209261,0.12800280132092606,0.12800280132092606,0.12800280132092606,0.12800280132092606,0.1280028013209261,0.12800280132092606,0.12800280132092604,0.1280028013209261,0.12800280132092604,0.12800280132092604,0.128002801320926,0.12800280132092612,0.128002801320926,0.12800280132092604,0.1280028013209261,0.1280028013209261,0.12800280132092606,0.12800280132092606,0.12800280132092606,0.12800280132092606,0.12800280132092606,0.12800280132092604,0.12800280132092604,0.12800280132092604,0.12800280132092606,0.12800280132092604,0.12800280132092606,0.12800280132092606,0.12800280132092606,0.12800280132092606,0.12800280132092604,0.12800280132092606,0.12800280132092606,0.12800280132092606,0.1280028013209261,0.12800280132092606,0.12800280132092604,0.12800280132092604,0.12800280132092604,0.12800280132092604,0.12800280132092604,0.12800280132092606,0.12800280132092606,0.12800280132092604,0.12800280132092606,0.12800280132092604,0.12800280132092604,0.12800280132092604,0.12800280132092604,0.12800280132092604,0.12800280132092604,0.12800280132092604,0.128002801320926,0.12800280132092606,0.12800280132092606,0.12800280132092604,0.12800280132092606,0.12800280132092604,0.12800280132092604,0.12800280132092606,0.12800280132092604,0.12800280132092606,0.12800280132092606,0.12800280132092604,0.12800280132092606,0.1280028013209261,0.12800280132092606,0.12800280132092606,0.12800280132092606,0.1280028013209261,0.12800280132092606,0.12800280132092604,0.12800280132092606,0.128002801320926,0.12800280132092604,0.12800280132092606,0.12800280132092604,0.12800280132092604,0.12800280132092604,0.12800280132092606,0.12800280132092604,0.128002801320926,0.12800280132092604,0.12800280132092604,0.12800280132092604,0.12800280132092604,0.12800280132092604,0.12800280132092604,0.12800280132092604,0.12800280132092604,0.128002801320926,0.12800280132092604,0.128002801320926,0.128002801320926,0.12800280132092604,0.128002801320926,0.128002801320926,0.12800280132092604,0.128002801320926,0.128002801320926,0.12800280132092604,0.12800280132092604,0.12800280132092604,0.12800280132092604,0.12800280132092604,0.12800280132092604,0.12800280132092604,0.12800280132092604,0.12800280132092604,0.128002801320926,0.12800280132092604,0.128002801320926,0.12800280132092604,0.12800280132092604,0.128002801320926,0.12800280132092604,0.12800280132092604,0.12800280132092598,0.12800280132092595,0.12800280132092598,0.12800280132092604,0.12800280132092604,0.12800280132092598,0.128002801320926,0.128002801320926,0.12800280132092604,0.128002801320926,0.128002801320926,0.128002801320926,0.128002801320926,0.128002801320926,0.12800280132092604,0.12800280132092604,0.128002801320926,0.128002801320926,0.128002801320926,0.128002801320926,0.12800280132092604,0.12800280132092598,0.12800280132092598,0.12800280132092598,0.12800280132092595,0.12800280132092598,0.12800280132092598,0.12800280132092598,0.12800280132092598,0.128002801320926,0.128002801320926,0.128002801320926,0.128002801320926,0.128002801320926,0.128002801320926,0.128002801320926,0.128002801320926,0.128002801320926,0.128002801320926,0.128002801320926,0.12800280132092598,0.128002801320926,0.1280028013209261,0.12800280132092606,0.12800280132092604,0.12800280132092604,0.12800280132092604,0.12800280132092604,0.12800280132092604,0.12800280132092606,0.12800280132092604,0.12800280132092606,0.128002801320926,0.128002801320926,0.12800280132092604,0.12800280132092604,0.12800280132092604,0.12800280132092604,0.12800280132092604,0.1280028013209259,0.12800280132092604,0.128002801320926,0.12800280132092604,0.12800280132092604,0.128002801320926,0.12800280132092604,0.12800280132092604,0.12800280132092604,0.12800280132092598,0.12800280132092604,0.12800280132092604,0.12800280132092598,0.12800280132092598,0.12800280132092598,0.12800280132092604,0.12800280132092604,0.12800280132092604,0.12800280132092598,0.12800280132092598,0.12800280132092598,0.12800280132092598,0.12800280132092604,0.128002801320926,0.128002801320926,0.12800280132092598,0.128002801320926,0.128002801320926,0.12800280132092598,0.12800280132092598,0.128002801320926,0.12800280132092604,0.12800280132092598,0.12800280132092584,0.12800280132092592,0.12800280132092595,0.12800280132092598,0.128002801320926,0.12800280132092592,0.12800280132092598,0.12800280132092595,0.12800280132092595,0.12800280132092598,0.12800280132092595,0.12800280132092598,0.12800280132092595,0.12800280132092595,0.12800280132092595,0.12800280132092598,0.12800280132092598,0.12800280132092595,0.12800280132092598,0.128002801320926,0.12800280132092598,0.12800280132092598,0.12800280132092595,0.128002801320926,0.12800280132092595,0.12800280132092595,0.12800280132092595,0.12800280132092595,0.12800280132092595,0.12800280132092604,0.128002801320926,0.128002801320926,0.128002801320926,0.12800280132092604,0.12800280132092598,0.12800280132092604,0.12800280132092604,0.12800280132092598,0.12800280132092598,0.12800280132092595,0.12800280132092592,0.12800280132092598,0.12800280132092598,0.12800280132092598,0.12800280132092598,0.12800280132092598,0.12800280132092598,0.12800280132092598,0.12800280132092598,0.12800280132092598,0.12800280132092595,0.128002801320926,0.128002801320926,0.128002801320926,0.128002801320926,0.128002801320926,0.128002801320926,0.128002801320926,0.12800280132092604,0.128002801320926,0.128002801320926,0.128002801320926,0.128002801320926,0.128002801320926,0.128002801320926,0.128002801320926,0.12800280132092604,0.128002801320926,0.12800280132092604,0.12800280132092598,0.12800280132092595,0.12800280132092598,0.12800280132092598,0.12800280132092598,0.12800280132092598,0.12800280132092595,0.12800280132092604,0.128002801320926,0.12800280132092598,0.12800280132092598,0.128002801320926,0.12800280132092598,0.12800280132092598,0.12800280132092598,0.128002801320926,0.12800280132092595,0.128002801320926,0.128002801320926,0.128002801320926,0.12800280132092598,0.128002801320926,0.128002801320926,0.12800280132092604,0.128002801320926,0.12800280132092598,0.12800280132092598,0.128002801320926,0.12800280132092595,0.128002801320926,0.128002801320926,0.128002801320926,0.128002801320926,0.12800280132092604,0.12800280132092598,0.128002801320926,0.128002801320926,0.12800280132092598,0.128002801320926,0.12800280132092598,0.12800280132092598,0.128002801320926,0.12800280132092598,0.12800280132092598,0.12800280132092598,0.12800280132092598,0.12800280132092598,0.12800280132092598,0.12800280132092598,0.12800280132092598,0.12800280132092595,0.12800280132092598,0.12800280132092598,0.128002801320926,0.12800280132092598,0.12800280132092595,0.12800280132092595,0.12800280132092595,0.12800280132092595,0.128002801320926,0.128002801320926,0.12800280132092595,0.12800280132092604,0.128002801320926,0.128002801320926,0.128002801320926,0.128002801320926,0.128002801320926,0.128002801320926,0.12800280132092598,0.128002801320926,0.128002801320926,0.12800280132092604,0.12800280132092604,0.12800280132092604,0.12800280132092598,0.12800280132092598,0.12800280132092598,0.12800280132092595,0.12800280132092598,0.12800280132092598,0.12800280132092598,0.12800280132092598,0.12800280132092598,0.12800280132092598,0.12800280132092598,0.12800280132092604,0.1280028013209261,0.12800280132092604,0.128002801320926,0.12800280132092604,0.12800280132092606,0.12800280132092604,0.12800280132092606,0.12800280132092604,0.128002801320926,0.12800280132092604,0.12800280132092604,0.12800280132092604,0.128002801320926,0.12800280132092615,0.12800280132092604,0.12800280132092604,0.12800280132092606,0.12800280132092604,0.12800280132092606,0.1280028013209261,0.128002801320926,0.12800280132092606,0.12800280132092606,0.12800280132092606,0.1280028013209261,0.12800280132092606,0.12800280132092606,0.12800280132092606,0.1280028013209261,0.128002801320926,0.12800280132092604,0.12800280132092612,0.1280028013209261,0.12800280132092606,0.12800280132092606,0.12800280132092606,0.12800280132092606,0.12800280132092604,0.12800280132092606,0.12800280132092606,0.12800280132092606,0.12800280132092604,0.1280028013209261,0.12800280132092606,0.12800280132092604,0.12800280132092606,0.12800280132092606,0.12800280132092604,0.12800280132092606,0.12800280132092604,0.12800280132092606,0.12800280132092606,0.12800280132092604,0.12800280132092604,0.1280028013209261,0.12800280132092604,0.12800280132092606,0.12800280132092606,0.12800280132092598,0.128002801320926,0.12800280132092606,0.12800280132092606,0.12800280132092606,0.12800280132092604,0.12800280132092604,0.12800280132092604,0.12800280132092606,0.12800280132092604,0.1280028013209261,0.1280028013209261,0.12800280132092604,0.12800280132092606,0.1280028013209261,0.1280028013209261,0.12800280132092604,0.12800280132092606,0.12800280132092606,0.12800280132092606,0.12800280132092606,0.12800280132092606,0.1280028013209261,0.12800280132092606,0.12800280132092606,0.12800280132092604,0.12800280132092606,0.12800280132092606,0.12800280132092604,0.12800280132092612,0.12800280132092606,0.12800280132092604,0.12800280132092604,0.12800280132092604,0.12800280132092604,0.12800280132092606,0.12800280132092606,0.12800280132092606,0.12800280132092604,0.12800280132092606,0.12800280132092606,0.12800280132092604,0.12800280132092604,0.12800280132092604,0.12800280132092612,0.1280028013209261,0.12800280132092604,0.1280028013209261,0.12800280132092604,0.12800280132092606,0.12800280132092604,0.12800280132092606,0.12800280132092606,0.12800280132092604,0.12800280132092604,0.12800280132092604,0.12800280132092606,0.12800280132092606,0.12800280132092604,0.1280028013209261,0.1280028013209261,0.12800280132092604,0.12800280132092606,0.12800280132092604,0.12800280132092604,0.12800280132092606,0.12800280132092604,0.12800280132092604,0.12800280132092606,0.128002801320926,0.128002801320926,0.12800280132092604,0.12800280132092604,0.12800280132092606,0.12800280132092598,0.12800280132092606,0.128002801320926,0.12800280132092604,0.1280028013209261,0.12800280132092606,0.12800280132092604,0.12800280132092604,0.12800280132092606,0.12800280132092604,0.12800280132092604,0.12800280132092604,0.12800280132092604,0.12800280132092604,0.12800280132092606,0.12800280132092604,0.12800280132092604,0.12800280132092604,0.12800280132092606,0.12800280132092606,0.1280028013209261,0.12800280132092604,0.12800280132092606,0.12800280132092604,0.12800280132092604,0.128002801320926,0.128002801320926,0.12800280132092606,0.12800280132092604,0.12800280132092606,0.12800280132092606,0.12800280132092604,0.12800280132092604,0.12800280132092606,0.12800280132092604,0.12800280132092604,0.12800280132092606,0.12800280132092606,0.128002801320926,0.12800280132092604,0.128002801320926,0.12800280132092604,0.128002801320926,0.128002801320926,0.128002801320926,0.12800280132092604,0.12800280132092606,0.12800280132092604,0.12800280132092604,0.128002801320926,0.12800280132092604,0.128002801320926,0.12800280132092604,0.128002801320926,0.12800280132092604,0.12800280132092604,0.12800280132092604,0.12800280132092604,0.12800280132092604,0.128002801320926,0.128002801320926,0.12800280132092604,0.12800280132092595,0.12800280132092598,0.12800280132092604,0.12800280132092604,0.12800280132092604,0.12800280132092604,0.12800280132092604,0.12800280132092604,0.12800280132092604,0.12800280132092604,0.12800280132092604,0.128002801320926,0.128002801320926,0.12800280132092604,0.12800280132092592,0.128002801320926,0.12800280132092598,0.12800280132092604,0.128002801320926,0.128002801320926,0.12800280132092604,0.128002801320926,0.128002801320926,0.12800280132092604,0.128002801320926,0.12800280132092604,0.128002801320926,0.12800280132092604,0.1280028013209261,0.12800280132092606,0.12800280132092604,0.12800280132092604,0.12800280132092604,0.12800280132092604,0.12800280132092606,0.12800280132092604,0.128002801320926,0.12800280132092604,0.128002801320926,0.12800280132092606,0.12800280132092604,0.12800280132092604,0.12800280132092604,0.12800280132092604,0.12800280132092604,0.12800280132092598,0.128002801320926,0.12800280132092598,0.128002801320926,0.12800280132092604,0.12800280132092606,0.12800280132092604,0.12800280132092606,0.12800280132092598,0.12800280132092598,0.12800280132092604,0.12800280132092606,0.12800280132092604,0.12800280132092604,0.12800280132092604,0.12800280132092606,0.12800280132092606,0.12800280132092604,0.12800280132092606,0.12800280132092606,0.12800280132092604,0.1280028013209261,0.12800280132092606,0.12800280132092604,0.128002801320926,0.12800280132092612,0.12800280132092604,0.12800280132092606,0.12800280132092604,0.12800280132092604,0.12800280132092604,0.12800280132092606,0.12800280132092604,0.12800280132092606,0.1280028013209261,0.12800280132092606,0.12800280132092604,0.12800280132092604,0.12800280132092604,0.12800280132092606,0.12800280132092606,0.12800280132092604,0.1280028013209261,0.128002801320926,0.12800280132092606,0.12800280132092604,0.12800280132092604,0.12800280132092606,0.12800280132092606,0.12800280132092606,0.128002801320926,0.128002801320926,0.12800280132092604,0.12800280132092604,0.128002801320926,0.128002801320926,0.12800280132092604,0.12800280132092604,0.12800280132092604,0.12800280132092604,0.12800280132092598,0.12800280132092604,0.128002801320926,0.12800280132092604,0.12800280132092604,0.12800280132092604,0.12800280132092604,0.12800280132092606,0.12800280132092604,0.12800280132092604,0.12800280132092604,0.12800280132092604,0.12800280132092604,0.12800280132092604,0.12800280132092604,0.12800280132092604,0.12800280132092604,0.12800280132092604,0.128002801320926,0.12800280132092612,0.12800280132092606,0.12800280132092604,0.12800280132092606,0.12800280132092606,0.12800280132092604,0.1280028013209261,0.12800280132092606,0.12800280132092606,0.1280028013209261,0.12800280132092604,0.12800280132092604,0.12800280132092604,0.12800280132092604,0.12800280132092612,0.1280028013209261,0.128002801320926,0.12800280132092606,0.12800280132092606,0.12800280132092606,0.12800280132092604,0.12800280132092606,0.12800280132092606,0.12800280132092606,0.12800280132092606,0.1280028013209261,0.128002801320926,0.12800280132092606,0.1280028013209261,0.128002801320926,0.12800280132092604,0.12800280132092604,0.12800280132092604,0.12800280132092606,0.12800280132092604,0.12800280132092604,0.12800280132092604,0.12800280132092604,0.12800280132092604,0.12800280132092606,0.12800280132092604,0.128002801320926,0.12800280132092604,0.12800280132092604,0.12800280132092604,0.12800280132092606,0.12800280132092604,0.12800280132092598,0.128002801320926,0.12800280132092604,0.12800280132092598,0.128002801320926,0.12800280132092604,0.12800280132092604,0.12800280132092604,0.12800280132092604,0.12800280132092604,0.12800280132092604,0.128002801320926,0.12800280132092595,0.128002801320926,0.128002801320926,0.128002801320926,0.12800280132092604,0.12800280132092592,0.128002801320926,0.12800280132092606,0.12800280132092604,0.1280028013209261,0.128002801320926,0.128002801320926,0.12800280132092604,0.12800280132092604,0.12800280132092595,0.12800280132092598,0.12800280132092604,0.128002801320926,0.128002801320926,0.128002801320926,0.128002801320926,0.12800280132092604,0.12800280132092604,0.12800280132092604,0.12800280132092604,0.12800280132092598,0.12800280132092598,0.12800280132092598,0.128002801320926,0.12800280132092598,0.12800280132092598,0.12800280132092598,0.12800280132092606,0.12800280132092598,0.12800280132092598,0.12800280132092598,0.12800280132092598,0.12800280132092598,0.12800280132092598,0.128002801320926,0.12800280132092598,0.12800280132092595,0.128002801320926,0.128002801320926,0.128002801320926,0.128002801320926,0.128002801320926,0.128002801320926,0.128002801320926,0.128002801320926,0.128002801320926,0.128002801320926,0.128002801320926,0.128002801320926,0.128002801320926,0.128002801320926,0.128002801320926,0.128002801320926,0.128002801320926,0.12800280132092598,0.128002801320926,0.128002801320926,0.128002801320926,0.128002801320926,0.12800280132092604,0.12800280132092598,0.12800280132092598,0.12800280132092598,0.12800280132092598,0.12800280132092598,0.128002801320926,0.12800280132092604,0.12800280132092598,0.128002801320926,0.128002801320926,0.12800280132092598,0.12800280132092592,0.12800280132092626,0.1280028013209261,0.12800280132092606,0.12800280132092606,0.12800280132092606,0.12800280132092606,0.12800280132092606,0.12800280132092606,0.12800280132092606,0.1280028013209261,0.12800280132092604,0.1280028013209261,0.12800280132092604,0.12800280132092604,0.12800280132092604,0.12800280132092604,0.12800280132092604,0.12800280132092604,0.12800280132092604,0.1280028013209261,0.12800280132092606,0.1280028013209261,0.1280028013209261,0.128002801320926,0.1280028013209261,0.12800280132092604,0.1280028013209261,0.1280028013209261,0.12800280132092604,0.12800280132092604,0.12800280132092606,0.12800280132092604,0.12800280132092606,0.12800280132092604,0.12800280132092604,0.128002801320926,0.12800280132092604,0.12800280132092604,0.12800280132092606,0.12800280132092604,0.1280028013209261,0.1280028013209261,0.12800280132092606,0.12800280132092604,0.1280028013209261,0.1280028013209261,0.12800280132092606,0.12800280132092604,0.12800280132092604,0.12800280132092606,0.12800280132092604,0.1280028013209261,0.12800280132092606,0.12800280132092606,0.12800280132092604,0.12800280132092604,0.12800280132092606,0.12800280132092612,0.12800280132092606,0.12800280132092604,0.12800280132092604,0.1280028013209261,0.12800280132092606,0.12800280132092606,0.12800280132092606,0.12800280132092606,0.12800280132092606,0.12800280132092606,0.12800280132092606,0.1280028013209261,0.1280028013209261,0.12800280132092612,0.12800280132092606,0.12800280132092606,0.12800280132092606,0.12800280132092604,0.12800280132092606,0.1280028013209261,0.12800280132092604,0.1280028013209261,0.12800280132092606,0.12800280132092606,0.12800280132092604,0.12800280132092606,0.1280028013209261,0.12800280132092612,0.1280028013209261,0.12800280132092606,0.12800280132092606,0.1280028013209261,0.1280028013209261,0.12800280132092604,0.12800280132092606,0.1280028013209261,0.1280028013209261,0.1280028013209261,0.1280028013209261,0.1280028013209261,0.12800280132092612,0.12800280132092612,0.12800280132092606,0.12800280132092604,0.12800280132092606,0.12800280132092606,0.12800280132092604,0.12800280132092606,0.12800280132092606,0.12800280132092606,0.1280028013209261,0.12800280132092606,0.12800280132092606,0.1280028013209261,0.1280028013209261,0.12800280132092606,0.12800280132092606,0.12800280132092604,0.12800280132092604,0.12800280132092604,0.128002801320926,0.1280028013209261,0.12800280132092604,0.12800280132092606,0.128002801320926,0.12800280132092604,0.12800280132092604,0.12800280132092606,0.12800280132092604,0.12800280132092606,0.12800280132092604,0.12800280132092606,0.12800280132092606,0.12800280132092606,0.12800280132092604,0.12800280132092604,0.12800280132092604,0.12800280132092606,0.12800280132092604,0.12800280132092606,0.12800280132092604,0.12800280132092606,0.12800280132092604,0.12800280132092606,0.12800280132092606,0.12800280132092604,0.12800280132092606,0.12800280132092604,0.12800280132092606,0.1280028013209261,0.12800280132092606,0.12800280132092604,0.12800280132092606,0.1280028013209261,0.12800280132092606,0.12800280132092606,0.12800280132092606,0.1280028013209261,0.12800280132092612,0.1280028013209261,0.12800280132092606,0.12800280132092606,0.12800280132092606,0.12800280132092606,0.1280028013209261,0.12800280132092604,0.12800280132092606,0.12800280132092606,0.12800280132092606,0.12800280132092606,0.1280028013209261,0.12800280132092606,0.12800280132092606,0.12800280132092604,0.12800280132092606,0.12800280132092604,0.12800280132092604,0.1280028013209261,0.1280028013209261,0.12800280132092606,0.12800280132092604,0.12800280132092604,0.1280028013209261,0.12800280132092604,0.12800280132092604,0.12800280132092612,0.12800280132092606,0.12800280132092604,0.12800280132092606,0.12800280132092606,0.1280028013209261,0.1280028013209261,0.12800280132092604,0.12800280132092604,0.12800280132092604,0.12800280132092604,0.12800280132092604,0.12800280132092606,0.12800280132092606,0.12800280132092606,0.128002801320926,0.128002801320926,0.1280028013209261,0.128002801320926,0.12800280132092604,0.12800280132092598,0.12800280132092598,0.12800280132092604,0.12800280132092604,0.12800280132092604,0.12800280132092604,0.12800280132092604,0.128002801320926,0.12800280132092604,0.12800280132092604,0.12800280132092604,0.128002801320926,0.128002801320926,0.12800280132092604,0.128002801320926,0.12800280132092604,0.12800280132092606,0.128002801320926,0.12800280132092604,0.12800280132092606,0.12800280132092604,0.128002801320926,0.128002801320926,0.12800280132092604,0.12800280132092604,0.12800280132092604,0.12800280132092604,0.12800280132092606,0.12800280132092606,0.12800280132092606,0.12800280132092606,0.12800280132092606,0.12800280132092604,0.128002801320926,0.12800280132092604,0.12800280132092604,0.12800280132092604,0.12800280132092604,0.128002801320926,0.12800280132092604,0.12800280132092604,0.12800280132092606,0.12800280132092604,0.12800280132092604,0.12800280132092604,0.12800280132092612,0.12800280132092606,0.128002801320926,0.128002801320926,0.12800280132092604,0.12800280132092604,0.12800280132092604,0.128002801320926,0.12800280132092604,0.12800280132092604,0.128002801320926,0.12800280132092604,0.12800280132092604,0.128002801320926,0.12800280132092604,0.12800280132092604,0.12800280132092606,0.12800280132092604,0.12800280132092606,0.12800280132092598,0.12800280132092604,0.128002801320926,0.128002801320926,0.12800280132092604,0.12800280132092606,0.12800280132092604,0.12800280132092604,0.12800280132092604,0.128002801320926,0.128002801320926,0.128002801320926,0.12800280132092604,0.128002801320926,0.12800280132092604,0.12800280132092604,0.12800280132092604,0.12800280132092604,0.12800280132092604,0.12800280132092595,0.12800280132092604,0.12800280132092598,0.12800280132092598,0.12800280132092598,0.12800280132092598,0.12800280132092598,0.12800280132092598,0.12800280132092595,0.128002801320926,0.12800280132092604,0.12800280132092604,0.12800280132092604,0.128002801320926,0.12800280132092604,0.128002801320926,0.128002801320926,0.12800280132092604,0.12800280132092604,0.12800280132092604,0.12800280132092604,0.128002801320926,0.128002801320926,0.128002801320926,0.12800280132092604,0.128002801320926,0.128002801320926,0.128002801320926,0.128002801320926,0.128002801320926,0.12800280132092598,0.12800280132092604,0.12800280132092592,0.12800280132092606,0.12800280132092604,0.128002801320926,0.12800280132092604,0.12800280132092604,0.12800280132092604,0.12800280132092604,0.12800280132092604,0.12800280132092604,0.12800280132092604,0.12800280132092604,0.12800280132092598,0.12800280132092598,0.12800280132092598,0.128002801320926,0.12800280132092595,0.12800280132092595,0.128002801320926,0.12800280132092598,0.12800280132092598,0.12800280132092598,0.12800280132092598,0.12800280132092598,0.12800280132092604,0.128002801320926,0.128002801320926,0.128002801320926,0.128002801320926,0.128002801320926,0.12800280132092606,0.12800280132092595,0.12800280132092598,0.128002801320926,0.12800280132092604,0.128002801320926,0.128002801320926,0.128002801320926,0.12800280132092604,0.12800280132092604,0.128002801320926,0.12800280132092604,0.12800280132092598,0.12800280132092598,0.12800280132092604,0.12800280132092604,0.12800280132092604,0.128002801320926,0.12800280132092598,0.12800280132092604,0.128002801320926,0.128002801320926,0.12800280132092604,0.128002801320926,0.12800280132092606,0.12800280132092604,0.128002801320926,0.128002801320926,0.12800280132092606,0.12800280132092604,0.12800280132092604,0.12800280132092598,0.12800280132092606,0.128002801320926,0.128002801320926,0.12800280132092598,0.12800280132092606,0.12800280132092604,0.12800280132092604,0.12800280132092604,0.12800280132092606,0.12800280132092604,0.1280028013209261,0.12800280132092604,0.12800280132092604,0.12800280132092604,0.12800280132092604,0.12800280132092604,0.12800280132092604,0.12800280132092606,0.12800280132092604,0.12800280132092598,0.128002801320926,0.12800280132092604,0.12800280132092604,0.12800280132092604,0.128002801320926,0.128002801320926,0.128002801320926,0.12800280132092606,0.12800280132092592,0.12800280132092604,0.12800280132092598,0.12800280132092598,0.12800280132092598,0.128002801320926,0.12800280132092598,0.12800280132092598,0.12800280132092598,0.12800280132092595,0.12800280132092595,0.12800280132092598,0.128002801320926,0.12800280132092592,0.12800280132092598,0.12800280132092598,0.12800280132092595,0.12800280132092592,0.12800280132092595,0.12800280132092595,0.12800280132092595,0.12800280132092595,0.12800280132092595,0.12800280132092595,0.12800280132092595,0.12800280132092592,0.12800280132092598,0.12800280132092595,0.1280028013209259,0.12800280132092595,0.12800280132092595,0.12800280132092592,0.12800280132092595,0.12800280132092592,0.12800280132092592,0.12800280132092595,0.12800280132092595,0.12800280132092592,0.12800280132092592,0.12800280132092598,0.12800280132092592,0.12800280132092595,0.12800280132092595,0.12800280132092592,0.1280028013209259,0.12800280132092592,0.12800280132092592,0.128002801320926,0.12800280132092592,0.12800280132092587,0.12800280132092595,0.12800280132092595,0.12800280132092592,0.1280028013209259,0.12800280132092592,0.12800280132092592,0.12800280132092595,0.12800280132092592,0.12800280132092592,0.1280028013209259,0.12800280132092595,0.12800280132092592,0.12800280132092592,0.12800280132092592,0.12800280132092592,0.12800280132092592,0.12800280132092595,0.12800280132092592,0.12800280132092595,0.12800280132092598,0.12800280132092592,0.12800280132092595,0.12800280132092598,0.12800280132092592,0.12800280132092595,0.12800280132092592,0.12800280132092592,0.12800280132092592,0.12800280132092592,0.12800280132092595,0.12800280132092592,0.12800280132092598,0.12800280132092595,0.12800280132092595,0.12800280132092592,0.12800280132092592,0.12800280132092592,0.12800280132092592,0.12800280132092592,0.12800280132092592,0.12800280132092592,0.12800280132092595,0.12800280132092592,0.1280028013209259,0.12800280132092592,0.12800280132092592,0.1280028013209259,0.12800280132092592,0.12800280132092592,0.12800280132092592,0.12800280132092592,0.1280028013209259,0.12800280132092592,0.1280028013209259,0.1280028013209259,0.1280028013209259,0.12800280132092604,0.12800280132092592,0.12800280132092604,0.128002801320926,0.12800280132092604,0.128002801320926,0.128002801320926,0.128002801320926,0.12800280132092604,0.12800280132092598,0.12800280132092598,0.128002801320926,0.12800280132092604,0.128002801320926,0.12800280132092598,0.128002801320926,0.12800280132092606,0.128002801320926,0.12800280132092604,0.12800280132092604,0.12800280132092604,0.12800280132092598,0.12800280132092595,0.12800280132092598,0.12800280132092598,0.12800280132092598,0.12800280132092595,0.12800280132092595,0.12800280132092595,0.12800280132092595,0.12800280132092595,0.12800280132092595,0.12800280132092595,0.12800280132092598,0.12800280132092595,0.12800280132092595,0.12800280132092595,0.12800280132092595,0.12800280132092592,0.12800280132092595,0.12800280132092595,0.12800280132092595,0.12800280132092592,0.12800280132092592,0.12800280132092595,0.12800280132092598,0.12800280132092598,0.12800280132092595,0.12800280132092595,0.12800280132092598,0.12800280132092595,0.12800280132092595,0.12800280132092595,0.12800280132092595,0.12800280132092592,0.12800280132092592,0.12800280132092587,0.12800280132092595,0.12800280132092595,0.12800280132092592,0.128002801320926,0.128002801320926,0.128002801320926,0.128002801320926,0.12800280132092595,0.12800280132092595,0.12800280132092592,0.12800280132092592,0.12800280132092598,0.12800280132092598,0.12800280132092598,0.12800280132092598,0.12800280132092598,0.12800280132092595,0.12800280132092595,0.12800280132092595,0.12800280132092592,0.12800280132092592,0.1280028013209259,0.12800280132092592,0.12800280132092592,0.12800280132092592,0.12800280132092595,0.12800280132092592,0.12800280132092598,0.1280028013209259,0.12800280132092595,0.12800280132092592,0.12800280132092598,0.12800280132092598,0.12800280132092595,0.12800280132092595,0.12800280132092595,0.1280028013209259,0.12800280132092592,0.12800280132092592,0.12800280132092595,0.12800280132092595,0.12800280132092595,0.12800280132092592,0.12800280132092595,0.12800280132092592,0.12800280132092595,0.12800280132092595,0.12800280132092595,0.12800280132092595,0.12800280132092595,0.12800280132092598,0.12800280132092595,0.12800280132092595,0.12800280132092595,0.12800280132092598,0.12800280132092592,0.12800280132092592,0.12800280132092595,0.12800280132092595,0.12800280132092595,0.12800280132092598,0.12800280132092598,0.12800280132092595,0.12800280132092592,0.12800280132092598,0.12800280132092592,0.12800280132092592,0.12800280132092592,0.12800280132092604,0.12800280132092592,0.12800280132092592,0.12800280132092592,0.12800280132092598,0.12800280132092598,0.12800280132092595,0.12800280132092595,0.128002801320926,0.12800280132092598,0.12800280132092598,0.12800280132092595,0.12800280132092595,0.12800280132092595,0.12800280132092595,0.12800280132092598,0.12800280132092598,0.12800280132092598,0.12800280132092598,0.12800280132092595,0.12800280132092595,0.12800280132092598,0.12800280132092595,0.12800280132092598,0.12800280132092604,0.12800280132092595,0.12800280132092592,0.12800280132092595,0.12800280132092595,0.12800280132092595,0.12800280132092595,0.12800280132092595,0.128002801320926,0.12800280132092598,0.128002801320926,0.12800280132092595,0.12800280132092595,0.12800280132092595,0.12800280132092595,0.12800280132092595,0.12800280132092598,0.12800280132092598,0.12800280132092598,0.12800280132092598,0.12800280132092595,0.12800280132092595,0.12800280132092592,0.12800280132092592,0.12800280132092592,0.12800280132092595,0.12800280132092595,0.12800280132092595,0.12800280132092595,0.12800280132092595,0.12800280132092592,0.12800280132092598,0.12800280132092598,0.12800280132092595,0.12800280132092598,0.12800280132092595,0.12800280132092595,0.12800280132092595,0.12800280132092592,0.12800280132092595,0.12800280132092598,0.12800280132092595,0.12800280132092598,0.12800280132092592,0.12800280132092595,0.12800280132092595,0.12800280132092595,0.12800280132092595,0.12800280132092592,0.12800280132092595,0.12800280132092592,0.12800280132092592,0.12800280132092592,0.12800280132092592,0.12800280132092592,0.12800280132092592,0.12800280132092598,0.12800280132092592,0.12800280132092598,0.12800280132092595,0.12800280132092595,0.12800280132092595,0.12800280132092592,0.12800280132092592,0.12800280132092592,0.12800280132092592,0.12800280132092592,0.12800280132092592,0.12800280132092592,0.128002801320926,0.12800280132092592,0.128002801320926,0.12800280132092598,0.128002801320926,0.128002801320926,0.12800280132092604,0.12800280132092598,0.12800280132092604,0.128002801320926,0.128002801320926,0.128002801320926,0.128002801320926,0.128002801320926,0.128002801320926,0.12800280132092604,0.12800280132092592,0.128002801320926,0.12800280132092598,0.128002801320926,0.128002801320926,0.12800280132092604,0.128002801320926,0.128002801320926,0.12800280132092606,0.12800280132092598,0.128002801320926,0.128002801320926,0.12800280132092604,0.12800280132092595,0.128002801320926,0.12800280132092604,0.12800280132092595,0.12800280132092598,0.128002801320926,0.12800280132092604,0.128002801320926,0.128002801320926,0.128002801320926,0.128002801320926,0.128002801320926,0.12800280132092604,0.12800280132092604,0.12800280132092604,0.12800280132092606,0.12800280132092604,0.128002801320926,0.12800280132092598,0.12800280132092598,0.12800280132092598,0.12800280132092598,0.12800280132092598,0.12800280132092598,0.12800280132092598,0.12800280132092595,0.12800280132092598,0.12800280132092595,0.12800280132092595,0.12800280132092595,0.12800280132092595,0.12800280132092598,0.12800280132092595,0.12800280132092595,0.12800280132092598,0.12800280132092595,0.128002801320926,0.128002801320926,0.12800280132092598,0.128002801320926,0.128002801320926,0.12800280132092595,0.128002801320926,0.128002801320926,0.128002801320926,0.128002801320926,0.12800280132092598,0.12800280132092598,0.12800280132092604,0.128002801320926,0.128002801320926,0.128002801320926,0.128002801320926,0.128002801320926,0.128002801320926,0.128002801320926,0.128002801320926,0.12800280132092604,0.128002801320926,0.12800280132092604,0.128002801320926,0.128002801320926,0.128002801320926,0.12800280132092598,0.12800280132092598,0.12800280132092598,0.12800280132092595,0.1280028013209261,0.12800280132092604,0.128002801320926,0.12800280132092604,0.12800280132092604,0.128002801320926,0.12800280132092604,0.12800280132092606,0.12800280132092604,0.12800280132092604,0.12800280132092604,0.12800280132092604,0.12800280132092606,0.128002801320926,0.12800280132092606,0.128002801320926,0.12800280132092604,0.128002801320926,0.128002801320926,0.12800280132092604,0.12800280132092604,0.12800280132092604,0.12800280132092604,0.12800280132092604,0.12800280132092604,0.12800280132092604,0.128002801320926,0.12800280132092606,0.12800280132092606,0.128002801320926,0.12800280132092604,0.12800280132092604,0.128002801320926,0.12800280132092606,0.12800280132092604,0.12800280132092604,0.12800280132092604,0.12800280132092604,0.12800280132092604,0.12800280132092604,0.12800280132092604,0.12800280132092604,0.128002801320926,0.12800280132092604,0.128002801320926,0.128002801320926,0.128002801320926,0.12800280132092604,0.128002801320926,0.12800280132092606,0.12800280132092606,0.12800280132092604,0.12800280132092604,0.12800280132092604,0.128002801320926,0.128002801320926,0.12800280132092604,0.12800280132092604,0.128002801320926,0.12800280132092606,0.12800280132092604,0.128002801320926,0.12800280132092604,0.12800280132092604,0.128002801320926,0.12800280132092604,0.12800280132092604,0.12800280132092604,0.128002801320926,0.12800280132092604,0.12800280132092604,0.12800280132092604,0.12800280132092604,0.12800280132092598,0.12800280132092604,0.128002801320926,0.128002801320926,0.12800280132092604,0.12800280132092604,0.12800280132092606,0.12800280132092595,0.12800280132092604,0.12800280132092598,0.12800280132092598,0.12800280132092598,0.12800280132092598,0.12800280132092595,0.12800280132092598,0.128002801320926,0.12800280132092604,0.12800280132092598,0.12800280132092598,0.12800280132092595,0.12800280132092595,0.12800280132092595,0.128002801320926,0.12800280132092598,0.12800280132092598,0.128002801320926,0.12800280132092598,0.12800280132092598,0.128002801320926,0.12800280132092595,0.12800280132092604,0.12800280132092598,0.128002801320926,0.12800280132092592,0.128002801320926,0.12800280132092592,0.128002801320926,0.12800280132092604,0.12800280132092598,0.128002801320926,0.128002801320926,0.128002801320926,0.12800280132092604,0.12800280132092604,0.12800280132092595,0.12800280132092595,0.128002801320926,0.12800280132092606,0.128002801320926,0.128002801320926,0.12800280132092604,0.12800280132092604,0.12800280132092604,0.12800280132092598,0.12800280132092598,0.12800280132092598,0.12800280132092598,0.12800280132092598,0.12800280132092598,0.12800280132092604,0.12800280132092595,0.12800280132092595,0.12800280132092592,0.12800280132092604,0.12800280132092595,0.12800280132092595,0.12800280132092598,0.12800280132092598,0.12800280132092592,0.12800280132092595,0.128002801320926,0.12800280132092598,0.128002801320926,0.128002801320926,0.128002801320926,0.12800280132092598,0.128002801320926,0.128002801320926,0.128002801320926,0.12800280132092604,0.128002801320926,0.12800280132092604,0.128002801320926,0.12800280132092604,0.12800280132092604,0.128002801320926,0.128002801320926,0.12800280132092604,0.12800280132092606,0.12800280132092604,0.128002801320926,0.128002801320926,0.12800280132092604,0.12800280132092606,0.12800280132092604,0.12800280132092604,0.128002801320926,0.12800280132092604,0.12800280132092612,0.1280028013209261,0.12800280132092606,0.12800280132092606,0.12800280132092604,0.12800280132092604,0.1280028013209261,0.12800280132092604,0.1280028013209261,0.12800280132092612,0.12800280132092606,0.12800280132092604,0.1280028013209261,0.1280028013209261,0.1280028013209261,0.12800280132092604,0.12800280132092604,0.12800280132092604,0.12800280132092604,0.12800280132092606,0.12800280132092606,0.12800280132092606,0.12800280132092606,0.12800280132092606,0.12800280132092604,0.1280028013209261,0.12800280132092604,0.12800280132092606,0.128002801320926,0.12800280132092604,0.128002801320926,0.12800280132092604,0.128002801320926,0.128002801320926,0.128002801320926,0.12800280132092604,0.12800280132092595,0.12800280132092606,0.12800280132092604,0.128002801320926,0.128002801320926,0.12800280132092606,0.128002801320926,0.12800280132092606,0.12800280132092604,0.12800280132092604,0.12800280132092604,0.12800280132092604,0.12800280132092606,0.12800280132092604,0.12800280132092604,0.12800280132092604,0.12800280132092604,0.128002801320926,0.12800280132092604,0.12800280132092604,0.12800280132092604,0.12800280132092606,0.12800280132092604,0.12800280132092604,0.12800280132092604,0.12800280132092606,0.12800280132092606,0.12800280132092604,0.128002801320926,0.12800280132092604,0.12800280132092604,0.12800280132092606,0.12800280132092604,0.1280028013209261,0.12800280132092604,0.12800280132092604,0.12800280132092604,0.12800280132092604,0.12800280132092598,0.128002801320926,0.128002801320926,0.12800280132092604,0.12800280132092604,0.12800280132092604,0.12800280132092604,0.12800280132092604,0.12800280132092604,0.12800280132092604,0.12800280132092604,0.128002801320926,0.128002801320926,0.128002801320926,0.12800280132092604,0.12800280132092604,0.128002801320926,0.12800280132092604,0.12800280132092604,0.128002801320926,0.12800280132092604,0.12800280132092604,0.12800280132092604,0.12800280132092606,0.12800280132092604,0.12800280132092606,0.128002801320926,0.12800280132092604,0.12800280132092604,0.1280028013209261,0.12800280132092606,0.12800280132092606,0.128002801320926,0.12800280132092604,0.12800280132092604,0.12800280132092612,0.12800280132092606,0.1280028013209261,0.12800280132092606,0.12800280132092606,0.1280028013209261,0.1280028013209261,0.12800280132092606,0.1280028013209261,0.12800280132092606,0.12800280132092604,0.12800280132092604,0.12800280132092604,0.12800280132092606,0.12800280132092606,0.12800280132092606,0.128002801320926,0.12800280132092604,0.128002801320926,0.12800280132092606,0.12800280132092606,0.1280028013209261,0.128002801320926,0.12800280132092604,0.128002801320926,0.12800280132092604,0.12800280132092606,0.128002801320926,0.12800280132092604,0.128002801320926,0.12800280132092606,0.12800280132092604,0.12800280132092606,0.12800280132092606,0.12800280132092606,0.12800280132092606,0.12800280132092604,0.12800280132092604,0.1280028013209261,0.12800280132092612,0.1280028013209261,0.12800280132092606,0.12800280132092604,0.12800280132092606,0.12800280132092612,0.12800280132092606,0.12800280132092606,0.12800280132092606,0.12800280132092604,0.12800280132092606,0.12800280132092606,0.1280028013209261,0.12800280132092615,0.1280028013209261,0.1280028013209261,0.12800280132092604,0.1280028013209261,0.12800280132092606,0.12800280132092606,0.12800280132092606,0.12800280132092606,0.12800280132092606,0.1280028013209261,0.12800280132092606,0.1280028013209261,0.12800280132092606,0.12800280132092606,0.12800280132092606,0.1280028013209261,0.12800280132092606,0.1280028013209261,0.12800280132092606,0.12800280132092606,0.128002801320926,0.12800280132092604,0.12800280132092604,0.12800280132092606,0.1280028013209261,0.12800280132092604,0.12800280132092604,0.12800280132092606,0.1280028013209261,0.12800280132092604,0.12800280132092606,0.12800280132092604,0.12800280132092612,0.12800280132092604,0.12800280132092612,0.12800280132092604,0.1280028013209261,0.12800280132092604,0.128002801320926,0.1280028013209261,0.12800280132092612,0.1280028013209261,0.12800280132092604,0.12800280132092606,0.1280028013209261,0.12800280132092612,0.12800280132092604,0.12800280132092606,0.12800280132092604,0.12800280132092612,0.12800280132092606,0.12800280132092606,0.12800280132092606,0.1280028013209261,0.12800280132092612,0.12800280132092606,0.12800280132092606,0.12800280132092606,0.12800280132092606,0.12800280132092606,0.12800280132092604,0.12800280132092606,0.12800280132092604,0.12800280132092606,0.1280028013209261,0.1280028013209261,0.1280028013209261,0.12800280132092606,0.12800280132092604,0.12800280132092604,0.12800280132092606,0.1280028013209261,0.1280028013209261,0.12800280132092612,0.12800280132092604,0.12800280132092612,0.1280028013209261,0.12800280132092606,0.1280028013209261,0.1280028013209261,0.12800280132092606,0.12800280132092606,0.12800280132092615,0.12800280132092612,0.12800280132092606,0.12800280132092598,0.12800280132092606,0.128002801320926,0.12800280132092604,0.12800280132092606,0.12800280132092604,0.12800280132092606,0.1280028013209261,0.12800280132092604,0.12800280132092612,0.128002801320926,0.1280028013209261,0.1280028013209261,0.1280028013209261,0.12800280132092604,0.12800280132092606,0.12800280132092606,0.12800280132092606,0.12800280132092606,0.12800280132092606,0.12800280132092606,0.12800280132092606,0.12800280132092606,0.12800280132092604,0.12800280132092604,0.12800280132092606,0.1280028013209261,0.1280028013209261,0.128002801320926,0.12800280132092604,0.1280028013209261,0.1280028013209261,0.12800280132092604,0.12800280132092606,0.12800280132092604,0.12800280132092606,0.12800280132092606,0.12800280132092606,0.12800280132092606,0.128002801320926,0.12800280132092606,0.128002801320926,0.12800280132092604,0.12800280132092606,0.12800280132092604,0.12800280132092606,0.12800280132092606,0.12800280132092604,0.12800280132092604,0.12800280132092604,0.12800280132092612,0.12800280132092604,0.128002801320926,0.12800280132092604,0.12800280132092604,0.1280028013209261,0.12800280132092606,0.12800280132092606,0.12800280132092604,0.12800280132092604,0.128002801320926,0.12800280132092606,0.12800280132092606,0.128002801320926,0.128002801320926,0.12800280132092606,0.12800280132092604,0.12800280132092604,0.12800280132092612,0.12800280132092604,0.1280028013209261,0.12800280132092606,0.12800280132092604,0.128002801320926,0.12800280132092604,0.12800280132092606,0.12800280132092604,0.12800280132092604,0.12800280132092604,0.12800280132092604,0.12800280132092604,0.128002801320926,0.12800280132092604,0.12800280132092606,0.12800280132092606,0.128002801320926,0.12800280132092606,0.12800280132092606,0.12800280132092604,0.12800280132092604,0.128002801320926,0.12800280132092604,0.128002801320926,0.12800280132092606,0.12800280132092604,0.12800280132092606,0.12800280132092604,0.12800280132092598,0.128002801320926,0.12800280132092606,0.12800280132092604,0.128002801320926,0.128002801320926,0.12800280132092604,0.12800280132092604,0.128002801320926,0.12800280132092604,0.12800280132092604,0.12800280132092606,0.12800280132092604,0.12800280132092604,0.12800280132092604,0.12800280132092604,0.12800280132092598,0.12800280132092598,0.12800280132092595,0.12800280132092598,0.12800280132092595,0.12800280132092595,0.12800280132092598,0.12800280132092598,0.12800280132092598,0.12800280132092598,0.128002801320926,0.128002801320926,0.12800280132092598,0.12800280132092598,0.12800280132092598,0.128002801320926,0.128002801320926,0.128002801320926,0.128002801320926,0.128002801320926,0.128002801320926,0.128002801320926,0.128002801320926,0.128002801320926,0.128002801320926,0.128002801320926,0.128002801320926,0.128002801320926,0.128002801320926,0.12800280132092598,0.12800280132092604,0.12800280132092604,0.128002801320926,0.12800280132092598,0.128002801320926,0.12800280132092604,0.128002801320926,0.12800280132092604,0.128002801320926,0.128002801320926,0.12800280132092612,0.128002801320926,0.12800280132092604,0.12800280132092604,0.12800280132092606,0.12800280132092604,0.128002801320926,0.12800280132092604,0.12800280132092604,0.12800280132092604,0.12800280132092606,0.12800280132092604,0.12800280132092604,0.12800280132092606,0.12800280132092604,0.12800280132092606,0.12800280132092604,0.12800280132092604,0.128002801320926,0.12800280132092604,0.1280028013209261,0.12800280132092604,0.12800280132092606,0.12800280132092604,0.12800280132092606,0.12800280132092604,0.12800280132092604,0.12800280132092604,0.12800280132092604,0.12800280132092606,0.12800280132092604,0.12800280132092604,0.12800280132092604,0.128002801320926,0.12800280132092604,0.12800280132092604,0.12800280132092604,0.12800280132092604,0.12800280132092606,0.12800280132092604,0.12800280132092598,0.12800280132092598,0.128002801320926,0.12800280132092598,0.12800280132092598,0.12800280132092598,0.12800280132092598,0.12800280132092595,0.12800280132092598,0.128002801320926,0.128002801320926,0.128002801320926,0.128002801320926,0.128002801320926,0.12800280132092598,0.128002801320926,0.12800280132092604,0.128002801320926,0.128002801320926,0.12800280132092604,0.12800280132092604,0.12800280132092604,0.1280028013209261,0.12800280132092606,0.1280028013209261,0.12800280132092606,0.12800280132092612,0.12800280132092606,0.12800280132092606,0.12800280132092606,0.12800280132092606,0.12800280132092606,0.1280028013209261,0.12800280132092604,0.1280028013209261,0.1280028013209261,0.1280028013209261,0.12800280132092606,0.12800280132092606,0.12800280132092612,0.1280028013209261,0.12800280132092606,0.1280028013209261,0.12800280132092604,0.12800280132092604,0.12800280132092606,0.12800280132092606,0.1280028013209261,0.12800280132092612,0.1280028013209261,0.12800280132092606,0.1280028013209261,0.12800280132092595,0.128002801320926,0.12800280132092604,0.12800280132092604,0.12800280132092604,0.12800280132092604,0.128002801320926,0.12800280132092598,0.12800280132092598,0.12800280132092598,0.12800280132092598,0.12800280132092598,0.12800280132092598,0.128002801320926,0.12800280132092598,0.128002801320926,0.12800280132092598,0.12800280132092598,0.12800280132092598,0.12800280132092598,0.12800280132092598,0.12800280132092598,0.128002801320926,0.12800280132092595,0.12800280132092598,0.12800280132092598,0.12800280132092595,0.12800280132092604,0.128002801320926,0.128002801320926,0.128002801320926,0.12800280132092598,0.128002801320926,0.12800280132092598,0.128002801320926,0.128002801320926,0.128002801320926,0.128002801320926,0.12800280132092604,0.128002801320926,0.12800280132092604,0.12800280132092592,0.12800280132092604,0.12800280132092604,0.12800280132092598,0.12800280132092598,0.12800280132092598,0.128002801320926,0.12800280132092598,0.12800280132092598,0.12800280132092598,0.12800280132092595,0.128002801320926,0.12800280132092604,0.12800280132092604,0.128002801320926,0.128002801320926,0.12800280132092598,0.128002801320926,0.12800280132092604,0.12800280132092598,0.12800280132092595,0.12800280132092595,0.128002801320926,0.12800280132092598,0.12800280132092595,0.12800280132092598,0.12800280132092598,0.128002801320926,0.12800280132092598,0.12800280132092595,0.12800280132092595,0.12800280132092598,0.12800280132092598,0.12800280132092598,0.12800280132092595,0.12800280132092592,0.12800280132092595,0.12800280132092595,0.12800280132092598,0.12800280132092595,0.12800280132092595,0.128002801320926,0.128002801320926,0.128002801320926,0.128002801320926,0.128002801320926,0.128002801320926,0.128002801320926,0.12800280132092598,0.12800280132092604,0.128002801320926,0.128002801320926,0.128002801320926,0.128002801320926,0.12800280132092604,0.12800280132092598,0.128002801320926,0.12800280132092604,0.12800280132092604,0.12800280132092598,0.12800280132092604,0.128002801320926,0.12800280132092598,0.12800280132092598,0.12800280132092598,0.12800280132092598,0.12800280132092598,0.128002801320926,0.12800280132092598,0.12800280132092598,0.12800280132092598,0.12800280132092598,0.12800280132092598,0.12800280132092598,0.12800280132092595,0.128002801320926,0.128002801320926,0.128002801320926,0.128002801320926,0.128002801320926,0.128002801320926,0.128002801320926,0.128002801320926,0.12800280132092604,0.12800280132092604,0.128002801320926,0.12800280132092598,0.128002801320926,0.128002801320926,0.12800280132092598,0.12800280132092598,0.128002801320926,0.12800280132092604,0.128002801320926,0.128002801320926,0.12800280132092604,0.12800280132092604,0.12800280132092598,0.128002801320926,0.12800280132092598,0.12800280132092598,0.12800280132092598,0.12800280132092606,0.12800280132092598,0.12800280132092598,0.12800280132092592,0.128002801320926,0.128002801320926,0.12800280132092598,0.12800280132092595,0.12800280132092598,0.12800280132092598,0.12800280132092598,0.12800280132092592,0.12800280132092598,0.12800280132092592,0.12800280132092595,0.128002801320926,0.12800280132092592,0.128002801320926,0.12800280132092592,0.12800280132092592,0.12800280132092598,0.12800280132092595,0.12800280132092598,0.12800280132092595,0.12800280132092595,0.12800280132092595,0.128002801320926,0.12800280132092592,0.12800280132092598,0.12800280132092595,0.12800280132092595,0.12800280132092595,0.12800280132092595,0.12800280132092598,0.128002801320926,0.128002801320926,0.12800280132092598,0.12800280132092598,0.12800280132092598,0.12800280132092595,0.12800280132092595,0.12800280132092604,0.12800280132092598,0.128002801320926,0.12800280132092595,0.12800280132092595,0.12800280132092595,0.12800280132092592,0.128002801320926,0.12800280132092592,0.12800280132092598,0.12800280132092595,0.12800280132092598,0.12800280132092595,0.12800280132092592,0.12800280132092592,0.12800280132092592,0.12800280132092598,0.12800280132092598,0.12800280132092595,0.12800280132092592,0.12800280132092595,0.12800280132092595,0.12800280132092595,0.12800280132092595,0.1280028013209259,0.12800280132092598,0.12800280132092598,0.12800280132092592,0.12800280132092598,0.12800280132092592,0.12800280132092595,0.12800280132092595,0.12800280132092592,0.12800280132092595,0.12800280132092595,0.12800280132092592,0.12800280132092595,0.12800280132092595,0.12800280132092592,0.12800280132092598,0.12800280132092595,0.12800280132092598,0.12800280132092592,0.12800280132092595,0.12800280132092595,0.128002801320926,0.128002801320926,0.128002801320926,0.128002801320926,0.128002801320926,0.128002801320926,0.12800280132092604,0.128002801320926,0.128002801320926,0.12800280132092604,0.12800280132092598,0.12800280132092598,0.12800280132092604,0.12800280132092592,0.12800280132092598,0.12800280132092598,0.12800280132092598,0.12800280132092598,0.12800280132092598,0.12800280132092598,0.12800280132092598,0.12800280132092598,0.12800280132092595,0.128002801320926,0.128002801320926,0.128002801320926,0.12800280132092604,0.128002801320926,0.128002801320926,0.128002801320926,0.128002801320926,0.128002801320926,0.128002801320926,0.12800280132092604,0.12800280132092598,0.128002801320926,0.128002801320926,0.12800280132092604,0.128002801320926,0.128002801320926,0.12800280132092604,0.128002801320926,0.12800280132092598,0.12800280132092604,0.12800280132092595,0.12800280132092595,0.12800280132092598,0.12800280132092604,0.128002801320926,0.12800280132092598,0.128002801320926,0.12800280132092598,0.12800280132092604,0.12800280132092604,0.12800280132092606,0.12800280132092606,0.12800280132092604,0.12800280132092604,0.128002801320926,0.12800280132092604,0.12800280132092604,0.128002801320926,0.128002801320926,0.12800280132092604,0.12800280132092606,0.128002801320926,0.128002801320926,0.12800280132092604,0.12800280132092604,0.128002801320926,0.12800280132092604,0.12800280132092604,0.12800280132092604,0.12800280132092604,0.12800280132092604,0.128002801320926,0.128002801320926,0.12800280132092604,0.128002801320926,0.128002801320926,0.12800280132092604,0.12800280132092595,0.12800280132092598,0.128002801320926,0.12800280132092598,0.12800280132092595,0.128002801320926,0.128002801320926,0.12800280132092598,0.12800280132092598,0.12800280132092598,0.12800280132092598,0.12800280132092595,0.12800280132092598,0.12800280132092598,0.12800280132092598,0.12800280132092598,0.12800280132092595,0.12800280132092598,0.12800280132092598,0.128002801320926,0.12800280132092604,0.12800280132092604,0.12800280132092604,0.128002801320926,0.128002801320926,0.128002801320926,0.128002801320926,0.128002801320926,0.12800280132092604,0.12800280132092604,0.12800280132092598,0.12800280132092598,0.12800280132092604,0.12800280132092604,0.12800280132092606,0.12800280132092604,0.128002801320926,0.12800280132092604,0.12800280132092604,0.12800280132092604,0.128002801320926,0.12800280132092604,0.12800280132092604,0.128002801320926,0.12800280132092604,0.128002801320926,0.12800280132092604,0.128002801320926,0.12800280132092604,0.1280028013209261,0.12800280132092606,0.12800280132092604,0.12800280132092604,0.12800280132092604,0.12800280132092606,0.12800280132092606,0.12800280132092604,0.12800280132092604,0.12800280132092604,0.12800280132092606,0.12800280132092604,0.12800280132092604,0.12800280132092604,0.12800280132092604,0.12800280132092604,0.12800280132092604,0.12800280132092604,0.12800280132092604,0.1280028013209261,0.12800280132092598,0.12800280132092606,0.12800280132092606,0.12800280132092604,0.12800280132092604,0.1280028013209261,0.12800280132092606,0.128002801320926,0.12800280132092604,0.128002801320926,0.12800280132092604,0.128002801320926,0.128002801320926,0.128002801320926,0.12800280132092598,0.12800280132092604,0.12800280132092604,0.12800280132092604,0.128002801320926,0.12800280132092604,0.12800280132092604,0.12800280132092604,0.12800280132092604,0.128002801320926,0.128002801320926,0.12800280132092604,0.128002801320926,0.128002801320926,0.12800280132092604,0.128002801320926,0.12800280132092604,0.128002801320926,0.12800280132092604,0.12800280132092604,0.12800280132092604,0.12800280132092604,0.128002801320926,0.12800280132092606,0.12800280132092604,0.128002801320926,0.12800280132092604,0.128002801320926,0.12800280132092604,0.12800280132092604,0.128002801320926,0.128002801320926,0.12800280132092604,0.12800280132092604,0.12800280132092595,0.12800280132092598,0.12800280132092595,0.12800280132092604,0.128002801320926,0.12800280132092604,0.12800280132092604,0.12800280132092604,0.128002801320926,0.12800280132092595,0.12800280132092598,0.12800280132092598,0.128002801320926,0.12800280132092598,0.12800280132092595,0.12800280132092595,0.128002801320926,0.12800280132092598,0.12800280132092595,0.12800280132092598,0.12800280132092598,0.12800280132092598,0.12800280132092595,0.12800280132092592,0.12800280132092604,0.12800280132092595,0.128002801320926,0.12800280132092598,0.12800280132092595,0.128002801320926,0.128002801320926,0.128002801320926,0.128002801320926,0.128002801320926,0.128002801320926,0.12800280132092598,0.128002801320926,0.12800280132092598,0.128002801320926,0.12800280132092598,0.12800280132092604,0.12800280132092598,0.128002801320926,0.12800280132092598,0.12800280132092598,0.12800280132092598,0.12800280132092598,0.12800280132092595,0.12800280132092595,0.12800280132092595,0.12800280132092595,0.128002801320926,0.128002801320926,0.128002801320926,0.128002801320926,0.128002801320926,0.128002801320926,0.128002801320926,0.12800280132092598,0.128002801320926,0.128002801320926,0.12800280132092604,0.128002801320926,0.128002801320926,0.12800280132092604,0.12800280132092598,0.128002801320926,0.128002801320926,0.128002801320926,0.128002801320926,0.12800280132092598,0.128002801320926,0.128002801320926,0.128002801320926,0.128002801320926,0.128002801320926,0.12800280132092604,0.12800280132092604,0.128002801320926,0.128002801320926,0.128002801320926,0.128002801320926,0.128002801320926,0.128002801320926,0.12800280132092604,0.12800280132092598,0.12800280132092592,0.128002801320926,0.12800280132092598,0.12800280132092604,0.128002801320926,0.128002801320926,0.12800280132092604,0.12800280132092592,0.128002801320926,0.12800280132092604,0.12800280132092598,0.12800280132092598,0.12800280132092604,0.12800280132092598,0.128002801320926,0.12800280132092595,0.128002801320926,0.128002801320926,0.12800280132092604,0.12800280132092598,0.12800280132092598,0.12800280132092598,0.128002801320926,0.12800280132092595,0.128002801320926,0.12800280132092598,0.128002801320926,0.128002801320926,0.128002801320926,0.128002801320926,0.128002801320926,0.128002801320926,0.128002801320926,0.1280028013209261,0.128002801320926,0.12800280132092598,0.128002801320926,0.128002801320926,0.12800280132092604,0.12800280132092604,0.12800280132092604,0.12800280132092604,0.12800280132092604,0.12800280132092604,0.128002801320926,0.128002801320926,0.128002801320926,0.12800280132092604,0.12800280132092604,0.12800280132092604,0.12800280132092606,0.12800280132092604,0.12800280132092604,0.12800280132092604,0.12800280132092604,0.12800280132092604,0.12800280132092595,0.12800280132092598,0.12800280132092606,0.12800280132092598,0.12800280132092604,0.128002801320926,0.128002801320926,0.128002801320926,0.12800280132092604,0.128002801320926,0.12800280132092606,0.12800280132092604,0.128002801320926,0.12800280132092606,0.12800280132092606,0.12800280132092604,0.12800280132092604,0.12800280132092604,0.12800280132092604,0.128002801320926,0.128002801320926,0.12800280132092604,0.128002801320926,0.128002801320926,0.128002801320926,0.12800280132092604,0.12800280132092604,0.12800280132092604,0.12800280132092598,0.12800280132092604,0.12800280132092604,0.12800280132092604,0.12800280132092606,0.12800280132092598,0.12800280132092598,0.128002801320926,0.128002801320926,0.12800280132092595,0.12800280132092598,0.128002801320926,0.128002801320926,0.12800280132092604,0.12800280132092598,0.128002801320926,0.12800280132092598,0.128002801320926,0.12800280132092595,0.12800280132092604,0.12800280132092598,0.12800280132092595,0.12800280132092592,0.128002801320926,0.128002801320926,0.128002801320926,0.12800280132092598,0.128002801320926,0.12800280132092604,0.12800280132092604,0.12800280132092604,0.12800280132092598,0.12800280132092598,0.12800280132092598,0.12800280132092598,0.12800280132092598,0.12800280132092598,0.12800280132092598,0.128002801320926,0.12800280132092604,0.128002801320926,0.12800280132092604,0.12800280132092598,0.12800280132092598,0.12800280132092598,0.12800280132092604,0.12800280132092604,0.12800280132092598,0.12800280132092598,0.12800280132092598,0.12800280132092598,0.12800280132092598,0.12800280132092595,0.12800280132092598,0.128002801320926,0.128002801320926,0.12800280132092604,0.128002801320926,0.128002801320926,0.12800280132092604,0.128002801320926,0.12800280132092604,0.12800280132092604,0.128002801320926,0.12800280132092604,0.128002801320926,0.128002801320926,0.128002801320926,0.12800280132092604,0.12800280132092606,0.12800280132092604,0.12800280132092604,0.12800280132092604,0.128002801320926,0.12800280132092598,0.12800280132092598,0.128002801320926,0.12800280132092604,0.12800280132092598,0.12800280132092606,0.12800280132092598,0.12800280132092604,0.12800280132092604,0.12800280132092598,0.12800280132092606,0.12800280132092604,0.12800280132092604,0.12800280132092598,0.12800280132092598,0.12800280132092598,0.12800280132092598,0.12800280132092598,0.12800280132092595,0.12800280132092598,0.128002801320926,0.12800280132092595,0.12800280132092598,0.12800280132092598,0.12800280132092598,0.12800280132092595,0.12800280132092598,0.12800280132092595,0.12800280132092598,0.12800280132092595,0.12800280132092595,0.12800280132092598,0.12800280132092598,0.12800280132092598,0.128002801320926,0.128002801320926,0.12800280132092598,0.128002801320926,0.128002801320926,0.128002801320926,0.128002801320926,0.128002801320926,0.128002801320926,0.128002801320926,0.12800280132092592,0.12800280132092604,0.128002801320926,0.12800280132092598,0.12800280132092604,0.12800280132092598,0.12800280132092598,0.12800280132092598,0.12800280132092598,0.12800280132092598,0.12800280132092595,0.12800280132092598,0.128002801320926,0.12800280132092604,0.12800280132092595,0.128002801320926,0.12800280132092592,0.12800280132092595,0.12800280132092598,0.12800280132092598,0.12800280132092595,0.12800280132092598,0.12800280132092598,0.12800280132092598,0.12800280132092595,0.12800280132092598,0.12800280132092595,0.12800280132092598,0.12800280132092598,0.12800280132092598,0.12800280132092598,0.12800280132092592,0.12800280132092595,0.12800280132092598,0.12800280132092598,0.12800280132092598,0.12800280132092598,0.128002801320926,0.12800280132092598,0.12800280132092595,0.12800280132092595,0.12800280132092595,0.12800280132092604,0.128002801320926,0.128002801320926,0.128002801320926,0.128002801320926,0.128002801320926,0.12800280132092604,0.12800280132092595,0.12800280132092595,0.12800280132092584,0.12800280132092595,0.12800280132092595,0.12800280132092595,0.12800280132092592,0.12800280132092598,0.12800280132092595,0.12800280132092595,0.12800280132092595,0.12800280132092595,0.12800280132092598,0.12800280132092592,0.128002801320926,0.12800280132092592,0.12800280132092595,0.128002801320926,0.12800280132092592,0.12800280132092598,0.12800280132092595,0.12800280132092595,0.12800280132092595,0.12800280132092595,0.12800280132092595,0.12800280132092592,0.12800280132092595,0.12800280132092598,0.12800280132092598,0.128002801320926,0.12800280132092595,0.12800280132092595,0.12800280132092592,0.12800280132092595,0.12800280132092592,0.12800280132092598,0.12800280132092592,0.12800280132092592,0.12800280132092604,0.128002801320926,0.12800280132092592,0.12800280132092595,0.12800280132092598,0.12800280132092598,0.12800280132092595,0.12800280132092595,0.12800280132092592,0.12800280132092595,0.12800280132092598,0.12800280132092598,0.12800280132092598,0.12800280132092595,0.12800280132092598,0.12800280132092595,0.12800280132092592,0.1280028013209259,0.12800280132092592,0.12800280132092595,0.12800280132092592,0.12800280132092592,0.12800280132092592,0.12800280132092604,0.12800280132092598,0.12800280132092592,0.12800280132092595,0.12800280132092595,0.12800280132092598,0.12800280132092595,0.12800280132092595,0.12800280132092595,0.12800280132092592,0.12800280132092592,0.12800280132092592,0.12800280132092595,0.12800280132092598,0.12800280132092595,0.12800280132092595,0.12800280132092595,0.12800280132092595,0.12800280132092598,0.12800280132092598,0.128002801320926,0.12800280132092592,0.12800280132092598,0.12800280132092595,0.12800280132092592,0.12800280132092595,0.12800280132092595,0.12800280132092598,0.12800280132092598,0.128002801320926,0.128002801320926,0.128002801320926,0.128002801320926,0.128002801320926,0.128002801320926,0.128002801320926,0.128002801320926,0.12800280132092598,0.128002801320926,0.128002801320926,0.128002801320926,0.12800280132092604,0.12800280132092598,0.12800280132092595,0.12800280132092598,0.12800280132092598,0.128002801320926,0.12800280132092595,0.12800280132092606,0.12800280132092604,0.12800280132092604,0.12800280132092604,0.12800280132092604,0.12800280132092604,0.12800280132092604,0.12800280132092606,0.128002801320926,0.12800280132092604,0.128002801320926,0.12800280132092604,0.128002801320926,0.12800280132092604,0.12800280132092604,0.12800280132092604,0.128002801320926,0.128002801320926,0.12800280132092604,0.128002801320926,0.12800280132092604,0.128002801320926,0.12800280132092606,0.12800280132092604,0.12800280132092604,0.128002801320926,0.128002801320926,0.128002801320926,0.128002801320926,0.12800280132092604,0.12800280132092604,0.12800280132092604,0.12800280132092604,0.12800280132092604,0.12800280132092604,0.128002801320926,0.12800280132092598,0.12800280132092606,0.12800280132092604,0.128002801320926,0.12800280132092604,0.128002801320926,0.12800280132092598,0.12800280132092604,0.12800280132092604,0.12800280132092604,0.12800280132092604,0.12800280132092604,0.128002801320926,0.12800280132092604,0.12800280132092606,0.128002801320926,0.12800280132092604,0.12800280132092604,0.128002801320926,0.12800280132092606,0.128002801320926,0.12800280132092604,0.12800280132092604,0.12800280132092604,0.12800280132092606,0.12800280132092604,0.12800280132092604,0.128002801320926,0.12800280132092606,0.128002801320926,0.12800280132092604,0.128002801320926,0.12800280132092606,0.12800280132092604,0.128002801320926,0.12800280132092604,0.12800280132092604,0.12800280132092604,0.128002801320926,0.128002801320926,0.12800280132092604,0.12800280132092592,0.128002801320926,0.128002801320926,0.128002801320926,0.12800280132092604,0.12800280132092604,0.12800280132092604,0.12800280132092604,0.12800280132092604,0.128002801320926,0.12800280132092604,0.128002801320926,0.12800280132092604,0.128002801320926,0.12800280132092604,0.12800280132092604,0.128002801320926,0.12800280132092604,0.12800280132092604,0.12800280132092604,0.12800280132092604,0.12800280132092604,0.12800280132092604,0.12800280132092604,0.12800280132092604,0.12800280132092604,0.12800280132092606,0.12800280132092604,0.128002801320926,0.128002801320926,0.12800280132092604,0.12800280132092604,0.12800280132092604,0.128002801320926,0.12800280132092604,0.12800280132092604,0.128002801320926,0.12800280132092604,0.128002801320926,0.128002801320926,0.12800280132092606,0.12800280132092606,0.12800280132092606,0.12800280132092606,0.12800280132092604,0.12800280132092604,0.12800280132092606,0.12800280132092604,0.12800280132092606,0.12800280132092604,0.128002801320926,0.128002801320926,0.128002801320926,0.128002801320926,0.12800280132092604,0.12800280132092604,0.128002801320926,0.128002801320926,0.12800280132092604,0.12800280132092604,0.12800280132092604,0.12800280132092598,0.12800280132092604,0.128002801320926,0.128002801320926,0.12800280132092604,0.12800280132092595,0.12800280132092604,0.12800280132092604,0.12800280132092604,0.12800280132092604,0.1280028013209261,0.12800280132092604,0.12800280132092606,0.12800280132092604,0.12800280132092604,0.12800280132092604,0.12800280132092606,0.12800280132092606,0.12800280132092604,0.128002801320926,0.12800280132092612,0.12800280132092604,0.12800280132092606,0.12800280132092606,0.12800280132092604,0.12800280132092604,0.12800280132092604,0.12800280132092604,0.12800280132092604,0.12800280132092604,0.12800280132092604,0.12800280132092606,0.12800280132092604,0.12800280132092606,0.12800280132092606,0.12800280132092606,0.12800280132092604,0.12800280132092606,0.1280028013209261,0.12800280132092612,0.12800280132092606,0.12800280132092606,0.12800280132092604,0.12800280132092612,0.12800280132092606,0.1280028013209261,0.1280028013209261,0.12800280132092606,0.12800280132092606,0.1280028013209261,0.12800280132092606,0.12800280132092612,0.1280028013209261,0.12800280132092612,0.12800280132092612,0.12800280132092604,0.12800280132092615,0.12800280132092604,0.1280028013209261,0.1280028013209261,0.1280028013209261,0.1280028013209261,0.12800280132092612,0.12800280132092606,0.1280028013209261,0.12800280132092606,0.1280028013209261,0.12800280132092606,0.12800280132092606,0.1280028013209261,0.12800280132092612,0.1280028013209261,0.12800280132092606,0.12800280132092604,0.1280028013209261,0.12800280132092604,0.12800280132092612,0.12800280132092604,0.12800280132092604,0.12800280132092604,0.12800280132092604,0.1280028013209261,0.12800280132092606,0.12800280132092604,0.12800280132092604,0.12800280132092606,0.12800280132092604,0.12800280132092606,0.1280028013209261,0.1280028013209261,0.12800280132092604,0.128002801320926,0.12800280132092606,0.12800280132092604,0.12800280132092606,0.12800280132092606,0.12800280132092606,0.12800280132092606,0.1280028013209261,0.128002801320926,0.12800280132092606,0.1280028013209261,0.1280028013209261,0.1280028013209261,0.1280028013209261,0.1280028013209261,0.1280028013209261,0.128002801320926,0.1280028013209261,0.12800280132092604,0.12800280132092615,0.12800280132092604,0.1280028013209261,0.12800280132092604,0.12800280132092604,0.1280028013209261,0.12800280132092606,0.12800280132092606,0.12800280132092606,0.12800280132092606,0.12800280132092604,0.1280028013209261,0.1280028013209261,0.12800280132092606,0.12800280132092606,0.1280028013209261,0.1280028013209261,0.12800280132092606,0.1280028013209261,0.1280028013209261,0.12800280132092606,0.12800280132092604,0.12800280132092606,0.1280028013209261,0.12800280132092606,0.12800280132092598,0.12800280132092604,0.12800280132092606,0.12800280132092606,0.1280028013209261,0.12800280132092606,0.128002801320926,0.12800280132092606,0.12800280132092606,0.1280028013209261,0.12800280132092604,0.12800280132092606,0.12800280132092606,0.1280028013209261,0.12800280132092606,0.12800280132092606,0.12800280132092606,0.12800280132092606,0.1280028013209261,0.1280028013209261,0.12800280132092606,0.1280028013209261,0.1280028013209261,0.12800280132092606,0.12800280132092606,0.12800280132092604,0.12800280132092606,0.12800280132092606,0.1280028013209261,0.12800280132092604,0.1280028013209261,0.12800280132092606,0.1280028013209261,0.12800280132092606,0.12800280132092606,0.12800280132092606,0.1280028013209261,0.1280028013209261,0.1280028013209261,0.1280028013209261,0.12800280132092606,0.12800280132092606,0.128002801320926,0.12800280132092604,0.12800280132092604,0.12800280132092606,0.12800280132092604,0.1280028013209261,0.12800280132092606,0.12800280132092606,0.12800280132092606,0.12800280132092606,0.12800280132092604,0.12800280132092606,0.12800280132092606,0.128002801320926,0.12800280132092606,0.12800280132092604,0.12800280132092606,0.12800280132092606,0.12800280132092606,0.12800280132092606,0.1280028013209261,0.1280028013209261,0.128002801320926,0.12800280132092612,0.128002801320926,0.1280028013209261,0.12800280132092606,0.12800280132092606,0.1280028013209261,0.12800280132092604,0.12800280132092606,0.1280028013209261,0.12800280132092606,0.1280028013209261,0.12800280132092606,0.12800280132092604,0.12800280132092606,0.128002801320926,0.1280028013209261,0.1280028013209261,0.12800280132092612,0.128002801320926,0.12800280132092606,0.1280028013209261,0.12800280132092604,0.12800280132092606,0.12800280132092615,0.12800280132092606,0.12800280132092604,0.12800280132092606,0.12800280132092606,0.12800280132092606,0.12800280132092606,0.1280028013209261,0.12800280132092604,0.12800280132092604,0.12800280132092606,0.12800280132092606,0.12800280132092606,0.128002801320926,0.1280028013209261,0.12800280132092606,0.12800280132092606,0.1280028013209261,0.12800280132092606,0.12800280132092606,0.1280028013209261,0.1280028013209261,0.12800280132092612,0.1280028013209261,0.1280028013209261,0.12800280132092606,0.12800280132092604,0.12800280132092606,0.12800280132092606,0.12800280132092606,0.12800280132092604,0.12800280132092604,0.12800280132092606,0.12800280132092606,0.1280028013209261,0.1280028013209261,0.1280028013209261,0.1280028013209261,0.12800280132092606,0.12800280132092606,0.12800280132092606,0.12800280132092604,0.12800280132092604,0.12800280132092612,0.12800280132092612,0.1280028013209261,0.12800280132092606,0.12800280132092612,0.12800280132092606,0.12800280132092606,0.1280028013209261,0.12800280132092604,0.1280028013209261,0.1280028013209261,0.12800280132092604,0.12800280132092606,0.12800280132092606,0.12800280132092606,0.12800280132092604,0.12800280132092604,0.12800280132092604,0.12800280132092606,0.12800280132092606,0.1280028013209261,0.1280028013209261,0.1280028013209261,0.1280028013209261,0.1280028013209261,0.1280028013209261,0.12800280132092606,0.1280028013209261,0.1280028013209261,0.1280028013209261,0.12800280132092606,0.12800280132092606,0.12800280132092606,0.12800280132092606,0.12800280132092604,0.12800280132092606,0.12800280132092606,0.12800280132092612,0.128002801320926,0.12800280132092606,0.12800280132092606,0.12800280132092606,0.12800280132092612,0.12800280132092606,0.12800280132092606,0.12800280132092606,0.12800280132092606,0.1280028013209261,0.12800280132092604,0.12800280132092615,0.12800280132092604,0.12800280132092604,0.12800280132092606,0.12800280132092604,0.12800280132092604,0.12800280132092606,0.12800280132092606,0.12800280132092604,0.12800280132092604,0.12800280132092604,0.128002801320926,0.128002801320926,0.12800280132092604,0.12800280132092606,0.1280028013209261,0.128002801320926,0.12800280132092604,0.12800280132092606,0.12800280132092606,0.12800280132092606,0.12800280132092606,0.1280028013209261,0.12800280132092606,0.12800280132092606,0.12800280132092604,0.1280028013209261,0.12800280132092612,0.1280028013209261,0.12800280132092606,0.12800280132092604,0.12800280132092604,0.12800280132092606,0.12800280132092606,0.12800280132092604,0.128002801320926,0.12800280132092604,0.12800280132092604,0.12800280132092606,0.12800280132092604,0.12800280132092604,0.12800280132092604,0.12800280132092604,0.12800280132092606,0.12800280132092604,0.12800280132092606,0.12800280132092606,0.12800280132092604,0.12800280132092604,0.12800280132092604,0.12800280132092604,0.12800280132092604,0.12800280132092604,0.128002801320926,0.12800280132092604,0.12800280132092598,0.1280028013209261,0.12800280132092606,0.128002801320926,0.12800280132092604,0.12800280132092604,0.12800280132092604,0.12800280132092604,0.12800280132092604,0.128002801320926,0.12800280132092604,0.1280028013209261,0.12800280132092604,0.12800280132092606,0.12800280132092604,0.12800280132092606,0.12800280132092606,0.12800280132092604,0.12800280132092606,0.1280028013209261,0.12800280132092604,0.12800280132092606,0.12800280132092604,0.12800280132092606,0.12800280132092604,0.12800280132092604,0.12800280132092606,0.12800280132092606,0.12800280132092606,0.12800280132092604,0.128002801320926,0.12800280132092604,0.12800280132092606,0.12800280132092604,0.12800280132092606,0.12800280132092612,0.12800280132092604,0.12800280132092606,0.12800280132092606,0.12800280132092604,0.12800280132092604,0.1280028013209261,0.12800280132092606,0.12800280132092606,0.128002801320926,0.12800280132092604,0.12800280132092606,0.12800280132092606,0.12800280132092604,0.12800280132092604,0.12800280132092606,0.12800280132092606,0.12800280132092604,0.12800280132092606,0.12800280132092604,0.12800280132092604,0.128002801320926,0.12800280132092604,0.12800280132092606,0.128002801320926,0.12800280132092606,0.12800280132092604,0.12800280132092604,0.12800280132092604,0.128002801320926,0.12800280132092604,0.12800280132092604,0.12800280132092604,0.12800280132092604,0.12800280132092598,0.12800280132092604,0.128002801320926,0.12800280132092604,0.128002801320926,0.128002801320926,0.12800280132092604,0.12800280132092604,0.12800280132092604,0.12800280132092604,0.12800280132092604,0.12800280132092604,0.12800280132092604,0.128002801320926,0.12800280132092604,0.12800280132092604,0.12800280132092604,0.12800280132092604,0.12800280132092604,0.128002801320926,0.128002801320926,0.12800280132092606,0.12800280132092604,0.128002801320926,0.12800280132092604,0.12800280132092604,0.12800280132092606,0.12800280132092604,0.12800280132092604,0.128002801320926,0.12800280132092604,0.128002801320926,0.128002801320926,0.12800280132092595,0.12800280132092604,0.12800280132092604,0.128002801320926,0.12800280132092604,0.12800280132092598,0.128002801320926,0.12800280132092604,0.12800280132092604,0.128002801320926,0.128002801320926,0.128002801320926,0.128002801320926,0.128002801320926,0.12800280132092598,0.12800280132092604,0.12800280132092604,0.12800280132092606,0.128002801320926,0.12800280132092598,0.12800280132092598,0.128002801320926,0.12800280132092598,0.12800280132092598,0.12800280132092598,0.12800280132092598,0.12800280132092592,0.12800280132092595,0.12800280132092595,0.12800280132092595,0.12800280132092598,0.12800280132092595,0.12800280132092598,0.12800280132092598,0.12800280132092595,0.12800280132092598,0.12800280132092595,0.12800280132092595,0.12800280132092592,0.12800280132092595,0.12800280132092598,0.12800280132092598,0.12800280132092595,0.12800280132092595,0.12800280132092592,0.12800280132092598,0.128002801320926,0.12800280132092592,0.12800280132092598,0.12800280132092595,0.12800280132092598,0.12800280132092595,0.12800280132092604,0.12800280132092592,0.128002801320926,0.12800280132092604,0.128002801320926,0.128002801320926,0.128002801320926,0.128002801320926,0.128002801320926,0.128002801320926,0.128002801320926,0.12800280132092604,0.128002801320926,0.12800280132092604,0.12800280132092598,0.12800280132092598,0.12800280132092598,0.128002801320926,0.12800280132092595,0.12800280132092595,0.128002801320926,0.12800280132092598,0.12800280132092604,0.12800280132092606,0.12800280132092595,0.128002801320926,0.128002801320926,0.12800280132092604,0.12800280132092604,0.12800280132092615,0.12800280132092604,0.12800280132092604,0.12800280132092604,0.12800280132092595,0.12800280132092598,0.12800280132092598,0.12800280132092604,0.12800280132092604,0.128002801320926,0.12800280132092598,0.12800280132092604,0.128002801320926,0.128002801320926,0.128002801320926,0.12800280132092604,0.12800280132092604,0.12800280132092604,0.12800280132092604,0.12800280132092604,0.12800280132092604,0.12800280132092604,0.12800280132092604,0.12800280132092598,0.12800280132092598,0.12800280132092598,0.12800280132092598,0.12800280132092598,0.12800280132092604,0.12800280132092592,0.128002801320926,0.12800280132092598,0.12800280132092598,0.12800280132092595,0.12800280132092604,0.128002801320926,0.128002801320926,0.128002801320926,0.128002801320926,0.128002801320926,0.128002801320926,0.12800280132092604,0.12800280132092598,0.128002801320926,0.12800280132092606,0.12800280132092604,0.128002801320926,0.12800280132092598,0.12800280132092604,0.128002801320926,0.12800280132092598,0.12800280132092604,0.128002801320926,0.128002801320926,0.12800280132092598,0.128002801320926,0.12800280132092604,0.12800280132092598,0.128002801320926,0.128002801320926,0.12800280132092604,0.12800280132092604,0.12800280132092598,0.12800280132092598,0.128002801320926,0.128002801320926,0.12800280132092598,0.12800280132092598,0.128002801320926,0.12800280132092598,0.12800280132092595,0.12800280132092598,0.12800280132092598,0.12800280132092595,0.12800280132092595,0.12800280132092598,0.12800280132092598,0.12800280132092598,0.12800280132092598,0.12800280132092598,0.12800280132092598,0.12800280132092598,0.12800280132092595,0.12800280132092598,0.12800280132092595,0.12800280132092598,0.12800280132092595,0.12800280132092595,0.12800280132092595,0.12800280132092598,0.12800280132092595,0.12800280132092598,0.12800280132092598,0.12800280132092598,0.12800280132092592,0.12800280132092598,0.128002801320926,0.12800280132092598,0.12800280132092595,0.12800280132092595,0.12800280132092595,0.12800280132092595,0.12800280132092592,0.12800280132092595,0.12800280132092592,0.12800280132092592,0.12800280132092595,0.12800280132092598,0.12800280132092595,0.12800280132092592,0.12800280132092595,0.12800280132092592,0.12800280132092595,0.12800280132092595,0.12800280132092592,0.12800280132092595,0.12800280132092595,0.12800280132092592,0.12800280132092592,0.12800280132092592,0.12800280132092592,0.12800280132092592,0.12800280132092592,0.12800280132092592,0.12800280132092592,0.12800280132092592,0.12800280132092595,0.12800280132092592,0.12800280132092595,0.12800280132092595,0.12800280132092595,0.12800280132092592,0.12800280132092592,0.12800280132092595,0.12800280132092595,0.12800280132092595,0.12800280132092592,0.12800280132092595,0.1280028013209259,0.12800280132092592,0.12800280132092592,0.12800280132092592,0.12800280132092592,0.12800280132092595,0.12800280132092592,0.12800280132092595,0.1280028013209259,0.1280028013209259,0.12800280132092592,0.1280028013209259,0.12800280132092592,0.1280028013209259,0.1280028013209259,0.12800280132092592,0.12800280132092592,0.12800280132092595,0.1280028013209259,0.12800280132092592,0.1280028013209259,0.1280028013209259,0.1280028013209259,0.12800280132092587,0.1280028013209259,0.1280028013209259,0.1280028013209259,0.12800280132092592,0.1280028013209259,0.12800280132092592,0.1280028013209259,0.1280028013209259,0.12800280132092592,0.1280028013209258,0.12800280132092592,0.1280028013209259,0.12800280132092592,0.1280028013209259,0.12800280132092592,0.1280028013209259,0.12800280132092598,0.12800280132092595,0.12800280132092592,0.1280028013209259,0.12800280132092592,0.12800280132092592,0.12800280132092592,0.1280028013209259,0.1280028013209259,0.1280028013209259,0.12800280132092592,0.1280028013209259,0.12800280132092587,0.12800280132092587,0.12800280132092587,0.12800280132092587,0.12800280132092587,0.12800280132092587,0.12800280132092587,0.12800280132092595,0.12800280132092592,0.12800280132092592,0.1280028013209259,0.1280028013209259,0.12800280132092592,0.12800280132092587,0.12800280132092576,0.12800280132092587,0.12800280132092584,0.1280028013209258,0.12800280132092584,0.12800280132092587,0.12800280132092587,0.12800280132092584,0.12800280132092587,0.12800280132092584,0.1280028013209258,0.12800280132092584,0.12800280132092584,0.12800280132092587,0.1280028013209258,0.12800280132092587,0.12800280132092587,0.12800280132092587,0.12800280132092587,0.12800280132092584,0.12800280132092584,0.12800280132092584,0.12800280132092587,0.12800280132092584,0.12800280132092584,0.1280028013209258,0.12800280132092584,0.12800280132092584,0.1280028013209259,0.12800280132092584,0.12800280132092584,0.12800280132092584,0.12800280132092584,0.12800280132092584,0.12800280132092584,0.1280028013209258,0.1280028013209258,0.12800280132092587,0.1280028013209258,0.1280028013209258,0.12800280132092587,0.1280028013209259,0.12800280132092587,0.1280028013209258,0.12800280132092584,0.12800280132092584,0.12800280132092587,0.1280028013209258,0.12800280132092584,0.12800280132092584,0.1280028013209258,0.1280028013209258,0.1280028013209258,0.12800280132092587,0.1280028013209258,0.12800280132092587,0.12800280132092579,0.12800280132092584,0.1280028013209259,0.12800280132092579,0.12800280132092579,0.1280028013209258,0.12800280132092584,0.1280028013209258,0.12800280132092587,0.1280028013209258,0.12800280132092584,0.1280028013209258,0.1280028013209258,0.1280028013209258,0.1280028013209258,0.1280028013209258,0.1280028013209258,0.1280028013209258,0.1280028013209258,0.12800280132092584,0.12800280132092584,0.12800280132092576,0.12800280132092584,0.12800280132092584,0.12800280132092584,0.12800280132092576,0.12800280132092579,0.1280028013209258,0.12800280132092579,0.12800280132092579,0.1280028013209258,0.1280028013209258,0.12800280132092584,0.12800280132092584,0.12800280132092576,0.1280028013209258,0.12800280132092584,0.12800280132092584,0.12800280132092584,0.12800280132092584,0.12800280132092584,0.12800280132092584,0.12800280132092584,0.1280028013209258,0.12800280132092584,0.1280028013209258,0.12800280132092579,0.12800280132092579,0.1280028013209258,0.12800280132092579,0.1280028013209258,0.1280028013209258,0.12800280132092584,0.1280028013209258,0.12800280132092579,0.12800280132092584,0.1280028013209258,0.1280028013209258,0.12800280132092579,0.1280028013209258,0.12800280132092584,0.1280028013209258,0.12800280132092579,0.12800280132092579,0.1280028013209258,0.12800280132092579,0.1280028013209258,0.12800280132092579,0.1280028013209258,0.1280028013209258,0.1280028013209258,0.12800280132092579,0.12800280132092576,0.1280028013209258,0.12800280132092579,0.1280028013209258,0.12800280132092579,0.1280028013209258,0.1280028013209258,0.12800280132092579,0.12800280132092579,0.12800280132092584,0.12800280132092576,0.1280028013209258,0.1280028013209258,0.12800280132092579,0.12800280132092584,0.12800280132092579,0.12800280132092579,0.1280028013209258,0.12800280132092579,0.1280028013209258,0.12800280132092584,0.12800280132092584,0.1280028013209258,0.1280028013209258,0.12800280132092584,0.1280028013209258,0.12800280132092579,0.12800280132092576,0.12800280132092576,0.12800280132092579,0.12800280132092576,0.12800280132092584,0.1280028013209258,0.12800280132092579,0.12800280132092584,0.1280028013209258,0.1280028013209258,0.12800280132092579,0.1280028013209258,0.1280028013209258,0.12800280132092579,0.1280028013209258,0.12800280132092579,0.12800280132092579,0.12800280132092579,0.12800280132092576,0.1280028013209258,0.12800280132092576,0.12800280132092576,0.12800280132092576,0.12800280132092576,0.1280028013209258,0.12800280132092579,0.12800280132092576,0.12800280132092579,0.12800280132092579,0.12800280132092579,0.1280028013209258,0.12800280132092576,0.12800280132092579,0.12800280132092579,0.12800280132092573,0.12800280132092573,0.12800280132092579,0.12800280132092579,0.12800280132092579,0.12800280132092576,0.12800280132092576,0.12800280132092573,0.12800280132092579,0.12800280132092576,0.12800280132092579,0.1280028013209257,0.12800280132092579,0.12800280132092576,0.12800280132092573,0.12800280132092576,0.12800280132092576,0.12800280132092573,0.12800280132092579,0.12800280132092579,0.12800280132092579,0.12800280132092576,0.12800280132092573,0.12800280132092576,0.12800280132092573,0.12800280132092576,0.12800280132092573,0.12800280132092573,0.12800280132092573,0.12800280132092576,0.12800280132092579,0.12800280132092576,0.12800280132092579,0.12800280132092576,0.12800280132092573,0.12800280132092576,0.12800280132092579,0.12800280132092573,0.12800280132092576,0.12800280132092573,0.12800280132092576,0.12800280132092573,0.12800280132092573,0.12800280132092573,0.12800280132092573,0.12800280132092573,0.12800280132092573,0.12800280132092573,0.12800280132092573,0.12800280132092576,0.1280028013209257,0.12800280132092573,0.12800280132092573,0.1280028013209257,0.12800280132092573,0.12800280132092573,0.12800280132092573,0.12800280132092576,0.12800280132092576,0.12800280132092573,0.12800280132092576,0.1280028013209257,0.12800280132092573,0.12800280132092573,0.12800280132092573,0.12800280132092576,0.12800280132092573,0.1280028013209257,0.1280028013209257,0.1280028013209257,0.12800280132092573,0.1280028013209257,0.12800280132092576,0.12800280132092573,0.12800280132092573,0.12800280132092576,0.1280028013209257,0.12800280132092576,0.1280028013209257,0.1280028013209257,0.12800280132092576,0.12800280132092573,0.12800280132092573,0.12800280132092573,0.12800280132092573,0.12800280132092573,0.12800280132092573,0.12800280132092576,0.12800280132092579,0.12800280132092576,0.1280028013209257,0.12800280132092573,0.12800280132092576,0.12800280132092576,0.12800280132092576,0.1280028013209257,0.12800280132092573,0.12800280132092573,0.1280028013209257,0.12800280132092573,0.1280028013209257,0.12800280132092573,0.12800280132092576,0.12800280132092573,0.12800280132092573,0.12800280132092576,0.12800280132092573,0.1280028013209257,0.12800280132092573,0.1280028013209257,0.12800280132092567,0.12800280132092573,0.12800280132092576,0.12800280132092573,0.12800280132092573,0.1280028013209257,0.12800280132092573,0.12800280132092573,0.12800280132092576,0.12800280132092573,0.12800280132092573,0.1280028013209257,0.12800280132092567,0.1280028013209257,0.12800280132092573,0.1280028013209257,0.12800280132092573,0.12800280132092573,0.12800280132092573,0.12800280132092573,0.12800280132092567,0.12800280132092576,0.1280028013209257,0.1280028013209257,0.12800280132092573,0.1280028013209257,0.1280028013209257,0.12800280132092573,0.12800280132092576,0.12800280132092573,0.1280028013209257,0.12800280132092573,0.1280028013209257,0.1280028013209257,0.1280028013209257,0.12800280132092573,0.12800280132092567,0.12800280132092567,0.12800280132092573,0.1280028013209257,0.12800280132092573,0.12800280132092573,0.12800280132092567,0.12800280132092573,0.12800280132092573,0.1280028013209257,0.1280028013209257,0.12800280132092567,0.1280028013209257,0.12800280132092573,0.12800280132092573,0.12800280132092567,0.1280028013209257,0.12800280132092567,0.12800280132092565,0.1280028013209257,0.12800280132092567,0.12800280132092567,0.12800280132092567,0.12800280132092567,0.12800280132092567,0.1280028013209257,0.12800280132092567,0.1280028013209257,0.12800280132092565,0.12800280132092567,0.12800280132092565,0.12800280132092567,0.12800280132092565,0.1280028013209257,0.12800280132092567,0.1280028013209257,0.12800280132092567,0.12800280132092565,0.12800280132092567,0.12800280132092567,0.12800280132092567,0.12800280132092562,0.12800280132092565,0.12800280132092567,0.12800280132092567,0.12800280132092567,0.12800280132092567,0.12800280132092567,0.12800280132092565,0.12800280132092573,0.12800280132092567,0.1280028013209257,0.12800280132092562,0.12800280132092565,0.12800280132092565,0.12800280132092567,0.12800280132092567,0.12800280132092567,0.12800280132092567,0.12800280132092567,0.12800280132092565,0.12800280132092565,0.12800280132092565,0.12800280132092565,0.12800280132092565,0.12800280132092565,0.12800280132092565,0.12800280132092565,0.12800280132092562,0.12800280132092565,0.12800280132092562,0.12800280132092567,0.12800280132092562,0.1280028013209257,0.12800280132092562,0.12800280132092562,0.1280028013209256,0.12800280132092565,0.12800280132092562,0.12800280132092562,0.12800280132092565,0.12800280132092562,0.12800280132092554,0.12800280132092565,0.12800280132092562,0.12800280132092565,0.12800280132092562,0.1280028013209256,0.1280028013209256,0.1280028013209256,0.1280028013209256,0.1280028013209256,0.1280028013209256,0.1280028013209256,0.12800280132092562,0.1280028013209256,0.12800280132092562,0.12800280132092556,0.1280028013209256,0.12800280132092562,0.12800280132092562,0.12800280132092556,0.12800280132092562,0.12800280132092554,0.12800280132092556,0.1280028013209256,0.1280028013209256,0.1280028013209256,0.12800280132092556,0.1280028013209256,0.1280028013209256,0.1280028013209256,0.12800280132092556,0.12800280132092562,0.1280028013209256,0.12800280132092554,0.1280028013209256,0.12800280132092556,0.12800280132092554,0.12800280132092556,0.1280028013209256,0.12800280132092562,0.12800280132092556,0.12800280132092556,0.12800280132092554,0.12800280132092556,0.12800280132092562,0.1280028013209256,0.12800280132092562,0.12800280132092562,0.12800280132092556,0.12800280132092565,0.12800280132092562,0.1280028013209256,0.12800280132092562,0.1280028013209256,0.12800280132092562,0.1280028013209256,0.12800280132092562,0.12800280132092562,0.12800280132092562,0.12800280132092562,0.12800280132092562,0.12800280132092562,0.12800280132092565,0.12800280132092565,0.12800280132092556,0.12800280132092562,0.12800280132092562,0.1280028013209256,0.12800280132092562,0.12800280132092562,0.12800280132092562,0.12800280132092562,0.12800280132092565,0.12800280132092562,0.1280028013209256,0.1280028013209256,0.1280028013209256,0.1280028013209256,0.1280028013209256,0.12800280132092556,0.1280028013209256,0.12800280132092556,0.12800280132092556,0.12800280132092562,0.12800280132092562,0.12800280132092565,0.12800280132092562,0.12800280132092562,0.12800280132092562,0.1280028013209256,0.12800280132092562,0.12800280132092562,0.12800280132092562,0.12800280132092565,0.1280028013209256,0.12800280132092565,0.12800280132092565,0.12800280132092562,0.1280028013209256,0.1280028013209256,0.1280028013209256,0.1280028013209256,0.1280028013209256,0.1280028013209256,0.1280028013209256,0.12800280132092562,0.12800280132092556,0.12800280132092556,0.12800280132092562,0.12800280132092562,0.12800280132092562,0.12800280132092562,0.12800280132092562,0.1280028013209256,0.12800280132092562,0.12800280132092562,0.12800280132092562,0.12800280132092562,0.12800280132092562,0.1280028013209256,0.12800280132092567,0.12800280132092562,0.12800280132092565,0.12800280132092567,0.12800280132092565,0.12800280132092562,0.12800280132092562,0.12800280132092562,0.12800280132092565,0.12800280132092565,0.12800280132092567,0.12800280132092565,0.12800280132092567,0.12800280132092567,0.12800280132092565,0.12800280132092565,0.12800280132092562,0.12800280132092565,0.12800280132092562,0.12800280132092562,0.12800280132092562,0.12800280132092565,0.12800280132092565,0.12800280132092565,0.12800280132092562,0.12800280132092562,0.12800280132092562,0.12800280132092565,0.1280028013209256,0.12800280132092565,0.12800280132092562,0.12800280132092562,0.12800280132092565,0.12800280132092565,0.12800280132092565,0.12800280132092556,0.1280028013209256,0.1280028013209256,0.1280028013209256,0.1280028013209256,0.1280028013209256,0.1280028013209256,0.1280028013209255,0.12800280132092556,0.1280028013209256,0.1280028013209256,0.12800280132092556,0.12800280132092556,0.1280028013209256,0.12800280132092556,0.12800280132092562,0.12800280132092556,0.1280028013209256,0.12800280132092556,0.12800280132092562,0.12800280132092562,0.12800280132092562,0.12800280132092554,0.1280028013209256,0.1280028013209256,0.1280028013209256,0.1280028013209256,0.12800280132092556,0.12800280132092562,0.12800280132092562,0.12800280132092565,0.12800280132092562,0.12800280132092554,0.12800280132092556,0.12800280132092556,0.12800280132092554,0.12800280132092556,0.12800280132092562,0.12800280132092556,0.1280028013209256,0.12800280132092562,0.12800280132092562,0.1280028013209256,0.12800280132092562,0.12800280132092562,0.12800280132092554,0.12800280132092554,0.1280028013209256,0.12800280132092562,0.1280028013209256,0.1280028013209256,0.1280028013209256,0.12800280132092562,0.1280028013209256,0.1280028013209256,0.12800280132092562,0.1280028013209255,0.12800280132092562,0.12800280132092556,0.12800280132092556,0.1280028013209256,0.1280028013209256,0.1280028013209256,0.1280028013209256,0.12800280132092554,0.12800280132092556,0.1280028013209256,0.1280028013209256,0.12800280132092556,0.12800280132092556,0.12800280132092556,0.12800280132092556,0.12800280132092556,0.12800280132092562,0.12800280132092562,0.12800280132092565,0.12800280132092562,0.12800280132092562,0.12800280132092562,0.12800280132092562,0.12800280132092562,0.12800280132092562,0.12800280132092562,0.12800280132092562,0.12800280132092562,0.12800280132092562,0.12800280132092565,0.12800280132092565,0.12800280132092556,0.1280028013209256,0.1280028013209256,0.12800280132092562,0.1280028013209256,0.1280028013209256,0.12800280132092556,0.12800280132092562,0.1280028013209256,0.12800280132092562,0.12800280132092562,0.12800280132092562,0.12800280132092562,0.12800280132092562,0.12800280132092562,0.12800280132092562,0.1280028013209256,0.12800280132092562,0.12800280132092562,0.1280028013209256,0.12800280132092562,0.12800280132092562,0.12800280132092562,0.12800280132092562,0.12800280132092562,0.12800280132092562,0.12800280132092562,0.12800280132092562,0.12800280132092562,0.1280028013209256,0.12800280132092562,0.12800280132092562,0.12800280132092562,0.12800280132092562,0.12800280132092562,0.12800280132092562,0.12800280132092565,0.12800280132092562,0.12800280132092562,0.12800280132092562,0.12800280132092565,0.12800280132092565,0.12800280132092565,0.12800280132092565,0.12800280132092565,0.12800280132092562,0.1280028013209256,0.12800280132092565,0.12800280132092562,0.12800280132092565,0.12800280132092565,0.12800280132092565,0.12800280132092567,0.12800280132092562,0.12800280132092567,0.12800280132092562,0.12800280132092565,0.12800280132092565,0.12800280132092562,0.12800280132092565,0.12800280132092562,0.12800280132092565,0.12800280132092565,0.12800280132092565,0.12800280132092565,0.12800280132092562,0.12800280132092565,0.12800280132092565,0.12800280132092565,0.12800280132092565,0.12800280132092562,0.12800280132092562,0.12800280132092562,0.12800280132092565,0.12800280132092565,0.12800280132092562,0.12800280132092562,0.12800280132092567,0.12800280132092562,0.12800280132092565,0.12800280132092562,0.12800280132092556,0.1280028013209256,0.1280028013209256,0.1280028013209256,0.12800280132092562,0.12800280132092562,0.12800280132092562,0.12800280132092565,0.12800280132092562,0.12800280132092562,0.12800280132092562,0.12800280132092562,0.12800280132092562,0.12800280132092562,0.12800280132092565,0.12800280132092565,0.1280028013209256,0.1280028013209256,0.1280028013209256,0.1280028013209256,0.1280028013209256,0.1280028013209256,0.1280028013209256,0.12800280132092554,0.12800280132092562,0.12800280132092562,0.1280028013209256,0.12800280132092562,0.1280028013209256,0.12800280132092565,0.12800280132092562,0.12800280132092562,0.12800280132092562,0.12800280132092562,0.12800280132092562,0.12800280132092562,0.12800280132092562,0.12800280132092562,0.12800280132092562,0.1280028013209256,0.12800280132092562,0.12800280132092565,0.12800280132092565,0.12800280132092556,0.1280028013209256,0.12800280132092562,0.1280028013209256,0.12800280132092556,0.1280028013209256,0.1280028013209256,0.1280028013209256,0.12800280132092562,0.12800280132092562,0.1280028013209256,0.1280028013209256,0.1280028013209256,0.12800280132092562,0.12800280132092556,0.12800280132092556,0.12800280132092556,0.12800280132092556,0.12800280132092565,0.12800280132092556,0.12800280132092556,0.1280028013209256,0.12800280132092562,0.12800280132092556,0.1280028013209256,0.1280028013209256,0.12800280132092562,0.1280028013209256,0.1280028013209256,0.1280028013209256,0.1280028013209256,0.12800280132092562,0.12800280132092556,0.12800280132092556,0.1280028013209256,0.1280028013209256,0.1280028013209256,0.12800280132092556,0.1280028013209256,0.12800280132092562,0.12800280132092565,0.12800280132092562,0.12800280132092562,0.12800280132092562,0.12800280132092554,0.12800280132092556,0.12800280132092562,0.1280028013209256,0.12800280132092562,0.1280028013209256,0.12800280132092556,0.1280028013209256,0.12800280132092562,0.1280028013209256,0.1280028013209256,0.12800280132092554,0.12800280132092556,0.12800280132092562,0.12800280132092554,0.12800280132092562,0.1280028013209256,0.1280028013209256,0.12800280132092556,0.12800280132092556,0.12800280132092556
1,0.0,0.0,-1.1210161821863813e-41,2.922149905010366e-44,2.922149905010366e-44,2.922149905010366e-44,2.922149905010366e-44,2.922149905010366e-44,2.922149905010366e-44,2.922149905010366e-44,2.922149905010366e-44,2.922149905010366e-44,2.922149905010366e-44,2.922149905010366e-44,2.922149905010366e-44,2.922149905010366e-44,2.922149905010366e-44,2.922149905010366e-44,2.922149905010366e-44,2.922149905010366e-44,2.922149905010366e-44,2.922149905010366e-44,2.922149905010366e-44,2.922149905010366e-44,2.922149905010366e-44,2.922149905010366e-44,2.922149905010366e-44,2.922149905010366e-44,2.922149905010366e-44,2.922149905010366e-44,2.922149905010366e-44,2.922149905010366e-44,2.922149905010366e-44,2.922149905010366e-44,2.922149905010366e-44,2.922149905010366e-44,2.922149905010366e-44,2.922149905010366e-44,2.922149905010366e-44,2.922149905010366e-44,2.922149905010366e-44,2.922149905010366e-44,2.922149905010366e-44,2.922149905010366e-44,2.922149905010366e-44,2.922149905010366e-44,2.922149905010366e-44,2.922149905010366e-44,2.922149905010366e-44,2.922149905010366e-44,2.922149905010366e-44,2.922149905010366e-44,2.922149905010366e-44,2.922149905010366e-44,2.922149905010366e-44,2.922149905010366e-44,2.922149905010366e-44,2.922149905010366e-44,2.922149905010366e-44,2.922149905010366e-44,2.922149905010366e-44,2.922149905010366e-44,2.922149905010366e-44,2.922149905010366e-44,2.922149905010366e-44,2.922149905010366e-44,2.922149905010366e-44,2.922149905010366e-44,2.922149905010366e-44,2.922149905010366e-44,2.922149905010366e-44,2.922149905010366e-44,2.922149905010366e-44,2.922149905010366e-44,2.922149905010366e-44,2.922149905010366e-44,2.922149905010366e-44,2.922149905010366e-44,2.922149905010366e-44,2.922149905010366e-44,2.922149905010366e-44,2.922149905010366e-44,2.922149905010366e-44,2.922149905010366e-44,2.922149905010366e-44,2.922149905010366e-44,2.922149905010366e-44,2.922149905010366e-44,2.922149905010366e-44,2.922149905010366e-44,2.922149905010366e-44,2.922149905010366e-44,2.922149905010366e-44,2.922149905010366e-44,2.922149905010366e-44,2.922149905010366e-44,2.922149905010366e-44,2.922149905010366e-44,2.922149905010366e-44,2.922149905010366e-44,2.922149905010366e-44,2.922149905010366e-44,2.922149905010366e-44,2.922149905010366e-44,2.922149905010366e-44,2.922149905010366e-44,2.922149905010366e-44,2.922149905010366e-44,2.922149905010366e-44,2.922149905010366e-44,2.922149905010366e-44,2.922149905010366e-44,2.922149905010366e-44,2.922149905010366e-44,2.922149905010366e-44,2.922149905010366e-44,2.922149905010366e-44,2.922149905010366e-44,2.922149905010366e-44,2.922149905010366e-44,2.922149905010366e-44,2.922149905010366e-44,2.922149905010366e-44,2.922149905010366e-44,2.922149905010366e-44,2.922149905010366e-44,2.922149905010366e-44,2.922149905010366e-44,2.922149905010366e-44,2.922149905010366e-44,2.922149905010366e-44,2.922149905010366e-44,2.922149905010366e-44,2.922149905010366e-44,2.922149905010366e-44,2.922149905010366e-44,2.922149905010366e-44,2.922149905010366e-44,2.922149905010366e-44,2.922149905010366e-44,2.922149905010366e-44,2.922149905010366e-44,2.922149905010366e-44,2.922149905010366e-44,2.922149905010366e-44,2.922149905010366e-44,2.922149905010366e-44,2.922149905010366e-44,2.922149905010366e-44,2.922149905010366e-44,2.922149905010366e-44,2.922149905010366e-44,2.922149905010366e-44,2.922149905010366e-44,2.922149905010366e-44,2.922149905010366e-44,2.922149905010366e-44,2.922149905010366e-44,2.922149905010366e-44,2.922149905010366e-44,2.922149905010366e-44,2.922149905010366e-44,2.922149905010366e-44,2.922149905010366e-44,2.922149905010366e-44,2.922149905010366e-44,2.922149905010366e-44,2.922149905010366e-44,2.922149905010366e-44,2.922149905010366e-44,2.922149905010366e-44,2.922149905010366e-44,2.922149905010366e-44,2.922149905010366e-44,2.922149905010366e-44,2.922149905010366e-44,2.922149905010366e-44,2.922149905010366e-44,2.922149905010366e-44,2.922149905010366e-44,2.922149905010366e-44,2.922149905010366e-44,2.922149905010366e-44,2.922149905010366e-44,2.922149905010366e-44,2.922149905010366e-44,2.922149905010366e-44,2.922149905010366e-44,2.922149905010366e-44,2.922149905010366e-44,2.922149905010366e-44,2.922149905010366e-44,2.922149905010366e-44,2.922149905010366e-44,2.922149905010366e-44,2.922149905010366e-44,2.922149905010366e-44,2.922149905010366e-44,2.922149905010366e-44,2.922149905010366e-44,2.922149905010366e-44,2.922149905010366e-44,2.922149905010366e-44,2.922149905010366e-44,2.922149905010366e-44,2.922149905010366e-44,2.922149905010366e-44,2.922149905010366e-44,2.922149905010366e-44,2.922149905010366e-44,2.922149905010366e-44,2.922149905010366e-44,2.922149905010366e-44,2.922149905010366e-44,2.922149905010366e-44,2.922149905010366e-44,2.922149905010366e-44,2.922149905010366e-44,2.922149905010366e-44,2.922149905010366e-44,2.922149905010366e-44,2.922149905010366e-44,2.922149905010366e-44,2.922149905010366e-44,2.922149905010366e-44,2.922149905010366e-44,2.922149905010366e-44,2.922149905010366e-44,2.922149905010366e-44,2.922149905010366e-44,2.922149905010366e-44,2.922149905010366e-44,2.922149905010366e-44,2.922149905010366e-44,2.922149905010366e-44,2.922149905010366e-44,2.922149905010366e-44,2.922149905010366e-44,2.922149905010366e-44,2.922149905010366e-44,2.922149905010366e-44,2.922149905010366e-44,2.922149905010366e-44,2.922149905010366e-44,2.922149905010366e-44,2.922149905010366e-44,2.922149905010366e-44,2.922149905010366e-44,2.922149905010366e-44,2.922149905010366e-44,2.922149905010366e-44,2.922149905010366e-44,2.922149905010366e-44,2.922149905010366e-44,2.922149905010366e-44,2.922149905010366e-44,2.922149905010366e-44,2.922149905010366e-44,2.922149905010366e-44,2.922149905010366e-44,2.922149905010366e-44,2.922149905010366e-44,2.922149905010366e-44,2.922149905010366e-44,2.922149905010366e-44,2.922149905010366e-44,2.922149905010366e-44,2.922149905010366e-44,2.922149905010366e-44,2.922149905010366e-44,2.922149905010366e-44,2.922149905010366e-44,2.922149905010366e-44,2.922149905010366e-44,2.922149905010366e-44,2.922149905010366e-44,2.922149905010366e-44,2.922149905010366e-44,2.922149905010366e-44,2.922149905010366e-44,2.922149905010366e-44,2.922149905010366e-44,2.922149905010366e-44,2.922149905010366e-44,2.922149905010366e-44,2.922149905010366e-44,2.922149905010366e-44,2.922149905010366e-44,2.922149905010366e-44,2.922149905010366e-44,2.922149905010366e-44,2.922149905010366e-44,2.922149905010366e-44,2.922149905010366e-44,2.922149905010366e-44,2.922149905010366e-44,2.922149905010366e-44,2.922149905010366e-44,2.922149905010366e-44,2.922149905010366e-44,2.922149905010366e-44,2.922149905010366e-44,2.922149905010366e-44,2.922149905010366e-44,2.922149905010366e-44,2.922149905010366e-44,2.922149905010366e-44,2.922149905010366e-44,2.922149905010366e-44,2.922149905010366e-44,2.922149905010366e-44,2.922149905010366e-44,2.922149905010366e-44,2.922149905010366e-44,2.922149905010366e-44,2.922149905010366e-44,2.922149905010366e-44,2.922149905010366e-44,2.922149905010366e-44,2.922149905010366e-44,2.922149905010366e-44,2.922149905010366e-44,2.922149905010366e-44,2.922149905010366e-44,2.922149905010366e-44,2.922149905010366e-44,2.922149905010366e-44,2.922149905010366e-44,2.922149905010366e-44,2.922149905010366e-44,2.922149905010366e-44,2.922149905010366e-44,2.922149905010366e-44,2.922149905010366e-44,2.922149905010366e-44,2.922149905010366e-44,2.922149905010366e-44,2.922149905010366e-44,2.922149905010366e-44,2.922149905010366e-44,2.922149905010366e-44,2.922149905010366e-44,2.922149905010366e-44,2.922149905010366e-44,2.922149905010366e-44,2.922149905010366e-44,2.922149905010366e-44,2.922149905010366e-44,2.922149905010366e-44,2.922149905010366e-44,2.922149905010366e-44,2.922149905010366e-44,2.922149905010366e-44,2.922149905010366e-44,2.922149905010366e-44,2.922149905010366e-44,2.922149905010366e-44,2.922149905010366e-44,2.922149905010366e-44,2.922149905010366e-44,2.922149905010366e-44,2.922149905010366e-44,2.922149905010366e-44,2.922149905010366e-44,2.922149905010366e-44,2.922149905010366e-44,2.922149905010366e-44,2.922149905010366e-44,2.922149905010366e-44,2.922149905010366e-44,2.922149905010366e-44,2.922149905010366e-44,2.922149905010366e-44,2.922149905010366e-44,2.922149905010366e-44,2.922149905010366e-44,2.922149905010366e-44,2.922149905010366e-44,2.922149905010366e-44,2.922149905010366e-44,2.922149905010366e-44,2.922149905010366e-44,2.922149905010366e-44,2.922149905010366e-44,2.922149905010366e-44,2.922149905010366e-44,2.922149905010366e-44,2.922149905010366e-44,2.922149905010366e-44,2.922149905010366e-44,2.922149905010366e-44,2.922149905010366e-44,2.922149905010366e-44,2.922149905010366e-44,2.922149905010366e-44,2.922149905010366e-44,2.922149905010366e-44,2.922149905010366e-44,2.922149905010366e-44,2.922149905010366e-44,2.922149905010366e-44,2.922149905010366e-44,2.922149905010366e-44,2.922149905010366e-44,2.922149905010366e-44,2.922149905010366e-44,2.922149905010366e-44,2.922149905010366e-44,2.922149905010366e-44,2.922149905010366e-44,2.922149905010366e-44,2.922149905010366e-44,2.922149905010366e-44,2.922149905010366e-44,2.922149905010366e-44,2.922149905010366e-44,2.922149905010366e-44,2.922149905010366e-44,2.922149905010366e-44,2.922149905010366e-44,2.922149905010366e-44,2.922149905010366e-44,2.922149905010366e-44,2.922149905010366e-44,2.922149905010366e-44,2.922149905010366e-44,2.922149905010366e-44,2.922149905010366e-44,2.922149905010366e-44,2.922149905010366e-44,2.922149905010366e-44,2.922149905010366e-44,2.922149905010366e-44,2.922149905010366e-44,2.922149905010366e-44,2.922149905010366e-44,2.922149905010366e-44,2.922149905010366e-44,2.922149905010366e-44,2.922149905010366e-44,2.922149905010366e-44,2.922149905010366e-44,2.922149905010366e-44,2.922149905010366e-44,2.922149905010366e-44,2.922149905010366e-44,2.922149905010366e-44,2.922149905010366e-44,2.922149905010366e-44,2.922149905010366e-44,2.922149905010366e-44,2.922149905010366e-44,2.922149905010366e-44,2.922149905010366e-44,2.922149905010366e-44,2.922149905010366e-44,2.922149905010366e-44,2.922149905010366e-44,2.922149905010366e-44,2.922149905010366e-44,2.922149905010366e-44,2.922149905010366e-44,2.922149905010366e-44,2.922149905010366e-44,2.922149905010366e-44,2.922149905010366e-44,2.922149905010366e-44,2.922149905010366e-44,2.922149905010366e-44,2.922149905010366e-44,2.922149905010366e-44,2.922149905010366e-44,2.922149905010366e-44,2.922149905010366e-44,2.922149905010366e-44,2.922149905010366e-44,2.922149905010366e-44,2.922149905010366e-44,2.922149905010366e-44,2.922149905010366e-44,2.922149905010366e-44,2.922149905010366e-44,2.922149905010366e-44,2.922149905010366e-44,2.922149905010366e-44,2.922149905010366e-44,2.922149905010366e-44,2.922149905010366e-44,2.922149905010366e-44,2.922149905010366e-44,2.922149905010366e-44,2.922149905010366e-44,2.922149905010366e-44,2.922149905010366e-44,2.922149905010366e-44,2.922149905010366e-44,2.922149905010366e-44,2.922149905010366e-44,2.922149905010366e-44,2.922149905010366e-44,2.922149905010366e-44,2.922149905010366e-44,2.922149905010366e-44,2.922149905010366e-44,2.922149905010366e-44,2.922149905010366e-44,2.922149905010366e-44,2.922149905010366e-44,2.922149905010366e-44,2.922149905010366e-44,2.922149905010366e-44,2.922149905010366e-44,2.922149905010366e-44,2.922149905010366e-44,2.922149905010366e-44,2.922149905010366e-44,2.922149905010366e-44,2.922149905010366e-44,2.922149905010366e-44,2.922149905010366e-44,2.922149905010366e-44,2.922149905010366e-44,2.922149905010366e-44,2.922149905010366e-44,2.922149905010366e-44,2.922149905010366e-44,2.922149905010366e-44,2.922149905010366e-44,2.922149905010366e-44,2.922149905010366e-44,2.922149905010366e-44,2.922149905010366e-44,2.922149905010366e-44,2.922149905010366e-44,2.922149905010366e-44,2.922149905010366e-44,2.922149905010366e-44,2.922149905010366e-44,2.922149905010366e-44,2.922149905010366e-44,2.922149905010366e-44,2.922149905010366e-44,2.922149905010366e-44,2.922149905010366e-44,2.922149905010366e-44,2.922149905010366e-44,2.922149905010366e-44,2.922149905010366e-44,2.922149905010366e-44,2.922149905010366e-44,2.922149905010366e-44,2.922149905010366e-44,2.922149905010366e-44,2.922149905010366e-44,2.922149905010366e-44,2.922149905010366e-44,2.922149905010366e-44,2.922149905010366e-44,2.922149905010366e-44,2.922149905010366e-44,2.922149905010366e-44,2.922149905010366e-44,2.922149905010366e-44,2.922149905010366e-44,2.922149905010366e-44,2.922149905010366e-44,2.922149905010366e-44,2.922149905010366e-44,2.922149905010366e-44,2.922149905010366e-44,2.922149905010366e-44,2.922149905010366e-44,2.922149905010366e-44,2.922149905010366e-44,2.922149905010366e-44,2.922149905010366e-44,2.922149905010366e-44,2.922149905010366e-44,2.922149905010366e-44,2.922149905010366e-44,2.922149905010366e-44,2.922149905010366e-44,2.922149905010366e-44,2.922149905010366e-44,2.922149905010366e-44,2.922149905010366e-44,2.922149905010366e-44,2.922149905010366e-44,2.922149905010366e-44,2.922149905010366e-44,2.922149905010366e-44,2.922149905010366e-44,2.922149905010366e-44,2.922149905010366e-44,2.922149905010366e-44,2.922149905010366e-44,2.922149905010366e-44,2.922149905010366e-44,2.922149905010366e-44,2.922149905010366e-44,2.922149905010366e-44,2.922149905010366e-44,2.922149905010366e-44,2.922149905010366e-44,2.922149905010366e-44,2.922149905010366e-44,2.922149905010366e-44,2.922149905010366e-44,2.922149905010366e-44,2.922149905010366e-44,2.922149905010366e-44,2.922149905010366e-44,2.922149905010366e-44,2.922149905010366e-44,2.922149905010366e-44,2.922149905010366e-44,2.922149905010366e-44,2.922149905010366e-44,2.922149905010366e-44,2.922149905010366e-44,2.922149905010366e-44,2.922149905010366e-44,2.922149905010366e-44,2.922149905010366e-44,2.922149905010366e-44,2.922149905010366e-44,2.922149905010366e-44,2.922149905010366e-44,2.922149905010366e-44,2.922149905010366e-44,2.922149905010366e-44,2.922149905010366e-44,2.922149905010366e-44,2.922149905010366e-44,2.922149905010366e-44,2.922149905010366e-44,2.922149905010366e-44,2.922149905010366e-44,2.922149905010366e-44,2.922149905010366e-44,2.922149905010366e-44,2.922149905010366e-44,2.922149905010366e-44,2.922149905010366e-44,2.922149905010366e-44,2.922149905010366e-44,2.922149905010366e-44,2.922149905010366e-44,2.922149905010366e-44,2.922149905010366e-44,2.922149905010366e-44,2.922149905010366e-44,2.922149905010366e-44,2.922149905010366e-44,2.922149905010366e-44,2.922149905010366e-44,2.922149905010366e-44,2.922149905010366e-44,2.922149905010366e-44,2.922149905010366e-44,2.922149905010366e-44,2.922149905010366e-44,2.922149905010366e-44,2.922149905010366e-44,2.922149905010366e-44,2.922149905010366e-44,2.922149905010366e-44,2.922149905010366e-44,2.922149905010366e-44,2.922149905010366e-44,2.922149905010366e-44,2.922149905010366e-44,2.922149905010366e-44,2.922149905010366e-44,2.922149905010366e-44,2.922149905010366e-44,2.922149905010366e-44,2.922149905010366e-44,2.922149905010366e-44,2.922149905010366e-44,2.922149905010366e-44,2.922149905010366e-44,2.922149905010366e-44,2.922149905010366e-44,2.922149905010366e-44,2.922149905010366e-44,2.922149905010366e-44,2.922149905010366e-44,2.922149905010366e-44,2.922149905010366e-44,2.922149905010366e-44,2.922149905010366e-44,2.922149905010366e-44,2.922149905010366e-44,2.922149905010366e-44,2.922149905010366e-44,2.922149905010366e-44,2.922149905010366e-44,2.922149905010366e-44,2.922149905010366e-44,2.922149905010366e-44,2.922149905010366e-44,2.922149905010366e-44,2.922149905010366e-44,2.922149905010366e-44,2.922149905010366e-44,2.922149905010366e-44,2.922149905010366e-44,2.922149905010366e-44,2.922149905010366e-44,2.922149905010366e-44,2.922149905010366e-44,2.922149905010366e-44,2.922149905010366e-44,2.922149905010366e-44,2.922149905010366e-44,2.922149905010366e-44,2.922149905010366e-44,2.922149905010366e-44,2.922149905010366e-44,2.922149905010366e-44,2.922149905010366e-44,2.922149905010366e-44,2.922149905010366e-44,2.922149905010366e-44,2.922149905010366e-44,2.922149905010366e-44,2.922149905010366e-44,2.922149905010366e-44,2.922149905010366e-44,2.922149905010366e-44,2.922149905010366e-44,2.922149905010366e-44,2.922149905010366e-44,2.922149905010366e-44,2.922149905010366e-44,2.922149905010366e-44,2.922149905010366e-44,2.922149905010366e-44,2.922149905010366e-44,2.922149905010366e-44,2.922149905010366e-44,2.922149905010366e-44,2.922149905010366e-44,2.922149905010366e-44,2.922149905010366e-44,2.922149905010366e-44,2.922149905010366e-44,2.922149905010366e-44,2.922149905010366e-44,2.922149905010366e-44,2.922149905010366e-44,2.922149905010366e-44,2.922149905010366e-44,2.922149905010366e-44,2.922149905010366e-44,2.922149905010366e-44,2.922149905010366e-44,2.922149905010366e-44,2.922149905010366e-44,2.922149905010366e-44,2.922149905010366e-44,2.922149905010366e-44,2.922149905010366e-44,2.922149905010366e-44,2.922149905010366e-44,2.922149905010366e-44,2.922149905010366e-44,2.922149905010366e-44,2.922149905010366e-44,2.922149905010366e-44,2.922149905010366e-44,2.922149905010366e-44,2.922149905010366e-44,2.922149905010366e-44,2.922149905010366e-44,2.922149905010366e-44,2.922149905010366e-44,2.922149905010366e-44,2.922149905010366e-44,2.922149905010366e-44,2.922149905010366e-44,2.922149905010366e-44,2.922149905010366e-44,2.922149905010366e-44,2.922149905010366e-44,2.922149905010366e-44,2.922149905010366e-44,2.922149905010366e-44,2.922149905010366e-44,2.922149905010366e-44,2.922149905010366e-44,2.922149905010366e-44,2.922149905010366e-44,2.922149905010366e-44,2.922149905010366e-44,2.922149905010366e-44,2.922149905010366e-44,2.922149905010366e-44,2.922149905010366e-44,2.922149905010366e-44,2.922149905010366e-44,2.922149905010366e-44,2.922149905010366e-44,2.922149905010366e-44,2.922149905010366e-44,2.922149905010366e-44,2.922149905010366e-44,2.922149905010366e-44,2.922149905010366e-44,2.922149905010366e-44,2.922149905010366e-44,2.922149905010366e-44,2.922149905010366e-44,2.922149905010366e-44,2.922149905010366e-44,2.922149905010366e-44,2.922149905010366e-44,2.922149905010366e-44,2.922149905010366e-44,2.922149905010366e-44,2.922149905010366e-44,2.922149905010366e-44,2.922149905010366e-44,2.922149905010366e-44,2.922149905010366e-44,2.922149905010366e-44,2.922149905010366e-44,2.922149905010366e-44,2.922149905010366e-44,2.922149905010366e-44,2.922149905010366e-44,2.922149905010366e-44,2.922149905010366e-44,2.922149905010366e-44,2.922149905010366e-44,2.922149905010366e-44,2.922149905010366e-44,2.922149905010366e-44,2.922149905010366e-44,2.922149905010366e-44,2.922149905010366e-44,2.922149905010366e-44,2.922149905010366e-44,2.922149905010366e-44,2.922149905010366e-44,2.922149905010366e-44,2.922149905010366e-44,2.922149905010366e-44,2.922149905010366e-44,2.922149905010366e-44,2.922149905010366e-44,2.922149905010366e-44,2.922149905010366e-44,2.922149905010366e-44,2.922149905010366e-44,2.922149905010366e-44,2.922149905010366e-44,2.922149905010366e-44,2.922149905010366e-44,2.922149905010366e-44,2.922149905010366e-44,2.922149905010366e-44,2.922149905010366e-44,2.922149905010366e-44,2.922149905010366e-44,2.922149905010366e-44,2.922149905010366e-44,2.922149905010366e-44,2.922149905010366e-44,2.922149905010366e-44,2.922149905010366e-44,2.922149905010366e-44,2.922149905010366e-44,2.922149905010366e-44,2.922149905010366e-44,2.922149905010366e-44,2.922149905010366e-44,2.922149905010366e-44,2.922149905010366e-44,2.922149905010366e-44,2.922149905010366e-44,2.922149905010366e-44,2.922149905010366e-44,2.922149905010366e-44,2.922149905010366e-44,2.922149905010366e-44,2.922149905010366e-44,2.922149905010366e-44,2.922149905010366e-44,2.922149905010366e-44,2.922149905010366e-44,2.922149905010366e-44,2.922149905010366e-44,2.922149905010366e-44,2.922149905010366e-44,2.922149905010366e-44,2.922149905010366e-44,2.922149905010366e-44,2.922149905010366e-44,2.922149905010366e-44,2.922149905010366e-44,2.922149905010366e-44,2.922149905010366e-44,2.922149905010366e-44,2.922149905010366e-44,2.922149905010366e-44,2.922149905010366e-44,2.922149905010366e-44,2.922149905010366e-44,2.922149905010366e-44,2.922149905010366e-44,2.922149905010366e-44,2.922149905010366e-44,2.922149905010366e-44,2.922149905010366e-44,2.922149905010366e-44,2.922149905010366e-44,2.922149905010366e-44,2.922149905010366e-44,2.922149905010366e-44,2.922149905010366e-44,2.922149905010366e-44,2.922149905010366e-44,2.922149905010366e-44,2.922149905010366e-44,2.922149905010366e-44,2.922149905010366e-44,2.922149905010366e-44,2.922149905010366e-44,2.922149905010366e-44,2.922149905010366e-44,2.922149905010366e-44,2.922149905010366e-44,2.922149905010366e-44,2.922149905010366e-44,2.922149905010366e-44,2.922149905010366e-44,2.922149905010366e-44,2.922149905010366e-44,2.922149905010366e-44,2.922149905010366e-44,2.922149905010366e-44,2.922149905010366e-44,2.922149905010366e-44,2.922149905010366e-44,2.922149905010366e-44,2.922149905010366e-44,2.922149905010366e-44,2.922149905010366e-44,2.922149905010366e-44,2.922149905010366e-44,2.922149905010366e-44,2.922149905010366e-44,2.922149905010366e-44,2.922149905010366e-44,2.922149905010366e-44,2.922149905010366e-44,2.922149905010366e-44,2.922149905010366e-44,2.922149905010366e-44,2.922149905010366e-44,2.922149905010366e-44,2.922149905010366e-44,2.922149905010366e-44,2.922149905010366e-44,2.922149905010366e-44,2.922149905010366e-44,2.922149905010366e-44,2.922149905010366e-44,2.922149905010366e-44,2.922149905010366e-44,2.922149905010366e-44,2.922149905010366e-44,2.922149905010366e-44,2.922149905010366e-44,2.922149905010366e-44,2.922149905010366e-44,2.922149905010366e-44,2.922149905010366e-44,2.922149905010366e-44,2.922149905010366e-44,2.922149905010366e-44,2.922149905010366e-44,2.922149905010366e-44,2.922149905010366e-44,2.922149905010366e-44,2.922149905010366e-44,2.922149905010366e-44,2.922149905010366e-44,2.922149905010366e-44,2.922149905010366e-44,2.922149905010366e-44,2.922149905010366e-44,2.922149905010366e-44,2.922149905010366e-44,2.922149905010366e-44,2.922149905010366e-44,2.922149905010366e-44,2.922149905010366e-44,2.922149905010366e-44,2.9221499050103667e-44,2.922149905010366e-44,2.922149905010367e-44,2.922149905010366e-44,2.922149905010366e-44,2.922149905010366e-44,2.922149905010367e-44,2.922149905010366e-44,2.9221499050103667e-44,2.922149905010367e-44,2.922149905010367e-44,2.922149905010367e-44,2.9221499050103686e-44,2.922149905010368e-44,2.9221499050103686e-44,2.922149905010367e-44,2.922149905010368e-44,2.9221499050103676e-44,2.922149905010368e-44,2.9221499050103686e-44,2.922149905010367e-44,2.922149905010367e-44,2.922149905010366e-44,2.922149905010367e-44,2.9221499050103667e-44,2.922149905010367e-44,2.922149905010367e-44,2.9221499050103667e-44,2.9221499050103667e-44,2.9221499050103676e-44,2.9221499050103667e-44,2.922149905010366e-44,2.922149905010366e-44,2.922149905010367e-44,2.922149905010366e-44,2.922149905010367e-44,2.9221499050103657e-44,2.922149905010366e-44,2.9221499050103667e-44,2.9221499050103667e-44,2.9221499050103657e-44,2.9221499050103667e-44,2.922149905010365e-44,2.922149905010366e-44,2.922149905010365e-44,2.922149905010766e-44,2.922149905010581e-44,2.9221499050105817e-44,2.9221499050105807e-44,2.9221499050105797e-44,2.92214990501058e-44,2.92214990501058e-44,2.9221499050105797e-44,2.9221499050105787e-44,2.9221499050105797e-44,2.922149905010579e-44,2.9221499050105777e-44,2.922149905010579e-44,2.9221499050105787e-44,2.9221499050105787e-44,2.9221499050105787e-44,2.9221499050548806e-44,2.9221499050548806e-44,2.922149905046164e-44,2.9221499050461575e-44,2.922149905046158e-44,2.9221499050461565e-44,2.922149905046157e-44,2.922149905046156e-44,2.922149905046157e-44,2.922149905046157e-44,2.922149905046467e-44,2.922149905046467e-44,2.9221499050464676e-44,2.9221499050464666e-44,2.922149905046467e-44,2.9221499050464676e-44,2.9221499050464676e-44,2.9221499050464666e-44,2.922149905046466e-44,2.9221499028534053e-44,2.9221499028534053e-44,2.9221499027362484e-44,2.922149899058581e-44,2.922149899064567e-44,2.922149896272958e-44,2.922149896272958e-44,2.9221498962729575e-44,2.9221498962729575e-44,2.9221498335031513e-44,2.9221498501703273e-44,2.9221498501703283e-44,2.9221498514859693e-44,2.9221498515560205e-44,2.922139670355751e-44,2.922356329538292e-44,2.9223563295338785e-44,2.922350520207956e-44,2.9223505202079557e-44,2.922350456225621e-44,2.922350456747721e-44,2.9223504567477214e-44,2.9223504567477214e-44,-1.3072086772178212e-38,6.559929165737457e-74,-4.877655150169322e-62,1.0368289383197325e-46,9.513075217593878e-46,3.8977835114655164e-39,3.897783511465516e-39,3.897783511465517e-39,3.897783511074448e-39,3.8977835110744483e-39,3.8977835110744346e-39,-5.05074218908081e-37,-7.680339206692435e-67,-7.729534019267789e-76,-1.837241760998671e-51,-6.970890982757264e-59,-1.316499754526198e-52,-3.356600991645061e-47,1.4710955894798267e-42,1.5109353592610075e-42,1.5109353547574498e-42,1.5109353547574306e-42,6.689933945283372e-43,2.3429630858929602e-38,2.342963085892961e-38,2.342963085892962e-38,2.3429630859323793e-38,2.329357694994989e-38,2.3293576949950525e-38,2.3293590799349756e-38,2.3144616753603988e-38,2.3144616753603988e-38,2.314461674475332e-38,2.3144616744753318e-38,2.3144616745307778e-38,2.3144616745307794e-38,2.3144616743574887e-38,-1.7759084937300603e-37,3.6565089895702235e-66,6.628270856865271e-41,-1.5566685332323113e-36,1.1337094877900401e-35,1.1337094877844766e-35,1.4610396276980735e-35,1.4607109920238468e-35,1.4607111709178748e-35,1.4607111709179387e-35,1.460187326875248e-35,1.4601871750952872e-35,1.4601869110862774e-35,1.429339785255538e-35,-1.181757231212302e-35,7.609518881478936e-41,-3.5544228078572097e-37,-7.396792362962425e-35,-1.333417216651836e-35,2.4737728353985658e-39,-1.7500420264917205e-34,1.7046232080810516e-36,-4.6040713621256015e-33,-9.856439777877471e-35,-9.498763601750946e-40,5.781540494462241e-37,2.690761680449172e-32,2.6902573949557556e-32,2.7193722188393015e-32,2.7193722188386436e-32,-8.738545984891275e-30,4.959094740558801e-35,-1.0372865211176593e-33,1.2648982421075284e-32,1.264891024070031e-32,1.2648910240700312e-32,1.2648910240700312e-32,1.2648910240700312e-32,1.2648917478838834e-32,3.1505612152691407e-30,2.8482052785717767e-30,2.8482052785717262e-30,-3.876352910952086e-30,-8.579620879766543e-30,-2.0763115361154804e-32,-1.2913453850513776e-29,2.197246279671742e-29,1.4984985742032346e-29,1.4834853704897746e-29,-3.7401422357284513e-29,9.572800393333883e-29,9.766596559812626e-29,6.124644717737986e-29,6.01642740647992e-29,4.657551441629527e-29,4.2219445401047945e-29,4.2053269341781714e-29,4.238033216495516e-29,4.238084625257697e-29,4.238099527526889e-29,4.0453278112090616e-29,4.148807253491327e-29,4.132013416868506e-29,2.751901380324198e-29,2.7520315928706307e-29,2.7521161503857636e-29,2.752115839783968e-29,2.7521158443405574e-29,2.7521157687124664e-29,2.752115362237187e-29,2.8539673582621806e-29,2.853967361826467e-29,2.8539673657194067e-29,2.8539673334511324e-29,2.853967332623281e-29,2.853967332304846e-29,2.853967315758579e-29,2.853967329117666e-29,2.8539673379567896e-29,2.85396735789695e-29,2.853967327592251e-29,2.8539673278025006e-29,2.8539673003530563e-29,2.8539672687436087e-29,2.853967267593602e-29,2.8539697541076557e-29,2.8539697822535923e-29,2.8539699086831264e-29,2.853969944091172e-29,2.853972321740616e-29,2.853972357638313e-29,2.8539723379575315e-29,2.853972336255797e-29,2.853972216976665e-29,2.8539750580086065e-29,2.853974992927205e-29,2.853976084738516e-29,2.853972224146471e-29,2.8539723956522453e-29,2.853972396750621e-29,2.853971935568017e-29,2.853972107484415e-29,2.853976968442244e-29,2.853774131165265e-29,2.853780942883524e-29,2.8537818731762417e-29,2.853783318720976e-29,2.8537678176452366e-29,2.8536569807573335e-29,2.853304247388815e-29,2.8532522573840785e-29,2.8530878562994685e-29,2.853086703182049e-29,2.853107594124598e-29,2.8531075622661845e-29,2.8530416478355987e-29,2.8530415178557023e-29,2.85122710979687e-29,2.8513313294878815e-29,2.8513038628116047e-29,2.8512504977178884e-29,2.851250677760299e-29,2.851332451317861e-29,2.8513322986731165e-29,2.8513322987581893e-29,2.8513068282707356e-29,2.851003200462352e-29,-2.5765025841553644e-30,5.691679746495873e-35,-1.4508962378398283e-35,8.184340474949481e-37,-3.416601763036881e-34,4.388718464627745e-36,-1.9731983231785123e-35,1.417048026599003e-35,-1.0605654955448882e-33,-1.8409804616108917e-34,-6.892540823217469e-36,-6.48878765123285e-34,-5.799393248612967e-34,1.1982934562105033e-33,3.484959444247272e-33,2.678030847791342e-33,2.4675328999448368e-33,2.4903123095275184e-33,2.538665065006269e-33,2.6214193165420096e-33,2.9822251373557634e-33,-6.241143058886089e-32,5.3248312374851824e-36,-2.9566589313588055e-33,6.298730329092905e-34,8.837440369384465e-34,1.2589680749393819e-33,-8.258888846425583e-33,-3.212171665226141e-36,3.5570833896181518e-34,-4.63030586129186e-34,1.1421722895843135e-34,-2.4983153394799538e-33,-3.4053827071251265e-33,2.9801092854016517e-33,3.3988398724024686e-33,3.336565463343827e-33,3.80643674851256e-33,-6.816353959497457e-34,-1.737046708971717e-34,1.2474834714933647e-34,4.5443247336718575e-33,4.145678141021401e-33,4.3771949471834436e-33,4.860950887112444e-33,4.7545678900115974e-33,-5.207230324388225e-31,9.9580946476043e-35,1.0459219401062762e-34,-2.4889798780341317e-33,-1.217620603263657e-33,4.351548905470472e-32,4.352149121843145e-32,3.327968979584258e-32,3.0231713028077435e-32,3.116299212800425e-32,3.0185583584941513e-32,3.310891309635525e-32,2.729448738008039e-32,2.725054103374254e-32,3.281975207975119e-32,3.2826848549905385e-32,3.274594818661057e-32,-3.322317160684186e-32,-1.1449727637248956e-35,-3.2215991439359294e-33,-9.450760504361514e-34,5.136944258190011e-32,5.11444360230252e-32,5.114103029585475e-32,5.122565863108934e-32,5.125950015435092e-32,5.109786634160244e-32,5.164583721149274e-32,5.283927460276431e-32,5.304917462077921e-32,-8.343804540990944e-28,2.0243823818889366e-32,3.944271359467631e-32,3.7300034210659735e-32,4.282938559383108e-32,4.2799843124320096e-32,4.275268665415709e-32,4.275270369188783e-32,4.275729360406089e-32,4.395718679139701e-32,3.901678301466772e-32,3.894807721825699e-32,3.821279380792089e-32,3.967136630644824e-32,2.789034061771379e-29,2.7873420901489855e-29,2.791680472076285e-29,2.7916832369145257e-29,2.7916909901124855e-29,2.791677005352912e-29,2.7914670901523446e-29,2.7915855512496485e-29,2.79476866547318e-29,2.794849781570469e-29,2.7953136824063084e-29,2.795313819406854e-29,2.7953126885114384e-29,2.8041436893175074e-29,2.803333711350779e-29,2.8033133450473955e-29,3.072540342591991e-29,3.072354215533572e-29,3.0723956075654955e-29,3.072404884074146e-29,3.0724040702773615e-29,3.0723158504351293e-29,3.072382833918779e-29,3.072457136629386e-29,3.058937586943084e-29,3.05894094328763e-29,3.059002520744339e-29,3.05906613278215e-29,2.917274588460163e-29,2.915461409443811e-29,2.9154614331001896e-29,2.913217010474433e-29,2.9129994576441887e-29,2.9147068184248997e-29,2.914659335709734e-29,2.9349922249700067e-29,2.934971399230728e-29,2.935363425692363e-29,2.9353156999319606e-29,2.8925236066837374e-29,2.892563840343495e-29,2.895623083146367e-29,2.895624005646946e-29,2.8959171736568306e-29,2.8959146503401034e-29,2.895898996944397e-29,2.894837247993159e-29,2.88594136192796e-29,2.889062184073358e-29,2.889131641762988e-29,2.887019294511093e-29,2.8872867540051397e-29,2.8873182487114554e-29,2.8855517889567705e-29,2.8852495629051757e-29,2.885295089339009e-29,2.883775175777399e-29,2.8840709212800796e-29,2.887668845876381e-29,2.8877208247462197e-29,2.8877844518601774e-29,2.8877794736455813e-29,2.887524501432269e-29,2.886924452796639e-29,2.8870502218850344e-29,2.88708705524939e-29,2.887114565375397e-29,2.8872153350081495e-29,2.886963139745386e-29,2.899884308177296e-29,2.899960347780515e-29,2.896875159968107e-29,2.896964144065871e-29,2.896894912933088e-29,2.8969145424196244e-29,2.8956293450248843e-29,2.896468821132944e-29,2.901128571025132e-29,2.2884670069329282e-29,2.2886180735356354e-29,2.2851609970393834e-29,2.285304203498633e-29,2.2863324240635666e-29,2.2863601057483317e-29,2.282446015099866e-29,2.2825482579019133e-29,2.2824878014222204e-29,2.2826032263592123e-29,2.282592697684313e-29,2.2827091816072582e-29,2.2826913602862673e-29,2.282640926406468e-29,2.2827978642337764e-29,2.2823920107317776e-29,2.2826018295198097e-29,2.2751125531362066e-29,2.2751126465433184e-29,2.2753050480077455e-29,2.2748146484171495e-29,2.2747197006158748e-29,2.2748952727961232e-29,2.2745240615957374e-29,2.2743704093183684e-29,2.27277616440206e-29,2.2729284139940762e-29,2.2731219533162993e-29,2.2731496888709725e-29,2.2731307883836217e-29,2.2715900723806557e-29,2.271600861338136e-29,2.271544253824725e-29,2.2721821043775077e-29,2.2660198664796566e-29,2.265937645599104e-29,2.2700603028653987e-29,2.2470223831440708e-29,2.2473251306504855e-29,2.2470292326254333e-29,2.2468338514379528e-29,2.2447323315270234e-29,2.2535476961664556e-29,2.2535608509109375e-29,2.2534620169858202e-29,2.2532753471816664e-29,2.2535610940218003e-29,2.2549085524120794e-29,2.2550133468382803e-29,2.255658327339887e-29,2.255689446115704e-29,2.249162807049947e-29,2.2493212053064633e-29,2.2422486589280524e-29,2.2396852641351988e-29,2.2404762201129927e-29,2.238365224138631e-29,2.2381072527035587e-29,2.2388933011595352e-29,2.23950643434567e-29,2.2418803156937547e-29,2.2419141326477954e-29,2.2415367658024814e-29,2.2415276595568452e-29,2.2416683004691498e-29,2.2415005503525215e-29,2.241517585995673e-29,2.245004025544342e-29,2.245271497320696e-29,2.245838753534954e-29,2.2453963235894622e-29,2.2452930534703458e-29,2.2424767297554307e-29,2.2381527260082755e-29,2.2389648322616637e-29,2.2389386949216514e-29,2.2386732547634613e-29,2.2386126716619924e-29,2.2561884181950452e-29,2.2561798957168205e-29,2.2561732622524288e-29,2.256172828953017e-29,2.2560436775185414e-29,2.256237892793155e-29,2.256284875156629e-29,2.2556911140340205e-29,2.2556722574867255e-29,2.255232127685432e-29,2.2552664308021531e-29,2.2558295468858077e-29,2.2556925600087873e-29,2.2550108492031546e-29,2.2579126461006536e-29,2.2579034473396694e-29,2.2579033407990677e-29,2.2575724348749462e-29,2.2568212717515513e-29,3.154436850352629e-29,3.154372495779687e-29,3.1540213366213384e-29,3.11161788342668e-29,3.111497972851365e-29,3.11176938240696e-29,3.1115735817226384e-29,3.1080330535350657e-29,3.1080033585031075e-29,3.1079965737024275e-29,3.1080017993445865e-29,3.107546056608032e-29,3.4367421943003616e-29,3.436464171689041e-29,3.4357169647143815e-29,3.43596532245915e-29,3.435648540202737e-29,3.436277467438327e-29,3.4354575406096976e-29,3.4346188339730296e-29,3.433140878539977e-29,3.433319397552083e-29,3.4333256156371256e-29,3.4339600519202137e-29,3.4335035028393854e-29,3.4337600508117667e-29,3.462746829385274e-29,3.4627350776885945e-29,3.448418976380378e-29,3.4468429680711106e-29,3.446608902411759e-29,3.6940567312978727e-29,3.6940746787795667e-29,3.6943470536838014e-29,3.694041831356375e-29,3.694315613982331e-29,3.6943382125754345e-29,3.695504580792036e-29,3.69647991049722e-29,3.694820776240547e-29,3.6948129048365337e-29,3.694708847565323e-29,3.694782222722903e-29,3.69493470498184e-29,3.695024229452132e-29,3.6945587438480946e-29,3.694492680194469e-29,3.69427367685584e-29,3.694268181578383e-29,3.6973879117122785e-29,3.6981721838561967e-29,3.699601108902682e-29,3.7003683348212546e-29,3.7003490992460936e-29,3.7002706265266745e-29,3.699549578804987e-29,3.6992904099136927e-29,3.6989708304448143e-29,3.697896137562338e-29,3.69940106790842e-29,3.699408495187567e-29,3.698358878452728e-29,3.7000317080873677e-29,3.7000381224039365e-29,3.700104535337734e-29,3.700100357890243e-29,3.701053386941466e-29,3.700693272312409e-29,3.7008374520065915e-29,3.700792891875204e-29,3.700492380923967e-29,3.700399665894548e-29,3.7004032917247923e-29,3.699060796796297e-29,3.6992354049177904e-29,3.698418952288505e-29,3.6984807808451783e-29,3.6966833137948506e-29,3.6960913114508126e-29,3.701678877305682e-29,3.7017052447067223e-29,3.5012184361582426e-29,3.501217409106395e-29,3.5010720094916786e-29,3.501068856593492e-29,3.5010773205976544e-29,3.5007151793440974e-29,3.499296687796525e-29,3.498966148420863e-29,3.4988747786790726e-29,3.4984819674329824e-29,3.4987579937876855e-29,3.503269607878669e-29,3.5028822003782066e-29,3.502583367045719e-29,3.504696478871945e-29,2.9481225152747246e-29,2.9486143570437066e-29,2.9485441889766204e-29,2.947751517554206e-29,2.9472618114196213e-29,2.96531244945169e-29,2.96562879252464e-29,2.976470742858094e-29,2.9764333506660773e-29,2.9704548970911196e-29,2.9714708968710134e-29,2.970427760354041e-29,2.970554489943382e-29,2.95873715000001e-29,2.9583776611825346e-29,2.8672203959588664e-29,2.760452819961875e-29,2.7606270670633986e-29,2.7606399236224585e-29,2.7587506979569665e-29,2.9213774638036464e-29,2.920996929057964e-29,2.920935452151753e-29,2.922028351047108e-29,2.921956918534943e-29,2.920195389279519e-29,2.9213698566005327e-29,2.921341058551527e-29,2.912222718347258e-29,2.9131727917620124e-29,2.913246849153691e-29,2.911646749834943e-29,2.910747401929757e-29,2.910810312478682e-29,2.910821695844987e-29,2.910821679906233e-29,2.910869171652265e-29,2.9116562498768795e-29,2.897534908565314e-29,2.897568051635238e-29,2.898194820510376e-29,2.896188796513832e-29,2.895420304552203e-29,2.8949354614046536e-29,3.232344028468859e-29,3.229453404626346e-29,3.177294642003955e-29,3.1775965080020403e-29,3.1778061235276656e-29,3.224578912418789e-29,3.224552851519898e-29,3.216328297076449e-29,3.216319057343313e-29,3.204261838384868e-29,3.204078735378592e-29,3.2040956932046115e-29,3.2037650286196804e-29,3.204418114703051e-29,3.2040269692768467e-29,3.203545733003231e-29,3.195402435935434e-29,3.1948516713622115e-29,3.193305424758593e-29,3.2087890811445303e-29,3.2077711797799127e-29,3.2084280389616353e-29,3.207951292411441e-29,3.208741721049621e-29,3.20659867527832e-29,3.220289702780701e-29,3.241302685633033e-29,3.2401132133476384e-29,3.239775567871801e-29,3.2361476821505564e-29,3.2372054221541384e-29,3.2372299785674953e-29,3.240480419482912e-29,3.2403523761370813e-29,3.240681078184689e-29,3.2399765404418805e-29,3.2388410862152715e-29,3.238840030973105e-29,3.2387745329334984e-29,3.238598741907255e-29,3.238612106155944e-29,3.238668757357344e-29,3.242647861440656e-29,3.2428161353950666e-29,3.2486217967806413e-29,3.251560392541348e-29,3.2507006553540245e-29,3.250603094207183e-29,3.2505832214834645e-29,3.250613787929289e-29,3.250198428775548e-29,3.2521503285812164e-29,3.252257734132322e-29,3.249604016106512e-29,3.249538359211401e-29,3.2495633739711536e-29,3.249563843880609e-29,3.24925286152579e-29,3.2502705101103846e-29,3.249908971331014e-29,3.2497783263245285e-29,3.2497100105344786e-29,3.247713390116248e-29,3.245654831422742e-29,3.2457020499181e-29,3.2454172283803773e-29,3.245480830440387e-29,3.245497774267503e-29,3.2455088370490087e-29,3.2455050554784715e-29,3.245108445204453e-29,3.245109290267714e-29,3.245079793430532e-29,3.245082781317712e-29,3.2451001791517566e-29,3.2276359268113174e-29,3.227709857201261e-29,3.22784699869998e-29,3.2298498707820414e-29,3.229838444950654e-29,3.2298316377562246e-29,3.229373088383402e-29,3.2293854855143e-29,3.227371984487872e-29,3.2274520655264524e-29,3.22761728881327e-29,3.22764723181372e-29,3.227569250993306e-29,3.2275487648098015e-29,3.2275486147859886e-29,3.227545655455194e-29,3.2273769629491567e-29,3.227389194148638e-29,3.228513990340115e-29,3.228859397619822e-29,3.2323364447194323e-29,3.232945937398318e-29,3.2252106078148175e-29,3.225966298243978e-29,3.230266516219953e-29,3.2302568308158365e-29,3.230338355497516e-29,3.218207239959563e-29,3.218267911326253e-29,3.217519213524182e-29,3.21793960125314e-29,3.218264376661804e-29,3.2182253384649876e-29,3.218132029097788e-29,3.218213033283089e-29,3.217466707344614e-29,3.2174724737845584e-29,3.217479351233058e-29,3.2266284867253986e-29,3.2266083678400926e-29,3.2257756923674e-29,3.2258291646425047e-29,3.225985499377137e-29,3.225985494144017e-29,3.226084459620389e-29,3.225054295080513e-29,3.2257481009938404e-29,3.225795037710675e-29,3.2268621450075787e-29,3.2268553592700886e-29,3.2416982777264525e-29,3.241443244015623e-29,3.239486282535808e-29,3.239767303085175e-29,3.238525451515866e-29,3.24161506001706e-29,3.2398343532886874e-29,3.2378561936930394e-29,3.284176069913611e-29,3.299938788718944e-29,3.300232503179248e-29,3.3002151187417606e-29,3.30093786585861e-29,3.3034330585518394e-29,3.3024120741065645e-29,3.3023955715121114e-29,3.3022745477981577e-29,3.3023161880945865e-29,3.302245191369611e-29,3.3022461749691365e-29,3.3028121379825174e-29,3.302787884303351e-29,3.297773761759751e-29,3.2959244662446714e-29,3.296836622928004e-29,3.2972055310531316e-29,3.297702300315674e-29,3.300906877569819e-29,3.295907881372461e-29,3.2873133480581297e-29,3.2872819611821444e-29,3.2866901827441e-29,3.2866965089863055e-29,3.286188608902461e-29,3.2858938297715065e-29,3.286077356614744e-29,3.2897630406489685e-29,3.289754997697923e-29,3.2906808458355245e-29,3.2906808429601934e-29,3.290680905235582e-29,3.2906851519999075e-29,3.29073127844776e-29,3.290172524978966e-29,3.290103386041984e-29,3.281441363870405e-29,-1.3073126191292125e-27,3.118506190367215e-32,2.942507830357255e-32,2.1906927104765972e-32,2.2820514554011282e-32,1.8247247068324728e-32,1.722683821772939e-32,1.9822590868624185e-32,2.2670375012132187e-32,2.253455927484348e-32,1.96186102837963e-32,2.0572333399045378e-32,1.9650357873076136e-32,1.751436372722258e-32,1.674002107204192e-32,9.134059397846235e-32,2.5524784584709615e-31,2.5707145939852143e-31,2.563454091131762e-31,2.542175628832003e-31,2.5430654052312183e-31,2.694213965865884e-31,2.7192194038917757e-31,-3.642066136253955e-31,-1.1550123618484538e-30,-3.814183157857899e-32,-1.3821580233535988e-33,4.726407892602977e-33,8.271659326485046e-33,-3.3661375517078656e-32,4.9955891569956804e-33,5.949173294886268e-33,9.167198980254179e-33,9.166764719300154e-33,3.2275490290937117e-32,3.1688038814996956e-32,3.066429257337362e-32,3.3073169248610734e-32,3.341990508435911e-32,3.3595883502404266e-32,3.344973756056072e-32,3.658788904244866e-32,3.7807310852581704e-32,3.7721410221657567e-32,-6.202039825748476e-33,-6.136600793234707e-34,1.4439653180277002e-33,-5.839470734053373e-34,1.870149348060309e-34,-1.183375190912014e-32,2.595772798807804e-32,2.52872260595159e-32,2.3966949898444236e-32,6.223204797010963e-32,6.401883632964285e-32,4.3600890994734497e-32,7.576455474102259e-32,7.622817458352923e-32,7.693832505465359e-32,7.695331246155046e-32,8.33296355589379e-32,7.43499644579853e-32,7.229900175189846e-32,5.249752745468771e-31,5.104448964034757e-31,5.0792852102113005e-31,5.079083628603925e-31,5.086554068752638e-31,2.4455329517367845e-31,2.445108602409783e-31,2.33479748531836e-31,2.3322512981202922e-31,2.25898289409862e-31,2.25997766971293e-31,2.2442318334021064e-31,2.2673258715032924e-31,2.7669346964811724e-31,2.8791380860923295e-31,2.912367910231718e-31,2.9051581604608867e-31,2.934110448270834e-31,2.9195981945239074e-31,2.829288997065137e-31,2.533175453431954e-31,2.5342907260539775e-31,2.5045274165587947e-31,2.7574078086387716e-31,1.9605736275401998e-31,1.960101884061259e-31,1.9611387111696517e-31,2.194201808287856e-31,1.7672183677904986e-31,1.771004239281807e-31,1.7725980298249858e-31,1.7148750840074415e-31,1.65891129158306e-31,1.7127470796608833e-31,1.734417125221228e-31,1.747854561508778e-31,1.5293127382487777e-31,1.4753749586060113e-31,1.4757187227805664e-31,1.6812465156379915e-31,1.731461822146718e-31,1.73467845115829e-31,1.7566074781216676e-31,1.7587942185654897e-31,1.251730209375283e-31,1.2477909674388496e-31,1.0774612072006895e-31,1.07749212812842e-31,1.0200409476683564e-31,1.0167070931478201e-31,1.0867403563822825e-31,3.5936132841556914e-31,3.590580176828284e-31,3.59051464533478e-31,-1.6143717963213182e-31,-1.6101654660421463e-34,-6.695116464059838e-34,-5.205778809504382e-35,-4.741360542837523e-34,-2.4893168412329806e-33,-7.826290163104008e-37,-4.08694280071796e-34,3.574179197183968e-34,7.524724546709248e-34,-3.499882950157539e-33,3.683044919744973e-32,3.723240874097113e-32,4.097086520596271e-32,4.243344864713922e-32,4.3331349591115523e-32,4.3584843822026695e-32,4.348747744290361e-32,4.382887585118717e-32,4.4205144892677413e-32,4.437416234337802e-32,4.351138308653413e-32,-1.2544087789515764e-31,3.630813063431149e-34,-3.358867860489355e-33,3.648546939637702e-33,4.166589353989347e-33,3.8966855017303695e-33,2.842076799516494e-33,7.450548341910331e-35,-4.23423735916603e-34,7.545591262779587e-34,7.176859366648308e-34,6.119133457116794e-34,6.2481745677228855e-34,-2.428726667550171e-34,-3.6850939692548655e-33,-3.447700671942639e-35,1.2676321390398043e-32,1.2676321388177442e-32,1.2676321388172833e-32,1.2676321380182766e-32,1.2676321380256033e-32,1.2676321379846537e-32,1.2676321402806092e-32,1.2676321401018014e-32,1.2676321371707467e-32,1.2676321370004928e-32,1.267632137542405e-32,1.2676321375470884e-32,1.267632137533673e-32,1.2676321381402624e-32,1.267632138135393e-32,1.2676322484289533e-32,1.2676322483987606e-32,1.2676322480991383e-32,1.26763224814914e-32,1.2676322488374206e-32,1.2676322488371885e-32,1.2676322488367662e-32,1.267632249119229e-32,1.2676322492164568e-32,1.2676322498446428e-32,1.2676322546131232e-32,1.267632254346122e-32,1.2676322548042592e-32,1.267632276417657e-32,1.2676322754654554e-32,1.2676322757624444e-32,1.2676322706869545e-32,1.2676322714146986e-32,1.2676322724851995e-32,1.2676320553709847e-32,1.2676314621434994e-32,1.2676314642187906e-32,1.2676314646391167e-32,1.2676314830035565e-32,1.2676314829429016e-32,1.2676314831866044e-32,1.2676315104651013e-32,1.2676315028643588e-32,1.267631503819164e-32,1.267631520490756e-32,1.267631508720227e-32,1.2676314358455555e-32,1.2676314391614264e-32,1.267631487901589e-32,1.267631487718208e-32,1.2676314908044914e-32,1.2676314908016272e-32,1.2676314899709712e-32,1.267631493030918e-32,1.2676314927144842e-32,1.2676314895855864e-32,1.2676314895522826e-32,1.2676314895017557e-32,1.267631496053226e-32,1.2676314959652725e-32,1.2676314991297747e-32,1.2676314991271935e-32,1.2676314991289318e-32,1.267631450088588e-32,1.2676314500813387e-32,1.2676314472056703e-32,1.2676314446312576e-32,1.2676314423006807e-32,1.2676314423073757e-32,1.2676314483979804e-32,1.267631448391531e-32,1.2676299055591725e-32,1.267629808262876e-32,1.2676293199410522e-32,1.2676293336011042e-32,1.2676476242024422e-32,1.2676477038718744e-32,1.267647376389775e-32,1.2676473764744184e-32,1.2676473701457623e-32,1.2676473635861323e-32,1.2676473633510932e-32,1.2676473631997163e-32,1.2676473632486808e-32,1.2676473018360903e-32,1.2676472988353568e-32,1.2676472995985697e-32,1.2676472973210023e-32,1.2676472994209918e-32,1.2676472994231328e-32,1.267647301613039e-32,1.2676472862562418e-32,1.2676472862562262e-32,1.2676472859104936e-32,1.2676472860467586e-32,1.2676472858314494e-32,1.2676472862500942e-32,1.267647281452072e-32,1.267647281998702e-32,1.2676472837518095e-32,1.2676472832652266e-32,1.2676472799660626e-32,1.2676472787594902e-32,1.2676473180937076e-32,1.2676473181312955e-32,1.2676473164893134e-32,1.2676473163182844e-32,1.2676472548128496e-32,1.267647254829236e-32,1.267647252762497e-32,1.2676472528154155e-32,1.26764727696518e-32,1.267647277447674e-32,1.2676470153964336e-32,1.2676469029180835e-32,1.2676469030859227e-32,1.2676469030573293e-32,1.267646901718706e-32,1.267646902813272e-32,1.2676469270346452e-32,1.267646862493194e-32,1.267646861776916e-32,1.2676468553759872e-32,1.267646855599389e-32,1.2676468561572502e-32,1.2676468561998232e-32,1.267646858570655e-32,1.267646864476612e-32,1.267646864934857e-32,1.2676468625343343e-32,1.2676468786656878e-32,1.2676468800420862e-32,1.267646880058072e-32,1.267646960952135e-32,1.2676393244007483e-32,1.2676414379415008e-32,1.267641437941509e-32,1.2676420084399837e-32,1.2676420255825925e-32,1.2676420258897694e-32,1.2676420291815637e-32,1.2676420287968547e-32,1.2676420305358987e-32,1.2676420312782098e-32,1.2676420268658107e-32,1.267642026031268e-32,1.2676420254932736e-32,1.267642025621164e-32,1.2676420246455828e-32,1.2676420269453445e-32,1.2676420266371645e-32,1.2676420271053304e-32,1.2676420272025293e-32,1.2676420236006126e-32,1.2676420231647217e-32,1.2676420229240424e-32,1.26764202363102e-32,1.2676420276764222e-32,1.267642031070867e-32,1.2676420307200474e-32,1.267642030480149e-32,1.2676420301600144e-32,1.2676420302839899e-32,1.2676420329626378e-32,1.2676420380152195e-32,1.2676421124213643e-32,1.2676421114930768e-32,1.2676419919478842e-32,1.2676419870683968e-32,1.2676419910175865e-32,1.2676419808509784e-32,1.2676419343693588e-32,1.2676418894634382e-32,1.2676419272600062e-32,1.2676420215845322e-32,1.2676420200227142e-32,1.267642003748142e-32,1.2676420024049516e-32,1.267641931388529e-32,1.2676584340307336e-32,1.2676584884106703e-32,1.2676585086360946e-32,1.267608030509189e-32,1.267608030124923e-32,1.2676080839363975e-32,1.267608085772628e-32,1.267608137218972e-32,1.267608137556167e-32,1.2676081366633537e-32,1.2676081307443207e-32,1.2676081307495838e-32,1.2676081334645747e-32,1.2676081324957153e-32,1.2676081357327008e-32,1.2676081500378392e-32,1.2676081459098922e-32,1.2676081490699484e-32,1.2676081082366987e-32,1.2676081080317222e-32,1.2676082938080527e-32,1.2676082940169072e-32,1.2676082370687463e-32,1.2676084669130627e-32,1.2676084603150543e-32,1.2676084603119592e-32,1.267608894729273e-32,1.2676089085786083e-32,1.2676089085509748e-32,1.267608909482604e-32,1.2676088894369533e-32,1.2676088913235937e-32,1.2676088860836212e-32,1.267608886668858e-32,1.2676092336937172e-32,1.267609305325695e-32,1.2676094353880275e-32,1.2676093610100915e-32,1.267609375971639e-32,1.2676093923775714e-32,1.2676093171916254e-32,1.2676094017332842e-32,1.267609401962027e-32,1.2676025025454415e-32,1.267595961346131e-32,1.2675947288582607e-32,1.26759464770339e-32,1.2675946509172514e-32,1.2675946398643644e-32,1.267594650204602e-32,1.267594291462651e-32,1.2675942998997499e-32,1.2675942965257354e-32,1.2675943102011812e-32,1.2675943091144275e-32,1.2675942982924958e-32,1.267594275944551e-32,1.2675942629561837e-32,1.2675942324393777e-32,1.2675942324349272e-32,1.2675943134575607e-32,1.2675943134581544e-32,1.267594356790832e-32,1.2675943262737254e-32,1.267594312451816e-32,1.2675943124517407e-32,1.267594312253811e-32,1.2675943044977875e-32,1.2675943263153185e-32,1.2675938940035184e-32,1.2675938940057808e-32,1.267593893982841e-32,1.267593860278026e-32,1.2675938773308978e-32,1.2675938479918812e-32,1.2675941117146108e-32,1.2675941983176905e-32,1.2675942044535197e-32,1.2675942175393662e-32,1.267594217039827e-32,1.2675860878311523e-32,1.2674256763292712e-32,1.2674617017569206e-32,7.54920502996155e-33,7.549356047343182e-33,7.549346209956722e-33,7.549352595457718e-33,7.549351852111329e-33,7.549355738773962e-33,7.549355202654991e-33,7.549355202666067e-33,7.549355202668101e-33,7.54935467154089e-33,7.549355153197042e-33,7.54935546461809e-33,7.549355984083917e-33,7.549356435552625e-33,7.549356344099572e-33,7.549356170102303e-33,7.549354135647156e-33,7.549354998231264e-33,7.549357222440334e-33,7.549363498366751e-33,7.549349870009167e-33,7.549350177482026e-33,7.531388765418164e-33,7.531389077086109e-33,7.531389077081689e-33,7.531389310486407e-33,7.531385218788562e-33,7.531385158551323e-33,7.531384735843514e-33,7.531384217737417e-33,7.531384217733298e-33,7.531384199889635e-33,7.531384199892982e-33,7.531384347711132e-33,7.53138434257578e-33,7.531384342571672e-33,7.53138484654916e-33,7.531384459815247e-33,7.531384018167667e-33,7.531384018027948e-33,7.53138439738219e-33,7.531393106994575e-33,7.531290280240539e-33,7.531292822233293e-33,7.531292281634548e-33,7.531292266735905e-33,7.531292467309563e-33,7.531328229423276e-33,7.531316875924425e-33,7.531331898585083e-33,7.53133144985312e-33,7.531330421196344e-33,7.531337661253911e-33,7.531337932061375e-33,7.531338060062517e-33,7.531338913669393e-33,7.531338882812147e-33,7.531317653886022e-33,7.531340192454227e-33,7.531341278285422e-33,7.531335119284968e-33,7.53133557232561e-33,7.531337120498866e-33,7.531392042826134e-33,7.531392053487966e-33,7.530072956396726e-33,7.530073399841925e-33,7.530076167305478e-33,7.530073689700975e-33,7.53008032776536e-33,7.530080327763209e-33,7.53008033101037e-33,7.530080816160398e-33,7.530080425430944e-33,7.530080402705568e-33,7.530080402666262e-33,7.530096387465922e-33,7.530095933695925e-33,7.530095936623375e-33,7.530097004560237e-33,7.530092109220059e-33,7.529794989271352e-33,7.529794990312796e-33,7.529794990149864e-33,7.529795372315174e-33,7.529795561342528e-33,7.529810628946013e-33,7.52981062321394e-33,7.529811029214168e-33,7.529810941810281e-33,7.529810941647781e-33,7.52980976351794e-33,7.529809763562899e-33,7.529808139556376e-33,7.52980814044112e-33,7.529808140129908e-33,7.529807835239633e-33,7.529807837432276e-33,7.529807837429469e-33,7.529808209700667e-33,7.529802483726807e-33,7.528973011163879e-33,7.528973011158041e-33,7.528972736882985e-33,7.528983033278383e-33,7.528983109059173e-33,7.528983109060114e-33,7.528992523090949e-33,7.528992515161034e-33,7.528992515158023e-33,7.528992871044307e-33,7.528992767133664e-33,7.528992766948571e-33,7.528990794089629e-33,7.528990800529068e-33,7.529002364893724e-33,7.529002364558058e-33,7.529003897682584e-33,7.529002877811973e-33,7.530521733413418e-33,7.530521733381057e-33,7.530521733455649e-33,7.529680269337968e-33,7.52968026936577e-33,7.529970718977138e-33,7.529962615396583e-33,7.529963942769127e-33,7.529964277179843e-33,7.529976597359069e-33,7.529976597359082e-33,7.529976742261264e-33,7.529976742260747e-33,7.529976769163637e-33,7.5299768982039e-33,7.52997677789343e-33,7.52997678436406e-33,7.529977813155803e-33,7.529977813156389e-33,7.529977677315786e-33,7.529975548948524e-33,7.529977321602512e-33,7.529980686971786e-33,7.529980686974465e-33,7.529980688386752e-33,7.529969313334075e-33,7.529969313306184e-33,7.529969313306916e-33,7.529969878341724e-33,7.529969878340936e-33,7.529969807859993e-33,7.529969816394367e-33,7.529970948007776e-33,7.529968917589625e-33,7.529968942990147e-33,7.529968885987301e-33,7.529968886000465e-33,7.529968886003693e-33,7.529968454932935e-33,7.529968454899579e-33,7.529968420225802e-33,7.529967974032749e-33,7.52652773158712e-33,7.526529039239714e-33,7.526529039523981e-33,7.526529039432264e-33,7.526529006178845e-33,7.526529006178209e-33,7.52652738038944e-33,7.526527380298331e-33,7.526527734176439e-33,7.526527734394818e-33,7.526527734283195e-33,7.526527734283071e-33,7.526527734274632e-33,7.526527734240225e-33,7.526527734275193e-33,7.526537077984519e-33,7.52653707510702e-33,7.526533072287903e-33,7.526519908479505e-33,7.52648614178004e-33,7.526486141719584e-33,7.52822510022717e-33,7.52822424289523e-33,7.528224242761943e-33,7.528224242409724e-33,7.52789361433071e-33,7.527890254734488e-33,7.527891574802873e-33,7.527891574803652e-33,7.527891574786549e-33,7.527891214121256e-33,7.52789119093169e-33,7.527895126860027e-33,7.527895126858591e-33,7.527898753004183e-33,7.527898933477492e-33,7.527898933445633e-33,7.52789875008161e-33,7.527898750124836e-33,7.528378139809375e-33,7.528378983158886e-33,7.528378983429185e-33,-3.3774237862389204e-31,-1.9816370528033368e-38,-3.0601423206519427e-38,1.3741941443871997e-39,1.3618615393973775e-39,1.3961123532929695e-39,1.4179822910138376e-39,-2.606709503564908e-39,8.342171161620187e-41,8.354222714421239e-41,8.354113882803803e-41,5.836652125873208e-41,-1.6368551799684365e-39,-8.747502699995453e-42,-2.1401210636555473e-40,-7.388651364602393e-40,6.474310521599395e-41,-4.738678305384979e-40,5.224606051882125e-40,-1.2150155984908714e-37,-1.6909363545205554e-39,-3.4178071005561946e-38,-9.183673577124828e-40,-1.3108332030149883e-44,1.6442392500815685e-40,1.6442384088302145e-40,1.4673242232780056e-40,1.4675189692240037e-40,1.4678131433302302e-40,6.368745780228231e-40,1.15413714002114e-39,-2.8315007966153163e-40,-4.8974540462898514e-42,-2.8596671368941997e-41,-6.540164437275251e-39,-6.650045817485109e-41,-3.289805171480256e-42,2.224196911021827e-40,1.0838059258528128e-39,4.297311986255492e-34,4.2973119884395095e-34,4.296989196521103e-34,4.296954276297971e-34,4.296954273507328e-34,4.296954272946754e-34,4.297144758812612e-34,4.297145569824388e-34,4.297146176795755e-34,4.297144804829712e-34,4.297142936063444e-34,4.297181290810331e-34,4.297181654414977e-34,4.29718197392058e-34,4.297181065174448e-34,4.29718106368686e-34,4.297181180534011e-34,4.297181276486191e-34,4.297181276240209e-34,4.297186656687495e-34,4.297186656688053e-34,4.2972074010543045e-34,4.297207337319651e-34,4.29721592206101e-34,4.29721591581075e-34,4.2972163961508685e-34,4.297216412607121e-34,4.297215690354378e-34,4.297213877609144e-34,4.297209060209866e-34,4.297197907300868e-34,4.297196188770318e-34,4.297199441926286e-34,4.29719408980154e-34,4.2971971860531296e-34,4.297211993540174e-34,4.29720664142033e-34,4.2972018159620865e-34,4.297219103543084e-34,4.297219083424139e-34,4.297219083426284e-34,4.297254740584279e-34,4.297254741370723e-34,4.2972547212726725e-34,4.297254721243089e-34,4.297254721245606e-34,4.297252895244387e-34,4.2972539443121335e-34,4.297246026675793e-34,4.297246015807561e-34,4.297246016191481e-34,4.297239910395406e-34,4.2972474849055374e-34,4.297247484709173e-34,4.297258430402239e-34,4.297252095052949e-34,4.297247782580567e-34,4.29724857706979e-34,4.297805150289242e-34,4.2978284642613625e-34,4.2978284646784985e-34,4.297797149911915e-34,4.298048577465108e-34,4.298048371862943e-34,4.298048372029004e-34,4.2980469733529145e-34,4.297997912856185e-34,4.297997945603163e-34,4.29799561139231e-34,4.297994651140313e-34,4.2979937117128466e-34,4.297978228850825e-34,4.297970768302314e-34,4.2979708131082315e-34,4.2979708131423035e-34,4.297970809434677e-34,4.297970809436411e-34,4.29797080825747e-34,4.297974081484544e-34,4.297988422186806e-34,4.297988477700905e-34,4.3007842377708216e-34,4.281701717622949e-34,4.282013184784305e-34,4.24916082430605e-34,4.249147343931052e-34,4.249147341842386e-34,4.249149529098954e-34,4.249150120745275e-34,4.249152190091878e-34,4.249152071359402e-34,4.24915207175382e-34,4.2491520065570816e-34,4.249152009485404e-34,4.249154397330805e-34,4.249153994746037e-34,4.249153022269874e-34,4.249141505908771e-34,4.249141507674671e-34,4.249147509863533e-34,4.249147509880252e-34,4.249147582074664e-34,4.248834276570201e-34,4.248834277958367e-34,4.248973583005975e-34,4.248973463896381e-34,4.2489716102543795e-34,4.248971602952192e-34,4.24897138525742e-34,4.248971385098006e-34,4.248971384592823e-34,4.248971384769148e-34,4.2489713831571835e-34,4.248971383651459e-34,4.248971390262175e-34,4.248972367962435e-34,4.2489721007294065e-34,4.2489726570590124e-34,4.248972653660219e-34,4.248972756462187e-34,4.249134449724941e-34,4.249132168852282e-34,4.135690128306823e-34,4.135690128302293e-34,4.135690128307613e-34,4.135690128524962e-34,4.1356997581451015e-34,4.135516143467444e-34,4.135509969155495e-34,4.135509897495614e-34,4.135473073883972e-34,4.135473337473567e-34,4.135473337371164e-34,4.135473337547551e-34,4.135473361969718e-34,4.135473361557272e-34,4.135477268870645e-34,4.1355277070518904e-34,4.135527398674208e-34,4.13396690362757e-34,4.133965989373784e-34,4.1339662186404515e-34,4.133966213840304e-34,4.133966134238864e-34,4.133966255442531e-34,4.133966371074141e-34,4.1339636504561015e-34,4.133963565741097e-34,4.13396780324327e-34,4.133967803240499e-34,4.133967814257414e-34,4.133969249046286e-34,4.133969845457408e-34,4.133954742897653e-34,4.133954059355461e-34,4.133954436420845e-34,4.1339765921030235e-34,4.133974677155112e-34,4.13396840098443e-34,4.133968400952739e-34,4.133968395498523e-34,4.133968394467038e-34,4.133969999768608e-34,4.134568867032041e-34,4.132524686474931e-34,4.132524300142929e-34,4.13252377671297e-34,4.132523784444179e-34,4.132520011697666e-34,4.132511619717593e-34,4.132511473479125e-34,4.132511473514814e-34,4.1325161272652005e-34,4.132516127257206e-34,4.1325150184780215e-34,4.132515018445495e-34,4.1325150247167504e-34,4.132515024716569e-34,4.132515024716953e-34,4.132597602282144e-34,4.132596613680594e-34,4.132599388317127e-34,4.132643230066168e-34,4.132643230071131e-34,4.1326430235357325e-34,4.132643023566694e-34,4.1326481564794176e-34,4.132648156572197e-34,4.132648156590641e-34,4.132647932611643e-34,4.132646492573063e-34,4.1325374246090564e-34,4.132537434734234e-34,4.132537432726026e-34,4.132507460548672e-34,4.132507460555655e-34,4.132507463788776e-34,4.132511154646664e-34,4.132511215047246e-34,4.132512217088729e-34,4.1325123342114145e-34,4.1325123375954425e-34,4.132518677779351e-34,4.133219781091654e-34,4.133219874836969e-34,4.13321987450165e-34,4.133219894486775e-34,4.133212783658544e-34,4.1332118171960535e-34,4.133208860567655e-34,4.133207832005427e-34,4.133207831948098e-34,4.133207873503283e-34,4.133201190286853e-34,4.133202702617156e-34,4.133202691419562e-34,4.13320269573e-34,4.1332297070563825e-34,4.1332309734883695e-34,4.133230800495929e-34,4.156385806864581e-34,4.1563916591721685e-34,4.156391691316533e-34,4.1563981709143286e-34,4.156385953740064e-34,4.156385953722031e-34,4.15638901547569e-34,4.156370258565634e-34,4.156374333827153e-34,4.156374333453981e-34,4.1563789739275234e-34,4.1563764446178365e-34,4.156376442648627e-34,4.156396310757336e-34,4.156396310794443e-34,4.156395853353427e-34,4.15639585295234e-34,4.156396141117298e-34,4.156333008541151e-34,4.156347172731536e-34,4.156347172735723e-34,4.156347154943163e-34,4.156347154076793e-34,4.156347151601467e-34,1.5544351849618575e-34,1.5544348495724792e-34,1.5544360322462025e-34,1.5544361359724144e-34,1.5544361358644888e-34,1.554436135839357e-34,1.554435965228314e-34,1.5544359807144297e-34,1.554438270747189e-34,1.554424268466198e-34,1.5544251179826099e-34,1.5545090513455686e-34,1.5545090515801679e-34,1.554512617594961e-34,1.5545139112154818e-34,1.5545212802483443e-34,1.5545212791172108e-34,1.554530783192969e-34,1.5545307828454097e-34,1.554604081079494e-34,1.5546039856732838e-34,1.554595657634861e-34,1.5545453068296962e-34,1.5545319248712666e-34,1.5545319248703867e-34,1.554531924953807e-34,1.5545319419646256e-34,1.5545539564863017e-34,1.5545503309392764e-34,1.5545503309208884e-34,1.5545520936413069e-34,1.554552071364222e-34,1.5545527104049529e-34,1.5545529035860615e-34,1.5545529035859888e-34,1.5545694080268017e-34,1.5545722328487644e-34,1.554571474596756e-34,1.554536997783926e-34,1.5542355075683685e-34,1.5542355076670397e-34,1.5542295333858558e-34,1.5542295333754283e-34,1.5542346933700397e-34,1.554372697042846e-34,1.5543726970541015e-34,1.5543726914259095e-34,1.554374008490577e-34,1.5543740040009813e-34,1.55437399647026e-34,1.554373996470236e-34,1.5543773071521041e-34,1.5543773051536897e-34,1.5543773052299063e-34,1.5543773070114412e-34,1.554384893663892e-34,1.554342816893857e-34,1.5543382210775018e-34,1.5543382041296716e-34,1.5543381826952982e-34,1.554338182690798e-34,1.554338318391193e-34,1.5543409696111037e-34,1.5534646185291995e-34,1.5534630123574715e-34,1.5534630123572767e-34,1.553462903837348e-34,1.5534629038366903e-34,1.5534629038454638e-34,1.5534514780036254e-34,1.5534514781046564e-34,1.553455098604919e-34,1.5534550985763412e-34,1.5534582213165594e-34,1.5534581672186372e-34,1.5534581672306037e-34,1.5534520974765841e-34,1.5534520974765311e-34,1.55345209747262e-34,1.5534547980613381e-34,1.5561220647596557e-34,1.5561194888401515e-34,1.5561638210104855e-34,1.5328140168694433e-34,1.532814017119805e-34,1.5328140171216463e-34,1.532812022891943e-34,1.5328120253346194e-34,1.5327994632077298e-34,1.532807512209503e-34,1.5328216184394739e-34,1.5328216184394371e-34,1.5328216180011082e-34,1.5328216262009205e-34,1.532821626200989e-34,1.5328267826650528e-34,1.5328267820551484e-34,1.5328267819052852e-34,1.532826784205532e-34,1.532826784692905e-34,1.5328268125746072e-34,1.532826812576523e-34,1.5328775131809638e-34,1.5328723068317638e-34,1.5328723166681962e-34,1.5328723166999487e-34,1.532872373549734e-34,1.5328723736738115e-34,1.5328862868708985e-34,1.53288549334062e-34,1.5328885725198288e-34,1.5328885725228713e-34,1.5328876749381439e-34,1.5328876758595269e-34,1.5328876758589581e-34,1.5328886325227275e-34,1.5328886325242146e-34,1.532888632929616e-34,1.5328886329168675e-34,1.5328886303491418e-34,1.5328886300458595e-34,1.53288862151744e-34,1.5328237739612196e-34,1.5328237746511912e-34,1.5328295280243484e-34,1.5328293737789379e-34,1.5328293740119463e-34,1.5328185045809486e-34,1.5328185045885938e-34,1.5328196762983797e-34,1.5328195935870795e-34,1.532819592574578e-34,1.5328196118706733e-34,1.5328196113280364e-34,1.5328164296537196e-34,1.532816182541369e-34,1.5328161843287984e-34,1.5328294163591286e-34,1.5328250683996661e-34,1.5328258062620472e-34,1.5328325581351558e-34,1.5328225458362946e-34,1.5328225383347836e-34,1.5328225204740312e-34,1.5328225213831414e-34,1.5331627441242712e-34,1.5331625963060978e-34,1.5331625966394514e-34,1.533162701007176e-34,1.5331576665239774e-34,1.5331313202038498e-34,1.5331313244089762e-34,1.5330875280523202e-34,1.5330875283171398e-34,1.5330876007083626e-34,1.533087604086308e-34,1.5330876040866423e-34,1.5330828136002992e-34,1.5330829277056182e-34,1.5330829277756004e-34,1.5330829277772192e-34,1.1844192967910083e-34,1.1844192967523657e-34,1.1844192964763256e-34,1.1843017523078787e-34,1.1843017529197522e-34,1.184301756973936e-34,1.184301588244978e-34,1.18427350741858e-34,1.1842782431272968e-34,1.1842782501058936e-34,1.1842781948698117e-34,1.1842781602308598e-34,1.1842691916801782e-34,1.1842691917188043e-34,1.1842691917194941e-34,1.184269191659913e-34,1.1842716073563042e-34,1.184266103597062e-34,1.1842667018932378e-34,1.1842653190995928e-34,1.1839157765589055e-34,1.1839157765318088e-34,1.1839157765321223e-34,1.1839143579526309e-34,1.1839143579460597e-34,1.1839105619224352e-34,1.1839105804379003e-34,1.1839107632891467e-34,1.183910754156859e-34,1.1839056103576956e-34,1.1838147222180575e-34,1.1838147224122475e-34,1.1838094032199808e-34,1.1838023891151773e-34,1.1838023891162316e-34,1.1838024388606446e-34,1.1838024589627938e-34,1.1838228348380402e-34,1.183822834418808e-34,1.3898353984384998e-35,1.3896929449783724e-35,1.3896932842871016e-35,1.389840758116392e-35,1.3898421617683084e-35,1.3898366051244768e-35,1.389868892947056e-35,1.389869213794698e-35,1.3898692136567388e-35,1.3898653707359238e-35,1.3898506129957345e-35,1.3898509131917164e-35,1.3898526401664308e-35,1.389810300723901e-35,1.3896946866386844e-35,1.3896948308939274e-35,1.3897239172917647e-35,1.3897261906938195e-35,1.3897261607204538e-35,1.3897261512502206e-35,1.3896692006545375e-35,1.389969269779924e-35,1.3900470628810717e-35,1.3900470341469486e-35,1.3900367658304574e-35,1.3900367638508994e-35,1.3899950046769766e-35,1.389994996321242e-35,1.3899941638433862e-35,1.3899941638439694e-35,1.390001076070017e-35,1.390005803195838e-35,1.3900057640159577e-35,1.3900059557300647e-35,1.3900059551622473e-35,1.3901570291195208e-35,1.3889748789747372e-35,1.3889829147833695e-35,1.3889829150623717e-35,1.38142686485863e-35,1.381463624241662e-35,1.3814643666113246e-35,1.632023624444928e-35,1.640052374853215e-35,1.6400469031527563e-35,1.4320970784974706e-35,1.4320970550845486e-35,1.432096990971048e-35,1.432095107262836e-35,1.432095119042851e-35,1.4328020385085796e-35,1.4329633547416827e-35,1.4329628033701258e-35,1.4329628033715477e-35,1.4330030615532262e-35,1.4330019589254387e-35,1.4329907358810924e-35,1.432923114545324e-35,1.4329231145357856e-35,1.4329888316172394e-35,1.4329888316278268e-35,1.432989797647917e-35,1.432814741024563e-35,1.4328147410288105e-35,1.4323693432244712e-35,1.4323693483854467e-35,1.4323693444853308e-35,1.432369346548684e-35,1.4323692825257705e-35,1.432369385841645e-35,1.432375908310122e-35,1.4323759112821406e-35,1.432364923494328e-35,1.43236492309852e-35,1.4323646664928395e-35,1.4323645924438643e-35,1.432331245444856e-35,1.4323313208471692e-35,1.4323763608052527e-35,1.432407116368615e-35,1.4324071186523395e-35,1.4324071186723003e-35,1.4325023819312622e-35,-4.188452678147869e-35,-2.953338096193277e-37,1.3422360297628964e-38,3.564671728564945e-38,3.565298458566188e-38,3.6548750745812684e-38,3.6549491308186355e-38,3.6951155773772125e-38,3.6951148376948577e-38,3.574391596084336e-38,3.5740093532487954e-38,3.553601012633626e-38,3.5506463040769534e-38,3.5600478338365977e-38,3.5602188471310457e-38,3.560205131587486e-38,3.560224607969736e-38,3.5560730707086226e-38,3.4569292784178597e-38,3.4569311774012687e-38,3.462914833461422e-38,4.987828827545076e-38,4.941354009541175e-38,4.941353886336947e-38,5.00650571821309e-38,5.015996305997744e-38,5.015995789590221e-38,5.359481093336646e-38,5.359507321179802e-38,5.359504767654282e-38,5.33812136686851e-38,5.337822696698617e-38,5.337817307566538e-38,5.213406822344728e-38,5.213376468810661e-38,5.222972513104281e-38,5.222972198490978e-38,5.226839272831792e-38,5.227045503530561e-38,5.227045947221564e-38,6.824853021765818e-33,6.824853020523283e-33,6.824853025714378e-33,6.832858077004957e-33,6.832856023037317e-33,6.83285602290798e-33,6.832855903084208e-33,6.832855898469965e-33,6.832856409973815e-33,6.832856593216407e-33,6.832856142538943e-33,6.832855535961541e-33,6.832855554341721e-33,6.832855717811646e-33,6.832855720868623e-33,6.832855717421291e-33,6.832855844996346e-33,6.832856522053347e-33,6.832855742981328e-33,6.83295269792961e-33,6.832951775127212e-33,6.832951775206413e-33,6.83295158446056e-33,6.832952967558443e-33,6.832935627056453e-33,6.832934794066102e-33,6.832934794180904e-33,6.832934791150824e-33,6.832934791150773e-33,6.832932687137208e-33,6.832932114272354e-33,6.832935156806682e-33,6.832932914419251e-33,6.832932913801493e-33,6.832932920558452e-33,6.832932873529473e-33,6.832932464173706e-33,6.83292923767927e-33,6.832929237724372e-33,6.8329292343447e-33,6.832929234304094e-33,6.832929478407518e-33,6.832929769950428e-33,6.832936427839628e-33,6.83301296493567e-33,6.833010088750195e-33,6.833009927791066e-33,6.8330099787582e-33,6.833010715623782e-33,6.833010746416262e-33,6.833009929047193e-33,6.833009929046294e-33,6.833010076548008e-33,6.833010074978429e-33,6.833009894056582e-33,6.833009918502339e-33,6.833009917629913e-33,6.833008941841824e-33,6.833008942193008e-33,6.833008942262928e-33,6.833008942262842e-33,6.833008762306384e-33,6.833008762306496e-33,6.833008762307311e-33,6.833008758698861e-33,6.833008757654036e-33,6.83300876136055e-33,6.833008761367804e-33,6.833008761369275e-33,6.833009938844908e-33,6.833010358613326e-33,6.833010361788533e-33,6.833011223720362e-33,6.833010337106686e-33,6.833010339071421e-33,6.833009991348348e-33,6.833009983547424e-33,6.833010005213948e-33,6.83300921027764e-33,6.833009233084337e-33,6.833009283984578e-33,6.833009284001877e-33,6.833006584556157e-33,6.833006514198027e-33,6.833006435586537e-33,6.833006435673064e-33,6.833006363474994e-33,6.833006366043211e-33,6.83300627308435e-33,6.833006273084181e-33,6.833006273113654e-33,6.83300538316671e-33,6.833005738705997e-33,6.833005743703323e-33,6.83300586117305e-33,6.833006168282093e-33,6.833006273017367e-33,6.833006273011495e-33,6.833006575312325e-33,6.833006579277394e-33,6.833006646368259e-33,6.833006646372103e-33,6.833006659023928e-33,6.833006565646361e-33,6.833008929187339e-33,6.833007662811186e-33,6.831792176334026e-33,6.831792812013172e-33,6.831792831146264e-33,6.831791486500222e-33,6.83179173148237e-33,6.831815498630787e-33,6.831815499781122e-33,6.831815019800877e-33,6.831815017189235e-33,6.831815017189053e-33,6.831815676155224e-33,6.831815674622591e-33,6.831815674626222e-33,6.83181545710542e-33,6.831815332415458e-33,6.83185249263407e-33,6.831852492633682e-33,6.831199915437006e-33,6.831192857437496e-33,6.831135780436087e-33,6.831133743264965e-33,6.831133743254644e-33,6.83113554663436e-33,6.831135546634181e-33,6.831138154370568e-33,6.831138154370552e-33,6.831138373010935e-33,6.831138321208979e-33,6.831138103123693e-33,6.831138514594183e-33,6.831137990489826e-33,6.831137324112463e-33,6.831137126570553e-33,6.831137111607789e-33,6.831136262303738e-33,6.831138501838022e-33,6.831138501836627e-33,6.8311393889414e-33,6.83113938887729e-33,6.83113953057616e-33,6.831130452881449e-33,6.831132971132886e-33,6.831133513549597e-33,6.831133559565108e-33,6.831133295656626e-33,6.831133296044122e-33,6.831133299420385e-33,6.831133303091537e-33,6.831133297660304e-33,6.831133300722535e-33,6.831133366238884e-33,6.831132478194597e-33,6.831132478184239e-33,6.83113247816376e-33,6.831132478128466e-33,6.83113247813048e-33,6.831132478130486e-33,6.831134204257171e-33,6.831134088963283e-33,6.831134081409462e-33,6.831049635158673e-33,6.831049635592141e-33,6.831049635592043e-33,6.831049672934546e-33,6.831049154380387e-33,6.831049154379019e-33,6.831049152072675e-33,6.8310492664365e-33,6.831049266406924e-33,6.831049890092572e-33,6.831049975407206e-33,6.83105133753194e-33,6.8310518726084e-33,6.831051735485155e-33,6.831049232050063e-33,6.831050166982258e-33,6.831058894257983e-33,6.831040215445373e-33,6.831039149300547e-33,6.831047180368612e-33,6.831047180368727e-33,6.831047177889844e-33,6.831047158070131e-33,6.83104800164575e-33,6.831047968039263e-33,6.83104835078144e-33,6.831048147255282e-33,6.831048147577354e-33,6.831048073015855e-33,6.83104837660125e-33,6.83104837660116e-33,6.831048360417265e-33,6.831047253230807e-33,6.83104426399517e-33,6.831045917006617e-33,6.83104591695071e-33,6.831133275666021e-33,6.831273645110751e-33,6.831274820519343e-33,6.831273890685662e-33,6.83144013860003e-33,6.831439859342337e-33,6.831439859347726e-33,6.831439859346558e-33,6.831440176360859e-33,6.831440177203594e-33,6.831440177202063e-33,6.83144017555008e-33,6.831440558039021e-33,6.831444597213686e-33,6.831444640350944e-33,6.831444477861629e-33,6.831444317042467e-33,6.831444251687671e-33,6.831444251687418e-33,6.831443574308112e-33,6.831443591663905e-33,6.831443592764601e-33,6.83144404992223e-33,6.831443723508913e-33,6.831449440409005e-33,6.83100648330022e-33,6.831006900991277e-33,6.831006893767069e-33,6.831006889805748e-33,6.831008287240181e-33,6.831010416021561e-33,6.831010416019268e-33,6.831010416024209e-33,6.831010416043023e-33,6.831010489092828e-33,6.831010492405617e-33,6.831010492992751e-33,6.831010265897074e-33,6.831008183088716e-33,6.830949060381089e-33,6.830949058817283e-33,6.830948908291204e-33,6.830948908291076e-33,6.830948907865216e-33,6.830947491843352e-33,6.830947491793538e-33,6.830947491009369e-33,6.83094646678053e-33,6.830948422517449e-33,6.830947734299547e-33,6.830947734298741e-33,6.830947734298885e-33,6.830947734366723e-33,6.830947821625545e-33,6.830947821613379e-33,6.830949976255562e-33,6.830949987590237e-33,6.830949984856959e-33,6.83094997800592e-33,6.830948889696764e-33,6.830948889704269e-33,6.83101885574802e-33,6.831019145973596e-33,6.831012714201214e-33,6.831012714199329e-33,6.831009535160157e-33,6.830803031275163e-33,6.830806475134706e-33,6.830806455510646e-33,6.830806396971675e-33,6.830806396980028e-33,6.83080659741446e-33,6.830806509389983e-33,6.83080734822471e-33,6.83080723400926e-33,6.83080723903101e-33,6.830807239250626e-33,6.830808073856166e-33,6.830808101215834e-33,6.830808098111192e-33,6.830808097950887e-33,6.830808090831457e-33,6.83081129429549e-33,6.831090309839159e-33,6.831089735694612e-33,-9.090271992669375e-32,1.000636118904985e-39,1.000659356006118e-39,-3.3859848198938424e-42,-4.670959373281538e-45,-4.776425590481206e-47,-1.2196877344325873e-47,4.598679587708096e-42,4.620224371727677e-42,-1.470056151328743e-40,3.988693030410806e-40,7.662678521306372e-40,7.782688858943401e-40,3.825965347402965e-40,5.247607048879179e-39,5.6316546117501425e-39,6.302389535720802e-39,6.302390048794049e-39,6.30239282426012e-39,7.53152807027897e-39,7.531528102703345e-39,7.531511825603834e-39,7.547203792546998e-39,7.519921814409666e-39,7.523080345878398e-39,7.967817392735835e-39,7.924408300675738e-39,6.272568794161762e-39,6.272568737855193e-39,6.279476173361544e-39,5.985633961095972e-39,5.985625173206817e-39,5.98571960727988e-39,5.839237538377603e-39,5.876815347248049e-39,5.88033816155593e-39,7.508111760713611e-39,7.508183517583193e-39,7.200427107494866e-39,7.264372987797584e-39,9.459684836530586e-39,-1.3269409079500417e-38,2.512088267607551e-44,-1.2298755651548014e-41,8.078724660352857e-43,3.6688185783514704e-40,6.882651858939773e-40,6.86770045172845e-40,6.8731152905368364e-40,6.873276761219726e-40,1.1162308492615358e-40,1.1165444262898828e-40,-5.200097705928941e-40,-9.624688568850218e-46,5.752808662072925e-41,-2.842487408689909e-39,1.9418311657172392e-44,-1.093208507582011e-42,-7.885845375861367e-43,-3.505986370448736e-45,-7.640304118270127e-41,8.751077143761986e-38,8.750393996399496e-38,8.749347399717248e-38,8.706509615171898e-38,8.85841409585733e-38,8.781245277314175e-38,8.683202554359832e-38,8.683419652654936e-38,8.683419980937875e-38,8.804512299069445e-38,8.804512301135134e-38,8.41780333882215e-38,8.417746629737318e-38,8.417105258697327e-38,8.417248713251362e-38,8.417260197297163e-38,8.627859545171065e-38,9.005076112318204e-38,9.004854756974221e-38,9.004855142452268e-38,9.004783282692916e-38,9.004784749981429e-38,9.045146131696869e-38,9.045146115852159e-38,9.076380115814902e-38,8.221048911117982e-38,8.221052269275156e-38,8.220923798281464e-38,8.224669189644219e-38,8.224662775614979e-38,8.222836423244137e-38,8.222210574670257e-38,8.241286649773523e-38,8.241217936945702e-38,8.240680852149398e-38,8.24124796858599e-38,8.242728348092684e-38,8.356435747228051e-38,8.356436578594413e-38,8.3596057330626e-38,8.360905445974487e-38,8.418420768747402e-38,8.418455384337642e-38,8.431123976909501e-38,8.387878513690799e-38,8.387878452442051e-38,8.387413460647358e-38,8.387470946619922e-38,8.385986319961549e-38,8.507698852204449e-38,8.501325381113995e-38,8.509818992520444e-38,8.509552088734508e-38,8.509102021938523e-38,8.392590811475087e-38,8.340888203437033e-38,8.34097875625054e-38,6.713540207694217e-38,6.713537984311442e-38,6.714488614050204e-38,6.71448263469396e-38,6.68305098083505e-38,6.674670664251886e-38,6.675120546871036e-38,6.71879975479247e-38,6.719179587239798e-38,6.717406028816622e-38,6.716006361498216e-38,6.715878523722161e-38,6.716563488199751e-38,6.666573975260986e-38,6.776620223514821e-38,6.78092481083117e-38,6.780914188981585e-38,6.670079296273268e-38,7.410476759788354e-38,7.410538218541873e-38,6.847676413729972e-38,6.847667206565155e-38,6.853666506660628e-38,6.934369363598695e-38,6.989424031844554e-38,6.99035965144253e-38,6.989056961728581e-38,6.976104152195861e-38,6.807054636056226e-38,6.804450334966789e-38,6.75764810883081e-38,6.756093752640099e-38,6.756093715925348e-38,6.755854898431507e-38,6.75598813051666e-38,6.760780413383256e-38,6.768253112405985e-38,6.764191468596678e-38,6.795720245829772e-38,6.795785822337158e-38,6.769037862396534e-38,6.769037851431449e-38,6.934454178467493e-38,6.934455547358561e-38,-2.2898176773648294e-35,-7.682395352099205e-42,-2.9250154128985166e-41,-1.1069564976020301e-40,2.6256328730995785e-40,2.624817703393051e-40,8.401833637309573e-40,8.392324802760895e-40,-4.141986058759651e-40,-6.663566219952615e-42,4.036824775025608e-41,3.694772220424699e-41,3.840612393299899e-41,4.202816860105335e-41,-1.4040537201297672e-39,-2.9325026095241694e-39,-7.976836059933418e-42,2.2467616058077013e-40,2.246609358822732e-40,2.526107970332903e-40,2.526107503830269e-40,-3.2353026696767556e-40,5.916326935554759e-40,5.916326949376316e-40,-1.3220780753394843e-38,-2.0471154979208145e-42,1.3109073866901573e-43,4.55052351827522e-40,3.512066861350565e-40,3.3640332875979474e-40,3.5707519759185816e-40,3.6163034633728673e-40,3.6163454271371843e-40,3.480843303366068e-40,9.575162576092143e-39,9.575173814129146e-39,9.578002442211634e-39,1.1701162262032188e-38,1.1697723698709925e-38,1.2727774158470568e-38,1.2727870150462172e-38,1.2727880005252713e-38,1.228595059513944e-38,1.3003563753121578e-38,1.3017362969692753e-38,1.3018648407030494e-38,1.4104710004524952e-38,1.4104645364342375e-38,1.4104700988233266e-38,1.4104709573016742e-38,1.4352539261854956e-38,1.4352028500902215e-38,1.4346095913271457e-38,1.4349220916947695e-38,1.3326684384342167e-38,1.3763935589131845e-38,1.2575321084407939e-38,1.200819675691698e-38,1.1994310103830543e-38,1.1707604366686501e-38,1.1928795100983754e-38,5.400697277559869e-37,5.4002169119112244e-37,5.413691827822301e-37,5.409835950369533e-37,5.409836027626045e-37,5.410152492083304e-37,5.410152492027122e-37,5.410017943485765e-37,5.410017936843416e-37,5.4100179358701205e-37,5.410017910221815e-37,5.397035176609843e-37,5.368795716530743e-37,5.218741413987925e-37,5.292988769918661e-37,5.29298865071284e-37,5.2935864953528715e-37,5.2935864522328235e-37,5.29358645291833e-37,9.294497777892874e-37,-7.962583475441876e-35,-4.387910144246238e-39,3.583822907685209e-39,3.583889836983811e-39,3.583862370398233e-39,3.120313623355188e-39,3.557725448871861e-39,3.561630619132097e-39,2.9958497437368203e-39,2.9958409425466443e-39,2.996304009803465e-39,2.0091982014491378e-38,1.9307029566242832e-38,-9.955573624794101e-39,-2.3607005788704935e-41,-5.233233409930821e-44,-3.42180191465942e-46,5.937232080615337e-41,5.93722869558919e-41,6.74417168725936e-39,6.749153036453746e-39,6.749153006721417e-39,1.8199793929830625e-38,4.976782715550134e-37,4.976787505020175e-37,4.976787507159755e-37,4.976798826192464e-37,4.972247689075142e-37,4.972247585801266e-37,4.96558106744796e-37,4.965580331051823e-37,4.9637624541843225e-37,4.966623690477347e-37,4.966623745996941e-37,4.966553866229414e-37,4.970942875062419e-37,4.970910824120381e-37,4.970491431084671e-37,4.958607340887802e-37,-8.68073656175529e-35,1.8525331544048113e-40,1.852525580797258e-40,1.3971395609744751e-38,2.0208699510145258e-38,1.465493176998813e-38,1.465636280608379e-38,6.555123726960652e-40,6.563074872165029e-40,6.567278672118892e-40,-1.2606896844398504e-40,3.038082088383737e-39,3.038083563658676e-39,3.044426568461462e-39,3.051550467283069e-39,3.051553610552916e-39,3.901008604414615e-39,4.082964986330208e-39,4.087227900595467e-39,4.087210095651891e-39,5.0325130268614824e-39,4.160657968285366e-39,4.467719642706486e-39,4.5187514431909984e-39,4.550895075532408e-39,4.55089246977842e-39,4.550892665533188e-39,4.550886875676659e-39,-7.069747935275134e-39,-7.107768857837114e-42,-1.029407285629557e-43,-6.0889196986691955e-40,-7.588269199566308e-43,2.2024929261295435e-42,2.2022616913466753e-42,-1.6183906344651465e-43,-2.6984209687779472e-39,-4.89386268184272e-41,1.5628922160189072e-43,-5.154376232762143e-37,-1.1997438405663196e-40,6.772287187803594e-44,-2.7829665440726332e-36,-1.8919324762849863e-32,3.4351397701849037e-38,3.4085058568067626e-38,3.408740301363258e-38,3.348182993317326e-38,3.5925974597147956e-38,3.5925974830255114e-38,3.5585170198472547e-38,3.562402389408013e-38,3.5623811449539876e-38,3.577254763473992e-38,3.57726311211194e-38,3.6391278797299785e-38,2.713412817561215e-38,2.7756531386388067e-38,2.7760311978346674e-38,2.7761011453397625e-38,2.7816266298797965e-38,2.898694800016128e-38,2.861188151881923e-38,2.8611881518979587e-38,-4.220477523059202e-38,4.860632017038856e-43,-1.0142885214911794e-37,2.422467096381391e-40,2.1509108832094746e-39,2.0996712468444665e-39,2.1665702552029897e-39,2.16836434249978e-39,2.1346281434662706e-39,2.1393716333992952e-39,2.1393301090539284e-39,2.2806111939142884e-39,1.648851356820949e-39,9.863553774266753e-40,2.936931043421278e-39,2.937510897870196e-39,2.939505196221685e-39,2.8735293655323062e-39,5.672722919762041e-39,6.003040064486656e-39,6.018076675885418e-39,1.0091804588217036e-37,1.0091764986361168e-37,1.0091747689688938e-37,1.009109612808692e-37,1.009057100948159e-37,8.719045198268962e-38,9.005679152837106e-38,8.741336289124515e-38,8.716394641561698e-38,8.716394945817519e-38,8.716414752614294e-38,8.713695304138605e-38,8.713695498773161e-38,8.714366490721114e-38,8.713677343776754e-38,8.713654583956161e-38,8.713654548922783e-38,8.713653114312747e-38,3.4383762952802416e-37,3.6648507655224794e-37,3.662378170193239e-37,3.6631461320262027e-37,3.66314614292258e-37,3.6631426308111597e-37,3.6631589902898714e-37,3.660975936408429e-37,3.6609761749932075e-37,3.662867672458793e-37,3.662870427356107e-37,3.6713715459573162e-37,3.671325085154396e-37,3.698729081648833e-37,3.699031540720123e-37,3.699164325334127e-37,3.7010223586442147e-37,3.5492571941798403e-37,3.549373938412323e-37,3.414117347384461e-37,3.4407321086571846e-37,3.7050253121868467e-37,3.6760570550072365e-37,3.676056880467987e-37,3.6759822821272833e-37,3.675982285185625e-37,3.6759815826010588e-37,3.6759767049304823e-37,3.675976470673716e-37,3.675976469940588e-37,3.675970831850694e-37,3.6765615826743177e-37,3.6765615826164757e-37,3.676679335115442e-37,3.6831450299067883e-37,3.662805193187968e-37,3.662805366816238e-37,3.6602986012649113e-37,8.031550508334416e-37,8.03499547430685e-37,8.032763200845205e-37,8.032763200852104e-37,8.032763197620444e-37,8.033060617564921e-37,8.111426421032906e-37,8.111429291748063e-37,8.111415128486863e-37,8.097803773729786e-37,8.097804924553137e-37,8.097804835115795e-37,8.097809546252887e-37,8.097800634414623e-37,8.097815441627549e-37,8.097888211947954e-37,8.097883810646507e-37,8.097764984539585e-37,8.096468830963188e-37,8.089237074301523e-37,8.089376452117047e-37,8.091244091376457e-37,8.091282850984753e-37,8.09136036839206e-37,6.49083538829628e-35,6.49082713302227e-35,6.490792967669414e-35,6.490793500295569e-35,6.490775825199582e-35,6.490775825138938e-35,6.490776062793732e-35,6.490791894056207e-35,6.490820779321978e-35,6.490740841676655e-35,6.490739797712672e-35,6.490739680581571e-35,6.49072438358828e-35,6.49079689605595e-35,6.490795629857243e-35,6.490908686245282e-35,6.490908759642898e-35,6.490937329800466e-35,6.490936303317763e-35,6.490936894511986e-35,6.490936958140693e-35,6.490890080120257e-35,6.490766946841732e-35,6.490791110503602e-35,6.490801188180959e-35,6.490824806459778e-35,6.491613660456485e-35,6.491609169028162e-35,6.491609341696926e-35,6.491440746044694e-35,6.491443786250445e-35,6.49155050785689e-35,6.49156272681156e-35,6.491562746807106e-35,6.491484675503084e-35,6.49148513585455e-35,6.491485135699635e-35,6.491484996345042e-35,6.491485039120868e-35,6.490370027150175e-35,6.490380056719228e-35,6.625387728911685e-35,6.644059601725017e-35,6.644059601724645e-35,6.644065966393347e-35,6.644301347024915e-35,6.644301209587433e-35,6.644301969399183e-35,6.644499155643954e-35,6.644442294899124e-35,6.644561079744838e-35,6.644541654839921e-35,6.644584064652857e-35,6.64458406062445e-35,6.644834471393278e-35,6.6448215366137e-35,6.644821536612603e-35,6.644820485758396e-35,6.644820485741642e-35,6.644917332642508e-35,6.644917332634454e-35,7.388701111074853e-35,7.388699777890658e-35,7.388416787246294e-35,7.388421226685383e-35,7.388421101770257e-35,7.388420938492367e-35,7.388422838291237e-35,7.388327089541393e-35,7.388861351353436e-35,7.388873167713288e-35,7.388823670018697e-35,7.388652746663778e-35,7.389115113698854e-35,7.389115666897599e-35,7.389106038725307e-35,7.389675721422195e-35,7.389676365838864e-35,7.38967637015758e-35,7.389676936188082e-35,9.916480638321835e-35,9.920191503963608e-35,9.92028989930961e-35,9.92028990221412e-35,9.920316799653092e-35,9.920752446505676e-35,9.920873251840955e-35,9.920922831783418e-35,9.920925367327817e-35,9.920868728074678e-35,9.920850651386612e-35,9.920898171355702e-35,9.9208368002899e-35,9.920765210746283e-35,9.920659291389873e-35,9.920659211744739e-35,9.92066285696108e-35,9.920662960013286e-35,9.9208409201844e-35,9.920840015451923e-35,9.920840018547936e-35,9.934495934937353e-35,9.934119550969603e-35,9.934119556030107e-35,9.934086045763625e-35,9.934086045727187e-35,9.934086048219784e-35,9.934094975475473e-35,9.934081463699762e-35,9.934043074323706e-35,9.934041344662106e-35,9.934041214050965e-35,9.934041216730743e-35,9.934023431344262e-35,9.93402344060731e-35,9.934063177281699e-35,9.934070150524844e-35,9.93407016982449e-35,9.933975665940968e-35,9.933975509920447e-35,9.933975627683284e-35,9.933975475525553e-35,9.932720726846981e-35,1.0051345066829522e-34,2.0312021693811935e-34,2.0330994079727343e-34,2.0330994080726017e-34,2.03308696171265e-34,2.033087766731496e-34,2.0330877969976606e-34,2.0330872721482332e-34,2.033087259675844e-34,2.033087259389661e-34,2.0330888810873155e-34,2.0330888808375335e-34,2.033088875596663e-34,2.033108404853092e-34,2.0331084216763747e-34,2.033108421676114e-34,2.033108422878016e-34,2.0331084740679607e-34,2.0332206641349866e-34,2.0332219490780493e-34,2.033222534372652e-34,2.0332225518986205e-34,2.038505094374764e-34,2.038516778041388e-34,2.038508550597562e-34,2.038501224254883e-34,2.038502191885025e-34,2.0384987218901263e-34,2.0384987269968756e-34,2.0384975374167107e-34,2.038497532325372e-34,2.0384741501050675e-34,2.0384298612318494e-34,2.0384299168540254e-34,2.038426214601954e-34,2.038454188291565e-34,2.0384502609610874e-34,2.038449062540361e-34,2.038447998805193e-34,2.038443722978364e-34,2.038443723060261e-34,2.0384401623434226e-34,2.038440165151342e-34,2.038504911836141e-34,2.0394817165308097e-34,2.039484744064166e-34,2.0394847152447124e-34,2.0394850354938097e-34,2.0394851348432695e-34,2.0394850691447337e-34,2.039485067672183e-34,2.0394850507115697e-34,2.039485055832939e-34,2.0394850513770475e-34,2.039506344237574e-34,2.0395068562459075e-34,2.0395068825353516e-34,2.039506882538664e-34,2.0394988906153254e-34,2.039498890616814e-34,2.0395135687715147e-34,2.039505620390068e-34,2.0395055839025715e-34,2.03950559483851e-34,2.0395056935467037e-34,2.03950569354697e-34,2.0395056702574953e-34,2.0395056702747113e-34,2.0395037552569055e-34,2.0394950944321108e-34,2.0394968215364126e-34,2.039497219072859e-34,2.039472777423282e-34,2.039458874561108e-34,2.039462799774904e-34,2.039462808199602e-34,2.0394628032376506e-34,2.0394730130835854e-34,2.039473013083575e-34,2.0394698437899327e-34,3.263007057799917e-33,3.2630077041258505e-33,3.263007687667268e-33,3.263007681863947e-33,3.265032843604972e-33,3.267883965285044e-33,3.267883297345799e-33,3.2678811334576114e-33,3.267884606930271e-33,3.267884595779116e-33,3.267884586431676e-33,3.2678845875065746e-33,3.2678845863778334e-33,3.267884825964756e-33,3.267884990052186e-33,3.267885062905202e-33,3.267885385403276e-33,3.267885381033639e-33,3.2680607529082495e-33,3.2680607518156643e-33,3.268062209036641e-33,3.268061574723089e-33,3.268061671461422e-33,3.268061630526724e-33,3.268061624948949e-33,3.268061624948571e-33,3.268062478394724e-33,3.268062478394713e-33,3.268062478156066e-33,3.268062478156249e-33,3.268062478255549e-33,3.268062478245597e-33,3.268062357258945e-33,3.268062478471216e-33,3.268063857476445e-33,3.268060620143716e-33,3.268060622691704e-33,3.268060622779269e-33,3.268060280378512e-33,3.268060999247388e-33,3.268061004904022e-33,3.268061019559647e-33,3.2680610178973266e-33,3.2680701441490606e-33,3.268279088986423e-33,3.268279094011094e-33,3.2682790054083675e-33,3.268268688151716e-33,3.2682686881517166e-33,3.268268689399644e-33,3.2682686980370836e-33,3.268268698048232e-33,3.268268712277485e-33,3.268268712277247e-33,3.268268712276905e-33,3.268268711542324e-33,3.2682685422337946e-33,3.2682685422332075e-33,3.268286228645108e-33,3.268287422187879e-33,3.2682874242980914e-33,3.268287424298105e-33,3.268287494960272e-33,3.268287494959941e-33,3.2682874948647335e-33,3.268287488135141e-33,3.268287488193592e-33,3.2682874864087095e-33,3.268290514852553e-33,3.268270378123548e-33,3.2682707059222676e-33,3.268270931527758e-33,3.268270931588611e-33,3.2682736919961724e-33,3.268273691994385e-33,3.268276347023897e-33,3.2682763470225924e-33,3.268276259599279e-33,3.268276269944979e-33,3.2682762699760465e-33,3.268271405853778e-33,3.268271395924631e-33,3.26858151540613e-33,3.268581523794176e-33,3.268578591727914e-33,3.268564504496323e-33,3.268564513811157e-33,3.2685645137804916e-33,3.268565668275046e-33,3.268565788117264e-33,3.2685621302102334e-33,3.2685621304384405e-33,3.2685628973209245e-33,3.2685616938921126e-33,3.268561689679727e-33,3.268561650616866e-33,3.26856164292794e-33,3.2685614400519536e-33,3.268561521448824e-33,3.2685615214417365e-33,3.2685645776143886e-33,3.2685645776143455e-33,3.268557279550281e-33,3.2685575911631434e-33,3.2685509236157284e-33,3.268553402219162e-33,3.268776538822255e-33,3.268773320530542e-33,3.268772635098041e-33,3.2687725462020954e-33,3.268772260785206e-33,3.2687730224510084e-33,3.2687731671889926e-33,3.268773042549427e-33,3.268773232881455e-33,3.2687733467719355e-33,3.2687733462038e-33,3.2687718065299094e-33,3.268762223971603e-33,3.2687622239734556e-33,3.268762325868925e-33,3.268762153672785e-33,3.268762153672907e-33,3.2687621536798594e-33,3.268762126275022e-33,3.268760028173594e-33,3.268760028166268e-33,3.268760028170529e-33,3.268760028183525e-33,3.268765221188453e-33,3.2687650649641086e-33,3.26876425261802e-33,3.2687642501242394e-33,3.2687647704362354e-33,3.268764809020506e-33,3.2687648087175664e-33,3.2687647496565926e-33,3.26876475576559e-33,3.268764755418733e-33,3.2687627024329524e-33,3.268762697621281e-33,3.2687626976237905e-33,3.268762727407807e-33,3.2687627273853e-33,3.268762319496191e-33,3.268762303801673e-33,3.2687623080493566e-33,3.26875181082567e-33,3.268751811037538e-33,3.268750402937546e-33,3.268750341161341e-33,3.268750344193632e-33,3.2687500974533804e-33,3.268750502328682e-33,3.2687504177292666e-33,3.2687504208794286e-33,3.268750906518644e-33,3.268750905797378e-33,3.268749799850541e-33,3.26874979985013e-33,3.2687498073903205e-33,3.2687497994719674e-33,3.268749799472325e-33,3.268749797201587e-33,3.268750678559188e-33,3.2686295124844584e-33,3.268629577924315e-33,3.268682157335789e-33,3.268682157841844e-33,3.268682153913837e-33,3.2686820730898214e-33,3.268682072592005e-33,3.2686818314866045e-33,3.268682155743982e-33,3.268682391796949e-33,3.2686823918028204e-33,3.2686823917986987e-33,3.2686823917987096e-33,3.268682392343572e-33,3.268682393473557e-33,3.2686823932812806e-33,3.2686830366477894e-33,3.268683030262517e-33,3.268683030260752e-33,3.2686830302610864e-33,3.2686830677067693e-33,3.2686830676337335e-33,3.26868332427468e-33,3.268681592291373e-33,3.268681570169256e-33,3.268681566311362e-33,3.268679431026158e-33,3.268679476966153e-33,3.268679451201229e-33,3.268682092235574e-33,3.268682148471613e-33,3.2686821462245927e-33,3.2686828615402675e-33,3.26868286153124e-33,3.2686825966872765e-33,3.268678319474052e-33,3.2686811679241095e-33,3.268681041490235e-33,3.268681041492583e-33,3.268682196678484e-33,3.2700651735955325e-33,3.27004748018092e-33,3.270055286186503e-33,3.270054864939892e-33,3.270054526879872e-33,3.270054388668868e-33,3.270054388821664e-33,3.270054473726948e-33,3.2700544737482025e-33,3.27005447901433e-33,3.270054479745302e-33,3.2700545792689e-33,3.270054609134835e-33,3.270054610859903e-33,3.270055334244728e-33,3.2700553429658315e-33,3.2700553448488735e-33,3.2699847865044324e-33,3.2699850831311483e-33,3.26998647149823e-33,3.269986526909259e-33,3.269986526786826e-33,3.2699862759577135e-33,3.269977764915674e-33,3.269977765653585e-33,3.269988428170104e-33,3.269988428172138e-33,3.26999004141382e-33,3.269990486726816e-33,3.269990486720931e-33,3.269990490405618e-33,3.26999049041835e-33,3.269990517544516e-33,3.269990575778959e-33,3.269990579932777e-33,3.269990579971574e-33,3.2699941424193016e-33,3.269994143649527e-33,3.269994960617339e-33,3.2699949605959635e-33,3.269994946454499e-33,3.2699948904149514e-33,3.2699893043822974e-33,3.268127301636246e-33,3.26812730163849e-33,3.268129461391521e-33,3.268148894092407e-33,3.2681490150277724e-33,3.2681490149671635e-33,3.2681446577284466e-33,3.268143141792999e-33,3.268143182143732e-33,3.268144694670077e-33,3.2681451104224314e-33,3.268145055767275e-33,3.2681443005584034e-33,3.268144300558479e-33,3.2681443005606675e-33,3.268144307825307e-33,3.268144307829712e-33,3.2681473423058626e-33,3.2681472847569664e-33,3.2681468440454765e-33,3.268146844045691e-33,3.268146844044072e-33,3.268168792683714e-33,3.268168705860342e-33,3.268168705904909e-33,3.268168705904569e-33,3.2681690961047095e-33,3.268169045989453e-33,3.26816980842872e-33,3.268169832910115e-33,3.26816983222006e-33,3.268170158111672e-33,3.268170399082407e-33,3.268170314173145e-33,3.268170314639685e-33,3.2681700039892436e-33,3.268170041289176e-33,3.2681700413499646e-33,3.268170041348493e-33,3.268185091503821e-33,3.268182744953011e-33,3.26818274292227e-33,3.268821234798563e-33,3.2688213356168225e-33,3.26882135458887e-33,3.271256893535208e-33,3.2712567695861435e-33,3.271258955726126e-33,3.271258196270289e-33,3.271257685246852e-33,3.271257685890347e-33,3.271257685706992e-33,3.2712576857075305e-33,3.271257685686139e-33,3.271257621600905e-33,3.271257621921505e-33,3.2712576535513414e-33,3.271258587517629e-33,3.271258587349591e-33,3.2712585860477185e-33,3.2712585872377576e-33,3.27125891585967e-33,3.2712588940998736e-33,3.2712588940999605e-33,3.2712588940959064e-33,3.271258755616195e-33,3.271258755525296e-33,3.27125875497818e-33,3.2712587549774075e-33,3.271259232397434e-33,3.271260220519486e-33,3.271260220334064e-33,3.271260220336352e-33,3.271260013644111e-33,3.2712600265619035e-33,3.271260036133415e-33,3.271260037308703e-33,3.271260037308523e-33,3.271259989191209e-33,3.2712599892403504e-33,3.271259989238854e-33,3.2712614652585634e-33,3.271259187033056e-33,3.269555380388439e-33,3.269555380388906e-33,3.269555478914275e-33,3.2695554789187606e-33,3.2695554097023106e-33,3.269558326734042e-33,3.2695617387770866e-33,3.269564888475266e-33,3.269564892933131e-33,3.269564896007114e-33,3.269564908273938e-33,3.269565886081565e-33,3.269564293713836e-33,3.269564293714038e-33,3.269564294509067e-33,3.269564294410333e-33,3.2695642944079054e-33,3.269564113472214e-33,3.269579909075449e-33,3.2695809177094005e-33,3.269580917723218e-33,3.2695831793285856e-33,3.2695831842600546e-33,3.269583438298694e-33,3.2695834265890325e-33,3.269583343115554e-33,3.2695832994533337e-33,3.269582949644284e-33,3.269582949644112e-33,3.269583049015191e-33,3.269583049015253e-33,3.269583048983337e-33,3.269583048624055e-33,3.2695830486204344e-33,3.269583048620221e-33,3.269583051803899e-33,3.2695837705569455e-33,3.2695845027440485e-33,3.2695845028558575e-33,3.269226549492751e-33,3.269226971055221e-33,3.269226970807492e-33,3.269226970785886e-33,3.2692377000305486e-33,3.2692376999444666e-33,3.2692376999456174e-33,3.2692333696874786e-33,3.269231642664581e-33,3.2692316426676057e-33,3.269231512802332e-33,3.269231527677722e-33,3.269227778731924e-33,3.2692274131149257e-33,3.269227411429129e-33,3.269227411102067e-33,3.269227410932203e-33,3.2692273778065095e-33,3.269227386117763e-33,3.269229757782786e-33,3.269229757782787e-33,3.269229768901854e-33,3.269229768901266e-33,3.2692297688418e-33,3.269230717514275e-33,3.2692296559499244e-33,3.269229655948755e-33,3.2692297234332974e-33,3.269229724001661e-33,3.26922970154551e-33,3.269229738539353e-33,3.2692298672386587e-33,3.269230001560488e-33,3.269229650021424e-33,3.2692296500229266e-33,3.269228918793637e-33,3.269228918793743e-33,3.269227238689666e-33,3.269227241159473e-33,3.2692272427135805e-33,3.2692272427136585e-33,3.2692274005217444e-33,3.269236104728894e-33,3.26923422507226e-33,3.269234224588533e-33,3.269234202203985e-33,3.269234198303802e-33,3.2692341983036095e-33,3.2692357942448855e-33,3.2692362988661e-33,3.2692363017827965e-33,3.269236304744485e-33,3.269235957148355e-33,3.269235957013816e-33,3.269235957021786e-33,3.269235997509414e-33,3.2692359977809585e-33,3.2692359965782004e-33,3.2692359965766055e-33,3.2692343849144616e-33,3.269234384914606e-33,3.2692336891825596e-33,3.2692336921083114e-33,3.2692336921080466e-33,3.269396042331549e-33,3.26939603793415e-33,3.269396049064028e-33,3.269395819300246e-33,3.269395795221845e-33,3.2693957892314255e-33,3.2693957892323725e-33,3.2693957867166394e-33,3.269395786391705e-33,3.269395813385137e-33,3.269395813385849e-33,3.269395765493805e-33,3.2693957648433454e-33,3.2693958463391036e-33,3.269395752103223e-33,3.269395752098876e-33,3.269395752099667e-33,3.269396094031828e-33,3.269392738032158e-33,3.269393574226067e-33,3.269393619376058e-33,3.269396359157244e-33,3.269396279937808e-33,3.269396963615248e-33,3.269396766036525e-33,3.269396766182806e-33,3.269397585363346e-33,3.2693974437162405e-33,3.269397480605938e-33,3.269397478170412e-33,3.2693974781704325e-33,3.269397478946137e-33,3.26939748150448e-33,3.269397481504567e-33,3.269397503989625e-33,3.269397510983655e-33,3.269399569255262e-33,3.2693995662175404e-33,3.26939951657604e-33,3.269399516595877e-33,3.2693997114915795e-33,3.269399711646184e-33,3.269399712642338e-33,3.269399773045074e-33,3.269399629549903e-33,3.2693996317878555e-33,3.2693996319800866e-33,3.269399631975582e-33,3.269399815316114e-33,3.269396682909476e-33,3.269396611578603e-33,3.269396371216673e-33,3.269396369975047e-33,3.269396337464079e-33,3.26939605782622e-33,3.26939802004956e-33,3.2693977110863214e-33,3.269397284946987e-33,3.269397283140719e-33,3.2693972831370136e-33,3.57726636025686e-33,3.5772663620996164e-33,3.577266362099969e-33,3.577266362045925e-33,3.577266361684788e-33,3.577266381674918e-33,3.577267128595115e-33,3.577267237507315e-33,3.5772672368231284e-33,3.577267236624936e-33,3.5772672365625765e-33,3.577269901305932e-33,3.5772706572475134e-33,3.5772704649625676e-33,3.577273701081527e-33,3.577273655825419e-33,3.577273522870629e-33,3.5772735370509125e-33,3.577273640859047e-33,3.5772736196488596e-33,3.577284548781477e-33,3.577284553981356e-33,3.5772711985666654e-33,3.5772711561678337e-33,3.5772714236821327e-33,3.577271368098653e-33,3.57727136808246e-33,3.577271391291044e-33,3.577271391290985e-33,3.577272070781261e-33,3.577272070782361e-33,3.577272674686814e-33,3.5772730089289137e-33,3.5772730068633156e-33,3.577273006862453e-33,3.5772730068585766e-33,3.5772733844161954e-33,3.577273381389439e-33,3.577273381154853e-33,3.5772733815729136e-33,3.5772733915033007e-33,3.577273391510166e-33,3.5772695429384176e-33,3.577269542701154e-33,3.577812550852828e-33,3.577812550843079e-33,3.577812550852695e-33,3.577812550853231e-33,3.577812550645037e-33,3.577812855213489e-33,3.5778130702806e-33,3.577813070249995e-33,3.577814087535078e-33,3.5778136370499194e-33,3.577813637049918e-33,3.577813637050317e-33,3.57781363706197e-33,3.577813639588863e-33,3.577813899648243e-33,3.5778138998279e-33,3.577813870749235e-33,3.5778138707465306e-33,3.577799732658453e-33,3.5777984407548037e-33,3.577798543377703e-33,3.577802740085127e-33,3.5778027400798194e-33,3.577802738750881e-33,3.577802730674701e-33,3.577802179479426e-33,3.5778021413118984e-33,3.577801976219594e-33,3.577801976227937e-33,3.577801708144175e-33,3.577801709113461e-33,3.577802265435042e-33,3.5778022744688495e-33,3.5778036505692955e-33,3.577803811720314e-33,3.5778038167332776e-33,4.1825086883564734e-33,4.182508688355994e-33,4.182508226948903e-33,4.182508226956848e-33,4.182508226958088e-33,4.182508357967026e-33,4.182508358690786e-33,4.182508358472993e-33,4.182508246711273e-33,4.182508260198371e-33,4.1825092855001834e-33,4.1825092894929754e-33,4.182509287683859e-33,4.1825092876859744e-33,4.182507688491443e-33,4.1825076890458515e-33,4.182507689231871e-33,4.18250768923958e-33,4.182507689279241e-33,4.18250769414358e-33,4.182507694143875e-33,4.182508406934051e-33,4.182508515602048e-33,4.18250875885892e-33,4.182511074444628e-33,4.1825110707073e-33,4.182505652029548e-33,4.182302831974277e-33,4.182302832568474e-33,4.1823028323367795e-33,4.182301672177779e-33,4.182301752478709e-33,4.18230175254152e-33,4.182301576211308e-33,4.182299985285698e-33,4.1822993652237845e-33,4.182299470359972e-33,4.182299157253449e-33,4.18229899880209e-33,4.182299335101909e-33,4.182303542258823e-33,4.182303570923069e-33,4.1823035709216845e-33,4.182303561315976e-33,4.182306589248533e-33,4.182306557785228e-33,4.182299765492695e-33,4.1822991153979494e-33,4.182299148100422e-33,4.1822991470024874e-33,4.182300640037536e-33,4.1823006400868907e-33,4.18230075309942e-33,4.1823004164292664e-33,4.1823001970883086e-33,4.182299722640605e-33,4.182299722672175e-33,4.1822997223750566e-33,4.182299722375066e-33,4.182299334342796e-33,4.182300195337461e-33,4.182300195393872e-33,4.182300941548841e-33,4.182300293641995e-33,4.18230011619032e-33,4.182300047896063e-33,4.182300051725314e-33,4.182300051724255e-33,4.182300051739835e-33,4.1823000644142834e-33,4.182300062816357e-33,4.1823001628017565e-33,4.18230096640388e-33,4.182300920164369e-33,4.182300918015651e-33,4.182301244237443e-33,4.182301256269383e-33,4.182301257510769e-33,4.182301361028959e-33,4.182301373498519e-33,4.182301440871652e-33,4.182301498804286e-33,4.182301286057364e-33,4.1823012860560637e-33,4.182301286358961e-33,4.182301192432357e-33,4.1822705271425395e-33,4.1822705430096624e-33,4.183542394023191e-33,4.18354239351252e-33,4.183543579399999e-33,4.1835435177413375e-33,4.183543490345795e-33,4.1835434598936924e-33,4.183543960882646e-33,4.183543691329491e-33,4.183543691295385e-33,4.18354368432218e-33,4.183543681944214e-33,4.1835433742691684e-33,4.183543459682102e-33,4.183543459686481e-33,4.183543460751083e-33,4.18354346075068e-33,4.183544166731539e-33,4.183538729330104e-33,4.183509142526266e-33,4.1835092985304276e-33,4.183509298615383e-33,4.183508085477733e-33,4.183506542652213e-33,4.1835065451174274e-33,4.1835058405647976e-33,4.183505840561666e-33,4.1835059711762455e-33,4.1835045139748004e-33,4.183499325045066e-33,4.18349933789252e-33,4.183499337914618e-33,4.1834993348446375e-33,4.183499332337456e-33,4.1834990701370504e-33,4.1834990695303196e-33,4.18349906954508e-33,4.183496839409509e-33,4.183495394758043e-33,4.154498285077941e-33,4.1544701571462015e-33,4.154470173302094e-33,4.15446858655267e-33,4.154468424679084e-33,4.154468420976802e-33,4.154468420949766e-33,4.1544741655362904e-33,4.1544741688902305e-33,4.154474166981945e-33,4.154474030124658e-33,4.154479806509545e-33,4.1544798401640774e-33,4.154479858453955e-33,4.154479936570318e-33,4.154479936569119e-33,4.154481160791527e-33,4.1544811920475564e-33,4.154458546913408e-33,4.154458546913213e-33,4.154458546913623e-33,4.1544579843003965e-33,4.154457995898979e-33,4.154456892728533e-33,4.154456855876843e-33,4.154457088822478e-33,4.154457088823701e-33,4.154457065877374e-33,4.1544559991136585e-33,4.154456000814364e-33,4.1544570107769575e-33,4.154456877959987e-33,4.1544568778905166e-33,4.1544566158796155e-33,4.15445668682539e-33,4.1544566847834185e-33,4.1544566847805933e-33,4.154457497686629e-33,4.1544574976064545e-33,4.154457593079478e-33,4.156040837504295e-33,4.156040837803713e-33,4.156040837762755e-33,4.156042497084926e-33,4.1560424964219855e-33,4.156042543339021e-33,4.156042537408004e-33,4.1560410427840074e-33,4.156041048635614e-33,4.156041039912461e-33,4.156041039802105e-33,4.156041039809208e-33,4.1560410402615354e-33,4.156041231936683e-33,4.1560412323023534e-33,4.156041231729982e-33,4.156041607253227e-33,4.156041607253822e-33,4.1560575949743116e-33,4.1560617091724804e-33,4.156061708939093e-33,4.156061706187682e-33,4.156022802012164e-33,4.15600571899253e-33,4.156005733692243e-33,4.156005725521688e-33,4.156005725521397e-33,4.1560057253341616e-33,4.156005652505935e-33,4.1560051904875224e-33,4.1560053584543906e-33,4.156005366981245e-33,4.1560049570860486e-33,4.156005378853766e-33,4.156005690937034e-33,4.1560056909370404e-33,4.156005690939079e-33,4.156005700642086e-33,4.156005701232984e-33,4.156005908450875e-33,4.1560059311791955e-33,4.156009904361994e-33,4.156013666990373e-33,4.156023032781717e-33,4.156023033045839e-33,4.1560230307336186e-33,4.156023030597203e-33,4.156023036527415e-33,4.156023184462512e-33,4.1560234813888414e-33,4.156023480990719e-33,4.156023476384208e-33,4.156023471426686e-33,4.156023456185137e-33,4.156023456185135e-33,4.156024768846969e-33,4.156024768848904e-33,4.1560247688486826e-33,4.156024586294528e-33,4.1560245862944143e-33,4.156024586387938e-33,4.156024586200996e-33,4.1560258142062245e-33,4.156025718014523e-33,4.156028360591898e-33,4.156021717747214e-33,4.156021242714602e-33,4.15601925390325e-33,4.156019077542721e-33,4.156019127503175e-33,4.156019569723247e-33,4.1560183935461705e-33,4.1560217181632266e-33,4.1560216654329e-33,4.1560217178694705e-33,4.1560217178773726e-33,4.1560217096904246e-33,4.156022181014149e-33,4.15602218123552e-33,4.1560231199293845e-33,4.1560224358351424e-33,4.156022445092989e-33,4.156021800694091e-33,4.1560218278578406e-33,4.156021828652972e-33,4.157668215173411e-33,4.157668215157457e-33,4.1576682167018746e-33,4.1576692089573815e-33,4.15768217534564e-33,4.157681979039476e-33,4.157681985522403e-33,4.157682122767253e-33,4.157682231680855e-33,4.157682231680734e-33,4.1576820431601486e-33,4.157682043070311e-33,4.157682111657865e-33,4.1576768117605486e-33,4.157676619452773e-33,4.1576789170995865e-33,4.1576790178499806e-33,4.157679001154343e-33,4.157678942308884e-33,4.157678942274434e-33,4.157677822402089e-33,4.157677822402191e-33,4.157677827577581e-33,4.1576778277761815e-33,4.157677431846771e-33,4.1576774315083763e-33,4.157677598552454e-33,4.157678142819407e-33,4.157677041451679e-33,4.157677114091526e-33,4.1576765464410956e-33,4.1576767290802574e-33,4.157676730807739e-33,4.15767673080877e-33,4.157676730806731e-33,4.157676734236357e-33,4.157676457818527e-33,4.1576769677684545e-33,4.1577143710153245e-33,4.157715423050297e-33,4.157715423972512e-33,4.157695012068634e-33,4.157694679687623e-33,4.157659371388239e-33,4.157659371387724e-33,4.1576593713769076e-33,4.157659263663844e-33,4.1576591096918036e-33,4.157659223811565e-33,4.157659509417101e-33,4.157659062973625e-33,4.157659063377646e-33,4.157659054299574e-33,4.157659054216323e-33,4.157659353937154e-33,4.1576593539375724e-33,4.1576746253022345e-33,4.1576746376053004e-33,4.157674637568636e-33,4.157674611586017e-33,4.1576744911775274e-33,4.157674493278485e-33,4.157674564443041e-33,4.1576746507630106e-33,4.157674650758519e-33,4.157674650716522e-33,4.157674650107587e-33,4.157674801897289e-33,4.157674785417668e-33,4.1576750105848805e-33,4.157675439543809e-33,4.1576755541904706e-33,4.15767628426228e-33,4.15767628374624e-33,4.1576762837873583e-33,4.157676284017918e-33,4.157675928346141e-33,4.1576770144285644e-33,4.157676334233073e-33,4.157805275701733e-33,4.157800869921441e-33,4.157800881459503e-33,4.157800873027725e-33,4.157595423540775e-33,4.157595429927945e-33,4.157595433710651e-33,4.1575947873804686e-33,4.157594786709178e-33,4.157598978814596e-33,4.157598458299988e-33,4.157598896875948e-33,4.157598866117465e-33,4.1575994776061556e-33,4.157599504035874e-33,4.157599498260032e-33,4.1575994967972815e-33,4.157599496797064e-33,4.157597973555533e-33,4.1575980131832235e-33,4.157598679947229e-33,4.1575983792105035e-33,4.1575922675881536e-33,4.1575923394206965e-33,4.1575923068816443e-33,4.157592304191305e-33,4.157593632343533e-33,4.1575936286203374e-33,4.157593594478281e-33,4.157593563169067e-33,4.157593563168658e-33,4.157593868900425e-33,4.1575952891380775e-33,4.157595288939563e-33,4.157595288939758e-33,4.157595345725921e-33,4.157595343868702e-33,4.1575960562092e-33,4.157596056209121e-33,4.157596056246874e-33,4.157595933900624e-33,4.157598034011686e-33,4.15759817248732e-33,4.1575974026942215e-33,4.157597126841533e-33,4.158097237815423e-33,4.1580968621266277e-33,4.05427417343424e-33,4.054273680874927e-33,4.054273703150238e-33,4.0542737031502264e-33,4.0542737032629995e-33,4.054278778522307e-33,4.0542785202602516e-33,4.054278522620023e-33,4.0542785246676405e-33,4.054278510854766e-33,4.054278521097045e-33,4.054278521097199e-33,4.0542785210700974e-33,4.054278774740873e-33,4.054278729426041e-33,4.0542787294217614e-33,4.0542790149795564e-33,4.0542790149792574e-33,4.0542786838506315e-33,4.0542786839229584e-33,4.0542802747725385e-33,4.05429408633021e-33,4.054224363901237e-33,4.0542242723752614e-33,4.054224153551464e-33,4.054224154603312e-33,4.054224144864712e-33,4.054224144865758e-33,4.054224178101838e-33,4.054224185601854e-33,4.054224188083606e-33,4.0542241917356466e-33,4.0542242877234214e-33,4.054224169792422e-33,4.05422416980336e-33,4.054224169803064e-33,4.054224379309902e-33,4.054216005354414e-33,4.054216019432221e-33,3.1930092813880276e-33,3.193009238024078e-33,3.193009235834427e-33,3.193008183728474e-33,3.193007977818863e-33,3.193007990253838e-33,3.193005520768472e-33,3.193005151219481e-33,3.193005152981745e-33,3.193005152320329e-33,3.193005467009891e-33,3.193005616401534e-33,3.193005616437532e-33,3.193005892288352e-33,3.193006895251841e-33,3.193006933848009e-33,3.193013158969412e-33,3.193013158961357e-33,3.193013160436649e-33,3.193017103847042e-33,3.192997543146039e-33,3.192997542720979e-33,3.1929975426726914e-33,3.1929975426729165e-33,3.19299770540084e-33,3.192999970654103e-33,3.1929999700999206e-33,3.192999965631015e-33,3.1929999530955264e-33,3.19299995309546e-33,3.1930002084253525e-33,3.193000017584434e-33,3.193000228662203e-33,3.1930002238981344e-33,3.1929987915313265e-33,3.1929990511858635e-33,3.192998834722676e-33,3.1929988323938466e-33,3.1929988310329415e-33,3.19299883098813e-33,3.1930007698407085e-33,3.192997853456971e-33,3.193021748941794e-33,3.193340691344522e-33,3.19334192316906e-33,3.193341923146354e-33,3.193341484121744e-33,3.193341283916594e-33,3.193341198521688e-33,3.193341198447933e-33,3.193342180242891e-33,3.193342083148552e-33,3.1933422828200525e-33,3.193342282806218e-33,3.1933422837222684e-33,3.1933418866368966e-33,3.193341834398669e-33,3.1933418359385655e-33,3.1933418391801055e-33,3.1933423810793506e-33,3.193342381079381e-33,3.1937781522135856e-33,3.1937759275768134e-33,3.193783416416661e-33,3.193783416416647e-33,3.193784192387096e-33,3.193784192387183e-33,3.1937840571443544e-33,3.1937840581473256e-33,3.1937840584011926e-33,3.193786617726808e-33,3.193786617726916e-33,3.193786617726957e-33,3.1937876106853977e-33,3.1937898497790034e-33,3.1937898497508085e-33,3.193791755998397e-33,3.193791756000008e-33,3.193791740942212e-33,3.193791742667584e-33,3.193791743039828e-33,3.193791743026926e-33,3.193791743723491e-33,3.1937917437223185e-33,3.1937695014606886e-33,3.1937700254708844e-33,3.1937700167462256e-33,3.193770082060008e-33,3.1937700820632096e-33,3.1937700814399424e-33,3.1937720457250056e-33,3.193772045608954e-33,3.193771053642272e-33,3.193770510075843e-33,3.19377051012893e-33,3.193769819392824e-33,3.193769819424381e-33,3.193769139128636e-33,3.193762841898158e-33,3.193762907259517e-33,3.193771182956181e-33,3.193777130398305e-33,3.193777131808799e-33,3.1937771318085864e-33,3.1937771313255394e-33,3.1937771314977055e-33,3.193777131782882e-33,3.193777131700088e-33,3.1937771317008794e-33,3.193777134792189e-33,3.1937771348229416e-33,3.193777132247784e-33,3.193777132322823e-33,3.193777132323341e-33,3.193777312152811e-33,3.1937773498610195e-33,3.19377734074123e-33,3.1937773717960076e-33,3.193777230285562e-33,3.193777227434821e-33,3.1937772404752296e-33,3.193777240473522e-33,3.1937770574861066e-33,3.193777057486122e-33,3.194255547978617e-33,3.194260859300672e-33,3.194248119317384e-33,3.194255123941769e-33,3.194255122844319e-33,3.1942546425150996e-33,3.194254642514889e-33,3.194254466074188e-33,3.1942544755925565e-33,3.194254475587512e-33,3.1942544749143246e-33,3.1942547467114755e-33,3.1942547299509024e-33,3.194255103788859e-33,3.194255091186272e-33,3.194257067007678e-33,3.1942570670076786e-33,3.1942565179811025e-33,3.194256517975822e-33,3.194257276158012e-33,3.194257276158492e-33,3.1942733681837605e-33,3.1942733681835915e-33,3.194274825946438e-33,3.1942748259471064e-33,3.194276818025692e-33,3.1942768178243344e-33,3.1942768178128106e-33,3.194276817737613e-33,3.194276817741488e-33,3.194276800380282e-33,3.19427681609833e-33,3.1942771616329215e-33,3.194277255825287e-33,3.194277255804129e-33,3.1942772558033695e-33,3.1942772558052115e-33,3.194277259303712e-33,3.1942758084780604e-33,3.1942723321577614e-33,3.194272670750972e-33,3.194272670753911e-33,3.194272666708957e-33,3.193895977674639e-33,3.1938959732197334e-33,3.193893420471797e-33,3.193893423192498e-33,3.193893138818994e-33,3.193893107748663e-33,3.193892371323522e-33,3.19389237171657e-33,3.1938924517502786e-33,3.193892451750424e-33,3.19389246149818e-33,3.193892568821364e-33,3.1938920722479894e-33,3.1938920732792356e-33,3.1938920579401094e-33,3.19389206166982e-33,3.1938885298931e-33,3.193887459577992e-33,3.194070093570742e-33,3.194072000806728e-33,3.194070639162747e-33,3.194072956367638e-33,3.194072954957528e-33,3.194072954935801e-33,3.1940723196441956e-33,3.194072473916638e-33,3.194072470044094e-33,3.194072008970311e-33,3.1940720121666345e-33,3.194072159237763e-33,3.194072159237347e-33,3.194072157981291e-33,3.194072171882719e-33,3.194072171879922e-33,3.194071604122631e-33,3.194071302222654e-33,3.1940708614032504e-33,3.1940719011282286e-33,3.194071810085229e-33,3.194073801183492e-33,3.193812254144533e-33,3.1938123170968205e-33,3.1938070268822196e-33,3.1938070274306644e-33,3.1938070274304386e-33,3.193807027353159e-33,3.193806983249001e-33,3.193802529827709e-33,3.1938025260796e-33,3.19380252553755e-33,3.193802540808021e-33,3.193802540808136e-33,3.1938025407939515e-33,3.1938025408304516e-33,3.193802540831142e-33,3.1938025408269785e-33,3.1938023257842916e-33,3.193802297622546e-33,3.1938022984909004e-33,3.1938022982653214e-33,3.193802245862324e-33,3.1939208275791027e-33,3.1939176771502695e-33,3.193917677190496e-33,3.193915874546573e-33,3.193915786327124e-33,3.1939157863282735e-33,3.193915761213896e-33,3.193915761214148e-33,3.193915761218317e-33,3.193914153324822e-33,3.193913670306687e-33,3.193913670986896e-33,3.193913732337957e-33,3.193912958413929e-33,3.193912204827361e-33,3.193912110961269e-33,3.193912107765943e-33,3.193740462319151e-33,3.1937424236382606e-33,3.1937424236389085e-33,3.193742280605478e-33,3.1937422806051044e-33,3.193742321969574e-33,3.1937423091659256e-33,3.193741493576569e-33,3.19374248955751e-33,3.193742488275766e-33,3.193736320148351e-33,3.193736320121055e-33,3.193735991108774e-33,3.193735841491071e-33,3.1937353843333004e-33,3.193735383488954e-33,3.193734256479486e-33,3.1937343682194945e-33,3.1937344848102814e-33,3.193734495655532e-33,3.193732831147904e-33,3.193408242110525e-33,3.19337682082463e-33,3.193376913356568e-33,3.193376583256024e-33,3.193376267569282e-33,3.193376265344467e-33,3.193355973407818e-33,3.19335561722276e-33,3.19335629147774e-33,3.1933562108633486e-33,3.1933579892423374e-33,3.1933580513741686e-33,3.1933577342178835e-33,3.193357734218194e-33,3.193358187767035e-33,3.1933581877366905e-33,3.193357947918222e-33,3.193357947024931e-33,3.193357926383072e-33,3.193357926378704e-33,3.193357926378853e-33,3.19335802194689e-33,3.19335813680939e-33,3.193345093784433e-33,3.156651399671964e-33,3.1566514122427834e-33,3.156651412240497e-33,3.1566517535957606e-33,3.156651756262621e-33,3.1566517562595694e-33,3.156651725736408e-33,3.156651746441647e-33,3.156651427708498e-33,3.156651427702004e-33,3.1566515113163344e-33,3.156652952415658e-33,3.15665295245108e-33,3.156652952451156e-33,3.156652942112514e-33,3.1566529421127486e-33,3.156652926824031e-33,3.156652928941096e-33,3.1566460981768224e-33,3.156646098176499e-33,3.15664630504288e-33,3.1566428943636754e-33,3.15664504881908e-33,3.1566450509439785e-33,3.156645051075116e-33,3.156644885094899e-33,3.156644880011905e-33,3.156665883543565e-33,3.15666588336047e-33,3.1566648297585235e-33,3.156664873767467e-33,3.156666633724578e-33,3.156666633586608e-33,3.1566666335578164e-33,3.156667354474907e-33,3.156667354474915e-33,3.1566673545141404e-33,3.1566673534712856e-33,3.1566673536656576e-33,3.156667971705594e-33,3.1566679750406796e-33,3.1569782477281725e-33,3.1569782481708706e-33,3.15314722659581e-33,3.153146877800418e-33,3.153146877778788e-33,3.153146875689393e-33,3.153147290490214e-33,3.1531513724011956e-33,3.153151372092431e-33,3.1531513723714536e-33,3.1531513722886354e-33,3.1531515199285e-33,3.153151422091003e-33,3.1531514221085604e-33,3.153151422266122e-33,3.1531512536298815e-33,3.153153501632885e-33,3.1531528963124326e-33,3.153148942630094e-33,3.15314890489228e-33,3.1531489062316355e-33,3.1531489062331395e-33,3.1531481134262726e-33,3.153146991431756e-33,3.15314736965212e-33,3.153147326398947e-33,3.153147326397788e-33,3.153147232922248e-33,3.1531472329645276e-33,3.1531472328385544e-33,3.153147232840094e-33,3.153147232196259e-33,3.1531472297455117e-33,3.153147191565997e-33,3.153147724179494e-33,3.153127842678293e-33,3.15312783858682e-33,3.15312784065524e-33,3.153128820724671e-33,3.153128820723615e-33,3.153128525196594e-33,3.153128525196472e-33,3.0597109686162152e-33,3.059827353253177e-33,3.0598273440648272e-33,3.059827345782292e-33,3.0598273457825978e-33,3.0598273686122482e-33,3.0598273703152265e-33,3.059827371600848e-33,3.0598273716064248e-33,3.059827372323945e-33,3.0598273723335215e-33,3.0598274731138965e-33,3.05982747338806e-33,3.0598274733887726e-33,3.059827362022903e-33,3.0598273620531317e-33,3.0598261577408576e-33,3.0598261984294566e-33,3.0598252677707807e-33,3.05982639258018e-33,3.0598263420500394e-33,3.0598261825042517e-33,3.0598261825046824e-33,3.0598255619182582e-33,3.0598255618552487e-33,3.0598255618552833e-33,3.0598255613812185e-33,3.059825562621342e-33,3.059825562621408e-33,3.0598254091247295e-33,3.0598254075322677e-33,3.059825408950136e-33,3.059825413864426e-33,3.0598248978952666e-33,3.0598248969636508e-33,3.0598241767781234e-33,3.0598237555400948e-33,3.0598237666451552e-33,3.0598234843121267e-33,3.0598245215785808e-33,3.059824536146303e-33,3.0598245361463407e-33,3.059824536043177e-33,3.059824551088555e-33,3.0249097823249448e-33,3.0249097823250307e-33,3.0249097813481526e-33,3.0249078133990524e-33,3.024907814349633e-33,3.024907814349636e-33,3.0249078143223586e-33,3.0249077599324267e-33,3.0249077599313515e-33,3.0249078420541524e-33,3.0249084950737438e-33,3.024908513164382e-33,3.0249084241730846e-33,3.024908534956692e-33,3.024911357547524e-33,3.0249111848581088e-33,3.024911171700088e-33,3.0249111717256688e-33,3.024911171724562e-33,3.02491117116777e-33,3.0249111125668877e-33,3.024911324585385e-33,3.0249082738470847e-33,3.024919037064801e-33,3.024919037219764e-33,3.0249182729756718e-33,3.0249182674398686e-33,3.0249185578787512e-33,3.02491855787912e-33,3.0249188904931264e-33,3.024919317130892e-33,3.024919317183034e-33,3.0249193193151626e-33,3.0249193201057365e-33,3.0249189468815887e-33,3.0249189370428184e-33,3.0249189370431417e-33,3.024918923830349e-33,3.0249182212019358e-33,3.0172547810787417e-33,3.0172547810808967e-33,3.0172547786578987e-33,3.011288645668796e-33,3.0112890216015548e-33,3.0112890216015445e-33,3.0112891745455695e-33,3.0112891737912844e-33,3.011289246671945e-33,3.0112896724634076e-33,3.0112899833249207e-33,3.011289984238263e-33,3.011289954640929e-33,3.011289954641125e-33,3.011287232031942e-33,3.0112873246204857e-33,3.0112871402779553e-33,3.0112867799103474e-33,3.0112867782056962e-33,3.0112867721456985e-33,3.0112867721456438e-33,3.0113031247681853e-33,3.0111015778792075e-33,3.0111019075081478e-33,3.011101729489974e-33,3.0111042443840867e-33,3.011103886859783e-33,3.0111035749362787e-33,3.0111031652864014e-33,3.0111032228763543e-33,3.011103222427346e-33,3.0111018969551678e-33,3.011100712779081e-33,3.011100607903497e-33,3.0111002565364165e-33,3.0111002563988758e-33,3.0110994967518982e-33,3.0110999391238176e-33,3.0110660143863096e-33,3.0110660838289047e-33,3.0110660956920512e-33,3.011134134910676e-33,3.015464182957508e-33,3.0154634127598434e-33,3.0154634127584965e-33,3.0154634289965293e-33,3.0154634929600806e-33,3.015463652556302e-33,3.0154629057057255e-33,3.01546290574502e-33,3.015463138781157e-33,3.0154631387852855e-33,3.015462575144679e-33,3.015462574743552e-33,3.015462574356959e-33,3.0154620510616816e-33,3.0154620445356496e-33,3.0154640330057418e-33,3.0154647648099274e-33,3.0154587084413713e-33,3.015458708134845e-33,3.0154588161910638e-33,3.0154588906336664e-33,3.0154588906903324e-33,3.0154588906907854e-33,3.015458880374163e-33,3.015459204702421e-33,3.0154597559363836e-33,3.015459817058748e-33,3.0154598763859356e-33,3.0154598762597428e-33,3.0154598767326492e-33,3.0154620457671812e-33,3.0154626151532317e-33,3.0154592867911945e-33,3.0154593041319342e-33,3.0154592900728607e-33,3.015456766612601e-33,3.015456510602546e-33,3.015460839378719e-33,3.015460844909727e-33,3.0154608449132183e-33,3.0154608446352628e-33,3.0154608445943962e-33,3.0154805857723344e-33,3.0157161966501757e-33,3.015716477583366e-33,3.015718849939543e-33,3.0157188449704394e-33,3.015718443281785e-33,3.0157185094629124e-33,3.0157183776553252e-33,3.015718436207885e-33,3.0157183888477714e-33,3.0157182601000758e-33,3.0157182605131783e-33,3.0157182592307175e-33,3.0157174138468966e-33,3.01571741267866e-33,3.015717411131501e-33,3.0157173416630154e-33,3.0157173742163686e-33,3.0157173672905447e-33,3.0157177762042344e-33,3.0157177761017774e-33,3.0157177762439134e-33,3.0157177853588748e-33,3.015717785356066e-33,3.0157177853560257e-33,3.015717785441827e-33,3.0157177854421686e-33,3.015717983864126e-33,3.0157180667806396e-33,3.0157180667048152e-33,3.015718066704722e-33,3.0157183684304926e-33,3.015718366399162e-33,3.0157185282206598e-33,3.0157184795705637e-33,3.015718487193392e-33,3.015718487571022e-33,3.015718486807978e-33,3.015719760456532e-33,3.0157173587298865e-33,3.015717355860691e-33,3.0157169032458275e-33,3.0157168767149588e-33,3.0157053536495045e-33,3.0156949883587405e-33,3.051355169599103e-33,3.0513552980457833e-33,3.0513558786897055e-33,3.0513558714862914e-33,3.0513558714491696e-33,3.051355656595099e-33,3.051356005688305e-33,3.051355650413386e-33,3.0513584924370027e-33,3.05136051084703e-33,3.0513610982545042e-33,3.051361098254569e-33,3.051361118184274e-33,3.0513611118365995e-33,3.0513611118367596e-33,3.0513649465983328e-33,3.051364613240946e-33,3.051364612176765e-33,3.0513646121767666e-33,3.051364612176765e-33,3.0513630229015e-33,3.0513631865224794e-33,3.0513633829874057e-33,3.051363382984297e-33,3.0513658656916575e-33,3.0513658656937735e-33,3.051365865697079e-33,3.051365867913607e-33,3.0513653840242676e-33,3.0513655418074172e-33,3.0513640951572524e-33,3.0513640978139884e-33,3.0513640957083664e-33,3.0513626990814128e-33,3.0513626991960045e-33,3.0513627073667265e-33,3.051363150480079e-33,3.0513632580120073e-33,3.0513632579759433e-33,9.044451741164558e-33,9.044464629080977e-33,9.044464628803307e-33,9.044464773562444e-33,9.044474063806662e-33,9.04447400393648e-33,9.044473790789827e-33,9.044478357250566e-33,9.044478357250954e-33,9.044478360410947e-33,9.044478359526443e-33,9.044478359562153e-33,9.044478359535278e-33,9.044478465711277e-33,9.044478660986516e-33,9.044478660986457e-33,9.04447813756456e-33,9.044477881285347e-33,9.044477567877616e-33,9.04447757942063e-33,9.044477772031661e-33,9.044478466938869e-33,9.04447846693879e-33,9.044480670639377e-33,9.044480404162995e-33,9.044480404691721e-33,9.044480404691877e-33,9.044480402820228e-33,9.044480034619796e-33,9.044480034621287e-33,9.044480174352539e-33,9.04448017172342e-33,9.044480069539403e-33,9.044479753002686e-33,9.04447975300289e-33,9.04447975300561e-33,9.044479673987022e-33,9.044479674017104e-33,9.044478264052295e-33,9.044478346876985e-33,9.0513144364285e-33,9.05131432666489e-33,9.051314286438096e-33,9.051314286334627e-33,9.051313105256986e-33,9.051313102841977e-33,9.051313104935356e-33,9.051313118699858e-33,9.051313118699757e-33,9.051313409683363e-33,9.051313395850775e-33,9.051313384620135e-33,9.051313382111866e-33,9.051313442815216e-33,9.051313514541695e-33,9.051313516407198e-33,9.051313448975956e-33,9.051313437579527e-33,9.051313434537141e-33,9.05131343550547e-33,9.051313432895142e-33,9.05131349638278e-33,9.051313496383122e-33,9.051313505149763e-33,9.05131350515546e-33,9.051313761683238e-33,9.051314166524634e-33,9.051301916697696e-33,9.051301581721396e-33,9.051301520285075e-33,9.051301618922497e-33,9.051301357896658e-33,9.051301190223979e-33,9.051301058528057e-33,9.051301059379023e-33,9.05130045468408e-33,9.051300454980115e-33,9.051300508156875e-33,9.05130050698849e-33,9.051300658835439e-33,9.051300658315885e-33,9.051300654473893e-33,9.05130088675566e-33,9.051300882339097e-33,9.051300431168054e-33,9.051300431169599e-33,9.05131442009292e-33,9.051314416553137e-33,9.051314425348498e-33,9.051314545598223e-33,9.051314547429213e-33,9.051314231592395e-33,9.051314234471611e-33,9.051314234471613e-33,9.051313660992742e-33,9.051313660992893e-33,9.051313661689171e-33,9.05131361915964e-33,9.051313619159608e-33,9.051313803140249e-33,9.051266679786895e-33,9.051241608351986e-33,9.051241768782994e-33,9.051241770419671e-33,9.05124144347864e-33,9.051241440862371e-33,9.051241023593051e-33,9.051239944416859e-33,9.051239943852367e-33,9.051240671283826e-33,9.051240671022007e-33,9.051240671023127e-33,9.051251510353195e-33,9.051251510436112e-33,9.051251510658705e-33,9.051251688108504e-33,9.051251715441802e-33,9.051251703437895e-33,9.051251703232855e-33,9.051251739561435e-33,9.05125300482214e-33,9.051253004936374e-33,9.051252933438388e-33,9.05123172064599e-33,9.051155721601723e-33,9.051154315441533e-33,9.051832265020186e-33,9.051832265020203e-33,9.051830412526158e-33,9.051830407764057e-33,9.051820721046946e-33,9.051820855507855e-33,9.051820856247746e-33,9.0518200166208e-33,9.051820014666609e-33,9.051820014666543e-33,9.051819891345332e-33,9.051819891504631e-33,9.051821807847086e-33,9.051821809630478e-33,9.051821814894271e-33,9.051821814894576e-33,9.051821813034473e-33,9.051821807323393e-33,9.051821799863861e-33,9.051821637080576e-33,9.051821596330718e-33,9.051821596330672e-33,9.051823076853532e-33,9.051823052390171e-33,9.051823052370633e-33,9.051823057851529e-33,9.051823444271522e-33,9.051823444243895e-33,9.051823445236801e-33,9.051822900289842e-33,9.051822900291154e-33,9.051822900290957e-33,9.051822896021701e-33,9.051820721675939e-33,9.05182086609349e-33,9.051823980501234e-33,9.051823980478264e-33,9.05182399501212e-33,9.051829472085828e-33,9.051989429794013e-33,9.05199285313661e-33,9.051987948938529e-33,9.052081866159413e-33,9.052081864212241e-33,9.052081865586937e-33,9.052081540646284e-33,9.052081540672606e-33,9.052081537206155e-33,9.05207813887368e-33,9.052078131551511e-33,9.052077513551143e-33,9.05207751355843e-33,9.052077539913326e-33,9.052077539933904e-33,9.052077928339179e-33,9.052077928237831e-33,9.052077733098831e-33,9.052077733098822e-33,9.05207773309887e-33,9.052077732758366e-33,9.052114289155926e-33,9.052113981344353e-33,9.052113981373093e-33,9.052113903281707e-33,9.052112898393966e-33,9.052112562102025e-33,9.052112562102173e-33,9.05211256220128e-33,9.052112151962033e-33,9.052112151969309e-33,9.052112152232045e-33,9.052112099346328e-33,9.052111916774062e-33,9.052111943888514e-33,9.052111950773804e-33,9.052112771635014e-33,9.05211277163803e-33,9.052116030972234e-33,9.052121922204111e-33,9.052125067470492e-33,9.05204328013573e-33,9.052043029508596e-33,9.052043029216962e-33,9.052043029215184e-33,9.05289320785033e-33,9.052890545927673e-33,9.052890544676784e-33,9.052890544676801e-33,9.052890544676018e-33,9.052890544676066e-33,9.052890539849434e-33,9.05289053980479e-33,9.05289054168491e-33,9.052888896312405e-33,9.05288774986105e-33,9.052886760455089e-33,9.052886757848206e-33,9.0528867578483e-33,9.052886446320412e-33,9.052868234441158e-33,9.05286823382126e-33,9.052868233811586e-33,9.05286832738975e-33,9.052873340783139e-33,9.052873340222412e-33,9.052873341729398e-33,9.05286512116326e-33,9.052865058116739e-33,9.052865056807527e-33,9.052865039411778e-33,9.052863972835835e-33,9.052864138768004e-33,9.05286413883366e-33,9.05286366996184e-33,9.052863627939325e-33,9.052863627939052e-33,9.052863630395284e-33,9.052863630398569e-33,9.052863806039983e-33,9.052863651353602e-33,9.052863512995386e-33,9.053054580133893e-33,9.053054581030804e-33,9.053054581026973e-33,9.05305461910009e-33,9.053054617011836e-33,9.053054610795676e-33,9.053054610795323e-33,9.053054610794619e-33,9.053054617478861e-33,9.053054855909612e-33,9.05305440949723e-33,9.05305427622515e-33,9.053054245378068e-33,9.053054440129939e-33,9.053054441437846e-33,9.05305659052702e-33,9.053056710857646e-33,9.05305704021219e-33,9.053057041065116e-33,9.053059221335505e-33,9.053059221549084e-33,9.053056504857833e-33,9.053056502920887e-33,9.053048113072024e-33,9.053048113719931e-33,9.05304803624592e-33,9.053048068399771e-33,9.053048077219747e-33,9.053048078591276e-33,9.05304831004143e-33,9.053046618927486e-33,9.05304663567599e-33,9.053046636148135e-33,9.053046636157854e-33,9.053046636141425e-33,9.05304667199287e-33,9.053046671511997e-33,9.053045007848814e-33,9.053033709008826e-33,9.052303031579585e-33,9.052305377006058e-33,9.052305376903056e-33,9.052418744556752e-33,9.052422750937051e-33,9.052422800380196e-33,9.05080232498458e-33,2.5962147631889035e-32,2.596214751667043e-32,2.596214728024762e-32,2.596214602790226e-32,2.5962146123526277e-32,2.5962146123526124e-32,2.596214612346972e-32,2.596214605143501e-32,2.596214699846997e-32,2.5962146998469603e-32,2.5962148103724226e-32,2.596214775406327e-32,2.596214788845478e-32,2.596213993132063e-32,2.5962139815545895e-32,2.596214352516326e-32,2.596214352728179e-32,2.5962144482890863e-32,2.5962144482890896e-32,2.596224273259226e-32,2.59622427325628e-32,2.596224261556048e-32,2.596224261555923e-32,2.59622428096175e-32,2.596224368729512e-32,2.596224368729518e-32,2.596224590078953e-32,2.596224590094423e-32,2.596224388916236e-32,2.5962243921190414e-32,2.596224372232007e-32,2.596224377192177e-32,2.5962243771028623e-32,2.596224320833463e-32,2.5962243196182674e-32,2.596224319605384e-32,2.596224317273538e-32,2.5962242532342514e-32,2.5961612522074493e-32,2.5961610663941705e-32,2.596161068286198e-32,2.5961610243429213e-32,2.596161020136672e-32,2.596161016048781e-32,2.5961610589393005e-32,2.596161058957766e-32,2.596161076877081e-32,2.59616107687722e-32,2.5961610448897534e-32,2.5961610452082325e-32,2.5961610437046e-32,2.596161043705689e-32,2.5961610437048664e-32,2.596161041764155e-32,2.5961610452926076e-32,2.5961610452924275e-32,2.595112445275353e-32,2.5951124452771585e-32,2.5951124418128e-32,2.595112441812882e-32,2.5951094887857543e-32,2.5951131576142977e-32,2.5951131576142873e-32,2.595113163818299e-32,2.5951131636877787e-32,2.5951132443127853e-32,2.5951132240176625e-32,2.59511322875048e-32,2.595113228164107e-32,2.5951132264947515e-32,2.595113226267929e-32,2.595113202106481e-32,2.595113203749763e-32,2.595113183281818e-32,2.5951131705750845e-32,2.5951131772437857e-32,2.5951127067806275e-32,2.5951835668962085e-32,2.5951836376674453e-32,2.595169424106675e-32,2.595169434682162e-32,2.2516689750193317e-32,2.35171563698208e-32,2.3517156921316562e-32,2.351715671382954e-32,2.3517078542334473e-32,2.3517078541152483e-32,2.3517078566976884e-32,2.3517078567114348e-32,2.3517077017990818e-32,2.3517076101777563e-32,2.3517076097694064e-32,2.351707609746109e-32,2.35170769578137e-32,2.35170768848672e-32,2.351707703698236e-32,2.3517079605590133e-32,2.3517078012870352e-32,2.3517077652933814e-32,2.35170776529808e-32,2.3517077647117464e-32,2.351707763214909e-32,2.3517075426285623e-32,2.3517074767747227e-32,2.35170747696067e-32,2.3517074770423945e-32,2.3517074770425377e-32,2.351707478407317e-32,2.3517119063504198e-32,2.3517119063697826e-32,2.3517119046844166e-32,2.3517118926794114e-32,2.351711891236293e-32,2.3517118064919103e-32,2.351711802303442e-32,2.3517118024811502e-32,2.3517118061349916e-32,2.351711806065936e-32,2.3517118097499834e-32,2.3517118097502472e-32,2.3517115073911284e-32,2.3517115073693735e-32,2.3517115073747502e-32,2.3517115073740819e-32,2.3517114495170363e-32,2.3517114254864164e-32,2.3517114251406752e-32,2.351711550556906e-32,2.3517115498313242e-32,2.3517115639232819e-32,2.3517115639234102e-32,2.3517114806913217e-32,2.3517114806825144e-32,2.3517114806823162e-32,2.351711480682311e-32,2.351711490244306e-32,2.3517114968400322e-32,2.3517114341269064e-32,2.3517114232635322e-32,2.3517114274815597e-32,2.351711353099792e-32,2.3517113530998038e-32,2.3517113530996918e-32,2.3517113531194165e-32,2.3517112010925625e-32,2.3517111902520065e-32,2.3517111902520005e-32,2.351711187947888e-32,2.351711187875185e-32,2.3517111878752343e-32,2.3517115649686513e-32,2.3517114988176445e-32,2.351711498817657e-32,2.351711481370949e-32,2.351711505923578e-32,2.3517111720886377e-32,2.3517111740791756e-32,2.3517112342870184e-32,2.3517111451963796e-32,2.3517110338488837e-32,2.3517109537655887e-32,2.3517109421618598e-32,2.351711377357174e-32,2.3517164518755895e-32,2.3517164517891288e-32,2.3514404378638226e-32,2.3514474233565619e-32,2.3514427731626137e-32,2.3514427731605842e-32,2.3514427957733064e-32,2.3514427958119176e-32,2.3514427191359258e-32,2.3514427191864845e-32,2.3514427044069233e-32,2.3514426648148363e-32,2.3514427344865576e-32,2.351442734443244e-32,2.351442756441443e-32,2.3514427097468465e-32,2.3514427097468443e-32,2.3514427097099285e-32,2.3514427096766636e-32,2.3514426510908054e-32,2.351442388856808e-32,2.3514423888566932e-32,2.3514424051536274e-32,2.3514423781976518e-32,2.3514425082206725e-32,2.3514425082206484e-32,2.3514425076675948e-32,2.3514425648547882e-32,2.3514425483537423e-32,2.3514425706202142e-32,2.3514425706872806e-32,2.3514425706770333e-32,2.3514425751466278e-32,2.3514425751606563e-32,2.3514425751608397e-32,2.351442575161116e-32,2.3514425751608288e-32,2.3514425753869786e-32,2.3514425001108955e-32,2.3514424997256013e-32,2.3514572487255853e-32,2.351457218517131e-32,2.3514572969290067e-32,2.3514566986730967e-32,2.351456698808378e-32,2.3514583286011016e-32,2.3514585857007356e-32,2.351459300823759e-32,2.3514593008252465e-32,2.351459358462549e-32,2.3514593583303702e-32,2.3514593582351317e-32,2.351459328257425e-32,2.3514593281918387e-32,2.35145935685455e-32,2.3514593894370446e-32,2.3514593891768572e-32,2.3514592923552912e-32,2.3514601239421124e-32,2.351460123934101e-32,2.3514601243240552e-32,2.3514601250405087e-32,2.3512292565092544e-32,2.3512292520986264e-32,2.351229232511505e-32,2.3512292335464375e-32,2.3512292344592223e-32,2.3512292344428022e-32,2.3512292344430376e-32,2.3512292038956717e-32,2.351229203895759e-32,2.3512292038957078e-32,2.3512291873187384e-32,2.3512291873496792e-32,2.3512290943513382e-32,2.3512290945049826e-32,2.3512291410854245e-32,2.3512291410854283e-32,2.3512290305017832e-32,2.351229022938065e-32,2.3512290229249298e-32,2.3512292065208799e-32,2.3512292052357646e-32,2.3512292053218148e-32,2.3512035259902414e-32,2.3512035259744834e-32,2.3512783094491428e-32,2.3512943950065694e-32,2.3512943929661286e-32,2.3512943929663645e-32,2.351294392960605e-32,2.3512943936069136e-32,2.3512943857693328e-32,2.3512943496113841e-32,2.351294349992646e-32,2.3512943499891397e-32,2.3512943500465423e-32,2.3512943432597216e-32,2.351294350589483e-32,2.3512943623815884e-32,2.3512943623815235e-32,2.3512943506136853e-32,2.351294350613679e-32,2.3512943509311153e-32,2.3512943409245672e-32,2.3512943423189916e-32,2.351298207327817e-32,2.3512981599351877e-32,2.3512981403262752e-32,2.3512981360449937e-32,2.351298136097065e-32,2.3512981306774289e-32,2.3512981306888453e-32,2.3512981307349902e-32,2.3512981305262764e-32,2.3512981305262898e-32,2.3512981916459446e-32,2.3512981907863933e-32,2.3512983045089486e-32,2.3512982929377778e-32,2.3512982760999262e-32,2.3512982760452348e-32,2.351298275960286e-32,2.3512982701382787e-32,2.3512982982202102e-32,2.351299450848578e-32,2.3512994520698093e-32,2.3479562600500294e-32,2.3479564349919646e-32,2.3479632730079566e-32,2.3479632738365614e-32,2.347963273836932e-32,2.3479635231585096e-32,2.347963609485995e-32,2.3479636095163553e-32,2.3479636095736654e-32,2.3479636095896027e-32,2.3479637874084195e-32,2.3479637874077008e-32,2.3479637742365944e-32,2.347963774240425e-32,2.3479637742388877e-32,2.3479637724536665e-32,2.347963769668149e-32,2.3479637822351423e-32,2.3479637952807315e-32,2.3479637884525558e-32,2.3479638227165105e-32,2.3479289574920433e-32,2.3479289565485526e-32,2.3479289562746266e-32,2.347928956264026e-32,2.347928957232343e-32,2.3479288463515252e-32,2.347928852598617e-32,2.3479288525874125e-32,2.3479288504880102e-32,2.3479288504879995e-32,2.3479288503046795e-32,2.3479288503046836e-32,2.3479288503047674e-32,2.3479285948179773e-32,2.3479285947956296e-32,2.3479285947602137e-32,2.3479286311005573e-32,2.347928771918914e-32,2.3479287719156652e-32,2.347928287049509e-32,2.3479247488084244e-32,2.3477537626529338e-32,2.3477536136656235e-32,2.3477536334036133e-32,2.3477536075951665e-32,2.347753626517733e-32,2.347753844889436e-32,2.3477538449265708e-32,2.3477537931994072e-32,2.3477538328574326e-32,2.3477538338672737e-32,2.347753837451452e-32,2.3477538374514517e-32,2.3477538374517662e-32,2.3477538374521395e-32,2.3477538375299332e-32,2.3477538601996255e-32,2.3477538601548732e-32,2.3477538853458145e-32,2.347753885339788e-32,2.3477538857448096e-32,2.3477538857447045e-32,2.34775388563461e-32,2.3477539199862943e-32,2.347753827861974e-32,2.3477538278631113e-32,2.347753894503492e-32,2.347753989235972e-32,2.3477539893020401e-32,2.3477539892732615e-32,2.3477539892787575e-32,2.3477539892797863e-32,2.3477540044094972e-32,2.3477540244531534e-32,2.3477543621378176e-32,2.3477543621383165e-32,2.3477542846493866e-32,2.3477542846972844e-32,2.3477542847715024e-32,2.347754283963846e-32,2.3477544095492103e-32,2.347759616572638e-32,2.347758278401736e-32,2.347758137986632e-32,2.3477716277001728e-32,2.1401009244658435e-32,2.1401009244554487e-32,2.140100847782879e-32,2.14010087198518e-32,2.1401008093680702e-32,2.1401008095031174e-32,2.1401008095006873e-32,2.1401008133469229e-32,2.1401008398550155e-32,2.1401004764816266e-32,2.1401004760796185e-32,2.140100476084618e-32,2.1401004697646001e-32,2.1401004697488123e-32,2.140100470719795e-32,2.14010047044252e-32,2.140100492698512e-32,2.1401004941328038e-32,2.140099853896646e-32,2.1400999012150552e-32,2.1400999025774868e-32,2.1400999013539953e-32,2.1400999013536508e-32,2.140099914983643e-32,2.1401000777852708e-32,2.1401000407050992e-32,2.1401000407143283e-32,2.1401000270633697e-32,2.1400998592935681e-32,2.1400998592935632e-32,2.1400998500387943e-32,2.140099783926728e-32,2.1400997801573848e-32,2.1400997800761965e-32,2.1401010892319212e-32,2.1401010893052253e-32,2.1401010894084925e-32,2.140101087409624e-32,2.1401010682058436e-32,2.1400956438462814e-32,2.1400956297351342e-32,2.1400960012298365e-32,2.14009600153044e-32,2.1400960015303934e-32,2.1400960015484113e-32,2.1400960015447985e-32,2.140096001566114e-32,2.1400960178861268e-32,2.1400960179254598e-32,2.140095947929952e-32,2.140095951914691e-32,2.1400959514302305e-32,2.1400959514267656e-32,2.140095899051946e-32,2.1400958989811483e-32,2.1400958550373998e-32,2.1400958544312153e-32,2.1400958547946828e-32,2.140095860352654e-32,2.1400958572113914e-32,2.1400962996449964e-32,2.1400962996160127e-32,2.1400964833561022e-32,2.140096447395613e-32,2.1400964473896678e-32,2.1400964381833328e-32,2.1400963139853856e-32,2.1400963143852675e-32,2.1400964099332215e-32,2.1400964099134706e-32,2.1400964099135217e-32,2.1400964095106238e-32,2.1400964067929844e-32,2.1400964067912262e-32,2.1400964067911515e-32,2.1400966506988145e-32,2.14009661514127e-32,2.140096672970288e-32,2.1400966729588175e-32,2.1400966729586333e-32,2.1403526688328726e-32,1.993240408002315e-32,1.9932404141441797e-32,1.9932404138183277e-32,1.9932404848536252e-32,1.9932405557745803e-32,1.9932405557453572e-32,1.993240555745323e-32,1.9933543769402013e-32,1.9933543769483294e-32,1.993354377073682e-32,1.993354483985152e-32,1.9933544889449368e-32,1.9933544919948345e-32,1.993354261040801e-32,1.9933543313504296e-32,1.9933543313507758e-32,1.9933543313775058e-32,1.9933543311517512e-32,1.9933543312481476e-32,1.993354534370848e-32,1.993354561105639e-32,1.993353460445456e-32,1.9933530079685523e-32,1.993353018836132e-32,1.9933530188700033e-32,1.9933530188699885e-32,1.9933530187234578e-32,1.9933530187233946e-32,1.9933529583140848e-32,1.9933529364987697e-32,1.9933529364987551e-32,1.9933534042343644e-32,1.9933533750630723e-32,1.993353375160509e-32,1.9933533751625188e-32,1.993353375158972e-32,1.9933533685089282e-32,1.9933533678185626e-32,1.9933532207960963e-32,1.9933532321834719e-32,1.993353232732521e-32,1.9933532773294595e-32,1.9933536672743853e-32,1.9933579784260804e-32,1.993357975897882e-32,1.9933151193636887e-32,1.9933150948905253e-32,1.993315094890658e-32,1.9933150423617042e-32,1.993315042479054e-32,1.9933150359854114e-32,1.993315044229317e-32,1.993315065288417e-32,1.993315065302758e-32,1.9933150653042977e-32,1.9933150652989925e-32,1.9933150652990393e-32,1.9933150546181098e-32,1.993315067368172e-32,1.9933150673681966e-32,1.993315067371502e-32,1.9933150706250753e-32,1.9933154330468753e-32,1.9933154330469322e-32,1.9933152967107847e-32,1.993315230013795e-32,1.9933152469773455e-32,1.9933152469830457e-32,1.9933144997131585e-32,1.9933144991936082e-32,1.9933144994403014e-32,1.9933144751596405e-32,1.9933144751765907e-32,1.9933143570784807e-32,1.9933143545218174e-32,1.9933143438848755e-32,1.993314343884876e-32,1.9933144608361878e-32,1.993314443382218e-32,1.9933144098350147e-32,1.9933143460078468e-32,1.9933145049342893e-32,1.9933144777344495e-32,1.9933144787036332e-32,1.993314613984236e-32,1.9933138810213308e-32,1.993006788209495e-32,1.993006788196094e-32,1.993006363003665e-32,1.9930063631027752e-32,1.9930063711766938e-32,1.9930063712040407e-32,1.993006371246889e-32,1.9930063704426624e-32,1.993006370374166e-32,1.9930063841783214e-32,1.993006384178657e-32,1.993006384161012e-32,1.993006363786509e-32,1.9930063481015443e-32,1.9930063484030235e-32,1.9930063483890642e-32,1.993006348388411e-32,1.9930063483884092e-32,1.9930058232117706e-32,1.9930057454072234e-32,1.9930057454068487e-32,1.9930057453068488e-32,1.9930057385513983e-32,1.9930057385642144e-32,1.9930057385641933e-32,1.9930053473655069e-32,1.9930053488496494e-32,1.993005339897717e-32,1.9930053386338092e-32,1.9930053393818087e-32,1.9930053187948529e-32,1.9930053101645318e-32,1.9930053101674745e-32,1.9930051991633695e-32,1.9930051991505257e-32,1.9930053564731893e-32,1.993005355409337e-32,1.9930053491904033e-32,1.9930053491903188e-32,1.9930053491905076e-32,1.9930082360855117e-32,1.993008972051812e-32,1.992999717435459e-32,1.9929997207541264e-32,1.9929997207530489e-32,1.992999650126481e-32,1.9929996398216508e-32,1.992999639821639e-32,1.9929996398216177e-32,1.9929996398210484e-32,1.992999643816131e-32,1.9929996269690015e-32,1.99299962696902e-32,1.992999681665648e-32,1.9929996444816185e-32,1.9929996444815916e-32,1.992999644481591e-32,1.9929992720277759e-32,1.9929992719794513e-32,1.99299927197947e-32,1.9929993187562238e-32,1.9929993461460165e-32,1.9935744980259445e-32,1.9935744907664576e-32,1.9935745371069824e-32,1.9935745370889842e-32,1.9935637430645543e-32,1.9935638566727202e-32,1.9935639941841794e-32,1.993564003557358e-32,1.9935640035572918e-32,1.9935640035503524e-32,1.9935640036912872e-32,1.9935640036913778e-32,1.9935638551208796e-32,1.9935638558487025e-32,1.9935638544028737e-32,1.9935638488479886e-32,1.9935657407380226e-32,1.9935655312292452e-32,1.9935654360548104e-32,1.9935654356546805e-32,1.993565458690653e-32,1.993565458717607e-32,1.9935654666951474e-32,1.9935654666951773e-32,1.993565456326358e-32,1.9935654563341716e-32,1.9935654561384326e-32,1.9935655096597636e-32,1.9935655096596018e-32,1.9935655096528277e-32,1.9935655925304473e-32,1.9935656048248136e-32,1.9935656691725441e-32,1.9935656691724806e-32,1.9935656690963737e-32,1.9935656812987798e-32,1.9935656854705613e-32,1.9935656709026094e-32,1.9935656699082127e-32,1.9935656646968004e-32,1.9935671221181692e-32,1.9935671212640441e-32,1.9935671212621546e-32,1.9935671218922038e-32,1.9935671216414434e-32,1.9935671158458645e-32,1.9935671160279515e-32,1.9935671160280185e-32,1.993566998107692e-32,1.9935669981077125e-32,1.9935667171621735e-32,1.993566717356105e-32,1.9935667173594766e-32,1.993566717448381e-32,1.9935668797138384e-32,1.993566882702749e-32,1.993566923419949e-32,1.9935669228862818e-32,1.9935669226073517e-32,1.9935669410523265e-32,1.993566941114351e-32,1.993568359491382e-32,1.9935403602365435e-32,1.9935404505772683e-32,1.9935409039607317e-32,1.993540490462993e-32,1.9935404904970107e-32,1.993540587421121e-32,1.993540587391118e-32,1.9935404753194958e-32,1.9935404753194635e-32,1.993540429762364e-32,1.993540429552838e-32,1.9935404296753734e-32,1.9935404294295985e-32,1.9935404294296037e-32,1.9935404418900953e-32,1.9935404527148684e-32,1.9935404527148725e-32,1.9935404463062543e-32,1.9935404468492544e-32,1.993540446845024e-32,1.993540446845041e-32,1.9935404468163513e-32,1.993540431659198e-32,1.9935404354763246e-32,1.9935404555662642e-32,1.9935404556255197e-32,1.9935404594498474e-32,1.9935404594497412e-32,1.9935404594740137e-32,1.9935404595992077e-32,1.9935404584328077e-32,1.9935404595375134e-32,1.9935404600883014e-32,1.9935402038006911e-32,1.9935401402613045e-32,1.9935403087676734e-32,1.9935403143039918e-32,1.9935403073750504e-32,1.9935404471026746e-32,1.993540449672561e-32,1.9935404497361247e-32,1.9935404497479087e-32,1.9935488781643156e-32,1.993551442937346e-32,1.9836171818203007e-32,1.9836171813691157e-32,1.98361717879322e-32,1.9836171689228462e-32,1.983617168923249e-32,1.9836171689461817e-32,1.9836170921813752e-32,1.9836170921066753e-32,1.9836171411153673e-32,1.9836171718945624e-32,1.9836171808578155e-32,1.9836171807457982e-32,1.9836171307676668e-32,1.9836171307110502e-32,1.9836171066063583e-32,1.9836171066652445e-32,1.9836171262789876e-32,1.983617438712304e-32,1.983617438712348e-32,1.9836174386164555e-32,1.9836174382084598e-32,1.9836174382084754e-32,1.9836171910227933e-32,1.9836170585472386e-32,1.983617058547062e-32,1.9836170586667e-32,1.983617058796773e-32,1.9836170451873795e-32,1.9836170766284125e-32,1.9836172308094815e-32,1.9836172308029778e-32,1.983617230802933e-32,1.9836172202463796e-32,1.9836172202423968e-32,1.9836172203080205e-32,1.9836172203080758e-32,1.9836172203079883e-32,1.9836172473615976e-32,1.9836172470830967e-32,1.9836173011650578e-32,1.9836173011152477e-32,1.9836173000240103e-32,1.9836173000239556e-32,1.9836172689950147e-32,1.983617255050115e-32,1.983617254624555e-32,1.98361724819378e-32,1.9836172445170408e-32,1.983617237113609e-32,1.9836172370140753e-32,1.9836172370108488e-32,1.9836172370102053e-32,1.983617249030769e-32,1.9836172490236282e-32,1.983617397010468e-32,1.9836182674917848e-32,1.9836182674888043e-32,1.9836183464652938e-32,1.9836183464715154e-32,1.9836183464715083e-32,1.9836183460417248e-32,1.9836185575586814e-32,1.9836181088941377e-32,1.9837781526180607e-32,1.9837781734355561e-32,1.9837781738272943e-32,1.9837781788097312e-32,1.9837793409197885e-32,1.983779341469399e-32,1.9837793414570548e-32,1.9837793416707915e-32,1.9837793416707887e-32,1.9837793318015184e-32,1.9837793318014308e-32,1.983779288354079e-32,1.9837793957726303e-32,1.9837793957721532e-32,1.9837793957719989e-32,1.9837793957779144e-32,1.983779395796449e-32,1.983779193795689e-32,1.9837811236751348e-32,1.9837811236733482e-32,1.983781149214585e-32,1.983781149214192e-32,1.9837811494016694e-32,1.9837807368786042e-32,1.9837845428382646e-32,1.9837845569769785e-32,1.983784557058615e-32,1.9837845566207416e-32,1.9837845566245709e-32,1.9837845566257007e-32,1.9837845623531537e-32,1.9837845623531425e-32,1.9837845623524574e-32,1.983784562343493e-32,1.983784665869856e-32,1.9837846204526898e-32,1.9837846204720187e-32,1.9837846013717708e-32,1.983784559108874e-32,1.9837845589646744e-32,1.983784558959791e-32,1.983784739189012e-32,1.9837842840388025e-32,1.9837842858275786e-32,1.9837842858276032e-32,1.983784285844601e-32,1.9837842823642295e-32,1.9837842453252034e-32,1.983784074633563e-32,1.9837840336421768e-32,1.9837829351144838e-32,1.9837829941782728e-32,1.9837829941325188e-32,1.983782924186035e-32,1.9837828234413997e-32,1.9837836537203116e-32,1.983783653684416e-32,1.9837835994462234e-32,1.9837835995174042e-32,1.9837836034774506e-32,1.9837832039109457e-32,1.9837832041321505e-32,1.9837832041321423e-32,1.9837832041363988e-32,1.9837833042017627e-32,1.9837833041996736e-32,1.9837833041996364e-32,1.9837846358408136e-32,1.9837846353738245e-32,1.9837846353736294e-32,1.9837846353736497e-32,1.9837846354781958e-32,1.9837846355096435e-32,1.983784635535566e-32,1.983784869857365e-32,1.9837848690609705e-32,1.983784869060965e-32,1.9837848603392513e-32,1.983784860290336e-32,1.9837848657074645e-32,1.9837846431589202e-32,1.983784641238868e-32,1.983784696505267e-32,1.9837837502202112e-32,1.9837837516245484e-32,1.983782142969379e-32,1.9837821425542712e-32,1.9837821425538768e-32,1.9837821728416447e-32,1.983782356290418e-32,1.983782365808673e-32,1.9837823990854936e-32,1.983782399483586e-32,1.9837823994504804e-32,1.983782414118991e-32,1.9837824016706427e-32,1.9837824016681398e-32,1.983782401668116e-32,1.9837822981299882e-32,1.9837822975647255e-32,1.9837822981026397e-32,1.9837822971171108e-32,1.9837822971170643e-32,1.983782555955963e-32,1.983782545114301e-32,1.98378254190082e-32,1.983782600727153e-32,1.9837826006867878e-32,1.9837989270252604e-32,1.983798923026658e-32,1.9837989117596613e-32,1.983798937005187e-32,1.983798950076047e-32,1.9837986975053004e-32,1.9837986057435564e-32,1.9837980972596783e-32,1.9837980972064448e-32,1.9837980971719745e-32,1.983798340296005e-32,1.9837983506745394e-32,1.9837983506745468e-32,1.98379835067396e-32,1.983798351326943e-32,1.98379833718429e-32,1.9837983390002398e-32,1.9837983390462719e-32,1.9837983398211634e-32,1.983798305384552e-32,1.9837983040295272e-32,1.9837983045915522e-32,1.9837983167816295e-32,1.9837983167902215e-32,1.983798316815699e-32,1.9837983166306602e-32,1.983798375538315e-32,1.9837983755383317e-32,1.9837983726060654e-32,1.9837983497033873e-32,1.983798349703079e-32,1.9837983845380983e-32,1.9837983593465294e-32,1.9837984057573172e-32,1.9837984063662698e-32,1.983796133549844e-32,1.9837961334902883e-32,1.9837999705880318e-32,1.9837999705877568e-32,1.9837999705877612e-32,1.9837999091322463e-32,1.9837999091496985e-32,1.9834585282620394e-32,1.9834585282511057e-32,1.9834589415511608e-32,1.9834589415511644e-32,1.9834589629867545e-32,1.9834589630311797e-32,1.9834589630250835e-32,1.9834589630145475e-32,1.9834589638433488e-32,1.9834589722586168e-32,1.9834589722681218e-32,1.983458972268998e-32,1.9834589722792725e-32,1.9834590126075257e-32,1.9834590060518497e-32,1.9834592323201693e-32,1.9834579498614388e-32,1.983458134403856e-32,1.9834581060574694e-32,1.9834599137461362e-32,1.9834599122427704e-32,1.9834598666094391e-32,1.983459866609405e-32,1.9834599242697966e-32,1.983459924318733e-32,1.983460352158373e-32,1.983460352157584e-32,1.9834603616709096e-32,1.9834602735281217e-32,1.9834602525534912e-32,1.9834602486916831e-32,1.9834612828365173e-32,1.983461280594708e-32,1.9834612891658828e-32,1.983461306203441e-32,1.9834612794175253e-32,1.983461343188871e-32,1.983460787795318e-32,1.9834752466145075e-32,1.9834752424989273e-32,1.9837595680166288e-32,1.9835941159761463e-32,1.9835940804107003e-32,1.9835922551627707e-32,1.9835922649505712e-32,1.9835922632916796e-32,1.9835922633448167e-32,1.9835922656360355e-32,1.9835922656437812e-32,1.9835922671503703e-32,1.9835923293703293e-32,1.9835924550756114e-32,1.983592455075772e-32,1.983592455048355e-32,1.9835924550483255e-32,1.9835922487739125e-32,1.9835922492457497e-32,1.9835923786103423e-32,1.9835926847209613e-32,1.9835926845994564e-32,1.9835926846553482e-32,1.9835751980576323e-32,1.9835752467830893e-32,1.9835752337115002e-32,1.9835752337800286e-32,1.9835752337805585e-32,1.9835752341609673e-32,1.983575234262929e-32,1.9835752342655069e-32,1.9835752342656965e-32,1.9835752338156553e-32,1.9835752338158822e-32,1.9835752306255306e-32,1.983575230685482e-32,1.9835752307024176e-32,1.9835753136531724e-32,1.9835752910699545e-32,1.9835802705050815e-32,1.9835803924796451e-32,1.9835802980205126e-32,1.9835788557491314e-32,1.9835805853687564e-32,1.983580128611553e-32,2.09439349505389e-32,2.0943934964848997e-32,2.0943934964844725e-32,2.094393496484203e-32,2.0943934964913928e-32,2.094393499746052e-32,2.0943935023444511e-32,2.0943935022840366e-32,2.094393502284935e-32,2.0943934916833842e-32,2.0943934518913855e-32,2.0943934518898452e-32,2.0943934518898496e-32,2.0943933831418426e-32,2.0943416215778445e-32,2.0943416215498692e-32,2.0943416213437852e-32,2.0943416216182895e-32,2.094341602690906e-32,2.0943416433952186e-32,2.0943417160078987e-32,2.0943417167885525e-32,2.0943417221163982e-32,2.0943063774543343e-32,2.09430637720592e-32,2.0943063611142858e-32,2.0943063610507107e-32,2.0943064150522004e-32,2.0943066274070256e-32,2.094306630242058e-32,2.0943066302698713e-32,2.0943066302698387e-32,2.0943065504119948e-32,2.0943065504119486e-32,2.0943065500185904e-32,2.0943065540185482e-32,2.0943065573139e-32,2.0943065495573713e-32,2.0943066160741174e-32,2.0943079582498491e-32,2.0948581837295057e-32,2.1012723500201707e-32,2.1012723500198986e-32,2.1012724548666886e-32,2.101272455047563e-32,2.1012724375495525e-32,2.101272438031432e-32,2.1012724380343766e-32,2.1012724370475633e-32,2.1012724370650196e-32,2.1012724343388118e-32,2.1012724356750955e-32,2.1012724365858845e-32,2.101272599358823e-32,2.1012725993594247e-32,2.1012726734939516e-32,2.1012726728196717e-32,2.1012726728193405e-32,2.1012726724673685e-32,2.1012727132044e-32,2.1012727231236013e-32,2.1012727231583842e-32,2.10127272314738e-32,2.1012727247405695e-32,2.1012727257609154e-32,2.1012731403977966e-32,2.1012731404032064e-32,2.1012737053021055e-32,2.1012737158799583e-32,2.10127371589001e-32,2.1012737164334608e-32,2.10127373688308e-32,2.101273736886392e-32,2.10127383340551e-32,2.1012738333598333e-32,2.1012738743063352e-32,2.1012738359430597e-32,2.1012737956942073e-32,2.1012738137343418e-32,2.1012738137334528e-32
2,0.0,0.0,0.0,0.0,0.0,0.0,0.0,0.0,0.0,0.0,0.0,0.0,0.0,0.0,0.0,0.0,0.0,0.0,0.0,0.0,0.0,0.0,0.0,0.0,0.0,0.0,0.0,0.0,0.0,0.0,0.0,0.0,0.0,0.0,0.0,0.0,0.0,0.0,0.0,0.0,0.0,0.0,0.0,0.0,0.0,0.0,0.0,0.0,0.0,0.0,0.0,0.0,0.0,0.0,0.0,0.0,0.0,0.0,0.0,0.0,0.0,0.0,0.0,0.0,0.0,0.0,0.0,0.0,0.0,0.0,0.0,0.0,0.0,0.0,0.0,0.0,0.0,0.0,0.0,0.0,0.0,0.0,0.0,0.0,0.0,0.0,0.0,0.0,0.0,0.0,0.0,0.0,0.0,0.0,0.0,0.0,0.0,0.0,0.0,0.0,0.0,0.0,0.0,0.0,0.0,0.0,0.0,0.0,0.0,0.0,0.0,0.0,0.0,0.0,0.0,0.0,0.0,0.0,0.0,0.0,0.0,0.0,0.0,0.0,0.0,0.0,0.0,0.0,0.0,0.0,0.0,0.0,0.0,0.0,0.0,0.0,0.0,0.0,0.0,0.0,0.0,0.0,0.0,0.0,0.0,0.0,0.0,0.0,0.0,0.0,0.0,0.0,0.0,0.0,0.0,0.0,0.0,0.0,0.0,0.0,0.0,0.0,0.0,0.0,0.0,0.0,0.0,0.0,0.0,0.0,0.0,0.0,0.0,0.0,0.0,0.0,0.0,0.0,0.0,0.0,0.0,0.0,0.0,0.0,0.0,0.0,0.0,0.0,0.0,0.0,0.0,0.0,0.0,0.0,0.0,0.0,0.0,0.0,0.0,0.0,0.0,0.0,0.0,0.0,0.0,0.0,0.0,0.0,0.0,0.0,0.0,0.0,0.0,0.0,0.0,0.0,0.0,0.0,0.0,0.0,0.0,0.0,0.0,0.0,0.0,0.0,0.0,0.0,0.0,0.0,0.0,0.0,0.0,0.0,0.0,0.0,0.0,0.0,0.0,0.0,0.0,0.0,0.0,0.0,0.0,0.0,0.0,0.0,0.0,0.0,0.0,0.0,0.0,0.0,0.0,0.0,0.0,0.0,0.0,0.0,0.0,0.0,0.0,0.0,0.0,0.0,0.0,0.0,0.0,0.0,0.0,0.0,0.0,0.0,0.0,0.0,0.0,0.0,0.0,0.0,0.0,0.0,0.0,0.0,0.0,0.0,0.0,0.0,0.0,0.0,0.0,0.0,0.0,0.0,0.0,0.0,0.0,0.0,0.0,0.0,0.0,0.0,0.0,0.0,0.0,0.0,0.0,0.0,0.0,0.0,0.0,0.0,0.0,0.0,0.0,0.0,0.0,0.0,0.0,0.0,0.0,0.0,0.0,0.0,0.0,0.0,0.0,0.0,0.0,0.0,0.0,0.0,0.0,0.0,0.0,0.0,0.0,0.0,0.0,0.0,0.0,0.0,0.0,0.0,0.0,0.0,0.0,0.0,0.0,0.0,0.0,0.0,0.0,0.0,0.0,0.0,0.0,0.0,0.0,0.0,0.0,0.0,0.0,0.0,0.0,0.0,0.0,0.0,0.0,0.0,0.0,0.0,0.0,0.0,0.0,0.0,0.0,0.0,0.0,0.0,0.0,0.0,0.0,0.0,0.0,0.0,0.0,0.0,0.0,0.0,0.0,0.0,0.0,0.0,0.0,0.0,0.0,0.0,0.0,0.0,0.0,0.0,0.0,0.0,0.0,0.0,0.0,0.0,0.0,0.0,0.0,0.0,0.0,0.0,0.0,0.0,0.0,0.0,0.0,0.0,0.0,0.0,0.0,0.0,0.0,0.0,0.0,0.0,0.0,0.0,0.0,0.0,0.0,0.0,0.0,0.0,0.0,0.0,0.0,0.0,0.0,0.0,0.0,0.0,0.0,0.0,0.0,0.0,0.0,0.0,0.0,0.0,0.0,0.0,0.0,0.0,0.0,0.0,0.0,0.0,0.0,0.0,0.0,0.0,0.0,0.0,0.0,0.0,0.0,0.0,0.0,0.0,0.0,0.0,0.0,0.0,0.0,0.0,0.0,0.0,0.0,0.0,0.0,0.0,0.0,0.0,0.0,0.0,0.0,0.0,0.0,0.0,0.0,0.0,0.0,0.0,0.0,0.0,0.0,0.0,0.0,0.0,0.0,0.0,0.0,0.0,0.0,0.0,0.0,0.0,0.0,0.0,0.0,0.0,0.0,0.0,0.0,0.0,0.0,0.0,0.0,0.0,0.0,0.0,0.0,0.0,0.0,0.0,0.0,0.0,0.0,0.0,0.0,0.0,0.0,0.0,0.0,0.0,0.0,0.0,0.0,0.0,0.0,0.0,0.0,0.0,0.0,0.0,0.0,0.0,0.0,0.0,0.0,0.0,0.0,0.0,0.0,0.0,0.0,0.0,0.0,0.0,0.0,0.0,0.0,0.0,0.0,0.0,0.0,0.0,0.0,0.0,0.0,0.0,0.0,0.0,0.0,0.0,0.0,0.0,0.0,0.0,0.0,0.0,0.0,0.0,0.0,0.0,0.0,0.0,0.0,0.0,0.0,0.0,0.0,0.0,0.0,0.0,0.0,0.0,0.0,0.0,0.0,0.0,0.0,0.0,0.0,0.0,0.0,0.0,0.0,0.0,0.0,0.0,0.0,0.0,0.0,0.0,0.0,0.0,0.0,0.0,0.0,0.0,0.0,0.0,0.0,0.0,0.0,0.0,0.0,0.0,0.0,0.0,0.0,0.0,0.0,0.0,0.0,0.0,0.0,0.0,0.0,0.0,0.0,0.0,0.0,0.0,0.0,0.0,0.0,0.0,0.0,0.0,0.0,0.0,0.0,0.0,0.0,0.0,0.0,0.0,0.0,0.0,0.0,0.0,0.0,0.0,0.0,0.0,0.0,0.0,0.0,0.0,0.0,0.0,0.0,0.0,0.0,0.0,0.0,0.0,0.0,0.0,0.0,0.0,0.0,0.0,0.0,0.0,0.0,0.0,0.0,0.0,0.0,0.0,0.0,0.0,0.0,0.0,0.0,0.0,0.0,0.0,0.0,0.0,0.0,0.0,0.0,0.0,0.0,0.0,0.0,0.0,0.0,0.0,0.0,0.0,0.0,0.0,0.0,0.0,0.0,0.0,0.0,0.0,0.0,0.0,0.0,0.0,0.0,0.0,0.0,0.0,0.0,0.0,0.0,0.0,0.0,0.0,0.0,0.0,0.0,0.0,0.0,0.0,0.0,0.0,0.0,0.0,0.0,0.0,0.0,0.0,0.0,0.0,0.0,0.0,0.0,0.0,0.0,0.0,0.0,0.0,0.0,0.0,0.0,0.0,0.0,0.0,0.0,0.0,0.0,0.0,0.0,0.0,0.0,0.0,0.0,0.0,0.0,0.0,0.0,0.0,0.0,0.0,0.0,0.0,0.0,0.0,0.0,0.0,0.0,0.0,0.0,0.0,0.0,0.0,0.0,0.0,0.0,0.0,0.0,0.0,0.0,0.0,0.0,0.0,0.0,0.0,0.0,0.0,0.0,0.0,0.0,0.0,0.0,0.0,0.0,0.0,0.0,0.0,0.0,0.0,0.0,0.0,0.0,0.0,0.0,0.0,0.0,0.0,0.0,0.0,0.0,0.0,0.0,0.0,0.0,0.0,0.0,0.0,0.0,0.0,0.0,0.0,0.0,0.0,0.0,0.0,0.0,0.0,0.0,0.0,0.0,0.0,0.0,0.0,0.0,0.0,0.0,0.0,0.0,0.0,0.0,0.0,0.0,0.0,0.0,0.0,0.0,0.0,0.0,0.0,0.0,0.0,0.0,0.0,0.0,0.0,0.0,0.0,0.0,0.0,0.0,0.0,0.0,0.0,0.0,0.0,0.0,0.0,0.0,0.0,0.0,0.0,0.0,0.0,0.0,0.0,0.0,0.0,0.0,0.0,0.0,0.0,0.0,0.0,0.0,0.0,0.0,0.0,0.0,0.0,0.0,0.0,0.0,0.0,0.0,0.0,0.0,0.0,0.0,0.0,0.0,0.0,0.0,0.0,0.0,0.0,0.0,0.0,0.0,0.0,0.0,0.0,0.0,0.0,0.0,0.0,0.0,0.0,0.0,0.0,0.0,0.0,0.0,0.0,0.0,0.0,0.0,0.0,0.0,0.0,0.0,0.0,0.0,0.0,0.0,0.0,0.0,0.0,0.0,0.0,0.0,0.0,0.0,0.0,0.0,0.0,0.0,0.0,0.0,0.0,0.0,0.0,0.0,0.0,0.0,0.0,0.0,0.0,0.0,0.0,0.0,0.0,0.0,0.0,0.0,0.0,0.0,0.0,0.0,0.0,0.0,0.0,0.0,0.0,0.0,0.0,0.0,0.0,0.0,0.0,0.0,0.0,0.0,0.0,0.0,0.0,0.0,0.0,0.0,0.0,0.0,0.0,0.0,0.0,0.0,0.0,0.0,0.0,0.0,0.0,0.0,0.0,0.0,0.0,0.0,0.0,0.0,0.0,0.0,0.0,0.0,0.0,0.0,0.0,0.0,0.0,0.0,0.0,0.0,0.0,0.0,0.0,0.0,8.90113451406809e-59,8.901134514068088e-59,8.90113451406809e-59,8.901134514068088e-59,8.901134514068088e-59,8.90113451406809e-59,8.901134514068086e-59,8.901134514068085e-59,8.901134514068088e-59,8.90113451406809e-59,8.901134514068086e-59,8.901134514068088e-59,8.901134514068086e-59,8.901134514068086e-59,8.901134514068088e-59,-6.573784815174033e-57,2.417668155112816e-94,2.417668155112816e-94,2.417668155112815e-94,2.417668155112815e-94,2.4176681551128144e-94,2.417668155112814e-94,2.4176681551128133e-94,2.417668155112814e-94,2.417668155112814e-94,4.660400779152101e-57,4.660400779152101e-57,4.660400779152103e-57,4.6604007791521016e-57,4.6604007791521016e-57,4.6604007791521016e-57,4.6604007791521016e-57,4.660400779152101e-57,4.6604007791521004e-57,4.6604007791521016e-57,4.6604007791521016e-57,1.0211303233076038e-56,1.0211303233076036e-56,1.0211303233076036e-56,1.0211303233076038e-56,1.021130323307604e-56,1.0211303233076038e-56,1.0211303233076038e-56,-2.8918437809351206e-55,2.846282642287221e-54,2.846282642287222e-54,2.846282642287221e-54,2.8462826422872215e-54,3.1961780049535407e-50,5.182167290656021e-49,5.1821672907319805e-49,5.1821672907319805e-49,5.1821672907319805e-49,5.181893853078177e-49,5.181892335728719e-49,5.18189233572872e-49,5.18189233572872e-49,-1.0174071050308962e-38,5.10569486813931e-74,5.1056948681393115e-74,-7.295999459786696e-49,-3.02749184030676e-51,-1.4504763087235317e-82,2.5154054346761407e-113,6.2600643998855e-77,-1.4000889590039872e-76,1.6080276209123863e-60,1.608027620912386e-60,9.69257285723379e-50,9.69257285723379e-50,9.692572857233792e-50,9.69257285723379e-50,9.69257285723379e-50,9.692572857233788e-50,-3.728151063294583e-47,-1.6010577368868091e-78,7.447219073719072e-42,7.447219073719073e-42,7.447219073719073e-42,7.463664200608098e-42,8.563485277834741e-39,8.563485277834742e-39,8.563485277834742e-39,8.563485277834744e-39,9.022051811083399e-39,9.0220518110834e-39,9.022235201048154e-39,9.019918199408152e-39,9.019918199408153e-39,9.019918207273174e-39,9.019918207273176e-39,9.01991820709233e-39,9.019918207092326e-39,9.019918207092328e-39,9.019918211620987e-39,9.01991821162099e-39,9.01991821162099e-39,-1.5577654975334694e-37,-5.231589728682775e-36,-2.6183949441040032e-49,-2.776916913833743e-40,6.422759134401447e-39,6.423225579408552e-39,6.423225579408552e-39,6.423225579408551e-39,6.428574898763612e-39,6.428574898763612e-39,6.42857489876361e-39,-3.3987518381574274e-36,2.8820740953647165e-42,2.8820740953647165e-42,2.882074095364715e-42,-2.679347432831558e-36,5.100565212915818e-40,5.100558433168942e-40,-6.544966255881335e-38,1.1941737525928788e-34,1.891229490661315e-34,1.891229490661315e-34,1.8912295363316272e-34,1.0750458804150553e-34,1.0750006050753547e-34,1.140901301485958e-34,1.1409013014859581e-34,5.4026907376228275e-30,5.4026907376228275e-30,5.4026907374347816e-30,5.402690764592246e-30,5.4026585331389226e-30,5.402658533138923e-30,5.402658533138923e-30,5.402658533138923e-30,5.402658533138922e-30,8.026484021129875e-29,8.026484021129871e-29,8.026484021129874e-29,8.026484021129874e-29,8.026484021129876e-29,8.026484021129877e-29,8.026484021129875e-29,8.026484021129879e-29,8.026484021129874e-29,8.026484021129888e-29,8.02648402112988e-29,8.026484021129885e-29,8.026484021129886e-29,8.026484021129924e-29,8.026480919292403e-29,8.026480919292406e-29,8.026480919292412e-29,8.026480919292417e-29,8.026480919292583e-29,8.026480919292568e-29,8.026480919292566e-29,8.026480919292569e-29,8.02648091929322e-29,8.026480919293102e-29,8.026389027777345e-29,8.026389027777321e-29,8.026389027777449e-29,8.026389027777716e-29,8.026389027777726e-29,8.026389027777722e-29,8.026389027777702e-29,8.025559957648627e-29,8.025559957648619e-29,8.025559957648616e-29,8.025559957648584e-29,8.025559957648575e-29,8.025559957648569e-29,8.025559957648577e-29,8.025559957648543e-29,8.025559957648929e-29,8.025559957648781e-29,8.025559957649592e-29,8.02555995764962e-29,8.025559957649616e-29,8.025559957649767e-29,8.025559957649675e-29,8.025559957650329e-29,8.025559957650399e-29,8.02555995765063e-29,8.025559957650881e-29,8.025559957650485e-29,8.025559957650489e-29,8.02555995765035e-29,8.025559957650315e-29,8.025559957650284e-29,8.025559957650528e-29,8.025559957650402e-29,8.025559957650233e-29,8.025559957650239e-29,8.02555995765036e-29,8.025559957650358e-29,8.025559957650369e-29,8.025559957650368e-29,8.025559957650386e-29,8.025559957650578e-29,8.025559957650541e-29,8.025559957650511e-29,8.025559957650515e-29,8.025559957650494e-29,8.025559957650602e-29,8.025559957651016e-29,8.025559957651076e-29,8.02555995765112e-29,8.025559957651129e-29,8.025559957651117e-29,8.02555995765112e-29,8.025559957650806e-29,8.0255599576508e-29,8.025559957651061e-29,8.02555995765116e-29,8.025559957651124e-29,8.025559957651063e-29,8.025559957650823e-29,8.025559957650796e-29,8.02555995765086e-29,8.025559957650857e-29,8.025559957650861e-29,8.025559957650834e-29,8.025559957650979e-29,8.025559957650963e-29,8.025559957650954e-29,8.025559957650949e-29,8.025559957650903e-29,8.02555995765092e-29,8.025559957650886e-29,8.025559957650895e-29,8.025559957650879e-29,8.025559957650875e-29,8.025559957650874e-29,8.025559957650981e-29,8.025559957650982e-29,8.025559957651115e-29,8.025559957650925e-29,8.025559957651111e-29,8.025559957650968e-29,8.025559957650992e-29,8.025559957650992e-29,8.025559957650981e-29,8.025559957650994e-29,8.025559957651e-29,8.025559957650986e-29,8.025559957650957e-29,8.025559957650963e-29,8.025559957650946e-29,8.025559957650951e-29,8.025559957650912e-29,8.025559957650931e-29,8.025559957650913e-29,8.02555995765092e-29,8.0255599576509e-29,8.025559957650892e-29,8.025559957650896e-29,8.025559957650877e-29,8.025559957650856e-29,8.025559957650843e-29,8.025559957650773e-29,8.025559957650788e-29,8.025559957650794e-29,8.025559957650835e-29,8.025559957650818e-29,8.025559957650818e-29,8.025559957650796e-29,8.025559957650794e-29,8.025559957650831e-29,8.02555995765082e-29,8.025559957650831e-29,8.025559957650829e-29,8.025559957650832e-29,8.025559957650841e-29,8.025559957650856e-29,8.025559957650857e-29,8.025559957650934e-29,8.025559957650943e-29,8.025559957650997e-29,8.025559957650967e-29,8.02555995765097e-29,8.025559957651051e-29,8.025559957651105e-29,8.025559957651105e-29,8.025559957651106e-29,8.025559957651105e-29,8.02555995765113e-29,8.025559957651098e-29,8.025559957651083e-29,8.025559957651072e-29,8.025559957651044e-29,8.025559957651055e-29,8.025559957651056e-29,8.025559957651138e-29,8.025559957651154e-29,8.025559957651174e-29,8.025559957651173e-29,8.025559957651166e-29,8.025559957651184e-29,8.026103839565945e-29,8.026103839565947e-29,8.026103839565943e-29,8.026103839565936e-29,8.026103839565943e-29,8.026103839565953e-29,8.026103839565949e-29,8.026103839565952e-29,8.026103839565954e-29,8.026103839565954e-29,8.026103839565955e-29,8.026103839565969e-29,8.026103839565972e-29,8.02610383956597e-29,8.026103839565973e-29,8.026103839565981e-29,8.026103839565971e-29,8.02610383956597e-29,8.026103839565974e-29,8.026103839565973e-29,8.026103839565971e-29,8.026103839565975e-29,8.026103839566001e-29,8.026103839565999e-29,8.02610383956604e-29,8.026117628301083e-29,8.026117628301083e-29,8.02611762830105e-29,8.026117628301054e-29,8.026117628301045e-29,8.026117628301015e-29,8.026117628301071e-29,8.026117628301074e-29,8.026117628301072e-29,8.026117628301069e-29,8.026117628301082e-29,8.026117628301071e-29,8.026117628301072e-29,8.02611762830106e-29,8.026117628301057e-29,8.026117628301061e-29,8.026117628301064e-29,8.026117628301083e-29,8.026117628301035e-29,8.026117628301046e-29,8.026117628301026e-29,8.026117628301024e-29,8.026117628301013e-29,8.026117628301013e-29,8.026117628301013e-29,8.026117628301014e-29,8.026117628301042e-29,8.026117628301028e-29,8.026117628301018e-29,8.026117628301017e-29,8.026117628300924e-29,8.026117628300922e-29,8.02611762830098e-29,8.026117628300979e-29,8.026117628300975e-29,8.026117628300977e-29,8.026117628300976e-29,8.026117628300966e-29,8.026117628300969e-29,8.026117628300991e-29,8.026117628301023e-29,8.026117628301014e-29,8.026117628301017e-29,8.026117628301037e-29,8.026117628301057e-29,8.026117628301121e-29,8.026117628301126e-29,8.026117628301131e-29,8.026117628301114e-29,8.026117628301143e-29,8.02611762830114e-29,8.026117628301139e-29,8.026117628301171e-29,8.026117628301173e-29,8.026117628301195e-29,8.026117628301199e-29,8.026117628301203e-29,8.026117628301199e-29,8.026117628301205e-29,8.02611762830123e-29,8.026117628301231e-29,8.026117628301233e-29,8.026117628301259e-29,8.026117628301266e-29,8.026117628301248e-29,8.026117628301265e-29,8.026117628301273e-29,8.026117628301277e-29,8.026117628301276e-29,8.026117628301269e-29,8.026117628301264e-29,8.026117628301276e-29,8.02611762830129e-29,8.026117628301291e-29,8.026117628301294e-29,8.026117628301293e-29,8.026117628301292e-29,8.026117628301294e-29,8.02611762830129e-29,8.026117628301284e-29,8.026117628301312e-29,8.026117628301305e-29,8.026117641888156e-29,8.026117641888156e-29,8.02611764188815e-29,8.026117641888145e-29,8.026117641888186e-29,8.026117641888189e-29,8.026117641888181e-29,8.026117641888182e-29,8.026117641888188e-29,8.026117641888193e-29,8.02611764188818e-29,8.026117638688881e-29,8.026117638688886e-29,8.026117638688889e-29,8.02611763868889e-29,8.026117638688881e-29,8.026117638688885e-29,8.026117638688882e-29,8.026117638688883e-29,8.026117638688885e-29,8.026117638688885e-29,8.026117638688887e-29,8.026117638688898e-29,8.026117638688886e-29,8.026117638688887e-29,8.026117638688885e-29,8.026117638688877e-29,8.026117638688868e-29,8.026117638688875e-29,8.02611763868887e-29,8.026117638688864e-29,8.026117638688864e-29,8.026117638688865e-29,8.026117638688865e-29,8.026117638688858e-29,8.026117638688857e-29,8.026117638688854e-29,8.026117638688853e-29,8.026117638688855e-29,8.026117638688861e-29,8.026117638688864e-29,8.026117638688866e-29,8.026117638688868e-29,8.02611763868887e-29,8.02611763868887e-29,8.026117638688866e-29,8.026117638688866e-29,8.026117638688861e-29,8.026117638688866e-29,8.026117638688864e-29,8.026117638688861e-29,8.026117638688864e-29,8.026117638688866e-29,8.026117638688861e-29,8.026117638688864e-29,8.026117638688871e-29,8.02611763868887e-29,8.026117638688867e-29,8.026117638688865e-29,8.026117638688866e-29,8.026117638688866e-29,8.026117638688865e-29,8.026117638688866e-29,8.026117638688865e-29,8.026117638688864e-29,8.026117638688863e-29,8.026117638688865e-29,8.026117638688865e-29,8.026117638688867e-29,8.026117638688867e-29,8.026117638688865e-29,8.026117638688867e-29,8.026117638688866e-29,8.026117638688863e-29,8.026117638688865e-29,8.026117638688862e-29,8.026117638688864e-29,8.026117638688862e-29,8.026117638688863e-29,8.026117638688864e-29,8.026117638688866e-29,8.026117638688913e-29,8.026117638688914e-29,8.026117638688914e-29,8.026117638688909e-29,8.026117638688912e-29,8.026117638688912e-29,8.026117638688904e-29,8.026117638688912e-29,8.026117638688907e-29,8.026117638688913e-29,8.026117638688909e-29,8.026117638688913e-29,8.026117638688908e-29,8.026117638688927e-29,8.026117638688926e-29,8.026117638688927e-29,8.026117638688926e-29,8.026117638688923e-29,8.026117638688926e-29,8.026117638688923e-29,8.02611763868892e-29,8.02611763868892e-29,8.026117638688922e-29,8.02611763868892e-29,8.026117638688923e-29,8.026117638688928e-29,8.026117638688929e-29,8.026117638688929e-29,8.026126645168867e-29,8.026126645168868e-29,8.02612664516887e-29,8.026126645168865e-29,8.026126645168863e-29,8.026126645168862e-29,8.026126645168861e-29,8.026126645168861e-29,8.026126645168864e-29,8.026126645168861e-29,8.026126645168868e-29,8.026126645168868e-29,8.026126645168859e-29,8.026126645168855e-29,8.026126645168855e-29,8.026126645168856e-29,8.026126645168861e-29,8.026126645168853e-29,8.026126645168845e-29,8.026126645168849e-29,8.026126645168842e-29,8.026126645168842e-29,8.02612664516884e-29,8.02612664516884e-29,8.026126645168841e-29,8.026126645168842e-29,8.026126645168839e-29,8.026126645168814e-29,8.026126645168813e-29,8.026126645168817e-29,8.026126645168817e-29,8.026126645168823e-29,8.026126645168836e-29,8.026126645168836e-29,8.026126645168836e-29,8.026126645168835e-29,8.026126645168835e-29,8.026126645168834e-29,8.026126645168833e-29,8.026126645168834e-29,8.026126645168835e-29,8.026126645168834e-29,8.026126645168834e-29,8.02612664516883e-29,8.026126645168833e-29,8.026126645168827e-29,8.026126645168828e-29,8.026126645168825e-29,8.026126645168821e-29,8.026126645168812e-29,8.026126645168803e-29,8.026126645168806e-29,8.026126645168802e-29,8.026126645168804e-29,8.026126645168804e-29,8.026126645168805e-29,8.026126645168803e-29,8.026126645168805e-29,8.026126645168803e-29,8.026126645168804e-29,8.026126645168802e-29,8.026126645168804e-29,8.026126645168798e-29,8.026126645168795e-29,8.026126645168799e-29,8.026126645168795e-29,8.026126645168791e-29,8.026126645168797e-29,8.026126645168798e-29,8.026126645168789e-29,8.026126645168788e-29,8.02612664516879e-29,8.026126645168788e-29,8.026126645168787e-29,8.026126645168789e-29,8.026126645168788e-29,8.026126645168775e-29,8.026126645168775e-29,8.02612664516874e-29,8.026126645168741e-29,8.026126645168742e-29,8.026126645168743e-29,8.026126645168743e-29,8.026126645168748e-29,8.026126645168748e-29,8.026126645168744e-29,8.026126645168752e-29,8.026126645168749e-29,8.026126645168749e-29,8.026126645168739e-29,8.026126645168739e-29,8.026126645168725e-29,8.026126645168713e-29,8.026126645168717e-29,8.026126645168723e-29,8.026126645168714e-29,8.026126645168719e-29,8.026126645168733e-29,8.026126645168737e-29,8.026126645168734e-29,8.026126645168732e-29,8.02612664516873e-29,8.026126645168733e-29,8.026126645168729e-29,8.02612664516872e-29,8.026126645168717e-29,8.02612664516872e-29,8.026126645168675e-29,8.026126645168673e-29,8.026126645168665e-29,8.026126645168665e-29,8.026126645168674e-29,8.02612664516866e-29,8.026126645168672e-29,8.026126645168678e-29,8.026118853498944e-29,8.026118853498939e-29,8.026118853498933e-29,8.026118853498904e-29,8.026118853498908e-29,8.026118853498907e-29,8.026118853498908e-29,8.02611885349888e-29,8.026118853498856e-29,8.02611885349886e-29,8.02611885349886e-29,8.026118853498854e-29,8.02611885349885e-29,8.026118853498856e-29,8.026118853498847e-29,8.026118853498848e-29,8.026118853498828e-29,8.026118853498824e-29,8.026118853498788e-29,8.02611885349879e-29,8.026118853498788e-29,8.026118853498782e-29,8.026118853498779e-29,8.026118853498778e-29,8.026118853498766e-29,8.026118853498763e-29,8.026118853498757e-29,8.026118853498762e-29,8.026118853498761e-29,8.026118853498769e-29,8.026118853498757e-29,8.02611885349876e-29,8.026118853498744e-29,8.026118853498742e-29,8.02611885349875e-29,8.02611885349875e-29,8.026118853498748e-29,8.02611885349875e-29,8.026118853498753e-29,8.026118853498774e-29,8.026118853498766e-29,8.026118853498769e-29,8.026118853498743e-29,8.026118853498746e-29,8.026118853498747e-29,8.026118853498756e-29,8.026118853498759e-29,8.026118853498759e-29,8.026118853498755e-29,8.026118853498746e-29,8.026118853498752e-29,8.026118853498729e-29,8.02611885349873e-29,8.026118853498738e-29,8.026119041270684e-29,8.026119041270681e-29,8.026119041270677e-29,8.026119041270687e-29,8.026119041270687e-29,8.026119041270691e-29,8.026119041270688e-29,8.02611904127069e-29,8.026119041270693e-29,8.026119041270695e-29,8.026119041270686e-29,8.026119041270674e-29,8.026119041270671e-29,8.026119041270667e-29,8.02611904127067e-29,8.02611904127067e-29,8.026119041270671e-29,8.026119041270663e-29,8.026119041270658e-29,8.026119041270663e-29,8.02611904127047e-29,8.026119041270468e-29,8.026119041270463e-29,8.026119041270466e-29,8.02611904127046e-29,8.026119041270478e-29,8.026119041270471e-29,8.026119041270476e-29,8.02611904127048e-29,8.026119041270507e-29,8.026119041270508e-29,8.026119041270504e-29,8.026119041270508e-29,8.026119041270512e-29,8.026119041270512e-29,8.026119041270512e-29,8.026119041270514e-29,8.026119041270516e-29,8.026119041270516e-29,8.026119041270517e-29,8.026119041270533e-29,8.026119041270535e-29,8.026119041270533e-29,8.026119041270535e-29,8.026119041270534e-29,8.026119041270536e-29,8.026119041270535e-29,8.02611904127054e-29,8.026119041270543e-29,8.02611904127051e-29,8.026119041270505e-29,8.02611904127051e-29,8.026119041270506e-29,8.026119041270513e-29,8.026119041270522e-29,8.026119041270541e-29,8.02611904127054e-29,8.026119041270542e-29,8.026119041270542e-29,8.026119041270542e-29,8.026119041270538e-29,8.02611904127052e-29,8.026113618420401e-29,8.026113618420403e-29,8.026113618420402e-29,8.0261136184204e-29,8.026113618420402e-29,8.026113618420409e-29,8.026113618420413e-29,8.026113618420414e-29,8.026113618420401e-29,8.026113618420404e-29,8.0261136184204e-29,8.026113618420397e-29,8.026113618420357e-29,8.02611361846214e-29,8.02611361846214e-29,8.026113618462147e-29,8.026113618462148e-29,8.02611361846214e-29,8.026113618462144e-29,8.026113618462147e-29,8.02611361846214e-29,8.026113618462128e-29,8.026113618462125e-29,8.026113618462126e-29,8.026113618462126e-29,8.026113618462123e-29,8.026113618462127e-29,8.026113618462126e-29,8.026113618462134e-29,8.026113618462079e-29,8.026113618462078e-29,8.026113618462075e-29,8.026113618462064e-29,8.02611361846207e-29,8.026113618462069e-29,8.026113618462069e-29,8.02611361846207e-29,8.026113618462069e-29,8.026113618462077e-29,8.026113618462072e-29,8.026113618462079e-29,8.026113618462079e-29,8.026113618462084e-29,8.026113618462078e-29,8.026113618462084e-29,8.02611361846208e-29,8.026113618462063e-29,8.026113618462064e-29,8.026113618462063e-29,8.026113618462073e-29,8.02611361846207e-29,8.026113618462073e-29,8.026113618462073e-29,8.026113618462082e-29,8.026113618462082e-29,8.026113618462095e-29,8.02611361846208e-29,8.02611361846208e-29,8.026113618462083e-29,8.026113618462081e-29,8.026113618462083e-29,8.026113618462087e-29,8.026113618462087e-29,8.026113618462092e-29,8.026113618462095e-29,8.026113618462099e-29,8.026113618462099e-29,8.0261136184621e-29,8.026113618462096e-29,8.026113618462087e-29,8.026113618462092e-29,8.026113618462078e-29,8.026113618462081e-29,8.026113618462075e-29,8.02611361846208e-29,8.02611361846208e-29,8.026113618462101e-29,8.02611361846209e-29,8.026113618462087e-29,8.026113618462083e-29,8.026113618462084e-29,8.026113618462083e-29,8.026113618462087e-29,8.026113618462087e-29,8.026113618462089e-29,8.026113618462095e-29,8.026113534246976e-29,8.026113534246974e-29,8.026113534246997e-29,8.026113534246993e-29,8.026113534246982e-29,8.026113534246956e-29,8.026113534246959e-29,8.026113534246952e-29,8.026113534246943e-29,8.026113534246943e-29,8.026113534246954e-29,8.026113534246938e-29,8.026113534246906e-29,8.026113534246872e-29,8.026113534246876e-29,8.026113534246877e-29,8.026113534246872e-29,8.02611353424688e-29,8.02611353424688e-29,8.026113534246881e-29,8.026113534246886e-29,8.02611353424688e-29,8.026113534246877e-29,8.026113534246864e-29,8.026113534246864e-29,8.026113534246865e-29,8.02611353424687e-29,8.026113534246871e-29,8.026113534246865e-29,8.026113534246874e-29,8.026104606156826e-29,8.026104606156784e-29,8.026103686004217e-29,8.026103686004228e-29,8.026103686004227e-29,8.026103686004224e-29,8.026103686004226e-29,8.026103686004225e-29,8.026103686004233e-29,8.026103686004224e-29,8.026103686004219e-29,8.026103686004212e-29,8.026103686004207e-29,8.026103686004217e-29,8.026103686004212e-29,8.026103686004216e-29,8.026103686004215e-29,8.026103686004209e-29,8.026103686004199e-29,8.026103686004183e-29,8.026103686004159e-29,8.026103686004164e-29,8.026103686004164e-29,8.02610368600417e-29,8.026103686004171e-29,8.026103686004166e-29,8.026103686004161e-29,8.02610368600415e-29,8.026103686004146e-29,8.026103686004154e-29,8.026103686004155e-29,8.026103686004155e-29,8.026103686004141e-29,8.02610368600414e-29,8.02610368600414e-29,8.026103686004133e-29,8.026103686004142e-29,8.026103686004136e-29,8.026103686004134e-29,8.026103686004132e-29,8.026103686004129e-29,8.02610368600413e-29,8.026103686004132e-29,8.02610368600413e-29,8.026103686004129e-29,8.026103686004138e-29,8.026103686004128e-29,8.026103686004137e-29,8.02610368600413e-29,8.026103686004127e-29,8.026103686004129e-29,8.026103686004113e-29,8.026103686004118e-29,8.026103686004116e-29,8.026103686004142e-29,8.026103686004144e-29,8.026103686004142e-29,8.026103686004141e-29,8.026103686004146e-29,8.026103686004146e-29,8.026103686004143e-29,8.026103686004141e-29,8.026103686004132e-29,8.026103686004129e-29,8.026103686004127e-29,8.02610368600413e-29,8.026103686004132e-29,8.026103686004129e-29,8.026103686004138e-29,8.026103686004137e-29,8.026103686004133e-29,8.02610368600414e-29,8.026103686004145e-29,8.026103609057027e-29,8.026103609057037e-29,8.02610360905706e-29,8.026103609057058e-29,8.026103609057063e-29,8.026103609057064e-29,8.026103609057061e-29,8.026103609057081e-29,8.026103609057083e-29,8.026103609057092e-29,8.026103609057072e-29,8.026103609057072e-29,8.026103609057073e-29,8.026103609057073e-29,8.026103609057042e-29,8.026103609057038e-29,8.026103609057038e-29,8.026103609057046e-29,8.026103609057046e-29,8.026103609057053e-29,8.02610360905707e-29,8.026103609057072e-29,8.026103609057071e-29,8.026103609057066e-29,8.026103609069266e-29,8.026103609069266e-29,8.026103609065195e-29,8.026103609065197e-29,8.026103609065276e-29,8.026103609065279e-29,8.026103609065343e-29,8.026103609062055e-29,8.026103609062057e-29,8.026103609061907e-29,8.026103609061901e-29,8.026103609061903e-29,8.026103609061903e-29,8.026103609061121e-29,8.026103609061017e-29,8.026103609060925e-29,8.026103609060964e-29,8.026103609060965e-29,8.026103609038032e-29,8.026103609038035e-29,8.026103609037987e-29,8.026103609037898e-29,8.026103609037898e-29,8.026103609037893e-29,8.026103609037901e-29,8.026103609037886e-29,8.026103609037886e-29,8.026103609037887e-29,8.026103609037886e-29,8.02610360903869e-29,8.026103609040498e-29,8.026103609040498e-29,8.026103609040503e-29,8.026103609037215e-29,8.026103609036154e-29,8.026103609036131e-29,8.026103609036133e-29,8.026103609036154e-29,8.026103609036155e-29,8.026103609035122e-29,8.026103609035123e-29,8.026103609035122e-29,8.02610360903512e-29,8.026103609035114e-29,8.026103609035114e-29,8.026103609035111e-29,8.026103609042573e-29,8.026103609042552e-29,8.026103609042552e-29,8.026103609042552e-29,8.026103609042513e-29,8.026103609042522e-29,8.026103609046652e-29,8.026103609028055e-29,8.026103609028051e-29,8.026103609027151e-29,8.026103609023961e-29,8.026103609024407e-29,8.026103609024408e-29,8.026103609024381e-29,8.026103609024406e-29,8.026103609024406e-29,8.026103609070668e-29,8.02610360906586e-29,8.026103609065859e-29,8.02610360906593e-29,8.026103604658645e-29,8.026103604679544e-29,8.026103604679545e-29,8.026103604679545e-29,8.026103604696481e-29,8.026103604696479e-29,8.026103604696482e-29,8.026103604700105e-29,8.026103604702436e-29,8.026103604702436e-29,8.026103604701062e-29,8.026103604598891e-29,8.026103604590598e-29,8.026103604590597e-29,8.026103604590596e-29,8.026103604590599e-29,8.02610360459059e-29,8.026103604590592e-29,8.026103604590559e-29,8.026103604590559e-29,8.026103604590556e-29,8.026103604590556e-29,8.026103604590557e-29,8.026103604590497e-29,8.0261036045905e-29,8.026103604590344e-29,8.026103604590332e-29,8.026103604590329e-29,8.026103604590331e-29,8.026103604590304e-29,8.026103604590305e-29,8.026103604590305e-29,8.026103604590306e-29,8.026103604591745e-29,8.02610360459174e-29,8.026103604591743e-29,8.026103604591741e-29,8.02610360459174e-29,8.026103604591742e-29,8.026103604590652e-29,8.02610360459065e-29,8.02610360497634e-29,8.026103604976339e-29,8.026103604976343e-29,8.026103604976344e-29,8.026103604976569e-29,8.026103604976569e-29,8.026103604976569e-29,8.026103604980624e-29,8.026103604980625e-29,8.026103604981854e-29,8.026103604981851e-29,8.026103604981853e-29,8.026103604981854e-29,8.026103604981853e-29,8.026103604981854e-29,8.026103604990443e-29,8.026103604990967e-29,8.026103604990966e-29,8.026103604990966e-29,8.026103604990967e-29,8.026103604990966e-29,8.026103604990963e-29,8.026103604992357e-29,8.026103604998222e-29,8.026103604998222e-29,8.026103604998222e-29,8.026103605099688e-29,8.026103605622174e-29,8.02610360562218e-29,8.026103605622178e-29,8.026103605622178e-29,8.026103605622178e-29,8.02610360562218e-29,8.026103605622271e-29,8.02610360562227e-29,8.026103605622772e-29,8.026103605622768e-29,8.02610360562277e-29,8.026103605622772e-29,8.026103605622768e-29,8.026103605622807e-29,8.026103605623163e-29,8.026103605618542e-29,8.0261036056185e-29,8.026103605620195e-29,8.026103606974428e-29,8.026103606973502e-29,8.026103606973505e-29,8.02610360697345e-29,8.02610360698675e-29,8.026103606986593e-29,8.02610360698659e-29,8.026103606986592e-29,8.026103606986594e-29,8.026103606986597e-29,8.026103606986594e-29,8.026103606986596e-29,8.026103606986596e-29,8.026103606986598e-29,8.026103606986543e-29,8.02610360698654e-29,8.026103606986382e-29,8.026103606986383e-29,8.026103606985651e-29,8.026103606985654e-29,8.026103606985652e-29,8.026103606985653e-29,8.026103606985771e-29,8.026103606985924e-29,8.026103606983359e-29,8.02610360698336e-29,8.026103608256252e-29,8.026103608256056e-29,8.026103608255961e-29,8.026103608255953e-29,8.026103608256582e-29,8.026103608256582e-29,8.026103608256581e-29,8.026103608256581e-29,8.026103608256583e-29,8.026103608256581e-29,8.026103608256548e-29,8.026103608256653e-29,8.026103608256816e-29,8.026103608256816e-29,8.026103608257307e-29,8.026103608257304e-29,8.026103608257509e-29,8.026103608257508e-29,8.026103608257507e-29,8.026103608256766e-29,8.026103608239498e-29,8.026103608239498e-29,8.026103608238992e-29,8.02610360823898e-29,8.02610360823898e-29,8.026103608238978e-29,8.026103608238979e-29,8.026103608238976e-29,8.026103608238976e-29,8.026103608238977e-29,8.026103608238979e-29,8.026103608238978e-29,8.026103608238979e-29,8.026103608238977e-29,8.02610360823898e-29,8.02610360823419e-29,8.026103608234898e-29,8.026103608233725e-29,8.026103608231789e-29,8.026103608231789e-29,8.026103608231787e-29,8.026103608226505e-29,8.026103608226502e-29,8.026103608226431e-29,8.026103608226408e-29,8.026103608226406e-29,8.026103608229571e-29,8.026103608229571e-29,8.02610360822957e-29,8.026103608229568e-29,8.026103608229212e-29,8.026103608229215e-29,8.026103608229212e-29,8.026103608229287e-29,8.026103608229286e-29,8.026103608321226e-29,8.026103608321229e-29,8.026103608337716e-29,8.026103608335385e-29,8.026103614526352e-29,8.026103614526305e-29,8.026103614529085e-29,8.026103614478905e-29,8.026103614479712e-29,8.026103614479715e-29,8.026103614479712e-29,8.026103614479712e-29,8.026103614479713e-29,8.026103614479706e-29,8.026103614479713e-29,8.02610361447971e-29,8.026103614479712e-29,8.026103614479712e-29,8.026103614479711e-29,8.026103614479711e-29,8.026103614479712e-29,8.026103614479713e-29,8.026103614487436e-29,8.026103614487439e-29,8.026103614490745e-29,8.026103614490741e-29,8.026103614490743e-29,8.026103614490743e-29,8.026103614490747e-29,8.026103614490743e-29,8.026103614490745e-29,8.026103614445456e-29,8.026103614448414e-29,8.026103614448494e-29,8.026103614448497e-29,8.0261036144485e-29,8.026103614448497e-29,8.026103614448494e-29,8.026103614445118e-29,8.026103614445119e-29,8.026103614442706e-29,8.026103614442702e-29,8.026103614442704e-29,8.026103614442708e-29,8.026103614421848e-29,8.026103614421847e-29,8.02610361442193e-29,8.026103614421891e-29,8.02610361443419e-29,8.026103614433913e-29,8.026103614434009e-29,8.026103614434006e-29,8.026103614433968e-29,8.026103614433965e-29,8.026103614442115e-29,8.026103614434456e-29,8.026103614434454e-29,8.026103614416703e-29,8.026103614578088e-29,8.026103614578086e-29,8.026103615174754e-29,8.026103615118266e-29,8.026103615118266e-29,8.026103614964476e-29,8.026103614974414e-29,8.026103614974416e-29,8.026103614972897e-29,8.026103614972895e-29,8.026103614972892e-29,8.026103614995558e-29,8.026103614995554e-29,8.026103614995553e-29,8.02610361499555e-29,8.026103614995554e-29,8.026103614741972e-29,8.026103614741977e-29,8.026103614741974e-29,8.026103614741972e-29,8.026103614741972e-29,8.026103614741969e-29,8.026103614751285e-29,8.026103614751288e-29,8.026103614751287e-29,8.026103614751285e-29,8.026103614751285e-29,8.026103614751285e-29,8.026103614751485e-29,8.026103614751486e-29,8.026103614654362e-29,8.02610361465432e-29,8.02610361465432e-29,8.026103614654322e-29,8.026103614654323e-29,8.026103614654325e-29,8.026103614605875e-29,8.026103615274848e-29,8.026103615274848e-29,8.02610361527372e-29,8.026103615284691e-29,8.02610361555576e-29,8.02610361555576e-29,8.02610361555576e-29,8.026103615337369e-29,8.02610361533737e-29,8.02610361533737e-29,8.026103734246133e-29,8.026103734246159e-29,8.02610373501418e-29,8.026103735014179e-29,8.026103735013346e-29,8.026103735014427e-29,8.026103735445069e-29,8.026103735445073e-29,8.026103735445088e-29,8.026103735439349e-29,8.026103735439346e-29,8.026103735166637e-29,8.026103735166638e-29,8.026103735167436e-29,8.026103735161872e-29,8.026103735161873e-29,8.02610373438981e-29,8.026103734426859e-29,8.026103734426858e-29,8.026103734426859e-29,8.026103734426859e-29,8.026103734434409e-29,8.026103734246868e-29,8.026103734246043e-29,8.026103734239353e-29,8.026103734197121e-29,8.026103734197121e-29,8.026103734313363e-29,8.02610373461336e-29,8.026103734613363e-29,8.026103735263385e-29,8.026103735279048e-29,8.026103735279049e-29,8.026103735279051e-29,8.026103735279081e-29,8.026103735279079e-29,8.026103735279081e-29,8.02610373527908e-29,8.026103735279087e-29,8.026103735388556e-29,8.026103734881169e-29,8.026103734881166e-29,8.02610373194239e-29,8.026103731942391e-29,8.026103731942389e-29,8.026103731942388e-29,8.02610373194239e-29,8.026103731942373e-29,8.026103731942375e-29,8.026103731942375e-29,8.026103731950509e-29,8.026103731950511e-29,8.026103731950508e-29,8.026103731950509e-29,8.026103731902621e-29,8.026103731902621e-29,8.026103731950281e-29,8.026103731950282e-29,8.026103731950286e-29,8.026103731950287e-29,8.026103731285509e-29,8.026103731173907e-29,8.026103731470198e-29,8.026103731468983e-29,8.026103731729592e-29,8.026103731717325e-29,8.026103731717325e-29,8.026103731729416e-29,8.026103731729415e-29,8.026103731729415e-29,8.026103731729414e-29,8.026103731729415e-29,8.026103731729419e-29,8.026103731729416e-29,8.026103731725078e-29,8.026103731732386e-29,8.026103731732384e-29,8.026103731749377e-29,8.026103731749381e-29,8.026103731749378e-29,8.026103731749359e-29,8.026103732621136e-29,8.026103732624767e-29,8.026110094682736e-29,8.026110094682849e-29,8.026110094327235e-29,8.026110094327238e-29,8.026110094275169e-29,8.02611009427517e-29,8.026110094275173e-29,8.026110094274938e-29,8.026110094274955e-29,8.026110094273934e-29,8.026110094273935e-29,8.026110094273935e-29,8.026110094273936e-29,8.026110094403339e-29,8.026110094403341e-29,8.026110094403339e-29,8.026110094403338e-29,8.026110094408212e-29,8.026110094408214e-29,8.026110094408208e-29,8.02611013757137e-29,8.026110137567793e-29,8.026110137567735e-29,8.026110137567738e-29,8.026110137567738e-29,8.02611013757732e-29,8.026110137577173e-29,8.026110137576653e-29,8.026110137576648e-29,8.026110137576648e-29,8.026110137576012e-29,8.026110137575958e-29,8.026110137575959e-29,8.026110136186177e-29,8.026110136186172e-29,8.026110136179817e-29,8.026110136185181e-29,8.026110136195068e-29,8.026110136191176e-29,8.026110136183328e-29,8.026110137853437e-29,8.026110137853438e-29,8.02611013785344e-29,8.026110137853436e-29,8.026110137853437e-29,8.02611013785231e-29,8.026110137852307e-29,8.026110137852307e-29,8.02611013785393e-29,8.026110138635699e-29,8.026110138635699e-29,8.026110138635698e-29,8.026110138635702e-29,8.026110138635702e-29,8.0261101386357e-29,8.0261101386357e-29,8.026110138635704e-29,8.026110138635702e-29,8.026110138635699e-29,8.0261101386357e-29,8.0261101386357e-29,8.026110138635698e-29,8.026110138635702e-29,8.026110138635698e-29,8.026110138635704e-29,8.026110138635705e-29,8.02611013863478e-29,8.026110138638362e-29,8.026110138638365e-29,8.026110138638335e-29,8.026110138638334e-29,8.026110138638336e-29,8.026110138638333e-29,8.026110138638336e-29,8.026110138638342e-29,8.026110135566294e-29,8.026110135565688e-29,8.026110135565733e-29,8.026110135558612e-29,8.026110135604905e-29,8.026110135604906e-29,8.026110135595708e-29,8.026110135525413e-29,8.026110135534529e-29,8.026110135534527e-29,8.026110135534527e-29,8.026110135534526e-29,8.026110135534528e-29,8.026110135534526e-29,8.026110135534527e-29,8.026110135534527e-29,8.026110135534529e-29,8.026110135534527e-29,8.026110135839123e-29,8.026110135839125e-29,8.026110135947477e-29,8.02611013589935e-29,8.026110135899077e-29,8.026110135898471e-29,8.026110135898472e-29,8.026110135901959e-29,8.026110135901962e-29,8.026110135868746e-29,8.026110135884221e-29,8.026110135917011e-29,8.026110135917011e-29,8.026110135917011e-29,8.026110135917012e-29,8.026110135917012e-29,8.026110135917012e-29,8.026110135917014e-29,8.026110135917023e-29,8.026110135917029e-29,8.026110135917029e-29,8.02611013591703e-29,8.02611013591703e-29,8.026110135917035e-29,8.026110135855663e-29,8.026110137509644e-29,8.026110137521815e-29,8.026110137561245e-29,8.026110137561659e-29,8.026110096172087e-29,8.026110096170275e-29,8.026110096170278e-29,8.026110096170274e-29,8.026110096170275e-29,8.026110096152925e-29,8.026110096152258e-29,8.026110096152257e-29,8.02611009615225e-29,8.026110096184954e-29,8.026110096184964e-29,8.026110096184954e-29,8.026110096184958e-29,8.026110096184953e-29,8.026110096184955e-29,8.026110096184955e-29,8.026110096184683e-29,8.026110096184682e-29,8.026110096184683e-29,8.02611009618468e-29,8.026110095293224e-29,8.026110095293225e-29,8.026110095293225e-29,8.026110095293226e-29,8.026110095293224e-29,8.026110095293233e-29,8.02611009529323e-29,8.026110095293231e-29,8.026110095293233e-29,8.02611009526665e-29,8.026110095270326e-29,8.026110095275733e-29,8.026110095261566e-29,8.026110095261363e-29,8.026110095261348e-29,8.026110095261349e-29,8.02611009523676e-29,8.02611009523676e-29,8.026110095236764e-29,8.026110095236762e-29,8.026110095236763e-29,8.026110095236762e-29,8.026110095236763e-29,8.026110095236763e-29,8.026110095236765e-29,8.026110095236763e-29,8.026110095236765e-29,8.026110095239309e-29,8.026110095239309e-29,8.026110095253546e-29,8.026110095253541e-29,8.026110095253547e-29,8.026110095253545e-29,8.026110095253546e-29,8.0261100952584e-29,8.026110095258399e-29,8.026110095257967e-29,8.026110095293883e-29,8.026110095293881e-29,8.026110095333417e-29,8.026110095333418e-29,8.026110095333419e-29,8.026110095333415e-29,8.026110095378363e-29,8.026110095378593e-29,8.026110095379042e-29,8.026110095379497e-29,8.026110095379523e-29,8.026110095378043e-29,8.026110095351198e-29,8.026110095353087e-29,8.026110095353075e-29,8.026110095353072e-29,8.02611009535307e-29,8.026110095337006e-29,8.026110095337016e-29,8.026110095337017e-29,8.026110094779096e-29,8.026110094779098e-29,8.02611009439592e-29,8.026110099595567e-29,8.026110099614601e-29,8.026110099614595e-29,8.026110099614593e-29,8.026110099614595e-29,8.026110099782735e-29,8.026110099782725e-29,8.026110099782646e-29,8.026110099782649e-29,8.026110099782649e-29,8.026110099678369e-29,8.026110099677664e-29,8.026110099677663e-29,8.026110099677669e-29,8.026110099677667e-29,8.026110099677669e-29,8.026110099677672e-29,8.026110099693357e-29,8.026110099763842e-29,8.02611009976381e-29,8.026110102938036e-29,8.026110102938044e-29,8.026110102938045e-29,8.026110102938031e-29,8.026110102937672e-29,8.026110103195857e-29,8.026110103223219e-29,8.026110103223248e-29,8.026110103223026e-29,8.026110103223026e-29,8.026110103223028e-29,8.026110103223025e-29,8.026110103223025e-29,8.026110103223027e-29,8.026110103223026e-29,8.026110103286062e-29,8.026110127837748e-29,8.026110127846039e-29,8.026110127846037e-29,8.026110127846037e-29,8.026110128086939e-29,8.026110127636438e-29,8.026110127636435e-29,8.026110127645944e-29,8.026110127645941e-29,8.026110127645944e-29,8.026110127684796e-29,8.026110127679939e-29,8.026110127679938e-29,8.026110127836297e-29,8.026110127836296e-29,8.026110127858331e-29,8.02611012781939e-29,8.026110127791255e-29,8.026110127791258e-29,8.026110127791258e-29,8.02611012779126e-29,8.026110127790972e-29,8.026110127790973e-29,8.026110127740168e-29,8.026110127740172e-29,8.026110127331206e-29,8.026110127331208e-29,8.026110127331205e-29,8.026110127277139e-29,8.026110127277158e-29,8.026110127277219e-29,8.026110127277217e-29,8.026110127277216e-29,8.026110127267842e-29,8.026110127267843e-29,8.026110127283561e-29,8.026110127298848e-29,8.026110127298847e-29,8.026110127296974e-29,8.02611012729687e-29,8.026110127007505e-29,8.0261101270075e-29,8.026110127004888e-29,8.026110127004888e-29,8.026110126927487e-29,8.026110126927489e-29,8.026110130824738e-29,8.026110130824633e-29,8.026110130824633e-29,8.026110130824636e-29,8.026110130824633e-29,8.026110130826093e-29,8.026110130869023e-29,8.026110130869018e-29,8.026110130869022e-29,8.026110130931626e-29,8.026110130969568e-29,8.02611013096986e-29,8.026110130969856e-29,8.026110128711439e-29,8.026110128711439e-29,8.026110128711439e-29,8.02611012221097e-29,8.026110122210864e-29,8.026110122291865e-29,8.026110122332085e-29,8.026110122332107e-29,8.026110122331376e-29,8.026110122331725e-29,8.026110122331723e-29,8.02611012233154e-29,8.026110122331542e-29,8.026110122391606e-29,8.026110122391812e-29,8.026110122153252e-29,8.02611012215325e-29,8.02611012219601e-29,8.026110122386275e-29,8.026110122386269e-29,8.026110122386271e-29,8.026110122863109e-29,8.026110122698865e-29,8.026110122534527e-29,8.026110122540271e-29,8.026109989588262e-29,8.026109988419034e-29,8.026109988419036e-29,8.026109988358494e-29,8.026109988391352e-29,8.026109988409038e-29,8.026109988409034e-29,8.026109988507398e-29,8.026109988507399e-29,8.026109988507397e-29,8.026109988507402e-29,8.026109988506994e-29,8.026109988553653e-29,8.026109988553653e-29,8.026109988553652e-29,8.026109988552545e-29,8.026109988508595e-29,8.026109988509497e-29,8.026109988503314e-29,8.02610998850322e-29,8.026109986158995e-29,8.026109986185594e-29,8.026109986185594e-29,8.026109986185592e-29,8.02610998618553e-29,8.026109986186008e-29,8.026109986186004e-29,8.026109986186008e-29,8.026109986186001e-29,8.02610998606816e-29,8.026109986068159e-29,8.02610998606816e-29,8.026109986068159e-29,8.026109986420641e-29,8.026109986420692e-29,8.026109986420691e-29,8.02610998642077e-29,8.026109984787278e-29,8.026109984787279e-29,8.026106841391039e-29,8.02610684137243e-29,8.026106841530571e-29,8.026106841295417e-29,8.026106841295419e-29,8.026106841295419e-29,8.026106841288412e-29,8.026106841288414e-29,8.026106841287902e-29,8.026106841957841e-29,8.026106841943712e-29,8.026106841943711e-29,8.026106841943708e-29,8.026106841989492e-29,8.026106841954039e-29,8.026106841951813e-29,8.026106841951816e-29,8.026106841951813e-29,8.026106841951811e-29,8.026106841951812e-29,8.026106841951813e-29,8.026106841952807e-29,8.026106841952804e-29,8.026106841952807e-29,8.026106841952806e-29,8.026106841914075e-29,8.026106841914082e-29,8.026106841211421e-29,8.026106841211423e-29,8.026106841211422e-29,8.026106841211502e-29,8.026106841188564e-29,8.026106841188564e-29,8.026106841188567e-29,8.02610684118857e-29,8.026106841161728e-29,8.026106840764691e-29,8.02610684076492e-29,8.026106840764914e-29,8.026106840764819e-29,8.026106840764812e-29,8.026106840764812e-29,8.026106840764814e-29,8.026106840764813e-29,8.026106840764809e-29,8.026106840764812e-29,8.026106840764817e-29,8.026106840764816e-29,8.026106840705265e-29,8.026106840705265e-29,8.026106840705266e-29,8.026106840704994e-29,8.026106840704434e-29,8.026106840704434e-29,8.026106840704435e-29,8.026106840704433e-29,8.026106840704496e-29,8.026106840704794e-29,8.026106840738647e-29,8.026106840779294e-29,8.026106840698268e-29,8.026106840643776e-29,8.026106841054344e-29,8.026106841054505e-29,8.026106841054508e-29,8.026106841054508e-29,8.026106841208042e-29,8.02610684134849e-29,8.026106841391225e-29,8.02610684139123e-29,8.026106841391229e-29,8.026106841391226e-29,8.026106841391226e-29,8.026106841391225e-29,8.026106841511616e-29,8.026106841511609e-29,8.026106841511559e-29,8.026106852472366e-29,8.026106852571306e-29,8.0261068526047e-29,8.026106852548699e-29,8.026106828035241e-29,8.026106834135987e-29,8.026106834135987e-29,8.026106834616855e-29,8.026106834616853e-29,8.026106834627088e-29,8.026106834627089e-29,8.026106834627088e-29,8.026106834627086e-29,8.026106834627087e-29,8.026106834627087e-29,8.026106834532688e-29,8.026106834572547e-29,8.026106834572548e-29,8.026106834572545e-29,8.026106834572546e-29,8.02610683457077e-29,8.026106834570771e-29,8.026106834570771e-29,8.026106839673395e-29,8.026106839673396e-29,8.026106839673391e-29,8.026106839915866e-29,8.026106839899912e-29,8.026106840106197e-29,8.026106840106258e-29,8.026106842429116e-29,8.026106842434439e-29,8.026106842434492e-29,8.026106842434491e-29,8.026106842435539e-29,8.026106842448255e-29,8.026106842448256e-29,8.026106842448256e-29,8.026106842324962e-29,8.026106842307866e-29,8.026106842307863e-29,8.026106842307912e-29,8.02610684471463e-29,8.02610684471463e-29,8.026106844714676e-29,8.026106845317959e-29,8.026106845317959e-29,8.026109030879199e-29,8.026109030879216e-29,8.026109030800405e-29,8.026109029736402e-29,8.0261090297364e-29,8.026109029736399e-29,8.026109029736394e-29,8.026109029813638e-29,8.026109029885944e-29,8.026109029922099e-29,8.026109029923239e-29,8.026109029923237e-29,8.026109030053874e-29,8.026109030036498e-29,8.026109030036494e-29,8.026109030036496e-29,8.026109030036492e-29,8.026109030036493e-29,8.026109030036491e-29,8.026109030037643e-29,8.026109030037676e-29,8.026109030023809e-29,8.026109030151638e-29,8.026109030151635e-29,8.026109030151633e-29,8.026109030151632e-29,8.026109030451108e-29,8.026109030451109e-29,8.02610903045111e-29,8.026109030451108e-29,8.026109030451107e-29,8.026109030451108e-29,8.026109030469596e-29,8.026109030469596e-29,8.026109030393545e-29,8.026109030393522e-29,8.026109030421339e-29,8.026109030421343e-29,8.026109030421342e-29,8.026109030277385e-29,8.026109030190996e-29,8.026109030187079e-29,8.026109030187078e-29,8.026109030187077e-29,8.026109030227748e-29,8.02610903022783e-29,8.026109030227829e-29,8.026109030227827e-29,8.026109030216975e-29,8.026109030216974e-29,8.026109030216976e-29,8.026109030216975e-29,8.026109030237002e-29,8.026109030237002e-29,8.026109030237003e-29,8.026109030408182e-29,8.026109030443634e-29,8.026109030443635e-29,8.026109030443633e-29,8.026109030283481e-29,8.026109030283484e-29,8.026109030283465e-29,8.026109030263882e-29,8.026109030263881e-29,8.026109030295514e-29,8.026109030295511e-29,8.02610903041511e-29,8.026109030415112e-29,8.026109030415114e-29,8.026109030459584e-29,8.026109030459583e-29,8.026109030465438e-29,8.026109030465443e-29,8.026109030465444e-29,8.026109030465434e-29,8.026109030465435e-29,8.026109030465437e-29,8.026109030465436e-29,8.026109038489544e-29,8.026109038489101e-29,8.026109038489102e-29,8.026109038354074e-29,8.026109038354074e-29,8.026109038355598e-29,8.02610903834953e-29,8.026109038349527e-29,8.026109038346333e-29,8.026109038346332e-29,8.026109038346333e-29,8.026109038346333e-29,8.026109038346008e-29,8.02610903834601e-29,8.026109038346008e-29,8.026109038346017e-29,8.026109038346018e-29,8.026109038346032e-29,8.026109038346029e-29,8.02610903835405e-29,8.026109038171574e-29,8.026109038171879e-29,8.026109037897338e-29,8.026109037897335e-29,8.026109033602156e-29,8.026109033602155e-29,8.026109033691836e-29,8.026109033682293e-29,8.026109033584093e-29,8.02610903358392e-29,8.02610903358678e-29,8.026109033586779e-29,8.026109033587887e-29,8.026109033728096e-29,8.026109033751565e-29,8.026109033751563e-29,8.026109033751563e-29,8.026109033751518e-29,8.026109033751526e-29,8.026109033751527e-29,8.02610903375224e-29,8.026109033754595e-29,8.026109033754599e-29,8.026109033755133e-29,8.026109033755135e-29,8.026109033755133e-29,8.026109034240343e-29,8.026109034240312e-29,8.026109034184004e-29,8.026109034184009e-29,8.026109034184482e-29,8.026109034184124e-29,8.026109034016118e-29,8.026109034016117e-29,8.026109034016115e-29,8.026109034015851e-29,8.02610903463471e-29,8.026109034298962e-29,8.026109034286699e-29,8.026109034286699e-29,8.026109034286697e-29,8.026109034286702e-29,8.02610875042091e-29,8.026108750420905e-29,8.026108750420906e-29,8.026108750501338e-29,8.026108750502181e-29,8.026108750502182e-29,8.026108750503507e-29,8.026108750503934e-29,8.026108750503932e-29,8.026108750504682e-29,8.026108750504683e-29,8.026108750479906e-29,8.026108750479905e-29,8.026108750479905e-29,8.026108750484643e-29,8.026108750483782e-29,8.026108750481535e-29,8.026108750481587e-29,8.02610875048159e-29,8.026108750457601e-29,8.026108750457601e-29,8.026108750457705e-29,8.026108750592456e-29,8.026108752311661e-29,8.026108752311574e-29,8.02610875227299e-29,8.026108752273462e-29,8.026108751965003e-29,8.026108751965001e-29,8.02610875196448e-29,8.026108751964478e-29,8.026108751964479e-29,8.026108751964479e-29,8.026108751964524e-29,8.026108752139401e-29,8.026108752139401e-29,8.026108752139401e-29,8.026108752139402e-29,8.026108752139404e-29,8.026108752139404e-29,8.026108752139404e-29,8.026108752139401e-29,8.026108752139402e-29,8.026108752139405e-29,8.026108752139401e-29,8.026108752139403e-29,8.0261087521394e-29,8.026108752110068e-29,8.026108752110069e-29,8.026108752109939e-29,8.026108752110115e-29,8.026108752110111e-29,8.026108752110112e-29,8.026108752079082e-29,8.026108752079902e-29,8.026108752079903e-29,8.026108752079904e-29,8.0261087520799e-29,8.026108751984219e-29,8.026108751929661e-29,8.03982122224896e-29,8.039821222248683e-29,8.039821222248684e-29,8.039821222248682e-29,8.039821222248685e-29,8.039821222248685e-29,8.039821222248685e-29,8.039821222248683e-29,8.039821222248681e-29,8.039821222248652e-29,8.039821222248694e-29,8.039821222259286e-29,8.039821222259285e-29,8.039821222257909e-29,8.039821222257907e-29,8.039821222257906e-29,8.039821222271422e-29,8.039821222271426e-29,8.0398212222738e-29,8.039821221975675e-29,8.03982122197714e-29,8.039821234672936e-29,8.03982123466851e-29,8.039821234672285e-29,8.039821234672282e-29,8.039821234559547e-29,8.039821237472646e-29,8.039821237164715e-29,8.039821237133955e-29,8.039821237133957e-29,8.039821237133956e-29,8.039821237133959e-29,8.039821237133957e-29,8.039821237133955e-29,8.039821237312932e-29,8.039821237312933e-29,8.039821237312934e-29,8.039821237349865e-29,8.039821237350404e-29,8.039821237350425e-29,8.039821237350427e-29,8.039820949101621e-29,8.039821162349449e-29,8.039821162349449e-29,8.039821162349447e-29,8.039821162349449e-29,8.039821150972825e-29,8.039821151283856e-29,8.039821151283881e-29,8.039821151291163e-29,8.039821151122247e-29,8.039821151122392e-29,8.039821151122494e-29,8.039821150844435e-29,8.039821150844436e-29,8.039821150844438e-29,8.03982115084475e-29,8.03982115082501e-29,8.039821150824806e-29,8.039821150747176e-29,8.039821150747176e-29,8.039821150734124e-29,8.039821150734127e-29,8.039821150734059e-29,8.039821150735055e-29,8.039821150733499e-29,8.039821150733218e-29,8.039821150733218e-29,8.039821150733105e-29,8.039821150733103e-29,8.039821150732702e-29,8.039821150732697e-29,8.039821150520829e-29,8.039821150520748e-29,8.039821150542634e-29,8.039821150542633e-29,8.039821150542635e-29,8.039821150547547e-29,8.039821150531139e-29,8.03982115053114e-29,8.039821150531138e-29,8.039821150531136e-29,8.039821150532964e-29,8.039821150534073e-29,8.039821150534071e-29,8.039821150534071e-29,8.039821150534073e-29,8.039821150479681e-29,8.039821150479635e-29,8.039821150479636e-29,8.039821150479683e-29,8.039821150479687e-29,8.039821150479687e-29,8.039821150479685e-29,8.039821150479579e-29,8.039821150479576e-29,8.039821150479571e-29,8.039821150479164e-29,8.039821150479167e-29,8.039821150479165e-29,8.039821150479033e-29,8.039821150479032e-29,8.039821162765341e-29,8.039821162766479e-29,8.039821162524032e-29,8.039821162524034e-29,8.039821162524034e-29,8.039821162524033e-29,8.039821162524032e-29,8.039821162568507e-29,8.039821162568509e-29,8.039821162567795e-29,8.039821162694233e-29,8.039821162694233e-29,8.039821162585888e-29,8.039821162518918e-29,8.03982116251892e-29,8.039821162518051e-29,8.039821162441457e-29,8.039821162313409e-29,8.039821162318139e-29,8.039821162318141e-29,8.039821162318163e-29,8.039821162318126e-29,8.039821162318256e-29,8.039821288208038e-29,8.039821288208037e-29,8.039821288208035e-29,8.039821288163809e-29,8.039821288043129e-29,8.03982128804144e-29,8.039821288035653e-29,8.039821288148262e-29,8.039821288148262e-29,8.039821288151488e-29,8.039821288151484e-29,8.039821288151481e-29,8.039821288151481e-29,8.039821288151481e-29,8.039821288151485e-29,8.039821288151483e-29,8.039821288151482e-29,8.039821288151483e-29,8.039821288151483e-29,8.039821288151485e-29,8.039821288151491e-29,8.03982128711641e-29,8.039821287255783e-29,8.039821287169469e-29,8.039821287169468e-29,8.039821287220403e-29,8.039821287220401e-29,8.039821287220648e-29,8.039821287196927e-29,8.039821287196929e-29,8.039821287197144e-29,8.039821287192199e-29,8.039821287264616e-29,8.039821287264619e-29,8.039821287264621e-29,8.03982128726462e-29,8.03982128726462e-29,8.039821287264619e-29,8.039821287264402e-29,8.039821287450114e-29,8.039821287450113e-29,8.039821287450107e-29,8.039821287449959e-29,8.039821287531235e-29,8.039821287512435e-29,8.039821287513862e-29,8.039821287515871e-29,8.039821287512907e-29,8.039821287442333e-29,8.039821287442331e-29,8.039821287441836e-29,8.039821287441836e-29,8.039821287441836e-29,8.039821287441837e-29,8.039821287441826e-29,8.039821287486237e-29,8.039821287486235e-29,8.039821287486234e-29,8.039821287484429e-29,8.03982128748443e-29,8.039821287485171e-29,8.039821287484988e-29,8.03982128748267e-29,8.039821287482671e-29,8.03982128749223e-29,8.039821287636861e-29,8.039821287636263e-29,8.039821287636267e-29,8.039821287636265e-29,8.039821287608572e-29,8.039821287622275e-29,8.039821287622279e-29,8.039821287677394e-29,8.039821287648394e-29,8.039821287648511e-29,8.039821287648679e-29,8.039821287648518e-29,8.03982128764852e-29,8.039821353506084e-29,8.03982135199333e-29,8.039821351993368e-29,8.039821351992687e-29,8.039821351364353e-29,8.039821351275766e-29,8.039821351275768e-29,8.039821351275768e-29,8.039821351275768e-29,8.039821351040112e-29,8.039821351040503e-29,8.039821351041682e-29,8.039821351041672e-29,8.039821351041672e-29,8.039821351041244e-29,8.039821351051253e-29,8.039821351029356e-29,8.039821351117638e-29,8.039821351143035e-29,8.039821351143633e-29,8.039821351147297e-29,8.039821351147295e-29,8.039821351147302e-29,8.03982135114714e-29,8.039821351147141e-29,8.039821351147139e-29,8.039821351147138e-29,8.039821351143615e-29,8.039821351143611e-29,8.039821351143397e-29,8.039821351143714e-29,8.039821351143713e-29,8.03982135114371e-29,8.039821351143712e-29,8.039821351092988e-29,8.039821351113622e-29,8.039821351113642e-29,8.039821351113672e-29,8.039821351168502e-29,8.039821351159001e-29,8.039821351159981e-29,8.039821351159981e-29,8.039821351159983e-29,8.039821351159981e-29,8.039821351159981e-29,8.039821351106352e-29,8.039821350902542e-29,8.039821350902377e-29,8.039821350902377e-29,8.039821350901747e-29,8.039821350901735e-29,8.039821350851466e-29,8.039821350858191e-29,8.039821350858191e-29,8.039821350858194e-29,8.039821350858191e-29,8.039821350858194e-29,8.039821350858197e-29,8.039821350858191e-29,8.039821350858194e-29,8.039821350858193e-29,8.039821350905117e-29,8.039821350771364e-29,8.039821409115163e-29,8.039821409086919e-29,8.039821409086749e-29,8.039821409086461e-29,8.039821409111064e-29,8.039821409111024e-29,8.039821409108548e-29,8.039821409108517e-29,8.039821409108096e-29,8.039821409110843e-29,8.039821409275025e-29,8.039821409275025e-29,8.039821409226922e-29,8.039821409200522e-29,8.039821409200522e-29,8.039821409200521e-29,8.039821409199917e-29,8.039821409202225e-29,8.039821409830369e-29,8.039821409830371e-29,8.039821254796503e-29,8.039821318545963e-29,8.039821319511186e-29,8.039821319545446e-29,8.039821319821085e-29,8.039821319835699e-29,8.039821319835754e-29,8.039821319835076e-29,8.039821319841035e-29,8.039821319887782e-29,8.039821319871604e-29,8.039821319871644e-29,8.039821319881781e-29,8.039821319881786e-29,8.039821319881891e-29,8.03982131988189e-29,8.039821319881887e-29,8.039821319881883e-29,8.039821319882799e-29,8.039821320020343e-29,8.039821320086988e-29,8.039821320085714e-29,8.039821320085715e-29,8.039821322832662e-29,8.039821320860498e-29,8.039821320860498e-29,8.039821320860499e-29,8.039821320859661e-29,8.039821320859658e-29,8.039821320559364e-29,8.03982132055953e-29,8.039821320559797e-29,8.039821320559771e-29,8.039821320559768e-29,8.039821320548727e-29,8.039821320739078e-29,8.03982132071447e-29,8.039821320676542e-29,8.039821320676546e-29,8.039821320675338e-29,8.039821321032244e-29,8.039821321032246e-29,8.039821321131687e-29,8.03982132114945e-29,8.039821321149452e-29,8.039821321132404e-29,8.039821321132403e-29,8.039821321132085e-29,8.039821321132084e-29,8.039821321102454e-29,8.039821321102457e-29,8.039821321111249e-29,8.03982132111125e-29,8.039821321111248e-29,8.039821321111247e-29,8.039821321104182e-29,8.039821321104183e-29,8.039821321089308e-29,8.039821321089304e-29,8.039821321090147e-29,8.039821321090718e-29,8.039821321090713e-29,8.039821321090714e-29,8.039821321090557e-29,8.039821321090557e-29,8.039821321090556e-29,8.039821321090805e-29,8.039821321322466e-29,8.039821321322502e-29,8.039821321316889e-29,8.039821321316888e-29,8.039821321316893e-29,8.039821321316801e-29,8.039821321316797e-29,8.03982132140841e-29,8.039821321396998e-29,8.039821321397e-29,8.039821321397094e-29,8.039821321441161e-29,8.039821321441163e-29,8.039821321441164e-29,8.039821321231888e-29,8.039821321510891e-29,8.03982219068735e-29,8.039822190633854e-29,8.03982219036395e-29,8.039822190364054e-29,8.039822192518415e-29,8.03982219242136e-29,8.039822192421356e-29,8.039822192422582e-29,8.039822192539067e-29,8.039822192539067e-29,8.039822192539068e-29,8.039822192539065e-29,8.039822192539067e-29,8.03982219253906e-29,8.039822192539528e-29,8.039822192532153e-29,8.039822192531302e-29,8.039822192614531e-29,8.039822192614529e-29,8.039822192614528e-29,8.03982219261452e-29,8.039822192615756e-29,8.039822192610833e-29,8.039822190923289e-29,8.03982219092329e-29,8.03982219092329e-29,8.039822190919989e-29,8.039822190919866e-29,8.039822190912398e-29,8.039822190919973e-29,8.039822190923273e-29,8.039822190923627e-29,8.039822190923627e-29,8.039822190923626e-29,8.039822190923626e-29,8.039822190923626e-29,8.039822190923623e-29,8.039822190980542e-29,8.039822307867562e-29,8.039822307720507e-29,8.039822307894489e-29,8.039822307760951e-29,8.039822307760753e-29,8.039822307747634e-29,8.039822307747634e-29,8.039822307747077e-29,8.039822307747078e-29,8.039822307738558e-29,8.039822307738519e-29,8.039822307797424e-29,8.03982230779752e-29,8.039822307797519e-29,8.039822307802684e-29,8.039822307791955e-29,8.039822307791949e-29,8.03982230779212e-29,8.03982230772142e-29,8.039822307721422e-29,8.039822307736814e-29,8.039822307750232e-29,8.039822307817798e-29,8.039822307817799e-29,8.039822308438322e-29,8.039822308438321e-29,8.03982230843804e-29,8.039822308440056e-29,8.03982230844303e-29,8.039822308443176e-29,8.039822308443178e-29,8.039822308443178e-29,8.03982230844318e-29,8.039822308388241e-29,8.039822308379985e-29,8.039822308379984e-29,8.039822308380232e-29,8.039822310733721e-29,8.039822310746515e-29,8.039822310746518e-29,8.039822310739801e-29,8.039822310739801e-29,8.039822504943832e-29,8.039822523612987e-29,8.039822523615745e-29,8.039822523613656e-29,8.039822524715591e-29,8.039822524735155e-29,8.039822524736618e-29,8.039822524642183e-29,8.039822524642349e-29,8.039822524637189e-29,8.039822524637191e-29,8.039822524690667e-29,8.039822524691251e-29,8.039822524737091e-29,8.039822524737092e-29,8.039822524737093e-29,8.039822524737093e-29,8.039822524737093e-29,8.039822524737094e-29,8.039822524737091e-29,8.039822524737091e-29,8.039822524737092e-29,8.039822524738256e-29,8.039822524735972e-29,8.039822524735934e-29,8.039822524736376e-29,8.039822524746734e-29,8.039822524746732e-29,8.039822524746734e-29,8.039822524762437e-29,8.039822524775852e-29,8.03982252477489e-29,8.039822524774714e-29,8.039822524774714e-29,8.039822524774714e-29,8.039822524101532e-29,8.039822524167971e-29,8.039820433193524e-29,8.039820433326957e-29,8.03982043332696e-29,8.03982043332712e-29,8.039820433203685e-29,8.039820433289523e-29,8.039820433341858e-29,8.039820433069583e-29,8.039820433064851e-29,8.039820433064835e-29,8.039820433064832e-29,8.039820433064832e-29,8.039820433064835e-29,8.039820433064751e-29,8.039820433064751e-29,8.039820433064753e-29,8.039820433065692e-29,8.03982043306566e-29,8.039820433065661e-29,8.039820433131028e-29,8.039820433169469e-29,8.039820433169468e-29,8.039820433153404e-29,8.039820433153407e-29,8.039820433163051e-29,8.039820433163054e-29,8.039820433162297e-29,8.039820433134394e-29,8.039820433143232e-29,8.039820432752816e-29,8.039820432752812e-29,8.039820432752816e-29,8.03982043266811e-29,8.039820432668112e-29,8.039820432693653e-29,8.039820432693654e-29,8.039820432693458e-29,8.039820432710297e-29,8.039820432947756e-29,8.039820432947755e-29,8.039820433008249e-29,8.039820433008303e-29,8.039820433008306e-29,8.039820169003229e-29,8.039820168964718e-29,8.03982025948472e-29,8.039820287035585e-29,8.039629642323377e-29,8.039629642323376e-29,8.03962964234274e-29,8.039629642342739e-29,8.0396296423086e-29,8.039629636865341e-29,8.039629636865343e-29,8.039629636865115e-29,8.03962963684496e-29,8.0396296368448e-29,8.039629636809003e-29,8.039629636576726e-29,8.03962963657671e-29,8.039629636576712e-29,8.039629636520026e-29,8.039629636520029e-29,8.039629636520067e-29,8.039629636520069e-29,8.039629636520071e-29,8.039629636520069e-29,8.039629636527022e-29,8.039629636537653e-29,8.039629636554061e-29,8.039629636553959e-29,8.039629636553761e-29,8.039629636553762e-29,8.039629636553763e-29,8.039629636553762e-29,8.039629636451173e-29,8.039629636451171e-29,8.039629636461483e-29,8.039629636469208e-29,8.039629636469515e-29,8.039629636469517e-29,8.039629636469517e-29,8.039629636469517e-29,8.039629636436299e-29,8.039629637827181e-29,8.039629637827182e-29,8.03962963782718e-29,8.039629604230156e-29,8.039629604230158e-29,8.0396296036708e-29,8.0396296036708e-29,8.039629603670798e-29,8.039629603671523e-29,8.03962960367152e-29,8.039629603671525e-29,8.039629603661143e-29,8.039629603661138e-29,8.039629590302775e-29,8.039629590302649e-29,8.039629590302645e-29,8.039629590302645e-29,8.039629590342331e-29,8.039629590412915e-29,8.039629590412913e-29,8.039629590412912e-29,8.039629590412996e-29,8.039629590411649e-29,8.039629590411646e-29,8.039629590473599e-29,8.039629590436973e-29,8.039629590436971e-29,8.039629590436964e-29,8.039629590436964e-29,8.039629590436983e-29,8.039629590420816e-29,8.039629590420816e-29,8.039629590428421e-29,8.03962959047951e-29,8.039629590479518e-29,8.03962959047936e-29,8.039629590479359e-29,8.039629590479359e-29,8.039629590497858e-29,8.0396295904674e-29,8.039629590467398e-29,8.039629590465979e-29,8.039629590464874e-29,8.039620159448071e-29,8.039620159448072e-29,8.039620159476194e-29,8.039620159380281e-29,8.039620159374145e-29,8.039620159384165e-29,8.039620159384164e-29,8.039620159384163e-29,8.039620159384165e-29,8.039620159384163e-29,8.039620159380032e-29,8.039620159367957e-29,8.039620159367962e-29,8.039620159454594e-29,8.039620160048549e-29,8.039620160048547e-29,8.039620159604012e-29,8.039620159585654e-29,8.039620159585657e-29,8.039620159585656e-29,8.039620159585612e-29,8.039620159585614e-29,8.039620159585611e-29,8.039620159371883e-29,8.03962015933208e-29,8.03962015921643e-29,8.039620159216425e-29,8.039620159228184e-29,8.039620159224964e-29,8.039620159246385e-29,8.039620159246384e-29,8.039620159394636e-29,8.039620159394633e-29,8.039620159394694e-29,8.039620159394694e-29,8.039620159394693e-29,8.039620159394693e-29,8.03962015939459e-29,8.039620159394594e-29,8.039620159566287e-29,8.039620159566262e-29,8.039620159564383e-29,8.039620159415496e-29,8.039620159417254e-29,8.039620159380841e-29,8.039620159215203e-29,8.039620159218597e-29,8.039620159028958e-29,8.039620159029193e-29,8.039620159038821e-29,8.039620159038863e-29,8.039620159036873e-29,8.039620159036843e-29,8.039620159036844e-29,8.039620159036844e-29,8.039620159048805e-29,8.039620159007468e-29,8.039620159007473e-29,8.03962015900747e-29,8.03962015239915e-29,8.039620152398176e-29,8.039620152396952e-29,8.039620152396951e-29,8.039620152396951e-29,8.039620152397494e-29,8.039620152393117e-29,8.03962015239312e-29,8.039620152326494e-29,8.039620152463559e-29,8.03962015246356e-29,8.039620152446185e-29,8.039620152328006e-29,8.039620152203671e-29,8.039620152229195e-29,8.03962015232203e-29,8.039620152322113e-29,8.039620152321982e-29,8.039620152321982e-29,8.039620152321981e-29,8.039620151603297e-29,8.039619469593353e-29,8.039619469592583e-29,8.03961946959258e-29,8.039619460928463e-29,8.039619460883252e-29,8.039619460882582e-29,8.039619460846479e-29,8.039619460846389e-29,8.039619460846514e-29,8.039619460846516e-29,8.039619460846514e-29,8.039619460846512e-29,8.039619460919563e-29,8.039619460919566e-29,8.039619460919562e-29,8.039619460919565e-29,8.039619460919566e-29,8.039619460897328e-29,8.039619460897209e-29,8.039619460903929e-29,8.039619470394577e-29,8.039619470389995e-29,8.039619470390008e-29,8.039619470390805e-29,8.039619470498894e-29,8.039619471113435e-29,8.03961947111385e-29,8.039619471113853e-29,8.039619471113853e-29,8.03961947111385e-29,8.039619471113846e-29,8.03961947111387e-29,8.039619471114364e-29,8.039619471114365e-29,8.039619471114362e-29,8.039619471114414e-29,8.03961947110515e-29,8.039619470931518e-29,8.039619470930278e-29,8.039619470930275e-29,8.039619470930275e-29,8.039619470930277e-29,8.039619470930278e-29,8.039619470930279e-29,8.039619470930258e-29,8.039619471002125e-29,8.039619462566034e-29,8.039619462566916e-29,8.039619462566918e-29,8.039619462567871e-29,8.039619462567917e-29,8.039619462567915e-29,8.039619462567914e-29,8.039619462567908e-29,8.039619462585563e-29,8.03961946258556e-29,8.039619462585561e-29,8.039619462590932e-29,8.039619462590758e-29,8.039619462593162e-29,8.039619462593165e-29,8.039619462602971e-29,8.039619462602776e-29,8.03961946245318e-29,8.03961946245318e-29,8.039619462453182e-29,8.03961946245318e-29,8.039619462448329e-29,8.039619462448328e-29,8.039619462448328e-29,8.039619462448329e-29,8.03961946244833e-29,8.039619462448326e-29,8.039619462447806e-29,8.039619462447806e-29,8.039619462480143e-29,8.039619462480143e-29,8.039619462480142e-29,8.039619462484219e-29,8.039619462441713e-29,8.03961946244171e-29,8.039619462441531e-29,8.039619462441531e-29,8.039619462441531e-29,8.039619477086207e-29,8.039619477067017e-29,8.039619477067015e-29,8.039619477067017e-29,8.039619477110116e-29,8.03961947714378e-29,8.039619477143779e-29,8.039619477143778e-29,8.039619477143778e-29,8.039619477143778e-29,8.039619477143779e-29,8.039619477143782e-29,8.039619477157557e-29,8.039619477157558e-29,8.039619473585621e-29,8.039619473585616e-29,8.039619473798383e-29,8.039619473840892e-29,8.0396194738409e-29,8.0396194738409e-29,8.03961951400039e-29,8.039619514057015e-29,8.039619514057016e-29,8.039619513906337e-29,8.039619513906338e-29,8.039619513906337e-29,8.039619513906336e-29,8.039619513906337e-29,8.039619514004586e-29,8.039619514067176e-29,8.039619514066782e-29,8.039619514076222e-29,8.039619514076225e-29,8.039619514076222e-29,8.0396195140931e-29,8.0396195140931e-29,8.039619505055682e-29,8.039619505055682e-29,8.039619505055683e-29,8.039619505055682e-29,8.039619505055764e-29,8.039619505055762e-29,8.039619505054373e-29,8.039619505030689e-29,8.039619505030443e-29,8.039619505030441e-29,8.039619505012716e-29,8.039619505014235e-29,8.039619505014556e-29,8.039619505021445e-29,8.039619505021445e-29,8.039619505013771e-29,8.039619504984029e-29,8.039619504984169e-29,8.039619505000267e-29,8.039619505000329e-29,8.039619504954562e-29,8.03961950503725e-29,8.039619505036515e-29,8.039619505035721e-29,8.039619505035669e-29,8.039619501162809e-29,8.039619501162812e-29,8.039619501162809e-29,8.039619501162808e-29,8.039619501162812e-29,8.039619501162813e-29,8.039619501162815e-29,8.039619501182757e-29,8.039619501182813e-29,8.039619501183909e-29,8.039619501183909e-29,8.039619501183911e-29,8.039619501183907e-29,8.039619501183912e-29,8.039619501183911e-29,8.03961950118391e-29,8.03961950118391e-29,8.039619501183909e-29,8.039619501183906e-29,8.039619501369079e-29,8.03961950136478e-29,8.03962319120316e-29,8.039623191176343e-29,8.039623191176342e-29,8.039623191176342e-29,8.039623191186105e-29,8.039623191186315e-29,8.039623191206646e-29,8.039623191206483e-29,8.03962319121713e-29,8.039623191224844e-29,8.03962319121309e-29,8.039623191196885e-29,8.039623191197237e-29,8.039623191197237e-29,8.039623191207483e-29,8.039623191227599e-29,8.0396231912276e-29,8.039623191261007e-29,8.039623191261004e-29,8.039623191261006e-29,8.039623194016752e-29,8.039623194002863e-29,8.03962319388896e-29,8.039623193888955e-29,8.039623194028087e-29,8.039623194522484e-29,8.039623194522484e-29,8.039623194522499e-29,8.039623194522496e-29,8.039623194522498e-29,8.039623194522496e-29,8.039623194522498e-29,8.039623194522498e-29,8.039623194499467e-29,8.039623194496706e-29,8.039623194496559e-29,8.039623193949138e-29,8.039623193949141e-29,8.039623193949035e-29,8.039623193949036e-29,8.03962319394783e-29,8.039636163483806e-29,8.039636163483804e-29,8.039636163483804e-29,8.039636163483807e-29,8.039636163483808e-29,8.039636163483808e-29,8.039636163483808e-29,8.039636163483804e-29,8.039636163656104e-29,8.039636163607971e-29,8.039636163607978e-29,8.039636163607977e-29,8.039636163607979e-29,8.039636163608366e-29,8.03963616360852e-29,8.039636163608185e-29,8.039636163532069e-29,8.039636163532071e-29,8.039636163532069e-29,8.039636163532069e-29,8.039636164689896e-29,8.039636164689284e-29,8.039636164699446e-29,8.039636164750303e-29,8.039636164748638e-29,8.039636164748309e-29,8.039636164743252e-29,8.03963616479798e-29,8.039636164806305e-29,8.039636164806067e-29,8.039636164806068e-29,8.039636164806066e-29,8.039636164805981e-29,8.039636165802352e-29,8.039636165801941e-29,8.039636165801944e-29,8.039636165801941e-29,8.039636165807152e-29,8.039636166216811e-29,8.039638996597232e-29,8.039638996597233e-29,8.039638996597235e-29,8.03963983540026e-29,8.039639835400572e-29,8.039639835400095e-29,8.039639835381771e-29,8.039639835389899e-29,8.039639836347908e-29,8.039639836347906e-29,8.03963983649769e-29,8.039639836501896e-29,8.039639836423908e-29,8.039639836432701e-29,8.039639836432702e-29,8.039639836436018e-29,8.03963983643587e-29,8.039639836435951e-29,8.039639836436522e-29,8.039639836436521e-29,8.039639836436523e-29,8.039639836676337e-29,8.039639836532445e-29,8.039639836430731e-29,8.03963983648298e-29,8.039639836490856e-29,8.039639836490859e-29,8.039639836490448e-29,8.03963983649084e-29,8.039639836490806e-29,8.03963983646694e-29,8.039639836466938e-29,8.039639836479713e-29,8.039639836479716e-29,8.039639836479713e-29,8.039639836479833e-29,8.03963983647694e-29,8.03963983661199e-29,8.039639836611988e-29,8.039639836611992e-29,8.039639836611987e-29,8.039639836611992e-29,8.039639836609343e-29,8.039639836609344e-29,8.039639836364873e-29,8.039639836378525e-29,8.039639836378523e-29,8.039639836378519e-29,8.039639836378523e-29,8.039639836374345e-29,8.039639836373984e-29,8.039639836373978e-29,8.039639836361941e-29,8.039639836362104e-29,8.039639836293287e-29,8.039639836293394e-29,8.039639836293394e-29,8.039639836271727e-29,8.039639836269268e-29,8.039639836383719e-29,8.039639836384882e-29,8.039639836384882e-29,8.039639836384883e-29,8.039639836384882e-29,8.039639836385494e-29,8.039639836386716e-29,8.039639836386718e-29,8.039639836386717e-29,8.039639836386718e-29,8.039639836386878e-29,8.03963983638688e-29,8.039639836386879e-29,8.039639836386878e-29,8.039639836386248e-29,8.039639836408318e-29,8.039639836408319e-29,8.03963983640832e-29,8.039639836408321e-29,8.039639836408323e-29,8.039639836408319e-29,8.039639836406411e-29,8.039639838951975e-29,8.039639838951974e-29,8.039639838951975e-29,8.039639838927036e-29,8.039639838583328e-29,8.0396400740933e-29,8.039640074093306e-29,8.039640074093096e-29,8.039640074092926e-29,8.039640074072601e-29,8.039640074072607e-29,8.039640074072578e-29,8.039640074000914e-29,8.039640074000931e-29,8.039640074007616e-29,8.039640073923355e-29,8.039640073923356e-29,8.03964007395051e-29,8.039640073900373e-29,8.03964007390037e-29,8.039640073901594e-29,8.039640073901591e-29,8.039640077759826e-29,8.039640081691613e-29,8.039640081691651e-29,8.039640081920261e-29,8.039640081899802e-29,8.0396400818998e-29,8.039640081902613e-29,8.039640081902613e-29,8.039640081902613e-29,8.039640081902994e-29,8.039640081902993e-29,8.039640081902992e-29,8.039640081819091e-29,8.039640081819096e-29,8.039640081862114e-29,8.039640083290193e-29,8.039640083206646e-29,8.039640083206544e-29,8.039640083201195e-29,8.039640083400893e-29,8.039640094701681e-29,8.039640094673522e-29,8.039640094663902e-29,8.039640094622563e-29,8.039640094786848e-29,8.039640097762034e-29,8.039640097761985e-29,8.039640097764406e-29,8.039640097764403e-29,8.039640097764404e-29,8.039640097685659e-29,8.039640097731451e-29,8.039640097731453e-29,8.039640097661829e-29,8.039640097717634e-29,8.039640097626991e-29,8.039640097626991e-29,8.039640097605405e-29,8.039640097096807e-29,8.039640097087534e-29,8.039640096960546e-29,8.039640096945853e-29,8.039640097021804e-29,8.03964009724834e-29,8.039640097248299e-29,8.039640096908601e-29,8.039640096908601e-29,8.039640096907508e-29,8.039640096907532e-29,8.039640096905022e-29,8.039640096904956e-29,8.039640096892596e-29,8.0396400968926e-29,8.03964009694168e-29,8.039640096941532e-29,8.039640096944228e-29,8.03964009694422e-29,8.039640096944029e-29,8.039640096938983e-29,8.039640096938982e-29,8.039640096938981e-29,8.039640096936603e-29,8.039640096936605e-29,8.039640096936603e-29,8.039640096936603e-29,8.039640096936602e-29,8.03964009694186e-29,8.039640096941865e-29,8.039640096944259e-29,8.039640096918953e-29,8.039640096903574e-29,8.03964009690357e-29,8.039640096903537e-29,8.039640096894857e-29,8.039640096894857e-29,8.039640096862915e-29,8.03964009685387e-29,8.039640096853835e-29,8.039640096853827e-29,8.039640096853823e-29,8.039640096853895e-29,8.03964009685389e-29,8.039640096853893e-29,8.039640096852196e-29,8.039640102716439e-29,8.039640102715565e-29,8.039640102834442e-29,8.039640102834442e-29,8.039640102834414e-29,8.039640102841223e-29,8.039640102781675e-29,8.039640102778088e-29,8.039640102778087e-29,8.039640102778093e-29,8.039640102785126e-29,8.039640102777555e-29,8.039640102777553e-29,8.039640102742171e-29,8.039640102742171e-29,8.03964010283e-29,8.039640102829998e-29,8.039640102830001e-29,8.039640102798897e-29,8.039640102831695e-29,8.039640102841904e-29,8.039640102841923e-29,8.039640102841925e-29,8.039640102841872e-29,8.039640102738102e-29,8.039640102738111e-29,8.039640102738207e-29,8.039640102738201e-29,8.039640102738224e-29,8.039640102738824e-29,8.039640102738815e-29,8.039640102738817e-29,8.039640102742977e-29,8.039640102742975e-29,8.039640102760979e-29,8.039640102742241e-29,8.039640102742241e-29,8.039640102742489e-29,8.039640102742555e-29,8.039640102588094e-29,8.039640102588031e-29,8.03964010258803e-29,8.039640102588363e-29,8.039640102691689e-29,8.039640102752053e-29,8.039640102752589e-29,8.039640102547435e-29,8.039640102547431e-29,8.039640102748984e-29,8.039640102752288e-29,8.039640102752288e-29,8.03964010275229e-29,8.039640102752288e-29,8.039640102705226e-29,8.039640102705234e-29,8.039640102705234e-29,8.039640102705705e-29,8.03964010270533e-29,8.039640102705331e-29,8.039640102705442e-29,8.039640102953877e-29,8.03964010295388e-29,8.039640102953878e-29,8.03964010295388e-29,8.039640102953876e-29,8.039640102953878e-29,8.039640102954605e-29,8.039640102954603e-29,8.039640102954605e-29,8.039640102959852e-29,8.039640102957596e-29,8.039640102971952e-29,8.039640102998057e-29,8.039640102998083e-29,8.03964010302804e-29,8.039640103027839e-29,8.039640103028195e-29,8.039640102930426e-29,8.039640102907039e-29,8.039640102906652e-29,8.039640102912072e-29,8.039640102909727e-29,8.039640102882512e-29,8.039640102942779e-29,8.039640102942781e-29,8.039640102929823e-29,8.039640102942355e-29,8.039640102988856e-29,8.039640102988857e-29,8.039640102988887e-29,8.039640102988802e-29,8.039640102988865e-29,8.039640102988847e-29,8.039640102988539e-29,8.039640102806925e-29,8.039640102843875e-29,8.039640102852081e-29,8.039640102852085e-29,8.039640102826894e-29,8.039640102763032e-29,8.039640102763032e-29,8.039640102779474e-29,8.039640102779477e-29,8.039640102778369e-29,8.039640102778369e-29,8.039640102778407e-29,8.039640102778407e-29,8.039640102778407e-29,8.039640102778406e-29,8.0396401027784e-29,8.039640102775634e-29,8.039640102775638e-29,8.039640102757594e-29,8.039640102757683e-29,8.039640102757402e-29,8.03964010272874e-29,8.039640102551781e-29,8.0396401026342e-29,8.039640103805467e-29,8.039640103805467e-29,8.039640103810376e-29,8.039640120583585e-29,8.039640120546034e-29,8.039640120546033e-29,8.039640122664368e-29,8.039640122664367e-29,8.039640124363218e-29,8.039640124372063e-29,8.039640124368221e-29,8.039640124368223e-29,8.03964012437517e-29,8.039640124375172e-29,8.03964012437517e-29,8.03964012437381e-29,8.03964012437381e-29,8.039640124375104e-29,8.039640124290784e-29,8.039640124324263e-29,8.039640124324263e-29,8.039640124324141e-29,8.039640124324143e-29,8.039652687890779e-29,8.0396247768765e-29,8.039623865356946e-29,8.039623865356948e-29,8.039623865356947e-29,8.039623865377732e-29,8.03962386537511e-29,8.039623865374966e-29,8.039623865374975e-29,8.039623865167958e-29,8.039623865167957e-29,8.039623865167955e-29,8.039623865167954e-29,8.039623865167951e-29,8.03962386516435e-29,8.039623865154085e-29,8.039623865153592e-29,8.039623865270419e-29,8.039623865474496e-29,8.039623865474496e-29,8.039623865474485e-29,8.039623865474483e-29,8.039623863964263e-29,8.039623852169674e-29,8.039623852169676e-29,8.039623852169676e-29,8.039623852170419e-29,8.039623852170465e-29,8.039623852170469e-29,8.03962385217047e-29,8.039623852170466e-29,8.03962385217032e-29,8.03962385217032e-29,8.03962385217032e-29,8.039623852229001e-29,8.039623852229716e-29,8.039623852221793e-29,8.039623852221792e-29,8.039623849767227e-29,8.039623849756022e-29,8.03962384975588e-29,8.039623849756486e-29,8.039623849747421e-29,8.039623849624763e-29,8.039623849653619e-29,8.039623849653622e-29,8.03962384969704e-29,8.039623849692204e-29,8.039623849692204e-29,8.039623849692208e-29,8.039623849818151e-29,8.039623849859212e-29,8.039623849859202e-29,8.039623849864799e-29,8.039623849864335e-29,8.039623849864336e-29,8.039623849866686e-29,8.039623849850185e-29,8.039623849834802e-29,8.03962384983524e-29,8.039623849965103e-29,8.0396238499651e-29,8.039623849954853e-29,8.039623849960286e-29,8.039623850080819e-29,8.03962385008082e-29,8.039623857496337e-29,8.039623857496332e-29,8.039623857496332e-29,8.039623857477026e-29,8.039623857587346e-29,8.03962385764545e-29,8.039623857633477e-29,8.039623858093577e-29,8.039623858080206e-29,8.039623858080208e-29,8.039623858080205e-29,8.039623858080279e-29,8.03962385808028e-29,8.039623858075843e-29,8.039623858382142e-29,8.039623858390711e-29,8.03962385839077e-29,8.039623858390772e-29,8.03962385839078e-29,8.039623858390532e-29,8.039623856243477e-29,8.039623856243531e-29,8.039623853393878e-29,8.039623853393415e-29,8.039623853393413e-29,8.039623853393512e-29,8.039623853393506e-29,8.039623853460904e-29,8.039623853457401e-29,8.0396238534574e-29,8.03962385345757e-29,8.039623853463127e-29,8.039623853462962e-29,8.039623853494307e-29,8.039623853494308e-29,8.039623853494304e-29,8.039623853494165e-29,8.039623853468865e-29,8.039623853468868e-29,8.039623853468876e-29,8.039623853515012e-29,8.039623853889661e-29,8.039623853889662e-29,8.039623853889661e-29,8.0396238538941e-29,8.039623853881186e-29,8.039623853881185e-29,8.039623853881187e-29,8.039623853881186e-29,8.039623853881188e-29,8.039623854006038e-29,8.03962385400628e-29,8.039623854006256e-29,8.039623854006142e-29,8.039623854006175e-29,8.039623854006175e-29,8.039623854008439e-29,8.039623854905397e-29,8.039623854905399e-29,8.039622082353269e-29,8.039622082319983e-29,8.039622018235292e-29,8.039622018250245e-29,8.039622018250243e-29,8.039622018250246e-29,8.039622018250247e-29,8.039622018272205e-29,8.039622018276569e-29,8.039622018250673e-29,8.039622018251016e-29,8.039622018250982e-29,8.039622018251389e-29,8.039622018251386e-29,8.039622018251387e-29,8.039622018251364e-29,8.039622018297693e-29,8.039622018298026e-29,8.039622018297074e-29,8.039622018297074e-29,8.039622018297073e-29,8.039622018238789e-29,8.039622018238615e-29,8.039622017706973e-29,8.03962201938068e-29,8.03962201936866e-29,8.039622019368657e-29,8.039622019317173e-29,8.039622019316986e-29,8.039622019316128e-29,8.039622019316127e-29,8.039622019316128e-29,8.03962201945233e-29,8.039622019443446e-29,8.039622019437726e-29,8.03962201943773e-29,8.039622019413449e-29,8.039622025552154e-29,8.03962202568721e-29,8.039622026434564e-29,8.039622026447994e-29,8.039622028094554e-29,8.039622028094556e-29,8.03962012016085e-29,8.039620120155911e-29,8.039620120158801e-29,8.039620120158797e-29,8.039620120154129e-29,8.039620120154138e-29,8.039620120154138e-29,8.039620120148611e-29,8.039620120148559e-29,8.039620120148766e-29,8.039620120148763e-29,8.039620120158459e-29,8.039620120142803e-29,8.039620120073658e-29,8.039620120073666e-29,8.039620120080343e-29,8.039620120080344e-29,8.039620120084777e-29,8.039620120084774e-29,8.039620120093818e-29,8.039620120093831e-29,8.039620120093826e-29,8.039620120097327e-29,8.039620108136969e-29,8.03962010813735e-29,8.039620108137264e-29,8.039620108137262e-29,8.039620108137261e-29,8.039620108137344e-29,8.039620108136926e-29,8.039620108153101e-29,8.039620108153099e-29,8.039620108229254e-29,8.039620108229255e-29,8.039620108229257e-29,8.039620108257915e-29,8.03962010825808e-29,8.039620108365521e-29,8.039620102344262e-29,8.039620102331766e-29,8.039621143472208e-29,8.039621155279254e-29,8.039621155298869e-29,8.039621155301761e-29,8.039621155301762e-29,8.039621155301761e-29,8.039621155301762e-29,8.039621155187086e-29,8.039621155216729e-29,8.039621155243397e-29,8.039621155243259e-29,8.039621155225438e-29,8.039621155242056e-29,8.03962115529729e-29,8.039621155287705e-29,8.039621154758092e-29,8.039621154912937e-29,8.039621154913103e-29,8.039621154913099e-29,8.039621154913102e-29,8.039621154913104e-29,8.039621154909311e-29,8.039621154909311e-29,8.039621154899694e-29,8.039621154905103e-29,8.039621154902238e-29,8.039621154901969e-29,8.039621154901969e-29,8.039621154902038e-29,8.039621154902073e-29,8.039621154902071e-29,8.03962115490207e-29,8.039621154901933e-29,8.039621154901932e-29,8.039621154901933e-29,8.03962115490193e-29,8.03962115490193e-29,8.039621154901933e-29,8.039621154901867e-29,8.039621155191848e-29,8.039621155187126e-29,8.039621155075992e-29,8.039621155075995e-29,8.039621155075996e-29,8.039621155077258e-29,8.039621155247064e-29,8.039621155247064e-29,8.039621155273313e-29,8.039621155273313e-29,8.03962115527331e-29,8.03962115527282e-29,8.039621155272824e-29,8.039621155273812e-29,8.039621155273812e-29,8.039621155271759e-29,8.039621155271757e-29,8.039621155271752e-29,8.039621155244157e-29,8.039621155244156e-29,8.039621155244157e-29,8.039621155244157e-29,8.039621155244159e-29,8.039621155243845e-29,8.039621155253758e-29,8.039621143519294e-29,8.039621143519294e-29,8.039621143519293e-29,8.039621143519293e-29,8.039621143519296e-29,8.039621143519294e-29,8.039621143521035e-29,8.039621143521129e-29,8.039621143521126e-29,8.039621143557141e-29,8.039621143557144e-29,8.039621143571389e-29,8.039621143571389e-29,8.039621143571384e-29,8.039621143571383e-29,8.039621143546903e-29,8.039621143546906e-29,8.039621143546904e-29,8.039621143546901e-29,8.039596300363522e-29,8.03959630036352e-29,8.039596300581387e-29,8.039596300581385e-29,8.039596300581388e-29,8.039596300581387e-29,8.039596300581385e-29,8.039596300581385e-29,8.039596300581387e-29,8.039596300581389e-29,8.039596300581388e-29,8.039596300581385e-29,8.039596300581047e-29,8.039596300581048e-29,8.039596300581119e-29,8.039596300467445e-29,8.039596300418539e-29,8.03959630041981e-29,8.039596300419812e-29,8.039596300421657e-29,8.039596300421655e-29,8.039596300421655e-29,8.039596300421665e-29,8.039596300421661e-29,8.039596300424178e-29,8.03959630042418e-29,8.039596300425318e-29,8.039596300425322e-29,8.039596300425326e-29,8.039596300425325e-29,8.039596300425325e-29,8.039596300387224e-29,8.039596300387223e-29,8.039596300347709e-29,8.039596300341973e-29,8.039596301813098e-29,8.0395963018619e-29,8.039596301861901e-29,8.039596301861902e-29,8.039596313249493e-29,8.039596316686834e-29,8.039599503439601e-29,8.039599503442977e-29,8.039599503442038e-29,8.039599503442036e-29,8.039599503421866e-29,8.039599503421867e-29,8.03959950343635e-29,8.039599503433407e-29,8.039599503433406e-29,8.039599503433404e-29,8.039599503433402e-29,8.0395995034334e-29,8.039599503433399e-29,8.039599503377589e-29,8.039599503377591e-29,8.039599503377451e-29,8.039599503377451e-29,8.039599503408024e-29,8.039599503420954e-29,8.039599503420954e-29,8.039599503419404e-29,8.0395995034194e-29,8.039599503419404e-29,8.039599503419404e-29,8.039599503424058e-29,8.039599503423632e-29,8.039599503423633e-29,8.03959950347429e-29,8.03959950347429e-29,8.039599503474292e-29,8.039599503647366e-29,8.03959950364737e-29,8.039599503647368e-29,8.03959950360374e-29,8.039599503633428e-29,8.039599503633425e-29,8.03959950363712e-29,8.039599503637121e-29,8.039599503869483e-29,8.039599603525314e-29,8.039599603558009e-29,8.039599603558005e-29,8.039599603558004e-29,8.039599603631302e-29,8.039599606056585e-29,8.039599606056585e-29,8.039599605856537e-29,8.039599605814957e-29,8.039599605192447e-29,8.039599605179384e-29,8.039599605162395e-29,8.039599605162394e-29,8.039599605147188e-29,8.039599605235091e-29,8.039599605233477e-29,8.039599605244593e-29,8.039599605244794e-29,8.039599605244768e-29,8.039599605246399e-29,8.039599605221257e-29,8.039599592878282e-29,8.039599592878278e-29,8.039599592877326e-29,8.039599592918062e-29,8.039599592927029e-29,8.039599592932103e-29,8.039599592932106e-29,8.039599592932103e-29,8.039599592932102e-29,8.039599592932106e-29,8.039599592932106e-29,8.039599592932106e-29,8.039599592932104e-29,8.039599592932048e-29,8.039599592950002e-29,8.039599592950004e-29,8.03959959295e-29,8.039599592950003e-29,8.039599592949679e-29,8.039599592949681e-29,8.039590876970269e-29,8.039590876970269e-29,8.039590876970269e-29,8.039590876925724e-29,8.03959087693917e-29,8.039590876939268e-29,8.039590876939267e-29,8.039590876939268e-29,8.039590876939265e-29,8.03959087693327e-29,8.039590876927015e-29,8.039590876927015e-29,8.039590876930073e-29,8.039590876931707e-29,8.039590876928361e-29,8.039590876926037e-29,8.039590876926038e-29,8.03959087747998e-29,8.039590877477703e-29,8.0395908774777e-29,8.039590877477705e-29,8.039590877477703e-29,8.039590877477699e-29,8.039590877477701e-29,8.039590877477701e-29,8.039590877419196e-29,8.039590877418885e-29,8.039590877418892e-29,8.039590877418888e-29,8.039590877418888e-29,8.039590877418887e-29,8.039590877418887e-29,8.039590877418894e-29,8.03959087748426e-29,8.039590877525263e-29,8.039590877525262e-29,8.039590877526661e-29,8.039590877526664e-29,8.039590877526665e-29,8.039590877530773e-29,8.039590877530712e-29,8.039590877516326e-29,8.039591906115649e-29,8.039591906115653e-29,8.03959190611565e-29,8.03959190611562e-29,8.039591906115626e-29,8.039591906115619e-29,8.039591906115861e-29,8.039591906110138e-29,8.039591906110137e-29,8.039591906110137e-29,8.03959190600454e-29,8.039591906004535e-29,8.039591905994136e-29,8.039591905993769e-29,8.039591905993589e-29,8.039591905993586e-29,8.039591905992628e-29,8.039591905992628e-29,8.039591905983547e-29,8.039591905974293e-29,8.039591905970799e-29,8.039591905971502e-29,8.039591906063681e-29,8.039591907402783e-29,8.039591907409756e-29,8.039591907409758e-29,8.039591907420757e-29,8.039591907421287e-29,8.039591907421287e-29,8.03959190742129e-29,8.03959190742129e-29,8.039591907421293e-29,8.03959190742128e-29,8.039591907421279e-29,8.039591907421266e-29,8.039591907426089e-29,8.03959190738994e-29,8.039591907390062e-29,8.039591907389956e-29,8.039591907389955e-29,8.03970349182372e-29,8.039703491823723e-29,8.039703491823721e-29,8.039703491823722e-29,8.039703491823722e-29,8.039703491827931e-29,8.039703491776932e-29,8.03970349196307e-29,8.03970349196307e-29,8.039703491963355e-29,8.039703491963355e-29,8.039703491963356e-29,8.039703491975191e-29,8.03970349220805e-29,8.03970349221254e-29,8.039703492212551e-29,8.03970349221255e-29,8.039703492212552e-29,8.03970349221255e-29,8.039703492304915e-29,8.039703492304909e-29,8.039703492304906e-29,8.039703492298094e-29,8.039703492298094e-29,8.039703499089759e-29,8.039703499100805e-29,8.039703499104848e-29,8.03970349905019e-29,8.039703499050189e-29,8.039703499050191e-29,8.039703499050189e-29,8.039703499050189e-29,8.039703499050191e-29,8.039703499050186e-29,8.039703499050451e-29,8.039703472504714e-29,8.039703472504712e-29,8.039703472504648e-29,8.039703472504652e-29,8.039703472504649e-29,8.039703472504652e-29,8.039703472352451e-29,8.039703472119217e-29,8.039703502764647e-29,8.039703502764649e-29,8.039703502764647e-29,8.039703556802941e-29,8.039703556802701e-29,8.039703556809855e-29,8.039703556810176e-29,8.039703556810494e-29,8.039703556810539e-29,8.03970355681056e-29,8.039703556810558e-29,8.039703556810558e-29,8.039703556725254e-29,8.039703556725254e-29,8.03970355672523e-29,8.039703556724531e-29,8.039703556724689e-29,8.039703556748965e-29,8.039703556748963e-29,8.039703556748963e-29,8.039703556851649e-29,8.039703556851174e-29,8.039703556851177e-29,8.039703556851401e-29,8.039703556648475e-29,8.039703556648473e-29,8.039703556648474e-29,8.039703556255814e-29,8.039703556255814e-29,8.039703556255804e-29,8.039703556331787e-29,8.039703556253172e-29,8.039703556253173e-29,8.03970355625055e-29,8.03970355625018e-29,8.039703556250186e-29,8.039703556252361e-29,8.039703556252363e-29,8.039703556252365e-29,8.039703556252359e-29,8.039703556252364e-29,8.039703556252366e-29,8.039703556252364e-29,8.039703556252366e-29,8.039703556252365e-29,8.039703556252368e-29,8.039703556273449e-29,8.039703556273448e-29,8.039703556281106e-29,8.039703556281106e-29,8.039703556281105e-29,8.039703556281486e-29,8.039703556275402e-29,8.039703556134764e-29,8.039703556021355e-29,8.039703555862151e-29,8.039703555868521e-29,8.039703555868311e-29,8.039703555868311e-29,8.039703555869597e-29,8.039703555869598e-29,8.03970355594122e-29,8.039703555941272e-29,8.039703555941274e-29,8.039703555941275e-29,8.039703555941179e-29,8.039703555941142e-29,8.039703555925729e-29,8.039703555925599e-29,8.039703555925598e-29,8.039703555925601e-29,8.039703555940264e-29,8.039703555940261e-29,8.039703555940133e-29,8.039703555937585e-29,8.039703555923247e-29,8.039703555923107e-29,8.039703555922961e-29,8.039703555972267e-29,8.039703555938348e-29,8.03970355593908e-29,8.039703555938485e-29,8.039703554866111e-29,8.03970355486611e-29,8.039670738010926e-29,8.039670737824334e-29,8.03967073782536e-29,8.03967073782384e-29,8.039670738872621e-29,8.039670738872622e-29,8.039670738872196e-29,8.039670738827914e-29,8.039670738808921e-29,8.039670738808922e-29,8.039670738808919e-29,8.039670738752692e-29,8.039670738752688e-29,8.039670738753193e-29,8.039670738753192e-29,8.039670738753103e-29,8.039670739183392e-29,8.039670739183497e-29,8.039670739183557e-29,8.039670739183557e-29,8.039670739183559e-29,8.039670739208596e-29,8.039670739208574e-29,8.039670739208573e-29,8.039670739208576e-29,8.039670739022757e-29,8.039670739013756e-29,8.039670739013879e-29,8.03967073900971e-29,8.039670739009668e-29,8.039670739009664e-29,8.039670739009666e-29,8.03967073902752e-29,8.039670739027524e-29,8.03967073902752e-29,8.039670739027519e-29,8.039670739041239e-29,8.039670739016173e-29,8.039670739010481e-29,8.039670739010359e-29,8.039670739010356e-29,8.039670739010359e-29,8.039670739010355e-29,8.039670739009103e-29,8.039670740464765e-29,8.039670740464766e-29,8.039670740464514e-29,8.039670740465189e-29,8.03967074046755e-29,8.039670740467551e-29,8.039670740467549e-29,8.039670740467567e-29,8.039670740421119e-29,8.039670740433042e-29,8.039670740433132e-29,8.039670740433133e-29,8.039670740416568e-29,8.03967074043149e-29,8.039670740431368e-29,8.039670740431353e-29,8.03967074043135e-29,8.039670740431314e-29,8.03967074005913e-29,8.039670740041855e-29,8.039670740041861e-29,8.03967074002601e-29,8.03967074002601e-29,8.039670740030923e-29,8.03967074009456e-29,8.039670740094553e-29,8.039670740092709e-29,8.039670740096062e-29,8.039670740096063e-29,8.039670740095807e-29,8.039670740026745e-29,8.039670740026484e-29,8.039670740026476e-29,8.039670740020086e-29,8.03967073999828e-29,8.039670739998282e-29,8.039670737619259e-29,8.039670737619258e-29,8.039670737624687e-29,8.039670737069864e-29,8.039670796713278e-29,8.039670804019537e-29,8.039670804019533e-29,8.039670800004582e-29,8.039670800019652e-29,8.039670800019455e-29,8.039670799583833e-29,8.039670799583835e-29,8.039670799583832e-29,8.039670799589279e-29,8.039670799589277e-29,8.039670799587978e-29,8.039670799587975e-29,8.039670799587973e-29,8.039670799587972e-29,8.039670799587973e-29,8.039670799587973e-29,8.039670799883156e-29,8.039670799876867e-29,8.039670799876867e-29,8.039670799844888e-29,8.039670799842581e-29,8.039670799697291e-29,8.03967079934237e-29,8.039670799375875e-29,8.039670799085757e-29,8.039670799085757e-29,8.039670799085753e-29,8.039670799083139e-29,8.039670799083143e-29,8.039670799083139e-29,8.039670798943322e-29,8.039670798943324e-29,8.039670798943322e-29,8.039670798937012e-29,8.039670798937014e-29,8.039670798917109e-29,8.039670798917108e-29,8.039670800224913e-29,8.039670800224915e-29,8.039670800224914e-29,8.03967080022491e-29,8.039670800224914e-29,8.039670800284897e-29,8.039670800284898e-29,8.039670800188839e-29,8.039670800182241e-29,8.039670799976696e-29,8.03967079998814e-29,8.039670799986939e-29,8.039670799986941e-29,8.039670799986941e-29,8.039670799985896e-29,8.039670799986333e-29,8.039670799986371e-29,8.039670799990229e-29,8.039670799990229e-29,8.039670799992769e-29,8.039670799992767e-29,8.039670799930656e-29,8.039670799930652e-29,8.039670799936112e-29,8.039670799936111e-29,8.039670799936215e-29,8.039670799936191e-29,8.039670799924168e-29,8.039670800088606e-29,8.039670799950241e-29,8.039670800083322e-29,8.039670800083321e-29,8.039670800083319e-29,8.03967080008332e-29,8.039670800083229e-29,8.039670800096844e-29,8.039670800102441e-29,8.039670800102441e-29,8.039670800146345e-29,8.039670800146346e-29,8.039670800146346e-29,8.03967080014634e-29,8.039670800115307e-29,8.039670800267971e-29,8.039670799890516e-29,8.039670799890518e-29,8.039670799890514e-29,8.039670799881753e-29,8.039670799881753e-29,8.039670799881753e-29,8.039670799881746e-29,8.039670799881747e-29,8.039670799881747e-29,8.039670800076797e-29,8.039670800077291e-29,8.039670800077293e-29,8.039670800077293e-29,8.039670800064745e-29,8.039670800065382e-29,8.039670800062623e-29,8.039670800062622e-29,8.039670800063568e-29,8.039670800173328e-29,8.03967080017333e-29,8.039670800173327e-29,8.039670800026525e-29,8.039670800018392e-29,8.039670799994448e-29,8.039670799994443e-29,8.039670799994294e-29,8.039670799975315e-29,8.039670799975316e-29,8.039670799975315e-29,8.039670799975572e-29,8.039670799974848e-29,8.039670799967931e-29,8.039670799967751e-29,8.03967079996792e-29,8.039670799967919e-29,8.039670799967917e-29,8.039670799967919e-29,8.039670799967918e-29,8.03967079996791e-29,8.039670799967573e-29,8.039670799967576e-29,8.039670799967574e-29,8.039670799967573e-29,8.039670799956237e-29,8.039670799956212e-29,8.03967079993785e-29,8.039670799937847e-29,8.039670799937844e-29,8.039670799903626e-29,8.03967079984915e-29,8.039670799888923e-29,8.039670799918209e-29,8.039670799928043e-29,8.03967080004746e-29,8.039670799928109e-29,8.039670799941792e-29,8.039670799941792e-29,8.039670799941794e-29,8.039670799700409e-29,8.039670799700406e-29,8.039670799700406e-29,8.039670799700407e-29,8.039670799865955e-29,8.039670799865958e-29,8.039670799865956e-29,8.039670799865957e-29,8.039670799865955e-29,8.039670799865958e-29,8.039670799868148e-29,8.039670799939051e-29,8.039670799938868e-29,8.039670799939472e-29,8.039670799939473e-29,8.039670799939472e-29,8.039670799939469e-29,8.03967079993947e-29,8.039670799939472e-29,8.039670799926155e-29,8.03967079992615e-29,8.039670799926165e-29,8.039670799879901e-29,8.039670799879907e-29,8.039670799845008e-29,8.039670799845159e-29,8.039670799845156e-29,8.039670799845153e-29,8.039670799845156e-29,8.039670799847682e-29,8.039670799848991e-29,8.039670799848413e-29,8.039670799848414e-29,8.039670799848415e-29,8.039670797280011e-29,8.039670797321028e-29,8.039670797321025e-29,8.039670797321027e-29,8.039670797321025e-29,8.039670797321025e-29,8.039670797321029e-29,8.039670797321031e-29,8.039670797321033e-29,8.039670793115026e-29,8.039670793115028e-29,8.03967079354668e-29,8.03967079021743e-29,8.039670790217429e-29,8.039670790217425e-29,8.039670790217425e-29,8.039670790217423e-29,8.03967079021782e-29,8.03967079021782e-29,8.039670790217824e-29,8.03967079021769e-29,8.039670790217685e-29,8.03967079021783e-29,8.039670790217394e-29,8.039670790010503e-29,8.039670789521458e-29,8.039670789530257e-29,8.039670789530312e-29,8.039670789529511e-29,8.039670816661223e-29,8.039670816661222e-29,8.039670816661227e-29,8.03967081671579e-29,8.039670816721694e-29,8.039670817370904e-29,8.039670817370897e-29,8.039670817384405e-29,8.039670817381802e-29,8.039670817381854e-29,8.039670817381854e-29,8.039670817385105e-29,8.039670817385106e-29,8.039670817385104e-29,8.039670817384124e-29,8.039670817386378e-29,8.039670817386378e-29,8.039670817430447e-29,8.039670817430447e-29,8.039670817393006e-29,8.039670817393429e-29,8.039670817394432e-29,8.03967081742306e-29,8.039670817423057e-29,8.03967081742306e-29,8.039670817423061e-29,8.039670817927021e-29,8.039670817927025e-29,8.039670817700163e-29,8.039670817700166e-29,8.039670817763102e-29,8.039670817763136e-29,8.03967081776314e-29,8.039670817762828e-29,8.039670817764841e-29,8.039670817777396e-29,8.039670817777371e-29,8.03967081777735e-29,8.039670817774692e-29,8.039670817770816e-29,8.039670817831321e-29,8.039670817831315e-29,8.039670817847514e-29,8.039670817847516e-29,8.039670817847511e-29,8.039670817847514e-29,8.03967081784751e-29,8.03967081784751e-29,8.039670817847514e-29,8.039670817847778e-29,8.039670817848437e-29,8.039670817828634e-29,8.039670817886082e-29,8.03967081789695e-29,8.039670817896947e-29,8.03967081789695e-29,8.0396708179095e-29,8.039670817913495e-29,8.039670817913494e-29,8.039670817913558e-29,8.039670817913557e-29,8.039670817913557e-29,8.039670817913557e-29,8.039670817871166e-29,8.03967081783225e-29,8.039670817829666e-29,8.039670817829625e-29,8.0396708178299e-29,8.039670817829898e-29,8.039670817709395e-29,8.039670817709397e-29,8.039670817685718e-29,8.039670817683745e-29,8.039670817654127e-29,8.039670817654984e-29,8.039670817668328e-29,8.039670817668322e-29,8.039670817668564e-29,8.039670817668563e-29,8.03967081771509e-29,8.039670817701312e-29,8.039670817701293e-29,8.039670818371329e-29,8.039542256347411e-29,8.039542256590977e-29,8.039542256590976e-29,8.039542256590978e-29,8.039542196054918e-29,8.039542402204258e-29,8.039542402159741e-29,8.03954240214721e-29,8.039542402216444e-29,8.0395424022058e-29,8.039542402214534e-29,8.039542402217931e-29,8.039542402354635e-29,8.039542402354633e-29,8.039542402351827e-29,8.039542402367345e-29,8.039542402367343e-29,8.039542402376903e-29,8.039542402376903e-29,8.039542402376904e-29,8.039542402376907e-29,8.039542402376908e-29,8.039542402068208e-29,8.039542402120572e-29,8.039542402120489e-29,8.039542402107995e-29,8.039542402076691e-29,8.039542402053062e-29,8.039542402053066e-29,8.039542402060684e-29,8.039542402062244e-29,8.039542402062253e-29,8.039542402049474e-29,8.039542402049478e-29,8.039542402041139e-29,8.039542402041935e-29,8.039542402041933e-29,8.039542402041936e-29,8.039542402041933e-29,8.039542402041935e-29,8.039542402041931e-29,8.039542402042058e-29,8.03954240204206e-29,8.039542402042133e-29,8.039542402097855e-29,8.039542402097852e-29,8.039542402097853e-29,8.03954240219966e-29,8.039542402046534e-29,8.039542402046536e-29,8.039542402046539e-29,8.039542402046536e-29,8.039542402062095e-29,8.039542402062098e-29,8.039542402109342e-29,8.039542402109337e-29,8.039542402109855e-29,8.039542402783553e-29,8.039542402783395e-29,8.039542402684736e-29,8.03954240268472e-29,8.039542402623717e-29,8.039542402622408e-29,8.039542402622423e-29,8.039542402664806e-29,8.039542421915572e-29,8.039542421915662e-29,8.03954242191568e-29,8.039542421915677e-29,8.039542421915683e-29,8.039542421917196e-29,8.039542421917205e-29,8.039542421890876e-29,8.039542421890877e-29,8.039542421867184e-29,8.039542421867181e-29,8.039542421867185e-29,8.03954242186157e-29,8.039542421892133e-29,8.039542421937438e-29,8.039542421937441e-29,8.039542421886018e-29,8.039542421885853e-29,8.039542422086412e-29,8.039486602248283e-29,8.039486602248285e-29,8.039486600645189e-29,8.039486600640321e-29,8.039486600640321e-29,8.039486600639829e-29,8.039486600640645e-29,8.039486600640647e-29,8.039486600640643e-29,8.039486600640643e-29,8.039486600640643e-29,8.039486600640644e-29,8.039486600604646e-29,8.039486600604649e-29,8.039486600606437e-29,8.039486600606434e-29,8.039486600606433e-29,8.039486600606437e-29,8.039486600606434e-29,8.039486600540651e-29,8.039486600611465e-29,8.039486600617909e-29,8.039486600617025e-29,8.039486600617025e-29,8.039486600617029e-29,8.039486600617026e-29,8.039486600617023e-29,8.039486600617023e-29,8.039486600617025e-29,8.03948660061699e-29,8.039486600616994e-29,8.03948660061454e-29,8.039486600614759e-29,8.039486600614759e-29,8.039486600614732e-29,8.039486600614736e-29,8.03948660070404e-29,8.039486600704041e-29,8.039486600704041e-29,8.03948660070404e-29,8.039486600704042e-29,8.039486600809529e-29,8.039486600809525e-29,8.039486600809527e-29,8.039486600809531e-29,8.039486600804618e-29,8.039486600823327e-29,8.039486600835206e-29,8.039486600835205e-29,8.039486600835205e-29,8.039486600840172e-29,8.039486600840176e-29,8.039486600829453e-29,8.039486600829613e-29,8.039486600829609e-29,8.039486600824759e-29,8.03948660082491e-29,8.039486600825177e-29,8.039486600825183e-29,8.039486600825198e-29,8.039486600825267e-29,8.039486600952695e-29,8.039486600951514e-29,8.039486600951513e-29,8.039486600879987e-29,8.039486600886711e-29,8.039486600907689e-29,8.039486600907684e-29,8.039486600907687e-29,8.039486600916276e-29,8.039486600916274e-29,8.039486600916277e-29,8.039486600890975e-29,8.039486600889788e-29,8.039486600889786e-29,8.03948660088979e-29,8.039486600889793e-29,8.039486601111561e-29,8.039486601111559e-29,8.039486601110943e-29,8.039486601110945e-29,8.039486599235559e-29,8.03948659935888e-29,8.039486619894511e-29,8.039486620400892e-29,8.039486620400895e-29,8.039486620400896e-29,8.03948662040078e-29,8.039486620400776e-29,8.039486620403493e-29,8.039486620403493e-29,8.039486620403496e-29,8.039486620403494e-29,8.039486620403494e-29,8.039486620403493e-29,8.039486620403493e-29,8.039486620403496e-29,8.039486620402441e-29,8.039486620402286e-29,8.039486620406572e-29,8.039486620130041e-29,8.03948662013004e-29,8.039486620130039e-29,8.039486620348549e-29,8.039486620347508e-29,8.03948661113297e-29,8.039486611132971e-29,8.039486611132967e-29,8.039486611120505e-29,8.039486611120545e-29,8.039486611094551e-29,8.039486611332794e-29,8.039486611332797e-29,8.039486611332796e-29,8.039486611336691e-29,8.03948661133508e-29,8.03948661133508e-29,8.039486611217487e-29,8.039486611217483e-29,8.039486611217483e-29,8.03948661121748e-29,8.039486611217483e-29,8.039486611217485e-29,8.039486611217486e-29,8.039486611217485e-29,8.039486611217488e-29,8.039486611217486e-29,8.039486716745018e-29,8.039486716792044e-29,8.039486716792044e-29,8.039486716792043e-29,8.039486716791845e-29,8.039486716791845e-29,8.039486716445393e-29,8.039486716452939e-29,8.039486716452934e-29,8.039486716452937e-29,8.039486716452937e-29,8.039486716452929e-29,8.039486716452854e-29,8.039486716452471e-29,8.039486716429938e-29,8.039486716429936e-29,8.039486716430769e-29,8.039486716421725e-29,8.039486716419852e-29,8.03948671641985e-29,8.03948671628796e-29,8.039486716284176e-29,8.039486716284085e-29,8.039486716284119e-29,8.039486716284122e-29,8.03948671628412e-29,8.039486716305536e-29,8.039486716306214e-29,8.039486716309514e-29,8.039486716296099e-29,8.039486716294463e-29,8.039486716294468e-29,8.039486716294468e-29,8.039486716294469e-29,8.039486714251323e-29,8.039486714252234e-29,8.039486714252235e-29,8.039486714250529e-29,8.03948671425053e-29,8.03948671421937e-29,8.039486714219219e-29,8.039486713756873e-29,8.039481697523262e-29,8.039481697523248e-29,8.039481633865162e-29,8.03948163386239e-29,8.039481633862392e-29,8.039481633862389e-29,8.039481633862391e-29,8.039481633862392e-29,8.039481633862562e-29,8.03948163390104e-29,8.039481633824934e-29,8.03948163382221e-29,8.039481633828863e-29,8.039481633828864e-29,8.039481633828863e-29,8.039481633829433e-29,8.039481633829434e-29,8.039481633829436e-29,8.039481633829437e-29,8.039481633829437e-29,8.039481633829436e-29,8.039481633829433e-29,8.039481633834104e-29,8.039481633834102e-29,8.039481633834103e-29,8.039481633834132e-29,8.039481633834111e-29,8.039481633834109e-29,8.03948163383411e-29,8.039481634302366e-29,8.03948163430237e-29,8.039481634302372e-29,8.03948163430237e-29,8.039481634302371e-29,8.039481634305011e-29,8.039481634294452e-29,8.039481634294452e-29,8.039481634143993e-29,8.03948163414399e-29,8.039481634143993e-29,8.039481634143995e-29,8.039481634269899e-29,8.039481634599195e-29,8.039481634631146e-29,8.039481634631151e-29,8.039481634627867e-29,8.039481634627866e-29,8.039481634627626e-29,8.039481634627987e-29,8.039481634628046e-29,8.039481634628046e-29,8.039481634628045e-29,8.039481634625055e-29,8.039481634625052e-29,8.039481634625098e-29,8.039481634642149e-29,8.039481634642167e-29,8.039481634642166e-29,8.039481634464029e-29,8.039481634482919e-29,8.03948163448292e-29,8.039481634482569e-29,8.039481634511518e-29,8.039481634473465e-29,8.039481632573009e-29,8.039481632572976e-29,8.039481632572975e-29,8.039481632572975e-29,8.039481632572976e-29,8.039481632572976e-29,8.039481632572975e-29,8.039481632572842e-29,8.039481632572843e-29,8.039481632572845e-29,8.039481632566448e-29,8.039481632566437e-29,8.0394816325575e-29,8.039481631611834e-29,8.039483255014725e-29,8.039483255014727e-29,8.039483255051339e-29,8.039483254702112e-29,8.039483254702114e-29,8.039483254702112e-29,8.039483254702109e-29,8.039483254811615e-29,8.039483254811614e-29,8.03948325479196e-29,8.039483254792068e-29,8.039483254792073e-29,8.039483254869398e-29,8.039483254869474e-29,8.03948325481826e-29,8.039483254818331e-29,8.03948325481833e-29,8.039483254760864e-29,8.039483254725856e-29,8.039483254725855e-29,8.039483254668715e-29,8.039483254668674e-29,8.039483254668673e-29,8.039483254724154e-29,8.039483254724154e-29,8.039483254724156e-29,8.039483254724156e-29,8.039483254724153e-29,8.039483254724147e-29,8.039483254724134e-29,8.039483254754501e-29,8.039483254754342e-29,8.039483254747246e-29,8.039483254747317e-29,8.03948325474684e-29,8.039483254750018e-29,8.039483254764955e-29,8.039483254764958e-29,8.039483254764959e-29,8.03948325517823e-29,8.039483255178207e-29,8.039483253748985e-29,8.039483253748985e-29,8.039483253788972e-29,8.039483253788973e-29,8.039483253726778e-29,8.039483253727778e-29,8.039483338795022e-29,8.039483338795023e-29,8.039483338814195e-29,8.039483338814396e-29,8.039483340598523e-29,8.039483340598524e-29,8.039483340598525e-29,8.039483340586767e-29,8.039483340572414e-29,8.039483340621435e-29,8.039483340621407e-29,8.039483340621404e-29,8.039483340622925e-29,8.039483340622992e-29,8.039483340622992e-29,8.039483341250352e-29,8.03948334128406e-29,8.039483341284057e-29,8.039483341279826e-29,8.039483341279822e-29,8.039483341376853e-29,8.039483341376848e-29,8.039483341376848e-29,8.039483341374957e-29,8.039483341374955e-29,8.039483341427619e-29,8.03948334140085e-29,8.039483341400848e-29,8.03948334164425e-29,8.039483341676664e-29,8.039483341676936e-29,8.039483341681237e-29,8.039483341681651e-29,8.039483341680802e-29,8.039483341680786e-29,8.039483341680787e-29,8.039483341680786e-29,8.039483341704434e-29,8.039483341653684e-29,8.039483367557278e-29,8.039483367556973e-29,8.039483366154064e-29,8.039483366153696e-29,8.039483366153694e-29,8.039483366153411e-29,8.039483332394115e-29,8.039483332394296e-29,8.039483335254973e-29,8.039483334797459e-29,8.039483334797457e-29,8.039483334681397e-29,8.039483334681397e-29,8.039483334674371e-29,8.039483334674375e-29,8.039483334613873e-29,8.039483334613868e-29,8.039483334624111e-29,8.039483334614036e-29,8.039483334614088e-29,8.039483334614349e-29,8.039483334622198e-29,8.039483334622196e-29,8.03948049833705e-29,8.039480531620895e-29,8.039480531620895e-29,8.039480531620899e-29,8.039480531620899e-29,8.039480531621677e-29,8.039480531631152e-29,8.039480531631002e-29,8.039480531493488e-29,8.039480531493489e-29,8.03948053149349e-29,8.039480531492087e-29,8.039480531492087e-29,8.039480531497154e-29,8.039480531497172e-29,8.039480531505127e-29,8.039480531504995e-29,8.039480531504998e-29,8.039480531504997e-29,8.039480531504994e-29,8.039480527635612e-29,8.039480528096715e-29,8.039480525420472e-29,8.03948052542088e-29,8.03948052542088e-29,8.039480525420252e-29,8.039480525423434e-29,8.0394805254554e-29,8.039480525457524e-29,8.039480525535647e-29,8.039480525574005e-29,8.03948052547865e-29,8.039480525478862e-29,8.03948052547888e-29,8.039480525478979e-29,8.039480525545849e-29,8.039480525552543e-29,8.039480525552544e-29,8.039480525552544e-29,8.039480526014391e-29,8.039480525942212e-29,8.039480525951306e-29,8.03948052723501e-29,8.039480527262196e-29,8.039480527285292e-29,8.039480527285295e-29,8.039480527285293e-29,8.039480491518743e-29,8.039480491556751e-29,8.039480491557154e-29,8.039480491557156e-29,8.039480491568781e-29,8.03948049156878e-29,8.039480491566722e-29,8.039480491448457e-29,8.039480491418313e-29,8.039480491412264e-29,8.039480491412274e-29,8.039480491411965e-29,8.039480491411959e-29,8.039480491411964e-29,8.03948062221413e-29,8.03948062178923e-29,8.039480622616078e-29,8.039480622616334e-29,8.039480622769317e-29,8.039480622771577e-29,8.03948062267819e-29,8.039480622679055e-29,8.039480622679054e-29,8.039480622679054e-29,8.039480622679055e-29,8.039480622679055e-29,8.039480622679053e-29,8.039480622743022e-29,8.039480622743075e-29,8.039480622741883e-29,8.039480622741879e-29,8.039480622743389e-29,8.039480622743598e-29,8.039480622767813e-29,8.039480622768432e-29,8.039480626468837e-29,8.039480626468766e-29,8.039480624279538e-29,8.039480624472024e-29,8.039480623930078e-29,8.039480623944026e-29,8.039480623944026e-29,8.039480623944029e-29,8.039480623944028e-29,8.039480623944028e-29,8.039480623941895e-29,8.039480623940747e-29,8.039480623907637e-29,8.039480623907635e-29,8.039480623903893e-29,8.03948062390385e-29,8.039480623903761e-29,8.039480623903753e-29,8.03948062390375e-29,8.039480623908402e-29,8.039480623908401e-29,8.039480623908398e-29,8.039480839934052e-29,8.03948083993405e-29,8.039480839934049e-29,8.039480839934051e-29,8.039480839934052e-29,8.039480839934054e-29,8.039480839934088e-29,8.039480840085363e-29,8.039480840073739e-29,8.039480840073746e-29,8.039480840073745e-29,8.039480840074936e-29,8.039480840074936e-29,8.039480840074935e-29,8.039480840074893e-29,8.039480840074893e-29,8.039480840074895e-29,8.039480840074895e-29,8.039480840117914e-29,8.039480840117717e-29,8.039480839925711e-29,8.039480839924986e-29,8.039480839925035e-29,8.039480839925038e-29,8.039480839950554e-29,8.039480839950551e-29,8.03948083995082e-29,8.039480840058039e-29,8.039480840057789e-29,8.039480840055071e-29,8.039480840055069e-29,8.039480840055071e-29,8.039480840055075e-29,8.039480840055073e-29,8.039480840013603e-29,8.039480840013602e-29,8.039480839031922e-29,8.039480838987458e-29,8.039480838987461e-29,8.039480838987462e-29,8.039480839000875e-29,8.039480839002286e-29,8.039482628616495e-29,8.039482628616498e-29,8.039482628616499e-29,8.039482628616498e-29,8.039482628616495e-29,8.039482628616498e-29,8.039482628616495e-29,8.039482628616419e-29,8.039482628616404e-29,8.039482628616404e-29,8.039482628616119e-29,8.03948262866338e-29,8.039482628626795e-29,8.039482628626798e-29,8.03948262862691e-29,8.039482628764872e-29,8.039482628764873e-29,8.039482628764869e-29,8.039482628785558e-29,8.039482628808659e-29,8.039482628808662e-29,8.039482628815301e-29,8.039482628842831e-29,8.039482628842829e-29,8.039482628844158e-29,8.039482628844157e-29,8.039482628844157e-29,8.039482628844154e-29,8.039482628761683e-29,8.039482628761797e-29,8.039482628703659e-29,8.039482628703659e-29,8.039482628703657e-29,8.039482628703657e-29,8.039482628703658e-29,8.03948262870366e-29,8.039482628703656e-29,8.03948262870365e-29,8.039482628703653e-29,8.039482628703651e-29,8.039482628703651e-29,8.039482628703649e-29,8.039482628703652e-29,8.039482628703649e-29,8.039482628703651e-29,8.039482628703656e-29,8.039482628703652e-29,8.039482628703652e-29,8.03948262868866e-29,8.039482628688662e-29,8.039482628688663e-29,8.03948262868568e-29,8.039482628685682e-29,8.039482628685703e-29,8.039482628685704e-29,8.039482628685706e-29,8.039482628685703e-29,8.039482628685959e-29,8.039482628685963e-29,8.039482628685963e-29,8.039482622040456e-29,8.039482622040456e-29,8.039482622040368e-29,8.039482622040368e-29,8.039482621974311e-29,8.039482621974312e-29,8.03948262197507e-29,8.039482621975502e-29,8.039482621977544e-29,8.039482622003783e-29,8.039482622003782e-29,8.039482622003782e-29,8.039482622003689e-29,8.039482622003692e-29,8.039482622004014e-29,8.039482622025754e-29,8.039482622025752e-29,8.039482622043448e-29,8.039482622043441e-29,8.039482622043608e-29,8.039482622043607e-29,8.039482622043607e-29,8.039482622043608e-29,8.039482622150544e-29,8.039482622117474e-29,8.039482622835513e-29,8.039482622831385e-29,8.039482622831383e-29,8.039482623378965e-29,8.03948262337897e-29,8.039482623346785e-29,8.039482623346835e-29,8.039482623365507e-29,8.039482623370038e-29,8.039482623357256e-29,8.039482623357256e-29,8.039482623357255e-29,8.039482623356292e-29,8.039482623355683e-29,8.039482623390745e-29,8.039482623390746e-29,8.039482623392293e-29,8.039482623375834e-29,8.039482623359128e-29,8.03948262335914e-29,8.039482623359241e-29,8.039482622687631e-29,8.039482622636864e-29,8.039482622637163e-29,8.039482622639989e-29,8.039482622639941e-29,8.039482622639943e-29,8.039482622640125e-29,8.039482622640124e-29,8.039482622640123e-29,8.039482622640124e-29,8.039482622640122e-29,8.039482622640126e-29,8.039482622640124e-29,8.039482622640123e-29,8.039482622640124e-29,8.03948262264012e-29,8.039482622640131e-29,8.039482622640132e-29,8.039482622430168e-29,8.039482622654712e-29,8.039482892706357e-29,8.039482892705974e-29,8.039482892691254e-29,8.039482892691253e-29,8.039482892691249e-29,8.039482892691255e-29,8.039482892698079e-29,8.039482892698042e-29,8.039482892698043e-29,8.039482892698044e-29,8.039482892698042e-29,8.039482892698044e-29,8.039482892698043e-29,8.039482892698066e-29,8.039482892698064e-29,8.039482893505039e-29,8.039482893505042e-29,8.039482893505039e-29,8.039482893503197e-29,8.039482893503196e-29,8.039482893503197e-29,8.039482893503198e-29,8.039482893503187e-29,8.039482893504419e-29,8.03948289350442e-29,8.039482893504421e-29,8.039482893504418e-29,8.039482893499446e-29,8.039482893533634e-29,8.039482893533632e-29,8.039482893538179e-29,8.039482893538456e-29,8.039482893574066e-29,8.039482893608242e-29,8.039482893611527e-29,8.039482893612015e-29,8.039482893611999e-29,8.039482893612003e-29,8.039482893612006e-29,8.039482893611998e-29,8.039482893612004e-29,8.039482909363011e-29,8.039482909363012e-29,8.039482909363011e-29,8.039482909363013e-29,8.039482909492807e-29,8.039482909492811e-29,8.039482909454476e-29,8.039482909383424e-29,8.039482909383423e-29,8.039482909383423e-29,8.039482909383423e-29,8.039482909383424e-29,8.039482909369428e-29,8.039482909369428e-29,8.039482909369397e-29,8.039482909359123e-29,8.039482909354519e-29,8.039482909354518e-29,8.039482909354519e-29,8.039482909354335e-29,8.039482909354338e-29,8.039482909354338e-29,8.039482908180345e-29,8.039482908178684e-29,8.039482908171252e-29,8.039482908171247e-29,8.039482908172502e-29,8.039482908172535e-29,8.039482908172534e-29,8.039482908206087e-29,8.039482908206081e-29,8.039482907850036e-29,8.039482907850041e-29,8.039482907850064e-29,8.039482907850022e-29,8.039482907850026e-29,8.039482907891613e-29,8.039482907891369e-29,8.039482907891366e-29,8.03948290789137e-29,8.039482907891365e-29,8.039482695608937e-29,8.039482695608938e-29,8.039482695012412e-29,8.039482695003641e-29,8.039482695093928e-29,8.039482695093164e-29,8.039482695102595e-29,8.039482695102594e-29,8.039482695102438e-29,8.039482695100664e-29,8.039482695105191e-29,8.039482695296577e-29,8.039482695296584e-29,8.039482695296582e-29,8.03948269529658e-29,8.039482695296614e-29,8.039482695296616e-29,8.039482695258453e-29,8.039482695258537e-29,8.0394826952531e-29,8.039482697201326e-29,8.039482697201326e-29,8.039482697201327e-29,8.039482697201327e-29,8.039482697201325e-29,8.039482697201326e-29,8.039482697201323e-29,8.039482697215275e-29,8.03948269742299e-29,8.039482697397583e-29,8.039482697402182e-29,8.039482697402184e-29,8.039482697402179e-29,8.039482697402177e-29,8.039482697402339e-29,8.03948269740234e-29,8.039482697403011e-29,8.039482697405882e-29,8.039482697246181e-29,8.039482697246186e-29,8.03948269724618e-29,8.039482697246181e-29,8.039482695862604e-29,8.039482695862604e-29,8.039482695862601e-29,8.039482695865227e-29,8.03948269587697e-29,8.039482695876975e-29,8.03948269587698e-29,8.039482696127324e-29,8.039482696127326e-29,8.039482696147492e-29,8.039482696147492e-29,8.039482696152146e-29,8.039482696151952e-29,8.039482695968624e-29,8.039482695968626e-29,8.039482695968625e-29,8.039482695968623e-29,8.039482695968623e-29,8.039482695968623e-29,8.039482695969513e-29,8.039482695969511e-29,8.039482695642914e-29,8.039482695600404e-29,8.039482695594852e-29,8.039482695589418e-29,8.03948269552631e-29,8.039482695526632e-29,8.039482695529039e-29,8.03948269552904e-29,8.039482695529092e-29,8.039482695557659e-29,8.039482695520952e-29,8.039482695517689e-29,8.039482695529049e-29,8.039482695529051e-29,8.039482695528768e-29,8.03948269552877e-29,8.039482695528787e-29,8.039482695528781e-29,8.039482695804102e-29,8.039482695804117e-29,8.039482695804116e-29,8.039482695804118e-29,8.039482695804121e-29,8.039482695804117e-29,8.039482695804117e-29,8.039482695753332e-29,8.03948269575277e-29,8.039482695752772e-29,8.039482695770765e-29,8.039482695770764e-29,8.039482695735996e-29,8.03948269573581e-29,8.039482695736362e-29,8.039482695686175e-29,8.039482695558363e-29,8.03948269539618e-29,8.039482695396179e-29,8.039482695396177e-29,8.039482695396181e-29,8.039482695396177e-29,8.039482695396051e-29,8.039482702424843e-29,8.039482702477077e-29,8.039482701912346e-29,8.039482701912331e-29,8.039482701891458e-29,8.039482701891455e-29,8.039482701891459e-29,8.039482701891458e-29,8.039482701871695e-29,8.039482701870926e-29,8.039482701862873e-29,8.039482701862225e-29,8.039482701862265e-29,8.039482701862264e-29,8.039482701881886e-29,8.039482701881922e-29,8.039482701892771e-29,8.039482701892774e-29,8.039482701871205e-29,8.039482701871074e-29,8.03948270187094e-29,8.039482703007679e-29,8.03948270300768e-29,8.039482702818571e-29,8.039482702818567e-29,8.039482702842818e-29,8.039482702842818e-29,8.039482702842816e-29,8.039482702842822e-29,8.039482702908474e-29,8.03948270290933e-29,8.039482702909333e-29,8.039482702909331e-29,8.039482702909333e-29,8.039482702909334e-29,8.039482702911643e-29,8.039482702911643e-29,8.039482702909091e-29,8.039482702909088e-29,8.039482702926219e-29,8.039482702926217e-29,8.039482702926215e-29,8.039482702924922e-29,8.039482702924743e-29,8.039482781453552e-29,8.039482781453557e-29,8.039482781197902e-29,8.039482781197325e-29,8.039482781197329e-29,8.039482781197329e-29,8.039482781199844e-29,8.039482781199242e-29,8.039482781199244e-29,8.039482781199446e-29,8.039482781199445e-29,8.039482781199457e-29,8.039482781199455e-29,8.039482781164023e-29,8.039482781164024e-29,8.039482781164022e-29,8.039482781164025e-29,8.039482781164022e-29,8.039501286485957e-29,8.039501286485955e-29,8.039501286486367e-29,8.03950196735124e-29,8.039501967325219e-29,8.039501967232006e-29,8.039501967237359e-29,8.039501967151779e-29,8.039501967186913e-29,8.039501967186521e-29,8.039501967185872e-29,8.039501967185874e-29,8.039501967185873e-29,8.039501967199304e-29,8.039501967292276e-29,8.03950196729228e-29,8.039501967257462e-29,8.039501967257463e-29,8.039501967253615e-29,8.039501967253617e-29,8.039501967253614e-29,8.039501967239263e-29,8.039501967236939e-29,8.039501967237133e-29,8.039501967237129e-29,8.039501967237132e-29,8.039501967351682e-29,8.039501967351684e-29,8.039501967351708e-29,8.039501967358979e-29,8.039501967358978e-29,8.039501967324973e-29,8.039501967143538e-29,8.039501967143539e-29,8.039501967143537e-29,8.039501967145458e-29,8.03950196714555e-29,8.039501967145547e-29,8.039501967145549e-29,8.039501968645617e-29,8.039501968645617e-29,8.039501968594357e-29,8.039501968594356e-29,8.039501968594363e-29,8.039501973686828e-29,8.039501972697993e-29,8.039501972697992e-29,8.039501972698026e-29,8.039501972710448e-29,8.039501972710964e-29,8.03950197271096e-29,8.039501972715169e-29,8.039501972704883e-29,8.039501972705083e-29,8.03950197270508e-29,8.039501972705082e-29,8.03950197270538e-29,8.039501972705377e-29,8.039501972720071e-29,8.03950197265107e-29,8.039501972638683e-29,8.039501972545874e-29,8.0395019738656e-29,8.039501973865599e-29,8.039501973865599e-29,8.039501973865598e-29,8.039501973865595e-29,8.039501973949109e-29,8.039501973868227e-29,8.039501973869898e-29,8.039501973788905e-29,8.039501973788969e-29,8.039501973788882e-29,8.039501973793567e-29,8.039501973793562e-29,8.039501973793563e-29,8.039501973795092e-29,8.039501973763302e-29,8.039501973763304e-29,8.039501973763303e-29,8.039501973759794e-29,8.039501973759794e-29,8.039501973759797e-29,8.039501973693836e-29,8.039501973693837e-29,8.039501973685184e-29,8.03950197368518e-29,8.039501966697159e-29,8.039501966697161e-29,8.039501966697117e-29,8.039501966693867e-29,8.03950196678615e-29,8.039501966243864e-29,8.039501966243784e-29,8.039501966243996e-29,8.039501966244051e-29,8.039501966240302e-29,8.039501966240485e-29,8.039501966246682e-29,8.039501966288219e-29,8.03950196628822e-29,8.039501966288227e-29,8.039501966330541e-29,8.039501966398319e-29,8.039501966398322e-29,8.039501966398318e-29,8.039501966096344e-29,8.039501966095901e-29,8.039501965959254e-29,8.039501965959254e-29,8.039501965911463e-29,8.039501965911108e-29,8.039501964957428e-29,8.039501964962821e-29,8.03950196496266e-29,8.039501964973386e-29,8.039501964973386e-29,8.039501964973385e-29,8.039501964973401e-29,8.039501964973361e-29,8.039501964973361e-29,8.039501964973097e-29,8.039501964973003e-29,8.039501964973004e-29,8.039501914278766e-29,8.039501914278768e-29,8.039502061460583e-29,8.039502061538552e-29,8.03950206155532e-29,8.039502061558602e-29,8.039502056447999e-29,8.039502056465275e-29,8.039502056430592e-29,8.039503831780116e-29,8.03950383326988e-29,8.039503833309417e-29,8.039503833309421e-29,8.039503833306282e-29,8.03950383330628e-29,8.039503833315248e-29,8.039503833298261e-29,8.03950383329832e-29,8.039503833298319e-29,8.039503833273602e-29,8.039503833265484e-29,8.03950383327538e-29,8.039503831152665e-29,8.03950383115274e-29,8.039503831119141e-29,8.0395038311171e-29,8.039503831108489e-29,8.039503831108491e-29,8.03950383108284e-29,8.03950383086889e-29,8.039503830868892e-29,8.039503830869179e-29,8.039503830869178e-29,8.039503830869179e-29,8.03950383086918e-29,8.039503830869067e-29,8.039503830869066e-29,8.039503830898667e-29,8.039503830898584e-29,8.039503830898586e-29,8.039503830898464e-29,8.0395038308869e-29,8.039503830886902e-29,8.039503830873892e-29,8.039503831016985e-29,8.039503831016985e-29,8.039503831411643e-29,8.039503831411645e-29,8.039503831411648e-29,8.039503831394211e-29,8.039503831394209e-29,8.03950383139421e-29,8.039503831417642e-29,8.039503831389449e-29,8.039503831389531e-29,8.039503831389531e-29,8.03950383138953e-29,8.039503831388116e-29,8.039503831388117e-29,8.039503831388118e-29,8.039503831429878e-29,8.039503831450149e-29,8.039503831450493e-29,8.03950383177952e-29,8.039503831793108e-29,8.039503831793107e-29,8.039503831794352e-29,8.039503831794352e-29,8.039503831794356e-29,8.039503831794355e-29,8.039503831798246e-29,8.039503831798246e-29,8.039503831798243e-29,8.039503831798243e-29,8.039503831798245e-29,8.039503831797658e-29,8.039503831659788e-29,8.03950383163091e-29,8.03950383162696e-29,8.039503831626959e-29,8.039503831626959e-29,8.039503831626958e-29,8.03950383162696e-29,8.039503831626958e-29,8.039503831626962e-29,8.039503831626958e-29,8.039503832205516e-29,8.039503832205511e-29,8.039746469276697e-29,8.039746469276164e-29,8.03974647170227e-29,8.039746471702268e-29,8.039746471703305e-29,8.039746471685893e-29,8.039746471686188e-29,8.039746471688933e-29,8.03974647168786e-29,8.039746471688085e-29,8.039746471688084e-29,8.039746471688373e-29,8.039746471688479e-29,8.03974647168794e-29,8.039746471687941e-29,8.039746471687939e-29,8.039746471687935e-29,8.039746471667909e-29,8.039746471667914e-29,8.039746471667909e-29,8.039746471616253e-29,8.039746471587423e-29,8.03974646674704e-29,8.039746466987427e-29,8.039746466984749e-29,8.039746467028707e-29,8.039746467028723e-29,8.039746467028724e-29,8.039746467028666e-29,8.039746467028429e-29,8.039746467142306e-29,8.039746467163916e-29,8.039746467190838e-29,8.039746467190836e-29,8.0397464671908e-29,8.03974646719087e-29,8.039746467190562e-29,8.039746467441424e-29,8.039746467441491e-29,8.039746467587466e-29,8.03974646758747e-29,8.039746467770514e-29,8.039746467770491e-29,8.039746467771015e-29,8.039746467770958e-29,8.039746467770959e-29,8.039746467768933e-29,8.039746467768933e-29,8.039746467768931e-29,8.039746467768928e-29,8.039746467768923e-29,8.039746467735289e-29,8.039746467743566e-29,8.039746467702897e-29,8.039746467691395e-29,8.039746467691392e-29,8.039746467691395e-29,8.039746467684605e-29,8.039746467684604e-29,8.039746467684605e-29,8.039746467690529e-29,8.039746467736615e-29,8.039746467736609e-29,8.039746467736614e-29,8.039746467736611e-29,8.039746467736609e-29,8.039746467736611e-29,8.039746466770628e-29,8.039746466807625e-29,8.039746466820446e-29,8.039746466890049e-29,8.039746466890559e-29,8.039746466890561e-29,8.039746466872794e-29,8.03974646687279e-29,8.039746466872789e-29,8.039746466872519e-29,8.039746466872516e-29,8.039746466872317e-29,8.039746466872594e-29,8.039746466872593e-29,8.039746466935534e-29,8.039746467053419e-29,8.039746467173385e-29,8.03974646717338e-29,8.03974646718235e-29,8.03974698366076e-29,8.039746984272986e-29,8.039746984272986e-29,8.039746984302715e-29,8.039746984315914e-29,8.039746984315916e-29,8.039746984265955e-29,8.039746984265948e-29,8.03974698426595e-29,8.03974698426595e-29,8.039746984265948e-29,8.039746984265948e-29,8.039746984265947e-29,8.039746984265949e-29,8.039746984265948e-29,8.039746984265647e-29,8.03974698426537e-29,8.039746984262875e-29,8.03974698406229e-29,8.039746986382456e-29,8.039746986355836e-29,8.039746986355837e-29,8.039746986355837e-29,8.039746986357747e-29,8.039746986212233e-29,8.039746986212913e-29,8.039746986212914e-29,8.039746986212916e-29,8.039746986213031e-29,8.039746986206529e-29,8.039746986098959e-29,8.039746986098959e-29,8.039746985983928e-29,8.039746985977654e-29,8.039746985975732e-29,8.039746986098841e-29,8.039746986098843e-29,8.039746986005964e-29,8.039746986005966e-29,8.03974698591149e-29,8.03974698589214e-29,8.039746985892629e-29,8.039746985892628e-29,8.039746979910696e-29,8.039746979903149e-29,8.039746979903152e-29,8.039746979903151e-29,8.039746979903154e-29,8.039746979918101e-29,8.039746979917968e-29,8.039746979891259e-29,8.039746979891261e-29,8.03974697988861e-29,8.03974697988861e-29,8.039746979888487e-29,8.039746979853114e-29,8.039746979853257e-29,8.039746979668373e-29,8.03974697968437e-29,8.039746980845992e-29,8.039746980845935e-29,8.039746980848157e-29,8.039746980848154e-29,8.03974698084816e-29,8.039746980848157e-29,8.039746980848158e-29,8.039746980848155e-29,8.039746980816502e-29,8.039746980851755e-29,8.039746980757563e-29,8.039746980723796e-29,8.039746980723797e-29,8.039746980723799e-29,8.039746980723837e-29,8.03974698072387e-29,8.039746980717512e-29,8.039746980201333e-29,8.03974698020133e-29,8.03974698020133e-29,8.039746980201269e-29,8.03974698021073e-29,8.039746980210728e-29,8.039746980210674e-29,8.039746980196577e-29,8.039746980188495e-29,8.039746967571902e-29,8.039746967571954e-29,8.039746967572598e-29,8.039746967587104e-29,8.039746967587106e-29,8.039746967586006e-29,8.039746967576814e-29,8.03974696757684e-29,8.03974696757683e-29,8.039746967620715e-29,8.03974696761643e-29,8.039746967616432e-29,8.03974696761643e-29,8.039746967661163e-29,8.039746967661177e-29,8.039746967661179e-29,8.039746939126986e-29,8.039746938817764e-29,8.039746908995601e-29,8.039746908995606e-29,8.039746908999755e-29,8.039746908990171e-29,8.039746908990174e-29,8.039746908990172e-29,8.039746908990147e-29,8.039746908990895e-29,8.039746908990599e-29,8.039746908990598e-29,8.039746908990601e-29,8.039746908987754e-29,8.039746908987754e-29,8.039746908987752e-29,8.039746908987754e-29,8.039746909014439e-29,8.039746909014435e-29,8.039746909021253e-29,8.039746909021257e-29,8.039746909021257e-29,8.039750268044493e-29,8.039750268092788e-29,8.039750268302856e-29,8.039750268302858e-29,8.039750251748473e-29,8.039750251756008e-29,8.039750251756057e-29,8.039750251740494e-29,8.039750251615753e-29,8.039750251618363e-29,8.039750251623153e-29,8.039750251662367e-29,8.03975025166237e-29,8.039750251662162e-29,8.039750251662164e-29,8.039750251662067e-29,8.039750251662063e-29,8.039750251662072e-29,8.039750251662071e-29,8.03975025166207e-29,8.039750251662065e-29,8.039750251662042e-29,8.039750251662048e-29,8.039750205542787e-29,8.039750205542788e-29,8.039750205605948e-29,8.039750205605745e-29,8.039750205605746e-29,8.039750205605746e-29,8.039750205605748e-29,8.039750205605704e-29,8.039750205519514e-29,8.039750205508758e-29,8.039750205508739e-29,8.03975020550874e-29,8.039750205544649e-29,8.03975020554245e-29,8.03975020554245e-29,8.039750205542447e-29,8.039750205542444e-29,8.03975020564782e-29,8.039750205659338e-29,8.039750205659343e-29,8.039750205659233e-29,8.039750205060913e-29,8.039778019572787e-29,8.039778019575522e-29,8.039778019575521e-29,8.039778019575525e-29,8.039778019575524e-29,8.039778019575522e-29,8.039778019575518e-29,8.039778019575518e-29,8.039778019575524e-29,8.039778019575524e-29,8.039778019576378e-29,8.039778019582131e-29,8.039778019582137e-29,8.039778019582132e-29,8.039778019593276e-29,8.039778019175465e-29,8.039778019175467e-29,8.039778019175466e-29,8.039778019183188e-29,8.039778019143382e-29,8.039778019373994e-29,8.039778019373969e-29,8.039778019366359e-29,8.039778019302467e-29,8.03977801930168e-29,8.039778019292033e-29,8.039778019295033e-29,8.039778019295035e-29,8.03977801929504e-29,8.039778019284369e-29,8.039778019284366e-29,8.039778019284367e-29,8.039778019284615e-29,8.039778019284615e-29,8.03977801928464e-29,8.039778019284638e-29,8.03977802439321e-29,8.039778024393207e-29,8.039778024560222e-29,8.039778024560222e-29,8.039778024573685e-29,8.039778028851497e-29,8.039778029166418e-29,8.039778027668021e-29,8.039778027668022e-29,8.039778027665929e-29,8.039778027665915e-29,8.039778027665492e-29,8.039778027665493e-29,8.039778027665735e-29,8.039778027655522e-29,8.039778027645334e-29,8.039778027645304e-29,8.039778027645308e-29,8.039778027643004e-29,8.039778027767438e-29,8.039778027763113e-29,8.039778027763148e-29,8.039778027762987e-29,8.039778027762987e-29,8.039778027763015e-29,8.039778027763015e-29,8.039778027762697e-29,8.039778027762694e-29,8.039778027762605e-29,8.039778027762615e-29,8.039778027767076e-29,8.039778027765961e-29,8.039778027702362e-29,8.039778027702362e-29,8.039778027701076e-29,8.039778027701077e-29,8.039778027701079e-29,8.039778027701077e-29,8.039778027701079e-29,8.039778027701075e-29,8.039778027701073e-29,8.039778027701073e-29,8.039778027700955e-29,8.03977802770096e-29,8.039778027701039e-29,8.03977802770103e-29,8.039778027700892e-29,8.039778027700838e-29,8.03977802762011e-29,8.039778027639936e-29,8.039778027639931e-29,8.039778027639953e-29,8.039778027639951e-29,8.03977802763995e-29,8.039778027633832e-29,8.039778027633838e-29,8.039778027647802e-29,8.0397780276478e-29,8.039778027743269e-29,8.039778027743523e-29,8.039778027738392e-29,8.039778027738395e-29,8.039778027741538e-29,8.039778027741534e-29,8.039778027913875e-29,8.039778027913875e-29,8.039778027913873e-29,8.039778027968103e-29,8.039778027973518e-29,8.039778027973519e-29,8.039778027973521e-29,8.039778027973518e-29,8.03977802796823e-29,8.039778027966714e-29,8.03977802797043e-29,8.039778028038465e-29,8.03977802805384e-29,8.039778028010159e-29,8.039778028011634e-29,8.039778028029364e-29,8.039778028029366e-29,8.039778028030473e-29,8.039778028090357e-29,8.039778028090358e-29,8.039778028090353e-29,8.039778028090242e-29,8.03977802809024e-29,8.039778028090245e-29,8.039778028090241e-29,8.03977802809024e-29,8.039778058793793e-29,8.039778058793793e-29,8.039768000673494e-29,8.039768000683431e-29,8.039768000683853e-29,8.039768000680769e-29,8.039768000680766e-29,8.039768000680766e-29,8.039768000728774e-29,8.039768000729672e-29,8.039768000729621e-29,8.039768000729625e-29,8.039768000783124e-29,8.039768000794886e-29,8.039768000794887e-29,8.039768000794887e-29,8.039768000794293e-29,8.039768000751789e-29,8.039768018012163e-29,8.039768018011968e-29,8.039768018011965e-29,8.039768018011969e-29,8.039768018011969e-29,8.039768018011972e-29,8.039768018011972e-29,8.039768017902834e-29,8.039768017902833e-29,8.0397680178985e-29,8.039768017898502e-29,8.039768017898762e-29,8.039768017898809e-29,8.039768017829034e-29,8.039768017829448e-29,8.039768017829446e-29,8.039768017832022e-29,8.039768017832018e-29,8.039768017832014e-29,8.039768017832015e-29,8.039768017832044e-29,8.039768017831961e-29,8.039768017831963e-29,8.039768017831962e-29,8.039768017831965e-29,8.039768017831963e-29,8.039768017831966e-29,8.039768017831966e-29,8.039768017831965e-29,8.039768017978314e-29,8.039768018028838e-29,8.039768017850458e-29,8.039768017856738e-29,8.03976801785674e-29,8.039768017779483e-29,8.039768017779482e-29,8.039768017779455e-29,8.039768017983927e-29,8.039768017984214e-29,8.039768017939273e-29,8.039768018059916e-29,8.03976801791501e-29,8.039768017914982e-29,8.039768017915322e-29,8.039768017877744e-29,8.039768022209111e-29,8.03976802245889e-29,8.039768022460927e-29,8.039768022460925e-29,8.039768022938135e-29,8.039768022938137e-29,8.039768022938135e-29,8.039768022938135e-29,8.039768022933613e-29,8.039768022933616e-29,8.039768022947035e-29,8.039768022947019e-29,8.039768022947023e-29,8.039768022947022e-29,8.039768022947021e-29,8.03976802294702e-29,8.039768022947019e-29,8.039768022947609e-29
3,0.04764223879568619,0.04764223879568619,0.04764223879568619,0.04764223879568619,0.04764223879568619,0.04764223879568619,0.04764223879568619,0.04764223879568619,0.04764223879568619,0.04764223879568619,0.04764223879568619,0.04764223879568619,0.04764223879568619,0.04764223879568619,0.04764223879568619,0.04764223879568619,0.04764223879568619,0.04764223879568619,0.04764223879568619,0.04764223879568619,0.04764223879568619,0.04764223879568619,0.04764223879568619,0.04764223879568619,0.04764223879568619,0.04764223879568619,0.04764223879568619,0.04764223879568619,0.04764223879568619,0.04764223879568619,0.04764223879568619,0.04764223879568619,0.04764223879568619,0.04764223879568619,0.04764223879568619,0.04764223879568619,0.04764223879568619,0.04764223879568619,0.04764223879568619,0.04764223879568619,0.04764223879568619,0.04764223879568619,0.04764223879568619,0.04764223879568619,0.04764223879568619,0.04764223879568619,0.04764223879568619,0.04764223879568619,0.04764223879568619,0.04764223879568619,0.04764223879568619,0.04764223879568619,0.04764223879568619,0.04764223879568619,0.04764223879568619,0.04764223879568619,0.04764223879568619,0.04764223879568619,0.04764223879568619,0.04764223879568619,0.04764223879568619,0.04764223879568619,0.04764223879568619,0.04764223879568619,0.04764223879568619,0.04764223879568619,0.04764223879568619,0.04764223879568619,0.04764223879568619,0.04764223879568619,0.04764223879568619,0.04764223879568619,0.04764223879568619,0.04764223879568619,0.04764223879568619,0.04764223879568619,0.04764223879568619,0.04764223879568619,0.04764223879568619,0.04764223879568619,0.04764223879568619,0.04764223879568619,0.04764223879568619,0.04764223879568619,0.04764223879568619,0.04764223879568619,0.04764223879568619,0.04764223879568619,0.04764223879568619,0.04764223879568619,0.04764223879568619,0.04764223879568619,0.04764223879568619,0.04764223879568619,0.04764223879568619,0.04764223879568619,0.04764223879568619,0.04764223879568619,0.04764223879568619,0.04764223879568619,0.04764223879568619,0.04764223879568619,0.04764223879568619,0.04764223879568619,0.04764223879568619,0.04764223879568619,0.04764223879568619,0.04764223879568619,0.04764223879568619,0.04764223879568619,0.04764223879568619,0.04764223879568619,0.04764223879568619,0.04764223879568619,0.04764223879568619,0.04764223879568619,0.04764223879568619,0.04764223879568619,0.04764223879568619,0.04764223879568619,0.04764223879568619,0.04764223879568619,0.04764223879568619,0.04764223879568619,0.04764223879568619,0.04764223879568619,0.04764223879568619,0.04764223879568619,0.04764223879568619,0.04764223879568619,0.04764223879568619,0.04764223879568619,0.04764223879568619,0.04764223879568619,0.04764223879568619,0.04764223879568619,0.04764223879568619,0.04764223879568619,0.04764223879568619,0.04764223879568619,0.04764223879568619,0.04764223879568619,0.04764223879568619,0.04764223879568619,0.04764223879568619,0.04764223879568619,0.04764223879568619,0.04764223879568619,0.04764223879568619,0.04764223879568619,0.04764223879568619,0.04764223879568619,0.04764223879568619,0.04764223879568619,0.04764223879568619,0.04764223879568619,0.04764223879568619,0.04764223879568619,0.04764223879568619,0.04764223879568619,0.04764223879568619,0.04764223879568619,0.04764223879568619,0.04764223879568619,0.04764223879568619,0.04764223879568619,0.04764223879568619,0.04764223879568619,0.04764223879568619,0.04764223879568619,0.04764223879568619,0.04764223879568619,0.04764223879568619,0.04764223879568619,0.04764223879568619,0.04764223879568619,0.04764223879568619,0.04764223879568619,0.04764223879568619,0.04764223879568619,0.04764223879568619,0.04764223879568619,0.04764223879568619,0.04764223879568619,0.04764223879568619,0.04764223879568619,0.04764223879568619,0.04764223879568619,0.04764223879568619,0.04764223879568619,0.04764223879568619,0.04764223879568619,0.04764223879568619,0.04764223879568619,0.04764223879568619,0.04764223879568619,0.04764223879568619,0.04764223879568619,0.04764223879568619,0.04764223879568619,0.04764223879568619,0.04764223879568619,0.04764223879568619,0.04764223879568619,0.04764223879568619,0.04764223879568619,0.04764223879568619,0.04764223879568619,0.04764223879568619,0.04764223879568619,0.04764223879568619,0.04764223879568619,0.04764223879568619,0.04764223879568619,0.04764223879568619,0.04764223879568619,0.04764223879568619,0.04764223879568619,0.04764223879568619,0.04764223879568619,0.04764223879568619,0.04764223879568619,0.04764223879568619,0.04764223879568619,0.04764223879568619,0.04764223879568619,0.04764223879568619,0.04764223879568619,0.04764223879568619,0.04764223879568619,0.04764223879568619,0.04764223879568619,0.04764223879568619,0.04764223879568619,0.04764223879568619,0.04764223879568619,0.04764223879568619,0.04764223879568619,0.04764223879568619,0.04764223879568619,0.04764223879568619,0.04764223879568619,0.04764223879568619,0.04764223879568619,0.04764223879568619,0.04764223879568619,0.04764223879568619,0.04764223879568619,0.04764223879568619,0.04764223879568619,0.04764223879568619,0.04764223879568619,0.04764223879568619,0.04764223879568619,0.04764223879568619,0.04764223879568619,0.04764223879568619,0.04764223879568619,0.04764223879568619,0.04764223879568619,0.04764223879568619,0.04764223879568619,0.04764223879568619,0.04764223879568619,0.04764223879568619,0.04764223879568619,0.04764223879568619,0.04764223879568619,0.04764223879568619,0.04764223879568619,0.04764223879568619,0.04764223879568619,0.04764223879568619,0.04764223879568619,0.04764223879568619,0.04764223879568619,0.04764223879568619,0.04764223879568619,0.04764223879568619,0.04764223879568619,0.04764223879568619,0.04764223879568619,0.04764223879568619,0.04764223879568619,0.04764223879568619,0.04764223879568619,0.04764223879568619,0.04764223879568619,0.04764223879568619,0.04764223879568619,0.04764223879568619,0.04764223879568619,0.04764223879568619,0.04764223879568619,0.04764223879568619,0.04764223879568619,0.04764223879568619,0.04764223879568619,0.04764223879568619,0.04764223879568619,0.04764223879568619,0.04764223879568619,0.04764223879568619,0.04764223879568619,0.04764223879568619,0.04764223879568619,0.04764223879568619,0.04764223879568619,0.04764223879568619,0.04764223879568619,0.04764223879568619,0.04764223879568619,0.04764223879568619,0.04764223879568619,0.04764223879568619,0.04764223879568619,0.04764223879568619,0.04764223879568619,0.04764223879568619,0.04764223879568619,0.04764223879568619,0.04764223879568619,0.04764223879568619,0.04764223879568619,0.04764223879568619,0.04764223879568619,0.04764223879568619,0.04764223879568619,0.04764223879568619,0.04764223879568619,0.04764223879568619,0.04764223879568619,0.04764223879568619,0.04764223879568619,0.04764223879568619,0.04764223879568619,0.04764223879568619,0.04764223879568619,0.04764223879568619,0.04764223879568619,0.04764223879568619,0.04764223879568619,0.04764223879568619,0.04764223879568619,0.04764223879568619,0.04764223879568619,0.04764223879568619,0.04764223879568619,0.04764223879568619,0.04764223879568619,0.04764223879568619,0.04764223879568619,0.04764223879568619,0.04764223879568619,0.04764223879568619,0.04764223879568619,0.04764223879568619,0.04764223879568619,0.04764223879568619,0.04764223879568619,0.04764223879568619,0.04764223879568619,0.04764223879568619,0.04764223879568619,0.04764223879568619,0.04764223879568619,0.04764223879568619,0.04764223879568619,0.04764223879568619,0.04764223879568619,0.04764223879568619,0.04764223879568619,0.04764223879568619,0.04764223879568619,0.04764223879568619,0.04764223879568619,0.04764223879568619,0.04764223879568619,0.04764223879568619,0.04764223879568619,0.04764223879568619,0.04764223879568619,0.04764223879568619,0.04764223879568619,0.04764223879568619,0.04764223879568619,0.04764223879568619,0.04764223879568619,0.04764223879568619,0.04764223879568619,0.04764223879568619,0.04764223879568619,0.04764223879568619,0.04764223879568619,0.04764223879568619,0.04764223879568619,0.04764223879568619,0.04764223879568619,0.04764223879568619,0.04764223879568619,0.04764223879568619,0.04764223879568619,0.04764223879568619,0.04764223879568619,0.04764223879568619,0.04764223879568619,0.04764223879568619,0.04764223879568619,0.04764223879568619,0.04764223879568619,0.04764223879568619,0.04764223879568619,0.04764223879568619,0.04764223879568619,0.04764223879568619,0.04764223879568619,0.04764223879568619,0.04764223879568619,0.04764223879568619,0.04764223879568619,0.04764223879568619,0.04764223879568619,0.04764223879568619,0.04764223879568619,0.04764223879568619,0.04764223879568619,0.04764223879568619,0.04764223879568619,0.04764223879568619,0.04764223879568619,0.04764223879568619,0.04764223879568619,0.04764223879568619,0.04764223879568619,0.04764223879568619,0.04764223879568619,0.04764223879568619,0.04764223879568619,0.04764223879568619,0.04764223879568619,0.04764223879568619,0.04764223879568619,0.04764223879568619,0.04764223879568619,0.04764223879568619,0.04764223879568619,0.04764223879568619,0.04764223879568619,0.04764223879568619,0.04764223879568619,0.04764223879568619,0.04764223879568619,0.04764223879568619,0.04764223879568619,0.04764223879568619,0.04764223879568619,0.04764223879568619,0.04764223879568619,0.04764223879568619,0.04764223879568619,0.04764223879568619,0.04764223879568619,0.04764223879568619,0.04764223879568619,0.04764223879568619,0.04764223879568619,0.04764223879568619,0.04764223879568619,0.04764223879568619,0.04764223879568619,0.04764223879568619,0.04764223879568619,0.04764223879568619,0.04764223879568619,0.04764223879568619,0.04764223879568619,0.04764223879568619,0.04764223879568619,0.04764223879568619,0.04764223879568619,0.04764223879568619,0.04764223879568619,0.04764223879568619,0.04764223879568619,0.04764223879568619,0.04764223879568619,0.04764223879568619,0.04764223879568619,0.04764223879568619,0.04764223879568619,0.04764223879568619,0.04764223879568619,0.04764223879568619,0.04764223879568619,0.04764223879568619,0.04764223879568619,0.04764223879568619,0.04764223879568619,0.04764223879568619,0.04764223879568619,0.04764223879568619,0.04764223879568619,0.04764223879568619,0.04764223879568619,0.04764223879568619,0.04764223879568619,0.04764223879568619,0.04764223879568619,0.04764223879568619,0.04764223879568619,0.04764223879568619,0.04764223879568619,0.04764223879568619,0.04764223879568619,0.04764223879568619,0.04764223879568619,0.04764223879568619,0.04764223879568619,0.04764223879568619,0.04764223879568619,0.04764223879568619,0.04764223879568619,0.04764223879568619,0.04764223879568619,0.04764223879568619,0.04764223879568619,0.04764223879568619,0.04764223879568619,0.04764223879568619,0.04764223879568619,0.04764223879568619,0.04764223879568619,0.04764223879568619,0.04764223879568619,0.04764223879568619,0.04764223879568619,0.04764223879568619,0.04764223879568619,0.04764223879568619,0.04764223879568619,0.04764223879568619,0.04764223879568619,0.04764223879568619,0.04764223879568619,0.04764223879568619,0.04764223879568619,0.04764223879568619,0.04764223879568619,0.04764223879568619,0.04764223879568619,0.04764223879568619,0.04764223879568619,0.04764223879568619,0.04764223879568619,0.04764223879568619,0.04764223879568619,0.04764223879568619,0.04764223879568619,0.04764223879568619,0.04764223879568619,0.04764223879568619,0.04764223879568619,0.04764223879568619,0.04764223879568619,0.04764223879568619,0.04764223879568619,0.04764223879568619,0.04764223879568619,0.04764223879568619,0.04764223879568619,0.04764223879568619,0.04764223879568619,0.04764223879568619,0.04764223879568619,0.04764223879568619,0.04764223879568619,0.04764223879568619,0.04764223879568619,0.04764223879568619,0.04764223879568619,0.04764223879568619,0.04764223879568619,0.04764223879568619,0.04764223879568619,0.04764223879568619,0.04764223879568619,0.04764223879568619,0.04764223879568619,0.04764223879568619,0.04764223879568619,0.04764223879568619,0.04764223879568619,0.04764223879568619,0.04764223879568619,0.04764223879568619,0.04764223879568619,0.04764223879568619,0.04764223879568619,0.04764223879568619,0.04764223879568619,0.04764223879568619,0.04764223879568619,0.04764223879568619,0.04764223879568619,0.04764223879568619,0.04764223879568619,0.04764223879568619,0.04764223879568619,0.04764223879568619,0.04764223879568619,0.04764223879568619,0.04764223879568619,0.04764223879568619,0.04764223879568619,0.04764223879568619,0.04764223879568619,0.04764223879568619,0.04764223879568619,0.04764223879568619,0.04764223879568619,0.04764223879568619,0.04764223879568619,0.04764223879568619,0.04764223879568619,0.04764223879568619,0.04764223879568619,0.04764223879568619,0.04764223879568619,0.04764223879568619,0.04764223879568619,0.04764223879568619,0.04764223879568619,0.04764223879568619,0.04764223879568619,0.04764223879568619,0.04764223879568619,0.04764223879568619,0.04764223879568619,0.04764223879568619,0.04764223879568619,0.04764223879568619,0.04764223879568619,0.04764223879568619,0.04764223879568619,0.04764223879568619,0.04764223879568619,0.04764223879568619,0.04764223879568619,0.04764223879568619,0.04764223879568619,0.04764223879568619,0.04764223879568619,0.04764223879568619,0.04764223879568619,0.04764223879568619,0.04764223879568619,0.04764223879568619,0.04764223879568619,0.04764223879568619,0.04764223879568619,0.04764223879568619,0.04764223879568619,0.04764223879568619,0.04764223879568619,0.04764223879568619,0.04764223879568619,0.04764223879568619,0.04764223879568619,0.04764223879568619,0.04764223879568619,0.04764223879568619,0.04764223879568619,0.04764223879568619,0.04764223879568619,0.04764223879568619,0.04764223879568619,0.04764223879568619,0.04764223879568619,0.04764223879568619,0.04764223879568619,0.04764223879568619,0.04764223879568619,0.04764223879568619,0.04764223879568619,0.04764223879568619,0.04764223879568619,0.04764223879568619,0.04764223879568619,0.04764223879568619,0.04764223879568619,0.04764223879568619,0.04764223879568619,0.04764223879568619,0.04764223879568619,0.04764223879568619,0.04764223879568619,0.04764223879568619,0.04764223879568619,0.04764223879568619,0.04764223879568619,0.04764223879568619,0.04764223879568619,0.04764223879568619,0.04764223879568619,0.04764223879568619,0.04764223879568619,0.04764223879568619,0.04764223879568619,0.04764223879568619,0.04764223879568619,0.04764223879568619,0.04764223879568619,0.04764223879568619,0.04764223879568619,0.04764223879568619,0.04764223879568619,0.04764223879568619,0.04764223879568619,0.04764223879568619,0.04764223879568619,0.04764223879568619,0.04764223879568619,0.04764223879568619,0.04764223879568619,0.04764223879568619,0.04764223879568619,0.04764223879568619,0.04764223879568619,0.04764223879568619,0.04764223879568619,0.04764223879568619,0.04764223879568619,0.04764223879568619,0.04764223879568619,0.04764223879568619,0.04764223879568619,0.04764223879568619,0.04764223879568619,0.04764223879568619,0.04764223879568619,0.04764223879568619,0.04764223879568619,0.04764223879568619,0.04764223879568619,0.04764223879568619,0.04764223879568619,0.04764223879568619,0.04764223879568619,0.04764223879568619,0.04764223879568619,0.04764223879568619,0.04764223879568619,0.04764223879568619,0.04764223879568619,0.04764223879568619,0.04764223879568619,0.04764223879568619,0.04764223879568619,0.04764223879568619,0.04764223879568619,0.04764223879568619,0.04764223879568619,0.04764223879568619,0.04764223879568619,0.04764223879568619,0.04764223879568619,0.04764223879568619,0.04764223879568619,0.04764223879568619,0.04764223879568619,0.04764223879568619,0.04764223879568619,0.04764223879568619,0.04764223879568619,0.04764223879568619,0.04764223879568619,0.04764223879568619,0.04764223879568619,0.04764223879568619,0.04764223879568619,0.04764223879568619,0.04764223879568619,0.04764223879568619,0.04764223879568619,0.04764223879568619,0.04764223879568619,0.04764223879568619,0.04764223879568619,0.04764223879568619,0.04764223879568619,0.04764223879568619,0.04764223879568619,0.04764223879568619,0.04764223879568619,0.04764223879568619,0.04764223879568619,0.04764223879568619,0.04764223879568619,0.04764223879568619,0.04764223879568619,0.04764223879568619,0.04764223879568619,0.04764223879568619,0.04764223879568619,0.04764223879568619,0.04764223879568619,0.04764223879568619,0.04764223879568619,0.04764223879568619,0.04764223879568619,0.04764223879568619,0.04764223879568619,0.04764223879568619,0.04764223879568619,0.04764223879568619,0.04764223879568619,0.04764223879568619,0.04764223879568619,0.04764223879568619,0.04764223879568619,0.04764223879568619,0.04764223879568619,0.04764223879568619,0.04764223879568619,0.04764223879568619,0.04764223879568619,0.04764223879568619,0.04764223879568619,0.04764223879568619,0.04764223879568619,0.04764223879568619,0.04764223879568619,0.04764223879568619,0.04764223879568619,0.04764223879568619,0.04764223879568619,0.04764223879568619,0.04764223879568619,0.04764223879568619,0.04764223879568619,0.04764223879568619,0.04764223879568619,0.04764223879568619,0.04764223879568619,0.04764223879568619,0.04764223879568619,0.04764223879568619,0.04764223879568619,0.04764223879568619,0.04764223879568619,0.04764223879568619,0.04764223879568619,0.04764223879568619,0.04764223879568619,0.04764223879568619,0.04764223879568619,0.04764223879568619,0.04764223879568619,0.04764223879568619,0.04764223879568619,0.04764223879568619,0.04764223879568619,0.04764223879568619,0.04764223879568619,0.04764223879568619,0.04764223879568619,0.04764223879568619,0.04764223879568619,0.04764223879568619,0.04764223879568619,0.04764223879568619,0.04764223879568619,0.04764223879568619,0.04764223879568619,0.04764223879568619,0.04764223879568619,0.04764223879568619,0.04764223879568619,0.04764223879568619,0.04764223879568619,0.04764223879568619,0.04764223879568619,0.04764223879568619,0.04764223879568619,0.04764223879568619,0.04764223879568619,0.04764223879568619,0.04764223879568619,0.04764223879568619,0.04764223879568619,0.04764223879568619,0.04764223879568619,0.04764223879568619,0.04764223879568619,0.04764223879568619,0.04764223879568619,0.04764223879568619,0.04764223879568619,0.04764223879568619,0.04764223879568619,0.04764223879568619,0.04764223879568619,0.04764223879568619,0.04764223879568619,0.04764223879568619,0.04764223879568619,0.04764223879568619,0.04764223879568619,0.04764223879568619,0.04764223879568619,0.04764223879568619,0.04764223879568619,0.04764223879568619,0.04764223879568619,0.04764223879568619,0.04764223879568619,0.04764223879568619,0.04764223879568619,0.04764223879568619,0.04764223879568619,0.04764223879568619,0.04764223879568619,0.04764223879568619,0.04764223879568619,0.04764223879568619,0.04764223879568619,0.04764223879568619,0.04764223879568619,0.04764223879568619,0.04764223879568619,0.04764223879568619,0.04764223879568619,0.04764223879568619,0.04764223879568619,0.04764223879568619,0.04764223879568619,0.04764223879568619,0.04764223879568619,0.04764223879568619,0.04764223879568619,0.04764223879568619,0.04764223879568619,0.04764223879568619,0.04764223879568619,0.04764223879568619,0.04764223879568619,0.04764223879568619,0.04764223879568619,0.04764223879568619,0.04764223879568619,0.04764223879568619,0.04764223879568619,0.04764223879568619,0.04764223879568619,0.04764223879568619,0.04764223879568619,0.04764223879568619,0.04764223879568619,0.04764223879568619,0.04764223879568619,0.04764223879568619,0.04764223879568619,0.04764223879568619,0.04764223879568619,0.04764223879568619,0.04764223879568619,0.04764223879568619,0.04764223879568619,0.04764223879568619,0.04764223879568619,0.04764223879568619,0.04764223879568619,0.04764223879568619,0.04764223879568619,0.04764223879568619,0.04764223879568619,0.04764223879568619,0.04764223879568619,0.04764223879568619,0.04764223879568619,0.04764223879568619,0.04764223879568619,0.04764223879568619,0.04764223879568619,0.04764223879568619,0.04764223879568619,0.04764223879568619,0.04764223879568619,0.04764223879568619,0.04764223879568619,0.04764223879568619,0.04764223879568619,0.04764223879568619,0.04764223879568619,0.04764223879568619,0.04764223879568619,0.04764223879568619,0.04764223879568619,0.04764223879568619,0.04764223879568619,0.04763996400291416,0.04763767415692764,0.04763536933864363,0.04763304957526839,0.047630714851055765,0.04762836511578347,0.04762600029142687,0.04762362027740984,0.04762122495473095,0.04761881418920185,0.047616387833983115,0.047613945731565854,0.04761148771531511,0.04760901361066695,0.04760652323605211,0.047604016403603594,0.047601492919693345,0.047598952585334135,0.04759639519647411,0.047593820544207445,0.047591228414917155,0.04758861859036498,0.04758599084773859,0.04758334495966452,0.047580680694193966,0.04757799781476598,0.04757529608015282,0.04757257524438991,0.04756983505669341,0.04756707526136699,0.04756429559769922,0.04756149579985285,0.04755867559674668,0.047555834711930686,0.047552972863454626,0.04755008976373078,0.047547185119390795,0.047544258631136434,0.047541309993585155,0.04753833889510929,0.0475353450176698,0.0475323280366439,0.047529287620646614,0.04752622343134588,0.04752313512327151,0.047520022343617026,0.0475168847320349,0.04751372192042435,0.04751053353271177,0.047507319184623274,0.04750407848344923,0.04750081102780025,0.047497516407354404,0.047494194202595326,0.0474908439845407,0.047487465314460756,0.04748405774358627,0.04748062081280592,0.04747715405235209,0.04747365698147466,0.047470129108102846,0.04746656992849358,0.04746297892686658,0.047459355575025175,0.047455699331962205,0.047452009643450435,0.04744828594161673,0.04744452764449884,0.047440734155584904,0.04743690486333347,0.047433039140674406,0.04742913634448881,0.0474251958150676,0.04742121687554703,0.04741719883132045,0.04741314096942502,0.047409042557902,0.047404902845129236,0.047400721059124434,0.04739649640681796,0.047392228073292915,0.047387915220991485,0.047383556988885106,0.04737915249160703,0.047374700818544675,0.04737020103289027,0.047365652170646574,0.047361053239585886,0.047356403218159385,0.04735170105435401,0.04734694566449376,0.04734213593198232,0.04733727070598355,0.04733234880003594,0.0473273689905975,0.047322330015516376,0.047317230572422916,0.04731206931703846,0.04730684486139546,0.0473015557719634,0.04729620056767457,0.04729077771784327,0.04728528563997153,0.047279722697433794,0.04727408719703288,0.04726837738641829,0.04726259145135749,0.04725672751285069,0.04725078362407761,0.04724475776716487,0.04723864784976149,0.047232451701408364,0.04722616706968708,0.04721979161613224,0.04721332291188911,0.0472067584330983,0.04720009555598646,0.04719333155164042,0.04718646358044023,0.04717948868612495,0.047172403789461026,0.047165205681482227,0.04715789101626535,0.04715045630320435,0.04714289789874029,0.047135211997501016,0.047127394622800425,0.04711944161644101,0.0471113486277586,0.04710311110184128,0.04709472426684785,0.04708618312034234,0.04707748241455397,0.04706861664045885,0.047059580010572005,0.04705036644032248,0.047040969527871776,0.04703138253221831,0.047021598349412996,0.04701160948668914,0.04700140803428659,0.046990985634721906,0.046980333449226246,0.04696944212103495,0.04695830173517403,0.04694690177433908,0.0469352310704092,0.04692327775107464,0.046911029180983596,0.04689847189672892,0.04688559153489603,0.04687237275227768,0.04685879913722531,0.04684485311094745,0.046830515817377,0.04681576700000745,0.04680058486383332,0.0467849459202161,0.046768824812121225,0.04675219411672029,0.04673502412181069,0.046717282571847006,0.04669893437858342,0.04667994129035232,0.04666026151281406,0.046639849272546274,0.046618654313026996,0.04659662131030825,0.04657368919285442,0.04654979034647069,0.04652484968075183,0.04649878352776182,0.04647149833631947,0.046442889115798844,0.04641283757103902,0.04638972155790019,0.04638972155790009,0.04638972155789998,0.04638972155789942,0.04635683905829005,0.04632210431652335,0.04628532461533854,0.04624627817501451,0.04620470806139457,0.04616031461340765,0.04611274588690853,0.046061585445691666,0.046006336585345954,0.04594640171346512,0.04588105509033593,0.045809406348379954,0.04573035106141604,0.04564250290671458,0.045544099379661446,0.04543287452671894,0.04530585114640738,0.04515909803407541,0.044987329636350964,0.044783370196585,0.044537430644992784,0.04423624300262441,0.04386230669374585,0.04339396476233917,0.04280764592911507,0.042751411257908684,0.04201471608749467,0.04113262805946818,0.04011715990978884,0.0389967552946315,0.03780699729357979,0.036578762256100544,0.03617903329133326,0.03491836136877517,0.033628787162440936,0.032292445770772005,0.03089906456965121,0.02945822970287329,0.027997299893467276,0.026549942744329497,0.025145835590878914,0.023806148741096746,0.022543515154248392,0.02136385067066824,0.020268382199419364,0.0192552918934184,0.018320904582964814,0.01746050414745826,0.016668880012418008,0.015940684498041462,0.015270659559712749,0.014653774328847496,0.014085302506186876,0.01356085984844759,0.013076415728173198,0.012628288326492512,0.012213129925123942,0.01182790661917064,0.011469875297759176,0.01113655973387267,0.010825726943737325,0.010535364518521294,0.010263659326558768,0.010008977783868955,0.00976984776086895,0.009544942111171954,0.00933306375835045,0.009133132247836935,0.008944171656812478,0.00876529974942835,0.008595718265357594,0.008434704233804796,0.008281602211360855,0.008135817349124606,0.00799680920289048,0.007864086207216889,0.007737200742202182,0.007615744728687039,0.007499345694106254,0.0073876632576965,0.0072803859886129,0.007177228596109986,0.00707792941518907,0.006982248155217943,0.006889963882525644,0.006800873211561532,0.00671478868153621,0.006631537298511178,0.006550959224992098,0.006472906601018742,0.006397242482738779,0.006323839885706028,0.006252580922010906,0.006183356021160835,0.006116063225953363,0.006050607555569305,0.005986900428827661,0.005924859141510436,0.00586440639213721,0.005805469851348387,0.005747981770452068,0.005691878625298015,0.005637100791816796,0.0055835922503837745,0.005531300315772558,0.005480175390871512,0.0054301707410075025,0.005381242287827692,0.0053333484202118305,0.005286449820970196,0.0052405093077601975,0.005195491686918609,0.005151363619040286,0.005108093495247879,0.005065651323203631,0.00502400862196474,0.004983138324954294,0.004943014690284,0.004903613217884124,0.004864910572734122,0.004826884513809049,0.004789513828151417,0.00475277826973183,0.004716658502643733,0.004681136048294688,0.0046461932363034515,0.004611813158764975,0.004577979627605732,0.004544677134887947,0.004511890815680256,0.004479606413449134,0.004447810247618161,0.004416489183324637,0.00438563060301805,0.004355222379916643,0.004325252853097826,0.004295710804092349,0.0042665854349756525,0.004237866347733154,0.004209543524884471,0.004181607311244517,0.004154048396761772,0.004126857800329227,0.004100026854585396,0.00407354719146943,0.004047410728723313,0.004021609657010457,0.0039961364278261885,0.003970983742100778,0.00394614453929763,0.003921611987173789,0.003897379472091219,0.0038734405897925773,0.0038497891367063218,0.003826419101618639,0.003803324657858557,0.003780500155824303,0.0037579401158823454,0.0037356392216493454,0.003713592313551452,0.0036917943827859765,0.003670240565437348,0.003648926137000227,0.0036278465070942304,0.0036069972144393385,0.0035863739220770006,0.0035659724127941827,0.0035457885847544604,0.003525818447340359,0.0035060581171696423,0.003486503814297939,0.003467151858578151,0.0034479986661799223,0.003429040746265384,0.0034102746978048612,0.003391697206524346,0.0033733050419844242,0.003355095054782408,0.0033370641738648525,0.0033192094039534758,0.0033015278230817844,0.0032840165802268035,0.0032666728930206765,0.003249494045582965,0.0032324773864162546,0.003215620326391301,0.0031989203368090148,0.0031823749475374356,0.0031659817452336122,0.0031497383715813087,0.003133642521704566,0.0031176919424872546,0.00310188443109674,0.0030862178334506328,0.0030706900428706676,0.0030552989986292623,0.003040042684633776,0.0030249191282282757,0.0030099263988570724,0.0029950626069324164,0.002980325902676839,0.002965714475022453,0.002951226550522949,0.0029368603923456776,0.0029226142992496065,0.0029084866046432804,0.0028944756756429644,0.0028805799121714975,0.002866797746116665,0.002853127640409453,0.0028395680883196977,0.002826117612583143,0.002812774764684562,0.0027995381240965437,0.0027864062975836244,0.002773377918497831,0.002760451646104769,0.002747626164976413,0.0027349001842900257,0.002722272437273586,0.002709741680633644,0.002697306693859382,0.0026849662788237354,0.0026727192592153454,0.0026605644799180803,0.00264850080657627,0.002636527125107567,0.0026246423412085978,0.0026128453798834684,0.002601135185012251,0.002589510718915562,0.002577970961926411,0.0025665149119499598,0.0025551415840944637,0.0025438500102872674,0.002532639238862748,0.002521508334267597,0.00251045637659128,0.0024994824613086167,0.0024885856988900164,0.002477765214536597,0.002467020147784865,0.0024563496522197717,0.002445752895242435,0.0024352290576486906,0.002424777333453071,0.0024143969295397374,0.0024040870654266494,0.002393846972985041,0.002383675896188405,0.0023735730908721006,0.002363537824463291,0.002353569375741685,0.0023436670346677958,0.0023338301020739546,0.002324057889462174,0.002314349718854044,0.002304704922503393,0.002295122842725839,0.0022856028316996808,0.0022761442512560974,0.002266746472699622,0.002257408876636361,0.0022481308527812624,0.002238911799768563,0.0022297511249908084,0.0022206482444427685,0.0022116025825280276,0.0022026135719337707,0.002193680653455658,0.0021848032758163033,0.0021759808956151633,0.002167212977035144,0.0021584989918544497,0.0021498384191853018,0.0021412307453869523,0.0021326754639211833,0.0021241720753066543,0.0021157200868468606,0.002107319012584331,0.0020989683731890336,0.0020906676958280627,0.0020824165140543084,0.002074214367646825,0.0020660608025631147,0.0020579553708222043,0.0020498976303566243,0.0020418871449536624,0.002033923484107594,0.002026006222972729,0.0020181349422269896,0.0020103092280108806,0.002002528671797271,0.0019947928703230506,0.0019871014254877546,0.001979453944305118,0.0019718500387339226,0.001964289325688495,0.0019567714269098837,0.0019492959688581525,0.0019418625827019673,0.0019344709041994618,0.0019271205736198496,0.0019198112356907944,0.0019125425394950846,0.001905314138446697,0.0018981256901802626,0.0018909768564860426,0.0018838673032846118,0.001876796700470112,0.0018697647219873164,0.0018627710456157116,0.001855815353050598,0.0018488973297093008,0.0018420166647648908,0.001835173051068276,0.0018283661850576774,0.0018215957667300537,0.001814861499608054,0.0018081630906337945,0.0018015002501534385,0.0017948726918543187,0.0017882801327215037,0.0017817222929682834,0.0017751988960149337,0.001768709668424944,0.001762254339850747,0.0017558326430003172,0.0017494443136044286,0.0017430890903346644,0.0017367667147680126,0.0017304769314113661,0.0017242194875621258,0.0017179941333156717,0.0017118006215265272,0.0017056387077500933,0.0016995081502343319,0.001693408709843232,0.0016873401500443856,0.0016813022368624114,0.0016752947388537149,0.0016693174270491014,0.0016633700749389606,0.0016574524584314486,0.0016515643558168498,0.0016457055477364247,0.0016398758171480522,0.001634074949297518,0.0016283027316838696,0.0016225589540277308,0.001616843408241009,0.0016111558884002615,0.001605496190714603,0.0015998641134932563,0.0015942594571281305,0.0015886820240506728,0.0015831316187012597,0.0015776080475384056,0.001572111118981122,0.001566640643362096,0.0015611964329641501,0.001555778301924575,0.0015503860662737928,0.001545019543855006,0.0015396785543431758,0.0015343629191981595,0.0015290724616470546,0.0015238070066509266,0.001518566380909747,0.001513350412821844,0.0015081589324530697,0.0015029917715345222,0.0014978487634260736,0.001492729743099791,0.001487634547136495,0.001482563013673679,0.001477514982406806,0.0014724902945686244,0.0014674887929008592,0.0014625103216472373,0.0014575547265226107,0.0014526218547022017,0.0014477115548068454,0.0014428236768740485,0.0014379580723365255,0.0014331145940463122,0.0014282930961924017,0.0014234934343359462,0.0014187154653672739,0.0014139590475050047,0.0014092240402652553,0.0014045103044633119,0.0013998177021749107,0.0013951460967342331,0.0013904953527507802,0.0013858653360270356,0.0013812559135882763,0.0013766669536651045,0.00137209832565918,0.0013675499001661433,0.0013630215489311046,0.0013585131448217288,0.0013540245618755828,0.001349555675217106,0.0013451063610814887,0.0013406764968008828,0.0013362659607822668,0.0013318746324924996,0.0013275023924604458,0.0013231491222798141,0.001318814704537591,0.0013144990228500478,0.0013102019618472982,0.0013059234071579543,0.0013016632453632091,0.0012974213640576098,0.0012931976517787452,0.0012889919980214044,0.0012848042932157135,0.001280634428724358,0.0012764822968282664,0.0012723477907209523,0.001268230804492338,0.00126413123312141,0.001260048972462565,0.0012559839192579699,0.001251935971088611,0.001247905026407745,0.0012438909844856843,0.0012398937454415602,0.0012359132102157638,0.001231949280563792,0.001228001859047733,0.0012240708490227224,0.001220156154634302,0.001216257680809122,0.0012123753332443086,0.0012085090184025713,0.0012046586435008105,0.0012008241165042837,0.0011970053461201355,0.001193202241779085,0.0011894147136450916,0.0011856426725964592,0.001181886030218672,0.0011781446988004835,0.0011744185913222834,0.0011707076214562285,0.0011670117035543935,0.0011633307526382182,0.001159664684386574,0.001156013415163351,0.0011523768619612982,0.0011487549424281684,0.0011451475748505472,0.001141554678148746,0.001137976171863838,0.001134411976152713,0.0011308620118149054,0.00112732620020667,0.001123804463355593,0.001120296723824522,0.00111680290478873,0.0011133229300024547,0.0011098567237974686,0.001106404211082319,0.0011029653173293416,0.0010995399685739893,0.0010961280914005699,0.0010927296129502725,0.001089344460900336,0.0010859725634826166,0.001082613849438654,0.0010792682480661733,0.0010759356891732678,0.0010726161030816415,0.0010693094206288669,0.0010660155731658189,0.0010627344925527036,0.0010594661111202137,0.0010562103617217386,0.0010529671776903075,0.0010497364928433086,0.001046518241481477,0.0010433123583718257,0.001040118778765582,0.0010369374383669694,0.0010337682733570922,0.0010306112203496132,0.0010274662164513851,0.0010243331991813536,0.0010212121065192859,0.001018102876888705,0.001015005449126871,0.0010119197625494552,0.0010088457568525973,0.0010057833721797422,0.0010027325490926798,0.0009996932285755305,0.0009966653520065538,0.0009936488612087835,0.0009906436983773748,0.000987649806121629,0.0009846671274373008,0.0009816956057416546,0.0009787351848270084,0.0009757858088669589,0.0009728474224243259,0.0009699199704448281,0.0009670033982533839,0.0009640976515397094,0.0009612026763705874,0.0009583184191722719,0.0009554448267545564,0.0009525818462564123,0.0009497294252178727,0.0009468875114928568,0.0009440560533015151,0.0009412349992093913,0.0009384242981354612,0.0009356238993238265,0.0009328337523822592,0.0009300538072323204,0.0009272840141401654,0.0009245243236970362,0.0009217746868234117,0.0009190350547587746,0.0009163053790767059,0.0009135856116521744,0.0009108757047031821,0.0009081756107359906,0.000905485282575988,0.0009028046733551067,0.0009001337365153374,0.0008974724257982717,0.0008948206952523748,0.0008921784992019532,0.0008895457922936263,0.0008869225294468521,0.000884308665895028,0.0008817041571373871,0.0008791089589666971,0.0008765230274529619,0.0008739463189537237,0.000871378790102825,0.0008688203978110074,0.0008662710992630981,0.0008637308519079115,0.0008611996134790268,0.0008586773419611899,0.0008561639956114738,0.0008536595329464381,0.0008511639127468761,0.0008486770940558577,0.0008461990361566234,0.0008437296986021313,0.0008412690411904331,0.0008388170239715803,0.0008363736072433924,0.0008339387515512909,0.0008315124176739762,0.0008290945666503152,0.0008266851597501675,0.0008242841584784531,0.0008218915245797364,0.0008195072200325046,0.0008171312070459567,0.0008147634480628622,0.0008124039057512568,0.0008100525430114145,0.0008077093229637448,0.0008053742089536222,0.0008030471645484518,0.0008007281535374145,0.000798417139923687,0.0007961140879359675,0.0007938189619969798,0.0007915317267640971,0.0007892523470982406,0.0007869807880786139,0.000784717014966454,0.0007824609932540489,0.0007802126886354322,0.0007779720669993627,0.0007757390944429629,0.0007735137372623298,0.0007712959619518811,0.0007690857352007047,0.00076688302389687,0.0007646877951234171,0.0007625000161564896,0.0007603196544529307,0.0007581466776705589,0.0007559810536516973,0.0007538227504285686,0.00075167173621616,0.0007495279794117606,0.000747391448599712,0.0007452621125394726,0.0007431399401662878,0.0007410249006223401,0.0007389169631955913,0.0007368160973613165,0.0007347222727705296,0.0007326354592461778,0.0007305556267834404,0.0007284827455413058,0.0007264167858593128,0.0007243577182405766,0.0007223055133579099,0.0007202601420423521,0.0007182215752963943,0.0007161897842796986,0.0007141647403320061,0.0007121464149322323,0.0007101347797271532,0.0007081298065244172,0.0007061314672847338,0.0007041397341272605,0.0007021545793267608,0.0007001759753056866,0.0006982038946589407,0.0006962383101139009,0.000694279194552692,0.0006923265210027892,0.0006903802626636174,0.0006884403928569926,0.0006865068850598761,0.0006845797128931705,0.0006826588501220439,0.0006807442706596052,0.0006788359485576101,0.0006769338580072168,0.0006750379733414589,0.0006731482690399186,0.0006712647197109655,0.0006693873001042749,0.0006675159851049347,0.000665650749734971,0.0006637915691490115,0.0006619384186380978,0.0006600912736079618,0.0006582501096405425,0.0006564149024099068,0.0006545856277251415,0.0006527622615373912,0.0006509447799154821,0.000649133159056472,0.0006473273752872362,0.0006455274050595288,0.0006437332249504808,0.0006419448116554156,0.0006401621420008483,0.000638385192927535,0.0006366139415047944,0.0006348483649135258,0.0006330884404662165,0.000631334145584906,0.0006295854578084148,0.0006278423548053058,0.0006261048143476721,0.000624372814329581,0.0006226463327538752,0.0006209253477449346,0.0006192098375351975,0.0006174997804755698,0.0006157951550191012,0.0006140959397430875,0.0006124021133113292,0.0006107136545341057,0.0006090305422997403,0.0006073527556164302,0.0006056802735988329,0.0006040130754698466,0.0006023511405530304,0.000600694448281495,0.0005990429781932319,0.0005973967099274144,0.000595755623229178,0.0005941196979451519,0.0005924889140236419,0.0005908632515134562,0.000589242690568441,0.0005876272114320096,0.000586016794464245,0.0005844114201042822,0.0005828110689045289,0.000581215721505259,0.0005796253586522341,0.0005780399611679746,0.0005764595099960855,0.0005748839861602312,0.000573313370782946,0.0005717476450774307,0.0005701867903529929,0.0005686307880076582,0.0005670796195340067,0.0005655332665166103,0.0005639917106265406,0.0005624549336316181,0.0005609229173891896,0.0005593956438322395,0.0005578730949944811,0.0005563552529938628,0.0005548421000464016,0.000553333618437187,0.0005518297905483903,0.0005503305988458805,0.0005488360258802224,0.0005473460542797294,0.0005458606667640527,0.0005443798461376905,0.0005429035752982228,0.0005414318372035829,0.00053996461490267,0.0005385018915333564,0.0005370436502991334,0.0005355898745000192,0.0005341405475065984,0.0005326956527683011,0.0005312551738227615,0.00052981909427448,0.0005283873978174251,0.000526960068215677,0.0005255370893114713,0.0005241184450243778,0.0005227041193504064,0.0005212940963260159,0.0005198883601315669,0.0005184868949813652,0.0005170896851887234,0.0005156967151180714,0.0005143079692061477,0.0005129234319715924,0.0005115430880044773,0.0005101669219645807,0.0005087949185840771,0.000507427062665148,0.0005060633390857794,0.0005047037327896662,0.0005033482287923294,0.0005019968121791206,0.0005006494681015111,0.0004993061817829162,0.0004979669385132438,0.0004966317236516279,0.0004953005226243611,0.0004939733209231141,0.0004926501041073045,0.0004913308578134362,0.0004900155677261691,0.0004887042196051659,0.00048739679927127126,0.0004860932926132714,0.0004847936855839538,0.00048349796419205145,0.0004822061145318513,0.00048091812274229245,0.00047963397502590906,0.00047835365765143265,0.0004770771569504055,0.00047580445931801464,0.00047453555120689257,0.000473270419132138,0.0004720090496716315,0.0004707514294598101,0.0004694975451946406,0.00046824738363124817,0.00046700093158722405,0.00046575817593657703,0.0004645191036137985,0.0004632837016086658,0.00046205195697215375,0.00046082385681366604,0.00045959938829340854,0.0004583785386394421,0.00045716129512534515,0.00045594764508922374,0.0004547375759223144,0.00045353107506611735,0.00045232813003494884,0.00045112872837718275,0.00044993285771340865,0.00044874050569962897,0.0004475516600615529,0.0004463663085737195,0.0004451844390671184,0.00044400603942299584,0.0004428310975751881,0.00044165960151261815,0.000440491539274051,0.00043932689895407397,0.00043816566869567887,0.0004370078366952705,0.0004358533911982197,0.0004347023205027755,0.0004335546129599898,0.0004324102569655661,0.00043126924096890284,0.0004301315534720861,0.0004289971830218746,0.0004278661182154567,0.00042673834770297207,0.0004256138601808629,0.00042449264438561697,0.00042337468911468655,0.0004222599832095766,0.0004211485155564834,0.00042004027509760496,0.0004189352508070408,0.00041783343171954607,0.00041673480690258797,0.0004156393654929162,0.0004145470966538691,0.00041345798960126817,0.0004123720335887103,0.0004112892179355511,0.00041020953198813527,0.0004091329651441054,0.0004080595068408845,0.00040698914656750495,0.00040677380567300756,0.00040666497349433787,0.0004066099639391521,0.0004065822145718829,0.0004065683052265004,0.0004065614478732474,0.0004065582065096426,0.0004065568406075309,0.0004065564675433988,0.0004065566388859111,0.00040655712599613073,0.00040655781153077394,0.000406558634535909,0.0004065595626601979,0.00040656057809180005,0.00040656167043975314,0.0004065628331292972,0.0004065640615752124,0.0004065653522548328,0.00040656670223636457,0.0004065681089376373,0.00040656957000157997,0.0004065710832308686,0.0004065726465526113,0.0004065742579983724,0.00040657591569206265,0.0004065776178418975,0.00040657936273454874,0.00040658114873045047,0.0004065829742598645,0.00040658483781931445,0.00040658673796837116,0.00040658867332662296,0.00040659064257088124,0.00040659264443251625,0.00040659467769492316,0.00040659674119117816,0.0004065988338017704,0.00040660095445244104,0.0004066031021122099,0.00040660527579140484,0.0004066074745397926,0.00040660969744496007,0.00040661194363053675,0.0004066142122546896,0.0004066165025086142,0.0004066188136151184,0.0004066211448272584,0.0004066234954270292,0.0004066258647241791,0.0004066282520550254,0.0004066306567813162,0.0004066330782891899,0.0004066355159881583,0.00040663796931014306,0.0004066404377085512,0.0004066429206573871,0.0004066454176504225,0.0004066479282003882,0.0004066504518382057,0.0004066529881122733,0.0004066555365877395,0.00040665809684585676,0.00040666066848330857,0.0004066632511116433,0.000406665844356666,0.00040666844785787167,0.0004066710612679181,0.0004066736842521109,0.0004066763164879136,0.0004066789576644714,0.0004066816074821795,0.0004066842656522111,0.0004066869318961557,0.00040668960594553974,0.00040669228754161574,0.0004066949764347539,0.0004066976723842942,0.0004067003751581106,0.00040670308453234403,0.0004067058002910318,0.0004067085222258527,0.000406711250135835,0.0004067139838270942,0.00040671672311255557,0.0004067194678116576,0.0004067222177502147,0.0004067249727600853,0.0004067277326790085,0.00040673049735035996,0.00040673326662295705,0.00040673604035083817,0.0004067388183931097,0.0004067416006137351,0.00040674438688136533,0.00040674717706916136,0.0004067499710546825,0.0004067527687195796,0.00040675556994963785,0.0004067583746345303,0.00040676118266766225,0.00040676399394608617,0.00040676680837034416,0.0004067696258443327,0.0004067724462752124,0.00040677526957329485,0.0004067780956518407,0.0004067809244271475,0.000406783755818218,0.0004067865897468089,0.00040678942613728796,0.00040679226491656915,0.00040679510601391417,0.00040679794936104407,0.00040680079489186736,0.0004068036425425273,0.00040680649225125225,0.00040680934395832157,0.00040681219760593497,0.0004068150531383032,0.0004068179105013216,0.0004068207696427202,0.0004068236305119534,0.0004068264930600886,0.00040682935723978966,0.00040683222300525487,0.00040683509031214234,0.00040683795911760615,0.00040684082938011174,0.0004068437010594612,0.00040684657411675483,0.0004068494485143618,0.0004068523242158589,0.00040685520118576186,0.00040685807939016665,0.00040686095879583054,0.0004068638393707239,0.0004068667210837992,0.0004068696039049525,0.0004068724878050783,0.00040687537275592407,0.000406878258730149,0.0004068811457012661,0.0004068840336435808,0.000406886922532206,0.00040688981234301676,0.0004068927030525991,0.0004068955946382733,0.0004068984870780671,0.0004069013803506597,0.00040690427443537246,0.00040690716931215135,0.000406910064961561,0.00040691296136484764,0.00040691585850342416,0.0004069187563596754,0.00040692165491636596,0.00040692455415672156,0.00040692745406449874,0.00040693035462398004,0.00040693325581983266,0.0004069361576372024,0.00040693906006163794,0.00040694196307912244,0.00040694486667588255,0.00040694777083902044,0.0004069506755554836,0.00040695358081285164,0.00040695648659890704,0.0004069593929019088,0.000406962299710303,0.00040696520701315463,0.00040696811479941554,0.00040697102305852786,0.0004069739317803558,0.0004069768409548544,0.00040697975057236177,0.0004069826606233666,0.0004069855710987646,0.00040698848198958084,0.00040699139328706594,0.0004069943049827229,0.0004069972170684502,0.0004070001295361102,0.00040700304237787716,0.00040700595558615897,0.0004070088691534015,0.0004070117830725193,0.00040701469733634544,0.0004070176119381112,0.0004070205268710304,0.0004070234421286144,0.0004070263577044836,0.0004070292735923926,0.0004070321897863023,0.00040703510628028517,0.0004070380230686732,0.00040704094014561225,0.0004070438575057013,0.0004070467751436417,0.00040704969305416027,0.00040705261123210896,0.000407055529672533,0.00040705844837052643,0.00040706136732135634,0.0004070642865202989,0.0004070672059628284,0.0004070701256445256,0.00040707304556098905,0.00040707596570803206,0.0004070788860814725,0.00040708180667723445,0.0004070847274910228,0.0004070876485193232,0.00040709056975846467,0.0004070934912045336,0.00040709641285389443,0.0004070993347029643,0.0004071022567482502,0.00040710517898635606,0.00040710810141388753,0.00040711102402757847,0.000407113946824222,0.0004071168698006757,0.0004071197929538287,0.0004071227162806735,0.0004071256397782586,0.0004071285634434865,0.00040713148727364627,0.0004071344112661686,0.00040713733541807376,0.0004071402597267595,0.00040714318418956714,0.000407146108803892,0.0004071490335671968,0.0004071519584769839,0.0004071548835308783,0.00040715780872641874,0.0004071607340609766,0.00040716365953248726,0.0004071665851390199,0.0004071695108783226,0.00040717243674766204,0.00040717536274513077,0.00040717828886885425,0.00040718121511635995,0.000407184141485807,0.0004071870679749796,0.0004071899945822305,0.000407192921305482,0.00040719584814278767,0.00040719877509249014,0.00040720170215239525,0.00040720462932066376,0.0004072075565959918,0.0004072104839762911,0.000407213411459924,0.00040721633904516576,0.0004072192667303093,0.00040722219451394526,0.00040722512239421964,0.00040722805036941387,0.0004072309784381739,0.0004072339065989102,0.00040723683485010333,0.00040723976319026846,0.0004072426916179353,0.00040724562013152885,0.00040724854872980294,0.0004072514774113735,0.0004072544061746315,0.00040725733501841574,0.0004072602639412608,0.00040726319294183546,0.00040726612201910265,0.0004072690511713808,0.0004072719803976399,0.0004072749096966855,0.00040727783906703595,0.0004072807685076982,0.00040728369801731553,0.00040728662759502367,0.0004072895572391415,0.00040729248694882075,0.00040729541672288966,0.0004072983465602446,0.0004073012764597786,0.0004073042064206109,0.0004073071364412722,0.0004073100665209241,0.00040731299665854227,0.0004073159268530298,0.000407318857103397,0.0004073217874086714,0.00040732471776785045,0.0004073276481800026,0.0004073305786440802,0.0004073335091591819,0.0004073364397242924,0.0004073393703385336,0.00040734230100111335,0.00040734523171106183,0.0004073481624675659,0.0004073510932695558,0.00040735402411632506,0.00040735695500689317,0.00040735988594052525,0.0004073628169163433,0.00040736574793370084,0.0004073686789909884,0.000407371610087927,0.00040737454122443024,0.00040737747239890526,0.0004073804036108711,0.0004073833348595144,0.0004073862661440376,0.00040738919746375143,0.00040739212881791995,0.00040739506020555757,0.0004073979916264851,0.00040740092307970266,0.0004074038545644585,0.00040740678608002504,0.00040740971762582987,0.000407412649201143,0.00040741558080524884,0.00040741851243758905,0.0004074214440975268,0.0004074243757843569,0.0004074273074974684,0.00040743023923626054,0.0004074331710001123,0.0004074361027883122,0.0004074390346005191,0.0004074419664358446,0.00040744489829383035,0.000407447830173855,0.00040745076207536663,0.00040745369399780573,0.00040745662594062707,0.000407459557903095,0.00040746248988504034,0.00040746542188604344,0.00040746835390476007,0.00040747128594102803,0.00040747421799450614,0.00040747715006457215,0.0004074800821507379,0.00040748301425284894,0.0004074859463696845,0.000407488878501105,0.0004074918106463086,0.00040749474280545966,0.0004074976749778728,0.00040750060716333435,0.000407503539360517,0.0004075064715694681,0.0004075094037896378,0.00040751233602026,0.0004075152682616124,0.0004075182005130237,0.0004075211327739188,0.00040752406504398787,0.00040752699732264544,0.00040752992960951795,0.0004075328619044017,0.00040753579420666776,0.00040753872651590986,0.00040754165883076857,0.0004075445911525624,0.0004075475234807141,0.00040755045581366737,0.00040755338815260555,0.00040755632049579055,0.0004075592528435036,0.0004075621851948449,0.00040756511754863264,0.00040756804990676977,0.0004075709822678111,0.0004075739146309571,0.0004075768469977957,0.0004075797793652294,0.00040758271173437817,0.00040758564410546907,0.00040758857647636275,0.00040759150884710926,0.0004075944412186823,0.00040759737358987496,0.0004076003059606495,0.0004076032383327418,0.00040760617070151653,0.00040760910306880476,0.0004076120354343923,0.0004076149677979296,0.000407617900159176,0.00040762083251777605,0.00040762376487332735,0.00040762669722583877,0.0004076296295747619,0.0004076325619200204,0.0004076354942613008,0.000407638426597805,0.0004076413589297116,0.00040764429125720805,0.00040764722357916286,0.0004076501558957995,0.000407653088206797,0.000407656020511894,0.00040765895281083395,0.0004076618851031597,0.00040766481738848764,0.00040766774966740754,0.0004076706819393726,0.0004076736142034563,0.00040767654645987284,0.0004076794787083939,0.00040768241094878567,0.00040768534318081896,0.0004076882754042651,0.0004076912076188992,0.0004076941398244976,0.0004076970720208872,0.0004077000042078029,0.0004077029363853191,0.0004077058685526301,0.00040770880070912493,0.00040771173285613407,0.0004077146649924817,0.00040771759711763386,0.0004077205292331845,0.0004077234613367011,0.00040772639342892043,0.00040772932550961526,0.00040773225757859285,0.0004077351896356627,0.0004077381216806365,0.0004077410537133275,0.00040774398573297215,0.00040774691774105227,0.00040774984973594133,0.0004077527817183853,0.00040775571368782855,0.00040775864564248634,0.0004077615775856699,0.0004077645095136745,0.0004077674414276655,0.00040777037332772876,0.0004077733052126703,0.00040777623708416767,0.0004077791689408543,0.00040778210078311507,0.00040778503261056987,0.00040778796442449475,0.0004077908962220255,0.00040779382800721134,0.0004077967597737517,0.00040779969152499545,0.0004078026232602298,0.000407805554977467,0.00040780848668085123,0.000407811418367791,0.00040781435003392686,0.0004078172816881053,0.0004078202133255172,0.00040782314494655853,0.00040782607655038476,0.0004078290081371577,0.0004078319397073597,0.0004078348712597554,0.00040783780279505394,0.0004078407343118534,0.0004078436658132235,0.0004078465972955775,0.0004078495287596921,0.0004078524602056972,0.00040785539163327495,0.0004078583230436093,0.00040786125443512404,0.00040786418580844103,0.0004078671171630368,0.0004078700484987314,0.000407872979815548,0.00040787591111337873,0.000407878842392078,0.00040788177365172376,0.00040788470489213166,0.00040788763611005976,0.00040789056731148663,0.0004078934984933595,0.00040789642965548007,0.000407899360797809,0.0004079022919203738,0.0004079052230236016,0.0004079081541064262,0.00040791108516870185,0.00040791401621060084,0.0004079169472316128,0.0004079198782321573,0.0004079228092106717,0.000407925740170095,0.00040792867111235075,0.00040793160203049424,0.00040793453292739496,0.00040793746380628177,0.0004079403946620728,0.0004079433254956577,0.00040794625631137643,0.00040794918710229726,0.000407952117871735,0.00040795504861962275,0.00040795797934614836,0.0004079609100507335,0.0004079638407333812,0.0004079667713943071,0.0004079697020332495,0.00040797263265019134,0.0004079755632450652,0.0004079784938181387,0.00040798142436823437,0.00040798435489615073,0.00040798728540182057,0.0004079902158861175,0.00040799314634651704,0.0004079960767846369,0.0004079990072001356,0.00040800193759289683,0.0004080048679626277,0.0004080077983093224,0.00040801072863177703,0.00040801365893215514,0.0004080165892101,0.00040801951946425056,0.00040802244969506034,0.0004080253799031664,0.00040802831008748163,0.0004080312402492687,0.00040803417038895397,0.0004080371005038948,0.00040804003059477593,0.0004080429606625637,0.00040804589070592904,0.000408048820725345,0.0004080517507207878,0.0004080546806927073,0.0004080576106398676,0.00040806054056383753,0.0004080634704641623,0.0004080664003407099,0.00040806933019247856,0.0004080722600197854,0.00040807518982283365,0.00040807811960156615,0.00040808104935593576,0.00040808397908616333,0.00040808690879164464,0.00040808983847262395,0.0004080927681290842,0.00040809569776086295,0.00040809862736796825,0.0004081015569507769,0.0004081044865083566,0.00040810741604162005,0.00040811034555003644,0.00040811327503353413,0.00040811620449211745,0.00040811913392574314,0.00040812206333431145,0.0004081249927163829,0.0004081279220747524,0.00040813085141250147,0.0004081337807205343,0.00040813671000343823,0.00040813963926087803,0.0004081425684926211,0.0004081454976981502,0.00040814842688550193,0.00040815135604425375,0.0004081542851745219,0.00040815721427919316,0.00040816014335848667,0.00040816307241211733,0.0004081660014398827,0.00040816893044230397,0.0004081718594189323,0.0004081747883691046,0.0004081777172950523,0.00040818064620161713,0.00040818357507426236,0.00040818650392143285,0.0004081894327422378,0.0004081923615378261,0.0004081952903074655,0.00040819821905122006,0.00040820114776880237,0.0004082040764601168,0.0004082070051255169,0.0004082099337623619,0.0004082128623757026,0.0004082157909626535,0.0004082187195265146,0.0004082216480609905,0.00040822457656816187,0.0004082275050513714,0.0004082304335068728,0.0004082333619340393,0.00040823629033671737,0.0004082392187125994,0.0004082421470624275,0.00040824507538570376,0.00040824800368196494,0.00040825093195325754,0.0004082538602025553,0.000408256788419605,0.00040825971661002735,0.0004082626447738035,0.00040826557291077627,0.0004082685010183338,0.00040827142910210816,0.00040827435715926904,0.0004082772851893683,0.00040828021319338673,0.00040828314116768606,0.000408286069117177,0.00040828899703674855,0.00040829192493221906,0.0004082948528010274,0.00040829778064325995,0.0004083007084569054,0.00040830363624489807,0.00040830656400593456,0.0004083094917399971,0.0004083124194469911,0.000408315347129358,0.00040831827478528845,0.00040832120241107034,0.0004083241300095923,0.00040832705758096023,0.00040832998512532726,0.00040833291264233027,0.00040833584013222286,0.0004083387675909768,0.00040834169502662967,0.00040834462243561666,0.0004083475498166629,0.00040835047717023836,0.0004083534044936113,0.0004083563317930495,0.0004083592590657049,0.0004083621863096236,0.0004083651135252027,0.00040836804071434546,0.00040837096787427955,0.00040837389501101795,0.00040837682211679934,0.00040837974919587054,0.00040838267624581075,0.00040838560327414395,0.00040838853027099956,0.0004083914572404656,0.0004083943841822972,0.00040839731109409006,0.0004084002379765504,0.0004084031648398212,0.00040840609167126074,0.0004084090184749892,0.0004084119452505946,0.00040841487199908,0.00040841779872440406,0.00040842072541700944,0.0004084236520797686,0.000408426578717715,0.0004084295053276809,0.00040843243191004963,0.0004084353584628384,0.0004084382849889659,0.00040844121148405396,0.00040844413795304677,0.00040844706439636063,0.0004084499908119039,0.0004084529171958477,0.000408455843555566,0.00040845876988740366,0.00040846169619413716,0.0004084646224702231,0.00040846754871688056,0.00040847047493710014,0.00040847340112806416,0.0004084763272923015,0.00040847925342992375,0.0004084821795385652,0.00040848510561912623,0.0004084880316719187,0.0004084909576964473,0.0004084938836931219,0.00040849680965101144,0.0004084997355913441,0.00040850266150383493,0.00040850558738837343,0.0004085085132433984,0.0004085114390720841,0.0004085143648724837,0.0004085172906449554,0.0004085202163894109,0.00040852314210406505,0.00040852606779195373,0.00040852899345273855,0.0004085319190932103,0.0004085348446951382,0.00040853777027068377,0.0004085406958101475,0.0004085436213297946,0.00040854654682253953,0.0004085494722849214,0.000408552397719246,0.0004085553231257028,0.0004085582485019181,0.0004085611738519393,0.00040856409916909713,0.00040856702446322987,0.00040856994973152895,0.0004085728749626216,0.00040857580017153856,0.00040857872535531384,0.00040858165051376035,0.00040858457563769954,0.00040858750073163744,0.000408590425799319,0.0004085933508395011,0.0004085962758501946,0.0004085992008329675,0.00040860212578607734,0.00040860505070779065,0.00040860797560540155,0.00040861090046678003,0.00040861382530856384,0.0004086167501215272,0.00040861967490526865,0.00040862259966086825,0.0004086255243881679,0.0004086284490870302,0.0004086313737514526,0.0004086342983973246,0.0004086372230046198,0.00040864014759233374,0.0004086430721439073,0.0004086459966732573,0.0004086489211734824,0.0004086518456420602,0.00040865477008563414,0.00040865769450164005,0.00040866061889217013,0.00040866354324862016,0.0004086664675785414,0.0004086693918798101,0.00040867231615542774,0.00040867524039972096,0.00040867816461512133,0.0004086810888010301,0.00040868401296168216,0.00040868693709216044,0.0004086898611955365,0.0004086927852693357,0.0004086957093080584,0.0004086986333246974,0.0004087015573139706,0.0004087044812734119,0.0004087074051990437,0.0004087103291019574,0.00040871325297636664,0.00040871617681693007,0.000408719100631847,0.0004087220244200872,0.0004087249481797836,0.00040872787191092915,0.0004087307956135288,0.0004087337192875799,0.00040873664292839855,0.00040873956654509933,0.0004087424901334375,0.0004087454136932661,0.00040874833722818733,0.0004087512607307932,0.00040875418420508017,0.0004087571076493355,0.00040876003104951857,0.00040876295443849256,0.00040876587779813405,0.00040876880112918496,0.0004087717244317578,0.00040877464770533326,0.0004087775709496577,0.0004087804941636314,0.00040878341735168323,0.00040878634051103106,0.00040878926364040866,0.0004087921867278798,0.00040879510980170456,0.0004087980328465242,0.00040880095586183463,0.00040880387884886224,0.0004088068018068413,0.0004088097247370027,0.0004088126476409736,0.0004088155705138935,0.00040881849335823407,0.0004088214161738493,0.0004088243389608008,0.0004088272617201274,0.0004088301844499614,0.00040883310715128345,0.00040883602982355426,0.0004088389524666219,0.0004088418750815333,0.0004088447976669513,0.00040884772022449446,0.00040885064275334967,0.0004088535652531143,0.0004088564877244803,0.00040885941016724904,0.00040886233258132805,0.0004088652549661324,0.000408868177321127,0.00040887109965370304,0.0004088740219528655,0.00040887694422342007,0.00040887986646526327,0.00040888278867836963,0.0004088857108633679,0.00040888863301715957,0.00040889155514411225,0.00040889447724236713,0.0004088973993118942,0.0004089003213526945,0.00040890324336377283,0.0004089061653482363,0.0004089090873084075,0.0004089120092334748,0.00040891493113482936,0.00040891785300322693,0.0004089207748428839,0.00040892369665379796,0.0004089266184359682,0.00040892954018889,0.0004089324619134793,0.00040893538360767007,0.0004089383052739459,0.0004089412269121138,0.00040894414852180803,0.00040894707010115643,0.0004089499916542187,0.00040895291317767315,0.00040895583467230487,0.00040895875613508245,0.00040896167756859477,0.00040896459897691895,0.00040896752035680646,0.00040897044170757626,0.0004089733630288405,0.00040897628432209855,0.0004089792055867002,0.0004089821268238396,0.00040898504803077174,0.00040898796920924284,0.00040899089035888723,0.00040899381147914383,0.00040899673257091453,0.0004089996536339487,0.0004090025746675606,0.00040900549565963545,0.0004090084166363073,0.0004090113375837419,0.00040901425850283396,0.00040901717939281497,0.0004090201002543237,0.000409023021090418,0.0004090259418943383,0.00040902886266937173,0.00040903178342262367,0.0004090347041394319,0.0004090376248256109,0.00040904054548554085,0.00040904346611628976,0.00040904638671861583,0.00040904930729213806,0.00040905222783843765,0.00040905514835385044,0.0004090580688398377,0.0004090609892987289,0.000409063909728715,0.00040906683012946157,0.00040906975050212157,0.0004090726708448889,0.00040907559115927665,0.0004090785114412493,0.00040908143169775436,0.000409084351925601,0.00040908727212522663,0.00040909019229649565,0.00040909311243802305,0.0004090960325492782,0.000409098952632991,0.00040910187269067215,0.0004091047927165003,0.0004091077127137497,0.0004091106326822834,0.0004091135526196549,0.00040911647253043406,0.00040911939241238833,0.00040912231226991386,0.00040912523209421585,0.0004091281518890529,0.0004091310716556544,0.00040913399139345155,0.00040913691110188127,0.0004091398307825114,0.0004091427504321223,0.000409145670053144,0.00040914858964526433,0.0004091515092104299,0.0004091544287470922,0.0004091573482619005,0.00040916026774023227,0.0004091631871907239,0.00040916610661087825,0.00040916902600270013,0.00040917194536515004,0.0004091748646992796,0.00040917778400479765,0.00040918070328124724,0.0004091836225288836,0.00040918654174768097,0.0004091894609427501,0.0004091923801081122,0.00040919529924082857,0.0004091982183442633,0.00040920113741886935,0.0004092040564634242,0.0004092069754859515,0.00040920989447194736,0.00040921281343116834,0.00040921573236251866,0.0004092186512606187,0.0004092215701326461,0.0004092244889764881,0.0004092274077897344,0.0004092303265781072,0.00040923324533543323,0.0004092361640630965,0.00040923908276239095,0.0004092420014331674,0.0004092449200750338,0.0004092478386881986,0.0004092507572715292,0.0004092536758271293,0.0004092565943594388,0.00040925951285710713,0.00040926243132618286,0.0004092653497645204,0.00040926826818165154,0.0004092711865639172,0.0004092741049176335,0.00040927702324033966,0.00040927994153314135,0.00040928285980020967,0.0004092857780373181,0.00040928869624598605,0.0004092916144279624,0.0004092945325790835,0.0004092974507027302,0.0004093003688019894,0.0004093032868668762,0.0004093062049030063,0.0004093091229101366,0.0004093120408959042,0.00040931495884571656,0.00040931787676632986,0.00040932079466027516,0.000409323712523113,0.0004093266303574305,0.00040932954816248036,0.0004093324659388157,0.00040933538368626704,0.0004093383014056531,0.0004093412190955357,0.00040934413675692785,0.00040934705438898074,0.00040934997199158595,0.0004093528895659717,0.00040935580711182185,0.0004093587246281603,0.0004093616421222997,0.0004093645595814303,0.00040936747700951403,0.00040937039441119873,0.00040937331178257137,0.00040937622912606397,0.0004093791464406429,0.00040938206372687536,0.0004093849809921665,0.00040938789822020843,0.0004093908154193922,0.0004093937325900981,0.000409396649731296,0.0004093995668438757,0.0004094024839278605,0.0004094054009827493,0.0004094083180089664,0.0004094112350065327,0.00040941415198022195,0.00040941706892745736,0.00040941998583856335,0.0004094229027263856,0.0004094258195845739,0.0004094287364085871,0.0004094316532037809,0.0004094345699700085,0.0004094374867132691,0.0004094404034209598,0.00040944332010054,0.000409446236751034,0.0004094491533729747,0.0004094520699677624,0.0004094549865325764,0.0004094579030674301,0.00040946081957398577,0.0004094637360515936,0.0004094666524988016,0.00040946956891877795,0.0004094724853098944,0.0004094754016717463,0.00040947831800513694,0.00040948123431651325,0.00040948415059271565,0.0004094870668392336,0.00040948998306327236,0.00040949289925063675,0.0004094958154181683,0.00040949873154922354,0.00040950164765174196,0.00040950456373219053,0.00040950747977994075,0.000409510395795846,0.0004095133117828512,0.0004095162277401719,0.0004095191436646546,0.00040952205957151954,0.0004095249754485058,0.00040952789129754854,0.00040953080711952753,0.0004095337229045923,0.00040953663865865597,0.00040953955439358366,0.0004095424700911569,0.0004095453857604095,0.000409548301407711,0.0004095512170258877,0.00040955413261434606,0.000409557048174869,0.00040955996370020366,0.00040956287919663697,0.00040956579466374933,0.0004095687101085235,0.00040957162551842516,0.0004095745409049005,0.0004095774562571886,0.0004095803715882329,0.00040958328688270253,0.00040958620214922475,0.0004095891173859794,0.0004095920325939311,0.00040959494777265473,0.0004095978629228367,0.00040960077805203077,0.00040960369315024865,0.0004096066082190244,0.0004096095232609607,0.00040961243827317416,0.00040961535325718614,0.00040961826821040765,0.0004096211831347604,0.0004096240980248837,0.0004096270128918712,0.0004096299277246987,0.00040963284252879006,0.00040963575729977296,0.00040963867204596406,0.0004096415867629008,0.0004096445014573676,0.000409647416116354,0.0004096503307543801,0.00040965324535629914,0.0004096561599293589,0.00040965907447352694,0.00040966198898885134,0.0004096649034749987,0.000409667817938123,0.00040967073236698243,0.00040967364677202845,0.0004096765611431084,0.0004096794754912977,0.00040968238980374763,0.0004096853040880436,0.00040968821834921,0.0004096911325760102,0.00040969404678077446,0.0004096969609504943,0.0004096998750903732,0.00040970278920763367,0.0004097057032916774,0.00040970861735166263,0.00040971153137517194,0.00040971444537182475,0.0004097173593373382,0.00040972027328102197,0.00040972318719089356,0.00040972610106596247,0.00040972901492308746,0.0004097319287459301,0.00040973484253942736,0.0004097377563048969,0.0004097406700402639,0.00040974358375344,0.00040974649743116766,0.00040974941109008,0.0004097523247108659,0.00040975523830286744,0.000409758151866123,0.00040976106540033995,0.00040976397890500783,0.00040976689237546936,0.0004097698058224173,0.0004097727192489213,0.00040977563263906605,0.000409778546000364,0.00040978145933281344,0.0004097843726421022,0.00040978728592233713,0.00040979019917087916,0.0004097931123879598,0.00040979602557549954,0.0004097989387402812,0.0004098018518708011,0.00040980476497386425,0.0004098076780521003,0.0004098105910958482,0.0004098135041109715,0.00040981641709748174,0.00040981933005675787,0.0004098222429844385,0.00040982515588446766,0.000409828068755368,0.00040983098159305686,0.0004098338944062741,0.00040983680719060674,0.00040983971994609927,0.0004098426326727913,0.0004098455453653596,0.00040984845803377403,0.00040985137067355454,0.0004098542832845386,0.0004098571958668585,0.00040986010842253355,0.0004098630209487364,0.0004098659334524873,0.0004098688459186916,0.00040987175835650175,0.000409874670772204,0.00040987758315232136,0.0004098804955023785,0.0004098834078251723,0.00040988632012071334,0.0004098892323850223,0.00040989214462140537,0.0004098950568290286,0.00040989796901067535,0.0004099008811661321,0.000409903793287241,0.00040990670538567205,0.00040990961744929327,0.00040991252947540424,0.0004099154414825004,0.00040991835345880216,0.00040992126541256974,0.0004099241773303849,0.0004099270892214826,0.00040993000108296523,0.0004099329129188156,0.000409935824722935,0.00040993873649786025,0.00040994164824520316,0.00040994455996883365,0.0004099474716568056,0.0004099503833164213,0.0004099532949463201,0.0004099562065482478,0.0004099591181285451,0.00040996202967917214,0.0004099649412011176,0.00040996785268801385,0.0004099707641458001,0.00040997367558045925,0.0004099765869805785,0.00040997949835761785,0.0004099824097001877,0.0004099853210175328,0.00040998823230956044,0.0004099911435654994,0.00040999405479869743,0.0004099969659970137,0.00040999987716614433,0.00041000278830932767,0.0004100056994269999,0.00041000861051568223,0.0004100115215759787,0.00041001443260705716,0.00041001734360891345,0.0004100202545840286,0.00041002316552192893,0.0004100260764399697,0.0004100289873267203,0.00041003189817904697,0.00041003480900323526,0.0004100377198040748,0.00041004063056991575,0.0004100435413124805,0.0004100464520305469,0.00041004936270978344,0.0004100522733669047,0.00041005518398794607,0.00041005809458924,0.0004100610051532631,0.00041006391568848647,0.00041006682619488345,0.0004100697366725291,0.00041007264712079975,0.0004100755575459478,0.00041007846794291724,0.00041008137830518716,0.0004100842886377661,0.00041008719894798244,0.0004100901092297499,0.00041009301947763716,0.00041009592970084904,0.0004100988398901679,0.00041010175005094476,0.0004101046601893413,0.00041010757029284094,0.0004101104803745187,0.00041011339042034496,0.0004101163004367047,0.0004101192104226157,0.0004101221203868419,0.00041012503031602905,0.00041012794021273805,0.0004101308500845763,0.0004101337599339367,0.00041013666975424395,0.0004101395795458449,0.000410142489308731,0.0004101453990362644,0.00041014830873386057,0.0004101512184102568,0.00041015412805674823,0.0004101570376753405,0.00041015994725941186,0.0004101628568208214,0.0004101657663473746,0.00041016867585147047,0.0004101715853282266,0.0004101744947736694,0.0004101774041875207,0.0004101803135698907,0.00041018322292412436,0.00041018613225502246,0.0004101890415567085,0.00041019195082385586,0.0004101948600623884,0.0004101977692702408,0.0004102006784575366,0.00041020358760914183,0.00041020649673747747,0.00041020940583260616,0.0004102123148980129,0.0004102152239327793,0.00041021813293903273,0.0004102210419196496,0.0004102239508702001,0.0004102268597915326,0.00041022976868403485,0.00041023267754779197,0.0004102355863890099,0.0004102384952026744,0.0004102414039799574,0.000410244312728795,0.00041024722144674417,0.0004102501301403071,0.00041025303881012814,0.00041025594744930287,0.00041025885605406047,0.00041026176463470097,0.00041026467318700167,0.00041026758171098707,0.0004102704901966512,0.0004102733986570291,0.00041027630709380893,0.00041027921549617624,0.0004102821238697062,0.00041028503222144934,0.0004102879405379461,0.00041029084882488864,0.0004102937570888718,0.0004102966653256168,0.00041029957352673086,0.0004103024816990386,0.00041030538984166337,0.00041030829795636234,0.0004103112060474358,0.00041031411410981605,0.00041031702214566805,0.00041031993014512,0.00041032283811995014,0.0004103257460679386,0.0004103286539866785,0.0004103315618709459,0.0004103344697264074,0.00041033737755362187,0.0004103402853514809,0.0004103431931257707,0.00041034610087273954,0.00041034900859344953,0.0004103519162813775,0.0004103548239307389,0.0004103577315557773,0.0004103606391501181,0.00041036354672324856,0.0004103664542608199,0.00041036936177066713,0.00041037226925222484,0.00041037517671046623,0.00041037808413273955,0.00041038099153282266,0.00041038389889694793,0.00041038680623490474,0.0004103897135435208,0.0004103926208223426,0.00041039552808028596,0.0004103984353020978,0.00041040134249328494,0.0004104042496576544,0.00041040715679355595,0.00041041006389935737,0.00041041297098278883,0.0004104158780321517,0.00041041878505151345,0.00041042169204300234,0.0004104245990115963,0.0004104275059449525,0.00041043041284978614,0.00041043331972614175,0.0004104362265720879,0.0004104391333928734,0.00041044204018281705,0.00041044494694393623,0.00041044785367629457,0.00041045076038536874,0.00041045366706011653,0.00041045657370574704,0.00041045948032162753,0.00041046238691000724,0.00041046529346873016,0.00041046820000590587,0.0004104711065052148,0.00041047401297716836,0.00041047691942190054,0.0004104798258440758,0.0004104827322310293,0.0004104856385890822,0.0004104885449182049,0.0004104914512186899,0.00041049435748792844,0.0004104972637367871,0.00041050016995002595,0.00041050307613325405,0.00041050598229014834,0.00041050888842439966,0.0004105117945244038,0.00041051470060017743,0.00041051760664127877,0.00041052051266010056,0.00041052341864512756,0.00041052632460033953,0.0004105292305277372,0.0004105321364239078,0.0004105350422986045,0.0004105379481374153,0.0004105408539476225,0.0004105437597298957,0.0004105466654832298,0.0004105495712101256,0.0004105524769058337,0.00041055538257824003,0.00041055828821719246,0.000410561193825365,0.00041056409941145035,0.00041056700496263715,0.00041056991049143795,0.00041057281599310257,0.0004105757214581399,0.0004105786269009557,0.00041058153231447275,0.0004105844376938779,0.0004105873430441088,0.000410590248363455,0.0004105931536565219,0.00041059605891991446,0.00041059896416088484,0.00041060186937385277,0.00041060477455088097,0.0004106076796991643,0.00041061058482541813,0.00041061348992400565,0.00041061639498665204,0.0004106193000274835,0.0004106222050389868,0.00041062511001520514,0.000410628014969214,0.0004106309198881734,0.0004106338247839856,0.00041063672964539367,0.00041063963448368236,0.0004106425392929266,0.0004106454440677876,0.0004106483488214481,0.00041065125353852383,0.00041065415822690195,0.00041065706289221334,0.00041065996752997797,0.0004106628721324434,0.00041066577670598886,0.00041066868125086864,0.00041067158577383996,0.00041067449026691315,0.000410677394724902,0.00041068029915560726,0.0004106832035566476,0.0004106861079358026,0.0004106890122793481,0.0004106919165937576,0.0004106948208797635,0.00041069772513639924,0.0004107006293703899,0.00041070353356910795,0.0004107064377390807,0.00041070934188026985,0.00041071224599357076,0.00041071515008567487,0.00041071805414146737,0.0004107209581687186,0.0004107238621669924,0.0004107267661368311,0.0004107296700775716,0.00041073257399478527,0.0004107354778828471,0.0004107383817437526,0.0004107412855685267,0.0004107441893655355,0.00041074709313351727,0.0004107499968731549,0.0004107529005820213,0.00041075580426951894,0.0004107587079297373,0.00041076161155961333,0.00041076451516141904,0.00041076741873363916,0.00041077032227854795,0.00041077322578694184,0.00041077612926744973,0.000410779032721732,0.0004107819361444075,0.0004107848395386399,0.0004107877429035252,0.000410790646246516,0.000410793549559694,0.0004107964528443186,0.00041079935609618796,0.000410802259316918,0.0004108051625123495,0.00041080806568543894,0.0004108109688267208,0.0004108138719295387,0.00041081677500764063,0.00041081967805674507,0.000410822581083006,0.0004108254840807024,0.00041082838704383347,0.0004108312899766289,0.00041083419288775184,0.0004108370957634053,0.0004108399986166467,0.0004108429014356518,0.00041084580422509376,0.0004108487069916134,0.0004108516097246219,0.0004108545124134244,0.00041085741508868954,0.0004108603177427038,0.0004108632203595796,0.0004108661229509709,0.00041086902551278016,0.0004108719280448504,0.00041087483054670507,0.00041087773302659757,0.0004108806354712309,0.0004108835378873107,0.0004108864402741533,0.00041088934263226154,0.0004108922449695781,0.00041089514727346284,0.00041089804955145553,0.000410900951802223,0.00041090385401573135,0.0004109067562012887,0.00041090965835811503,0.00041091256048556924,0.0004109154625857735,0.00041091836466326554,0.00041092126670629726,0.00041092416871958215,0.0004109270707115056,0.00041092997266707176,0.0004109328745947637,0.0004109357764928467,0.00041093867836928036,0.0004109415802106939,0.0004109444820212899,0.0004109473838114333,0.00041095028556600334,0.0004109531872925646,0.00041095608899585385,0.00041095899066396097,0.0004109618923046211,0.0004109647939133862,0.0004109676954961679,0.0004109705970492733,0.0004109734985753112,0.0004109764000718305,0.00041097930154618007,0.00041098220298548807,0.00041098510439492234,0.0004109880057755869,0.00041099090713385373,0.0004109938084648684,0.00041099670976021204,0.0004109996110336213,0.00041100251227838144,0.0004110054134877912,0.00041100831466764516,0.00041101121582523656,0.0004110141169537598,0.0004110170180453082,0.00041101991912076473,0.0004110228201574691,0.0004110257211649623,0.0004110286221497271,0.00041103152310040323,0.0004110344240235743,0.00041103732491655016,0.0004110402257807994,0.00041104312661643076,0.0004110460274227557,0.00041104892820038543,0.0004110518289486098,0.0004110547296675305,0.00041105763036483633,0.00041106053102780244,0.0004110634316676077,0.0004110663322784923,0.00041106923285544794,0.00041107213340369625,0.000411075033922995,0.00041107793441253046,0.0004110808348801628,0.0004110837353132512,0.0004110866357249449,0.00041108953610069255,0.0004110924364470064,0.000411095336765288,0.0004110982370539358,0.0004111011373219731,0.00041110403755417106,0.00041110693775691103,0.0004111098379378409,0.0004111127380899064,0.00041111563820649626,0.0004111185382946023,0.00041112143835980925,0.0004111243383983679,0.0004111272384000019,0.00041113013837351057,0.000411133038323924,0.0004111359382454146,0.0004111388381398498,0.0004111417380054106,0.00041114463784218966,0.0004111475376488654,0.000411150437420955,0.00041115333716432075,0.0004111562368796114,0.0004111591365677989,0.000411162036224388,0.00041116493585316194,0.00041116783545176787,0.00041117073502831207,0.00041117363457657133,0.00041117653409116384,0.0004111794335757281,0.00041118233303086846,0.0004111852324568421,0.0004111881318549194,0.00041119103121887854,0.000411193930566504,0.0004111968298793059,0.00041119972916930496,0.00041120262843062833,0.00041120552765756905,0.0004112084268625898,0.0004112113260317766,0.00041121422517220827,0.0004112171242892141,0.0004112200233783127,0.0004112229224320407,0.00041122582145818054,0.00041122872046068647,0.00041123161942814286,0.0004112345183739127,0.00041123741728981393,0.00041124031617847376,0.0004112432150368053,0.0004112461138616559,0.00041124901265582347,0.00041125191142998315,0.00041125481016903603,0.0004112577088770708,0.0004112606075637286,0.0004112635062162214,0.00041126640484541986,0.00041126930343987595,0.0004112722020055588,0.0004112751005493094,0.0004112779990609855,0.0004112808975384637,0.0004112837959896108,0.0004112866944112075,0.00041128959281028546,0.0004112924911744362,0.0004112953895164005,0.000411298287824049,0.00041130118610852056,0.00041130408435874544,0.00041130698258623537,0.000411309880778489,0.00041131277894800744,0.000411315677083923,0.0004113185751960169,0.0004113214732746906,0.000411324371329834,0.0004113272693503601,0.00041133016734054274,0.00041133306530282803,0.0004113359632372227,0.00041133886114194554,0.0004113417590248689,0.0004113446568731338,0.00041134755469895116,0.00041135045249083343,0.000411353350259131,0.00041135624799255936,0.000411359145697279,0.0004113620433724058,0.00041136494102341577,0.0004113678386507286,0.000411370736237922,0.00041137363380050625,0.00041137653133826096,0.0004113794288476854,0.0004113823263299729,0.0004113852237764178,0.00041138812119315956,0.0004113910185823786,0.000411393915948227,0.0004113968132798193,0.000411399710581752,0.00041140260786141263,0.0004114055051060364,0.00041140840232899677,0.00041141129951701854,0.0004114141966760708,0.0004114170938131367,0.0004114199909158512,0.0004114228879882694,0.000411425785039021,0.0004114286820551166,0.000411431579041321,0.0004114344760057092,0.0004114373729334372,0.0004114402698400468,0.00041144316671805147,0.0004114460635676329,0.00041144896038244314,0.00041145185716858244,0.00041145475392957476,0.0004114576506584532,0.0004114605473569092,0.00041146344403537774,0.0004114663406778422,0.00041146923729790526,0.0004114721338814052,0.0004114750304367807,0.0004114779269644597,0.0004114808234719734,0.0004114837199421653,0.00041148661639005285,0.00041148951281106907,0.0004114924092007135,0.0004114953055575298,0.00041149820188484266,0.0004115010981826781,0.0004115039944512465,0.0004115068906972325,0.00041150978691488504,0.0004115126830975642,0.00041151557925890706,0.00041151847539153477,0.00041152137148964144,0.0004115242675582595,0.00041152716359835493,0.0004115300596156691,0.0004115329555900611,0.00041153585154407823,0.00041153874746946374,0.0004115416433717168,0.0004115445392396659,0.0004115474350792109,0.00041155033088964533,0.00041155322667783855,0.00041155612243098146,0.00041155901816109967,0.00041156191386297104,0.0004115648095297671,0.00041156770517418673,0.0004115706007841581,0.00041157349637186254,0.00041157639192398424,0.0004115792874543949,0.0004115821829551638,0.00041158507842696556,0.00041158797386349916,0.00041159086927242784,0.0004115937646517657,0.0004115966600089893,0.0004115995553296255,0.00041160245062383806,0.00041160534589692737,0.0004116082411340158,0.00041161113632931523,0.0004116140315150485,0.00041161692667176434,0.0004116198217992361,0.000411622716890712,0.00041162561195455435,0.0004116285069982,0.00041163140200460975,0.0004116342969827854,0.0004116371919330127,0.00041164008685416406,0.00041164298174730876,0.0004116458766112054,0.0004116487714523806,0.00041165166625865775,0.00041165456104076074,0.0004116574557963245,0.00041166035051596017,0.0004116632452073329,0.0004116661398704796,0.0004116690345061564,0.00041167192911107585,0.000411674823688398,0.000411677718237006,0.0004116806127552801,0.00041168350725306955,0.00041168640172116466,0.0004116892961609156,0.00041169219056597675,0.0004116950849475302,0.0004116979793010399,0.00041170087362518926,0.00041170376792084147,0.00041170666218791156,0.00041170955642172446,0.0004117124506251716,0.0004117153448008252,0.00041171823895363237,0.00041172113306723094,0.00041172402715888536,0.0004117269212249738,0.00041172981525738255,0.00041173270926659776,0.00041173560324699797,0.00041173849719160276,0.0004117413911086806,0.0004117442849966836,0.00041174717885602316,0.00041175007268770677,0.00041175296649565785,0.00041175586026988796,0.0004117587540192765,0.00041176164773644935,0.0004117645414247727,0.00041176743508959077,0.00041177032872075943,0.0004117732223225723,0.00041177611589642444,0.0004117790094377108,0.00041178190295353774,0.00041178479644686256,0.0004117876899054431,0.00041179058334148366,0.0004117934767484006,0.00041179637012660685,0.00041179926347742355,0.00041180215679244514,0.0004118050500859432,0.0004118079433440891,0.0004118108365791558,0.00041181372977913087,0.0004118166229575871,0.00041181951610634636,0.0004118224092212078,0.0004118253023075421,0.0004118281953634611,0.0004118310883886385,0.00041183398138792835,0.000411836874359467,0.00041183976730725154,0.0004118426602267583,0.00041184555311809943,0.00041184844598086815,0.0004118513388090913,0.0004118542316122029,0.0004118571243886231,0.0004118600171299835,0.0004118629098435171,0.0004118658025334225,0.0004118686951963809,0.0004118715878291567,0.00041187448042828836,0.0004118773730081246,0.00041188026555608433,0.0004118831580655842,0.00041188605054938584,0.0004118889430051016,0.0004118918354330415,0.00041189472783045915,0.0004118976201992727,0.0004119005125402958,0.00041190340485770506,0.00041190629714661837,0.0004119091894075226,0.00041191208163386423,0.0004119149738315817,0.0004119178660063334,0.0004119207581458233,0.0004119236502639484,0.0004119265423525185,0.00041192943440653945,0.00041193232643769523,0.0004119352184328107,0.00041193811040825257,0.0004119410023499654,0.0004119438942602473,0.0004119467861481451,0.00041194967800111895,0.0004119525698254388,0.00041195546162195603,0.00041195835339535495,0.0004119612451405387,0.00041196413685024177,0.00041196702853882957,0.000411969920191778,0.0004119728118227937,0.00041197570342461676,0.0004119785949907544,0.00041198148653523556,0.0004119843780455694,0.0004119872695322908,0.0004119901609900905,0.00041199305241586753,0.0004119959438169936,0.0004119988351896408,0.0004120017265332441,0.00041200461784187087,0.0004120075091295374,0.00041201040039027165,0.00041201329161896864,0.00041201618281344474,0.0004120190739859601,0.0004120219651288461,0.0004120248562390794,0.0004120277473245442,0.00041203063837621904,0.0004120335293988364,0.00041203642039274173,0.00041203931135880354,0.00041204220230055456,0.0004120450932092541,0.00041204798409415753,0.0004120508749530007,0.00041205376577464054,0.00041205665657831553,0.00041205954734300875,0.0004120624380786906,0.0004120653287861976,0.0004120682194635887,0.0004120711101196263,0.0004120740007416462,0.0004120768913350248,0.0004120797818995876,0.0004120826724359907,0.0004120855629484096,0.0004120884534335272,0.00041209134388403134,0.00041209423431131514,0.00041209712470161855,0.0004121000150724305,0.0004121029054086437,0.0004121057957165518,0.0004121086859962779,0.00041211157624682353,0.0004121144664739221,0.00041211735666462046,0.0004121202468338626,0.0004121231369687761,0.0004121260270752892,0.0004121289171531559,0.0004121318072106152,0.0004121346972368393,0.000412137587226281,0.0004121404771895717,0.00041214336712976974,0.00041214625704176895,0.00041214914692427505,0.00041215203677277964,0.00041215492659254626,0.0004121578163906499,0.000412160706153851,0.0004121635958869859,0.00041216648559171625,0.0004121693752669474,0.00041217226491720334,0.00041217515453662257,0.00041217804412771816,0.0004121809336971485,0.0004121838232282546,0.0004121867127399929,0.0004121896022156359,0.00041219249166356926,0.00041219538108199145,0.00041219827047835213,0.000412201159839538,0.0004122040491783714,0.00041220693848317196,0.00041220982775929337,0.00041221271700738176,0.0004122156062253945,0.00041221849541473897,0.00041222138458215355,0.0004122242737142682,0.00041222716281897313,0.00041223005190083294,0.00041223294094757036,0.0004122358299662615,0.00041223871896236945,0.0004122416079293129,0.0004122444968701981,0.0004122473857781548,0.00041225027465303373,0.000412253163498908,0.00041225605232219877,0.00041225894111170526,0.0004122618298754432,0.0004122647186059861,0.0004122676073150036,0.00041227049599001464,0.0004122733846364828,0.00041227627325461625,0.00041227916184375133,0.0004122820504045505,0.00041228493893664166,0.0004122878274450921,0.0004122907159203777,0.00041229360437226864,0.00041229649279723605,0.0004122993811911563,0.00041230226954961285,0.00041230515788061734,0.0004123080461826344,0.00041231093445638514,0.00041231382270742067,0.00041231671092408807,0.00041231959911164313,0.00041232248727753,0.0004123253754083055,0.00041232826350997144,0.00041233115158362894,0.0004123340396300985,0.00041233692765226703,0.00041233981564141504,0.0004123427036006428,0.00041234559153347953,0.0004123484794356734,0.0004123513673087161,0.00041235425515309573,0.0004123571429695118,0.00041236003076218877,0.00041236291852051404,0.0004123658062531598,0.0004123686939559182,0.000412371581634557,0.00041237446928483595,0.0004123773569062537,0.0004123802444996554,0.0004123831320576949,0.00041238601958770976,0.00041238890709511015,0.00041239179456817467,0.00041239468201793205,0.0004123975694391125,0.0004124004568239501,0.0004124033441827878,0.00041240623151336754,0.00041240911881441634,0.00041241200608717647,0.0004124148933384319,0.0004124177805535518,0.0004124206677414272,0.0004124235549049997,0.0004124264420334294,0.0004124293291342083,0.00041243221621289016,0.0004124351032453007,0.00041243799026618034,0.0004124408772578298,0.0004124437642151994,0.0004124466511432153,0.0004124495380510908,0.000412452424931225,0.00041245531177205755,0.0004124581985958705,0.00041246108538232717,0.0004124639721357502,0.0004124668588640785,0.0004124697455650507,0.0004124726322374549,0.00041247551888179786,0.0004124784054975321,0.000412481292088904,0.0004124841786443203,0.00041248706517904116,0.0004124899516794555,0.0004124928381507262,0.00041249572459361707,0.000412498611015342,0.0004125014974006217,0.0004125043837646661,0.00041250727009939413,0.00041251015639900106,0.00041251304267649145,0.0004125159289197773,0.00041251881513319283,0.000412521701318686,0.0004125245874801797,0.00041252747360789416,0.0004125303597129154,0.00041253324578431654,0.0004125361318327284,0.0004125390178528179,0.0004125419038459147,0.0004125447898083299,0.00041254767574281997,0.0004125505616496179,0.0004125534475199545,0.0004125563333688306,0.000412559219187791,0.0004125621049797805,0.00041256499073663566,0.00041256787646862513,0.0004125707621682152,0.0004125736478447025,0.0004125765334873977,0.0004125794191066762,0.00041258230469184005,0.0004125851902544019,0.0004125880757816127,0.00041259096128717096,0.00041259384676362444,0.000412596732205799,0.00041259961761786867,0.0004126025030089951,0.0004126053883707248,0.0004126082737040128,0.00041261115900243406,0.0004126140442734784,0.0004126169295228825,0.00041261981474415585,0.00041262269993460666,0.00041262558509006447,0.0004126284702178519,0.00041263135531529764,0.00041263424039384355,0.0004126371254355507,0.0004126400104492951,0.0004126428954394885,0.00041264578040245463,0.0004126486653361705,0.0004126515502403738,0.00041265443511176144,0.0004126573199536589,0.0004126602047660612,0.00041266308955002865,0.0004126659743052523,0.0004126688590322105,0.0004126717437312176,0.0004126746283998606,0.000412677513041698,0.0004126803976619666,0.00041268328225163337,0.00041268616681445943,0.0004126890513392683,0.0004126919358364434,0.00041269482031429714,0.00041269770475480547,0.00041270058916898747,0.0004127034735533007,0.000412706357908878,0.0004127092422353627,0.000412712126534322,0.0004127150108104995,0.00041271789505708444,0.0004127207792771703,0.0004127236634616293,0.00041272654761688774,0.00041272943174347346,0.0004127323158478,0.0004127351999170673,0.00041273808395770933,0.00041274096797644865,0.00041274385195993915,0.0004127467359149002,0.00041274961984743045,0.0004127525037472712,0.00041275538762369774,0.0004127582714711005,0.00041276115528312516,0.0004127640390675211,0.00041276692282925714,0.00041276980655632846,0.00041277269025545473,0.0004127755739302645,0.0004127784575611913,0.00041278134117408207,0.0004127842247616747,0.00041278710831708714,0.0004127899918509937,0.0004127928753497191,0.0004127957588197721,0.000412798642261583,0.00041280152567958983,0.0004128044090645145,0.0004128072924202631,0.0004128101757516015,0.00041281305904848804,0.0004128159423235374,0.000412818825565211,0.00041282170878329395,0.00041282459196757934,0.0004128274751287447,0.0004128303582612139,0.00041283324135680925,0.0004128361244262172,0.0004128390074667961,0.0004128418904856547,0.0004128447734700113,0.0004128476564260726,0.0004128505393533858,0.0004128534222600701,0.0004128563051361717,0.00041285918797761406,0.0004128620707962585,0.00041286495358604653,0.00041286783634071573,0.0004128707190668146,0.00041287360177143625,0.0004128764844476607,0.0004128793670939292,0.0004128822497140304,0.00041288513229836144,0.0004128880148532416,0.0004128908973876336,0.0004128937798845038,0.00041289666235365895,0.00041289954479429414,0.00041290242721279664,0.0004129053096021667,0.00041290819195898763,0.000412911074285353,0.0004129139565840964,0.0004129168388542232,0.00041291972109548886,0.0004129226033158897,0.00041292548549997114,0.0004129283676568212,0.00041293124979160657,0.00041293413189353554,0.0004129370139632659,0.0004129398960051569,0.000412942778023185,0.000412945660007494,0.00041294854196878013,0.0004129514238952487,0.0004129543057941027,0.0004129571876692783,0.0004129600695103903,0.00041296295132261943,0.00041296583310721066,0.00041296871486319777,0.0004129715965956902,0.0004129744782943511,0.00041297735996305765,0.00041298024160979534,0.00041298312322831564,0.0004129860048126947,0.0004129888863679171,0.0004129917679017955,0.00041299464940095225,0.00041299753087033393,0.00041300041231171717,0.00041300329372417476,0.00041300617510806135,0.0004130090564697902,0.0004130119378026061,0.0004130148190990647,0.0004130177003748653,0.0004130205816178401,0.00041302346283108985,0.0004130263440164664,0.0004130292251724461,0.0004130321063004744,0.000413034987404396,0.0004130378684742352,0.0004130407495157311,0.00041304363052879057,0.0004130465115133203,0.00041304939247566327,0.0004130522734032817,0.0004130551543063469,0.0004130580351823766,0.00041306091602432544,0.00041306379684390035,0.00041306667762941966,0.000413069558386077,0.0004130724391195817,0.00041307531981858215,0.0004130782004956063,0.0004130810811371851,0.0004130839617499204,0.00041308684233220747,0.00041308972288902767,0.0004130926034253391,0.00041309548392236614,0.0004130983643917358,0.0004131012448394132,0.00041310412525921405,0.0004131070056499286,0.0004131098860145974,0.0004131127663439724,0.0004131156466487947,0.0004131185269265193,0.0004131214071740323,0.00041312428738740745,0.0004131271675734859,0.000413130047730993,0.000413132927865356,0.00041313580796455525,0.00041313868803519047,0.00041314156808290494,0.0004131444480955653,0.0004131473280877313,0.0004131502080511727,0.0004131530879800294,0.0004131559678803413,0.0004131588477581263,0.0004131617276011953,0.00041316460742170423,0.00041316748720665695,0.00041317036697106175,0.000413173246697672,0.0004131761263978669,0.0004131790060761004,0.0004131818857248022,0.0004131847653399864,0.0004131876449264838,0.0004131905244834648,0.00041319340401875087,0.0004131962835262962,0.0004131991630045139,0.0004132020424473327,0.00041320492186246204,0.00041320780124929095,0.00041321068061253086,0.0004132135599412247,0.0004132164392422283,0.0004132193185156329,0.00041322219775849045,0.00041322507698161165,0.00041322795617493644,0.00041323083533903796,0.0004132337144686603,0.0004132365935699309,0.00041323947264524437,0.00041324235169258925,0.00041324523068936184,0.00041324810967592276,0.0004132509886348509,0.00041325386757168597,0.00041325674647314515,0.0004132596253451974,0.00041326250419742146,0.00041326538301851985,0.00041326826180792956,0.00041327114056681914,0.00041327401929625544,0.0004132768979980845,0.0004132797766687544,0.00041328265531189704,0.0004132855339335843,0.000413288412522389,0.00041329129108679425,0.00041329416961494257,0.0004132970481229535,0.00041329992660249997,0.0004133028050558819,0.00041330568347766654,0.0004133085618632878,0.0004133114402221964,0.00041331431855837425,0.00041331719686045184,0.0004133200751292779,0.0004133229533801895,0.00041332583159820006,0.0004133287097952891,0.00041333158796122893,0.00041333446609240204,0.000413337344194298,0.0004133402222684641,0.0004133431003210789,0.00041334597833913065,0.0004133488563268949,0.0004133517342896638,0.0004133546122212918,0.00041335749012571117,0.00041336036800029407,0.0004133632458463832,0.00041336612366923276,0.0004133690014558383,0.00041337187921595004,0.00041337475695291375,0.00041337763465637057,0.0004133805123405295,0.0004133833899868744,0.000413386267604463,0.00041338914519384215,0.00041339202275498144,0.00041339490029383604,0.0004133977777976499,0.0004134006552726641,0.00041340353272159574,0.0004134064101391867,0.0004134092875291648,0.0004134121648914219,0.0004134150422238617,0.00041341791952699336,0.00041342079680100306,0.0004134236740537639,0.00041342655127303915,0.00041342942846925356,0.00041343230563000214,0.00041343518276227794,0.0004134380598668691,0.0004134409369440847,0.00041344381399758477,0.0004134466910162642,0.0004134495680050694,0.00041345244496581547,0.0004134553218999457,0.0004134581988045665,0.0004134610756810496,0.00041346395253194913,0.00041346682935175635,0.0004134697061418569,0.00041347258290983354,0.00041347545964343655,0.0004134783363487336,0.00041348121302311596,0.00041348408967058144,0.00041348696629630465,0.000413489842890887,0.00041349271945285873,0.00041349559599269134,0.00041349847249686774,0.00041350134897324715,0.0004135042254273508,0.0004135071018476259,0.00041350997823909146,0.00041351285460247645,0.00041351573093730313,0.000413518607234257,0.0004135214835163461,0.0004135243597707725,0.00041352723599065135,0.00041353011218302085,0.00041353298834633726,0.0004135358644813044,0.00041353874058637735,0.0004135416166629698,0.0004135444927114998,0.0004135473687375699,0.0004135502447305914,0.000413553120694782,0.0004135559966294722,0.00041355887253579455,0.0004135617484145101,0.00041356462426992183,0.0004135675000916291,0.0004135703758900102,0.0004135732516547453,0.000413576127390027,0.0004135790030975056,0.00041358187877583866,0.00041358475443210743,0.00041358763005521415,0.00041359050565288797,0.00041359338121635104,0.00041359625675864827,0.00041359913226684224,0.00041360200774757315,0.0004136048831982711,0.000413607758622075,0.00041361063402229156,0.0004136135093929952,0.00041361638472742354,0.00041361926004208856,0.00041362213532251523,0.00041362501057921056,0.00041362788580339056,0.0004136307609973486,0.0004136336361638965,0.00041363651130073867,0.0004136393864149692,0.00041364226150157726,0.0004136451365534518,0.00041364801157855617,0.0004136508865736342,0.0004136537615400539,0.0004136566364799884,0.0004136595113894252,0.0004136623862689735,0.00041366526112337365,0.000413668135946005,0.0004136710107416921,0.0004136738855072796,0.00041367676024623145,0.000413679634962024,0.00041368250964384293,0.00041368538429742744,0.0004136882589284761,0.00041369113353032107,0.00041369400809817343,0.000413696882638712,0.00041369975715564315,0.0004137026316435627,0.00041370550610074074,0.0004137083805258644,0.0004137112549222536,0.00041371412929493145,0.00041371700363396804,0.0004137198779443486,0.00041372275222564104,0.00041372562648576776,0.00041372850071003076,0.00041373137490750936,0.00041373424907825484,0.00041373712322426636,0.0004137399973358016,0.0004137428714244137,0.0004137457454847622,0.00041374861951084944,0.0004137514935136102,0.00041375436748664464,0.0004137572414308318,0.00041376011534358386,0.00041376298922778196,0.0004137658630890911,0.00041376873691531676,0.00041377161071956336,0.0004137744844949697,0.00041377735823681965,0.0004137802319491793,0.00041378310563515224,0.0004137859792969873,0.00041378885292393266,0.0004137917265270605,0.00041379460009814933,0.00041379747364112267,0.0004138003471532927,0.0004138032206392995,0.0004138060940945516,0.0004138089675287646,0.00041381184093380245,0.00041381471430442397,0.00041381758764676786,0.00041382046095773115,0.00041382333424320924,0.0004138262075054996,0.00041382908074075517,0.00041383195394739024,0.00041383482711922806,0.0004138377002612131,0.0004138405733755264,0.0004138434464613758,0.00041384631952467424,0.00041384919255266054,0.00041385206554974476,0.0004138549385226785,0.00041385781146644645,0.0004138606843822853,0.00041386355726725707,0.00041386643012621474,0.00041386930295815653,0.0004138721757600964,0.000413875048533556,0.0004138779212773595,0.00041388079399300707,0.00041388366668017,0.00041388653934540013,0.00041388941198185317,0.00041389228458448083,0.0004138951571582692,0.0004138980297097605,0.00041390090223306677,0.0004139037747214839,0.0004139066471876984,0.0004139095196206036,0.00041391239202306966,0.0004139152643993986,0.00041391813675091494,0.0004139210090688573,0.00041392388136359096,0.00041392675362366847,0.0004139296258584891,0.00041393249806361264,0.0004139353702427973,0.0004139382423867807,0.0004139411145055096,0.0004139439865956882,0.00041394685866263844,0.00041394973070093427,0.00041395260270572467,0.00041395547468749014,0.0004139583466410102,0.0004139612185600186,0.00041396409045775414,0.00041396696231932756,0.0004139698341538429,0.00041397270595767494,0.0004139755777338195,0.00041397844948282093,0.00041398132119900056,0.00041398419289698045,0.00041398706455928966,0.00041398993619297153,0.00041399280780028127,0.00041399567937534283,0.00041399855092978926,0.0004140014224516456,0.00041400429394980096,0.00041400716542016485,0.0004140100368611441,0.0004140129082759138,0.00041401577966016065,0.00041401865101027536,0.00041402152233772867,0.0004140243936304198,0.0004140272649016112,0.00041403013613984757,0.00041403300734765277,0.00041403587852653027,0.0004140387496765149,0.0004140416207999615,0.0004140444918997729,0.00041404736296563255,0.0004140502340038987,0.00041405310501881835,0.0004140559759986052,0.00041405884694922286,0.00041406171787099124,0.0004140645887661453,0.000414067459637955,0.0004140703304762252,0.00041407320128477584,0.00041407607206484886,0.0004140789428232231,0.00041408181354731064,0.00041408468424182965,0.000414087554908959,0.0004140904255460785,0.0004140932961554158,0.00041409616674314346,0.0004140990372955548,0.00041410190782147804,0.0004141047783186918,0.00041410764879214944,0.0004141105192326435,0.0004141133896489804,0.00041411626003157187,0.0004141191303848317,0.00041412200071079135,0.00041412487100640294,0.0004141277412751858,0.00041413061151553463,0.00041413348172758313,0.0004141363519096973,0.0004141392220710313,0.0004141420921966687,0.00041414496229385145,0.0004141478323635506,0.0004141507024031467,0.0004141535724141803,0.00041415644239955205,0.00041415931235449973,0.00041416218228473476,0.00041416505218370357,0.0004141679220542239,0.0004141707918954197,0.0004141736617090085,0.00041417653149167027,0.000414179401249538,0.00041418227098424733,0.0004141851406852229,0.0004141880103569038,0.00041419087999919893,0.000414193749619686,0.00041419661920484514,0.00041419948876333945,0.000414202358292214,0.00041420522779237547,0.0004142080972649987,0.00041421096670847497,0.00041421383613125416,0.0004142167055227286,0.00041421957488655813,0.00041422244421519756,0.0004142253135224528,0.0004142281827956146,0.00041423105203949043,0.00041423392125696467,0.00041423679044966136,0.00041423965960864884,0.00041424252873964646,0.0004142453978422056,0.0004142482669163097,0.00041425113596740414,0.00041425400498465475,0.0004142568739734906,0.00041425974293425404,0.00041426261186708254,0.000414265480775747,0.00041426834965582114,0.0004142712185076946,0.0004142740873258717,0.0004142769561156122,0.00041427982487676356,0.00041428269360800987,0.00041428556231217607,0.0004142884309934419,0.0004142912996396185,0.00041429416825708123,0.0004142970368518428,0.0004142999054212608,0.000414302773954178,0.0004143056424592282,0.00041430851093528665,0.0004143113793827373,0.0004143142477999611,0.00041431711619798796,0.0004143199845640499,0.00041432285290165036,0.0004143257212129033,0.0004143285894891383,0.00041433145773836407,0.0004143343259678275,0.00041433719415989034,0.00041434006232319475,0.000414342930460036,0.0004143457985673877,0.00041434866665155615,0.0004143515347011346,0.00041435440272227954,0.0004143572707150049,0.00041436013867700907,0.00041436300661289903,0.0004143658745221677,0.0004143687424021433,0.00041437161026028644,0.00041437447808875935,0.0004143773458824659,0.0004143802136477706,0.00041438308138463947,0.00041438594909432247,0.0004143888167762678,0.0004143916844297254,0.0004143945520523546,0.0004143974196476568,0.0004144002872143223,0.0004144031547520488,0.00041440602226801006,0.0004144088897564353,0.0004144117572152987,0.00041441462464820517,0.000414417492044391,0.0004144203594124746,0.000414423226751413,0.0004144260940611447,0.00041442896134429366,0.0004144318286044916,0.0004144346958301745,0.00041443756303321237,0.0004144404302078782,0.00041444329735447504,0.00041444616447231685,0.0004144490315549378,0.00041445189861602044,0.00041445476564321346,0.00041445763264188643,0.00041446049961719106,0.0004144633665587651,0.00041446623347753185,0.0004144691003687783,0.0004144719672315101,0.0004144748340597102,0.00041447770085922635,0.0004144805676280711,0.00041448343437182166,0.0004144863010912806,0.0004144891677826794,0.0004144920344401398,0.0004144949010693012,0.0004144977676759681,0.00041450063424934103,0.000414503500798838,0.00041450636732017794,0.00041450923381385475,0.00041451210027179913,0.00041451496670544654,0.00041451783310659217,0.00041452069947735503,0.00041452356582282336,0.000414526432144919,0.0004145292984323786,0.0004145321646926425,0.00041453503092999224,0.0004145378971389245,0.0004145407633194599,0.0004145436294657639,0.0004145464955870298,0.00041454936167651687,0.0004145522277366843,0.00041455509377262393,0.0004145579597760185,0.0004145608257518709,0.0004145636917042715,0.00041456655763186516,0.0004145694235224752,0.0004145722893837612,0.00041457515521750566,0.00041457802102199656,0.00041458088680047995,0.0004145837525544636,0.00041458661827462284,0.0004145894839721676,0.00041459234963671696,0.00041459521527134125,0.0004145980808769489,0.0004146009464528563,0.0004146038120023286,0.0004146066775236331,0.00041460954301569293,0.0004146124084864597,0.0004146152739237888,0.00041461813933148044,0.00041462100471601946,0.000414623870066902,0.000414626735392866,0.0004146296006924397,0.00041463246596398946,0.000414635331198116,0.0004146381964057585,0.0004146410615845092,0.00041464392674178273,0.0004146467918663804,0.000414649656966745,0.00041465252203352513,0.0004146553870717543,0.00041465825208789395,0.00041466111707533964,0.0004146639820269825,0.0004146668469528171,0.0004146697118487412,0.00041467257672377214,0.0004146754415625149,0.00041467830637253783,0.00041468117115276446,0.0004146840359136705,0.00041468690063808846,0.00041468976533574724,0.00041469263000594556,0.00041469549465240907,0.00041469835927010576,0.0004147012238545061,0.00041470408840929687,0.00041470695294190354,0.0004147098174398539,0.0004147126819155416,0.0004147155463568997,0.0004147184107704976,0.0004147212751541123,0.00041472413951638493,0.00041472700384725453,0.0004147298681528385,0.0004147327324256936,0.00041473559666810377,0.0004147384608885361,0.00041474132507927117,0.0004147441892357375,0.00041474705337017794,0.0004147499174772068,0.00041475278154929555,0.00041475564559966666,0.00041475850961496377,0.0004147613736010206,0.0004147642375659028,0.00041476710150292984,0.0004147699654041911,0.00041477282927805345,0.00041477569312357285,0.0004147785569409184,0.000414781420729976,0.0004147842844889634,0.00041478714822664614,0.0004147900119377512,0.00041479287561379093,0.0004147957392658017,0.0004147986028828174,0.0004148014664731555,0.0004148043300353014,0.00041480719356710977,0.0004148100570719042,0.0004148129205487586,0.00041481578399868354,0.00041481864741984214,0.00041482151081147575,0.0004148243741805392,0.0004148272375156312,0.0004148301008272561,0.00041483296410524064,0.0004148358273633841,0.0004148386905844224,0.00041484155377693424,0.0004148444169414877,0.0004148472800772937,0.00041485014318481245,0.0004148530062692594,0.0004148558693199778,0.00041485873234260864,0.00041486159533514987,0.0004148644583008202,0.000414867321243803,0.00041487018415449647,0.00041487304704021147,0.00041487590989659274,0.00041487877272167894,0.000414881635516192,0.00041488449828170596,0.0004148873610259656,0.0004148902237399859,0.0004148930864276577,0.00041489594908657894,0.00041489881171156653,0.0004149016743085009,0.00041490453687600086,0.000414907399421299,0.0004149102619386287,0.0004149131244291821,0.0004149159868840996,0.0004149188493164041,0.00041492171171572515,0.00041492457408470355,0.0004149274364252038,0.00041493029873744915,0.0004149331610232334,0.0004149360232803631,0.0004149388855136713,0.00041494174772033535,0.00041494460988782605,0.0004149474720308744,0.00041495033415071456,0.00041495319623804136,0.00041495605830129464,0.0004149589203298288,0.00041496178233087807,0.000414964644308819,0.0004149675062522243,0.0004149703681672521,0.00041497323006007083,0.0004149760919188252,0.000414978953748772,0.00041498181555031275,0.0004149846773243894,0.00041498753906924434,0.0004149904007896772,0.0004149932624795103,0.0004149961241409922,0.00041499898577266535,0.00041500184737545433,0.00041500470895062635,0.00041500757049651034,0.0004150104320201404,0.0004150132935096571,0.0004150161549707708,0.00041501901640977255,0.0004150218778150558,0.00041502473919108015,0.0004150276005395691,0.0004150304618666962,0.00041503332315808204,0.00041503618442072574,0.00041503904565559185,0.0004150419068623005,0.0004150447680400118,0.0004150476291877278,0.00041505049031589463,0.0004150533514100881,0.0004150562124749855,0.0004150590735115704,0.0004150619345174742,0.00041506479549635426,0.0004150676564487136,0.00041507051737693445,0.000415073378277976,0.00041507623914404263,0.0004150790999819894,0.00041508196079261553,0.0004150848215709355,0.0004150876823235735,0.0004150905430512466,0.00041509340374896683,0.0004150962644222887,0.00041509912506230555,0.0004151019856734138,0.00041510484626194227,0.0004151077068161058,0.00041511056734795724,0.00041511342785131215,0.00041511628832564986,0.00041511914876660524,0.00041512200917812877,0.0004151248695631364,0.0004151277299180951,0.00041513059024294484,0.0004151334505412068,0.00041513631080754905,0.0004151391710482595,0.0004151420312614854,0.000415144891452815,0.00041514775160902295,0.0004151506117383384,0.0004151534718381372,0.00041515633191670237,0.0004151591919613609,0.0004151620519758973,0.0004151649119622396,0.0004151677719202611,0.0004151706318490946,0.00041517349175683216,0.0004151763516371648,0.0004151792114799609,0.0004151820713023701,0.0004151849310915703,0.00041518779084980423,0.00041519065058643614,0.00041519351029642004,0.00041519636997470213,0.0004151992296266179,0.00041520208924522724,0.0004152049488325207,0.00041520780839528275,0.0004152106679290587,0.00041521352743463394,0.0004152163869152886,0.0004152192463638764,0.00041522210578410763,0.00041522496517599854,0.00041522782454572017,0.00041523068388105605,0.00041523354318805794,0.0004152364024717993,0.00041523926172087937,0.00041524212094298595,0.0004152449801367266,0.00041524783930484203,0.00041525069844124265,0.0004152535575548859,0.00041525641663127323,0.0004152592756828777,0.00041526213470535447,0.00041526499370626906,0.0004152678526725184,0.00041527071161637984,0.0004152735705317857,0.00041527642941951743,0.0004152792882755559,0.0004152821471070449,0.00041528500590450377,0.00041528786467575675,0.00041529072341573326,0.00041529358212568295,0.00041529644080807147,0.0004152992994621229,0.0004153021580869233,0.00041530501668487026,0.0004153078752557946,0.0004153107338034265,0.00041531359232334207,0.00041531645081287763,0.00041531930926924524,0.0004153221676947669,0.0004153250260997719,0.00041532788446967345,0.0004153307428128647,0.00041533360112971484,0.0004153364594165686,0.0004153393176803301,0.0004153421759113472,0.00041534503411288116,0.00041534789228635645,0.000415350750431494,0.0004153536085470858,0.00041535646663623364,0.0004153593246957305,0.0004153621827272462,0.0004153650407294798,0.00041536789870294207,0.00041537075665538096,0.0004153736145787419,0.00041537647247342124,0.0004153793303348995,0.0004153821881703356,0.000415385045975411,0.00041538790375188916,0.0004153907615055854,0.00041539361922539943,0.0004153964769236683,0.0004153993345851196,0.0004154021922165309,0.0004154050498305813,0.00041540790740873524,0.00041541076496362983,0.00041541362248549815,0.0004154164799826279,0.00041541933745378333,0.00041542219489045266,0.0004154250523058786,0.00041542790968542134,0.0004154307670365905,0.00041543362435978115,0.00041543648165377024,0.0004154393389182019,0.00041544219615635616,0.00041544505337144996,0.00041544791055282774,0.0004154507677116117,0.0004154536248361462,0.000415456481932761,0.000415459339000482,0.00041546219604012295,0.0004154650530580594,0.0004154679100465675,0.00041547076700520585,0.00041547362393713717,0.0004154764808354523,0.00041547933770541193,0.00041548219454704634,0.00041548505135944106,0.0004154879081453874,0.0004154907649074243,0.0004154936216348648,0.0004154964783348624,0.0004154993350076372,0.0004155021916510407,0.00041550504826540804,0.000415507904857026,0.00041551076141743015,0.0004155136179532832,0.00041551647445375395,0.0004155193309262699,0.00041552218737266804,0.0004155250437878037,0.00041552790018184335,0.0004155307565481299,0.00041553361288009525,0.0004155364691776261,0.00041553932545401913,0.00041554218169970457,0.00041554503791570944,0.0004155478941059575,0.0004155507502731201,0.0004155536064037722,0.00041555646251013927,0.00041555931858626205,0.00041556217463444885,0.00041556503065501743,0.0004155678866467058,0.00041557074261588034,0.0004155735985485896,0.00041557645445716094,0.0004155793103405733,0.0004155821661910238,0.0004155850220142638,0.0004155878778076199,0.0004155907335829657,0.00041559358932514767,0.00041559644502814076,0.0004155993007082352,0.00041560215636011425,0.00041560501198085797,0.0004156078675756248,0.00041561072314789705,0.000415613578687644,0.0004156164341983359,0.0004156192896871083,0.00041562214514623963,0.0004156250005717315,0.00041562785596917896,0.0004156307113374273,0.0004156335666836425,0.0004156364219946149,0.0004156392772788207,0.00041564213253271064,0.0004156449877628707,0.00041564784295963005,0.00041565069812890944,0.0004156535532740419,0.00041565640838839524,0.00041565926347801114,0.00041566211853452596,0.0004156649735623279,0.0004156678285634124,0.00041567068353965655,0.00041567353848327775,0.00041567639340530873,0.00041567924829459687,0.0004156821031531245,0.00041568495799412125,0.0004156878127981211,0.0004156906675719014,0.00041569352232373626,0.00041569637704685783,0.00041569923173857186,0.0004157020864061162,0.00041570494103900456,0.0004157077956495986,0.00041571065022512896,0.000415713504775976,0.000415716359295953,0.00041571921378667006,0.00041572206825000037,0.0004157249226847448,0.0004157277770905927,0.00041573063146901283,0.0004157334858240315,0.0004157363401465883,0.00041573919444171846,0.00041574204870859215,0.0004157449029452497,0.0004157477571577485,0.0004157506113390471,0.00041575346549108414,0.000415756319615908,0.0004157591737116061,0.0004157620277787463,0.00041576488182306834,0.000415767735831031,0.00041577058981895934,0.0004157734437742061,0.0004157762976995035,0.00041577915159791284,0.00041578200547288187,0.00041578485931310287,0.0004157877131316843,0.0004157905669153327,0.0004157934206683035,0.0004157962743962374,0.0004157991280947553,0.0004158019817712519,0.00041580483541395,0.0004158076890283542,0.0004158105426141778,0.00041581339617693177,0.0004158162497064566,0.0004158191032130202,0.000415821956685638,0.00041582481013028455,0.0004158276635468583,0.0004158305169349075,0.00041583337029421397,0.0004158362236310102,0.00041583907693985443,0.0004158419302147514,0.00041584478346105337,0.00041584763667910414,0.00041585048987006384,0.00041585334303098517,0.0004158561961647817,0.00041585904926939225,0.00041586190234652655,0.00041586475539977626,0.00041586760842039593,0.00041587046141239894,0.00041587331437942026,0.0004158761673132082,0.00041587902021986796,0.00041588187309786196,0.00041588472594815705,0.00041588757877822157,0.0004158904315713181,0.0004158932843378492,0.0004158961370743695,0.00041589898978681137,0.00041590184246936346,0.00041590469512145,0.0004159075477447949,0.00041591040034145115,0.0004159132529091623,0.00041591610545333764,0.0004159189579636801,0.00041592181045337453,0.0004159246629045306,0.0004159275153359967,0.0004159303677214164,0.00041593322009138956,0.00041593607243918795,0.0004159389247507948,0.00041594177703407,0.0004159446292917004,0.0004159474815255011,0.0004159503337257487,0.00041595318589721894,0.0004159560380407353,0.0004159588901552979,0.000415961742242252,0.000415964594306747,0.0004159674463354658,0.0004159702983310599,0.0004159731503048283,0.0004159760022503564,0.0004159788541684206,0.00041598170606384736,0.00041598455792134063,0.0004159874097592137,0.0004159902615640148,0.0004159931133404887,0.0004159959650862101,0.0004159988168055241,0.0004160016684956464,0.0004160045201695922,0.00041600737180478144,0.0004160102234172447,0.00041601307499429443,0.0004160159265442357,0.00041601877806453233,0.0004160216295567293,0.00041602448102065937,0.0004160273324605408,0.00041603018387562237,0.00041603303525536493,0.0004160358866131388,0.00041603873794253713,0.00041604158923771924,0.0004160444405084591,0.00041604729174697685,0.00041605014295407707,0.00041605299413619067,0.0004160558452955675,0.0004160586964205853,0.0004160615475231419,0.0004160643985973919,0.00041606724963801143,0.0004160701006541948,0.0004160729516377097,0.00041607580260006276,0.00041607865352753125,0.00041608150442578955,0.0004160843552960376,0.00041608720613891794,0.0004160900569547361,0.000416092907739333,0.00041609575849772796,0.00041609860922769563,0.0004161014599316172,0.00041610431060983374,0.0004161071612541993,0.0004161100118689811,0.00041611286246287613,0.00041611571302309147,0.00041611856355502577,0.00041612141406396425,0.00041612426454430674,0.00041612711499047344,0.0004161299654155082,0.0004161328158052702,0.0004161356661668534,0.0004161385165021241,0.00041614136680602964,0.00041614421708274655,0.0004161470673312233,0.0004161499175568766,0.0004161527677549576,0.0004161556179186231,0.00041615846805496303,0.0004161613181680157,0.00041616416824776295,0.00041616701829817846,0.0004161698683240431,0.00041617271831809947,0.0004161755682851391,0.00041617841822318304,0.0004161812681316455,0.00041618411801862243,0.000416186967871384,0.00041618981769962375,0.00041619266749769846,0.00041619551726571963,0.0004161983670118549,0.00041620121673095154,0.0004162040664242954,0.00041620691608263577,0.0004162097657157416,0.0004162126153146564,0.00041621546488536664,0.000416218314427312,0.00041622116394104936,0.00041622401343169,0.00041622686289173334,0.0004162297123271121,0.00041623256172855684,0.0004162354111009559,0.0004162382604509378,0.00041624110977317636,0.0004162439590669456,0.0004162468083263823,0.0004162496575575189,0.0004162525067608124,0.0004162553559384556,0.0004162582050848475,0.0004162610542029988,0.0004162639032948074,0.00041626675235690864,0.00041626960139653493,0.0004162724504015035,0.00041627529937809064,0.00041627814833206995,0.0004162809972521136,0.0004162838461465352,0.00041628669501131736,0.0004162895438525706,0.0004162923926660303,0.00041629524145183206,0.00041629809020361916,0.00041630093892689157,0.00041630378762162035,0.0004163066362885953,0.00041630948492945934,0.000416312333540009,0.00041631518212566264,0.0004163180306807775,0.0004163208792065875,0.00041632372770624923,0.00041632657617309644,0.00041632942461420177,0.0004163322730265567,0.00041633512141594017,0.0004163379697722835,0.00041634081810044504,0.0004163436663990767,0.00041634651467068563,0.0004163493629136661,0.00041635221112878567,0.0004163550593194892,0.0004163579074844669,0.0004163607556148582,0.0004163636037170078,0.0004163664517905349,0.00041636929983618305,0.000416372147853078,0.0004163749958482687,0.0004163778438142235,0.00041638069175374537,0.00041638353965728835,0.0004163863875338261,0.00041638923538080906,0.0004163920832066705,0.00041639493099887657,0.0004163977787621392,0.00041640062650268413,0.00041640347421537425,0.0004164063218936639,0.0004164091695442859,0.00041641201716598956,0.00041641486476583434,0.0004164177123305472,0.0004164205598679601,0.0004164234073821725,0.00041642625486328766,0.00041642910231597905,0.00041643194973868503,0.0004164347971364255,0.0004164376445042867,0.0004164404918493731,0.00041644333916259136,0.0004164461864453068,0.00041644903369939744,0.0004164518809261694,0.00041645472813020903,0.00041645757530064893,0.00041646042244370627,0.00041646326955723217,0.00041646611664177636,0.0004164689637003137,0.0004164718107332245,0.00041647465773432936,0.0004164775047082258,0.00041648035165267177,0.0004164831985680483,0.00041648604546134225,0.00041648889232322325,0.00041649173915442236,0.0004164945859574824,0.0004164974327316793,0.00041650027948040837,0.0004165031262043418,0.0004165059728946907,0.0004165088195635117,0.00041651166620166767,0.00041651451281279927,0.00041651735939041146,0.0004165202059448073,0.0004165230524729276,0.0004165258989668335,0.0004165287454300944,0.0004165315918674571,0.0004165344382758689,0.00041653728465639646,0.0004165401310084162,0.000416542977332108,0.0004165458236269359,0.0004165486698989681,0.0004165515161428029,0.0004165543623527992,0.00041655720853539383,0.0004165600546891211,0.0004165629008180815,0.00041656574692089984,0.0004165685929934763,0.0004165714390354297,0.0004165742850536678,0.0004165771310434997,0.00041657997700631476,0.0004165828229346069,0.000416585668833811,0.0004165885147047822,0.00041659136054558645,0.0004165942063605887,0.00041659705214798975,0.00041659989790659665,0.00041660274363570626,0.00041660558933999533,0.00041660843502011645,0.00041661128066620675,0.000416614126282449,0.0004166169718778534,0.0004166198174340677,0.000416622662967071,0.0004166255084719953,0.000416628353952148,0.00041663119940136244,0.00041663404482079674,0.00041663689021393177,0.00041663973557784777,0.00041664258091263115,0.00041664542622237407,0.00041664827150535687,0.0004166511167619506,0.00041665396198183616,0.000416656807175546,0.0004166596523419519,0.0004166624974794684,0.00041666534258742987,0.0004166681876687056,0.0004166710327195624,0.00041667387774583717,0.000416676722749872,0.00041667956772470317,0.00041668241266528354,0.00041668525757826484,0.0004166881024674755,0.0004166909473235392,0.0004166937921586056,0.0004166966369579611,0.00041669948172938986,0.0004167023264724978,0.0004167051711879022,0.00041670801587570863,0.0004167108605333637,0.0004167137051621165,0.0004167165497642064,0.00041671939433805187,0.00041672223888277767,0.0004167250833986282,0.0004167279278878541,0.0004167307723489804,0.00041673361678221354,0.0004167364611899665,0.0004167393055686663,0.0004167421499212437,0.000416744994247009,0.00041674783853799157,0.0004167506828012388,0.0004167535270420755,0.00041675637125103594,0.0004167592154300966,0.0004167620595819682,0.0004167649037043482,0.0004167677477987943,0.00041677059186456805,0.0004167734359062556,0.0004167762799188003,0.00041677912390148287,0.00041678196785530677,0.00041678481178113224,0.00041678765567869846,0.00041679049954701996,0.00041679334338846685,0.00041679618719777853,0.0004167990309811012,0.00041680187473711327,0.00041680471846492417,0.00041680756216541827,0.0004168104058423558,0.00041681324948556495,0.00041681609310052076,0.0004168189366888147,0.0004168217802484645,0.00041682462377860054,0.00041682746728965113,0.0004168303107689039,0.0004168331542196738,0.00041683599764263403,0.0004168388410379912,0.0004168416843984059,0.00041684452773424404,0.0004168473710444515,0.0004168502143273719,0.0004168530575835259,0.0004168559008092948,0.0004168587440004757,0.0004168615871658612,0.0004168644303024847,0.00041686727341228534,0.00041687011649064624,0.00041687295954009456,0.00041687580256405404,0.00041687864555878,0.00041688148852526025,0.0004168843314632826,0.00041688717437247545,0.0004168900172546557,0.00041689286011207995,0.0004168957029348937,0.00041689854572924377,0.00041690138850226585,0.0004169042312421468,0.000416907073960843,0.0004169099166437552,0.0004169127593052041,0.00041691560193640807,0.00041691844453531937,0.00041692128711045856,0.00041692412965376596,0.00041692697216917776,0.00041692981465615153,0.0004169326571155911,0.00041693549954730923,0.00041693834195471606,0.00041694118432918423,0.0004169440266804874,0.0004169468689980121,0.00041694971129287893,0.00041695255355393967,0.0004169553957871664,0.00041695823799120854,0.0004169610801683653,0.00041696392232081506,0.00041696676443875297,0.00041696960653137775,0.00041697244859603753,0.00041697529063509746,0.00041697813264310763,0.0004169809746245847,0.00041698381658133554,0.0004169866585051099,0.00041698950040012546,0.00041699234226724757,0.0004169951841063111,0.00041699802591758066,0.0004170008677003528,0.0004170037094521484,0.0004170065511780677,0.00041700939287907376,0.0004170122345489179,0.0004170150761906121,0.0004170179178035755,0.00041702075939351475,0.0004170236009510377,0.0004170264424800121,0.00041702928397970045,0.000417032125450589,0.00041703496689677943,0.0004170378083119502,0.0004170406496983672,0.00041704349105791544,0.00041704633238853333,0.00041704917369148753,0.0004170520149659187,0.0004170548562166071,0.0004170576974355787,0.00041706053862651114,0.000417063379794145,0.00041706622093080843,0.0004170690620370726,0.00041707190311424504,0.0004170747441641569,0.0004170775851864745,0.00041708042617913935,0.0004170832671445254,0.0004170861080812746,0.00041708894899022264,0.0004170917898721082,0.00041709463072703875,0.0004170974715509233,0.00041710031234695944,0.0004171031531137519,0.0004171059938528736,0.0004171088345647302,0.0004171116752474716,0.00041711451590229637,0.00041711735652787764,0.0004171201971266628,0.00041712303769774763,0.000417125878239633,0.0004171287187538954,0.00041713155924116526,0.00041713439970513975,0.00041713724013477517,0.0004171400805426852,0.0004171429209221322,0.0004171457612694469,0.00041714860158600014,0.00041715144187579696,0.000417154282135742,0.0004171571223719967,0.0004171599625819719,0.0004171628027587681,0.0004171656429124516,0.00041716848303836884,0.0004171713231297808,0.0004171741631937037,0.0004171770032291735,0.0004171798432401236,0.0004171826832299891,0.00041718552318670884,0.00041718836311091474,0.00041719120300336333,0.0004171940428750681,0.0004171968827131693,0.00041719972252890616,0.0004172025623111737,0.00041720540207052344,0.0004172082417968275,0.00041721108149464357,0.00041721392116456806,0.00041721676081137894,0.00041721960042397685,0.00041722244001514603,0.000417225279571212,0.0004172281191000478,0.0004172309586006894,0.00041723379807469984,0.0004172366375190205,0.00041723947693543756,0.0004172423163227874,0.00041724515568441274,0.000417247995021191,0.00041725083432299706,0.00041725367359835605,0.00041725651285116704,0.0004172593520706293,0.00041726219126140114,0.0004172650304290078,0.00041726786956357715,0.0004172707086759915,0.0004172735477512894,0.00041727638679785975,0.0004172792258251311,0.0004172820648187195,0.00041728490378434557,0.00041728774271987385,0.00041729058163420083,0.0004172934205124118,0.00041729625937096557,0.00041729909819584673,0.0004173019369973766,0.00041730477576726826,0.0004173076145067796,0.0004173104532172998,0.0004173132919022533,0.00041731613056035093,0.0004173189691913445,0.00041732180779096044,0.00041732464636182854,0.000417327484904249,0.0004173303234223873,0.00041733316191243966,0.0004173360003747992,0.00041733883880542535,0.00041734167720797806,0.0004173445155812597,0.00041734735392644554,0.00041735019225006735,0.0004173530305397339,0.00041735586880153625,0.00041735870703990514,0.00041736154524543993,0.00041736438342299863,0.0004173672215760284,0.0004173700596993373,0.0004173728977976524,0.00041737573586482935,0.00041737857390646444,0.00041738141191732765,0.0004173842498976458,0.000417387087848755,0.00041738992577359325,0.00041739276366927456,0.00041739560154248286,0.0004173984393831505,0.0004174012771992271,0.00041740411498906966,0.0004174069527489894,0.000417409790469972,0.00041741262817033024,0.0004174154658444229,0.00041741830348854454,0.0004174211411070118,0.00041742397869159363,0.00041742681624809715,0.00041742965378332937,0.00041743249127831856,0.00041743532875741703,0.00041743816620979236,0.00041744100362720705,0.00041744384101851084,0.00041744667838281566,0.0004174495157159343,0.0004174523530211087,0.0004174551902969479,0.00041745802754553345,0.00041746086476601095,0.00041746370195803084,0.00041746653912246983,0.0004174693762643356,0.0004174722133717642,0.0004174750504489851,0.00041747788750016583,0.00041748072452599516,0.0004174835615213305,0.00041748639848829293,0.0004174892354267112,0.00041749207233486574,0.00041749490921765236,0.00041749774607853485,0.00041750058290185917,0.00041750341970024884,0.0004175062564675283,0.0004175090932147097,0.00041751192992552457,0.0004175147666104364,0.00041751760327404585,0.00041752043991078103,0.00041752327651485674,0.00041752611309034426,0.0004175289496357226,0.0004175317861523904,0.00041753462264519506,0.00041753745910837973,0.0004175402955401378,0.0004175431319446389,0.00041754596832218824,0.00041754880467042817,0.0004175516409965641,0.0004175544772887051,0.00041755731355756087,0.0004175601497817395,0.00041756298598945334,0.0004175658221681719,0.00041756865832429845,0.0004175714944528776,0.0004175743305482313,0.00041757716661353084,0.000417580002657555,0.00041758283867341983,0.0004175856746556962,0.0004175885106088694,0.00041759134653713935,0.00041759418243277746,0.0004175970183032824,0.00041759985414510376,0.00041760268996629627,0.0004176055257493728,0.0004176083615118629,0.00041761119724637583,0.0004176140329478558,0.00041761686862126855,0.000417619704261695,0.0004176225398805696,0.00041762537547380203,0.0004176282110356831,0.00041763104656733296,0.000417633882071041,0.00041763671754544785,0.0004176395529987337,0.0004176423884184384,0.00041764522381700797,0.00041764805919177725,0.00041765089452834673,0.00041765372984062113,0.0004176565651183952,0.00041765940037589533,0.0004176622355966448,0.00041766507079156283,0.0004176679059614189,0.0004176707411000566,0.00041767357620969587,0.00041767641129875776,0.00041767924635763753,0.00041768208138955775,0.0004176849163869064,0.00041768775135706015,0.00041769058629922924,0.00041769342121186195,0.0004176962560972897,0.00041769909095403597,0.00041770192578367187,0.0004177047605838058,0.00041770759535678223,0.00041771043010092277,0.00041771326481630143,0.000417716099502386,0.0004177189341632025,0.0004177217687946561,0.0004177246034051308,0.0004177274379807118,0.00041773027252734466,0.0004177331070486251,0.0004177359415425362,0.0004177387760070581,0.00041774161044169183,0.000417744444848446,0.00041774727923307156,0.0004177501135838269,0.0004177529479079018,0.0004177557822028632,0.0004177586164730261,0.0004177614507176253,0.00041776428493369463,0.00041776711911388703,0.00041776995326654287,0.00041777278739081846,0.0004177756214945376,0.00041777845556412353,0.00041778128960810886,0.0004177841236185158,0.0004177869576043365,0.000417789791561931,0.00041779262549101115,0.00041779545939187333,0.0004177982932657171,0.0004178011271112536,0.00041780396092927827,0.0004178067947181864,0.0004178096284814379,0.0004178124622156245,0.0004178152959213076,0.0004178181295960997,0.0004178209632452098,0.00041782379687128716,0.00041782663046389116,0.0004178294640313776,0.0004178322975684318,0.00041783513107641646,0.0004178379645577975,0.0004178407980154712,0.00041784363144458736,0.0004178464648401613,0.00041784929820703435,0.0004178521315464623,0.00041785496486414426,0.00041785779815064746,0.00041786063141147626,0.00041786346464237355,0.00041786629784825016,0.00041786913101941403,0.00041787196416270253,0.00041787479727636953,0.00041787763036157754,0.0004178804634175989,0.0004178832964494396,0.00041788612945196213,0.0004178889624264834,0.00041789179537838104,0.0004178946282969711,0.0004178974611870131,0.0004179002940501712,0.00041790312688401795,0.000417905959689111,0.00041790879246675854,0.00041791162521541945,0.0004179144579422837,0.0004179172906409716,0.0004179201233066243,0.0004179229559427445,0.0004179257885527375,0.0004179286211437036,0.00041793145369657534,0.0004179342862204564,0.00041793711872185847,0.0004179399511913417,0.00041794278363695695,0.00041794561604849187,0.0004179484484377115,0.0004179512807941452,0.0004179541131238048,0.0004179569454239125,0.0004179597776949123,0.00041796260994225693,0.0004179654421570933,0.00041796827434354057,0.00041797110650302195,0.00041797393863451563,0.0004179767707367492,0.0004179796028174027,0.0004179824348646328,0.0004179852668889554,0.0004179880988848422,0.00041799093084791066,0.00041799376278860205,0.0004179965946942772,0.00041799942657175666,0.00041800225842138455,0.0004180050902438833,0.0004180079220383165,0.0004180107538103678,0.000418013585548599,0.00041801641725873717,0.00041801924894043787,0.00041802208059702416,0.0004180249122277282,0.0004180277438237513,0.0004180305753934239,0.000418033406925069,0.0004180362384393919,0.0004180390699243357,0.00041804190138762835,0.00041804473282099823,0.0004180475642194796,0.0004180503955925512,0.00041805322693664525,0.000418056058253676,0.0004180588895415486,0.0004180617208036961,0.0004180645520414416,0.0004180673832459694,0.00041807021442223587,0.00041807304557120277,0.00041807587669763046,0.0004180787077895762,0.0004180815388521081,0.0004180843698855199,0.0004180872008925986,0.0004180900318760225,0.0004180928628267462,0.0004180956937516126,0.00041809852464639235,0.00041810135551426065,0.00041810418635379056,0.00041810701716521584,0.0004181098479480403,0.00041811267870330764,0.0004181155094304972,0.0004181183401295236,0.0004181211707996524,0.0004181240014406228,0.0004181268320583313,0.00041812966264458183,0.0004181324932084927,0.00041813532373922405,0.00041813815424139215,0.00041814098471540384,0.0004181438151611898,0.00041814664558049086,0.00041814947597033474,0.00041815230632977527,0.00041815513666519416,0.00041815796697719564,0.0004181607972599827,0.0004181636275113485,0.000418166457737639,0.00041816928793103326,0.00041817211809669737,0.0004181749482342234,0.0004181777783434196,0.0004181806084243544,0.00041818343847764973,0.00041818626850610783,0.00041818909850399404,0.00041819192847335126,0.0004181947584149863,0.0004181975883345626,0.0004182004182195042,0.00041820324807947577,0.0004182060779079219,0.0004182089077083025,0.00041821173748062256,0.00041821456722470024,0.000418217396948031,0.00041822022664191825,0.00041822305630774266,0.0004182258859393236,0.0004182287155432466,0.00041823154512321504,0.00041823437467453025,0.0004182372041979425,0.0004182400336901484,0.0004182428631543485,0.0004182456925898808,0.0004182485219840571,0.00041825135136376454,0.0004182541807168938,0.00041825701004571844,0.0004182598393414814,0.000418262668609418,0.0004182654978513564,0.00041826832706267156,0.0004182711562459789,0.0004182739854040787,0.00041827681453120136,0.00041827964363043646,0.00041828247270651186,0.0004182853017497429,0.0004182881307680021,0.000418290959757752,0.00041829378871757517,0.0004182966176493066,0.00041829944655358064,0.00041830227542813956,0.00041830510427609,0.00041830793309887733,0.00041831076188837755,0.00041831359065091903,0.0004183164193906538,0.0004183192480882279,0.0004183220767664,0.00041832490541558157,0.0004183277340376321,0.0004183305626316101,0.00041833339119712646,0.00041833621973191176,0.0004183390482412779,0.0004183418767225948,0.00041834470517545705,0.00041834753360082527,0.0004183503620038802,0.00041835319037037295,0.00041835601871056504,0.0004183588470249778,0.000418361675315465,0.0004183645035725878,0.00041836733180197755,0.0004183701600095719,0.0004183729881819971,0.000418375816322028,0.00041837864443903784,0.0004183814725279798,0.00041838430059128054,0.00041838712862547365,0.0004183899566313589,0.0004183927846121836,0.00041839561254894983,0.0004183984404701668,0.00041840126836272396,0.00041840409622833226,0.00041840692406604115,0.0004184097518735402,0.0004184125796531466,0.0004184154074056274,0.00041841823512885935,0.0004184210628248417,0.0004184238904926966,0.00041842671813307325,0.0004184295457464541,0.00041843237333046566,0.0004184352008867345,0.00041843802841804063,0.00041844085592003365,0.00041844368337915963,0.0004184465108235133,0.00041844933823923403,0.00041845216563187853,0.0004184549929926646,0.0004184578203244909,0.00041846064762718,0.00041846347490266455,0.0004184663021501037,0.0004184691293699094,0.0004184719565684178,0.0004184747837353132,0.00041847761087382933,0.00041848043798074655,0.00041848326506506553,0.00041848609211772586,0.000418488919139944,0.00041849174613632005,0.0004184945731053388,0.000418497400043218,0.0004185002269539895,0.00041850305383672693,0.0004185058806914692,0.00041850870751698933,0.00041851153431544426,0.00041851436108613645,0.0004185171878290656,0.00041852001454278475,0.0004185228412285068,0.0004185256678871724,0.0004185284945159593,0.000418531321116324,0.00041853414768814077,0.0004185369742335094,0.0004185398007565637,0.0004185426272468525,0.0004185454537080383,0.00041854828014300106,0.00041855110655488153,0.0004185539329320452,0.00041855675928020625,0.0004185595856069411,0.0004185624119063241,0.00041856523817722504,0.00041856806441427054,0.0004185708906238024,0.00041857371680603363,0.00041857654296050326,0.00041857936908657465,0.0004185821951843744,0.0004185850212639942,0.0004185878473058877,0.00041859067332295673,0.00041859349930886247,0.0004185963252670563,0.00041859915119821115,0.0004186019770972342,0.000418604802971279,0.00041860762881660045,0.0004186104546385883,0.0004186132804279832,0.0004186161061891642,0.000418618931922228,0.0004186217576307888,0.00041862458331001523,0.0004186274089599022,0.0004186302345811083,0.00041863306017440383,0.0004186358857386648,0.0004186387112749092,0.0004186415367845933,0.00041864436226459763,0.00041864718771702467,0.00041865001314506486,0.00041865283854103044,0.00041865566391146794,0.000418658489253287,0.00041866131457110595,0.00041866413985691025,0.0004186669651109566,0.0004186697903397562,0.0004186726155445393,0.0004186754407176992,0.00041867826586452036,0.0004186810909820516,0.00041868391607054596,0.00041868674113162627,0.0004186895661641431,0.0004186923911687343,0.00041869521614494137,0.0004186980410990481,0.0004187008660239807,0.00041870369091666907,0.0004187065157802591,0.00041870934061778074,0.00041871216542846765,0.00041871499020804543,0.00041871781496004393,0.0004187206396853903,0.00041872346438149254,0.0004187262890497983,0.0004187291136891583,0.00041873193830329946,0.0004187347628849786,0.00041873758744212004,0.00041874041197040014,0.0004187432364765833,0.00041874606095408125,0.000418748885403204,0.00041875170981909774,0.00041875453420719884,0.00041875735856638585,0.000418760182898449,0.0004187630072015608,0.00041876583147804563,0.0004187686557257351,0.00041877147995068176,0.00041877430414220725,0.00041877712830772285,0.0004187799524459457,0.00041878277655413076,0.00041878560063493753,0.0004187884246871402,0.000418791248711058,0.0004187940727052416,0.00041879689666814135,0.0004187997206094895,0.0004188025445269051,0.00041880536840991603,0.0004188081922688831,0.0004188110160848294,0.00041881383988458373,0.00041881666365756437,0.0004188194874020711,0.000418822311117712,0.0004188251348109257,0.0004188279584708816,0.0004188307820999761,0.00041883360570192895,0.0004188364292815831,0.0004188392528347479,0.00041884207635573657,0.0004188448998476156,0.00041884772331604494,0.00041885054675056644,0.00041885337015916174,0.0004188561935385671,0.00041885901688149836,0.00041886184020508923,0.0004188646635015875,0.00041886748676949094,0.0004188703100090795,0.0004188731332203868,0.00041887595640225045,0.0004188787795574919,0.00041888160268504197,0.00041888442578649223,0.0004188872488618191,0.00041889007189279656,0.00041889289490826904,0.00041889571789351495,0.00041889854085186743,0.0004189013637882053,0.0004189041866917234,0.00041890700956665177,0.0004189098324143991,0.00041891265523746993,0.00041891547802889935,0.00041891830079180775,0.0004189211235262992,0.0004189239462312541,0.0004189267689163288,0.00041892959156690046,0.0004189324141902556,0.0004189352367856644,0.0004189380593550713,0.0004189408818944443,0.000418943704407736,0.00041894652689024705,0.0004189493493453717,0.00041895217177787464,0.00041895499417759114,0.0004189578165516201,0.0004189606388925738,0.0004189634612075088,0.000418966283501713,0.0004189691057606521,0.00041897192799133967,0.00041897475019384223,0.0004189775723748349,0.00041898039450927605,0.00041898321662891337,0.0004189860387202576,0.00041898886078277163,0.00041899168281712274,0.0004189945048245685,0.0004189973268037958,0.0004190001487554931,0.0004190029706826203,0.0004190057925788812,0.0004190086144493072,0.00041901143628782054,0.00041901425810298034,0.0004190170798861474,0.0004190199016406916,0.0004190227233690921,0.0004190255450654169,0.0004190283667365142,0.0004190311883789255,0.00041903400999440975,0.0004190368315818987,0.0004190396531410367,0.00041904247467253956,0.0004190452961763344,0.0004190481176563222,0.00041905093909678804,0.00041905376051632414,0.00041905658190697617,0.0004190594032707204,0.00041906222460635684,0.00041906504591391946,0.0004190678671938023,0.0004190706884534635,0.0004190735096766665,0.00041907633087600384,0.00041907915204365907,0.0004190819731832,0.00041908479430055313,0.000419087615384889,0.00041909043642987705,0.00041909325745755874,0.0004190960784572501,0.0004190988994340112,0.0004191017203825764,0.00041910454129788483,0.00041910736219054345,0.00041911018305062874,0.000419113003884217,0.0004191158246878705,0.0004191186454664735,0.00041912146621774947,0.000419124286942942,0.00041912710763425355,0.00041912992829890955,0.000419132748940675,0.00041913556955450046,0.00041913839013576316,0.00041914121068700445,0.0004191440312142401,0.0004191468517099483,0.00041914967218182367,0.00041915249262165994,0.0004191553130330347,0.0004191581334170479,0.0004191609537730994,0.0004191637741015554,0.00041916659439883723,0.00041916941467637673,0.0004191722349225245,0.0004191750551441434,0.0004191778753379623,0.00041918069549908655,0.000419183515634721,0.00041918633573839595,0.00041918915581968397,0.00041919197586702734,0.0004191947958875082,0.00041919761587886365,0.0004192004358480243,0.0004192032557893123,0.0004192060756967972,0.0004192088955779546,0.00041921171542949945,0.000419214535253985,0.00041921735505352434,0.00041922017482428524,0.00041922299456986876,0.0004192258142827495,0.00041922863396626735,0.00041923145362756384,0.00041923427325594016,0.00041923709285769076,0.0004192399124306139,0.00041924273197370393,0.0004192455514906768,0.0004192483709794305,0.0004192511904404919,0.00041925400988348274,0.0004192568292903336,0.00041925964866976624,0.0004192624680233338,0.0004192652873442374,0.0004192681066399332,0.00041927092590852993,0.00041927374514585014,0.0004192765643548839,0.00041927938353614446,0.00041928220269621484,0.00041928502182333354,0.0004192878409217357,0.00041929065999389017,0.0004192934790348727,0.00041929629804986,0.0004192991170369337,0.0004193019359945317,0.0004193047549262709,0.0004193075738267751,0.00041931039270144574,0.00041931321154786163,0.00041931603036758305,0.00041931884916148696,0.00041932166792404377,0.0004193244866576175,0.0004193273053629724,0.00041933012403279953,0.00041933294268250456,0.0004193357613039544,0.0004193385799015793,0.00041934139845856746,0.0004193442169914471,0.000419347035500756,0.00041934985398199787,0.00041935267244064056,0.00041935549086583084,0.00041935830926787167,0.00041936112763790484,0.0004193639459800122,0.0004193667642930979,0.00041936958257889485,0.0004193724008390176,0.00041937521907262483,0.0004193780372714226,0.0004193808554454759,0.0004193836735891402,0.00041938649170502717,0.00041938930979496154,0.00041939212786024977,0.0004193949458939351,0.0004193977639018797,0.0004194005818804601,0.00041940339983365967,0.00041940621775371403,0.00041940903564751633,0.000419411853513361,0.00041941467135230383,0.00041941748916719617,0.000419420306951506,0.0004194231247111369,0.00041942594243719845,0.0004194287601361206,0.00041943157780713434,0.0004194343954497203,0.0004194372130639745,0.00041944003064812524,0.0004194428482071142,0.0004194456657384149,0.00041944848324638307,0.00041945130072174573,0.00041945411815799173,0.00041945693557707915,0.00041945975296886587,0.000419462570332682,0.000419465387657788,0.00041946820495422654,0.0004194710222338521,0.00041947383949108766,0.00041947665671373093,0.0004194794739033547,0.0004194822910723231,0.00041948510821655896,0.0004194879253286351,0.0004194907424160329,0.0004194935594710399,0.000419496376499059,0.00041949919349940827,0.000419502010471635,0.00041950482742085483,0.0004195076443428756,0.00041951046123674747,0.00041951327809686644,0.00041951609493031804,0.00041951891173712744,0.0004195217285131367,0.0004195245452592882,0.0004195273619820745,0.0004195301786760969,0.0004195329953457956,0.00041953581198237816,0.0004195386285912185,0.0004195414451735402,0.0004195442617291498,0.00041954707825424676,0.00041954989475287885,0.0004195527112269962,0.00041955552767247945,0.00041955834408537336,0.0004195611604698184,0.0004195639768325241,0.00041956679316848143,0.0004195696094706319,0.00041957242574419733,0.000419575241992349,0.0004195780582123149,0.00041958087440335963,0.0004195836905653689,0.00041958650669873115,0.0004195893227950452,0.0004195921388754093,0.00041959495493111906,0.00041959777095326755,0.00041960058694933203,0.0004196034029188906,0.0004196062188605791,0.00041960903477076964,0.0004196118506530055,0.00041961466651125874,0.00041961748233776863,0.0004196202981416135,0.000419623113914518,0.0004196259296572515,0.0004196287453737837,0.0004196315610625653,0.00041963437672165593,0.000419637192353511,0.0004196400079556049,0.00041964282353095406,0.0004196456390780292,0.0004196484545965052,0.00041965127008743706,0.0004196540855499101,0.0004196569009856332,0.0004196597163882207,0.0004196625317677507,0.000419665347119735,0.0004196681624405323,0.0004196709777362523,0.00041967379299938807,0.0004196766082392401,0.00041967942345219855,0.00041968223864177946,0.0004196850537981579,0.0004196878689287562,0.00041969068402986174,0.00041969349909944993,0.00041969631414398307,0.00041969912915947884,0.000419701944148408,0.00041970475910893936,0.00041970757403630917,0.00041971038894649654,0.00041971320382323693,0.00041971601867231596,0.0004197188334937605,0.0004197216482856482,0.00041972446305067133,0.0004197272777878965,0.0004197300924986015,0.0004197329071828556,0.00041973572183525,0.0004197385364616227,0.0004197413510588256,0.0004197441656300794,0.00041974698017565936,0.00041974979469232927,0.0004197526091833452,0.0004197554236400864,0.0004197582380745842,0.00041976105248067724,0.0004197638668602868,0.00041976668121187073,0.0004197694955249214,0.00041977230980690014,0.0004197751240693744,0.0004197779383034302,0.0004197807525101926,0.00041978356669010165,0.000419786380841881,0.0004197891949688292,0.0004197920090634612,0.00041979482312154095,0.00041979763716026023,0.0004198004511740452,0.00041980326515690127,0.00041980607911397617,0.0004198088930412503,0.0004198117069430955,0.00041981452081452813,0.00041981733466075994,0.00041982014847635215,0.00041982296226310094,0.00041982577602767254,0.0004198285897595096,0.0004198314034625704,0.00041983421713788656,0.00041983703079256956,0.00041983984440361656,0.0004198426580015883,0.00041984547156996105,0.00041984828511007163,0.00041985109861831496,0.00041985391209857,0.0004198567255514371,0.0004198595389768384,0.0004198623523769242,0.0004198651657470627,0.00041986797909274637,0.0004198707924090392,0.00041987360569954875,0.0004198764189567957,0.0004198792321906629,0.00041988204539169925,0.0004198848585654348,0.0004198876717125407,0.00041989048483093584,0.00041989329792032005,0.0004198961109822018,0.0004198989240171293,0.000419901737026672,0.0004199045500094445,0.0004199073629596447,0.00041991017588372193,0.0004199129887783947,0.000419915801643941,0.0004199186144824899,0.0004199214272992415,0.0004199242400815827,0.00041992705283397207,0.0004199298655584277,0.0004199326782582527,0.00041993549093002436,0.0004199383035751361,0.00041994111619095753,0.00041994392878238286,0.000419946741343654,0.00041994955387484516,0.00041995236637338575,0.00041995517885396014,0.0004199579912989862,0.0004199608037180147,0.00041996361610913987,0.00041996642845588847,0.000419969240787312,0.0004199720530983847,0.0004199748653820197,0.0004199776776317835,0.00041998048985658284,0.000419983302053258,0.00041998611422115875,0.00041998892635144183,0.00041999173846460423,0.00041999455054923736,0.0004199973626063921,0.00042000017463564353,0.0004200029866399283,0.0004200057986132979,0.0004200086105575344,0.00042001142247544935,0.00042001423436517415,0.00042001704622667935,0.0004200198580636223,0.0004200226698688116,0.0004200254816505211,0.00042002829340227933,0.00042003110512464306,0.00042003391682197554,0.0004200367284908695,0.0004200395401285677,0.0004200423517393017,0.0004200451633244139,0.0004200479748782253,0.0004200507864124779,0.0004200535979184941,0.0004200564093891986,0.00042005922083220384,0.00042006203224757697,0.00042006484364004324,0.0004200676550051981,0.00042007046634158984,0.0004200732776489995,0.00042007608892197966,0.000420078900169579,0.00042008171138974826,0.0004200845225820648,0.0004200873337455191,0.0004200901448832318,0.0004200929559901609,0.0004200957670725037,0.0004200985781227788,0.00042010138914677896,0.00042010420014884035,0.00042010701111824334,0.000420109822058628,0.0004201126329729987,0.00042011544386272553,0.0004201182547233278,0.00042012106555617954,0.00042012387636181737,0.0004201266871371602,0.0004201294978870431,0.0004201323086076634,0.0004201351192975676,0.0004201379299615704,0.00042014074059432697,0.00042014355120315543,0.0004201463617832749,0.00042014917232219685,0.0004201519828453921,0.0004201547933424006,0.0004201576038104796,0.00042016041424967524,0.00042016322465629577,0.00042016603503975026,0.0004201688453953165,0.0004201716557229054,0.00042017446602266283,0.0004201772762915473,0.0004201800865385825,0.00042018289675539554,0.00042018570694347994,0.00042018851709709463,0.00042019132723423796,0.00042019413734435077,0.00042019694741996536,0.00042019975746875103,0.0004202025674913125,0.0004202053774911155,0.00042020818745738256,0.0004202109973963777,0.0004202138073077004,0.00042021661718878316,0.000420219427046324,0.00042022223687234524,0.00042022504667099854,0.0004202278564429889,0.00042023066617743424,0.00042023347589157213,0.000420236285578603,0.0004202390952407572,0.000420241904869618,0.00042024471447393364,0.0004202475240470528,0.00042025033359304733,0.0004202531431123738,0.0004202559526051749,0.0004202587620681323,0.00042026157150442707,0.00042026438091103053,0.0004202671902928406,0.0004202699996445821,0.00042027280897301495,0.0004202756182693397,0.0004202784275308274,0.00042028123677083037,0.0004202840459845769,0.00042028685516873755,0.00042028966432598334,0.0004202924734549604,0.0004202952825558992,0.0004202980916313777,0.00042030090067675705,0.00042030370969140576,0.00042030651868150265,0.0004203093276420625,0.000420312136575384,0.000420314945481288,0.0004203177543578502,0.000420320563212916,0.00042032337203531603,0.00042032618082985885,0.00042032898959623306,0.00042033179833495085,0.00042033460704574415,0.000420337415728781,0.0004203402243846695,0.0004203430330119662,0.0004203458416119091,0.0004203486501853445,0.00042035145873051366,0.00042035426724555924,0.00042035707573860256,0.0004203598841981638,0.000420362692629568,0.00042036550103361956,0.0004203683094117489,0.00042037111775939084,0.0004203739260798202,0.00042037673437167304,0.0004203795426374042,0.0004203823508737843,0.00042038515908186954,0.0004203879672645006,0.00042039077541738853,0.00042039358354339766,0.00042039639164109625,0.0004203991997114897,0.00042040200775351507,0.0004204048157667378,0.0004204076237562963,0.0004204104317144195,0.00042041323964551645,0.00042041604754766454,0.00042041885542708164,0.00042042166327290224,0.00042042447109330263,0.00042042727888661006,0.0004204300866507579,0.00042043289438658643,0.0004204357020941005,0.00042043850977463356,0.00042044131742819405,0.00042044412505519153,0.0004204469326521816,0.0004204497402203087,0.0004204525477600371,0.00042045535527263154,0.00042045816275762744,0.0004204609702142825,0.0004204637776302174,0.0004204665850313379,0.0004204693924054357,0.00042047219975040726,0.00042047500706774994,0.00042047781435838806,0.0004204806216195144,0.0004204834288535491,0.00042048623605921414,0.00042048904323445184,0.00042049185038295356,0.00042049465750542114,0.00042049746459899435,0.00042050027166789454,0.00042050307870663796,0.0004205058857185346,0.0004205086927035433,0.00042051149966187116,0.0004205143065892246,0.0004205171134937913,0.00042051992036732153,0.0004205227272112955,0.00042052553402723177,0.00042052834081477835,0.00042053114756471173,0.0004205339542976691,0.00042053676100930614,0.00042053956768557215,0.0004205423743346933,0.00042054518095498486,0.00042054798754284975,0.000420550794105213,0.0004205536006430129,0.0004205564071530604,0.00042055921363476297,0.0004205620200877179,0.0004205648265159559,0.0004205676329166763,0.00042057043928671095,0.0004205732456280937,0.00042057605194240717,0.00042057885822890164,0.00042058166448804836,0.0004205844707169204,0.000420587276922703,0.00042059008310136236,0.00042059288925380895,0.00042059569537254693,0.00042059850146557973,0.00042060130752999837,0.0004206041135662399,0.0004206069195742359,0.00042060972555377235,0.00042061253150916183,0.0004206153374338931,0.0004206181433308142,0.00042062094920085677,0.0004206237550417051,0.0004206265608552716,0.00042062936664440727,0.00042063217240207135,0.0004206349781339036,0.00042063778383533964,0.0004206405895118468,0.000420643395158396,0.00042064620077526707,0.00042064900636807034,0.0004206518119299143,0.0004206546174646292,0.0004206574229740792,0.00042066022845439337,0.0004206630339071498,0.00042066583932982463,0.0004206686447255361,0.0004206714500933358,0.0004206742554334153,0.00042067706074716424,0.0004206798660373567,0.0004206826712931097,0.0004206854765243221,0.00042068828172900846,0.0004206910869029319,0.00042069389204772234,0.00042069669716503916,0.00042069950225650393,0.00042070230731812924,0.00042070511235193364,0.0004207079173579814,0.00042071072233503047,0.00042071352728571137,0.00042071633220642645,0.0004207191371025234,0.00042072194196914666,0.0004207247468081805,0.00042072755161912833,0.00042073035640539165,0.0004207331611608324,0.0004207359658907874,0.00042073877059611717,0.0004207415752659337,0.00042074437991578175,0.0004207471845311322,0.0004207499891195574,0.0004207527936775986,0.00042075559821037005,0.00042075840271834237,0.00042076120719198245,0.0004207640116433627,0.0004207668160685686,0.00042076962046640035,0.00042077242483819195,0.0004207752291771283,0.00042077803348695856,0.0004207808377698285,0.000420783642024338,0.00042078644625603975,0.0004207892504544327,0.000420792054630396,0.0004207948587736874,0.0004207976628778035,0.000420800466964276,0.00042080327102392707,0.0004208060750604819,0.0004208088790648652,0.0004208116830401299,0.00042081448698989577,0.0004208172909104088,0.00042082009480564345,0.00042082289866884393,0.00042082570251378596,0.0004208285063249957,0.0004208313101063767
4,0.03403017056834727,0.03403017056834727,0.03403017056834727,0.03403017056834727,0.03403017056834727,0.03403017056834727,0.03403017056834727,0.03403017056834727,0.03403017056834727,0.03403017056834727,0.03403017056834727,0.03403017056834727,0.03403017056834727,0.03403017056834727,0.03403017056834727,0.03403017056834727,0.03403017056834727,0.03403017056834727,0.03403017056834727,0.03403017056834727,0.03403017056834727,0.03403017056834727,0.03403017056834727,0.03403017056834727,0.03403017056834727,0.03403017056834727,0.03403017056834727,0.03403017056834727,0.03403017056834727,0.03403017056834727,0.03403017056834727,0.03403017056834727,0.03403017056834727,0.03403017056834727,0.03403017056834727,0.03403017056834727,0.03403017056834727,0.03403017056834727,0.03403017056834727,0.03403017056834727,0.03403017056834727,0.03403017056834727,0.03403017056834727,0.03403017056834727,0.03403017056834727,0.03403017056834727,0.03403017056834727,0.03403017056834727,0.03403017056834727,0.03403017056834727,0.03403017056834727,0.03403017056834727,0.03403017056834727,0.03403017056834727,0.03403017056834727,0.03403017056834727,0.03403017056834727,0.03403017056834727,0.03403017056834727,0.03403017056834727,0.03403017056834727,0.03403017056834727,0.03403017056834727,0.03403017056834727,0.03403017056834727,0.03403017056834727,0.03403017056834727,0.03403017056834727,0.03403017056834727,0.03403017056834727,0.03403017056834727,0.03403017056834727,0.03403017056834727,0.03403017056834727,0.03403017056834727,0.03403017056834727,0.03403017056834727,0.03403017056834727,0.03403017056834727,0.03403017056834727,0.03403017056834727,0.03403017056834727,0.03403017056834727,0.03403017056834727,0.03403017056834727,0.03403017056834727,0.03403017056834727,0.03403017056834727,0.03403017056834727,0.03403017056834727,0.03403017056834727,0.03403017056834727,0.03403017056834727,0.03403017056834727,0.03403017056834727,0.03403017056834727,0.03403017056834727,0.03403017056834727,0.03403017056834727,0.03403017056834727,0.03403017056834727,0.03403017056834727,0.03403017056834727,0.03403017056834727,0.03403017056834727,0.03403017056834727,0.03403017056834727,0.03403017056834727,0.03403017056834727,0.03403017056834727,0.03403017056834727,0.03403017056834727,0.03403017056834727,0.03403017056834727,0.03403017056834727,0.03403017056834727,0.03403017056834727,0.03403017056834727,0.03403017056834727,0.03403017056834727,0.03403017056834727,0.03403017056834727,0.03403017056834727,0.03403017056834727,0.03403017056834727,0.03403017056834727,0.03403017056834727,0.03403017056834727,0.03403017056834727,0.03403017056834727,0.03403017056834727,0.03403017056834727,0.03403017056834727,0.03403017056834727,0.03403017056834727,0.03403017056834727,0.03403017056834727,0.03403017056834727,0.03403017056834727,0.03403017056834727,0.03403017056834727,0.03403017056834727,0.03403017056834727,0.03403017056834727,0.03403017056834727,0.03403017056834727,0.03403017056834727,0.03403017056834727,0.03403017056834727,0.03403017056834727,0.03403017056834727,0.03403017056834727,0.03403017056834727,0.03403017056834727,0.03403017056834727,0.03403017056834727,0.03403017056834727,0.03403017056834727,0.03403017056834727,0.03403017056834727,0.03403017056834727,0.03403017056834727,0.03403017056834727,0.03403017056834727,0.03403017056834727,0.03403017056834727,0.03403017056834727,0.03403017056834727,0.03403017056834727,0.03403017056834727,0.03403017056834727,0.03403017056834727,0.03403017056834727,0.03403017056834727,0.03403017056834727,0.03403017056834727,0.03403017056834727,0.03403017056834727,0.03403017056834727,0.03403017056834727,0.03403017056834727,0.03403017056834727,0.03403017056834727,0.03403017056834727,0.03403017056834727,0.03403017056834727,0.03403017056834727,0.03403017056834727,0.03403017056834727,0.03403017056834727,0.03403017056834727,0.03403017056834727,0.03403017056834727,0.03403017056834727,0.03403017056834727,0.03403017056834727,0.03403017056834727,0.03403017056834727,0.03403017056834727,0.03403017056834727,0.03403017056834727,0.03403017056834727,0.03403017056834727,0.03403017056834727,0.03403017056834727,0.03403017056834727,0.03403017056834727,0.03403017056834727,0.03403017056834727,0.03403017056834727,0.03403017056834727,0.03403017056834727,0.03403017056834727,0.03403017056834727,0.03403017056834727,0.03403017056834727,0.03403017056834727,0.03403017056834727,0.03403017056834727,0.03403017056834727,0.03403017056834727,0.03403017056834727,0.03403017056834727,0.03403017056834727,0.03403017056834727,0.03403017056834727,0.03403017056834727,0.03403017056834727,0.03403017056834727,0.03403017056834727,0.03403017056834727,0.03403017056834727,0.03403017056834727,0.03403017056834727,0.03403017056834727,0.03403017056834727,0.03403017056834727,0.03403017056834727,0.03403017056834727,0.03403017056834727,0.03403017056834727,0.03403017056834727,0.03403017056834727,0.03403017056834727,0.03403017056834727,0.03403017056834727,0.03403017056834727,0.03403017056834727,0.03403017056834727,0.03403017056834727,0.03403017056834727,0.03403017056834727,0.03403017056834727,0.03403017056834727,0.03403017056834727,0.03403017056834727,0.03403017056834727,0.03403017056834727,0.03403017056834727,0.03403017056834727,0.03403017056834727,0.03403017056834727,0.03403017056834727,0.03403017056834727,0.03403017056834727,0.03403017056834727,0.03403017056834727,0.03403017056834727,0.03403017056834727,0.03403017056834727,0.03403017056834727,0.03403017056834727,0.03403017056834727,0.03403017056834727,0.03403017056834727,0.03403017056834727,0.03403017056834727,0.03403017056834727,0.03403017056834727,0.03403017056834727,0.03403017056834727,0.03403017056834727,0.03403017056834727,0.03403017056834727,0.03403017056834727,0.03403017056834727,0.03403017056834727,0.03403017056834727,0.03403017056834727,0.03403017056834727,0.03403017056834727,0.03403017056834727,0.03403017056834727,0.03403017056834727,0.03403017056834727,0.03403017056834727,0.03403017056834727,0.03403017056834727,0.03403017056834727,0.03403017056834727,0.03403017056834727,0.03403017056834727,0.03403017056834727,0.03403017056834727,0.03403017056834727,0.03403017056834727,0.03403017056834727,0.03403017056834727,0.03403017056834727,0.03403017056834727,0.03403017056834727,0.03403017056834727,0.03403017056834727,0.03403017056834727,0.03403017056834727,0.03403017056834727,0.03403017056834727,0.03403017056834727,0.03403017056834727,0.03403017056834727,0.03403017056834727,0.03403017056834727,0.03403017056834727,0.03403017056834727,0.03403017056834727,0.03403017056834727,0.03403017056834727,0.03403017056834727,0.03403017056834727,0.03403017056834727,0.03403017056834727,0.03403017056834727,0.03403017056834727,0.03403017056834727,0.03403017056834727,0.03403017056834727,0.03403017056834727,0.03403017056834727,0.03403017056834727,0.03403017056834727,0.03403017056834727,0.03403017056834727,0.03403017056834727,0.03403017056834727,0.03403017056834727,0.03403017056834727,0.03403017056834727,0.03403017056834727,0.03403017056834727,0.03403017056834727,0.03403017056834727,0.03403017056834727,0.03403017056834727,0.03403017056834727,0.03403017056834727,0.03403017056834727,0.03403017056834727,0.03403017056834727,0.03403017056834727,0.03403017056834727,0.03403017056834727,0.03403017056834727,0.03403017056834727,0.03403017056834727,0.03403017056834727,0.03403017056834727,0.03403017056834727,0.03403017056834727,0.03403017056834727,0.03403017056834727,0.03403017056834727,0.03403017056834727,0.03403017056834727,0.03403017056834727,0.03403017056834727,0.03403017056834727,0.03403017056834727,0.03403017056834727,0.03403017056834727,0.03403017056834727,0.03403017056834727,0.03403017056834727,0.03403017056834727,0.03403017056834727,0.03403017056834727,0.03403017056834727,0.03403017056834727,0.03403017056834727,0.03403017056834727,0.03403017056834727,0.03403017056834727,0.03403017056834727,0.03403017056834727,0.03403017056834727,0.03403017056834727,0.03403017056834727,0.03403017056834727,0.03403017056834727,0.03403017056834727,0.03403017056834727,0.03403017056834727,0.03403017056834727,0.03403017056834727,0.03403017056834727,0.03403017056834727,0.03403017056834727,0.03403017056834727,0.03403017056834727,0.03403017056834727,0.03403017056834727,0.03403017056834727,0.03403017056834727,0.03403017056834727,0.03403017056834727,0.03403017056834727,0.03403017056834727,0.03403017056834727,0.03403017056834727,0.03403017056834727,0.03403017056834727,0.03403017056834727,0.03403017056834727,0.03403017056834727,0.03403017056834727,0.03403017056834727,0.03403017056834727,0.03403017056834727,0.03403017056834727,0.03403017056834727,0.03403017056834727,0.03403017056834727,0.03403017056834727,0.03403017056834727,0.03403017056834727,0.03403017056834727,0.03403017056834727,0.03403017056834727,0.03403017056834727,0.03403017056834727,0.03403017056834727,0.03403017056834727,0.03403017056834727,0.03403017056834727,0.03403017056834727,0.03403017056834727,0.03403017056834727,0.03403017056834727,0.03403017056834727,0.03403017056834727,0.03403017056834727,0.03403017056834727,0.03403017056834727,0.03403017056834727,0.03403017056834727,0.03403017056834727,0.03403017056834727,0.03403017056834727,0.03403017056834727,0.03403017056834727,0.03403017056834727,0.03403017056834727,0.03403017056834727,0.03403017056834727,0.03403017056834727,0.03403017056834727,0.03403017056834727,0.03403017056834727,0.03403017056834727,0.03403017056834727,0.03403017056834727,0.03403017056834727,0.03403017056834727,0.03403017056834727,0.03403017056834727,0.03403017056834727,0.03403017056834727,0.03403017056834727,0.03403017056834727,0.03403017056834727,0.03403017056834727,0.03403017056834727,0.03403017056834727,0.03403017056834727,0.03403017056834727,0.03403017056834727,0.03403017056834727,0.03403017056834727,0.03403017056834727,0.03403017056834727,0.03403017056834727,0.03403017056834727,0.03403017056834727,0.03403017056834727,0.03403017056834727,0.03403017056834727,0.03403017056834727,0.03403017056834727,0.03403017056834727,0.03403017056834727,0.03403017056834727,0.03403017056834727,0.03403017056834727,0.03403017056834727,0.03403017056834727,0.03403017056834727,0.03403017056834727,0.03403017056834727,0.03403017056834727,0.03403017056834727,0.03403017056834727,0.03403017056834727,0.03403017056834727,0.03403017056834727,0.03403017056834727,0.03403017056834727,0.03403017056834727,0.03403017056834727,0.03403017056834727,0.03403017056834727,0.03403017056834727,0.03403017056834727,0.03403017056834727,0.03403017056834727,0.03403017056834727,0.03403017056834727,0.03403017056834727,0.03403017056834727,0.03403017056834727,0.03403017056834727,0.03403017056834727,0.03403017056834727,0.03403017056834727,0.03403017056834727,0.03403017056834727,0.03403017056834727,0.03403017056834727,0.03403017056834727,0.03403017056834727,0.03403017056834727,0.03403017056834727,0.03403017056834727,0.03403017056834727,0.03403017056834727,0.03403017056834727,0.03403017056834727,0.03403017056834727,0.03403017056834727,0.03403017056834727,0.03403017056834727,0.03403017056834727,0.03403017056834727,0.03403017056834727,0.03403017056834727,0.03403017056834727,0.03403017056834727,0.03403017056834727,0.03403017056834727,0.03403017056834727,0.03403017056834727,0.03403017056834727,0.03403017056834727,0.03403017056834727,0.03403017056834727,0.03403017056834727,0.03403017056834727,0.03403017056834727,0.03403017056834727,0.03403017056834727,0.03403017056834727,0.03403017056834727,0.03403017056834727,0.03403017056834727,0.03403017056834727,0.03403017056834727,0.03403017056834727,0.03403017056834727,0.03403017056834727,0.03403017056834727,0.03403017056834727,0.03403017056834727,0.03403017056834727,0.03403017056834727,0.03403017056834727,0.03403017056834727,0.03403017056834727,0.03403017056834727,0.03403017056834727,0.03403017056834727,0.03403017056834727,0.03403017056834727,0.03403017056834727,0.03403017056834727,0.03403017056834727,0.03403017056834727,0.03403017056834727,0.03403017056834727,0.03403017056834727,0.03403017056834727,0.03403017056834727,0.03403017056834727,0.03403017056834727,0.03403017056834727,0.03403017056834727,0.03403017056834727,0.03403017056834727,0.03403017056834727,0.03403017056834727,0.03403017056834727,0.03403017056834727,0.03403017056834727,0.03403017056834727,0.03403017056834727,0.03403017056834727,0.03403017056834727,0.03403017056834727,0.03403017056834727,0.03403017056834727,0.03403017056834727,0.03403017056834727,0.03403017056834727,0.03403017056834727,0.03403017056834727,0.03403017056834727,0.03403017056834727,0.03403017056834727,0.03403017056834727,0.03403017056834727,0.03403017056834727,0.03403017056834727,0.03403017056834727,0.03403017056834727,0.03403017056834727,0.03403017056834727,0.03403017056834727,0.03403017056834727,0.03403017056834727,0.03403017056834727,0.03403017056834727,0.03403017056834727,0.03403017056834727,0.03403017056834727,0.03403017056834727,0.03403017056834727,0.03403017056834727,0.03403017056834727,0.03403017056834727,0.03403017056834727,0.03403017056834727,0.03403017056834727,0.03403017056834727,0.03403017056834727,0.03403017056834727,0.03403017056834727,0.03403017056834727,0.03403017056834727,0.03403017056834727,0.03403017056834727,0.03403017056834727,0.03403017056834727,0.03403017056834727,0.03403017056834727,0.03403017056834727,0.03403017056834727,0.03403017056834727,0.03403017056834727,0.03403017056834727,0.03403017056834727,0.03403017056834727,0.03403017056834727,0.03403017056834727,0.03403017056834727,0.03403017056834727,0.03403017056834727,0.03403017056834727,0.03403017056834727,0.03403017056834727,0.03403017056834727,0.03403017056834727,0.03403017056834727,0.03403017056834727,0.03403017056834727,0.03403017056834727,0.03403017056834727,0.03403017056834727,0.03403017056834727,0.03403017056834727,0.03403017056834727,0.03403017056834727,0.03403017056834727,0.03403017056834727,0.03403017056834727,0.03403017056834727,0.03403017056834727,0.03403017056834727,0.03403017056834727,0.03403017056834727,0.03403017056834727,0.03403017056834727,0.03403017056834727,0.03403017056834727,0.03403017056834727,0.03403017056834727,0.03403017056834727,0.03403017056834727,0.03403017056834727,0.03403017056834727,0.03403017056834727,0.03403017056834727,0.03403017056834727,0.03403017056834727,0.03403017056834727,0.03403017056834727,0.03403017056834727,0.03403017056834727,0.03403017056834727,0.03403017056834727,0.03403017056834727,0.03403017056834727,0.03403017056834727,0.03403017056834727,0.03403017056834727,0.03403017056834727,0.03403017056834727,0.03403017056834727,0.03403017056834727,0.03403017056834727,0.03403017056834727,0.03403017056834727,0.03403017056834727,0.03403017056834727,0.03403017056834727,0.03403017056834727,0.03403017056834727,0.03403017056834727,0.03403017056834727,0.03403017056834727,0.03403017056834727,0.03403017056834727,0.03403017056834727,0.03403017056834727,0.03403017056834727,0.03403017056834727,0.03403017056834727,0.03403017056834727,0.03403017056834727,0.03403017056834727,0.03403017056834727,0.03403017056834727,0.03403017056834727,0.03403017056834727,0.03403017056834727,0.03403017056834727,0.03403017056834727,0.03403017056834727,0.03403017056834727,0.03403017056834727,0.03403017056834727,0.03403017056834727,0.03403017056834727,0.03403017056834727,0.03403017056834727,0.03403017056834727,0.03403017056834727,0.03403017056834727,0.03403017056834727,0.03403017056834727,0.03403017056834727,0.03403017056834727,0.03403017056834727,0.03403017056834727,0.03403017056834727,0.03403017056834727,0.03403017056834727,0.03403017056834727,0.03403017056834727,0.03403017056834727,0.03403017056834727,0.03403017056834727,0.03403017056834727,0.03403017056834727,0.03403017056834727,0.03403017056834727,0.03403017056834727,0.03403017056834727,0.03403017056834727,0.03403017056834727,0.03403017056834727,0.03403017056834727,0.03403017056834727,0.03403017056834727,0.03403017056834727,0.03403017056834727,0.03403017056834727,0.03403017056834727,0.03403017056834727,0.03403017056834727,0.03403017056834727,0.03403017056834727,0.03403017056834727,0.03403017056834727,0.03403017056834727,0.03403017056834727,0.03403017056834727,0.03403017056834727,0.03403017056834727,0.03403017056834727,0.03403017056834727,0.03403017056834727,0.03403017056834727,0.03403017056834727,0.03403017056834727,0.03403017056834727,0.03403017056834727,0.03403017056834727,0.03403017056834727,0.03403017056834727,0.03403017056834727,0.03403017056834727,0.03403017056834727,0.03403017056834727,0.03403017056834727,0.03403017056834727,0.03403017056834727,0.03403017056834727,0.03403017056834727,0.03403017056834727,0.03403017056834727,0.03403017056834727,0.03403017056834727,0.03403017056834727,0.03403017056834727,0.03403017056834727,0.03403017056834727,0.03403017056834727,0.03403017056834727,0.03403017056834727,0.03403017056834727,0.03403017056834727,0.03403017056834727,0.03403017056834727,0.03403017056834727,0.03403017056834727,0.03403017056834727,0.03403017056834727,0.03403017056834727,0.03403017056834727,0.03403017056834727,0.03403017056834727,0.03403017056834727,0.03403017056834727,0.03403017056834727,0.03403017056834727,0.03403017056834727,0.03403017056834727,0.03403017056834727,0.03403017056834727,0.03403017056834727,0.03403017056834727,0.03403017056834727,0.03403017056834727,0.03403017056834727,0.03403017056834727,0.03403017056834727,0.03403017056834727,0.03403017056834727,0.03403017056834727,0.03403017056834727,0.03403017056834727,0.03403017056834727,0.03403017056834727,0.03403017056834727,0.03403017056834727,0.03403017056834727,0.03403017056834727,0.03403017056834727,0.03403017056834727,0.03403017056834727,0.03403017056834727,0.03403017056834727,0.03403017056834727,0.03403017056834727,0.03403017056834727,0.03403017056834727,0.03403017056834727,0.03403017056834727,0.03403017056834727,0.03403017056834727,0.03403017056834727,0.03403017056834727,0.03403017056834727,0.03403017056834727,0.03403017056834727,0.03403017056834727,0.03403017056834727,0.03403017056834727,0.03403017056834727,0.03403017056834727,0.03403017056834727,0.03403017056834727,0.03403017056834727,0.03403017056834727,0.03403017056834727,0.03403017056834727,0.03403017056834727,0.03403017056834727,0.03403017056834727,0.03403017056834727,0.03403017056834727,0.03403017056834727,0.03403017056834727,0.03403017056834727,0.03403017056834727,0.03403017056834727,0.03403017056834727,0.03403017056834727,0.03403017056834727,0.03403017056834727,0.03403017056834727,0.03403017056834727,0.03403017056834727,0.03403017056834727,0.03403017056834727,0.03403017056834727,0.03403017056834727,0.03403017056834727,0.03403017056834727,0.03403017056834727,0.03403017056834727,0.03403017056834727,0.03403017056834727,0.03403017056834727,0.03403017056834727,0.03403017056834727,0.03403017056834727,0.03403017056834727,0.03403017056834727,0.03403017056834727,0.03403017056834727,0.03403017056834727,0.03403017056834727,0.03403017056834727,0.03403017056834727,0.03403017056834727,0.03403017056834727,0.03403017056834727,0.03403017056834727,0.03403017056834727,0.03403017056834727,0.03403017056834727,0.03403017056834727,0.03403017056834727,0.03403017056834727,0.03403017056834727,0.03403017056834727,0.03403017056834727,0.03403017056834727,0.03403017056834727,0.03403017056834727,0.03403017056834727,0.03403017056834727,0.03403017056834727,0.03403017056834727,0.03403017056834727,0.03403017056834727,0.03403017056834727,0.03403017056834727,0.03403017056834727,0.03403017056834727,0.03403017056834727,0.03403017056834727,0.03403017056834727,0.03403017056834727,0.03403017056834727,0.03403017056834727,0.03403017056834727,0.03403017056834727,0.03403017056834727,0.03403017056834727,0.03403017056834727,0.03403017056834727,0.03403017056834727,0.03403017056834727,0.03403017056834727,0.03403017056834727,0.03403017056834727,0.03403017056834727,0.03403017056834727,0.03403017056834727,0.03403017056834727,0.03403017056834727,0.03403017056834727,0.03403017056834727,0.03403017056834727,0.03403017056834727,0.03403017056834727,0.03403017056834727,0.03403017056834727,0.03403017056834727,0.03403017056834727,0.03403017056834727,0.0340256438027444,0.034021083369806054,0.034016490203972564,0.034011864970609616,0.03400720812069573,0.03400251993436193,0.033997800555474855,0.03399305001904996,0.03398826827294056,0.033983455194968135,0.03397861060642811,0.03397373428271947,0.03396882596169414,0.03396388535020135,0.0339589121292039,0.033953905957766296,0.03394886647615123,0.03394379330821259,0.03393868606323302,0.03393354433732359,0.033928367714477416,0.033923155767350596,0.03391790805782734,0.03391262413741457,0.033907303547501544,0.033901945819511774,0.033896550474969755,0.033891117025498727,0.03388564497276336,0.03388013380836766,0.03387458301371537,0.033868992059840425,0.03386336040721107,0.03385768750551203,0.033851972793406994,0.033846215698284304,0.033840415635986144,0.033834572010523624,0.03382868421377786,0.033822751625187636,0.03381677361142387,0.03381074952605125,0.03380467870917689,0.03379856048708555,0.03379239417186185,0.03378617906099842,0.0337799144369902,0.033773599566914086,0.033767233701993526,0.03376081607714761,0.03375434591052383,0.03374782240301417,0.033741244737753646,0.03373461207960055,0.03372792357459775,0.033721178349414155,0.0337143755107656,0.033707514144814016,0.03370059331654426,0.03369361206911719,0.0336865694231984,0.03367946437626096,0.03367229590186181,0.03366506294888919,0.03365776444078142,0.03365039927471452,0.03364296632075777,0.03363546442099494,0.03362789238861108,0.03362024900694125,0.03361253302848081,0.03360474317385469,0.033596878130743975,0.03358893655276734,0.03358091705831525,0.03357281822933456,0.03356463861006099,0.03355637670569663,0.03354803098102957,0.033539599858993255,0.03353108171916152,0.033522474896176324,0.03351377767810468,0.033504988304720665,0.033496104965708415,0.03348712579878245,0.03347804888771944,0.03346887226029763,0.033459593886138055,0.03345021167444246,0.0334407234716212,0.03343112705880545,0.033421420149236776,0.033411600385526374,0.03340166533677688,0.03339161249555789,0.03338143927472663,0.033371143004083566,0.03336072092685453,0.033350170195985705,0.03333948787024226,0.033328670910096156,0.03331771617339079,0.03330662041076711,0.03329538026083581,0.03328399224507876,0.03327245276246083,0.0332607580837333,0.033248904345406935,0.03323688754337185,0.03322470352613987,0.03321234798768114,0.033199816459827544,0.03318710430421053,0.03317420670369826,0.03316111865329645,0.033147834950471654,0.03313435018485236,0.03312065872726029,0.033106754718020555,0.033092632054491984,0.03307828437775655,0.033063705058397896,0.03304888718129634,0.0330338235293569,0.033018506566080505,0.03300292841688008,0.032987080849032506,0.03297095525014586,0.032954542605011475,0.03293783347069308,0.032920817949692004,0.03290348566101143,0.032885825708917675,0.032867826649182606,0.032849476452558826,0.03283076246521708,0.032811671365839554,0.03279218911903017,0.03277230092466,0.03275199116272147,0.03273124333320996,0.032710039990494745,0.03268836267156766,0.03266619181748316,0.03264350668720988,0.0326202852630093,0.03259650414633735,0.03257213844312291,0.032547161637116045,0.03252154544980783,0.03249525968520354,0.03246827205747279,0.03244054799919473,0.03241205044755956,0.03238273960546625,0.032352572673954624,0.03232150355181386,0.032289482497502735,0.03225645574766163,0.03222236508548132,0.03218714735094798,0.032150733883505735,0.032113049885843466,0.032074013695298324,0.032033535946634294,0.03199151860658644,0.031947853856381374,0.03190242279323241,0.03185509391528174,0.03180572134621895,0.03175414274535952,0.03170017683562908,0.031643620464766514,0.0315842450928697,0.03153956440476969,0.03153956440476952,0.03153956440476926,0.031539564404768156,0.03147465570434217,0.03140614320212638,0.03133365521142853,0.03125676625931813,0.03117498542555768,0.031087742222272487,0.03099436904988088,0.03089407902779808,0.030785937618681827,0.030668825889064204,0.030541392445881776,0.030401989867729972,0.030248589754008987,0.03007866804190106,0.02988904875293884,0.02967572355285455,0.029433424692154625,0.02915541103409328,0.028832797236719776,0.02845387434131668,0.02800327861105075,0.027461246887101522,0.026803551338627912,0.026003334754950633,0.025036493989050758,0.024945186478801507,0.023784758877355254,0.022457887257593907,0.02100210920428568,0.019471637587824428,0.01792301197990721,0.01640311169481023,0.015928470581868217,0.01449435869091977,0.013140577950166139,0.011872275954263654,0.010690611221327934,0.009596006608451715,0.008588910899261672,0.007669046892613035,0.006834606546071304,0.006082058750959536,0.005406476250176941,0.004802064463217498,0.00426266138122407,0.0037821134538126313,0.0033545187744622655,0.002974363909837987,0.002636586720328326,0.002336592175498241,0.0020702405099456435,0.001833820469080599,0.0016240155967045986,0.0014378683052162077,0.0012727444223985865,0.001126299647126628,0.0009964485894902752,0.0008813366299474018,0.0007793145846008567,0.0006889160328121865,0.0006088371013027151,0.0005379184767188154,0.0004751294186984522,0.00041955355724889034,0.0003703762755238608,0.00032687349835125456,0.0002884017260793599,0.0002543891714535779,0.00022432787385646887,0.0001977666801133917,0.00017430499426957278,0.00015358721034568472,0.0001352977522371358,0.00011915665378801225,0.00010491561985677109,9.235451592784547e-05,8.127823978159274e-05,7.151393392265658e-05,6.290850203437428e-05,5.532639676138021e-05,4.8647649654306245e-05,4.2766117272534914e-05,3.758792021631939e-05,3.3030054340109805e-05,2.901915560005569e-05,2.549040195959141e-05,2.2386537522750427e-05,1.965700564151496e-05,1.725717914227004e-05,1.5147677072478605e-05,1.329375849512539e-05,1.1664784864204531e-05,1.0233743420615122e-05,8.97682485458739e-06,7.873049207424613e-06,6.9039346352064216e-06,6.053204238402966e-06,5.306526683253099e-06,4.651286806500094e-06,4.0763828128014824e-06,3.572047046851746e-06,3.129687655928099e-06,2.74174875590521e-06,2.401586980382058e-06,2.1033625285923823e-06,1.8419430407710341e-06,1.6128188160513625e-06,1.4120280581435568e-06,1.2360909813770138e-06,1.081951743869907e-06,9.46927292233097e-07,8.286623073294609e-07,7.250895338854172e-07,6.343948595241129e-07,5.549865822528568e-07,4.854683705624646e-07,4.246154780601457e-07,3.713538256953562e-07,3.247416099634944e-07,2.839531355301093e-07,2.482646062638354e-07,2.170416399848875e-07,1.8972830003132203e-07,1.6583746122927653e-07,1.4494234953187144e-07,1.2666911372306475e-07,1.1069030445047271e-07,9.671915077214553e-08,8.450453754563622e-08,7.382659856854902e-08,6.449285062137164e-08,5.633480255177368e-08,4.920498150421776e-08,4.297432536201699e-08,3.752989665254524e-08,3.277287857065412e-08,2.861681855645746e-08,2.498608906206917e-08,2.1814538832222608e-08,1.9044311276797144e-08,1.6624809368996047e-08,1.451178901550599e-08,1.2666565052010864e-08,1.1055315959409735e-08,9.648475098071543e-09,8.420197759272894e-09,7.34789464242453e-09,6.411823527682636e-09,5.594731923308864e-09,4.881544357174161e-09,4.25908876616805e-09,3.715857119314733e-09,3.241796012970452e-09,2.8281235042565422e-09,2.467168910691492e-09,2.152232710613324e-09,1.877464033753449e-09,1.6377535437142725e-09,1.4286397873113973e-09,1.2462273251269746e-09,1.0871151678203506e-09,9.483342262103518e-10,8.272926448701322e-10,7.21728029547415e-10,6.29665702650412e-10,5.493822292225296e-10,4.793735505680889e-10,4.183271457254585e-10,3.6509771362522175e-10,3.186859323356044e-10,2.7821990748599195e-10,2.429389706237166e-10,2.1217953092705027e-10,1.8536272094000093e-10,1.6198360964235848e-10,1.416017846893233e-10,1.238331306245564e-10,1.0834265169234528e-10,9.483820696301567e-11,8.306504218218698e-11,7.280101734375329e-11,6.38524417460764e-11,5.605043944152278e-11,4.9247777748564424e-11,4.331610000024387e-11,3.8143511162031694e-11,3.36324714534298e-11,2.96979587951915e-11,2.6265865870954753e-11,2.3271601931751536e-11,2.0658873268596678e-11,1.8378619576141526e-11,1.6388086343909223e-11,1.46500159172764e-11,1.3131942093256278e-11,1.1805575026098005e-11,1.0646264918735724e-11,9.63253443034406e-12,8.745671015841673e-12,7.96937153857613e-12,7.289432467028226e-12,6.693479823688474e-12,6.170733797075135e-12,5.71180357841126e-12,5.308508550425597e-12,4.953722451752961e-12,4.641237570913089e-12,4.365646401400305e-12,4.122238517837058e-12,3.906910718987029e-12,3.716088735903434e-12,3.5466590180345003e-12,3.395909304066125e-12,3.261476847649611e-12,3.141303314371071e-12,3.0335954917431794e-12,2.9367910645843952e-12,2.8495288040547784e-12,2.7706226016986207e-12,2.699038854151257e-12,2.6338767664184134e-12,2.574351197403738e-12,2.519777721221833e-12,2.4695596173438554e-12,2.423176541172536e-12,2.3801746588984566e-12,2.3401580570959532e-12,2.302781262645657e-12,2.2677427297157984e-12,2.234779168969013e-12,2.2036606100952182e-12,2.1741861029581815e-12,2.1461799747802854e-12,2.119488571673863e-12,2.093977421712939e-12,2.069528764999799e-12,2.046039403562743e-12,2.0234188291000738e-12,2.001587593402939e-12,1.9804758893559127e-12,1.960022315776879e-12,1.940172801773635e-12,1.9208796704330506e-12,1.902100823691869e-12,1.883799032246628e-12,1.8659413176710558e-12,1.848498414057483e-12,1.8314442993824957e-12,1.8147557872760722e-12,1.7984121715119808e-12,1.7823949163416988e-12,1.7666873866528294e-12,1.7512746129194512e-12,1.7361430864834527e-12,1.7212805808874978e-12,1.706675996292785e-12,1.6923192239210731e-12,1.6782010275900976e-12,1.6643129405527156e-12,1.6506471754287217e-12,1.6371965455617446e-12,1.6239543963778424e-12,1.610914545441041e-12,1.5980712300115654e-12,1.585419061189678e-12,1.572952983831772e-12,1.5606682414594998e-12,1.5485603454498196e-12,1.5366250481226945e-12,1.5248583190422798e-12,1.5132563241831594e-12,1.5018154078089898e-12,1.4905320761484832e-12,1.4794029834622544e-12,1.468424919332527e-12,1.4575947976814424e-12,1.4469096469671144e-12,1.436366601632298e-12,1.4259628941700286e-12,1.415695848384813e-12,1.40556287328729e-12,1.3955614576061606e-12,1.3856891648965036e-12,1.3759436290699267e-12,1.366322550527344e-12,1.3568236925672137e-12,1.3474448780885785e-12,1.338183986714827e-12,1.3290389520506897e-12,1.320007759310284e-12,1.3110884430226574e-12,1.3022790850212657e-12,1.293577812492479e-12,1.2849827962566568e-12,1.2764922491206263e-12,1.268104424417443e-12,1.2598176144850164e-12,1.2516301494669064e-12,1.2435403960125734e-12,1.235546756076247e-12,1.227647665905388e-12,1.219841594948461e-12,1.2121270448646805e-12,1.2045025486168349e-12,1.196966669541891e-12,1.1895180005639494e-12,1.182155163330948e-12,1.1748768074432415e-12,1.1676816097646551e-12,1.1605682735940133e-12,1.1535355281583375e-12,1.1465821277618298e-12,1.1397068513298209e-12,1.1329085016336403e-12,1.1261859048113137e-12,1.119537909776678e-12,1.1129633876259411e-12,1.1064612311383674e-12,1.1000303542821463e-12,1.0936696916587391e-12,1.0873781980569191e-12,1.0811548479725317e-12,1.0749986351591812e-12,1.0689085721640134e-12,1.0628836899291337e-12,1.0569230373551942e-12,1.0510256808887793e-12,1.0451907041399743e-12,1.0394172075166632e-12,1.0337043078059071e-12,1.0280511378211229e-12,1.022456846123487e-12,1.0169205965695976e-12,1.0114415680323001e-12,1.0060189540753371e-12,1.0006519626152825e-12,9.953398156444622e-13,9.900817488912167e-13,9.848770115506657e-13,9.797248659891455e-13,9.746245874772658e-13,9.695754638936077e-13,9.645767954822205e-13,9.596278945848417e-13,9.54728085387357e-13,9.498767036766022e-13,9.450730965965778e-13,9.40316622419748e-13,9.356066503129996e-13,9.309425601164449e-13,9.2632374212419e-13,9.217495968756935e-13,9.172195349455961e-13,9.127329767379592e-13,9.082893522989114e-13,9.038881011087892e-13,8.995286718928266e-13,8.952105224688754e-13,8.90933119538373e-13,8.866959384927103e-13,8.824984632995007e-13,8.783401862683195e-13,8.742206079473213e-13,8.701392369104692e-13,8.66095589641492e-13,8.620891903597673e-13,8.581195708752372e-13,8.541862704341846e-13,8.502888356003409e-13,8.464268201013524e-13,8.425997846799244e-13,8.388072969814133e-13,8.350489314074525e-13,8.313242689946748e-13,8.276328973027171e-13,8.23974410264729e-13,8.203484080875038e-13,8.167544971330112e-13,8.131922897964133e-13,8.096614044056696e-13,8.061614651000297e-13,8.026921017311629e-13,7.992529497607627e-13,7.958436501489249e-13,7.924638492483732e-13,7.89113198748058e-13,7.857913555127978e-13,7.824979815401881e-13,7.792327438429912e-13,7.759953143736341e-13,7.72785369922219e-13,7.69602592045932e-13,7.664466669644718e-13,7.633172854884243e-13,7.602141429659663e-13,7.571369391455006e-13,7.540853781361132e-13,7.510591683282661e-13,7.480580223031551e-13,7.450816567885268e-13,7.421297925670796e-13,7.392021543868514e-13,7.362984709477501e-13,7.334184747776087e-13,7.305619021937939e-13,7.277284932394195e-13,7.249179916112467e-13,7.221301445963771e-13,7.193647030217391e-13,7.166214212082751e-13,7.139000568632865e-13,7.112003710612247e-13,7.085221281853673e-13,7.058650958679506e-13,7.032290449123393e-13,7.006137492916105e-13,6.980189860535661e-13,6.954445352881152e-13,6.928901800685398e-13,6.903557064093453e-13,6.878409032132892e-13,6.85345562229945e-13,6.828694780032533e-13,6.804124478289045e-13,6.779742717066465e-13,6.755547523123824e-13,6.731536949276164e-13,6.707709074275844e-13,6.684062002065126e-13,6.660593861681784e-13,6.637302806717043e-13,6.614187014950342e-13,6.591244687965156e-13,6.568474050734739e-13,6.545873351298544e-13,6.523440860402731e-13,6.501174871118843e-13,6.479073698518556e-13,6.457135679326947e-13,6.435359171570125e-13,6.413742554277622e-13,6.392284227076988e-13,6.370982610003031e-13,6.349836143094813e-13,6.328843286107071e-13,6.308002518218494e-13,6.287312337714789e-13,6.266771261745698e-13,6.246377826008605e-13,6.22613058443801e-13,6.206028108904474e-13,6.186068989174013e-13,6.166251832304314e-13,6.146575262612261e-13,6.127037921349422e-13,6.10763846645692e-13,6.088375572276807e-13,6.069247929319409e-13,6.050254244237004e-13,6.031393239065376e-13,6.012663651803569e-13,5.994064235300751e-13,5.975593757599298e-13,5.957251001534134e-13,5.939034764548984e-13,5.920943858487943e-13,5.902977109388674e-13,5.885133357264228e-13,5.86741145587013e-13,5.849810272589394e-13,5.83232868813192e-13,5.814965596507904e-13,5.797719904575358e-13,5.780590532179179e-13,5.763576411740762e-13,5.746676488092071e-13,5.729889718368963e-13,5.713215071855964e-13,5.696651529804761e-13,5.680198085076257e-13,5.663853742310107e-13,5.647617517537146e-13,5.631488438072869e-13,5.615465542381566e-13,5.599547879856082e-13,5.583734510786951e-13,5.5680245060716e-13,5.552416947217462e-13,5.536910925948832e-13,5.521505544524535e-13,5.506199915031777e-13,5.490993159639397e-13,5.475884410358886e-13,5.460872808762866e-13,5.445957506272027e-13,5.431137663433825e-13,5.416412450259324e-13,5.401781045920658e-13,5.387242638692065e-13,5.372796425669535e-13,5.358441612977594e-13,5.344177415256352e-13,5.330003055800126e-13,5.315917766310697e-13,5.301920787012498e-13,5.288011366279144e-13,5.274188760603673e-13,5.260452234542049e-13,5.2468010605961e-13,5.233234519111237e-13,5.21975189809726e-13,5.20635249323788e-13,5.19303560769453e-13,5.179800552167762e-13,5.166646644536135e-13,5.153573210138452e-13,5.140579581237674e-13,5.127665097237855e-13,5.114829104491222e-13,5.102070956275285e-13,5.089390012556252e-13,5.076785640147053e-13,5.0642572123451e-13,5.051804109047887e-13,5.039425716573099e-13,5.027121427620456e-13,5.014890641145009e-13,5.002732762380062e-13,4.990647202596192e-13,4.978633379264955e-13,4.966690715700669e-13,4.954818641169435e-13,4.943016590760289e-13,4.93128400534647e-13,4.919620331472545e-13,4.908025021338442e-13,4.896497532570993e-13,4.885037328427895e-13,4.873643877468918e-13,4.862316653743319e-13,4.851055136449817e-13,4.839858810052307e-13,4.828727164141266e-13,4.817659693433337e-13,4.8066558976679e-13,4.795715281559889e-13,4.784837354734747e-13,4.774021631628746e-13,4.763267631554307e-13,4.752574878478502e-13,4.741942901081378e-13,4.731371232656284e-13,4.720859411082334e-13,4.710406978773132e-13,4.700013482519235e-13,4.689678473600926e-13,4.679401507615489e-13,4.669182144481667e-13,4.659019948363585e-13,4.648914487642497e-13,4.638865334804266e-13,4.628872066519081e-13,4.618934263483062e-13,4.609051510385346e-13,4.599223395895575e-13,4.589449512601189e-13,4.579729456952031e-13,4.570062829246144e-13,4.560449233545218e-13,4.550888277680605e-13,4.541379573155775e-13,4.53192273513694e-13,4.5225173824113223e-13,4.513163137347695e-13,4.5038596258227635e-13,4.4946064772539984e-13,4.4854033244092896e-13,4.476249803576056e-13,4.4671455543789875e-13,4.4580902198199043e-13,4.449083446076559e-13,4.4401248827058217e-13,4.431214182478722e-13,4.422351001311056e-13,4.4135349983084766e-13,4.404765835689362e-13,4.396043178753672e-13,4.3873666958435236e-13,4.3787360583294324e-13,4.3701509405742345e-13,4.3616110198915143e-13,4.3531159764644503e-13,4.3446654934121965e-13,4.3362592566964896e-13,4.3278969551097437e-13,4.3195782802279156e-13,4.3113029263820763e-13,4.303070590654691e-13,4.2948809728005383e-13,4.286733775224366e-13,4.278628703124395e-13,4.270565464149392e-13,4.2625437685955783e-13,4.2545633293235394e-13,4.2466238617205114e-13,4.238725083676141e-13,4.23086671553177e-13,4.2230484801276734e-13,4.2152701027098843e-13,4.2075313109365053e-13,4.199831834807517e-13,4.192171406697215e-13,4.1845497612893836e-13,4.176966635633765e-13,4.1694217689663056e-13,4.161914902809498e-13,4.154445780923243e-13,4.147014149254661e-13,4.1396197559375045e-13,4.1322623512708993e-13,4.1249416876611586e-13,4.1176575197128216e-13,4.1104096040392153e-13,4.1031976993423737e-13,4.096021566350494e-13,4.0888809679316435e-13,4.08177566884024e-13,4.074705435862324e-13,4.0676700377372985e-13,4.0606692451522026e-13,4.0537028307463853e-13,4.046770569041485e-13,4.039872236439317e-13,4.03300761121484e-13,4.02617647353254e-13,4.0193786053333743e-13,4.0126137903905794e-13,4.0058818142651953e-13,3.999182464308457e-13,3.992515529608036e-13,3.9858808010082416e-13,3.9792780709998836e-13,3.972707133965054e-13,3.9661677858158516e-13,3.959659824148056e-13,3.95318304827608e-13,3.9467372591012637e-13,3.940322259154157e-13,3.93393785258365e-13,3.92758384512695e-13,3.921260044098775e-13,3.914966258345368e-13,3.90870229829421e-13,3.90246797586946e-13,3.8962631045324787e-13,3.8900874992127775e-13,3.88394097637272e-13,3.8778233539001935e-13,3.871734451136536e-13,3.865674088914657e-13,3.8596420894412317e-13,3.8536382763635964e-13,3.847662474698313e-13,3.841714510884055e-13,3.835794212706496e-13,3.829901409335992e-13,3.824035931252603e-13,3.8181976103197115e-13,3.812386279604672e-13,3.806601773692395e-13,3.800843928277944e-13,3.7951125804069404e-13,3.7894075683937197e-13,3.783728731816375e-13,3.778075911477853e-13,3.77244894943446e-13,3.7668476889656914e-13,3.761271974553104e-13,3.7557216518887576e-13,3.7501965678495837e-13,3.7446965704896153e-13,3.739221509029042e-13,3.7337712338581315e-13,3.7283455964727484e-13,3.7229444495744177e-13,3.7175676469074163e-13,3.7122150433959777e-13,3.7068864950236346e-13,3.701581858904446e-13,3.6963009931592847e-13,3.6910437570835924e-13,3.685810010975776e-13,3.6805996162064963e-13,3.675412435178916e-13,3.6702483313418536e-13,3.6651071691532e-13,3.6599888140966567e-13,3.6548931326666733e-13,3.649819992333037e-13,3.644769261588032e-13,3.6397408098970473e-13,3.6347345076379263e-13,3.629750226205631e-13,3.6247878379310943e-13,3.619847216132939e-13,3.6149282349923413e-13,3.6100307696606694e-13,3.605154696203448e-13,3.6002998915915853e-13,3.595466233672703e-13,3.590653601211878e-13,3.5858618738766713e-13,3.581090932239158e-13,3.576340657664084e-13,3.571610932411168e-13,3.566901639623608e-13,3.562212663236932e-13,3.557543888082778e-13,3.552895199790153e-13,3.5482664848136213e-13,3.543657630458912e-13,3.539068524797506e-13,3.534499056751441e-13,3.5299491160074133e-13,3.525418593047395e-13,3.520907379138565e-13,3.5164153663199737e-13,3.5119424902754697e-13,3.5074885959563013e-13,3.503053578451256e-13,3.4986373335883807e-13,3.494239757745764e-13,3.489860747955161e-13,3.4855002019492244e-13,3.481158018118714e-13,3.476834095515346e-13,3.4725283338589124e-13,3.468240633535264e-13,3.4639708956131117e-13,3.459719021811514e-13,3.455484914518814e-13,3.45126847678419e-13,3.447069612304017e-13,3.442888225441123e-13,3.438724221201463e-13,3.434577505243171e-13,3.4304479838671974e-13,3.426335564003786e-13,3.4222401532272216e-13,3.418161659777163e-13,3.41409999245493e-13,3.4100550607158396e-13,3.4060267746218313e-13,3.4020150448544727e-13,3.398019782701256e-13,3.394040900031216e-13,3.390078309374586e-13,3.3861319238029224e-13,3.382201656971627e-13,3.3782874231351253e-13,3.3743891371303053e-13,3.3705067143715276e-13,3.366640070834354e-13,3.362789123061508e-13,3.358953788167412e-13,3.3551339838021617e-13,3.351329628190806e-13,3.34754064008789e-13,3.3437669388085367e-13,3.3400084441923786e-13,3.336265076622851e-13,3.332536757001522e-13,3.328823406768675e-13,3.325124947886595e-13,3.321441302811598e-13,3.3177723945578894e-13,3.31411814660107e-13,3.3104784829550484e-13,3.306853328123864e-13,3.303242607086865e-13,3.2996462453814017e-13,3.296064168956607e-13,3.2924963043127434e-13,3.2889425783546896e-13,3.2854029185277104e-13,3.2818772527300624e-13,3.278365509341073e-13,3.2748676171946644e-13,3.2713835055870084e-13,3.2679131042776203e-13,3.264456343475357e-13,3.261013153854891e-13,3.2575834665242886e-13,3.2541672130413437e-13,3.2507643254026536e-13,3.247374736043348e-13,3.2439983778416115e-13,3.240635184085418e-13,3.237285088503621e-13,3.23394802525997e-13,3.2306239289188913e-13,3.2273127344673516e-13,3.2240143773209155e-13,3.2207287932964246e-13,3.217455918588064e-13,3.2141956898406133e-13,3.210948044085826e-13,3.207712918742676e-13,3.2044902516572194e-13,3.2012799810107455e-13,3.1980820454235585e-13,3.194896383853867e-13,3.1917229357215193e-13,3.1885616407595287e-13,3.1854124391000334e-13,3.182275271221677e-13,3.179150078046627e-13,3.176036800801729e-13,3.172935381102193e-13,3.1698457609077137e-13,3.166767882565531e-13,3.1667677204849247e-13,3.16676750840589e-13,3.1667672759064153e-13,3.1667670376581944e-13,3.1667668009074916e-13,3.166766569187074e-13,3.1667663441618717e-13,3.166766126555347e-13,3.166765916616914e-13,3.1667657143584223e-13,3.166765519673926e-13,3.1667653324003937e-13,3.1667651523484694e-13,3.1667649793180393e-13,3.1667648131061144e-13,3.166764653510808e-13,3.1667645003333e-13,3.166764353378835e-13,3.1667642124571727e-13,3.1667640773827924e-13,3.1667639479749546e-13,3.1667638240577064e-13,3.1667637054598303e-13,3.166763592014785e-13,3.1667634835606354e-13,3.1667633799399714e-13,3.1667632809998286e-13,3.1667631865915914e-13,3.166763096570922e-13,3.1667630107976525e-13,3.16676292913571e-13,3.1667628514530194e-13,3.1667627776214134e-13,3.166762707516546e-13,3.1667626410177915e-13,3.166762578008174e-13,3.166762518374258e-13,3.1667624620060675e-13,3.1667624087970026e-13,3.1667623586437496e-13,3.16676231144619e-13,3.166762267107321e-13,3.166762225533173e-13,3.1667621866327206e-13,3.1667621503178135e-13,3.1667621165030795e-13,3.166762085105864e-13,3.166762056046147e-13,3.166762029246456e-13,3.1667620046318095e-13,3.166761982129643e-13,3.1667619616697227e-13,3.1667619431840944e-13,3.166761926607006e-13,3.166761911874845e-13,3.166761898926072e-13,3.1667618877011603e-13,3.1667618781425335e-13,3.1667618701945056e-13,3.16676186380322e-13,3.166761858916603e-13,3.166761855484294e-13,3.1667618534576015e-13,3.166761852789447e-13,3.1667618534343204e-13,3.166761855348219e-13,3.166761858488611e-13,3.16676186281438e-13,3.1667618682857833e-13,3.166761874864412e-13,3.1667618825131404e-13,3.166761891196087e-13,3.166761900878578e-13,3.166761911527104e-13,3.1667619231092807e-13,3.1667619355938197e-13,3.1667619489504843e-13,3.166761963150057e-13,3.166761978164311e-13,3.1667619939659703e-13,3.1667620105286824e-13,3.16676202782699e-13,3.1667620458362906e-13,3.166762064532823e-13,3.1667620838936326e-13,3.166762103896538e-13,3.166762124520111e-13,3.16676214574366e-13,3.1667621675471885e-13,3.16676218991138e-13,3.1667622128175773e-13,3.166762236247761e-13,3.1667622601845216e-13,3.1667622846110403e-13,3.1667623095110756e-13,3.166762334868936e-13,3.166762360669468e-13,3.1667623868980305e-13,3.166762413540486e-13,3.1667624405831716e-13,3.166762468012899e-13,3.1667624958169236e-13,3.166762523982937e-13,3.1667625524990494e-13,3.1667625813537764e-13,3.1667626105360324e-13,3.166762640035095e-13,3.166762669840621e-13,3.166762699942615e-13,3.1667627303314155e-13,3.1667627609977024e-13,3.166762791932465e-13,3.1667628231270004e-13,3.166762854572902e-13,3.166762886262053e-13,3.1667629181866085e-13,3.166762950338992e-13,3.1667629827118854e-13,3.166763015298218e-13,3.166763048091159e-13,3.1667630810841135e-13,3.166763114270705e-13,3.166763147644778e-13,3.1667631812003826e-13,3.166763214931773e-13,3.1667632488333973e-13,3.166763282899889e-13,3.16676331712607e-13,3.1667633515069283e-13,3.1667633860376274e-13,3.1667634207134946e-13,3.1667634555300113e-13,3.1667634904828153e-13,3.1667635255676876e-13,3.1667635607805527e-13,3.1667635961174737e-13,3.1667636315746454e-13,3.16676366714839e-13,3.1667637028351545e-13,3.166763738631501e-13,3.1667637745341113e-13,3.166763810539778e-13,3.166763846645398e-13,3.166763882847977e-13,3.1667639191446134e-13,3.1667639555325087e-13,3.1667639920089563e-13,3.1667640285713355e-13,3.16676406521712e-13,3.1667641019438603e-13,3.166764138749191e-13,3.166764175630828e-13,3.1667642125865586e-13,3.1667642496142445e-13,3.166764286711816e-13,3.1667643238772754e-13,3.166764361108691e-13,3.1667643984041877e-13,3.166764435761961e-13,3.1667644731802584e-13,3.1667645106573875e-13,3.166764548191714e-13,3.1667645857816506e-13,3.166764623425668e-13,3.16676466112228e-13,3.166764698870057e-13,3.166764736667607e-13,3.1667647745135904e-13,3.166764812406704e-13,3.166764850345693e-13,3.1667648883293356e-13,3.166764926356458e-13,3.166764964425916e-13,3.166765002536607e-13,3.166765040687462e-13,3.166765078877448e-13,3.1667651171055574e-13,3.1667651553708225e-13,3.166765193672304e-13,3.16676523200909e-13,3.1667652703803003e-13,3.1667653087850804e-13,3.166765347222603e-13,3.166765385692065e-13,3.1667654241926935e-13,3.1667654627237327e-13,3.1667655012844554e-13,3.1667655398741536e-13,3.166765578492141e-13,3.1667656171377584e-13,3.16676565581036e-13,3.1667656945093193e-13,3.166765733234035e-13,3.166765771983921e-13,3.166765810758404e-13,3.1667658495569343e-13,3.1667658883789776e-13,3.166765927224013e-13,3.166765966091539e-13,3.166766004981066e-13,3.166766043892119e-13,3.1667660828242394e-13,3.166766121776979e-13,3.1667661607499063e-13,3.166766199742598e-13,3.1667662387546466e-13,3.1667662777856545e-13,3.1667663168352367e-13,3.16676635590302e-13,3.1667663949886387e-13,3.1667664340917417e-13,3.166766473211985e-13,3.1667665123490306e-13,3.166766551502559e-13,3.1667665906722586e-13,3.1667666298578177e-13,3.1667666690589424e-13,3.166766708275341e-13,3.166766747506729e-13,3.166766786752839e-13,3.166766826013399e-13,3.1667668652881527e-13,3.1667669045768457e-13,3.166766943879236e-13,3.1667669831950815e-13,3.1667670225241516e-13,3.16676706186622e-13,3.166767101221063e-13,3.1667671405884695e-13,3.1667671799682307e-13,3.1667672193601416e-13,3.166767258764004e-13,3.166767298179625e-13,3.1667673376068183e-13,3.1667673770453944e-13,3.1667674164951797e-13,3.1667674559559975e-13,3.1667674954276775e-13,3.166767534910052e-13,3.1667675744029595e-13,3.1667676139062495e-13,3.166767653419764e-13,3.1667676929433495e-13,3.166767732476858e-13,3.166767772020154e-13,3.1667678115730895e-13,3.166767851135533e-13,3.166767890707345e-13,3.1667679302884006e-13,3.1667679698785733e-13,3.16676800947773e-13,3.166768049085766e-13,3.1667680887025453e-13,3.166768128327959e-13,3.166768167961896e-13,3.166768207604242e-13,3.16676824725489e-13,3.166768286913733e-13,3.166768326580667e-13,3.1667683662555934e-13,3.166768405938411e-13,3.1667684456290177e-13,3.1667684853273216e-13,3.166768525033232e-13,3.166768564746654e-13,3.166768604467502e-13,3.1667686441956846e-13,3.166768683931118e-13,3.166768723673716e-13,3.166768763423402e-13,3.16676880318009e-13,3.1667688429437043e-13,3.1667688827141634e-13,3.166768922491392e-13,3.1667689622753194e-13,3.166769002065867e-13,3.1667690418629686e-13,3.166769081666554e-13,3.1667691214765474e-13,3.1667691612928877e-13,3.166769201115507e-13,3.1667692409443414e-13,3.166769280779321e-13,3.1667693206203894e-13,3.1667693604674834e-13,3.1667694003205374e-13,3.166769440179498e-13,3.166769480044306e-13,3.1667695199148976e-13,3.166769559791226e-13,3.166769599673228e-13,3.166769639560855e-13,3.1667696794540503e-13,3.1667697193527613e-13,3.166769759256937e-13,3.166769799166528e-13,3.166769839081481e-13,3.16676987900175e-13,3.1667699189272845e-13,3.1667699588580377e-13,3.166769998793963e-13,3.1667700387350163e-13,3.166770078681152e-13,3.166770118632322e-13,3.166770158588486e-13,3.166770198549597e-13,3.1667702385156177e-13,3.1667702784865006e-13,3.1667703184622115e-13,3.1667703584426974e-13,3.166770398427927e-13,3.166770438417868e-13,3.1667704784124746e-13,3.1667705184117064e-13,3.166770558415529e-13,3.1667705984239056e-13,3.1667706384367997e-13,3.1667706784541736e-13,3.1667707184759933e-13,3.166770758502226e-13,3.1667707985328363e-13,3.166770838567788e-13,3.1667708786070477e-13,3.166770918650585e-13,3.166770958698368e-13,3.166770998750362e-13,3.166771038806537e-13,3.166771078866861e-13,3.166771118931306e-13,3.1667711589998386e-13,3.166771199072431e-13,3.1667712391490547e-13,3.1667712792296763e-13,3.166771319314272e-13,3.166771359402813e-13,3.166771399495269e-13,3.166771439591613e-13,3.166771479691821e-13,3.166771519795864e-13,3.1667715599037176e-13,3.1667716000153524e-13,3.166771640130747e-13,3.166771680249877e-13,3.1667717203727114e-13,3.166771760499226e-13,3.1667718006293994e-13,3.166771840763207e-13,3.1667718809006267e-13,3.1667719210416384e-13,3.166771961186211e-13,3.166772001334323e-13,3.166772041485952e-13,3.1667720816410803e-13,3.1667721217996867e-13,3.1667721619617526e-13,3.166772202127243e-13,3.166772242296146e-13,3.166772282468436e-13,3.1667723226440897e-13,3.1667723628231006e-13,3.166772403005438e-13,3.166772443191087e-13,3.166772483380026e-13,3.166772523572235e-13,3.166772563767695e-13,3.166772603966391e-13,3.166772644168299e-13,3.1667726843734033e-13,3.1667727245816694e-13,3.166772764793106e-13,3.1667728050076916e-13,3.1667728452253927e-13,3.166772885446212e-13,3.1667729256701174e-13,3.1667729658970985e-13,3.1667730061271326e-13,3.1667730463601894e-13,3.1667730865962855e-13,3.166773126835391e-13,3.166773167077481e-13,3.1667732073225694e-13,3.166773247570603e-13,3.1667732878215834e-13,3.166773328075505e-13,3.1667733683323285e-13,3.1667734085920435e-13,3.1667734488546523e-13,3.166773489120131e-13,3.1667735293884676e-13,3.1667735696596764e-13,3.166773609933685e-13,3.1667736502105073e-13,3.166773690490132e-13,3.1667737307725453e-13,3.166773771057731e-13,3.1667738113456804e-13,3.1667738516363763e-13,3.1667738919298105e-13,3.1667739322259646e-13,3.166773972524833e-13,3.1667740128264e-13,3.166774053130646e-13,3.166774093437567e-13,3.1667741337471557e-13,3.166774174059388e-13,3.16677421437426e-13,3.1667742546917594e-13,3.1667742950118736e-13,3.1667743353345914e-13,3.166774375659899e-13,3.1667744159877844e-13,3.166774456318249e-13,3.166774496651274e-13,3.1667745369868425e-13,3.1667745773249503e-13,3.166774617665584e-13,3.1667746580087354e-13,3.166774698354395e-13,3.1667747387025523e-13,3.166774779053198e-13,3.1667748194063213e-13,3.16677485976191e-13,3.16677490011996e-13,3.166774940480461e-13,3.1667749808433986e-13,3.1667750212087543e-13,3.1667750615765435e-13,3.1667751019467414e-13,3.1667751423193364e-13,3.1667751826943447e-13,3.1667752230717224e-13,3.16677526345148e-13,3.166775303833603e-13,3.1667753442180847e-13,3.1667753846049186e-13,3.166775424994094e-13,3.1667754653856026e-13,3.1667755057794325e-13,3.1667755461755944e-13,3.166775586574061e-13,3.1667756269748334e-13,3.1667756673779055e-13,3.166775707783244e-13,3.1667757481908916e-13,3.1667757886007885e-13,3.166775829012949e-13,3.166775869427365e-13,3.166775909844018e-13,3.1667759502629273e-13,3.166775990684067e-13,3.16677603110744e-13,3.1667760715330324e-13,3.1667761119608644e-13,3.166776152390882e-13,3.1667761928231406e-13,3.166776233257551e-13,3.166776273694153e-13,3.166776314132934e-13,3.1667763545738594e-13,3.1667763950169824e-13,3.1667764354622667e-13,3.166776475909641e-13,3.1667765163592306e-13,3.1667765568109606e-13,3.166776597264833e-13,3.1667766377208325e-13,3.1667766781789577e-13,3.1667767186392105e-13,3.166776759101569e-13,3.1667767995660435e-13,3.166776840032607e-13,3.1667768805012963e-13,3.166776920972062e-13,3.1667769614449077e-13,3.166777001919835e-13,3.1667770423968334e-13,3.166777082875916e-13,3.1667771233570596e-13,3.1667771638402663e-13,3.166777204325527e-13,3.1667772448128346e-13,3.1667772853021886e-13,3.166777325793581e-13,3.1667773662870066e-13,3.166777406782467e-13,3.166777447279952e-13,3.166777487779415e-13,3.166777528280938e-13,3.166777568784472e-13,3.1667776092900134e-13,3.1667776497975575e-13,3.166777690307101e-13,3.1667777308186474e-13,3.1667777713321817e-13,3.166777811847693e-13,3.1667778523651876e-13,3.166777892884651e-13,3.166777933406086e-13,3.1667779739294725e-13,3.166778014454845e-13,3.166778054982224e-13,3.166778095511516e-13,3.1667781360427574e-13,3.1667781765759877e-13,3.166778217111137e-13,3.166778257648214e-13,3.166778298187274e-13,3.166778338728223e-13,3.1667783792711e-13,3.1667784198159007e-13,3.166778460362631e-13,3.166778500911276e-13,3.1667785414618354e-13,3.1667785820143064e-13,3.1667786225686867e-13,3.1667786631249725e-13,3.166778703683161e-13,3.1667787442432516e-13,3.1667787848052293e-13,3.1667788253691003e-13,3.1667788659348604e-13,3.166778906502523e-13,3.166778947072048e-13,3.166778987643458e-13,3.166779028216744e-13,3.1667790687919033e-13,3.1667791093689317e-13,3.1667791499478226e-13,3.1667791905285597e-13,3.1667792311111725e-13,3.1667792716956523e-13,3.1667793122819794e-13,3.166779352870157e-13,3.1667793934601923e-13,3.166779434052069e-13,3.1667794746458005e-13,3.166779515241394e-13,3.1667795558388096e-13,3.1667795964380533e-13,3.16677963703914e-13,3.1667796776420474e-13,3.1667797182467826e-13,3.16677975885334e-13,3.166779799461725e-13,3.1667798400719227e-13,3.1667798806839457e-13,3.166779921297794e-13,3.1667799619134585e-13,3.166780002530927e-13,3.166780043150201e-13,3.166780083771281e-13,3.1667801243941653e-13,3.166780165018852e-13,3.1667802056453436e-13,3.1667802462736275e-13,3.166780286903707e-13,3.166780327535583e-13,3.1667803681692476e-13,3.1667804088046997e-13,3.166780449441947e-13,3.166780490080971e-13,3.166780530721787e-13,3.166780571364383e-13,3.1667806120087565e-13,3.1667806526549073e-13,3.1667806933028347e-13,3.166780733952532e-13,3.1667807746039826e-13,3.1667808152572223e-13,3.1667808559122917e-13,3.1667808965690644e-13,3.1667809372276e-13,3.166780977887899e-13,3.1667810185499487e-13,3.1667810592137457e-13,3.166781099879401e-13,3.166781140546765e-13,3.1667811812158406e-13,3.1667812218866684e-13,3.166781262559248e-13,3.1667813032335723e-13,3.1667813439096433e-13,3.166781384587462e-13,3.166781425267021e-13,3.1667814659483125e-13,3.1667815066313663e-13,3.166781547316246e-13,3.1667815880027514e-13,3.166781628690998e-13,3.166781669380972e-13,3.166781710072689e-13,3.166781750766138e-13,3.166781791461316e-13,3.1667818321582227e-13,3.1667818728568513e-13,3.166781913557208e-13,3.1667819542592567e-13,3.1667819949630627e-13,3.1667820356685893e-13,3.166782076375877e-13,3.166782117084842e-13,3.1667821577955085e-13,3.166782198507921e-13,3.1667822392220326e-13,3.1667822799378293e-13,3.166782320655364e-13,3.1667823613746037e-13,3.16678240209556e-13,3.1667824428182247e-13,3.166782483542586e-13,3.166782524268678e-13,3.166782564996538e-13,3.166782605726023e-13,3.166782646457209e-13,3.1667826871900964e-13,3.166782727924683e-13,3.1667827686609314e-13,3.166782809398918e-13,3.166782850138603e-13,3.166782890879978e-13,3.1667829316230584e-13,3.1667829723677933e-13,3.1667830131142473e-13,3.1667830538623523e-13,3.166783094612185e-13,3.166783135363712e-13,3.1667831761169306e-13,3.166783216871815e-13,3.1667832576284047e-13,3.16678329838668e-13,3.1667833391466386e-13,3.1667833799082837e-13,3.1667834206716443e-13,3.166783461436694e-13,3.166783502203385e-13,3.1667835429717534e-13,3.1667835837418e-13,3.166783624513526e-13,3.1667836652869273e-13,3.166783706062006e-13,3.1667837468387074e-13,3.1667837876171394e-13,3.166783828397255e-13,3.1667838691790345e-13,3.166783909962482e-13,3.1667839507475606e-13,3.16678399153436e-13,3.1667840323228337e-13,3.166784073112962e-13,3.166784113904743e-13,3.1667841546982045e-13,3.1667841954933073e-13,3.1667842362901353e-13,3.16678427708858e-13,3.1667843178887e-13,3.1667843586904603e-13,3.1667843994939683e-13,3.166784440299082e-13,3.166784481105857e-13,3.166784521914293e-13,3.1667845627243575e-13,3.166784603536055e-13,3.1667846443495275e-13,3.1667846851645996e-13,3.166784725981329e-13,3.1667847667997085e-13,3.166784807619752e-13,3.166784848441515e-13,3.1667848892648605e-13,3.1667849300898305e-13,3.1667849709164954e-13,3.166785011744809e-13,3.16678505257478e-13,3.166785093406373e-13,3.166785134239636e-13,3.1667851750745034e-13,3.166785215911044e-13,3.166785256749264e-13,3.166785297589133e-13,3.1667853384306e-13,3.166785379273765e-13,3.166785420118577e-13,3.166785460965074e-13,3.16678550181318e-13,3.166785542662907e-13,3.1667855835143023e-13,3.1667856243673214e-13,3.1667856652220046e-13,3.1667857060783483e-13,3.1667857469363223e-13,3.1667857877959345e-13,3.166785828657192e-13,3.1667858695200876e-13,3.166785910384629e-13,3.1667859512506566e-13,3.1667859921184725e-13,3.1667860329879307e-13,3.166786073859029e-13,3.1667861147317455e-13,3.166786155606126e-13,3.16678619648214e-13,3.1667862373597925e-13,3.166786278239084e-13,3.1667863191199903e-13,3.166786360002548e-13,3.1667864008867585e-13,3.166786441772713e-13,3.1667864826601567e-13,3.166786523549259e-13,3.166786564439886e-13,3.1667866053322613e-13,3.166786646226288e-13,3.1667866871219184e-13,3.1667867280191824e-13,3.1667867689180817e-13,3.166786809818586e-13,3.166786850720749e-13,3.16678689162448e-13,3.1667869325299135e-13,3.166786973437011e-13,3.166787014345615e-13,3.166787055255929e-13,3.1667870961679203e-13,3.1667871370815795e-13,3.166787177996781e-13,3.166787218913588e-13,3.1667872598320487e-13,3.1667873007521485e-13,3.1667873416738584e-13,3.1667873825972026e-13,3.1667874235221547e-13,3.1667874644486896e-13,3.166787505376909e-13,3.166787546306643e-13,3.166787587238127e-13,3.166787628171229e-13,3.1667876691059424e-13,3.166787710042284e-13,3.166787750980249e-13,3.1667877919198405e-13,3.166787832860966e-13,3.166787873803854e-13,3.1667879147482244e-13,3.1667879556943407e-13,3.1667879966419707e-13,3.1667880375913106e-13,3.16678807854226e-13,3.1667881194947873e-13,3.166788160448984e-13,3.166788201404815e-13,3.166788242362308e-13,3.166788283321343e-13,3.1667883242820256e-13,3.166788365244324e-13,3.166788406208283e-13,3.1667884471738213e-13,3.1667884881409726e-13,3.1667885291097314e-13,3.1667885700801507e-13,3.166788611052166e-13,3.16678865202582e-13,3.1667886930010775e-13,3.1667887339778607e-13,3.166788774956353e-13,3.166788815936477e-13,3.1667888569182e-13,3.1667888979014675e-13,3.166788938886431e-13,3.166788979873013e-13,3.1667890208611365e-13,3.166789061850917e-13,3.1667891028423416e-13,3.1667891438353796e-13,3.166789184830033e-13,3.1667892258263045e-13,3.1667892668241903e-13,3.166789307823625e-13,3.1667893488247375e-13,3.166789389827468e-13,3.1667894308318137e-13,3.166789471837826e-13,3.1667895128453987e-13,3.166789553854591e-13,3.166789594865374e-13,3.1667896358775576e-13,3.166789676891597e-13,3.1667897179072374e-13,3.1667897589244926e-13,3.166789799943363e-13,3.166789840963839e-13,3.1667898819859193e-13,3.1667899230095884e-13,3.166789964034906e-13,3.166790005061837e-13,3.1667900460903603e-13,3.1667900871203075e-13,3.166790128152079e-13,3.1667901691854564e-13,3.166790210220431e-13,3.1667902512570244e-13,3.166790292295224e-13,3.1667903333350435e-13,3.16679037437651e-13,3.1667904154195513e-13,3.1667904564642043e-13,3.166790497510468e-13,3.1667905385583424e-13,3.1667905796078397e-13,3.1667906206589374e-13,3.1667906617116477e-13,3.1667907027659614e-13,3.166790743821875e-13,3.1667907848794083e-13,3.166790825938537e-13,3.166790866999288e-13,3.166790908061646e-13,3.166790949125608e-13,3.1667909901911854e-13,3.166791031258371e-13,3.166791072327166e-13,3.166791113397561e-13,3.166791154469546e-13,3.166791195543231e-13,3.166791236618455e-13,3.166791277695288e-13,3.1667913187737315e-13,3.16679135985378e-13,3.1667914009354456e-13,3.166791442018684e-13,3.1667914831035555e-13,3.166791524190034e-13,3.1667915652781216e-13,3.166791606367816e-13,3.1667916474591016e-13,3.166791688552024e-13,3.166791729646617e-13,3.166791770742727e-13,3.1667918118405143e-13,3.1667918529398484e-13,3.1667918940407885e-13,3.166791935143334e-13,3.1667919762474856e-13,3.166792017353236e-13,3.1667920584606e-13,3.166792099569547e-13,3.166792140680108e-13,3.1667921817922874e-13,3.1667922229060754e-13,3.166792264021448e-13,3.1667923051384564e-13,3.166792346257061e-13,3.166792387377269e-13,3.166792428499038e-13,3.1667924696224053e-13,3.166792510747427e-13,3.1667925518740607e-13,3.1667925930022926e-13,3.1667926341321184e-13,3.166792675263562e-13,3.1667927163966096e-13,3.166792757531279e-13,3.166792798667533e-13,3.1667928398053977e-13,3.1667928809448635e-13,3.1667929220859267e-13,3.166792963228597e-13,3.1667930043728735e-13,3.166793045518744e-13,3.166793086666039e-13,3.1667931278151265e-13,3.1667931689658115e-13,3.1667932101181046e-13,3.1667932512719975e-13,3.1667932924274985e-13,3.166793333584651e-13,3.1667933747433573e-13,3.1667934159036677e-13,3.166793457065679e-13,3.166793498229187e-13,3.166793539394271e-13,3.1667935805609964e-13,3.166793621729317e-13,3.1667936628992473e-13,3.16679370407078e-13,3.166793745243938e-13,3.166793786418669e-13,3.166793827594993e-13,3.166793868772945e-13,3.166793909952496e-13,3.166793951133646e-13,3.1667939923164087e-13,3.166794033500757e-13,3.1667940746867133e-13,3.1667941158742226e-13,3.1667941570633763e-13,3.1667941982541385e-13,3.1667942394465107e-13,3.166794280640493e-13,3.166794321836062e-13,3.166794363033215e-13,3.1667944042319863e-13,3.166794445432397e-13,3.1667944866343704e-13,3.1667945278379457e-13,3.1667945690431275e-13,3.166794610249874e-13,3.1667946514582545e-13,3.166794692668238e-13,3.166794733879885e-13,3.1667947750930703e-13,3.166794816307848e-13,3.1667948575242367e-13,3.1667948987422265e-13,3.166794939961809e-13,3.166794981183007e-13,3.166795022405775e-13,3.1667950636301465e-13,3.166795104856122e-13,3.1667951460837215e-13,3.1667951873129286e-13,3.166795228543833e-13,3.166795269776231e-13,3.166795311010245e-13,3.1667953522458396e-13,3.166795393483039e-13,3.1667954347218344e-13,3.166795475962235e-13,3.166795517204241e-13,3.1667955584478436e-13,3.166795599693049e-13,3.1667956409398544e-13,3.1667956821883314e-13,3.166795723438395e-13,3.1667957646900075e-13,3.166795805943212e-13,3.1667958471980187e-13,3.166795888454407e-13,3.166795929712495e-13,3.1667959709720724e-13,3.1667960122332787e-13,3.166796053496099e-13,3.166796094760458e-13,3.1667961360264564e-13,3.1667961772940635e-13,3.166796218563247e-13,3.166796259834086e-13,3.1667963011064934e-13,3.1667963423804876e-13,3.16679638365609e-13,3.1667964249332975e-13,3.166796466212104e-13,3.166796507492511e-13,3.166796548774504e-13,3.1667965900581125e-13,3.1667966313434007e-13,3.166796672630205e-13,3.166796713918614e-13,3.166796755208594e-13,3.166796796500283e-13,3.166796837793485e-13,3.166796879088293e-13,3.166796920384669e-13,3.1667969616826307e-13,3.166797002982235e-13,3.166797044283423e-13,3.1667970855862146e-13,3.166797126890637e-13,3.1667971681966303e-13,3.166797209504243e-13,3.1667972508135174e-13,3.1667972921243137e-13,3.166797333436709e-13,3.1667973747507025e-13,3.166797416066399e-13,3.1667974573835955e-13,3.1667974987023854e-13,3.1667975400228065e-13,3.1667975813447953e-13,3.166797622668388e-13,3.166797663993572e-13,3.1667977053203576e-13,3.1667977466487426e-13,3.166797787978738e-13,3.1667978293103224e-13,3.1667978706435097e-13,3.166797911978291e-13,3.1667979533146614e-13,3.1667979946526394e-13,3.1667980359922214e-13,3.166798077333392e-13,3.1667981186762563e-13,3.1667981600206326e-13,3.1667982013665754e-13,3.166798242714152e-13,3.1667982840633064e-13,3.1667983254140743e-13,3.1667983667664386e-13,3.1667984081204084e-13,3.166798449476091e-13,3.1667984908332513e-13,3.166798532192012e-13,3.166798573552376e-13,3.166798614914328e-13,3.166798656277882e-13,3.166798697643039e-13,3.1667987390097913e-13,3.166798780378143e-13,3.1667988217480964e-13,3.166798863119719e-13,3.166798904492977e-13,3.166798945867728e-13,3.166798987244154e-13,3.1667990286221704e-13,3.1667990700017084e-13,3.166799111382846e-13,3.166799152765578e-13,3.166799194149995e-13,3.166799235535914e-13,3.166799276923443e-13,3.166799318312564e-13,3.1667993597032897e-13,3.1667994010956357e-13,3.166799442489566e-13,3.1667994838850766e-13,3.1667995252821937e-13,3.166799566680907e-13,3.166799608081197e-13,3.166799649483109e-13,3.16679969088662e-13,3.166799732291721e-13,3.166799773698427e-13,3.166799815106827e-13,3.166799856516736e-13,3.1667998979282305e-13,3.1667999393414146e-13,3.166799980756084e-13,3.1668000221724796e-13,3.1668000635903645e-13,3.1668001050098535e-13,3.1668001464310377e-13,3.166800187853765e-13,3.1668002292780456e-13,3.1668002707039236e-13,3.1668003121313885e-13,3.166800353560396e-13,3.166800394991158e-13,3.1668004364235055e-13,3.166800477857462e-13,3.1668005192930416e-13,3.1668005607301066e-13,3.1668006021687367e-13,3.1668006436091026e-13,3.1668006850509467e-13,3.166800726494395e-13,3.1668007679395387e-13,3.166800809386278e-13,3.166800850834601e-13,3.166800892284536e-13,3.1668009337359776e-13,3.166800975189017e-13,3.166801016643646e-13,3.166801058099966e-13,3.1668010995577973e-13,3.1668011410173033e-13,3.166801182478331e-13,3.166801223941064e-13,3.1668012654052846e-13,3.166801306871117e-13,3.1668013483385355e-13,3.1668013898075487e-13,3.166801431278155e-13,3.1668014727503624e-13,3.166801514224281e-13,3.166801555699767e-13,3.1668015971768396e-13,3.1668016386555403e-13,3.166801680135826e-13,3.1668017216177163e-13,3.166801763101178e-13,3.1668018045862365e-13,3.166801846072816e-13,3.1668018875610756e-13,3.1668019290508557e-13,3.1668019705422337e-13,3.16680201203515e-13,3.1668020535297204e-13,3.1668020950258826e-13,3.1668021365237325e-13,3.1668021780230865e-13,3.166802219524149e-13,3.1668022610267063e-13,3.166802302530858e-13,3.166802344036609e-13,3.1668023855439593e-13,3.166802427052898e-13,3.1668024685635184e-13,3.166802510075657e-13,3.166802551589467e-13,3.166802593104802e-13,3.166802634621816e-13,3.166802676140332e-13,3.166802717660451e-13,3.1668027591822513e-13,3.166802800705569e-13,3.166802842230582e-13,3.166802883757105e-13,3.166802925285209e-13,3.166802966814998e-13,3.1668030083463235e-13,3.166803049879314e-13,3.1668030914137913e-13,3.166803132949896e-13,3.166803174487565e-13,3.1668032160269294e-13,3.1668032575678227e-13,3.1668032991102245e-13,3.166803340654379e-13,3.166803382200054e-13,3.166803423747318e-13,3.1668034652961935e-13,3.1668035068466474e-13,3.166803548398792e-13,3.166803589952439e-13,3.166803631507827e-13,3.166803673064679e-13,3.1668037146231284e-13,3.166803756183176e-13,3.1668037977448183e-13,3.166803839308047e-13,3.1668038808727965e-13,3.166803922439219e-13,3.1668039640073586e-13,3.1668040055769866e-13,3.1668040471482125e-13,3.166804088721033e-13,3.1668041302955347e-13,3.1668041718716286e-13,3.1668042134492784e-13,3.1668042550284873e-13,3.1668042966092845e-13,3.166804338191764e-13,3.1668043797757646e-13,3.166804421361379e-13,3.1668044629486475e-13,3.1668045045374333e-13,3.166804546127819e-13,3.166804587719805e-13,3.1668046293134095e-13,3.1668046709085723e-13,3.166804712505348e-13,3.1668047541037185e-13,3.166804795703622e-13,3.1668048373051856e-13,3.166804878908344e-13,3.166804920513098e-13,3.16680496211945e-13,3.1668050037273237e-13,3.1668050453368617e-13,3.166805086947996e-13,3.166805128560731e-13,3.166805170175062e-13,3.166805211791024e-13,3.1668052534085725e-13,3.16680529502781e-13,3.1668053366485184e-13,3.1668053782708306e-13,3.1668054198948337e-13,3.1668054615203373e-13,3.1668055031474195e-13,3.166805544776121e-13,3.166805586406442e-13,3.166805628038326e-13,3.1668056696718197e-13,3.166805711306909e-13,3.166805752943636e-13,3.1668057945819967e-13,3.166805836221877e-13,3.1668058778634404e-13,3.166805919506517e-13,3.166805961151066e-13,3.1668060027973514e-13,3.1668060444452036e-13,3.1668060860947445e-13,3.1668061277457794e-13,3.1668061693984415e-13,3.1668062110526863e-13,3.1668062527085755e-13,3.166806294366018e-13,3.1668063360250543e-13,3.1668063776857034e-13,3.1668064193480217e-13,3.1668064610118373e-13,3.166806502677257e-13,3.166806544344262e-13,3.1668065860128744e-13,3.1668066276831853e-13,3.1668066693550824e-13,3.1668067110285765e-13,3.1668067527035776e-13,3.166806794380172e-13,3.1668068360584437e-13,3.166806877738232e-13,3.166806919419698e-13,3.1668069611026786e-13,3.1668070027873076e-13,3.1668070444735824e-13,3.166807086161349e-13,3.166807127850802e-13,3.166807169541764e-13,3.166807211234315e-13,3.1668072529285065e-13,3.1668072946243386e-13,3.1668073363217675e-13,3.166807378020796e-13,3.166807419721416e-13,3.1668074614236284e-13,3.1668075031274657e-13,3.1668075448327777e-13,3.1668075865398164e-13,3.1668076282484157e-13,3.166807669958531e-13,3.166807711670251e-13,3.166807753383647e-13,3.1668077950985505e-13,3.1668078368151283e-13,3.1668078785333655e-13,3.166807920253056e-13,3.1668079619744404e-13,3.166808003697315e-13,3.1668080454219175e-13,3.1668080871479924e-13,3.166808128875665e-13,3.166808170604933e-13,3.1668082123357974e-13,3.1668082540682503e-13,3.166808295802383e-13,3.1668083375381184e-13,3.166808379275366e-13,3.1668084210141975e-13,3.1668084627547167e-13,3.1668085044968394e-13,3.166808546240486e-13,3.1668085879857867e-13,3.166808629732611e-13,3.166808671481036e-13,3.1668087132311495e-13,3.16680875498277e-13,3.166808796736088e-13,3.166808838490901e-13,3.166808880247303e-13,3.1668089220052747e-13,3.1668089637649447e-13,3.1668090055261237e-13,3.1668090472888416e-13,3.166809089053217e-13,3.1668091308192786e-13,3.1668091725869306e-13,3.166809214356184e-13,3.166809256127032e-13,3.166809297899381e-13,3.1668093396733143e-13,3.166809381448949e-13,3.1668094232261656e-13,3.166809465004991e-13,3.166809506785331e-13,3.166809548567354e-13,3.1668095903508866e-13,3.166809632136106e-13,3.166809673922942e-13,3.166809715711341e-13,3.166809757501293e-13,3.1668097992928037e-13,3.16680984108592e-13,3.166809882880712e-13,3.1668099246770924e-13,3.166809966474987e-13,3.1668100082744803e-13,3.166810050075545e-13,3.16681009187832e-13,3.166810133682595e-13,3.1668101754885434e-13,3.1668102172960256e-13,3.166810259105089e-13,3.1668103009157244e-13,3.166810342727957e-13,3.166810384541833e-13,3.1668104263572866e-13,3.166810468174329e-13,3.166810509992969e-13,3.166810551813205e-13,3.166810593635125e-13,3.166810635458659e-13,3.1668106772836806e-13,3.166810719110305e-13,3.1668107609384956e-13,3.166810802768343e-13,3.1668108445998593e-13,3.1668108864329446e-13,3.166810928267547e-13,3.1668109701038125e-13,3.166811011941682e-13,3.1668110537811503e-13,3.1668110956220813e-13,3.166811137464654e-13,3.1668111793089016e-13,3.166811221154663e-13,3.1668112630020207e-13,3.1668113048510746e-13,3.1668113467016304e-13,3.1668113885537706e-13,3.16681143040759e-13,3.166811472263029e-13,3.166811514119964e-13,3.1668115559784965e-13,3.1668115978386096e-13,3.166811639700333e-13,3.1668116815637264e-13,3.166811723428717e-13,3.166811765295335e-13,3.1668118071634405e-13,3.166811849033201e-13,3.166811890904585e-13,3.166811932777558e-13,3.1668119746520453e-13,3.166812016528129e-13,3.166812058405815e-13,3.1668121002850884e-13,3.1668121421660345e-13,3.1668121840485946e-13,3.166812225932787e-13,3.1668122678185207e-13,3.166812309705707e-13,3.166812351594554e-13,3.16681239348497e-13,3.16681243537709e-13,3.1668124772707084e-13,3.166812519165938e-13,3.1668125610627715e-13,3.1668126029612765e-13,3.1668126448612744e-13,3.1668126867629646e-13,3.1668127286661456e-13,3.166812770570962e-13,3.1668128124773646e-13,3.166812854385348e-13,3.166812896295041e-13,3.166812938206225e-13,3.1668129801189766e-13,3.1668130220333537e-13,3.166813063949329e-13,3.1668131058668815e-13,3.1668131477861255e-13,3.1668131897068847e-13,3.166813231629223e-13,3.166813273553171e-13,3.166813315478799e-13,3.166813357405929e-13,3.1668133993346584e-13,3.166813441264987e-13,3.166813483196889e-13,3.166813525130439e-13,3.1668135670655543e-13,3.166813609002265e-13,3.166813650940571e-13,3.1668136928805514e-13,3.1668137348220476e-13,3.1668137767651337e-13,3.1668138187098036e-13,3.166813860656085e-13,3.1668139026039517e-13,3.166813944553518e-13,3.1668139865045465e-13,3.166814028457192e-13,3.166814070411455e-13,3.1668141123674034e-13,3.1668141543248556e-13,3.166814196283899e-13,3.1668142382445365e-13,3.1668142802067713e-13,3.166814322170567e-13,3.166814364136079e-13,3.166814406103088e-13,3.1668144480716746e-13,3.1668144900418915e-13,3.166814532013793e-13,3.1668145739872103e-13,3.166814615962289e-13,3.166814657938878e-13,3.1668146999171554e-13,3.1668147418969567e-13,3.166814783878338e-13,3.1668148258613283e-13,3.166814867845879e-13,3.1668149098321295e-13,3.166814951819873e-13,3.1668149938092153e-13,3.1668150358001646e-13,3.1668150777927053e-13,3.1668151197868773e-13,3.166815161782609e-13,3.1668152037800144e-13,3.1668152457789483e-13,3.1668152877794473e-13,3.1668153297816397e-13,3.166815371785338e-13,3.1668154137907237e-13,3.16681545579773e-13,3.1668154978062155e-13,3.1668155398163903e-13,3.1668155818281565e-13,3.166815623841438e-13,3.1668156658563095e-13,3.166815707872745e-13,3.1668157498908123e-13,3.1668157919104605e-13,3.1668158339317986e-13,3.166815875954741e-13,3.1668159179791755e-13,3.1668159600052063e-13,3.166816002032931e-13,3.166816044062264e-13,3.16681608609309e-13,3.16681612812561e-13,3.1668161701597205e-13,3.166816212195328e-13,3.1668162542326293e-13,3.1668162962714323e-13,3.166816338311913e-13,3.166816380353906e-13,3.166816422397576e-13,3.16681646444284e-13,3.1668165064896147e-13,3.166816548538094e-13,3.166816590588056e-13,3.166816632639615e-13,3.1668166746928523e-13,3.1668167167477006e-13,3.1668167588040505e-13,3.166816800861991e-13,3.1668168429215303e-13,3.166816884982764e-13,3.166816927045576e-13,3.166816969109892e-13,3.166817011175826e-13,3.16681705324334e-13,3.1668170953125484e-13,3.1668171373832537e-13,3.1668171794555474e-13,3.1668172215294425e-13,3.166817263604923e-13,3.1668173056820856e-13,3.166817347760751e-13,3.166817389841013e-13,3.166817431922867e-13,3.166817474006329e-13,3.166817516091498e-13,3.166817558178152e-13,3.1668176002664023e-13,3.166817642356246e-13,3.1668176844476877e-13,3.1668177265407205e-13,3.166817768635424e-13,3.1668178107317165e-13,3.1668178528296263e-13,3.1668178949290275e-13,3.166817937030034e-13,3.1668179791326333e-13,3.1668180212368363e-13,3.166818063342601e-13,3.166818105450069e-13,3.166818147559153e-13,3.1668181896698093e-13,3.166818231782071e-13,3.1668182738959137e-13,3.1668183160113733e-13,3.166818358128317e-13,3.1668184002468677e-13,3.166818442367049e-13,3.166818484488783e-13,3.1668185266121166e-13,3.166818568737037e-13,3.1668186108636503e-13,3.166818652991846e-13,3.1668186951216387e-13,3.1668187372529695e-13,3.166818779385858e-13,3.166818821520393e-13,3.1668188636566154e-13,3.16681890579439e-13,3.1668189479336167e-13,3.166818990074496e-13,3.166819032216969e-13,3.1668190743611193e-13,3.1668191165068707e-13,3.1668191586541306e-13,3.166819200802963e-13,3.166819242953492e-13,3.1668192851055176e-13,3.166819327259231e-13,3.166819369414459e-13,3.1668194115712707e-13,3.166819453729763e-13,3.16681949588978e-13,3.1668195380511663e-13,3.1668195802143686e-13,3.1668196223792737e-13,3.166819664545653e-13,3.166819706713674e-13,3.166819748883278e-13,3.166819791054463e-13,3.1668198332272196e-13,3.16681987540167e-13,3.166819917577621e-13,3.1668199597551693e-13,3.166820001934306e-13,3.1668200441150356e-13,3.1668200862974745e-13,3.166820128481443e-13,3.166820170667047e-13,3.1668202128542664e-13,3.1668202550429586e-13,3.1668202972332573e-13,3.1668203394251503e-13,3.166820381618628e-13,3.166820423813724e-13,3.166820466010501e-13,3.1668205082087886e-13,3.1668205504086555e-13,3.166820592610226e-13,3.1668206348132797e-13,3.1668206770179415e-13,3.166820719224184e-13,3.1668207614321264e-13,3.166820803641569e-13,3.166820845852579e-13,3.1668208880653023e-13,3.1668209302795227e-13,3.166820972495347e-13,3.166821014712845e-13,3.166821056931845e-13,3.166821099152459e-13,3.1668211413746196e-13,3.1668211835984144e-13,3.166821225823792e-13,3.166821268050788e-13,3.166821310279368e-13,3.166821352509637e-13,3.1668213947414104e-13,3.1668214369747605e-13,3.1668214792097054e-13,3.166821521446336e-13,3.166821563684582e-13,3.1668216059243225e-13,3.1668216481657586e-13,3.1668216904087885e-13,3.1668217326533174e-13,3.16682177489943e-13,3.166821817147227e-13,3.1668218593966157e-13,3.1668219016474803e-13,3.1668219439001224e-13,3.166821986154214e-13,3.166822028409892e-13,3.166822070667252e-13,3.16682211292613e-13,3.1668221551866194e-13,3.166822197448681e-13,3.166822239712337e-13,3.16682228197759e-13,3.1668223242444293e-13,3.166822366512863e-13,3.1668224087828817e-13,3.166822451054486e-13,3.166822493327789e-13,3.166822535602605e-13,3.1668225778790966e-13,3.1668226201571787e-13,3.16682266243678e-13,3.166822704717975e-13,3.166822747000762e-13,3.1668227892851284e-13,3.166822831571188e-13,3.166822873858758e-13,3.16682291614803e-13,3.166822958438791e-13,3.1668230007311363e-13,3.166823043025084e-13,3.166823085320616e-13,3.1668231276178584e-13,3.1668231699165903e-13,3.1668232122169094e-13,3.1668232545189194e-13,3.1668232968225257e-13,3.1668233391276265e-13,3.1668233814343237e-13,3.1668234237427016e-13,3.166823466052704e-13,3.16682350836418e-13,3.16682355067726e-13,3.1668235929920137e-13,3.166823635308362e-13,3.1668236776263274e-13,3.1668237199458866e-13,3.166823762267038e-13,3.1668238045897636e-13,3.166823846913998e-13,3.166823889239825e-13,3.166823931567258e-13,3.1668239738963093e-13,3.166824016226911e-13,3.1668240585591205e-13,3.166824100892904e-13,3.166824143228379e-13,3.166824185565453e-13,3.1668242279040505e-13,3.166824270244221e-13,3.1668243125859766e-13,3.166824354929318e-13,3.1668243972742676e-13,3.166824439620734e-13,3.1668244819689734e-13,3.166824524318719e-13,3.166824566670143e-13,3.1668246090231643e-13,3.166824651377696e-13,3.1668246937339215e-13,3.1668247360916354e-13,3.1668247784509457e-13,3.1668248208119246e-13,3.1668248631745084e-13,3.1668249055385903e-13,3.1668249479042847e-13,3.166824990271645e-13,3.166825032640509e-13,3.1668250750110704e-13,3.166825117383208e-13,3.1668251597569606e-13,3.1668252021322844e-13,3.1668252445091334e-13,3.166825286887547e-13,3.1668253292676817e-13,3.1668253716493174e-13,3.1668254140325147e-13,3.166825456417412e-13,3.1668254988038226e-13,3.1668255411919075e-13,3.1668255835814974e-13,3.16682562597268e-13,3.1668256683655574e-13,3.1668257107599804e-13,3.166825753155913e-13,3.1668257955534764e-13,3.166825837952622e-13,3.1668258803534534e-13,3.166825922755786e-13,3.1668259651598105e-13,3.1668260075653463e-13,3.166826049972557e-13,3.1668260923812813e-13,3.166826134791686e-13,3.1668261772035897e-13,3.1668262196171726e-13,3.166826262032279e-13,3.16682630444905e-13,3.1668263468673473e-13,3.166826389287312e-13,3.1668264317087854e-13,3.166826474131829e-13,3.166826516556479e-13,3.166826558982735e-13,3.1668266014105703e-13,3.166826643840102e-13,3.1668266862711384e-13,3.166826728703862e-13,3.1668267711381017e-13,3.166826813574012e-13,3.1668268560114254e-13,3.1668268984504316e-13,3.16682694089102e-13,3.1668269833332665e-13,3.166827025777183e-13,3.1668270682225254e-13,3.1668271106695207e-13,3.166827153118167e-13,3.166827195568413e-13,3.166827238020276e-13,3.1668272804736274e-13,3.1668273229285577e-13,3.1668273653851006e-13,3.166827407843314e-13,3.166827450303042e-13,3.166827492764348e-13,3.1668275352273397e-13,3.166827577691836e-13,3.1668276201580263e-13,3.166827662625718e-13,3.1668277050950046e-13,3.1668277475659787e-13,3.1668277900384654e-13,3.1668278325125223e-13,3.1668278749882765e-13,3.1668279174655363e-13,3.166827959944375e-13,3.166828002424905e-13,3.1668280449069147e-13,3.166828087390628e-13,3.166828129875936e-13,3.166828172362842e-13,3.166828214851253e-13,3.166828257341257e-13,3.166828299832908e-13,3.1668283423261027e-13,3.166828384820866e-13,3.16682842731735e-13,3.166828469815321e-13,3.1668285123149775e-13,3.166828554816112e-13,3.16682859731885e-13,3.166828639823196e-13,3.1668286823292615e-13,3.1668287248367913e-13,3.166828767346013e-13,3.1668288098568506e-13,3.1668288523692444e-13,3.166828894883171e-13,3.1668289373986777e-13,3.1668289799157677e-13,3.166829022434443e-13,3.166829064954802e-13,3.1668291074767587e-13,3.166829150000217e-13,3.1668291925253806e-13,3.166829235052135e-13,3.166829277580397e-13,3.1668293201102393e-13,3.1668293626416803e-13,3.166829405174799e-13,3.1668294477093026e-13,3.166829490245522e-13,3.166829532783336e-13,3.166829575322827e-13,3.1668296178638286e-13,3.1668296604064267e-13,3.1668297029506117e-13,3.166829745496487e-13,3.1668297880438597e-13,3.166829830592912e-13,3.166829873143562e-13,3.166829915695713e-13,3.1668299582495493e-13,3.1668300008048934e-13,3.1668300433619274e-13,3.1668300859204517e-13,3.166830128480672e-13,3.1668301710424753e-13,3.1668302136058655e-13,3.1668302561707517e-13,3.1668302987372484e-13,3.1668303413053234e-13,3.1668303838750896e-13,3.166830426446333e-13,3.1668304690192034e-13,3.1668305115937775e-13,3.1668305541698385e-13,3.1668305967473005e-13,3.166830639326635e-13,3.1668306819075585e-13,3.166830724490068e-13,3.166830767074065e-13,3.166830809659669e-13,3.1668308522469915e-13,3.1668308948357803e-13,3.1668309374261696e-13,3.1668309800181643e-13,3.166831022611745e-13,3.1668310652069283e-13,3.166831107803698e-13,3.166831150402148e-13,3.1668311930021006e-13,3.1668312356037136e-13,3.166831278206952e-13,3.166831320811675e-13,3.166831363417998e-13,3.1668314060259207e-13,3.1668314486354547e-13,3.166831491246551e-13,3.166831533859258e-13,3.1668315764735567e-13,3.1668316190894247e-13,3.166831661707007e-13,3.166831704326166e-13,3.1668317469469254e-13,3.1668317895691886e-13,3.1668318321931205e-13,3.1668318748186543e-13,3.1668319174457724e-13,3.1668319600744864e-13,3.1668320027047927e-13,3.1668320453366284e-13,3.16683208797003e-13,3.16683213060504e-13,3.1668321732417257e-13,3.166832215879853e-13,3.16683225851967e-13,3.1668323011611276e-13,3.1668323438041037e-13,3.166832386448756e-13,3.1668324290949975e-13,3.166832471742728e-13,3.1668325143920685e-13,3.1668325570429963e-13,3.166832599695515e-13,3.166832642349644e-13,3.1668326850054374e-13,3.16683272766275e-13,3.1668327703217127e-13,3.1668328129822174e-13,3.1668328556443104e-13,3.1668328983080756e-13,3.1668329409733594e-13,3.166832983640225e-13,3.166833026308694e-13,3.1668330689786994e-13,3.1668331116503436e-13,3.1668331543236755e-13,3.1668331969985085e-13,3.166833239675026e-13,3.166833282353128e-13,3.166833325032826e-13,3.1668333677141325e-13,3.1668334103969297e-13,3.1668334530814234e-13,3.1668334957674094e-13,3.166833538455073e-13,3.1668335811442344e-13,3.1668336238350934e-13,3.166833666527531e-13,3.1668337092214847e-13,3.1668337519170325e-13,3.16683379461415e-13,3.166833837312829e-13,3.1668338800131437e-13,3.1668339227150605e-13,3.1668339654186463e-13,3.166834008123828e-13,3.1668340508306123e-13,3.166834093538992e-13,3.166834136248874e-13,3.1668341789604045e-13,3.1668342216735566e-13,3.1668342643882067e-13,3.166834307104463e-13,3.1668343498223855e-13,3.166834392541928e-13,3.166834435263038e-13,3.166834477985669e-13,3.1668345207100286e-13,3.1668345634359373e-13,3.166834606163291e-13,3.1668346488922845e-13,3.1668346916228774e-13,3.1668347343550784e-13,3.1668347770888424e-13,3.166834819824203e-13,3.166834862561168e-13,3.1668349052997976e-13,3.1668349480400245e-13,3.166834990781854e-13,3.1668350335251897e-13,3.166835076270117e-13,3.166835119016722e-13,3.1668351617648216e-13,3.166835204514624e-13,3.166835247266005e-13,3.1668352900188914e-13,3.166835332773456e-13,3.166835375529505e-13,3.1668354182872787e-13,3.1668354610465715e-13,3.166835503807415e-13,3.166835546569944e-13,3.166835589333974e-13,3.166835632099598e-13,3.166835674866825e-13,3.166835717635727e-13,3.166835760406227e-13,3.1668358031782204e-13,3.166835845951919e-13,3.166835888727105e-13,3.166835931503984e-13,3.166835974282448e-13,3.166836017062402e-13,3.166836059844051e-13,3.16683610262721e-13,3.1668361454120365e-13,3.1668361881984525e-13,3.1668362309864114e-13,3.166836273776021e-13,3.16683631656723e-13,3.1668363593600215e-13,3.166836402154315e-13,3.1668364449503154e-13,3.16683648774793e-13,3.1668365305470884e-13,3.166836573347759e-13,3.166836616150119e-13,3.166836658954058e-13,3.16683670175953e-13,3.1668367445666524e-13,3.166836787375293e-13,3.166836830185518e-13,3.166836872997336e-13,3.166836915810758e-13,3.166836958625836e-13,3.166837001442443e-13,3.1668370442607123e-13,3.1668370870806134e-13,3.166837129901982e-13,3.1668371727250997e-13,3.1668372155496587e-13,3.166837258375802e-13,3.166837301203547e-13,3.1668373440328626e-13,3.16683738686388e-13,3.166837429696408e-13,3.166837472530529e-13,3.1668375153662396e-13,3.1668375582035517e-13,3.1668376010425227e-13,3.166837643883109e-13,3.166837686725197e-13,3.1668377295689587e-13,3.1668377724141897e-13,3.1668378152611493e-13,3.166837858109611e-13,3.166837900959673e-13,3.166837943811332e-13,3.1668379866645767e-13,3.1668380295194905e-13,3.166838072375881e-13,3.166838115233973e-13,3.16683815809357e-13,3.1668382009547657e-13,3.166838243817553e-13,3.1668382866820544e-13,3.166838329548109e-13,3.1668383724156363e-13,3.1668384152847925e-13,3.1668384581556235e-13,3.1668385010280554e-13,3.1668385439020634e-13,3.1668385867775856e-13,3.166838629654701e-13,3.166838672533511e-13,3.1668387154138205e-13,3.1668387582957e-13,3.1668388011791754e-13,3.1668388440642316e-13,3.166838886950934e-13,3.166838929839197e-13,3.166838972729055e-13,3.1668390156206107e-13,3.1668390585136125e-13,3.1668391014083465e-13,3.166839144304561e-13,3.166839187202381e-13,3.166839230101779e-13,3.1668392730028706e-13,3.1668393159054564e-13,3.1668393588097265e-13,3.1668394017155096e-13,3.1668394446228846e-13,3.1668394875318606e-13,3.166839530442407e-13,3.1668395733545446e-13,3.1668396162683774e-13,3.166839659183701e-13,3.1668397021006333e-13,3.1668397450192453e-13,3.166839787939354e-13,3.1668398308610634e-13,3.166839873784454e-13,3.166839916709428e-13,3.1668399596360323e-13,3.166840002564167e-13,3.166840045493828e-13,3.166840088425076e-13,3.1668401313580045e-13,3.1668401742924507e-13,3.16684021722853e-13,3.166840260166133e-13,3.1668403031054353e-13,3.166840346046248e-13,3.166840388988657e-13,3.1668404319326613e-13,3.166840474878251e-13,3.1668405178254376e-13,3.166840560774214e-13,3.1668406037246576e-13,3.1668406466766263e-13,3.1668406896302647e-13,3.16684073258552e-13,3.1668407755423316e-13,3.166840818500635e-13,3.166840861460547e-13,3.1668409044220455e-13,3.166840947385143e-13,3.1668409903499195e-13,3.166841033316203e-13,3.166841076284071e-13,3.166841119253634e-13,3.166841162224692e-13,3.1668412051973366e-13,3.166841248171584e-13,3.1668412911474425e-13,3.1668413341249567e-13,3.1668413771039987e-13,3.166841420084611e-13,3.16684146306685e-13,3.1668415060506504e-13,3.166841549036037e-13,3.166841592023013e-13,3.166841635011593e-13,3.166841678001834e-13,3.1668417209935856e-13,3.1668417639869734e-13,3.166841806981933e-13,3.166841849978553e-13,3.166841892976765e-13,3.166841935976566e-13,3.1668419789779693e-13,3.166842021980866e-13,3.1668420649853614e-13,3.1668421079915397e-13,3.166842150999223e-13,3.166842194008578e-13,3.166842237019524e-13,3.1668422800319486e-13,3.1668423230460034e-13,3.1668423660616576e-13,3.1668424090788895e-13,3.166842452097716e-13,3.16684249511824e-13,3.166842538140245e-13,3.166842581163863e-13,3.1668426241891384e-13,3.166842667215906e-13,3.16684271024428e-13,3.1668427532743434e-13,3.166842796305735e-13,3.1668428393389727e-13,3.1668428823737954e-13,3.166842925410125e-13,3.1668429684480354e-13,3.166843011487662e-13,3.1668430545288933e-13,3.166843097571558e-13,3.166843140615989e-13,3.16684318366188e-13,3.1668432267092964e-13,3.166843269758358e-13,3.1668433128090295e-13,3.1668433558612944e-13,3.166843398915159e-13,3.1668434419706154e-13,3.166843485027726e-13,3.166843528086319e-13,3.1668435711466235e-13,3.1668436142084334e-13,3.166843657271828e-13,3.1668437003368174e-13,3.1668437434035105e-13,3.1668437864716763e-13,3.166843829541545e-13,3.166843872612995e-13,3.1668439156859405e-13,3.1668439587605737e-13,3.166844001836715e-13,3.1668440449144304e-13,3.166844087993745e-13,3.166844131074721e-13,3.166844174157213e-13,3.166844217241385e-13,3.1668442603270723e-13,3.1668443034144373e-13,3.1668443465033967e-13,3.166844389593973e-13,3.166844432686108e-13,3.1668444757798474e-13,3.1668445188751884e-13,3.166844561972008e-13,3.166844605070522e-13,3.16684464817061e-13,3.1668446912723154e-13,3.1668447343755137e-13,3.1668447774803574e-13,3.166844820586736e-13,3.166844863694793e-13,3.1668449068043613e-13,3.1668449499156e-13,3.1668449930283456e-13,3.1668450361427733e-13,3.1668450792586913e-13,3.1668451223763067e-13,3.166845165495503e-13,3.1668452086162075e-13,3.1668452517384804e-13,3.1668452948624597e-13,3.1668453379880197e-13,3.166845381115171e-13,3.1668454242438215e-13,3.166845467374083e-13,3.1668455105060386e-13,3.1668455536395943e-13,3.166845596774708e-13,3.1668456399113177e-13,3.1668456830495313e-13,3.166845726189312e-13,3.16684576933083e-13,3.1668458124738153e-13,3.1668458556184014e-13,3.1668458987646525e-13,3.1668459419125173e-13,3.166845985061964e-13,3.166846028212988e-13,3.166846071365542e-13,3.1668461145196727e-13,3.1668461576753816e-13,3.1668462008326824e-13,3.1668462439915755e-13,3.166846287152062e-13,3.166846330314151e-13,3.1668463734778056e-13,3.166846416643078e-13,3.1668464598100433e-13,3.1668465029785735e-13,3.1668465461487247e-13,3.1668465893203214e-13,3.1668466324935246e-13,3.166846675668455e-13,3.166846718844851e-13,3.16684676202287e-13,3.166846805202463e-13,3.1668468483836447e-13,3.1668468915664087e-13,3.1668469347507817e-13,3.166846977936833e-13,3.166847021124458e-13,3.1668470643137097e-13,3.166847107504444e-13,3.1668471506967627e-13,3.1668471938906697e-13,3.166847237086264e-13,3.1668472802833515e-13,3.166847323482031e-13,3.1668473666824034e-13,3.166847409884265e-13,3.166847453087718e-13,3.166847496292858e-13,3.1668475394995255e-13,3.1668475827078627e-13,3.166847625917781e-13,3.1668476691291915e-13,3.1668477123422063e-13,3.166847755556903e-13,3.1668477987730993e-13,3.166847841990896e-13,3.1668478852103467e-13,3.166847928431162e-13,3.1668479716537277e-13,3.1668480148779304e-13,3.166848058103671e-13,3.1668481013311095e-13,3.166848144560041e-13,3.166848187790562e-13,3.1668482310226797e-13,3.166848274256461e-13,3.1668483174917647e-13,3.166848360728649e-13,3.166848403967191e-13,3.1668484472072325e-13,3.166848490448968e-13,3.166848533692223e-13,3.166848576937144e-13,3.1668486201835783e-13,3.166848663431684e-13,3.1668487066813804e-13,3.166848749932543e-13,3.1668487931853323e-13,3.166848836439711e-13,3.1668488796957814e-13,3.1668489229533546e-13,3.166848966212523e-13,3.1668490094732806e-13,3.166849052735749e-13,3.1668490959997765e-13,3.1668491392653045e-13,3.16684918253251e-13,3.166849225801304e-13,3.166849269071591e-13,3.166849312343469e-13,3.166849355617044e-13,3.1668493988922097e-13,3.1668494421689493e-13,3.1668494854473177e-13,3.166849528727166e-13,3.1668495720085926e-13,3.1668496152917315e-13,3.1668496585763254e-13,3.166849701862528e-13,3.166849745150318e-13,3.166849788439797e-13,3.1668498317308584e-13,3.1668498750234545e-13,3.166849918317612e-13,3.1668499616133733e-13,3.1668500049107253e-13,3.1668500482096636e-13,3.1668500915103094e-13,3.166850134812429e-13,3.16685017811616e-13,3.166850221421578e-13,3.166850264728526e-13,3.1668503080370076e-13,3.1668503513470915e-13,3.166850394658839e-13,3.166850437972099e-13,3.1668504812870314e-13,3.166850524603464e-13,3.1668505679215e-13,3.166850611241202e-13,3.166850654562411e-13,3.1668506978852073e-13,3.166850741209607e-13,3.1668507845355986e-13,3.1668508278632555e-13,3.166850871192425e-13,3.1668509145231655e-13,3.1668509578555965e-13,3.166851001189622e-13,3.166851044525154e-13,3.1668510878622683e-13,3.166851131201084e-13,3.1668511745413963e-13,3.166851217883281e-13,3.166851261226767e-13,3.1668513045718374e-13,3.1668513479184986e-13,3.1668513912668446e-13,3.1668514346167774e-13,3.166851477968185e-13,3.166851521321301e-13,3.1668515646759436e-13,3.1668516080321615e-13,3.16685165138998e-13,3.166851694749377e-13,3.1668517381103735e-13,3.166851781473026e-13,3.166851824837189e-13,3.166851868202945e-13,3.166851911570294e-13,3.1668519549392336e-13,3.16685199830986e-13,3.166852041681984e-13,3.166852085055758e-13,3.166852128431146e-13,3.166852171808042e-13,3.1668522151866237e-13,3.166852258566711e-13,3.166852301948384e-13,3.166852345331729e-13,3.1668523887165767e-13,3.166852432103114e-13,3.166852475491138e-13,3.166852518880748e-13,3.16685256227192e-13,3.1668526056647287e-13,3.1668526490592507e-13,3.1668526924552014e-13,3.166852735852756e-13,3.166852779252005e-13,3.166852822652855e-13,3.1668528660552896e-13,3.1668529094593486e-13,3.1668529528648985e-13,3.1668529962721003e-13,3.166853039680913e-13,3.166853083091295e-13,3.16685312650318e-13,3.166853169916677e-13,3.166853213331761e-13,3.16685325674852e-13,3.166853300166771e-13,3.166853343586608e-13,3.1668533870081237e-13,3.1668534304311315e-13,3.166853473855851e-13,3.166853517282158e-13,3.166853560709965e-13,3.166853604139362e-13,3.1668536475704413e-13,3.166853691003019e-13,3.1668537344372773e-13,3.166853777873019e-13,3.1668538213104726e-13,3.1668538647493763e-13,3.166853908189903e-13,3.1668539516321203e-13,3.166853995075912e-13,3.16685403852122e-13,3.1668540819681164e-13,3.1668541254165894e-13,3.166854168866759e-13,3.166854212318527e-13,3.166854255771877e-13,3.1668542992267105e-13,3.16685434268315e-13,3.1668543861411816e-13,3.16685442960088e-13,3.1668544730620766e-13,3.1668545165248784e-13,3.1668545599892836e-13,3.166854603455249e-13,3.166854646922939e-13,3.1668546903922e-13,3.1668547338630406e-13,3.1668547773353814e-13,3.166854820809317e-13,3.1668548642848825e-13,3.1668549077620463e-13,3.1668549512404677e-13,3.1668549947207557e-13,3.1668550382026466e-13,3.1668550816862293e-13,3.166855125171298e-13,3.1668551686579427e-13,3.16685521214631e-13,3.166855255636228e-13,3.166855299127691e-13,3.166855342620711e-13,3.16685538611531e-13,3.1668554296115115e-13,3.166855473109265e-13,3.1668555166086244e-13,3.1668555601096807e-13,3.166855603612261e-13,3.1668556471164937e-13,3.1668556906222014e-13,3.1668557341296267e-13,3.166855777638642e-13,3.166855821149282e-13,3.1668558646614673e-13,3.1668559081751257e-13,3.1668559516904053e-13,3.166855995207363e-13,3.1668560387258253e-13,3.1668560822458087e-13,3.166856125767541e-13,3.166856169290799e-13,3.16685621281576e-13,3.166856256342274e-13,3.1668562998702823e-13,3.166856343399871e-13,3.166856386931061e-13,3.1668564304639473e-13,3.1668564739983317e-13,3.166856517534282e-13,3.1668565610718755e-13,3.166856604611018e-13,3.166856648151771e-13,3.1668566916940946e-13,3.1668567352380114e-13,3.1668567787835964e-13,3.1668568223306535e-13,3.1668568658793333e-13,3.166856909429683e-13,3.16685695298155e-13,3.1668569965351475e-13,3.166857040090193e-13,3.166857083646826e-13,3.1668571272050547e-13,3.1668571707648754e-13,3.166857214326381e-13,3.16685725788938e-13,3.166857301453962e-13,3.1668573450201756e-13,3.1668573885879345e-13,3.1668574321572963e-13,3.1668574757282616e-13,3.166857519300796e-13,3.166857562874909e-13,3.166857606450604e-13,3.1668576500279995e-13,3.16685769360691e-13,3.1668577371874936e-13,3.1668577807695615e-13,3.16685782435322e-13,3.166857867938483e-13,3.166857911525351e-13,3.166857955113883e-13,3.1668579987039087e-13,3.166858042295505e-13,3.1668580858886983e-13,3.1668581294835117e-13,3.166858173079898e-13,3.1668582166778807e-13,3.1668582602774985e-13,3.1668583038786647e-13,3.166858347481406e-13,3.166858391085834e-13,3.166858434691761e-13,3.1668584782992833e-13,3.1668585219083573e-13,3.166858565519047e-13,3.166858609131429e-13,3.1668586527453596e-13,3.1668586963608207e-13,3.166858739977968e-13,3.1668587835965967e-13,3.166858827216826e-13,3.1668588708387396e-13,3.166858914462162e-13,3.166858958087173e-13,3.166859001713778e-13,3.166859045341974e-13,3.1668590889716163e-13,3.166859132603058e-13,3.166859176236101e-13,3.1668592198706405e-13,3.1668592635067866e-13,3.166859307144515e-13,3.1668593507838353e-13,3.166859394424725e-13,3.1668594380672035e-13,3.1668594817112807e-13,3.1668595253570376e-13,3.1668595690043177e-13,3.166859612653181e-13,3.1668596563036196e-13,3.1668596999556505e-13,3.1668597436092854e-13,3.1668597872645874e-13,3.1668598309214025e-13,3.1668598745798857e-13,3.1668599182398784e-13,3.1668599619014494e-13,3.1668600055646213e-13,3.166860049229373e-13,3.1668600928958114e-13,3.166860136563769e-13,3.166860180233364e-13,3.166860223904462e-13,3.166860267577261e-13,3.166860311251564e-13,3.166860354927472e-13,3.1668603986049495e-13,3.1668604422840405e-13,3.166860485964795e-13,3.1668605296471243e-13,3.166860573330924e-13,3.1668606170164473e-13,3.166860660703475e-13,3.166860704392164e-13,3.166860748082382e-13,3.1668607917741617e-13,3.166860835467549e-13,3.166860879162509e-13,3.1668609228591465e-13,3.166860966557387e-13,3.166861010257122e-13,3.1668610539584747e-13,3.166861097661393e-13,3.1668611413658983e-13,3.1668611850720236e-13,3.166861228779711e-13,3.166861272488964e-13,3.166861316199858e-13,3.166861359912293e-13,3.1668614036263403e-13,3.166861447341955e-13,3.1668614910591857e-13,3.16686153477809e-13,3.1668615784984984e-13,3.1668616222205004e-13,3.166861665944183e-13,3.166861709669445e-13,3.166861753396213e-13,3.1668617971245865e-13,3.166861840854627e-13,3.1668618845862474e-13,3.166861928319425e-13,3.1668619720541373e-13,3.166862015790436e-13,3.166862059528396e-13,3.166862103267869e-13,3.166862147008928e-13,3.166862190751568e-13,3.16686223449591e-13,3.166862278241728e-13,3.16686232198916e-13,3.1668623657382114e-13,3.166862409488908e-13,3.1668624532411015e-13,3.166862496994972e-13,3.1668625407504333e-13,3.1668625845073966e-13,3.1668626282660275e-13,3.1668626720262316e-13,3.16686271578802e-13,3.166862759551352e-13,3.1668628033162713e-13,3.166862847082866e-13,3.166862890850951e-13,3.166862934620724e-13,3.1668629783920807e-13,3.166863022164949e-13,3.1668630659393934e-13,3.1668631097154595e-13,3.1668631534931806e-13,3.1668631972723936e-13,3.1668632410532676e-13,3.1668632848356764e-13,3.1668633286196806e-13,3.166863372405239e-13,3.1668634161924206e-13,3.166863459981159e-13,3.1668635037716003e-13,3.1668635475636223e-13,3.16686359135714e-13,3.166863635152251e-13,3.166863678948907e-13,3.1668637227472015e-13,3.1668637665471616e-13,3.1668638103487353e-13,3.166863854151896e-13,3.166863897956551e-13,3.1668639417627734e-13,3.166863985570599e-13,3.166864029380011e-13,3.1668640731911073e-13,3.166864117003684e-13,3.166864160817817e-13,3.1668642046336054e-13,3.16686424845097e-13,3.1668642922699344e-13,3.1668643360904494e-13,3.1668643799125935e-13,3.1668644237363493e-13,3.1668644675616696e-13,3.1668645113885807e-13,3.1668645552170615e-13,3.166864599047137e-13,3.1668646428788023e-13,3.166864686712157e-13,3.1668647305470957e-13,3.166864774383543e-13,3.166864818221574e-13,3.1668648620612875e-13,3.166864905902596e-13,3.1668649497453945e-13,3.1668649935898787e-13,3.1668650374358795e-13,3.166865081283439e-13,3.1668651251326225e-13,3.1668651689834514e-13,3.1668652128357914e-13,3.166865256689801e-13,3.1668653005453055e-13,3.1668653444024514e-13,3.1668653882611644e-13,3.1668654321215076e-13,3.166865475983335e-13,3.166865519846802e-13,3.1668655637118556e-13,3.166865607578578e-13,3.16686565144689e-13,3.166865695316711e-13,3.1668657391882075e-13,3.1668657830612976e-13,3.1668658269358833e-13,3.166865870812168e-13,3.166865914689922e-13,3.166865958569287e-13,3.16686600245021e-13,3.1668660463327337e-13,3.1668660902168654e-13,3.166866134102521e-13,3.1668661779899206e-13,3.1668662218788016e-13,3.1668662657692685e-13,3.166866309661355e-13,3.1668663535549747e-13,3.1668663974503035e-13,3.1668664413471584e-13,3.1668664852456744e-13,3.1668665291457894e-13,3.1668665730474815e-13,3.166866616950795e-13,3.1668666608556666e-13,3.166866704762041e-13,3.166866748670095e-13,3.1668667925796394e-13,3.1668668364908807e-13,3.1668668804036406e-13,3.1668669243179616e-13,3.166866968233864e-13,3.166867012151348e-13,3.16686705607045e-13,3.1668670999912156e-13,3.166867143913487e-13,3.1668671878373584e-13,3.1668672317628997e-13,3.1668672756899273e-13,3.166867319618534e-13,3.1668673635487216e-13,3.166867407480527e-13,3.166867451413998e-13,3.166867495348982e-13,3.166867539285535e-13,3.166867583223678e-13,3.1668676271635134e-13,3.166867671104848e-13,3.1668677150477563e-13,3.1668677589922665e-13,3.1668678029383434e-13,3.166867846886022e-13,3.1668678908353903e-13,3.1668679347862463e-13,3.166867978738721e-13,3.1668680226927793e-13,3.1668680666484987e-13,3.166868110605738e-13,3.166868154564632e-13,3.1668681985250334e-13,3.166868242487011e-13,3.166868286450594e-13,3.1668683304157397e-13,3.166868374382496e-13,3.166868418350843e-13,3.166868462320782e-13,3.166868506292285e-13,3.1668685502654943e-13,3.166868594240182e-13,3.1668686382164594e-13,3.1668686821943406e-13,3.166868726173785e-13,3.1668687701548175e-13,3.1668688141374794e-13,3.166868858121702e-13,3.1668689021075696e-13,3.166868946094983e-13,3.166868990083985e-13,3.166869034074563e-13,3.1668690780667436e-13,3.166869122060473e-13,3.166869166055847e-13,3.166869210052893e-13,3.166869254051444e-13,3.166869298051574e-13,3.166869342053278e-13,3.1668693860566723e-13,3.1668694300615495e-13,3.166869474068041e-13,3.166869518076105e-13,3.166869562085753e-13,3.166869606097006e-13,3.166869650109835e-13,3.166869694124372e-13,3.1668697381404525e-13,3.166869782158135e-13,3.1668698261773023e-13,3.166869870198167e-13,3.1668699142205356e-13,3.166869958244478e-13,3.166870002270039e-13,3.1668700462972466e-13,3.1668700903259633e-13,3.1668701343562753e-13,3.1668701783881757e-13,3.1668702224216634e-13,3.166870266456826e-13,3.1668703104934927e-13,3.166870354531747e-13,3.1668703985715965e-13,3.166870442613043e-13,3.1668704866561434e-13,3.1668705307008307e-13,3.1668705747471103e-13,3.1668706187948964e-13,3.1668706628442714e-13,3.1668707068952347e-13,3.1668707509477626e-13,3.1668707950018996e-13,3.166870839057712e-13,3.1668708831150086e-13,3.1668709271738923e-13,3.166870971234452e-13,3.1668710152966463e-13,3.1668710593603067e-13,3.166871103425565e-13,3.1668711474924023e-13,3.1668711915608246e-13,3.16687123563081e-13,3.166871279702525e-13,3.166871323775774e-13,3.166871367850612e-13,3.166871411927071e-13,3.166871456005017e-13,3.166871500084572e-13,3.1668715441658493e-13,3.166871588248577e-13,3.1668716323328896e-13,3.1668716764188193e-13,3.1668717205063216e-13,3.1668717645954936e-13,3.1668718086861574e-13,3.1668718527784116e-13,3.1668718968722536e-13,3.1668719409676486e-13,3.166871985064668e-13,3.1668720291633035e-13,3.1668720732635134e-13,3.166872117365417e-13,3.166872161468888e-13,3.1668722055738484e-13,3.1668722496803985e-13,3.1668722937885395e-13,3.1668723378982864e-13,3.166872382009632e-13,3.1668724261225635e-13,3.1668724702370476e-13,3.166872514353139e-13,3.166872558470814e-13,3.1668726025900694e-13,3.1668726467110144e-13,3.166872690833564e-13,3.166872734957683e-13,3.166872779083429e-13,3.166872823210636e-13,3.166872867339435e-13,3.1668729114698135e-13,3.1668729556017657e-13,3.166872999735337e-13,3.166873043870582e-13,3.16687308800732e-13,3.1668731321457343e-13,3.166873176285738e-13,3.1668732204273354e-13,3.166873264570518e-13,3.166873308715183e-13,3.1668733528615395e-13,3.1668733970094027e-13,3.1668734411588537e-13,3.166873485309969e-13,3.1668735294625914e-13,3.1668735736168886e-13,3.1668736177727884e-13,3.166873661930275e-13,3.1668737060892554e-13,3.16687375024982e-13,3.166873794411938e-13,3.1668738385756964e-13,3.1668738827411064e-13,3.166873926908108e-13,3.166873971076618e-13,3.1668740152467143e-13,3.1668740594184897e-13,3.166874103591778e-13,3.166874147766726e-13,3.166874191943265e-13,3.1668742361214024e-13,3.166874280301018e-13,3.1668743244822844e-13,3.1668743686650766e-13,3.166874412849426e-13,3.166874457035412e-13,3.166874501223064e-13,3.1668745454122073e-13,3.1668745896029603e-13,3.1668746337953855e-13,3.166874677989398e-13,3.1668747221849967e-13,3.166874766382097e-13,3.166874810580837e-13,3.166874854781114e-13,3.166874898982963e-13,3.1668749431864664e-13,3.166874987391492e-13,3.1668750315981213e-13,3.166875075806413e-13,3.1668751200163495e-13,3.166875164227742e-13,3.1668752084407085e-13,3.166875252655278e-13,3.166875296871421e-13,3.16687534108919e-13,3.166875385308607e-13,3.166875429529528e-13,3.166875473752125e-13,3.166875517976241e-13,3.1668755622019226e-13,3.166875606429182e-13,3.1668756506580096e-13,3.166875694888455e-13,3.1668757391204924e-13,3.166875783354106e-13,3.166875827589417e-13,3.1668758718262377e-13,3.1668759160646283e-13,3.1668759603046895e-13,3.1668760045462543e-13,3.1668760487894613e-13,3.166876093034289e-13,3.166876137280711e-13,3.166876181528582e-13,3.166876225778069e-13,3.166876270029138e-13,3.1668763142818995e-13,3.1668763585361845e-13,3.1668764027921204e-13,3.1668764470495653e-13,3.166876491308597e-13,3.1668765355693125e-13,3.166876579831615e-13,3.1668766240953883e-13,3.1668766683607885e-13,3.166876712627756e-13,3.1668767568964246e-13,3.1668768011665615e-13,3.1668768454382806e-13,3.166876889711566e-13,3.16687693398658e-13,3.166876978263057e-13,3.1668770225411465e-13,3.1668770668208355e-13,3.166877111102192e-13,3.1668771553851245e-13,3.1668771996695725e-13,3.166877243955588e-13,3.1668772882432854e-13,3.166877332532476e-13,3.1668773768233496e-13,3.1668774211157174e-13,3.1668774654096857e-13,3.1668775097052156e-13,3.166877554002442e-13,3.16687759830121e-13,3.166877642601614e-13,3.1668776869035385e-13,3.1668777312070196e-13,3.166877775512187e-13,3.1668778198189244e-13,3.166877864127156e-13,3.1668779084370766e-13,3.1668779527485977e-13,3.1668779970616063e-13,3.166878041376306e-13,3.16687808569249e-13,3.1668781300102496e-13,3.1668781743297083e-13,3.166878218650762e-13,3.16687826297329e-13,3.1668783072974217e-13,3.166878351623141e-13,3.166878395950451e-13,3.1668784402793506e-13,3.166878484609812e-13,3.166878528941972e-13,3.1668785732757457e-13,3.1668786176110033e-13,3.1668786619479165e-13,3.1668787062863165e-13,3.1668787506263315e-13,3.166878794967935e-13,3.166878839311098e-13,3.166878883655869e-13,3.1668789280022337e-13,3.166878972350211e-13,3.1668790166997687e-13,3.1668790610508965e-13,3.1668791054037025e-13,3.1668791497580084e-13,3.166879194113979e-13,3.166879238471454e-13,3.16687928283065e-13,3.166879327191299e-13,3.166879371553534e-13,3.166879415917363e-13,3.1668794602827746e-13,3.166879504649774e-13,3.1668795490184425e-13,3.1668795933886176e-13,3.1668796377603835e-13,3.1668796821337105e-13,3.1668797265086495e-13,3.1668797708852657e-13,3.1668798152634066e-13,3.1668798596431873e-13,3.1668799040245437e-13,3.1668799484074405e-13,3.1668799927918923e-13,3.1668800371779203e-13,3.1668800815656467e-13,3.166880125954933e-13,3.1668801703458357e-13,3.166880214738322e-13,3.166880259132309e-13,3.1668803035278885e-13,3.1668803479250403e-13,3.1668803923238764e-13,3.166880436724305e-13,3.1668804811263453e-13,3.1668805255298595e-13,3.166880569935053e-13,3.1668806143417604e-13,3.1668806587500275e-13,3.1668807031598773e-13,3.166880747571318e-13,3.1668807919843763e-13,3.166880836399018e-13,3.166880880815316e-13,3.166880925233231e-13,3.1668809696525634e-13,3.1668810140735456e-13,3.166881058496194e-13,3.166881102920367e-13,3.1668811473461934e-13,3.1668811917735083e-13,3.1668812362024246e-13,3.1668812806330125e-13,3.1668813250650913e-13,3.166881369498754e-13,3.166881413934101e-13,3.1668814583709485e-13,3.1668815028093766e-13,3.166881547249392e-13,3.1668815916910083e-13,3.166881636134198e-13,3.1668816805790346e-13,3.1668817250254255e-13,3.166881769473405e-13,3.166881813922948e-13,3.166881858374071e-13,3.166881902826793e-13,3.1668819472810897e-13,3.166881991737068e-13,3.166882036194544e-13,3.166882080653607e-13,3.1668821251143514e-13,3.1668821695766043e-13,3.166882214040428e-13,3.1668822585058534e-13,3.166882302972975e-13,3.1668823474415664e-13,3.1668823919117433e-13,3.166882436383516e-13,3.166882480856876e-13,3.1668825253318164e-13,3.1668825698083173e-13,3.1668826142865454e-13,3.16688265876627e-13,3.1668827032475675e-13,3.166882747730454e-13,3.1668827922148925e-13,3.1668828367009374e-13,3.166882881188598e-13,3.1668829256779125e-13,3.166882970168833e-13,3.1668830146612353e-13,3.1668830591552305e-13,3.1668831036508286e-13,3.166883148147952e-13,3.166883192646705e-13,3.166883237147098e-13,3.166883281649054e-13,3.166883326152658e-13,3.1668833706577727e-13,3.166883415164467e-13,3.1668834596728377e-13,3.166883504182701e-13,3.1668835486942455e-13,3.166883593207375e-13,3.1668836377220833e-13,3.1668836822382993e-13,3.166883726756087e-13,3.166883771275489e-13,3.16688381579645e-13,3.1668838603189746e-13,3.1668839048431126e-13,3.166883949368782e-13,3.166883993896079e-13,3.166884038424979e-13,3.166884082955565e-13,3.1668841274876334e-13,3.166884172021312e-13,3.166884216556557e-13,3.166884261093504e-13,3.166884305631949e-13,3.1668843501719547e-13,3.166884394713548e-13,3.1668844392567314e-13,3.166884483801486e-13,3.166884528347941e-13,3.166884572895999e-13,3.1668846174455025e-13,3.166884661996714e-13,3.166884706549438e-13,3.166884751103708e-13,3.166884795659671e-13,3.166884840217248e-13,3.166884884776357e-13,3.1668849293370857e-13,3.1668849738993233e-13,3.1668850184631027e-13,3.1668850630285286e-13,3.166885107595532e-13,3.1668851521641235e-13,3.1668851967343567e-13,3.166885241306119e-13,3.1668852858794674e-13,3.166885330454402e-13,3.1668853750310203e-13,3.1668854196091325e-13,3.1668854641888295e-13,3.1668855087701936e-13,3.166885553353047e-13,3.1668855979375096e-13,3.166885642523556e-13,3.166885687111232e-13,3.1668857317004437e-13,3.1668857762913296e-13,3.1668858208836636e-13,3.166885865477639e-13,3.1668859100731883e-13,3.1668859546704306e-13,3.166885999269162e-13,3.1668860438695716e-13,3.1668860884715693e-13,3.1668861330751603e-13,3.1668861776802887e-13,3.166886222287062e-13,3.166886266895333e-13,3.1668863115052255e-13,3.166886356116658e-13,3.1668864007296504e-13,3.166886445344244e-13,3.1668864899604226e-13,3.166886534578175e-13,3.166886579197536e-13,3.1668866238185057e-13,3.166886668441141e-13,3.166886713065372e-13,3.166886757691158e-13,3.1668868023184556e-13,3.1668868469472993e-13,3.1668868915778525e-13,3.1668869362098884e-13,3.166886980843536e-13,3.166887025478801e-13,3.1668870701156253e-13,3.1668871147541206e-13,3.166887159394131e-13,3.1668872040357136e-13,3.1668872486788855e-13,3.166887293323643e-13,3.166887337969971e-13,3.166887382617913e-13,3.166887427267422e-13,3.1668874719185215e-13,3.166887516571195e-13,3.1668875612254484e-13,3.1668876058814017e-13,3.166887650538932e-13,3.166887695198042e-13,3.166887739858663e-13,3.166887784520904e-13,3.1668878291847004e-13,3.166887873850081e-13,3.166887918517136e-13,3.166887963185689e-13,3.166888007855935e-13,3.166888052527636e-13,3.1668880972008947e-13,3.166888141875913e-13,3.1668881865523987e-13,3.1668882312305506e-13,3.1668882759102166e-13,3.166888320591524e-13,3.1668883652744545e-13,3.1668884099588764e-13,3.1668884546449956e-13,3.166888499332582e-13,3.166888544021754e-13,3.166888588712518e-13,3.166888633404856e-13,3.1668886780987605e-13,3.1668887227942845e-13,3.166888767491477e-13,3.166888812190173e-13,3.1668888568905415e-13,3.166888901592409e-13,3.166888946295866e-13,3.1668889910009e-13,3.166889035707527e-13,3.166889080415843e-13,3.166889125125729e-13,3.1668891698371763e-13,3.1668892145502345e-13,3.1668892592647977e-13,3.1668893039809447e-13,3.166889348698681e-13,3.1668893934179885e-13,3.16688943813891e-13,3.166889482861487e-13,3.166889527585555e-13,3.16688957231122e-13,3.166889617038491e-13,3.166889661767332e-13,3.166889706497747e-13,3.1668897512298354e-13,3.1668897959634666e-13,3.166889840698743e-13,3.166889885435494e-13,3.166889930173836e-13,3.166889974913802e-13,3.1668900196553064e-13,3.1668900643985115e-13,3.166890109143311e-13,3.1668901538896027e-13,3.166890198637383e-13,3.1668902433868635e-13,3.1668902881378945e-13,3.166890332890491e-13,3.1668903776447115e-13,3.1668904224006014e-13,3.1668904671579494e-13,3.166890511916946e-13,3.166890556677498e-13,3.1668906014396434e-13,3.1668906462033866e-13,3.1668906909687065e-13,3.166890735735704e-13,3.166890780504159e-13,3.1668908252742653e-13,3.1668908700460087e-13,3.166890914819265e-13,3.166890959594123e-13,3.166891004370546e-13,3.1668910491487145e-13,3.166891093928395e-13,3.1668911387094915e-13,3.166891183492261e-13,3.1668912282766143e-13,3.1668912730625107e-13,3.16689131785003e-13,3.1668913626392276e-13,3.1668914074299435e-13,3.166891452222234e-13,3.166891497016212e-13,3.1668915418117535e-13,3.166891586608799e-13,3.1668916314074333e-13,3.1668916762076423e-13,3.1668917210095335e-13,3.166891765812904e-13,3.1668918106178846e-13,3.166891855424418e-13,3.1668919002326117e-13,3.16689194504231e-13,3.166891989853608e-13,3.166892034666558e-13,3.166892079481055e-13,3.1668921242971937e-13,3.166892169114842e-13,3.166892213934072e-13,3.1668922587549136e-13,3.166892303577395e-13,3.1668923484013935e-13,3.1668923932270823e-13,3.16689243805429e-13,3.166892482883043e-13,3.166892527713552e-13,3.1668925725455114e-13,3.1668926173790283e-13,3.166892662214228e-13,3.1668927070510087e-13,3.166892751889328e-13,3.1668927967292955e-13,3.166892841570749e-13,3.166892886413885e-13,3.1668929312585015e-13,3.1668929761047603e-13,3.1668930209525635e-13,3.166893065801939e-13,3.1668931106529137e-13,3.1668931555054703e-13,3.166893200359604e-13,3.166893245215337e-13,3.166893290072733e-13,3.166893334931648e-13,3.166893379792165e-13,3.166893424654267e-13,3.166893469517925e-13,3.166893514383234e-13,3.1668935592500856e-13,3.1668936041185057e-13,3.166893648988529e-13,3.166893693860127e-13,3.166893738733304e-13,3.166893783608156e-13,3.166893828484465e-13,3.166893873362488e-13,3.1668939182420316e-13,3.166893963123134e-13,3.166894008005845e-13,3.1668940528902166e-13,3.1668940977760734e-13,3.16689414266362e-13,3.16689418755265e-13,3.166894232443227e-13,3.1668942773354406e-13,3.1668943222292234e-13,3.166894367124691e-13,3.1668944120216564e-13,3.1668944569202077e-13,3.1668945018203423e-13,3.166894546722143e-13,3.1668945916254527e-13,3.16689463653043e-13,3.1668946814369063e-13,3.166894726344972e-13,3.166894771254629e-13,3.166894816165867e-13,3.166894861078683e-13,3.166894905993177e-13,3.1668949509092626e-13,3.166894995826845e-13,3.1668950407460067e-13,3.1668950856667547e-13,3.1668951305891076e-13,3.1668951755130196e-13,3.1668952204385336e-13,3.1668952653656197e-13,3.166895310294305e-13,3.166895355224644e-13,3.166895400156502e-13,3.166895445089941e-13,3.1668954900250175e-13,3.1668955349616007e-13,3.1668955798997874e-13,3.166895624839556e-13,3.1668956697809167e-13,3.1668957147239916e-13,3.1668957596685175e-13,3.166895804614654e-13,3.1668958495623483e-13,3.1668958945116907e-13,3.1668959394626017e-13,3.166895984415059e-13,3.166896029369096e-13,3.166896074324744e-13,3.166896119281967e-13,3.166896164240851e-13,3.1668962092012325e-13,3.1668962541633213e-13,3.1668962991268313e-13,3.1668963440920635e-13,3.1668963890586007e-13,3.1668964340269287e-13,3.166896478996936e-13,3.166896523968404e-13,3.1668965689414574e-13,3.1668966139161367e-13,3.1668966588924735e-13,3.1668967038703117e-13,3.1668967488497277e-13,3.1668967938307346e-13,3.1668968388133156e-13,3.1668968837974945e-13,3.166896928783351e-13,3.1668969737706724e-13,3.166897018759505e-13,3.166897063750023e-13,3.166897108742128e-13,3.1668971537358306e-13,3.166897198731209e-13,3.166897243728019e-13,3.1668972887265524e-13,3.1668973337265954e-13,3.1668973787282236e-13,3.166897423731396e-13,3.1668974687361836e-13,3.166897513742543e-13,3.1668975587506776e-13,3.1668976037602354e-13,3.1668976487714643e-13,3.1668976937841655e-13,3.166897738798471e-13,3.16689778381434e-13,3.1668978288317963e-13,3.1668978738508406e-13,3.1668979188715353e-13,3.166897963893871e-13,3.1668980089176797e-13,3.1668980539431723e-13,3.1668980989702506e-13,3.16689814399882e-13,3.166898189029036e-13,3.1668982340607727e-13,3.1668982790940483e-13,3.1668983241289587e-13,3.166898369165542e-13,3.166898414203615e-13,3.1668984592433633e-13,3.166898504284699e-13,3.1668985493275345e-13,3.166898594372016e-13,3.166898639418014e-13,3.1668986844657074e-13,3.1668987295148814e-13,3.1668987745656276e-13,3.166898819617962e-13,3.166898864671896e-13,3.1668989097274344e-13,3.166898954784512e-13,3.166898999843209e-13,3.166899044903486e-13,3.1668990899653845e-13,3.166899135028909e-13,3.16689918009393e-13,3.1668992251605164e-13,3.166899270228802e-13,3.166899315298589e-13,3.1668993603699614e-13,3.1668994054430006e-13,3.166899450517622e-13,3.1668994955937326e-13,3.1668995406715444e-13,3.16689958575083e-13,3.1668996308317e-13,3.166899675914188e-13,3.1668997209982114e-13,3.166899766083835e-13,3.1668998111710455e-13,3.166899856259927e-13,3.166899901350404e-13,3.16689994644237e-13,3.1668999915359353e-13,3.1669000366311657e-13,3.1669000817279e-13,3.1669001268262026e-13,3.1669001719261484e-13,3.1669002170276246e-13,3.166900262130705e-13,3.166900307235358e-13,3.166900352341577e-13,3.166900397449487e-13,3.166900442558888e-13,3.1669004876699346e-13,3.166900532782536e-13,3.166900577896694e-13,3.1669006230125367e-13,3.1669006681299834e-13,3.1669007132490543e-13,3.1669007583696055e-13,3.1669008034917884e-13,3.166900848615463e-13,3.166900893740723e-13,3.16690093886756e-13,3.166900983995982e-13,3.166901029126071e-13,3.1669010742577085e-13,3.1669011193909864e-13,3.166901164525761e-13,3.1669012096621084e-13,3.166901254800132e-13,3.1669012999397497e-13,3.1669013450809466e-13,3.166901390223633e-13,3.166901435367905e-13,3.166901480513768e-13,3.166901525661256e-13,3.1669015708102836e-13,3.1669016159608943e-13,3.166901661113121e-13,3.166901706266909e-13,3.1669017514223734e-13,3.1669017965793227e-13,3.166901841737855e-13,3.1669018868980616e-13,3.166901932059761e-13,3.166901977223086e-13,3.1669020223879775e-13,3.1669020675545275e-13,3.166902112722669e-13,3.166902157892404e-13,3.166902203063635e-13,3.1669022482364444e-13,3.1669022934108345e-13,3.1669023385868185e-13,3.1669023837644175e-13,3.1669024289435736e-13,3.1669024741243655e-13,3.166902519306706e-13,3.166902564490613e-13,3.16690260967614e-13,3.1669026548631774e-13,3.1669027000518417e-13,3.166902745242081e-13,3.166902790433991e-13,3.166902835627408e-13,3.1669028808224104e-13,3.166902926018978e-13,3.1669029712171475e-13,3.1669030164168983e-13,3.1669030616182414e-13,3.166903106821226e-13,3.166903152025839e-13,3.1669031972319346e-13,3.166903242439614e-13,3.166903287648872e-13,3.166903332859722e-13,3.1669033780721483e-13,3.166903423286261e-13,3.166903468501945e-13,3.166903513719241e-13,3.166903558938e-13,3.166903604158362e-13,3.1669036493802887e-13,3.1669036946039133e-13,3.166903739829037e-13,3.1669037850557316e-13,3.1669038302841015e-13,3.1669038755140617e-13,3.1669039207455083e-13,3.166903965978547e-13,3.16690401121316e-13,3.1669040564494603e-13,3.166904101687236e-13,3.166904146926609e-13,3.1669041921676496e-13,3.1669042374101973e-13,3.1669042826543237e-13,3.1669043279000076e-13,3.16690437314733e-13,3.166904418396209e-13,3.166904463646761e-13,3.1669045088988387e-13,3.1669045541524657e-13,3.1669045994076715e-13,3.166904644664474e-13,3.166904689922952e-13,3.1669047351829254e-13,3.1669047804444997e-13,3.1669048257076365e-13,3.166904870972347e-13,3.166904916238677e-13,3.166904961506633e-13,3.166905006776115e-13,3.1669050520471995e-13,3.166905097319848e-13,3.1669051425940683e-13,3.1669051878699693e-13,3.166905233147406e-13,3.1669052784263893e-13,3.1669053237069583e-13,3.1669053689890995e-13,3.166905414272875e-13,3.1669054595582836e-13,3.1669055048451943e-13,3.1669055501337943e-13,3.1669055954239417e-13,3.1669056407156896e-13,3.16690568600894e-13,3.16690573130385e-13,3.1669057766003803e-13,3.1669058218984007e-13,3.1669058671979644e-13,3.1669059124991503e-13,3.166905957801909e-13,3.1669060031062574e-13,3.1669060484121855e-13,3.166906093719698e-13,3.1669061390287836e-13,3.16690618433954e-13,3.16690622965188e-13,3.1669062749657164e-13,3.1669063202811513e-13,3.166906365598158e-13,3.1669064109168057e-13,3.166906456237069e-13,3.1669065015588857e-13,3.1669065468822496e-13,3.166906592207271e-13,3.1669066375338695e-13,3.1669066828620746e-13,3.166906728191763e-13,3.1669067735230216e-13,3.1669068188558634e-13,3.1669068641902603e-13,3.166906909526279e-13,3.1669069548638906e-13,3.1669070002030777e-13,3.166907045543831e-13,3.1669070908862193e-13,3.1669071362302596e-13,3.1669071815757894e-13,3.1669072269228797e-13,3.1669072722716694e-13,3.1669073176218707e-13,3.166907362973736e-13,3.1669074083271857e-13,3.1669074536822767e-13,3.1669074990389076e-13,3.166907544397097e-13,3.1669075897569014e-13,3.1669076351182755e-13,3.166907680481218e-13,3.166907725845796e-13,3.1669077712119783e-13,3.166907816579778e-13,3.1669078619490245e-13,3.166907907319887e-13,3.16690795269235e-13,3.1669079980663855e-13,3.1669080434419833e-13,3.166908088819189e-13,3.1669081341979465e-13,3.166908179578345e-13,3.166908224960424e-13,3.166908270344068e-13,3.166908315729203e-13,3.1669083611159306e-13,3.1669084065043133e-13,3.166908451894201e-13,3.166908497285788e-13,3.166908542678838e-13,3.16690858807348e-13,3.166908633469702e-13,3.1669086788675174e-13,3.1669087242669245e-13,3.166908769667886e-13,3.1669088150704207e-13,3.166908860474565e-13,3.166908905880291e-13,3.166908951287587e-13,3.1669089966964565e-13,3.1669090421069364e-13,3.1669090875190026e-13,3.166909132932655e-13,3.1669091783479373e-13,3.1669092237647897e-13,3.1669092691832586e-13,3.166909314603333e-13,3.166909360024887e-13,3.1669094054480314e-13,3.1669094508728536e-13,3.166909496299201e-13,3.1669095417271066e-13,3.16690958715661e-13,3.1669096325876796e-13,3.1669096780203354e-13,3.1669097234545695e-13,3.16690976889045e-13,3.1669098143279015e-13,3.1669098597669106e-13,3.166909905207493e-13,3.166909950649662e-13,3.166909996093415e-13,3.166910041538735e-13,3.166910086985659e-13,3.166910132434105e-13,3.1669101778841695e-13,3.1669102233358337e-13,3.166910268789081e-13,3.166910314243927e-13,3.1669103597004305e-13,3.1669104051584304e-13,3.166910450618012e-13,3.1669104960792026e-13,3.1669105415419685e-13,3.1669105870062984e-13,3.166910632472357e-13,3.166910677939944e-13,3.1669107234091084e-13,3.166910768879863e-13,3.1669108143522116e-13,3.166910859826034e-13,3.1669109053015015e-13,3.1669109507785916e-13,3.1669109962572795e-13,3.166911041737576e-13,3.166911087219421e-13,3.1669111327027476e-13,3.1669111781876944e-13,3.1669112236742195e-13,3.166911269162346e-13,3.166911314652008e-13,3.1669113601432403e-13,3.1669114056361005e-13,3.1669114511305273e-13,3.166911496626536e-13,3.1669115421241257e-13,3.1669115876232887e-13,3.1669116331240536e-13,3.1669116786264584e-13,3.166911724130344e-13,3.1669117696358077e-13,3.1669118151429664e-13,3.1669118606516275e-13,3.166911906161988e-13,3.166911951673808e-13,3.1669119971873216e-13,3.1669120427023825e-13,3.166912088218965e-13,3.1669121337372e-13,3.166912179256959e-13,3.166912224778309e-13,3.166912270301239e-13,3.1669123158257597e-13,3.166912361351873e-13,3.1669124068796326e-13,3.166912452408899e-13,3.1669124979398296e-13,3.1669125434722545e-13,3.1669125890063525e-13,3.166912634541942e-13,3.166912680079122e-13,3.1669127256178706e-13,3.166912771158222e-13,3.1669128167002137e-13,3.1669128622436857e-13,3.16691290778879e-13,3.1669129533354795e-13,3.166912998883794e-13,3.166913044433647e-13,3.1669130899851093e-13,3.166913135538211e-13,3.166913181092821e-13,3.166913226649004e-13,3.166913272206775e-13,3.166913317766131e-13,3.1669133633270765e-13,3.166913408889602e-13,3.1669134544536635e-13,3.166913500019347e-13,3.1669135455866673e-13,3.1669135911555227e-13,3.166913636725961e-13,3.166913682297975e-13,3.166913727871655e-13,3.1669137734468517e-13,3.166913819023626e-13,3.166913864601964e-13,3.166913910181876e-13,3.166913955763428e-13,3.1669140013465175e-13,3.1669140469311804e-13,3.166914092517449e-13,3.166914138105288e-13,3.1669141836947203e-13,3.1669142292857304e-13,3.1669142748783935e-13,3.166914320472583e-13,3.1669143660683574e-13,3.1669144116657965e-13,3.166914457264771e-13,3.1669145028652934e-13,3.166914548467386e-13,3.166914594071076e-13,3.1669146396763603e-13,3.1669146852832027e-13,3.166914730891642e-13,3.166914776501659e-13,3.1669148221132653e-13,3.166914867726472e-13,3.1669149133412813e-13,3.166914958957628e-13,3.166915004575563e-13,3.1669150501950643e-13,3.166915095816158e-13,3.166915141438849e-13,3.1669151870631074e-13,3.166915232688954e-13,3.166915278316366e-13,3.166915323945383e-13,3.166915369575991e-13,3.1669154152081653e-13,3.1669154608419344e-13,3.166915506477303e-13,3.1669155521143347e-13,3.1669155977528486e-13,3.166915643393049e-13,3.1669156890348293e-13,3.166915734678129e-13,3.1669157803229694e-13,3.166915825969418e-13,3.1669158716174204e-13,3.16691591726708e-13,3.166915962918351e-13,3.166916008571127e-13,3.166916054225566e-13,3.166916099881595e-13,3.166916145539106e-13,3.166916191198209e-13,3.16691623685889e-13,3.166916282521215e-13,3.1669163281852364e-13,3.166916373850761e-13,3.1669164195177965e-13,3.166916465186362e-13,3.1669165108566257e-13,3.166916556528387e-13,3.166916602201827e-13,3.1669166478767616e-13,3.166916693553364e-13,3.1669167392314715e-13,3.1669167849111567e-13,3.1669168305924277e-13,3.166916876275364e-13,3.1669169219597866e-13,3.1669169676458997e-13,3.1669170133334856e-13,3.166917059022668e-13,3.166917104713435e-13,3.166917150405808e-13,3.1669171960997377e-13,3.166917241795258e-13,3.1669172874923457e-13,3.166917333191056e-13,3.1669173788914024e-13,3.1669174245932216e-13,3.166917470296653e-13,3.166917516001756e-13,3.1669175617083587e-13,3.1669176074165347e-13,3.166917653126377e-13,3.166917698837722e-13,3.166917744550747e-13,3.1669177902652095e-13,3.166917835981245e-13,3.166917881699007e-13,3.1669179274182644e-13,3.1669179731391076e-13,3.166918018861501e-13,3.1669180645855894e-13,3.166918110311133e-13,3.1669181560383947e-13,3.166918201767154e-13,3.1669182474975704e-13,3.1669182932295153e-13,3.1669183389630076e-13,3.166918384698069e-13,3.166918430434756e-13,3.166918476173046e-13,3.1669185219129363e-13,3.166918567654356e-13,3.166918613397349e-13,3.1669186591419217e-13,3.1669187048881383e-13,3.166918750635939e-13,3.16691879638533e-13,3.1669188421362467e-13,3.1669188878887454e-13,3.166918933642812e-13,3.166918979398459e-13,3.1669190251557996e-13,3.1669190709146253e-13,3.166919116675039e-13,3.1669191624371114e-13,3.166919208200691e-13,3.1669192539658583e-13,3.166919299732664e-13,3.166919345501027e-13,3.166919391271024e-13,3.1669194370425566e-13,3.1669194828157156e-13,3.166919528590412e-13,3.166919574366654e-13,3.16691962014446e-13,3.166919665923881e-13,3.166919711704868e-13,3.166919757487528e-13,3.166919803271701e-13,3.166919849057515e-13,3.1669198948449396e-13,3.1669199406339217e-13,3.1669199864243095e-13,3.166920032216404e-13,3.1669200780101084e-13,3.1669201238053676e-13,3.1669201696022495e-13,3.166920215400621e-13,3.1669202612005773e-13,3.1669203070022266e-13,3.1669203528052624e-13,3.166920398610079e-13,3.166920444416503e-13,3.166920490224396e-13,3.1669205360339066e-13,3.1669205818450193e-13,3.166920627657662e-13,3.1669206734718935e-13,3.166920719287687e-13,3.1669207651050775e-13,3.1669208109240526e-13,3.166920856744605e-13,3.166920902566747e-13,3.1669209483905616e-13,3.1669209942158566e-13,3.166921040042702e-13,3.166921085871165e-13,3.166921131701254e-13,3.1669211775328876e-13,3.1669212233661005e-13,3.16692126920089e-13,3.1669213150372266e-13,3.1669213608751914e-13,3.1669214067148383e-13,3.166921452555915e-13,3.166921498398626e-13,3.166921544242872e-13,3.166921590088833e-13,3.166921635936241e-13,3.166921681785267e-13,3.166921727635988e-13,3.166921773488309e-13,3.16692181934214e-13,3.166921865197548e-13,3.1669219110545056e-13,3.166921956913036e-13,3.166922002773218e-13,3.1669220486349585e-13,3.166922094498228e-13,3.166922140363092e-13,3.166922186229561e-13,3.166922232097592e-13,3.1669222779673043e-13,3.1669223238385016e-13,3.16692236971136e-13,3.166922415585534e-13,3.1669224614614783e-13,3.166922507338991e-13,3.1669225532181755e-13,3.1669225990989513e-13,3.166922644981228e-13,3.1669226908650563e-13,3.166922736750578e-13,3.16692278263768e-13,3.166922828526278e-13,3.166922874416441e-13,3.1669229203082384e-13,3.1669229662015466e-13,3.166923012096485e-13,3.166923057992997e-13,3.166923103891212e-13,3.1669231497908474e-13,3.1669231956921876e-13,3.1669232415951146e-13,3.166923287499542e-13,3.166923333405554e-13,3.166923379313068e-13,3.166923425222271e-13,3.1669234711330973e-13,3.166923517045454e-13,3.1669235629593567e-13,3.166923608874846e-13,3.1669236547918977e-13,3.1669237007106483e-13,3.1669237466308904e-13,3.1669237925528273e-13,3.166923838476417e-13,3.166923884401424e-13,3.1669239303280755e-13,3.1669239762562077e-13,3.1669240221860494e-13,3.1669240681173315e-13,3.1669241140502326e-13,3.166924159984767e-13,3.166924205920833e-13,3.166924251858467e-13,3.1669242977978055e-13,3.166924343738694e-13,3.1669243896811814e-13,3.1669244356251473e-13,3.1669244815707097e-13,3.166924527517857e-13,3.1669245734665625e-13,3.166924619416867e-13,3.166924665368743e-13,3.166924711322217e-13,3.166924757277251e-13,3.166924803233885e-13,3.166924849192085e-13,3.1669248951518596e-13,3.166924941113197e-13,3.1669249870761624e-13,3.166925033040689e-13,3.1669250790069134e-13,3.1669251249746103e-13,3.166925170943875e-13,3.1669252169147675e-13,3.166925262887254e-13,3.1669253088613013e-13,3.1669253548369024e-13,3.166925400814088e-13,3.166925446792954e-13,3.1669254927733106e-13,3.166925538755269e-13,3.1669255847387927e-13,3.1669256307239535e-13,3.1669256767107366e-13,3.166925722699098e-13,3.1669257686889126e-13,3.1669258146803193e-13,3.1669258606733047e-13,3.166925906667994e-13,3.166925952664168e-13,3.1669259986619634e-13,3.1669260446612536e-13,3.16692609066218e-13,3.16692613666469e-13,3.166926182668773e-13,3.166926228674436e-13,3.1669262746816986e-13,3.1669263206905405e-13,3.1669263667009737e-13,3.1669264127129725e-13,3.1669264587265945e-13,3.166926504741781e-13,3.166926550758544e-13,3.1669265967768425e-13,3.1669266427967647e-13,3.166926688818348e-13,3.166926734841427e-13,3.1669267808661387e-13,3.1669268268923925e-13,3.166926872920211e-13,3.166926918949637e-13,3.1669269649807174e-13,3.1669270110133725e-13,3.166927057047522e-13,3.16692710308324e-13,3.16692714912055e-13,3.1669271951595485e-13,3.1669272412000776e-13,3.166927287242229e-13,3.1669273332859315e-13,3.1669273793312634e-13,3.166927425378069e-13,3.166927471426464e-13,3.166927517476416e-13,3.1669275635279417e-13,3.1669276095810345e-13,3.1669276556357716e-13,3.1669277016920714e-13,3.1669277477499534e-13,3.166927793809506e-13,3.166927839870555e-13,3.16692788593318e-13,3.166927931997404e-13,3.166927978063191e-13,3.1669280241305497e-13,3.166928070199501e-13,3.16692811627002e-13,3.1669281623422215e-13,3.166928208416002e-13,3.1669282544912873e-13,3.1669283005681287e-13,3.1669283466465847e-13,3.16692839272677e-13,3.166928438808374e-13,3.1669284848915443e-13,3.16692853097639e-13,3.166928577062755e-13,3.166928623150769e-13,3.1669286692402685e-13,3.166928715331441e-13,3.1669287614241224e-13,3.166928807518404e-13,3.166928853614244e-13,3.1669288997116476e-13,3.166928945810708e-13,3.1669289919112757e-13,3.1669290380134207e-13,3.1669290841171657e-13,3.166929130222493e-13,3.166929176329384e-13,3.166929222437963e-13,3.1669292685480375e-13,3.166929314659775e-13,3.1669293607730904e-13,3.1669294068879117e-13,3.1669294530044057e-13,3.166929499122369e-13,3.1669295452419103e-13,3.1669295913630405e-13,3.166929637485765e-13,3.1669296836100734e-13,3.1669297297360565e-13,3.1669297758635254e-13,3.166929821992577e-13,3.1669298681232033e-13,3.1669299142554614e-13,3.1669299603893356e-13,3.1669300065246824e-13,3.166930052661641e-13,3.1669300988000195e-13,3.1669301449401546e-13,3.166930191081849e-13,3.166930237225228e-13,3.16693028337016e-13,3.166930329516565e-13,3.166930375664592e-13,3.166930421814188e-13,3.1669304679653813e-13,3.166930514118138e-13,3.1669305602725156e-13,3.166930606428533e-13,3.1669306525860497e-13,3.166930698745144e-13,3.1669307449058316e-13,3.166930791068192e-13,3.1669308372320293e-13,3.1669308833974256e-13,3.166930929564387e-13,3.1669309757329574e-13,3.166931021903183e-13,3.166931068074913e-13,3.1669311142482607e-13,3.166931160423156e-13,3.1669312065996536e-13,3.166931252777727e-13,3.166931298957382e-13,3.166931345138609e-13,3.1669313913214264e-13,3.1669314375058255e-13,3.1669314836918044e-13,3.1669315298793504e-13,3.1669315760684605e-13,3.1669316222592306e-13,3.1669316684515274e-13,3.1669317146454964e-13,3.1669317608409673e-13,3.1669318070380094e-13,3.166931853236632e-13,3.1669318994368314e-13,3.1669319456386395e-13,3.166931991842005e-13,3.166932038046915e-13,3.166932084253472e-13,3.1669321304616874e-13,3.1669321766714634e-13,3.1669322228827676e-13,3.1669322690957025e-13,3.1669323153101395e-13,3.166932361526162e-13,3.1669324077437647e-13,3.1669324539629454e-13,3.166932500183703e-13,3.1669325464060485e-13,3.1669325926300296e-13,3.1669326388555494e-13,3.1669326850826425e-13,3.166932731311324e-13,3.166932777541684e-13,3.1669328237735187e-13,3.1669328700069837e-13,3.1669329162419734e-13,3.166932962478546e-13,3.166933008716697e-13,3.166933054956429e-13,3.1669331011978605e-13,3.1669331474408514e-13,3.1669331936854236e-13,3.166933239931474e-13,3.166933286179114e-13,3.1669333324284015e-13,3.1669333786792613e-13,3.1669334249317045e-13,3.166933471185678e-13,3.1669335174412335e-13,3.1669335636983593e-13,3.1669336099568487e-13,3.166933656217141e-13,3.1669337024790404e-13,3.16693374874258e-13,3.1669337950076213e-13,3.166933841274246e-13,3.166933887542488e-13,3.1669339338122646e-13,3.166933980083625e-13,3.1669340263566136e-13,3.166934072631136e-13,3.1669341189072406e-13,3.1669341651850086e-13,3.166934211464279e-13,3.166934257745179e-13,3.166934304027654e-13,3.166934350311679e-13,3.1669343965972844e-13,3.166934442884481e-13,3.166934489173231e-13,3.1669345354635846e-13,3.166934581755568e-13,3.166934628049047e-13,3.166934674344123e-13,3.1669347206408667e-13,3.1669347669389603e-13,3.1669348132387765e-13,3.16693485954016e-13,3.1669349058431374e-13,3.166934952147697e-13,3.166934998453831e-13,3.1669350447615e-13,3.166935091070794e-13,3.1669351373816684e-13,3.1669351836941185e-13,3.1669352300081594e-13,3.1669352763238724e-13,3.1669353226410294e-13,3.1669353689597944e-13,3.1669354152801785e-13,3.16693546160221e-13,3.1669355079257364e-13,3.1669355542508476e-13,3.1669356005776416e-13,3.1669356469059007e-13,3.16693569323567e-13,3.166935739567102e-13,3.166935785900115e-13,3.166935832234748e-13,3.166935878570945e-13,3.1669359249087176e-13,3.1669359712481207e-13,3.166936017588842e-13,3.1669360639313486e-13,3.1669361102754263e-13,3.166936156621102e-13,3.1669362029683623e-13,3.166936249317166e-13,3.1669362956675547e-13,3.166936342019538e-13,3.1669363883730827e-13,3.166936434728222e-13,3.1669364810849413e-13,3.1669365274432483e-13,3.1669365738031537e-13,3.1669366201646187e-13,3.1669366665276684e-13,3.166936712892351e-13,3.166936759258592e-13,3.1669368056261714e-13,3.166936851995551e-13,3.166936898366499e-13,3.1669369447391087e-13,3.1669369911132383e-13,3.1669370374889336e-13,3.1669370838661894e-13,3.1669371302450396e-13,3.1669371766254735e-13,3.166937223007493e-13,3.1669372693912044e-13,3.166937315776437e-13,3.166937362163245e-13,3.166937408551576e-13,3.166937454941574e-13,3.1669375013330965e-13,3.1669375477261583e-13,3.166937594120837e-13,3.166937640517108e-13,3.1669376869149075e-13,3.1669377333143034e-13,3.16693777971528e-13,3.1669378261178395e-13,3.166937872521958e-13,3.1669379189276733e-13,3.1669379653349735e-13,3.1669380117438595e-13,3.1669380581543055e-13,3.1669381045663353e-13,3.166938150979958e-13,3.1669381973951336e-13,3.1669382438118835e-13,3.166938290230205e-13,3.1669383366501325e-13,3.166938383071734e-13,3.1669384294948383e-13,3.1669384759195055e-13,3.166938522345785e-13,3.166938568773723e-13,3.166938615203134e-13,3.1669386616341117e-13,3.1669387080667766e-13,3.166938754501032e-13,3.1669388009368587e-13,3.1669388473741725e-13,3.166938893813075e-13,3.16693894025357e-13,3.1669389866956487e-13,3.166939033139302e-13,3.166939079584534e-13,3.1669391260315077e-13,3.166939172479901e-13,3.166939218929927e-13,3.1669392653814844e-13,3.166939311834626e-13,3.166939358289365e-13,3.166939404745614e-13,3.166939451203497e-13,3.1669394976629486e-13,3.1669395441240544e-13,3.166939590586668e-13,3.166939637050859e-13,3.166939683516628e-13,3.1669397299840347e-13,3.1669397764530033e-13,3.1669398229235275e-13,3.1669398693956233e-13,3.1669399158692994e-13,3.16693996234454e-13,3.1669400088213615e-13,3.1669400552997863e-13,3.1669401017797657e-13,3.1669401482613314e-13,3.166940194744537e-13,3.1669402412292575e-13,3.1669402877156e-13,3.1669403342035127e-13,3.16694038069307e-13,3.1669404271841434e-13,3.166940473676735e-13,3.166940520170952e-13,3.166940566666814e-13,3.166940613164199e-13,3.1669406596631925e-13,3.166940706163744e-13,3.1669407526658593e-13,3.166940799169565e-13,3.1669408456748415e-13,3.1669408921817e-13,3.166940938690133e-13,3.1669409852002417e-13,3.166941031711914e-13,3.1669410782250956e-13,3.1669411247398394e-13,3.1669411712561957e-13,3.1669412177741525e-13,3.166941264293637e-13,3.16694131081471e-13,3.166941357337385e-13,3.166941403861619e-13,3.1669414503874387e-13,3.1669414969148224e-13,3.166941543443832e-13,3.166941589974347e-13,3.166941636506503e-13,3.166941683040222e-13,3.1669417295756215e-13,3.166941776112588e-13,3.16694182265113e-13,3.166941869191165e-13,3.166941915732784e-13,3.166941962275969e-13,3.166942008820747e-13,3.166942055367091e-13,3.166942101915036e-13,3.16694214846455e-13,3.166942195015732e-13,3.166942241568403e-13,3.166942288122687e-13,3.166942334678562e-13,3.1669423812359857e-13,3.1669424277949986e-13,3.166942474355582e-13,3.166942520917741e-13,3.166942567481452e-13,3.166942614046689e-13,3.166942660613612e-13,3.1669427071821823e-13,3.1669427537522257e-13,3.1669428003239164e-13,3.166942846896938e-13,3.1669428934717356e-13,3.1669429400481327e-13,3.1669429866261025e-13,3.166943033205638e-13,3.166943079786845e-13,3.166943126369545e-13,3.1669431729537796e-13,3.166943219539605e-13,3.1669432661271084e-13,3.1669433127162157e-13,3.166943359306834e-13,3.1669434058990144e-13,3.1669434524928477e-13,3.1669434990881644e-13,3.1669435456850966e-13,3.166943592283587e-13,3.166943638883518e-13,3.166943685485173e-13,3.166943732088422e-13,3.16694377869324e-13,3.166943825299634e-13,3.166943871907603e-13,3.166943918517128e-13,3.1669439651282545e-13,3.166944011740968e-13,3.166944058355291e-13,3.1669441049712266e-13,3.166944151588471e-13,3.166944198207503e-13,3.1669442448280756e-13,3.166944291450246e-13,3.1669443380740973e-13,3.166944384699448e-13,3.166944431326368e-13,3.166944477954881e-13,3.166944524585031e-13,3.1669445712166983e-13,3.166944617849936e-13,3.1669446644847475e-13,3.166944711121113e-13,3.166944757759194e-13,3.166944804398746e-13,3.1669448510398906e-13,3.1669448976826167e-13,3.166944944326955e-13,3.1669449909728393e-13,3.1669450376203334e-13,3.1669450842693633e-13,3.1669451309199825e-13,3.166945177572269e-13,3.166945224226056e-13,3.1669452708814624e-13,3.166945317538364e-13,3.166945364196877e-13,3.16694541085709e-13,3.1669454575187617e-13,3.16694550418201e-13,3.166945550846833e-13,3.1669455975133436e-13,3.1669456441811284e-13,3.1669456908507115e-13,3.166945737521868e-13,3.1669457841945893e-13,3.1669458308688865e-13,3.1669458775447836e-13,3.166945924222254e-13,3.166945970901314e-13,3.166946017582008e-13,3.166946064264236e-13,3.166946110948075e-13,3.1669461576334336e-13,3.166946204320447e-13,3.166946251008973e-13,3.166946297699069e-13,3.1669463443907735e-13,3.166946391083991e-13,3.1669464377788346e-13,3.166946484475245e-13,3.166946531173253e-13,3.1669465778728386e-13,3.1669466245739985e-13,3.166946671276745e-13,3.1669467179810745e-13,3.1669467646870533e-13,3.166946811394422e-13,3.1669468581034856e-13,3.166946904814114e-13,3.166946951526338e-13,3.1669469982401417e-13,3.16694704495552e-13,3.1669470916724865e-13,3.166947138391159e-13,3.16694718511127e-13,3.1669472318330295e-13,3.166947278556309e-13,3.166947325281161e-13,3.166947372007693e-13,3.166947418735718e-13,3.166947465465135e-13,3.1669475121963076e-13,3.166947558929062e-13,3.1669476056634774e-13,3.166947652399469e-13,3.1669476991369526e-13,3.1669477458761034e-13,3.166947792616757e-13,3.1669478393590156e-13,3.1669478861028214e-13,3.166947932848255e-13,3.1669479795952777e-13,3.1669480263439105e-13,3.166948073094025e-13,3.1669481198457423e-13,3.1669481665991214e-13,3.166948213354083e-13,3.166948260110548e-13,3.166948306868557e-13,3.1669483536282107e-13,3.166948400389385e-13,3.166948447152205e-13,3.1669484939165396e-13,3.1669485406824445e-13,3.166948587449939e-13,3.166948634219014e-13,3.1669486809896733e-13,3.1669487277618583e-13,3.16694877453576e-13,3.166948821311186e-13,3.1669488680882484e-13,3.166948914866891e-13,3.166948961647035e-13,3.1669490084287977e-13,3.1669490552120747e-13,3.166949101997024e-13,3.1669491487834525e-13,3.16694919557148e-13,3.1669492423610643e-13,3.166949289152328e-13,3.1669493359451713e-13,3.166949382739495e-13,3.1669494295354257e-13,3.166949476332908e-13,3.166949523131986e-13,3.166949569932691e-13,3.1669496167349634e-13,3.1669496635388625e-13,3.166949710344262e-13,3.1669497571512155e-13,3.166949803959844e-13,3.1669498507699703e-13,3.166949897581698e-13,3.1669499443949896e-13,3.1669499912098287e-13,3.166950038026278e-13,3.1669500848443026e-13,3.1669501316639117e-13,3.166950178485262e-13,3.166950225308058e-13,3.1669502721324407e-13,3.1669503189584384e-13,3.166950365785937e-13,3.16695041261506e-13,3.1669504594457764e-13,3.1669505062780174e-13,3.166950553111831e-13,3.166950599947226e-13,3.1669506467843137e-13,3.1669506936228964e-13,3.166950740463047e-13,3.166950787304807e-13,3.1669508341480905e-13,3.166950880992984e-13,3.1669509278394594e-13,3.166950974687488e-13,3.1669510215371316e-13,3.166951068388299e-13,3.1669511152410814e-13,3.166951162095436e-13,3.1669512089513915e-13,3.166951255808961e-13,3.1669513026680524e-13,3.1669513495287075e-13,3.166951396390937e-13,3.1669514432546187e-13,3.16695149012001e-13,3.166951536986975e-13,3.1669515838555884e-13,3.166951630725569e-13,3.166951677597191e-13,3.1669517244704683e-13,3.1669517713453184e-13,3.1669518182218396e-13,3.166951865099848e-13,3.166951911979513e-13,3.1669519588606913e-13,3.166952005743449e-13,3.166952052627769e-13,3.166952099513676e-13,3.1669521464012003e-13,3.166952193290329e-13,3.166952240180921e-13,3.1669522870731453e-13,3.166952333966909e-13,3.1669523808622547e-13,3.16695242775921e-13,3.1669524746578006e-13,3.166952521557911e-13,3.166952568459634e-13,3.1669526153629136e-13,3.166952662267815e-13,3.166952709174207e-13,3.1669527560822085e-13,3.166952802991787e-13,3.1669528499029627e-13,3.166952896815782e-13,3.1669529437301353e-13,3.166952990646122e-13,3.1669530375635956e-13,3.1669530844826597e-13,3.1669531314033026e-13,3.166953178325517e-13,3.1669532252493034e-13,3.166953272174632e-13,3.1669533191015883e-13,3.1669533660301253e-13,3.166953412960318e-13,3.1669534598920113e-13,3.1669535068250993e-13,3.1669535537599457e-13,3.1669536006963805e-13,3.1669536476343914e-13,3.1669536945738044e-13,3.166953741514781e-13,3.1669537884575246e-13,3.1669538354019383e-13,3.16695388234782e-13,3.1669539292951945e-13,3.166953976244271e-13,3.166954023194979e-13,3.1669540701471957e-13,3.1669541171010404e-13,3.166954164056393e-13,3.166954211013342e-13,3.1669542579718743e-13,3.1669543049319804e-13,3.166954351893746e-13,3.1669543988571066e-13,3.166954445822042e-13,3.1669544927884563e-13,3.1669545397564707e-13,3.166954586726085e-13,3.166954633697231e-13,3.166954680669923e-13,3.166954727644272e-13,3.166954774620182e-13,3.166954821597734e-13,3.166954868576775e-13,3.1669549155574003e-13,3.1669549625396273e-13,3.1669550095234543e-13,3.1669550565088146e-13,3.166955103495779e-13,3.1669551504843784e-13,3.166955197474545e-13,3.1669552444662116e-13,3.1669552914594484e-13,3.166955338454367e-13,3.1669553854508843e-13,3.166955432448882e-13,3.166955479448448e-13,3.1669555264496343e-13,3.166955573452395e-13,3.166955620456716e-13,3.1669556674625985e-13,3.1669557144700464e-13,3.166955761478922e-13,3.1669558084895743e-13,3.1669558555018624e-13,3.1669559025156313e-13,3.1669559495310107e-13,3.166955996547993e-13,3.1669560435665556e-13,3.1669560905866344e-13,3.166956137608294e-13,3.166956184631597e-13,3.1669562316564147e-13,3.1669562786828967e-13,3.166956325710911e-13,3.1669563727404626e-13,3.1669564197716223e-13,3.1669564668043617e-13,3.166956513838652e-13,3.166956560874532e-13,3.16695660791196e-13,3.1669566549509854e-13,3.1669567019915826e-13,3.166956749033748e-13,3.166956796077498e-13,3.1669568431228173e-13,3.1669568901697345e-13,3.1669569372181426e-13,3.1669569842682086e-13,3.166957031319861e-13,3.1669570783730386e-13,3.16695712542784e-13,3.166957172484141e-13,3.1669572195420987e-13,3.1669572666016503e-13,3.166957313662858e-13,3.1669573607255563e-13,3.166957407789868e-13,3.166957454855732e-13,3.1669575019231114e-13,3.1669575489921197e-13,3.166957596062686e-13,3.1669576431348533e-13,3.166957690208591e-13,3.166957737283822e-13,3.1669577843608074e-13,3.166957831439277e-13,3.1669578785193334e-13,3.16695792560097e-13,3.166957972684158e-13,3.166958019768942e-13,3.1669580668553064e-13,3.1669581139432716e-13,3.166958161032839e-13,3.166958208123919e-13,3.1669582552166083e-13,3.166958302310857e-13,3.1669583494067155e-13,3.1669583965041875e-13,3.1669584436032225e-13,3.166958490703873e-13,3.166958537805995e-13,3.1669585849097913e-13,3.1669586320151564e-13,3.1669586791221234e-13,3.1669587262306677e-13,3.16695877334061e-13,3.1669588204520804e-13,3.1669588675652664e-13,3.166958914680025e-13,3.166958961796371e-13,3.166959008914312e-13,3.1669590560338287e-13,3.166959103154975e-13,3.1669591502776254e-13,3.16695919740171e-13,3.166959244527514e-13,3.166959291654944e-13,3.166959338783905e-13,3.1669593859144784e-13,3.166959433046598e-13,3.1669594801803374e-13,3.166959527315613e-13,3.166959574452513e-13,3.1669596215909435e-13,3.166959668730937e-13,3.166959715872605e-13,3.166959763015769e-13,3.1669598101604966e-13,3.1669598573068057e-13,3.166959904454814e-13,3.1669599516041374e-13,3.1669599987552867e-13,3.166960045907985e-13,3.1669600930622554e-13,3.1669601402180374e-13,3.166960187375396e-13,3.1669602345343406e-13,3.1669602816948704e-13,3.1669603288570204e-13,3.166960376020715e-13,3.166960423186046e-13,3.1669604703529274e-13,3.1669605175214246e-13,3.1669605646914086e-13,3.1669606118630476e-13,3.166960659036182e-13,3.166960706210903e-13,3.166960753387224e-13,3.16696080056511e-13,3.166960847744554e-13,3.1669608949255836e-13,3.166960942108206e-13,3.1669609892924486e-13,3.166961036478288e-13,3.1669610836656276e-13,3.1669611308545736e-13,3.166961178045073e-13,3.166961225237129e-13,3.1669612724307773e-13,3.1669613196261074e-13,3.1669613668229056e-13,3.166961414021246e-13,3.1669614612211635e-13,3.1669615084227126e-13,3.166961555625837e-13,3.16696160283056e-13,3.1669616500368377e-13,3.1669616972447517e-13,3.166961744454206e-13,3.1669617916652007e-13,3.1669618388776954e-13,3.166961886091933e-13,3.166961933307622e-13,3.166961980524917e-13,3.1669620277437915e-13,3.1669620749639643e-13,3.1669621221859263e-13,3.166962169409594e-13,3.1669622166348475e-13,3.1669622638615765e-13,3.1669623110899347e-13,3.1669623583198656e-13,3.1669624055513606e-13,3.166962452784268e-13,3.166962500018937e-13,3.1669625472551705e-13,3.166962594492987e-13,3.166962641732382e-13,3.1669626889734046e-13,3.1669627362159527e-13,3.1669627834600573e-13,3.166962830705767e-13,3.1669628779530497e-13,3.166962925201905e-13,3.166962972452392e-13,3.1669630197043927e-13,3.166963066958043e-13,3.166963114213238e-13,3.166963161469985e-13,3.1669632087283585e-13,3.166963255988298e-13,3.166963303249762e-13,3.1669633505128165e-13,3.166963397777488e-13,3.16696344504368e-13,3.1669634923115896e-13,3.1669635395810686e-13,3.166963586852e-13,3.1669636341245143e-13,3.1669636813986103e-13,3.1669637286743663e-13,3.166963775951708e-13,3.166963823230614e-13,3.1669638705110814e-13,3.1669639177930115e-13,3.1669639650765653e-13,3.1669640123617033e-13,3.1669640596484175e-13,3.1669641069366933e-13,3.1669641542265827e-13,3.166964201518001e-13,3.16696424881105e-13,3.166964296105609e-13,3.1669643434017704e-13,3.16696439069961e-13,3.1669644379989455e-13,3.166964485299841e-13,3.1669645326023436e-13,3.166964579906479e-13,3.1669646272121687e-13,3.1669646745194423e-13,3.166964721828302e-13,3.1669647691386984e-13,3.1669648164507133e-13,3.16696486376428e-13,3.1669649110793787e-13,3.166964958396086e-13,3.1669650057143156e-13,3.1669650530341877e-13,3.1669651003556224e-13,3.166965147678412e-13,3.1669651950029837e-13,3.166965242329159e-13,3.1669652896568957e-13,3.166965336986194e-13,3.166965384316986e-13,3.1669654316494377e-13,3.1669654789834665e-13,3.1669655263190694e-13,3.16696557365625e-13,3.1669656209949584e-13,3.1669656683353454e-13,3.166965715677269e-13,3.166965763020756e-13,3.1669658103657104e-13,3.1669658577124356e-13,3.16696590506075e-13,3.16696595241053e-13,3.166965999761904e-13,3.166966047114884e-13,3.1669660944695266e-13,3.166966141825651e-13,3.166966189183363e-13,3.166966236542653e-13,3.166966283903485e-13,3.1669663312659637e-13,3.1669663786299585e-13,3.1669664259955397e-13,3.1669664733627187e-13,3.166966520731309e-13,3.166966568101605e-13,3.16696661547349e-13,3.166966662847005e-13,3.166966710222005e-13,3.1669667575986385e-13,3.1669668049767904e-13,3.166966852356534e-13,3.166966899737875e-13,3.166966947120815e-13,3.166966994505299e-13,3.166967041891382e-13,3.1669670892790087e-13,3.1669671366682653e-13,3.16696718405906e-13,3.166967231451509e-13,3.1669672788454644e-13,3.166967326240879e-13,3.1669673736379776e-13,3.16696742103668e-13,3.166967468436932e-13,3.166967515838776e-13,3.1669675632421906e-13,3.166967610647179e-13,3.166967658053786e-13,3.166967705461931e-13,3.166967752871604e-13,3.166967800282912e-13,3.166967847695769e-13,3.166967895110213e-13,3.1669679425262397e-13,3.1669679899438195e-13,3.1669680373630826e-13,3.166968084783843e-13,3.166968132206179e-13,3.166968179630087e-13,3.1669682270555763e-13,3.16696827448264e-13,3.166968321911283e-13,3.166968369341515e-13,3.16696841677331e-13,3.1669684642066913e-13,3.166968511641672e-13,3.1669685590782234e-13,3.1669686065163136e-13,3.1669686539560784e-13,3.1669687013973256e-13,3.1669687488401454e-13,3.1669687962845495e-13,3.1669688437305637e-13,3.166968891178109e-13,3.1669689386272434e-13,3.1669689860779417e-13,3.166969033530246e-13,3.166969080984102e-13,3.1669691284395273e-13,3.1669691758965714e-13,3.1669692233551584e-13,3.1669692708153397e-13,3.1669693182770887e-13,3.166969365740424e-13,3.166969413205329e-13,3.166969460671795e-13,3.1669695081399067e-13,3.1669695556095367e-13,3.1669696030807555e-13,3.1669696505535334e-13,3.1669696980279743e-13,3.1669697455038955e-13,3.166969792981432e-13,3.1669698404605614e-13,3.1669698879412415e-13,3.1669699354234923e-13,3.166969982907313e-13,3.1669700303927254e-13,3.166970077879728e-13,3.1669701253683286e-13,3.1669701728584695e-13,3.166970220350171e-13,3.1669702678434385e-13,3.166970315338296e-13,3.1669703628347325e-13,3.16697041033274e-13,3.1669704578321026e-13,3.166970505333263e-13,3.1669705528360164e-13,3.166970600340324e-13,3.1669706478462113e-13,3.166970695353695e-13,3.1669707428627256e-13,3.1669707903733476e-13,3.1669708378855347e-13,3.1669708853992576e-13,3.1669709329145744e-13,3.166970980431499e-13,3.1669710279499825e-13,3.1669710754700946e-13,3.1669711229917444e-13,3.166971170514988e-13,3.166971218039826e-13,3.166971265566259e-13,3.166971313094214e-13,3.166971360623832e-13,3.166971408154974e-13,3.1669714556876607e-13,3.166971503221923e-13,3.1669715507577504e-13,3.1669715982949887e-13,3.1669716458339905e-13,3.1669716933746776e-13,3.1669717409168126e-13,3.1669717884605364e-13,3.16697183600582e-13,3.1669718835526017e-13,3.166971931101001e-13,3.1669719786510303e-13,3.166972026202641e-13,3.166972073755817e-13,3.1669721213105524e-13,3.1669721688669203e-13,3.1669722164248684e-13,3.166972263984345e-13,3.166972311545385e-13,3.166972359108012e-13,3.166972406672218e-13,3.166972454238007e-13,3.166972501805332e-13,3.1669725493743136e-13,3.166972596944883e-13,3.1669726445170573e-13,3.1669726920907064e-13,3.166972739665971e-13,3.166972787242796e-13,3.1669728348211916e-13,3.1669728824011577e-13,3.1669729299826893e-13,3.1669729775658597e-13,3.1669730251505574e-13,3.166973072736833e-13,3.166973120324701e-13,3.166973167914123e-13,3.166973215505129e-13,3.16697326309777e-13,3.1669733106919255e-13,3.166973358287691e-13,3.166973405884989e-13,3.166973453483911e-13,3.1669735010843754e-13,3.1669735486863846e-13,3.166973596290033e-13,3.166973643895204e-13,3.166973691501964e-13,3.166973739110344e-13,3.1669737867202776e-13,3.166973834331792e-13,3.166973881944846e-13,3.1669739295594893e-13,3.1669739771757086e-13,3.166974024793504e-13,3.166974072412903e-13,3.1669741200339484e-13,3.1669741676564584e-13,3.1669742152805996e-13,3.1669742629063393e-13,3.166974310533605e-13,3.166974358162425e-13,3.1669744057928276e-13,3.1669744534248393e-13,3.166974501058395e-13,3.166974548693524e-13,3.166974596330231e-13,3.166974643968495e-13,3.1669746916083604e-13,3.166974739249763e-13,3.1669747868927977e-13,3.16697483453738e-13,3.166974882183544e-13,3.1669749298312776e-13,3.166974977480642e-13,3.1669750251315305e-13,3.1669750727840343e-13,3.1669751204381694e-13,3.166975168093748e-13,3.1669752157510375e-13,3.16697526340979e-13,3.1669753110701346e-13,3.1669753587320094e-13,3.1669754063955043e-13,3.166975454060627e-13,3.166975501727215e-13,3.1669755493954725e-13,3.1669755970653333e-13,3.166975644736778e-13,3.166975692409829e-13,3.1669757400843695e-13,3.1669757877604675e-13,3.1669758354381553e-13,3.166975883117408e-13,3.166975930798323e-13,3.166975978480721e-13,3.1669760261647853e-13,3.1669760738503426e-13,3.1669761215372837e-13,3.1669761692259727e-13,3.1669762169162545e-13,3.166976264608192e-13,3.1669763123016337e-13,3.166976359996629e-13,3.166976407693237e-13,3.1669764553913997e-13,3.1669765030911787e-13,3.166976550792462e-13,3.166976598495483e-13,3.1669766461999804e-13,3.1669766939060203e-13
5,0.0,0.0,0.0,0.0,0.0,0.0,0.0,0.0,0.0,0.0,0.0,0.0,0.0,0.0,0.0,0.0,0.0,0.0,0.0,0.0,0.0,0.0,0.0,0.0,0.0,0.0,0.0,0.0,0.0,0.0,0.0,0.0,0.0,0.0,0.0,0.0,0.0,0.0,0.0,0.0,0.0,0.0,0.0,0.0,0.0,0.0,0.0,0.0,0.0,0.0,0.0,0.0,0.0,0.0,0.0,0.0,0.0,0.0,0.0,0.0,0.0,0.0,0.0,0.0,0.0,0.0,0.0,0.0,0.0,0.0,0.0,0.0,0.0,0.0,0.0,0.0,0.0,0.0,0.0,0.0,0.0,0.0,0.0,0.0,0.0,0.0,0.0,0.0,0.0,0.0,0.0,0.0,0.0,0.0,0.0,0.0,0.0,0.0,0.0,0.0,0.0,0.0,0.0,0.0,0.0,0.0,0.0,0.0,0.0,0.0,0.0,0.0,0.0,0.0,0.0,0.0,0.0,0.0,0.0,0.0,0.0,0.0,0.0,0.0,0.0,0.0,0.0,0.0,0.0,0.0,0.0,0.0,0.0,0.0,0.0,0.0,0.0,0.0,0.0,0.0,0.0,0.0,0.0,0.0,0.0,0.0,0.0,0.0,0.0,0.0,0.0,0.0,0.0,0.0,0.0,0.0,0.0,0.0,0.0,0.0,0.0,0.0,0.0,0.0,0.0,0.0,0.0,0.0,0.0,0.0,0.0,0.0,0.0,0.0,0.0,0.0,0.0,0.0,0.0,0.0,0.0,0.0,0.0,0.0,0.0,0.0,0.0,0.0,0.0,0.0,0.0,0.0,0.0,0.0,0.0,0.0,0.0,0.0,0.0,0.0,0.0,0.0,0.0,0.0,0.0,0.0,0.0,0.0,0.0,0.0,0.0,0.0,0.0,0.0,0.0,0.0,0.0,0.0,0.0,0.0,0.0,0.0,0.0,0.0,0.0,0.0,0.0,0.0,0.0,0.0,0.0,0.0,0.0,0.0,0.0,0.0,0.0,0.0,0.0,0.0,0.0,0.0,0.0,0.0,0.0,0.0,0.0,0.0,0.0,0.0,0.0,0.0,0.0,0.0,0.0,0.0,0.0,0.0,0.0,0.0,0.0,0.0,0.0,0.0,0.0,0.0,0.0,0.0,0.0,0.0,0.0,0.0,0.0,0.0,0.0,0.0,0.0,0.0,0.0,0.0,0.0,0.0,0.0,0.0,0.0,0.0,0.0,0.0,0.0,0.0,0.0,0.0,0.0,0.0,0.0,0.0,0.0,0.0,0.0,0.0,0.0,0.0,0.0,0.0,0.0,0.0,0.0,0.0,0.0,0.0,0.0,0.0,0.0,0.0,0.0,0.0,0.0,0.0,0.0,0.0,0.0,0.0,0.0,0.0,0.0,0.0,0.0,0.0,0.0,0.0,0.0,0.0,0.0,0.0,0.0,0.0,0.0,0.0,0.0,0.0,0.0,0.0,0.0,0.0,0.0,0.0,0.0,0.0,0.0,0.0,0.0,0.0,0.0,0.0,0.0,0.0,0.0,0.0,0.0,0.0,0.0,0.0,0.0,0.0,0.0,0.0,0.0,0.0,0.0,0.0,0.0,0.0,0.0,0.0,0.0,0.0,0.0,0.0,0.0,0.0,0.0,0.0,0.0,0.0,0.0,0.0,0.0,0.0,0.0,0.0,0.0,0.0,0.0,0.0,0.0,0.0,0.0,0.0,0.0,0.0,0.0,0.0,0.0,0.0,0.0,0.0,0.0,0.0,0.0,0.0,0.0,0.0,0.0,0.0,0.0,0.0,0.0,0.0,0.0,0.0,0.0,0.0,0.0,0.0,0.0,0.0,0.0,0.0,0.0,0.0,0.0,0.0,0.0,0.0,0.0,0.0,0.0,0.0,0.0,0.0,0.0,0.0,0.0,0.0,0.0,0.0,0.0,0.0,0.0,0.0,0.0,0.0,0.0,0.0,0.0,0.0,0.0,0.0,0.0,0.0,0.0,0.0,0.0,0.0,0.0,0.0,0.0,0.0,0.0,0.0,0.0,0.0,0.0,0.0,0.0,0.0,0.0,0.0,0.0,0.0,0.0,0.0,0.0,0.0,0.0,0.0,0.0,0.0,0.0,0.0,0.0,0.0,0.0,0.0,0.0,0.0,0.0,0.0,0.0,0.0,0.0,0.0,0.0,0.0,0.0,0.0,0.0,0.0,0.0,0.0,0.0,0.0,0.0,0.0,0.0,0.0,0.0,0.0,0.0,0.0,0.0,0.0,0.0,0.0,0.0,0.0,0.0,0.0,0.0,0.0,0.0,0.0,0.0,0.0,0.0,0.0,0.0,0.0,0.0,0.0,0.0,0.0,0.0,0.0,0.0,0.0,0.0,0.0,0.0,0.0,0.0,0.0,0.0,0.0,0.0,0.0,0.0,0.0,0.0,0.0,0.0,0.0,0.0,0.0,0.0,0.0,0.0,0.0,0.0,0.0,0.0,0.0,0.0,0.0,0.0,0.0,0.0,0.0,0.0,0.0,0.0,0.0,0.0,0.0,0.0,0.0,0.0,0.0,0.0,0.0,0.0,0.0,0.0,0.0,0.0,0.0,0.0,0.0,0.0,0.0,0.0,0.0,0.0,0.0,0.0,0.0,0.0,0.0,0.0,0.0,0.0,0.0,0.0,0.0,0.0,0.0,0.0,0.0,0.0,0.0,0.0,0.0,0.0,0.0,0.0,0.0,0.0,0.0,0.0,0.0,0.0,0.0,0.0,0.0,0.0,0.0,0.0,0.0,0.0,0.0,0.0,0.0,0.0,0.0,0.0,0.0,0.0,0.0,0.0,0.0,0.0,0.0,0.0,0.0,0.0,0.0,0.0,0.0,0.0,0.0,0.0,0.0,0.0,0.0,0.0,0.0,0.0,0.0,0.0,0.0,0.0,0.0,0.0,0.0,0.0,0.0,0.0,0.0,0.0,0.0,0.0,0.0,0.0,0.0,0.0,0.0,0.0,0.0,0.0,0.0,0.0,0.0,0.0,0.0,0.0,0.0,0.0,0.0,0.0,0.0,0.0,0.0,0.0,0.0,0.0,0.0,0.0,0.0,0.0,0.0,0.0,0.0,0.0,0.0,0.0,0.0,0.0,0.0,0.0,0.0,0.0,0.0,0.0,0.0,0.0,0.0,0.0,0.0,0.0,0.0,0.0,0.0,0.0,0.0,0.0,0.0,0.0,0.0,0.0,0.0,0.0,0.0,0.0,0.0,0.0,0.0,0.0,0.0,0.0,0.0,0.0,0.0,0.0,0.0,0.0,0.0,0.0,0.0,0.0,0.0,0.0,0.0,0.0,0.0,0.0,0.0,0.0,0.0,0.0,0.0,0.0,0.0,0.0,0.0,0.0,0.0,0.0,0.0,0.0,0.0,0.0,0.0,0.0,0.0,0.0,0.0,0.0,0.0,0.0,0.0,0.0,0.0,0.0,0.0,0.0,0.0,0.0,0.0,0.0,0.0,0.0,0.0,0.0,0.0,0.0,0.0,0.0,0.0,0.0,0.0,0.0,0.0,0.0,0.0,0.0,0.0,0.0,0.0,0.0,0.0,0.0,0.0,0.0,0.0,0.0,0.0,0.0,0.0,0.0,0.0,0.0,0.0,0.0,0.0,0.0,0.0,0.0,0.0,0.0,0.0,0.0,0.0,0.0,0.0,0.0,0.0,0.0,0.0,0.0,0.0,0.0,0.0,0.0,0.0,0.0,0.0,0.0,0.0,0.0,0.0,0.0,0.0,0.0,0.0,0.0,0.0,0.0,0.0,0.0,0.0,0.0,0.0,0.0,0.0,0.0,0.0,0.0,0.0,0.0,0.0,0.0,0.0,0.0,0.0,0.0,0.0,0.0,0.0,0.0,0.0,0.0,0.0,0.0,0.0,0.0,0.0,0.0,0.0,0.0,0.0,0.0,0.0,0.0,0.0,0.0,0.0,0.0,0.0,0.0,0.0,0.0,0.0,0.0,0.0,0.0,0.0,0.0,0.0,0.0,0.0,0.0,0.0,0.0,0.0,0.0,0.0,0.0,0.0,0.0,0.0,0.0,0.0,0.0,0.0,0.0,0.0,0.0,0.0,0.0,0.0,0.0,0.0,0.0,0.0,0.0,0.0,0.0,0.0,0.0,0.0,0.0,0.0,0.0,0.0,0.0,0.0,0.0,0.0,0.0,0.0,0.0,0.0,0.0,0.0,0.0,0.0,0.0,0.0,0.0,0.0,0.0,0.0,0.0,0.0,0.0,0.0,0.0,0.0,0.0,0.0,0.0,0.0,0.0,0.0,0.0,0.0,0.0,0.0,0.0,0.0,0.0,0.0,0.0,0.0,0.0,0.0,0.0,0.0,0.0,0.0,2.2395131136420395e-06,4.501331205423784e-06,6.783825462736418e-06,9.085745037562264e-06,1.1406139764283425e-05,1.374429836189012e-05,1.6099699171856688e-05,1.8471970990333524e-05,2.0860861994481504e-05,2.326621513712879e-05,2.5687948696518204e-05,2.8126040925061647e-05,3.058051795156713e-05,3.305144426151232e-05,3.553891521763322e-05,3.804305119305576e-05,4.0563992978052835e-05,4.3101898191475256e-05,4.565693848425583e-05,4.8229297366977276e-05,5.0819168528818975e-05,5.342675454329666e-05,5.6052265878382744e-05,5.869592014612135e-05,6.135794154070219e-05,6.403856042499324e-05,6.673801303401108e-05,6.945654127072771e-05,7.219439257481647e-05,7.495181984921487e-05,7.772908143313727e-05,8.052644111153233e-05,8.334416815457751e-05,8.618253738119276e-05,8.904182924264129e-05,9.192232992231154e-05,9.482433145015573e-05,9.774813182866352e-05,0.00010069403516975556,0.00010366235184113243,0.0001066533986215093,0.0001096674988639517,0.00011270498266709366,0.00011576618705395836,0.00011885145615824782,0.00012196114141812392,0.00012509560177746568,0.00012825520389481092,0.00013144032236002713,0.00013465133991902214,0.00013788864770674042,0.00014115264548862587,0.00014444374191088184,0.00014776235476007428,0.00015110891123216232,0.0001544838482114762,0.00015788761256001527,0.00016132066141766476,0.0001647834625135395,0.00016827649448916682,0.00017180024723395724,0.00017535522223354047,0.00017894193293127754,0.00018256090510435384,0.00018621267725403033,0.00018989780101153706,0.0001936168415599402,0.00019737037807319869,0.00020115900417232673,0.00020498332840059006,0.00020884397471796707,0.0002127415830159362,0.00021667680965369891,0.00022065032801685423,0.00022466282909964634,0.00022871502211200295,0.00023280763511256402,0.00023694141566908914,0.00024111713154781485,0.00024533557143282685,0.0002495975456775192,0.0002539038870896271,0.00025825545175158085,0.0002626531198782296,0.00026709779671393733,0.0002715904134709285,0.0002761319283117492,0.00028072332737783787,0.0002853656258669502,0.00029005986916222283,0.00029480713401589155,0.0002996085297908138,0.0003044651997630597,0.0003093783224894034,0.00031434911324340007,0.000319378825524225,0.00032446875264265356,0.0003296202293895088,0.0003348346337900656,0.0003401133889520397,0.0003454579650112127,0.00035086988118197636,0.0003563507079190705,0.00036190206919799146,0.00036752564492179967,0.00037322317346266714,0.0003789964543475633,0.0003848473510973253,0.0003907777942301513,0.00039678978444061694,0.00040288539596654944,0.00040906678015770583,0.00041533616925963705,0.00042169588042909636,0.00042814831999830557,0.0004346959880056849,0.0004413414830133988,0.000448087507234135,0.00045493687199050955,0.00046189250353239307,0.00046895744924149745,0.0004761348842531948,0.00048342811853048674,0.0004908406044257645,0.0004983759447718278,0.0005060379015464596,0.0005138304051592622,0.0005217575644144557,0.0005298236772094641,0.0005380332420332262,0.0005463909703377108,0.0005549017998616936,0.0005635709089941155,0.0005724037322768179,0.0005814059771527248,0.0005905836420820797,0.0005999430361595414,0.000609490800383234,0.0006192339307421274,0.0006291798033094226,0.0006393362015514652,0.000649711346088285,0.0006603139271698193,0.0006711531401675312,0.0006822387244177365,0.0006935810057981514,0.000705190943470402,0.0007170801812791484,0.0007292611043673431,0.0007417469016453178,0.0007545516348437768,0.0007676903149873118,0.0007811789872493923,0.0007950348252975043,0.0008092762364086702,0.0008239229788381068,0.0008389962931645179,0.0008545190496214505,0.000870515913761279,0.0008870135332074141,0.0009040407487321985,0.0009216288334917545,0.0009398117649464329,0.0009586265348649265,0.0009781135038518817,0.0009983168081232736,0.0010192848278301255,0.00104107072818012,0.0010637330870279474,0.0010873366256222887,0.0011119530629912766,0.0011376621192303157,0.001164552699026222,0.001192724294498858,0.0012222886564058788,0.0012452471763984175,0.001245247176398511,0.0012452471763986395,0.001245247176399204,0.0012775558001355753,0.0013116328520222605,0.0013476618345737426,0.0013858503820665963,0.0014264363232249938,0.001469694538079944,0.0015159451568006828,0.0015655636800475333,0.001618993710487465,0.00167676318266115,0.0017395052410990855,0.001807985333424868,0.0018831365880427715,0.0019661062201056737,0.0020583164739934284,0.002161532358725274,0.002278008944680814,0.0024105567001668168,0.0025627253841773757,0.0027389338182839153,0.0029445192712592616,0.003185515736581318,0.0034678167341957618,0.003795270396457916,0.0041665951734786355,0.004202090204976592,0.004609598277540776,0.0050317467569512605,0.005445810486520577,0.0058316465019612835,0.006175867911920803,0.006472183375082738,0.00656643995094516,0.006796487423310209,0.006979284833617506,0.007116471718270766,0.007209958481025933,0.007262503005087358,0.0072781414095405795,0.007262017878335286,0.00721980055002553,0.00715705552432244,0.0070788038837445435,0.0069893074796061,0.006892032096573486,0.006789713909001527,0.00668446964145484,0.006577913897860012,0.006471265700153816,0.006365437770636031,0.00626110803468549,0.00615877536710383,0.006058802365657388,0.005961447872444148,0.005866891586162226,0.005775252660367699,0.00568660376689359,0.0056009817552769335,0.005518395761844682,0.00543883340838403,0.00536226556802628,0.005288650054295074,0.00521793449846757,0.005150058612867094,0.00508495598745006,0.005022555529788984,0.004962782630806514,0.004905560117907898,0.004850809041889768,0.0047984493324076645,0.004748400348301067,0.004700581342691419,0.004654911858017645,0.004611312062523205,0.004569703037343119,0.004530007021072306,0.004492147617463573,0.004456049970750517,0.004421640912256104,0.004388849081527999,0.004357605024527639,0.004327841271291116,0.004299492395142818,0.004272495055338278,0.00424678802481479,0.00422231220471852,0.0041990106270620555,0.004176828446932896,0.004155712925512299,0.004135613405043452,0.00411648127687382,0.004098269943498761,0.0040809347756124706,0.004064433064945595,0.004048723973674178,0.0040337684811125995,0.004019529328288041,0.00400597096099657,0.003993059471811237,0.003980762541515122,0.003969049380334155,0.00395789066933752,0.003947258502256765,0.003937126328061502,0.003927468894384507,0.003918262192170051,0.003909483401443766,0.003901110838590556,0.0038931239050398986,0.0038855030375387666,0.00387822966003485,0.003871286137210759,0.003864655729693626,0.003858322550951906,0.00385227152587809,0.00384648835103657,0.003840959456571205,0.0038356719697277258,0.0038306136799830413,0.0038257730057114237,0.0038211389623790124,0.0038167011321951698,0.0038124496351955484,0.003808375101693897,0.00380446864605831,0.0038007218417668727,0.0037971266976872782,0.0037936756355240087,0.0037903614684108144,0.003787177380560595,0.0037841169079629077,0.003781173920047269,0.0037783426023057344,0.0037756174397930767,0.0037729932014912665,0.003770464925482256,0.0037680279048830333,0.003765677674530393,0.003763409998349795,0.003761220857392946,0.0037591064385011893,0.00375706312356656,0.003755087479354082,0.003753176247873729,0.003751326337237354,0.003749534813025385,0.003747798890084458,0.0037461159247732835,0.003744483407622897,0.0037428989563655763,0.0037413603093434757,0.0037398653192688308,0.003738411947304407,0.003736998257466391,0.0037356224113060657,0.003734282662889862,0.0037329773540323136,0.0037317049097800063,0.0037304638341392484,0.0037292527060169465,0.0037280701753922983,0.003726914959662374,0.003725785840203387,0.0037246816590978385,0.003723601316036371,0.0037225437653827767,0.003721508013388177,0.0037204931155502903,0.003719498174112285,0.0037185223356890652,0.0037175647890176113,0.003716624762823304,0.003715701523794723,0.0037147943746654926,0.0037139026523935435,0.0037130257264339325,0.003712162997100599,0.003711313894012589,0.0037104778746187396,0.0037096544227984227,0.0037088430475351332,0.0037080432816558755,0.0037072546806344413,0.003706476821458469,0.0037057093015514914,0.003704951737750739,0.0037042037653366245,0.0037034650371110716,0.0037027352225264686,0.0037020140068470594,0.0037013010903736627,0.00370059618768083,0.0036998990269168732,0.003699209349119172,0.0036985269075862255,0.003697851467257977,0.00369718280413666,0.003696520704753852,0.003695864965628482,0.00369521539278242,0.0036945718012681996,0.0036939340147235902,0.0036933018649421417,0.0036926751914756633,0.0036920538412456563,0.003691437668183387,0.0036908265328818926,0.0036902203022673246,0.003689618849291391,0.003689022052620098,0.0036884297963723843,0.003687841969835559,0.003687258467219863,0.003686679187411604,0.003686104033746892,0.003685532913790553,0.003684965739127774,0.003684402425174804,0.0036838428909769247,0.003683287059041473,0.003682734855171556,0.0036821862082811662,0.0036816410502727576,0.0036810993158851637,0.0036805609425370855,0.0036800258702101994,0.0036794940413235866,0.0036789654006129054,0.0036784398950153426,0.0036779174735668313,0.0036773980872986567,0.003676881689141897,0.003676368233828583,0.0036758576778106174,0.003675349979177459,0.0036748450975703758,0.0036743429941222625,0.00367384363136305,0.0036733469731704423,0.0036728529846940796,0.00367236163230826,0.0036718728835378155,0.0036713867070083395,0.003670903072404346,0.0036704219503993904,0.0036699433126260277,0.0036694671316187155,0.003668993380777758,0.0036685220343243637,0.0036680530672647373,0.0036675864553550727,0.0036671221750598313,0.003666660203519977,0.0036662005185326123,0.0036657430985049602,0.0036652879224286514,0.003664834969866119,0.003664384220909686,0.0036639356561631,0.0036634892567181322,0.0036630450041310967,0.0036626028804012385,0.003662162867955412,0.003661724949625855,0.0036612891086296832,0.0036608553285539403,0.003660423593341771,0.0036599938872709857,0.003659566194946108,0.0036591405012807196,0.0036587167914788094,0.003658295051041378,0.003657875265725001,0.0036574574215619848,0.003657041504823944,0.003656627502021787,0.0036562153998939144,0.003655805185413496,0.0036553968457501617,0.0036549903682780594,0.003654585740569254,0.0036541829503836543,0.0036537819856631995,0.0036533828345153285,0.0036529854852195855,0.0036525899262187574,0.003652196146106009,0.003651804133627292,0.0036514138776673386,0.003651025367254401,0.0036506385915484694,0.0036502535398420578,0.003649870201550453,0.003649488566210986,0.003649108623476691,0.0036487303631202853,0.0036483537750149307,0.0036479788491481507,0.003647605575610218,0.003647233944585695,0.0036468639463636187,0.0036464955713268626,0.0036461288099487008,0.0036457636527941098,0.0036454000905124318,0.0036450381138431144,0.0036446777136063236,0.003644318880701117,0.0036439616061119126,0.0036436058808885243,0.00364325169617224,0.0036428990431637267,0.003642547913149841,0.003642198297476122,0.0036418501875629516,0.0036415035749007446,0.0036411584510419584,0.0036408148076053784,0.0036404726362778347,0.0036401319288050637,0.003639792676996208,0.0036394548727212484,0.0036391185079112237,0.003638783574553437,0.003638450064695912,0.0036381179704438027,0.0036377872839563116,0.003637457997448767,0.003637130103195308,0.0036368035935191788,0.0036364784607946445,0.003636154697458801,0.003635832295992482,0.0036355112489290303,0.0036351915488541543,0.003634873188401425,0.003634556160257322,0.0036342404571544614,0.0036339260718750107,0.0036336129972485945,0.003633301226154373,0.003632990751515385,0.0036326815663032625,0.0036323736635354197,0.003632067036274569,0.003631761677628872,0.0036314575807513583,0.0036311547388396047,0.0036308531451353203,0.003630552792923615,0.003630253675532767,0.003629955786334428,0.0036296591187428653,0.00362936366621395,0.003629069422246854,0.0036287763803809284,0.00362848453419492,0.0036281938773136927,0.003627904403401096,0.003627616106157397,0.0036273289793285644,0.003627043016695008,0.0036267582120819283,0.0036264745593488153,0.0036261920523973728,0.003625910685166287,0.0036256304516343357,0.003625351345814519,0.003625073361761399,0.003624796493567745,0.0036245207353607064,0.0036242460813067762,0.0036239725256076976,0.0036237000625021836,0.003623428686267729,0.0036231583912145803,0.0036228891716901137,0.003622621022077774,0.003622353936795366,0.003622087910297212,0.003621822937071391,0.003621559011640949,0.0036212961285645405,0.0036210342824341863,0.0036207734678729256,0.003620513679545856,0.0036202549121428845,0.0036199971603920536,0.0036197404190527185,0.003619484682918649,0.003619229946814741,0.0036189762056005105,0.003618723454164633,0.0036184716874280384,0.003618220900350891,0.0036179710879166655,0.003617722245142567,0.003617474367078141,0.0036172274488012984,0.0036169814854245443,0.0036167364720917066,0.0036164924039704042,0.0036162492762667467,0.003616007084211698,0.0036157658230668113,0.0036155254881246146,0.0036152860747062096,0.003615047578160873,0.0036148099938678553,0.0036145733172408493,0.003614337543714195,0.0036141026687531,0.0036138686878525437,0.003613635596536109,0.003613403390349432,0.0036131720648736494,0.0036129416157137336,0.0036127120385033417,0.0036124833289021543,0.003612255482597557,0.0036120284953032925,0.0036118023627605684,0.0036115770807364014,0.003611352645024033,0.0036111290514422973,0.003610906295838585,0.0036106843740829034,0.003610463282074302,0.0036102430157324986,0.003610023571005805,0.003609804943867253,0.0036095871303148913,0.0036093701263717392,0.0036091539280840813,0.0036089385315230737,0.0036087239327843973,0.0036085101279876067,0.003608297113276259,0.0036080848848179083,0.003607873438803339,0.003607662771447358,0.003607452878986373,0.003607243757681828,0.003607035403817262,0.0036068278136990334,0.003606620983656234,0.003606414910039886,0.003606209589224241,0.0036060050176056958,0.0036058011916018113,0.0036055981076503936,0.0036053957622159847,0.003605194151779965,0.003604993272846939,0.0036047931219427196,0.003604593695614141,0.003604394990428481,0.0036041970029726225,0.0036039997298594273,0.0036038031677125804,0.0036036073131905026,0.003603412162959069,0.0036032177137089866,0.0036030239621503307,0.0036028309050130415,0.0036026385390468163,0.003602446861021413,0.003602255867725664,0.0036020655559666614,0.0036018759225721277,0.003601686964386789,0.0036014986782780464,0.003601311061126748,0.003601124109837142,0.003600937821330761,0.0036007521925454054,0.003600567220437656,0.003600382901983927,0.0036001992341787364,0.003600016214029799,0.003599833838567509,0.0035996521048381903,0.0035994710099055485,0.0035992905508513444,0.003599110724772952,0.0035989315287865164,0.0035987529600241945,0.0035985750156362854,0.003598397692784036,0.003598220988658031,0.003598044900452906,0.003597869425384669,0.003597694560685989,0.003597520303601453,0.003597346651400481,0.0035971736013585853,0.0035970011507722066,0.0035968292969525742,0.0035966580372279863,0.003596487368937915,0.003596317289445078,0.0035961477961200896,0.003595978886351356,0.003595810557540058,0.003595642807107077,0.0035954756324871645,0.0035953090311260957,0.003595143000486266,0.003594977538045082,0.003594812641294906,0.0035946483077403317,0.0035944845349018414,0.0035943213203123185,0.003594158661522832,0.0035939965560921345,0.003593835001601786,0.003593673995638277,0.0035935135358052517,0.003593353619719374,0.0035931942450125216,0.0035930354093264756,0.003592877110321315,0.0035927193456657992,0.003592562113044167,0.003592405410152568,0.0035922492347006687,0.0035920935844096684,0.003591938457015977,0.003591783850265307,0.0035916297619213024,0.003591476189754875,0.0035913231315512334,0.0035911705851074693,0.0035910185482339475,0.0035908670187524043,0.0035907159944979414,0.0035905654733132436,0.003590415453058475,0.003590265931601451,0.003590116906826658,0.0035899683766256302,0.003589820338903185,0.003589672791574582,0.0035895257325676147,0.0035893791598213126,0.0035892330712860416,0.0035890874649234894,0.003588942338704249,0.0035887976906149185,0.0035886535186482028,0.003588509820809426,0.003588366595114602,0.003588223839591023,0.0035880815522774103,0.003587939731220056,0.003587798374478699,0.0035876574801223257,0.003587517046230588,0.0035873770708934154,0.0035872375522113184,0.0035870984882932382,0.0035869598772611676,0.0035868217172457754,0.0035866840063870603,0.0035865467428356033,0.0035864099247517383,0.0035862735503051388,0.003586137617675954,0.0035860021250531974,0.0035858670706366046,0.003585732452634263,0.003585598269264067,0.003585464518753599,0.003585331199340326,0.0035851983092696047,0.003585065846798104,0.0035849338101876377,0.003584802197713287,0.0035846710076576195,0.0035845402383137747,0.0035844098879787914,0.0035842799549634335,0.003584150437586615,0.0035840213341742917,0.003583892643062405,0.003583764362595306,0.0035836364911258703,0.0035835090270149696,0.003583381968632622,0.0035832553143574112,0.003583129062576381,0.0035830032116828613,0.0035828777600805366,0.00358275270618063,0.003582628048403234,0.0035825037851756184,0.0035823799149329707,0.003582256436119478,0.0035821333471858616,0.0035820106465897813,0.0035818883328029615,0.0035817664042979663,0.0035816448595576288,0.003581523697072807,0.003581402915341461,0.003581282512869408,0.003581162488168376,0.0035810428397600813,0.003580923566172564,0.0035808046659418064,0.0035806861376099872,0.0035805679797270454,0.0035804501908503926,0.003580332769547242,0.0035802157143876106,0.00358009902395047,0.0035799826968222434,0.0035798667315956175,0.0035797511268705166,0.003579635881254065,0.0035795209933591706,0.0035794064618088375,0.0035792922852296697,0.0035791784622555747,0.0035790649915262438,0.003578951871693155,0.0035788391014089176,0.0035787266793347104,0.003578614604137829,0.003578502874492038,0.003578391489078868,0.0035782804465851734,0.0035781697457038654,0.003578059385134725,0.0035779493635851494,0.003577839679766883,0.003577730332398706,0.0035776213202054616,0.003577512641918422,0.0035774042962745892,0.0035772962820176347,0.0035771885978937504,0.0035770812426639403,0.0035769742150874406,0.0035768675139304686,0.003576761137968065,0.0035766550859785344,0.003576549356746539,0.0035764439490632008,0.0035763388617252685,0.0035762340935354005,0.00357612964330072,0.003576025509835769,0.0035759216919592314,0.003575818188496683,0.0035757149982775247,0.003575612120139345,0.003575509552922938,0.003575407295474692,0.0035753053466486668,0.003575203705301918,0.003575102370298121,0.003575001340505,0.003574900614797143,0.003574800192053376,0.0035747000711588463,0.003574600251002096,0.0035745007304793667,0.003574401508487984,0.0035743025839361452,0.003574203955732513,0.0035741056227925603,0.0035740075840367536,0.0035739098383907888,0.0035738123847841707,0.003573715222152403,0.003573618349435828,0.003573521765579159,0.0035734254695325043,0.003573329460250588,0.003573233736692923,0.003573138297823604,0.003573043142612439,0.003572948270031767,0.003572853679062144,0.003572759368684935,0.0035726653378892327,0.003572571585666691,0.00357247811101549,0.0035723849129343115,0.0035722919904315714,0.003572199342517232,0.00357210696820663,0.003572014866519174,0.00357192303647912,0.003571831477114249,0.0035717401874574206,0.0035716491665460886,0.003571558413420663,0.0035714679271282497,0.0035713777067194526,0.003571287751246207,0.003571198059767682,0.003571108631346457,0.00357101946505144,0.003570930559952016,0.0035708419151237857,0.0035707535296464954,0.0035706654026035315,0.003570577533081052,0.0035704899201706676,0.003570402562968631,0.0035703154605765263,0.0035702286120959637,0.003570142016634195,0.003570055673303877,0.003569969581218753,0.0035698837394992455,0.003569798147267968,0.003569712803651322,0.0035696277077811654,0.00356954285879106,0.003569458255820435,0.0035693738980110807,0.0035692897845087806,0.0035692059144631126,0.0035691222870274215,0.0035690389025177876,0.003568955758887962,0.0035688728553041347,0.0035687901909401544,0.003568707764968457,0.0035686255765641967,0.0035685436249083017,0.0035684619091845425,0.003568380428579815,0.0035682991822845876,0.003568218169492527,0.00356813738940176,0.003568056841212787,0.00356797652412998,0.0035678964373610607,0.00356781658011637,0.00356773695161045,0.0035676575510606794,0.003567578377687982,0.0035674994307165293,0.003567420709373309,0.003567342212889153,0.0035672639404997863,0.0035671858914407936,0.003567108064952922,0.0035670304602791057,0.003566953076666234,0.003566875913364291,0.0035667989696255543,0.0035667222447073187,0.003566645737868954,0.003566569448371828,0.0035664933754813504,0.003566417518465789,0.003566341876597757,0.003566266449151086,0.003566191235403147,0.0035661162346351614,0.0035660414461297996,0.0035659668691741253,0.003565892503057263,0.0035658183470718683,0.00356574440051322,0.003565670662679679,0.0035655971328719185,0.0035655238103941855,0.0035654506945537023,0.003565377784659204,0.0035653050800244944,0.0035652325799638805,0.003565160283796159,0.003565088190842277,0.003565016300424888,0.0035649446118729776,0.003564873124513889,0.003564801837681339,0.0035647307507078343,0.00356465986293172,0.003564589173693057,0.003564518682335141,0.0035644483882033224,0.003564378290645559,0.0035643083890128983,0.003564238682658437,0.0035641691709387972,0.0035640998532123816,0.003564030728840592,0.0035639617971869398,0.0035638930576178582,0.0035638245095028416,0.0035637561522126747,0.003563687985121445,0.0035636200076062906,0.003563552219045796,0.0035634846188213527,0.0035634172063176662,0.0035633499809211446,0.003563282942019305,0.0035632160890044498,0.0035631494212704493,0.003563082938213256,0.0035630166392327262,0.0035629505237280337,0.0035628845911034883,0.003562818840763141,0.003562753272117725,0.0035626878845765085,0.003562622677552481,0.0035625576504592455,0.003562492802716863,0.0035624281337439706,0.0035623636429627428,0.003562299329796821,0.0035622351936733404,0.0035622351936733395,0.0035622351936733404,0.00356223519367334,0.0035622351936733395,0.003562235193673339,0.003562235193673339,0.003562235193673339,0.0035622351936733395,0.0035622351936733378,0.003562235193673339,0.0035622351936733395,0.0035622351936733386,0.0035622351936733395,0.0035622351936733404,0.0035622351936733386,0.00356223519367334,0.0035622351936733395,0.0035622351936733386,0.0035622351936733395,0.0035622351936733395,0.003562235193673339,0.00356223519367334,0.0035622351936733404,0.0035622351936733412,0.0035622351936733417,0.003562235193673341,0.0035622351936733404,0.003562235193673339,0.003562235193673341,0.0035622351936733404,0.0035622351936733404,0.0035622351936733412,0.0035622351936733404,0.0035622351936733412,0.0035622351936733412,0.003562235193673341,0.0035622351936733417,0.0035622351936733412,0.003562235193673341,0.0035622351936733412,0.0035622351936733412,0.0035622351936733412,0.0035622351936733412,0.0035622351936733395,0.0035622351936733395,0.0035622351936733395,0.0035622351936733386,0.003562235193673341,0.0035622351936733404,0.00356223519367334,0.0035622351936733404,0.0035622351936733404,0.00356223519367334,0.00356223519367334,0.003562235193673341,0.00356223519367334,0.0035622351936733404,0.0035622351936733404,0.003562235193673341,0.00356223519367334,0.00356223519367334,0.00356223519367334,0.003562235193673342,0.003562235193673341,0.0035622351936733412,0.003562235193673341,0.003562235193673341,0.0035622351936733412,0.003562235193673341,0.003562235193673341,0.0035622351936733417,0.003562235193673341,0.0035622351936733412,0.0035622351936733412,0.003562235193673341,0.0035622351936733412,0.0035622351936733417,0.0035622351936733412,0.0035622351936733417,0.003562235193673341,0.00356223519367334,0.0035622351936733417,0.00356223519367334,0.00356223519367334,0.0035622351936733395,0.0035622351936733412,0.003562235193673338,0.003562235193673339,0.00356223519367334,0.0035622351936733404,0.00356223519367334,0.00356223519367334,0.0035622351936733395,0.0035622351936733395,0.0035622351936733395,0.00356223519367334,0.0035622351936733395,0.00356223519367334,0.00356223519367334,0.0035622351936733395,0.00356223519367334,0.00356223519367334,0.0035622351936733404,0.00356223519367334,0.003562235193673339,0.0035622351936733404,0.00356223519367334,0.0035622351936733404,0.003562235193673341,0.0035622351936733395,0.0035622351936733404,0.0035622351936733395,0.0035622351936733404,0.0035622351936733404,0.0035622351936733412,0.0035622351936733412,0.0035622351936733412,0.003562235193673341,0.0035622351936733412,0.003562235193673341,0.003562235193673341,0.003562235193673341,0.003562235193673342,0.003562235193673342,0.0035622351936733417,0.003562235193673342,0.0035622351936733412,0.003562235193673342,0.003562235193673342,0.003562235193673342,0.003562235193673342,0.0035622351936733417,0.0035622351936733417,0.003562235193673342,0.003562235193673342,0.003562235193673342,0.003562235193673342,0.003562235193673342,0.003562235193673343,0.003562235193673342,0.003562235193673341,0.003562235193673341,0.0035622351936733404,0.003562235193673342,0.0035622351936733425,0.0035622351936733417,0.0035622351936733425,0.003562235193673342,0.003562235193673342,0.0035622351936733425,0.003562235193673342,0.003562235193673342,0.003562235193673342,0.0035622351936733425,0.003562235193673341,0.0035622351936733412,0.0035622351936733412,0.0035622351936733404,0.0035622351936733412,0.0035622351936733417,0.0035622351936733404,0.003562235193673342,0.003562235193673342,0.003562235193673342,0.0035622351936733417,0.003562235193673342,0.0035622351936733404,0.003562235193673341,0.003562235193673341,0.003562235193673341,0.0035622351936733412,0.0035622351936733412,0.0035622351936733404,0.0035622351936733412,0.003562235193673341,0.0035622351936733417,0.0035622351936733412,0.0035622351936733412,0.0035622351936733417,0.0035622351936733417,0.003562235193673341,0.0035622351936733412,0.003562235193673341,0.00356223519367334,0.0035622351936733412,0.003562235193673339,0.00356223519367334,0.00356223519367334,0.0035622351936733395,0.00356223519367334,0.00356223519367334,0.0035622351936733395,0.003562235193673339,0.003562235193673341,0.0035622351936733417,0.0035622351936733417,0.0035622351936733417,0.0035622351936733417,0.003562235193673342,0.003562235193673342,0.003562235193673342,0.003562235193673342,0.003562235193673342,0.003562235193673342,0.0035622351936733417,0.003562235193673342,0.003562235193673342,0.0035622351936733417,0.003562235193673343,0.003562235193673342,0.003562235193673342,0.0035622351936733425,0.0035622351936733417,0.0035622351936733412,0.003562235193673341,0.00356223519367334,0.0035622351936733412,0.0035622351936733412,0.003562235193673341,0.0035622351936733417,0.003562235193673342,0.003562235193673342,0.0035622351936733425,0.003562235193673342,0.003562235193673342,0.003562235193673342,0.003562235193673342,0.0035622351936733417,0.003562235193673342,0.0035622351936733425,0.003562235193673342,0.0035622351936733417,0.003562235193673342,0.003562235193673344,0.0035622351936733434,0.003562235193673343,0.0035622351936733425,0.0035622351936733417,0.0035622351936733425,0.0035622351936733425,0.0035622351936733434,0.0035622351936733434,0.003562235193673344,0.003562235193673343,0.0035622351936733425,0.003562235193673343,0.003562235193673344,0.003562235193673343,0.003562235193673342,0.0035622351936733434,0.0035622351936733386,0.003562235193673343,0.0035622351936733417,0.003562235193673342,0.0035622351936733425,0.0035622351936733417,0.0035622351936733417,0.0035622351936733425,0.003562235193673342,0.0035622351936733412,0.003562235193673342,0.003562235193673342,0.0035622351936733412,0.0035622351936733412,0.0035622351936733417,0.0035622351936733425,0.0035622351936733417,0.003562235193673342,0.003562235193673341,0.003562235193673341,0.0035622351936733412,0.0035622351936733417,0.0035622351936733425,0.0035622351936733417,0.003562235193673342,0.0035622351936733417,0.0035622351936733425,0.0035622351936733417,0.003562235193673341,0.003562235193673341,0.0035622351936733417,0.0035622351936733417,0.0035622351936733412,0.0035622351936733365,0.00356223519367334,0.00356223519367334,0.0035622351936733412,0.0035622351936733417,0.0035622351936733404,0.0035622351936733417,0.00356223519367334,0.00356223519367334,0.0035622351936733412,0.0035622351936733404,0.003562235193673341,0.0035622351936733404,0.0035622351936733404,0.0035622351936733404,0.003562235193673341,0.0035622351936733412,0.0035622351936733404,0.003562235193673341,0.0035622351936733417,0.0035622351936733412,0.003562235193673341,0.0035622351936733404,0.0035622351936733425,0.0035622351936733404,0.00356223519367334,0.0035622351936733404,0.0035622351936733404,0.0035622351936733404,0.0035622351936733425,0.003562235193673342,0.003562235193673342,0.003562235193673342,0.0035622351936733425,0.0035622351936733417,0.003562235193673342,0.0035622351936733417,0.0035622351936733412,0.0035622351936733412,0.00356223519367334,0.0035622351936733395,0.0035622351936733412,0.0035622351936733412,0.0035622351936733412,0.0035622351936733412,0.0035622351936733412,0.003562235193673342,0.0035622351936733412,0.0035622351936733412,0.0035622351936733412,0.003562235193673341,0.003562235193673342,0.003562235193673342,0.0035622351936733417,0.003562235193673342,0.003562235193673342,0.003562235193673342,0.003562235193673342,0.0035622351936733425,0.003562235193673342,0.003562235193673342,0.003562235193673342,0.003562235193673342,0.0035622351936733425,0.003562235193673342,0.0035622351936733417,0.003562235193673343,0.003562235193673342,0.003562235193673342,0.003562235193673341,0.003562235193673341,0.0035622351936733412,0.003562235193673341,0.003562235193673341,0.0035622351936733412,0.00356223519367334,0.0035622351936733417,0.0035622351936733412,0.0035622351936733412,0.0035622351936733412,0.0035622351936733417,0.0035622351936733417,0.0035622351936733412,0.0035622351936733412,0.0035622351936733412,0.003562235193673341,0.0035622351936733417,0.003562235193673342,0.0035622351936733425,0.0035622351936733417,0.003562235193673342,0.003562235193673342,0.0035622351936733417,0.003562235193673342,0.0035622351936733412,0.0035622351936733412,0.003562235193673342,0.00356223519367334,0.003562235193673342,0.0035622351936733425,0.003562235193673342,0.003562235193673342,0.003562235193673343,0.0035622351936733417,0.003562235193673342,0.003562235193673342,0.003562235193673341,0.003562235193673342,0.0035622351936733412,0.0035622351936733412,0.0035622351936733417,0.003562235193673341,0.0035622351936733417,0.0035622351936733412,0.0035622351936733412,0.0035622351936733412,0.0035622351936733412,0.0035622351936733412,0.0035622351936733412,0.0035622351936733404,0.0035622351936733412,0.0035622351936733412,0.0035622351936733417,0.0035622351936733412,0.003562235193673341,0.003562235193673341,0.003562235193673341,0.003562235193673341,0.0035622351936733417,0.0035622351936733417,0.003562235193673341,0.003562235193673343,0.0035622351936733417,0.0035622351936733417,0.0035622351936733425,0.0035622351936733417,0.003562235193673342,0.0035622351936733425,0.0035622351936733412,0.003562235193673342,0.003562235193673342,0.0035622351936733425,0.003562235193673342,0.0035622351936733417,0.0035622351936733412,0.003562235193673341,0.0035622351936733412,0.0035622351936733412,0.0035622351936733412,0.0035622351936733417,0.003562235193673341,0.0035622351936733412,0.0035622351936733417,0.0035622351936733412,0.0035622351936733412,0.0035622351936733434,0.003562235193673344,0.0035622351936733425,0.003562235193673342,0.0035622351936733425,0.003562235193673344,0.003562235193673343,0.003562235193673344,0.003562235193673343,0.0035622351936733417,0.0035622351936733434,0.003562235193673343,0.0035622351936733434,0.003562235193673342,0.003562235193673345,0.0035622351936733434,0.003562235193673343,0.0035622351936733434,0.003562235193673343,0.0035622351936733434,0.003562235193673344,0.003562235193673342,0.003562235193673344,0.003562235193673343,0.0035622351936733434,0.003562235193673344,0.0035622351936733434,0.003562235193673344,0.0035622351936733434,0.003562235193673344,0.0035622351936733417,0.0035622351936733425,0.0035622351936733443,0.0035622351936733434,0.0035622351936733434,0.003562235193673344,0.003562235193673343,0.003562235193673344,0.003562235193673342,0.003562235193673344,0.0035622351936733434,0.0035622351936733434,0.0035622351936733434,0.003562235193673344,0.0035622351936733434,0.0035622351936733434,0.0035622351936733434,0.003562235193673344,0.003562235193673343,0.003562235193673343,0.003562235193673343,0.003562235193673344,0.0035622351936733434,0.0035622351936733434,0.003562235193673343,0.0035622351936733434,0.0035622351936733434,0.0035622351936733434,0.0035622351936733443,0.003562235193673341,0.003562235193673342,0.0035622351936733434,0.003562235193673344,0.0035622351936733434,0.0035622351936733434,0.003562235193673343,0.003562235193673342,0.0035622351936733434,0.003562235193673342,0.0035622351936733434,0.0035622351936733434,0.003562235193673343,0.0035622351936733434,0.003562235193673344,0.0035622351936733443,0.003562235193673343,0.0035622351936733434,0.0035622351936733434,0.003562235193673344,0.0035622351936733434,0.0035622351936733434,0.003562235193673344,0.0035622351936733434,0.003562235193673344,0.0035622351936733434,0.003562235193673344,0.0035622351936733434,0.003562235193673343,0.0035622351936733447,0.0035622351936733434,0.0035622351936733434,0.003562235193673343,0.003562235193673343,0.003562235193673343,0.003562235193673344,0.0035622351936733434,0.003562235193673344,0.003562235193673343,0.003562235193673344,0.0035622351936733434,0.003562235193673343,0.0035622351936733425,0.0035622351936733425,0.0035622351936733447,0.003562235193673344,0.0035622351936733425,0.003562235193673344,0.003562235193673343,0.003562235193673344,0.003562235193673343,0.003562235193673344,0.0035622351936733434,0.003562235193673343,0.003562235193673343,0.003562235193673342,0.003562235193673343,0.003562235193673343,0.003562235193673343,0.003562235193673344,0.003562235193673344,0.0035622351936733425,0.0035622351936733434,0.0035622351936733425,0.0035622351936733434,0.0035622351936733434,0.0035622351936733434,0.003562235193673343,0.003562235193673344,0.0035622351936733425,0.0035622351936733425,0.0035622351936733425,0.003562235193673343,0.0035622351936733434,0.0035622351936733417,0.0035622351936733434,0.0035622351936733425,0.0035622351936733425,0.0035622351936733434,0.003562235193673344,0.003562235193673343,0.003562235193673343,0.0035622351936733434,0.003562235193673342,0.0035622351936733434,0.0035622351936733434,0.0035622351936733425,0.003562235193673343,0.0035622351936733434,0.003562235193673344,0.0035622351936733434,0.0035622351936733434,0.003562235193673344,0.003562235193673344,0.003562235193673344,0.003562235193673343,0.003562235193673344,0.003562235193673343,0.0035622351936733425,0.0035622351936733425,0.0035622351936733417,0.003562235193673344,0.0035622351936733434,0.003562235193673344,0.003562235193673344,0.003562235193673342,0.0035622351936733425,0.0035622351936733434,0.003562235193673343,0.0035622351936733425,0.0035622351936733434,0.003562235193673344,0.0035622351936733425,0.0035622351936733425,0.0035622351936733425,0.0035622351936733425,0.0035622351936733425,0.003562235193673342,0.0035622351936733417,0.0035622351936733425,0.0035622351936733443,0.0035622351936733434,0.003562235193673343,0.0035622351936733425,0.003562235193673343,0.0035622351936733425,0.003562235193673343,0.003562235193673342,0.003562235193673343,0.003562235193673343,0.003562235193673343,0.0035622351936733434,0.003562235193673342,0.003562235193673342,0.003562235193673342,0.003562235193673342,0.0035622351936733404,0.0035622351936733412,0.0035622351936733425,0.003562235193673343,0.0035622351936733425,0.003562235193673342,0.003562235193673342,0.0035622351936733434,0.003562235193673342,0.003562235193673342,0.0035622351936733425,0.003562235193673342,0.0035622351936733417,0.0035622351936733417,0.0035622351936733395,0.0035622351936733425,0.0035622351936733417,0.0035622351936733425,0.003562235193673342,0.0035622351936733417,0.003562235193673342,0.0035622351936733417,0.003562235193673342,0.0035622351936733425,0.003562235193673342,0.003562235193673342,0.0035622351936733417,0.003562235193673342,0.0035622351936733443,0.0035622351936733434,0.003562235193673343,0.0035622351936733434,0.003562235193673343,0.003562235193673343,0.003562235193673344,0.003562235193673343,0.0035622351936733425,0.003562235193673343,0.003562235193673342,0.003562235193673344,0.0035622351936733425,0.003562235193673343,0.003562235193673343,0.003562235193673343,0.003562235193673342,0.0035622351936733417,0.0035622351936733425,0.003562235193673341,0.003562235193673342,0.0035622351936733434,0.003562235193673344,0.003562235193673343,0.0035622351936733434,0.0035622351936733412,0.0035622351936733417,0.0035622351936733425,0.003562235193673344,0.0035622351936733425,0.0035622351936733425,0.0035622351936733417,0.0035622351936733434,0.0035622351936733434,0.003562235193673343,0.0035622351936733434,0.003562235193673344,0.003562235193673343,0.003562235193673344,0.003562235193673343,0.0035622351936733425,0.0035622351936733417,0.0035622351936733443,0.0035622351936733425,0.0035622351936733434,0.003562235193673343,0.003562235193673343,0.0035622351936733434,0.003562235193673343,0.0035622351936733425,0.0035622351936733425,0.003562235193673344,0.003562235193673344,0.003562235193673343,0.003562235193673343,0.003562235193673343,0.003562235193673344,0.003562235193673344,0.0035622351936733434,0.003562235193673344,0.0035622351936733417,0.003562235193673344,0.003562235193673342,0.003562235193673342,0.003562235193673343,0.003562235193673343,0.0035622351936733434,0.0035622351936733425,0.0035622351936733425,0.0035622351936733425,0.003562235193673343,0.003562235193673342,0.0035622351936733417,0.0035622351936733417,0.003562235193673343,0.0035622351936733417,0.0035622351936733425,0.0035622351936733417,0.003562235193673342,0.003562235193673342,0.0035622351936733417,0.003562235193673343,0.0035622351936733425,0.003562235193673343,0.0035622351936733434,0.0035622351936733434,0.0035622351936733425,0.003562235193673342,0.003562235193673343,0.003562235193673343,0.0035622351936733434,0.0035622351936733434,0.0035622351936733425,0.0035622351936733425,0.003562235193673343,0.0035622351936733425,0.0035622351936733443,0.003562235193673344,0.0035622351936733434,0.003562235193673344,0.003562235193673344,0.003562235193673343,0.0035622351936733434,0.003562235193673344,0.003562235193673344,0.0035622351936733434,0.0035622351936733434,0.0035622351936733434,0.0035622351936733434,0.003562235193673343,0.0035622351936733447,0.003562235193673344,0.0035622351936733425,0.0035622351936733434,0.003562235193673344,0.003562235193673344,0.0035622351936733434,0.0035622351936733434,0.003562235193673344,0.0035622351936733434,0.003562235193673344,0.003562235193673344,0.0035622351936733417,0.003562235193673344,0.0035622351936733434,0.0035622351936733425,0.0035622351936733417,0.003562235193673343,0.003562235193673342,0.0035622351936733434,0.0035622351936733425,0.0035622351936733417,0.003562235193673342,0.0035622351936733425,0.003562235193673343,0.003562235193673344,0.0035622351936733434,0.0035622351936733417,0.003562235193673342,0.0035622351936733425,0.0035622351936733417,0.0035622351936733434,0.003562235193673343,0.0035622351936733417,0.003562235193673342,0.003562235193673342,0.0035622351936733417,0.0035622351936733417,0.003562235193673343,0.003562235193673343,0.0035622351936733417,0.0035622351936733434,0.0035622351936733417,0.0035622351936733425,0.003562235193673342,0.00356223519367334,0.0035622351936733417,0.0035622351936733417,0.0035622351936733417,0.0035622351936733425,0.0035622351936733395,0.0035622351936733417,0.003562235193673344,0.003562235193673342,0.0035622351936733434,0.0035622351936733417,0.003562235193673342,0.003562235193673342,0.003562235193673342,0.003562235193673341,0.0035622351936733412,0.0035622351936733417,0.003562235193673342,0.0035622351936733417,0.0035622351936733417,0.0035622351936733417,0.003562235193673342,0.0035622351936733417,0.003562235193673342,0.003562235193673342,0.0035622351936733412,0.003562235193673341,0.0035622351936733412,0.0035622351936733417,0.003562235193673341,0.003562235193673341,0.0035622351936733412,0.0035622351936733443,0.003562235193673341,0.003562235193673341,0.003562235193673341,0.0035622351936733412,0.0035622351936733417,0.003562235193673341,0.0035622351936733417,0.003562235193673341,0.0035622351936733404,0.003562235193673342,0.0035622351936733425,0.003562235193673342,0.0035622351936733417,0.0035622351936733425,0.003562235193673342,0.0035622351936733417,0.0035622351936733417,0.0035622351936733425,0.0035622351936733417,0.0035622351936733417,0.003562235193673342,0.003562235193673342,0.003562235193673342,0.0035622351936733417,0.003562235193673342,0.0035622351936733417,0.0035622351936733412,0.003562235193673342,0.0035622351936733425,0.003562235193673342,0.003562235193673342,0.003562235193673342,0.0035622351936733412,0.003562235193673341,0.0035622351936733412,0.0035622351936733417,0.0035622351936733412,0.0035622351936733425,0.003562235193673342,0.0035622351936733412,0.003562235193673342,0.003562235193673342,0.003562235193673341,0.0035622351936733395,0.003562235193673349,0.003562235193673344,0.003562235193673343,0.003562235193673344,0.003562235193673344,0.003562235193673344,0.003562235193673344,0.003562235193673344,0.003562235193673344,0.0035622351936733443,0.0035622351936733425,0.0035622351936733434,0.0035622351936733434,0.003562235193673343,0.0035622351936733434,0.0035622351936733434,0.0035622351936733434,0.0035622351936733434,0.003562235193673344,0.0035622351936733434,0.003562235193673343,0.0035622351936733443,0.0035622351936733434,0.0035622351936733417,0.003562235193673344,0.0035622351936733434,0.0035622351936733434,0.003562235193673344,0.003562235193673343,0.003562235193673342,0.0035622351936733434,0.003562235193673343,0.0035622351936733434,0.003562235193673343,0.0035622351936733434,0.0035622351936733417,0.003562235193673343,0.0035622351936733434,0.0035622351936733443,0.003562235193673343,0.0035622351936733443,0.0035622351936733434,0.0035622351936733443,0.0035622351936733434,0.003562235193673344,0.0035622351936733434,0.0035622351936733434,0.003562235193673343,0.003562235193673344,0.0035622351936733434,0.0035622351936733434,0.003562235193673344,0.0035622351936733434,0.0035622351936733434,0.003562235193673343,0.003562235193673343,0.0035622351936733434,0.0035622351936733447,0.0035622351936733434,0.003562235193673343,0.003562235193673343,0.003562235193673344,0.0035622351936733434,0.003562235193673343,0.0035622351936733434,0.0035622351936733434,0.003562235193673343,0.0035622351936733434,0.0035622351936733434,0.003562235193673344,0.003562235193673344,0.003562235193673345,0.0035622351936733434,0.0035622351936733434,0.003562235193673343,0.003562235193673343,0.003562235193673343,0.003562235193673344,0.003562235193673343,0.003562235193673344,0.003562235193673343,0.003562235193673343,0.0035622351936733434,0.0035622351936733434,0.003562235193673344,0.0035622351936733443,0.003562235193673344,0.0035622351936733434,0.0035622351936733434,0.0035622351936733434,0.003562235193673344,0.0035622351936733434,0.003562235193673344,0.0035622351936733443,0.0035622351936733434,0.003562235193673344,0.0035622351936733434,0.003562235193673344,0.0035622351936733443,0.0035622351936733443,0.0035622351936733434,0.0035622351936733434,0.0035622351936733434,0.0035622351936733434,0.003562235193673343,0.0035622351936733434,0.003562235193673344,0.0035622351936733434,0.0035622351936733443,0.003562235193673343,0.003562235193673343,0.003562235193673344,0.0035622351936733434,0.0035622351936733434,0.0035622351936733434,0.003562235193673343,0.0035622351936733434,0.003562235193673343,0.0035622351936733425,0.0035622351936733434,0.003562235193673343,0.003562235193673344,0.003562235193673342,0.0035622351936733425,0.003562235193673343,0.0035622351936733434,0.003562235193673343,0.0035622351936733434,0.0035622351936733434,0.0035622351936733434,0.0035622351936733434,0.0035622351936733434,0.003562235193673343,0.003562235193673342,0.0035622351936733425,0.0035622351936733434,0.003562235193673343,0.0035622351936733434,0.003562235193673343,0.003562235193673344,0.0035622351936733434,0.003562235193673344,0.0035622351936733434,0.0035622351936733434,0.0035622351936733434,0.003562235193673343,0.003562235193673344,0.003562235193673344,0.0035622351936733434,0.0035622351936733434,0.003562235193673344,0.003562235193673344,0.0035622351936733434,0.0035622351936733434,0.0035622351936733434,0.003562235193673343,0.0035622351936733447,0.0035622351936733447,0.0035622351936733434,0.0035622351936733434,0.0035622351936733434,0.0035622351936733434,0.0035622351936733443,0.0035622351936733434,0.0035622351936733434,0.003562235193673344,0.003562235193673344,0.0035622351936733434,0.0035622351936733443,0.0035622351936733434,0.0035622351936733434,0.003562235193673343,0.0035622351936733434,0.0035622351936733425,0.003562235193673343,0.003562235193673344,0.0035622351936733443,0.003562235193673344,0.003562235193673343,0.0035622351936733434,0.0035622351936733443,0.0035622351936733425,0.003562235193673343,0.0035622351936733447,0.003562235193673343,0.003562235193673344,0.0035622351936733434,0.0035622351936733434,0.0035622351936733434,0.003562235193673344,0.0035622351936733425,0.003562235193673343,0.0035622351936733425,0.003562235193673343,0.003562235193673343,0.003562235193673344,0.003562235193673344,0.0035622351936733443,0.003562235193673342,0.0035622351936733425,0.0035622351936733434,0.003562235193673342,0.003562235193673342,0.003562235193673341,0.0035622351936733412,0.003562235193673343,0.003562235193673342,0.0035622351936733434,0.0035622351936733425,0.003562235193673343,0.0035622351936733417,0.003562235193673342,0.003562235193673343,0.003562235193673343,0.0035622351936733425,0.003562235193673342,0.003562235193673343,0.003562235193673342,0.0035622351936733417,0.0035622351936733425,0.0035622351936733417,0.0035622351936733425,0.003562235193673344,0.003562235193673343,0.003562235193673342,0.0035622351936733417,0.003562235193673342,0.003562235193673342,0.003562235193673343,0.003562235193673342,0.0035622351936733434,0.003562235193673344,0.003562235193673344,0.0035622351936733434,0.003562235193673344,0.003562235193673342,0.0035622351936733425,0.0035622351936733425,0.0035622351936733425,0.003562235193673342,0.0035622351936733425,0.0035622351936733417,0.003562235193673343,0.003562235193673343,0.003562235193673344,0.003562235193673342,0.0035622351936733434,0.003562235193673343,0.0035622351936733443,0.0035622351936733434,0.0035622351936733425,0.0035622351936733425,0.0035622351936733434,0.0035622351936733425,0.0035622351936733417,0.0035622351936733425,0.003562235193673343,0.0035622351936733434,0.003562235193673342,0.003562235193673343,0.003562235193673343,0.003562235193673342,0.0035622351936733434,0.003562235193673343,0.003562235193673344,0.0035622351936733425,0.003562235193673344,0.0035622351936733417,0.0035622351936733417,0.0035622351936733425,0.0035622351936733425,0.0035622351936733425,0.0035622351936733443,0.0035622351936733425,0.003562235193673342,0.0035622351936733425,0.003562235193673342,0.0035622351936733417,0.003562235193673342,0.003562235193673342,0.0035622351936733412,0.0035622351936733417,0.0035622351936733417,0.0035622351936733417,0.003562235193673342,0.0035622351936733425,0.003562235193673341,0.003562235193673342,0.0035622351936733412,0.0035622351936733412,0.0035622351936733417,0.0035622351936733417,0.0035622351936733417,0.0035622351936733412,0.0035622351936733404,0.0035622351936733417,0.003562235193673342,0.003562235193673343,0.003562235193673342,0.0035622351936733425,0.0035622351936733425,0.0035622351936733417,0.003562235193673342,0.0035622351936733434,0.0035622351936733434,0.003562235193673342,0.003562235193673342,0.003562235193673342,0.003562235193673342,0.003562235193673342,0.0035622351936733425,0.0035622351936733417,0.003562235193673342,0.0035622351936733417,0.003562235193673342,0.0035622351936733417,0.0035622351936733412,0.003562235193673342,0.0035622351936733395,0.0035622351936733434,0.003562235193673343,0.003562235193673342,0.0035622351936733425,0.003562235193673343,0.003562235193673342,0.003562235193673342,0.0035622351936733425,0.0035622351936733425,0.0035622351936733425,0.0035622351936733417,0.0035622351936733417,0.0035622351936733412,0.0035622351936733412,0.003562235193673342,0.0035622351936733404,0.003562235193673341,0.0035622351936733417,0.0035622351936733412,0.0035622351936733412,0.0035622351936733417,0.0035622351936733412,0.003562235193673341,0.003562235193673342,0.003562235193673342,0.0035622351936733425,0.0035622351936733425,0.003562235193673342,0.003562235193673342,0.0035622351936733434,0.003562235193673341,0.0035622351936733417,0.0035622351936733417,0.003562235193673343,0.0035622351936733417,0.0035622351936733417,0.0035622351936733417,0.003562235193673343,0.0035622351936733425,0.0035622351936733425,0.003562235193673342,0.0035622351936733412,0.0035622351936733417,0.0035622351936733434,0.0035622351936733425,0.003562235193673342,0.0035622351936733425,0.0035622351936733412,0.0035622351936733425,0.0035622351936733417,0.0035622351936733417,0.003562235193673342,0.0035622351936733425,0.0035622351936733425,0.003562235193673342,0.0035622351936733417,0.0035622351936733417,0.003562235193673342,0.003562235193673342,0.003562235193673342,0.0035622351936733412,0.0035622351936733434,0.0035622351936733412,0.0035622351936733417,0.0035622351936733412,0.003562235193673344,0.0035622351936733425,0.0035622351936733425,0.0035622351936733417,0.003562235193673344,0.003562235193673343,0.003562235193673344,0.003562235193673342,0.0035622351936733425,0.003562235193673343,0.0035622351936733425,0.0035622351936733434,0.0035622351936733434,0.0035622351936733434,0.003562235193673342,0.0035622351936733417,0.0035622351936733425,0.003562235193673343,0.0035622351936733425,0.0035622351936733425,0.003562235193673342,0.0035622351936733412,0.0035622351936733425,0.003562235193673344,0.00356223519367334,0.0035622351936733425,0.0035622351936733412,0.0035622351936733412,0.0035622351936733412,0.0035622351936733412,0.0035622351936733417,0.0035622351936733417,0.0035622351936733417,0.0035622351936733404,0.003562235193673341,0.0035622351936733412,0.003562235193673342,0.00356223519367334,0.003562235193673341,0.0035622351936733412,0.003562235193673341,0.003562235193673339,0.0035622351936733404,0.0035622351936733404,0.0035622351936733404,0.0035622351936733404,0.00356223519367334,0.0035622351936733404,0.0035622351936733404,0.00356223519367334,0.0035622351936733412,0.0035622351936733395,0.0035622351936733386,0.00356223519367334,0.0035622351936733404,0.00356223519367334,0.0035622351936733404,0.00356223519367334,0.0035622351936733395,0.00356223519367334,0.003562235193673341,0.0035622351936733395,0.0035622351936733395,0.0035622351936733412,0.0035622351936733395,0.00356223519367334,0.00356223519367334,0.00356223519367334,0.003562235193673339,0.00356223519367334,0.0035622351936733395,0.0035622351936733417,0.0035622351936733395,0.003562235193673338,0.00356223519367334,0.00356223519367334,0.0035622351936733395,0.0035622351936733395,0.00356223519367334,0.003562235193673339,0.00356223519367334,0.003562235193673339,0.00356223519367334,0.003562235193673339,0.00356223519367334,0.0035622351936733395,0.00356223519367334,0.0035622351936733395,0.0035622351936733395,0.0035622351936733395,0.00356223519367334,0.003562235193673339,0.0035622351936733404,0.0035622351936733412,0.003562235193673339,0.00356223519367334,0.003562235193673341,0.0035622351936733395,0.003562235193673341,0.0035622351936733395,0.0035622351936733395,0.0035622351936733395,0.003562235193673339,0.00356223519367334,0.00356223519367334,0.0035622351936733417,0.0035622351936733404,0.0035622351936733404,0.0035622351936733395,0.003562235193673339,0.0035622351936733395,0.00356223519367334,0.00356223519367334,0.0035622351936733395,0.0035622351936733395,0.00356223519367334,0.0035622351936733395,0.0035622351936733386,0.003562235193673339,0.00356223519367334,0.003562235193673339,0.00356223519367334,0.003562235193673339,0.003562235193673339,0.0035622351936733404,0.003562235193673339,0.003562235193673339,0.003562235193673339,0.0035622351936733386,0.0035622351936733395,0.003562235193673342,0.003562235193673339,0.003562235193673343,0.0035622351936733425,0.0035622351936733425,0.003562235193673342,0.0035622351936733425,0.0035622351936733425,0.003562235193673342,0.0035622351936733417,0.0035622351936733417,0.003562235193673342,0.0035622351936733425,0.0035622351936733417,0.0035622351936733412,0.003562235193673342,0.0035622351936733425,0.0035622351936733417,0.0035622351936733425,0.0035622351936733417,0.003562235193673342,0.003562235193673342,0.0035622351936733404,0.0035622351936733412,0.003562235193673341,0.0035622351936733412,0.003562235193673341,0.003562235193673341,0.0035622351936733404,0.0035622351936733404,0.0035622351936733412,0.0035622351936733404,0.00356223519367334,0.003562235193673341,0.0035622351936733404,0.00356223519367334,0.0035622351936733404,0.00356223519367334,0.0035622351936733395,0.0035622351936733404,0.0035622351936733404,0.0035622351936733404,0.00356223519367334,0.0035622351936733395,0.00356223519367334,0.003562235193673341,0.003562235193673341,0.00356223519367334,0.00356223519367334,0.0035622351936733412,0.0035622351936733404,0.0035622351936733404,0.0035622351936733404,0.0035622351936733404,0.0035622351936733395,0.0035622351936733395,0.003562235193673338,0.00356223519367334,0.0035622351936733395,0.0035622351936733395,0.003562235193673342,0.003562235193673342,0.0035622351936733425,0.003562235193673342,0.0035622351936733404,0.0035622351936733404,0.0035622351936733395,0.00356223519367334,0.0035622351936733417,0.0035622351936733417,0.0035622351936733417,0.0035622351936733412,0.0035622351936733412,0.0035622351936733412,0.0035622351936733404,0.003562235193673341,0.0035622351936733395,0.0035622351936733395,0.003562235193673339,0.0035622351936733395,0.0035622351936733395,0.00356223519367334,0.0035622351936733404,0.0035622351936733395,0.0035622351936733417,0.003562235193673339,0.0035622351936733404,0.00356223519367334,0.0035622351936733404,0.0035622351936733412,0.0035622351936733404,0.00356223519367334,0.00356223519367334,0.0035622351936733395,0.00356223519367334,0.003562235193673339,0.00356223519367334,0.00356223519367334,0.0035622351936733395,0.00356223519367334,0.00356223519367334,0.00356223519367334,0.003562235193673341,0.0035622351936733404,0.003562235193673341,0.0035622351936733404,0.00356223519367334,0.0035622351936733412,0.0035622351936733404,0.00356223519367334,0.00356223519367334,0.003562235193673341,0.0035622351936733395,0.00356223519367334,0.003562235193673341,0.0035622351936733404,0.0035622351936733404,0.0035622351936733412,0.0035622351936733412,0.0035622351936733404,0.00356223519367334,0.003562235193673341,0.00356223519367334,0.0035622351936733395,0.0035622351936733395,0.003562235193673342,0.0035622351936733395,0.0035622351936733404,0.003562235193673339,0.0035622351936733412,0.0035622351936733417,0.003562235193673341,0.0035622351936733404,0.003562235193673342,0.0035622351936733417,0.0035622351936733412,0.0035622351936733404,0.0035622351936733404,0.0035622351936733404,0.0035622351936733404,0.0035622351936733412,0.003562235193673341,0.0035622351936733412,0.003562235193673341,0.0035622351936733404,0.00356223519367334,0.003562235193673341,0.0035622351936733404,0.0035622351936733404,0.0035622351936733425,0.0035622351936733404,0.00356223519367334,0.003562235193673341,0.0035622351936733404,0.0035622351936733404,0.00356223519367334,0.0035622351936733404,0.0035622351936733417,0.0035622351936733417,0.0035622351936733417,0.0035622351936733404,0.00356223519367334,0.0035622351936733404,0.0035622351936733404,0.003562235193673341,0.0035622351936733412,0.0035622351936733412,0.0035622351936733417,0.0035622351936733417,0.003562235193673341,0.0035622351936733404,0.0035622351936733395,0.00356223519367334,0.00356223519367334,0.003562235193673341,0.0035622351936733404,0.00356223519367334,0.0035622351936733404,0.00356223519367334,0.0035622351936733395,0.0035622351936733417,0.0035622351936733412,0.0035622351936733395,0.0035622351936733412,0.0035622351936733404,0.0035622351936733404,0.00356223519367334,0.0035622351936733404,0.00356223519367334,0.0035622351936733412,0.003562235193673341,0.0035622351936733412,0.003562235193673339,0.00356223519367334,0.00356223519367334,0.00356223519367334,0.0035622351936733404,0.00356223519367334,0.0035622351936733395,0.00356223519367334,0.0035622351936733395,0.00356223519367334,0.00356223519367334,0.00356223519367334,0.0035622351936733395,0.003562235193673341,0.00356223519367334,0.0035622351936733417,0.0035622351936733404,0.00356223519367334,0.00356223519367334,0.0035622351936733395,0.00356223519367334,0.00356223519367334,0.00356223519367334,0.0035622351936733395,0.0035622351936733395,0.00356223519367334,0.003562235193673342,0.00356223519367334,0.003562235193673342,0.0035622351936733417,0.003562235193673342,0.0035622351936733417,0.0035622351936733425,0.0035622351936733412,0.003562235193673342,0.0035622351936733417,0.003562235193673342,0.0035622351936733417,0.0035622351936733417,0.0035622351936733425,0.003562235193673342,0.003562235193673343,0.00356223519367334,0.0035622351936733417,0.0035622351936733417,0.003562235193673342,0.0035622351936733417,0.0035622351936733425,0.003562235193673342,0.003562235193673342,0.003562235193673343,0.0035622351936733417,0.003562235193673342,0.0035622351936733417,0.003562235193673342,0.0035622351936733404,0.0035622351936733417,0.0035622351936733425,0.00356223519367334,0.0035622351936733417,0.0035622351936733417,0.003562235193673342,0.003562235193673342,0.003562235193673342,0.0035622351936733417,0.0035622351936733417,0.0035622351936733425,0.003562235193673342,0.0035622351936733417,0.003562235193673342,0.0035622351936733425,0.0035622351936733425,0.0035622351936733417,0.0035622351936733412,0.0035622351936733417,0.0035622351936733412,0.0035622351936733417,0.0035622351936733417,0.0035622351936733417,0.003562235193673341,0.00356223519367334,0.003562235193673341,0.003562235193673341,0.00356223519367334,0.0035622351936733404,0.0035622351936733404,0.003562235193673341,0.0035622351936733404,0.0035622351936733404,0.0035622351936733412,0.0035622351936733404,0.0035622351936733417,0.003562235193673342,0.003562235193673342,0.0035622351936733425,0.0035622351936733425,0.00356223519367334,0.0035622351936733425,0.0035622351936733417,0.003562235193673342,0.0035622351936733417,0.0035622351936733412,0.003562235193673342,0.003562235193673342,0.0035622351936733417,0.003562235193673342,0.003562235193673342,0.003562235193673342,0.003562235193673342,0.003562235193673342,0.0035622351936733417,0.0035622351936733425,0.0035622351936733425,0.003562235193673342,0.003562235193673342,0.003562235193673342,0.0035622351936733417,0.0035622351936733417,0.0035622351936733412,0.003562235193673341,0.0035622351936733412,0.0035622351936733404,0.003562235193673344,0.0035622351936733434,0.0035622351936733425,0.003562235193673343,0.0035622351936733425,0.003562235193673342,0.003562235193673343,0.003562235193673344,0.003562235193673343,0.0035622351936733425,0.003562235193673343,0.0035622351936733434,0.003562235193673344,0.0035622351936733425,0.003562235193673344,0.0035622351936733425,0.003562235193673343,0.003562235193673342,0.003562235193673342,0.0035622351936733425,0.003562235193673343,0.003562235193673343,0.003562235193673342,0.003562235193673343,0.0035622351936733425,0.003562235193673343,0.003562235193673343,0.0035622351936733434,0.0035622351936733434,0.003562235193673342,0.0035622351936733425,0.003562235193673342,0.0035622351936733412,0.0035622351936733434,0.0035622351936733425,0.003562235193673342,0.0035622351936733425,0.0035622351936733417,0.003562235193673342,0.003562235193673342,0.003562235193673342,0.0035622351936733417,0.003562235193673342,0.0035622351936733425,0.0035622351936733417,0.0035622351936733417,0.0035622351936733417,0.003562235193673343,0.0035622351936733417,0.0035622351936733434,0.003562235193673344,0.0035622351936733425,0.0035622351936733434,0.0035622351936733425,0.0035622351936733417,0.0035622351936733417,0.003562235193673342,0.0035622351936733417,0.0035622351936733425,0.003562235193673344,0.003562235193673343,0.003562235193673342,0.0035622351936733425,0.0035622351936733425,0.0035622351936733417,0.003562235193673342,0.003562235193673342,0.003562235193673342,0.003562235193673342,0.003562235193673342,0.0035622351936733425,0.003562235193673343,0.003562235193673342,0.0035622351936733417,0.0035622351936733425,0.0035622351936733425,0.0035622351936733417,0.0035622351936733434,0.003562235193673343,0.0035622351936733434,0.0035622351936733404,0.003562235193673342,0.003562235193673341,0.0035622351936733412,0.003562235193673341,0.0035622351936733417,0.003562235193673341,0.0035622351936733412,0.0035622351936733417,0.003562235193673342,0.0035622351936733417,0.0035622351936733417,0.003562235193673341,0.0035622351936733404,0.00356223519367334,0.0035622351936733417,0.003562235193673341,0.0035622351936733412,0.0035622351936733417,0.0035622351936733412,0.0035622351936733412,0.0035622351936733417,0.00356223519367334,0.003562235193673342,0.0035622351936733417,0.0035622351936733412,0.0035622351936733395,0.0035622351936733425,0.0035622351936733395,0.0035622351936733417,0.003562235193673342,0.0035622351936733417,0.0035622351936733417,0.0035622351936733417,0.0035622351936733425,0.003562235193673343,0.003562235193673342,0.0035622351936733404,0.0035622351936733404,0.0035622351936733425,0.003562235193673344,0.003562235193673342,0.0035622351936733417,0.003562235193673342,0.0035622351936733425,0.003562235193673343,0.0035622351936733412,0.003562235193673341,0.003562235193673341,0.0035622351936733412,0.0035622351936733412,0.003562235193673341,0.0035622351936733434,0.003562235193673341,0.00356223519367334,0.0035622351936733395,0.003562235193673343,0.0035622351936733404,0.003562235193673341,0.003562235193673341,0.0035622351936733417,0.00356223519367334,0.0035622351936733412,0.003562235193673342,0.0035622351936733412,0.0035622351936733417,0.0035622351936733417,0.0035622351936733425,0.0035622351936733417,0.0035622351936733417,0.0035622351936733417,0.0035622351936733417,0.0035622351936733425,0.0035622351936733417,0.003562235193673342,0.0035622351936733425,0.0035622351936733425,0.0035622351936733425,0.003562235193673342,0.003562235193673342,0.003562235193673342,0.0035622351936733425,0.0035622351936733425,0.003562235193673342,0.0035622351936733425,0.003562235193673342,0.003562235193673344,0.003562235193673343,0.003562235193673342,0.003562235193673343,0.0035622351936733434,0.0035622351936733447,0.003562235193673344,0.0035622351936733434,0.0035622351936733434,0.003562235193673343,0.0035622351936733425,0.0035622351936733443,0.0035622351936733434,0.003562235193673344,0.003562235193673345,0.003562235193673343,0.0035622351936733425,0.0035622351936733447,0.003562235193673344,0.0035622351936733434,0.0035622351936733434,0.0035622351936733425,0.003562235193673343,0.003562235193673343,0.003562235193673343,0.0035622351936733434,0.0035622351936733434,0.003562235193673344,0.0035622351936733434,0.003562235193673342,0.003562235193673344,0.003562235193673343,0.003562235193673344,0.003562235193673342,0.0035622351936733425,0.003562235193673342,0.003562235193673343,0.0035622351936733425,0.0035622351936733425,0.0035622351936733425,0.0035622351936733434,0.0035622351936733404,0.003562235193673343,0.003562235193673342,0.0035622351936733417,0.003562235193673342,0.0035622351936733434,0.003562235193673342,0.003562235193673344,0.0035622351936733425,0.003562235193673343,0.003562235193673342,0.0035622351936733417,0.003562235193673344,0.003562235193673342,0.0035622351936733425,0.003562235193673343,0.003562235193673342,0.0035622351936733425,0.0035622351936733417,0.003562235193673342,0.003562235193673342,0.0035622351936733443,0.003562235193673342,0.0035622351936733417,0.0035622351936733434,0.003562235193673343,0.003562235193673344,0.003562235193673343,0.003562235193673342,0.0035622351936733425,0.003562235193673342,0.003562235193673343,0.003562235193673342,0.0035622351936733443,0.0035622351936733434,0.003562235193673343,0.003562235193673343,0.003562235193673342,0.0035622351936733412,0.0035622351936733425,0.0035622351936733425,0.0035622351936733425,0.0035622351936733425,0.0035622351936733425,0.0035622351936733425,0.003562235193673343,0.003562235193673342,0.0035622351936733425,0.0035622351936733425,0.0035622351936733417,0.0035622351936733417,0.003562235193673342,0.003562235193673343,0.0035622351936733425,0.003562235193673343,0.003562235193673342,0.003562235193673342,0.0035622351936733425,0.0035622351936733434,0.003562235193673342,0.0035622351936733425,0.0035622351936733434,0.003562235193673343,0.0035622351936733434,0.0035622351936733417,0.003562235193673342,0.003562235193673343,0.003562235193673344,0.003562235193673343,0.003562235193673344,0.003562235193673342,0.003562235193673342,0.0035622351936733434,0.0035622351936733447,0.003562235193673344,0.0035622351936733447,0.003562235193673344,0.0035622351936733434,0.003562235193673344,0.003562235193673344,0.0035622351936733434,0.0035622351936733443,0.0035622351936733434,0.003562235193673342,0.0035622351936733425,0.003562235193673343,0.003562235193673343,0.003562235193673344,0.0035622351936733443,0.0035622351936733425,0.003562235193673343,0.003562235193673342,0.0035622351936733434,0.0035622351936733434,0.0035622351936733443,0.0035622351936733417,0.003562235193673343,0.0035622351936733425,0.0035622351936733425,0.0035622351936733434,0.0035622351936733425,0.003562235193673342,0.0035622351936733412,0.0035622351936733434,0.003562235193673343,0.003562235193673344,0.0035622351936733434,0.0035622351936733434,0.0035622351936733434,0.003562235193673343,0.0035622351936733425,0.0035622351936733434,0.0035622351936733447,0.003562235193673344,0.003562235193673343,0.003562235193673343,0.003562235193673344,0.0035622351936733447,0.0035622351936733434,0.0035622351936733434,0.003562235193673344,0.0035622351936733434,0.003562235193673344,0.0035622351936733434,0.003562235193673344,0.003562235193673346,0.003562235193673344,0.0035622351936733434,0.0035622351936733434,0.0035622351936733443,0.0035622351936733434,0.0035622351936733434,0.003562235193673344,0.003562235193673344,0.0035622351936733434,0.003562235193673344,0.003562235193673343,0.0035622351936733434,0.003562235193673344,0.003562235193673344,0.0035622351936733425,0.003562235193673344,0.003562235193673344,0.0035622351936733434,0.0035622351936733434,0.0035622351936733434,0.0035622351936733425,0.0035622351936733434,0.003562235193673343,0.003562235193673344,0.003562235193673344,0.0035622351936733434,0.003562235193673342,0.003562235193673344,0.003562235193673344,0.0035622351936733434,0.0035622351936733434,0.0035622351936733434,0.003562235193673345,0.003562235193673343,0.003562235193673345,0.003562235193673343,0.0035622351936733443,0.003562235193673342,0.0035622351936733425,0.0035622351936733443,0.0035622351936733447,0.003562235193673344,0.003562235193673343,0.003562235193673344,0.003562235193673344,0.0035622351936733443,0.003562235193673342,0.003562235193673343,0.0035622351936733425,0.0035622351936733443,0.0035622351936733434,0.0035622351936733434,0.003562235193673344,0.0035622351936733443,0.0035622351936733447,0.003562235193673344,0.0035622351936733434,0.003562235193673344,0.003562235193673344,0.003562235193673344,0.0035622351936733434,0.0035622351936733434,0.0035622351936733434,0.0035622351936733434,0.003562235193673344,0.0035622351936733443,0.003562235193673344,0.0035622351936733434,0.003562235193673344,0.003562235193673343,0.0035622351936733434,0.003562235193673344,0.0035622351936733434,0.0035622351936733447,0.0035622351936733425,0.003562235193673345,0.0035622351936733434,0.0035622351936733434,0.0035622351936733443,0.003562235193673344,0.0035622351936733434,0.003562235193673344,0.0035622351936733456,0.0035622351936733447,0.003562235193673344,0.0035622351936733412,0.003562235193673344,0.0035622351936733425,0.003562235193673343,0.0035622351936733434,0.003562235193673343,0.0035622351936733434,0.003562235193673344,0.003562235193673343,0.0035622351936733447,0.0035622351936733425,0.0035622351936733443,0.003562235193673344,0.0035622351936733443,0.0035622351936733425,0.0035622351936733434,0.0035622351936733434,0.003562235193673343,0.0035622351936733434,0.0035622351936733434,0.0035622351936733434,0.0035622351936733434,0.003562235193673344,0.003562235193673343,0.0035622351936733425,0.003562235193673344,0.0035622351936733443,0.003562235193673344,0.003562235193673342,0.0035622351936733425,0.0035622351936733443,0.0035622351936733434,0.003562235193673343,0.0035622351936733434,0.0035622351936733434,0.003562235193673344,0.003562235193673344,0.003562235193673344,0.0035622351936733434,0.003562235193673342,0.003562235193673344,0.003562235193673343,0.003562235193673343,0.0035622351936733434,0.003562235193673343,0.003562235193673343,0.0035622351936733434,0.003562235193673343,0.003562235193673343,0.003562235193673343,0.0035622351936733447,0.003562235193673342,0.0035622351936733417,0.003562235193673342,0.0035622351936733417,0.003562235193673344,0.0035622351936733434,0.003562235193673344,0.0035622351936733417,0.003562235193673342,0.0035622351936733425,0.0035622351936733434,0.003562235193673344,0.0035622351936733412,0.0035622351936733425,0.003562235193673344,0.003562235193673343,0.0035622351936733417,0.0035622351936733447,0.0035622351936733417,0.003562235193673344,0.0035622351936733434,0.0035622351936733434,0.003562235193673342,0.003562235193673343,0.0035622351936733443,0.0035622351936733434,0.003562235193673343,0.003562235193673343,0.003562235193673343,0.0035622351936733434,0.0035622351936733425,0.003562235193673342,0.003562235193673343,0.003562235193673343,0.003562235193673342,0.0035622351936733434,0.0035622351936733434,0.0035622351936733434,0.003562235193673343,0.0035622351936733417,0.003562235193673343,0.003562235193673342,0.0035622351936733434,0.003562235193673343,0.0035622351936733434,0.003562235193673342,0.0035622351936733412,0.0035622351936733417,0.003562235193673343,0.003562235193673343,0.0035622351936733425,0.003562235193673342,0.003562235193673342,0.003562235193673342,0.003562235193673342,0.003562235193673343,0.003562235193673343,0.0035622351936733443,0.003562235193673343,0.0035622351936733425,0.0035622351936733425,0.003562235193673342,0.0035622351936733412,0.003562235193673341,0.0035622351936733404,0.003562235193673341,0.003562235193673341,0.0035622351936733404,0.0035622351936733412,0.0035622351936733412,0.0035622351936733417,0.003562235193673341,0.003562235193673342,0.0035622351936733417,0.0035622351936733412,0.0035622351936733412,0.003562235193673341,0.003562235193673342,0.0035622351936733417,0.003562235193673342,0.0035622351936733425,0.003562235193673342,0.003562235193673342,0.003562235193673342,0.003562235193673342,0.0035622351936733425,0.0035622351936733417,0.003562235193673342,0.0035622351936733417,0.003562235193673342,0.0035622351936733417,0.0035622351936733412,0.0035622351936733425,0.003562235193673342,0.003562235193673342,0.0035622351936733417,0.003562235193673342,0.0035622351936733425,0.003562235193673342,0.003562235193673342,0.003562235193673342,0.003562235193673342,0.0035622351936733447,0.0035622351936733417,0.0035622351936733425,0.0035622351936733425,0.0035622351936733425,0.003562235193673343,0.0035622351936733425,0.003562235193673343,0.0035622351936733417,0.003562235193673343,0.0035622351936733434,0.0035622351936733434,0.0035622351936733434,0.0035622351936733434,0.0035622351936733434,0.0035622351936733434,0.0035622351936733434,0.0035622351936733434,0.0035622351936733425,0.0035622351936733425,0.003562235193673344,0.0035622351936733425,0.003562235193673344,0.0035622351936733425,0.0035622351936733434,0.0035622351936733425,0.0035622351936733434,0.0035622351936733425,0.003562235193673343,0.003562235193673343,0.003562235193673342,0.0035622351936733425,0.003562235193673343,0.003562235193673342,0.003562235193673342,0.0035622351936733417,0.003562235193673343,0.003562235193673343,0.0035622351936733434,0.003562235193673343,0.0035622351936733412,0.0035622351936733417,0.0035622351936733417,0.0035622351936733412,0.003562235193673341,0.003562235193673341,0.0035622351936733412,0.0035622351936733404,0.0035622351936733417,0.003562235193673342,0.003562235193673342,0.0035622351936733425,0.003562235193673342,0.0035622351936733417,0.0035622351936733417,0.0035622351936733417,0.0035622351936733425,0.003562235193673342,0.003562235193673342,0.0035622351936733425,0.003562235193673342,0.0035622351936733425,0.003562235193673344,0.003562235193673344,0.0035622351936733443,0.0035622351936733434,0.0035622351936733447,0.003562235193673343,0.0035622351936733434,0.0035622351936733434,0.003562235193673343,0.0035622351936733434,0.0035622351936733434,0.0035622351936733434,0.0035622351936733434,0.0035622351936733443,0.003562235193673344,0.0035622351936733434,0.003562235193673343,0.003562235193673345,0.0035622351936733443,0.0035622351936733434,0.003562235193673344,0.0035622351936733434,0.003562235193673343,0.003562235193673344,0.003562235193673344,0.0035622351936733434,0.0035622351936733447,0.0035622351936733443,0.0035622351936733434,0.0035622351936733443,0.00356223519367334,0.003562235193673342,0.003562235193673343,0.003562235193673342,0.0035622351936733425,0.003562235193673342,0.0035622351936733417,0.0035622351936733412,0.0035622351936733412,0.003562235193673341,0.0035622351936733412,0.0035622351936733412,0.0035622351936733412,0.0035622351936733417,0.0035622351936733417,0.0035622351936733417,0.003562235193673341,0.0035622351936733412,0.003562235193673341,0.0035622351936733417,0.0035622351936733412,0.003562235193673341,0.0035622351936733412,0.0035622351936733404,0.0035622351936733412,0.0035622351936733417,0.0035622351936733404,0.003562235193673342,0.0035622351936733417,0.003562235193673342,0.003562235193673342,0.0035622351936733417,0.003562235193673342,0.0035622351936733417,0.0035622351936733417,0.003562235193673342,0.003562235193673342,0.0035622351936733417,0.003562235193673342,0.003562235193673342,0.003562235193673342,0.00356223519367334,0.003562235193673342,0.003562235193673342,0.0035622351936733412,0.0035622351936733412,0.0035622351936733412,0.0035622351936733417,0.0035622351936733412,0.0035622351936733412,0.0035622351936733417,0.003562235193673341,0.0035622351936733425,0.003562235193673342,0.0035622351936733425,0.003562235193673342,0.0035622351936733425,0.0035622351936733417,0.003562235193673342,0.0035622351936733434,0.003562235193673341,0.0035622351936733404,0.003562235193673341,0.0035622351936733417,0.0035622351936733412,0.003562235193673341,0.003562235193673341,0.0035622351936733412,0.0035622351936733417,0.0035622351936733417,0.003562235193673341,0.003562235193673341,0.0035622351936733412,0.003562235193673341,0.0035622351936733412,0.0035622351936733404,0.0035622351936733395,0.0035622351936733404,0.0035622351936733404,0.0035622351936733417,0.0035622351936733404,0.0035622351936733404,0.0035622351936733417,0.0035622351936733417,0.003562235193673342,0.003562235193673342,0.0035622351936733417,0.003562235193673342,0.0035622351936733425,0.0035622351936733417,0.0035622351936733425,0.003562235193673342,0.0035622351936733417,0.003562235193673342,0.003562235193673342,0.0035622351936733425,0.0035622351936733417,0.003562235193673342,0.003562235193673343,0.003562235193673342,0.003562235193673341,0.0035622351936733425,0.0035622351936733417,0.003562235193673341,0.0035622351936733412,0.0035622351936733417,0.0035622351936733417,0.0035622351936733412,0.0035622351936733417,0.0035622351936733417,0.0035622351936733412,0.0035622351936733417,0.0035622351936733412,0.003562235193673341,0.0035622351936733412,0.0035622351936733404,0.003562235193673342,0.0035622351936733425,0.003562235193673342,0.0035622351936733425,0.0035622351936733417,0.0035622351936733425,0.0035622351936733417,0.003562235193673342,0.003562235193673342,0.003562235193673342,0.0035622351936733417,0.0035622351936733417,0.0035622351936733417,0.003562235193673342,0.003562235193673342,0.0035622351936733417,0.0035622351936733417,0.003562235193673342,0.003562235193673342,0.003562235193673342,0.0035622351936733425,0.0035622351936733425,0.0035622351936733417,0.0035622351936733417,0.0035622351936733412,0.0035622351936733412,0.0035622351936733412,0.003562235193673344,0.0035622351936733412,0.0035622351936733412,0.0035622351936733395,0.003562235193673342,0.0035622351936733412,0.0035622351936733412,0.0035622351936733404,0.0035622351936733417,0.0035622351936733412,0.0035622351936733417,0.0035622351936733395,0.0035622351936733412,0.00356223519367334,0.00356223519367334,0.0035622351936733417,0.00356223519367334,0.0035622351936733417,0.00356223519367334,0.00356223519367334,0.0035622351936733412,0.003562235193673341,0.0035622351936733412,0.0035622351936733404,0.00356223519367334,0.003562235193673341,0.0035622351936733412,0.003562235193673339,0.003562235193673341,0.003562235193673341,0.0035622351936733404,0.00356223519367334,0.00356223519367334,0.0035622351936733412,0.0035622351936733417,0.0035622351936733417,0.0035622351936733412,0.0035622351936733412,0.0035622351936733417,0.003562235193673341,0.00356223519367334,0.003562235193673342,0.0035622351936733412,0.003562235193673342,0.0035622351936733404,0.0035622351936733404,0.0035622351936733404,0.0035622351936733395,0.003562235193673342,0.0035622351936733395,0.0035622351936733412,0.00356223519367334,0.003562235193673341,0.003562235193673341,0.0035622351936733395,0.0035622351936733395,0.0035622351936733395,0.0035622351936733417,0.0035622351936733404,0.003562235193673341,0.0035622351936733395,0.0035622351936733404,0.0035622351936733404,0.0035622351936733404,0.003562235193673341,0.003562235193673339,0.003562235193673341,0.0035622351936733417,0.00356223519367334,0.003562235193673341,0.0035622351936733395,0.0035622351936733404,0.00356223519367334,0.00356223519367334,0.00356223519367334,0.00356223519367334,0.0035622351936733395,0.0035622351936733404,0.003562235193673341,0.00356223519367334,0.003562235193673341,0.003562235193673341,0.0035622351936733412,0.00356223519367334,0.0035622351936733404,0.0035622351936733404,0.003562235193673342,0.003562235193673342,0.003562235193673342,0.0035622351936733417,0.003562235193673342,0.003562235193673342,0.0035622351936733425,0.0035622351936733417,0.0035622351936733417,0.0035622351936733417,0.0035622351936733417,0.0035622351936733404,0.003562235193673343,0.00356223519367334,0.0035622351936733417,0.0035622351936733412,0.003562235193673341,0.0035622351936733412,0.0035622351936733412,0.0035622351936733412,0.0035622351936733412,0.0035622351936733412,0.0035622351936733404,0.003562235193673342,0.0035622351936733425,0.003562235193673342,0.003562235193673342,0.003562235193673342,0.0035622351936733417,0.003562235193673342,0.0035622351936733417,0.0035622351936733417,0.003562235193673342,0.0035622351936733425,0.0035622351936733417,0.0035622351936733425,0.0035622351936733425,0.0035622351936733425,0.0035622351936733417,0.0035622351936733417,0.003562235193673342,0.003562235193673342,0.0035622351936733417,0.003562235193673342,0.0035622351936733395,0.0035622351936733404,0.0035622351936733417,0.003562235193673342,0.003562235193673342,0.0035622351936733417,0.0035622351936733417,0.0035622351936733412,0.0035622351936733425,0.0035622351936733417,0.0035622351936733434,0.003562235193673344,0.003562235193673343,0.0035622351936733425,0.0035622351936733417,0.003562235193673343,0.0035622351936733425,0.003562235193673342,0.0035622351936733417,0.003562235193673342,0.0035622351936733425,0.003562235193673342,0.0035622351936733417,0.0035622351936733425,0.003562235193673343,0.0035622351936733417,0.003562235193673342,0.0035622351936733417,0.0035622351936733417,0.003562235193673343,0.0035622351936733425,0.0035622351936733417,0.003562235193673342,0.003562235193673342,0.0035622351936733417,0.003562235193673342,0.0035622351936733417,0.0035622351936733404,0.0035622351936733412,0.0035622351936733412,0.0035622351936733417,0.003562235193673341,0.0035622351936733417,0.0035622351936733417,0.003562235193673341,0.003562235193673341,0.0035622351936733412,0.0035622351936733412,0.003562235193673341,0.0035622351936733417,0.0035622351936733412,0.0035622351936733417,0.0035622351936733412,0.003562235193673341,0.0035622351936733417,0.0035622351936733417,0.0035622351936733417,0.003562235193673342,0.0035622351936733425,0.003562235193673342,0.0035622351936733417,0.003562235193673342,0.003562235193673342,0.003562235193673342,0.0035622351936733417,0.0035622351936733417,0.0035622351936733425,0.0035622351936733412,0.0035622351936733417,0.0035622351936733434,0.0035622351936733434,0.0035622351936733434,0.003562235193673343,0.0035622351936733417,0.0035622351936733425,0.0035622351936733425,0.003562235193673342,0.003562235193673342,0.0035622351936733434,0.0035622351936733417,0.0035622351936733417,0.003562235193673343,0.0035622351936733417,0.003562235193673343,0.0035622351936733425,0.003562235193673342,0.003562235193673344,0.003562235193673342,0.0035622351936733425,0.003562235193673343,0.0035622351936733425,0.003562235193673344,0.0035622351936733434,0.003562235193673342,0.003562235193673342,0.003562235193673343,0.0035622351936733425,0.0035622351936733425,0.003562235193673342,0.003562235193673343,0.003562235193673343,0.003562235193673343,0.003562235193673343,0.003562235193673342,0.0035622351936733434,0.0035622351936733434,0.0035622351936733417,0.003562235193673344,0.003562235193673344,0.003562235193673343,0.0035622351936733434,0.003562235193673344,0.003562235193673344,0.003562235193673342,0.003562235193673342,0.0035622351936733417,0.003562235193673343,0.0035622351936733412,0.0035622351936733425,0.0035622351936733417,0.0035622351936733417,0.003562235193673342,0.0035622351936733425,0.003562235193673342,0.0035622351936733425,0.003562235193673342,0.003562235193673342,0.003562235193673343,0.0035622351936733417,0.0035622351936733425,0.0035622351936733417,0.003562235193673342,0.0035622351936733417,0.003562235193673342,0.0035622351936733425,0.003562235193673342,0.0035622351936733417,0.003562235193673342,0.0035622351936733417,0.003562235193673342,0.0035622351936733425,0.003562235193673343,0.0035622351936733417,0.0035622351936733425,0.003562235193673342,0.0035622351936733425,0.003562235193673342,0.003562235193673342,0.003562235193673342,0.003562235193673342,0.003562235193673342,0.0035622351936733417,0.003562235193673343,0.0035622351936733417,0.003562235193673341,0.0035622351936733412,0.0035622351936733404,0.003562235193673343,0.003562235193673342,0.0035622351936733425,0.003562235193673342,0.003562235193673342,0.0035622351936733417,0.003562235193673341,0.0035622351936733417,0.0035622351936733412,0.003562235193673342,0.0035622351936733417,0.0035622351936733412,0.003562235193673341,0.0035622351936733417,0.0035622351936733412,0.003562235193673341,0.003562235193673341,0.0035622351936733412,0.003562235193673341,0.0035622351936733404,0.0035622351936733395,0.003562235193673343,0.0035622351936733404,0.0035622351936733417,0.003562235193673341,0.003562235193673341,0.0035622351936733417,0.0035622351936733417,0.0035622351936733417,0.003562235193673342,0.003562235193673342,0.003562235193673342,0.0035622351936733417,0.0035622351936733425,0.0035622351936733417,0.0035622351936733425,0.0035622351936733417,0.003562235193673342,0.0035622351936733412,0.0035622351936733417,0.0035622351936733412,0.003562235193673341,0.0035622351936733412,0.003562235193673341,0.003562235193673341,0.003562235193673341,0.0035622351936733404,0.0035622351936733404,0.003562235193673342,0.0035622351936733417,0.003562235193673342,0.003562235193673342,0.003562235193673342,0.0035622351936733425,0.003562235193673342,0.0035622351936733417,0.003562235193673342,0.003562235193673342,0.0035622351936733425,0.003562235193673342,0.003562235193673342,0.0035622351936733425,0.0035622351936733417,0.003562235193673342,0.0035622351936733417,0.003562235193673342,0.003562235193673342,0.0035622351936733417,0.0035622351936733425,0.003562235193673342,0.0035622351936733417,0.003562235193673342,0.003562235193673342,0.003562235193673342,0.003562235193673342,0.003562235193673342,0.003562235193673342,0.003562235193673342,0.003562235193673342,0.0035622351936733417,0.003562235193673342,0.0035622351936733425,0.0035622351936733412,0.0035622351936733395,0.0035622351936733425,0.0035622351936733417,0.0035622351936733425,0.003562235193673342,0.003562235193673342,0.0035622351936733434,0.0035622351936733395,0.0035622351936733425,0.0035622351936733417,0.003562235193673341,0.0035622351936733412,0.003562235193673343,0.003562235193673341,0.0035622351936733417,0.0035622351936733404,0.003562235193673342,0.0035622351936733417,0.003562235193673342,0.0035622351936733412,0.0035622351936733412,0.0035622351936733412,0.003562235193673342,0.0035622351936733404,0.0035622351936733412,0.0035622351936733417,0.0035622351936733425,0.003562235193673342,0.0035622351936733425,0.003562235193673342,0.003562235193673342,0.003562235193673342,0.003562235193673342,0.0035622351936733443,0.0035622351936733425,0.0035622351936733412,0.0035622351936733417,0.003562235193673342,0.0035622351936733417,0.0035622351936733425,0.0035622351936733434,0.003562235193673343,0.0035622351936733417,0.0035622351936733425,0.0035622351936733417,0.0035622351936733425,0.003562235193673342,0.0035622351936733425,0.003562235193673343,0.003562235193673343,0.0035622351936733434,0.0035622351936733417,0.0035622351936733425,0.0035622351936733417,0.003562235193673342,0.003562235193673343,0.0035622351936733412,0.0035622351936733412,0.0035622351936733434,0.0035622351936733417,0.003562235193673342,0.0035622351936733417,0.0035622351936733425,0.003562235193673342,0.003562235193673342,0.0035622351936733417,0.0035622351936733434,0.003562235193673343,0.0035622351936733425,0.0035622351936733434,0.0035622351936733434,0.003562235193673343,0.003562235193673343,0.0035622351936733425,0.0035622351936733425,0.0035622351936733425,0.0035622351936733417,0.003562235193673342,0.0035622351936733417,0.0035622351936733417,0.0035622351936733417,0.0035622351936733417,0.003562235193673342,0.0035622351936733417,0.003562235193673341,0.003562235193673342,0.003562235193673342,0.003562235193673343,0.003562235193673344,0.0035622351936733417,0.0035622351936733412,0.0035622351936733417,0.0035622351936733417,0.003562235193673341,0.003562235193673342,0.003562235193673342,0.0035622351936733425,0.0035622351936733417,0.0035622351936733412,0.0035622351936733417,0.0035622351936733417,0.0035622351936733417,0.003562235193673341,0.0035622351936733417,0.0035622351936733412,0.003562235193673341,0.00356223519367334,0.003562235193673342,0.003562235193673342,0.0035622351936733417,0.0035622351936733417,0.0035622351936733425,0.003562235193673343,0.003562235193673342,0.003562235193673342,0.0035622351936733412,0.003562235193673341,0.003562235193673341,0.003562235193673342,0.0035622351936733412,0.0035622351936733412,0.0035622351936733417,0.003562235193673342,0.003562235193673342,0.0035622351936733417,0.003562235193673343,0.003562235193673342,0.0035622351936733412,0.0035622351936733412,0.003562235193673343,0.003562235193673342,0.003562235193673341,0.0035622351936733417,0.0035622351936733417,0.0035622351936733412,0.0035622351936733412,0.003562235193673341,0.0035622351936733417,0.0035622351936733417,0.0035622351936733417,0.0035622351936733425,0.003562235193673342,0.0035622351936733425,0.003562235193673342,0.0035622351936733417,0.0035622351936733417,0.003562235193673342,0.0035622351936733417,0.0035622351936733417,0.003562235193673342,0.0035622351936733425,0.0035622351936733417,0.0035622351936733425,0.003562235193673344,0.0035622351936733425,0.003562235193673343,0.003562235193673342,0.0035622351936733417,0.0035622351936733412,0.0035622351936733412,0.003562235193673342,0.003562235193673342,0.003562235193673341,0.003562235193673343,0.0035622351936733417,0.0035622351936733425,0.0035622351936733417,0.0035622351936733412,0.0035622351936733434,0.003562235193673342,0.0035622351936733425,0.0035622351936733412,0.0035622351936733412,0.0035622351936733417,0.0035622351936733412,0.0035622351936733412,0.0035622351936733412,0.003562235193673341,0.003562235193673342,0.0035622351936733404,0.003562235193673341,0.003562235193673341,0.0035622351936733412,0.0035622351936733404,0.003562235193673341,0.0035622351936733404,0.0035622351936733412,0.0035622351936733404,0.0035622351936733404,0.0035622351936733412,0.003562235193673341,0.003562235193673341,0.003562235193673342,0.0035622351936733425,0.0035622351936733412,0.003562235193673342,0.0035622351936733417,0.0035622351936733417,0.0035622351936733417,0.0035622351936733417,0.003562235193673342,0.0035622351936733425,0.00356223519367334,0.0035622351936733425,0.003562235193673342,0.0035622351936733412,0.003562235193673342,0.0035622351936733417,0.0035622351936733412,0.0035622351936733412,0.0035622351936733412,0.0035622351936733412,0.003562235193673341,0.0035622351936733412,0.0035622351936733425,0.0035622351936733425,0.00356223519367334,0.0035622351936733417,0.00356223519367334,0.0035622351936733404,0.0035622351936733412,0.003562235193673341,0.003562235193673341,0.0035622351936733417,0.0035622351936733417,0.0035622351936733412,0.00356223519367334,0.0035622351936733412,0.003562235193673341,0.003562235193673341,0.0035622351936733412,0.0035622351936733412,0.003562235193673341,0.00356223519367334,0.0035622351936733404,0.0035622351936733417,0.0035622351936733417,0.003562235193673341,0.0035622351936733412,0.0035622351936733417,0.003562235193673341,0.0035622351936733404,0.0035622351936733404,0.00356223519367334,0.003562235193673342,0.0035622351936733417,0.0035622351936733417,0.003562235193673342,0.003562235193673342,0.003562235193673342,0.003562235193673342,0.003562235193673341,0.00356223519367334,0.003562235193673337,0.003562235193673341,0.00356223519367334,0.0035622351936733404,0.00356223519367334,0.0035622351936733412,0.0035622351936733404,0.0035622351936733404,0.003562235193673341,0.003562235193673341,0.003562235193673341,0.0035622351936733395,0.0035622351936733417,0.0035622351936733395,0.0035622351936733404,0.0035622351936733425,0.0035622351936733395,0.0035622351936733412,0.0035622351936733412,0.003562235193673341,0.0035622351936733404,0.0035622351936733412,0.003562235193673341,0.00356223519367334,0.0035622351936733404,0.0035622351936733412,0.0035622351936733412,0.0035622351936733417,0.00356223519367334,0.003562235193673341,0.0035622351936733395,0.0035622351936733404,0.0035622351936733395,0.0035622351936733412,0.00356223519367334,0.0035622351936733395,0.0035622351936733425,0.0035622351936733425,0.0035622351936733395,0.0035622351936733404,0.003562235193673341,0.0035622351936733412,0.0035622351936733404,0.0035622351936733404,0.00356223519367334,0.00356223519367334,0.0035622351936733412,0.0035622351936733412,0.0035622351936733412,0.00356223519367334,0.003562235193673341,0.00356223519367334,0.0035622351936733395,0.0035622351936733395,0.0035622351936733395,0.00356223519367334,0.0035622351936733395,0.0035622351936733395,0.00356223519367334,0.003562235193673342,0.0035622351936733417,0.0035622351936733395,0.0035622351936733404,0.0035622351936733404,0.0035622351936733412,0.00356223519367334,0.0035622351936733404,0.00356223519367334,0.0035622351936733395,0.0035622351936733395,0.00356223519367334,0.00356223519367334,0.0035622351936733412,0.003562235193673341,0.0035622351936733404,0.003562235193673341,0.00356223519367334,0.0035622351936733417,0.0035622351936733412,0.003562235193673342,0.0035622351936733395,0.003562235193673341,0.0035622351936733404,0.00356223519367334,0.0035622351936733404,0.0035622351936733404,0.0035622351936733412,0.0035622351936733417,0.003562235193673342,0.003562235193673342,0.0035622351936733425,0.0035622351936733425,0.0035622351936733417,0.0035622351936733425,0.003562235193673342,0.003562235193673342,0.0035622351936733417,0.003562235193673342,0.0035622351936733425,0.003562235193673342,0.0035622351936733425,0.0035622351936733404,0.003562235193673341,0.0035622351936733412,0.0035622351936733412,0.0035622351936733417,0.003562235193673341,0.0035622351936733434,0.0035622351936733425,0.0035622351936733434,0.003562235193673343,0.003562235193673343,0.0035622351936733434,0.0035622351936733434,0.003562235193673344,0.003562235193673342,0.003562235193673342,0.0035622351936733417,0.003562235193673343,0.0035622351936733425,0.0035622351936733434,0.003562235193673343,0.003562235193673342,0.003562235193673342,0.003562235193673342,0.0035622351936733425,0.003562235193673342,0.0035622351936733417,0.0035622351936733425,0.003562235193673344,0.0035622351936733425,0.003562235193673343,0.0035622351936733425,0.003562235193673342,0.003562235193673343,0.0035622351936733425,0.003562235193673342,0.003562235193673342,0.003562235193673343,0.0035622351936733434,0.003562235193673343,0.003562235193673342,0.003562235193673342,0.0035622351936733417,0.003562235193673344,0.003562235193673343,0.003562235193673342,0.003562235193673342,0.003562235193673342,0.0035622351936733417,0.0035622351936733425,0.003562235193673342,0.0035622351936733434,0.0035622351936733434,0.003562235193673342,0.0035622351936733425,0.0035622351936733425,0.0035622351936733434,0.0035622351936733417,0.003562235193673343,0.003562235193673343,0.003562235193673342,0.003562235193673344,0.0035622351936733417,0.0035622351936733434,0.003562235193673343,0.003562235193673343,0.003562235193673344,0.0035622351936733434,0.003562235193673342,0.0035622351936733425,0.0035622351936733425,0.003562235193673342,0.003562235193673342,0.0035622351936733412,0.0035622351936733434,0.0035622351936733425,0.003562235193673342,0.003562235193673343,0.0035622351936733425,0.003562235193673343,0.0035622351936733412,0.0035622351936733417,0.003562235193673342,0.003562235193673339,0.003562235193673342,0.003562235193673342,0.0035622351936733417,0.003562235193673343,0.0035622351936733425,0.003562235193673343,0.003562235193673343,0.003562235193673343,0.003562235193673342,0.003562235193673342,0.0035622351936733417,0.0035622351936733417,0.0035622351936733417,0.0035622351936733425,0.003562235193673342,0.0035622351936733417,0.0035622351936733425,0.0035622351936733434,0.003562235193673343,0.003562235193673342,0.003562235193673343,0.003562235193673343,0.003562235193673342,0.003562235193673342,0.0035622351936733425,0.0035622351936733434,0.003562235193673343,0.003562235193673342,0.003562235193673342,0.003562235193673342,0.0035622351936733425,0.0035622351936733425,0.003562235193673342,0.0035622351936733425,0.003562235193673342,0.003562235193673342,0.0035622351936733425,0.003562235193673342,0.0035622351936733425,0.003562235193673344,0.003562235193673344,0.003562235193673344,0.003562235193673344,0.0035622351936733434,0.003562235193673343,0.0035622351936733434,0.003562235193673342,0.0035622351936733434,0.0035622351936733434,0.0035622351936733425,0.0035622351936733425,0.0035622351936733417,0.003562235193673342,0.003562235193673343,0.003562235193673343,0.0035622351936733425,0.0035622351936733417,0.003562235193673343,0.003562235193673342,0.003562235193673342,0.0035622351936733412,0.003562235193673343,0.0035622351936733417,0.0035622351936733412,0.0035622351936733425,0.0035622351936733404,0.003562235193673343,0.0035622351936733425,0.0035622351936733434,0.003562235193673342,0.0035622351936733443,0.003562235193673343,0.0035622351936733434,0.0035622351936733434,0.003562235193673343,0.0035622351936733434,0.0035622351936733434,0.0035622351936733434,0.0035622351936733417,0.003562235193673342,0.0035622351936733447,0.003562235193673343,0.0035622351936733434,0.0035622351936733434,0.003562235193673342,0.003562235193673342,0.003562235193673343,0.0035622351936733434,0.0035622351936733434,0.0035622351936733434,0.0035622351936733434,0.0035622351936733434,0.003562235193673343,0.0035622351936733434,0.003562235193673344,0.003562235193673343,0.0035622351936733425,0.003562235193673343,0.003562235193673344,0.0035622351936733447,0.003562235193673343,0.0035622351936733434,0.003562235193673343,0.0035622351936733447,0.0035622351936733434,0.0035622351936733434,0.0035622351936733443,0.0035622351936733434,0.0035622351936733434,0.003562235193673344,0.003562235193673344,0.0035622351936733447,0.0035622351936733434,0.0035622351936733443,0.003562235193673345,0.003562235193673343,0.003562235193673345,0.003562235193673343,0.003562235193673344,0.003562235193673344,0.0035622351936733443,0.003562235193673344,0.0035622351936733443,0.003562235193673344,0.003562235193673344,0.003562235193673344,0.003562235193673344,0.0035622351936733434,0.003562235193673344,0.003562235193673344,0.0035622351936733443,0.0035622351936733434,0.0035622351936733434,0.003562235193673343,0.0035622351936733434,0.0035622351936733425,0.0035622351936733443,0.003562235193673343,0.003562235193673343,0.0035622351936733434,0.003562235193673343,0.003562235193673344,0.003562235193673343,0.0035622351936733434,0.0035622351936733434,0.003562235193673343,0.003562235193673343,0.0035622351936733434,0.003562235193673344,0.0035622351936733434,0.003562235193673343,0.003562235193673342,0.003562235193673344,0.003562235193673343,0.0035622351936733434,0.003562235193673344,0.003562235193673344,0.003562235193673343,0.003562235193673344,0.0035622351936733425,0.003562235193673344,0.0035622351936733434,0.003562235193673344,0.003562235193673344,0.003562235193673344,0.003562235193673344,0.0035622351936733443,0.0035622351936733425,0.003562235193673344,0.0035622351936733425,0.0035622351936733456,0.0035622351936733434,0.003562235193673344,0.0035622351936733434,0.0035622351936733434,0.0035622351936733443,0.0035622351936733434,0.0035622351936733434,0.003562235193673344,0.0035622351936733434,0.003562235193673343,0.0035622351936733443,0.003562235193673344,0.0035622351936733434,0.0035622351936733434,0.003562235193673344,0.0035622351936733434,0.0035622351936733434,0.003562235193673344,0.003562235193673344,0.0035622351936733434,0.0035622351936733434,0.003562235193673344,0.003562235193673344,0.003562235193673344,0.0035622351936733417,0.003562235193673343,0.0035622351936733434,0.0035622351936733434,0.003562235193673344,0.003562235193673344,0.0035622351936733425,0.0035622351936733434,0.0035622351936733443,0.003562235193673344,0.003562235193673343,0.0035622351936733434,0.003562235193673344,0.003562235193673344,0.003562235193673343,0.003562235193673343,0.003562235193673344,0.0035622351936733434,0.0035622351936733447,0.0035622351936733434,0.0035622351936733434,0.003562235193673344,0.0035622351936733434,0.0035622351936733434,0.0035622351936733443,0.0035622351936733434,0.0035622351936733434,0.003562235193673344,0.0035622351936733434,0.003562235193673343,0.003562235193673344,0.003562235193673343,0.003562235193673344,0.0035622351936733434,0.0035622351936733434,0.003562235193673343,0.0035622351936733434,0.0035622351936733443,0.0035622351936733434,0.003562235193673344,0.0035622351936733434,0.0035622351936733434,0.0035622351936733417,0.003562235193673343,0.003562235193673343,0.0035622351936733434,0.003562235193673343,0.0035622351936733443,0.003562235193673344,0.003562235193673343,0.003562235193673344,0.0035622351936733434,0.003562235193673343,0.0035622351936733434,0.0035622351936733443,0.0035622351936733425,0.003562235193673344,0.0035622351936733434,0.0035622351936733434,0.0035622351936733434,0.0035622351936733434,0.003562235193673344,0.003562235193673344,0.003562235193673344,0.0035622351936733425,0.003562235193673345,0.003562235193673342,0.003562235193673344,0.0035622351936733443,0.0035622351936733434,0.0035622351936733434,0.0035622351936733434,0.003562235193673344,0.003562235193673344,0.003562235193673344,0.0035622351936733434,0.003562235193673344,0.0035622351936733434,0.003562235193673343,0.0035622351936733412,0.0035622351936733443,0.0035622351936733443,0.0035622351936733447,0.003562235193673342,0.003562235193673343,0.003562235193673344,0.0035622351936733434,0.003562235193673344,0.0035622351936733456,0.0035622351936733443,0.0035622351936733434,0.003562235193673344,0.003562235193673343,0.0035622351936733434,0.0035622351936733434,0.003562235193673344,0.003562235193673343,0.003562235193673343,0.0035622351936733434,0.0035622351936733434,0.0035622351936733434,0.0035622351936733425,0.0035622351936733443,0.0035622351936733434,0.0035622351936733434,0.0035622351936733434,0.003562235193673343,0.003562235193673343,0.0035622351936733443,0.003562235193673344,0.0035622351936733447,0.003562235193673344,0.003562235193673344,0.0035622351936733434,0.0035622351936733434,0.003562235193673344,0.0035622351936733434,0.0035622351936733434,0.003562235193673343,0.003562235193673343,0.0035622351936733434,0.0035622351936733434,0.0035622351936733443,0.003562235193673344,0.0035622351936733434,0.0035622351936733434,0.003562235193673344,0.0035622351936733434,0.003562235193673343,0.003562235193673342,0.003562235193673343,0.0035622351936733447,0.0035622351936733447,0.0035622351936733434,0.003562235193673344,0.003562235193673345,0.0035622351936733434,0.003562235193673344,0.003562235193673344,0.0035622351936733425,0.003562235193673344,0.003562235193673344,0.003562235193673343,0.0035622351936733434,0.0035622351936733434,0.003562235193673343,0.003562235193673343,0.003562235193673343,0.003562235193673343,0.0035622351936733434,0.003562235193673344,0.003562235193673344,0.003562235193673344,0.0035622351936733443,0.0035622351936733443,0.0035622351936733434,0.003562235193673344,0.003562235193673344,0.003562235193673344,0.003562235193673344,0.003562235193673344,0.003562235193673343,0.0035622351936733434,0.003562235193673344,0.003562235193673343,0.0035622351936733417,0.003562235193673344,0.0035622351936733434,0.0035622351936733443,0.0035622351936733425,0.0035622351936733434,0.0035622351936733434,0.0035622351936733434,0.0035622351936733447,0.0035622351936733434,0.0035622351936733434,0.0035622351936733434,0.0035622351936733434,0.0035622351936733434,0.003562235193673343,0.003562235193673345,0.0035622351936733425,0.0035622351936733425,0.003562235193673344,0.0035622351936733434,0.0035622351936733434,0.0035622351936733434,0.003562235193673344,0.0035622351936733425,0.003562235193673343,0.003562235193673343,0.0035622351936733425,0.0035622351936733425,0.003562235193673342,0.0035622351936733434,0.003562235193673344,0.003562235193673342,0.0035622351936733434,0.0035622351936733434,0.0035622351936733434,0.003562235193673343,0.003562235193673344,0.0035622351936733434,0.0035622351936733434,0.003562235193673344,0.0035622351936733425,0.0035622351936733443,0.0035622351936733443,0.0035622351936733443,0.0035622351936733434,0.0035622351936733425,0.003562235193673343,0.0035622351936733434,0.0035622351936733434,0.003562235193673343,0.003562235193673342,0.0035622351936733434,0.0035622351936733425,0.003562235193673344,0.0035622351936733417,0.0035622351936733417,0.0035622351936733425,0.003562235193673343,0.0035622351936733434,0.0035622351936733434,0.003562235193673343,0.003562235193673344,0.003562235193673342,0.003562235193673343,0.003562235193673343,0.003562235193673343,0.003562235193673343,0.0035622351936733434,0.003562235193673342,0.0035622351936733434,0.0035622351936733412,0.0035622351936733434,0.0035622351936733434,0.0035622351936733417,0.003562235193673343,0.003562235193673343,0.003562235193673343,0.003562235193673343,0.003562235193673343,0.0035622351936733425,0.0035622351936733434,0.0035622351936733434,0.0035622351936733434,0.003562235193673344,0.003562235193673343,0.0035622351936733434,0.0035622351936733434,0.0035622351936733434,0.003562235193673344,0.0035622351936733434,0.003562235193673343,0.003562235193673344,0.003562235193673343,0.0035622351936733443,0.003562235193673343,0.0035622351936733434,0.0035622351936733434,0.0035622351936733434,0.0035622351936733434,0.0035622351936733434,0.0035622351936733425,0.0035622351936733425,0.003562235193673344,0.003562235193673343,0.003562235193673344,0.003562235193673345,0.0035622351936733425,0.0035622351936733434,0.0035622351936733434,0.003562235193673343,0.003562235193673343,0.003562235193673344,0.003562235193673344,0.003562235193673344,0.003562235193673342,0.0035622351936733425,0.003562235193673344,0.003562235193673344,0.0035622351936733425,0.003562235193673343,0.003562235193673344,0.0035622351936733434,0.0035622351936733434,0.0035622351936733443,0.003562235193673343,0.003562235193673342,0.0035622351936733417,0.0035622351936733434,0.0035622351936733434,0.0035622351936733425,0.0035622351936733434,0.003562235193673343,0.003562235193673342,0.003562235193673343,0.0035622351936733425,0.0035622351936733425,0.003562235193673342,0.003562235193673342,0.0035622351936733417,0.0035622351936733417,0.003562235193673342,0.0035622351936733425,0.0035622351936733434,0.0035622351936733417,0.003562235193673342,0.003562235193673343,0.0035622351936733425,0.0035622351936733425,0.003562235193673342,0.0035622351936733417,0.003562235193673342,0.003562235193673342,0.003562235193673342,0.0035622351936733425,0.003562235193673343,0.0035622351936733425,0.003562235193673342,0.003562235193673342,0.0035622351936733425,0.0035622351936733425,0.003562235193673343,0.003562235193673342,0.0035622351936733425,0.0035622351936733434,0.003562235193673343,0.003562235193673344,0.003562235193673343,0.003562235193673342,0.0035622351936733425,0.003562235193673343,0.003562235193673342,0.0035622351936733417,0.0035622351936733404,0.003562235193673342,0.0035622351936733425,0.0035622351936733417,0.0035622351936733425,0.0035622351936733417,0.0035622351936733417,0.0035622351936733425,0.0035622351936733434,0.0035622351936733425,0.003562235193673342,0.003562235193673342,0.0035622351936733425,0.0035622351936733425,0.0035622351936733417,0.0035622351936733425,0.003562235193673342,0.0035622351936733425,0.003562235193673342,0.0035622351936733412,0.003562235193673341,0.0035622351936733417,0.0035622351936733412,0.003562235193673341,0.003562235193673341,0.0035622351936733412,0.00356223519367334,0.0035622351936733404,0.0035622351936733404,0.003562235193673341,0.0035622351936733412,0.003562235193673341,0.0035622351936733412,0.0035622351936733417,0.003562235193673341,0.003562235193673341,0.0035622351936733404,0.003562235193673341,0.0035622351936733395,0.00356223519367334,0.0035622351936733417,0.0035622351936733417,0.0035622351936733404,0.0035622351936733404,0.0035622351936733395,0.0035622351936733412,0.0035622351936733412,0.00356223519367334,0.0035622351936733404,0.003562235193673341,0.0035622351936733412,0.003562235193673341,0.0035622351936733417,0.0035622351936733404,0.003562235193673342,0.0035622351936733425,0.003562235193673342,0.003562235193673342,0.0035622351936733425,0.003562235193673342,0.003562235193673342,0.003562235193673342,0.003562235193673342,0.0035622351936733425,0.003562235193673342,0.0035622351936733425,0.003562235193673341,0.0035622351936733412,0.0035622351936733412,0.0035622351936733412,0.0035622351936733404,0.0035622351936733404,0.0035622351936733417,0.0035622351936733412,0.0035622351936733434,0.003562235193673343,0.0035622351936733404,0.0035622351936733425,0.0035622351936733425,0.003562235193673342,0.0035622351936733417,0.003562235193673346,0.0035622351936733417,0.0035622351936733434,0.003562235193673343,0.003562235193673341,0.0035622351936733412,0.0035622351936733412,0.003562235193673343,0.003562235193673343,0.003562235193673342,0.0035622351936733412,0.0035622351936733425,0.003562235193673342,0.003562235193673342,0.0035622351936733425,0.003562235193673342,0.003562235193673342,0.003562235193673342,0.0035622351936733417,0.003562235193673343,0.003562235193673342,0.003562235193673342,0.003562235193673342,0.0035622351936733412,0.0035622351936733412,0.0035622351936733412,0.0035622351936733417,0.0035622351936733412,0.003562235193673343,0.00356223519367334,0.003562235193673342,0.0035622351936733417,0.0035622351936733412,0.0035622351936733404,0.003562235193673342,0.0035622351936733417,0.0035622351936733417,0.003562235193673342,0.003562235193673342,0.0035622351936733417,0.0035622351936733412,0.003562235193673342,0.003562235193673341,0.003562235193673342,0.0035622351936733425,0.003562235193673342,0.0035622351936733417,0.0035622351936733412,0.003562235193673343,0.0035622351936733417,0.0035622351936733412,0.0035622351936733425,0.003562235193673342,0.003562235193673342,0.0035622351936733417,0.0035622351936733417,0.003562235193673342,0.003562235193673342,0.0035622351936733425,0.0035622351936733417,0.003562235193673342,0.0035622351936733425,0.0035622351936733412,0.003562235193673341,0.0035622351936733417,0.0035622351936733417,0.0035622351936733412,0.0035622351936733412,0.0035622351936733417,0.0035622351936733417,0.003562235193673341,0.0035622351936733417,0.0035622351936733412,0.0035622351936733404,0.003562235193673341,0.0035622351936733412,0.003562235193673341,0.0035622351936733412,0.003562235193673341,0.0035622351936733412,0.0035622351936733412,0.0035622351936733412,0.0035622351936733404,0.0035622351936733412,0.003562235193673341,0.003562235193673341,0.0035622351936733404,0.0035622351936733404,0.003562235193673341,0.003562235193673341,0.003562235193673341,0.0035622351936733412,0.003562235193673341,0.0035622351936733417,0.0035622351936733395,0.0035622351936733412,0.0035622351936733417,0.0035622351936733412,0.0035622351936733404,0.003562235193673341,0.00356223519367334,0.0035622351936733404,0.00356223519367334,0.0035622351936733404,0.003562235193673339,0.003562235193673339,0.0035622351936733404,0.003562235193673341,0.003562235193673341,0.00356223519367334,0.0035622351936733404,0.00356223519367334,0.0035622351936733404,0.003562235193673341,0.00356223519367334,0.00356223519367334,0.00356223519367334,0.00356223519367334,0.0035622351936733395,0.0035622351936733395,0.0035622351936733395,0.00356223519367334,0.0035622351936733395,0.0035622351936733395,0.00356223519367334,0.0035622351936733395,0.00356223519367334,0.00356223519367334,0.00356223519367334,0.00356223519367334,0.00356223519367334,0.00356223519367334,0.0035622351936733395,0.00356223519367334,0.00356223519367334,0.00356223519367334,0.00356223519367334,0.0035622351936733404,0.003562235193673339,0.0035622351936733395,0.00356223519367334,0.0035622351936733395,0.00356223519367334,0.0035622351936733404,0.0035622351936733395,0.00356223519367334,0.0035622351936733395,0.0035622351936733386,0.0035622351936733395,0.003562235193673339,0.003562235193673339,0.003562235193673339,0.0035622351936733386,0.0035622351936733395,0.0035622351936733395,0.0035622351936733404,0.0035622351936733386,0.0035622351936733395,0.003562235193673339,0.0035622351936733386,0.003562235193673339,0.0035622351936733378,0.0035622351936733386,0.003562235193673338,0.0035622351936733386,0.0035622351936733395,0.0035622351936733386,0.003562235193673339,0.003562235193673338,0.003562235193673339,0.00356223519367334,0.0035622351936733373,0.003562235193673339,0.0035622351936733386,0.003562235193673339,0.003562235193673338,0.0035622351936733395,0.003562235193673339,0.003562235193673341,0.00356223519367334,0.0035622351936733395,0.003562235193673339,0.0035622351936733395,0.0035622351936733395,0.0035622351936733395,0.0035622351936733386,0.0035622351936733386,0.003562235193673339,0.003562235193673339,0.0035622351936733386,0.0035622351936733373,0.0035622351936733386,0.0035622351936733373,0.0035622351936733378,0.0035622351936733378,0.0035622351936733378,0.003562235193673338,0.00356223519367334,0.0035622351936733404,0.003562235193673339,0.003562235193673339,0.0035622351936733386,0.003562235193673339,0.0035622351936733378,0.0035622351936733347,0.003562235193673337,0.0035622351936733373,0.0035622351936733373,0.0035622351936733373,0.0035622351936733378,0.0035622351936733373,0.0035622351936733373,0.003562235193673338,0.0035622351936733373,0.0035622351936733373,0.0035622351936733378,0.0035622351936733373,0.0035622351936733373,0.003562235193673336,0.0035622351936733378,0.0035622351936733373,0.0035622351936733373,0.0035622351936733378,0.0035622351936733373,0.003562235193673338,0.0035622351936733373,0.0035622351936733373,0.0035622351936733373,0.0035622351936733373,0.003562235193673337,0.0035622351936733373,0.0035622351936733365,0.0035622351936733386,0.0035622351936733365,0.0035622351936733373,0.0035622351936733378,0.003562235193673338,0.0035622351936733378,0.0035622351936733373,0.003562235193673337,0.0035622351936733365,0.0035622351936733378,0.0035622351936733356,0.0035622351936733356,0.0035622351936733378,0.0035622351936733386,0.003562235193673337,0.003562235193673337,0.003562235193673337,0.0035622351936733373,0.0035622351936733373,0.003562235193673337,0.0035622351936733365,0.0035622351936733378,0.003562235193673336,0.0035622351936733356,0.0035622351936733356,0.003562235193673337,0.0035622351936733365,0.0035622351936733378,0.0035622351936733356,0.0035622351936733365,0.0035622351936733386,0.003562235193673336,0.003562235193673336,0.0035622351936733365,0.0035622351936733365,0.0035622351936733356,0.0035622351936733378,0.003562235193673336,0.003562235193673337,0.003562235193673336,0.0035622351936733356,0.0035622351936733356,0.0035622351936733356,0.0035622351936733365,0.003562235193673336,0.0035622351936733365,0.0035622351936733356,0.003562235193673337,0.0035622351936733378,0.003562235193673335,0.003562235193673337,0.0035622351936733365,0.003562235193673337,0.0035622351936733356,0.003562235193673336,0.0035622351936733356,0.0035622351936733356,0.0035622351936733356,0.003562235193673336,0.003562235193673336,0.003562235193673337,0.003562235193673337,0.0035622351936733347,0.003562235193673337,0.0035622351936733365,0.0035622351936733365,0.003562235193673337,0.0035622351936733378,0.003562235193673337,0.0035622351936733365,0.0035622351936733365,0.003562235193673336,0.0035622351936733365,0.0035622351936733365,0.0035622351936733356,0.0035622351936733356,0.0035622351936733356,0.0035622351936733365,0.0035622351936733365,0.003562235193673336,0.0035622351936733365,0.0035622351936733365,0.0035622351936733356,0.003562235193673337,0.003562235193673336,0.003562235193673336,0.0035622351936733356,0.0035622351936733356,0.0035622351936733365,0.0035622351936733356,0.0035622351936733356,0.0035622351936733356,0.0035622351936733365,0.0035622351936733356,0.003562235193673336,0.003562235193673336,0.003562235193673336,0.003562235193673336,0.003562235193673336,0.0035622351936733365,0.003562235193673335,0.0035622351936733365,0.003562235193673336,0.003562235193673336,0.0035622351936733365,0.0035622351936733365,0.003562235193673336,0.0035622351936733365,0.0035622351936733365,0.0035622351936733378,0.003562235193673335,0.003562235193673336,0.003562235193673336,0.0035622351936733365,0.0035622351936733365,0.003562235193673336,0.0035622351936733356,0.003562235193673336,0.003562235193673336,0.0035622351936733365,0.0035622351936733373,0.0035622351936733365,0.003562235193673336,0.003562235193673336,0.003562235193673337,0.003562235193673336,0.0035622351936733356,0.0035622351936733356,0.0035622351936733347,0.0035622351936733356,0.003562235193673335,0.003562235193673337,0.003562235193673336,0.0035622351936733365,0.0035622351936733365,0.0035622351936733365,0.003562235193673336,0.0035622351936733365,0.0035622351936733365,0.003562235193673336,0.003562235193673336,0.0035622351936733365,0.003562235193673336,0.003562235193673336,0.0035622351936733356,0.0035622351936733356,0.003562235193673336,0.003562235193673335,0.003562235193673335,0.003562235193673335,0.0035622351936733356,0.003562235193673336,0.0035622351936733356,0.0035622351936733356,0.0035622351936733365,0.003562235193673336,0.0035622351936733365,0.0035622351936733365,0.003562235193673335,0.0035622351936733365,0.0035622351936733356,0.0035622351936733343,0.0035622351936733343,0.003562235193673336,0.003562235193673336,0.0035622351936733365,0.0035622351936733347,0.0035622351936733356,0.0035622351936733343,0.0035622351936733356,0.0035622351936733347,0.003562235193673336,0.003562235193673334,0.0035622351936733356,0.0035622351936733347,0.0035622351936733347,0.003562235193673335,0.0035622351936733347,0.0035622351936733343,0.0035622351936733356,0.0035622351936733356,0.0035622351936733356,0.003562235193673335,0.0035622351936733343,0.003562235193673335,0.0035622351936733343,0.003562235193673335,0.0035622351936733343,0.0035622351936733343,0.0035622351936733347,0.003562235193673334,0.003562235193673336,0.003562235193673334,0.0035622351936733356,0.003562235193673335,0.0035622351936733343,0.0035622351936733347,0.0035622351936733356,0.0035622351936733343,0.0035622351936733356,0.0035622351936733347,0.0035622351936733347,0.003562235193673334,0.003562235193673334,0.0035622351936733347,0.003562235193673334,0.0035622351936733343,0.0035622351936733343,0.0035622351936733334,0.0035622351936733334,0.0035622351936733347,0.003562235193673334,0.003562235193673334,0.003562235193673334,0.003562235193673333,0.003562235193673334,0.0035622351936733343,0.0035622351936733334,0.0035622351936733347,0.0035622351936733347,0.0035622351936733347,0.003562235193673335,0.003562235193673334,0.0035622351936733347,0.0035622351936733343,0.0035622351936733334,0.0035622351936733343,0.0035622351936733343,0.003562235193673334,0.0035622351936733334,0.0035622351936733334,0.003562235193673334,0.003562235193673334,0.003562235193673334,0.003562235193673334,0.003562235193673334,0.003562235193673335,0.0035622351936733334,0.0035622351936733347,0.003562235193673333,0.003562235193673333,0.0035622351936733347,0.003562235193673334,0.0035622351936733334,0.0035622351936733334,0.003562235193673334,0.0035622351936733334,0.0035622351936733343,0.0035622351936733343,0.0035622351936733365,0.003562235193673335,0.003562235193673334,0.003562235193673334,0.0035622351936733347,0.003562235193673334,0.003562235193673334,0.0035622351936733334,0.003562235193673334,0.0035622351936733334,0.0035622351936733334,0.003562235193673334,0.0035622351936733334,0.0035622351936733334,0.003562235193673334,0.003562235193673334,0.0035622351936733334,0.0035622351936733343,0.0035622351936733334,0.003562235193673333,0.003562235193673334,0.003562235193673333,0.003562235193673333,0.003562235193673334,0.003562235193673335,0.003562235193673334,0.003562235193673334,0.003562235193673334,0.0035622351936733343,0.003562235193673334,0.003562235193673334,0.0035622351936733343,0.003562235193673334,0.003562235193673334,0.0035622351936733325,0.003562235193673334,0.0035622351936733343,0.0035622351936733334,0.003562235193673334,0.0035622351936733334,0.003562235193673334,0.003562235193673334,0.003562235193673332,0.0035622351936733343,0.0035622351936733334,0.0035622351936733334,0.003562235193673333,0.0035622351936733334,0.0035622351936733334,0.0035622351936733343,0.003562235193673334,0.003562235193673334,0.003562235193673333,0.003562235193673334,0.003562235193673334,0.003562235193673333,0.0035622351936733334,0.0035622351936733343,0.0035622351936733325,0.0035622351936733325,0.0035622351936733334,0.003562235193673333,0.0035622351936733334,0.003562235193673334,0.003562235193673332,0.0035622351936733334,0.0035622351936733334,0.0035622351936733334,0.0035622351936733334,0.003562235193673333,0.0035622351936733334,0.0035622351936733343,0.0035622351936733343,0.003562235193673332,0.0035622351936733334,0.0035622351936733325,0.003562235193673332,0.0035622351936733325,0.0035622351936733325,0.003562235193673333,0.003562235193673332,0.003562235193673332,0.003562235193673333,0.0035622351936733334,0.003562235193673332,0.003562235193673333,0.0035622351936733317,0.0035622351936733325,0.003562235193673332,0.0035622351936733325,0.0035622351936733312,0.003562235193673333,0.0035622351936733325,0.0035622351936733334,0.003562235193673333,0.0035622351936733317,0.003562235193673332,0.0035622351936733325,0.0035622351936733325,0.003562235193673331,0.0035622351936733317,0.0035622351936733325,0.0035622351936733325,0.0035622351936733325,0.003562235193673332,0.003562235193673333,0.0035622351936733312,0.0035622351936733343,0.003562235193673333,0.003562235193673333,0.003562235193673331,0.0035622351936733312,0.0035622351936733317,0.0035622351936733325,0.0035622351936733317,0.003562235193673332,0.003562235193673333,0.0035622351936733325,0.0035622351936733317,0.003562235193673332,0.0035622351936733317,0.0035622351936733312,0.0035622351936733317,0.0035622351936733317,0.0035622351936733317,0.0035622351936733317,0.0035622351936733312,0.0035622351936733317,0.0035622351936733312,0.003562235193673332,0.003562235193673331,0.003562235193673333,0.003562235193673331,0.0035622351936733304,0.0035622351936733304,0.0035622351936733317,0.003562235193673331,0.0035622351936733312,0.0035622351936733317,0.003562235193673331,0.0035622351936733295,0.0035622351936733317,0.003562235193673331,0.0035622351936733317,0.0035622351936733304,0.00356223519367333,0.0035622351936733304,0.00356223519367333,0.00356223519367333,0.0035622351936733295,0.00356223519367333,0.00356223519367333,0.0035622351936733304,0.00356223519367333,0.0035622351936733304,0.0035622351936733295,0.00356223519367333,0.003562235193673331,0.0035622351936733304,0.0035622351936733295,0.0035622351936733304,0.00356223519367333,0.0035622351936733295,0.00356223519367333,0.0035622351936733304,0.0035622351936733304,0.00356223519367333,0.00356223519367333,0.0035622351936733295,0.00356223519367333,0.00356223519367333,0.00356223519367333,0.0035622351936733304,0.0035622351936733286,0.00356223519367333,0.00356223519367333,0.0035622351936733295,0.00356223519367333,0.00356223519367333,0.00356223519367333,0.0035622351936733295,0.0035622351936733295,0.0035622351936733286,0.00356223519367333,0.003562235193673331,0.0035622351936733304,0.003562235193673331,0.003562235193673331,0.0035622351936733295,0.0035622351936733312,0.0035622351936733304,0.00356223519367333,0.003562235193673331,0.0035622351936733304,0.003562235193673331,0.00356223519367333,0.0035622351936733304,0.0035622351936733304,0.0035622351936733304,0.0035622351936733304,0.0035622351936733312,0.003562235193673331,0.0035622351936733317,0.0035622351936733312,0.00356223519367333,0.0035622351936733312,0.0035622351936733304,0.0035622351936733304,0.003562235193673331,0.0035622351936733304,0.003562235193673331,0.0035622351936733304,0.003562235193673331,0.0035622351936733312,0.00356223519367333,0.0035622351936733295,0.0035622351936733295,0.00356223519367333,0.00356223519367333,0.0035622351936733295,0.00356223519367333,0.0035622351936733304,0.0035622351936733304,0.0035622351936733304,0.003562235193673331,0.0035622351936733312,0.003562235193673331,0.003562235193673331,0.003562235193673331,0.00356223519367333,0.003562235193673331,0.0035622351936733304,0.0035622351936733312,0.0035622351936733312,0.0035622351936733304,0.0035622351936733312,0.0035622351936733317,0.0035622351936733304,0.00356223519367333,0.00356223519367333,0.0035622351936733304,0.0035622351936733304,0.00356223519367333,0.0035622351936733295,0.00356223519367333,0.0035622351936733304,0.00356223519367333,0.00356223519367333,0.003562235193673331,0.0035622351936733304,0.0035622351936733312,0.003562235193673331,0.0035622351936733312,0.0035622351936733304,0.003562235193673331,0.0035622351936733312,0.003562235193673331,0.003562235193673331,0.003562235193673331,0.00356223519367333,0.003562235193673332,0.0035622351936733312,0.0035622351936733317,0.003562235193673333,0.0035622351936733317,0.003562235193673331,0.0035622351936733312,0.003562235193673331,0.0035622351936733317,0.0035622351936733312,0.003562235193673332,0.0035622351936733312,0.003562235193673333,0.003562235193673333,0.0035622351936733317,0.0035622351936733317,0.0035622351936733312,0.0035622351936733312,0.003562235193673331,0.0035622351936733304,0.0035622351936733304,0.0035622351936733317,0.0035622351936733312,0.0035622351936733312,0.0035622351936733312,0.0035622351936733312,0.0035622351936733312,0.0035622351936733312,0.0035622351936733295,0.0035622351936733317,0.003562235193673331,0.0035622351936733312,0.0035622351936733317,0.0035622351936733312,0.0035622351936733317,0.0035622351936733295,0.0035622351936733295,0.00356223519367333,0.0035622351936733295,0.00356223519367333,0.0035622351936733295,0.00356223519367333,0.0035622351936733273,0.003562235193673329,0.00356223519367333,0.0035622351936733304,0.00356223519367333,0.0035622351936733295,0.0035622351936733295,0.0035622351936733295,0.0035622351936733304,0.0035622351936733295,0.0035622351936733304,0.00356223519367333,0.003562235193673331,0.003562235193673331,0.003562235193673331,0.003562235193673329,0.00356223519367333,0.00356223519367333,0.00356223519367333,0.00356223519367333,0.0035622351936733295,0.0035622351936733304,0.003562235193673331,0.0035622351936733312,0.0035622351936733304,0.0035622351936733286,0.0035622351936733295,0.00356223519367333,0.003562235193673329,0.0035622351936733295,0.0035622351936733304,0.0035622351936733295,0.00356223519367333,0.003562235193673331,0.0035622351936733304,0.0035622351936733304,0.003562235193673331,0.003562235193673331,0.0035622351936733286,0.0035622351936733286,0.0035622351936733304,0.0035622351936733304,0.00356223519367333,0.00356223519367333,0.0035622351936733295,0.0035622351936733304,0.0035622351936733295,0.0035622351936733295,0.0035622351936733304,0.0035622351936733273,0.0035622351936733304,0.0035622351936733304,0.00356223519367333,0.0035622351936733304,0.00356223519367333,0.00356223519367333,0.0035622351936733304,0.003562235193673329,0.00356223519367333,0.00356223519367333,0.00356223519367333,0.0035622351936733295,0.0035622351936733295,0.0035622351936733295,0.0035622351936733295,0.0035622351936733295,0.0035622351936733304,0.0035622351936733304,0.0035622351936733312,0.003562235193673331,0.003562235193673331,0.003562235193673331,0.003562235193673331,0.0035622351936733312,0.0035622351936733304,0.003562235193673331,0.0035622351936733304,0.003562235193673331,0.003562235193673331,0.0035622351936733312,0.0035622351936733312,0.00356223519367333,0.0035622351936733295,0.00356223519367333,0.0035622351936733304,0.003562235193673329,0.00356223519367333,0.00356223519367333,0.003562235193673331,0.0035622351936733304,0.0035622351936733304,0.003562235193673331,0.0035622351936733304,0.003562235193673331,0.003562235193673331,0.00356223519367333,0.003562235193673331,0.00356223519367333,0.003562235193673331,0.003562235193673331,0.0035622351936733304,0.0035622351936733304,0.0035622351936733304,0.0035622351936733304,0.003562235193673331,0.003562235193673331,0.003562235193673331,0.003562235193673331,0.0035622351936733304,0.0035622351936733304,0.00356223519367333,0.0035622351936733312,0.003562235193673331,0.003562235193673331,0.003562235193673331,0.00356223519367333,0.0035622351936733312,0.0035622351936733317,0.003562235193673331,0.003562235193673331,0.003562235193673331,0.0035622351936733317,0.0035622351936733312,0.0035622351936733317,0.0035622351936733317,0.0035622351936733317,0.003562235193673331,0.0035622351936733304,0.0035622351936733317,0.003562235193673331,0.0035622351936733312,0.0035622351936733317,0.0035622351936733312,0.003562235193673332,0.0035622351936733312,0.003562235193673332,0.003562235193673331,0.003562235193673332,0.003562235193673332,0.003562235193673331,0.0035622351936733312,0.0035622351936733312,0.0035622351936733317,0.0035622351936733317,0.0035622351936733312,0.0035622351936733312,0.0035622351936733312,0.0035622351936733312,0.0035622351936733317,0.0035622351936733317,0.0035622351936733317,0.003562235193673331,0.003562235193673331,0.0035622351936733304,0.0035622351936733317,0.0035622351936733317,0.0035622351936733304,0.0035622351936733304,0.003562235193673332,0.0035622351936733304,0.0035622351936733312,0.003562235193673331,0.00356223519367333,0.00356223519367333,0.0035622351936733304,0.0035622351936733304,0.003562235193673331,0.0035622351936733304,0.0035622351936733304,0.0035622351936733317,0.0035622351936733304,0.0035622351936733312,0.003562235193673331,0.003562235193673331,0.0035622351936733304,0.003562235193673331,0.0035622351936733312,0.0035622351936733317,0.00356223519367333,0.0035622351936733295,0.0035622351936733295,0.00356223519367333,0.00356223519367333,0.00356223519367333,0.00356223519367333,0.0035622351936733295,0.003562235193673331,0.003562235193673331,0.0035622351936733304,0.003562235193673331,0.0035622351936733304,0.0035622351936733317,0.003562235193673331,0.003562235193673331,0.003562235193673331,0.0035622351936733312,0.003562235193673331,0.003562235193673331,0.003562235193673331,0.0035622351936733304,0.003562235193673331,0.0035622351936733304,0.003562235193673331,0.0035622351936733312,0.0035622351936733312,0.00356223519367333,0.0035622351936733304,0.00356223519367333,0.00356223519367333,0.0035622351936733304,0.0035622351936733304,0.00356223519367333,0.0035622351936733295,0.00356223519367333,0.0035622351936733304,0.0035622351936733295,0.0035622351936733295,0.00356223519367333,0.00356223519367333,0.00356223519367333,0.00356223519367333,0.0035622351936733295,0.00356223519367333,0.0035622351936733317,0.0035622351936733304,0.0035622351936733295,0.00356223519367333,0.003562235193673331,0.003562235193673329,0.00356223519367333,0.00356223519367333,0.0035622351936733304,0.00356223519367333,0.00356223519367333,0.00356223519367333,0.00356223519367333,0.0035622351936733304,0.00356223519367333,0.00356223519367333,0.0035622351936733295,0.0035622351936733295,0.0035622351936733295,0.00356223519367333,0.00356223519367333,0.003562235193673331,0.0035622351936733312,0.0035622351936733304,0.0035622351936733304,0.0035622351936733304,0.003562235193673329,0.00356223519367333,0.0035622351936733304,0.00356223519367333,0.00356223519367333,0.0035622351936733295,0.003562235193673329,0.00356223519367333,0.0035622351936733304,0.00356223519367333,0.0035622351936733295,0.003562235193673329,0.0035622351936733295,0.003562235193673331,0.0035622351936733286,0.00356223519367333,0.00356223519367333,0.00356223519367333,0.0035622351936733295,0.003562235193673329,0.0035622351936733304
6,3.032088606648536e-42,2.934902967388553e-41,8.415216931623802e-41,1.7206039868266868e-40,2.1371404164022283e-40,3.869931879387552e-40,6.110977218729768e-40,8.867649836818322e-40,1.2160218631106212e-39,1.6006392453252616e-39,2.0420551178578074e-39,2.5414277305177727e-39,3.0996894239319414e-39,3.717590835888359e-39,4.395736447158176e-39,5.134613122015329e-39,5.934613039451024e-39,6.79605213213973e-39,7.719184921958838e-39,8.704216461987237e-39,9.751311952343531e-39,1.086060448533431e-38,1.2032201284232286e-38,1.3266188729899945e-38,1.456263641057895e-38,1.5921600384908495e-38,1.7343125811387868e-38,1.8827249066656566e-38,2.0373999452515698e-38,2.1983400571434474e-38,2.3655471434314135e-38,2.539022735358322e-38,2.718768066229437e-38,2.9047841293619575e-38,3.097071724764824e-38,3.295631496734747e-38,3.5004639641621274e-38,3.7115695449466736e-38,3.928948575604918e-38,4.152601327152201e-38,4.382528017825788e-38,4.618728823371774e-38,4.861203885311987e-38,5.109953317582625e-38,5.364977211971286e-38,5.626275642351419e-38,5.893848668211682e-38,6.167696337463281e-38,6.447818688683787e-38,6.734215752919323e-38,7.026887555181487e-38,7.325834115577372e-38,7.631055450348433e-38,7.94255157252552e-38,8.260322492627266e-38,8.584368219096299e-38,8.914688758757604e-38,9.251284117084385e-38,9.594154298491767e-38,9.943299306541503e-38,1.0298719144080402e-37,1.0660413813422035e-37,1.102838331639552e-37,1.140262765453309e-37,1.178314682899372e-37,1.2169940840786428e-37,1.2563009690666706e-37,1.2962353379265037e-37,1.3367971907095738e-37,1.3779865274551439e-37,1.4198033481968063e-37,1.462247652960791e-37,1.5053194417678856e-37,1.5490187146349849e-37,1.5933454715761296e-37,1.6382997126031376e-37,1.6838814377224883e-37,1.730090646945078e-37,1.776927340274591e-37,1.8243915177160906e-37,1.8724831792748885e-37,1.9212023249519766e-37,1.970548954749144e-37,2.0205230686708655e-37,2.0711246667174965e-37,2.122353748889868e-37,2.174210315189951e-37,2.226694365618445e-37,2.2798059001761866e-37,2.3335449188637227e-37,2.3879114216810922e-37,2.442905408630036e-37,2.4985268797088243e-37,2.55477583491902e-37,2.611652274261595e-37,2.66915619773373e-37,2.727287605339428e-37,2.786046497076524e-37,2.8454328729467987e-37,2.9054467329471896e-37,2.9660880770821293e-37,3.0273569053502106e-37,3.0892532177496276e-37,3.151777014283115e-37,3.2149282949487408e-37,3.278707059746695e-37,3.343113308677888e-37,3.408147041741931e-37,3.473808258938884e-37,3.540096960268221e-37,3.607013145730105e-37,3.6745568153264495e-37,3.7427279690594193e-37,3.811526606923005e-37,3.880952728921592e-37,3.951006335053274e-37,4.021687425321048e-37,4.092995999720749e-37,4.1649320582553335e-37,4.237495600923657e-37,4.310686627723552e-37,4.384505138659979e-37,4.4589511337281855e-37,4.534024612932072e-37,4.6097255762729725e-37,4.686054023746107e-37,4.7630099553536725e-37,4.840593371098906e-37,4.918804270975817e-37,4.997642654987955e-37,5.077108523137566e-37,5.157201875420364e-37,5.2379227118368556e-37,5.319271032392322e-37,5.401246837078981e-37,5.483850125900154e-37,5.567080898857415e-37,5.650939155952531e-37,5.735424897182132e-37,5.820538122545058e-37,5.906278832047208e-37,5.9926470256835556e-37,6.0796427034544865e-37,6.167265865363278e-37,6.2555165114047075e-37,6.344394641584801e-37,6.433900255899273e-37,6.524033354350503e-37,6.6147939369380014e-37,6.70618200366166e-37,6.798197554521821e-37,6.890840589518722e-37,6.984111108650867e-37,7.078009111920627e-37,7.172534599328553e-37,7.267687570872183e-37,7.363468026555742e-37,7.4598759663713036e-37,7.55691139032726e-37,7.654574298419472e-37,7.75286469064552e-37,7.851782567010668e-37,7.951327927511322e-37,8.05150077215033e-37,8.152301100927418e-37,8.253728913843853e-37,8.355784210895031e-37,8.458466992085871e-37,8.561777257413094e-37,8.665715006882522e-37,8.770280240483894e-37,8.875472958226398e-37,8.981293160107877e-37,9.087740846121876e-37,9.194816016276996e-37,9.302518670570023e-37,9.410848809003373e-37,9.519806431573184e-37,9.629391538281642e-37,9.73960412912905e-37,9.850444204115614e-37,9.961911763243029e-37,1.0074006806505146e-36,1.018672933391062e-36,1.0300079345451444e-36,1.0414056841132471e-36,1.0528661820954722e-36,1.0643894284910433e-36,1.0759754233007869e-36,1.0876241665244293e-36,1.099335658162168e-36,1.1111098982136999e-36,1.1229468866792171e-36,1.134846623558977e-36,1.1468091088525287e-36,1.1588343425601315e-36,1.1709223246814639e-36,1.1830730552171383e-36,1.1952865341664928e-36,1.2075627615298087e-36,1.219901737307044e-36,1.2323034614986344e-36,1.2447679341038371e-36,1.2572951551229532e-36,1.2698851245570625e-36,1.2825378424044068e-36,1.2952533086658811e-36,1.3080315233417417e-36,1.320872486431721e-36,1.333776197935645e-36,1.3467426578535842e-36,1.3597718661854157e-36,1.3728638229319251e-36,1.3860185280918994e-36,1.3992359816658427e-36,1.4125161836546238e-36,1.4258591340577077e-36,1.4392648328743099e-36,1.4527332801053193e-36,1.4662644757501413e-36,1.4798584198095834e-36,1.4935151122828232e-36,1.5072345531700285e-36,1.5210167424717542e-36,1.5348616801873204e-36,1.5487693663173453e-36,1.562739800861471e-36,1.5767729838202898e-36,1.590868915192896e-36,1.6050275949795777e-36,1.6192490231808934e-36,1.633533199796366e-36,1.6478801248263072e-36,1.6622897982703212e-36,1.6767622201287257e-36,1.6912973904012637e-36,1.705895309087963e-36,1.720555976188979e-36,1.735279391704753e-36,1.7500655556342886e-36,1.7649144679783296e-36,1.7798261287366995e-36,1.7948005379091743e-36,1.809837695496549e-36,1.824937601497471e-36,1.8401002559130908e-36,1.8553256587431284e-36,1.870613809987241e-36,1.8859647096459514e-36,1.9013783577191273e-36,1.9168547542061946e-36,1.9323938991080904e-36,1.947995792424348e-36,1.9636604341547275e-36,1.9793878242995477e-36,1.99517796285916e-36,2.0110308498327374e-36,2.0269464852212833e-36,2.0429248690243423e-36,2.0589660012416688e-36,2.075069881872888e-36,2.091236510919349e-36,2.1074658883802246e-36,2.123758014255551e-36,2.140112888545045e-36,2.1565305112492157e-36,2.173010882368128e-36,2.189554001901516e-36,2.206159869849201e-36,2.2228284862110505e-36,2.2395598509881017e-36,2.2563539641787576e-36,2.273210825784463e-36,2.2901304358045326e-36,2.3071127942395062e-36,2.324157901089008e-36,2.3412657563530102e-36,2.3584363600314732e-36,2.375669712124813e-36,2.3929658126326333e-36,2.4103246615549135e-36,2.4277462588917482e-36,2.445230604643746e-36,2.4627776988101055e-36,2.4803875413911523e-36,2.498060132387027e-36,2.515795471797384e-36,2.533593559622348e-36,2.5514543958618494e-36,2.5693779805162374e-36,2.587364313585334e-36,2.605413395069355e-36,2.6235252249675983e-36,2.6416998032811715e-36,2.6599371300089193e-36,2.678237205151467e-36,2.696600028708827e-36,2.7150256006804186e-36,2.7335139210669554e-36,2.752064989868629e-36,2.770678807084689e-36,2.7893553727158023e-36,2.8080946867611715e-36,2.826896749222273e-36,2.845761560097812e-36,2.864689119388101e-36,2.883679427092961e-36,2.9027324832128385e-36,2.9218482877470903e-36,2.9410268406968428e-36,2.9602681420605795e-36,2.9795721918399007e-36,2.9989389900341583e-36,3.0183685366429975e-36,3.0378608316667784e-36,3.057415875105416e-36,3.0770336669589084e-36,3.096714207227227e-36,3.1164574959102146e-36,3.136263533008213e-36,3.156132318520921e-36,3.176063852448712e-36,3.196058134791766e-36,3.216115165549218e-36,3.236234944722086e-36,3.256417472309388e-36,3.276662748311908e-36,3.296970772729374e-36,3.31734154556157e-36,3.3377750668090166e-36,3.3582713364712316e-36,3.378830354548719e-36,3.399452121040994e-36,3.420136635948933e-36,3.440883899271426e-36,3.461693911009265e-36,3.4825666711614305e-36,3.5035021797293946e-36,3.5245004367119545e-36,3.545561442109889e-36,3.56668519592331e-36,3.587871698151028e-36,3.609120948793881e-36,3.630432947852279e-36,3.65180769532525e-36,3.6732451912130254e-36,3.694745435515903e-36,3.716308428234381e-36,3.737934169367425e-36,3.7596226589161964e-36,3.781373896879199e-36,3.8031878832587706e-36,3.825064618052637e-36,3.847004101261857e-36,3.869006332886441e-36,3.8910713129259386e-36,3.9131990413806295e-36,3.9353895182507416e-36,3.957642743536104e-36,3.97995871723609e-36,4.002337439351506e-36,4.0247789098825046e-36,4.047283128828913e-36,4.069850096189912e-36,4.092479811966594e-36,4.1151722761582684e-36,4.137927488764802e-36,4.1607454497866847e-36,4.1836261592242136e-36,4.2065696170763124e-36,4.229575823344371e-36,4.252644778027439e-36,4.275776481125943e-36,4.298970932640067e-36,4.322228132568953e-36,4.345548080913463e-36,4.3689307776729795e-36,4.3923762228479965e-36,4.41588441643896e-36,4.439455358444815e-36,4.4630890488663535e-36,4.486785487702599e-36,4.510544674955048e-36,4.534366610621934e-36,4.558251294704181e-36,4.5821987272022535e-36,4.6062089081157976e-36,4.630281837444211e-36,4.654417515189129e-36,4.678615941348848e-36,4.7028771159237744e-36,4.7272010389151786e-36,4.751587710320888e-36,4.77603713014245e-36,4.800549298379296e-36,4.825124215031826e-36,4.849761880099242e-36,4.8744622935827814e-36,4.899225455480997e-36,4.9240513657949954e-36,4.948940024525517e-36,4.973891431670404e-36,4.99890558723211e-36,5.023982491207922e-36,5.049122143599827e-36,5.074324544407455e-36,5.099589693630667e-36,5.124917591269274e-36,5.1503082373230096e-36,5.175761631792733e-36,5.201277774677749e-36,5.226856665978955e-36,5.25249830569552e-36,5.2782026938274824e-36,5.3039698303749275e-36,5.3297997153377516e-36,5.3556923487170366e-36,5.381647730511336e-36,5.407665860721793e-36,5.433746739347057e-36,5.459890366388438e-36,5.486096741845699e-36,5.512365865718558e-36,5.5386977380076965e-36,5.5650923587117365e-36,5.591549727831459e-36,5.618069845367086e-36,5.644652711319452e-36,5.671298325686147e-36,5.698006688469699e-36,5.724777799667753e-36,5.7516116592821456e-36,5.778508267311723e-36,5.805467623757489e-36,5.8324897286188454e-36,5.8595745818959185e-36,5.88672218358844e-36,5.9139325336978556e-36,5.941205632222232e-36,5.968541479162776e-36,5.995940074518776e-36,6.023401418290684e-36,6.050925510478215e-36,6.07851235108248e-36,6.10616194010243e-36,6.133874277537612e-36,6.161649363388944e-36,6.189487197655961e-36,6.217387780338779e-36,6.24535111143776e-36,6.273377190952452e-36,6.301466018882798e-36,6.329617595229273e-36,6.357831919991764e-36,6.386108993170187e-36,6.41444881476433e-36,6.442851384774539e-36,6.471316703199893e-36,6.499844770042487e-36,6.528435585299691e-36,6.557089148974262e-36,6.585805461063813e-36,6.614584521570562e-36,6.643426330491843e-36,6.672330887829992e-36,6.70129819358398e-36,6.730328247753763e-36,6.759421050339375e-36,6.78857660134022e-36,6.817794900757999e-36,6.847075948593348e-36,6.876419744843626e-36,6.905826289509337e-36,6.935295582591536e-36,6.964827624089612e-36,6.994422414003896e-36,7.024079952334178e-36,7.05380023908016e-36,7.08358327424306e-36,7.113429057821366e-36,7.14333758981552e-36,7.173308870226907e-36,7.203342899053402e-36,7.233439676296143e-36,7.263599201955332e-36,7.293821476029733e-36,7.324106498521088e-36,7.35445426942888e-36,7.384864788751967e-36,7.415338056492165e-36,7.445874072647663e-36,7.476472837220127e-36,7.507134350207578e-36,7.537858611612778e-36,7.568645621433091e-36,7.599495379670483e-36,7.630407886324039e-36,7.661383141394326e-36,7.692421144880204e-36,7.723521896782404e-36,7.75468539710049e-36,7.785911645835633e-36,7.817200642985662e-36,7.84855238855306e-36,7.879966882536632e-36,7.911444124935428e-36,7.94298411575104e-36,7.974586854982928e-36,8.006252342631035e-36,8.037980578696516e-36,8.06977156317766e-36,8.101625296075754e-36,8.133541777389496e-36,8.165521007119319e-36,8.197562985266108e-36,8.229667711828771e-36,8.261835186807594e-36,8.294065410202545e-36,8.32635838201466e-36,8.358714102243376e-36,8.39113257088877e-36,8.42361378794973e-36,8.45615775342839e-36,8.48876446732179e-36,8.521433929632348e-36,8.554166140359137e-36,8.586961099502192e-36,8.619818807061121e-36,8.652739263037995e-36,8.685722467430456e-36,8.718768420239498e-36,8.751877121465374e-36,8.78504857110753e-36,8.818282769165807e-36,8.851579715641056e-36,8.884939410533083e-36,8.918361853840793e-36,8.951847045565974e-36,8.985394985707346e-36,9.019005674265334e-36,9.05267911124044e-36,9.086415296630656e-36,9.120214230438201e-36,9.154075912662454e-36,9.188000343302944e-36,9.22198752235971e-36,9.25603744983405e-36,9.290150125724997e-36,9.324325550030955e-36,9.358563722755475e-36,9.392864643895611e-36,9.427228313453094e-36,9.461654731427808e-36,9.496143897817473e-36,9.53069581262483e-36,9.56531047584812e-36,9.59998788748902e-36,9.634728047546816e-36,9.669530956020255e-36,9.704396612909935e-36,9.73932501821775e-36,9.774316171942369e-36,9.809370074082413e-36,9.84448672464027e-36,9.879666123614759e-36,9.914908271005849e-36,9.950213166813229e-36,9.985580811037175e-36,1.0021011203677993e-35,1.0056504344735721e-35,1.0092060234210244e-35,1.0127678872102049e-35,1.0163360258409982e-35,1.0199104393135334e-35,1.0234911276277327e-35,1.0270780907835718e-35,1.0306713287810862e-35,1.0342708416203297e-35,1.0378766293012388e-35,1.0414886918238309e-35,1.04510702918805e-35,1.0487316413940513e-35,1.0523625284417026e-35,1.0559996903311051e-35,1.0596431270621966e-35,1.063292838634886e-35,1.0669488250493283e-35,1.0706110863054615e-35,1.0742796224031781e-35,1.0779544333426585e-35,1.081635519123867e-35,1.0853228797466606e-35,1.0890165152112552e-35,1.09271642551752e-35,1.0964226106655271e-35,1.1001350706552273e-35,1.1038538054864383e-35,1.1075788151595212e-35,1.1113100996743445e-35,1.1150476590307295e-35,1.1187914932288683e-35,1.1225416022687398e-35,1.1262979861502416e-35,1.1300606448734383e-35,1.1338295784384014e-35,1.137604786845033e-35,1.141386270093414e-35,1.1451740281835143e-35,1.1489680611153354e-35,1.152768368888779e-35,1.1565749515040217e-35,1.1603878089608699e-35,1.164206941259552e-35,1.1680323483998302e-35,1.1718640303818384e-35,1.1757019872055731e-35,1.1795462188710134e-35,1.1833967253782151e-35,1.1872535067270648e-35,1.1911165629175991e-35,1.1949858939498933e-35,1.1988614998239745e-35,1.2027433805396881e-35,1.2066315360970756e-35,1.2105259664963052e-35,1.2144266717371885e-35,1.218333651819805e-35,1.2222469067441366e-35,1.2261664365101756e-35,1.2300922411179281e-35,1.2340243205673404e-35,1.2379626748586653e-35,1.2419073039916404e-35,1.245858207966298e-35,1.249815386782728e-35,1.2537788404407285e-35,1.2577485689405806e-35,1.2617245722821628e-35,1.2657068504654574e-35,1.2696954034903583e-35,1.2736902313571422e-35,1.2776913340655578e-35,1.2816987116158283e-35,1.2857123640076656e-35,1.2897322912413406e-35,1.2937584933167107e-35,1.2977909702339232e-35,1.301829721992868e-35,1.3058747485934378e-35,1.3099260500358515e-35,1.3139836263199214e-35,1.3180474774457247e-35,1.322117603413308e-35,1.3261940042225778e-35,1.3302766798736643e-35,1.3343656303664325e-35,1.3384608557009633e-35,1.3425623558772494e-35,1.3466701308952762e-35,1.3507841807550324e-35,1.3549045054565054e-35,1.359031104999769e-35,1.3631639793847378e-35,1.367303128611598e-35,1.371448552680048e-35,1.3756002515902874e-35,1.3797582253422898e-35,1.3839224739359654e-35,1.38809299737154e-35,1.392269795648801e-35,1.396452868767861e-35,1.4006422167286265e-35,1.40483783953116e-35,1.409039737175393e-35,1.4132479096614024e-35,1.4174623569891768e-35,1.4216830791588796e-35,1.4259100761700743e-35,1.4301433480232306e-35,1.4343828947180821e-35,1.4386287162546242e-35,1.44288081263295e-35,1.447139183853088e-35,1.451403829914925e-35,1.4556747508185192e-35,1.4599519465638843e-35,1.4642354171509673e-35,1.468525162579793e-35,1.472821182850534e-35,1.4771234779628815e-35,1.4814320479170777e-35,1.4857468927130903e-35,1.4900680123508357e-35,1.4943954068303993e-35,1.4987290761516292e-35,1.5030690203147163e-35,1.5074152393195664e-35,1.5117677331661728e-35,1.5161265018544758e-35,1.5204915453846843e-35,1.5248628637565683e-35,1.5292404569702168e-35,1.5336243250258055e-35,1.5380144679230244e-35,1.5424108856620735e-35,1.5468135782428992e-35,1.551222545665381e-35,1.5556377879297748e-35,1.5600593050360287e-35,1.5644870969839995e-35,1.5689211637737025e-35,1.573361505405087e-35,1.5778081218784335e-35,1.5822610131934042e-35,1.5867201793502614e-35,1.5911856203488503e-35,1.5956573361893026e-35,1.6001353268715716e-35,1.6046195923955614e-35,1.6091101327614386e-35,1.6136069479689555e-35,1.6181100380183018e-35,1.6226194029095098e-35,1.627135042642399e-35,1.631656957217176e-35,1.6361851466337092e-35,1.640719610892031e-35,1.6452603499921924e-35,1.6498073639341158e-35,1.6543606527178577e-35,1.6589202163433567e-35,1.663486054810631e-35,1.6680581681197636e-35,1.672636556270626e-35,1.6772212192632798e-35,1.6818121570978205e-35,1.6864093697741565e-35,1.6910128572924164e-35,1.6956226196522767e-35,1.7002386568541482e-35,1.7048609688977186e-35,1.7094895557829957e-35,1.7141244175102604e-35,1.718765554079166e-35,1.7234129654899128e-35,1.7280666517425168e-35,1.7327266128370174e-35,1.7373928487731805e-35,1.7420653595511706e-35,1.746744145170969e-35,1.7514292056325462e-35,1.7561205409359586e-35,1.7608181510811983e-35,1.7655220360682652e-35,1.770232195897199e-35,1.7749486305678484e-35,1.7796713400803222e-35,1.7844003244346304e-35,1.789135583630695e-35,1.793877117668756e-35,1.7986249265485725e-35,1.803379010270085e-35,1.8081393688336279e-35,1.8129060022388898e-35,1.8176789104858917e-35,1.8224580935747934e-35,1.8272435515054962e-35,1.8320352842782093e-35,1.8368332918925404e-35,1.8416375743488072e-35,1.846448131646687e-35,1.8512649637866685e-35,1.8560880707682434e-35,1.8609174525918597e-35,1.8657531092571443e-35,1.8705950407642293e-35,1.8754432471132224e-35,1.880297728304102e-35,1.8851584843367137e-35,1.8900255152111862e-35,1.8948988209274423e-35,1.8997784014857844e-35,1.9046642568857038e-35,1.9095563871275817e-35,1.914454792211222e-35,1.9193594721368867e-35,1.9242704269041473e-35,1.929187656513454e-35,1.9341111609644527e-35,1.9390409402573311e-35,1.9439769943920741e-35,1.9489193233686782e-35,1.9538679271870826e-35,1.9588228058474205e-35,1.9637839593494179e-35,1.9687513876934153e-35,1.9737250908791658e-35,1.9787050689067498e-35,1.9836913217762563e-35,1.9886838494877393e-35,1.9936826520408239e-35,1.9986877294358023e-35,2.0036990816727108e-35,2.0087167087513958e-35,2.0137406106720964e-35,2.01877078743457e-35,2.0238072390389005e-35,2.028849965485201e-35,2.033898966773074e-35,2.038954242902995e-35,2.044015793874727e-35,2.0490836196882807e-35,2.0541577203438052e-35,2.0592380958410293e-35,2.064324746180321e-35,2.0694176713613154e-35,2.0745168713842784e-35,2.079622346248919e-35,2.0847340959555658e-35,2.0898521205039463e-35,2.094976419894326e-35,2.1001069941265226e-35,2.1052438432005311e-35,2.1103869671164362e-35,2.115536365874361e-35,2.1206920394738977e-35,2.1258539879153728e-35,2.1310222111987523e-35,2.1361967093240965e-35,2.1413774822913525e-35,2.1465645301003798e-35,2.1517578527513352e-35,2.1569574502441297e-35,2.1621633225787e-35,2.1673754697552108e-35,2.1725938917735753e-35,2.1778185886338424e-35,2.1830495603360362e-35,2.1882868068800953e-35,2.1935303282660016e-35,2.198780124493825e-35,2.2040361955632907e-35,2.2092985414748632e-35,2.214567162228288e-35,2.219842057823602e-35,2.225123228260672e-35,2.2304106735397116e-35,2.2357043936606466e-35,2.2410043886235252e-35,2.2463106584282354e-35,2.2516232030749534e-35,2.256942022563395e-35,2.2622671168938645e-35,2.2675984860661256e-35,2.2729361300803075e-35,2.2782800489364587e-35,2.2836302426344058e-35,2.2889867111742216e-35,2.2943494545559304e-35,2.299718472779861e-35,2.3050937658453166e-35,2.3104753337528669e-35,2.3158631765019556e-35,2.321257294093273e-35,2.326657686526525e-35,2.3320643538015194e-35,2.3374772959183856e-35,2.342896512877196e-35,2.348322004677824e-35,2.3537537713205276e-35,2.359191812805013e-35,2.364636129131616e-35,2.3700867202999053e-35,2.375543586310109e-35,2.3810067271622296e-35,2.3864761428562696e-35,2.3919518333922278e-35,2.397433798770039e-35,2.4029220389896703e-35,2.408416554051352e-35,2.4139173439549915e-35,2.419424408700282e-35,2.424937748287775e-35,2.4304573627171807e-35,2.435983251988294e-35,2.4415154161013775e-35,2.447053855056479e-35,2.4525985688533947e-35,2.4581495574923013e-35,2.4637068209730983e-35,2.469270359295822e-35,2.474840172460408e-35,2.4804162604669336e-35,2.4859986233154115e-35,2.4915872610059703e-35,2.497182173538035e-35,2.5027833609124736e-35,2.508390823128698e-35,2.5140045601868525e-35,2.5196245720868773e-35,2.5252508588288776e-35,2.530883420412683e-35,2.536522256838396e-35,2.5421673681061356e-35,2.5478187542157757e-35,2.5534764151673634e-35,2.559140350960706e-35,2.564810561596016e-35,2.570487047073435e-35,2.576169807392741e-35,2.581858842553922e-35,2.5875541525569447e-35,2.593255737402013e-35,2.5989635970889664e-35,2.604677731617829e-35,2.6103981409887045e-35,2.616124825201494e-35,2.621857784256373e-35,2.6275970181530423e-35,2.633342526891647e-35,2.639094310472339e-35,2.644852368894688e-35,2.650616702159244e-35,2.656387310265639e-35,2.662164193213951e-35,2.6679473510039777e-35,2.673736783636145e-35,2.6795324911104196e-35,2.6853344734265256e-35,2.691142730584415e-35,2.696957262584592e-35,2.702778069426607e-35,2.70860515111048e-35,2.714438507636039e-35,2.7202781390039195e-35,2.7261240452136157e-35,2.731976226265368e-35,2.737834682158929e-35,2.743699412894433e-35,2.749570418472109e-35,2.7554476988914514e-35,2.761331254153026e-35,2.7672210842565443e-35,2.773117189201902e-35,2.779019568989052e-35,2.784928223618428e-35,2.7908431530895864e-35,2.796764357402807e-35,2.8026918365579847e-35,2.808625590555101e-35,2.814565619394252e-35,2.8205119230753105e-35,2.8264645015981717e-35,2.832423354963306e-35,2.838388483170199e-35,2.844359886219061e-35,2.850337564109874e-35,2.856321516842712e-35,2.862311744417313e-35,2.868308246834196e-35,2.8743110240928004e-35,2.880320076193654e-35,2.886335403136288e-35,2.892357004920898e-35,2.898384881547499e-35,2.904419033016151e-35,2.910459459326685e-35,2.916506160479277e-35,2.922559136473885e-35,2.9286183873104307e-35,2.9346839129889945e-35,2.9407557135093917e-35,2.9468337888715007e-35,2.95291813907603e-35,2.959008764122294e-35,2.965105664010609e-35,2.9712088387410254e-35,2.977318288313261e-35,2.9834340127275047e-35,2.989556011983971e-35,2.995684286082031e-35,3.0018188350223755e-35,3.0079596588048387e-35,3.0141067574290394e-35,3.0202601308953273e-35,3.0264197792035045e-35,3.032585702353764e-35,3.038757900345886e-35,3.044936373180139e-35,3.051121120856367e-35,3.0573121433744335e-35,3.0635094407346e-35,3.0697130129367504e-35,3.07592285998096e-35,3.0821389818669754e-35,3.0883613785951637e-35,3.0945900501655855e-35,3.1008249965777257e-35,3.107066217831725e-35,3.113313713927755e-35,4.539225320050632e-06,9.108427118414721e-06,1.3707446244031631e-05,1.8336230019834704e-05,2.299481090822512e-05,2.7683289705898823e-05,3.240182231345218e-05,3.715060932768445e-05,4.1929887863408274e-05,4.6739925136487506e-05,5.158101343836336e-05,5.645346620980787e-05,6.135761498316733e-05,6.629380701063116e-05,7.126240343453163e-05,7.626377788575131e-05,8.129831542060304e-05,8.636641172520609e-05,9.146847253150803e-05,9.66049132009518e-05,0.00010177615844111175,0.00010698264212805944,0.00011222480721304916,0.00011750310569671386,0.0001228179986576004,0.0001281699563247983,0.00013355945818659888,0.0001389869931289786,0.00014445305959902323,0.00014995816578955594,0.00015550282984237124,0.00016108758006743543,0.00016671295517687516,0.000172379504532289,0.00017808778840474807,0.00018383837824655202,0.00018963185697497357,0.00019546881926709174,0.00020134987186615547,0.0002072756338993044,0.00021324673720692574,0.00021926382668373558,0.00022532756063196608,0.00023143861112697226,0.00023759766439564243,0.00024380542120807397,0.00025006259728295373,0.0002563699237072143,0.0002627281473704467,0.00026913803141471966,0.0002756003557004297,0.00028211591728878247,0.0002886855309416183,0.00029531002963943806,0.00030199026511824124,0.0003087271084260668,0.00031552145050007103,0.0003223742027651412,0.0003292862977548415,0.00033625868975582145,0.00034329235547670187,0.0003503882947425592,0.00035754753121602115,0.0003647711131466764,0.0003720601141494602,0.0003794156340138632,0.00038683879954517716,0.0003943307654395736,0.0004018927151940968,0.0004095258620539122,0.0004172314499982146,0.0004250107547667563,0.00043286508492907007,0.00044079578299848133,0.00044880422659315664,0.0004568918296465846,0.00046506004366997307,0.00047331035906926516,0.0004816443065196974,0.0004900634584006443,0.0004985694302942172,0.0005071638825508831,0.0005158485219256635,0.0005246251032888157,0.0005334954314150423,0.000542461362855374,0.0005515248078966664,0.000560687732613333,0.0005699521610166105,0.0005793201773069225,0.000588793928235299,0.0005983756255801764,0.0006080675487462675,0.0006178720474928562,0.0006277915447991386,0.0006378285398748958,0.0006479856113253202,0.0006582654204798361,0.0006686707148940918,0.0006792043320373608,0.000689869203175945,0.0007006683574657551,0.0007116049262672851,0.0007226821476976251,0.0007339033714351069,0.0007452720637933623,0.0007567918130831528,0.0007684663352812235,0.0007802994800276101,0.0007922952369740584,0.0008044577425082511,0.000816791286880959,0.000829300321764399,0.0008419894682736391,0.000854863525485308,0.0008679274794900973,0.0008811865130194586,0.0008946460156906589,0.0009083115949176408,0.0009221890875393176,0.000936284572222715,0.0009506043827024153,0.0009651551219248559,0.0009799436771709311,0.0009949772362389216,0.0010102633047770306,0.001025809724863652,0.0010416246949434057,0.0010577167912383901,0.001074094990765112,0.0010907686961030014,0.0011077477620745075,0.001125042524513809,0.0011426638313223895,0.0011606230760286536,0.0011789322340961088,0.001197603902250156,0.0012166513411266974,0.0012360885215798754,0.001255930175027545,0.001276191848258499,0.001296889963178355,0.0013180418820298821,0.0013396659786932884,0.0013617817167492806,0.0013844097350785472,0.001407571941875543,0.0014312916180740033,0.0014555935313213205,0.00148050406179996,0.0015060513413825654,0.0015322654078265985,0.0015591783759707856,0.0015868246281979755,0.0016152410267836093,0.0016444671511679158,0.0016745455636871954,0.001705522107890915,0.001737446244274658,0.001770371429105441,0.0018043555430274306,0.0018394613773664013,0.0018757571875279797,0.0019133173246980637,0.0019522229592581135,0.001992562912041707,0.0020344346129056515,0.002077945210241439,0.0021232128602319982,0.0021703682311494093,0.0022195562661814503,0.0022709382586661234,0.0023246943068835238,0.0023810262326108317,0.0024401610697338933,0.0024849599125843494,0.0024849599125845293,0.00248495991258478,0.0024849599125858794,0.002549586190091071,0.002617799400870732,0.0026899666985351497,0.002766509614949124,0.002847915227708801,0.0029347499714637323,0.003027676971067688,0.0031274780508305064,0.00323508197836774,0.003351601093681383,0.0034783792986732578,0.003617055620988302,0.003769649307290692,0.003938674945426112,0.0041272997434938065,0.00433954515651611,0.004580642914675468,0.004857369368393922,0.005178659891673788,0.005556337829473279,0.0060060043315142255,0.006547883783517799,0.007207037875252605,0.008011676354232453,0.008987717286604835,0.009080779558257436,0.010257443764060488,0.011606996614681423,0.013089196514911701,0.014644544684690517,0.016210001620081554,0.01773181764445972,0.018230216520333863,0.019631229855962443,0.02091396132562042,0.02205735538842479,0.023044524873454163,0.0238662215700263,0.024524842897963316,0.025034268555204558,0.02541561421953714,0.02569209964126067,0.02588540305328107,0.026013949704517404,0.02609256572730352,0.026132817947769723,0.026143586599999488,0.026131643854287526,0.026102150650129403,0.02605905269911534,0.026005384177963525,0.02594349587431782,0.0258752247592562,0.025802019434264373,0.025725032856188462,0.025645190999479473,0.02556324389199467,0.025479803751911455,0.025395373675854132,0.025310369388996324,0.025225135882630256,0.025139960267569938,0.025055081811626117,0.02497069986862567,0.024886980217263058,0.024804060190894945,0.024722052879526443,0.02464105061228582,0.02456112787577049,0.02448234378437101,0.024404744190244892,0.024328363499555927,0.024253226246062586,0.024179348461368443,0.0241067388732821,0.024035399956584838,0.023965328856267457,0.02389651819950705,0.023828956809781275,0.023762630334919266,0.02369752179846152,0.023633612083000233,0.023570880352979558,0.023509304423495473,0.0234488610808267,0.023389526360226776,0.023331275785345062,0.023274084573715197,0.02321792781215448,0.023162780605424257,0.023108618201430956,0.02305541609550947,0.023003150116650606,0.022951796497712992,0.02290133193172532,0.022851733616168747,0.02280297928674387,0.0227550472422218,0.02270791636152839,0.02266156611431397,0.022615976565935916,0.022571128377845563,0.022527002803947024,0.02248358168397184,0.022440847433892568,0.02239878303476536,0.02235737201927207,0.022316598457564323,0.022276446941811284,0.02223690257021799,0.022197950930595896,0.022159578083695224,0.0221217705464723,0.022084515275440822,0.022047799650223937,0.0220116114573522,0.021975938874454128,0.021940770454805584,0.021906095112411362,0.021871902107479003,0.02183818103248204,0.021804921798679596,0.0217721146232162,0.021739750016721415,0.021707818771430312,0.021676311949848894,0.02164522087391509,0.021614537114610657,0.021584252482158207,0.02155435901656714,0.02152484897872465,0.02149571484180386,0.02146694928321052,0.021438545176814233,0.021410495585631118,0.02138279375484014,0.021355433105085423,0.02132840722619418,0.02130170987112599,0.021275334950248526,0.021249276525872267,0.021223528807054064,0.021198086144617337,0.021172943026485112,0.021148094073086873,0.02112353403314791,0.02109925777950356,0.021075260305201893,0.02105153671981578,0.021028082245778627,0.02100489221496636,0.02098196206544265,0.02095928733828443,0.020936863674604813,0.02091468681259446,0.020892752584798148,0.02087105691543003,0.020849595817794678,0.02082836539184898,0.020807361821788245,0.020786581373838504,0.020766020393957193,0.020745675305777856,0.02072554260854127,0.020705618875120534,0.02068590075012878,0.020666384948069202,0.0206470682515475,0.0206279475095609,0.020609019635828132,0.020590281607183788,0.02057173046201514,0.020553363298744638,0.020535177274370826,0.020517169603048474,0.02049933755470865,0.020481678453722712,0.02046418967760798,0.020446868655763503,0.020429712868246352,0.020412719844590862,0.020395887162652122,0.020379212447470464,0.020362693370196343,0.02034632764702144,0.020330113038146677,0.020314047346776574,0.02029812841813963,0.020282354138555645,0.0202667224344576,0.020251231271577404,0.020235878653966113,0.020220662623211354,0.020205581257537342,0.020190632671087026,0.02017581501304042,0.020161126466847035,0.02014656524957419,0.020132129611041442,0.0201178178331749,0.020103628229296615,0.020089559143452545,0.020075608949720984,0.02006177605159798,0.02004805888133241,0.020034455899335533,0.020020965593565365,0.0200075864789381,0.019994317096788138,0.01998115601421033,0.019968101823648467,0.019955153142255055,0.019942308611427543,0.019929566896269346,0.01991692668511619,0.01990438668903465,0.019891945641343462,0.019879602297202727,0.01986735543307078,0.019855203846332277,0.019843146354889197,0.019831181796585846,0.019819309028992496,0.01980752692896444,0.019795834392130056,0.01978423033259661,0.019772713682577728,0.019761283392008718,0.019749938428176628,0.01973867777539557,0.019727500434662096,0.019716405423321443,0.019705391774703103,0.01969445853784092,0.01968360477716723,0.019672829572165856,0.019662132017165986,0.019651511220909173,0.01964096630637784,0.019630496410449855,0.01962010068370908,0.019609778290083316,0.019599528406615604,0.019589350223289784,0.019579242942637184,0.0195692057796194,0.019559237961308748,0.019549338726699353,0.019539507326457307,0.01952974302271051,0.019520045088843103,0.01951041280924754,0.019500845479118605,0.019491342404322775,0.019481902901098327,0.019472526295880345,0.019463211925191935,0.019453959135362523,0.019444767282385308,0.019435635731738364,0.019426563858194794,0.019417551045657996,0.01940859668701517,0.019399700183956578,0.019390860946799027,0.01938207839434222,0.019373351953729825,0.019364681060262432,0.019356065157292365,0.019347503696056638,0.01933899613550075,0.019330541942260738,0.019322140590346686,0.019313791561200593,0.01930549434341406,0.019297248432661646,0.019289053331562635,0.019280908549661607,0.01927281360313025,0.019264768014747264,0.019256771313794083,0.019248823035927964,0.019240922723078584,0.019233069923282307,0.019225264190654588,0.019217505085274193,0.019209792173033362,0.019202125025591123,0.019194503220220527,0.019186926339775305,0.019179393972550734,0.019171905712229813,0.019164461157752874,0.019157059913254462,0.0191497015879621,0.019142385796158914,0.019135112157001182,0.01912788029454778,0.01912068983762587,0.01911354041971955,0.01910643167897442,0.019099363258072845,0.019092334804156102,0.019085345968776674,0.019078396407792724,0.019071485781352395,0.01906461375377811,0.019057779993502576,0.01905098417305354,0.019044225968879384,0.019037505061455722,0.019030821135039174,0.01902417387777884,0.019017562981496986,0.019010988141740615,0.019004449057701715,0.01899794543212031,0.018991476971262352,0.018985043384888777,0.018978644386144487,0.018972279691547037,0.018965949020923457,0.018959652097368374,0.018953388647171058,0.01894715839979992,0.01894096108783693,0.018934796446920452,0.018928664215715263,0.018922564135885323,0.018916495952000727,0.01891045941150637,0.018904454264758477,0.01889848026486803,0.01889253716771723,0.018886624731921726,0.018880742718768086,0.01887489089221091,0.018869069018791665,0.018863276867629092,0.018857514210371525,0.0188517808211749,0.01884607647663909,0.01884040095579979,0.018834754040083414,0.01882913551327171,0.018823545161471618,0.018817982773080905,0.01881244813875882,0.01880694105139244,0.018801461306064072,0.018796008700021502,0.01879058303265178,0.018785184105448913,0.018779811721980847,0.01877446568787388,0.018769145810767083,0.018763851900281407,0.018758583768035617,0.018753341227581363,0.01874812409435625,0.018742932185726566,0.01873776532088418,0.018732623320893513,0.018727506008602297,0.01872241320866809,0.018717344747506148,0.018712300453277972,0.018707280155848195,0.018702283686799433,0.018697310879389917,0.01869236156851646,0.018687435590719392,0.0186825327841415,0.018677652988513833,0.018672796045154188,0.01866796179690911,0.01866315008816046,0.01865836076480329,0.018653593674216477,0.01864884866525821,0.018644125588232602,0.01863942429488026,0.018634744638364606,0.018630086473241627,0.018625449655434036,0.018620834042270926,0.018616239492383706,0.018611665865758176,0.018607113023683876,0.018602580828756682,0.018598069144844978,0.01859357783709534,0.018589106771887867,0.01858465581683835,0.01858022484082314,0.01857581371387927,0.018571422307246357,0.018567050493347434,0.018562698145751483,0.01855836513920126,0.018554051349570357,0.018549756653822823,0.018545480930078687,0.018541224057518728,0.018536985916412233,0.01853276638810485,0.018528565354994177,0.018524382700514937,0.018520218309141925,0.018516072066399658,0.018511943858776057,0.018507833573769044,0.018503741099870335,0.01849966632654914,0.01849560914420087,0.018491569444219785,0.018487547118919086,0.018483542061549268,0.01847955416627412,0.018475583328170113,0.018471629443210517,0.01846769240826168,0.018463772121065126,0.01845986848023101,0.018455981385224505,0.01845211073637963,0.01844825643484774,0.0184444183826346,0.018440596482539158,0.01843679063819245,0.01843300075402694,0.01842922673527085,0.018425468487939904,0.018421725918821654,0.018417998935475383,0.01841428744622273,0.018410591360136706,0.018406910587036848,0.018403245037478394,0.018399594622745815,0.018395959254847445,0.018392338846495035,0.018388733311117123,0.018385142562837038,0.018381566516467593,0.01837800508750664,0.018374458192125076,0.018370925747168577,0.018367407670144893,0.018363903879212586,0.01836041429316862,0.01835693883148196,0.018353477414228794,0.018350029962124606,0.01834659639650656,0.018343176639328024,0.018339770613146265,0.018336378241116016,0.01833299944702196,0.01832963415518071,0.018326282290576888,0.018322943778701726,0.018319618545646777,0.01831630651806597,0.018313007623174747,0.01830972178874826,0.01830644894311117,0.01830318901513404,0.01829994193421985,0.018296707630314143,0.018293486033880608,0.01829027707592642,0.018287080687947595,0.018283896801984337,0.0182807253505728,0.01827756626674432,0.018274419484031513,0.018271284936467812,0.01826816255858011,0.01826505228534792,0.018261954052262185,0.01825886779527778,0.018255793450819208,0.01825273095578058,0.018249680247506794,0.01824664126381294,0.018243613942954175,0.01824059822364742,0.018237594045022197,0.018234601346704304,0.01823162006870079,0.018228650151472205,0.018225691535909406,0.018222744163300008,0.01821980797540383,0.01821688291433891,0.01821396892266233,0.01821106594333497,0.018208173919728607,0.018205292795591674,0.018202422515112143,0.018199563022830084,0.01819671426368922,0.018193876183005005,0.01819104872650496,0.01818823184028133,0.018185425470788594,0.018182629564860827,0.01817984406970307,0.018177068932887848,0.018174304102338074,0.018171549526343304,0.01816880515353877,0.018166070932935062,0.018163346813854713,0.018160632746017487,0.018157928679436892,0.018155234564484417,0.01815255035186486,0.018149875992626463,0.018147211438128044,0.018144556640085043,0.018141911550511522,0.018139276121756975,0.01813665030648375,0.01813403405767309,0.018131427328612823,0.018128830072916016,0.018126242244483556,0.018123663797552984,0.018121094686634913,0.01811853486655016,0.018115984292414893,0.018113442919645926,0.01811091070394838,0.018108387601324875,0.018105873568039808,0.01810336856067442,0.018100872536068933,0.018098385451371674,0.018095907263982747,0.01809343793158721,0.018090977412136562,0.018088525663860554,0.018086082645255748,0.018083648315085663,0.01808122263237848,0.018078805556413797,0.01807639704675302,0.01807399706319301,0.018071605565795068,0.01806922251487114,0.0180668478709882,0.018064481594966854,0.018062123647856268,0.018059773990968312,0.01805743258585006,0.018055099394291608,0.01805277437832174,0.018050457500208224,0.018048148722442103,0.018045848007767457,0.018043555319149963,0.018041270619781044,0.01803899387308364,0.018036725042705877,0.01803446409251751,0.018032210986614214,0.018029965689307724,0.018027728165134614,0.018025498378842066,0.018023276295394238,0.018021061879969533,0.01801885509796069,0.018016655914964333,0.01801446429679675,0.01801228020945688,0.018010103619173653,0.01800793449237032,0.01800577279568175,0.0180036184959131,0.018001471560096582,0.017999331955457953,0.01799719964940862,0.01799507460956166,0.01799295680372143,0.01799084619988305,0.017988742766228225,0.017986646471130793,0.017984557283152316,0.017982475171040145,0.017980400103713406,0.01797833205028646,0.01797627098005054,0.017974216862480335,0.01797216966722493,0.017970129364108776,0.01796809592313729,0.01796606931448268,0.017964049508484913,0.01796203647568982,0.017960030186775767,0.01795803061260383,0.01795603772420448,0.01795405149277258,0.017952071889669043,0.017950098886410155,0.01794813245468858,0.017946172566352735,0.017944219193414733,0.01794227230803772,0.017940331882549048,0.01793839788942894,0.017936470301332053,0.017934549091042355,0.017932634231507052,0.017930725695828154,0.01792882345725398,0.01792692748918506,0.017925037765171743,0.017923154258905154,0.017921276944244745,0.017919405795174467,0.017917540785827128,0.017915681890473902,0.01791382908355673,0.017911982339628964,0.017910141633395073,0.0179083069396971,0.017906478233515318,0.017904655489973723,0.01790283868432785,0.01790102779196666,0.017899222788415967,0.017897423649343318,0.01789563035053791,0.017893842867925263,0.017892061177560686,0.017890285255631147,0.0178885150784503,0.017886750622463293,0.01788499186422161,0.01788323878045462,0.01788149134797231,0.017879749543715077,0.01787801334476271,0.01787628272830497,0.01787455767165514,0.01787283815225166,0.01787112414765254,0.017869415635536217,0.017867712593693033,0.017866015000040973,0.017864322832606083,0.017862636069538782,0.017860954689094738,0.01785927866965864,0.017857607989717448,0.017855942627870516,0.01785428256284351,0.017852627773459105,0.017850978238658083,0.017849333937484054,0.0178476948490987,0.017846060952766238,0.01784443222786533,0.017842808653870813,0.017841190210378947,0.017839576877065295,0.0178379686337503,0.01783636546032568,0.017834767336799215,0.0178331742432808,0.017831586159984168,0.017830003067218134,0.017828424945397717,0.01782685177503813,0.01782528353675106,0.017823720211250137,0.017822161779345935,0.01782060822194642,0.017819059520055584,0.017817515654778997,0.017815976607305592,0.0178144423589397,0.01781291289105742,0.017811388185146475,0.01780986822277644,0.01780835298562007,0.017806842455419192,0.01780533661403688,0.017803835443409882,0.017802338925570434,0.0178008470426373,0.017799359776821573,0.017797877110418223,0.017796399025813335,0.0177949255054816,0.01779345653197837,0.017791992087955198,0.0177905321561477,0.01778907671936056,0.01778762576049839,0.017786179262545488,0.01778473720858223,0.01778329958175117,0.01778186636528969,0.01778043754251572,0.017779013096827393,0.01777759301169589,0.017776177270681114,0.01777476585742508,0.017773358755659656,0.01777195594917086,0.017770557421833207,0.017769163157607803,0.017767773140515863,0.01776638735467328,0.017765005784261996,0.017763628413539245,0.017762255226848093,0.017760886208593656,0.017759521343268362,0.017758160615430497,0.017756804009713283,0.01775545151082387,0.01775410310354249,0.017752758771535922,0.01775141850095488,0.01775008227678541,0.017748750084114275,0.017747421908072117,0.01774609773385717,0.017744777546748726,0.017743461332093393,0.017742149075304206,0.017740840761863535,0.01773953637732043,0.01773823590729753,0.017736939337479204,0.017735646653619076,0.01773435784153746,0.017733072887117,0.017731791776310186,0.017730514495132476,0.01772924102966572,0.017727971366055945,0.01772670549051108,0.017725443389304797,0.017724185048785677,0.017722930455345086,0.017721679595448115,0.01772043245561708,0.017719189022440126,0.017717949282566606,0.017716713222698764,0.017715480829621048,0.01771425209016098,0.017713026991205305,0.017711805519704894,0.01771058766267015,0.01770937340717455,0.017708162740343543,0.017706955649363042,0.01770575212148019,0.017704552143993794,0.017703355704265632,0.017702162789710624,0.017700973387803985,0.01769978748607466,0.017698605072109394,0.017697426133547092,0.01769625065808588,0.017695078633479744,0.017693910047529713,0.017692744888104,0.017691583143111794,0.01769042480052557,0.017689269848368022,0.017688118274708505,0.01768697006768969,0.017685825215482166,0.017684683706329227,0.017683545528503847,0.017682410670348703,0.017681279120252084,0.01768015086665671,0.01767902589805268,0.017677904202980165,0.017676785770032295,0.01767567058784932,0.017674558645125574,0.017673449930600733,0.017672344433065836,0.017671242141358155,0.01767014304436574,0.017669047131027613,0.017667954390324026,0.017666864811287267,0.017665778383000444,0.01766469509458811,0.017663614935223317,0.017662537894130532,0.017661463960577422,0.01766039312386866,0.01765932537336932,0.01765826069848555,0.017657199088666017,0.017656140533414168,0.017655085022260687,0.017654032544796888,0.01765298309064275,0.017651936649488473,0.017650893211045897,0.01764985276507837,0.017648815301383333,0.017647780809825275,0.017646749280290554,0.017645720702715712,0.017644695067074504,0.017643672363390935,0.017643673833656778,0.01764367448710184,0.01764367469307668,0.017643674673669354,0.017643674542375542,0.017643674356640802,0.017643674145496932,0.017643673923592538,0.017643673698297845,0.01764367347330085,0.017643673250427008,0.017643673030560084,0.017643672814108037,0.01764367260123865,0.01764367239199879,0.017643672186374783,0.017643671984322887,0.017643671785784777,0.01764367159069538,0.017643671398986815,0.017643671210590434,0.01764367102543785,0.017643670843461426,0.017643670664594574,0.017643670488771884,0.017643670315929165,0.01764367014600353,0.017643669978933338,0.017643669814658296,0.017643669653119334,0.017643669494258683,0.01764366933801985,0.01764366918434757,0.017643669033187846,0.017643668884487873,0.017643668738196085,0.017643668594262075,0.01764366845263661,0.017643668313271615,0.017643668176120158,0.017643668041136377,0.017643667908275533,0.01764366777749395,0.017643667648748973,0.01764366752199902,0.01764366739720347,0.017643667274322695,0.017643667153318054,0.01764366703415178,0.017643666916787096,0.01764366680118809,0.01764366668731972,0.017643666575147817,0.017643666464639027,0.01764366635576083,0.01764366624848148,0.01764366614277002,0.017643666038596253,0.017643665935930697,0.0176436658347446,0.01764366573500991,0.017643665636699255,0.01764366553978593,0.017643665444243856,0.017643665350047605,0.01764366525717236,0.017643665165593885,0.01764366507528854,0.017643664986233234,0.01764366489840544,0.017643664811783158,0.017643664726344904,0.017643664642069706,0.017643664558937084,0.017643664476927036,0.017643664396020026,0.017643664316196985,0.017643664237439242,0.017643664159728605,0.01764366408304727,0.017643664007377845,0.01764366393270335,0.01764366385900715,0.01764366378627302,0.017643663714485072,0.017643663643627818,0.017643663573686023,0.017643663504644885,0.01764366343648988,0.017643663369206794,0.01764366330278172,0.01764366323720109,0.01764366317245158,0.017643663108520176,0.017643663045394123,0.017643662983060946,0.017643662921508426,0.017643662860724614,0.017643662800697794,0.017643662741416474,0.01764366268286943,0.017643662625045634,0.01764366256793431,0.017643662511524886,0.01764366245580698,0.017643662400770463,0.017643662346405357,0.01764366229270191,0.017643662239650536,0.017643662187241855,0.01764366213546666,0.017643662084315913,0.017643662033780753,0.01764366198385249,0.017643661934522586,0.017643661885782667,0.017643661837624506,0.017643661790040045,0.01764366174302136,0.017643661696560658,0.01764366165065032,0.017643661605282822,0.01764366156045081,0.017643661516147033,0.01764366147236438,0.017643661429095868,0.017643661386334615,0.01764366134407389,0.017643661302307035,0.01764366126102754,0.017643661220228993,0.01764366117990508,0.0176436611400496,0.017643661100656464,0.017643661061719672,0.017643661023233316,0.017643660985191597,0.01764366094758879,0.017643660910419304,0.017643660873677587,0.017643660837358195,0.01764366080145579,0.01764366076596509,0.017643660730880906,0.01764366069619812,0.01764366066191171,0.017643660628016724,0.017643660594508268,0.017643660561381558,0.017643660528631852,0.01764366049625447,0.01764366046424485,0.01764366043259845,0.017643660401310848,0.017643660370377588,0.01764366033979437,0.017643660309556938,0.017643660279661078,0.01764366025010266,0.01764366022087758,0.01764366019198182,0.01764366016341142,0.017643660135162453,0.017643660107231066,0.01764366007961346,0.017643660052305884,0.017643660025304615,0.017643659998606034,0.017643659972206526,0.017643659946102546,0.017643659920290593,0.01764365989476721,0.01764365986952899,0.017643659844572567,0.017643659819894634,0.017643659795491918,0.017643659771361186,0.01764365974749925,0.017643659723902968,0.01764365970056923,0.017643659677494983,0.017643659654677204,0.017643659632112896,0.017643659609799123,0.017643659587732986,0.017643659565911598,0.017643659544332148,0.017643659522991822,0.01764365950188787,0.017643659481017555,0.0176436594603782,0.017643659439967128,0.017643659419781726,0.017643659399819416,0.017643659380077625,0.01764365936055381,0.017643659341245496,0.017643659322150215,0.017643659303265533,0.017643659284589046,0.017643659266118376,0.017643659247851176,0.017643659229785138,0.017643659211917972,0.01764365919424741,0.017643659176771232,0.017643659159487218,0.017643659142393193,0.01764365912548701,0.01764365910876653,0.017643659092229664,0.017643659075874334,0.017643659059698485,0.017643659043700098,0.01764365902787717,0.0176436590122277,0.017643658996749766,0.017643658981441414,0.017643658966300733,0.01764365895132585,0.0176436589365149,0.01764365892186603,0.01764365890737743,0.017643658893047295,0.017643658878873845,0.017643658864855326,0.01764365885099001,0.01764365883727617,0.017643658823712112,0.017643658810296163,0.017643658797026663,0.017643658783901967,0.01764365877092047,0.017643658758080574,0.017643658745380677,0.017643658732819235,0.01764365872039469,0.017643658708105525,0.01764365869595023,0.0176436586839273,0.017643658672035274,0.017643658660272687,0.017643658648638105,0.017643658637130088,0.017643658625747242,0.017643658614488168,0.017643658603351486,0.017643658592335847,0.01764365858143989,0.017643658570662295,0.01764365856000175,0.017643658549456962,0.017643658539026608,0.017643658528709454,0.017643658518504232,0.017643658508409692,0.017643658498424624,0.0176436584885478,0.01764365847877802,0.017643658469114108,0.017643658459554887,0.017643658450099187,0.017643658440745866,0.017643658431493802,0.017643658422341862,0.01764365841328894,0.017643658404333937,0.017643658395475773,0.01764365838671337,0.01764365837804568,0.01764365836947165,0.017643658360990244,0.01764365835260044,0.01764365834430121,0.017643658336091574,0.01764365832797053,0.0176436583199371,0.017643658311990315,0.017643658304129218,0.017643658296352865,0.017643658288660324,0.01764365828105067,0.017643658273522968,0.017643658266076317,0.017643658258709866,0.017643658251422684,0.017643658244213902,0.017643658237082666,0.017643658230028104,0.01764365822304939,0.01764365821614567,0.017643658209316137,0.017643658202559954,0.017643658195876318,0.01764365818926443,0.0176436581827235,0.017643658176252745,0.017643658169851393,0.01764365816351867,0.01764365815725383,0.017643658151056115,0.017643658144924794,0.017643658138859132,0.0176436581328584,0.017643658126921903,0.0176436581210489,0.017643658115238724,0.017643658109490645,0.017643658103804017,0.017643658098178146,0.017643658092612365,0.017643658087106016,0.017643658081658447,0.01764365807626899,0.017643658070937023,0.017643658065661906,0.017643658060443025,0.017643658055279735,0.01764365805017146,0.01764365804511757,0.017643658040117468,0.01764365803517056,0.017643658030276264,0.017643658025434005,0.01764365802064322,0.017643658015903323,0.017643658011213762,0.017643658006573977,0.017643658001983434,0.017643657997441584,0.017643657992947884,0.01764365798850181,0.017643657984102834,0.01764365797975044,0.017643657975444125,0.01764365797118336,0.017643657966967662,0.017643657962796534,0.017643657958669484,0.017643657954586032,0.017643657950545687,0.01764365794654798,0.01764365794259243,0.0176436579386786,0.017643657934806014,0.01764365793097422,0.01764365792718276,0.01764365792343121,0.017643657919719113,0.017643657916046055,0.017643657912411584,0.017643657908815294,0.01764365790525676,0.01764365790173556,0.017643657898251293,0.01764365789480355,0.017643657891391922,0.017643657888016022,0.017643657884675448,0.017643657881369828,0.01764365787809875,0.017643657874861853,0.01764365787165876,0.0176436578684891,0.0176436578653525,0.017643657862248606,0.017643657859177042,0.017643657856137467,0.017643657853129522,0.017643657850152865,0.017643657847207145,0.017643657844292025,0.01764365784140716,0.01764365783855224,0.01764365783572692,0.017643657832930877,0.017643657830163795,0.017643657827425344,0.017643657824715213,0.017643657822033105,0.017643657819378687,0.017643657816751673,0.017643657814151757,0.017643657811578624,0.017643657809032015,0.017643657806511618,0.017643657804017134,0.0176436578015483,0.01764365779910482,0.017643657796686425,0.017643657794292836,0.017643657791923777,0.01764365778957898,0.01764365778725818,0.017643657784961103,0.017643657782687498,0.017643657780437114,0.01764365777820968,0.017643657776004955,0.017643657773822687,0.017643657771662623,0.017643657769524534,0.017643657767408158,0.01764365776531327,0.017643657763239635,0.017643657761187013,0.017643657759155176,0.01764365775714389,0.01764365775515293,0.017643657753182083,0.017643657751231126,0.017643657749299827,0.017643657747387978,0.017643657745495367,0.017643657743621796,0.017643657741767026,0.017643657739930867,0.01764365773811311,0.017643657736313562,0.017643657734532022,0.017643657732768287,0.017643657731022146,0.017643657729293435,0.017643657727581943,0.017643657725887493,0.017643657724209883,0.017643657722548934,0.017643657720904468,0.017643657719276302,0.017643657717664255,0.017643657716068153,0.017643657714487816,0.01764365771292307,0.017643657711373745,0.017643657709839684,0.0176436577083207,0.017643657706816637,0.017643657705327314,0.01764365770385261,0.01764365770239233,0.017643657700946315,0.017643657699514426,0.0176436576980965,0.01764365769669239,0.017643657695301927,0.01764365769392498,0.017643657692561383,0.017643657691210998,0.01764365768987369,0.017643657688549298,0.017643657687237684,0.01764365768593872,0.01764365768465227,0.017643657683378153,0.017643657682116277,0.017643657680866502,0.017643657679628683,0.017643657678402702,0.017643657677188417,0.017643657675985695,0.01764365767479443,0.01764365767361447,0.017643657672445714,0.017643657671288032,0.017643657670141293,0.017643657669005386,0.01764365766788019,0.017643657666765594,0.017643657665661457,0.017643657664567693,0.017643657663484184,0.017643657662410796,0.017643657661347435,0.017643657660293993,0.01764365765925035,0.0176436576582164,0.017643657657192037,0.017643657656177175,0.017643657655171688,0.017643657654175467,0.017643657653188427,0.017643657652210466,0.017643657651241478,0.017643657650281364,0.017643657649330034,0.017643657648387382,0.017643657647453324,0.017643657646527755,0.01764365764561058,0.01764365764470172,0.017643657643801065,0.017643657642908542,0.017643657642024056,0.017643657641147524,0.017643657640278837,0.017643657639417932,0.01764365763856472,0.017643657637719096,0.017643657636881013,0.017643657636050365,0.01764365763522705,0.017643657634411024,0.017643657633602202,0.017643657632800486,0.017643657632005812,0.017643657631218106,0.017643657630437265,0.017643657629663256,0.017643657628895974,0.017643657628135342,0.017643657627381314,0.01764365762663379,0.017643657625892716,0.017643657625158005,0.017643657624429602,0.01764365762370743,0.017643657622991426,0.017643657622281515,0.017643657621577637,0.017643657620879726,0.0176436576201877,0.017643657619501516,0.017643657618821095,0.017643657618146385,0.017643657617477312,0.017643657616813826,0.017643657616155866,0.01764365761550335,0.01764365761485624,0.01764365761421447,0.017643657613577984,0.01764365761294672,0.01764365761232062,0.017643657611699632,0.017643657611083698,0.017643657610472752,0.01764365760986676,0.017643657609265652,0.017643657608669372,0.01764365760807788,0.017643657607491113,0.017643657606909037,0.01764365760633157,0.017643657605758676,0.01764365760519032,0.017643657604626422,0.01764365760406696,0.01764365760351187,0.017643657602961115,0.017643657602414636,0.01764365760187239,0.017643657601334337,0.017643657600800423,0.017643657600270615,0.017643657599744844,0.01764365759922308,0.01764365759870529,0.017643657598191417,0.017643657597681408,0.017643657597175243,0.017643657596672867,0.017643657596174242,0.017643657595679325,0.017643657595188076,0.01764365759470045,0.017643657594216416,0.017643657593735925,0.017643657593258946,0.017643657592785442,0.017643657592315364,0.017643657591848688,0.01764365759138536,0.017643657590925364,0.017643657590468643,0.01764365759001518,0.01764365758956492,0.017643657589117845,0.0176436575886739,0.017643657588233073,0.01764365758779532,0.017643657587360598,0.017643657586928894,0.017643657586500154,0.01764365758607436,0.017643657585651472,0.017643657585231468,0.017643657584814294,0.017643657584399938,0.017643657583988365,0.017643657583579553,0.017643657583173454,0.017643657582770058,0.017643657582369313,0.01764365758197121,0.0176436575815757,0.017643657581182776,0.017643657580792393,0.01764365758040453,0.017643657580019168,0.017643657579636263,0.0176436575792558,0.017643657578877744,0.017643657578502066,0.017643657578128753,0.017643657577757776,0.017643657577389095,0.0176436575770227,0.017643657576658565,0.01764365757629666,0.01764365757593695,0.017643657575579435,0.017643657575224077,0.01764365757487085,0.017643657574519737,0.01764365757417071,0.01764365757382375,0.017643657573478844,0.01764365757313595,0.017643657572795048,0.017643657572456124,0.017643657572119154,0.01764365757178412,0.017643657571450998,0.017643657571119763,0.017643657570790394,0.017643657570462882,0.017643657570137194,0.01764365756981332,0.017643657569491236,0.017643657569170912,0.01764365756885234,0.017643657568535507,0.017643657568220387,0.01764365756790695,0.017643657567595197,0.0176436575672851,0.017643657566976636,0.01764365756666979,0.01764365756636455,0.017643657566060886,0.01764365756575879,0.017643657565458243,0.017643657565159232,0.017643657564861737,0.01764365756456574,0.017643657564271227,0.017643657563978184,0.017643657563686584,0.017643657563396434,0.0176436575631077,0.017643657562820367,0.01764365756253441,0.01764365756224984,0.01764365756196662,0.017643657561684747,0.017643657561404194,0.017643657561124956,0.017643657560847015,0.017643657560570365,0.017643657560294977,0.01764365756002086,0.017643657559747974,0.017643657559476313,0.01764365755920587,0.017643657558936633,0.017643657558668594,0.017643657558401717,0.017643657558136013,0.017643657557871454,0.01764365755760803,0.017643657557345743,0.01764365755708455,0.017643657556824476,0.017643657556565485,0.017643657556307573,0.017643657556050723,0.01764365755579492,0.01764365755554016,0.01764365755528643,0.017643657555033734,0.017643657554782036,0.017643657554531338,0.017643657554281624,0.017643657554032886,0.017643657553785098,0.017643657553538274,0.017643657553292384,0.017643657553047438,0.017643657552803418,0.017643657552560307,0.017643657552318098,0.01764365755207678,0.017643657551836337,0.017643657551596782,0.01764365755135808,0.017643657551120236,0.01764365755088323,0.01764365755064707,0.017643657550411727,0.017643657550177213,0.017643657549943497,0.01764365754971058,0.01764365754947845,0.017643657549247117,0.017643657549016537,0.01764365754878674,0.017643657548557685,0.017643657548329385,0.017643657548101817,0.017643657547875,0.01764365754764888,0.017643657547423496,0.017643657547198818,0.017643657546974837,0.017643657546751543,0.017643657546528937,0.01764365754630701,0.017643657546085757,0.017643657545865162,0.017643657545645217,0.01764365754542593,0.01764365754520727,0.01764365754498926,0.01764365754477187,0.017643657544555102,0.01764365754433895,0.0176436575441234,0.01764365754390845,0.017643657543694093,0.01764365754348033,0.017643657543267136,0.01764365754305453,0.017643657542842476,0.017643657542630996,0.017643657542420067,0.017643657542209694,0.01764365754199985,0.01764365754179055,0.017643657541581776,0.017643657541373536,0.017643657541165807,0.017643657540958597,0.017643657540751905,0.017643657540545706,0.017643657540340012,0.017643657540134805,0.01764365753993008,0.017643657539725837,0.017643657539522073,0.017643657539318784,0.017643657539115953,0.017643657538913587,0.017643657538711676,0.017643657538510216,0.017643657538309206,0.01764365753810863,0.01764365753790849,0.01764365753770879,0.017643657537509506,0.017643657537310644,0.017643657537112205,0.017643657536914176,0.017643657536716546,0.017643657536519336,0.017643657536322514,0.017643657536126088,0.01764365753593005,0.017643657535734398,0.017643657535539127,0.017643657535344245,0.017643657535149734,0.017643657534955597,0.01764365753476181,0.017643657534568386,0.01764365753437533,0.017643657534182625,0.017643657533990265,0.01764365753379825,0.01764365753360658,0.017643657533415246,0.017643657533224257,0.017643657533033586,0.017643657532843252,0.01764365753265323,0.017643657532463535,0.017643657532274152,0.01764365753208508,0.017643657531896326,0.01764365753170788,0.01764365753151973,0.01764365753133189,0.017643657531144337,0.017643657530957077,0.017643657530770112,0.017643657530583435,0.01764365753039704,0.017643657530210924,0.017643657530025083,0.01764365752983952,0.017643657529654223,0.0176436575294692,0.017643657529284443,0.017643657529099955,0.017643657528915717,0.017643657528731736,0.017643657528548014,0.017643657528364543,0.017643657528181315,0.01764365752799834,0.017643657527815607,0.017643657527633114,0.01764365752745085,0.017643657527268836,0.01764365752708704,0.017643657526905485,0.017643657526724154,0.017643657526543045,0.017643657526362173,0.01764365752618151,0.01764365752600107,0.017643657525820845,0.01764365752564082,0.017643657525461025,0.017643657525281423,0.017643657525102028,0.01764365752492285,0.017643657524743856,0.017643657524565072,0.017643657524386486,0.017643657524208097,0.017643657524029892,0.01764365752385189,0.017643657523674073,0.017643657523496437,0.01764365752331899,0.01764365752314172,0.017643657522964637,0.017643657522787737,0.017643657522611007,0.017643657522434453,0.017643657522258074,0.017643657522081867,0.01764365752190583,0.017643657521729958,0.017643657521554258,0.017643657521378708,0.01764365752120333,0.017643657521028117,0.017643657520853062,0.01764365752067815,0.0176436575205034,0.017643657520328808,0.017643657520154368,0.017643657519980073,0.017643657519805924,0.01764365751963193,0.017643657519458074,0.017643657519284362,0.0176436575191108,0.01764365751893738,0.01764365751876408,0.017643657518590927,0.017643657518417913,0.01764365751824503,0.017643657518072287,0.017643657517899668,0.017643657517727188,0.017643657517554822,0.017643657517382578,0.01764365751721048,0.017643657517038502,0.017643657516866643,0.017643657516694906,0.017643657516523296,0.0176436575163518,0.01764365751618042,0.01764365751600916,0.017643657515838015,0.017643657515666985,0.01764365751549607,0.01764365751532527,0.01764365751515457,0.017643657514983983,0.017643657514813508,0.017643657514643137,0.017643657514472878,0.017643657514302715,0.017643657514132664,0.017643657513962706,0.01764365751379286,0.017643657513623106,0.017643657513453447,0.017643657513283888,0.017643657513114405,0.01764365751294502,0.01764365751277575,0.017643657512606575,0.017643657512437495,0.017643657512268505,0.017643657512099606,0.0176436575119308,0.01764365751176208,0.01764365751159345,0.017643657511424903,0.017643657511256447,0.01764365751108806,0.01764365751091978,0.01764365751075157,0.01764365751058344,0.0176436575104154,0.017643657510247435,0.01764365751007956,0.017643657509911755,0.01764365750974403,0.01764365750957638,0.017643657509408807,0.017643657509241302,0.017643657509073894,0.017643657508906542,0.01764365750873927,0.017643657508572066,0.017643657508404933,0.017643657508237875,0.01764365750807089,0.017643657507903966,0.01764365750773712,0.01764365750757033,0.017643657507403612,0.017643657507236954,0.017643657507070375,0.017643657506903852,0.017643657506737406,0.017643657506571,0.017643657506404682,0.01764365750623841,0.017643657506072205,0.017643657505906057,0.017643657505739978,0.017643657505573947,0.01764365750540798,0.017643657505242064,0.017643657505076214,0.017643657504910423,0.01764365750474468,0.017643657504579004,0.017643657504413372,0.017643657504247796,0.017643657504082276,0.017643657503916808,0.017643657503751402,0.017643657503586048,0.01764365750342073,0.017643657503255472,0.017643657503090264,0.017643657502925108,0.017643657502759997,0.017643657502594938,0.017643657502429928,0.017643657502264966,0.01764365750210005,0.01764365750193518,0.017643657501770358,0.017643657501605587,0.017643657501440854,0.017643657501276166,0.017643657501111524,0.017643657500946926,0.017643657500782374,0.017643657500617863,0.017643657500453398,0.017643657500288977,0.01764365750012458,0.017643657499960247,0.017643657499795944,0.017643657499631683,0.017643657499467457,0.017643657499303283,0.01764365749913914,0.017643657498975042,0.01764365749881098,0.017643657498646947,0.017643657498482956,0.017643657498319004,0.017643657498155097,0.017643657497991207,0.01764365749782737,0.017643657497663567,0.017643657497499795,0.017643657497336054,0.017643657497172352,0.017643657497008688,0.017643657496845055,0.017643657496681446,0.01764365749651787,0.017643657496354333,0.01764365749619083,0.017643657496027355,0.017643657495863913,0.017643657495700505,0.01764365749553713,0.01764365749537378,0.017643657495210466,0.017643657495047173,0.017643657494883915,0.017643657494720695,0.017643657494557492,0.017643657494394317,0.01764365749423117,0.01764365749406806,0.01764365749390498,0.01764365749374192,0.01764365749357889,0.017643657493415895,0.01764365749325291,0.017643657493089968,0.017643657492927033,0.017643657492764135,0.017643657492601265,0.01764365749243842,0.017643657492275595,0.017643657492112802,0.017643657491950026,0.017643657491787278,0.01764365749162455,0.01764365749146185,0.017643657491299168,0.01764365749113651,0.01764365749097388,0.01764365749081128,0.017643657490648692,0.017643657490486127,0.017643657490323587,0.017643657490161068,0.017643657489998566,0.017643657489836092,0.01764365748967364,0.017643657489511202,0.017643657489348787,0.017643657489186393,0.017643657489024026,0.017643657488861673,0.017643657488699345,0.017643657488537027,0.017643657488374737,0.01764365748821247,0.017643657488050208,0.017643657487887973,0.01764365748772576,0.01764365748756355,0.01764365748740138,0.017643657487239214,0.017643657487077063,0.01764365748691494,0.017643657486752833,0.017643657486590747,0.017643657486428675,0.017643657486266624,0.017643657486104587,0.017643657485942568,0.017643657485780565,0.017643657485618573,0.017643657485456602,0.017643657485294645,0.0176436574851327,0.017643657484970775,0.017643657484808867,0.017643657484646975,0.017643657484485098,0.017643657484323245,0.01764365748416139,0.01764365748399956,0.01764365748383774,0.017643657483675933,0.01764365748351415,0.017643657483352365,0.01764365748319061,0.01764365748302887,0.017643657482867132,0.017643657482705414,0.01764365748254371,0.017643657482382016,0.01764365748222034,0.017643657482058678,0.01764365748189702,0.01764365748173538,0.017643657481573753,0.01764365748141214,0.017643657481250533,0.01764365748108895,0.017643657480927374,0.017643657480765813,0.017643657480604254,0.017643657480442717,0.0176436574802812,0.017643657480119677,0.017643657479958167,0.01764365747979667,0.017643657479635196,0.01764365747947373,0.01764365747931227,0.017643657479150823,0.01764365747898938,0.017643657478827957,0.017643657478666537,0.01764365747850514,0.01764365747834375,0.017643657478182365,0.017643657478020987,0.017643657477859627,0.017643657477698277,0.017643657477536937,0.017643657477375604,0.017643657477214286,0.017643657477052967,0.01764365747689167,0.017643657476730367,0.017643657476569076,0.017643657476407795,0.01764365747624652,0.017643657476085272,0.017643657475924026,0.017643657475762787,0.017643657475601558,0.017643657475440336,0.017643657475279125,0.017643657475117917,0.01764365747495672,0.017643657474795533,0.017643657474634356,0.017643657474473187,0.017643657474312024,0.017643657474150868,0.017643657473989723,0.01764365747382859,0.01764365747366746,0.017643657473506352,0.01764365747334523,0.017643657473184127,0.017643657473023027,0.017643657472861937,0.017643657472700858,0.017643657472539792,0.01764365747237872,0.01764365747221766,0.017643657472056606,0.017643657471895564,0.017643657471734523,0.017643657471573492,0.01764365747141247,0.017643657471251455,0.017643657471090448,0.017643657470929452,0.017643657470768462,0.017643657470607477,0.017643657470446487,0.017643657470285522,0.017643657470124544,0.017643657469963582,0.01764365746980262,0.01764365746964168,0.017643657469480722,0.01764365746931979,0.017643657469158865,0.01764365746899794,0.017643657468837025,0.017643657468676115,0.01764365746851521,0.017643657468354303,0.01764365746819341,0.017643657468032526,0.017643657467871644,0.017643657467710766,0.017643657467549898,0.017643657467389027,0.01764365746722817,0.017643657467067305,0.01764365746690646,0.017643657466745618,0.01764365746658478,0.017643657466423945,0.01764365746626313,0.0176436574661023,0.017643657465941483,0.017643657465780678,0.017643657465619876,0.017643657465459074,0.017643657465298276,0.017643657465137484,0.017643657464976707,0.01764365746481592,0.017643657464655144,0.01764365746449437,0.017643657464333603,0.017643657464172846,0.01764365746401209,0.01764365746385134,0.017643657463690603,0.017643657463529857,0.017643657463369114,0.01764365746320838,0.01764365746304765,0.01764365746288693,0.01764365746272621,0.017643657462565493,0.017643657462404788,0.01764365746224408,0.017643657462083375,0.017643657461922677,0.017643657461761983,0.0176436574616013,0.017643657461440622,0.01764365746127993,0.017643657461119264,0.017643657460958587,0.01764365746079792,0.017643657460637258,0.017643657460476605,0.01764365746031595,0.0176436574601553,0.01764365745999465,0.017643657459834008,0.01764365745967337,0.017643657459512723,0.01764365745935209,0.017643657459191473,0.017643657459030845,0.017643657458870223,0.017643657458709612,0.017643657458549,0.017643657458388393,0.01764365745822779,0.01764365745806719,0.01764365745790659,0.01764365745774599,0.017643657457585404,0.017643657457424817,0.017643657457264234,0.01764365745710365,0.017643657456943074,0.0176436574567825,0.017643657456621928,0.017643657456461372,0.017643657456300803,0.017643657456140244,0.017643657455979688,0.017643657455819133,0.017643657455658577,0.01764365745549804,0.017643657455337497,0.01764365745517696,0.01764365745501642,0.01764365745485589,0.017643657454695354,0.017643657454534827,0.017643657454374306,0.0176436574542138,0.017643657454053274,0.01764365745389276,0.017643657453732243,0.01764365745357173,0.017643657453411232,0.017643657453250725,0.01764365745309022,0.017643657452929725,0.017643657452769235,0.017643657452608742,0.017643657452448253,0.017643657452287763,0.01764365745212728,0.017643657451966808,0.017643657451806325,0.01764365745164585,0.017643657451485377,0.017643657451324922,0.01764365745116444,0.017643657451003977,0.01764365745084352,0.01764365745068307,0.0176436574505226,0.017643657450362157,0.0176436574502017,0.017643657450041258,0.01764365744988081,0.017643657449720372,0.017643657449559924,0.01764365744939949,0.017643657449239063,0.01764365744907863,0.017643657448918208,0.017643657448757778,0.017643657448597354,0.017643657448436927,0.01764365744827651,0.017643657448116103,0.01764365744795569,0.01764365744779528,0.017643657447634867,0.017643657447474457,0.01764365744731406,0.017643657447153658,0.01764365744699327,0.01764365744683286,0.01764365744667248,0.017643657446512084,0.0176436574463517,0.01764365744619131,0.017643657446030938,0.017643657445870563,0.017643657445710184,0.01764365744554981,0.01764365744538943,0.017643657445229062,0.01764365744506869,0.01764365744490833,0.017643657444747954,0.017643657444587596,0.01764365744442723,0.017643657444266873,0.01764365744410652,0.017643657443946168,0.01764365744378582,0.017643657443625473,0.01764365744346513,0.01764365744330478,0.01764365744314444,0.017643657442984097,0.01764365744282376,0.017643657442663423,0.017643657442503086,0.017643657442342753,0.017643657442182433,0.017643657442022107,0.017643657441861773,0.017643657441701453,0.01764365744154113,0.017643657441380817,0.017643657441220508,0.017643657441060195,0.01764365744089988,0.017643657440739566,0.017643657440579257,0.017643657440418944,0.01764365744025864,0.017643657440098336,0.017643657439938034,0.017643657439777735,0.017643657439617447,0.017643657439457148,0.017643657439296863,0.017643657439136567,0.017643657438976272,0.017643657438815998,0.01764365743865571,0.017643657438495428,0.017643657438335146,0.01764365743817488,0.0176436574380146,0.017643657437854326,0.01764365743769405,0.01764365743753378,0.017643657437373512,0.017643657437213245,0.017643657437052977,0.017643657436892717,0.017643657436732452,0.01764365743657219,0.017643657436411934,0.01764365743625168,0.017643657436091423,0.017643657435931177,0.017643657435770923,0.017643657435610666,0.017643657435450422,0.01764365743529018,0.017643657435129925,0.017643657434969692,0.01764365743480945,0.017643657434649213,0.017643657434488976,0.017643657434328747,0.01764365743416851,0.017643657434008288,0.017643657433848058,0.01764365743368783,0.017643657433527606,0.01764365743336738,0.017643657433207168,0.017643657433046946,0.017643657432886727,0.017643657432726518,0.0176436574325663,0.017643657432406087,0.017643657432245878,0.01764365743208567,0.017643657431925454,0.017643657431765252,0.017643657431605054,0.017643657431444845,0.01764365743128465,0.01764365743112445,0.017643657430964254,0.017643657430804056,0.017643657430643857,0.017643657430483673,0.017643657430323482,0.017643657430163287,0.017643657430003103,0.017643657429842908,0.017643657429682713,0.017643657429522536,0.017643657429362348,0.01764365742920217,0.01764365742904199,0.017643657428881816,0.017643657428721638,0.017643657428561475,0.017643657428401294,0.01764365742824113,0.01764365742808096,0.0176436574279208,0.01764365742776063,0.01764365742760047,0.017643657427440305,0.017643657427280152,0.017643657427119992,0.01764365742695984,0.01764365742679968,0.01764365742663953,0.017643657426479383,0.01764365742631923,0.017643657426159084,0.01764365742599894,0.017643657425838788,0.017643657425678645,0.017643657425518506,0.017643657425358367,0.017643657425198227,0.017643657425038095,0.017643657424877966,0.017643657424717824,0.0176436574245577,0.017643657424397573,0.01764365742423744,0.017643657424077315,0.01764365742391719,0.01764365742375706,0.01764365742359694,0.017643657423436824,0.017643657423276705,0.01764365742311659,0.01764365742295647,0.017643657422796357,0.017643657422636252,0.01764365742247614,0.01764365742231603,0.017643657422155932,0.017643657421995827,0.01764365742183572,0.017643657421675618,0.017643657421515514,0.017643657421355412,0.017643657421195315,0.017643657421035214,0.017643657420875116,0.017643657420715032,0.017643657420554938,0.017643657420394847,0.017643657420234767,0.01764365742007468,0.017643657419914596,0.017643657419754506,0.017643657419594415,0.01764365741943433,0.01764365741927425,0.017643657419114174,0.017643657418954097,0.017643657418794027,0.017643657418633947,0.01764365741847387,0.017643657418313797,0.01764365741815373,0.017643657417993657,0.017643657417833598,0.01764365741767353,0.017643657417513475,0.017643657417353405,0.017643657417193353,0.0176436574170333,0.017643657416873244,0.017643657416713192,0.01764365741655313,0.017643657416393083,0.017643657416233027,0.017643657416072978,0.017643657415912933,0.01764365741575289,0.01764365741559285,0.017643657415432803,0.017643657415272764,0.01764365741511272,0.017643657414952676,0.017643657414792645,0.017643657414632606,0.017643657414472574,0.01764365741431254,0.01764365741415251,0.01764365741399248,0.017643657413832448,0.017643657413672423,0.017643657413512398,0.017643657413352373,0.017643657413192352,0.017643657413032334,0.017643657412872313,0.017643657412712295,0.017643657412552274,0.01764365741239226,0.01764365741223224,0.017643657412072234,0.01764365741191222,0.01764365741175221,0.017643657411592205,0.0176436574114322,0.01764365741127219,0.017643657411112196,0.017643657410952196,0.017643657410792192,0.017643657410632188,0.0176436574104722,0.0176436574103122,0.017643657410152204,0.017643657409992207,0.017643657409832227,0.01764365740967223,0.017643657409512244,0.017643657409352247,0.017643657409192267,0.01764365740903228,0.017643657408872294,0.01764365740871231,0.017643657408552334,0.01764365740839235,0.017643657408232365,0.017643657408072385,0.01764365740791241,0.017643657407752436,0.017643657407592463,0.017643657407432498,0.01764365740727253,0.017643657407112563,0.017643657406952597,0.01764365740679263,0.017643657406632665,0.017643657406472703,0.01764365740631274,0.01764365740615278,0.017643657405992833,0.017643657405832857,0.0176436574056729,0.01764365740551295,0.017643657405353,0.017643657405193056,0.017643657405033108,0.01764365740487316,0.017643657404713218,0.017643657404553273,0.017643657404393328,0.017643657404233383,0.01764365740407344,0.0176436574039135,0.017643657403753565,0.017643657403593627,0.017643657403433693,0.017643657403273765,0.017643657403113834,0.017643657402953913,0.01764365740279398,0.017643657402634055,0.01764365740247412,0.0176436574023142,0.01764365740215428,0.01764365740199436,0.017643657401834437,0.017643657401674527,0.01764365740151461,0.01764365740135469,0.017643657401194775,0.017643657401034865,0.01764365740087495,0.01764365740071503,0.01764365740055513,0.017643657400395217,0.017643657400235314,0.017643657400075407,0.017643657399915507,0.0176436573997556,0.017643657399595707,0.0176436573994358,0.017643657399275915,0.017643657399116008,0.017643657398956115,0.017643657398796215,0.01764365739863633,0.017643657398476446,0.01764365739831655,0.01764365739815666,0.01764365739799677,0.017643657397836885,0.017643657397677006,0.017643657397517123,0.017643657397357244,0.017643657397197365,0.01764365739703749,0.01764365739687761,0.01764365739671774,0.017643657396557863,0.017643657396397984,0.017643657396238112,0.017643657396078236,0.017643657395918375,0.01764365739575851,0.017643657395598648,0.017643657395438776,0.01764365739527891,0.017643657395119052,0.017643657394959197,0.017643657394799332,0.017643657394639477,0.017643657394479612,0.017643657394319768,0.01764365739415991,0.01764365739400006,0.017643657393840207,0.01764365739368036,0.01764365739352051,0.017643657393360667,0.017643657393200812,0.017643657393040975,0.01764365739288114,0.0176436573927213,0.017643657392561463,0.01764365739240162,0.01764365739224179,0.01764365739208195,0.017643657391922113,0.01764365739176228,0.01764365739160245,0.017643657391442615,0.017643657391282784,0.01764365739112296,0.017643657390963123,0.0176436573908033,0.017643657390643476,0.017643657390483656,0.01764365739032383,0.017643657390164016,0.017643657390004206,0.017643657389844386,0.017643657389684576,0.017643657389524767,0.01764365738936496,0.01764365738920514,0.01764365738904533,0.01764365738888552,0.01764365738872572,0.01764365738856591,0.017643657388406103,0.017643657388246303,0.017643657388086507,0.017643657387926705,0.017643657387766912,0.01764365738760711,0.017643657387447314,0.017643657387287532,0.017643657387127743,0.017643657386967958,0.01764365738680817,0.01764365738664838,0.017643657386488598,0.017643657386328813,0.017643657386169027,0.01764365738600925,0.017643657385849464,0.01764365738568968,0.017643657385529903,0.017643657385370128,0.017643657385210353,0.01764365738505058,0.01764365738489081,0.017643657384731032,0.017643657384571264,0.017643657384411496,0.017643657384251724,0.017643657384091967,0.017643657383932195,0.017643657383772427,0.017643657383612676,0.017643657383452905,0.017643657383293144,0.017643657383133386,0.017643657382973625,0.01764365738281387,0.017643657382654117,0.017643657382494363,0.01764365738233462,0.01764365738217486,0.01764365738201511,0.017643657381855363,0.01764365738169562,0.01764365738153587,0.017643657381376125,0.01764365738121639,0.017643657381056645,0.017643657380896904,0.017643657380737168,0.017643657380577438,0.017643657380417704,0.01764365738025797,0.01764365738009824,0.017643657379938515,0.017643657379778785,0.01764365737961907,0.01764365737945933,0.0176436573792996,0.017643657379139883,0.017643657378980153,0.017643657378820437,0.01764365737866072,0.01764365737850101,0.01764365737834129,0.017643657378181573,0.01764365737802186,0.017643657377862148,0.017643657377702435,0.017643657377542723,0.01764365737738302,0.01764365737722331,0.017643657377063613,0.017643657376903904,0.0176436573767442,0.017643657376584503,0.017643657376424805,0.017643657376265102,0.017643657376105404,0.017643657375945712,0.017643657375786014,0.017643657375626322,0.01764365737546663,0.017643657375306942,0.01764365737514725,0.017643657374987555,0.017643657374827874,0.01764365737466819,0.017643657374508504,0.01764365737434883,0.01764365737418915,0.01764365737402947,0.017643657373869793,0.01764365737371011,0.017643657373550434,0.017643657373390763,0.01764365737323109,0.01764365737307141,0.017643657372911743,0.01764365737275208,0.017643657372592405,0.017643657372432738,0.017643657372273074,0.017643657372113417,0.01764365737195375,0.017643657371794096,0.01764365737163444,0.017643657371474775,0.01764365737131512,0.017643657371155464,0.01764365737099581,0.01764365737083616,0.017643657370676514,0.01764365737051686,0.017643657370357217,0.017643657370197578,0.01764365737003793,0.017643657369878284,0.01764365736971864,0.017643657369558998,0.01764365736939936,0.017643657369239722,0.01764365736908009,0.01764365736892045,0.017643657368760817,0.017643657368601188,0.017643657368441562,0.017643657368281933,0.0176436573681223,0.017643657367962674,0.017643657367803055,0.017643657367643433,0.017643657367483807,0.017643657367324192,0.01764365736716457,0.017643657367004954,0.017643657366845332,0.017643657366685727,0.017643657366526108,0.017643657366366503,0.017643657366206888,0.01764365736604728,0.017643657365887674,0.01764365736572807,0.01764365736556847,0.01764365736540887,0.01764365736524926,0.017643657365089657,0.017643657364930055,0.017643657364770457,0.01764365736461086,0.01764365736445127,0.017643657364291666,0.01764365736413207,0.01764365736397248,0.017643657363812886,0.017643657363653295,0.017643657363493704,0.017643657363334113,0.017643657363174543,0.017643657363014955,0.017643657362855374,0.017643657362695787,0.017643657362536216,0.017643657362376632,0.017643657362217065,0.017643657362057488,0.017643657361897908,0.017643657361738334,0.017643657361578764,0.01764365736141919,0.017643657361259623,0.017643657361100053,0.017643657360940476,0.017643657360780905,0.01764365736062136,0.017643657360461803,0.017643657360302236,0.017643657360142676,0.017643657359983116,0.017643657359823567,0.01764365735966401,0.017643657359504447,0.017643657359344894,0.017643657359185345,0.0176436573590258,0.017643657358866253,0.017643657358706707,0.01764365735854717,0.017643657358387625,0.01764365735822808,0.01764365735806854,0.01764365735790901,0.01764365735774946,0.017643657357589923,0.01764365735743039,0.017643657357270855,0.017643657357111313,0.017643657356951784,0.017643657356792252,0.017643657356632717,0.01764365735647318,0.017643657356313652,0.01764365735615413,0.017643657355994602,0.01764365735583508,0.01764365735567555,0.017643657355516033,0.017643657355356508,0.017643657355196997,0.017643657355037475,0.01764365735487796,0.017643657354718453,0.017643657354558938,0.017643657354399427,0.01764365735423992,0.017643657354080418,0.01764365735392091,0.017643657353761402,0.0176436573536019,0.01764365735344239,0.01764365735328289,0.01764365735312339,0.01764365735296389,0.01764365735280439,0.017643657352644896,0.017643657352485406,0.01764365735232592,0.01764365735216642,0.017643657352006934,0.017643657351847444,0.017643657351687953,0.01764365735152847,0.017643657351368993,0.017643657351209513,0.017643657351050033,0.01764365735089056,0.017643657350731066,0.017643657350571586,0.017643657350412116,0.017643657350252636,0.017643657350093166,0.017643657349933693,0.017643657349774217,0.01764365734961475,0.017643657349455284,0.017643657349295815,0.01764365734913635,0.017643657348976886,0.017643657348817426,0.017643657348657967,0.017643657348498504,0.01764365734833905,0.017643657348179593,0.01764365734802014,0.01764365734786068,0.017643657347701236,0.017643657347541763,0.017643657347382324,0.017643657347222865,0.01764365734706342,0.017643657346903974,0.01764365734674454,0.017643657346585087,0.017643657346425652,0.017643657346266207,0.01764365734610676,0.01764365734594732,0.017643657345787895,0.017643657345628453,0.01764365734546902,0.017643657345309583,0.017643657345150155,0.017643657344990724,0.017643657344831296,0.017643657344671878,0.017643657344512446,0.017643657344353025,0.0176436573441936,0.01764365734403418,0.017643657343874762,0.01764365734371534,0.017643657343555916,0.017643657343396506,0.0176436573432371,0.01764365734307768,0.017643657342918274,0.01764365734275887,0.017643657342599456,0.01764365734244005,0.017643657342280638,0.01764365734212123,0.01764365734196183,0.017643657341802423,0.017643657341643026,0.017643657341483626,0.017643657341324236,0.017643657341164833,0.017643657341005432,0.017643657340846042,0.01764365734068665,0.01764365734052725,0.017643657340367873,0.017643657340208483,0.017643657340049097,0.017643657339889714,0.017643657339730324,0.017643657339570944,0.017643657339411565,0.01764365733925218,0.017643657339092796,0.01764365733893342,0.01764365733877404,0.017643657338614664,0.017643657338455295,0.017643657338295923,0.01764365733813655,0.01764365733797718,0.017643657337817815,0.017643657337658453,0.01764365733749909,0.01764365733733973,0.017643657337180364,0.017643657337021005,0.017643657336861646,0.017643657336702288,0.017643657336542933,0.01764365733638357,0.01764365733622422,0.017643657336064874,0.01764365733590552,0.017643657335746167,0.017643657335586815,0.01764365733542746,0.017643657335268112,0.01764365733510877,0.017643657334949426,0.01764365733479007,0.017643657334630736,0.017643657334471388,0.01764365733431205,0.017643657334152723,0.017643657333993385,0.01764365733383405,0.01764365733367472,0.01764365733351539,0.017643657333356055,0.01764365733319672,0.017643657333037403,0.017643657332878076,0.017643657332718755,0.01764365733255943,0.017643657332400104,0.017643657332240784,0.017643657332081463,0.01764365733192215,0.017643657331762833,0.017643657331603523,0.017643657331444195,0.017643657331284885,0.017643657331125582,0.017643657330966272,0.017643657330806965,0.017643657330647655,0.01764365733048835,0.017643657330329042,0.01764365733016975,0.017643657330010443,0.017643657329851153,0.01764365732969185,0.017643657329532558,0.017643657329373258,0.017643657329213955,0.01764365732905466,0.01764365732889538,0.017643657328736097,0.017643657328576798,0.017643657328417505,0.017643657328258216,0.017643657328098934,0.017643657327939655,0.017643657327780362,0.017643657327621083,0.0176436573274618,0.017643657327302522,0.017643657327143247,0.01764365732698397,0.0176436573268247,0.017643657326665438,0.017643657326506156,0.017643657326346887,0.017643657326187608,0.017643657326028343,0.01764365732586907,0.017643657325709806,0.01764365732555054,0.017643657325391277,0.01764365732523202,0.017643657325072764,0.0176436573249135,0.01764365732475425,0.017643657324594993,0.01764365732443574,0.017643657324276484,0.017643657324117244,0.017643657323957992,0.017643657323798745,0.017643657323639497,0.017643657323480253,0.017643657323321002,0.01764365732316176,0.017643657323002517,0.017643657322843283,0.017643657322684043,0.0176436573225248,0.017643657322365565,0.017643657322206335,0.0176436573220471,0.017643657321887867,0.017643657321728637,0.017643657321569407,0.01764365732141019,0.01764365732125096,0.01764365732109174,0.01764365732093251,0.017643657320773293,0.01764365732061406,0.017643657320454836,0.017643657320295634,0.017643657320136417,0.017643657319977198,0.01764365731981798,0.01764365731965877,0.017643657319499562,0.01764365731934035,0.017643657319181136,0.017643657319021934,0.01764365731886273,0.017643657318703536,0.017643657318544326,0.017643657318385127,0.01764365731822592,0.017643657318066726,0.017643657317907537,0.017643657317748338,0.017643657317589146,0.01764365731742995,0.017643657317270755,0.017643657317111573,0.017643657316952395,0.017643657316793203,0.017643657316634014,0.017643657316474836,0.01764365731631565,0.01764365731615647,0.017643657315997287,0.017643657315838106,0.017643657315678934,0.01764365731551975,0.017643657315360578,0.017643657315201403,0.017643657315042232,0.01764365731488306,0.017643657314723882,0.01764365731456472,0.01764365731440555,0.017643657314246382,0.017643657314087218,0.017643657313928057,0.01764365731376889,0.017643657313609732,0.01764365731345058,0.01764365731329142,0.01764365731313226,0.017643657312973106,0.01764365731281396,0.017643657312654805,0.017643657312495654,0.017643657312336507,0.017643657312177357,0.01764365731201821,0.01764365731185907,0.017643657311699912,0.017643657311540765,0.017643657311381615,0.01764365731122249,0.017643657311063345,0.017643657310904212,0.017643657310745065,0.017643657310585932,0.01764365731042681,0.017643657310267673,0.01764365731010854,0.017643657309949407,0.017643657309790277,0.017643657309631154,0.01764365730947202,0.017643657309312895,0.01764365730915377,0.017643657308994653,0.01764365730883554,0.017643657308676425,0.0176436573085173,0.01764365730835819,0.017643657308199088,0.01764365730803997,0.017643657307880853,0.017643657307721737,0.017643657307562628,0.01764365730740352,0.017643657307244417,0.01764365730708531,0.017643657306926203,0.017643657306767098,0.017643657306608006,0.017643657306448898,0.017643657306289803,0.017643657306130708,0.017643657305971613,0.017643657305812525,0.01764365730565343,0.017643657305494324,0.01764365730533524,0.01764365730517615,0.017643657305017074,0.017643657304857976,0.01764365730469889,0.017643657304539817,0.017643657304380733,0.017643657304221662,0.017643657304062577,0.017643657303903496,0.017643657303744422,0.01764365730358535,0.01764365730342628,0.01764365730326721,0.01764365730310814,0.017643657302949062,0.017643657302790005,0.017643657302630948,0.017643657302471877,0.017643657302312814,0.017643657302153785,0.017643657301994714,0.017643657301835664,0.0176436573016766,0.017643657301517544,0.017643657301358487,0.017643657301199437,0.017643657301040387,0.01764365730088133,0.01764365730072228,0.017643657300563234,0.017643657300404184,0.01764365730024514,0.01764365730008609,0.017643657299927045,0.01764365729976801,0.017643657299608966,0.017643657299449916,0.017643657299290884,0.017643657299131848,0.017643657298972812,0.017643657298813772,0.01764365729865474,0.017643657298495714,0.017643657298336682,0.01764365729817766,0.01764365729801863,0.017643657297859605,0.017643657297700576,0.017643657297541554,0.017643657297382532,0.01764365729722352,0.017643657297064495,0.01764365729690548,0.01764365729674646,0.017643657296587446,0.017643657296428434,0.01764365729626942,0.01764365729611041,0.017643657295951402,0.017643657295792398,0.017643657295633386,0.017643657295474385,0.017643657295315376,0.017643657295156382,0.017643657294997377,0.01764365729483838,0.01764365729467938,0.01764365729452039,0.017643657294361396,0.017643657294202402,0.01764365729404341,0.01764365729388442,0.017643657293725433,0.017643657293566446,0.01764365729340746,0.017643657293248474,0.01764365729308949,0.017643657292930503,0.017643657292771522,0.017643657292612542,0.01764365729245356,0.017643657292294588,0.017643657292135604,0.01764365729197663,0.017643657291817653,0.017643657291658683,0.017643657291499706,0.017643657291340736,0.017643657291181763,0.0176436572910228,0.017643657290863833,0.01764365729070487,0.0176436572905459,0.01764365729038694,0.017643657290227988,0.01764365729006902,0.017643657289910065,0.017643657289751105,0.017643657289592152,0.0176436572894332,0.017643657289274247,0.017643657289115305,0.01764365728895635,0.017643657288797403,0.017643657288638467,0.017643657288479497,0.01764365728832055,0.017643657288161613,0.01764365728800267,0.017643657287843735,0.017643657287684796,0.01764365728752586,0.01764365728736692,0.017643657287207987,0.017643657287049058,0.017643657286890123,0.017643657286731198,0.017643657286572266,0.017643657286413338,0.01764365728625441,0.017643657286095484,0.017643657285936566,0.017643657285777638,0.01764365728561872,0.017643657285459805,0.017643657285300884,0.01764365728514197,0.017643657284983055,0.017643657284824144,0.01764365728466523,0.017643657284506318,0.017643657284347407,0.0176436572841885,0.017643657284029595,0.01764365728387068,0.017643657283711776,0.017643657283552872,0.017643657283393975,0.01764365728323507,0.017643657283076174,0.017643657282917277,0.017643657282758386,0.017643657282599493,0.017643657282440595,0.017643657282281698,0.017643657282122818,0.01764365728196393,0.017643657281805045,0.017643657281646154,0.017643657281487275,0.01764365728132839,0.01764365728116951,0.017643657281010625,0.017643657280851745,0.01764365728069287,0.01764365728053399,0.017643657280375112,0.017643657280216232,0.017643657280057356,0.017643657279898483,0.017643657279739617,0.01764365727958074,0.017643657279421878,0.017643657279263005,0.01764365727910414,0.017643657278945277,0.017643657278786414,0.01764365727862756,0.017643657278468707,0.017643657278309844,0.017643657278150992,0.01764365727799212,0.01764365727783326,0.017643657277674408,0.01764365727751556,0.017643657277356704,0.017643657277197862,0.017643657277039006,0.01764365727688017,0.01764365727672133,0.01764365727656248,0.01764365727640364,0.017643657276244798,0.017643657276085963,0.017643657275927125,0.017643657275768287,0.017643657275609452,0.017643657275450614,0.017643657275291786,0.017643657275132958,0.01764365727497413,0.017643657274815306,0.01764365727465648,0.017643657274497657,0.017643657274338826,0.01764365727418,0.017643657274021184,0.017643657273862374,0.017643657273703563,0.017643657273544746,0.01764365727338593,0.017643657273227115,0.0176436572730683,0.017643657272909487,0.017643657272750683,0.017643657272591873,0.017643657272433066,0.017643657272274266,0.017643657272115462,0.017643657271956662,0.017643657271797862,0.01764365727163906,0.017643657271480262,0.017643657271321465,0.017643657271162672,0.017643657271003876,0.017643657270845083,0.017643657270686293,0.017643657270527507,0.01764365727036871,0.017643657270209924,0.01764365727005114,0.017643657269892355,0.017643657269733576,0.01764365726957479,0.017643657269416003,0.017643657269257224,0.017643657269098445,0.01764365726893967,0.01764365726878089,0.017643657268622118,0.017643657268463342,0.017643657268304573,0.017643657268145797,0.017643657267987032,0.017643657267828263,0.017643657267669498,0.01764365726751073,0.017643657267351974,0.017643657267193216,0.01764365726703445,0.01764365726687569,0.01764365726671693,0.017643657266558175,0.01764365726639942,0.017643657266240665,0.017643657266081914,0.01764365726592316,0.01764365726576442,0.01764365726560567,0.017643657265446918,0.01764365726528817,0.01764365726512943,0.017643657264970674,0.017643657264811933,0.0176436572646532,0.017643657264494454,0.01764365726433571,0.017643657264176976,0.017643657264018245,0.017643657263859507,0.017643657263700773,0.017643657263542042,0.01764365726338331,0.017643657263224588,0.017643657263065857,0.017643657262907123,0.017643657262748403,0.01764365726258968,0.017643657262430956,0.01764365726227224,0.017643657262113525,0.01764365726195481,0.017643657261796095,0.017643657261637382,0.017643657261478672,0.017643657261319955,0.017643657261161242,0.017643657261002536,0.01764365726084383,0.017643657260685123,0.01764365726052641,0.0176436572603677,0.017643657260209,0.0176436572600503,0.017643657259891594,0.017643657259732905,0.017643657259574206,0.017643657259415507,0.01764365725925681,0.017643657259098115,0.01764365725893943,0.01764365725878073,0.017643657258622044,0.01764365725846336,0.01764365725830467,0.01764365725814598,0.017643657257987302,0.01764365725782862,0.017643657257669934,0.017643657257511266,0.017643657257352584,0.017643657257193912,0.017643657257035237,0.017643657256876562,0.01764365725671789,0.01764365725655922,0.017643657256400554,0.017643657256241885,0.017643657256083217,0.017643657255924552,0.017643657255765884,0.017643657255607226,0.01764365725544856,0.017643657255289897,0.017643657255131246,0.01764365725497258,0.017643657254813924,0.017643657254655266,0.017643657254496615,0.017643657254337967,0.017643657254179313,0.017643657254020662,0.017643657253862015,0.01764365725370337,0.017643657253544727,0.01764365725338608,0.017643657253227432,0.01764365725306879,0.017643657252910155,0.01764365725275151,0.01764365725259287,0.01764365725243424,0.017643657252275607,0.01764365725211697,0.01764365725195834,0.01764365725179971,0.017643657251641076,0.017643657251482453,0.017643657251323833,0.017643657251165203,0.017643657251006577,0.017643657250847947,0.017643657250689337,0.017643657250530718,0.017643657250372095,0.017643657250213475,0.01764365725005486,0.01764365724989625,0.01764365724973764,0.017643657249579024,0.017643657249420425,0.01764365724926181,0.017643657249103207,0.01764365724894461,0.017643657248786,0.017643657248627403,0.017643657248468794,0.017643657248310195,0.017643657248151604,0.017643657247993005,0.01764365724783441,0.017643657247675807,0.017643657247517215,0.017643657247358623,0.017643657247200035,0.017643657247041443,0.01764365724688286,0.017643657246724273,0.017643657246565685,0.017643657246407107,0.01764365724624852,0.017643657246089933,0.017643657245931362,0.01764365724577278,0.017643657245614203,0.017643657245455625,0.01764365724529705,0.017643657245138472,0.0176436572449799,0.017643657244821337,0.017643657244662766,0.017643657244504198,0.017643657244345627,0.01764365724418706,0.0176436572440285,0.01764365724386993,0.017643657243711378,0.01764365724355281,0.017643657243394256,0.017643657243235703,0.017643657243077145,0.017643657242918595,0.017643657242760045,0.017643657242601484,0.017643657242442937,0.01764365724228439,0.017643657242125844,0.017643657241967297,0.017643657241808754,0.017643657241650214,0.017643657241491677,0.017643657241333134,0.017643657241174594,0.017643657241016047,0.017643657240857518,0.01764365724069899,0.017643657240540452,0.017643657240381923,0.0176436572402234,0.01764365724006487,0.01764365723990635,0.017643657239747815,0.01764365723958929,0.017643657239430767,0.01764365723927224,0.017643657239113725,0.017643657238955203,0.017643657238796684,0.01764365723863817,0.01764365723847965,0.017643657238321137,0.017643657238162615,0.017643657238004103,0.017643657237845594,0.017643657237687085,0.017643657237528573,0.017643657237370065,0.017643657237211553,0.017643657237053054,0.017643657236894546,0.017643657236736048,0.01764365723657755,0.017643657236419044,0.017643657236260556,0.017643657236102058,0.017643657235943563,0.017643657235785076,0.017643657235626577,0.017643657235468097,0.01764365723530961,0.017643657235151124,0.017643657234992637,0.017643657234834152,0.017643657234675664,0.017643657234517187,0.01764365723435871,0.017643657234200225,0.017643657234041748,0.01764365723388327,0.017643657233724797,0.01764365723356632,0.01764365723340785,0.017643657233249378,0.017643657233090904,0.017643657232932437,0.017643657232773967,0.017643657232615503,0.017643657232457043,0.01764365723229858,0.01764365723214012,0.01764365723198166,0.017643657231823203,0.017643657231664736,0.017643657231506283,0.01764365723134784,0.017643657231189377,0.017643657231030927,0.01764365723087248,0.017643657230714024,0.01764365723055558,0.017643657230397135,0.017643657230238686,0.017643657230080236,0.017643657229921794,0.017643657229763354,0.017643657229604905,0.01764365722944648,0.017643657229288037,0.017643657229129594,0.017643657228971158,0.017643657228812722,0.01764365722865429,0.017643657228495858,0.017643657228337432,0.017643657228179007,0.01764365722802058,0.01764365722786216,0.01764365722770374,0.017643657227545323,0.0176436572273869,0.017643657227228483,0.017643657227070068,0.01764365722691165,0.01764365722675323,0.017643657226594812,0.0176436572264364,0.017643657226277993,0.01764365722611959,0.017643657225961177,0.01764365722580277,0.017643657225644364,0.01764365722548596,0.017643657225327555,0.01764365722516915,0.017643657225010753,0.017643657224852356,0.017643657224693958,0.017643657224535567,0.01764365722437716,0.017643657224218772,0.01764365722406038,0.01764365722390199,0.017643657223743597,0.01764365722358521,0.017643657223426822,0.017643657223268435,0.01764365722311005,0.017643657222951675,0.017643657222793294,0.017643657222634914,0.017643657222476534,0.017643657222318154,0.01764365722215978,0.01764365722200141,0.017643657221843034,0.017643657221684657,0.017643657221526287,0.01764365722136792,0.01764365722120955,0.01764365722105118,0.017643657220892815,0.017643657220734448,0.017643657220576082,0.017643657220417726,0.017643657220259366,0.017643657220101,0.017643657219942644,0.0176436572197843,0.017643657219625946,0.017643657219467593,0.01764365721930924,0.01764365721915088,0.01764365721899254,0.017643657218834194,0.017643657218675845,0.017643657218517496,0.017643657218359157,0.01764365721820081,0.017643657218042466,0.01764365721788413,0.01764365721772579,0.01764365721756746,0.017643657217409115,0.017643657217250783,0.017643657217092462,0.01764365721693412,0.017643657216775795,0.017643657216617467,0.01764365721645914,0.017643657216300814,0.017643657216142493,0.017643657215984165,0.01764365721582584,0.017643657215667522,0.0176436572155092,0.017643657215350883,0.01764365721519257,0.017643657215034247,0.017643657214875933,0.017643657214717622,0.017643657214559308,0.017643657214400997,0.017643657214242693,0.01764365721408439,0.017643657213926085,0.017643657213767785,0.01764365721360949,0.017643657213451187,0.01764365721329289,0.017643657213134583,0.017643657212976286,0.017643657212817992,0.017643657212659695,0.017643657212501405,0.01764365721234312,0.017643657212184822,0.01764365721202654,0.017643657211868245,0.017643657211709955,0.017643657211551676,0.017643657211393396,0.017643657211235113,0.01764365721107683,0.017643657210918554,0.017643657210760277,0.017643657210602005,0.01764365721044372,0.01764365721028546,0.01764365721012718,0.017643657209968914,0.017643657209810648,0.017643657209652372,0.01764365720949411,0.01764365720933584,0.017643657209177575,0.017643657209019312,0.017643657208861054,0.017643657208702795,0.01764365720854454,0.017643657208386277,0.017643657208228018,0.01764365720806977,0.01764365720791151,0.017643657207753263,0.017643657207595007,0.01764365720743676,0.017643657207278514,0.01764365720712027,0.01764365720696202,0.017643657206803776,0.01764365720664554,0.017643657206487296,0.01764365720632905,0.017643657206170813,0.017643657206012575,0.017643657205854354,0.017643657205696113,0.01764365720553789,0.017643657205379647,0.017643657205221413,0.01764365720506319,0.017643657204904954,0.017643657204746737,0.017643657204588502,0.017643657204430285,0.017643657204272065,0.01764365720411384,0.017643657203955623,0.01764365720379741,0.017643657203639192,0.017643657203480982,0.017643657203322772,0.017643657203164555,0.017643657203006348,0.017643657202848138,0.017643657202689924,0.01764365720253173,0.017643657202373514,0.017643657202215317,0.017643657202057114,0.017643657201898907,0.01764365720174071,0.01764365720158251,0.017643657201424315,0.017643657201266122,0.017643657201107926,0.017643657200949736,0.017643657200791543,0.01764365720063336,0.017643657200475168,0.017643657200316982,0.017643657200158785,0.0176436572000006,0.01764365719984241,0.01764365719968423,0.01764365719952605,0.01764365719936787,0.017643657199209694,0.01764365719905152,0.017643657198893343,0.01764365719873517,0.01764365719857699,0.01764365719841882,0.017643657198260655,0.017643657198102482,0.01764365719794431,0.017643657197786145,0.01764365719762798,0.01764365719746982,0.017643657197311657,0.017643657197153488,0.017643657196995326,0.017643657196837175,0.01764365719667902,0.01764365719652086,0.017643657196362707,0.017643657196204556,0.017643657196046398,0.017643657195888257,0.017643657195730102,0.017643657195571958,0.017643657195413817,0.017643657195255666,0.01764365719509752,0.017643657194939377,0.017643657194781233,0.017643657194623096,0.017643657194464955,0.017643657194306817,0.017643657194148687,0.01764365719399055,0.017643657193832415,0.017643657193674285,0.017643657193516158,0.017643657193358024,0.0176436571931999,0.017643657193041777,0.017643657192883647,0.017643657192725513,0.017643657192567396,0.017643657192409273,0.01764365719225116,0.017643657192093036,0.017643657191934923,0.017643657191776813,0.017643657191618693,0.017643657191460597,0.01764365719130248,0.01764365719114437,0.01764365719098626,0.017643657190828162,0.017643657190670053,0.017643657190511954,0.017643657190353844,0.017643657190195745,0.017643657190037642,0.01764365718987955,0.01764365718972145,0.01764365718956335,0.01764365718940526,0.01764365718924717,0.01764365718908907,0.017643657188930986,0.017643657188772893,0.01764365718861481,0.017643657188456716,0.01764365718829863,0.01764365718814054,0.017643657187982456,0.017643657187824378,0.01764365718766629,0.017643657187508224,0.017643657187350132,0.017643657187192054,0.01764365718703398,0.01764365718687591,0.017643657186717843,0.017643657186559775,0.01764365718640171,0.017643657186243635,0.017643657186085567,0.017643657185927503,0.017643657185769435,0.017643657185611377,0.017643657185453316,0.017643657185295262,0.017643657185137208,0.017643657184979154,0.0176436571848211,0.01764365718466304,0.01764365718450499,0.017643657184346944,0.017643657184188893,0.017643657184030843,0.01764365718387279,0.01764365718371475,0.017643657183556708,0.01764365718339866,0.01764365718324062,0.017643657183082577,0.017643657182924537,0.017643657182766496,0.017643657182608463,0.017643657182450426,0.017643657182292397,0.017643657182134363,0.01764365718197633,0.017643657181818307,0.017643657181660284,0.017643657181502254,0.017643657181344235,0.01764365718118621,0.017643657181028182,0.017643657180870163,0.017643657180712143,0.017643657180554124,0.017643657180396104,0.01764365718023809,0.017643657180080076,0.017643657179922063,0.017643657179764054,0.017643657179606045,0.017643657179448033,0.017643657179290038,0.017643657179132025,0.01764365717897403,0.017643657178816028,0.017643657178658016,0.017643657178500024,0.01764365717834203,0.01764365717818403,0.01764365717802603,0.01764365717786804,0.017643657177710048,0.01764365717755206,0.01764365717739407,0.017643657177236073,0.01764365717707809,0.0176436571769201,0.01764365717676212,0.017643657176604134,0.017643657176446153,0.01764365717628816,0.01764365717613018,0.017643657175972206,0.017643657175814235,0.017643657175656257,0.01764365717549828,0.017643657175340305,0.01764365717518233,0.017643657175024363,0.01764365717486639,0.017643657174708418,0.017643657174550447,0.017643657174392476,0.017643657174234516,0.017643657174076562,0.017643657173918595,0.01764365717376063,0.017643657173602677,0.017643657173444727,0.017643657173286774,0.017643657173128807,0.017643657172970863,0.017643657172812906,0.017643657172654953,0.017643657172497003,0.017643657172339063,0.017643657172181117,0.017643657172023167,0.017643657171865227,0.01764365717170728,0.017643657171549344,0.0176436571713914,0.017643657171233465,0.01764365717107553,0.017643657170917593,0.017643657170759653,0.017643657170601724,0.017643657170443784,0.017643657170285862,0.017643657170127922,0.017643657169969993,0.01764365716981207,0.01764365716965415,0.01764365716949622,0.017643657169338304,0.01764365716918038,0.017643657169022463,0.01764365716886454,0.01764365716870663,0.017643657168548717,0.0176436571683908,0.01764365716823289,0.017643657168074978,0.01764365716791707,0.01764365716775915,0.017643657167601245,0.017643657167443344,0.01764365716728544,0.01764365716712753,0.017643657166969636,0.017643657166811724,0.01764365716665383,0.01764365716649593,0.017643657166338034,0.017643657166180153,0.01764365716602225,0.01764365716586436,0.01764365716570647,0.01764365716554858,0.017643657165390694,0.01764365716523281,0.017643657165074933,0.01764365716491705,0.017643657164759168,0.017643657164601315,0.017643657164443428,0.017643657164285554,0.017643657164127677,0.017643657163969803,0.01764365716381193,0.017643657163654056,0.01764365716349619,0.017643657163338322,0.017643657163180452,0.01764365716302259,0.017643657162864725,0.01764365716270686,0.017643657162548995,0.017643657162391132,0.01764365716223328,0.017643657162075412,0.017643657161917556,0.017643657161759693,0.017643657161601836,0.017643657161443983,0.01764365716128613,0.017643657161128284,0.017643657160970435,0.01764365716081258,0.017643657160654743,0.017643657160496897,0.017643657160339048,0.01764365716018121,0.01764365716002336,0.01764365715986552,0.01764365715970768,0.01764365715954984,0.017643657159392003,0.017643657159234164,0.01764365715907634,0.017643657158918514,0.017643657158760682,0.017643657158602846,0.017643657158445025,0.017643657158287192,0.017643657158129364,0.01764365715797154,0.01764365715781372,0.017643657157655895,0.017643657157498088,0.017643657157340266,0.017643657157182448,0.017643657157024623,0.017643657156866818,0.017643657156709,0.017643657156551185,0.01764365715639338,0.017643657156235573,0.017643657156077765,0.017643657155919954,0.017643657155762157,0.017643657155604352,0.01764365715544655,0.017643657155288758,0.017643657155130957,0.017643657154973163,0.017643657154815362,0.017643657154657565,0.017643657154499774,0.01764365715434198,0.01764365715418419,0.0176436571540264,0.01764365715386861,0.017643657153710822,0.01764365715355303,0.01764365715339524,0.017643657153237464,0.017643657153079677,0.017643657152921904,0.017643657152764135,0.017643657152606376,0.0176436571524486,0.017643657152290822,0.01764365715213305,0.017643657151975283,0.017643657151817507,0.017643657151659744,0.01764365715150197,0.017643657151344198,0.017643657151186435,0.017643657151028662,0.017643657150870906,0.017643657150713133,0.017643657150555374,0.01764365715039762,0.017643657150239855,0.017643657150082107,0.017643657149924354,0.017643657149766602,0.01764365714960885,0.017643657149451104,0.01764365714929335,0.0176436571491356,0.017643657148977854,0.017643657148820113,0.017643657148662367,0.017643657148504625,0.017643657148346877,0.01764365714818914,0.017643657148031396,0.017643657147873668,0.01764365714771593,0.0176436571475582,0.017643657147400457,0.017643657147242718,0.017643657147084994,0.01764365714692726,0.01764365714676952,0.017643657146611803,0.01764365714645408,0.017643657146296357,0.017643657146138633,0.01764365714598091,0.017643657145823187,0.01764365714566547,0.017643657145507755,0.01764365714535004,0.01764365714519233,0.01764365714503461,0.017643657144876906,0.01764365714471919,0.01764365714456148,0.01764365714440377,0.01764365714424607,0.017643657144088363,0.01764365714393066,0.017643657143772962,0.017643657143615255,0.017643657143457565,0.017643657143299858,0.017643657143142154,0.017643657142984465,0.01764365714282677,0.017643657142669085,0.017643657142511385,0.017643657142353695,0.017643657142196012,0.017643657142038322,0.017643657141880636,0.017643657141722956,0.017643657141565277,0.01764365714140759,0.01764365714124991,0.017643657141092232,0.017643657140934552,0.017643657140776883,0.017643657140619214,0.017643657140461535,0.017643657140303866,0.017643657140146186,0.017643657139988524,0.017643657139830855,0.01764365713967319,0.01764365713951552,0.017643657139357855,0.017643657139200193,0.01764365713904253,0.017643657138884872,0.017643657138727214,0.01764365713856956,0.0176436571384119,0.01764365713825425,0.017643657138096604,0.017643657137938945,0.017643657137781293,0.01764365713762365,0.017643657137466,0.017643657137308356,0.017643657137150704,0.017643657136993066,0.017643657136835415,0.017643657136677777,0.017643657136520146,0.017643657136362505,0.017643657136204877,0.017643657136047198,0.017643657135889577,0.017643657135731947,0.017643657135574312,0.01764365713541668,0.017643657135259058,0.01764365713510143,0.017643657134943806,0.017643657134786182,0.017643657134628548,0.01764365713447093,0.017643657134313324,0.017643657134155714,0.017643657133998097,0.01764365713384048,0.017643657133682863,0.017643657133525247,0.017643657133367633,0.017643657133210026,0.01764365713305242,0.017643657132894813,0.017643657132737203,0.017643657132579604,0.01764365713242201,0.017643657132264397,0.017643657132106798,0.017643657131949198,0.0176436571317916,0.017643657131634002,0.017643657131476406,0.017643657131318817,0.01764365713116122,0.017643657131003628,0.01764365713084604,0.017643657130688453,0.01764365713053086,0.017643657130373275,0.017643657130215692,0.01764365713005812,0.01764365712990054,0.017643657129742953,0.017643657129585377,0.017643657129427795,0.017643657129270216,0.01764365712911265,0.017643657128955072,0.017643657128797507,0.017643657128639932,0.017643657128482357,0.017643657128324785,0.01764365712816722,0.017643657128009662,0.017643657127852087,0.01764365712769453,0.017643657127536967,0.01764365712737941,0.017643657127221858,0.017643657127064283,0.017643657126906735,0.017643657126749177,0.01764365712659162,0.017643657126434068,0.01764365712627652,0.017643657126118963,0.017643657125961415,0.01764365712580387,0.017643657125646323,0.01764365712548878,0.01764365712533123,0.0176436571251737,0.017643657125016157,0.017643657124858617,0.017643657124701083,0.017643657124543546,0.017643657124386015,0.017643657124228464,0.017643657124070938,0.017643657123913407,0.017643657123755867,0.017643657123598343,0.017643657123440813,0.01764365712328329,0.017643657123125774,0.017643657122968243,0.017643657122810727,0.017643657122653207,0.017643657122495687,0.017643657122338164,0.017643657122180655,0.01764365712202314,0.017643657121865625,0.017643657121708112,0.017643657121550606,0.0176436571213931,0.01764365712123559,0.017643657121078085,0.017643657120920583,0.01764365712076308,0.017643657120605567,0.017643657120448075,0.017643657120290576,0.017643657120133074,0.017643657119975585,0.017643657119818086,0.017643657119660597,0.017643657119503102,0.017643657119345606,0.01764365711918812,0.017643657119030633,0.01764365711887315,0.017643657118715666,0.017643657118558177,0.017643657118400696,0.017643657118243217,0.01764365711808573,0.017643657117928254,0.017643657117770772,0.017643657117613294,0.017643657117455823,0.017643657117298345,0.01764365711714088,0.017643657116983395,0.017643657116825924,0.017643657116668456,0.017643657116510992,0.017643657116353524,0.017643657116196067,0.017643657116038602,0.017643657115881138,0.017643657115723677,0.01764365711556622,0.017643657115408766,0.017643657115251312,0.01764365711509385,0.017643657114936397,0.01764365711477894,0.017643657114621493,0.017643657114464043,0.017643657114306596,0.017643657114149145,0.017643657113991712,0.01764365711383426,0.017643657113676818,0.017643657113519378,0.01764365711336193,0.0176436571132045,0.017643657113047065,0.017643657112889632,0.01764365711273219,0.017643657112574766,0.01764365711241733,0.0176436571122599,0.01764365711210247,0.017643657111945037,0.017643657111787617,0.017643657111630188,0.01764365711147277,0.017643657111315336,0.017643657111157916,0.017643657111000507,0.01764365711084308,0.01764365711068567,0.017643657110528253,0.01764365711037083,0.01764365711021342,0.017643657110056013,0.017643657109898604,0.017643657109741195,0.01764365710958379,0.017643657109426378,0.017643657109268976,0.017643657109111574,0.017643657108954176,0.017643657108796777,0.017643657108639375,0.017643657108481973,0.017643657108324582,0.017643657108167194,0.017643657108009803,0.017643657107852404,0.017643657107695013,0.017643657107537618,0.017643657107380237,0.017643657107222842,0.017643657107065457,0.01764365710690808,0.01764365710675069,0.01764365710659331,0.017643657106435933,0.01764365710627855,0.017643657106121178,0.017643657105963797,0.01764365710580643,0.01764365710564906,0.01764365710549168,0.017643657105334318,0.017643657105176944,0.017643657105019576,0.017643657104862213,0.01764365710470485,0.017643657104547485,0.01764365710439012,0.017643657104232754,0.0176436571040754,0.01764365710391804,0.017643657103760688,0.017643657103603324,0.017643657103445974,0.017643657103288624,0.017643657103131278,0.017643657102973925,0.017643657102816585,0.01764365710265923,0.017643657102501886,0.017643657102344546,0.017643657102187207,0.01764365710202986,0.01764365710187252,0.01764365710171521,0.017643657101557866,0.017643657101400537,0.0176436571012432,0.017643657101085865,0.01764365710092853,0.0176436571007712,0.017643657100613868,0.017643657100456546,0.017643657100299217,0.0176436571001419,0.01764365709998457,0.017643657099827247,0.017643657099669936,0.01764365709951261,0.01764365709935529,0.017643657099197973,0.017643657099040654,0.017643657098883336,0.017643657098726027,0.017643657098568705,0.017643657098411404,0.01764365709825409,0.017643657098096788,0.01764365709793948,0.017643657097782175,0.01764365709762487,0.017643657097467565,0.01764365709731026,0.017643657097152966,0.017643657096995658,0.017643657096838378,0.01764365709668107,0.01764365709652378,0.017643657096366477,0.017643657096209187,0.017643657096051903,0.017643657095894605,0.017643657095737314,0.017643657095580027,0.01764365709542274,0.017643657095265455,0.01764365709510818,0.017643657094950894,0.017643657094793614,0.01764365709463633,0.017643657094479057,0.017643657094321776,0.0176436570941645,0.01764365709400723,0.01764365709384996,0.01764365709369269,0.01764365709353542,0.017643657093378156,0.017643657093220893,0.01764365709306363,0.017643657092906363,0.017643657092749107,0.01764365709259185,0.01764365709243459,0.01764365709227733,0.017643657092120076,0.017643657091962816,0.01764365709180557,0.017643657091648314,0.01764365709149107,0.017643657091333812,0.01764365709117657,0.017643657091019324,0.017643657090862075,0.01764365709070483,0.017643657090547587,0.017643657090390348,0.017643657090233102,0.017643657090075867,0.017643657089918628,0.017643657089761393,0.01764365708960416,0.01764365708944693,0.017643657089289694,0.017643657089132462,0.01764365708897523,0.017643657088818,0.017643657088660777,0.017643657088503555,0.017643657088346323,0.017643657088189105,0.01764365708803188,0.01764365708787467,0.01764365708771744,0.017643657087560227,0.01764365708740301,0.0176436570872458,0.017643657087088586,0.017643657086931375,0.017643657086774164,0.01764365708661695,0.017643657086459746,0.017643657086302538,0.017643657086145334,0.01764365708598813,0.017643657085830933,0.017643657085673736,0.01764365708551654,0.01764365708535934,0.017643657085202137,0.01764365708504494,0.017643657084887746,0.017643657084730553,0.017643657084573362,0.01764365708441617,0.017643657084258982,0.017643657084101805,0.017643657083944612,0.01764365708378743,0.017643657083630238,0.01764365708347306,0.017643657083315875,0.017643657083158695,0.01764365708300152,0.017643657082844336,0.01764365708268717,0.017643657082529986,0.017643657082372824,0.01764365708221565,0.017643657082058478,0.01764365708190131,0.017643657081744143,0.017643657081586973,0.01764365708142981,0.017643657081272652,0.01764365708111549,0.01764365708095833,0.017643657080801168,0.017643657080644012,0.01764365708048685,0.017643657080329698,0.017643657080172546,0.017643657080015404,0.017643657079858235,0.017643657079701097,0.01764365707954395,0.017643657079386796,0.017643657079229654,0.01764365707907252,0.01764365707891537,0.017643657078758226,0.01764365707860109,0.017643657078443953,0.01764365707828681,0.017643657078129676,0.01764365707797255,0.01764365707781541,0.017643657077658276,0.01764365707750115,0.01764365707734402,0.017643657077186892,0.01764365707702976,0.017643657076872647,0.01764365707671552,0.017643657076558402,0.01764365707640128,0.01764365707624416,0.017643657076087046,0.01764365707592993,0.017643657075772815,0.017643657075615705,0.01764365707545859,0.017643657075301477,0.017643657075144363,0.017643657074987256,0.01764365707483015,0.017643657074673042,0.01764365707451594,0.017643657074358835,0.01764365707420173,0.01764365707404464,0.017643657073887535,0.017643657073730445,0.017643657073573345,0.017643657073416245,0.017643657073259152,0.017643657073102063,0.017643657072944963,0.01764365707278788,0.01764365707263078,0.0176436570724737,0.01764365707231663,0.017643657072159542,0.017643657072002456,0.017643657071845373,0.017643657071688294,0.017643657071531215,0.017643657071374132,0.017643657071217053,0.017643657071059974,0.017643657070902912,0.017643657070745836,0.017643657070588764,0.017643657070431692,0.017643657070274626,0.017643657070117565,0.017643657069960496,0.01764365706980343,0.01764365706964637,0.017643657069489307,0.017643657069332252,0.017643657069175193,0.01764365706901814,0.017643657068861084,0.01764365706870403,0.01764365706854697,0.01764365706838992,0.017643657068232867,0.017643657068075823,0.01764365706791877,0.01764365706776173,0.017643657067604682,0.017643657067447638,0.017643657067290597,0.01764365706713356,0.017643657066976508,0.01764365706681948,0.01764365706666244,0.017643657066505412,0.01764365706634837,0.01764365706619134,0.01764365706603431,0.01764365706587728,0.01764365706572025,0.01764365706556322,0.017643657065406184,0.017643657065249167,0.01764365706509214,0.017643657064935123,0.017643657064778093,0.017643657064621086,0.017643657064464056,0.017643657064307042,0.01764365706415003,0.017643657063993012,0.017643657063835996,0.01764365706367899,0.01764365706352198,0.017643657063364966,0.017643657063207963,0.017643657063050957,0.017643657062893954,0.01764365706273695,0.017643657062579948,0.017643657062422956,0.017643657062265956,0.017643657062108957,0.017643657061951964,0.01764365706179497,0.017643657061637973,0.017643657061480984,0.017643657061323998,0.017643657061167013,0.017643657061010024,0.017643657060853038,0.01764365706069605,0.017643657060539074,0.017643657060382092,0.017643657060225117,0.01764365706006813,0.01764365705991115,0.017643657059754167,0.017643657059597195,0.017643657059440224,0.017643657059283245,0.017643657059126273,0.017643657058969305,0.017643657058812334,0.01764365705865537,0.0176436570584984,0.017643657058341432,0.017643657058184468,0.017643657058027507,0.01764365705787055,0.017643657057713584,0.017643657057556626,0.017643657057399672,0.01764365705724271,0.017643657057085763,0.01764365705692881,0.017643657056771855,0.017643657056614907,0.017643657056457956,0.017643657056301,0.01764365705614406,0.01764365705598711,0.01764365705583018,0.01764365705567324,0.017643657055516297,0.01764365705535936,0.01764365705520242,0.017643657055045486,0.01764365705488855,0.01764365705473161,0.017643657054574678,0.017643657054417755,0.01764365705426082,0.017643657054103895,0.017643657053946965,0.017643657053790035,0.017643657053633115,0.017643657053476192,0.017643657053319273,0.017643657053162357,0.017643657053005433,0.017643657052848514,0.017643657052691605,0.017643657052534685,0.01764365705237778,0.017643657052220867,0.01764365705206395,0.017643657051907038,0.017643657051750132,0.01764365705159323,0.017643657051436328,0.017643657051279415,0.017643657051122516,0.01764365705096562,0.017643657050808715,0.01764365705065182,0.01764365705049493,0.017643657050338026,0.017643657050181134,0.017643657050024242,0.017643657049867346,0.017643657049710455,0.017643657049553573,0.017643657049396685,0.017643657049239796,0.017643657049082904,0.01764365704892602,0.01764365704876914,0.01764365704861226,0.017643657048455375,0.0176436570482985,0.01764365704814163,0.017643657047984745,0.017643657047827874,0.017643657047671013,0.017643657047514135,0.017643657047357268,0.017643657047200393,0.01764365704704353,0.017643657046886665,0.0176436570467298,0.01764365704657294,0.017643657046416072,0.017643657046259212,0.01764365704610235,0.01764365704594549,0.017643657045788637,0.01764365704563178,0.017643657045474926,0.017643657045318072,0.01764365704516121,0.01764365704500437,0.01764365704484752,0.017643657044690685,0.017643657044533828,0.01764365704437699,0.017643657044220155,0.017643657044063312,0.017643657043906472,0.017643657043749632,0.01764365704359279,0.017643657043435956,0.01764365704327912,0.017643657043122284,0.017643657042965454,0.017643657042808625,0.017643657042651785,0.017643657042494956,0.01764365704233813,0.017643657042181307,0.017643657042024478,0.017643657041867662,0.01764365704171083,0.017643657041554014,0.017643657041397195,0.017643657041240376,0.017643657041083564,0.017643657040926745,0.017643657040769933,0.017643657040613114,0.01764365704045631,0.017643657040299493,0.01764365704014269,0.01764365703998588,0.017643657039829095,0.01764365703967229,0.017643657039515478,0.017643657039358683,0.017643657039201874,0.01764365703904507,0.017643657038888278,0.017643657038731483,0.017643657038574685,0.01764365703841788,0.017643657038261092,0.0176436570381043,0.01764365703794751,0.017643657037790722,0.01764365703763395,0.017643657037477164,0.017643657037320386,0.017643657037163602,0.017643657037006818,0.01764365703685004,0.01764365703669327,0.01764365703653649,0.01764365703637971,0.017643657036222938,0.01764365703606617,0.017643657035909397,0.017643657035752627,0.017643657035595856,0.01764365703543909,0.017643657035282326,0.01764365703512556,0.0176436570349688,0.017643657034812035,0.017643657034655275,0.017643657034498522,0.017643657034341762,0.017643657034185002,0.017643657034028246,0.0176436570338715,0.017643657033714753,0.017643657033558,0.017643657033401244,0.017643657033244498,0.017643657033087748,0.017643657032931005,0.017643657032774256,0.017643657032617506,0.017643657032460774,0.017643657032304038,0.0176436570321473,0.01764365703199056,0.01764365703183382,0.017643657031677078,0.01764365703152035,0.017643657031363617,0.01764365703120688,0.017643657031050152,0.017643657030893423,0.017643657030736698,0.01764365703057997,0.01764365703042325,0.01764365703026653,0.017643657030109804,0.01764365702995308,0.017643657029796367,0.017643657029639638,0.017643657029482927,0.01764365702932621,0.017643657029169493,0.017643657029012775,0.01764365702885607,0.017643657028699366,0.01764365702854266,0.017643657028385967,0.017643657028229263,0.017643657028072548,0.017643657027915854,0.017643657027759146,0.017643657027602448,0.01764365702744575,0.017643657027289053,0.017643657027132338,0.017643657026975648,0.017643657026818957,0.017643657026662256,0.01764365702650557,0.017643657026348885,0.017643657026192208,0.01764365702603552,0.01764365702587884,0.017643657025722147,0.017643657025565473,0.017643657025408786,0.01764365702525211,0.017643657025095433,0.017643657024938756,0.017643657024782083,0.017643657024625403,0.017643657024468722,0.017643657024312056,0.017643657024155383,0.017643657023998716,0.01764365702384204,0.01764365702368537,0.017643657023528707,0.017643657023372044,0.017643657023215388,0.01764365702305873,0.01764365702290208,0.017643657022745413,0.017643657022588768,0.017643657022432112,0.017643657022275456,0.017643657022118796,0.01764365702196215,0.0176436570218055,0.01764365702164885,0.017643657021492204,0.017643657021335548,0.017643657021178902,0.017643657021022264,0.017643657020865625,0.017643657020708976,0.017643657020552345,0.017643657020395706,0.017643657020239064,0.01764365702008243,0.017643657019925797,0.017643657019769176,0.017643657019612537,0.01764365701945591,0.017643657019299288,0.017643657019142653,0.017643657018986028,0.0176436570188294,0.017643657018672775,0.017643657018516157,0.017643657018359533,0.01764365701820292,0.017643657018046294,0.01764365701788968,0.01764365701773307,0.017643657017576458,0.017643657017419847,0.017643657017263246,0.017643657017106636,0.01764365701695003,0.017643657016793417,0.017643657016636817,0.01764365701648022,0.017643657016323606,0.01764365701616701,0.01764365701601041,0.017643657015853804,0.017643657015697214,0.01764365701554062,0.017643657015384027,0.01764365701522743,0.017643657015070844,0.01764365701491425,0.01764365701475767,0.01764365701460108,0.01764365701444449,0.01764365701428791,0.017643657014131325,0.01764365701397474,0.017643657013818162,0.017643657013661582,0.017643657013505003,0.017643657013348427,0.017643657013191854,0.017643657013035278,0.017643657012878705,0.01764365701272214,0.017643657012565563,0.017643657012409008,0.017643657012252442,0.017643657012095876,0.01764365701193931,0.017643657011782745,0.01764365701162618,0.017643657011469617,0.01764365701131306,0.017643657011156506,0.017643657010999944,0.017643657010843392,0.017643657010686844,0.017643657010530292,0.017643657010373744,0.017643657010217192,0.017643657010060643,0.017643657009904095,0.01764365700974755,0.017643657009591005,0.01764365700943446,0.017643657009277915,0.01764365700912138,0.01764365700896484,0.017643657008808298,0.01764365700865176,0.017643657008495225,0.017643657008338698,0.017643657008182163,0.017643657008025632,0.017643657007869108,0.017643657007712577,0.01764365700755605,0.017643657007399526,0.017643657007243005,0.01764365700708648,0.017643657006929953,0.017643657006773436,0.01764365700661692,0.017643657006460405,0.017643657006303888,0.01764365700614737,0.017643657005990854,0.01764365700583435,0.017643657005677837,0.01764365700552133,0.017643657005364823,0.017643657005208313,0.01764365700505181,0.017643657004895306,0.0176436570047388,0.0176436570045823,0.0176436570044258,0.017643657004269304,0.01764365700411281,0.017643657003956315,0.01764365700379982,0.01764365700364333,0.017643657003486836,0.01764365700333035,0.01764365700317386,0.01764365700301737,0.01764365700286087,0.01764365700270439,0.017643657002547906,0.017643657002391417,0.017643657002234935,0.017643657002078452,0.017643657001921977,0.0176436570017655,0.017643657001609026,0.017643657001452557,0.01764365700129608,0.017643657001139613,0.017643657000983137,0.01764365700082667,0.01764365700067021,0.017643657000513728,0.017643657000357273,0.01764365700020081,0.01764365700004435,0.01764365699988789,0.017643656999731434,0.017643656999574975,0.01764365699941852,0.017643656999262063,0.017643656999105604,0.01764365699894915,0.017643656998792702,0.017643656998636247,0.017643656998479803,0.01764365699832335,0.017643656998166907,0.017643656998010473,0.01764365699785403,0.017643656997697585,0.017643656997541148,0.01764365699738471,0.017643656997228273,0.01764365699707184,0.0176436569969154,0.017643656996758968,0.017643656996602537,0.017643656996446117,0.017643656996289683,0.01764365699613325,0.017643656995976822,0.0176436569958204,0.017643656995663975,0.01764365699550755,0.017643656995351135,0.01764365699519473,0.01764365699503831,0.017643656994881893,0.017643656994725476,0.017643656994569067,0.017643656994412647,0.017643656994256234,0.017643656994099824,0.017643656993943414,0.017643656993786998,0.01764365699363059,0.017643656993474192,0.017643656993317786,0.017643656993161373,0.017643656993004984,0.017643656992848582,0.017643656992692183,0.017643656992535787,0.017643656992379388,0.017643656992222995,0.0176436569920666,0.01764365699191021,0.01764365699175382,0.01764365699159743,0.017643656991441038,0.017643656991284652,0.017643656991128263,0.017643656990971892,0.0176436569908155,0.017643656990659118,0.01764365699050274,0.017643656990346365,0.017643656990189986,0.01764365699003361,0.01764365698987724,0.017643656989720858,0.017643656989564497,0.01764365698940812,0.017643656989251754,0.017643656989095396,0.017643656988939035,0.01764365698878267,0.0176436569886263,0.01764365698846994,0.017643656988313584,0.017643656988157227,0.01764365698800086,0.0176436569878445,0.017643656987688154,0.017643656987531793,0.017643656987375442,0.017643656987219092,0.017643656987062745,0.017643656986906394,0.017643656986750054,0.017643656986593703,0.017643656986437363,0.017643656986281033,0.01764365698612467,0.017643656985968335,0.017643656985811995,0.01764365698565566,0.017643656985499318,0.017643656985342995,0.01764365698518665,0.017643656985030322,0.01764365698487399,0.01764365698471766,0.01764365698456133,0.017643656984405003,0.01764365698424868,0.01764365698409236,0.01764365698393603,0.01764365698377971,0.017643656983623388,0.017643656983467076,0.017643656983310756,0.017643656983154444,0.017643656982998124,0.017643656982841815,0.0176436569826855,0.017643656982529187,0.01764365698237288,0.017643656982216573,0.017643656982060264,0.017643656981903965,0.01764365698174766,0.01764365698159136,0.01764365698143506,0.01764365698127875,0.017643656981122465,0.017643656980966167,0.017643656980809868,0.017643656980653573,0.017643656980497288,0.017643656980340986,0.0176436569801847,0.017643656980028417,0.017643656979872125,0.01764365697971584,0.017643656979559556,0.017643656979403267,0.017643656979246983,0.0176436569790907,0.01764365697893442,0.017643656978778153,0.017643656978621875,0.0176436569784656,0.017643656978309323,0.017643656978153052,0.01764365697799678,0.017643656977840507,0.01764365697768424,0.017643656977527965,0.01764365697737171,0.017643656977215448,0.01764365697705918,0.01764365697690292,0.017643656976746663,0.01764365697659041,0.01764365697643415,0.017643656976277896,0.017643656976121632,0.017643656975965382,0.017643656975809136,0.017643656975652885,0.017643656975496632,0.01764365697534038,0.01764365697518414,0.017643656975027892,0.01764365697487165,0.017643656974715406,0.01764365697455917,0.01764365697440293,0.017643656974246687,0.017643656974090448,0.01764365697393422,0.017643656973777972,0.017643656973621743,0.01764365697346551,0.017643656973309278,0.017643656973153055,0.01764365697299682,0.017643656972840593,0.01764365697268437,0.017643656972528145,0.017643656972371913,0.017643656972215694,0.01764365697205947,0.017643656971903253,0.017643656971747034,0.017643656971590815,0.017643656971434604,0.017643656971278385,0.017643656971122173,0.017643656970965958,0.017643656970809753,0.017643656970653544,0.017643656970497346,0.017643656970341138,0.017643656970184933,0.017643656970028728,0.017643656969872527,0.017643656969716332,0.01764365696956013,0.01764365696940394,0.017643656969247745,0.017643656969091547,0.017643656968935353,0.017643656968779158,0.017643656968622964,0.017643656968466776,0.017643656968310585,0.0176436569681544,0.01764365696799822,0.017643656967842033,0.01764365696768585,0.01764365696752968,0.0176436569673735,0.01764365696721732,0.017643656967061144,0.017643656966904973,0.0176436569667488,0.017643656966592623,0.017643656966436452,0.01764365696628028,0.017643656966124112,0.01764365696596794,0.017643656965811782,0.017643656965655608,0.017643656965499455,0.017643656965343292,0.017643656965187132,0.017643656965030972,0.017643656964874816,0.017643656964718656,0.017643656964562507,0.017643656964406347,0.017643656964250205,0.01764365696409404,0.0176436569639379,0.017643656963781753,0.017643656963625604,0.017643656963469465,0.017643656963313315,0.01764365696315717,0.017643656963001037,0.017643656962844888,0.01764365696268875,0.01764365696253261,0.017643656962376474,0.01764365696222034,0.0176436569620642,0.01764365696190807,0.017643656961751943,0.017643656961595814,0.01764365696143969,0.01764365696128356,0.017643656961127442,0.01764365696097131,0.017643656960815192,0.017643656960659067,0.017643656960502945,0.017643656960346827,0.017643656960190716,0.017643656960034594,0.017643656959878483,0.017643656959722368,0.017643656959566253,0.01764365695941014,0.01764365695925403,0.017643656959097934,0.017643656958941833,0.017643656958785725,0.01764365695862963,0.01764365695847352,0.017643656958317423,0.01764365695816133,0.01764365695800523,0.01764365695784913,0.017643656957693037,0.017643656957536936,0.017643656957380845,0.01764365695722476,0.017643656957068668,0.017643656956912585,0.017643656956756494,0.017643656956600407,0.017643656956444324,0.01764365695628823,0.01764365695613215,0.017643656955976066,0.017643656955819986,0.01764365695566391,0.017643656955507826,0.017643656955351746,0.017643656955195666,0.017643656955039593,0.017643656954883534,0.01764365695472746,0.01764365695457139,0.017643656954415318,0.017643656954259252,0.017643656954103193,0.017643656953947127,0.01764365695379107,0.017643656953635005,0.017643656953478946,0.017643656953322893,0.01764365695316683,0.01764365695301078,0.017643656952854723,0.017643656952698667,0.01764365695254261,0.017643656952386566,0.01764365695223052,0.017643656952074482,0.01764365695191843,0.017643656951762392,0.01764365695160635,0.01764365695145031,0.01764365695129427,0.017643656951138224,0.017643656950982186,0.01764365695082615,0.017643656950670116,0.017643656950514078,0.01764365695035805,0.017643656950202022,0.017643656950045994,0.01764365694988997,0.01764365694973394,0.017643656949577913,0.017643656949421892,0.017643656949265868,0.017643656949109843,0.017643656948953826,0.017643656948797798,0.01764365694864178,0.017643656948485766,0.01764365694832976,0.01764365694817374,0.017643656948017727,0.017643656947861717,0.01764365694770571,0.017643656947549703,0.0176436569473937,0.017643656947237688,0.01764365694708168,0.01764365694692568,0.017643656946769677,0.01764365694661368,0.017643656946457684,0.01764365694630169,0.017643656946145694,0.017643656945989697,0.01764365694583371,0.017643656945677714,0.017643656945521717,0.017643656945365738,0.017643656945209744,0.01764365694505375,0.01764365694489777,0.017643656944741785,0.017643656944585806,0.017643656944429823,0.017643656944273844,0.017643656944117864,0.01764365694396188,0.01764365694380591,0.017643656943649933,0.017643656943493957,0.017643656943337988,0.01764365694318202,0.017643656943026047,0.017643656942870078,0.01764365694271412,0.017643656942558147,0.017643656942402185,0.01764365694224622,0.017643656942090254,0.017643656941934302,0.01764365694177835,0.01764365694162238,0.017643656941466433,0.017643656941310475,0.01764365694115453,0.01764365694099858,0.01764365694084263,0.01764365694068668,0.017643656940530734,0.017643656940374786,0.017643656940218837,0.0176436569400629,0.01764365693990696,0.017643656939751017,0.017643656939595073,0.017643656939439135,0.017643656939283197,0.017643656939127266,0.017643656938971325,0.0176436569388154,0.01764365693865947,0.017643656938503543,0.017643656938347616,0.017643656938191688,0.01764365693803576,0.017643656937879844,0.017643656937723916,0.017643656937568003,0.01764365693741208,0.017643656937256152,0.017643656937100242,0.01764365693694433,0.017643656936788415,0.017643656936632494,0.01764365693647659,0.01764365693632069,0.01764365693616477,0.017643656936008865,0.017643656935852955,0.01764365693569705,0.017643656935541145,0.017643656935385253,0.017643656935229346,0.01764365693507345,0.017643656934917547,0.017643656934761654,0.017643656934605758,0.01764365693444987,0.017643656934293976,0.017643656934138083,0.01764365693398219,0.0176436569338263,0.017643656933670416,0.017643656933514527,0.017643656933358638,0.017643656933202755,0.017643656933046866,0.017643656932890987,0.017643656932735115,0.01764365693257923,0.017643656932423358,0.017643656932267476,0.017643656932111607,0.017643656931955742,0.01764365693179987,0.01764365693164401,0.017643656931488127,0.017643656931332255,0.017643656931176394,0.017643656931020536,0.017643656930864667,0.017643656930708806,0.017643656930552944,0.017643656930397083,0.017643656930241225,0.017643656930085377,0.01764365692992952,0.017643656929773665,0.017643656929617807,0.017643656929461956,0.017643656929306112,0.01764365692915026,0.01764365692899442,0.017643656928838573,0.01764365692868273,0.017643656928526888,0.017643656928371047,0.017643656928215203,0.017643656928059373,0.017643656927903532,0.017643656927747695,0.01764365692759187,0.017643656927436035,0.017643656927280194,0.017643656927124367,0.017643656926968534,0.017643656926812704,0.01764365692665688,0.017643656926501057,0.017643656926345234,0.01764365692618941,0.01764365692603359,0.017643656925877764,0.017643656925721948,0.017643656925566128,0.01764365692541032,0.017643656925254502,0.017643656925098682,0.017643656924942876,0.01764365692478706,0.017643656924631247,0.01764365692447544,0.01764365692431964,0.01764365692416383,0.017643656924008023,0.017643656923852218,0.01764365692369642,0.01764365692354062,0.017643656923384824,0.017643656923229025,0.017643656923073233,0.01764365692291744,0.01764365692276164,0.017643656922605853,0.01764365692245006,0.01764365692229427,0.01764365692213848,0.017643656921982692,0.0176436569218269,0.01764365692167111,0.017643656921515333,0.017643656921359552,0.017643656921203767,0.01764365692104799,0.01764365692089222,0.017643656920736443,0.017643656920580668,0.017643656920424893,0.017643656920269115,0.017643656920113347,0.01764365691995758,0.017643656919801808,0.017643656919646047,0.017643656919490287,0.01764365691933452,0.01764365691917876,0.017643656919022997,0.01764365691886724,0.01764365691871148,0.017643656918555718,0.017643656918399968,0.017643656918244214,0.017643656918088464,0.017643656917932717,0.01764365691777697,0.017643656917621223,0.017643656917465472,0.017643656917309732,0.017643656917153985,0.017643656916998245,0.017643656916842495,0.017643656916686755,0.017643656916531015,0.017643656916375275,0.01764365691621954,0.017643656916063802,0.017643656915908072,0.01764365691575234,0.017643656915596606,0.017643656915440873,0.01764365691528515,0.01764365691512942,0.017643656914973698,0.01764365691481797,0.017643656914662253,0.017643656914506523,0.017643656914350804,0.017643656914195085,0.017643656914039373,0.017643656913883657,0.01764365691372794,0.017643656913572215,0.017643656913416513,0.0176436569132608,0.017643656913105092,0.01764365691294938,0.01764365691279367,0.017643656912637962,0.017643656912482254,0.017643656912326548,0.017643656912170846,0.01764365691201514,0.017643656911859443,0.01764365691170374,0.017643656911548053,0.017643656911392355,0.01764365691123666,0.017643656911080965,0.017643656910925266,0.017643656910769575,0.01764365691061388,0.01764365691045819,0.017643656910302508,0.01764365691014682,0.017643656909991142,0.017643656909835468,0.01764365690967979,0.017643656909524116,0.017643656909368432,0.01764365690921275,0.017643656909057077,0.0176436569089014,0.017643656908745725,0.017643656908590058,0.017643656908434387,0.01764365690827872,0.017643656908123057,0.017643656907967393,0.017643656907811726,0.017643656907656062,0.017643656907500402,0.017643656907344752,0.01764365690718908,0.017643656907033442,0.01764365690687778,0.01764365690672213,0.01764365690656648,0.017643656906410825,0.017643656906255183,0.01764365690609953,0.017643656905943886,0.017643656905788244,0.0176436569056326,0.017643656905476958,0.017643656905321308,0.01764365690516567,0.01764365690501002,0.01764365690485439,0.017643656904698757,0.01764365690454312,0.017643656904387482,0.017643656904231853,0.017643656904076224,0.017643656903920592,0.017643656903764977,0.017643656903609344,0.017643656903453722,0.017643656903298097,0.017643656903142478,0.017643656902986853,0.01764365690283123,0.017643656902675598,0.017643656902519993,0.01764365690236438,0.01764365690220876,0.017643656902053145,0.01764365690189753,0.01764365690174192,0.017643656901586306,0.0176436569014307,0.017643656901275093,0.017643656901119478,0.017643656900963887,0.017643656900808283,0.017643656900652678,0.017643656900497077,0.017643656900341486,0.017643656900185878,0.017643656900030287,0.0176436568998747,0.0176436568997191,0.017643656899563504,0.017643656899407917,0.01764365689925232,0.01764365689909672,0.01764365689894113,0.01764365689878555,0.017643656898629966,0.017643656898474382,0.0176436568983188,0.01764365689816322,0.01764365689800764,0.017643656897852057,0.017643656897696487,0.017643656897540914,0.017643656897385323,0.01764365689722976,0.01764365689707419,0.01764365689691862,0.017643656896763046,0.01764365689660748,0.01764365689645191,0.017643656896296347,0.017643656896140784,0.017643656895985228,0.017643656895829668,0.017643656895674112,0.017643656895518552,0.017643656895362996,0.017643656895207437,0.017643656895051887,0.01764365689489633,0.01764365689474079,0.017643656894585236,0.01764365689442969,0.017643656894274138,0.017643656894118592,0.017643656893963043,0.0176436568938075,0.01764365689365196,0.01764365689349641,0.01764365689334087,0.01764365689318533,0.017643656893029797,0.017643656892874258,0.01764365689271873,0.017643656892563194,0.01764365689240766,0.017643656892252134,0.01764365689209661,0.017643656891941088,0.01764365689178556,0.017643656891630038,0.017643656891474516,0.017643656891318995,0.01764365689116347,0.017643656891007956,0.01764365689085244,0.017643656890696927,0.017643656890541405,0.017643656890385894,0.01764365689023038,0.017643656890074872,0.01764365688991936,0.017643656889763853,0.017643656889608346,0.017643656889452835,0.01764365688929733,0.01764365688914183,0.01764365688898633,0.017643656888830836,0.017643656888675335,0.01764365688851983,0.017643656888364334,0.01764365688820884,0.01764365688805335,0.01764365688789786,0.01764365688774237,0.01764365688758688,0.01764365688743139,0.017643656887275903,0.01764365688712041,0.017643656886964933,0.01764365688680946,0.01764365688665397,0.0176436568864985,0.017643656886343017,0.01764365688618754,0.017643656886032057,0.017643656885876585,0.01764365688572112,0.017643656885565653,0.017643656885410173,0.0176436568852547,0.017643656885099238,0.01764365688494377,0.01764365688478831,0.017643656884632843,0.017643656884477377,0.017643656884321922,0.01764365688416646,0.017643656884011004,0.01764365688385554,0.01764365688370009,0.017643656883544648,0.01764365688338919,0.017643656883233737,0.017643656883078285,0.017643656882922836,0.017643656882767395,0.017643656882611942,0.017643656882456504,0.01764365688230106,0.017643656882145614,0.01764365688199018,0.01764365688183474,0.017643656881679303,0.017643656881523865,0.017643656881368434,0.017643656881212996,0.017643656881057564,0.017643656880902133,0.017643656880746705,0.017643656880591278,0.017643656880435857,0.01764365688028042,0.017643656880125,0.017643656879969574,0.017643656879814153,0.01764365687965874,0.01764365687950332,0.017643656879347897,0.01764365687919248,0.017643656879037066,0.017643656878881656,0.01764365687872625,0.017643656878570835,0.01764365687841543,0.017643656878260017,0.017643656878104604,0.017643656877949197,0.017643656877793793,0.01764365687763839,0.017643656877482993,0.017643656877327586,0.01764365687717219,0.017643656877016793,0.0176436568768614,0.017643656876706007,0.017643656876550607,0.017643656876395214,0.01764365687623982,0.017643656876084438,0.01764365687592905,0.017643656875773656,0.017643656875618266,0.017643656875462883,0.0176436568753075,0.017643656875152118,0.017643656874996735,0.01764365687484136,0.017643656874685984,0.017643656874530612,0.017643656874375236,0.017643656874219864,0.017643656874064488,0.017643656873909116,0.017643656873753744,0.01764365687359838,0.017643656873443016,0.017643656873287655,0.017643656873132286,0.017643656872976924,0.017643656872821566,0.017643656872666207,0.01764365687251085,0.0176436568723555,0.017643656872200146,0.017643656872044795,0.017643656871889443,0.017643656871734095,0.017643656871578737,0.01764365687142339,0.017643656871268038,0.017643656871112696,0.01764365687095735,0.017643656870802004,0.017643656870646663,0.017643656870491322,0.01764365687033599,0.017643656870180643,0.01764365687002531,0.01764365686986998,0.01764365686971464,0.017643656869559304,0.017643656869403977,0.017643656869248642,0.017643656869093315,0.01764365686893799,0.017643656868782668,0.01764365686862734,0.017643656868472017,0.017643656868316697,0.017643656868161366,0.017643656868006046,0.017643656867850733,0.01764365686769542,0.017643656867540106,0.017643656867384793,0.017643656867229483,0.01764365686707417,0.017643656866918857,0.01764365686676355,0.017643656866608237,0.017643656866452927,0.017643656866297614,0.017643656866142318,0.017643656865987015,0.01764365686583172,0.017643656865676427,0.017643656865521124,0.017643656865365825,0.017643656865210532,0.017643656865055236,0.01764365686489994,0.01764365686474465,0.01764365686458936,0.017643656864434074,0.01764365686427879,0.0176436568641235,0.017643656863968224,0.017643656863812935,0.017643656863657653,0.017643656863502367,0.01764365686334709,0.01764365686319181
7,1.1208162620019493e-24,4.555474529270103e-24,9.294602558032126e-24,1.5068457044386583e-23,2.17292503787542e-23,2.907193163935707e-23,3.6958597288817253e-23,4.5280720665492095e-23,5.395150224670569e-23,6.290150481021961e-23,7.207516501490228e-23,8.142800840011127e-23,9.09244264947159e-23,1.0053590227952548e-22,1.1023959293746476e-22,1.2001719743438992e-22,1.2985405120035767e-22,1.3973840201970208e-22,1.4966083065002693e-22,1.5961378703288235e-22,1.6959121892618213e-22,1.7958827448936293e-22,1.896010640066786e-22,1.9962646897945113e-22,2.0966198914758255e-22,2.197056198589984e-22,2.297557538079147e-22,2.3981110225939265e-22,2.498706318815547e-22,2.5993351413635086e-22,2.6999908467182463e-22,2.800668107918261e-22,2.9013626535705633e-22,3.0020710587505573e-22,3.1027905772011584e-22,3.203519006825589e-22,3.304254581880028e-22,3.4049958864978062e-22,3.505741785413855e-22,3.6064913682574233e-22,3.7072439050848763e-22,3.807998810567847e-22,3.9087556153610268e-22,4.0095139431086393e-22,4.110273492086554e-22,4.2110340202816744e-22,4.311795333678729e-22,4.412557276704022e-22,4.51331972457405e-22,4.614082577265268e-22,4.71484575458502e-22,4.815609192196509e-22,4.916372838520879e-22,5.01713665220896e-22,5.117900600099658e-22,5.218664655603614e-22,5.319428797400414e-22,5.420193008378803e-22,5.520957274834363e-22,5.621721585795277e-22,5.722485932437822e-22,5.823250307670538e-22,5.924014705847422e-22,6.024779122422109e-22,6.12554355372912e-22,6.226307996878452e-22,6.3270724495070655e-22,6.427836909756885e-22,6.528601376091193e-22,6.629365847335147e-22,6.730130322489965e-22,6.830894800796316e-22,6.931659281630817e-22,7.0324237644794415e-22,7.133188248957221e-22,7.2339527347455125e-22,7.334717221567254e-22,7.435481709238344e-22,7.536246197588577e-22,7.637010686472735e-22,7.737775175800572e-22,7.838539665468981e-22,7.939304155422681e-22,8.040068645611063e-22,8.140833135960941e-22,8.241597626462766e-22,8.342362117090456e-22,8.443126607820046e-22,8.543891098608649e-22,8.64465558946666e-22,8.74542008038161e-22,8.846184571346471e-22,8.946949062325623e-22,9.047713553339642e-22,9.148478044384658e-22,9.249242535428296e-22,9.350007026520094e-22,9.450771517607556e-22,9.551536008714369e-22,9.652300499833786e-22,9.753064990949165e-22,9.85382948207877e-22,9.954593973219227e-22,1.0055358464352323e-21,1.0156122955475257e-21,1.0256887446628645e-21,1.0357651937773034e-21,1.0458416428907082e-21,1.05591809200714e-21,1.0659945411244453e-21,1.0760709902425413e-21,1.0861474393597818e-21,1.0962238884784075e-21,1.1063003375975384e-21,1.116376786717742e-21,1.1264532358387251e-21,1.1365296849590552e-21,1.1466061340799867e-21,1.1566825832018996e-21,1.1667590323246187e-21,1.1768354814460257e-21,1.1869119305668203e-21,1.1969883796899456e-21,1.2070648288123441e-21,1.2171412779359037e-21,1.2272177270583011e-21,1.2372941761815315e-21,1.2473706253059803e-21,1.2574470744309138e-21,1.2675235235566927e-21,1.2775999726836211e-21,1.2876764218095097e-21,1.297752870936047e-21,1.3078293200638467e-21,1.3179057691919776e-21,1.327982218319244e-21,1.338058667447392e-21,1.348135116575056e-21,1.3582115657049737e-21,1.3682880148338578e-21,1.378364463962402e-21,1.38844091309161e-21,1.3985173622214908e-21,1.4085938113524066e-21,1.418670260483734e-21,1.4287467096146057e-21,1.4388231587461103e-21,1.448899607878455e-21,1.4589760570130281e-21,1.4690525061469123e-21,1.4791289552815536e-21,1.4892054044170019e-21,1.499281853551647e-21,1.509358302687143e-21,1.5194347518235369e-21,1.5295112009591659e-21,1.5395876500958633e-21,1.549664099231469e-21,1.5597405483681548e-21,1.5698169975055158e-21,1.579893446643308e-21,1.5899698957820249e-21,1.6000463449186373e-21,1.6101227940561146e-21,1.6201992431944223e-21,1.6302756923336391e-21,1.6403521414733526e-21,1.6504285906139465e-21,1.66050503975261e-21,1.6705814888949872e-21,1.6806579380349933e-21,1.6907343871785395e-21,1.7008108363203933e-21,1.7108872854599635e-21,1.7209637346030515e-21,1.7310401837443437e-21,1.741116632889025e-21,1.7511930820342268e-21,1.761269531180157e-21,1.7713459803268215e-21,1.781422429474213e-21,1.791498878622492e-21,1.8015753277687233e-21,1.811651776918419e-21,1.821728226066131e-21,1.831804675214656e-21,1.841881124364054e-21,1.8519575735113517e-21,1.8620340226595336e-21,1.8721104718084107e-21,1.8821869209581063e-21,1.892263370108398e-21,1.9023398192594027e-21,1.9124162684113015e-21,1.9224927175615207e-21,1.9325691667125073e-21,1.9426456158639674e-21,1.9527220650163996e-21,1.962798514169246e-21,1.9728749633206127e-21,1.982951412474736e-21,1.9930278616298063e-21,2.0031043107830923e-21,2.0131807599369463e-21,2.0232572090922455e-21,2.033333658247572e-21,2.0434101074036335e-21,2.053486556558532e-21,2.0635630057141688e-21,2.07363945487037e-21,2.0837159040271927e-21,2.0937923531845225e-21,2.1038688023429634e-21,2.113945251501582e-21,2.12402170065876e-21,2.1340981498211287e-21,2.1441745989822813e-21,2.1542510481436325e-21,2.164327497305796e-21,2.1744039464683437e-21,2.1844803956299263e-21,2.1945568447919023e-21,2.2046332939543764e-21,2.2147097431177506e-21,2.2247861922815164e-21,2.234862641446111e-21,2.2449390906112737e-21,2.255015539775516e-21,2.2650919889400842e-21,2.2751684381051955e-21,2.2852448872712356e-21,2.2953213364378527e-21,2.305397785605254e-21,2.3154742347731508e-21,2.3255506839399473e-21,2.3356271331072817e-21,2.3457035822751593e-21,2.3557800314437046e-21,2.365856480613194e-21,2.3759329297811596e-21,2.3860093789498884e-21,2.3960858281210517e-21,2.4061622772909173e-21,2.416238726461781e-21,2.4263151756327674e-21,2.4363916248045987e-21,2.4464680739753757e-21,2.4565445231483126e-21,2.4666209723203133e-21,2.4766974214929865e-21,2.486773870665985e-21,2.4968503198381716e-21,2.506926769012672e-21,2.5170032181876118e-21,2.527079667361489e-21,2.537156116536239e-21,2.5472325657129932e-21,2.5573090148906874e-21,2.5673854640690485e-21,2.5774619132478877e-21,2.5875383624253242e-21,2.5976148116038614e-21,2.607691260782971e-21,2.6177677099626664e-21,2.627844159142779e-21,2.6379206083235974e-21,2.6479970575035587e-21,2.658073506684106e-21,2.6681499558651296e-21,2.6782264050465497e-21,2.6883028542273772e-21,2.698379303409845e-21,2.708455752591644e-21,2.7185322017739255e-21,2.7286086509570228e-21,2.7386851001422477e-21,2.74876154932647e-21,2.758837998511225e-21,2.768914447696739e-21,2.778990896881245e-21,2.789067346066275e-21,2.7991437952518658e-21,2.80922024443837e-21,2.8192966936253113e-21,2.8293731428128638e-21,2.8394495920011344e-21,2.8495260411898937e-21,2.859602490377726e-21,2.8696789395660873e-21,2.879755388755151e-21,2.889831837944827e-21,2.899908287135212e-21,2.909984736325935e-21,2.9200611855161256e-21,2.930137634706623e-21,2.9402140838992135e-21,2.9502905330909797e-21,2.960366982284515e-21,2.9704434314772936e-21,2.980519880672309e-21,2.9905963298648416e-21,3.0006727790595486e-21,3.0107492282531377e-21,3.0208256774492137e-21,3.0309021266442942e-21,3.040978575841336e-21,3.051055025036039e-21,3.0611314742342233e-21,3.0712079234299686e-21,3.0812843726280453e-21,3.091360821823494e-21,3.1014372710240433e-21,3.1115137202238274e-21,3.1215901694226778e-21,3.1316666186207993e-21,3.1417430678208463e-21,3.151819517020099e-21,3.161895966221269e-21,3.171972415421552e-21,3.182048864621127e-21,3.1921253138251825e-21,3.202201763028557e-21,3.2122782122339876e-21,3.222354661438402e-21,3.2324311106422913e-21,3.2425075598478e-21,3.252584009052704e-21,3.2626604582568482e-21,3.2727369074627618e-21,3.282813356668076e-21,3.2928898058751595e-21,3.302966255081644e-21,3.3130427042873147e-21,3.3231191534951372e-21,3.333195602704597e-21,3.343272051913487e-21,3.3533485011238742e-21,3.3634249503313778e-21,3.373501399540512e-21,3.3835778487490986e-21,3.393654297959712e-21,3.403730747171766e-21,3.413807196383164e-21,3.423883645594099e-21,3.433960094806595e-21,3.4440365440158e-21,3.454112993226818e-21,3.46418944243986e-21,3.474265891651975e-21,3.484342340863703e-21,3.49441879007682e-21,3.504495239289926e-21,3.514571688504438e-21,3.5246481377183774e-21,3.5347245869341795e-21,3.5448010361492194e-21,3.554877485366021e-21,3.5649539345822844e-21,3.57503038380033e-21,3.585106833015104e-21,3.595183282234105e-21,3.6052597314502855e-21,3.61533618067064e-21,3.6254126298877335e-21,3.635489079106755e-21,3.645565528327397e-21,3.655641977547248e-21,3.665718426768855e-21,3.675794875990022e-21,3.68587132521258e-21,3.69594777443483e-21,3.70602422365636e-21,3.7161006728796444e-21,3.7261771221047586e-21,3.736253571326761e-21,3.7463300205528534e-21,3.7564064697759476e-21,3.766482919000798e-21,3.7765593682253206e-21,3.786635817451334e-21,3.796712266676902e-21,3.806788715903869e-21,3.816865165130602e-21,3.826941614358607e-21,3.837018063586033e-21,3.84709451281308e-21,3.8571709620395945e-21,3.867247411269741e-21,3.877323860497588e-21,3.887400309729008e-21,3.897476758957596e-21,3.9075532081882525e-21,3.9176296574178964e-21,3.927706106649322e-21,3.937782555880139e-21,3.94785900511267e-21,3.957935454344424e-21,3.968011903575914e-21,3.978088352808701e-21,3.9881648020410706e-21,3.998241251273329e-21,4.008317700508856e-21,4.018394149744369e-21,4.0284705989809126e-21,4.038547048215043e-21,4.048623497450849e-21,4.058699946686163e-21,4.068776395922994e-21,4.078852845159156e-21,4.088929294397055e-21,4.0990057436343344e-21,4.109082192873429e-21,4.119158642113995e-21,4.1292350913519225e-21,4.139311540593424e-21,4.149387989832283e-21,4.159464439073029e-21,4.169540888313044e-21,4.1796173375548105e-21,4.1896937867957745e-21,4.199770236038462e-21,4.20984668528076e-21,4.2199231345245654e-21,4.229999583768125e-21,4.240076033012916e-21,4.2501524822572224e-21,4.2602289315011445e-21,4.270305380744995e-21,4.2803818299898554e-21,4.290458279234672e-21,4.3005347284805644e-21,4.3106111777262176e-21,4.320687626973187e-21,4.330764076219861e-21,4.3408405254679814e-21,4.3509169747156365e-21,4.360993423962724e-21,4.3710698732097806e-21,4.381146322459975e-21,4.3912227717098635e-21,4.40129922096112e-21,4.411375670210036e-21,4.421452119460374e-21,4.4315285687106115e-21,4.4416050179622945e-21,4.4516814672133215e-21,4.461757916465945e-21,4.471834365718067e-21,4.4819108149716506e-21,4.4919872642249134e-21,4.5020637134795974e-21,4.512140162733767e-21,4.522216611987606e-21,4.5322930612429505e-21,4.542369510499761e-21,4.5524459597560935e-21,4.56252240901206e-21,4.572598858267346e-21,4.582675307524543e-21,4.59275175678272e-21,4.602828206040986e-21,4.61290465530035e-21,4.622981104559742e-21,4.633057553818237e-21,4.643134003076643e-21,4.653210452338273e-21,4.663286901599428e-21,4.6733633508619505e-21,4.683439800123812e-21,4.693516249385595e-21,4.703592698647515e-21,4.713669147910481e-21,4.723745597172859e-21,4.733822046436804e-21,4.7438984957003074e-21,4.7539749449652696e-21,4.764051394229831e-21,4.774127843495671e-21,4.784204292761409e-21,4.794280742026548e-21,4.804357191291238e-21,4.814433640559475e-21,4.82451008982524e-21,4.834586539092446e-21,4.8446629883593876e-21,4.854739437625679e-21,4.86481588689362e-21,4.8748923361613104e-21,4.8849687854300996e-21,4.895045234700586e-21,4.905121683968691e-21,4.915198133238446e-21,4.9252745825091826e-21,4.9353510317800835e-21,4.945427481052e-21,4.955503930323852e-21,4.965580379595338e-21,4.975656828870072e-21,4.985733278142538e-21,4.995809727416394e-21,5.005886176689798e-21,5.01596262596482e-21,5.026039075237375e-21,5.036115524511638e-21,5.046191973785542e-21,5.0562684230621524e-21,5.066344872336917e-21,5.0764213216130265e-21,5.086497770892131e-21,5.096574220169567e-21,5.10665066944814e-21,5.1167271187265746e-21,5.126803568006142e-21,5.1368800172853035e-21,5.146956466565992e-21,5.1570329158445576e-21,5.1671093651243885e-21,5.1771858144038395e-21,5.1872622636864946e-21,5.1973387129688954e-21,5.2074151622527106e-21,5.217491611535951e-21,5.227568060819283e-21,5.2376445101017916e-21,5.247720959385839e-21,5.257797408669524e-21,5.2678738579544724e-21,5.277950307238944e-21,5.288026756525174e-21,5.2981032058092334e-21,5.3081796550962384e-21,5.318256104383052e-21,5.3283325536695164e-21,5.3384090029555735e-21,5.348485452243073e-21,5.358561901530367e-21,5.3686383508187085e-21,5.378714800107039e-21,5.388791249396572e-21,5.398867698685842e-21,5.40894414797657e-21,5.4190205972665876e-21,5.429097046558121e-21,5.439173495849413e-21,5.449249945140327e-21,5.4593263944308795e-21,5.469402843723e-21,5.47947929301485e-21,5.489555742307516e-21,5.499632191600481e-21,5.509708640894433e-21,5.519785090188318e-21,5.5298615394836496e-21,5.539937988778232e-21,5.5500144380743806e-21,5.560090887370054e-21,5.570167336665733e-21,5.580243785962737e-21,5.590320235259188e-21,5.6003966845567744e-21,5.6104731338545135e-21,5.6205495831535345e-21,5.630626032451932e-21,5.6407024817518985e-21,5.650778931051584e-21,5.660855380352477e-21,5.670931829652991e-21,5.6810082789547044e-21,5.6910847282562e-21,5.701161177557485e-21,5.71123762686002e-21,5.7213140761639404e-21,5.731390525465939e-21,5.7414669747693536e-21,5.751543424072483e-21,5.761619873376736e-21,5.771696322680734e-21,5.781772771986093e-21,5.79184922129116e-21,5.801925670597457e-21,5.812002119903362e-21,5.8220785692093e-21,5.8321550185149064e-21,5.842231467823376e-21,5.85230791713016e-21,5.86238436643792e-21,5.872460815748527e-21,5.8825372650560065e-21,5.892613714364418e-21,5.902690163674245e-21,5.912766612983942e-21,5.9228430622931294e-21,5.932919511603819e-21,5.9429959609142276e-21,5.953072410225977e-21,5.963148859537487e-21,5.973225308848289e-21,5.983301758160774e-21,5.993378207474577e-21,6.0034546567863876e-21,6.013531106099535e-21,6.023607555415397e-21,6.033684004730852e-21,6.043760454043261e-21,6.053836903358446e-21,6.0639133526747405e-21,6.0739898019923414e-21,6.084066251308373e-21,6.094142700624245e-21,6.104219149941093e-21,6.114295599260759e-21,6.1243720485771684e-21,6.1344484978951004e-21,6.144524947213923e-21,6.154601396533986e-21,6.164677845851128e-21,6.1747542951721915e-21,6.184830744494571e-21,6.194907193815203e-21,6.204983643139684e-21,6.215060092459971e-21,6.225136541781623e-21,6.2352129911042434e-21,6.245289440427923e-21,6.2553658897503675e-21,6.26544233907382e-21,6.2755187884011815e-21,6.285595237726996e-21,6.295671687051228e-21,6.3057481363766095e-21,6.315824585700303e-21,6.325901035025658e-21,6.335977484351981e-21,6.34605393367668e-21,6.356130383005344e-21,6.366206832334769e-21,6.376283281662989e-21,6.3863597309923764e-21,6.396436180322883e-21,6.406512629651573e-21,6.416589078981795e-21,6.4266655283129244e-21,6.436741977642871e-21,6.446818426976197e-21,6.456894876305653e-21,6.466971325638796e-21,6.477047774970726e-21,6.4871242243037856e-21,6.497200673635096e-21,6.507277122967825e-21,6.517353572301504e-21,6.527430021636305e-21,6.537506470969745e-21,6.5475829203041945e-21,6.55765936963997e-21,6.567735818976728e-21,6.577812268312084e-21,6.587888717648608e-21,6.5979651669862644e-21,6.6080416163250084e-21,6.618118065662247e-21,6.6281945149981504e-21,6.638270964337654e-21,6.6483474136760764e-21,6.6584238630152395e-21,6.668500312355627e-21,6.678576761697176e-21,6.688653211039662e-21,6.698729660381072e-21,6.7088061097234426e-21,6.71888255906705e-21,6.728959008411655e-21,6.7390354577548746e-21,6.749111907099075e-21,6.75918835644193e-21,6.7692648057884356e-21,6.779341255133939e-21,6.789417704477413e-21,6.79949415382248e-21,6.80957060316851e-21,6.819647052515492e-21,6.829723501861132e-21,6.839799951207999e-21,6.849876400555833e-21,6.859952849902277e-21,6.870029299249838e-21,6.880105748595927e-21,6.890182197945541e-21,6.900258647296603e-21,6.910335096645916e-21,6.92041154599652e-21,6.930487995345877e-21,6.940564444698703e-21,6.950640894050282e-21,6.96071734340027e-21,6.970793792751554e-21,6.980870242103912e-21,6.990946691457327e-21,7.00102314081165e-21,7.011099590164935e-21,7.021176039519085e-21,7.031252488874295e-21,7.041328938230963e-21,7.051405387585962e-21,7.06148183694458e-21,7.071558286299453e-21,7.081634735655143e-21,7.091711185012213e-21,7.101787634370537e-21,7.111864083727399e-21,7.121940533085232e-21,7.13201698244153e-21,7.142093431799311e-21,7.152169881157807e-21,7.162246330515235e-21,7.172322779875987e-21,7.182399229235616e-21,7.192475678594023e-21,7.202552127953353e-21,7.212628577316339e-21,7.222705026680056e-21,7.232781476040219e-21,7.24285792540396e-21,7.252934374768522e-21,7.263010824132019e-21,7.273087273494155e-21,7.283163722859681e-21,7.293240172226367e-21,7.303316621591706e-21,7.313393070955831e-21,7.32346952032325e-21,7.333545969689354e-21,7.343622419056657e-21,7.353698868422547e-21,7.363775317789474e-21,7.37385176715765e-21,7.383928216524559e-21,7.394004665895101e-21,7.40408111526395e-21,7.414157564634297e-21,7.424234014005466e-21,7.434310463377472e-21,7.444386912748628e-21,7.454463362118188e-21,7.464539811491154e-21,7.474616260865265e-21,7.484692710236063e-21,7.49476915960759e-21,7.504845608980206e-21,7.514922058353862e-21,7.524998507726224e-21,7.535074957101941e-21,7.545151406476472e-21,7.555227855852068e-21,7.565304305226566e-21,7.575380754604135e-21,7.585457203980517e-21,7.59553365335797e-21,7.605610102734085e-21,7.615686552111616e-21,7.625763001490047e-21,7.635839450869247e-21,7.645915900247695e-21,7.655992349626955e-21,7.666068799007075e-21,7.676145248388386e-21,7.68622169776846e-21,7.696298147147746e-21,7.706374596529833e-21,7.716451045910965e-21,7.726527495290484e-21,7.736603944673796e-21,7.746680394057648e-21,7.756756843442954e-21,7.766833292824563e-21,7.776909742209328e-21,7.786986191595272e-21,7.79706264098016e-21,7.807139090365855e-21,7.817215539750453e-21,7.827291989138136e-21,7.837368438525184e-21,7.847444887910541e-21,7.85752133729717e-21,7.867597786684662e-21,7.877674236073552e-21,7.887750685460794e-21,7.897827134849472e-21,7.907903584238867e-21,7.917980033627196e-21,7.928056483016586e-21,7.938132932407021e-21,7.948209381798382e-21,7.95828583119093e-21,7.968362280581966e-21,7.978438729972195e-21,7.988515179365376e-21,7.998591628759532e-21,8.008668078152717e-21,8.018744527547154e-21,8.028820976939985e-21,8.038897426336024e-21,8.048973875731098e-21,8.059050325124917e-21,8.069126774520066e-21,8.079203223916047e-21,8.089279673313044e-21,8.099356122711256e-21,8.10943257210781e-21,8.119509021505741e-21,8.129585470904577e-21,8.13966192030224e-21,8.149738369701126e-21,8.159814819100684e-21,8.169891268501645e-21,8.179967717899126e-21,8.190044167299892e-21,8.200120616701285e-21,8.210197066103944e-21,8.22027351550527e-21,8.230349964907842e-21,8.240426414311307e-21,8.250502863713596e-21,8.260579313116927e-21,8.270655762519483e-21,8.280732211922532e-21,8.290808661328753e-21,8.300885110731914e-21,8.310961560136245e-21,8.321038009541646e-21,8.331114458949867e-21,8.341190908357135e-21,8.35126735776328e-21,8.361343807170211e-21,8.371420256578256e-21,8.381496705985202e-21,8.391573155393178e-21,8.401649604802222e-21,8.41172605421222e-21,8.42180250362111e-21,8.43187895303105e-21,8.441955402441515e-21,8.45203185185338e-21,8.462108301262142e-21,8.47218475067189e-21,8.482261200082373e-21,8.49233764949399e-21,8.5024140989066e-21,8.512490548318291e-21,8.522566997732852e-21,8.532643447148602e-21,8.542719896561026e-21,8.552796345976665e-21,8.562872795391099e-21,8.572949244806565e-21,8.583025694221156e-21,8.593102143638517e-21,8.603178593054818e-21,8.613255042472088e-21,8.623331491888952e-21,8.633407941306091e-21,8.643484390724571e-21,8.653560840143341e-21,8.663637289561722e-21,8.673713738981131e-21,8.683790188401218e-21,8.693866637822208e-21,8.70394308724228e-21,8.71401953666316e-21,8.724095986083369e-21,8.734172435506262e-21,8.744248884928555e-21,8.754325334351402e-21,8.764401783775219e-21,8.774478233200011e-21,8.784554682621908e-21,8.794631132046714e-21,8.804707581472373e-21,8.81478403089689e-21,8.824860480322615e-21,8.834936929747448e-21,8.845013379172765e-21,8.855089828599557e-21,8.865166278027307e-21,8.87524272745371e-21,8.885319176881164e-21,8.895395626309753e-21,8.905472075739107e-21,8.91554852516763e-21,8.925624974597052e-21,8.935701424025527e-21,8.945777873456753e-21,8.955854322887056e-21,8.965930772316464e-21,8.976007221749001e-21,8.986083671181732e-21,8.996160120614317e-21,9.006236570047598e-21,9.016313019479943e-21,9.026389468915018e-21,9.036465918349234e-21,9.04654236778417e-21,9.056618817220012e-21,9.066695266655083e-21,9.076771716089171e-21,9.0868481655261e-21,9.096924614963651e-21,9.107001064400336e-21,9.117077513838268e-21,9.127153963275184e-21,9.137230412712933e-21,9.147306862151458e-21,9.157383311589244e-21,9.167459761027882e-21,9.177536210467405e-21,9.187612659907987e-21,9.197689109347612e-21,9.20776555878843e-21,9.217842008229914e-21,9.227918457672325e-21,9.23799490711407e-21,9.248071356556248e-21,9.258147805999812e-21,9.268224255442286e-21,9.278300704883808e-21,9.288377154325856e-21,9.298453603769179e-21,9.308530053213702e-21,9.318606502658954e-21,9.328682952104838e-21,9.33875940155041e-21,9.348835850996714e-21,9.358912300441964e-21,9.368988749887684e-21,9.379065199336774e-21,9.389141648784738e-21,9.399218098233798e-21,9.409294547681719e-21,9.41937099713054e-21,9.429447446580647e-21,9.439523896029376e-21,9.449600345479495e-21,9.459676794928707e-21,9.469753244378637e-21,9.479829693829198e-21,9.489906143281135e-21,9.499982592733678e-21,9.510059042187305e-21,9.520135491640048e-21,9.530211941093663e-21,9.54028839054653e-21,9.550364840001995e-21,9.560441289456313e-21,9.570517738910287e-21,9.580594188366597e-21,9.590670637823819e-21,9.600747087278374e-21,9.610823536733936e-21,9.62089998619183e-21,9.630976435651151e-21,9.641052885107426e-21,9.651129334565077e-21,9.661205784023314e-21,9.671282233482464e-21,9.681358682942544e-21,9.691435132401898e-21,9.701511581862002e-21,9.711588031323147e-21,9.721664480785257e-21,9.731740930246456e-21,9.741817379708616e-21,9.75189382917144e-21,9.761970278634722e-21,9.772046728097886e-21,9.782123177561541e-21,9.792199627026209e-21,9.802276076491965e-21,9.812352525954882e-21,9.822428975418738e-21,9.832505424885614e-21,9.842581874352745e-21,9.852658323817798e-21,9.862734773285688e-21,9.872811222754065e-21,9.882887672221767e-21,9.892964121690205e-21,9.903040571157966e-21,9.91311702062641e-21,9.923193470097692e-21,9.933269919566406e-21,9.94334636903576e-21,9.953422818506183e-21,9.963499267977474e-21,9.973575717448053e-21,9.983652166919216e-21,9.993728616391548e-21,1.0003805065865149e-20,1.0013881515337484e-20,1.0023957964808787e-20,1.0034034414282723e-20,1.0360223932093518e-08,2.0850398568852775e-08,3.1467840870653774e-08,4.221081552270359e-08,5.307835226973326e-08,6.407009908764563e-08,7.51862046304957e-08,8.642722444201335e-08,9.779404636368002e-08,1.092878313894664e-07,1.2090996691304948e-07,1.3266202989230416e-07,1.4454575793693408e-07,1.565630267158365e-07,1.6871583240116675e-07,1.8100627812211018e-07,1.934365636121014e-07,2.0600897739757355e-07,2.1872589101126607e-07,2.315897548199882e-07,2.4460309514168856e-07,2.577685123949377e-07,2.7108868007791316e-07,2.845663444168539e-07,2.982043245580651e-07,3.120055132052028e-07,3.2597287762429537e-07,3.4010946095672053e-07,3.5441838379308857e-07,3.6890284597207785e-07,3.835661285793158e-07,3.9841159612122195e-07,4.134426988628384e-07,4.286629753161505e-07,4.440760548735389e-07,4.5968566057823984e-07,4.7549561203521016e-07,4.91509828454858e-07,5.077323318353355e-07,5.241672502832542e-07,5.408188214772236e-07,5.576913962768892e-07,5.747894424832003e-07,5.921175487551129e-07,6.096804286887833e-07,6.274829250662752e-07,6.455300142807099e-07,6.638268109463458e-07,6.823785727013202e-07,7.011907052127198e-07,7.202687673936193e-07,7.396184768416815e-07,7.592457155103037e-07,7.791565356251444e-07,7.993571658564532e-07,8.198540177609254e-07,8.40653692506506e-07,8.617629878956775e-07,8.831889057008842e-07,9.049386593298245e-07,9.270196818373966e-07,9.494396343027814e-07,9.722064145892317e-07,9.953281665126357e-07,1.0188132894333678e-06,1.042670448300209e-06,1.0669085841683327e-06,1.0915369252208779e-06,1.1165649983156834e-06,1.1420026410946472e-06,1.167860014682613e-06,1.194147617010263e-06,1.220876296797744e-06,1.2480572682369814e-06,1.2757021264135306e-06,1.3038228635117813e-06,1.3324318858496055e-06,1.36154203179258e-06,1.3911665906021759e-06,1.4213193222713515e-06,1.4520144784121157e-06,1.4832668242586095e-06,1.5150916618550571e-06,1.547504854504506e-06,1.5805228525583377e-06,1.6141627206302832e-06,1.6484421663320471e-06,1.6833795706261e-06,1.7189940199035182e-06,1.755305339901747e-06,1.7923341315863706e-06,1.8301018091299534e-06,1.868630640130484e-06,1.907943788226252e-06,1.9480653582727475e-06,1.9890204442625827e-06,2.0308351801832097e-06,2.0735367940291087e-06,2.1171536651823062e-06,2.161715385429232e-06,2.2072528238657554e-06,2.2537981959913058e-06,2.3013851373041254e-06,2.3500487817438175e-06,2.3998258453547026e-06,2.4507547155767363e-06,2.5028755466115076e-06,2.556230361342237e-06,2.6108631603415085e-06,2.666820038541494e-06,2.724149310198635e-06,2.7829016428513692e-06,2.843130201017808e-06,2.904890800472721e-06,2.968242074021355e-06,3.0332456497651536e-06,3.099966342968109e-06,3.168472362748831e-06,3.2388355349379862e-06,3.3111315425777584e-06,3.385440185716823e-06,3.4618456623064217e-06,3.540436872225213e-06,3.6213077466511103e-06,3.704557605275478e-06,3.7902915441215333e-06,3.878620857045204e-06,3.969663494355224e-06,4.063544562402971e-06,4.160396868424073e-06,4.26036151547148e-06,4.363588552844302e-06,4.470237688086132e-06,4.580479067438656e-06,4.6944941324511865e-06,4.812476561520049e-06,4.934633306237863e-06,5.061185733807983e-06,5.192370888280978e-06,5.328442885167092e-06,5.469674456022041e-06,5.616358662003425e-06,5.768810798146915e-06,5.927370513384335e-06,6.092404175079377e-06,6.264307511311665e-06,6.443508569364551e-06,6.6304710350077965e-06,6.825697964456279e-06,7.029735989498066e-06,7.243180066559387e-06,7.466678852711653e-06,7.700940806272757e-06,7.946741127295371e-06,8.204929674460939e-06,8.476440020589563e-06,8.76229984021698e-06,9.06364286080589e-06,9.381722655766718e-06,9.717928614957586e-06,1.007380449916618e-05,1.0451070073400458e-05,1.0851646423479433e-05,1.1277685698615349e-05,1.1731606196470879e-05,1.221613392785579e-05,1.2734352079681348e-05,1.3289760156145093e-05,1.3886345045076711e-05,1.4528666863690559e-05,1.5221963234066985e-05,1.5972276689535435e-05,1.6786611311650546e-05,1.767312657414659e-05,1.8641378911719956e-05,1.937286698961302e-05,1.937286698961598e-05,1.9372866989620067e-05,1.9372866989638122e-05,2.0511588627246098e-05,2.1767861292258942e-05,2.31599658928787e-05,2.470993000268092e-05,2.644454433360436e-05,2.8396696371192505e-05,3.06071495423149e-05,3.312695193447587e-05,3.602074473486416e-05,3.937137272528029e-05,4.328641338789863e-05,4.790757416758885e-05,5.3424460657667504e-05,6.009513029756919e-05,6.827738391822623e-05,7.847448658533808e-05,9.142348297355608e-05,0.00010820324349439428,0.0001304494965828541,0.0001606904006649272,0.0002029029207477492,0.00026339856082668303,0.0003521165765582786,0.0004841604495811721,0.0006807522256773776,0.0006992052202053021,0.0009959114591589877,0.0014104606972943114,0.0019589186990536457,0.002643367337190976,0.0034540269492405675,0.004378523131173006,0.004666311383008898,0.005750459018382811,0.006973841082074933,0.008380010203683287,0.010010539769763984,0.011879716379886496,0.01396204593613354,0.01620005493830337,0.018522982592973938,0.020863630249720676,0.023167648472432252,0.025396006902338383,0.027523566731829863,0.029536200030087018,0.03142781909284095,0.03319786949296352,0.03484940913760185,0.03638771610626526,0.03781931629806431,0.03915132357440367,0.04039100404438093,0.04154549734434099,0.042621645999933594,0.04362589811180499,0.04456425904414353,0.045442275277452565,0.046265038862866224,0.047037204597296954,0.047763014592863556,0.04844632667768348,0.049090644278498054,0.049699146267696184,0.05027471582583266,0.05081996775630008,0.05133727394856524,0.051828786859446176,0.05229646099405534,0.05274207244036164,0.05316723655436446,0.0535734239172005,0.05396197469688763,0.05433411155120236,0.05469095120368651,0.055033514821116444,0.05536273731126524,0.05567947565144198,0.05598451634932342,0.05627858212702167,0.056562337912624376,0.056836396213285637,0.05710132193686508,0.05735763672196173,0.057605822830050314,0.05784632664644822,0.05807956183331284,0.05830591217163404,0.058525734125532504,0.058739359158707656,0.05894709582887622,0.05914923168418341,0.05934603498143534,0.059537756245116355,0.05972462968336666,0.059906874475269205,0.060084695942686124,0.06025828661779553,0.06042782721693014,0.06059348752960841,0.06075542723113358,0.060913796625814885,0.06106873732789858,0.06122038288514936,0.06136885935179114,0.06151428581332383,0.06165677487045514,0.06179643308285742,0.06193336137856099,0.06206765543087248,0.06219940600600621,0.06232869928395292,0.062455617154862565,0.06258023749300656,0.06270263441018972,0.062822878490447,0.06294103700740825,0.06305717412595718,0.06317135108916325,0.06328362639208926,0.06339405594309956,0.0635026932140237,0.06360958937976681,0.06371479344838994,0.06381835238234836,0.06392031121147367,0.06402071313845178,0.06411959963741837,0.06421701054584668,0.0643129841507429,0.0644075572690667,0.06450076532332218,0.06459264241205963,0.0646832213762598,0.06477253386141882,0.06486061037590828,0.06494748034592666,0.06503317216694086,0.06511771325224985,0.06520113007861783,0.06528344822929312,0.06536469243452969,0.06544488660987707,0.06552405389211646,0.06560221667355151,0.06567939663397397,0.06575561477131645,0.06583089143038946,0.06590524632998288,0.06597869858890879,0.06605126675043936,0.06612296880544717,0.06619382221450151,0.06626384392868277,0.06633305040961214,0.06640145764819995,0.06646908118264576,0.06653593611556544,0.06660203713019261,0.06666739850597943,0.06673203413317345,0.06679595752715306,0.06685918184169634,0.0669217198818619,0.06698358411624149,0.06704478668862665,0.06710533942921452,0.0671652538653252,0.06722454123161116,0.06728321247986706,0.06734127828839333,0.06739874907099559,0.06745563498560925,0.06751194594254624,0.0675676916124154,0.06762288143373225,0.06767752462021596,0.06773163016779207,0.0677852068613386,0.0678382632811597,0.06789080780919028,0.06794284863498068,0.06799439376149657,0.0680454510106131,0.06809602802847183,0.0681461322906181,0.06819577110695484,0.06824495162651666,0.06829368084202582,0.06834196559445445,0.06838981257707599,0.06843722833985788,0.06848421929325516,0.06853079171222545,0.0685769517396936,0.06862270539038369,0.06866805855426332,0.06871301699964132,0.06875758637674013,0.0688017722206503,0.06884557995439389,0.06888901489183515,0.06893208224058137,0.06897478710464904,0.06901713448720326,0.06905912929306483,0.06910077633123816,0.0691420803173312,0.06918304587580724,0.06922367754250741,0.0692639797665034,0.06930395691250228,0.06934361326276987,0.06938295301921348,0.06942198030526979,0.06946069916783511,0.06949911357911139,0.06953722743825416,0.0695750445733301,0.06961256874282049,0.0696498036371932,0.06968675288087589,0.06972342003329873,0.06975980859048407,0.06979592198680648,0.06983176359617684,0.0698673367334023,0.06990264465557237,0.0699376905633833,0.06997247760234039,0.07000700886398437,0.07004128738709345,0.0700753161589371,0.07010909811630679,0.07014263614660078,0.07017593308900259,0.07020899173529253,0.07024181483121907,0.0702744050772023,0.07030676512946286,0.07033889760075533,0.07037080506152264,0.07040249004070882,0.07043395502641017,0.07046520246711079,0.07049623477216602,0.07052705431282223,0.07055766342288713,0.07058806439954522,0.0706182595040777,0.07064825096255563,0.07067804096663123,0.07070763167422836,0.07073702521002787,0.07076622366638305,0.07079522910390584,0.07082404355188696,0.07085266900915028,0.07088110744454387,0.07090936079752173,0.07093743097875715,0.07096531987067047,0.07099302932792553,0.07102056117799878,0.0710479172217376,0.07107509923383047,0.07110210896326383,0.07112894813389586,0.07115561844481942,0.07118212157088123,0.07120845916322116,0.07123463284940362,0.0712606442343097,0.07128649490007348,0.07131218640687823,0.07133772029320415,0.0713630980762582,0.07138832125209515,0.07141339129644833,0.07143830966485211,0.0714630777929723,0.07148769709699515,0.07151216897395642,0.07153649480222395,0.07156067594162953,0.07158471373381917,0.07160860950269794,0.07163236455460015,0.07165598017873549,0.07167945764732266,0.0717027982160005,0.07172600312400776,0.07174907359457368,0.0717720108351209,0.07179481603757014,0.07181749037847975,0.07184003501956093,0.07186245110763681,0.07188473977503224,0.0719069021398991,0.0719289393062411,0.07195085236427358,0.07197264239065991,0.07199431044866722,0.07201585758847767,0.07203728484725744,0.07205859324949096,0.07207978380717656,0.07210085751989768,0.07212181537530273,0.07214265834886006,0.07216338740452115,0.07218400349446305,0.07220450755968283,0.07222490052988881,0.07224518332373529,0.07226535684909832,0.07228542200315861,0.07230537967250113,0.07232523073343551,0.0723449760520422,0.07236461648436081,0.07238415287652136,0.07240358606495444,0.07242291687645312,0.0724421461283654,0.0724612746287598,0.07248030317652414,0.07249923256146092,0.0725180635645408,0.0725367969580063,0.07255543350529399,0.07257397396146063,0.07259241907315768,0.07261076957874744,0.07262902620848086,0.07264718968452054,0.07266526072117258,0.07268324002492345,0.0727011282945808,0.07271892622134785,0.07273663448899956,0.07275425377392389,0.07277178474524983,0.07278922806495436,0.07280658438795609,0.07282385436221857,0.07284103862883759,0.07285813782214481,0.07287515256980387,0.07289208349290144,0.07290893120602727,0.07292569631737125,0.07294237942882108,0.07295898113601453,0.07297550202847013,0.07299194268967947,0.07300830369707714,0.07302458562221752,0.07304078903091478,0.07305691448313258,0.07307296253327303,0.07308893373005874,0.07310482861677724,0.07312064773122177,0.07313639160583425,0.07315206076775516,0.0731676557389291,0.07318317703608584,0.07319862517086181,0.07321400064989743,0.0732293039748397,0.07324453564245441,0.07325969614467517,0.07327478596861305,0.07328980559671576,0.07330475550676145,0.0733196361719222,0.07333444806084913,0.0733491916376926,0.07336386736219641,0.07337847568972965,0.07339301707133054,0.07340749195379394,0.07342190077973897,0.07343624398752772,0.07345052201152504,0.07346473528198334,0.0734788842251763,0.07349296926339982,0.07350699081506593,0.07352094929469637,0.07353484511304142,0.07354867867708431,0.07356245038998684,0.07357616065134506,0.073589809857094,0.07360339839956138,0.07361692666757155,0.07363039504637572,0.07364380391778275,0.07365715366024869,0.07367044464872555,0.07368367725491531,0.07369685184719785,0.07370996879067084,0.07372302844721793,0.07373603117555304,0.07374897733121448,0.07376186726655304,0.07377470133095321,0.07378747987072076,0.07380020322912967,0.07381287174646861,0.07382548576018062,0.07383804560467677,0.07385055161155037,0.07386300410953335,0.07387540342456253,0.07388774987978725,0.07390004379561316,0.07391228548971819,0.07392447527710207,0.07393661347010809,0.07394870037846395,0.07396073630924485,0.07397272156702005,0.07398465645375263,0.07399654126896661,0.07400837630964932,0.07402016187033499,0.07403189824312344,0.07404358571770533,0.07405522458140401,0.07406681511918242,0.07407835761367061,0.07408985234519824,0.0741012995918091,0.07411269962929543,0.0741240527312151,0.07413535916891123,0.07414661921156772,0.07415783312617873,0.07416900117760694,0.07418012362860404,0.07419120073982297,0.07420223276985256,0.07421321997521711,0.07422416261041197,0.07423506092793532,0.07424591517832467,0.07425672561007142,0.07426749246979278,0.07427821600215109,0.07428889644990289,0.07429953405391457,0.0743101290532005,0.07432068168493908,0.0743311921843901,0.07434166078515646,0.07435208771883284,0.07436247321542318,0.07437281750310318,0.07438312080832211,0.07439338335580709,0.07440360536856608,0.07441378706792476,0.07442392867353105,0.07443403040339652,0.074444092473872,0.07445411509971149,0.07446409849401335,0.0744740428683593,0.07448394843267213,0.07449381539535231,0.07450364396327151,0.0745134343417637,0.07452318673463179,0.07453290134416145,0.07454257837123761,0.07455221801518609,0.07456182047390415,0.07457138594384595,0.07458091462002515,0.0745904066960666,0.07459986236415286,0.07460928181511588,0.07461866523836795,0.07462801282203572,0.07463732475276758,0.07464660121599369,0.07465584239576831,0.07466504847482382,0.07467421963466182,0.07468335605535606,0.07469245791585125,0.07470152539375745,0.07471055866543985,0.074719557906005,0.07472852328938813,0.07473745498819646,0.07474635317393251,0.0747552180168647,0.07476404968611174,0.0747728483495365,0.07478161417388325,0.0747903473247651,0.07479904796663496,0.07480771626280588,0.0748163523754618,0.07482495646570206,0.07483352869350275,0.07484206921777099,0.07485057819627072,0.07485905578578847,0.07486750214191377,0.07487591741930588,0.07488430177153269,0.07489265535113455,0.07490097830959933,0.07490927079744909,0.07491753296412174,0.07492576495812336,0.07493396692693402,0.07494213901706684,0.07495028137405535,0.07495839414248451,0.07496647746594476,0.07497453148713094,0.07498255634771564,0.07499055218851608,0.07499851914939915,0.07500645736932067,0.0750143669863134,0.07502224813751966,0.07503010095916857,0.07503792558667044,0.07504572215447514,0.0750534907962226,0.07506123164461745,0.07506894483157542,0.07507663048813887,0.07508428874452612,0.07509191973010036,0.07509952357340303,0.07510710040215236,0.07511465034325165,0.07512217352282081,0.07512967006612956,0.0751371400977044,0.07514458374126136,0.07515200111974474,0.0751593923553134,0.07516675756934628,0.07517409688250942,0.07518141041466632,0.0751886982849522,0.07519596061175342,0.07520319751271987,0.07521040910476537,0.07521759550411104,0.075224756826204,0.0752318931858053,0.07523900469697754,0.0752460914730711,0.07525315362674104,0.07526019126995752,0.07526720451399577,0.07527419346946251,0.07528115824627372,0.0752880989536917,0.07529501570031066,0.07530190859406452,0.07530877774222804,0.07531562325144121,0.07532244522767313,0.07532924377631771,0.0753360190020706,0.0753427710090232,0.07534949990061805,0.07535620577975843,0.07536288874866001,0.0753695489089392,0.07537618636163468,0.07538280120716581,0.07538939354536102,0.07539596347545977,0.0754025110961235,0.07540903650542255,0.0754155398008481,0.07542202107931782,0.07542848043721348,0.07543491797031933,0.07544133377387195,0.07544772794254354,0.07545410057046441,0.07546045175122326,0.07546678157785294,0.07547309014286707,0.07547937753825769,0.07548564385539973,0.0754918891852384,0.07549811361816146,0.07550431724403492,0.07551050015221468,0.07551666243154502,0.07552280417038469,0.07552892545655543,0.07553502637739393,0.07554110701973278,0.0755471674699352,0.07555320781385605,0.07555922813688229,0.07556522852386628,0.07557120905924884,0.0755771698269717,0.07558311091049905,0.0755890323928411,0.07559493435653768,0.07560081688366663,0.07560668005586779,0.07561252395426868,0.07561834865960389,0.07562415425214926,0.07562994081174937,0.07563570841773672,0.07564145714908255,0.07564718708429709,0.07565289830146356,0.07565859087823733,0.07566426489183394,0.0756699204190582,0.07567555753630151,0.07568117631953386,0.07568677684429015,0.0756923591857239,0.07569792341856896,0.07570346961715754,0.07570899785541561,0.07571450820687567,0.07572000074466555,0.07572547554157377,0.07573093266986361,0.07573637220152715,0.07574179420815594,0.07574719876091891,0.07575258593063683,0.07575795578775014,0.07576330840231374,0.07576864384401226,0.07577396218215833,0.07577926348571459,0.07578454782325393,0.07578981526301069,0.07579506587283773,0.07580029972025745,0.075805516872401,0.07581071739607548,0.07581590135774169,0.0758210688234749,0.07582621985904402,0.07583135452985587,0.07583647290099513,0.07584157503718558,0.07584666100283088,0.07585173086198307,0.07585678467839184,0.07586182251543772,0.07586684443624565,0.07587185050350526,0.07587684077967553,0.07588181532685964,0.07588677420684506,0.07589171748109833,0.07589664521078794,0.07590155745675724,0.07590645427953852,0.0759113357393644,0.0759162018961531,0.07592105280952204,0.0759258885387872,0.07593070914296665,0.07593551468076681,0.07594030521062933,0.0759450807906487,0.0759498414786865,0.0759545873322673,0.07595931840865608,0.07596403476480423,0.0759687364574374,0.07597342354292022,0.0759780960773812,0.07598275411665541,0.07598739771630918,0.0759920269316239,0.07599664181761843,0.0760012424290313,0.07600582882032776,0.076010401045718,0.07601495915912347,0.07601950321420137,0.07602403326438585,0.07602854936281123,0.0760330515623624,0.07603753991563292,0.07604201447501292,0.07604647529260437,0.0760509224202607,0.07605535590958495,0.07605977581194992,0.07606418217845755,0.07606857505995786,0.07607295450702498,0.07607732057005512,0.07608167329917455,0.07608601274424544,0.07609033895493633,0.076094651980629,0.07609895187049666,0.07610323867347887,0.0761075124382534,0.0761117732133004,0.07611602104683461,0.07612025598686324,0.07612447808116186,0.07612868737727697,0.07613288392252861,0.07613706776514059,0.07614123895092927,0.0761453975264785,0.07614954353815336,0.07615367703218129,0.0761577980545782,0.07616190665111666,0.07616600286735829,0.07617008674865816,0.07617415834015687,0.07617821768678748,0.07618226483325827,0.07618629982408315,0.07619032270356302,0.07619433351579194,0.07619833230466833,0.07620231911387719,0.07620629398690663,0.0762102569670397,0.07621420809736044,0.07621814742075955,0.07622207497992636,0.07622599081732191,0.07622989497526524,0.07623378749585275,0.07623766842100006,0.07624153779242118,0.07624539565164044,0.07624924204001661,0.07625307699865531,0.0762569005685295,0.07626071279042416,0.07626451370492805,0.07626830335244418,0.0762720817731858,0.07627584900719755,0.07627960509433862,0.07628335007428177,0.07628708398653328,0.07629080687041011,0.0762945187650608,0.07629821970944863,0.07630190974236968,0.07630558890244106,0.07630925722811636,0.07631291475766763,0.076316561529194,0.07632019758064447,0.07632382294976649,0.0763274376741734,0.07633104179128712,0.07633463533837213,0.07633821835254483,0.07634179087070452,0.07634535292965125,0.0763489045659701,0.07635244581614248,0.07635597671644258,0.07635949730300025,0.07636300761177801,0.07636650767858975,0.07636999753909371,0.07637347722878506,0.07637694678301137,0.07638040623695472,0.07638385562565425,0.07638729498399081,0.07639072434670043,0.07639414374836247,0.07639755322339983,0.07640095280610368,0.07640434253060593,0.07640772243088244,0.07641109254077712,0.07641445289398449,0.07641780352404202,0.07642114446435055,0.0764244757481926,0.07642779740866966,0.07643110947875302,0.07643441199128177,0.07643770497892878,0.0764409884742735,0.07644426250971512,0.0764475271175566,0.07645078232989466,0.07645402817874844,0.07645726469598123,0.0764604919133453,0.07646370986239674,0.07646691857461306,0.07647011808131966,0.0764733084137242,0.07647648960288146,0.07647667807221142,0.07647676925306893,0.07647681133905297,0.07647682866296113,0.07647683353147416,0.07647683216974398,0.07647682772608502,0.07647682179194487,0.07647681517098687,0.07647680826826334,0.0764768012871454,0.07647679432897156,0.07647678744346907,0.07647678065426587,0.07647677397179975,0.07647676739985107,0.07647676093884845,0.07647675458754352,0.07647674834385904,0.07647674220531932,0.07647673616926927,0.07647673023298635,0.07647672439373773,0.07647671864881032,0.07647671299552657,0.07647670743125277,0.07647670195340404,0.07647669655944662,0.07647669124689997,0.07647668601333717,0.07647668085638593,0.07647667577372855,0.07647667076310209,0.07647666582229831,0.0764766609491634,0.07647665614159771,0.07647665139755518,0.07647664671504291,0.07647664209212063,0.0764766375269,0.07647663301754375,0.07647662856226527,0.07647662415932746,0.07647661980704204,0.07647661550376869,0.07647661124791404,0.07647660703793088,0.07647660287231724,0.07647659874961522,0.0764765946684103,0.07647659062733025,0.07647658662504415,0.07647658266026143,0.0764765787317309,0.07647657483823986,0.0764765709786129,0.07647656715171132,0.07647656335643187,0.07647655959170592,0.07647655585649862,0.07647655214980785,0.07647654847066343,0.07647654481812614,0.07647654119128694,0.07647653758926612,0.07647653401121236,0.076476530456302,0.07647652692373821,0.07647652341275021,0.07647651992259241,0.07647651645254393,0.07647651300190741,0.07647650957000877,0.07647650615619617,0.07647650275983948,0.07647649938032951,0.0764764960170776,0.07647649266951459,0.0764764893370906,0.07647648601927412,0.07647648271555164,0.07647647942542704,0.0764764761484208,0.07647647288406988,0.07647646963192686,0.07647646639155965,0.07647646316255062,0.07647645994449677,0.07647645673700866,0.07647645353971023,0.07647645035223831,0.07647644717424228,0.07647644400538355,0.07647644084533516,0.07647643769378148,0.07647643455041778,0.07647643141494984,0.07647642828709367,0.07647642516657514,0.07647642205312957,0.0764764189465016,0.07647641584644466,0.07647641275272078,0.07647640966510037,0.07647640658336174,0.07647640350729112,0.07647640043668208,0.0764763973713354,0.07647639431105899,0.07647639125566735,0.07647638820498166,0.07647638515882922,0.07647638211704362,0.07647637907946407,0.07647637604593571,0.07647637301630893,0.07647636999043951,0.07647636696818833,0.07647636394942121,0.0764763609340086,0.07647635792182578,0.07647635491275229,0.07647635190667197,0.07647634890347285,0.07647634590304687,0.07647634290528993,0.07647633991010154,0.07647633691738488,0.07647633392704647,0.07647633093899632,0.07647632795314764,0.07647632496941664,0.07647632198772257,0.07647631900798786,0.07647631603013719,0.07647631305409842,0.07647631007980178,0.0764763071071801,0.07647630413616865,0.07647630116670494,0.07647629819872882,0.07647629523218237,0.07647629226700962,0.07647628930315677,0.07647628634057188,0.07647628337920495,0.07647628041900784,0.07647627745993406,0.07647627450193892,0.07647627154497934,0.07647626858901369,0.07647626563400209,0.07647626267990594,0.07647625972668795,0.07647625677431273,0.07647625382274574,0.07647625087195378,0.07647624792190487,0.07647624497256839,0.07647624202391459,0.076476239075915,0.07647623612854221,0.07647623318176974,0.07647623023557219,0.0764762272899252,0.07647622434480492,0.07647622140018878,0.07647621845605497,0.0764762155123825,0.07647621256915112,0.07647620962634141,0.07647620668393448,0.07647620374191254,0.07647620080025827,0.07647619785895489,0.07647619491798649,0.07647619197733756,0.07647618903699338,0.07647618609693961,0.07647618315716258,0.07647618021764922,0.07647617727838683,0.07647617433936313,0.07647617140056653,0.07647616846198585,0.07647616552361017,0.07647616258542939,0.07647615964743326,0.07647615670961241,0.07647615377195757,0.07647615083446002,0.07647614789711116,0.076476144959903,0.07647614202282775,0.0764761390858779,0.07647613614904629,0.0764761332123259,0.07647613027571044,0.07647612733919347,0.07647612440276888,0.07647612146643087,0.07647611853017393,0.07647611559399269,0.0764761126578821,0.07647610972183719,0.0764761067858534,0.0764761038499262,0.07647610091405128,0.07647609797822465,0.07647609504244225,0.07647609210670044,0.07647608917099565,0.07647608623532474,0.07647608329968412,0.07647608036407054,0.07647607742848118,0.07647607449291327,0.0764760715573641,0.07647606862183105,0.07647606568631174,0.07647606275080382,0.07647605981530509,0.07647605687981342,0.07647605394432683,0.07647605100884339,0.07647604807336134,0.07647604513787895,0.07647604220239478,0.07647603926690714,0.07647603633141441,0.07647603339591538,0.07647603046040873,0.07647602752489324,0.07647602458936785,0.07647602165383133,0.07647601871828279,0.07647601578272115,0.0764760128471456,0.0764760099115556,0.07647600697595007,0.07647600404032799,0.07647600110468865,0.07647599816903201,0.07647599523335721,0.07647599229766353,0.0764759893619508,0.0764759864262184,0.07647598349046612,0.07647598055469328,0.07647597761889965,0.07647597468308492,0.07647597174724882,0.07647596881139118,0.076475965875512,0.07647596293961056,0.07647596000368699,0.0764759570677412,0.07647595413177302,0.07647595119578247,0.07647594825976924,0.07647594532373356,0.07647594238767548,0.07647593945159487,0.07647593651549181,0.07647593357936634,0.07647593064321853,0.0764759277070484,0.07647592477085624,0.07647592183464196,0.07647591889840567,0.07647591596214777,0.07647591302586818,0.0764759100895672,0.07647590715324495,0.07647590421690142,0.07647590128053726,0.07647589834415237,0.07647589540774694,0.07647589247132143,0.07647588953487586,0.0764758865984107,0.07647588366192584,0.07647588072542204,0.07647587778889932,0.07647587485235802,0.07647587191579829,0.07647586897922048,0.07647586604262471,0.07647586310601162,0.07647586016938139,0.0764758572327342,0.07647585429607054,0.07647585135939061,0.07647584842269471,0.07647584548598321,0.07647584254925634,0.07647583961251458,0.07647583667575814,0.0764758337389875,0.07647583080220287,0.0764758278654045,0.0764758249285928,0.07647582199176806,0.07647581905493071,0.07647581611808102,0.0764758131812194,0.07647581024434615,0.0764758073074615,0.07647580437056577,0.07647580143366006,0.07647579849674416,0.07647579555981768,0.07647579262288187,0.07647578968593663,0.07647578674898241,0.07647578381201965,0.07647578087504857,0.07647577793806948,0.07647577500108309,0.07647577206408908,0.07647576912708812,0.07647576619008058,0.0764757632530668,0.07647576031604705,0.07647575737902172,0.07647575444199116,0.07647575150495556,0.0764757485679153,0.07647574563087069,0.07647574269382208,0.07647573975676975,0.076475736819714,0.0764757338826552,0.07647573094559347,0.07647572800852943,0.07647572507146318,0.0764757221343951,0.07647571919732546,0.07647571626025458,0.07647571332318276,0.0764757103861104,0.07647570744903745,0.07647570451196407,0.0764757015748914,0.07647569863781935,0.07647569570074797,0.07647569276367769,0.07647568982660878,0.07647568688954115,0.07647568395247584,0.07647568101541269,0.07647567807835236,0.07647567514129446,0.07647567220423944,0.07647566926718734,0.07647566633013927,0.076475663393095,0.07647566045605488,0.07647565751901944,0.0764756545819883,0.07647565164496183,0.07647564870794052,0.07647564577092444,0.07647564283391406,0.07647563989690953,0.0764756369599109,0.07647563402291858,0.0764756310859329,0.07647562814895499,0.07647562521198342,0.07647562227501854,0.0764756193380618,0.07647561640111179,0.07647561346417019,0.0764756105272365,0.07647560759031151,0.07647560465339621,0.07647560171648858,0.07647559877958998,0.07647559584270097,0.07647559290581986,0.07647558996894967,0.07647558703208902,0.07647558409523764,0.07647558115839755,0.07647557822156852,0.07647557528474946,0.07647557234794145,0.07647556941114445,0.07647556647435655,0.0764755635375823,0.07647556060081968,0.07647555766406886,0.07647555472733003,0.07647555179060331,0.07647554885388902,0.07647554591718736,0.07647554298049826,0.07647554004382212,0.07647553710715894,0.07647553417050895,0.0764755312338728,0.07647552829725018,0.07647552536064091,0.07647552242404589,0.07647551948746492,0.07647551655089811,0.07647551361434567,0.07647551067780776,0.07647550774128478,0.07647550480477697,0.07647550186828365,0.0764754989318053,0.07647549599534276,0.07647549305889575,0.07647549012246431,0.07647548718604866,0.07647548424964892,0.07647548131326526,0.07647547837689783,0.07647547544054674,0.07647547250421205,0.07647546956789406,0.07647546663159249,0.07647546369530814,0.07647546075904149,0.07647545782279117,0.07647545488655826,0.07647545195034326,0.0764754490141445,0.0764754460779643,0.07647544314180187,0.07647544020565734,0.07647543726953084,0.07647543433342252,0.07647543139733247,0.0764754284612608,0.07647542552520814,0.07647542258917316,0.07647541965315727,0.07647541671715967,0.07647541378118082,0.07647541084522252,0.07647540790928134,0.07647540497336092,0.07647540203746005,0.07647539910157858,0.07647539616571764,0.07647539322987551,0.0764753902940535,0.07647538735825114,0.07647538442246876,0.07647538148670514,0.07647537855096284,0.07647537561523791,0.07647537267953664,0.07647536974385553,0.07647536680819529,0.07647536387255786,0.07647536093693896,0.07647535800134127,0.07647535506576901,0.0764753521302133,0.07647534919467888,0.0764753462591653,0.07647534332367342,0.07647534038820299,0.07647533745275349,0.07647533451732601,0.07647533158191998,0.07647532864653665,0.07647532571117285,0.07647532277583223,0.07647531984051388,0.0764753169052177,0.07647531396994392,0.0764753110346913,0.07647530809946146,0.07647530516425362,0.07647530222906834,0.07647529929390573,0.07647529635876572,0.07647529342364838,0.0764752904885538,0.07647528755348192,0.07647528461843282,0.07647528168340974,0.07647527874840669,0.07647527581342663,0.07647527287846977,0.07647526994353607,0.07647526700862547,0.07647526407373752,0.07647526113887328,0.0764752582040328,0.07647525526921592,0.0764752523344231,0.07647524939965385,0.0764752464649098,0.07647524353018788,0.07647524059548622,0.0764752376608116,0.07647523472616122,0.07647523179153179,0.0764752288569284,0.07647522592235009,0.07647522298779241,0.07647522005326245,0.0764752171187567,0.07647521418427525,0.07647521124981793,0.07647520831538523,0.07647520538097716,0.0764752024465934,0.07647519951223426,0.07647519657789972,0.07647519364358983,0.07647519070930424,0.07647518777504414,0.07647518484080872,0.07647518190659794,0.076475178972411,0.07647517603825035,0.07647517310411432,0.07647517017000328,0.0764751672359173,0.07647516430185668,0.07647516136782133,0.07647515843381249,0.07647515549982796,0.07647515256586804,0.07647514963193412,0.0764751466980257,0.0764751437641421,0.0764751408302844,0.07647513789645131,0.0764751349626424,0.07647513202886028,0.07647512909510422,0.07647512616137328,0.07647512322766875,0.07647512029399015,0.0764751173603374,0.0764751144267101,0.07647511149310951,0.0764751085595339,0.07647510562598386,0.07647510269245944,0.0764750997589616,0.07647509682549003,0.07647509389204449,0.07647509095862501,0.07647508802523166,0.0764750850918642,0.07647508215852315,0.07647507922520831,0.07647507629191969,0.0764750733586574,0.07647507042542138,0.07647506749221131,0.076475064559028,0.07647506162587067,0.07647505869273973,0.07647505575963526,0.07647505282655724,0.07647504989350573,0.07647504696048071,0.07647504402748376,0.07647504109451195,0.07647503816156222,0.07647503522864366,0.07647503229575162,0.0764750293628865,0.07647502643004844,0.076475023497238,0.07647502056444713,0.0764750176316862,0.07647501469895507,0.07647501176625088,0.0764750088335734,0.07647500590092282,0.07647500296829948,0.0764750000357027,0.07647499710313298,0.07647499417059096,0.07647499123807444,0.07647498830557847,0.07647498537311767,0.07647498244068351,0.07647497950827693,0.07647497657589673,0.07647497364354364,0.07647497071121755,0.0764749677789188,0.07647496484664743,0.07647496191440309,0.07647495898218841,0.07647495604999831,0.07647495311783574,0.07647495018569726,0.07647494725358928,0.07647494432150963,0.07647494138945493,0.076474938457429,0.07647493552543244,0.07647493259346134,0.07647492966151803,0.07647492672960178,0.07647492379771305,0.07647492086585228,0.07647491793401745,0.07647491500220559,0.07647491207042688,0.07647490913867573,0.0764749062069521,0.07647490327525623,0.0764749003435907,0.07647489741194981,0.07647489448033637,0.07647489154875088,0.07647488861719233,0.0764748856856644,0.0764748827541621,0.07647487982269054,0.07647487689124388,0.07647487395982476,0.07647487102843299,0.07647486809707063,0.0764748651657347,0.07647486223442652,0.0764748593031461,0.07647485637189352,0.0764748534406663,0.0764748505094663,0.0764748475782972,0.0764748446471561,0.07647484171604291,0.07647483878495741,0.0764748358539,0.07647483292287037,0.07647482999187269,0.07647482706089873,0.07647482412995214,0.0764748211990342,0.07647481826814437,0.07647481533728541,0.07647481240645108,0.07647480947564415,0.0764748065448667,0.07647480361411817,0.07647480068339674,0.07647479775270509,0.07647479482203733,0.07647479189140112,0.0764747889607922,0.07647478603021304,0.0764747830996561,0.0764747801691312,0.07647477723863431,0.07647477430816561,0.07647477137772757,0.0764747684473194,0.07647476551693097,0.07647476258657494,0.0764747596562472,0.07647475672594814,0.07647475379567674,0.07647475086542906,0.0764747479352146,0.0764747450050305,0.0764747420748718,0.07647473914474152,0.07647473621463945,0.0764747332845674,0.07647473035452254,0.07647472742450921,0.07647472449452251,0.07647472156456192,0.0764747186346296,0.07647471570472941,0.07647471277485393,0.07647470984500679,0.07647470691518518,0.07647470398539467,0.07647470105563403,0.07647469812590031,0.07647469519619626,0.07647469226651946,0.07647468933686971,0.07647468640724936,0.07647468347765751,0.07647468054809385,0.07647467761855888,0.07647467468905222,0.07647467175958475,0.07647466883013522,0.07647466590071397,0.07647466297132109,0.07647466004195809,0.07647465711262186,0.07647465418331428,0.07647465125403502,0.07647464832478416,0.07647464539556353,0.07647464246637,0.07647463953720396,0.07647463660805859,0.07647463367895216,0.07647463074987249,0.07647462782082924,0.07647462489180613,0.07647462196281032,0.07647461903384525,0.07647461610490858,0.07647461317600007,0.07647461024712218,0.07647460731827083,0.0764746043894527,0.0764746014606579,0.07647459853188929,0.07647459560315824,0.0764745926744496,0.07647458974576651,0.076474586817109,0.07647458388848635,0.07647458095989404,0.07647457803132827,0.0764745751027903,0.07647457217428211,0.07647456924580218,0.07647456631735221,0.07647456338893392,0.07647456046054,0.07647455753218263,0.07647455460384517,0.07647455167553682,0.07647454874725794,0.07647454581900748,0.0764745428907856,0.07647453996259247,0.07647453703443403,0.07647453410629436,0.07647453117819361,0.07647452825011268,0.07647452532206815,0.07647452239404616,0.0764745194660535,0.07647451653809277,0.07647451361015732,0.07647451068224968,0.07647450775436776,0.07647450482652018,0.07647450189869937,0.07647449897090743,0.07647449604314142,0.07647449311540698,0.07647449018770167,0.0764744872600261,0.07647448433237602,0.07647448140475634,0.07647447847716399,0.07647447554960143,0.07647447262207423,0.07647446969456932,0.07647446676709199,0.07647446383964471,0.07647446091223147,0.07647445798484113,0.07647445505747955,0.07647445213015201,0.07647444920285035,0.07647444627557559,0.07647444334832953,0.07647444042111223,0.07647443749392374,0.07647443456676398,0.07647443163963764,0.07647442871253562,0.07647442578546218,0.07647442285841745,0.07647441993139781,0.0764744170044107,0.07647441407745212,0.07647441115052368,0.07647440822363968,0.07647440529676697,0.07647440236992374,0.07647439944310928,0.07647439651632355,0.07647439358956694,0.07647439066283984,0.07647438773614319,0.07647438480947268,0.07647438188283105,0.07647437895621956,0.07647437602965018,0.07647437310309461,0.07647437017656819,0.07647436725007142,0.07647436432360315,0.0764743613971641,0.07647435847075303,0.07647435554436832,0.07647435261801482,0.07647434969169004,0.07647434676539418,0.07647434383912713,0.07647434091288784,0.07647433798667823,0.0764743350604973,0.07647433213434558,0.07647432920822321,0.07647432628212915,0.07647432335606472,0.07647432043002833,0.07647431750402078,0.07647431457804246,0.07647431165209276,0.07647430872617174,0.07647430580027956,0.07647430287441684,0.07647429994858397,0.07647429702277378,0.07647429409699712,0.07647429117124915,0.07647428824553008,0.07647428531983984,0.07647428239417785,0.07647427946854725,0.07647427654294361,0.07647427361736876,0.07647427069182285,0.07647426776630578,0.07647426484081853,0.076474261915358,0.07647425898992193,0.07647425606452112,0.07647425313914415,0.07647425021380026,0.0764742472884852,0.07647424436319906,0.07647424143794175,0.07647423851271382,0.07647423558751436,0.07647423266234545,0.07647422973720452,0.07647422681209187,0.07647422388700781,0.07647422096195426,0.076474218036927,0.07647421511192953,0.07647421218696102,0.07647420926202445,0.07647420633711727,0.07647420341223538,0.07647420048738209,0.07647419756255798,0.07647419463776349,0.07647419171299716,0.07647418878825957,0.07647418586354954,0.07647418293886982,0.07647418001421871,0.0764741770895965,0.0764741741650038,0.07647417124043969,0.07647416831590445,0.07647416539139873,0.07647416246693459,0.07647415954248603,0.0764741566180668,0.07647415369367601,0.07647415076931441,0.07647414784498141,0.07647414492067395,0.07647414199639872,0.07647413907215253,0.07647413614792817,0.07647413322374037,0.0764741302995833,0.07647412737545262,0.07647412445135116,0.07647412152727825,0.07647411860323425,0.07647411567921757,0.07647411275523187,0.07647410983127557,0.07647410690734657,0.07647410398344656,0.07647410105957594,0.07647409813573348,0.07647409521192096,0.07647409228813694,0.0764740893643852,0.07647408644065917,0.07647408351696196,0.07647408059329307,0.07647407766965263,0.07647407474604201,0.07647407182246176,0.07647406889890913,0.07647406597538259,0.07647406305188804,0.07647406012842212,0.07647405720498503,0.07647405428157916,0.0764740513582,0.07647404843484974,0.076474045511524,0.07647404258823157,0.07647403966496867,0.0764740367417341,0.07647403381852844,0.0764740308953522,0.07647402797220386,0.07647402504908661,0.07647402212599799,0.07647401920293845,0.07647401627990588,0.07647401335690192,0.07647401043391992,0.07647400751097443,0.07647400458805689,0.07647400166516977,0.07647399874231102,0.07647399581948175,0.07647399289668085,0.07647398997390867,0.07647398705116558,0.07647398412845145,0.07647398120576619,0.07647397828310477,0.07647397536047311,0.07647397243787418,0.07647396951530458,0.0764739665927639,0.07647396367025336,0.07647396074776493,0.07647395782531308,0.0764739549028881,0.07647395198049102,0.07647394905812731,0.07647394613578973,0.0764739432134804,0.07647394029120176,0.07647393736894806,0.07647393444672547,0.07647393152453258,0.07647392860236817,0.07647392568023234,0.07647392275812552,0.07647391983604741,0.07647391691399923,0.07647391399197884,0.07647391106998183,0.0764739081480195,0.07647390522608585,0.07647390230418301,0.0764738993823015,0.07647389646045485,0.07647389353863684,0.07647389061684988,0.07647388769509295,0.07647388477336178,0.07647388185166065,0.07647387892998797,0.0764738760083421,0.07647387308672715,0.07647387016513972,0.07647386724357678,0.07647386432204827,0.07647386140054853,0.07647385847907792,0.07647385555762864,0.07647385263621546,0.07647384971483152,0.07647384679347434,0.0764738438721483,0.07647384095085087,0.07647383802958274,0.0764738351083434,0.07647383218713301,0.07647382926595073,0.07647382634479803,0.07647382342367386,0.07647382050257913,0.0764738175815139,0.07647381466047694,0.0764738117394686,0.0764738088184898,0.07647380589753323,0.07647380297661177,0.07647380005572141,0.0764737971348575,0.07647379421402396,0.0764737912932184,0.07647378837244177,0.07647378545169355,0.07647378253096636,0.07647377961027646,0.0764737766896155,0.07647377376898307,0.0764737708483802,0.07647376792780598,0.07647376500726047,0.07647376208674406,0.07647375916625639,0.07647375624579743,0.07647375332536237,0.07647375040495386,0.07647374748458152,0.07647374456423252,0.07647374164391327,0.07647373872362818,0.07647373580337201,0.07647373288314481,0.07647372996294065,0.07647372704277214,0.07647372412263179,0.07647372120252055,0.07647371828243796,0.07647371536238252,0.07647371244235718,0.07647370952236181,0.07647370660239479,0.07647370368245679,0.07647370076254922,0.07647369784266897,0.07647369492281764,0.0764736920029956,0.0764736890832021,0.07647368616343062,0.0764736832436944,0.0764736803239879,0.07647367740430394,0.07647367448465671,0.07647367156502936,0.07647366864543854,0.0764736657258763,0.07647366280633622,0.07647365988682892,0.07647365696735342,0.0764736540479069,0.07647365112849015,0.07647364820910628,0.07647364528974004,0.07647364237040377,0.07647363945109546,0.07647363653181426,0.07647363361257006,0.0764736306933569,0.07647362777416294,0.07647362485500639,0.07647362193587819,0.07647361901677198,0.07647361609769497,0.07647361317864769,0.07647361025962846,0.07647360734064443,0.07647360442168934,0.07647360150276364,0.07647359858386034,0.07647359566499191,0.07647359274614698,0.07647358982733629,0.07647358690854686,0.07647358398979408,0.07647358107106932,0.07647357815237438,0.07647357523370828,0.07647357231507143,0.07647356939646319,0.07647356647787595,0.07647356355931981,0.07647356064079307,0.07647355772229325,0.07647355480382327,0.07647355188538145,0.07647354896697048,0.07647354604858844,0.0764735431302407,0.07647354021191613,0.07647353729362576,0.07647353437536415,0.07647353145713574,0.07647352853893212,0.07647352562075785,0.07647352270260609,0.07647351978448987,0.07647351686639461,0.07647351394833554,0.07647351103030534,0.07647350811230409,0.07647350519433183,0.07647350227638863,0.07647349935846859,0.07647349644058282,0.07647349352272094,0.0764734906048931,0.07647348768708814,0.076473484769319,0.07647348185157803,0.07647347893386024,0.07647347601617684,0.07647347309851554,0.07647347018088933,0.07647346726329302,0.07647346434571935,0.07647346142817896,0.07647345851066269,0.07647345559318289,0.07647345267573002,0.07647344975830835,0.0764734468409085,0.07647344392354256,0.07647344100621156,0.07647343808889838,0.07647343517161959,0.07647343225437014,0.07647342933714885,0.07647342641995766,0.07647342350278871,0.07647342058565523,0.07647341766854063,0.07647341475146419,0.07647341183441657,0.07647340891739775,0.076473406000408,0.07647340308344784,0.07647340016652195,0.07647339724961962,0.07647339433273773,0.07647339141589228,0.07647338849907571,0.07647338558228804,0.07647338266552359,0.07647337974878818,0.07647337683208454,0.07647337391541238,0.07647337099876986,0.07647336808215008,0.07647336516556466,0.0764733622490067,0.07647335933247358,0.07647335641597502,0.07647335349950517,0.07647335058306393,0.07647334766664994,0.07647334475026764,0.07647334183391304,0.0764733389175876,0.07647333600129538,0.07647333308502775,0.07647333016878899,0.07647332725257909,0.07647332433639809,0.07647332142025119,0.07647331850412852,0.0764733155880345,0.07647331267196937,0.07647330975593283,0.07647330683992305,0.0764733039239428,0.07647330100798504,0.07647329809206486,0.07647329517617313,0.0764732922603035,0.07647328934446951,0.07647328642866565,0.07647328351288908,0.0764732805971398,0.0764732776814218,0.07647327476573178,0.07647327185007051,0.07647326893443532,0.07647326601882631,0.07647326310325171,0.07647326018769983,0.0764732572721828,0.0764732543567033,0.0764732514412429,0.07647324852581329,0.07647324561040629,0.07647324269503526,0.07647323977969099,0.07647323686437636,0.07647323394908741,0.0764732310338302,0.0764732281186023,0.07647322520340198,0.07647322228822544,0.07647321937308453,0.07647321645797203,0.07647321354288932,0.07647321062783459,0.07647320771280156,0.07647320479779826,0.07647320188282367,0.07647319896788411,0.07647319605297373,0.07647319313808652,0.07647319022323389,0.07647318730840438,0.07647318439360937,0.07647318147883961,0.07647317856409522,0.07647317564938692,0.07647317273470143,0.07647316982005085,0.0764731669054295,0.07647316399083416,0.07647316107626431,0.07647315816172356,0.07647315524721117,0.07647315233272801,0.07647314941827416,0.07647314650384707,0.07647314358945724,0.07647314067508731,0.07647313776074877,0.07647313484644463,0.07647313193216866,0.07647312901791609,0.07647312610369854,0.07647312318950433,0.07647312027533465,0.07647311736120384,0.07647311444709518,0.07647311153302265,0.07647310861896989,0.0764731057049544,0.07647310279096782,0.07647309987701005,0.07647309696308109,0.07647309404918153,0.07647309113530518,0.07647308822145696,0.07647308530764352,0.07647308239385983,0.07647307948009849,0.07647307656636566,0.07647307365266678,0.07647307073899255,0.07647306782535229,0.07647306491174061,0.07647306199815132,0.07647305908459698,0.07647305617106447,0.07647305325756788,0.07647305034410082,0.07647304743066421,0.0764730445172493,0.0764730416038695,0.0764730386905222,0.07647303577719987,0.07647303286389999,0.07647302995062918,0.07647302703738715,0.07647302412417384,0.07647302121099592,0.07647301829784804,0.07647301538472133,0.07647301247162457,0.0764730095585558,0.07647300664552154,0.07647300373251001,0.07647300081953332,0.07647299790657913,0.07647299499365234,0.0764729920807569,0.07647298916789305,0.07647298625506073,0.07647298334225659,0.07647298042947587,0.07647297751672433,0.07647297460400738,0.0764729716913191,0.0764729687786616,0.07647296586602456,0.07647296295342332,0.07647296004084536,0.07647295712830067,0.0764729542157857,0.07647295130330144,0.0764729483908457,0.07647294547841565,0.0764729425660157,0.076472939653645,0.07647293674130316,0.0764729338289901,0.0764729309166996,0.07647292800443668,0.0764729250922102,0.07647292218001223,0.07647291926784516,0.07647291635570248,0.07647291344358362,0.0764729105314954,0.07647290761944163,0.07647290470741207,0.07647290179541086,0.07647289888343796,0.07647289597150347,0.07647289305959427,0.07647289014770872,0.0764728872358576,0.07647288432403537,0.07647288141223497,0.0764728785004698,0.07647287558873428,0.07647287267702169,0.07647286976533638,0.07647286685368675,0.076472863942066,0.07647286103047489,0.07647285811891179,0.07647285520737233,0.0764728522958616,0.07647284938437744,0.07647284647292973,0.07647284356150669,0.07647284065011051,0.07647283773874357,0.07647283482741114,0.0764728319161076,0.07647282900483231,0.07647282609358641,0.0764728231823641,0.07647282027116915,0.07647281736000047,0.07647281444886465,0.07647281153776744,0.07647280862669456,0.07647280571565243,0.0764728028046315,0.07647279989364622,0.07647279698268869,0.07647279407175948,0.07647279116085358,0.0764727882499837,0.07647278533913605,0.07647278242832435,0.07647277951753893,0.07647277660678284,0.07647277369605658,0.07647277078535124,0.07647276787468209,0.07647276496404354,0.07647276205343193,0.07647275914284872,0.07647275623229567,0.07647275332176509,0.07647275041126857,0.07647274750080205,0.07647274459036346,0.07647274167994779,0.07647273876956738,0.07647273585921556,0.07647273294889224,0.07647273003859935,0.07647272712833164,0.07647272421809483,0.07647272130788685,0.07647271839770767,0.07647271548755183,0.07647271257743034,0.07647270966733799,0.07647270675727545,0.0764727038472404,0.0764727009372351,0.07647269802725135,0.07647269511730544,0.07647269220738696,0.07647268929749576,0.0764726863876271,0.07647268347779375,0.07647268056798925,0.07647267765821378,0.07647267474846697,0.07647267183875146,0.07647266892905634,0.0764726660193969,0.07647266310976748,0.0764726602001644,0.07647265729058404,0.07647265438103791,0.07647265147151609,0.07647264856202896,0.07647264565256413,0.07647264274313316,0.076472639833732,0.07647263692435871,0.0764726340150167,0.07647263110569613,0.0764726281964115,0.07647262528715552,0.07647262237792753,0.07647261946872845,0.0764726165595559,0.07647261365041455,0.07647261074129652,0.07647260783221199,0.07647260492315826,0.07647260201412664,0.07647259910512998,0.0764725961961557,0.07647259328720864,0.07647259037829819,0.07647258746940998,0.07647258456055114,0.07647258165172638,0.07647257874293091,0.07647257583416629,0.07647257292542803,0.07647257001671946,0.07647256710803337,0.07647256419937525,0.07647256129075315,0.07647255838215984,0.07647255547358858,0.07647255256504497,0.07647254965653735,0.07647254674805161,0.07647254383959523,0.07647254093117412,0.0764725380227753,0.07647253511441154,0.07647253220607096,0.07647252929776482,0.0764725263894818,0.07647252348122792,0.07647252057300843,0.07647251766481013,0.07647251475664849,0.07647251184851557,0.07647250894040572,0.07647250603232346,0.07647250312427656,0.07647250021625858,0.0764724973082693,0.07647249440030199,0.07647249149236456,0.07647248858446228,0.07647248567658729,0.07647248276874202,0.07647247986091862,0.07647247695313095,0.07647247404537239,0.07647247113764226,0.07647246822994153,0.07647246532226344,0.07647246241462072,0.07647245950700678,0.07647245659942162,0.07647245369186438,0.0764724507843284,0.07647244787682873,0.07647244496935762,0.07647244206191554,0.07647243915450193,0.07647243624711741,0.07647243333975647,0.07647243043242472,0.07647242752512015,0.0764724246178518,0.07647242171061118,0.07647241880339961,0.0764724158962165,0.07647241298906411,0.07647241008193315,0.07647240717482942,0.07647240426775612,0.0764724013607109,0.07647239845369529,0.0764723955467071,0.07647239263975542,0.07647238973283166,0.07647238682593414,0.07647238391906826,0.07647238101223083,0.0764723781054228,0.0764723751986367,0.07647237229188042,0.07647236938515277,0.07647236647845788,0.07647236357179413,0.07647236066515577,0.07647235775853974,0.07647235485195557,0.0764723519454099,0.07647234903888893,0.07647234613239706,0.07647234322592796,0.07647234031948752,0.07647233741308165,0.0764723345067062,0.07647233160035237,0.07647232869403407,0.07647232578773822,0.07647232288147662,0.07647231997524463,0.0764723170690356,0.07647231416286006,0.07647231125672886,0.07647230835061118,0.07647230544451473,0.07647230253845548,0.07647229963242175,0.07647229672641764,0.07647229382044332,0.07647229091449918,0.07647228800857708,0.07647228510269025,0.07647228219683203,0.07647227929100306,0.07647227638520285,0.07647227347942348,0.07647227057367756,0.07647226766795756,0.07647226476226479,0.07647226185660934,0.07647225895098188,0.07647225604538317,0.07647225313981386,0.07647225023427183,0.07647224732875252,0.0764722444232677,0.07647224151781266,0.07647223861237903,0.07647223570698178,0.07647223280161246,0.07647222989627274,0.07647222699095475,0.07647222408567174,0.07647222118041959,0.07647221827518794,0.07647221536999194,0.07647221246482391,0.07647220955967919,0.07647220665456969,0.07647220374948772,0.07647220084443761,0.07647219793941352,0.07647219503441911,0.07647219212945182,0.07647218922451408,0.07647218631959854,0.07647218341471809,0.07647218050986751,0.07647217760504577,0.0764721747002464,0.07647217179547433,0.07647216889073798,0.0764721659860236,0.07647216308133789,0.07647216017668756,0.07647215727206685,0.07647215436746835,0.07647215146289897,0.07647214855836662,0.07647214565385037,0.07647214274937292,0.0764721398449247,0.07647213694049924,0.07647213403610795,0.07647213113174414,0.07647212822741056,0.07647212532310571,0.07647212241882953,0.07647211951458269,0.07647211661036457,0.07647211370617589,0.07647211080201653,0.07647210789787881,0.07647210499377549,0.07647210208969529,0.07647209918564411,0.07647209628162686,0.07647209337763833,0.0764720904736788,0.07647208756974908,0.0764720846658413,0.07647208176196806,0.07647207885811624,0.0764720759543004,0.07647207305051404,0.07647207014675572,0.07647206724302708,0.07647206433931909,0.07647206143564693,0.0764720585320043,0.07647205562838345,0.07647205272479153,0.07647204982123512,0.0764720469177072,0.07647204401420224,0.07647204111072398,0.07647203820728263,0.07647203530386944,0.07647203240047934,0.0764720294971182,0.07647202659378419,0.07647202369047901,0.07647202078720264,0.07647201788395644,0.07647201498074485,0.07647201207756199,0.07647200917440727,0.07647200627127967,0.07647200336818372,0.07647200046511558,0.07647199756207766,0.07647199465906182,0.0764719917560743,0.07647198885312047,0.0764719859501967,0.07647198304730236,0.07647198014443722,0.07647197724160001,0.07647197433879702,0.07647197143601031,0.0764719685332585,0.07647196563052949,0.07647196272782918,0.07647195982516329,0.07647195692251936,0.07647195401991122,0.07647195111733193,0.07647194821477606,0.07647194531224814,0.07647194240975562,0.07647193950729073,0.07647193660484945,0.07647193370244332,0.07647193080005886,0.07647192789770431,0.07647192499537699,0.07647192209308004,0.07647191919081664,0.07647191628858394,0.0764719133863713,0.07647191048419373,0.07647190758204728,0.07647190467992217,0.07647190177783127,0.07647189887576371,0.07647189597373091,0.0764718930717269,0.07647189016974486,0.07647188726779494,0.07647188436587919,0.07647188146398984,0.07647187856213007,0.07647187566029286,0.07647187275849056,0.07647186985671052,0.07647186695496483,0.07647186405324227,0.07647186115155405,0.0764718582498886,0.07647185534825839,0.07647185244665088,0.07647184954507706,0.07647184664352703,0.07647184374201056,0.07647184084051754,0.07647183793905923,0.07647183503763129,0.0764718321362313,0.07647182923485919,0.07647182633351678,0.07647182343219619,0.07647182053091028,0.07647181762964685,0.0764718147284174,0.07647181182721156,0.07647180892604064,0.07647180602489843,0.07647180312378586,0.0764718002226974,0.07647179732163269,0.07647179442060813,0.07647179151960817,0.0764717886186331,0.0764717857176864,0.07647178281676678,0.07647177991588311,0.07647177701502916,0.07647177411420278,0.0764717712133997,0.076471768312631,0.07647176541189196,0.07647176251117521,0.07647175961049353,0.07647175670983354,0.0764717538092085,0.07647175090861252,0.07647174800803848,0.07647174510749886,0.07647174220698956,0.07647173930650189,0.07647173640604896,0.07647173350562599,0.07647173060522477,0.0764717277048603,0.07647172480451694,0.0764717219042022,0.07647171900391593,0.07647171610366449,0.07647171320344172,0.07647171030324411,0.0764717074030787,0.07647170450294372,0.07647170160282873,0.07647169870274981,0.0764716958026933,0.07647169290267339,0.07647169000268161,0.07647168710271761,0.07647168420277375,0.07647168130286724,0.07647167840298312,0.07647167550312581,0.07647167260329989,0.07647166970350687,0.07647166680374336,0.07647166390400938,0.07647166100430469,0.07647165810462261,0.07647165520496889,0.07647165230535015,0.07647164940575281,0.0764716465061842,0.07647164360665014,0.07647164070714554,0.07647163780766957,0.07647163490821635,0.07647163200880613,0.07647162910941627,0.07647162621005506,0.07647162331071707,0.07647162041141337,0.07647161751213812,0.07647161461289197,0.07647161171366809,0.07647160881447929,0.07647160591531357,0.0764716030161761,0.07647160011707377,0.07647159721799379,0.0764715943189483,0.07647159141992514,0.07647158852093755,0.0764715856219717,0.07647158272303556,0.07647157982412837,0.07647157692525648,0.07647157402641223,0.0764715711275976,0.07647156822880515,0.07647156533004926,0.07647156243131986,0.07647155953261159,0.07647155663393934,0.07647155373530892,0.07647155083668808,0.07647154793809628,0.07647154503953374,0.07647154214100728,0.07647153924250842,0.07647153634402983,0.07647153344558844,0.07647153054717533,0.07647152764879024,0.0764715247504342,0.0764715218521062,0.0764715189538075,0.07647151605553157,0.0764715131572905,0.07647151025907371,0.07647150736088346,0.07647150446272913,0.0764715015646031,0.07647149866650532,0.07647149576843505,0.07647149287039558,0.0764714899723837,0.07647148707440056,0.07647148417644781,0.07647148127851552,0.076471478380613,0.07647147548273883,0.07647147258489938,0.07647146968708346,0.0764714667892956,0.07647146389153715,0.07647146099380722,0.07647145809610585,0.07647145519843784,0.07647145230080017,0.07647144940319035,0.07647144650560331,0.07647144360805562,0.07647144071052986,0.07647143781302972,0.07647143491556324,0.07647143201812003,0.07647142912070563,0.07647142622332706,0.07647142332597606,0.07647142042865418,0.07647141753136094,0.07647141463409539,0.0764714117368536,0.07647140883964554,0.07647140594246236,0.07647140304531148,0.07647140014818939,0.0764713972510909,0.07647139435402606,0.07647139145699057,0.0764713885599831,0.07647138566300822,0.07647138276605878,0.07647137986913197,0.07647137697223987,0.07647137407537037,0.07647137117852998,0.07647136828171837,0.07647136538493413,0.07647136248818577,0.07647135959145894,0.07647135669476744,0.07647135379809905,0.07647135090146577,0.07647134800485406,0.07647134510827207,0.07647134221172397,0.07647133931520445,0.07647133641871538,0.07647133352225714,0.07647133062582477,0.07647132772942011,0.0764713248330393,0.07647132193668674,0.07647131904036242,0.0764713161440667,0.0764713132478055,0.07647131035156947,0.07647130745536017,0.07647130455918595,0.07647130166303957,0.07647129876691684,0.07647129587082115,0.07647129297475558,0.07647129007872369,0.07647128718271119,0.07647128428673056,0.07647128139078835,0.07647127849487194,0.0764712755989836,0.07647127270312308,0.07647126980729309,0.07647126691149175,0.07647126401571826,0.07647126111996833,0.07647125822424695,0.07647125532855363,0.07647125243289492,0.07647124953726482,0.07647124664165769,0.07647124374608588,0.07647124085053544,0.07647123795501459,0.07647123505952834,0.07647123216406497,0.07647122926863767,0.07647122637323006,0.0764712234778562,0.07647122058251382,0.07647121768719382,0.07647121479190883,0.0764712118966525,0.07647120900142396,0.07647120610621855,0.07647120321104144,0.0764712003158998,0.07647119742077929,0.07647119452569445,0.07647119163063154,0.0764711887355979,0.07647118584059999,0.07647118294562374,0.07647118005068164,0.07647117715576317,0.07647117426087366,0.07647117136601621,0.07647116847118346,0.07647116557637922,0.07647116268160399,0.07647115978686382,0.07647115689214463,0.07647115399745243,0.07647115110279222,0.07647114820816632,0.07647114531356236,0.07647114241898807,0.07647113952444642,0.07647113662992959,0.07647113373544658,0.07647113084099266,0.07647112794656745,0.07647112505217013,0.07647112215779715,0.07647111926345725,0.07647111636914117,0.07647111347485112,0.0764711105805984,0.07647110768636363,0.07647110479216788,0.07647110189800113,0.07647109900386258,0.07647109610975421,0.07647109321566718,0.07647109032161421,0.07647108742758989,0.07647108453359443,0.07647108163962717,0.07647107874568387,0.07647107585176793,0.0764710729578866,0.07647107006402852,0.07647106717020748,0.07647106427640595,0.07647106138263902,0.07647105848890048,0.07647105559519007,0.07647105270150893,0.07647104980785122,0.07647104691422994,0.0764710440206302,0.07647104112706475,0.07647103823352774,0.0764710353400194,0.07647103244653146,0.07647102955307479,0.07647102665965495,0.0764710237662613,0.07647102087289075,0.07647101797954844,0.07647101508623563,0.07647101219295685,0.07647100929970686,0.07647100640647854,0.07647100351328516,0.07647100062012185,0.07647099772698698,0.07647099483388164,0.07647099194080129,0.07647098904775185,0.07647098615473069,0.07647098326173127,0.07647098036877016,0.07647097747582844,0.07647097458292287,0.076470971690045,0.0764709687971967,0.07647096590437048,0.07647096301157948,0.07647096011881085,0.07647095722607626,0.07647095433337038,0.07647095144069257,0.07647094854804487,0.07647094565542582,0.07647094276282874,0.07647093987026701,0.07647093697773269,0.07647093408522125,0.07647093119274495,0.07647092830029674,0.0764709254078711,0.07647092251547469,0.07647091962310434,0.07647091673076697,0.07647091383846269,0.07647091094618748,0.0764709080539348,0.076470905161716,0.07647090226952297,0.07647089937736315,0.07647089648522488,0.0764708935931206,0.07647089070104496,0.07647088780899766,0.07647088491697936,0.07647088202498942,0.07647087913302823,0.07647087624109068,0.07647087334918636,0.07647087045730545,0.07647086756545145,0.07647086467362856,0.07647086178184118,0.07647085889008123,0.07647085599835031,0.07647085310664772,0.07647085021496783,0.07647084732332234,0.076470844431706,0.07647084154011133,0.07647083864855178,0.07647083575702139,0.07647083286551909,0.07647082997404392,0.07647082708259313,0.07647082419117537,0.07647082129978754,0.07647081840842611,0.07647081551709535,0.0764708126257938,0.07647080973452093,0.07647080684327606,0.0764708039520549,0.07647080106086818,0.07647079816970719,0.07647079527857603,0.07647079238746908,0.07647078949639048,0.07647078660534076,0.07647078371431909,0.07647078082333285,0.07647077793237461,0.07647077504143902,0.07647077215053777,0.07647076925965986,0.07647076636881056,0.07647076347799761,0.0764707605872107,0.07647075769645212,0.07647075480572307,0.07647075191502231,0.0764707490243431,0.07647074613370004,0.07647074324308424,0.0764707403524928,0.07647073746193649,0.07647073457140788,0.07647073168090138,0.07647072879044123,0.07647072589999258,0.0764707230095732,0.0764707201191881,0.07647071722883242,0.07647071433849686,0.07647071144818907,0.07647070855792058,0.07647070566766923,0.07647070277745519,0.07647069988727423,0.07647069699711836,0.0764706941069899,0.07647069121689003,0.07647068832681826,0.0764706854367751,0.07647068254675633,0.07647067965677354,0.07647067676681148,0.07647067387688374,0.07647067098698519,0.07647066809711503,0.07647066520726606,0.07647066231745354,0.07647065942766229,0.07647065653790037,0.07647065364817364,0.07647065075846904,0.07647064786879869,0.07647064497915822,0.07647064208954567,0.07647063919995717,0.07647063631040248,0.07647063342087052,0.07647063053137215,0.07647062764189684,0.07647062475244988,0.07647062186302987,0.07647061897364056,0.07647061608427928,0.07647061319494565,0.07647061030564858,0.07647060741637289,0.07647060452712721,0.07647060163790854,0.07647059874872505,0.07647059585956642,0.07647059297044019,0.07647059008133718,0.07647058719226792,0.07647058430322212,0.07647058141421041,0.07647057852522136,0.07647057563626769,0.07647057274733572,0.07647056985843281,0.07647056696956427,0.07647056408072582,0.07647056119190834,0.07647055830312029,0.07647055541436067,0.07647055252563596,0.07647054963693868,0.07647054674826304,0.07647054385961556,0.07647054097099894,0.07647053808241734,0.07647053519386345,0.07647053230533991,0.07647052941683531,0.07647052652836756,0.07647052363992779,0.0764705207515116,0.07647051786312262,0.07647051497476297,0.07647051208643284,0.07647050919813557,0.07647050630986782,0.07647050342162956,0.07647050053341974,0.07647049764523878,0.07647049475708602,0.07647049186896127,0.0764704889808669,0.07647048609279937,0.07647048320475341,0.07647048031673807,0.07647047742874967,0.07647047454079925,0.07647047165287649,0.07647046876497307,0.0764704658771071,0.07647046298926738,0.07647046010145761,0.07647045721367661,0.07647045432592468,0.07647045143820033,0.07647044855049881,0.07647044566282682,0.07647044277518142,0.07647043988757163,0.07647043699999112,0.07647043411243926,0.07647043122490971,0.0764704283374152,0.07647042544994939,0.07647042256250548,0.07647041967509685,0.07647041678771681,0.07647041390035918,0.07647041101303428,0.07647040812573279,0.07647040523846034,0.07647040235122333,0.07647039946401397,0.07647039657682733,0.07647039368967538,0.07647039080255137,0.07647038791545169,0.07647038502839594,0.07647038214135828,0.07647037925434588,0.0764703763673657,0.07647037348040704,0.07647037059348359,0.07647036770658887,0.0764703648197224,0.07647036193287973,0.07647035904607019,0.07647035615928982,0.07647035327253396,0.07647035038581251,0.07647034749911295,0.0764703446124468,0.07647034172580423,0.07647033883919553,0.07647033595260995,0.07647033306605305,0.07647033017953309,0.07647032729303938,0.07647032440657452,0.0764703215201313,0.07647031863372268,0.07647031574734238,0.07647031286099083,0.07647030997465995,0.07647030708835964,0.07647030420209405,0.07647030131585127,0.0764702984296374,0.07647029554345866,0.07647029265730855,0.07647028977117991,0.07647028688507965,0.07647028399900943,0.0764702811129654,0.07647027822695712,0.07647027534097836,0.07647027245502021,0.07647026956909943,0.0764702666832065,0.07647026379734205,0.07647026091149976,0.07647025802568662,0.07647025513990612,0.07647025225415607,0.07647024936843362,0.07647024648273985,0.07647024359707495,0.07647024071143095,0.0764702378258233,0.07647023494024287,0.07647023205468455,0.07647022916915916,0.07647022628366595,0.07647022339820059,0.07647022051275913,0.07647021762735141,0.07647021474196676,0.07647021185661693,0.07647020897129472,0.07647020608599625,0.07647020320073183,0.07647020031549637,0.07647019743028853,0.07647019454510935,0.07647019165995363,0.07647018877483179,0.07647018588973999,0.07647018300467015,0.07647018011962856,0.07647017723462111,0.07647017434964283,0.0764701714646859,0.07647016857976376,0.07647016569487142,0.07647016281000713,0.07647015992517175,0.07647015704036497,0.07647015415558035,0.07647015127082467,0.0764701483861054,0.0764701455014068,0.07647014261674102,0.07647013973210506,0.07647013684749697,0.07647013396291832,0.07647013107836764,0.07647012819384108,0.07647012530934864,0.07647012242488455,0.07647011954044891,0.07647011665604182,0.07647011377165697,0.07647011088730685,0.07647010800298132,0.07647010511868281,0.07647010223441846,0.07647009935017648,0.07647009646596857,0.07647009358178955,0.07647009069763366,0.07647008781351236,0.07647008492941301,0.07647008204534918,0.07647007916131418,0.07647007627730967,0.07647007339333065,0.07647007050937213,0.07647006762545297,0.0764700647415615,0.0764700618576917,0.07647005897384981,0.07647005609003707,0.07647005320625036,0.076470050322499,0.07647004743877224,0.07647004455507256,0.07647004167140314,0.07647003878776788,0.07647003590415995,0.0764700330205806,0.0764700301370244,0.07647002725350348,0.07647002437001098,0.07647002148654151,0.07647001860310715,0.0764700157196933,0.07647001283630818,0.07647000995295766,0.07647000706963575,0.07647000418633636,0.07647000130307172,0.07646999841982967,0.0764699955366232,0.07646999265343729,0.07646998977028922,0.07646998688716758,0.07646998400406793,0.07646998112099783,0.07646997823796126,0.0764699753549534,0.07646997247197508,0.07646996958901855,0.07646996670608969,0.07646996382319021,0.07646996094032617,0.07646995805748984,0.0764699551746818,0.07646995229189739,0.07646994940914754,0.07646994652642543,0.07646994364373097,0.07646994076106702,0.07646993787842288,0.07646993499580854,0.07646993211322346,0.07646992923067286,0.07646992634815064,0.07646992346565441,0.07646992058318622,0.07646991770076862,0.0764699148183612,0.07646991193598143,0.07646990905362379,0.07646990617130157,0.0764699032890088,0.07646990040673583,0.07646989752449404,0.07646989464228397,0.07646989176010444,0.07646988887795438,0.07646988599583195,0.07646988311374071,0.07646988023167701,0.07646987734963476,0.0764698744676254,0.07646987158564054,0.07646986870369195,0.07646986582176347,0.07646986293986349,0.07646986005798971,0.07646985717614757,0.07646985429434165,0.07646985141256242,0.07646984853080598,0.07646984564908363,0.0764698427673946,0.07646983988572344,0.07646983700408527,0.07646983412246797,0.07646983124088189,0.07646982835933058,0.07646982547780859,0.07646982259631435,0.07646981971484168,0.07646981683340359,0.07646981395199585,0.07646981107061314,0.07646980818926155,0.0764698053079372,0.07646980242664271,0.07646979954537678,0.07646979666413407,0.07646979378292762,0.07646979090174771,0.07646978802059097,0.07646978513946776,0.07646978225836389,0.07646977937729783,0.07646977649626056,0.07646977361525155,0.07646977073427076,0.07646976785331228,0.07646976497238889,0.07646976209149431,0.0764697592106259,0.07646975632978882,0.07646975344897937,0.07646975056819766,0.07646974768744577,0.07646974480672324,0.07646974192602983,0.07646973904535774,0.07646973616471912,0.07646973328410363,0.07646973040352359,0.07646972752297206,0.07646972464244824,0.0764697217619518,0.07646971888147909,0.07646971600104123,0.07646971312063332,0.07646971024025345,0.07646970735990025,0.07646970447957653,0.07646970159928101,0.0764696987190111,0.07646969583877225,0.07646969295856319,0.07646969007837627,0.07646968719822371,0.07646968431809953,0.07646968143800625,0.07646967855793992,0.07646967567789535,0.07646967279788192,0.07646966991790119,0.07646966703794258,0.07646966415801967,0.07646966127812459,0.07646965839825176,0.07646965551841282,0.07646965263860274,0.07646964975882073,0.07646964687906734,0.07646964399935184,0.07646964111965125,0.07646963823997831,0.07646963536033993,0.07646963248072906,0.07646962960114731,0.07646962672159394,0.07646962384207047,0.07646962096257551,0.07646961808310863,0.07646961520366423,0.07646961232425294,0.07646960944487047,0.07646960656551752,0.07646960368619295,0.07646960080689605,0.07646959792762244,0.07646959504838256,0.07646959216916606,0.07646958928998318,0.07646958641082979,0.07646958353170427,0.07646958065260794,0.07646957777353365,0.07646957489449255,0.07646957201547692,0.07646956913649554,0.07646956625753533,0.07646956337860922,0.07646956049971061,0.0764695576208421,0.07646955474200046,0.07646955186318245,0.07646954898439395,0.07646954610564176,0.07646954322690934,0.07646954034821123,0.07646953746953686,0.07646953459089503,0.07646953171228343,0.07646952883369929,0.0764695259551449,0.07646952307661307,0.0764695201981089,0.07646951731963954,0.07646951444119694,0.0764695115627844,0.07646950868440054,0.07646950580604318,0.0764695029277164,0.07646950004941945,0.0764694971711477,0.07646949429290775,0.07646949141469478,0.07646948853651193,0.0764694856583557,0.0764694827802227,0.0764694799021237,0.07646947702405293,0.07646947414600473,0.07646947126798578,0.07646946839000084,0.07646946551204324,0.07646946263410924,0.07646945975620427,0.0764694568783301,0.076469454000488,0.07646945112267467,0.07646944824488508,0.07646944536712914,0.0764694424894019,0.07646943961170376,0.0764694367340268,0.07646943385638574,0.07646943097877147,0.07646942810118398,0.0764694252236212,0.07646942234609294,0.07646941946858767,0.0764694165911106,0.07646941371366787,0.0764694108362485,0.0764694079588589,0.07646940508149815,0.07646940220416885,0.07646939932686812,0.0764693964495903,0.07646939357234761,0.07646939069512691,0.07646938781793507,0.07646938494077679,0.07646938206364806,0.07646937918654574,0.07646937630946757,0.07646937343242434,0.07646937055540495,0.07646936767841762,0.07646936480145841,0.07646936192453005,0.07646935904762785,0.07646935617075644,0.07646935329390606,0.07646935041708496,0.07646934754029822,0.07646934466353983,0.07646934178681279,0.07646933891011137,0.07646933603343307,0.07646933315678184,0.07646933028015927,0.07646932740357154,0.07646932452701365,0.07646932165048347,0.07646931877398176,0.07646931589750267,0.07646931302105886,0.07646931014464603,0.07646930726825739,0.07646930439189785,0.07646930151556634,0.07646929863926566,0.07646929576299104,0.07646929288674349,0.07646929001052594,0.07646928713433691,0.07646928425817752,0.07646928138204637,0.07646927850594368,0.07646927562986296,0.07646927275381099,0.07646926987779297,0.07646926700180377,0.07646926412583688,0.07646926124989818,0.07646925837399444,0.0764692554981129,0.07646925262226471,0.076469249746447,0.07646924687065543,0.07646924399488869,0.07646924111915555,0.07646923824344566,0.07646923536777044,0.07646923249212052,0.07646922961650028,0.07646922674090602,0.07646922386534696,0.07646922098981321,0.07646921811430804,0.07646921523882606,0.07646921236337284,0.07646920948795306,0.0764692066125564,0.07646920373718799,0.07646920086185416,0.07646919798654157,0.07646919511126517,0.07646919223601585,0.07646918936079725,0.07646918648560638,0.07646918361044266,0.07646918073531178,0.07646917786019912,0.07646917498512218,0.07646917211007388,0.07646916923505195,0.07646916636006233,0.07646916348509326,0.07646916061015692,0.07646915773524425,0.07646915486035936,0.07646915198550394,0.07646914911067466,0.07646914623587603,0.07646914336111155,0.07646914048636971,0.07646913761166269,0.0764691347369772,0.07646913186232467,0.07646912898770261,0.0764691261131095,0.0764691232385453,0.07646912036400766,0.07646911748949368,0.0764691146150137,0.07646911174056129,0.07646910886613227,0.0764691059917384,0.07646910311737376,0.07646910024303798,0.07646909736872881,0.07646909449444303,0.07646909162019079,0.0764690887459683,0.07646908587177435,0.07646908299760209,0.07646908012346416,0.07646907724935582,0.07646907437527486,0.07646907150122396,0.0764690686272009,0.07646906575319941,0.07646906287923332,0.07646906000529372,0.07646905713138287,0.0764690542574958,0.0764690513836417,0.07646904850981175,0.07646904563601557,0.07646904276224879,0.0764690398885093,0.07646903701480025,0.07646903414111798,0.07646903126746417,0.07646902839383873,0.0764690255202432,0.07646902264666844,0.07646901977312943,0.07646901689961894,0.07646901402613591,0.07646901115268302,0.07646900827925875,0.07646900540586012,0.076469002532492,0.07646899965914858,0.07646899678583645,0.07646899391255281,0.0764689910392985,0.07646898816607185,0.07646898529287612,0.07646898241970518,0.07646897954655751,0.07646897667344349,0.07646897380035886,0.07646897092730363,0.07646896805427021,0.07646896518127216,0.07646896230830078,0.07646895943535903,0.07646895656244604,0.07646895368956064,0.07646895081670439,0.07646894794386883,0.07646894507106461,0.07646894219828808,0.07646893932554676,0.07646893645282682,0.07646893358014105,0.07646893070748456,0.07646892783485448,0.07646892496224922,0.0764689220896777,0.07646891921713418,0.07646891634461914,0.07646891347213255,0.07646891059966908,0.0764689077272394,0.07646890485483814,0.07646890198246502,0.07646889911011982,0.07646889623779882,0.07646889336550647,0.0764688904932423,0.07646888762101187,0.07646888474880992,0.07646888187663659,0.07646887900449316,0.07646887613237684,0.07646887326028343,0.07646887038822513,0.0764688675161956,0.07646886464418878,0.0764688617722073,0.07646885890026238,0.07646885602834537,0.07646885315645734,0.07646885028459795,0.07646884741276883,0.07646884454095888,0.07646884166918096,0.07646883879743151,0.07646883592570843,0.0764688330540204,0.0764688301823594,0.07646882731071819,0.0764688244391144,0.07646882156753942,0.07646881869599087,0.07646881582447188,0.07646881295297606,0.07646881008151488,0.07646880721008215,0.07646880433867788,0.07646880146730434,0.07646879859595695,0.07646879572463618,0.07646879285334474,0.07646878998207521,0.07646878711083534,0.07646878423963022,0.07646878136845353,0.07646877849730538,0.07646877562618436,0.07646877275509112,0.07646876988402637,0.0764687670129925,0.07646876414198601,0.07646876127100814,0.07646875840005925,0.07646875552913211,0.07646875265823257,0.07646874978736255,0.07646874691651856,0.07646874404571134,0.0764687411749322,0.07646873830418228,0.07646873543346153,0.07646873256276741,0.07646872969209632,0.07646872682145969,0.07646872395084577,0.07646872108026022,0.07646871820970275,0.07646871533917408,0.07646871246868067,0.0764687095982088,0.07646870672777088,0.0764687038573615,0.07646870098697549,0.07646869811662325,0.07646869524629381,0.07646869237599191,0.07646868950571854,0.07646868663547977,0.0764686837652697,0.07646868089509032,0.07646867802493608,0.07646867515480614,0.07646867228470425,0.0764686694146364,0.07646866654459683,0.07646866367457973,0.076468660804596,0.07646865793463616,0.07646865506470449,0.07646865219480048,0.07646864932493228,0.07646864645508837,0.07646864358527704,0.07646864071549607,0.07646863784574046,0.07646863497600818,0.07646863210631061,0.07646862923664027,0.07646862636699285,0.07646862349737386,0.0764686206277833,0.076468617758227,0.07646861488869576,0.07646861201919632,0.07646860914972621,0.07646860628028036,0.07646860341086706,0.07646860054148137,0.07646859767211911,0.0764685948027817,0.07646859193348134,0.07646858906421028,0.07646858619496681,0.07646858332575261,0.07646858045656442,0.07646857758740076,0.07646857471827097,0.0764685718491638,0.07646856898008962,0.07646856611104544,0.07646856324203027,0.07646856037304485,0.07646855750408588,0.07646855463515509,0.07646855176625358,0.07646854889737338,0.07646854602852662,0.07646854315970955,0.07646854029091568,0.07646853742215542,0.07646853455342015,0.0764685316847113,0.07646852881603047,0.07646852594738718,0.07646852307877028,0.07646852021018237,0.07646851734161589,0.07646851447308214,0.07646851160457266,0.07646850873609677,0.0764685058676495,0.07646850299922432,0.07646850013082786,0.0764684972624672,0.07646849439413238,0.0764684915258275,0.07646848865754353,0.07646848578929588,0.07646848292107698,0.07646848005288788,0.07646847718471819,0.07646847431658499,0.07646847144847853,0.07646846858039955,0.07646846571234439,0.07646846284431788,0.0764684599763248,0.07646845710836135,0.07646845424042006,0.07646845137251353,0.07646844850462921,0.07646844563677926,0.07646844276895713,0.07646843990116499,0.07646843703339418,0.07646843416565484,0.07646843129794081,0.07646842843025953,0.07646842556260872,0.07646842269497989,0.07646841982738084,0.076468416959816,0.07646841409227326,0.07646841122475796,0.0764684083572776,0.07646840548981897,0.07646840262239547,0.07646839975500123,0.07646839688762815,0.07646839402028298,0.07646839115297359,0.07646838828569166,0.07646838541843806,0.07646838255121267,0.07646837968401557,0.07646837681684857,0.0764683739497029,0.07646837108258382,0.07646836821549984,0.07646836534843988,0.07646836248141496,0.07646835961441681,0.07646835674744681,0.07646835388050723,0.07646835101359464,0.07646834814671001,0.07646834527985236,0.07646834241302347,0.07646833954622416,0.07646833667944743,0.07646833381270468,0.07646833094598543,0.07646832807929985,0.07646832521263412,0.07646832234600552,0.0764683194794055,0.07646831661283347,0.07646831374629018,0.07646831087977521,0.0764683080132833,0.07646830514682519,0.0764683022803952,0.07646829941399527,0.07646829654762229,0.076468293681272,0.076468290814954,0.076468287948661,0.0764682850823974,0.0764682822161651,0.07646827934996342,0.07646827648379072,0.07646827361763936,0.07646827075151824,0.07646826788542345,0.0764682650193575,0.07646826215332544,0.07646825928732146,0.07646825642134698,0.07646825355539472,0.07646825068947039,0.07646824782357295,0.07646824495771111,0.07646824209187192,0.07646823922606572,0.07646823636028992,0.0764682334945426,0.07646823062882357,0.07646822776313102,0.0764682248974672,0.07646822203182711,0.0764682191662138,0.07646821630063963,0.07646821343508996,0.07646821056956345,0.07646820770406955,0.0764682048385997,0.07646820197316462,0.07646819910775704,0.07646819624237261,0.07646819337702276,0.07646819051170121,0.07646818764640194,0.0764681847811368,0.07646818191590048,0.0764681790506926,0.07646817618551222,0.07646817332036106,0.07646817045523432,0.07646816759013822,0.07646816472507048,0.07646816186003257,0.0764681589950236,0.07646815613004224,0.07646815326509024,0.07646815040016045,0.07646814753526483,0.07646814467039766,0.07646814180555259,0.07646813894074131,0.07646813607595926,0.07646813321120481,0.07646813034647174,0.07646812748177438,0.07646812461710585,0.07646812175246513,0.07646811888785253,0.07646811602326899,0.07646811315871543,0.0764681102941815,0.07646810742968155,0.07646810456521091,0.0764681017007686,0.07646809883635701,0.07646809597197245,0.07646809310761443,0.07646809024328062,0.076468087378974,0.07646808451470234,0.07646808165045886,0.07646807878624269,0.07646807592205888,0.07646807305790075,0.07646807019376761,0.07646806732966448,0.07646806446558573,0.07646806160154034,0.07646805873752387,0.07646805587353,0.0764680530095705,0.07646805014563336,0.07646804728172471,0.07646804441784517,0.076468041553999,0.07646803869018232,0.07646803582639214,0.07646803296263201,0.07646803009890205,0.07646802723519872,0.07646802437152732,0.07646802150788154,0.07646801864426334,0.076468015780667,0.07646801291710582,0.07646801005357154,0.07646800719006679,0.07646800432658335,0.0764680014631338,0.07646799859971443,0.07646799573632322,0.07646799287296042,0.07646799000962677,0.07646798714631423,0.0764679842830292,0.07646798141978173,0.07646797855655461,0.07646797569336074,0.07646797283019788,0.07646796996705661,0.07646796710394205,0.07646796424085917,0.07646796137780265,0.07646795851477951,0.07646795565178773,0.07646795278882047,0.07646794992588227,0.07646794706297225,0.07646794420008717,0.07646794133723421,0.07646793847440965,0.07646793561161343,0.07646793274883937,0.07646792988609978,0.07646792702338848,0.07646792416070046,0.07646792129804716,0.0764679184354209,0.076467915572823,0.0764679127102507,0.07646790984771018,0.07646790698519246,0.07646790412271201,0.07646790126025635,0.07646789839782984,0.07646789553542489,0.07646789267305466,0.0764678898107068,0.07646788694838748,0.07646788408609582,0.07646788122383591,0.07646787836160054,0.07646787549939922,0.07646787263722418,0.07646786977508042,0.0764678669129667,0.07646786405088059,0.0764678611888228,0.07646785832679433,0.07646785546479269,0.07646785260281812,0.07646784974086689,0.07646784687894337,0.07646784401705023,0.07646784115519036,0.0764678382933613,0.07646783543155276,0.0764678325697794,0.07646782970803279,0.07646782684631248,0.07646782398462222,0.07646782112295512,0.0764678182613207,0.07646781539971587,0.07646781253813904,0.07646780967659063,0.07646780681507181,0.07646780395357941,0.0764678010921167,0.076467798230682,0.07646779536927661,0.07646779250790002,0.07646778964654442,0.07646778678521797,0.07646778392392023,0.07646778106265571,0.07646777820141719,0.07646777534020906,0.07646777247902962,0.07646776961787297,0.07646776675675022,0.07646776389564904,0.07646776103458472,0.07646775817355043,0.07646775531253355,0.07646775245155257,0.0764677495905949,0.07646774672967026,0.0764677438687704,0.07646774100789651,0.07646773814705714,0.07646773528623903,0.0764677324254568,0.076467729564703,0.07646772670397721,0.07646772384328064,0.07646772098261363,0.07646771812197295,0.07646771526135536,0.07646771240077149,0.07646770954021022,0.0764677066796833,0.07646770381918426,0.07646770095871414,0.07646769809827215,0.07646769523785187,0.07646769237746101,0.07646768951710008,0.07646768665676587,0.07646768379646532,0.07646768093619312,0.0764676780759493,0.07646767521573478,0.07646767235554666,0.07646766949538246,0.07646766663525294,0.07646766377515085,0.076467660915076,0.07646765805503059,0.07646765519501421,0.0764676523350206,0.07646764947505823,0.07646764661512044,0.07646764375521806,0.07646764089534362,0.07646763803549539,0.07646763517567844,0.07646763231588258,0.0764676294561145,0.07646762659638077,0.07646762373668152,0.07646762087700339,0.076467618017356,0.07646761515773837,0.07646761229814648,0.07646760943857768,0.07646760657904543,0.07646760371953751,0.07646760086005983,0.0764675980006101,0.07646759514118803,0.07646759228179485,0.07646758942242426,0.0764675865630901,0.0764675837037801,0.07646758084449529,0.07646757798524348,0.07646757512601889,0.07646757226682421,0.07646756940764761,0.07646756654850417,0.07646756368939987,0.07646756083031862,0.07646755797126555,0.07646755511224362,0.07646755225324772,0.07646754939427433,0.07646754653533347,0.0764675436764217,0.0764675408175319,0.07646753795867174,0.07646753509984523,0.07646753224104677,0.0764675293822776,0.07646752652353045,0.07646752366481856,0.07646752080613349,0.0764675179474787,0.07646751508884775,0.07646751223025018,0.0764675093716801,0.07646750651313419,0.07646750365461912,0.07646750079612878,0.07646749793767155,0.07646749507924308,0.07646749222084138,0.0764674893624645,0.07646748650412026,0.07646748364579761,0.07646748078750779,0.0764674779292487,0.07646747507100721,0.07646747221280271,0.07646746935462848,0.07646746649647616,0.0764674636383526,0.0764674607802606,0.07646745792219267,0.07646745506415939,0.07646745220614849,0.07646744934817269,0.07646744649022158,0.07646744363230133,0.07646744077441041,0.07646743791654687,0.07646743505871194,0.07646743220090595,0.07646742934312742,0.07646742648537232,0.07646742362764967,0.07646742076995451,0.07646741791228759,0.07646741505465092,0.07646741219703841,0.07646740933945716,0.0764674064819052,0.07646740362438044,0.07646740076688487,0.07646739790941787,0.07646739505197372,0.07646739219456591,0.07646738933717814,0.07646738647982315,0.07646738362249812,0.07646738076519999,0.07646737790792531,0.07646737505068542,0.07646737219346716,0.07646736933628388,0.07646736647913133,0.0764673636220038,0.07646736076490575,0.07646735790782969,0.07646735505078749,0.07646735219377358,0.07646734933678832,0.07646734647982611,0.07646734362289719,0.07646734076599124,0.07646733790911926,0.07646733505227524,0.07646733219545937,0.07646732933867202,0.07646732648191344,0.07646732362517739,0.07646732076846931,0.07646731791179522,0.07646731505514975,0.07646731219853252,0.07646730934194244,0.0764673064853824,0.07646730362884953,0.07646730077234583,0.07646729791586966,0.07646729505941738,0.07646729220299778,0.0764672893466068,0.07646728649024086,0.07646728363390816,0.07646728077760256,0.07646727792132574,0.07646727506507657,0.07646727220884769,0.0764672693526558,0.07646726649649051,0.07646726364035523,0.076467260784244,0.07646725792816281,0.07646725507211204,0.07646725221609003,0.07646724936009475,0.07646724650412844,0.07646724364818565,0.07646724079227675,0.07646723793638853,0.07646723508053883,0.07646723222470889,0.07646722936892499,0.07646722651315661,0.07646722365741042,0.07646722080170042,0.07646721794601877,0.07646721509036278,0.07646721223473064,0.07646720937913211,0.07646720652356237,0.07646720366802061,0.07646720081250782,0.07646719795702266,0.07646719510156,0.07646719224613309,0.07646718939073939,0.07646718653536749,0.07646718368002386,0.07646718082470774,0.07646717796941425,0.07646717511415874,0.07646717225892288,0.07646716940372011,0.07646716654854571,0.07646716369340208,0.07646716083828485,0.07646715798319685,0.07646715512812502,0.07646715227309206,0.07646714941808178,0.07646714656310694,0.07646714370815924,0.0764671408532412,0.07646713799835131,0.07646713514348971,0.07646713228865219,0.07646712943383945,0.07646712657906209,0.0764671237243067,0.07646712086957974,0.07646711801488704,0.07646711516021878,0.07646711230558274,0.0764671094509782,0.07646710659639866,0.07646710374184182,0.07646710088731944,0.07646709803281947,0.0764670951783479,0.07646709232390997,0.07646708946949647,0.0764670866151157,0.0764670837607561,0.07646708090643138,0.07646707805213594,0.07646707519786852,0.07646707234362847,0.07646706948941552,0.07646706663523381,0.07646706378107837,0.07646706092695132,0.07646705807285037,0.07646705521877513,0.07646705236473375,0.07646704951072203,0.07646704665673114,0.07646704380277401,0.07646704094884521,0.07646703809493932,0.07646703524106215,0.07646703238721912,0.07646702953339726,0.07646702667961076,0.07646702382585244,0.07646702097212042,0.07646701811841983,0.07646701526474643,0.07646701241110128,0.076467009557479,0.07646700670388426,0.076467003850324,0.07646700099679109,0.0764669981432815,0.07646699528980523,0.07646699243635832,0.07646698958293596,0.07646698672954547,0.07646698387618202,0.07646698102284756,0.07646697816954275,0.07646697531625941,0.07646697246301033,0.0764669696097858,0.07646696675659147,0.07646696390342721,0.07646696105028483,0.07646695819716952,0.07646695534407998,0.07646695249102549,0.0764669496379962,0.07646694678500121,0.07646694393203439,0.07646694107909639,0.0764669382261866,0.07646693537329995,0.0764669325204439,0.07646692966761252,0.07646692681481514,0.07646692396204682,0.07646692110930094,0.0764669182565828,0.07646691540389312,0.07646691255123787,0.07646690969861093,0.07646690684601187,0.07646690399343845,0.07646690114089637,0.07646689828838246,0.07646689543589498,0.07646689258343721,0.07646688973100192,0.07646688687860134,0.0764668840262292,0.07646688117387965,0.07646687832156406,0.0764668754692741,0.07646687261701383,0.07646686976477711,0.07646686691256821,0.07646686406038695,0.0764668612082398,0.07646685835612113,0.07646685550403105,0.07646685265196879,0.07646684979993257,0.0764668469479268,0.07646684409594587,0.07646684124399551,0.0764668383920745,0.07646683554017968,0.07646683268831762,0.07646682983648141,0.07646682698467391,0.07646682413288942,0.07646682128113799,0.0764668184294148,0.07646681557772116,0.07646681272605452,0.07646680987441658,0.07646680702280655,0.0764668041712209,0.07646680131966105,0.07646679846813577,0.07646679561663874,0.07646679276517036,0.07646678991372993,0.07646678706231824,0.07646678421092828,0.07646678135956758,0.07646677850823337,0.07646677565693515,0.07646677280566394,0.07646676995442231,0.07646676710320183,0.07646676425201503,0.07646676140085717,0.07646675854972208,0.07646675569861484,0.07646675284754206,0.07646674999649694,0.0764667471454808,0.07646674429448652,0.07646674144352743,0.0764667385925956,0.0764667357416871,0.07646673289081164,0.07646673003996463,0.07646672718914763,0.07646672433835566,0.07646672148759354,0.07646671863685425,0.07646671578614683,0.07646671293546997,0.07646671008482175,0.07646670723420083,0.07646670438360276,0.07646670153303822,0.07646669868250112,0.07646669583199357,0.07646669298151504,0.0764666901310625,0.07646668728063566,0.07646668443024064,0.07646668157987281,0.07646667872953448,0.07646667587922525,0.0764666730289381,0.07646667017868242,0.07646666732845743,0.07646666447826062,0.07646666162809268,0.07646665877795025,0.07646665592783258,0.07646665307774861,0.0764666502276861,0.07646664737765438,0.07646664452764963,0.07646664167767844,0.07646663882773043,0.0764666359778088,0.0764666331279214,0.07646663027806463,0.07646662742823382,0.07646662457843197,0.07646662172865802,0.07646661887891261,0.07646661602919559,0.07646661317950744,0.07646661032984209,0.07646660748020494,0.07646660463060168,0.07646660178102586,0.0764665989314789,0.07646659608195676,0.07646659323246077,0.07646659038299505,0.07646658753355996,0.07646658468414863,0.07646658183476567,0.07646657898540983,0.07646657613608852,0.07646657328679632,0.07646657043753237,0.07646656758829862,0.07646656473909068,0.07646656188991037,0.07646655904075883,0.07646655619163689,0.07646655334253973,0.07646655049346683,0.07646654764442788,0.07646654479541891,0.0764665419464307,0.0764665390974818,0.07646653624855614,0.0764665333996585,0.07646653055078571,0.07646652770194388,0.07646652485313184,0.0764665220043461,0.07646651915558966,0.07646651630686237,0.07646651345816009,0.07646651060948462,0.07646650776083556,0.07646650491222322,0.07646650206363709,0.07646649921507832,0.07646649636654844,0.07646649351804813,0.07646649066957452,0.07646648782113138,0.07646648497271286,0.07646648212431659,0.07646647927594953,0.07646647642761678,0.07646647357931165,0.07646647073103027,0.07646646788278208,0.07646646503455491,0.07646646218636347,0.0764664593382,0.0764664564900649,0.07646645364195749,0.07646645079387768,0.07646644794582809,0.0764664450978074,0.0764664422498134,0.07646643940184765,0.07646643655391107,0.0764664337060034,0.07646643085812235,0.07646642801026944,0.07646642516244442,0.07646642231464491,0.07646641946687452,0.07646641661913023,0.07646641377141282,0.07646641092373016,0.07646640807607528,0.07646640522844286,0.07646640238084232,0.07646639953327171,0.0764663966857283,0.07646639383821442,0.07646639099072848,0.07646638814327127,0.07646638529583814,0.07646638244843418,0.0764663796010601,0.07646637675371493,0.07646637390639777,0.07646637105910888,0.07646636821184927,0.07646636536461655,0.076466362517416,0.07646635967024142,0.07646635682309424,0.07646635397597526,0.07646635112888363,0.07646634828181555,0.07646634543478127,0.07646634258777521,0.07646633974079585,0.07646633689384516,0.07646633404692402,0.07646633120002198,0.07646632835315177,0.07646632550631006,0.07646632265949616,0.07646631981270989,0.07646631696595857,0.07646631411923194,0.07646631127253088,0.07646630842585715,0.07646630557921023,0.07646630273259374,0.07646629988601183,0.07646629703945572,0.07646629419292846,0.07646629134642795,0.07646628849995898,0.07646628565351891,0.07646628280710438,0.0764662799607191,0.07646627711436207,0.07646627426803355,0.07646627142173389,0.07646626857546124,0.07646626572921336,0.07646626288300012,0.07646626003681538,0.07646625719065199,0.07646625434452173,0.07646625149841275,0.07646624865233956,0.07646624580628783,0.07646624296026633,0.07646624011427723,0.07646623726831188,0.07646623442237839,0.07646623157647285,0.07646622873059579,0.0764662258847462,0.07646622303892438,0.0764662201931269,0.07646621734736239,0.0764662145016211,0.07646621165591361,0.07646620881022878,0.07646620596457776,0.0764662031189546,0.0764662002733607,0.07646619742779366,0.07646619458225137,0.0764661917367436,0.07646618889126122,0.07646618604580677,0.07646618320037796,0.07646618035498023,0.07646617750960903,0.0764661746642626,0.0764661718189492,0.07646616897366454,0.07646616612840783,0.07646616328317918,0.07646616043797833,0.076466157592806,0.07646615474766472,0.07646615190254931,0.07646614905745885,0.07646614621239958,0.07646614336736847,0.07646614052236611,0.07646613767738682,0.07646613483243996,0.07646613198752167,0.07646612914263268,0.07646612629777251,0.07646612345293707,0.07646612060813267,0.07646611776335704,0.07646611491860834,0.07646611207388854,0.07646610922919647,0.07646610638453295,0.07646610353989323,0.0764661006952852,0.07646609785070523,0.0764660950061486,0.07646609216162291,0.07646608931712766,0.07646608647266154,0.07646608362822271,0.07646608078381154,0.07646607793942999,0.07646607509507572,0.07646607225075018,0.07646606940645242,0.07646606656218176,0.07646606371793806,0.07646606087372544,0.0764660580295407,0.07646605518538524,0.07646605234125747,0.07646604949715699,0.07646604665308564,0.07646604380904223,0.0764660409650281,0.07646603812104077,0.07646603527708119,0.07646603243315078,0.07646602958924809,0.07646602674537238,0.07646602390151998,0.07646602105770196,0.07646601821390567,0.07646601537013789,0.07646601252640227,0.0764660096826974,0.07646600683901937,0.07646600399537117,0.07646600115174672,0.07646599830814847,0.07646599546458352,0.07646599262104169,0.07646598977752764,0.07646598693404813,0.0764659840905961,0.07646598124717255,0.07646597840377357,0.07646597556039571,0.07646597271705101,0.07646596987373881,0.07646596703045846,0.07646596418719878,0.0764659613439728,0.0764659585007692,0.07646595565759907,0.07646595281445188,0.07646594997133778,0.07646594712825219,0.0764659442851945,0.07646594144215996,0.07646593859915964,0.0764659357561808,0.07646593291323707,0.0764659300703206,0.07646592722743237,0.07646592438457078,0.07646592154173887,0.07646591869893495,0.07646591585616008,0.07646591301341096,0.07646591017068671,0.07646590732799748,0.07646590448533469,0.07646590164269444,0.07646589880008761,0.07646589595750947,0.0764658931149546,0.07646589027243274,0.07646588742993303,0.07646588458747049,0.07646588174503664,0.07646587890262216,0.0764658760602414,0.07646587321788861,0.07646587037556593,0.0764658675332645,0.07646586469099921,0.07646586184875359,0.07646585900654167,0.07646585616435315,0.07646585332219626,0.07646585048006978,0.07646584763797232,0.07646584479590046,0.07646584195385543,0.07646583911183759,0.07646583626985112,0.07646583342789343,0.0764658305859642,0.07646582774405929,0.07646582490218246,0.07646582206033334,0.07646581921851603,0.07646581637672674,0.07646581353496684,0.07646581069323498,0.0764658078515248,0.07646580500984855,0.07646580216820015,0.07646579932657524,0.07646579648498321,0.07646579364341917,0.07646579080187965,0.07646578796036992,0.07646578511888512,0.07646578227743156,0.07646577943600355,0.07646577659460631,0.07646577375323968,0.07646577091190225,0.07646576807059115,0.07646576522930922,0.07646576238804977,0.0764657595468229,0.07646575670562067,0.07646575386444467,0.07646575102329863,0.07646574818219153,0.07646574534110509,0.0764657425000449,0.07646573965901475,0.07646573681801024,0.07646573397703967,0.0764657311360972,0.07646572829517599,0.07646572545429506,0.07646572261343004,0.07646571977259184,0.07646571693178855,0.07646571409101141,0.07646571125026133,0.07646570840954238,0.07646570556885146,0.07646570272818987,0.07646569988755555,0.07646569704694939,0.07646569420637174,0.07646569136582164,0.07646568852529413,0.07646568568480108,0.0764656828443383,0.0764656800039016,0.07646567716349023,0.07646567432310937,0.07646567148275694,0.0764656686424331,0.07646566580213948,0.07646566296187131,0.07646566012162509,0.07646565728141638,0.07646565444123266,0.07646565160108007,0.07646564876094764,0.07646564592085157,0.07646564308078144,0.0764656402407326,0.07646563740071072,0.07646563456072146,0.07646563172076086,0.07646562888083036,0.0764656260409286,0.07646562320105073,0.0764656203612025,0.07646561752138571,0.0764656146815962,0.0764656118418337,0.0764656090021005,0.07646560616238944,0.07646560332271239,0.07646560048305866,0.0764655976434497,0.07646559480385716,0.07646559196429363,0.07646558912475272,0.07646558628523936,0.0764655834457593,0.07646558060630927,0.07646557776688054,0.07646557492747998,0.07646557208811307,0.07646556924877525,0.07646556640946238,0.07646556357018217,0.07646556073092711,0.07646555789170077,0.07646555505249507,0.07646555221332749,0.07646554937418056,0.07646554653506163,0.07646554369597576,0.07646554085691798,0.07646553801789319,0.07646553517888995,0.0764655323399124,0.07646552950096625,0.07646552666205032,0.07646552382316238,0.07646552098430374,0.0764655181454663,0.07646551530666244,0.07646551246787973,0.07646550962912085,0.07646550679040012,0.07646550395170373,0.07646550111304196,0.07646549827440041,0.07646549543579567,0.07646549259721673,0.07646548975866291,0.07646548692014038,0.07646548408164681,0.07646548124317383,0.07646547840473114,0.07646547556631537,0.0764654727279342,0.07646546988958026,0.07646546705125434,0.07646546421295795,0.07646546137468883,0.07646545853644839,0.07646545569823508,0.07646545286005131,0.07646545002189473,0.07646544718376697,0.07646544434566803,0.07646544150759838,0.07646543866955403,0.07646543583153909,0.07646543299354515,0.0764654301555861,0.07646542731765606,0.07646542447975137,0.07646542164187409,0.07646541880402621,0.07646541596620826,0.07646541312841819,0.07646541029065027,0.07646540745291627,0.07646540461520895,0.07646540177753075,0.07646539893987739,0.07646539610224959,0.0764653932646504,0.07646539042708704,0.07646538758955126,0.07646538475204392,0.07646538191455715,0.07646537907710454,0.07646537623967756,0.07646537340228418,0.07646537056491536,0.07646536772757485,0.07646536489026286,0.07646536205297909,0.07646535921572241,0.07646535637849403,0.07646535354129319,0.07646535070412148,0.0764653478669755,0.07646534502985856,0.07646534219277018,0.07646533935571269,0.07646533651868093,0.07646533368167216,0.07646533084469694,0.07646532800774687,0.07646532517082724,0.07646532233393667,0.07646531949707278,0.07646531666023262,0.076465313823421,0.07646531098664301,0.07646530814989369,0.07646530531317182,0.07646530247647176,0.0764652996398029,0.07646529680315974,0.07646529396654651,0.07646529112995838,0.07646528829340486,0.07646528545687935,0.07646528262038346,0.07646527978391603,0.07646527694747786,0.07646527411106385,0.07646527127467927,0.07646526843832266,0.07646526560198869,0.07646526276568803,0.076465259929416,0.07646525709317081,0.07646525425695497,0.07646525142076793,0.07646524858460836,0.0764652457484778,0.07646524291236904,0.07646524007628847,0.07646523724024099,0.07646523440422304,0.07646523156823126,0.07646522873225849,0.07646522589632385,0.07646522306041825,0.07646522022453517,0.07646521738868402,0.07646521455285679,0.07646521171706368,0.07646520888129282,0.07646520604555485,0.07646520320984362,0.07646520037416196,0.07646519753850944,0.07646519470288063,0.07646519186728434,0.07646518903171645,0.07646518619617557,0.07646518336066266,0.07646518052517906,0.07646517768971706,0.07646517485428854,0.07646517201888288,0.07646516918350572,0.07646516634816143,0.07646516351283948,0.07646516067755262,0.07646515784229396,0.07646515500706325,0.07646515217185959,0.07646514933668407,0.07646514650153094,0.07646514366641162,0.07646514083132046,0.07646513799625775,0.0764651351612202,0.07646513232620854,0.07646512949123155,0.07646512665628098,0.07646512382136844,0.07646512098647326,0.07646511815160749,0.07646511531676337,0.07646511248194919,0.07646510964716997,0.07646510681241615,0.07646510397769135,0.07646510114299364,0.0764650983083251,0.0764650954736823,0.07646509263906391,0.07646508980447878,0.07646508696992196,0.07646508413539242,0.07646508130088545,0.07646507846641301,0.07646507563196998,0.07646507279755613,0.07646506996316861,0.07646506712880478,0.0764650642944737,0.07646506146016843,0.0764650586258933,0.07646505579164514,0.07646505295742533,0.07646505012323364,0.07646504728907055,0.07646504445493507,0.07646504162082769,0.0764650387867485,0.07646503595269823,0.07646503311867713,0.0764650302846793,0.07646502745071299,0.07646502461676896,0.07646502178285826,0.07646501894897609,0.07646501611512208,0.07646501328129632,0.07646501044749708,0.0764650076137273,0.07646500477998798,0.0764650019462727,0.07646499911258087,0.07646499627891823,0.07646499344528708,0.07646499061168101,0.0764649877781079,0.07646498494456251,0.07646498211104527,0.07646497927755641,0.07646497644409582,0.07646497361066289,0.07646497077725482,0.07646496794387735,0.07646496511052842,0.07646496227720727,0.07646495944390819,0.07646495661064377,0.07646495377740432,0.07646495094419643,0.07646494811101667,0.07646494527786496,0.07646494244474152,0.07646493961163882,0.07646493677856558,0.07646493394552048,0.07646493111250963,0.07646492827952647,0.07646492544656729,0.07646492261363676,0.07646491978073416,0.0764649169478628,0.07646491411501949,0.07646491128220485,0.07646490844943162,0.07646490561667285,0.07646490278394068,0.0764648999512328,0.07646489711855808,0.0764648942859112,0.07646489145329033,0.07646488862070007,0.0764648857881379,0.07646488295560094,0.07646488012309496,0.07646487729061692,0.07646487445816204,0.07646487162574005,0.07646486879334301,0.07646486596097456,0.07646486312863603,0.07646486029632561,0.07646485746404272,0.07646485463178952,0.07646485179956294,0.07646484896736148,0.07646484613519343,0.07646484330305234,0.07646484047093412,0.07646483763885804,0.07646483480680141,0.07646483197477379,0.07646482914277335,0.07646482631080098,0.07646482347885712,0.07646482064694399,0.07646481781505632,0.07646481498319668,0.07646481215136555,0.07646480931956197,0.0764648064877806,0.07646480365603597,0.0764648008243176,0.07646479799262501,0.07646479516095638,0.07646479232932116,0.07646478949771368,0.07646478666612803,0.07646478383457755,0.07646478100305949,0.0764647781715645,0.0764647753400976,0.07646477250865635,0.07646476967724426,0.07646476684586047,0.07646476401450177,0.07646476118318715,0.07646475835188812,0.07646475552061775,0.07646475268937436,0.0764647498581589,0.07646474702697366,0.07646474419581636,0.0764647413646862,0.07646473853358532,0.07646473570251172,0.07646473287146632,0.07646473004044833,0.07646472720945739,0.07646472437849582,0.07646472154756205,0.07646471871665328,0.07646471588577379,0.07646471305493713,0.07646471022411544,0.07646470739332231,0.0764647045625523,0.07646470173181419,0.07646469890110506,0.07646469607042507,0.07646469323977229,0.07646469040914765,0.07646468757855059,0.07646468474797487,0.0764646819174308,0.07646467908691514,0.07646467625643111,0.07646467342596965,0.07646467059553994,0.07646466776514065,0.07646466493476724,0.0764646621044212,0.07646465927410633,0.07646465644381858,0.07646465361355889,0.07646465078332726,0.07646464795312483,0.07646464512294951,0.07646464229280195,0.07646463946268223,0.0764646366325917,0.07646463380252924,0.0764646309724938,0.07646462814248829,0.07646462531251123,0.07646462248256275,0.07646461965264073,0.07646461682274101,0.07646461399287413,0.07646461116303634,0.07646460833322485,0.07646460550343635,0.0764646026736827,0.0764645998439581,0.07646459701425491,0.07646459418457907,0.07646459135493171,0.07646458852531827,0.07646458569573239,0.0764645828661738,0.07646458003664301,0.07646457720714063,0.07646457437766659,0.07646457154821071,0.07646456871879259,0.07646456588939933,0.07646456306003727,0.07646456023070289,0.07646455740139564,0.07646455457212047,0.07646455174287035,0.07646454891364902,0.07646454608445094,0.07646454325528554,0.07646454042614838,0.07646453759703936,0.07646453476795484,0.07646453193889972,0.07646452910987389,0.07646452628087684,0.0764645234519077,0.0764645206229676,0.07646451779405557,0.0764645149651701,0.07646451213631433,0.07646450930748619,0.07646450647868241,0.07646450364991077,0.07646450082116468,0.07646449799244726,0.07646449516375381,0.07646449233509243,0.07646448950646283,0.07646448667785849,0.07646448384927818,0.07646448102072953,0.07646447819220727,0.07646447536371428,0.07646447253525039,0.0764644697068139,0.07646446687840601,0.07646446405002609,0.07646446122167455,0.0764644583933451,0.07646445556504493,0.07646445273677699,0.07646444990853817,0.07646444708032545,0.07646444425213961,0.07646444142398487,0.07646443859585772,0.07646443576775727,0.07646443293968608,0.07646443011164272,0.07646442728362833,0.07646442445563914,0.07646442162768245,0.07646441879975037,0.07646441597184714,0.07646441314396604,0.07646441031611365,0.07646440748828964,0.0764644046604989,0.07646440183273596,0.076464399005002,0.07646439617729514,0.07646439334961729,0.07646439052196605,0.07646438769434366,0.07646438486674405,0.07646438203917785,0.0764643792116377,0.07646437638412486,0.0764643735566421,0.0764643707291867,0.07646436790175999,0.07646436507436155,0.07646436224699289,0.0764643594196555,0.0764643565923397,0.07646435376504783,0.07646435093779043,0.07646434811055709,0.0764643452833668,0.07646434245619275,0.07646433962904547,0.07646433680192669,0.07646433397483682,0.07646433114776938,0.07646432832073521,0.07646432549373197,0.07646432266675582,0.07646431983980205,0.07646431701287479,0.07646431418597972,0.07646431135911379,0.0764643085322713,0.07646430570546277,0.07646430287868021,0.07646430005192682,0.07646429722520995,0.07646429439851248,0.07646429157184206,0.07646428874520027,0.07646428591858682,0.07646428309200169,0.07646428026544602,0.07646427743891698,0.07646427461241566,0.07646427178594048,0.07646426895949146,0.07646426613308681,0.07646426330669771,0.07646426048033882,0.07646425765400686,0.07646425482769693,0.07646425200141986,0.0764642491751714,0.07646424634895013,0.07646424352275359,0.07646424069658869,0.07646423787045233,0.07646423504434441,0.07646423221826605,0.07646422939220758,0.07646422656618367,0.07646422374018698,0.0764642209142183,0.0764642180882756,0.07646421526236298,0.07646421243647644,0.07646420961062075,0.07646420678479246,0.07646420395898677,0.07646420113321392,0.07646419830746679,0.07646419548175273,0.07646419265606474,0.07646418983039752,0.07646418700476555,0.07646418417916187,0.0764641813535864,0.07646417852803246,0.07646417570252512,0.0764641728770326,0.07646417005156837,0.07646416722613303,0.07646416440072584,0.07646416157534561,0.07646415874999359,0.07646415592466912,0.07646415309936927,0.07646415027410032,0.07646414744885716,0.07646414462364602,0.07646414179845823,0.07646413897330245,0.07646413614817535,0.07646413332307438,0.07646413049800549,0.07646412767296192,0.07646412484794698,0.07646412202295905,0.0764641191979991,0.07646411637306753,0.07646411354816367,0.07646411072328747,0.07646410789843518,0.07646410507362239,0.07646410224883057,0.07646409942406766,0.07646409659933165,0.0764640937746238,0.076464090949944,0.07646408812529197,0.07646408530066014,0.07646408247606479,0.07646407965149335,0.07646407682695362,0.076464074002442,0.0764640711779526,0.07646406835349624,0.07646406552907929,0.0764640627046796,0.076464059880308,0.07646405705595928,0.07646405423163878,0.07646405140735162,0.07646404858308711,0.07646404575885518,0.07646404293464981,0.07646404011047439,0.076464037286324,0.076464034462201,0.07646403163810414,0.07646402881404112,0.07646402599000483,0.07646402316599145,0.07646402034200604,0.07646401751805322,0.07646401469413043,0.07646401187023161,0.07646400904636441,0.076464006222521,0.0764640033987097,0.0764640005749269,0.07646399775117146,0.07646399492744402,0.07646399210374419,0.07646398928007556,0.07646398645642669,0.07646398363280923,0.0764639808092164,0.0764639779856513,0.07646397516211893,0.07646397233861206,0.0764639695151372,0.07646396669168475,0.07646396386826625,0.07646396104487468,0.07646395822151221,0.07646395539817198,0.07646395257485969,0.07646394975158116,0.07646394692832902,0.07646394410510648,0.07646394128191106,0.0764639384587406,0.07646393563559892,0.07646393281248248,0.07646392998939879,0.07646392716634443,0.07646392434331231,0.07646392152031316,0.07646391869734066,0.07646391587439702,0.07646391305148321,0.07646391022859554,0.07646390740573612,0.0764639045829044,0.0764639017600908,0.07646389893731338,0.07646389611456338,0.07646389329183928,0.07646389046914787,0.0764638876464817,0.07646388482384263,0.07646388200123488,0.07646387917865541,0.07646387635610376,0.07646387353357331,0.07646387071107581,0.07646386788860707,0.07646386506616466,0.07646386224375343,0.07646385942136816,0.07646385659901087,0.07646385377668305,0.07646385095438114,0.07646384813211046,0.07646384530986569,0.07646384248764915,0.07646383966545932,0.07646383684329532,0.0764638340211627,0.07646383119905914,0.07646382837698382,0.07646382555494399,0.07646382273292433,0.07646381991093298,0.07646381708896546,0.07646381426703862,0.07646381144513584,0.07646380862325676,0.07646380580140567,0.07646380297957729,0.07646380015778237,0.07646379733601057,0.07646379451427084,0.07646379169255905,0.0764637888708763,0.07646378604922086,0.07646378322759109,0.07646378040598795,0.07646377758441959,0.076463774762876,0.07646377194136282,0.07646376911987747,0.07646376629841803,0.0764637634769833,0.07646376065558023,0.07646375783420287,0.07646375501285492,0.0764637521915324,0.07646374937024297,0.0764637465489799,0.07646374372774478,0.07646374090653656,0.07646373808535242,0.0764637352641989,0.07646373244307011,0.07646372962197488,0.07646372680090684,0.07646372397986669,0.07646372115885502,0.0764637183378717,0.07646371551691851,0.0764637126959905,0.0764637098750902,0.07646370705421325,0.07646370423336896,0.0764637014125638,0.07646369859177582,0.07646369577101517,0.07646369295028248,0.07646369012958858,0.07646368730892332,0.07646368448827492,0.0764636816676489,0.07646367884705753,0.07646367602649921,0.07646367320596159,0.07646367038544867,0.07646366756496797,0.07646366474451202,0.07646366192408842,0.07646365910369184,0.07646365628332295,0.07646365346298221,0.07646365064266443,0.07646364782237396,0.07646364500211163,0.07646364218188309,0.07646363936168124,0.07646363654150604,0.0764636337213617,0.07646363090124718,0.07646362808115613,0.0764636252610938,0.07646362244105587,0.07646361962105101,0.07646361680107398,0.07646361398112346,0.07646361116119971,0.07646360834130647,0.07646360552143973,0.07646360270159754,0.07646359988178397,0.07646359706200304,0.07646359424225058,0.07646359142251985,0.0764635886028159,0.0764635857831458,0.0764635829635043,0.0764635801438883,0.07646357732430044,0.07646357450474153,0.0764635716852117,0.07646356886571054,0.07646356604624648,0.07646356322679834,0.07646356040737493,0.07646355758798505,0.0764635547686213,0.07646355194928407,0.07646354912997479,0.07646354631069695,0.07646354349144714,0.07646354067222132,0.07646353785302724,0.07646353503385586,0.07646353221471551,0.07646352939560533,0.07646352657652135,0.07646352375746511,0.07646352093843861,0.0764635181194394,0.07646351530046998,0.0764635124815273,0.07646350966261292,0.07646350684372719,0.07646350402486901,0.07646350120603933,0.0764634983872364,0.07646349556846663,0.07646349274971995,0.07646348993100081,0.07646348711231295,0.07646348429365014,0.07646348147501993,0.07646347865641304,0.07646347583783304,0.07646347301927645,0.07646347020075314,0.07646346738225561,0.07646346456378761,0.07646346174535111,0.0764634589269397,0.07646345610855734,0.07646345329020159,0.07646345047187426,0.07646344765358015,0.07646344483530312,0.07646344201705962,0.07646343919884387,0.07646343638065572,0.07646343356249716,0.07646343074436551,0.07646342792626169,0.0764634251081844,0.07646342229013355,0.07646341947211464,0.07646341665412172,0.07646341383615804,0.07646341101822036,0.07646340820030831,0.07646340538242521,0.07646340256456777,0.07646339974674463,0.0764633969289438,0.07646339411117135,0.07646339129342543,0.07646338847570756,0.07646338565802827,0.07646338284038008,0.07646338002275135,0.07646337720515113,0.0764633743875782,0.07646337157003216,0.07646336875251428,0.07646336593502123,0.07646336311756054,0.07646336030013647,0.07646335748273171,0.07646335466535188,0.07646335184800308,0.07646334903068006,0.07646334621338685,0.07646334339611913,0.07646334057888181,0.07646333776166972,0.0764633349444883,0.07646333212733575,0.07646332931020541,0.07646332649310782,0.07646332367603902,0.07646332085899801,0.07646331804197763,0.07646331522500097,0.07646331240803737,0.07646330959110338,0.0764633067741977,0.07646330395732387,0.0764633011404781,0.07646329832365975,0.07646329550686885,0.07646329269010327,0.07646328987336767,0.07646328705665655,0.07646328423997484,0.07646328142331893,0.07646327860669631,0.07646327579009712,0.07646327297353081,0.07646327015699177,0.07646326734047942,0.07646326452399584,0.07646326170754122,0.07646325889111415,0.07646325607471408,0.0764632532583394,0.07646325044199151,0.07646324762567626,0.0764632448093871,0.0764632419931274,0.07646323917689683,0.07646323636069328,0.07646323354451158,0.07646323072836432,0.076463227912247,0.07646322509615765,0.07646322228009295,0.0764632194640563,0.07646321664804637,0.07646321383206572,0.0764632110161095,0.07646320820018346,0.07646320538428754,0.07646320256842432,0.07646319975257904,0.07646319693676938,0.0764631941209857,0.07646319130522998,0.07646318848951864,0.07646318567382257,0.07646318285814695,0.07646318004249882,0.07646317722688456,0.0764631744112953,0.07646317159573418,0.07646316878020186,0.07646316596470717,0.07646316314922966,0.07646316033378067,0.07646315751835915,0.07646315470296561,0.07646315188759706,0.07646314907225943,0.07646314625695094,0.07646314344166882,0.07646314062641493,0.0764631378111893,0.07646313499598822,0.07646313218081893,0.07646312936567311,0.0764631265505573,0.0764631237354709,0.07646312092040954,0.0764631181053766,0.07646311529037499,0.07646311247540027,0.07646310966045126,0.07646310684553356,0.07646310403063546,0.07646310121576556,0.07646309840093102,0.07646309558612421,0.07646309277134511,0.07646308995658886,0.07646308714186,0.0764630843271599,0.07646308151248879,0.07646307869785213,0.07646307588324092,0.07646307306865718,0.07646307025410126,0.07646306743957423,0.07646306462507298,0.07646306181060256,0.0764630589961567,0.076463056181743,0.07646305336735554,0.07646305055299008,0.07646304773865727,0.07646304492435352,0.07646304211007579,0.07646303929582275,0.07646303648159879,0.0764630336674027,0.0764630308532338,0.07646302803909523,0.07646302522498215,0.07646302241089828,0.07646301959684525,0.0764630167828181,0.07646301396882224,0.07646301115485032,0.07646300834090711,0.07646300552700515,0.07646300271311897,0.07646299989925895,0.0764629970854279,0.0764629942716258,0.07646299145785623,0.07646298864410989,0.07646298583039149,0.07646298301670104,0.07646298020303845,0.07646297738940674,0.07646297457579694,0.07646297176221732,0.07646296894866648,0.07646296613515023,0.0764629633216504,0.07646296050817761,0.07646295769473938,0.07646295488132798,0.07646295206794286,0.07646294925458047,0.07646294644125168,0.07646294362795017,0.0764629408146763,0.0764629380014328,0.07646293518821279,0.07646293237502434,0.07646292956186329,0.07646292674872895,0.07646292393563218,0.07646292112255572,0.07646291830950637,0.07646291549648195,0.07646291268349083,0.07646290987052429,0.07646290705758894,0.07646290424468077,0.07646290143179929,0.07646289861894436,0.0764628958061193,0.07646289299332094,0.07646289018055227,0.0764628873678084,0.07646288455509463,0.07646288174240419,0.07646287892974588,0.07646287611712246,0.07646287330452055,0.07646287049194488,0.07646286767939885,0.07646286486687974,0.07646286205438894,0.0764628592419262,0.07646285642948894,0.0764628536170818,0.0764628508047054,0.07646284799235363,0.07646284518003141,0.07646284236773644,0.07646283955546888,0.07646283674323072,0.07646283393101402,0.0764628311188301,0.07646282830667399,0.0764628254945461,0.07646282268244592,0.07646281987037365,0.07646281705832916,0.07646281424631185,0.07646281143432315,0.07646280862236184,0.07646280581042704,0.07646280299852057,0.07646280018664423,0.07646279737478988,0.07646279456296906,0.07646279175117646,0.07646278893941119,0.07646278612767188,0.07646278331596307,0.0764627805042815,0.07646277769262856,0.07646277488100173,0.07646277206940427,0.07646276925783516,0.0764627664462915,0.07646276363477761,0.07646276082329063,0.07646275801183199,0.07646275520040065,0.07646275238899775,0.07646274957762364,0.0764627467662732,0.07646274395495428,0.07646274114366236,0.07646273833239944,0.0764627355211593,0.07646273270995275,0.07646272989877165,0.07646272708761769,0.07646272427649284,0.07646272146539634,0.07646271865432826,0.07646271584328714,0.076462713032273,0.07646271022128548,0.07646270741032798,0.0764627045993994,0.0764627017884992,0.07646269897762618,0.07646269616678074,0.0764626933559637,0.07646269054518741,0.0764626877344259,0.07646268492369149,0.07646268211298622,0.0764626793023086,0.07646267649165772,0.07646267368103635,0.07646267087044213,0.07646266805987627,0.0764626652493409,0.07646266243883226,0.0764626596283497,0.07646265681789603,0.07646265400746706,0.07646265119706826,0.07646264838669635,0.07646264557635138,0.0764626427660331,0.0764626399557458,0.0764626371454813,0.0764626343352479,0.07646263152504401,0.07646262871486824,0.07646262590472089,0.07646262309461115,0.07646262028451845,0.07646261747444703,0.07646261466441104,0.07646261185440222,0.07646260904442222,0.0764626062344747,0.07646260342455273,0.07646260061465529,0.07646259780478566,0.07646259499494441,0.07646259218513192,0.07646258937534416,0.07646258656558397,0.07646258375585448,0.07646258094615367,0.07646257813647994,0.07646257532683405,0.07646257251721554,0.07646256970762734,0.07646256689806222,0.07646256408852421,0.07646256127901249,0.0764625584695345,0.07646255566008224,0.07646255285065862,0.07646255004126318,0.07646254723189604,0.07646254442255737,0.07646254161324287,0.07646253880395903,0.07646253599470305,0.07646253318547395,0.07646253037627411,0.07646252756710159,0.07646252475795348,0.07646252194883686,0.0764625191397461,0.07646251633068579,0.07646251352165039,0.076462510712645,0.0764625079036693,0.0764625050947177,0.07646250228579708,0.07646249947690362,0.07646249666803544,0.07646249385919644,0.07646249105038501,0.0764624882416037,0.07646248543284935,0.07646248262412296,0.0764624798154243,0.07646247700675202,0.0764624741981033,0.07646247138948904,0.07646246858089935,0.07646246577233619,0.07646246296380381,0.0764624601553006,0.07646245734682489,0.07646245453837505,0.07646245172995512,0.07646244892156295,0.0764624461131986,0.07646244330486329,0.07646244049655437,0.0764624376882754,0.07646243488002112,0.07646243207179633,0.07646242926359915,0.07646242645543008,0.07646242364728573,0.07646242083917218,0.07646241803108415,0.07646241522302079,0.07646241241499296,0.07646240960698512,0.07646240679901181,0.07646240399106545,0.0764624011831495,0.07646239837525882,0.07646239556739298,0.0764623927595615,0.0764623899517523,0.07646238714396927,0.07646238433621366,0.07646238152848411,0.07646237872078743,0.07646237591311993,0.07646237310547938,0.07646237029786723,0.07646236749027792,0.07646236468272191,0.07646236187518834,0.0764623590676875,0.07646235626022586,0.0764623534527819,0.07646235064536473,0.07646234783797068,0.07646234503060886,0.0764623422232762,0.076462339415969,0.07646233660869116,0.07646233380143858,0.07646233099421806,0.0764623281870158,0.07646232537984732,0.0764623225727087
8,0.0,0.0,0.0,0.0,0.0,0.0,0.0,0.0,0.0,0.0,0.0,0.0,0.0,0.0,0.0,0.0,0.0,0.0,0.0,0.0,0.0,0.0,0.0,0.0,0.0,0.0,0.0,0.0,0.0,0.0,0.0,0.0,0.0,0.0,0.0,0.0,0.0,0.0,0.0,0.0,0.0,0.0,0.0,0.0,0.0,0.0,0.0,0.0,0.0,0.0,0.0,0.0,0.0,0.0,0.0,0.0,0.0,0.0,0.0,0.0,0.0,0.0,0.0,0.0,0.0,0.0,0.0,0.0,0.0,0.0,0.0,0.0,0.0,0.0,0.0,0.0,0.0,0.0,0.0,0.0,0.0,0.0,0.0,0.0,0.0,0.0,0.0,0.0,0.0,0.0,0.0,0.0,0.0,0.0,0.0,0.0,0.0,0.0,0.0,0.0,0.0,0.0,0.0,0.0,0.0,0.0,0.0,0.0,0.0,0.0,0.0,0.0,0.0,0.0,0.0,0.0,0.0,0.0,0.0,0.0,0.0,0.0,0.0,0.0,0.0,0.0,0.0,0.0,0.0,0.0,0.0,0.0,0.0,0.0,0.0,0.0,0.0,0.0,0.0,0.0,0.0,0.0,0.0,0.0,0.0,0.0,0.0,0.0,0.0,0.0,0.0,0.0,0.0,0.0,0.0,0.0,0.0,0.0,0.0,0.0,0.0,0.0,0.0,0.0,0.0,0.0,0.0,0.0,0.0,0.0,0.0,0.0,0.0,0.0,0.0,0.0,0.0,0.0,0.0,0.0,0.0,0.0,0.0,0.0,0.0,0.0,0.0,0.0,0.0,0.0,0.0,0.0,0.0,0.0,0.0,0.0,0.0,0.0,0.0,0.0,0.0,0.0,0.0,0.0,0.0,0.0,0.0,0.0,0.0,0.0,0.0,0.0,0.0,0.0,0.0,0.0,0.0,0.0,0.0,0.0,0.0,0.0,0.0,0.0,0.0,0.0,0.0,0.0,0.0,0.0,0.0,0.0,0.0,0.0,0.0,0.0,0.0,0.0,0.0,0.0,0.0,0.0,0.0,0.0,0.0,0.0,0.0,0.0,0.0,0.0,0.0,0.0,0.0,0.0,0.0,0.0,0.0,0.0,0.0,0.0,0.0,0.0,0.0,0.0,0.0,0.0,0.0,0.0,0.0,0.0,0.0,0.0,0.0,0.0,0.0,0.0,0.0,0.0,0.0,0.0,0.0,0.0,0.0,0.0,0.0,0.0,0.0,0.0,0.0,0.0,0.0,0.0,0.0,0.0,0.0,0.0,0.0,0.0,0.0,0.0,0.0,0.0,0.0,0.0,0.0,0.0,0.0,0.0,0.0,0.0,0.0,0.0,0.0,0.0,0.0,0.0,0.0,0.0,0.0,0.0,0.0,0.0,0.0,0.0,0.0,0.0,0.0,0.0,0.0,0.0,0.0,0.0,0.0,0.0,0.0,0.0,0.0,0.0,0.0,0.0,0.0,0.0,0.0,0.0,0.0,0.0,0.0,0.0,0.0,0.0,0.0,0.0,0.0,0.0,0.0,0.0,0.0,0.0,0.0,0.0,0.0,0.0,0.0,0.0,0.0,0.0,0.0,0.0,0.0,0.0,0.0,0.0,0.0,0.0,0.0,0.0,0.0,0.0,0.0,0.0,0.0,0.0,0.0,0.0,0.0,0.0,0.0,0.0,0.0,0.0,0.0,0.0,0.0,0.0,0.0,0.0,0.0,0.0,0.0,0.0,0.0,0.0,0.0,0.0,0.0,0.0,0.0,0.0,0.0,0.0,0.0,0.0,0.0,0.0,0.0,0.0,0.0,0.0,0.0,0.0,0.0,0.0,0.0,0.0,0.0,0.0,0.0,0.0,0.0,0.0,0.0,0.0,0.0,0.0,0.0,0.0,0.0,0.0,0.0,0.0,0.0,0.0,0.0,0.0,0.0,0.0,0.0,0.0,0.0,0.0,0.0,0.0,0.0,0.0,0.0,0.0,0.0,0.0,0.0,0.0,0.0,0.0,0.0,0.0,0.0,0.0,0.0,0.0,0.0,0.0,0.0,0.0,0.0,0.0,0.0,0.0,0.0,0.0,0.0,0.0,0.0,0.0,0.0,0.0,0.0,0.0,0.0,0.0,0.0,0.0,0.0,0.0,0.0,0.0,0.0,0.0,0.0,0.0,0.0,0.0,0.0,0.0,0.0,0.0,0.0,0.0,0.0,0.0,0.0,0.0,0.0,0.0,0.0,0.0,0.0,0.0,0.0,0.0,0.0,0.0,0.0,0.0,0.0,0.0,0.0,0.0,0.0,0.0,0.0,0.0,0.0,0.0,0.0,0.0,0.0,0.0,0.0,0.0,0.0,0.0,0.0,0.0,0.0,0.0,0.0,0.0,0.0,0.0,0.0,0.0,0.0,0.0,0.0,0.0,0.0,0.0,0.0,0.0,0.0,0.0,0.0,0.0,0.0,0.0,0.0,0.0,0.0,0.0,0.0,0.0,0.0,0.0,0.0,0.0,0.0,0.0,0.0,0.0,0.0,0.0,0.0,0.0,0.0,0.0,0.0,0.0,0.0,0.0,0.0,0.0,0.0,0.0,0.0,0.0,0.0,0.0,0.0,0.0,0.0,0.0,0.0,0.0,0.0,0.0,0.0,0.0,0.0,0.0,0.0,0.0,0.0,0.0,0.0,0.0,0.0,0.0,0.0,0.0,0.0,0.0,0.0,0.0,0.0,0.0,0.0,0.0,0.0,0.0,0.0,0.0,0.0,0.0,0.0,0.0,0.0,0.0,0.0,0.0,0.0,0.0,0.0,0.0,0.0,0.0,0.0,0.0,0.0,0.0,0.0,0.0,0.0,0.0,0.0,0.0,0.0,0.0,0.0,0.0,0.0,0.0,0.0,0.0,0.0,0.0,0.0,0.0,0.0,0.0,0.0,0.0,0.0,0.0,0.0,0.0,0.0,0.0,0.0,0.0,0.0,0.0,0.0,0.0,0.0,0.0,0.0,0.0,0.0,0.0,0.0,0.0,0.0,0.0,0.0,0.0,0.0,0.0,0.0,0.0,0.0,0.0,0.0,0.0,0.0,0.0,0.0,0.0,0.0,0.0,0.0,0.0,0.0,0.0,0.0,0.0,0.0,0.0,0.0,0.0,0.0,0.0,0.0,0.0,0.0,0.0,0.0,0.0,0.0,0.0,0.0,0.0,0.0,0.0,0.0,0.0,0.0,0.0,0.0,0.0,0.0,0.0,0.0,0.0,0.0,0.0,0.0,0.0,0.0,0.0,0.0,0.0,0.0,0.0,0.0,0.0,0.0,0.0,0.0,0.0,0.0,0.0,0.0,0.0,0.0,0.0,0.0,0.0,0.0,0.0,0.0,0.0,0.0,0.0,0.0,0.0,0.0,0.0,0.0,0.0,0.0,0.0,0.0,0.0,0.0,0.0,0.0,0.0,0.0,0.0,0.0,0.0,0.0,0.0,0.0,0.0,0.0,0.0,0.0,0.0,0.0,0.0,0.0,0.0,0.0,0.0,0.0,0.0,0.0,0.0,0.0,0.0,0.0,0.0,0.0,0.0,0.0,0.0,0.0,0.0,0.0,0.0,0.0,0.0,0.0,0.0,0.0,0.0,0.0,0.0,0.0,0.0,0.0,0.0,0.0,0.0,0.0,0.0,0.0,0.0,0.0,0.0,0.0,0.0,0.0,0.0,0.0,0.0,0.0,0.0,0.0,0.0,0.0,0.0,0.0,0.0,0.0,0.0,0.0,0.0,0.0,0.0,0.0,0.0,0.0,0.0,0.0,0.0,0.0,0.0,0.0,0.0,0.0,0.0,0.0,0.0,0.0,0.0,0.0,0.0,0.0,0.0,0.0,0.0,0.0,0.0,0.0,0.0,0.0,0.0,0.0,0.0,0.0,0.0,0.0,0.0,0.0,0.0,0.0,0.0,0.0,0.0,0.0,0.0,0.0,0.0,0.0,0.0,0.0,0.0,0.0,0.0,0.0,0.0,0.0,0.0,0.0,0.0,0.0,0.0,0.0,0.0,0.0,0.0,0.0,0.0,0.0,0.0,0.0,0.0,0.0,0.0,0.0,0.0,0.0,0.0,0.0,0.0,0.0,0.0,0.0,0.0,0.0,0.0,0.0,0.0,0.0,0.0,0.0,0.0,0.0,0.0,0.0,0.0,0.0,0.0,0.0,0.0,0.0,0.0,0.0,0.0,0.0,0.0,0.0,0.0,0.0,0.0,0.0,0.0,0.0,0.0,0.0,0.0,0.0,0.0,0.0,0.0,0.0,0.0,0.0,0.0,0.0,0.0,0.0,0.0,0.0,0.0,0.0,0.0,0.0,0.0,0.0,0.0,0.0,0.0,0.0,0.0,0.0,0.0,0.0,0.0,3.5279658338656656e-08,6.330755304560617e-08,8.563157967774964e-08,1.0347538007092253e-07,1.1780486590768322e-07,1.293815405319962e-07,1.3880508709792813e-07,1.4654728562680872e-07,1.5297896028976552e-07,1.583913466770778e-07,1.6301300597361934e-07,1.6702319462747077e-07,1.7056241880938514e-07,1.7374075695995653e-07,1.7664441561871172e-07,1.7934088865494505e-07,1.8188301381355843e-07,1.8431215956825229e-07,1.86660726727048e-07,1.88954110615788e-07,1.9121223900124924e-07,1.9345077660818147e-07,1.9568206783891678e-07,1.979158740851728e-07,2.001599499998688e-07,2.0242049361168092e-07,2.0470249768212887e-07,2.0701002381521265e-07,2.0934641618866058e-07,2.11714468129764e-07,2.1411655190072454e-07,2.1655471978183215e-07,2.1903078280793645e-07,2.2154637210174977e-07,2.2410298668068415e-07,2.2670203074377412e-07,2.2934484281510783e-07,2.3203271855207004e-07,2.347669286670993e-07,2.3754873306611695e-07,2.40379392073776e-07,2.4326017541299047e-07,2.461923694652713e-07,2.4917728321664414e-07,2.5221625320425737e-07,2.5531064770971423e-07,2.5846187038800616e-07,2.6167136348235986e-07,2.6494061073750913e-07,2.682711401039993e-07,2.7166452630381006e-07,2.751223933105348e-07,2.7864641678884e-07,2.8223832653316386e-07,2.8589990892690103e-07,2.8963300944899574e-07,2.9343953524633483e-07,2.9732145779227376e-07,3.012808156391783e-07,3.053197172839354e-07,3.094403441561594e-07,3.136449537411927e-07,3.1793588284231925e-07,3.2231555101349053e-07,3.267864641444435e-07,3.3135121823239586e-07,3.360125033405433e-07,3.407731077675645e-07,3.4563592241674783e-07,3.5060394540893617e-07,3.556802869331652e-07,3.6086817435429575e-07,3.661709575967482e-07,3.7159211482005977e-07,3.7713525840453616e-07,3.8280414126749454e-07,3.8860266352938797e-07,3.945348795541198e-07,4.0060500539193376e-07,4.068174266378156e-07,4.1317670674870504e-07,4.196875958422028e-07,4.2635504000789193e-07,4.331841911705991e-07,4.401804175415228e-07,4.4734931468943134e-07,4.5469671729371854e-07,4.622287116103937e-07,4.6995164870711813e-07,4.77872158522256e-07,4.859971648088271e-07,4.943339010266017e-07,5.028899272482274e-07,5.116731481623899e-07,5.20691832248979e-07,5.299546322171315e-07,5.394706068009815e-07,5.492492440374164e-07,5.593004860834429e-07,5.696347557787573e-07,5.802629850181449e-07,5.91196645121737e-07,6.02447779344714e-07,6.140290377111917e-07,6.259537143608277e-07,6.382357876160403e-07,6.508899630125803e-07,6.639317195242813e-07,6.773773592795026e-07,6.912440610601545e-07,7.05549937919087e-07,7.203140993075962e-07,7.35556718072964e-07,7.512991028066895e-07,7.675637760480164e-07,7.84374558850749e-07,8.01756662334877e-07,8.19736786917454e-07,8.383432299448953e-07,8.576060025265789e-07,8.775569565390899e-07,8.982299227773469e-07,9.196608614470712e-07,9.418880262035193e-07,9.649521432105214e-07,9.88896606800449e-07,1.01376769351435e-06,1.0396147965282172e-06,1.0664906827538665e-06,1.0944517750879222e-06,1.1235584627578495e-06,1.1538754429688837e-06,1.185472097480277e-06,1.2184229083888503e-06,1.252807917704047e-06,1.2887132362196168e-06,1.326231607725233e-06,1.3654630356524612e-06,1.4065154801212151e-06,1.4495056346306266e-06,1.4945597929644943e-06,1.5418148185476491e-06,1.5914192302852633e-06,1.6435344212766186e-06,1.6983360292723065e-06,1.7560154809111155e-06,1.8167817354473785e-06,1.8808632579682341e-06,1.948510257351871e-06,2.0199972303642183e-06,2.0956258607818196e-06,2.1757283313447286e-06,2.260671117108926e-06,2.3508593419651886e-06,2.4467417959566194e-06,2.5488167304408938e-06,2.657638572040654e-06,2.773825725743183e-06,2.898069673599946e-06,3.031145620868553e-06,3.1739249972517278e-06,3.327390192192823e-06,3.492651991036553e-06,3.6709702926258264e-06,3.863778831841354e-06,4.0727148149249944e-06,4.299654612728234e-06,4.546756965180191e-06,4.816515553017553e-06,5.111823322211964e-06,5.436051649356256e-06,5.793148374496863e-06,6.187759991960157e-06,6.6253850069578005e-06,7.112567822018216e-06,7.546139008990749e-06,7.546139008992486e-06,7.5461390089948754e-06,7.546139009005431e-06,8.120014833652275e-06,8.777704657196323e-06,9.528423224098925e-06,1.0386315976487422e-05,1.1370488343618938e-05,1.2505721361462098e-05,1.3823828999661428e-05,1.5365746794959778e-05,1.718457647948118e-05,1.9349975901347815e-05,2.1954540217941202e-05,2.512318934183552e-05,2.9027220987078576e-05,3.390574262405773e-05,4.0099014306129594e-05,4.809788608637084e-05,5.864467673542542e-05,7.285002723442879e-05,9.244972934863088e-05,0.00012020071213534576,0.00016055476148605011,0.00022074582123353257,0.0003123808207317115,0.00045326816193715953,0.0006682591510972218,0.0006899140544538635,0.0010190887287379882,0.0014789816205757094,0.0020802087165204164,0.002814126920440477,0.003657465045646456,0.004582783087823399,0.004881889116986533,0.005888874825720106,0.006947788953770247,0.008065922557357877,0.009253843914495258,0.010514451226979046,0.011836657862193442,0.013197250189483528,0.014567697807124138,0.0159208279288547,0.017234737892145705,0.018493956694356654,0.019688927459575668,0.020814813884563237,0.02187022905430526,0.022856145934654445,0.023775055923684306,0.024630356991647243,0.025425926300474723,0.026165831015392233,0.026854138574774245,0.027494796740245738,0.028091561708168015,0.028647958800897814,0.029167264881367946,0.029652504961590557,0.030106457828134776,0.030531667153153814,0.030930455703553215,0.03130494105247299,0.03165705174296872,0.0319885432287562,0.032301013173579696,0.032595915865119666,0.032874575616978,0.033138199110692636,0.03338788668050568,0.0336246425762735,0.03384938425918872,0.03406295079569627,0.03426611041973914,0.034459567334734285,0.03464396782407461,0.03481990573677672,0.03498792740996729,0.03514853608554315,0.03530219587368116,0.035449335310508825,0.035590350553663753,0.03572560825431514,0.03585544814055172,0.03598018534331168,0.036100112492828705,0.036215501610022266,0.036326605815294156,0.03643366087404831,0.03653688659630931,0.03663648810597356,0.03673265699319389,0.03682557236232677,0.0369154017858466,0.037002302174039575,0.03708642056889933,0.03716789486969428,0.03724685449705313,0.03732342100139047,0.03739770862114169,0.03746982479544622,0.037539870635606855,0.037607941359012985,0.037674126689157206,0.03773851122440526,0.037801174778867866,0.037862192696911434,0.03792163614478168,0.03797957238003596,0.03803606500158609,0.03809117418147578,0.03814495688003521,0.038197467045752345,0.03824875580107406,0.038298871615242695,0.03834786046517383,0.03839576598534972,0.03844262960749914,0.03848849069092332,0.03853338664404431,0.038577353038000826,0.038620423712699886,0.03866263087602542,0.03870400519657997,0.03874457589050579,0.038784370802785004,0.03882341648337082,0.03886173825855975,0.03889936029796006,0.03893630567721649,0.03897259643699687,0.0390082536382852,0.039043297414444206,0.03907774702001522,0.039111620876717906,0.03914493661664133,0.03917771112291841,0.03920996056807237,0.039241700450043854,0.03927294562621017,0.03930371034541926,0.0393340082782138,0.03936385254533484,0.03939325574465255,0.039422229976510466,0.03945078686781025,0.03947893759458959,0.03950669290353814,0.039534063132235966,0.03956105822825717,0.03958768776739582,0.039613960970822044,0.03963988672131202,0.0396654735786799,0.03969072979433355,0.03971566332517905,0.039740281846685606,0.03976459276534996,0.039788603230523405,0.03981232014559481,0.03983575017868006,0.03985889977265371,0.039881775154862,0.039904382346185575,0.0399267271697464,0.0399488152591673,0.039970652066413974,0.03999224286928096,0.04001359277851751,0.04003470674459515,0.04005558956416919,0.04007624588622361,0.04009668021793789,0.04011689693028238,0.040136900263342844,0.04015669433140518,0.04017628312781025,0.04019567052958461,0.040214860301859445,0.04023385610209844,0.04025266148413234,0.04027127990200584,0.04028971471366292,0.040307969184484704,0.04032604649063931,0.04034394972231264,0.04036168188679089,0.0403792459114125,0.04039664464639479,0.04041388086751918,0.04043095727877723,0.04044787651475748,0.04046464114313448,0.04048125366686911,0.040497716526466214,0.040514032101968134,0.04053020271506448,0.04054623063101657,0.04056211806040019,0.04057786716102727,0.04059348003957721,0.0406089587532512,0.040624305311338635,0.04063952167676089,0.04065460976749109,0.04066957145798919,0.04068440858051893,0.04069912292645728,0.04071371624754149,0.04072819025703046,0.040742546630966894,0.0407567870091392,0.040770912996269296,0.040784926162980024,0.040798828046821736,0.04081262015320378,0.040826303956335075,0.04083988090011904,0.040853352398954094,0.04086671983866169,0.04087998457720782,0.04089314794544875,0.04090621124804496,0.04091917576396248,0.04093204274720891,0.040944813427636347,0.04095748901148798,0.040970070682020125,0.040982559600127,0.040994956904937555,0.04100726371435239,0.04101948112559212,0.04103161021572542,0.0410436520422226,0.041055607643405316,0.04106747803891865,0.04107926423024145,0.041090967201031746,0.04110258791772022,0.04111412732980348,0.04112558637032694,0.04113696595618674,0.0411482669886209,0.04115949035354476,0.04117063692181999,0.04118170754976827,0.04119270307936574,0.04120362433866475,0.04121447214206276,0.041225247290636625,0.0412359505724293,0.04124658276272729,0.04125714462438371,0.04126763690809035,0.04127806035256191,0.041288415684910096,0.041298703620872845,0.04130892486496606,0.0413190801108306,0.041329170041418124,0.0413391953292166,0.04134915663648693,0.04135905461546853,0.04136888990856308,0.04137866314855576,0.04138837495883032,0.04139802595354484,0.04140761673780158,0.041417147907870044,0.041426620051315435,0.04143603374719747,0.04144538956627791,0.04145468807104589,0.041463929816086174,0.04147311534801461,0.04148224520580592,0.0414913199208712,0.04150034001721826,0.04150930601147311,0.04151821841322462,0.04152707772504566,0.041535884442611644,0.04154463905484501,0.04155334204403213,0.04156199388601187,0.04157059505020369,0.041579145999737624,0.04158764719162402,0.041596099076802645,0.04160450210031527,0.04161285670133844,0.04162116331334033,0.04162942236413702,0.041637634276038435,0.04164579946591554,0.04165391834531188,0.04166199132048027,0.0416700187925897,0.04167800115768306,0.04168593880682765,0.04169383212623822,0.04170168149726418,0.0417094872965282,0.04171724989601053,0.04172496966309698,0.04173264696069531,0.041740282147246205,0.041747875576851404,0.0417554275993416,0.04176293856028627,0.04177040880119169,0.041777838659367246,0.041785228468208424,0.04179257855705739,0.041799889251454225,0.04180716087306833,0.041814393739785044,0.04182158816581275,0.04182874446170121,0.041835862934371124,0.04184294388723751,0.04184998762021627,0.04185699442979111,0.041863964609056364,0.04187089844779609,0.04187779623249519,0.04188465824641018,0.04189148476963028,0.04189827607910559,0.04190503244867269,0.04191175414915869,0.04191844144841144,0.04192509461124929,0.04193171389964111,0.041938299572679895,0.04194485188662136,0.041951371094952,0.04195785744838624,0.04196431119495693,0.04197073258002058,0.04197712184630821,0.041983479233945464,0.041989804980522856,0.04199609932109935,0.042002362488250684,0.04200859471210574,0.042014796220377106,0.042020967238396434,0.04202710798914409,0.04203321869328423,0.04203929956919808,0.04204535083301461,0.04205137269863655,0.042057365377774054,0.04206332907997916,0.042069264012659535,0.04207517038112824,0.04208104838863592,0.04208689823634663,0.04209272012341153,0.04209851424702035,0.042104280802345725,0.042110019982662006,0.042115731979284844,0.042121416981673966,0.04212707517739701,0.04213270675218782,0.04213831188995613,0.04214389077283535,0.042149443581160594,0.04215497049351557,0.04216047168677352,0.042165947336087146,0.04217139761493443,0.04217682269513142,0.04218222274683115,0.04218759793858958,0.04219294843735386,0.04219827440848579,0.042203576015793484,0.04220885342153345,0.04221410678644768,0.04221933626977156,0.042224542029246935,0.04222972422115571,0.04223488300034798,0.042240018520189826,0.04224513093268816,0.04225022038842264,0.04225528703660505,0.04226033102507272,0.04226535250032683,0.04227035160752252,0.04227532849052032,0.042280283291880494,0.0422852161528296,0.04229012721338042,0.04229501661227725,0.042299884487016604,0.04230473097389044,0.04230955620794954,0.04231436032305281,0.04231914345191506,0.04232390572602361,0.042328647275752196,0.04233336823032484,0.04233806871782793,0.042342748865238054,0.04234740879843745,0.04235204864220828,0.042356668520218146,0.042361268555124294,0.042365848868513516,0.042370409580920074,0.042374950811843566,0.04237947267980963,0.04238397530227845,0.04238845879574124,0.042392923275695195,0.04239736885667115,0.04240179565223231,0.0424062037749917,0.04241059333661485,0.04241496444783978,0.04241931721848335,0.04242365175745584,0.04242796817274249,0.042432266571464546,0.042436547059832234,0.04244080974321847,0.04244505472610872,0.042449282112137235,0.0424534920040925,0.04245768450392566,0.04246185971276817,0.042466017730930394,0.042470158657911275,0.042474282592410505,0.04247838963233305,0.04248247987480031,0.04248655341615754,0.042490610351978465,0.04249465077708901,0.04249867478554937,0.04250268247067986,0.04250667392506593,0.04251064924056238,0.04251460850830654,0.04251855181871505,0.0425224792614981,0.042526390925671995,0.042530286899573395,0.04253416727081593,0.04253803212636981,0.04254188155252029,0.0425457156348885,0.04254953445843707,0.04255333810748368,0.04255712666570849,0.0425609002161122,0.04256465884113697,0.042568402622495255,0.0425721316413707,0.04257584597829949,0.04257954571321645,0.042583230925455205,0.04258690169374958,0.042590558096244575,0.0425942002105005,0.042597828113508186,0.04260144188167547,0.042605041590856665,0.04260862731631963,0.04261219913281334,0.04261575711449787,0.04261930133500282,0.04262283186742843,0.042626348784336236,0.042629852157748636,0.04263334205915776,0.042636818559574914,0.042640281729456525,0.04264373163876258,0.04264716835694849,0.04265059195296427,0.042654002495277225,0.042657400051847094,0.042660784690161976,0.04266415647721152,0.04266751547954759,0.04267086176317588,0.04267419539370384,0.042677516436246045,0.04268082495545343,0.0426841210155544,0.042687404680259486,0.04269067601290398,0.04269393507634486,0.04269718193300508,0.04270041664486331,0.042703639273496956,0.0427068498800014,0.042710048525100255,0.04271323526907915,0.042716410171825314,0.042719573292776376,0.04272272469097811,0.04272586442508898,0.0427289925533559,0.042732109133625025,0.0427352142233453,0.042738307879589627,0.04274139015903339,0.04274446111798044,0.04274752081232495,0.0427505692976308,0.04275360662902322,0.04275663286131942,0.04275964804894606,0.042762652245970235,0.042765645506085706,0.04276862788265446,0.042771599428647215,0.042774560196716875,0.042777510239150884,0.04278044960789941,0.04278337835456707,0.04278629653042802,0.04278920418640195,0.042792101373100556,0.0427949881407652,0.042797864539347516,0.04280073061846099,0.04280358642739987,0.042806432015131554,0.042809267430312055,0.042812092721273586,0.042814907936069534,0.04281771312240391,0.04282050832770448,0.04282329359905978,0.04282606898329036,0.04282883452690601,0.042831590276128664,0.04283433627687731,0.04283707257478174,0.04283979921518194,0.0428425162431308,0.042845223703410484,0.042847921640492406,0.042850610098597475,0.04285328912165754,0.04285595875333271,0.04285861903700554,0.04286127001578233,0.042863911732524546,0.042866544229805056,0.042869167549942584,0.04287178173499163,0.042874386826747275,0.042876982866744545,0.042879569896277905,0.04288214795636333,0.04288471708777763,0.04288727733105281,0.04288982872646851,0.042892371314059416,0.04289490513361991,0.04289743022469757,0.04289994662660609,0.04290245437841317,0.04290495351895852,0.04290744408684566,0.04290992612044444,0.042912399657890996,0.042914864737100794,0.04291732139574819,0.0429197696713129,0.042922209601019674,0.04292464122188334,0.042927064570686436,0.042929479684031706,0.04293188659826908,0.04293428534953838,0.04293667597377912,0.04293905850670945,0.04294143298383942,0.04294379944047132,0.04294615791170446,0.04294850843242809,0.04295085103732654,0.042953185760881495,0.042955512637389566,0.042957831700932085,0.04296014298539825,0.042962446524476304,0.042964742351665274,0.04296703050027301,0.04296931100340874,0.042971583894001346,0.042973849204797576,0.042976106968312534,0.04297835721692461,0.042980599982809696,0.04298283529795848,0.042985063194182715,0.0429872837031126,0.042989496856210355,0.04299170268474296,0.04299390121980836,0.04299609249232516,0.042998276533048246,0.04300045337255248,0.04300262304124571,0.04300478556934212,0.04300694098691942,0.04300908932387494,0.04301123060993632,0.04301336487467222,0.04301549214748454,0.043017612457611085,0.04301972583413697,0.04302183230595975,0.043023931901844184,0.043026024650391896,0.043028110580054,0.043030189719089326,0.04303226209564077,0.04303432773768383,0.04303638667304398,0.043038438929395406,0.043040484534253666,0.04304252351499151,0.043044555898836115,0.0430465817128643,0.043048600983996155,0.043050613739020936,0.0430526200045776,0.04305461980716323,0.04305661317313048,0.043058600128693586,0.04306058069992225,0.04306255491277356,0.04306452279299992,0.04306648436627411,0.04306843965812495,0.043070388693925155,0.04307233149892991,0.04307426809825852,0.04307619851689229,0.04307812277968164,0.043080040911344854,0.04308195293647888,0.04308385887953881,0.0430857587648629,0.04308765261665156,0.04308954045899184,0.0430914223158262,0.04309329821098753,0.04309516816818542,0.04309703221098827,0.04309889036286082,0.043100742647136876,0.043102589087038776,0.04310442970565765,0.04310626452597326,0.043108093570838515,0.04310991686300291,0.04311173442507974,0.0431135462795999,0.043115352448928765,0.04311715295535876,0.04311894782105272,0.04312073706806156,0.04312252071832188,0.04312429879366721,0.04312607131581325,0.04312783830636567,0.04312959978682493,0.043131355778578746,0.04313310630290865,0.04313485138098919,0.04313659103388965,0.043138325282566656,0.04314005414788761,0.04314177765058916,0.04314349581133354,0.04314520865065665,0.04314691618900687,0.04314861844671692,0.043150315444048265,0.04315200720112302,0.043153693737985825,0.043155375074575245,0.04315705123073513,0.04315872222620739,0.043160388080642695,0.04316204881359064,0.04316370444450315,0.043165354992744986,0.043167000477572354,0.04316864091814996,0.0431702763335697,0.0431719067428103,0.04317353216476355,0.0431751526182132,0.04317676812187873,0.0431783786943729,0.043179984354219804,0.043181585119855835,0.043183181009638305,0.043184772041825414,0.043186358234584186,0.043187939605981274,0.04318951617402817,0.04319108795663706,0.04319265497162302,0.04319421723673834,0.043195774769627604,0.04319732758786481,0.043198875708941,0.043200419150250795,0.043201957929122944,0.04320349206278756,0.043205021568403855,0.043206546463048195,0.043208066763715455,0.043209582487319785,0.04321109364956068,0.04321260026838626,0.04321410236047656,0.04321559994239889,0.04321709303067874,0.04321858164176818,0.0432200657920274,0.04322154549774335,0.043223020775130246,0.04322449164032588,0.04322595810939477,0.04322742019831931,0.04322887792301511,0.04323033129932093,0.043231780343002124,0.04323322506975616,0.0432346654952027,0.043236101634892415,0.0432375335043027,0.04323896111884016,0.04324038449384377,0.043241803644579344,0.043243218586228295,0.04324462933392858,0.04324603590273482,0.043247438307639594,0.043248836563562,0.04325023068535378,0.043251620687809154,0.04325300658562974,0.043254388393470664,0.04325576612592307,0.04325713979750624,0.043258509422674035,0.043259875015809156,0.0432612365912391,0.0432625941632241,0.043263947745955766,0.043265297353570445,0.04326664300013342,0.04326798469965234,0.04326932246606758,0.04327065631326055,0.043271986255048675,0.043273312305192484,0.04327463447738629,0.04327595278526263,0.043277267242403585,0.04327857786231455,0.043279884658458244,0.04328118764422566,0.04328248683295301,0.04328378223792622,0.04328507387234606,0.0432863617493876,0.043287645882141346,0.04328892628366963,0.043290202966954086,0.0432914759449271,0.04329274523046027,0.04329401083637352,0.04329527277543154,0.043296531060339906,0.04329778570375295,0.043299036718263975,0.04330028411641724,0.0433015279106997,0.04330276811354777,0.04330400473734125,0.04330523779440309,0.04330646729701197,0.043307693257388286,0.043308915687695515,0.04331013460005254,0.04331135000652424,0.04331256191911764,0.04331377034979299,0.04331497531047095,0.043316176813002864,0.04331737486919549,0.04331856949080894,0.043319760689541076,0.04332094847706314,0.04332213286497611,0.043323313864852296,0.04332449148818119,0.04332566574643289,0.043326836651018795,0.04332800421331465,0.04332916844461706,0.043330329356202825,0.04333148695929177,0.04333264126506345,0.043333792284640314,0.04333379230150613,0.04333379230912812,0.04333379231209412,0.04333379231273448,0.04333379231222843,0.043333792311171515,0.04333379230986395,0.043333792308456395,0.04333379230702391,0.04333379230560347,0.04333379230421268,0.04333379230285947,0.043333792301546985,0.043333792300275925,0.043333792299045756,0.04333379229785554,0.04333379229670394,0.04333379229558962,0.043333792294511224,0.0433337922934674,0.043333792292456826,0.0433337922914783,0.043333792290530616,0.043333792289612594,0.04333379228872316,0.043333792287861245,0.043333792287025864,0.043333792286216026,0.04333379228543086,0.043333792284669416,0.04333379228393085,0.04333379228321438,0.0433337922825192,0.04333379228184455,0.0433337922811897,0.04333379228055398,0.04333379227993672,0.04333379227933726,0.04333379227875495,0.04333379227818925,0.04333379227763956,0.0433337922771053,0.043333792276585986,0.04333379227608107,0.04333379227559006,0.0433337922751125,0.04333379227464791,0.0433337922741959,0.04333379227375595,0.04333379227332768,0.043333792272910746,0.04333379227250472,0.04333379227210923,0.04333379227172393,0.04333379227134849,0.04333379227098254,0.0433337922706258,0.04333379227027794,0.04333379226993867,0.04333379226960768,0.04333379226928472,0.04333379226896951,0.04333379226866181,0.04333379226836132,0.043333792268067835,0.043333792267781134,0.043333792267500976,0.043333792267227146,0.04333379226695943,0.04333379226669762,0.04333379226644154,0.043333792266190996,0.04333379226594579,0.04333379226570576,0.04333379226547072,0.043333792265240506,0.043333792265015006,0.043333792264794016,0.04333379226457741,0.04333379226436503,0.04333379226415675,0.04333379226395245,0.04333379226375196,0.04333379226355519,0.043333792263362016,0.04333379226317236,0.043333792262986,0.04333379226280294,0.043333792262623044,0.043333792262446186,0.04333379226227228,0.04333379226210124,0.04333379226193298,0.043333792261767395,0.043333792261604415,0.04333379226144394,0.04333379226128593,0.04333379226113027,0.04333379226097692,0.04333379226082575,0.04333379226067677,0.04333379226052986,0.04333379226038496,0.04333379226024203,0.04333379226010099,0.04333379225996181,0.0433337922598244,0.04333379225968873,0.043333792259554756,0.043333792259422396,0.043333792259291626,0.0433337922591624,0.04333379225903466,0.04333379225890836,0.04333379225878346,0.04333379225865995,0.04333379225853775,0.04333379225841684,0.04333379225829718,0.04333379225817873,0.04333379225806147,0.043333792257945355,0.04333379225783037,0.04333379225771647,0.04333379225760361,0.04333379225749179,0.04333379225738095,0.04333379225727112,0.04333379225716221,0.043333792257054235,0.04333379225694717,0.043333792256840954,0.043333792256735594,0.04333379225663108,0.043333792256527365,0.043333792256424454,0.04333379225632231,0.0433337922562209,0.04333379225612025,0.0433337922560203,0.04333379225592104,0.043333792255822456,0.04333379225572454,0.04333379225562729,0.04333379225553066,0.043333792255434656,0.04333379225533926,0.04333379225524443,0.0433337922551502,0.043333792255056555,0.043333792254963435,0.04333379225487087,0.04333379225477884,0.04333379225468734,0.04333379225459631,0.043333792254505815,0.04333379225441582,0.04333379225432627,0.04333379225423721,0.0433337922541486,0.04333379225406044,0.043333792253972735,0.04333379225388546,0.04333379225379862,0.04333379225371219,0.04333379225362619,0.04333379225354055,0.04333379225345534,0.043333792253370536,0.0433337922532861,0.043333792253202046,0.04333379225311837,0.04333379225303505,0.04333379225295209,0.04333379225286949,0.04333379225278725,0.04333379225270533,0.043333792252623765,0.04333379225254253,0.04333379225246163,0.04333379225238106,0.043333792252300815,0.043333792252220865,0.04333379225214123,0.043333792252061916,0.043333792251982875,0.04333379225190417,0.043333792251825744,0.043333792251747605,0.04333379225166976,0.04333379225159223,0.043333792251514944,0.043333792251437964,0.043333792251361275,0.043333792251284836,0.043333792251208675,0.043333792251132756,0.043333792251057116,0.04333379225098174,0.04333379225090662,0.04333379225083176,0.04333379225075715,0.04333379225068278,0.043333792250608676,0.04333379225053481,0.04333379225046121,0.04333379225038783,0.043333792250314696,0.0433337922502418,0.043333792250169124,0.0433337922500967,0.04333379225002452,0.04333379224995257,0.043333792249880855,0.04333379224980936,0.043333792249738066,0.043333792249667026,0.0433337922495962,0.04333379224952558,0.04333379224945519,0.043333792249385016,0.04333379224931506,0.0433337922492453,0.04333379224917576,0.04333379224910643,0.043333792249037315,0.04333379224896841,0.0433337922488997,0.04333379224883122,0.04333379224876294,0.04333379224869485,0.043333792248626955,0.04333379224855928,0.04333379224849183,0.043333792248424534,0.043333792248357456,0.04333379224829056,0.04333379224822386,0.04333379224815738,0.04333379224809108,0.04333379224802498,0.04333379224795905,0.04333379224789334,0.04333379224782779,0.043333792247762445,0.04333379224769728,0.04333379224763232,0.04333379224756751,0.04333379224750292,0.04333379224743852,0.04333379224737427,0.04333379224731026,0.043333792247246386,0.043333792247182694,0.043333792247119196,0.04333379224705586,0.043333792246992714,0.04333379224692975,0.04333379224686695,0.04333379224680434,0.043333792246741915,0.04333379224667963,0.04333379224661753,0.043333792246555626,0.04333379224649388,0.04333379224643233,0.043333792246370906,0.043333792246309684,0.043333792246248615,0.04333379224618773,0.04333379224612702,0.04333379224606647,0.04333379224600609,0.04333379224594586,0.0433337922458858,0.043333792245825876,0.04333379224576617,0.04333379224570661,0.04333379224564721,0.043333792245587976,0.04333379224552892,0.043333792245470036,0.043333792245411284,0.04333379224535272,0.04333379224529434,0.04333379224523607,0.04333379224517797,0.04333379224512003,0.04333379224506222,0.04333379224500461,0.04333379224494712,0.04333379224488981,0.043333792244832664,0.04333379224477566,0.04333379224471882,0.04333379224466212,0.04333379224460558,0.0433337922445492,0.04333379224449297,0.04333379224443689,0.04333379224438096,0.04333379224432519,0.043333792244269566,0.043333792244214096,0.04333379224415878,0.043333792244103594,0.0433337922440486,0.04333379224399369,0.04333379224393897,0.043333792243884395,0.04333379224382998,0.0433337922437757,0.04333379224372159,0.043333792243667575,0.04333379224361373,0.04333379224356003,0.043333792243506475,0.04333379224345305,0.0433337922433998,0.04333379224334668,0.043333792243293694,0.043333792243240854,0.04333379224318815,0.0433337922431356,0.0433337922430832,0.04333379224303093,0.0433337922429788,0.04333379224292681,0.04333379224287497,0.04333379224282326,0.04333379224277169,0.043333792242720263,0.04333379224266897,0.043333792242617804,0.043333792242566796,0.043333792242515906,0.04333379224246514,0.04333379224241453,0.043333792242364055,0.04333379224231373,0.043333792242263525,0.043333792242213454,0.043333792242163494,0.04333379224211371,0.04333379224206403,0.04333379224201449,0.04333379224196508,0.043333792241915796,0.04333379224186665,0.043333792241817666,0.04333379224176877,0.04333379224172003,0.0433337922416714,0.04333379224162292,0.04333379224157456,0.04333379224152635,0.04333379224147825,0.04333379224143028,0.04333379224138241,0.04333379224133473,0.043333792241287125,0.043333792241239656,0.043333792241192326,0.04333379224114513,0.043333792241098054,0.043333792241051085,0.04333379224100425,0.04333379224095755,0.04333379224091096,0.043333792240864505,0.04333379224081817,0.04333379224077197,0.04333379224072585,0.04333379224067991,0.043333792240634064,0.04333379224058835,0.04333379224054276,0.04333379224049728,0.04333379224045193,0.0433337922404067,0.04333379224036157,0.0433337922403166,0.04333379224027173,0.043333792240226945,0.043333792240182314,0.0433337922401378,0.04333379224009339,0.0433337922400491,0.04333379224000495,0.04333379223996088,0.043333792239916964,0.043333792239873145,0.04333379223982946,0.04333379223978589,0.043333792239742416,0.043333792239699055,0.04333379223965584,0.04333379223961271,0.0433337922395697,0.04333379223952682,0.04333379223948404,0.043333792239441386,0.043333792239398844,0.04333379223935642,0.04333379223931409,0.04333379223927189,0.04333379223922978,0.04333379223918779,0.04333379223914592,0.04333379223910416,0.0433337922390625,0.04333379223902092,0.04333379223897948,0.04333379223893814,0.04333379223889695,0.043333792238855834,0.043333792238814846,0.043333792238773955,0.04333379223873316,0.0433337922386925,0.04333379223865195,0.043333792238611474,0.04333379223857114,0.043333792238530906,0.04333379223849078,0.04333379223845074,0.04333379223841082,0.043333792238371,0.043333792238331295,0.0433337922382917,0.0433337922382522,0.04333379223821282,0.04333379223817353,0.04333379223813433,0.04333379223809526,0.043333792238056286,0.04333379223801741,0.043333792237978536,0.04333379223793989,0.04333379223790134,0.04333379223786284,0.043333792237824485,0.04333379223778622,0.043333792237748074,0.04333379223771001,0.04333379223767206,0.043333792237634186,0.04333379223759643,0.04333379223755878,0.043333792237521214,0.04333379223748376,0.043333792237446385,0.04333379223740916,0.043333792237371965,0.0433337922373349,0.04333379223729795,0.04333379223726107,0.04333379223722429,0.04333379223718763,0.043333792237151024,0.04333379223711456,0.04333379223707818,0.04333379223704189,0.043333792237005696,0.0433337922369696,0.0433337922369336,0.043333792236897706,0.0433337922368619,0.04333379223682616,0.043333792236790555,0.04333379223675504,0.0433337922367196,0.04333379223668425,0.043333792236649016,0.04333379223661384,0.043333792236578794,0.04333379223654383,0.04333379223650898,0.0433337922364742,0.04333379223643949,0.04333379223640488,0.0433337922363704,0.043333792236335975,0.04333379223630164,0.04333379223626742,0.04333379223623327,0.043333792236199216,0.043333792236165264,0.04333379223613138,0.04333379223609761,0.043333792236063914,0.0433337922360303,0.04333379223599679,0.04333379223596338,0.04333379223593003,0.04333379223589677,0.04333379223586361,0.0433337922358305,0.04333379223579753,0.04333379223576463,0.04333379223573183,0.043333792235699095,0.04333379223566645,0.04333379223563392,0.04333379223560145,0.043333792235569074,0.04333379223553673,0.04333379223550453,0.04333379223547241,0.04333379223544035,0.0433337922354084,0.04333379223537652,0.04333379223534474,0.04333379223531303,0.04333379223528141,0.04333379223524988,0.04333379223521843,0.04333379223518706,0.04333379223515577,0.04333379223512458,0.043333792235093434,0.0433337922350624,0.04333379223503143,0.04333379223500056,0.04333379223496976,0.04333379223493905,0.04333379223490842,0.04333379223487786,0.04333379223484739,0.043333792234817,0.04333379223478669,0.04333379223475647,0.043333792234726325,0.043333792234696245,0.043333792234666255,0.043333792234636334,0.043333792234606504,0.04333379223457674,0.043333792234547044,0.04333379223451745,0.04333379223448793,0.04333379223445851,0.043333792234429146,0.04333379223439984,0.04333379223437065,0.043333792234341494,0.04333379223431244,0.043333792234283464,0.04333379223425457,0.04333379223422574,0.043333792234196984,0.043333792234168306,0.043333792234139704,0.0433337922341112,0.043333792234082756,0.04333379223405438,0.0433337922340261,0.043333792233997886,0.043333792233969715,0.043333792233941654,0.04333379223391362,0.0433337922338857,0.04333379223385785,0.04333379223383007,0.043333792233802355,0.043333792233774725,0.04333379223374715,0.043333792233719665,0.043333792233692256,0.04333379223366492,0.043333792233637654,0.043333792233610446,0.043333792233583336,0.04333379223355627,0.043333792233529296,0.04333379223350239,0.04333379223347554,0.04333379223344875,0.043333792233422055,0.04333379223339544,0.04333379223336886,0.043333792233342376,0.04333379223331597,0.043333792233289606,0.04333379223326333,0.043333792233237134,0.04333379223321098,0.043333792233184905,0.04333379223315889,0.04333379223313295,0.0433337922331071,0.04333379223308131,0.043333792233055564,0.04333379223302991,0.04333379223300432,0.04333379223297879,0.04333379223295335,0.04333379223292794,0.04333379223290265,0.04333379223287737,0.04333379223285219,0.043333792232827066,0.043333792232801996,0.04333379223277701,0.04333379223275209,0.04333379223272722,0.043333792232702416,0.04333379223267769,0.04333379223265303,0.04333379223262841,0.043333792232603884,0.04333379223257941,0.043333792232555006,0.04333379223253066,0.04333379223250638,0.04333379223248217,0.043333792232458014,0.043333792232433936,0.04333379223240991,0.04333379223238595,0.04333379223236204,0.04333379223233822,0.04333379223231445,0.04333379223229075,0.0433337922322671,0.04333379223224352,0.04333379223222002,0.04333379223219657,0.04333379223217317,0.04333379223214982,0.04333379223212654,0.043333792232103346,0.0433337922320802,0.043333792232057085,0.04333379223203406,0.04333379223201113,0.043333792231988216,0.04333379223196538,0.04333379223194259,0.043333792231919854,0.043333792231897206,0.043333792231874585,0.043333792231852054,0.043333792231829586,0.04333379223180713,0.04333379223178476,0.04333379223176246,0.0433337922317402,0.04333379223171802,0.043333792231695895,0.04333379223167383,0.04333379223165181,0.04333379223162985,0.04333379223160795,0.043333792231586114,0.043333792231564305,0.043333792231542594,0.04333379223152091,0.04333379223149931,0.04333379223147775,0.04333379223145627,0.043333792231434826,0.043333792231413405,0.043333792231392075,0.043333792231370814,0.04333379223134959,0.043333792231328425,0.04333379223130734,0.043333792231286285,0.04333379223126529,0.043333792231244346,0.04333379223122346,0.04333379223120264,0.04333379223118186,0.043333792231161156,0.04333379223114049,0.043333792231119876,0.043333792231099316,0.04333379223107881,0.043333792231058384,0.04333379223103798,0.04333379223101766,0.04333379223099737,0.04333379223097715,0.04333379223095694,0.043333792230936814,0.043333792230916726,0.04333379223089672,0.043333792230876786,0.04333379223085687,0.043333792230837005,0.043333792230817195,0.04333379223079744,0.04333379223077776,0.043333792230758096,0.04333379223073849,0.04333379223071895,0.043333792230699456,0.043333792230680006,0.043333792230660625,0.04333379223064128,0.04333379223062198,0.04333379223060273,0.043333792230583576,0.04333379223056441,0.04333379223054534,0.0433337922305263,0.04333379223050731,0.04333379223048838,0.0433337922304695,0.04333379223045065,0.04333379223043185,0.04333379223041314,0.04333379223039445,0.0433337922303758,0.0433337922303572,0.04333379223033867,0.04333379223032018,0.043333792230301746,0.04333379223028336,0.043333792230265025,0.04333379223024671,0.043333792230228485,0.04333379223021027,0.04333379223019213,0.043333792230174036,0.04333379223015598,0.04333379223013798,0.043333792230119995,0.04333379223010209,0.043333792230084246,0.04333379223006642,0.04333379223004865,0.04333379223003093,0.04333379223001327,0.04333379222999565,0.04333379222997807,0.043333792229960526,0.043333792229943026,0.043333792229925595,0.04333379222990818,0.04333379222989081,0.04333379222987352,0.043333792229856255,0.04333379222983904,0.04333379222982187,0.043333792229804734,0.04333379222978764,0.043333792229770615,0.04333379222975363,0.04333379222973669,0.04333379222971978,0.043333792229702926,0.04333379222968611,0.04333379222966934,0.04333379222965262,0.04333379222963593,0.04333379222961932,0.04333379222960272,0.043333792229586166,0.043333792229569665,0.0433337922295532,0.04333379222953679,0.04333379222952043,0.0433337922295041,0.04333379222948782,0.04333379222947157,0.04333379222945536,0.04333379222943919,0.04333379222942308,0.04333379222940701,0.04333379222939101,0.043333792229375015,0.04333379222935905,0.04333379222934316,0.04333379222932731,0.04333379222931149,0.04333379222929571,0.04333379222927997,0.04333379222926429,0.043333792229248644,0.04333379222923303,0.04333379222921747,0.04333379222920191,0.04333379222918648,0.043333792229171046,0.04333379222915562,0.04333379222914026,0.043333792229124944,0.04333379222910966,0.04333379222909442,0.04333379222907922,0.04333379222906405,0.043333792229048936,0.043333792229033864,0.043333792229018814,0.04333379222900382,0.04333379222898886,0.04333379222897392,0.04333379222895904,0.043333792228944214,0.043333792228929406,0.04333379222891466,0.04333379222889993,0.04333379222888525,0.0433337922288706,0.04333379222885599,0.04333379222884141,0.043333792228826884,0.0433337922288124,0.04333379222879795,0.04333379222878352,0.04333379222876916,0.04333379222875482,0.043333792228740516,0.043333792228726256,0.04333379222871202,0.04333379222869785,0.0433337922286837,0.0433337922286696,0.043333792228655535,0.04333379222864145,0.043333792228627474,0.04333379222861353,0.04333379222859958,0.04333379222858571,0.04333379222857184,0.04333379222855801,0.043333792228544235,0.043333792228530496,0.04333379222851677,0.043333792228503115,0.04333379222848949,0.04333379222847588,0.04333379222846232,0.04333379222844877,0.04333379222843529,0.043333792228421826,0.04333379222840841,0.04333379222839503,0.04333379222838168,0.04333379222836836,0.04333379222835509,0.04333379222834185,0.04333379222832866,0.04333379222831547,0.04333379222830233,0.04333379222828924,0.0433337922282762,0.043333792228263134,0.04333379222825013,0.043333792228237175,0.04333379222822425,0.04333379222821135,0.04333379222819849,0.043333792228185675,0.04333379222817287,0.043333792228160105,0.04333379222814741,0.04333379222813471,0.04333379222812204,0.0433337922281094,0.043333792228096815,0.04333379222808424,0.043333792228071724,0.04333379222805923,0.04333379222804678,0.04333379222803434,0.04333379222802198,0.043333792228009614,0.0433337922279973,0.043333792227985,0.043333792227972734,0.04333379222796051,0.04333379222794831,0.04333379222793613,0.04333379222792401,0.04333379222791191,0.04333379222789984,0.04333379222788781,0.043333792227875804,0.04333379222786382,0.043333792227851886,0.04333379222783997,0.043333792227828107,0.04333379222781626,0.04333379222780443,0.043333792227792656,0.043333792227780894,0.04333379222776919,0.04333379222775751,0.04333379222774583,0.0433337922277342,0.04333379222772262,0.043333792227711006,0.043333792227699466,0.04333379222768796,0.043333792227676485,0.043333792227665036,0.04333379222765364,0.043333792227642255,0.0433337922276309,0.04333379222761959,0.04333379222760828,0.04333379222759704,0.04333379222758579,0.043333792227574594,0.04333379222756342,0.043333792227552285,0.043333792227541176,0.04333379222753009,0.04333379222751904,0.04333379222750802,0.043333792227497024,0.04333379222748606,0.04333379222747512,0.04333379222746417,0.043333792227453316,0.04333379222744246,0.043333792227431646,0.04333379222742084,0.04333379222741007,0.04333379222739935,0.04333379222738866,0.04333379222737798,0.043333792227367336,0.0433337922273567,0.0433337922273461,0.043333792227335535,0.04333379222732501,0.043333792227314503,0.04333379222730402,0.043333792227293555,0.04333379222728314,0.04333379222727273,0.04333379222726235,0.04333379222725201,0.0433337922272417,0.04333379222723141,0.043333792227221134,0.0433337922272109,0.043333792227200685,0.04333379222719051,0.04333379222718036,0.043333792227170244,0.04333379222716014,0.043333792227150066,0.04333379222714002,0.043333792227130005,0.04333379222712002,0.04333379222711008,0.043333792227100106,0.043333792227090204,0.04333379222708031,0.04333379222707044,0.04333379222706061,0.0433337922270508,0.04333379222704102,0.04333379222703127,0.04333379222702153,0.043333792227011836,0.04333379222700215,0.043333792226992504,0.04333379222698289,0.04333379222697329,0.0433337922269637,0.043333792226954146,0.043333792226944626,0.04333379222693512,0.04333379222692567,0.04333379222691623,0.04333379222690678,0.0433337922268974,0.04333379222688803,0.043333792226878685,0.04333379222686935,0.04333379222686006,0.0433337922268508,0.04333379222684156,0.043333792226832334,0.043333792226823126,0.04333379222681395,0.0433337922268048,0.04333379222679568,0.04333379222678657,0.043333792226777496,0.043333792226768454,0.04333379222675942,0.043333792226750406,0.043333792226741434,0.04333379222673248,0.043333792226723546,0.04333379222671464,0.04333379222670574,0.043333792226696886,0.043333792226688046,0.04333379222667923,0.043333792226670435,0.04333379222666165,0.043333792226652894,0.04333379222664419,0.043333792226635505,0.043333792226626824,0.04333379222661817,0.043333792226609553,0.04333379222660094,0.04333379222659235,0.04333379222658379,0.04333379222657524,0.04333379222656675,0.04333379222655826,0.043333792226549754,0.04333379222654134,0.04333379222653292,0.04333379222652452,0.04333379222651613,0.04333379222650778,0.043333792226499454,0.04333379222649116,0.043333792226482856,0.043333792226474606,0.043333792226466356,0.04333379222645814,0.04333379222644993,0.04333379222644175,0.043333792226433576,0.043333792226425444,0.04333379222641733,0.04333379222640925,0.04333379222640117,0.04333379222639313,0.043333792226385094,0.043333792226377094,0.0433337922263691,0.043333792226361134,0.043333792226353196,0.043333792226345265,0.04333379222633736,0.04333379222632948,0.04333379222632162,0.04333379222631379,0.04333379222630597,0.04333379222629817,0.0433337922262904,0.043333792226282655,0.043333792226274905,0.04333379222626719,0.04333379222625951,0.043333792226251805,0.04333379222624417,0.04333379222623654,0.04333379222622893,0.04333379222622134,0.043333792226213766,0.04333379222620623,0.043333792226198695,0.043333792226191194,0.043333792226183714,0.04333379222617624,0.0433337922261688,0.043333792226161384,0.043333792226153973,0.043333792226146584,0.04333379222613923,0.043333792226131866,0.04333379222612454,0.04333379222611722,0.04333379222610993,0.043333792226102674,0.043333792226095416,0.043333792226088186,0.04333379222608096,0.043333792226073774,0.04333379222606663,0.04333379222605945,0.0433337922260523,0.04333379222604521,0.043333792226038115,0.04333379222603102,0.043333792226023966,0.043333792226016916,0.04333379222600991,0.0433337922260029,0.04333379222599591,0.04333379222598895,0.04333379222598201,0.04333379222597508,0.04333379222596816,0.04333379222596129,0.04333379222595441,0.043333792225947555,0.043333792225940714,0.04333379222593389,0.04333379222592713,0.04333379222592033,0.04333379222591356,0.04333379222590682,0.04333379222590011,0.04333379222589342,0.04333379222588671,0.04333379222588004,0.04333379222587338,0.04333379222586674,0.04333379222586011,0.04333379222585351,0.043333792225846934,0.04333379222584038,0.04333379222583382,0.04333379222582728,0.043333792225820796,0.043333792225814294,0.04333379222580781,0.04333379222580136,0.0433337922257949,0.04333379222578848,0.043333792225782077,0.04333379222577566,0.04333379222576928,0.0433337922257629,0.04333379222575657,0.043333792225750255,0.04333379222574394,0.04333379222573764,0.04333379222573138,0.04333379222572512,0.04333379222571887,0.043333792225712646,0.04333379222570645,0.04333379222570025,0.043333792225694084,0.04333379222568793,0.043333792225681796,0.04333379222567567,0.04333379222566957,0.04333379222566347,0.043333792225657405,0.04333379222565133,0.04333379222564529,0.04333379222563927,0.043333792225633265,0.04333379222562727,0.043333792225621316,0.04333379222561534,0.04333379222560939,0.043333792225603456,0.043333792225597544,0.04333379222559166,0.043333792225585754,0.0433337922255799,0.04333379222557406,0.04333379222556822,0.0433337922255624,0.04333379222555662,0.043333792225550845,0.04333379222554507,0.04333379222553933,0.04333379222553357,0.04333379222552784,0.043333792225522125,0.043333792225516456,0.04333379222551075,0.04333379222550509,0.04333379222549944,0.043333792225493814,0.043333792225488214,0.043333792225482615,0.043333792225477036,0.04333379222547145,0.0433337922254659,0.043333792225460355,0.043333792225454824,0.0433337922254493,0.043333792225443826,0.04333379222543833,0.04333379222543287,0.043333792225427395,0.04333379222542196,0.043333792225416536,0.04333379222541113,0.043333792225405725,0.04333379222540036,0.043333792225395,0.043333792225389654,0.04333379222538433,0.04333379222537902,0.0433337922253737,0.043333792225368414,0.043333792225363134,0.04333379222535789,0.04333379222535264,0.04333379222534738,0.04333379222534215,0.04333379222533693,0.04333379222533174,0.04333379222532656,0.043333792225321376,0.04333379222531624,0.043333792225311106,0.04333379222530598,0.043333792225300864,0.04333379222529576,0.04333379222529069,0.043333792225285626,0.04333379222528057,0.04333379222527552,0.043333792225270486,0.04333379222526546,0.043333792225260466,0.04333379222525549,0.043333792225250516,0.04333379222524557,0.04333379222524059,0.04333379222523567,0.04333379222523074,0.043333792225225834,0.043333792225220935,0.04333379222521606,0.04333379222521117,0.04333379222520632,0.043333792225201485,0.04333379222519666,0.04333379222519185,0.04333379222518704,0.04333379222518224,0.04333379222517747,0.04333379222517274,0.04333379222516799,0.04333379222516325,0.04333379222515853,0.043333792225153836,0.04333379222514913,0.043333792225144455,0.04333379222513978,0.04333379222513511,0.04333379222513045,0.04333379222512583,0.04333379222512119,0.04333379222511657,0.04333379222511199,0.043333792225107394,0.0433337922251028,0.04333379222509826,0.043333792225093704,0.04333379222508916,0.04333379222508465,0.04333379222508013,0.043333792225075614,0.04333379222507113,0.043333792225066656,0.04333379222506221,0.043333792225057746,0.0433337922250533,0.04333379222504888,0.04333379222504443,0.04333379222504004,0.043333792225035674,0.043333792225031295,0.043333792225026924,0.04333379222502256,0.04333379222501819,0.043333792225013885,0.043333792225009556,0.043333792225005247,0.04333379222500095,0.04333379222499666,0.04333379222499241,0.043333792224988135,0.04333379222498388,0.04333379222497965,0.043333792224975416,0.04333379222497121,0.04333379222496701,0.0433337922249628,0.04333379222495866,0.04333379222495445,0.04333379222495029,0.043333792224946134,0.04333379222494203,0.04333379222493785,0.04333379222493375,0.04333379222492964,0.04333379222492557,0.04333379222492147,0.04333379222491742,0.04333379222491335,0.04333379222490931,0.04333379222490527,0.04333379222490123,0.04333379222489722,0.043333792224893225,0.04333379222488923,0.043333792224885245,0.04333379222488127,0.04333379222487733,0.04333379222487338,0.04333379222486943,0.04333379222486551,0.0433337922248616,0.043333792224857684,0.043333792224853805,0.043333792224849926,0.043333792224846034,0.0433337922248422,0.04333379222483833,0.04333379222483451,0.04333379222483068,0.043333792224826875,0.043333792224823066,0.04333379222481927,0.04333379222481548,0.0433337922248117,0.04333379222480793,0.04333379222480416,0.043333792224800424,0.04333379222479667,0.043333792224792944,0.04333379222478924,0.043333792224785526,0.04333379222478183,0.04333379222477816,0.04333379222477449,0.04333379222477081,0.04333379222476716,0.04333379222476351,0.04333379222475988,0.04333379222475625,0.043333792224752636,0.043333792224749035,0.04333379222474543,0.043333792224741825,0.043333792224738266,0.043333792224734706,0.04333379222473114,0.0433337922247276,0.04333379222472406,0.04333379222472052,0.043333792224717005,0.04333379222471351,0.043333792224710004,0.043333792224706506,0.04333379222470303,0.04333379222469953,0.043333792224696084,0.04333379222469262,0.04333379222468919,0.04333379222468574,0.04333379222468231,0.04333379222467889,0.0433337922246755,0.04333379222467209,0.043333792224668675,0.04333379222466536,0.04333379222466197,0.043333792224658614,0.04333379222465527,0.04333379222465194,0.0433337922246486,0.04333379222464527,0.043333792224641954,0.04333379222463866,0.04333379222463536,0.04333379222463208,0.04333379222462879,0.04333379222462553,0.043333792224622275,0.04333379222461902,0.04333379222461577,0.043333792224612554,0.04333379222460931,0.04333379222460611,0.04333379222460291,0.043333792224599696,0.04333379222459652,0.04333379222459334,0.043333792224590155,0.043333792224587005,0.043333792224583834,0.04333379222458069,0.04333379222457755,0.04333379222457443,0.0433337922245713,0.04333379222456821,0.04333379222456512,0.043333792224562004,0.04333379222455893,0.043333792224555856,0.04333379222455279,0.04333379222454973,0.043333792224546676,0.04333379222454363,0.04333379222454059,0.043333792224537565,0.04333379222453456,0.043333792224531535,0.04333379222452853,0.04333379222452555,0.04333379222452258,0.04333379222451959,0.04333379222451663,0.04333379222451367,0.043333792224510705,0.04333379222450777,0.043333792224504834,0.043333792224501906,0.043333792224498985,0.043333792224496064,0.04333379222449317,0.04333379222449028,0.04333379222448735,0.04333379222448449,0.0433337922244816,0.043333792224478716,0.04333379222447585,0.043333792224473006,0.04333379222447017,0.04333379222446732,0.04333379222446449,0.04333379222446166,0.04333379222445886,0.04333379222445608,0.04333379222445329,0.043333792224450496,0.04333379222444774,0.04333379222444498,0.0433337922244422,0.043333792224439456,0.0433337922244367,0.04333379222443396,0.043333792224431227,0.04333379222442849,0.0433337922244258,0.043333792224423094,0.0433337922244204,0.0433337922244177,0.043333792224415024,0.043333792224412346,0.043333792224409674,0.04333379222440702,0.04333379222440435,0.04333379222440171,0.043333792224399065,0.04333379222439645,0.04333379222439381,0.04333379222439122,0.043333792224388594,0.04333379222438599,0.0433337922243834,0.0433337922243808,0.04333379222437822,0.043333792224375646,0.04333379222437307,0.04333379222437052,0.043333792224367965,0.043333792224365404,0.043333792224362865,0.04333379222436034,0.04333379222435781,0.04333379222435528,0.04333379222435277,0.04333379222435027,0.04333379222434777,0.04333379222434527,0.04333379222434279,0.04333379222434031,0.04333379222433787,0.04333379222433539,0.04333379222433292,0.043333792224330495,0.043333792224328045,0.04333379222432562,0.04333379222432316,0.04333379222432073,0.04333379222431832,0.0433337922243159,0.0433337922243135,0.043333792224311114,0.043333792224308734,0.043333792224306354,0.043333792224303974,0.043333792224301594,0.04333379222429922,0.04333379222429686,0.04333379222429451,0.04333379222429219,0.043333792224289854,0.043333792224287515,0.0433337922242852,0.04333379222428287,0.043333792224280576,0.043333792224278286,0.043333792224275976,0.04333379222427371,0.0433337922242714,0.043333792224269134,0.043333792224266865,0.04333379222426461,0.043333792224262355,0.04333379222426009,0.04333379222425784,0.0433337922242556,0.04333379222425336,0.04333379222425114,0.043333792224248914,0.043333792224246714,0.043333792224244494,0.0433337922242423,0.04333379222424009,0.043333792224237895,0.04333379222423571,0.043333792224233544,0.04333379222423136,0.0433337922242292,0.04333379222422704,0.04333379222422489,0.04333379222422275,0.043333792224220596,0.04333379222421846,0.043333792224216336,0.04333379222421419,0.04333379222421207,0.04333379222420995,0.043333792224207864,0.04333379222420577,0.04333379222420368,0.043333792224201584,0.04333379222419952,0.043333792224197434,0.04333379222419536,0.043333792224193306,0.04333379222419123,0.04333379222418918,0.04333379222418712,0.043333792224185104,0.04333379222418304,0.04333379222418102,0.043333792224179,0.04333379222417699,0.04333379222417498,0.04333379222417296,0.04333379222417096,0.043333792224168964,0.04333379222416697,0.043333792224164974,0.04333379222416298,0.04333379222416101,0.04333379222415904,0.04333379222415707,0.04333379222415513,0.04333379222415318,0.04333379222415123,0.04333379222414929,0.04333379222414736,0.04333379222414543,0.043333792224143505,0.04333379222414159,0.04333379222413968,0.04333379222413781,0.043333792224135866,0.04333379222413397,0.04333379222413209,0.043333792224130196,0.04333379222412832,0.04333379222412645,0.04333379222412458,0.04333379222412273,0.04333379222412086,0.04333379222411901,0.043333792224117144,0.043333792224115306,0.043333792224113474,0.043333792224111635,0.04333379222410981,0.04333379222410799,0.043333792224106174,0.04333379222410436,0.04333379222410256,0.04333379222410076,0.04333379222409896,0.04333379222409715,0.04333379222409536,0.04333379222409359,0.04333379222409181,0.043333792224090034,0.043333792224088265,0.04333379222408651,0.04333379222408475,0.04333379222408299,0.043333792224081256,0.043333792224079536,0.04333379222407777,0.04333379222407606,0.04333379222407432,0.04333379222407261,0.043333792224070904,0.04333379222406919,0.04333379222406748,0.04333379222406579,0.04333379222406408,0.04333379222406241,0.04333379222406069,0.04333379222405903,0.04333379222405735,0.04333379222405569,0.04333379222405404,0.04333379222405237,0.04333379222405071,0.04333379222404906,0.04333379222404741,0.043333792224045764,0.043333792224044126,0.04333379222404249,0.04333379222404086,0.043333792224039235,0.04333379222403762,0.04333379222403601,0.04333379222403439,0.04333379222403278,0.043333792224031165,0.04333379222402957,0.04333379222402799,0.04333379222402642,0.04333379222402484,0.04333379222402323,0.043333792224021665,0.0433337922240201,0.04333379222401853,0.04333379222401694,0.04333379222401539,0.04333379222401383,0.04333379222401228,0.04333379222401073,0.04333379222400919,0.04333379222400765,0.04333379222400613,0.04333379222400459,0.043333792224003055,0.043333792224001515,0.04333379222400001,0.04333379222399851,0.043333792223997004,0.04333379222399553,0.04333379222399403,0.04333379222399255,0.04333379222399105,0.04333379222398957,0.043333792223988095,0.04333379222398663,0.04333379222398516,0.0433337922239837,0.04333379222398226,0.043333792223980774,0.04333379222397931,0.04333379222397787,0.04333379222397643,0.04333379222397498,0.04333379222397356,0.04333379222397215,0.0433337922239707,0.04333379222396929,0.043333792223967875,0.04333379222396646,0.04333379222396505,0.04333379222396364,0.04333379222396223,0.04333379222396084,0.043333792223959444,0.04333379222395805,0.04333379222395666,0.04333379222395528,0.043333792223953914,0.043333792223952526,0.04333379222395118,0.043333792223949806,0.04333379222394848,0.043333792223947114,0.04333379222394577,0.043333792223944415,0.043333792223943075,0.043333792223941736,0.04333379222394039,0.04333379222393907,0.04333379222393773,0.0433337922239364,0.04333379222393508,0.043333792223933784,0.04333379222393247,0.04333379222393115,0.04333379222392985,0.043333792223928566,0.043333792223927255,0.04333379222392598,0.04333379222392468,0.043333792223923376,0.04333379222392209,0.043333792223920815,0.04333379222391951,0.04333379222391827,0.04333379222391701,0.043333792223915736,0.043333792223914466,0.0433337922239132,0.04333379222391195,0.04333379222391071,0.043333792223909456,0.04333379222390824,0.043333792223907,0.043333792223905765,0.04333379222390451,0.043333792223903295,0.04333379222390205,0.043333792223900824,0.04333379222389962,0.0433337922238984,0.04333379222389718,0.04333379222389598,0.04333379222389477,0.04333379222389357,0.04333379222389238,0.04333379222389119,0.04333379222388999,0.043333792223888806,0.04333379222388764,0.04333379222388643,0.04333379222388523,0.043333792223884074,0.043333792223882894,0.04333379222388173,0.04333379222388057,0.04333379222387942,0.04333379222387825,0.04333379222387711,0.04333379222387595,0.04333379222387481,0.04333379222387367,0.04333379222387252,0.043333792223871404,0.04333379222387026,0.04333379222386915,0.04333379222386801,0.04333379222386688,0.0433337922238658,0.04333379222386469,0.04333379222386357,0.043333792223862466,0.04333379222386138,0.043333792223860274,0.043333792223859184,0.04333379222385809,0.04333379222385701,0.04333379222385591,0.04333379222385482,0.04333379222385375,0.04333379222385267,0.04333379222385158,0.043333792223850524,0.04333379222384948,0.04333379222384841,0.04333379222384736,0.04333379222384629,0.043333792223845244,0.0433337922238442,0.04333379222384314,0.0433337922238421,0.043333792223841074,0.04333379222384004,0.043333792223838985,0.043333792223837965,0.04333379222383693,0.04333379222383592,0.043333792223834884,0.043333792223833885,0.04333379222383286,0.043333792223831824,0.04333379222383083,0.04333379222382981,0.0433337922238288,0.0433337922238278,0.04333379222382681,0.0433337922238258,0.043333792223824816,0.043333792223823844,0.043333792223822845,0.04333379222382186,0.04333379222382089,0.0433337922238199,0.04333379222381893,0.04333379222381796,0.043333792223816996,0.043333792223816024,0.04333379222381507,0.04333379222381411,0.043333792223813165,0.043333792223812215,0.04333379222381126,0.04333379222381029,0.04333379222380937,0.04333379222380841,0.04333379222380746,0.043333792223806546,0.0433337922238056,0.04333379222380467,0.043333792223803715,0.043333792223802826,0.04333379222380189,0.04333379222380098,0.04333379222380006,0.04333379222379915,0.04333379222379824,0.043333792223797345,0.043333792223796457,0.043333792223795554,0.043333792223794645,0.043333792223793764,0.043333792223792855,0.04333379222379196,0.04333379222379107,0.04333379222379021,0.04333379222378931,0.043333792223788435,0.04333379222378756,0.04333379222378668,0.04333379222378581,0.04333379222378494,0.043333792223784064,0.043333792223783224,0.04333379222378236,0.043333792223781496,0.043333792223780636,0.0433337922237798,0.04333379222377894,0.04333379222377812,0.04333379222377727,0.04333379222377641,0.043333792223775564,0.04333379222377471,0.04333379222377388,0.04333379222377303,0.0433337922237722,0.04333379222377135,0.043333792223770526,0.0433337922237697,0.0433337922237689,0.043333792223768056,0.04333379222376725,0.04333379222376644,0.043333792223765634,0.04333379222376483,0.04333379222376401,0.043333792223763205,0.0433337922237624,0.04333379222376161,0.04333379222376082,0.04333379222376004,0.04333379222375929,0.043333792223758494,0.043333792223757696,0.04333379222375691,0.04333379222375615,0.04333379222375535,0.04333379222375458,0.04333379222375382,0.04333379222375305,0.04333379222375226,0.043333792223751506,0.04333379222375075,0.04333379222374998,0.04333379222374921,0.04333379222374847,0.04333379222374772,0.04333379222374696,0.0433337922237462,0.04333379222374544,0.043333792223744706,0.043333792223743964,0.04333379222374322,0.04333379222374249,0.043333792223741764,0.04333379222374101,0.04333379222374028,0.043333792223739544,0.043333792223738815,0.04333379222373811,0.04333379222373739,0.04333379222373667,0.043333792223735956,0.043333792223735235,0.04333379222373452,0.043333792223733826,0.043333792223733104,0.043333792223732376,0.04333379222373167,0.04333379222373099,0.0433337922237303,0.04333379222372959,0.04333379222372889,0.04333379222372821,0.04333379222372751,0.043333792223726825,0.043333792223726166,0.04333379222372547,0.0433337922237248,0.04333379222372413,0.04333379222372343,0.043333792223722745,0.04333379222372209,0.043333792223721405,0.04333379222372073,0.043333792223720066,0.0433337922237194,0.043333792223718734,0.04333379222371809,0.04333379222371743,0.04333379222371677,0.04333379222371612,0.04333379222371548,0.04333379222371484,0.04333379222371418,0.04333379222371357,0.043333792223712926,0.04333379222371231,0.04333379222371165,0.043333792223711025,0.043333792223710386,0.043333792223709776,0.04333379222370914,0.04333379222370851,0.04333379222370789,0.04333379222370728,0.04333379222370665,0.043333792223706064,0.04333379222370543,0.043333792223704815,0.043333792223704204,0.043333792223703614,0.04333379222370298,0.04333379222370239,0.04333379222370179,0.043333792223701185,0.04333379222370058,0.04333379222369998,0.043333792223699395,0.0433337922236988,0.0433337922236982,0.04333379222369761,0.04333379222369703,0.04333379222369644,0.043333792223695856,0.04333379222369528,0.0433337922236947,0.043333792223694136,0.04333379222369354,0.04333379222369297,0.04333379222369241,0.04333379222369183,0.04333379222369127,0.043333792223690694,0.04333379222369012,0.04333379222368955,0.043333792223689,0.043333792223688446,0.04333379222368787,0.043333792223687335,0.04333379222368678,0.04333379222368622,0.04333379222368567,0.04333379222368511,0.04333379222368455,0.04333379222368402,0.04333379222368348,0.04333379222368294,0.04333379222368241,0.04333379222368187,0.043333792223681326,0.0433337922236808,0.04333379222368026,0.04333379222367975,0.04333379222367922,0.043333792223678676,0.04333379222367816,0.04333379222367764,0.04333379222367713,0.043333792223676615,0.04333379222367609,0.043333792223675525,0.04333379222367501,0.043333792223674505,0.043333792223674,0.04333379222367349,0.04333379222367298,0.04333379222367248,0.04333379222367197,0.04333379222367148,0.04333379222367097,0.04333379222367048,0.043333792223669995,0.04333379222366951,0.04333379222366901,0.04333379222366851,0.04333379222366801,0.043333792223667525,0.04333379222366703,0.04333379222366656,0.043333792223666054,0.043333792223665596,0.0433337922236651,0.04333379222366462,0.04333379222366416,0.043333792223663695,0.04333379222366322,0.04333379222366276,0.04333379222366229,0.04333379222366181,0.04333379222366134,0.0433337922236609,0.04333379222366045,0.043333792223659996,0.04333379222365954,0.04333379222365906,0.04333379222365861,0.04333379222365814,0.0433337922236577,0.04333379222365725,0.043333792223656804,0.04333379222365634,0.0433337922236559,0.04333379222365548,0.04333379222365503,0.0433337922236546,0.04333379222365414,0.043333792223653696,0.04333379222365324,0.04333379222365282,0.043333792223652384,0.043333792223651954,0.04333379222365151,0.043333792223651094,0.04333379222365066,0.043333792223650226,0.043333792223649796,0.0433337922236494,0.043333792223648984,0.04333379222364854,0.04333379222364811,0.04333379222364768,0.04333379222364727,0.04333379222364687,0.04333379222364644,0.04333379222364603,0.04333379222364562,0.0433337922236452,0.0433337922236448,0.043333792223644384,0.043333792223643974,0.0433337922236436,0.04333379222364317,0.04333379222364278,0.04333379222364237,0.04333379222364198,0.0433337922236416,0.043333792223641206,0.04333379222364081,0.043333792223640415,0.04333379222364004,0.04333379222363966,0.04333379222363926,0.043333792223638874,0.0433337922236385,0.043333792223638125,0.043333792223637736,0.043333792223637375,0.043333792223636994,0.043333792223636626,0.04333379222363624,0.043333792223635856,0.043333792223635495,0.04333379222363512,0.04333379222363474,0.04333379222363438,0.043333792223634024,0.043333792223633656,0.04333379222363328,0.04333379222363293,0.04333379222363256,0.0433337922236322,0.04333379222363184,0.04333379222363147,0.04333379222363112,0.04333379222363074,0.043333792223630416,0.04333379222363005,0.04333379222362973,0.043333792223629326,0.043333792223629,0.04333379222362866,0.04333379222362832,0.04333379222362796,0.04333379222362761,0.04333379222362728,0.04333379222362694,0.043333792223626606,0.043333792223626245,0.04333379222362593,0.0433337922236256,0.0433337922236253,0.04333379222362495,0.043333792223624615,0.04333379222362428,0.04333379222362395,0.04333379222362363,0.04333379222362329,0.043333792223622956,0.04333379222362265,0.043333792223622325,0.043333792223622,0.04333379222362167,0.04333379222362136,0.04333379222362105,0.04333379222362072,0.04333379222362041,0.0433337922236201,0.043333792223619785,0.04333379222361946,0.043333792223619154,0.043333792223618835,0.04333379222361854,0.043333792223618245,0.04333379222361794,0.04333379222361764,0.043333792223617315,0.04333379222361704,0.04333379222361673,0.043333792223616434,0.04333379222361614,0.043333792223615844,0.04333379222361554,0.043333792223615254,0.04333379222361497,0.04333379222361466,0.04333379222361436,0.04333379222361408,0.043333792223613825,0.04333379222361352,0.04333379222361325,0.04333379222361296,0.043333792223612666,0.04333379222361239,0.043333792223612125,0.04333379222361182,0.04333379222361155,0.04333379222361125,0.043333792223610994,0.04333379222361072,0.04333379222361045,0.043333792223610154,0.0433337922236099,0.043333792223609634,0.043333792223609356,0.04333379222360908,0.04333379222360882,0.04333379222360855,0.0433337922236083,0.043333792223608024,0.04333379222360775,0.04333379222360748,0.04333379222360723,0.043333792223607,0.04333379222360673,0.04333379222360647,0.04333379222360622,0.04333379222360599,0.043333792223605734,0.04333379222360548,0.043333792223605214,0.043333792223604964,0.04333379222360473,0.043333792223604485,0.04333379222360424,0.04333379222360398,0.04333379222360373,0.04333379222360351,0.04333379222360324,0.043333792223603,0.043333792223602764,0.04333379222360253,0.04333379222360229,0.043333792223602056,0.04333379222360181,0.04333379222360157,0.043333792223601335,0.043333792223601134,0.04333379222360088,0.04333379222360064,0.04333379222360041,0.043333792223600176,0.04333379222359997,0.04333379222359973,0.04333379222359951,0.04333379222359926,0.043333792223599045,0.04333379222359882,0.0433337922235986,0.04333379222359839,0.04333379222359816,0.04333379222359795,0.04333379222359774,0.043333792223597505,0.04333379222359729,0.04333379222359705,0.04333379222359679,0.0433337922235966,0.04333379222359638,0.043333792223596165,0.04333379222359598,0.04333379222359577,0.04333379222359557,0.043333792223595353,0.043333792223595145,0.04333379222359494,0.04333379222359474,0.04333379222359453,0.04333379222359432,0.04333379222359411,0.043333792223593924,0.04333379222359373,0.043333792223593515,0.04333379222359332,0.04333379222359312,0.04333379222359293,0.04333379222359273,0.04333379222359252,0.043333792223592356,0.043333792223592155,0.04333379222359197,0.04333379222359177,0.0433337922235916,0.0433337922235914,0.043333792223591204,0.04333379222359103,0.04333379222359085,0.04333379222359066,0.04333379222359048,0.04333379222359029,0.04333379222359012,0.04333379222358994,0.043333792223589754,0.043333792223589594,0.043333792223589414,0.043333792223589254,0.04333379222358906,0.04333379222358888,0.04333379222358869,0.04333379222358852,0.04333379222358834,0.043333792223588165,0.043333792223587984,0.04333379222358782,0.043333792223587665,0.043333792223587485,0.043333792223587325,0.043333792223587166,0.043333792223587006,0.04333379222358683,0.0433337922235867,0.04333379222358653,0.04333379222358636,0.04333379222358619,0.043333792223586014,0.04333379222358586,0.04333379222358571,0.043333792223585535,0.04333379222358537,0.04333379222358521,0.043333792223585056,0.043333792223584904,0.043333792223584744,0.04333379222358459,0.043333792223584425,0.04333379222358427,0.043333792223584126,0.04333379222358397,0.043333792223583814,0.04333379222358366,0.04333379222358353,0.04333379222358338,0.04333379222358321,0.04333379222358307,0.04333379222358292,0.04333379222358279,0.043333792223582634,0.04333379222358251,0.04333379222358236,0.04333379222358219,0.04333379222358208,0.04333379222358189,0.04333379222358175,0.043333792223581614,0.043333792223581476,0.04333379222358133,0.04333379222358119,0.04333379222358106,0.04333379222358091,0.04333379222358078,0.04333379222358065,0.04333379222358052,0.043333792223580386,0.043333792223580254,0.043333792223580116,0.04333379222357999,0.043333792223579845,0.04333379222357971,0.043333792223579574,0.043333792223579456,0.04333379222357933,0.04333379222357921,0.04333379222357911,0.04333379222357897,0.04333379222357885,0.04333379222357873,0.04333379222357861,0.043333792223578485,0.04333379222357837,0.043333792223578256,0.04333379222357813,0.04333379222357801,0.0433337922235779,0.04333379222357778,0.043333792223577666,0.04333379222357755,0.043333792223577444,0.043333792223577326,0.04333379222357724,0.04333379222357714,0.043333792223577,0.0433337922235769,0.0433337922235768,0.0433337922235767,0.0433337922235766,0.0433337922235765,0.04333379222357642,0.043333792223576306,0.0433337922235762,0.04333379222357609,0.043333792223575994,0.04333379222357589,0.04333379222357578,0.04333379222357566,0.04333379222357554,0.043333792223575446,0.04333379222357536,0.04333379222357524,0.043333792223575134,0.04333379222357503,0.04333379222357492,0.043333792223574835,0.04333379222357475,0.043333792223574655,0.04333379222357451,0.043333792223574384,0.04333379222357431,0.04333379222357419,0.0433337922235741,0.043333792223574016,0.043333792223573926,0.04333379222357383,0.043333792223573746,0.043333792223573656,0.04333379222357357,0.043333792223573475,0.043333792223573385,0.043333792223573295,0.04333379222357321,0.04333379222357314,0.04333379222357306,0.04333379222357297,0.04333379222357289,0.0433337922235728,0.043333792223572726,0.04333379222357265,0.04333379222357257,0.0433337922235725,0.04333379222357243,0.043333792223572344,0.043333792223572254,0.04333379222357219,0.04333379222357211,0.04333379222357207,0.043333792223572004,0.043333792223571914,0.043333792223571845,0.04333379222357177,0.043333792223571685,0.043333792223571616,0.04333379222357156,0.04333379222357149,0.043333792223571414,0.04333379222357135,0.043333792223571276,0.043333792223571234,0.043333792223571144,0.04333379222357109,0.04333379222357102,0.04333379222357095,0.04333379222357088,0.04333379222357083,0.043333792223570755,0.0433337922235707,0.043333792223570644,0.04333379222357056,0.04333379222357051,0.043333792223570464,0.04333379222357039,0.043333792223570346,0.04333379222357027,0.043333792223570214,0.04333379222357016,0.043333792223570096,0.04333379222357003,0.04333379222356996,0.0433337922235699,0.04333379222356984,0.04333379222356977,0.0433337922235697,0.043333792223569666,0.0433337922235696,0.043333792223569555,0.0433337922235695,0.04333379222356947,0.04333379222356942,0.04333379222356937,0.04333379222356932,0.04333379222356926,0.04333379222356923,0.04333379222356917,0.04333379222356911,0.04333379222356907,0.043333792223569007,0.043333792223568986,0.04333379222356894,0.043333792223568875,0.04333379222356884,0.0433337922235688,0.043333792223568736,0.0433337922235687,0.04333379222356867,0.043333792223568604,0.043333792223568555,0.043333792223568514,0.043333792223568486,0.043333792223568444,0.0433337922235684,0.04333379222356837,0.04333379222356833,0.043333792223568306,0.04333379222356826,0.043333792223568215,0.04333379222356819,0.04333379222356816,0.04333379222356812,0.04333379222356809,0.04333379222356805,0.043333792223568014,0.043333792223567986,0.043333792223567966,0.043333792223567945,0.043333792223567896,0.04333379222356787,0.04333379222356785,0.0433337922235678,0.04333379222356777,0.04333379222356774,0.043333792223567695,0.043333792223567674,0.043333792223567646,0.04333379222356759,0.043333792223567584,0.04333379222356755,0.0433337922235675,0.04333379222356749,0.043333792223567445,0.04333379222356743,0.04333379222356739,0.043333792223567376,0.04333379222356736,0.04333379222356733,0.0433337922235673,0.04333379222356729,0.043333792223567265,0.043333792223567244,0.04333379222356724,0.04333379222356721,0.0433337922235672,0.04333379222356717,0.043333792223567154,0.04333379222356715,0.043333792223567126,0.04333379222356711,0.0433337922235671,0.043333792223567084,0.04333379222356707,0.04333379222356704,0.04333379222356703,0.043333792223567015,0.043333792223567,0.04333379222356698,0.04333379222356696,0.043333792223566946,0.043333792223566925,0.04333379222356692,0.04333379222356692,0.043333792223566904,0.04333379222356688,0.043333792223566876,0.04333379222356686,0.04333379222356686,0.04333379222356685,0.04333379222356683,0.04333379222356683,0.04333379222356682,0.043333792223566814,0.04333379222356681,0.043333792223566814,0.04333379222356681,0.04333379222356679,0.043333792223566786,0.04333379222356677,0.04333379222356675,0.043333792223566765,0.043333792223566786,0.043333792223566765,0.043333792223566765,0.043333792223566744,0.04333379222356677,0.04333379222356677,0.043333792223566765,0.04333379222356675,0.04333379222356677,0.04333379222356677,0.04333379222356678,0.04333379222356677,0.04333379222356679,0.04333379222356677,0.04333379222356679,0.04333379222356683,0.043333792223566814,0.043333792223566835,0.043333792223566814,0.043333792223566814,0.04333379222356683,0.04333379222356683,0.043333792223566835,0.043333792223566835,0.043333792223566835,0.04333379222356684,0.043333792223566855,0.043333792223566855,0.04333379222356687,0.04333379222356688,0.04333379222356688,0.04333379222356688,0.04333379222356689,0.0433337922235669,0.04333379222356692,0.043333792223566925,0.043333792223566925,0.04333379222356693,0.04333379222356695,0.04333379222356696,0.043333792223566966,0.04333379222356701,0.043333792223567015,0.04333379222356703,0.04333379222356703,0.04333379222356705,0.043333792223567064,0.04333379222356708,0.0433337922235671,0.0433337922235671,0.04333379222356712,0.04333379222356714,0.04333379222356716,0.043333792223567195,0.04333379222356721,0.043333792223567216,0.04333379222356724,0.043333792223567265,0.043333792223567286,0.04333379222356727,0.04333379222356729,0.04333379222356731,0.04333379222356734,0.043333792223567355,0.043333792223567376,0.04333379222356738,0.043333792223567424,0.043333792223567445,0.043333792223567466,0.043333792223567515,0.04333379222356752,0.04333379222356755,0.04333379222356757,0.04333379222356759,0.04333379222356761,0.04333379222356763,0.043333792223567646,0.04333379222356769,0.04333379222356771,0.04333379222356773,0.04333379222356778,0.04333379222356779,0.04333379222356783,0.04333379222356784,0.043333792223567875,0.043333792223567896,0.04333379222356794,0.04333379222356796,0.04333379222356797,0.043333792223567986,0.04333379222356802,0.04333379222356804,0.04333379222356808,0.043333792223568084,0.04333379222356812,0.04333379222356816,0.04333379222356818,0.04333379222356821,0.043333792223568264,0.04333379222356827,0.043333792223568326,0.04333379222356837,0.04333379222356842,0.043333792223568444,0.04333379222356848,0.04333379222356852,0.04333379222356855,0.04333379222356858,0.04333379222356861,0.04333379222356865,0.04333379222356869,0.043333792223568715,0.043333792223568764,0.0433337922235688,0.04333379222356881,0.043333792223568854,0.043333792223568895,0.04333379222356893,0.043333792223568965,0.043333792223569007,0.04333379222356904,0.0433337922235691,0.04333379222356913,0.04333379222356917,0.04333379222356921,0.04333379222356925,0.043333792223569305,0.043333792223569347,0.04333379222356938,0.04333379222356943,0.04333379222356945,0.0433337922235695,0.04333379222356955,0.04333379222356958,0.043333792223569624,0.04333379222356966,0.04333379222356969,0.043333792223569735,0.0433337922235698,0.04333379222356983,0.04333379222356987,0.04333379222356992,0.043333792223569964,0.04333379222357,0.04333379222357004,0.043333792223570096,0.04333379222357014,0.04333379222357019,0.04333379222357023,0.04333379222357029,0.04333379222357035,0.04333379222357039,0.04333379222357043,0.0433337922235705,0.043333792223570554,0.04333379222357058,0.043333792223570644,0.04333379222357069,0.04333379222357075,0.0433337922235708,0.043333792223570845,0.0433337922235709,0.04333379222357094,0.043333792223571,0.04333379222357105,0.043333792223571095,0.04333379222357116,0.043333792223571206,0.04333379222357126,0.04333379222357133,0.043333792223571393,0.043333792223571456,0.04333379222357152,0.04333379222357158,0.04333379222357163,0.04333379222357169,0.043333792223571754,0.04333379222357181,0.04333379222357187,0.04333379222357193,0.04333379222357199,0.04333379222357205,0.0433337922235721,0.04333379222357216,0.04333379222357221,0.043333792223572275,0.04333379222357234,0.04333379222357239,0.04333379222357245,0.043333792223572504,0.043333792223572566,0.04333379222357263,0.04333379222357268,0.04333379222357273,0.04333379222357279,0.04333379222357282,0.04333379222357289,0.043333792223572934,0.04333379222357298,0.043333792223573066,0.04333379222357312,0.04333379222357319,0.04333379222357324,0.0433337922235733,0.04333379222357336,0.04333379222357343,0.043333792223573496,0.04333379222357356,0.04333379222357364,0.04333379222357368,0.04333379222357374,0.043333792223573815,0.04333379222357387,0.04333379222357395,0.04333379222357399,0.04333379222357405,0.04333379222357415,0.0433337922235742,0.04333379222357427,0.04333379222357436,0.04333379222357444,0.04333379222357451,0.04333379222357458,0.04333379222357463,0.04333379222357469,0.04333379222357477,0.043333792223574835,0.043333792223574905,0.04333379222357497,0.04333379222357503,0.0433337922235751,0.04333379222357517,0.04333379222357523,0.0433337922235753,0.04333379222357538,0.04333379222357545,0.043333792223575494,0.0433337922235756,0.043333792223575675,0.04333379222357574,0.04333379222357581,0.04333379222357588,0.043333792223575945,0.043333792223576015,0.043333792223576084,0.04333379222357616,0.04333379222357624,0.043333792223576306,0.043333792223576396,0.043333792223576466,0.04333379222357652,0.04333379222357662,0.04333379222357671,0.043333792223576764,0.04333379222357684,0.04333379222357691,0.043333792223577,0.04333379222357707,0.04333379222357714,0.04333379222357722,0.043333792223577285,0.043333792223577375,0.04333379222357744,0.043333792223577514,0.0433337922235776,0.04333379222357767,0.04333379222357775,0.04333379222357782,0.04333379222357789,0.04333379222357797,0.043333792223578055,0.04333379222357812,0.043333792223578194,0.04333379222357828,0.043333792223578346,0.043333792223578436,0.043333792223578506,0.04333379222357859,0.043333792223578665,0.043333792223578756,0.04333379222357883,0.043333792223578915,0.043333792223579005,0.043333792223579075,0.04333379222357915,0.043333792223579234,0.04333379222357931,0.04333379222357942,0.043333792223579484,0.04333379222357958,0.04333379222357965,0.043333792223579734,0.04333379222357981,0.04333379222357989,0.043333792223579984,0.04333379222358007,0.043333792223580164,0.04333379222358025,0.0433337922235803,0.0433337922235804,0.04333379222358049,0.04333379222358058,0.043333792223580664,0.04333379222358075,0.043333792223580844,0.04333379222358093,0.04333379222358101,0.04333379222358109,0.043333792223581184,0.043333792223581254,0.043333792223581344,0.043333792223581434,0.04333379222358152,0.0433337922235816,0.04333379222358169,0.04333379222358176,0.043333792223581864,0.04333379222358194,0.04333379222358203,0.04333379222358212,0.0433337922235822,0.04333379222358228,0.04333379222358238,0.04333379222358246,0.043333792223582565,0.04333379222358263,0.043333792223582725,0.04333379222358282,0.0433337922235829,0.04333379222358301,0.043333792223583106,0.0433337922235832,0.04333379222358329,0.04333379222358336,0.043333792223583446,0.04333379222358355,0.04333379222358364,0.043333792223583724,0.043333792223583814,0.0433337922235839,0.043333792223583995,0.04333379222358409,0.043333792223584175,0.043333792223584265,0.04333379222358435,0.043333792223584446,0.043333792223584536,0.04333379222358464,0.043333792223584716,0.043333792223584806,0.04333379222358491,0.043333792223584994,0.0433337922235851,0.04333379222358522,0.0433337922235853,0.0433337922235854,0.043333792223585486,0.04333379222358557,0.043333792223585674,0.04333379222358576,0.043333792223585854,0.04333379222358595,0.04333379222358604,0.04333379222358613,0.04333379222358623,0.04333379222358632,0.04333379222358641,0.043333792223586506,0.04333379222358661,0.043333792223586694,0.04333379222358678,0.043333792223586895,0.043333792223586985,0.043333792223587096,0.043333792223587186,0.04333379222358728,0.04333379222358738,0.043333792223587464,0.043333792223587575,0.04333379222358767,0.043333792223587755,0.04333379222358785,0.043333792223587964,0.04333379222358805,0.043333792223588165,0.04333379222358825,0.04333379222358836,0.043333792223588456,0.04333379222358856,0.04333379222358866,0.04333379222358876,0.04333379222358886,0.04333379222358896,0.04333379222358905,0.043333792223589164,0.043333792223589254,0.043333792223589365,0.04333379222358946,0.04333379222358956,0.04333379222358965,0.04333379222358975,0.043333792223589844,0.04333379222358995,0.04333379222359009,0.043333792223590156,0.04333379222359023,0.043333792223590344,0.04333379222359046,0.04333379222359056,0.04333379222359066,0.04333379222359077,0.043333792223590864,0.043333792223590954,0.04333379222359106,0.043333792223591155,0.04333379222359125,0.04333379222359136,0.043333792223591475,0.04333379222359158,0.043333792223591676,0.04333379222359179,0.043333792223591856,0.04333379222359197,0.04333379222359207,0.04333379222359219,0.043333792223592314,0.04333379222359238,0.043333792223592495,0.04333379222359262,0.043333792223592696,0.04333379222359281,0.0433337922235929,0.04333379222359303,0.043333792223593126,0.04333379222359324,0.043333792223593334,0.04333379222359345,0.043333792223593556,0.043333792223593647,0.043333792223593764,0.04333379222359387,0.043333792223593966,0.043333792223594084,0.043333792223594174,0.04333379222359429,0.04333379222359439,0.043333792223594486,0.04333379222359459,0.04333379222359471,0.04333379222359482,0.04333379222359493,0.043333792223595034,0.04333379222359514,0.04333379222359526,0.04333379222359535,0.04333379222359547,0.043333792223595576,0.0433337922235957,0.04333379222359581,0.04333379222359591,0.043333792223596033,0.04333379222359615,0.043333792223596256,0.04333379222359636,0.04333379222359648,0.04333379222359659,0.0433337922235967,0.04333379222359682,0.04333379222359691,0.043333792223597026,0.04333379222359713,0.043333792223597255,0.043333792223597345,0.04333379222359747,0.04333379222359756,0.043333792223597664,0.04333379222359779,0.0433337922235979,0.04333379222359802,0.04333379222359812,0.043333792223598226,0.04333379222359833,0.04333379222359845,0.04333379222359855,0.04333379222359867,0.04333379222359877,0.043333792223598865,0.04333379222359899,0.04333379222359911,0.043333792223599205,0.043333792223599316,0.043333792223599434,0.04333379222359956,0.043333792223599676,0.04333379222359979,0.04333379222359991,0.04333379222360001,0.04333379222360012,0.04333379222360024,0.04333379222360037,0.043333792223600474,0.043333792223600585,0.0433337922236007,0.043333792223600835,0.04333379222360095,0.04333379222360105,0.043333792223601175,0.04333379222360129,0.04333379222360141,0.04333379222360152,0.043333792223601654,0.04333379222360173,0.04333379222360186,0.043333792223601966,0.04333379222360208,0.0433337922236022,0.04333379222360231,0.043333792223602424,0.04333379222360254,0.04333379222360266,0.04333379222360278,0.04333379222360289,0.043333792223603014,0.04333379222360313,0.04333379222360323,0.04333379222360336,0.04333379222360348,0.04333379222360359,0.04333379222360368,0.043333792223603805,0.04333379222360393,0.04333379222360405,0.043333792223604145,0.04333379222360428,0.04333379222360436,0.0433337922236045,0.04333379222360461,0.04333379222360472,0.04333379222360485,0.043333792223604964,0.043333792223605096,0.0433337922236052,0.043333792223605325,0.04333379222360545,0.043333792223605554,0.04333379222360569,0.04333379222360582,0.04333379222360594,0.043333792223606074,0.04333379222360617,0.04333379222360629,0.043333792223606414,0.04333379222360653,0.04333379222360666,0.04333379222360679,0.04333379222360689,0.04333379222360703,0.04333379222360714,0.043333792223607254,0.04333379222360739,0.043333792223607503,0.043333792223607635,0.04333379222360776,0.04333379222360787,0.04333379222360797,0.043333792223608086,0.043333792223608204,0.043333792223608315,0.04333379222360842,0.04333379222360854,0.04333379222360866,0.04333379222360879,0.04333379222360889,0.04333379222360904,0.043333792223609155,0.04333379222360926,0.043333792223609384,0.043333792223609516,0.043333792223609634,0.043333792223609766,0.04333379222360987,0.043333792223609995,0.0433337922236101,0.04333379222361024,0.043333792223610376,0.043333792223610494,0.043333792223610605,0.043333792223610744,0.04333379222361085,0.04333379222361097,0.043333792223611105,0.04333379222361123,0.04333379222361135,0.04333379222361148,0.0433337922236116,0.04333379222361171,0.043333792223611806,0.043333792223611944,0.04333379222361207,0.043333792223612194,0.043333792223612326,0.04333379222361245,0.04333379222361257,0.04333379222361269,0.04333379222361282,0.04333379222361295,0.043333792223613075,0.043333792223613186,0.04333379222361331,0.04333379222361344,0.04333379222361356,0.043333792223613686,0.0433337922236138,0.04333379222361392,0.04333379222361406,0.04333379222361417,0.0433337922236143,0.04333379222361443,0.04333379222361455,0.04333379222361466,0.043333792223614796,0.04333379222361489,0.04333379222361501,0.04333379222361517,0.043333792223615344,0.04333379222361546,0.04333379222361559,0.04333379222361571,0.04333379222361584,0.04333379222361596,0.04333379222361608,0.043333792223616205,0.04333379222361632,0.043333792223616455,0.04333379222361656,0.043333792223616704,0.04333379222361682,0.04333379222361695,0.043333792223617086,0.04333379222361718,0.04333379222361732,0.04333379222361745,0.04333379222361758,0.04333379222361769,0.04333379222361783,0.04333379222361796,0.04333379222361808,0.04333379222361821,0.04333379222361834,0.043333792223618474,0.0433337922236186,0.04333379222361872,0.04333379222361884,0.04333379222361897,0.043333792223619105,0.04333379222361923,0.04333379222361936,0.04333379222361949,0.04333379222361961,0.04333379222361979,0.0433337922236199,0.04333379222362001,0.043333792223620146,0.043333792223620285,0.043333792223620424,0.043333792223620535,0.043333792223620674,0.04333379222362079,0.043333792223620916,0.043333792223621055,0.04333379222362118,0.043333792223621305,0.04333379222362144,0.043333792223621576,0.0433337922236217,0.043333792223621825,0.04333379222362195,0.04333379222362208,0.04333379222362222,0.04333379222362233,0.04333379222362248,0.04333379222362261,0.04333379222362275,0.04333379222362286,0.04333379222362296,0.04333379222362311,0.04333379222362324,0.04333379222362338,0.0433337922236235,0.04333379222362363,0.04333379222362376,0.04333379222362389,0.04333379222362402,0.04333379222362416,0.04333379222362428,0.04333379222362441,0.04333379222362453,0.04333379222362465,0.043333792223624795,0.04333379222362491,0.043333792223625066,0.04333379222362518,0.043333792223625316,0.04333379222362543,0.043333792223625565,0.043333792223625704,0.04333379222362582,0.04333379222362595,0.04333379222362608,0.04333379222362621,0.043333792223626336,0.04333379222362647,0.04333379222362659,0.04333379222362673,0.04333379222362685,0.04333379222362697,0.043333792223627106,0.04333379222362722,0.04333379222362735,0.04333379222362749,0.04333379222362762,0.043333792223627744,0.043333792223627876,0.04333379222362801,0.043333792223628126,0.04333379222362827,0.04333379222362841,0.04333379222362855,0.043333792223628695,0.043333792223628737,0.04333379222362891,0.04333379222362902,0.043333792223629174,0.043333792223629305,0.04333379222362943,0.04333379222362957,0.0433337922236297,0.043333792223629854,0.04333379222362994,0.04333379222363007,0.04333379222363021,0.04333379222363035,0.043333792223630485,0.04333379222363061,0.043333792223630756,0.04333379222363089,0.04333379222363101,0.04333379222363114,0.04333379222363128,0.04333379222363141,0.04333379222363153,0.043333792223631665,0.043333792223631824,0.043333792223631956,0.043333792223632095,0.04333379222363221,0.043333792223632345,0.04333379222363249,0.04333379222363262,0.043333792223632754,0.0433337922236329,0.04333379222363304,0.04333379222363317,0.04333379222363331,0.043333792223633434,0.043333792223633566,0.04333379222363369,0.04333379222363385,0.043333792223633975,0.0433337922236341,0.043333792223634246,0.043333792223634364,0.04333379222363449,0.04333379222363464,0.04333379222363478,0.04333379222363493,0.043333792223635065,0.04333379222363519,0.0433337922236353,0.043333792223635446,0.043333792223635585,0.043333792223635696,0.043333792223635856,0.04333379222363598,0.04333379222363611,0.043333792223636265,0.04333379222363638,0.04333379222363653,0.043333792223636675,0.04333379222363681,0.04333379222363696,0.04333379222363709,0.043333792223637216,0.043333792223637355,0.0433337922236375,0.043333792223637625,0.04333379222363776,0.04333379222363788,0.043333792223638055,0.043333792223638166,0.043333792223638305,0.04333379222363845,0.043333792223638576,0.04333379222363873,0.04333379222363885,0.043333792223639,0.043333792223639145,0.043333792223639256,0.043333792223639415,0.04333379222363953,0.04333379222363966,0.04333379222363982,0.04333379222363995,0.04333379222364009,0.043333792223640234,0.04333379222364036,0.04333379222364049,0.04333379222364064,0.04333379222364077,0.0433337922236409,0.04333379222364103,0.043333792223641185,0.043333792223641324,0.04333379222364145,0.04333379222364159,0.04333379222364173,0.043333792223641865,0.04333379222364199,0.04333379222364214,0.04333379222364227,0.0433337922236424,0.043333792223642545,0.04333379222364269,0.043333792223642836,0.04333379222364297,0.04333379222364309,0.043333792223643225,0.04333379222364337,0.04333379222364351,0.04333379222364366,0.04333379222364379,0.04333379222364394,0.04333379222364407,0.043333792223644196,0.04333379222364434,0.04333379222364447,0.0433337922236446,0.04333379222364476,0.0433337922236449,0.04333379222364505,0.04333379222364516,0.0433337922236453,0.04333379222364543,0.043333792223645584,0.04333379222364571,0.04333379222364587,0.043333792223646,0.04333379222364613,0.043333792223646264,0.0433337922236464,0.04333379222364654,0.043333792223646694,0.04333379222364685,0.04333379222364698,0.04333379222364711,0.043333792223647256,0.04333379222364739,0.04333379222364754,0.04333379222364766,0.043333792223647825,0.04333379222364795,0.04333379222364809,0.04333379222364825,0.04333379222364835,0.04333379222364851,0.04333379222364865,0.04333379222364879,0.04333379222364893,0.043333792223649074,0.04333379222364919,0.04333379222364934,0.04333379222364948,0.0433337922236496,0.04333379222364975,0.04333379222364989,0.04333379222365004,0.04333379222365015,0.04333379222365029,0.04333379222365046,0.04333379222365058,0.043333792223650726,0.043333792223650865,0.04333379222365098,0.04333379222365113,0.043333792223651274,0.04333379222365141,0.04333379222365155,0.04333379222365169,0.04333379222365183,0.043333792223651975,0.043333792223652114,0.04333379222365226,0.04333379222365239,0.04333379222365254,0.04333379222365266,0.04333379222365281,0.04333379222365296,0.043333792223653106,0.043333792223653224,0.04333379222365337,0.043333792223653494,0.04333379222365364,0.043333792223653765,0.04333379222365392,0.04333379222365406,0.0433337922236542,0.043333792223654334,0.04333379222365448,0.04333379222365461,0.043333792223654764,0.043333792223654896,0.04333379222365504,0.043333792223655195,0.04333379222365532,0.04333379222365548,0.0433337922236556,0.04333379222365575,0.04333379222365587,0.04333379222365603,0.04333379222365616,0.04333379222365631,0.04333379222365645,0.0433337922236566,0.04333379222365674,0.04333379222365688,0.04333379222365702,0.043333792223657165,0.04333379222365732,0.04333379222365745,0.043333792223657595,0.04333379222365773,0.04333379222365784,0.04333379222365799,0.04333379222365813,0.04333379222365829,0.04333379222365842,0.04333379222365857,0.043333792223658706,0.04333379222365882,0.04333379222365898,0.04333379222365912,0.043333792223659254,0.0433337922236594,0.04333379222365955,0.0433337922236597,0.04333379222365985,0.04333379222365999,0.04333379222366014,0.04333379222366025,0.04333379222366039,0.04333379222366055,0.04333379222366069,0.04333379222366084,0.04333379222366096,0.043333792223661106,0.043333792223661245,0.0433337922236614,0.043333792223661516,0.04333379222366166,0.04333379222366181,0.04333379222366196,0.043333792223662106,0.04333379222366225,0.0433337922236624,0.04333379222366255,0.043333792223662675,0.043333792223662834,0.04333379222366296,0.043333792223663126,0.04333379222366324,0.0433337922236634,0.04333379222366355,0.04333379222366369,0.04333379222366385,0.04333379222366397,0.04333379222366413,0.04333379222366428,0.04333379222366441,0.043333792223664555,0.04333379222366472,0.04333379222366485,0.043333792223664985,0.043333792223665124,0.043333792223665284,0.04333379222366542,0.04333379222366556,0.04333379222366571,0.04333379222366585,0.043333792223665984,0.04333379222366612,0.04333379222366627,0.04333379222366642,0.043333792223666574,0.0433337922236667,0.04333379222366686,0.04333379222366701,0.04333379222366716,0.04333379222366731,0.04333379222366744,0.04333379222366758,0.04333379222366773,0.043333792223667886,0.04333379222366803,0.043333792223668156,0.04333379222366831,0.043333792223668455,0.0433337922236686,0.04333379222366873,0.04333379222366888,0.04333379222366901,0.04333379222366915,0.04333379222366931,0.04333379222366944,0.04333379222366959,0.04333379222366975,0.0433337922236699,0.04333379222367002,0.04333379222367017,0.04333379222367031,0.04333379222367044,0.04333379222367059,0.04333379222367075,0.04333379222367088,0.04333379222367104,0.043333792223671175,0.043333792223671334,0.04333379222367146,0.04333379222367161,0.04333379222367175,0.0433337922236719,0.043333792223672056,0.043333792223672195,0.04333379222367234,0.04333379222367248,0.043333792223672625,0.04333379222367276,0.043333792223672916,0.043333792223673055,0.04333379222367321,0.04333379222367336,0.04333379222367351,0.04333379222367366,0.0433337922236738,0.04333379222367394,0.04333379222367409,0.04333379222367423,0.04333379222367439,0.04333379222367453,0.043333792223674665,0.04333379222367482,0.04333379222367494,0.0433337922236751,0.04333379222367525,0.04333379222367538,0.043333792223675525,0.04333379222367568,0.043333792223675824,0.04333379222367594,0.043333792223676115,0.04333379222367623,0.0433337922236764,0.043333792223676545,0.04333379222367669,0.04333379222367684,0.043333792223676976,0.04333379222367712,0.043333792223677274,0.04333379222367742,0.04333379222367756,0.043333792223677704,0.04333379222367785,0.043333792223677996,0.04333379222367812,0.04333379222367829,0.04333379222367843,0.043333792223678586,0.043333792223678703,0.04333379222367887,0.04333379222367902,0.04333379222367916,0.04333379222367931,0.043333792223679474,0.043333792223679606,0.04333379222367974,0.04333379222367989,0.043333792223680036,0.04333379222368017,0.04333379222368031,0.04333379222368047,0.043333792223680605,0.04333379222368075,0.04333379222368091,0.04333379222368104,0.043333792223681195,0.043333792223681326,0.0433337922236815,0.04333379222368164,0.04333379222368178,0.04333379222368193,0.043333792223682076,0.04333379222368223,0.04333379222368239,0.04333379222368253,0.04333379222368268,0.04333379222368282,0.043333792223682964,0.0433337922236831,0.043333792223683235,0.04333379222368338,0.04333379222368353,0.04333379222368368,0.04333379222368381,0.04333379222368396,0.043333792223684116,0.04333379222368427,0.04333379222368442,0.04333379222368457,0.043333792223684706,0.04333379222368486,0.043333792223685,0.04333379222368514,0.04333379222368528,0.04333379222368542,0.04333379222368557,0.04333379222368574,0.04333379222368589,0.043333792223686024,0.04333379222368616,0.04333379222368633,0.04333379222368646,0.0433337922236866,0.043333792223686746,0.04333379222368689,0.04333379222368705,0.0433337922236872,0.043333792223687335,0.04333379222368748,0.043333792223687634,0.04333379222368778,0.04333379222368793,0.04333379222368807,0.04333379222368821,0.04333379222368837,0.043333792223688515,0.04333379222368867,0.043333792223688807,0.04333379222368896,0.043333792223689105,0.04333379222368925,0.043333792223689396,0.04333379222368954,0.0433337922236897,0.04333379222368984,0.04333379222368999,0.04333379222369014,0.04333379222369028,0.04333379222369043,0.04333379222369059,0.04333379222369072,0.04333379222369089,0.04333379222369103,0.04333379222369118,0.043333792223691284,0.04333379222369144,0.0433337922236916,0.04333379222369175,0.04333379222369191,0.04333379222369203,0.04333379222369218,0.043333792223692325,0.04333379222369248,0.04333379222369264,0.043333792223692755,0.04333379222369294,0.04333379222369307,0.04333379222369322,0.043333792223693386,0.043333792223693525,0.04333379222369367,0.04333379222369382,0.04333379222369397,0.04333379222369411,0.04333379222369427,0.04333379222369442,0.043333792223694545,0.04333379222369469,0.04333379222369484,0.04333379222369501,0.043333792223695156,0.043333792223695274,0.04333379222369544,0.043333792223695586,0.04333379222369573,0.04333379222369589,0.04333379222369604,0.043333792223696176,0.04333379222369633,0.04333379222369647,0.04333379222369661,0.04333379222369678,0.043333792223696925,0.04333379222369708,0.04333379222369722,0.043333792223697355,0.043333792223697494,0.04333379222369765,0.04333379222369779,0.04333379222369794,0.04333379222369811,0.04333379222369826,0.0433337922236984,0.04333379222369856,0.04333379222369871,0.04333379222369885,0.04333379222369901,0.04333379222369915,0.04333379222369931,0.04333379222369945,0.04333379222369961,0.04333379222369976,0.0433337922236999,0.04333379222370006,0.043333792223700214,0.04333379222370036,0.04333379222370051,0.043333792223700665,0.0433337922237008,0.043333792223700957,0.04333379222370109,0.04333379222370126,0.043333792223701394,0.04333379222370153,0.04333379222370168,0.043333792223701824,0.04333379222370198,0.043333792223702115,0.04333379222370226,0.0433337922237024,0.04333379222370256,0.04333379222370271,0.043333792223702844,0.04333379222370299,0.043333792223703135,0.04333379222370329,0.043333792223703434,0.043333792223703566,0.043333792223703725,0.04333379222370388,0.043333792223703996,0.043333792223704176,0.043333792223704315,0.04333379222370448,0.043333792223704606,0.043333792223704766,0.04333379222370491,0.043333792223705064,0.04333379222370522,0.04333379222370536,0.0433337922237055,0.04333379222370564,0.04333379222370583,0.043333792223705966,0.04333379222370611,0.043333792223706286,0.043333792223706404,0.04333379222370656,0.04333379222370671,0.04333379222370686,0.043333792223707014,0.04333379222370719,0.043333792223707326,0.04333379222370747,0.043333792223707604,0.04333379222370776,0.043333792223707916,0.04333379222370807,0.0433337922237082,0.043333792223708346,0.043333792223708506,0.043333792223708645,0.0433337922237088,0.04333379222370896,0.043333792223709096,0.04333379222370924,0.043333792223709394,0.04333379222370957,0.043333792223709706,0.043333792223709845,0.04333379222371001,0.04333379222371016,0.0433337922237103,0.04333379222371046,0.043333792223710615,0.04333379222371077,0.04333379222371091,0.04333379222371105,0.0433337922237112,0.043333792223711344,0.0433337922237115,0.04333379222371165,0.0433337922237118,0.04333379222371194,0.04333379222371209,0.04333379222371226,0.04333379222371241,0.043333792223712565,0.043333792223712704,0.04333379222371285,0.04333379222371301,0.04333379222371316,0.043333792223713294,0.04333379222371344,0.0433337922237136,0.043333792223713724,0.04333379222371388,0.04333379222371403,0.04333379222371418,0.043333792223714335,0.0433337922237145,0.04333379222371464,0.04333379222371479,0.04333379222371495,0.043333792223715105,0.04333379222371526,0.0433337922237154,0.04333379222371555,0.04333379222371569,0.04333379222371585,0.043333792223715986,0.04333379222371614,0.043333792223716285,0.04333379222371647,0.04333379222371661,0.04333379222371677,0.043333792223716916,0.043333792223717034,0.04333379222371718,0.043333792223717346,0.04333379222371751,0.04333379222371766,0.0433337922237178,0.04333379222371795,0.0433337922237181,0.043333792223718255,0.043333792223718394,0.043333792223718574,0.04333379222371873,0.04333379222371887,0.04333379222371902,0.043333792223719164,0.04333379222371932,0.04333379222371949,0.04333379222371963,0.04333379222371978,0.043333792223719934,0.043333792223720094,0.04333379222372023,0.043333792223720385,0.04333379222372054,0.0433337922237207,0.04333379222372085,0.043333792223721,0.043333792223721156,0.04333379222372131,0.04333379222372147,0.04333379222372162,0.04333379222372176,0.043333792223721905,0.04333379222372205,0.04333379222372221,0.04333379222372238,0.04333379222372252,0.04333379222372266,0.04333379222372281,0.04333379222372295,0.04333379222372312,0.043333792223723244,0.04333379222372339,0.04333379222372354,0.0433337922237237,0.043333792223723855,0.043333792223723994,0.04333379222372415,0.04333379222372428,0.043333792223724445,0.04333379222372458,0.04333379222372473,0.04333379222372488,0.043333792223725034,0.04333379222372517,0.043333792223725326,0.04333379222372548,0.04333379222372563,0.04333379222372579,0.04333379222372593,0.04333379222372609,0.043333792223726235,0.04333379222372639,0.04333379222372654,0.04333379222372669,0.04333379222372683,0.04333379222372698,0.04333379222372713,0.04333379222372726,0.04333379222372745,0.043333792223727595,0.04333379222372771,0.043333792223727886,0.04333379222372802,0.043333792223728185,0.04333379222372833,0.043333792223728476,0.04333379222372858,0.04333379222372875,0.043333792223728886,0.04333379222372903,0.04333379222372919,0.043333792223729344,0.043333792223729524,0.04333379222372968,0.04333379222372982,0.04333379222372996,0.04333379222373013,0.04333379222373028,0.043333792223730426,0.04333379222373057,0.04333379222373074,0.04333379222373089,0.043333792223731044,0.04333379222373118,0.04333379222373134,0.04333379222373148,0.04333379222373163,0.04333379222373178,0.043333792223731925,0.04333379222373207,0.04333379222373222,0.0433337922237324,0.04333379222373254,0.04333379222373271,0.04333379222373283,0.043333792223733,0.04333379222373316,0.043333792223733306,0.04333379222373345,0.0433337922237336,0.04333379222373374,0.04333379222373389,0.04333379222373404,0.04333379222373418,0.04333379222373433,0.04333379222373448,0.043333792223734645,0.04333379222373477,0.04333379222373492,0.043333792223735096,0.04333379222373524,0.04333379222373539,0.043333792223735526,0.0433337922237357,0.04333379222373583,0.04333379222373598,0.04333379222373615,0.04333379222373628,0.043333792223736435,0.04333379222373658,0.04333379222373675,0.04333379222373689,0.04333379222373703,0.043333792223737205,0.043333792223737365,0.043333792223737524,0.04333379222373768,0.043333792223737816,0.043333792223737955,0.04333379222373812,0.04333379222373827,0.04333379222373842,0.04333379222373857,0.04333379222373874,0.04333379222373889,0.04333379222373902,0.04333379222373918,0.043333792223739336,0.04333379222373948,0.04333379222373963,0.043333792223739794,0.04333379222373994,0.04333379222374009,0.043333792223740245,0.043333792223740404,0.043333792223740564,0.043333792223740716,0.04333379222374086,0.04333379222374102,0.04333379222374117,0.04333379222374133,0.043333792223741466,0.04333379222374162,0.04333379222374177,0.04333379222374193,0.04333379222374207,0.04333379222374222,0.043333792223742375,0.04333379222374252,0.043333792223742645,0.043333792223742826,0.043333792223742985,0.04333379222374313,0.04333379222374328,0.04333379222374343,0.043333792223743575,0.04333379222374373,0.04333379222374389,0.04333379222374403,0.04333379222374417,0.04333379222374433,0.0433337922237445,0.04333379222374465,0.0433337922237448,0.04333379222374494,0.0433337922237451,0.04333379222374524,0.04333379222374539,0.04333379222374558,0.04333379222374572,0.043333792223745865,0.043333792223746025,0.04333379222374619,0.043333792223746344,0.04333379222374649,0.043333792223746635,0.043333792223746795,0.04333379222374694,0.0433337922237471,0.04333379222374725,0.04333379222374738,0.04333379222374754,0.043333792223747676,0.04333379222374784,0.043333792223748,0.04333379222374815,0.0433337922237483,0.04333379222374845,0.04333379222374862,0.04333379222374877,0.04333379222374891,0.04333379222374905,0.043333792223749217,0.04333379222374934,0.0433337922237495,0.04333379222374965,0.04333379222374982,0.043333792223749966,0.043333792223750126,0.04333379222375027,0.043333792223750424,0.04333379222375057,0.04333379222375072,0.04333379222375088,0.04333379222375103,0.043333792223751194,0.04333379222375135,0.04333379222375149,0.043333792223751645,0.0433337922237518,0.04333379222375195,0.043333792223752124,0.043333792223752284,0.04333379222375242,0.04333379222375258,0.043333792223752735,0.04333379222375288,0.04333379222375303,0.043333792223753186,0.04333379222375335,0.043333792223753505,0.04333379222375366,0.04333379222375381,0.04333379222375395,0.0433337922237541,0.04333379222375426,0.04333379222375439,0.04333379222375456,0.043333792223754705,0.04333379222375486,0.04333379222375498,0.043333792223755135,0.04333379222375529,0.04333379222375547,0.04333379222375561,0.043333792223755746,0.043333792223755906,0.04333379222375606,0.04333379222375622,0.04333379222375638,0.04333379222375652,0.043333792223756676,0.043333792223756815,0.043333792223756974,0.04333379222375713,0.04333379222375727,0.04333379222375743,0.04333379222375757,0.04333379222375773,0.04333379222375789,0.04333379222375805,0.0433337922237582,0.04333379222375838,0.04333379222375852,0.04333379222375866,0.043333792223758806,0.04333379222375896,0.04333379222375912,0.043333792223759264,0.04333379222375941,0.0433337922237596,0.04333379222375975,0.043333792223759895,0.04333379222376006,0.043333792223760215,0.04333379222376036,0.043333792223760506,0.04333379222376067,0.04333379222376081,0.043333792223760964,0.0433337922237611,0.04333379222376127,0.04333379222376143,0.04333379222376156,0.043333792223761734,0.04333379222376188,0.04333379222376203,0.04333379222376218,0.04333379222376232,0.04333379222376248,0.04333379222376263,0.04333379222376278,0.043333792223762935,0.04333379222376308,0.043333792223763226,0.043333792223763386,0.04333379222376353,0.04333379222376372,0.04333379222376385,0.04333379222376401,0.04333379222376416,0.04333379222376431,0.043333792223764454,0.043333792223764614,0.04333379222376476,0.0433337922237649,0.04333379222376507,0.04333379222376519,0.04333379222376535,0.04333379222376553,0.043333792223765696,0.043333792223765835,0.043333792223765974,0.04333379222376613,0.043333792223766286,0.04333379222376643,0.04333379222376658,0.04333379222376672,0.04333379222376689,0.04333379222376705,0.0433337922237672,0.043333792223767355,0.043333792223767514,0.04333379222376766,0.043333792223767834,0.043333792223767965,0.043333792223768125,0.043333792223768305,0.043333792223768416,0.04333379222376857,0.043333792223768736,0.043333792223768895,0.04333379222376903,0.04333379222376922,0.043333792223769346,0.04333379222376951,0.04333379222376967,0.04333379222376981,0.043333792223769964,0.043333792223770116,0.043333792223770276,0.04333379222377043,0.04333379222377057,0.04333379222377071,0.04333379222377087,0.04333379222377103,0.04333379222377116,0.04333379222377133,0.04333379222377147,0.04333379222377162,0.04333379222377176,0.043333792223771914,0.04333379222377208,0.043333792223772226,0.04333379222377238,0.04333379222377254,0.04333379222377268,0.04333379222377286,0.043333792223773,0.043333792223773135,0.0433337922237733,0.04333379222377345,0.04333379222377359,0.04333379222377375,0.04333379222377391,0.04333379222377405,0.04333379222377421,0.04333379222377436,0.04333379222377451,0.04333379222377466,0.043333792223774814,0.04333379222377497,0.043333792223775106,0.04333379222377527,0.04333379222377541,0.043333792223775584,0.04333379222377573,0.04333379222377589,0.043333792223776035,0.043333792223776174,0.04333379222377634,0.043333792223776486,0.043333792223776646,0.04333379222377677,0.04333379222377693,0.0433337922237771,0.043333792223777236,0.043333792223777395,0.04333379222377755,0.043333792223777715,0.04333379222377785,0.04333379222377802,0.043333792223778166,0.04333379222377832,0.04333379222377848,0.043333792223778624,0.04333379222377877,0.043333792223778915,0.043333792223779075,0.04333379222377923,0.04333379222377938,0.04333379222377953,0.04333379222377969,0.043333792223779845,0.04333379222377998,0.04333379222378013,0.0433337922237803,0.04333379222378042,0.04333379222378058,0.04333379222378074,0.043333792223780886,0.04333379222378105,0.04333379222378119,0.04333379222378134,0.043333792223781496,0.04333379222378164,0.04333379222378181,0.04333379222378196,0.043333792223782114,0.04333379222378226,0.04333379222378242,0.04333379222378257,0.04333379222378272,0.04333379222378286,0.04333379222378301,0.04333379222378315,0.043333792223783314,0.04333379222378346,0.04333379222378363,0.04333379222378378,0.04333379222378393,0.04333379222378408,0.04333379222378423,0.04333379222378439,0.04333379222378454,0.0433337922237847,0.04333379222378484,0.04333379222378499,0.043333792223785146,0.04333379222378529,0.043333792223785444,0.0433337922237856,0.04333379222378574,0.04333379222378591,0.043333792223786055,0.0433337922237862,0.043333792223786353,0.04333379222378653,0.04333379222378669,0.04333379222378682,0.04333379222378697,0.04333379222378713,0.04333379222378728,0.043333792223787436,0.043333792223787596,0.043333792223787734,0.043333792223787894,0.04333379222378804,0.0433337922237882,0.04333379222378836,0.043333792223788525,0.04333379222378868,0.04333379222378883,0.04333379222378897,0.04333379222378913,0.04333379222378927,0.043333792223789434,0.04333379222378958,0.04333379222378973,0.043333792223789865,0.04333379222379003,0.0433337922237902,0.04333379222379034,0.04333379222379051,0.043333792223790656,0.0433337922237908,0.04333379222379096,0.043333792223791114,0.04333379222379127,0.04333379222379142,0.043333792223791565,0.04333379222379172,0.04333379222379186,0.04333379222379202,0.04333379222379219,0.04333379222379234,0.0433337922237925,0.043333792223792654,0.04333379222379282,0.043333792223792945,0.04333379222379312,0.04333379222379326,0.0433337922237934,0.04333379222379357,0.04333379222379373,0.04333379222379386,0.043333792223794035,0.04333379222379418,0.04333379222379433,0.04333379222379448,0.04333379222379463,0.04333379222379478,0.04333379222379492,0.04333379222379508,0.04333379222379523,0.043333792223795374,0.043333792223795534,0.0433337922237957,0.043333792223795846,0.04333379222379601,0.043333792223796165,0.0433337922237963,0.04333379222379646,0.04333379222379661,0.04333379222379677,0.043333792223796935,0.04333379222379708,0.043333792223797234,0.043333792223797386,0.043333792223797525,0.04333379222379768,0.04333379222379783,0.043333792223797976,0.04333379222379814,0.04333379222379829,0.04333379222379843,0.04333379222379858,0.043333792223798746,0.0433337922237989,0.04333379222379906,0.04333379222379921,0.04333379222379935,0.0433337922237995,0.043333792223799655,0.04333379222379979,0.043333792223799954,0.043333792223800086,0.043333792223800266,0.04333379222380043,0.04333379222380058,0.043333792223800724,0.04333379222380087,0.04333379222380102,0.04333379222380117,0.04333379222380132,0.04333379222380147,0.04333379222380163,0.04333379222380177,0.04333379222380191,0.04333379222380208,0.04333379222380224,0.043333792223802396,0.04333379222380254,0.04333379222380269,0.04333379222380284,0.043333792223803,0.043333792223803146,0.043333792223803305,0.04333379222380345,0.043333792223803604,0.04333379222380377,0.043333792223803916,0.043333792223804075,0.043333792223804235,0.04333379222380438,0.043333792223804526,0.04333379222380469,0.04333379222380483,0.043333792223804984,0.04333379222380515,0.04333379222380532,0.04333379222380545,0.04333379222380561,0.043333792223805755,0.043333792223805914,0.043333792223806074,0.04333379222380623,0.043333792223806365,0.04333379222380651,0.043333792223806664,0.0433337922238068,0.04333379222380696,0.04333379222380712,0.04333379222380725,0.04333379222380742,0.04333379222380756,0.043333792223807725,0.04333379222380787,0.04333379222380801,0.043333792223808176,0.04333379222380831,0.04333379222380848,0.04333379222380864,0.04333379222380879,0.04333379222380894,0.0433337922238091,0.04333379222380926,0.043333792223809404,0.04333379222380955,0.04333379222380972,0.04333379222380986,0.04333379222381001,0.043333792223810175,0.043333792223810334,0.043333792223810466,0.04333379222381061,0.04333379222381078,0.04333379222381092,0.04333379222381107,0.04333379222381124,0.04333379222381137,0.04333379222381154,0.04333379222381169,0.04333379222381184,0.04333379222381199,0.04333379222381214,0.04333379222381231,0.043333792223812465,0.04333379222381262,0.04333379222381276,0.043333792223812916,0.043333792223813054,0.043333792223813214,0.043333792223813374,0.043333792223813526,0.04333379222381367,0.04333379222381382,0.04333379222381397,0.04333379222381414,0.043333792223814296,0.043333792223814435,0.0433337922238146,0.04333379222381474,0.0433337922238149,0.043333792223815046,0.043333792223815205,0.043333792223815344,0.04333379222381552,0.04333379222381566,0.04333379222381582,0.043333792223815976,0.043333792223816114,0.04333379222381627,0.043333792223816434,0.043333792223816586,0.04333379222381672,0.04333379222381688,0.043333792223817044,0.04333379222381719,0.043333792223817356,0.043333792223817495,0.04333379222381765,0.04333379222381778,0.04333379222381796,0.043333792223818106,0.04333379222381827,0.04333379222381839,0.04333379222381856,0.04333379222381871,0.043333792223818876,0.04333379222381902,0.04333379222381917,0.043333792223819334,0.04333379222381948,0.043333792223819625,0.04333379222381977,0.043333792223819924,0.043333792223820077,0.043333792223820236,0.043333792223820396,0.04333379222382055,0.0433337922238207,0.04333379222382085,0.043333792223821,0.043333792223821145,0.0433337922238213,0.04333379222382144,0.04333379222382162,0.04333379222382175,0.0433337922238219,0.04333379222382207,0.04333379222382223,0.04333379222382237,0.04333379222382253,0.043333792223822686,0.04333379222382283,0.04333379222382298,0.04333379222382316,0.0433337922238233,0.043333792223823456,0.043333792223823595,0.043333792223823754,0.043333792223823914,0.043333792223824066,0.043333792223824226,0.04333379222382438,0.04333379222382453,0.04333379222382469,0.043333792223824844,0.043333792223824996,0.04333379222382514,0.04333379222382529,0.04333379222382545,0.043333792223825614,0.04333379222382577,0.043333792223825905,0.04333379222382607,0.0433337922238262,0.04333379222382635,0.043333792223826516,0.04333379222382668,0.043333792223826835,0.04333379222382698,0.04333379222382714,0.043333792223827286,0.043333792223827446,0.04333379222382759,0.04333379222382776,0.043333792223827904,0.04333379222382804,0.043333792223828216,0.043333792223828355,0.0433337922238285,0.04333379222382866,0.04333379222382882,0.04333379222382896,0.043333792223829104,0.04333379222382926,0.0433337922238294,0.04333379222382956,0.04333379222382973,0.04333379222382987,0.04333379222383002,0.043333792223830166,0.043333792223830304,0.04333379222383047,0.04333379222383061,0.04333379222383078,0.043333792223830936,0.04333379222383107,0.04333379222383123,0.04333379222383136,0.04333379222383152,0.04333379222383166,0.0433337922238318,0.043333792223831956,0.04333379222383211,0.043333792223832254,0.04333379222383243,0.043333792223832567,0.043333792223832705,0.043333792223832865,0.04333379222383302,0.043333792223833156,0.043333792223833316,0.04333379222383346,0.04333379222383362,0.04333379222383377,0.04333379222383393,0.04333379222383407,0.04333379222383422,0.04333379222383437,0.04333379222383454,0.04333379222383469,0.04333379222383486,0.043333792223835,0.04333379222383517,0.04333379222383532,0.04333379222383547,0.04333379222383563,0.04333379222383578,0.043333792223835925,0.043333792223836064,0.043333792223836216,0.04333379222383636,0.0433337922238365,0.043333792223836654,0.0433337922238368,0.04333379222383696,0.04333379222383712,0.04333379222383725,0.04333379222383742,0.04333379222383756,0.043333792223837715,0.04333379222383787,0.04333379222383801,0.043333792223838166,0.043333792223838326,0.043333792223838485,0.04333379222383863,0.0433337922238388,0.04333379222383896,0.043333792223839096,0.04333379222383925,0.043333792223839415,0.04333379222383956,0.04333379222383972,0.043333792223839866,0.043333792223840005,0.04333379222384015,0.0433337922238403,0.043333792223840456,0.043333792223840595,0.04333379222384074,0.04333379222384089,0.04333379222384103,0.04333379222384121,0.043333792223841365,0.04333379222384151,0.043333792223841656,0.04333379222384178,0.043333792223841934,0.04333379222384209,0.04333379222384222,0.04333379222384238,0.04333379222384253,0.0433337922238427,0.04333379222384284,0.04333379222384301,0.04333379222384316,0.043333792223843294,0.04333379222384345,0.043333792223843606,0.04333379222384375,0.04333379222384389,0.04333379222384404,0.043333792223844196,0.04333379222384436,0.04333379222384451,0.04333379222384466,0.043333792223844814,0.04333379222384498,0.04333379222384513,0.04333379222384529,0.04333379222384543,0.043333792223845605,0.043333792223845743,0.04333379222384591,0.04333379222384607,0.043333792223846215,0.04333379222384636,0.0433337922238465,0.04333379222384666,0.04333379222384682,0.04333379222384698,0.043333792223847124,0.04333379222384727,0.043333792223847444,0.043333792223847575,0.043333792223847735,0.0433337922238479,0.043333792223848054,0.04333379222384821,0.04333379222384835,0.04333379222384852,0.04333379222384866,0.04333379222384882,0.04333379222384896,0.043333792223849116,0.043333792223849255,0.043333792223849414,0.04333379222384956,0.043333792223849706,0.043333792223849844,0.04333379222385004,0.04333379222385018,0.04333379222385033,0.04333379222385048,0.04333379222385062,0.04333379222385078,0.043333792223850934,0.043333792223851086,0.043333792223851246,0.04333379222385137,0.04333379222385154,0.0433337922238517,0.04333379222385184,0.043333792223851995,0.04333379222385217,0.04333379222385229,0.043333792223852446,0.04333379222385261,0.04333379222385276,0.0433337922238529,0.04333379222385305,0.043333792223853196,0.04333379222385333,0.04333379222385348,0.04333379222385363,0.0433337922238538,0.04333379222385396,0.04333379222385411,0.04333379222385426,0.04333379222385442,0.04333379222385456,0.04333379222385473,0.043333792223854896,0.04333379222385501,0.043333792223855194,0.04333379222385533,0.04333379222385547,0.04333379222385563,0.04333379222385579,0.043333792223855944,0.04333379222385609,0.043333792223856235,0.04333379222385639,0.04333379222385655,0.043333792223856686,0.04333379222385683,0.043333792223856984,0.043333792223857144,0.04333379222385729,0.04333379222385744,0.0433337922238576,0.04333379222385775,0.0433337922238579,0.043333792223858046,0.043333792223858206,0.04333379222385835,0.04333379222385851,0.04333379222385866,0.04333379222385879,0.04333379222385894,0.04333379222385909,0.04333379222385925,0.0433337922238594,0.04333379222385955,0.0433337922238597,0.043333792223859836,0.04333379222386,0.043333792223860156,0.04333379222386032,0.04333379222386046,0.043333792223860634,0.04333379222386078,0.04333379222386093,0.04333379222386108,0.04333379222386123,0.04333379222386139,0.043333792223861536,0.04333379222386169,0.043333792223861835,0.04333379222386199,0.04333379222386214,0.043333792223862286,0.043333792223862445,0.043333792223862605,0.04333379222386274,0.04333379222386289,0.04333379222386304,0.043333792223863195,0.043333792223863354,0.0433337922238635,0.04333379222386365,0.04333379222386379,0.04333379222386395,0.0433337922238641,0.04333379222386425,0.0433337922238644,0.043333792223864555,0.04333379222386471,0.04333379222386485,0.04333379222386499,0.04333379222386515,0.043333792223865304,0.043333792223865436,0.043333792223865596,0.04333379222386574,0.043333792223865894,0.04333379222386603,0.04333379222386619,0.04333379222386634,0.043333792223866505,0.04333379222386663,0.043333792223866775,0.04333379222386694,0.043333792223867094,0.04333379222386724,0.0433337922238674,0.043333792223867545,0.043333792223867705,0.04333379222386786,0.04333379222386802,0.043333792223868156,0.043333792223868316,0.04333379222386847,0.04333379222386861,0.04333379222386876,0.04333379222386892,0.04333379222386907,0.04333379222386923,0.04333379222386937,0.04333379222386953,0.043333792223869676,0.04333379222386982,0.043333792223869974,0.04333379222387014,0.043333792223870286,0.04333379222387043,0.04333379222387058,0.04333379222387073,0.04333379222387089,0.043333792223871036,0.04333379222387118,0.043333792223871334,0.04333379222387151,0.04333379222387164,0.04333379222387179,0.043333792223871945,0.043333792223872104,0.04333379222387227,0.043333792223872424,0.04333379222387257,0.043333792223872715,0.04333379222387287,0.04333379222387302,0.04333379222387317,0.04333379222387331,0.043333792223873485,0.04333379222387363,0.04333379222387378,0.043333792223873936,0.04333379222387408,0.043333792223874235,0.0433337922238744,0.04333379222387455,0.0433337922238747,0.043333792223874845,0.043333792223875005,0.04333379222387515,0.0433337922238753,0.043333792223875456,0.043333792223875595,0.04333379222387577,0.043333792223875914,0.043333792223876066,0.04333379222387622,0.043333792223876365,0.04333379222387652,0.043333792223876656,0.0433337922238768,0.043333792223876955,0.04333379222387712,0.04333379222387727,0.04333379222387741,0.04333379222387757,0.043333792223877725,0.043333792223877884,0.04333379222387803,0.04333379222387819,0.04333379222387835,0.04333379222387849,0.04333379222387862,0.04333379222387878,0.04333379222387893,0.043333792223879085,0.04333379222387924,0.0433337922238794,0.04333379222387955,0.04333379222387971,0.04333379222387986,0.04333379222388003,0.043333792223880174,0.04333379222388033,0.04333379222388047,0.043333792223880625,0.04333379222388077,0.04333379222388092,0.04333379222388107,0.04333379222388122,0.043333792223881396,0.043333792223881534,0.04333379222388167,0.04333379222388183,0.043333792223881985,0.043333792223882124,0.04333379222388229,0.04333379222388244,0.0433337922238826,0.04333379222388275,0.043333792223882894,0.04333379222388305,0.04333379222388319,0.043333792223883345,0.0433337922238835,0.043333792223883644,0.04333379222388381,0.04333379222388396,0.043333792223884116,0.04333379222388426,0.04333379222388441,0.04333379222388457,0.04333379222388471,0.04333379222388485,0.043333792223885,0.04333379222388514,0.04333379222388528,0.04333379222388544,0.0433337922238856,0.04333379222388575,0.04333379222388592,0.04333379222388608,0.043333792223886225,0.04333379222388638,0.04333379222388654,0.04333379222388668,0.04333379222388683,0.04333379222388698,0.043333792223887134,0.0433337922238873,0.043333792223887425,0.043333792223887606,0.04333379222388776,0.04333379222388791,0.04333379222388805,0.04333379222388819,0.04333379222388835
9,2.473418010802274e-45,8.737312824863496e-45,1.8291050033321997e-44,3.1569598072479173e-44,4.958453420788141e-44,7.278035155115678e-44,1.0172940724855032e-43,1.3702733775315738e-43,1.7926780126407256e-43,2.2904360836913714e-43,2.869474509290927e-43,3.5357235108244663e-43,4.295119184219867e-43,5.1536047825513744e-43,6.117131153428026e-43,7.191656643133909e-43,8.383146679892742e-43,9.697573183017658e-43,1.1140913893284918e-42,1.2719151687789247e-42,1.443827391683837e-42,1.6304271787153842e-42,1.8323139800611454e-42,2.0500875254875254e-42,2.284347780539954e-42,2.535694908399423e-42,2.804729237279192e-42,3.0920512324772406e-42,3.398261472772437e-42,3.723960630590107e-42,4.0697494552520077e-42,4.43622875919273e-42,4.8239994063822954e-42,5.233662302814881e-42,5.665818388634425e-42,6.121068631649102e-42,6.600014022049967e-42,7.103255568175194e-42,7.631394292809942e-42,8.185031230507354e-42,8.764767425135044e-42,9.371203928051159e-42,1.0004941796612924e-41,1.0666582092818206e-41,1.1356725882625763e-41,1.207597423483868e-41,1.2824928220627026e-41,1.3604188913051695e-41,1.4414357386649736e-41,1.5256034717050433e-41,1.612982198081919e-41,1.7036320255093376e-41,1.7976130617746904e-41,1.894985414691021e-41,1.9958091921114232e-41,2.1001445019037554e-41,2.2080514519671756e-41,2.319590150203615e-41,2.4348207045311457e-41,2.5538032228782776e-41,2.676597813169264e-41,2.8032645833422086e-41,2.9338636413213345e-41,3.068455095063636e-41,3.207099052490939e-41,3.349855621563528e-41,3.4967849102115083e-41,3.6479470263784965e-41,3.803402078008569e-41,3.9632101730411936e-41,4.1274314194206975e-41,4.2961259250881646e-41,4.469353797984049e-41,4.647175146047026e-41,4.829650077219299e-41,5.016838699445673e-41,5.20880112065257e-41,5.405597448799824e-41,5.607287791815195e-41,5.81393225764276e-41,6.025590954230344e-41,6.242323989507114e-41,6.46419147141112e-41,6.691253507892137e-41,6.923570206884855e-41,7.161201676325318e-41,7.404208024157579e-41,7.652649358319629e-41,7.906585786752268e-41,8.166077417394718e-41,8.431184358183948e-41,8.701966717069762e-41,8.978484601976171e-41,9.260798120854788e-41,9.548967381645787e-41,9.84305249227055e-41,1.014311356068987e-40,1.0449210694829872e-40,1.0761404002643615e-40,1.107975359204528e-40,1.1404319571001554e-40,1.1735162047449022e-40,1.2072341129309961e-40,1.2415916924541165e-40,1.2765949541075981e-40,1.3122499086844226e-40,1.3485625669799182e-40,1.385538939787471e-40,1.4231850379008925e-40,1.4615068721136394e-40,1.5005104532196184e-40,1.5402017920139907e-40,1.580586899292611e-40,1.6216717858451901e-40,1.663462462468422e-40,1.7059649399547895e-40,1.7491852291010024e-40,1.793129340697698e-40,1.837803285540736e-40,1.8832130744232875e-40,1.929364718137488e-40,1.9762642274811607e-40,2.0239176132447157e-40,2.0723308862246166e-40,2.1215100572160417e-40,2.171461137009764e-40,2.2221901364006884e-40,2.2737030661856165e-40,2.326005937154046e-40,2.3791047601023787e-40,2.4330055458261567e-40,2.4877143051166773e-40,2.543237048767429e-40,2.5995797875771116e-40,2.6567485323334798e-40,2.7147492938327422e-40,2.7735880828698576e-40,2.8332709102408076e-40,2.893803786736574e-40,2.9551927231498743e-40,3.0174437302798295e-40,3.0805628189165166e-40,3.144555999853755e-40,3.2094292838887746e-40,3.275188681810656e-40,3.34184020441812e-40,3.4093898625017412e-40,3.477843666857816e-40,3.547207628279416e-40,3.6174877575607937e-40,3.688690065495913e-40,3.760820562879097e-40,3.833885260503096e-40,3.907890169163553e-40,3.982841299655098e-40,4.058744662769728e-40,4.135606269305137e-40,4.213432130048305e-40,4.292228255800316e-40,4.372000657352036e-40,4.452755345494651e-40,4.534498331027121e-40,4.617235624740023e-40,4.700973237429843e-40,4.785717179890599e-40,4.871473462917047e-40,4.9582480972997486e-40,5.0460470938360865e-40,5.134876463317484e-40,5.224742216544089e-40,5.315650364299494e-40,5.407606917386383e-40,5.500617886597442e-40,5.594689282719962e-40,5.68982711655617e-40,5.786037398896322e-40,5.8833261405375785e-40,5.981699352269912e-40,6.081163044889188e-40,6.181723229189922e-40,6.283385915966125e-40,6.3861571160137e-40,6.490042840120297e-40,6.59504909908891e-40,6.70118190370508e-40,6.8084472647676825e-40,6.91685119307281e-40,7.026399699405116e-40,7.137098794567968e-40,7.24895448935187e-40,7.361972794553526e-40,7.476159720962768e-40,7.591521279376196e-40,7.708063480591156e-40,7.825792335396112e-40,7.944713854588765e-40,8.06483404895883e-40,8.186158929307237e-40,8.308694506420666e-40,8.432446791096683e-40,8.557421794128459e-40,8.683625526314516e-40,8.811063998441503e-40,8.939743221305106e-40,9.069669205713053e-40,9.20084796243905e-40,9.333285502286948e-40,9.466987836053603e-40,9.601960974531013e-40,9.738210928510808e-40,9.875743708787714e-40,1.0014565326153893e-39,1.0154681791413634e-39,1.0296099115346212e-39,1.0438823308750343e-39,1.0582860382431261e-39,1.0728216347177408e-39,1.0874897213772803e-39,1.1022908993021692e-39,1.1172257695710212e-39,1.1322949332643557e-39,1.1474989914606067e-39,1.1628385452392084e-39,1.1783141956803718e-39,1.193926543862656e-39,1.2096761908661764e-39,1.2255637377698829e-39,1.2415897856539449e-39,1.2577549355966979e-39,1.2740597886778201e-39,1.290504945977448e-39,1.3070910085743623e-39,1.3238185775483849e-39,1.3406882539784941e-39,1.3577006389444581e-39,1.3748563335253458e-39,1.3921559388005453e-39,1.4096000558497211e-39,1.4271892857528366e-39,1.444924229588052e-39,1.462805488435641e-39,1.4808336633748498e-39,1.4990093554847184e-39,1.517333165845813e-39,1.5358056955356884e-39,1.554427545635235e-39,1.5731993172235658e-39,1.5921216113795252e-39,1.6111950291832935e-39,1.6304201717141097e-39,1.649797640050544e-39,1.6693280352733016e-39,1.6890119584611838e-39,1.7088500106932104e-39,1.7288427930492256e-39,1.748990906609169e-39,1.769294952451257e-39,1.7897555316563105e-39,1.8103732453031775e-39,1.8311486944708735e-39,1.8520824802381897e-39,1.873175203686513e-39,1.894427465894098e-39,1.9158398679404428e-39,1.9374130109044788e-39,1.959147495866279e-39,1.981043923905484e-39,2.0031028961011146e-39,2.0253250135322897e-39,2.0477108772781606e-39,2.070261088419701e-39,2.0929762480339536e-39,2.115856957202428e-39,2.1389038170035053e-39,2.1621174285174547e-39,2.1854983928231046e-39,2.2090473109998572e-39,2.2327647841269857e-39,2.2566514132845846e-39,2.2807077995513974e-39,2.3049345440069277e-39,2.3293322477306036e-39,2.3539015118028284e-39,2.3786429373017823e-39,2.403557125307377e-39,2.4286446768992895e-39,2.4539061931563592e-39,2.4793422751581793e-39,2.504953523984062e-39,2.530740540713938e-39,2.5567039264269445e-39,2.582844282202856e-39,2.6091622091199956e-39,2.635658308259488e-39,2.662333180698917e-39,2.6891874275187558e-39,2.71622164979844e-39,2.7434364486163415e-39,2.770832425052994e-39,2.7984101801881566e-39,2.8261703151000215e-39,2.8541134308690915e-39,2.882240128573469e-39,2.9105510092949486e-39,2.939046674110989e-39,2.9677277241014206e-39,2.996594760345341e-39,3.025648383922905e-39,3.0548891959124915e-39,3.084317797395351e-39,3.113934789448343e-39,3.1437407731535316e-39,3.173736349589319e-39,3.203922119834492e-39,3.2342986849691255e-39,3.264866646072473e-39,3.2956266042239364e-39,3.32657916050291e-39,3.3577249159884e-39,3.389064471760546e-39,3.420598428898139e-39,3.452327388481255e-39,3.484251951589592e-39,3.5163727193011864e-39,3.548690292697118e-39,3.581205272855094e-39,3.61391826085596e-39,3.646829857778526e-39,3.679940664701974e-39,3.713251282706576e-39,3.746762312870817e-39,3.7804743562750723e-39,3.814388013997905e-39,3.8485038871202747e-39,3.8828225767196935e-39,3.917344683876921e-39,3.9520708096696105e-39,3.987001555179664e-39,4.022137521484528e-39,4.057479309664919e-39,4.0930275208005004e-39,4.1287827559685766e-39,4.1647456162500056e-39,4.2009167027249345e-39,4.2372966164711233e-39,4.273885958568258e-39,4.310685330096373e-39,4.3476953321357575e-39,4.384916565763961e-39,4.4223496320624775e-39,4.459995132108037e-39,4.497853666984386e-39,4.5359258377667725e-39,4.5742122455364774e-39,4.6127134913729796e-39,4.6514301763548215e-39,4.690362901562023e-39,4.729512268074374e-39,4.768878876971063e-39,4.808463329330207e-39,4.848266226232771e-39,4.8882881687584766e-39,4.9285297579864924e-39,4.968991594994603e-39,5.009674280864341e-39,5.050578416673895e-39,5.0917046035022175e-39,5.133053442429722e-39,5.1746255345364734e-39,5.2164214808997374e-39,5.25844188260159e-39,5.300687340719719e-39,5.343158456334188e-39,5.385855830524998e-39,5.4287800643697827e-39,5.471931758949652e-39,5.515311515342825e-39,5.5589199346296565e-39,5.6027576178904955e-39,5.6468251662027584e-39,5.6911231806474405e-39,5.735652262301901e-39,5.7804130122486384e-39,5.825406031563476e-39,5.870631921327651e-39,5.916091282621531e-39,5.961784716523822e-39,6.007712824112765e-39,6.053876206471155e-39,6.10027546467496e-39,6.146911199804311e-39,6.19378401294126e-39,6.240894505160854e-39,6.28824327754561e-39,6.335830931173781e-39,6.383658067125736e-39,6.431725286479071e-39,6.480033190315904e-39,6.528582379712438e-39,6.577373455750539e-39,6.626407019511188e-39,6.675683672069279e-39,6.725204014509369e-39,6.774968647905305e-39,6.824978173340453e-39,6.875233191893638e-39,6.925734304644016e-39,6.97648211267054e-39,7.027477217051974e-39,7.078720218869618e-39,7.130211719201443e-39,7.181952319128777e-39,7.233942619729388e-39,7.286183222082614e-39,7.338674727268147e-39,7.391417736365075e-39,7.444412850455272e-39,7.497660670614964e-39,7.551161797926092e-39,7.604916833465228e-39,7.65892637831451e-39,7.713191033552878e-39,7.767711400259098e-39,7.822488079514283e-39,7.877521672394678e-39,7.932812779981428e-39,7.988362003354402e-39,8.044169943595027e-39,8.100237201777431e-39,8.156564378986514e-39,8.213152076296563e-39,8.270000894790972e-39,8.327111435546753e-39,8.384484299645283e-39,8.442120088164869e-39,8.50001940218524e-39,8.558182842785066e-39,8.616611011047137e-39,8.675304508046566e-39,8.734263934865442e-39,8.793489892581524e-39,8.85298298227536e-39,8.912743805025658e-39,8.972772961914371e-39,9.03307105401869e-39,9.093638682416883e-39,9.15447644819046e-39,9.215584952417815e-39,9.27696479617858e-39,9.338616580553118e-39,9.400540906619773e-39,9.462738375457871e-39,9.525209588147782e-39,9.587955145768763e-39,9.650975649400093e-39,9.714271700120773e-39,9.777843899010932e-39,9.841692847147799e-39,9.905819145615708e-39,9.970223395487909e-39,1.0034906197850487e-38,1.0099868153777112e-38,1.0165109864352554e-38,1.0230631930649848e-38,1.0296434953754079e-38,1.0362519534742081e-38,1.0428886274693277e-38,1.0495535774687104e-38,1.056246863580145e-38,1.0629685459119891e-38,1.069718684572348e-38,1.076497339668549e-38,1.0833045713086343e-38,1.0901404396008017e-38,1.0970050046528486e-38,1.1038983265727955e-38,1.1108204654685387e-38,1.1177714814479471e-38,1.1247514346192584e-38,1.131760385090051e-38,1.1387983929683636e-38,1.1458655183624974e-38,1.1529618213798635e-38,1.1600873621286928e-38,1.1672422007169567e-38,1.1744263972523225e-38,1.181640011843136e-38,1.188883104597242e-38,1.1961557356222816e-38,1.2034579650266435e-38,1.2107898529178282e-38,1.2181514594042017e-38,1.2255428445932016e-38,1.232964068593471e-38,1.2404151915122838e-38,1.247896273458078e-38,1.2554073745385683e-38,1.2629485548618542e-38,1.2705198745355737e-38,1.2781213936678632e-38,1.2857531723665643e-38,1.2934152707399027e-38,1.301107748895273e-38,1.3088306669412543e-38,1.3165840849854982e-38,1.3243680631356813e-38,1.3321826615001551e-38,1.3400279401867262e-38,1.3479039593033202e-38,1.3558107789581885e-38,1.3637484592588433e-38,1.3717170603135437e-38,1.3797166422299194e-38,1.3877472651159973e-38,1.395808989079959e-38,1.4039018742294735e-38,1.4120259806725467e-38,1.4201813685171121e-38,1.4283680978713788e-38,1.4365862288431563e-38,1.4448358215404142e-38,1.4531169360707878e-38,1.461429632542805e-38,1.469773971063612e-38,1.47815001174179e-38,1.4865578146850446e-38,1.4949974400013262e-38,1.5034689477984607e-38,1.511972398184947e-38,1.5205078512681098e-38,1.5290753671561638e-38,1.5376750059571073e-38,1.546306827778739e-38,1.5549708927289603e-38,1.5636672609159473e-38,1.5723959924475932e-38,1.5811571474315414e-38,1.5899507859762216e-38,1.5987769681892412e-38,1.6076357541786415e-38,1.6165272040525207e-38,1.625451377918268e-38,1.6344083358844164e-38,1.6433981380587646e-38,1.6524208445491147e-38,1.6614765154634087e-38,1.6705652109099545e-38,1.6796869909964508e-38,1.6888419158303825e-38,1.6980300455206683e-38,1.7072514401744514e-38,1.716506159900134e-38,1.725794264805662e-38,1.7351158149983386e-38,1.7444708705868514e-38,1.7538594916786573e-38,1.763281738382178e-38,1.772737670805159e-38,1.7822273490551937e-38,1.7917508332403792e-38,1.801308183469208e-38,1.8108994598492344e-38,1.8205247224880208e-38,1.8301840314941853e-38,1.8398774469753465e-38,1.8496050290394406e-38,1.8593668377943143e-38,1.869162933348002e-38,1.8789933758085214e-38,1.8888582252838253e-38,1.8987575418818053e-38,1.9086913857105807e-38,1.918659816877751e-38,1.928662895491643e-38,1.9387006816599708e-38,1.9487732354905945e-38,1.958880617091582e-38,1.9690228865710034e-38,1.9792001040366425e-38,1.9894123295964957e-38,1.9996596233583337e-38,2.0099420454305562e-38,2.0202596559207237e-38,2.03061251493709e-38,2.0410006825874102e-38,2.0514242189793587e-38,2.061883184221316e-38,2.0723776384210745e-38,2.082907641686247e-38,2.0934732541253013e-38,2.1040745358460883e-38,2.1147115469561192e-38,2.1253843475639798e-38,2.1360929977772357e-38,2.1468375577040388e-38,2.1576180874522014e-38,2.168434647129101e-38,2.1792872968437688e-38,2.1901760967037812e-38,2.2011011068165204e-38,2.2120623872904864e-38,2.2230599982336115e-38,2.2340939997534915e-38,2.2451644519582768e-38,2.2562714149561209e-38,2.2674149488546922e-38,2.2785951137621607e-38,2.2898119697863876e-38,2.3010655770353392e-38,2.312355995616647e-38,2.3236832856387955e-38,2.335047507209123e-38,2.346448720436298e-38,2.357886985427529e-38,2.3693623622911615e-38,2.3808749111351304e-38,2.392424692067302e-38,2.404011765195826e-38,2.4156361906282786e-38,2.4272980284727067e-38,2.438997338837293e-38,2.450734181830078e-38,2.4625086175585573e-38,2.4743207061307413e-38,2.4861705076551376e-38,2.498058082239094e-38,2.509983489990784e-38,2.521946791018138e-38,2.533948045429044e-38,2.545987313331469e-38,2.5580646548332e-38,2.5701801300429714e-38,2.582333799067904e-38,2.594525722016045e-38,2.6067559589956355e-38,2.6190245701139524e-38,2.631331615479837e-38,2.6436771552008556e-38,2.656061249384908e-38,2.6684839581395923e-38,2.68094534157372e-38,2.693445459794438e-38,2.705984372910419e-38,2.718562141028677e-38,2.731178824258016e-38,2.743834482705913e-38,2.756529176480813e-38,2.7692629656903007e-38,2.782035910441985e-38,2.794848070844517e-38,2.807699507005233e-38,2.8205902790323114e-38,2.8335204470338563e-38,2.8464900711175107e-38,2.859499211391653e-38,2.8725479279637603e-38,2.8856362809420596e-38,2.898764330434469e-38,2.911932136548909e-38,2.925139759393249e-38,2.938387259075423e-38,2.9516746957036115e-38,2.9650021293854556e-38,2.9783696202295493e-38,2.99177722834282e-38,3.0052250138338874e-38,3.0187130368106037e-38,3.032241357380602e-38,3.0458100356525795e-38,3.059419131733773e-38,3.0730687057325236e-38,3.0867588177564646e-38,3.1004895279137435e-38,3.1142608963120565e-38,3.1280729830596234e-38,3.141925848264351e-38,3.1558195520347387e-38,3.1697541544772577e-38,3.183729715701432e-38,3.1977462958143217e-38,3.21180395492386e-38,3.225902753138281e-38,3.240042750565638e-38,3.2542240073134937e-38,3.2684465834899955e-38,3.2827105392031326e-38,3.2970159345606674e-38,3.3113628296706204e-38,3.3257512846415484e-38,3.3401813595803017e-38,3.3546531145956875e-38,3.3691666097955335e-38,3.3837219052875026e-38,3.3983190611798263e-38,3.4129581375799277e-38,3.4276391945964104e-38,3.4423622923369155e-38,3.457127490909347e-38,3.471934850421431e-38,3.486784430981848e-38,3.5016762926977627e-38,3.516610495677398e-38,3.5315871000293237e-38,3.546606165860419e-38,3.561667753279321e-38,3.5767719223937893e-38,3.5919187333113256e-38,3.6071082461407904e-38,3.622340520989946e-38,3.637615617966244e-38,3.6529335971776794e-38,3.6682945187320257e-38,3.683698442738196e-38,3.699145429302952e-38,3.714635538535172e-38,3.730168830542229e-38,3.745745365432573e-38,3.761365203313973e-38,3.777028404294024e-38,3.7927350284812873e-38,3.80848513598281e-38,3.824278786907211e-38,3.840116041362547e-38,3.8559969594561274e-38,3.8719216012966447e-38,3.887890026991558e-38,3.90390229664894e-38,3.9199584703769083e-38,3.936058608283131e-38,3.952202770475771e-38,3.9683910170625436e-38,3.9846234081514567e-38,4.0009000038507573e-38,4.017220864267933e-38,4.0335860495111405e-38,4.0499956196886745e-38,4.066449634908162e-38,4.0829481552780307e-38,4.0994912409050045e-38,4.1160789518985643e-38,4.1327113483655137e-38,4.1493884904138004e-38,4.166110438152415e-38,4.182877251688027e-38,4.199688991129317e-38,4.216545716584279e-38,4.233447488161042e-38,4.250394365966643e-38,4.267386410109675e-38,4.2844236806980126e-38,4.301506237839469e-38,4.3186341416421947e-38,4.335807452214106e-38,4.3530262296631816e-38,4.370290534097495e-38,4.3876004256244244e-38,4.404955964352326e-38,4.422357210389184e-38,4.439804223842644e-38,4.457297064821552e-38,4.474835793432971e-38,4.4924204697846024e-38,4.5100511539856525e-38,4.5277279061429023e-38,4.5454507863643866e-38,4.563219854758627e-38,4.5810351714332124e-38,4.59889679649691e-38,4.6168047900561685e-38,4.6347592122201063e-38,4.65276012309546e-38,4.670807582792035e-38,4.6889016514158507e-38,4.707042389076534e-38,4.725229855880633e-38,4.743464111936594e-38,4.761745217352778e-38,4.780073232237031e-38,4.798448216696701e-38,4.816870230840243e-38,4.835339334775296e-38,4.85385558861101e-38,4.872419052453333e-38,4.891029786411694e-38,4.909687850593275e-38,4.928393305107047e-38,4.947146210059293e-38,4.965946625559714e-38,4.984794611714887e-38,5.003690228633456e-38,5.022633536423348e-38,5.041624595192466e-38,5.060663465048542e-38,5.079750206100036e-38,5.098884878453812e-38,5.118067542219152e-38,5.137298257503034e-38,5.156577084413733e-38,5.175904083059513e-38,5.195279313548575e-38,5.214702835987382e-38,5.234174710484997e-38,5.253694997149527e-38,5.273263756088324e-38,5.292881047410265e-38,5.312546931222351e-38,5.332261467632877e-38,5.35202471675022e-38,5.371836738680751e-38,5.391697593534286e-38,5.411607341417841e-38,5.43156604243939e-38,5.451573756707523e-38,5.47163054432905e-38,5.491736465413413e-38,5.511891580067123e-38,5.532095948399175e-38,5.552349630516327e-38,5.572652686527858e-38,5.593005176540606e-38,5.613407160663599e-38,5.63385869900405e-38,5.654359851669885e-38,5.674910678769392e-38,5.695511240411016e-38,5.716161596701054e-38,5.736861807748765e-38,5.757611933661962e-38,5.778412034548831e-38,5.799262170517161e-38,5.820162401674273e-38,5.841112788128764e-38,5.862113389988235e-38,5.883164267360335e-38,5.904265480353728e-38,5.925417089075956e-38,5.946619153635206e-38,5.967871734139506e-38,5.98917489069657e-38,6.010528683414241e-38,6.031933172400798e-38,6.053388417763025e-38,6.074894479610775e-38,6.096451418050966e-38,6.118059293191698e-38,6.139718165140325e-38,6.161428094005707e-38,6.183189139895476e-38,6.205001362917801e-38,6.226864823180153e-38,6.248779580791236e-38,6.27074569585779e-38,6.292763228489019e-38,6.314832238791895e-38,6.336952786874926e-38,6.359124932846233e-38,6.381348736813062e-38,6.403624258883628e-38,6.425951559165985e-38,6.448330697769531e-38,6.470761734799212e-38,6.493244730365449e-38,6.515779744573725e-38,6.538366837534948e-38,6.561006069355881e-38,6.583697500143612e-38,6.606441190006629e-38,6.629237199053184e-38,6.652085587390699e-38,6.674986415128233e-38,6.697939742372459e-38,6.720945629232781e-38,6.744004135815304e-38,6.767115322228922e-38,6.79027924858161e-38,6.813495974981323e-38,6.836765561536018e-38,6.860088068353341e-38,6.883463555541101e-38,6.906892083208208e-38,6.930373711462281e-38,6.953908500409866e-38,6.977496510161348e-38,7.001137800823422e-38,7.024832432503133e-38,7.048580465309548e-38,7.072381959350863e-38,7.096236974734088e-38,7.120145571567974e-38,7.144107809960021e-38,7.16812375001834e-38,7.192193451850581e-38,7.216316975565035e-38,7.240494381269725e-38,7.264725729073195e-38,7.289011079080767e-38,7.3133504914043e-38,7.337744026149125e-38,7.362191743423825e-38,7.38669370333607e-38,7.411249965994264e-38,7.435860591505654e-38,7.460525639978577e-38,7.485245171521517e-38,7.510019246241885e-38,7.534847924247831e-38,7.559731265646424e-38,7.584669330546586e-38,7.609662179056873e-38,7.63470987128427e-38,7.659812467336664e-38,7.684970027321835e-38,7.710182611348646e-38,7.73545027952436e-38,7.76077309195698e-38,7.78615110875496e-38,7.81158439002579e-38,7.837072995878227e-38,7.862616986418858e-38,7.888216421756264e-38,7.913871361999126e-38,7.939581867253404e-38,7.965347997629539e-38,7.991169813233825e-38,8.017047374174596e-38,8.042980740558813e-38,8.068969972496361e-38,8.095015130095103e-38,8.121116273461706e-38,8.14727346270384e-38,8.173486757931826e-38,8.199756219251543e-38,8.226081906771037e-38,8.252463880597428e-38,8.278902200841591e-38,8.305396927609167e-38,8.331948121009198e-38,8.358555841148499e-38,8.38522014813565e-38,8.411941102079616e-38,8.438718763086047e-38,8.465553191265511e-38,8.492444446724626e-38,8.519392589570839e-38,8.546397679911873e-38,8.573459777857698e-38,8.600578943514175e-38,8.627755236990579e-38,8.654988718394367e-38,8.682279447833406e-38,8.709627485416095e-38,8.737032891249786e-38,8.764495725441905e-38,8.792016048102657e-38,8.819593919337545e-38,8.847229399255513e-38,8.874922547964392e-38,8.90267342557254e-38,8.930482092186607e-38,8.95834860791702e-38,8.986273032869073e-38,9.01425542715324e-38,9.042295850875236e-38,9.070394364143907e-38,9.098551027067286e-38,9.126765899753612e-38,9.155039042310037e-38,9.183370514845345e-38,9.211760377467288e-38,9.240208690283448e-38,9.268715513402156e-38,9.297280906930477e-38,9.325904930975732e-38,9.354587645649294e-38,9.383329111055807e-38,9.41212938730476e-38,9.440988534504347e-38,9.469906612761143e-38,9.498883682183994e-38,9.527919802881927e-38,9.557015034959823e-38,9.586169438528966e-38,9.615383073696536e-38,9.644656000568628e-38,9.673988279254863e-38,9.703379969862235e-38,9.73283113249964e-38,9.762341827273942e-38,9.791912114294395e-38,9.821542053668213e-38,9.851231705502664e-38,9.880981129906973e-38,9.910790386988504e-38,9.940659536855616e-38,9.970588639614986e-38,1.0000577755376332e-37,1.0030626944247962e-37,1.006073626633532e-37,1.0090905781746984e-37,1.012113555059175e-37,3.957162397776598e-18,7.945181437499123e-18,1.1964751664960683e-17,1.6016519610558224e-17,2.0101095331557323e-17,2.4219061731069174e-17,2.8370982063811616e-17,3.255740597348216e-17,3.677887434764606e-17,4.103592322472976e-17,4.5329086944059194e-17,4.965890069347667e-17,5.402590257894103e-17,5.843063531597416e-17,6.28736476228181e-17,6.735549537911035e-17,7.187674260085085e-17,7.643796227213314e-17,8.10397370657893e-17,8.568265997849478e-17,9.036733490063413e-17,9.50943771370519e-17,9.98644138915107e-17,1.0467808472506487e-16,1.0953604199649549e-16,1.1443895129130467e-16,1.1938749184450832e-16,1.2438235696143601e-16,1.2942425443997965e-16,1.3451390699710374e-16,1.3965205270187948e-16,1.4483944541712345e-16,1.500768552511919e-16,1.5536506902145083e-16,1.6070489073064776e-16,1.6609714205743611e-16,1.7154266286196396e-16,1.7704231170772283e-16,1.8259696640048944e-16,1.8820752454536598e-16,1.9387490412282107e-16,1.9960004408470493e-16,2.0538390497116616e-16,2.1122746954944894e-16,2.1713174347557572e-16,2.230977559799383e-16,2.2912656057788525e-16,2.3521923580640413e-16,2.4137688598808596e-16,2.476006420235735e-16,2.538916622137724e-16,2.602511331131786e-16,2.6668027041572563e-16,2.731803198745948e-16,2.797525582575872e-16,2.863982943396699e-16,2.931188699344202e-16,2.9991566096615822e-16,3.0679007858471396e-16,3.137435703248032e-16,3.2077762131214907e-16,3.2789375551857695e-16,3.350935370684913e-16,3.4237857159909266e-16,3.497505076771491e-16,3.572110382749658e-16,3.647619023085599e-16,3.724048862410719e-16,3.801418257548575e-16,3.879746074955472e-16,3.959051708918869e-16,4.0393551005523336e-16,4.120676757628314e-16,4.203037775292626e-16,4.286459857707215e-16,4.370965340670521e-16,4.456577215267991e-16,4.543319152608267e-16,4.631215529704046e-16,4.720291456561239e-16,4.810572804542502e-16,4.902086236076771e-16,4.994859235790688e-16,5.088920143142527e-16,5.184298186644756e-16,5.281023519767623e-16,5.379127258620737e-16,5.478641521518175e-16,5.579599470538635e-16,5.682035355200127e-16,5.785984558376954e-16,5.891483644595777e-16,5.998570410857464e-16,6.107283940141216e-16,6.217664657759628e-16,6.329754390745039e-16,6.443596430461049e-16,6.559235598646406e-16,6.676718317117798e-16,6.796092681368315e-16,6.917408538324095e-16,7.040717568536302e-16,7.166073373110332e-16,7.293531565696392e-16,7.42314986989215e-16,7.554988222436199e-16,7.68910888260124e-16,7.82557654823113e-16,7.964458478900794e-16,8.105824626719847e-16,8.249747775344362e-16,8.396303687808561e-16,8.545571263844565e-16,8.697632707413501e-16,8.852573705236372e-16,9.01048361718626e-16,9.171455679479384e-16,9.33558722168825e-16,9.502979898697633e-16,9.673739938829983e-16,9.847978409480488e-16,1.0025811501735825e-15,1.0207360835590436e-15,1.039275378753965e-15,1.0582123842502313e-15,1.0775610972227082e-15,1.0973362042558435e-15,1.1175531252186358e-15,1.1382280605780366e-15,1.159378042472411e-15,1.1810209899011122e-15,1.2031757684260236e-15,1.225862254825319e-15,1.2491014071891035e-15,1.2729153410041736e-15,1.2973274118381607e-15,1.3223623053067957e-15,1.3480461350899396e-15,1.3744065498565319e-15,1.4014728500655243e-15,1.4292761157326014e-15,1.457849346392695e-15,1.4872276146497828e-15,1.5174482348903536e-15,1.5485509489511358e-15,1.5805781307784427e-15,1.613575012402606e-15,1.647589933883491e-15,1.682674620269841e-15,1.7188844890670791e-15,1.7562789922369111e-15,1.794921997373021e-15,1.834882213428363e-15,1.876233667232751e-15,1.91905623806272e-15,1.9634362587420545e-15,2.009467193202031e-15,2.0572504021670585e-15,2.1068960107188072e-15,2.1585238940081454e-15,2.2122648004335584e-15,2.268261635309495e-15,2.3266709325782e-15,2.3876645476703977e-15,2.451431611469127e-15,2.51818079381303e-15,2.5881429355387137e-15,2.66157412128681e-15,2.7387592819480357e-15,2.8200164367183787e-15,2.9057017116132994e-15,2.996215305777631e-15,3.092008621473858e-15,3.193592831588911e-15,3.30154923447485e-15,3.3847579950754066e-15,3.3847579950757478e-15,3.3847579950762116e-15,3.3847579950782642e-15,3.5053886829690218e-15,3.634454241006907e-15,3.772932922479122e-15,3.921965460843706e-15,4.08288973339823e-15,4.2572850374155855e-15,4.447029008786762e-15,4.654371433691053e-15,4.88203094351578e-15,5.133323125063834e-15,5.412332324188673e-15,5.724145102125278e-15,6.0751719848963e-15,6.4735977812307206e-15,6.93002281331623e-15,7.458398036360133e-15,8.077398859151306e-15,8.81265890419279e-15,9.700550131194857e-15,1.0796419295203137e-14,1.2200140252307695e-14,1.4175311611964317e-14,1.791459506580526e-14,3.176585892408917e-14,1.325220519753483e-13,1.4264908601259457e-13,1.4022079158608085e-12,1.6650105916545388e-11,2.074273380558738e-10,2.474883176640872e-09,2.5550735164875406e-08,2.0552549618778427e-07,2.7930400462580264e-07,1.8399957109429296e-06,6.694649806454023e-06,1.656814857545392e-05,3.062600351859882e-05,4.5437648369144756e-05,5.731351356092007e-05,6.429141684710619e-05,6.638260348734274e-05,6.47349237614347e-05,6.074932133136618e-05,5.559382903850124e-05,5.0070949164214226e-05,4.466206023884775e-05,3.9620569549384736e-05,3.505624254420151e-05,3.0995697766069544e-05,2.7421152841226153e-05,2.4293600662297705e-05,2.1565983832902137e-05,1.9190313288525836e-05,1.7121256350560355e-05,1.5317727942237355e-05,1.3743388816366357e-05,1.2366572625254796e-05,1.1159937656273183e-05,1.0100007306518348e-05,9.16668740462469e-06,8.342805172389876e-06,7.613690291219688e-06,6.96680518946024e-06,6.3914246220468274e-06,5.878361150711713e-06,5.419731670982854e-06,5.008759755303599e-06,4.63960876471892e-06,4.307241128283791e-06,4.007299732160162e-06,3.7360079136210925e-06,3.4900850730736997e-06,3.2666753810100885e-06,3.063287460354796e-06,2.8777432716852047e-06,2.7081347199703108e-06,2.5527867480333605e-06,2.410225886716506e-06,2.2791534023713455e-06,2.158422324808097e-06,2.0470177556632643e-06,1.944039955732444e-06,1.8486897907087796e-06,1.7602561822270567e-06,1.678105267141346e-06,1.6016710150947174e-06,1.5304470928652591e-06,1.4639797970713583e-06,1.4018619039097467e-06,1.3437273073999812e-06,1.2892463370155197e-06,1.2381216614622413e-06,1.190084699396238e-06,1.1448924690174145e-06,1.102324818414903e-06,1.062181986793285e-06,1.0242824536158383e-06,9.88461038813627e-07,9.545672221440083e-07,9.224636542467381e-07,8.920248355620531e-07,8.631359425380538e-07,8.356917831370545e-07,8.095958662462673e-07,7.847595712111297e-07,7.611014060466981e-07,7.385463435469376e-07,7.170252267679054e-07,6.964742356327353e-07,6.768344079273362e-07,6.580512085565896e-07,6.400741417251714e-07,6.228564013459697e-07,6.063545555354772e-07,5.905282615409268e-07,5.753400078530077e-07,5.607548806660052e-07,5.467403521267377e-07,5.332660881613478e-07,5.203037738355064e-07,5.078269545236143e-07,4.958108912662757e-07,4.842324289406855e-07,4.730698759663001e-07,4.6230289443072226e-07,4.5191239964206865e-07,4.418804681981366e-07,4.321902537636879e-07,4.2282590986701707e-07,4.1377251901895523e-07,4.050160276197027e-07,3.9654318608257236e-07,3.883414937573007e-07,3.803991481745711e-07,3.727049982696709e-07,3.6524850121536774e-07,3.580196825473953e-07,3.510090993265582e-07,3.442078060490424e-07,3.3760732309281744e-07,3.311996074796617e-07,3.2497702576574833e-07,3.18932328879536e-07,3.130586287677425e-07,3.073493766658423e-07,3.017983429173298e-07,2.9639959816155725e-07,2.9114749582877264e-07,2.8603665583003837e-07,2.810619493204299e-07,2.7621848449253915e-07,2.7150159330928156e-07,2.6690681909516616e-07,2.624299049406411e-07,2.5806678283484897e-07,2.538135635056886e-07,2.4966652688943513e-07,2.4562211319477373e-07,2.416769145247455e-07,2.3782766700242396e-07,2.340712433900457e-07,2.304046461286027e-07,2.2682500081377234e-07,2.2332955004579744e-07,2.1991564764186853e-07,2.1658075318630323e-07,2.133224268913706e-07,2.101383247512469e-07,2.0702619397191075e-07,2.0398386865538383e-07,2.0100926572519436e-07,1.981003810749611e-07,1.9525528592743044e-07,1.92472123391794e-07,1.8974910520551886e-07,1.8708450864936576e-07,1.8447667362581753e-07,1.8192399989086429e-07,1.7942494442893342e-07,1.7697801896365953e-07,1.7458178759682512e-07,1.7223486456643427e-07,1.699359121160145e-07,1.6768363847395863e-07,1.654767959303532e-07,1.6331417900931918e-07,1.6119462273042336e-07,1.5911700095434322e-07,1.570802248098482e-07,1.5508324118951445e-07,1.5312503132977263e-07,1.512046094397803e-07,1.4932102141074358e-07,1.4747334357223858e-07,1.456606815205928e-07,1.4388216898338724e-07,1.4213696674481196e-07,1.404242616272369e-07,1.3874326549849008e-07,1.3709321434031524e-07,1.3547336735089215e-07,1.3388300608844231e-07,1.3232143364932306e-07,1.3078797388621796e-07,1.2928197065477352e-07,1.27802787096998e-07,1.2634980495181205e-07,1.2492242389553446e-07,1.2352006091275616e-07,1.221421496829241e-07,1.2078814001023122e-07,1.1945749725849806e-07,1.1814970182125903e-07,1.1686424860688283e-07,1.1560064654824041e-07,1.1435841812910127e-07,1.1313709893012024e-07,1.1193623719679738e-07,1.1075539341429738e-07,1.0959413990995119e-07,1.0845206046799682e-07,1.0732874994696489e-07,1.0622381393547892e-07,1.0513686840547324e-07,1.0406753937285844e-07,1.03015462584905e-07,1.0198028321380636e-07,1.0096165555990076e-07,9.99592427665126e-08,9.897271654742306e-08,9.800175692285833e-08,9.704605196476306e-08,9.61052975492805e-08,9.517919712271649e-08,9.426746147385237e-08,9.336980851138751e-08,9.248596305723716e-08,9.16156566333175e-08,9.075862727066122e-08,8.991461931478786e-08,8.908338324620908e-08,8.826467549704611e-08,8.74582582810194e-08,8.666389943241276e-08,8.588137223684742e-08,8.511045528400626e-08,8.435093231300729e-08,8.360259207007666e-08,8.286522816741642e-08,8.213863894828859e-08,8.142262735672293e-08,8.071700080909105e-08,8.002157107146897e-08,7.93361541449065e-08,7.866057014522e-08,7.799464319299988e-08,7.73382013101084e-08,7.669107631049194e-08,7.605310370135095e-08,7.542412258533541e-08,7.480397556484276e-08,7.419250865079869e-08,7.358957117447276e-08,7.299501570045744e-08,7.240869794224354e-08,7.183047668178935e-08,7.12602136915705e-08,7.06977736565862e-08,7.01430241023896e-08,6.95958353222158e-08,6.905608030570157e-08,6.852363467687478e-08,6.799837662025418e-08,6.748018682576745e-08,6.696894842013203e-08,6.646454690953131e-08,6.596687012068448e-08,6.547580814873122e-08,6.499125329444174e-08,6.45131000149755e-08,6.404124487245726e-08,6.357558648289721e-08,6.311602546739403e-08,6.26624644020918e-08,6.22148077750978e-08,6.177296194098821e-08,6.133683507488937e-08,6.09063371321512e-08,6.048137980462126e-08,6.006187648294062e-08,5.96477422154234e-08,5.923889367156967e-08,5.883524910316948e-08,5.8436728309289576e-08,5.80432526005483e-08,5.765474476673326e-08,5.72711290395883e-08,5.689233106477952e-08,5.6518277868145206e-08,5.614889782371955e-08,5.578412062689164e-08,5.542387726333356e-08,5.506809998046945e-08,5.4716722260748846e-08,5.436967879331966e-08,5.402690544982483e-08,5.368833925699714e-08,5.335391837185942e-08,5.302358205917148e-08,5.2697270663844866e-08,5.237492559379677e-08,5.20564892909803e-08,5.174190521537629e-08,5.143111781802093e-08,5.1124072523960617e-08,5.0820715711039605e-08,5.052099468865608e-08,5.022485767947752e-08,4.993225380137815e-08,4.9643133046879637e-08,4.9357446266619495e-08,4.9075145151320945e-08,4.879618221491478e-08,4.852051077702492e-08,4.824808494767819e-08,4.797885961072703e-08,4.771279040799472e-08,4.7449833724535904e-08,4.718994667423815e-08,4.6933087083913025e-08,4.6679213479437565e-08,4.6428285074365726e-08,4.6180261752848106e-08,4.5935104058196035e-08,4.5692773180029985e-08,4.5453230941006955e-08,4.521643978558945e-08,4.498236276664299e-08,4.475096353456229e-08,4.452220632542863e-08,4.429605595014504e-08,4.407247778270218e-08,4.385143775011847e-08,4.3632902321685874e-08,4.3416838498632896e-08,4.3203213804149117e-08,4.299199627350273e-08,4.278315444454613e-08,4.257665734821843e-08,4.237247449932378e-08,4.217057588755113e-08,4.197093196878305e-08,4.177351365640267e-08,4.157829231276317e-08,4.1385239741294486e-08,4.1194328177964226e-08,4.100553028329537e-08,4.081881913575872e-08,4.063416822325902e-08,4.045155143510179e-08,4.027094305665502e-08,4.0092317760108895e-08,3.9915650599456214e-08,3.974091700202519e-08,3.9568092763100496e-08,3.939715403872303e-08,3.922807733945974e-08,3.906083952388136e-08,3.889541779321105e-08,3.8731789684798955e-08,3.856993306600172e-08,3.840982612896623e-08,3.825144738456718e-08,3.809477565698259e-08,3.793979007878158e-08,3.778647008472298e-08,3.7634795407142404e-08,3.748474607083023e-08,3.7336302387792735e-08,3.7189444952681744e-08,3.704415463767354e-08,3.690041258797262e-08,3.675820021728629e-08,3.661749920301832e-08,3.647829148174635e-08,3.634055924592771e-08,3.620428493799134e-08,3.606945124746653e-08,3.5936041106227336e-08,3.58040376848633e-08,3.567342438837144e-08,3.5544184852727414e-08,3.541630294052874e-08,3.52897627376052e-08,3.51645485501391e-08,3.504064489947107e-08,3.491803651965694e-08,3.479670835395327e-08,3.467664555096359e-08,3.455783346220238e-08,3.444025763809821e-08,3.432390382453109e-08,3.4208757961090325e-08,3.4094806176377564e-08,3.3982034785858796e-08,3.387043028887227e-08,3.3759979365508986e-08,3.365066887370521e-08,3.354248584677157e-08,3.3435417490955025e-08,3.332945118143987e-08,3.3224574460746276e-08,3.3120775036041246e-08,3.3018040776499195e-08,3.291635971004756e-08,3.281572002244815e-08,3.271611005360845e-08,3.261751829573194e-08,3.251993339075432e-08,3.242334412821017e-08,3.23277394429025e-08,3.223310841278218e-08,3.2139440256652587e-08,3.204672433208905e-08,3.1954950133262186e-08,3.186410728933045e-08,3.1774185561609387e-08,3.168517484245314e-08,3.159706515238585e-08,3.150984663898719e-08,3.142350957464074e-08,3.133804435473545e-08,3.1253441495847814e-08,3.1169691633862744e-08,3.108678552232191e-08,3.10047140306771e-08,3.0923468142546694e-08,3.084303895411081e-08,3.0763417672393725e-08,3.068459561370741e-08,3.06065642020765e-08,3.052931496748939e-08,3.0452839544676404e-08,3.037712967140064e-08,3.030217718697244e-08,3.0227974030858174e-08,3.015451224116622e-08,3.008178395336536e-08,3.000978139881197e-08,2.993849690332654e-08,2.986792288576497e-08,2.9798051857286813e-08,2.9728876419213726e-08,2.966038926231063e-08,2.9592583165365503e-08,2.952545099397939e-08,2.9458985699233812e-08,2.939318031652981e-08,2.932802796494861e-08,2.9263521844789414e-08,2.9199655238382923e-08,2.9136421506884605e-08,2.9073814090501546e-08,2.9011826506961722e-08,2.8950452350518658e-08,2.888968529098758e-08,2.8829519072577187e-08,2.8769947512965583e-08,2.8710964502153937e-08,2.8652564001689177e-08,2.8594740043461716e-08,2.853748672910158e-08,2.8480798228452383e-08,2.8424668779421267e-08,2.8369092686439944e-08,2.8314064319717154e-08,2.8259578114451864e-08,2.8205628569990462e-08,2.815221024899892e-08,2.809931777611501e-08,2.8046945837951145e-08,2.7995089181718275e-08,2.794374261455813e-08,2.7892901002800792e-08,2.784255927100871e-08,2.779271240153022e-08,2.774335543334818e-08,2.7694483461753425e-08,2.7646091637061577e-08,2.759817516471112e-08,2.7550729303611918e-08,2.7503749366089836e-08,2.7457230717039412e-08,2.741116877290088e-08,2.7365559001891934e-08,2.732039692212382e-08,2.7275678101864343e-08,2.7231398158580352e-08,2.7187552758398418e-08,2.7144137615185225e-08,2.7101148490604897e-08,2.7058581192665455e-08,2.7016431575688673e-08,2.697469553942758e-08,2.6933369028967222e-08,2.6892448033604345e-08,2.6851928586450866e-08,2.6811806763988692e-08,2.67720786854972e-08,2.6732740512511693e-08,2.669378844816816e-08,2.6655218736860486e-08,2.6617027663564137e-08,2.657921155364081e-08,2.6541766771753362e-08,2.6504689722229235e-08,2.6467976847627612e-08,2.6431624628881703e-08,2.639562958462987e-08,2.635998827087292e-08,2.6324697280238755e-08,2.6289753241984995e-08,2.6255152821040637e-08,2.622089271793468e-08,2.6186969668183663e-08,2.615338044193798e-08,2.61201218434864e-08,2.608719071102792e-08,2.60545839159466e-08,2.602229836287175e-08,2.5990330988740933e-08,2.595867876275249e-08,2.592733868587886e-08,2.5896307790544774e-08,2.5865583140173187e-08,2.583516182891158e-08,2.5805040980983817e-08,2.577521775081266e-08,2.574568932220268e-08,2.5716452908410297e-08,2.5687505751358107e-08,2.5658845121582793e-08,2.5630468317763807e-08,2.5602372666514774e-08,2.5574555521965177e-08,2.5547014265468015e-08,2.55197463052739e-08,2.5492749076151003e-08,2.546602003926327e-08,2.5439556681606535e-08,2.5413356515903964e-08,2.538741708020761e-08,2.5361735937671935e-08,2.533631067626196e-08,2.5311138908289743e-08,2.5286218270412514e-08,2.5261546423152093e-08,2.5237121050700224e-08,2.5212939860626456e-08,2.5189000583625227e-08,2.5165300973144262e-08,2.5141838805374916e-08,2.5118611878754602e-08,2.50956180137687e-08,2.5072855052752155e-08,2.5050320859609757e-08,2.5028013319561793e-08,2.5005930338937488e-08,2.4984069844887432e-08,2.4962429785216304e-08,2.4941008128070936e-08,2.491980286176229e-08,2.4898811994527247e-08,2.4878033554317154e-08,2.4857465588537188e-08,2.483710616392156e-08,2.4816953366095757e-08,2.4797005299684517e-08,2.4777260087879054e-08,2.475771587235243e-08,2.473837081280081e-08,2.4719223087113454e-08,2.4700270890969476e-08,2.468151243760343e-08,2.466294595772032e-08,2.464456969924723e-08,2.462638192715029e-08,2.4608380923233897e-08,2.4590564985995497e-08,2.4572932430426402e-08,2.455548158782761e-08,2.4538210805559265e-08,2.4521118447013256e-08,2.450420289133572e-08,2.448746253330126e-08,2.4470895783110025e-08,2.4454501066222607e-08,2.44382768232349e-08,2.4422221509649907e-08,2.440633359573102e-08,2.439061156653969e-08,2.4375053921412504e-08,2.4359659174069038e-08,2.434442585239431e-08,2.43293524982751e-08,2.431443766745613e-08,2.4299679929354166e-08,2.4285077867014802e-08,2.4270630076877998e-08,2.4256335168677416e-08,2.4242191765238004e-08,2.4228198502431288e-08,2.4214354028942158e-08,2.4200657006290986e-08,2.4187106108465395e-08,2.4173700021956423e-08,2.416043744559607e-08,2.4147317090389536e-08,2.4134337679426317e-08,2.412149794774111e-08,2.410879664215356e-08,2.4096232521287615e-08,2.4083804355233762e-08,2.4071510925560248e-08,2.405935102514954e-08,2.404732345821788e-08,2.403542703995646e-08,2.402366059658585e-08,2.4012022965193534e-08,2.4000512993627726e-08,2.3989129540405897e-08,2.397787147457004e-08,2.396673767558502e-08,2.3955727033246657e-08,2.394483844760512e-08,2.3934070828779513e-08,2.392342309691884e-08,2.3912894182076157e-08,2.3902483024119574e-08,2.389218857261678e-08,2.3882009786758054e-08,2.387194563516585e-08,2.3861995096076648e-08,2.3852157156874136e-08,2.3842430814192558e-08,2.3832815073853573e-08,2.3823308950677566e-08,2.381391146843832e-08,2.3804621659784114e-08,2.3795438566131603e-08,2.3786361237583422e-08,2.3777388732816434e-08,2.3768520119050688e-08,2.37597544718989e-08,2.3751090875345527e-08,2.3742528421597902e-08,2.3734066211084052e-08,2.372570335229352e-08,2.3717438961723363e-08,2.3709272163855008e-08,2.3701202090975507e-08,2.3693227883174803e-08,2.3685348688222848e-08,2.3677563661542484e-08,2.366987196608786e-08,2.366227277231152e-08,2.3654765258033798e-08,2.3647348608452785e-08,2.364002201593787e-08,2.3632784680184174e-08,2.3625635807887543e-08,2.3618574612835978e-08,2.3611600315792013e-08,2.3604712144434575e-08,2.359790933327002e-08,2.359119112359428e-08,2.3584556763416568e-08,2.357800550738362e-08,2.3571536616733128e-08,2.356514935921776e-08,2.355884300904517e-08,2.3552616846813962e-08,2.3546470159467586e-08,2.354040224019075e-08,2.3534412388428785e-08,2.352849990972103e-08,2.3522664115742192e-08,2.3516904324174865e-08,2.3511219858700192e-08,2.350561004886727e-08,2.3500074230156602e-08,2.349461174381469e-08,2.3489221936851732e-08,2.3483904161964965e-08,2.3478657777503134e-08,2.3473482147395144e-08,2.3468376641112395e-08,2.346334063360959e-08,2.3458373505267657e-08,2.3453474641855333e-08,2.3448643434476262e-08,2.344387927948405e-08,2.3439181578487925e-08,2.3434549738269503e-08,2.3429983170765753e-08,2.342548129295859e-08,2.3421043526891503e-08,2.3416669299588957e-08,2.3412358043019413e-08,2.3408109194032923e-08,2.3403922194346393e-08,2.339979649048144e-08,2.3395731533744888e-08,2.3391726780111178e-08,2.338778169024718e-08,2.3383895729463215e-08,2.3380068367624793e-08,2.3376299079174925e-08,2.3372587343038875e-08,2.3368932642601086e-08,2.3365334465683006e-08,2.33617923044619e-08,2.335830565547474e-08,2.3354874019542594e-08,2.335149690174732e-08,2.3348173811391866e-08,2.3344904261961066e-08,2.3341687699883844e-08,2.3338523735640675e-08,2.3335411883757294e-08,2.333235167177246e-08,2.3329342632808107e-08,2.332638430429635e-08,2.3323476227694777e-08,2.3320617948383392e-08,2.3317809015608097e-08,2.3315048982446966e-08,2.331233740577019e-08,2.3309673846212794e-08,2.3307057868127796e-08,2.330448903955892e-08,2.3301966932205837e-08,2.329949112138715e-08,2.329706118601247e-08,2.3294676708545436e-08,2.3292337274974502e-08,2.3290042474778414e-08,2.328779190089441e-08,2.3285585149685956e-08,2.328342182092728e-08,2.328130151773879e-08,2.3279223846586347e-08,2.327718841723903e-08,2.3275194842743828e-08,2.3273242739393056e-08,2.3271331726686897e-08,2.3269461427344605e-08,2.32676314672162e-08,2.3265841475289603e-08,2.3264091083659103e-08,2.3262379927498263e-08,2.3260707645023462e-08,2.325907387747717e-08,2.3257478269096214e-08,2.3255920467083995e-08,2.3254400121589058e-08,2.325291688567266e-08,2.3251470415288162e-08,2.3250060369255582e-08,2.324868640923152e-08,2.3247348199689382e-08,2.3246045407891025e-08,2.3244777703864824e-08,2.3243544760380706e-08,2.324234625292343e-08,2.3241181859674826e-08,2.324005126148282e-08,2.3238954141844997e-08,2.323789018688059e-08,2.3236859085308814e-08,2.3235860528430575e-08,2.3234894210097227e-08,2.3233959826697163e-08,2.3233057077126488e-08,2.3232185662774553e-08,2.3231345287497245e-08,2.3230535657597363e-08,2.3229756481802457e-08,2.322900747124466e-08,2.322828833944049e-08,2.322759880226891e-08,2.322693857795167e-08,2.3226307387033498e-08,2.3225704952361597e-08,2.322513099906615e-08,2.3224585254540764e-08,2.3224067448422175e-08,2.3223577312572625e-08,2.3223114581059595e-08,2.3222678990136784e-08,2.3222270278226928e-08,2.3221888185901625e-08,2.322153245586248e-08,2.3221202832925903e-08,2.3220899064003564e-08,2.322062089808267e-08,2.3220368086210948e-08,2.3220140381477226e-08,2.321993753899353e-08,2.3219759315884223e-08,2.3219605471260103e-08,2.3219475766209434e-08,2.321936996377045e-08,2.3219287828927727e-08,2.321922912858702e-08,2.321919363156665e-08,2.321918110856651e-08,2.3219191332170408e-08,2.321922407681934e-08,2.321927911880026e-08,2.321935623622641e-08,2.3491905264406108e-08,2.3886068782952375e-08,2.4341120456582146e-08,2.4816738554539142e-08,2.529061940483103e-08,2.5751528623931496e-08,2.6194308613496215e-08,2.661697111169808e-08,2.7019127770708687e-08,2.7401171521025282e-08,2.7763857271069562e-08,2.8108089861106652e-08,2.8434818259211535e-08,2.8744983836998153e-08,2.9039496029886537e-08,2.9319221782675364e-08,2.9584981876920853e-08,2.983755063801091e-08,3.007765725411919e-08,3.030598781795371e-08,3.052318764306524e-08,3.0729863637292684e-08,3.092658662685097e-08,3.111389358103099e-08,3.129228971991304e-08,3.146225049855741e-08,3.162422346813866e-08,3.177863002074294e-08,3.19258670210078e-08,3.2066308335363554e-08,3.2200306259964684e-08,3.232819285832396e-08,3.245028121107759e-08,3.2566866586652624e-08,3.2678227535542185e-08,3.278462691358732e-08,3.2886312841437786e-08,3.298351960070704e-08,3.307646847276207e-08,3.3165368525778984e-08,3.325041734911782e-08,3.333180174118458e-08,3.340969835695242e-08,3.348427430927029e-08,3.3555687735996387e-08,3.3624088329758223e-08,3.368961783470037e-08,3.375241051167595e-08,3.381259357429095e-08,3.3870287598541876e-08,3.3925606906044524e-08,3.397865992345403e-08,3.402954952003964e-08,3.407837332426739e-08,3.4125224020831586e-08,3.4170189629436256e-08,3.421335376643931e-08,3.4254795890768754e-08,3.429459153469928e-08,3.433281252070914e-08,3.436952716545706e-08,3.4404800471053854e-08,3.443869430537298e-08,3.447126757108216e-08,3.450257636536904e-08,3.453267412955675e-08,3.456161179015344e-08,3.4589437891674273e-08,3.4616198721671e-08,3.4641938428508866e-08,3.4666699132282666e-08,3.469052102954534e-08,3.471344249159885e-08,3.473550015780716e-08,3.475672902282631e-08,3.477716252025486e-08,3.479683259945408e-08,3.4815769800355094e-08,3.483400332258447e-08,3.4851561091536636e-08,3.4868469820269914e-08,3.488475506849154e-08,3.49004412981152e-08,3.491555192589301e-08,3.4930109373101206e-08,3.4944135112576514e-08,3.495764971356531e-08,3.497067288373788e-08,3.4983223509369534e-08,3.499531969321443e-08,3.5006978790508344e-08,3.501821744305916e-08,3.5029051611694546e-08,3.503949660693465e-08,3.504956711818336e-08,3.505927724141395e-08,3.506864050558807e-08,3.507766989741267e-08,3.50863778854484e-08,3.509477644255397e-08,3.510287706735485e-08,3.511069080481593e-08,3.511822826567058e-08,3.5125499644940735e-08,3.51325147396665e-08,3.513928296573563e-08,3.514581337377734e-08,3.5152114664781116e-08,3.51581952042841e-08,3.516406303653625e-08,3.51697258976922e-08,3.51751912285108e-08,3.518046618630561e-08,3.5185557656741407e-08,3.5190472264634855e-08,3.519521638462416e-08,3.519979615116665e-08,3.520421746820706e-08,3.520848601831707e-08,3.5212607271659655e-08,3.521658649415632e-08,3.5220428755744995e-08,3.5224138938048506e-08,3.5227721741708884e-08,3.523118169349363e-08,3.5234523153059477e-08,3.5237750319424754e-08,3.524086723723753e-08,3.524387780264057e-08,3.5246785769044406e-08,3.524959475257912e-08,3.525230823737179e-08,3.5254929580556065e-08,3.525746201696463e-08,3.5259908664187515e-08,3.52622725264616e-08,3.526455649930939e-08,3.526676337350782e-08,3.526889583903821e-08,3.52709564888804e-08,3.5272947822604015e-08,3.527487224988277e-08,3.527673209383266e-08,3.527852959421005e-08,3.5280266910520715e-08,3.528194612498059e-08,3.5283569245363884e-08,3.5285138207758037e-08,3.528665487920545e-08,3.52881210602258e-08,3.5289538487259546e-08,3.529090883501533e-08,3.529223371873084e-08,3.5293514696358666e-08,3.5294753270545285e-08,3.5295950890827076e-08,3.5297108955432e-08,3.5298228813165006e-08,3.529931176521178e-08,3.530035906687545e-08,3.530137192919718e-08,3.530235152058297e-08,3.530329896832718e-08,3.530421536010276e-08,3.530510174534872e-08,3.530595913678304e-08,3.530678851150212e-08,3.5307590812428755e-08,3.5308366949449784e-08,3.530911780065663e-08,3.530984421342706e-08,3.5310547005602695e-08,3.5311226966417685e-08,3.5311884857624745e-08,3.5312521414462243e-08,3.531313734654767e-08,3.531373333883575e-08,3.531431005246139e-08,3.5314868125624045e-08,3.531540817436386e-08,3.5315930793361665e-08,3.531643655670119e-08,3.531692601861842e-08,3.5317399714147026e-08,3.5317858159844666e-08,3.531830185443546e-08,3.531873127942115e-08,3.5319146899734775e-08,3.5319549164266416e-08,3.531993850647786e-08,3.532031534490988e-08,3.5320680083734805e-08,3.532103311324591e-08,3.5321374810348654e-08,3.5321705539037896e-08,3.5322025650843085e-08,3.5322335485279556e-08,3.532263537023247e-08,3.532292562241932e-08,3.532320654775062e-08,3.532347844170505e-08,3.532374158970187e-08,3.53239962674581e-08,3.5324242741318216e-08,3.532448126858988e-08,3.532471209785031e-08,3.532493546926244e-08,3.532515161486284e-08,3.532536075884123e-08,3.5325563117824623e-08,3.5325758901129676e-08,3.532594831102298e-08,3.532613154295165e-08,3.532630878582687e-08,3.532648022220711e-08,3.532664602851659e-08,3.5326806375281296e-08,3.5326961427324006e-08,3.532711134396379e-08,3.532725627920731e-08,3.532739638192937e-08,3.532753179605526e-08,3.5327662660729766e-08,3.532778911048292e-08,3.5327911275389025e-08,3.532802928122214e-08,3.532814324960355e-08,3.5328253298139744e-08,3.5328359540575907e-08,3.5328462086921626e-08,3.532856104356484e-08,3.532865651341804e-08,3.532874859602648e-08,3.532883738768685e-08,3.5328922981559064e-08,3.5329005467773465e-08,3.532908493353657e-08,3.532916146322736e-08,3.532923513849193e-08,3.532930603835275e-08,3.5329374239288077e-08,3.532943981531098e-08,3.5329502838053636e-08,3.532956337686848e-08,3.532962149889245e-08,3.5329677269115045e-08,3.532973075046792e-08,3.532978200388167e-08,3.532983108836536e-08,3.532987806106e-08,3.532992297730767e-08,3.532996589071769e-08,3.533000685321184e-08,3.5330045915093345e-08,3.533008312510268e-08,3.5330118530457696e-08,3.5330152176916994e-08,3.5330184108823675e-08,3.533021436915456e-08,3.53302429995669e-08,3.5330270040439344e-08,3.533029553092366e-08,3.533031950896296e-08,3.5330342011365775e-08,3.53303630738208e-08,3.533038273094023e-08,3.533040101629554e-08,3.53304179624523e-08,3.533043360100419e-08,3.5330447962604643e-08,3.533046107699769e-08,3.533047297304906e-08,3.5330483678774575e-08,3.533049322136859e-08,3.5330501627230806e-08,3.533050892199262e-08,3.533051513054246e-08,3.53305202770498e-08,3.533052438498934e-08,3.533052747716305e-08,3.533052957572305e-08,3.5330530702191196e-08,3.533053087748247e-08,3.533053012192162e-08,3.533052845526316e-08,3.533052589671124e-08,3.533052246493629e-08,3.533051817809167e-08,3.5330513053832624e-08,3.5330507109329215e-08,3.533050036128384e-08,3.53304928259461e-08,3.5330484519126325e-08,3.5330475456210233e-08,3.533046565217256e-08,3.5330455121589464e-08,3.533044387865227e-08,3.5330431937177967e-08,3.53304193106228e-08,3.5330406012091736e-08,3.533039205435034e-08,3.5330377449836094e-08,3.5330362210667274e-08,3.5330346348655256e-08,3.5330329875310085e-08,3.5330312801853824e-08,3.5330295139226254e-08,3.5330276898095734e-08,3.533025808886531e-08,3.533023872168926e-08,3.533021880646425e-08,3.533019835284439e-08,3.533017737026282e-08,3.5330155867917675e-08,3.5330133854789875e-08,3.5330111339648147e-08,3.533008833105351e-08,3.533006483736721e-08,3.533004086675817e-08,3.533001642720007e-08,3.5329991526490765e-08,3.53299661722478e-08,3.532994037191639e-08,3.532991413277272e-08,3.5329887461931985e-08,3.532986036635123e-08,3.5329832852832653e-08,3.532980492803035e-08,3.532977659845427e-08,3.532974787047289e-08,3.5329718750317894e-08,3.532968924408841e-08,3.532965935775574e-08,3.532962909716111e-08,3.532959846803062e-08,3.532956747596641e-08,3.532953612645741e-08,3.532950442487946e-08,3.5329472376499524e-08,3.532943998647818e-08,3.5329407259875034e-08,3.53293742016425e-08,3.5329340816637945e-08,3.5329307109635e-08,3.5329273085300244e-08,3.5329238748212023e-08,3.532920410286438e-08,3.5329169153664054e-08,3.5329133904930314e-08,3.532909836091451e-08,3.532906252577526e-08,3.532902640360253e-08,3.532898999839877e-08,3.5328953314103785e-08,3.532891635458021e-08,3.532887912363515e-08,3.532884162499012e-08,3.5328803862308126e-08,3.5328765839190533e-08,3.532872755916145e-08,3.532868902569615e-08,3.5328650242208786e-08,3.5328611212050936e-08,3.532857193852112e-08,3.532853242485874e-08,3.53284926742462e-08,3.532845268981883e-08,3.5328412474656514e-08,3.532837203180187e-08,3.532833136420989e-08,3.532829047481343e-08,3.532824936651242e-08,3.53282080421206e-08,3.53281665044486e-08,3.53281247562333e-08,3.532808280018555e-08,3.5328040638977796e-08,3.5327998275195614e-08,3.532795571143297e-08,3.5327912950234835e-08,3.532786999407131e-08,3.532782684544458e-08,3.53277835067563e-08,3.5327739980384616e-08,3.5327696268708285e-08,3.532765237403736e-08,3.532760829863351e-08,3.5327564044758025e-08,3.532751961462117e-08,3.5327475010373565e-08,3.5327430234232285e-08,3.532738528828384e-08,3.5327340174615616e-08,3.532729489528731e-08,3.532724945232746e-08,3.532720384773775e-08,3.532715808349235e-08,3.5327112161531266e-08,3.5327066083776135e-08,3.532701985211444e-08,3.532697346841118e-08,3.5326926934513774e-08,3.532688025222841e-08,3.5326833423336326e-08,3.532678644961585e-08,3.532673933279953e-08,3.532669207460534e-08,3.532664467672706e-08,3.532659714083572e-08,3.5326549468583584e-08,3.5326501661599726e-08,3.532645372147537e-08,3.5326405649799924e-08,3.532635744814797e-08,3.532630911805484e-08,3.532626066104299e-08,3.5326212078615354e-08,3.5326163372255294e-08,3.532611454342707e-08,3.532606559357605e-08,3.5326016524129105e-08,3.5325967336493924e-08,3.532591803206204e-08,3.5325868612201406e-08,3.5325819078277716e-08,3.5325769431636294e-08,3.532571967357231e-08,3.532566980540749e-08,3.532561982843598e-08,3.53255697438996e-08,3.532551955309343e-08,3.5325469257242544e-08,3.5325418857573195e-08,3.5325368355296e-08,3.53253177516066e-08,3.532526704768595e-08,3.532521624470056e-08,3.532516534381267e-08,3.532511434613155e-08,3.5325063252806675e-08,3.532501206493254e-08,3.532496078361292e-08,3.5324909409960275e-08,3.5324857944983696e-08,3.53248063898035e-08,3.532475474544148e-08,3.5324703012925824e-08,3.532465119329512e-08,3.5324599287524826e-08,3.532454729663253e-08,3.532449522159268e-08,3.532444306338169e-08,3.5324390822934533e-08,3.532433850125024e-08,3.532428609919162e-08,3.532423361779604e-08,3.532418105791734e-08,3.532412842047116e-08,3.5324075706385826e-08,3.5324022916468373e-08,3.53239700516372e-08,3.532391711283284e-08,3.532386410074589e-08,3.532381101630501e-08,3.5323757860334406e-08,3.5323704633671506e-08,3.5323651337125575e-08,3.532359797149066e-08,3.532354453758298e-08,3.532349103617393e-08,3.53234374680646e-08,3.532338383396499e-08,3.532333013469832e-08,3.5323276370999246e-08,3.532322254360565e-08,3.5323168653255035e-08,3.532311470064862e-08,3.532306068653065e-08,3.532300661159626e-08,3.53229524765539e-08,3.5322898282097684e-08,3.532284402890986e-08,3.532278971766735e-08,3.5322735349040205e-08,3.5322680923686665e-08,3.532262644226222e-08,3.5322571905472315e-08,3.532251731384257e-08,3.5322462668060105e-08,3.5322407968751725e-08,3.532235321653407e-08,3.532229841201551e-08,3.532224355579008e-08,3.532218864847309e-08,3.5322133690655706e-08,3.532207868291662e-08,3.532202362584069e-08,3.532196851998873e-08,3.5321913365952775e-08,3.532185816423317e-08,3.532180291534337e-08,3.532174761995814e-08,3.5321692278560646e-08,3.532163689162119e-08,3.532158145976128e-08,3.532152598348371e-08,3.532147046321999e-08,3.53214148996093e-08,3.532135929309093e-08,3.5321303644162855e-08,3.53212479533124e-08,3.532119222103615e-08,3.532113644781411e-08,3.5321080634116765e-08,3.532102478041862e-08,3.532096888718408e-08,3.532091295487334e-08,3.5320856983935054e-08,3.5320800974840516e-08,3.5320744928018165e-08,3.532068884390805e-08,3.532063272292723e-08,3.5320576565553244e-08,3.532052037217922e-08,3.532046414323119e-08,3.532040787912627e-08,3.532035158028039e-08,3.532029524709912e-08,3.532023888000687e-08,3.532018247935882e-08,3.532012604555378e-08,3.532006957900607e-08,3.5320013080090395e-08,3.531995654917376e-08,3.531989998665232e-08,3.531984339287248e-08,3.531978676819281e-08,3.531973011302709e-08,3.531967342772102e-08,3.531961671261018e-08,3.531955996807137e-08,3.531950319444219e-08,3.5319446392066216e-08,3.5319389561273904e-08,3.531933270242481e-08,3.531927581582002e-08,3.531921890179652e-08,3.531916196068114e-08,3.531910499281445e-08,3.531904799850753e-08,3.5318990978070106e-08,3.531893393181356e-08,3.5318876860045604e-08,3.531881976306554e-08,3.5318762641185105e-08,3.531870549469626e-08,3.531864832389305e-08,3.531859112906887e-08,3.531853391051025e-08,3.531847666849365e-08,3.5318419403318374e-08,3.5318362115243864e-08,3.531830480455518e-08,3.531824747152521e-08,3.531819011642233e-08,3.531813273951294e-08,3.53180753410616e-08,3.5318017921356423e-08,3.5317960480599e-08,3.531790301898296e-08,3.5317845536938195e-08,3.531778803462289e-08,3.53177305122894e-08,3.531767297018509e-08,3.531761540856059e-08,3.531755782749517e-08,3.531750022742889e-08,3.531744260859206e-08,3.5317384971157573e-08,3.5317327315348486e-08,3.531726964139511e-08,3.531721194952375e-08,3.531715423994402e-08,3.531709651288214e-08,3.5317038768566194e-08,3.531698100716481e-08,3.5316923228792556e-08,3.531686543394463e-08,3.531680762265993e-08,3.531674979515946e-08,3.531669195162166e-08,3.5316634092259974e-08,3.531657621726984e-08,3.531651832685162e-08,3.5316460421199565e-08,3.531640250049703e-08,3.531634456498449e-08,3.531628661474821e-08,3.531622865002933e-08,3.531617067094448e-08,3.531611267779851e-08,3.5316054670728255e-08,3.531599664984356e-08,3.531593861539292e-08,3.5315880567561055e-08,3.53158225064419e-08,3.531576443224973e-08,3.531570634513652e-08,3.5315648245276816e-08,3.531559013284285e-08,3.5315532007955135e-08,3.531547387071396e-08,3.5315415721480707e-08,3.5315357560299616e-08,3.531529938732516e-08,3.5315241202713046e-08,3.531518300666624e-08,3.531512479922136e-08,3.53150665805824e-08,3.531500835090421e-08,3.531495011031141e-08,3.531489185901932e-08,3.53148335970712e-08,3.531477532470836e-08,3.531471704195299e-08,3.531465874899249e-08,3.53146004459602e-08,3.5314542133029636e-08,3.531448381027441e-08,3.531442547785109e-08,3.5314367135889154e-08,3.5314308784518296e-08,3.531425042381608e-08,3.5314192053943534e-08,3.531413367509813e-08,3.531407528734454e-08,3.531401689080147e-08,3.531395848558533e-08,3.5313900071821554e-08,3.5313841649622066e-08,3.531378321918321e-08,3.53137247804581e-08,3.531366633363145e-08,3.531360787884043e-08,3.531354941618625e-08,3.53134909458328e-08,3.531343246776332e-08,3.5313373982141475e-08,3.5313315489112185e-08,3.531325698877202e-08,3.5313198481186616e-08,3.5313139966513616e-08,3.5313081444734e-08,3.531302291610325e-08,3.531296438063531e-08,3.5312905838476657e-08,3.5312847289573176e-08,3.531278873421871e-08,3.531273017242591e-08,3.531267160429333e-08,3.531261302996194e-08,3.531255444950891e-08,3.531249586282207e-08,3.531243727024398e-08,3.5312378671780745e-08,3.531232006752837e-08,3.531226145755339e-08,3.5312202841862364e-08,3.531214422073136e-08,3.531208559418685e-08,3.5312026962210867e-08,3.53119683249489e-08,3.531190968247436e-08,3.531185103490717e-08,3.531179238226836e-08,3.531173372472415e-08,3.5311675062252803e-08,3.5311616394922794e-08,3.531155772285207e-08,3.53114990461926e-08,3.5311440364870724e-08,3.531138167903281e-08,3.531132298869619e-08,3.5311264294043546e-08,3.5311205595121584e-08,3.531114689194065e-08,3.5311088184626646e-08,3.5311029473197706e-08,3.5310970757719426e-08,3.5310912038306505e-08,3.5310853315007305e-08,3.531079458788128e-08,3.5310735857003454e-08,3.531067712242984e-08,3.5310618384443434e-08,3.5310559642681166e-08,3.531050089741152e-08,3.5310442148698293e-08,3.531038339663356e-08,3.531032464121383e-08,3.5310265882537675e-08,3.531020712065679e-08,3.531014835563115e-08,3.5310089587554113e-08,3.531003081642159e-08,3.530997204229675e-08,3.5309913265098746e-08,3.530985448524906e-08,3.530979570255775e-08,3.530973691727378e-08,3.530967812912304e-08,3.530961933830096e-08,3.530956054492913e-08,3.530950174901277e-08,3.5309442950598975e-08,3.530938414978592e-08,3.5309325346542047e-08,3.530926654105072e-08,3.5309207733162925e-08,3.5309148922983403e-08,3.530909011078835e-08,3.530903129632274e-08,3.530897247969287e-08,3.530891366094858e-08,3.530885484032019e-08,3.530879601776209e-08,3.530873719324367e-08,3.530867836683395e-08,3.53086195386167e-08,3.530856070860348e-08,3.530850187687205e-08,3.530844304349942e-08,3.53083842083807e-08,3.530832537180112e-08,3.530826653346694e-08,3.530820769360405e-08,3.530814885226045e-08,3.5308090009454095e-08,3.530803116522696e-08,3.530797231962059e-08,3.530791347279384e-08,3.530785462446492e-08,3.530779577507432e-08,3.530773692427646e-08,3.5307678072441114e-08,3.530761921932458e-08,3.5307560365101634e-08,3.530750150985809e-08,3.530744265349527e-08,3.5307383796099486e-08,3.5307324937662743e-08,3.530726607839212e-08,3.530720721816902e-08,3.5307148357069195e-08,3.530708949506507e-08,3.5307030632303196e-08,3.5306971768766653e-08,3.530691290449907e-08,3.5306854039446575e-08,3.530679517373906e-08,3.530673630734535e-08,3.530667744034554e-08,3.530661857288026e-08,3.530655970471767e-08,3.5306500835993295e-08,3.530644196678579e-08,3.5306383097203984e-08,3.5306324227052663e-08,3.53062653564765e-08,3.530620648561084e-08,3.530614761431783e-08,3.530608874264534e-08,3.53060298706578e-08,3.5305970998381836e-08,3.5305912125843695e-08,3.530585325306925e-08,3.5305794380178555e-08,3.5305735507013365e-08,3.530567663368425e-08,3.530561776021896e-08,3.530555888656947e-08,3.5305500012909243e-08,3.530544113918186e-08,3.530538226544544e-08,3.530532339200611e-08,3.530526451822553e-08,3.530520564449158e-08,3.5305146770811924e-08,3.530508789720677e-08,3.5305029023708806e-08,3.530497015034519e-08,3.530491127715967e-08,3.530485240408449e-08,3.530479353119702e-08,3.530473465854376e-08,3.530467578638587e-08,3.530461691417469e-08,3.530455804223991e-08,3.5304499170611725e-08,3.53044402992854e-08,3.53043814282959e-08,3.530432255763798e-08,3.5304263687298115e-08,3.5304204817393076e-08,3.530414594789191e-08,3.5304087078816324e-08,3.5304028210183264e-08,3.530396934199009e-08,3.5303910474292374e-08,3.530385160708825e-08,3.530379274040609e-08,3.530373387426632e-08,3.530367500866507e-08,3.5303616143646266e-08,3.5303557279194206e-08,3.530349841534191e-08,3.53034395521139e-08,3.530338068951262e-08,3.530332182755802e-08,3.5303262966268e-08,3.530320410567002e-08,3.5303145245790206e-08,3.5303086386495525e-08,3.530302752802321e-08,3.5302968670290085e-08,3.530290981331395e-08,3.530285095710986e-08,3.530279210167984e-08,3.53027332471006e-08,3.530267439329856e-08,3.530261554032514e-08,3.530255668819502e-08,3.530249783692185e-08,3.5302438986539315e-08,3.5302380136998344e-08,3.530232128826547e-08,3.530226244057157e-08,3.530220359370037e-08,3.530214474785088e-08,3.5302085902950924e-08,3.530202705901323e-08,3.5301968216050157e-08,3.5301909374084354e-08,3.530185053310954e-08,3.530179169317936e-08,3.5301732854255764e-08,3.530167401635436e-08,3.530161517949425e-08,3.530155634372487e-08,3.530149750897545e-08,3.530143867532442e-08,3.5301379842767056e-08,3.530132101137547e-08,3.5301262181108486e-08,3.530120335189468e-08,3.530114452381029e-08,3.5301085696879467e-08,3.530102687112051e-08,3.5300968046513527e-08,3.530090922308184e-08,3.530085040081148e-08,3.530079157976781e-08,3.530073275992555e-08,3.530067394130169e-08,3.5300615123917306e-08,3.530055630776376e-08,3.5300497492855545e-08,3.530043867921582e-08,3.5300379867097375e-08,3.530032105598377e-08,3.530026224616235e-08,3.530020343762399e-08,3.530014463039308e-08,3.5300085824465405e-08,3.530002701978809e-08,3.52999682165058e-08,3.5299909414560774e-08,3.529985061381852e-08,3.52997918145822e-08,3.5299733016742946e-08,3.529967422022082e-08,3.5299615425082695e-08,3.5299556631321345e-08,3.5299497838952194e-08,3.529943904795117e-08,3.5299380258399695e-08,3.5299321470275336e-08,3.529926268353986e-08,3.529920389823644e-08,3.5299145114379134e-08,3.5299086331951985e-08,3.52990275509985e-08,3.529896877149523e-08,3.529890999353058e-08,3.529885121697135e-08,3.5298792441888893e-08,3.529873366828099e-08,3.529867489615715e-08,3.529861612555184e-08,3.5298557356482304e-08,3.5298498588900017e-08,3.5298439822781044e-08,3.52983810582488e-08,3.529832229524367e-08,3.5298263533774644e-08,3.529820477389706e-08,3.529814601552492e-08,3.52980872587092e-08,3.529802850336744e-08,3.529796974968238e-08,3.5297910997584246e-08,3.529785224705393e-08,3.5297793498108617e-08,3.529773475076519e-08,3.5297676004997725e-08,3.529761726087638e-08,3.529755851835764e-08,3.52974997774533e-08,3.5297441038129373e-08,3.52973823004223e-08,3.529732356420353e-08,3.529726482977222e-08,3.5297206096959836e-08,3.5297147365821545e-08,3.529708863632193e-08,3.5297029908486836e-08,3.529697118229994e-08,3.529691245777191e-08,3.529685373491663e-08,3.529679501373371e-08,3.529673629422826e-08,3.529667757630224e-08,3.529661886008002e-08,3.5296560145625663e-08,3.52965014328756e-08,3.5296442721825155e-08,3.529638401250328e-08,3.529632530475306e-08,3.5296266598870094e-08,3.529620789466255e-08,3.529614919215657e-08,3.5296090491464487e-08,3.5296031792445976e-08,3.529597309514755e-08,3.529591439962155e-08,3.529585570575692e-08,3.529579701368163e-08,3.5295738323371665e-08,3.5295679634804826e-08,3.5295620947987845e-08,3.529556226293237e-08,3.529550357963778e-08,3.5295444898130496e-08,3.529538621837182e-08,3.529532754027593e-08,3.529526886407468e-08,3.529521018964989e-08,3.5295151517048106e-08,3.529509284608108e-08,3.5295034177026746e-08,3.529497550976147e-08,3.529491684433786e-08,3.52948581807372e-08,3.5294799518878644e-08,3.5294740858850337e-08,3.5294682200624826e-08,3.529462354417003e-08,3.529456488957286e-08,3.529450623676828e-08,3.529444758569725e-08,3.529438893656344e-08,3.5294330289256865e-08,3.5294271643785335e-08,3.529421299999816e-08,3.5294154358191514e-08,3.529409571823245e-08,3.529403708007281e-08,3.529397844380449e-08,3.5293919809378245e-08,3.529386117681173e-08,3.5293802546096555e-08,3.52937439172387e-08,3.5293685290224134e-08,3.5293626665084736e-08,3.529356804180237e-08,3.529350942039671e-08,3.529345080087234e-08,3.5293392183207036e-08,3.5293333567409604e-08,3.529327495350196e-08,3.5293216341339666e-08,3.5293157731182263e-08,3.5293099122952396e-08,3.529304051655927e-08,3.529298191208354e-08,3.529292330947867e-08,3.5292864708767604e-08,3.5292806109941146e-08,3.52927475128527e-08,3.529268891783196e-08,3.529263032471255e-08,3.5292571733488766e-08,3.5292513144183435e-08,3.5292454556780765e-08,3.5292395971282324e-08,3.5292337387700083e-08,3.5292278806027505e-08,3.529222022626618e-08,3.529216164832213e-08,3.5292103072249024e-08,3.5292044498243074e-08,3.5291985926048185e-08,3.52919273557938e-08,3.529186878757262e-08,3.5291810221279134e-08,3.529175165691798e-08,3.529169309437042e-08,3.5291634533891456e-08,3.529157597533289e-08,3.52915174187161e-08,3.5291458864031994e-08,3.52914003112541e-08,3.5291341760440744e-08,3.5291283211593266e-08,3.529122466467987e-08,3.529116611971524e-08,3.5291107576730016e-08,3.529104903566225e-08,3.529099049654617e-08,3.5290931959391295e-08,3.529087342418314e-08,3.5290814890793636e-08,3.529075635948853e-08,3.529069783015904e-08,3.529063930266207e-08,3.5290580777283735e-08,3.529052225368764e-08,3.5290463732209074e-08,3.529040521269011e-08,3.529034669500223e-08,3.529028817936023e-08,3.529022966574815e-08,3.529017115410818e-08,3.529011264445749e-08,3.5290054136860544e-08,3.5289995631013204e-08,3.5289937127162797e-08,3.528987862527163e-08,3.5289820125323424e-08,3.5289761627517014e-08,3.528970313173487e-08,3.5289644637740204e-08,3.528958614589964e-08,3.528952765603308e-08,3.528946916801394e-08,3.528941068198727e-08,3.5289352197965925e-08,3.528929371591546e-08,3.5289235235982146e-08,3.528917675804114e-08,3.528911828210189e-08,3.52890598080255e-08,3.528900133606434e-08,3.5288942865989856e-08,3.5288884398018885e-08,3.5288825931892804e-08,3.5288767467920106e-08,3.528870900592879e-08,3.52886505459563e-08,3.528859208798419e-08,3.528853363202205e-08,3.528847517805698e-08,3.528841672593836e-08,3.5288358275867666e-08,3.5288299827814846e-08,3.528824138172853e-08,3.528818293766749e-08,3.528812449560207e-08,3.5288066055584995e-08,3.5288007617578733e-08,3.528794918169176e-08,3.5287890747702223e-08,3.528783231583203e-08,3.528777388597325e-08,3.528771545821433e-08,3.5287657032389214e-08,3.528759860858834e-08,3.528754018667642e-08,3.528748176691512e-08,3.528742334901391e-08,3.528736493327734e-08,3.528730651956079e-08,3.528724810786573e-08,3.528718969819193e-08,3.528713129054667e-08,3.528707288480744e-08,3.528701448120009e-08,3.5286956079515876e-08,3.52868976799591e-08,3.528683928230847e-08,3.5286780886821956e-08,3.52867224933485e-08,3.5286664101787746e-08,3.5286605712365575e-08,3.528654732483565e-08,3.5286488939459256e-08,3.528643055613271e-08,3.528637217471205e-08,3.528631379540991e-08,3.528625541804366e-08,3.528619704286278e-08,3.5286138669674485e-08,3.5286080298565675e-08,3.528602192935036e-08,3.528596356226928e-08,3.5285905197342744e-08,3.5285846834233465e-08,3.528578847326938e-08,3.5285730114352144e-08,3.528567175745587e-08,3.528561340262266e-08,3.5285555049694685e-08,3.528549669893775e-08,3.528543835001949e-08,3.5285380003326884e-08,3.528532165867344e-08,3.528526331605891e-08,3.5285204975489564e-08,3.528514663697619e-08,3.528508830061247e-08,3.528502996618477e-08,3.5284971633632044e-08,3.528491330327353e-08,3.5284854974959137e-08,3.528479664868935e-08,3.5284738324350916e-08,3.528468000206219e-08,3.5284621681876104e-08,3.52845633637887e-08,3.5284505047761963e-08,3.5284446733660343e-08,3.528438842171485e-08,3.52843301117895e-08,3.528427180383211e-08,3.528421349803631e-08,3.528415519428526e-08,3.528409689257902e-08,3.528403859289044e-08,3.5283980295307046e-08,3.528392199975039e-08,3.5283863706250353e-08,3.528380541488894e-08,3.528374712549177e-08,3.528368883814733e-08,3.528363055285523e-08,3.5283572269614944e-08,3.5283513988533064e-08,3.5283455709410854e-08,3.5283397432338126e-08,3.528333915731852e-08,3.528328088434953e-08,3.5283222613391366e-08,3.528316434450072e-08,3.5283106077537376e-08,3.528304781280383e-08,3.528298955011721e-08,3.528293128935186e-08,3.528287303077795e-08,3.528281477428514e-08,3.5282756519817715e-08,3.528269826737577e-08,3.528264001703927e-08,3.528258176874226e-08,3.528252352250172e-08,3.5282465278262324e-08,3.5282407036028505e-08,3.528234879596353e-08,3.528229055783463e-08,3.528223232188441e-08,3.5282174088167415e-08,3.5282115856313594e-08,3.528205762655896e-08,3.528199939873877e-08,3.528194117312117e-08,3.5281882949522015e-08,3.52818247279994e-08,3.5281766508474e-08,3.528170829106784e-08,3.528165007573058e-08,3.5281591862430157e-08,3.528153365108946e-08,3.528147544194737e-08,3.5281417234858176e-08,3.5281359029849304e-08,3.5281300826886096e-08,3.528124262584207e-08,3.528118442687807e-08,3.528112622997438e-08,3.5281068035258685e-08,3.528100984261235e-08,3.528095165191609e-08,3.528089346339801e-08,3.528083527682939e-08,3.528077709243803e-08,3.52807189100394e-08,3.5280660729635485e-08,3.528060255144174e-08,3.5280544375191606e-08,3.528048620112773e-08,3.528042802913649e-08,3.528036985915344e-08,3.5280311691170076e-08,3.528025352525594e-08,3.5280195361399e-08,3.528013719961636e-08,3.528007903990806e-08,3.528002088222471e-08,3.527996272677551e-08,3.527990457321398e-08,3.527984642176881e-08,3.527978827250274e-08,3.5279730125290244e-08,3.527967198003584e-08,3.5279613836972255e-08,3.5279555695865667e-08,3.527949755674044e-08,3.527943941988306e-08,3.527938128495989e-08,3.527932315224972e-08,3.527926502142653e-08,3.527920689284056e-08,3.5279148766322634e-08,3.5279090641873425e-08,3.527903251949161e-08,3.527897439918968e-08,3.5278916280842966e-08,3.5278858164552504e-08,3.527880005044871e-08,3.5278741938431496e-08,3.527868382835492e-08,3.52786257203403e-08,3.527856761449629e-08,3.527850951063927e-08,3.527845140895326e-08,3.527839330933159e-08,3.527833521165128e-08,3.527827711616247e-08,3.52782190226041e-08,3.527816093125648e-08,3.527810284199214e-08,3.527804475483072e-08,3.527798666959747e-08,3.527792858655896e-08,3.5277870505664116e-08,3.527781242676135e-08,3.527775434980292e-08,3.527769627491985e-08,3.527763820210588e-08,3.5277580131360694e-08,3.5277522062817194e-08,3.527746399636731e-08,3.527740593183665e-08,3.5277347869398886e-08,3.52772898090145e-08,3.527723175081523e-08,3.527717369456473e-08,3.527711564050634e-08,3.527705758839285e-08,3.52769995383214e-08,3.527694149037179e-08,3.527688344454938e-08,3.527682540085204e-08,3.527676735921312e-08,3.52767093195369e-08,3.527665128194073e-08,3.527659324653085e-08,3.527653521318919e-08,3.527647718195703e-08,3.5276419152632395e-08,3.527636112551725e-08,3.527630310036389e-08,3.527624507737054e-08,3.5276187056467797e-08,3.527612903767399e-08,3.527607102094671e-08,3.5276013006228715e-08,3.5275954993608276e-08,3.5275896983068574e-08,3.527583897460201e-08,3.5275780968206913e-08,3.5275722963759555e-08,3.5275664961359906e-08,3.5275606961183976e-08,3.527554896307363e-08,3.5275490967077653e-08,3.527543297306642e-08,3.5275374981027025e-08,3.527531699109733e-08,3.5275259003352394e-08,3.527520101758694e-08,3.5275143033885393e-08,3.527508505224692e-08,3.5275027072871226e-08,3.52749690954985e-08,3.5274911120095175e-08,3.527485314687677e-08,3.527479517573212e-08,3.527473720652081e-08,3.5274679239511076e-08,3.5274621274589524e-08,3.5274563311624764e-08,3.527450535070205e-08,3.527444739198863e-08,3.527438943534858e-08,3.527433148079936e-08,3.5274273528305943e-08,3.5274215577782866e-08,3.5274157629330785e-08,3.527409968290677e-08,3.527404173870757e-08,3.527398379649845e-08,3.527392585632364e-08,3.527386791823128e-08,3.527380998232524e-08,3.5273752048492745e-08,3.5273694116722666e-08,3.527363618703701e-08,3.52735782593207e-08,3.5273520333648516e-08,3.5273462409998876e-08,3.527340448850218e-08,3.527334656927353e-08,3.527328865202911e-08,3.5273230736895994e-08,3.5273172823685274e-08,3.527311491268267e-08,3.5273057003732136e-08,3.5272999096844914e-08,3.527294119192213e-08,3.52728832892155e-08,3.527282538845088e-08,3.527276748990226e-08,3.5272709593374814e-08,3.5272651698931604e-08,3.5272593806581744e-08,3.527253591614772e-08,3.527247802793315e-08,3.527242014182851e-08,3.5272362257758005e-08,3.527230437575427e-08,3.527224649585002e-08,3.5272188617891265e-08,3.527213074211097e-08,3.5272072868428195e-08,3.527201499680045e-08,3.5271957127128696e-08,3.5271899259658576e-08,3.527184139425636e-08,3.527178353092122e-08,3.527172566969158e-08,3.5271667810463044e-08,3.5271609953348616e-08,3.52715520983082e-08,3.5271494245340477e-08,3.5271436394336425e-08,3.527137854551577e-08,3.527132069877491e-08,3.5271262854126355e-08,3.5271205011525406e-08,3.527114717101495e-08,3.527108933243365e-08,3.5271031496106064e-08,3.527097366182314e-08,3.527091582958214e-08,3.5270857999290226e-08,3.527080017119947e-08,3.527074234518395e-08,3.52706845212443e-08,3.527062669937481e-08,3.52705688796273e-08,3.527051106178558e-08,3.527045324615277e-08,3.527039543261726e-08,3.52703376211059e-08,3.5270279811545195e-08,3.527022200416616e-08,3.527016419876934e-08,3.5270106395562585e-08,3.527004859429931e-08,3.5269990795208415e-08,3.526993299821087e-08,3.5269875203266805e-08,3.526981741044408e-08,3.526975961954864e-08,3.5269701830867136e-08,3.5269644044254795e-08,3.52695862596982e-08,3.526952847721733e-08,3.526947069676246e-08,3.526941291842806e-08,3.526935514205728e-08,3.526929736785191e-08,3.526923959575868e-08,3.526918182560499e-08,3.526912405764527e-08,3.526906629163085e-08,3.5269008527656136e-08,3.5268950765910154e-08,3.5268893006105664e-08,3.526883524838374e-08,3.52687774928401e-08,3.52687197393766e-08,3.526866198802716e-08,3.526860423870022e-08,3.526854649146326e-08,3.526848874617209e-08,3.526843100293764e-08,3.526837326191757e-08,3.526831552296887e-08,3.526825778595821e-08,3.5268200050997504e-08,3.526814231825099e-08,3.526808458743802e-08,3.5268026858708e-08,3.526796913217905e-08,3.526791140759159e-08,3.526785368520053e-08,3.526779596476935e-08,3.526773824652178e-08,3.5267680530233426e-08,3.526762281602204e-08,3.52675651039938e-08,3.526750739388672e-08,3.526744968600634e-08,3.526739198019597e-08,3.526733427634377e-08,3.526727657453843e-08,3.5267218874934336e-08,3.52671611774045e-08,3.5267103481943956e-08,3.5267045788418186e-08,3.526698809698627e-08,3.526693040775098e-08,3.52668727205575e-08,3.5266815035452794e-08,3.526675735228251e-08,3.526669967131917e-08,3.5266641992434135e-08,3.5266584315612834e-08,3.526652664087447e-08,3.5266468968085255e-08,3.52664112974963e-08,3.5266353628977685e-08,3.5266295962530215e-08,3.5266238298136006e-08,3.526618063566213e-08,3.526612297540896e-08,3.526606531722194e-08,3.526600766110976e-08,3.526595000706156e-08,3.526589235509057e-08,3.526583470508595e-08,3.526577705715967e-08,3.526571941127171e-08,3.5265661767600475e-08,3.5265604125979726e-08,3.526554648643449e-08,3.526548884895125e-08,3.5265431213578054e-08,3.526537358012829e-08,3.526531594871911e-08,3.526525831941148e-08,3.526520069216028e-08,3.52651430669954e-08,3.5265085443871664e-08,3.526502782297178e-08,3.526497020412442e-08,3.526491258729664e-08,3.526485497259513e-08,3.5264797359957136e-08,3.52647397494005e-08,3.5264682140777256e-08,3.526462453424458e-08,3.5264566929777524e-08,3.526450932745931e-08,3.526445172725781e-08,3.5264394129057147e-08,3.526433653279863e-08,3.526427893867012e-08,3.52642213468035e-08,3.52641637569259e-08,3.526410616912234e-08,3.526404858327083e-08,3.5263990999484684e-08,3.5263933417882804e-08,3.526387583838144e-08,3.526381826080858e-08,3.526376068543786e-08,3.5263703112010345e-08,3.526364554076048e-08,3.5263587971595576e-08,3.526353040438395e-08,3.526347283933528e-08,3.52634152766618e-08,3.526335771575528e-08,3.526330015676894e-08,3.5263242600017176e-08,3.526318504526917e-08,3.526312749260619e-08,3.5263069942031234e-08,3.526301239355379e-08,3.526295484701001e-08,3.526289730266369e-08,3.52628397603818e-08,3.526278222017781e-08,3.52627246820417e-08,3.526266714581607e-08,3.526260961175137e-08,3.526255207969797e-08,3.526249454968227e-08,3.5262437021903384e-08,3.526237949617672e-08,3.5262321972517584e-08,3.526226445093864e-08,3.526220693139782e-08,3.5262149413805174e-08,3.5262091898393545e-08,3.526203438506934e-08,3.526197687366654e-08,3.5261919364482035e-08,3.52618618573478e-08,3.526180435229813e-08,3.526174684917536e-08,3.526168934824419e-08,3.5261631849421494e-08,3.526157435250157e-08,3.526151685778443e-08,3.526145936511995e-08,3.526140187441426e-08,3.5261344385903146e-08,3.5261286899433296e-08,3.5261229415093e-08,3.526117193276504e-08,3.52611144525225e-08,3.5261056974313635e-08,3.526099949818702e-08,3.5260942023997e-08,3.5260884551998504e-08,3.5260827082089194e-08,3.526076961424709e-08,3.526071214834597e-08,3.526065468448187e-08,3.5260597222821554e-08,3.5260539763092944e-08,3.5260482305428885e-08,3.5260424849962254e-08,3.5260367396578127e-08,3.526030994513193e-08,3.5260252495758643e-08,3.526019504861451e-08,3.526013760328602e-08,3.5260080160222024e-08,3.526002271923344e-08,3.5259965280191847e-08,3.525990784332211e-08,3.525985040849385e-08,3.525979297576033e-08,3.525973554509246e-08,3.525967811648791e-08,3.5259620689960386e-08,3.5259563265497755e-08,3.525950584311397e-08,3.525944842280696e-08,3.525939100442459e-08,3.5259333588218604e-08,3.525927617396776e-08,3.5259218761785985e-08,3.525916135177234e-08,3.52591039438234e-08,3.525904653794396e-08,3.5258989134150045e-08,3.525893173228619e-08,3.52588743326024e-08,3.525881693483824e-08,3.5258759539281966e-08,3.525870214580462e-08,3.525864475437822e-08,3.5258587365034515e-08,3.525852997759472e-08,3.525847259236047e-08,3.5258415209205366e-08,3.525835782797799e-08,3.5258300448817844e-08,3.5258243071855656e-08,3.5258185696953135e-08,3.525812832399977e-08,3.525807095306939e-08,3.525801358436566e-08,3.525795621771435e-08,3.525789885301574e-08,3.525784149038524e-08,3.5257784129785685e-08,3.525772677125337e-08,3.525766941478622e-08,3.525761206041025e-08,3.525755470821411e-08,3.5257497358081814e-08,3.525744001000053e-08,3.525738266395094e-08,3.525732532002198e-08,3.525726797813871e-08,3.5257210638347677e-08,3.525715330048847e-08,3.525709596468412e-08,3.525703863104098e-08,3.525698129948712e-08,3.5256923970010506e-08,3.5256866642606025e-08,3.5256809317248486e-08,3.525675199406081e-08,3.525669467269158e-08,3.525663735350601e-08,3.5256580036266776e-08,3.525652272108947e-08,3.5256465408087154e-08,3.52564080970133e-08,3.525635078814294e-08,3.525629348133623e-08,3.525623617648751e-08,3.52561788736856e-08,3.525612157307783e-08,3.525606427451039e-08,3.525600697790496e-08,3.52559496834873e-08,3.5255892390993254e-08,3.5255835100584374e-08,3.525577781220881e-08,3.52557205259274e-08,3.525566324180233e-08,3.525560595977837e-08,3.5255548679644635e-08,3.5255491401699176e-08,3.525543412586132e-08,3.525537685194044e-08,3.5255319580189345e-08,3.5255262310393144e-08,3.525520504277787e-08,3.525514777722564e-08,3.5255090513601276e-08,3.525503325210497e-08,3.525497599277871e-08,3.525491873546705e-08,3.5254861480233514e-08,3.525480422693919e-08,3.5254746975829117e-08,3.5254689726651616e-08,3.525463247964626e-08,3.525457523459296e-08,3.5254517991710226e-08,3.525446075077073e-08,3.525440351202131e-08,3.525434627521496e-08,3.5254289040566415e-08,3.525423180788244e-08,3.52541745773524e-08,3.525411734878103e-08,3.525406012238717e-08,3.525400289808634e-08,3.525394567583035e-08,3.525388845561885e-08,3.5253831237487116e-08,3.5253774021279545e-08,3.5253716807250154e-08,3.525365959515772e-08,3.5253602385228994e-08,3.5253545177259495e-08,3.525348797147204e-08,3.525343076774497e-08,3.5253373566095665e-08,3.525331636641599e-08,3.525325916869771e-08,3.525320197326485e-08,3.525314477981119e-08,3.525308758834123e-08,3.5253030398923733e-08,3.5252973211535334e-08,3.525291602634763e-08,3.525285884323948e-08,3.525280166216784e-08,3.525274448305055e-08,3.525268730610267e-08,3.525263013123328e-08,3.525257295829653e-08,3.525251578754437e-08,3.5252458618712706e-08,3.525240145206367e-08,3.525234428747931e-08,3.525228712482165e-08,3.5252229964334875e-08,3.525217280593875e-08,3.525211564946298e-08,3.525205849516389e-08,3.525200134294738e-08,3.5251944192653924e-08,3.5251887044576734e-08,3.5251829898408796e-08,3.525177275429785e-08,3.525171561224017e-08,3.525165847236108e-08,3.525160133454015e-08,3.5251544198707925e-08,3.525148706500168e-08,3.5251429933388026e-08,3.525137280366114e-08,3.525131567613677e-08,3.525125855054666e-08,3.5251201427170114e-08,3.525114430584063e-08,3.5251087186549643e-08,3.525103006914853e-08,3.5250972953975827e-08,3.5250915840735104e-08,3.5250858729516665e-08,3.525080162040893e-08,3.525074451344072e-08,3.525068740854633e-08,3.525063030572521e-08,3.525057320497322e-08,3.5250516106158534e-08,3.525045900939445e-08,3.525040191481182e-08,3.525034482214203e-08,3.525028773152993e-08,3.525023064309033e-08,3.525017355672382e-08,3.525011647241147e-08,3.52500593900399e-08,3.52500023100062e-08,3.524994523186583e-08,3.5249888155781494e-08,3.5249831081644696e-08,3.524977400967574e-08,3.524971693975809e-08,3.524965987190579e-08,3.5249602805983216e-08,3.524954574224288e-08,3.5249488680447795e-08,3.524943162070068e-08,3.5249374563136376e-08,3.524931750750427e-08,3.524926045404233e-08,3.524920340251045e-08,3.5249146353171e-08,3.5249089305750563e-08,3.524903226040539e-08,3.5248975217122055e-08,3.524891817602473e-08,3.5248861136962434e-08,3.5248804099974204e-08,3.5248747064912756e-08,3.524869003206299e-08,3.524863300122476e-08,3.524857597229356e-08,3.52485189455625e-08,3.5248461921145455e-08,3.5248404898407906e-08,3.524834787773256e-08,3.524829085912397e-08,3.524823384271517e-08,3.524817682834137e-08,3.5248119815856114e-08,3.5248062805594784e-08,3.524800579738012e-08,3.5247948791206537e-08,3.524789178709604e-08,3.524783478502767e-08,3.5247777785025746e-08,3.5247720786961856e-08,3.524766379107545e-08,3.5247606797155544e-08,3.524754980524884e-08,3.52474928155396e-08,3.524743582787718e-08,3.524737884226078e-08,3.524732185867545e-08,3.524726487718588e-08,3.524720789772983e-08,3.524715092032918e-08,3.52470939450158e-08,3.5247036971595835e-08,3.524698000025049e-08,3.524692303095305e-08,3.524686606382843e-08,3.524680909865646e-08,3.524675213552656e-08,3.524669517446441e-08,3.524663821545302e-08,3.524658125849397e-08,3.5246524303679376e-08,3.524646735095214e-08,3.5246410400261636e-08,3.524635345151036e-08,3.524629650502054e-08,3.5246239560452145e-08,3.52461826178764e-08,3.5246125677453e-08,3.524606873897558e-08,3.524601180255472e-08,3.524595486832762e-08,3.5245897936131615e-08,3.524584100599706e-08,3.5245784077915835e-08,3.5245727151868116e-08,3.524567022777659e-08,3.524561330583778e-08,3.524555638587689e-08,3.5245499468039085e-08,3.524544255225799e-08,3.5245385638428455e-08,3.524532872674994e-08,3.524527181713794e-08,3.5245214909565066e-08,3.5245158004121794e-08,3.5245101100668256e-08,3.524504419914648e-08,3.524498729979677e-08,3.5244930402379415e-08,3.524487350702359e-08,3.524481661372145e-08,3.524475972244667e-08,3.5244702833364555e-08,3.524464594619435e-08,3.52445890612081e-08,3.5244532178164446e-08,3.5244475297299396e-08,3.52444184183463e-08,3.524436154146551e-08,3.524430466673975e-08,3.5244247794063375e-08,3.524419092347353e-08,3.5244134054976744e-08,3.524407718847723e-08,3.524402032401161e-08,3.524396346150143e-08,3.5243906601035486e-08,3.524384974261165e-08,3.524379288623774e-08,3.524373603203096e-08,3.5243679179806025e-08,3.524362232959384e-08,3.5243565481559e-08,3.52435086355592e-08,3.524345179151171e-08,3.5243394949482356e-08,3.524333810953396e-08,3.52432812717348e-08,3.524322443580285e-08,3.5243167601985327e-08,3.524311077041143e-08,3.524305394083037e-08,3.524299711328902e-08,3.524294028778126e-08,3.524288346436098e-08,3.5242826642990477e-08,3.524276982365376e-08,3.5242713006268505e-08,3.5242656190930944e-08,3.524259937763116e-08,3.5242542566497964e-08,3.524248575741467e-08,3.5242428950270074e-08,3.524237214530565e-08,3.524231534224858e-08,3.524225854125926e-08,3.524220174243604e-08,3.524214494554936e-08,3.5242088150857885e-08,3.5242031358040336e-08,3.5241974567372305e-08,3.5241917778808826e-08,3.5241860992172235e-08,3.524180420770869e-08,3.524174742529502e-08,3.524169064491447e-08,3.524163386647509e-08,3.5241577090076845e-08,3.524152031586221e-08,3.5241463543549324e-08,3.5241406773423046e-08,3.524135000521449e-08,3.5241293239065946e-08,3.524123647510485e-08,3.524117971305578e-08,3.524112295316387e-08,3.52410661952225e-08,3.524100943933553e-08,3.5240952685563946e-08,3.5240895933763014e-08,3.524083918400789e-08,3.524078243630949e-08,3.524072569078418e-08,3.524066894715675e-08,3.5240612205544165e-08,3.524055546604742e-08,3.524049872870877e-08,3.524044199328759e-08,3.5240385259934384e-08,3.524032852870821e-08,3.5240271799454445e-08,3.5240215072350195e-08,3.524015834730242e-08,3.524010162430427e-08,3.524004490333867e-08,3.523998818433639e-08,3.52399314674688e-08,3.523987475255433e-08,3.523981803963738e-08,3.523976132893621e-08,3.523970462007341e-08,3.5239647913461526e-08,3.523959120890474e-08,3.523953450638666e-08,3.523947780594583e-08,3.523942110740919e-08,3.523936441102567e-08,3.523930771668983e-08,3.523925102440495e-08,3.5239194334158214e-08,3.5239137645867634e-08,3.523908095959818e-08,3.5239024275493254e-08,3.523896759332936e-08,3.5238910913376366e-08,3.5238854235291375e-08,3.5238797559370196e-08,3.523874088548969e-08,3.5238684213647247e-08,3.523862754386245e-08,3.5238570876022786e-08,3.5238514210382304e-08,3.523845754664783e-08,3.5238400885071856e-08,3.523834422553793e-08,3.523828756805097e-08,3.5238230912449356e-08,3.523817425894535e-08,3.5238117607647595e-08,3.523806095834764e-08,3.523800431098546e-08,3.5237947665661145e-08,3.523789102239996e-08,3.523783438129034e-08,3.523777774222904e-08,3.5237721105077363e-08,3.5237664470094676e-08,3.523760783718617e-08,3.5237551206319227e-08,3.523749457751524e-08,3.5237437950685484e-08,3.523738132594486e-08,3.5237324703244006e-08,3.523726808245255e-08,3.523721146389663e-08,3.523715484720494e-08,3.523709823270518e-08,3.523704162023294e-08,3.523698500982343e-08,3.523692840133067e-08,3.5236871795011607e-08,3.5236815190614756e-08,3.5236758588369264e-08,3.523670198816997e-08,3.5236645390004306e-08,3.5236588793912104e-08,3.52365321998658e-08,3.523647560773339e-08,3.5236419017776684e-08,3.523636242984107e-08,3.523630584383717e-08,3.52362492600053e-08,3.523619267820693e-08,3.5236136098334975e-08,3.523607952051818e-08,3.5236022944695706e-08,3.5235966371002285e-08,3.523590979944054e-08,3.523585322993073e-08,3.523579666234702e-08,3.523574009690889e-08,3.52356835334591e-08,3.523562697214312e-08,3.523557041273248e-08,3.523551385547144e-08,3.523545730025305e-08,3.5235400747072934e-08,3.5235344195944166e-08,3.523528764685385e-08,3.5235231099809136e-08,3.5235174554710826e-08,3.523511801174529e-08,3.523506147072128e-08,3.5235004931707514e-08,3.5234948394784985e-08,3.523489186004006e-08,3.523483532731581e-08,3.5234778796642374e-08,3.5234722268005494e-08,3.5234665741296494e-08,3.523460921674338e-08,3.523455269424327e-08,3.5234496173650386e-08,3.523443965522771e-08,3.523438313885784e-08,3.523432662451923e-08,3.523427011219566e-08,3.5234213601830615e-08,3.523415709359475e-08,3.523410058742727e-08,3.523404408325912e-08,3.523398758117343e-08,3.523393108114096e-08,3.523387458315212e-08,3.523381808719319e-08,3.5233761593181444e-08,3.5233705101324515e-08,3.523364861145248e-08,3.5233592123648e-08,3.523353563779812e-08,3.5233479153985374e-08,3.523342267221985e-08,3.523336619248493e-08,3.52333097149242e-08,3.523325323939402e-08,3.5233196765788516e-08,3.5233140294337114e-08,3.523308382482394e-08,3.5233027357351826e-08,3.523297089207306e-08,3.523291442878495e-08,3.523285796753175e-08,3.523280150833825e-08,3.5232745051180063e-08,3.5232688595924685e-08,3.5232632142857987e-08,3.523257569180617e-08,3.523251924271164e-08,3.523246279578627e-08,3.5232406350883535e-08,3.523234990789477e-08,3.523229346729274e-08,3.5232237028397964e-08,3.523218059155637e-08,3.523212415686688e-08,3.5232067724232995e-08,3.523201129347474e-08,3.523195486474056e-08,3.5231898438256125e-08,3.523184201358603e-08,3.5231785591127825e-08,3.523172917079702e-08,3.523167275243816e-08,3.523161633609554e-08,3.523155992179279e-08,3.5231503509519975e-08,3.5231447099287746e-08,3.5231390691013136e-08,3.5231334284922614e-08,3.523127788071781e-08,3.5231221478664844e-08,3.523116507866269e-08,3.523110868069637e-08,3.5231052284624924e-08,3.5230995890746684e-08,3.5230939498764515e-08,3.523088310883631e-08,3.523082672107548e-08,3.5230770335227926e-08,3.523071395152949e-08,3.523065756989567e-08,3.5230601190288375e-08,3.523054481263088e-08,3.5230488437114187e-08,3.5230432063521665e-08,3.5230375692066737e-08,3.52303193225417e-08,3.523026295505077e-08,3.523020658956788e-08,3.5230150226164997e-08,3.523009386478823e-08,3.523003750543299e-08,3.52299811482704e-08,3.522992479300744e-08,3.5229868439809446e-08,3.522981208861877e-08,3.52297557395945e-08,3.522969939253634e-08,3.522964304759139e-08,3.522958670457795e-08,3.522953036370477e-08,3.522947402476916e-08,3.522941768797989e-08,3.522936135311229e-08,3.5229305020415226e-08,3.5229248689621235e-08,3.522919236087558e-08,3.522913603427928e-08,3.5229079709750796e-08,3.522902338711121e-08,3.522896706652571e-08,3.5228910747975305e-08,3.5228854431585505e-08,3.522879811721009e-08,3.5228741804736963e-08,3.5228685494292905e-08,3.522862918593026e-08,3.522857287973049e-08,3.5228516575550545e-08,3.5228460273442575e-08,3.522840397318322e-08,3.5228347675122526e-08,3.5228291379087153e-08,3.5228235084991116e-08,3.522817879290609e-08,3.5228122502871386e-08,3.5228066214892236e-08,3.5228009929032925e-08,3.5227953645228484e-08,3.522789736347901e-08,3.522784108376376e-08,3.5227784806088764e-08,3.5227728530444545e-08,3.5227672256825006e-08,3.522761598527716e-08,3.522755971573154e-08,3.52275034480861e-08,3.522744718251664e-08,3.522739091895002e-08,3.522733465760407e-08,3.522727839827625e-08,3.522722214080453e-08,3.5227165885540215e-08,3.522710963226836e-08,3.522705338105811e-08,3.5226997131887256e-08,3.522694088476274e-08,3.522688463965393e-08,3.522682839646837e-08,3.5226772155338645e-08,3.522671591620455e-08,3.5226659679243915e-08,3.5226603444331505e-08,3.522654721145689e-08,3.522649098049508e-08,3.522643475169537e-08,3.5226378524932385e-08,3.522632230007508e-08,3.522626607738357e-08,3.522620985672674e-08,3.522615363798578e-08,3.5226097421360565e-08,3.522604120667028e-08,3.52259849940242e-08,3.522592878354602e-08,3.522587257508472e-08,3.5225816368543514e-08,3.52257601641562e-08,3.522570396179195e-08,3.522564776137979e-08,3.522559156330103e-08,3.522553536705218e-08,3.5225479172774455e-08,3.522542298060193e-08,3.522536679032662e-08,3.522531060221496e-08,3.5225254416140095e-08,3.5225198232093555e-08,3.522514204998877e-08,3.5225085870006496e-08,3.52250296920706e-08,3.522497351608824e-08,3.5224917342254875e-08,3.5224861170324824e-08,3.5224805000522765e-08,3.5224748832658115e-08,3.5224692666929537e-08,3.522463650312899e-08,3.522458034136525e-08,3.5224524181797325e-08,3.522446802421709e-08,3.5224411868675996e-08,3.5224355715035345e-08,3.5224299563544285e-08,3.5224243414081817e-08,3.5224187266656634e-08,3.522413112111063e-08,3.52240749776377e-08,3.522401883631704e-08,3.5223962696917764e-08,3.522390655955774e-08,3.52238504243587e-08,3.522379429119324e-08,3.522373815992319e-08,3.522368203068322e-08,3.522362590350366e-08,3.522356977831075e-08,3.522351365529129e-08,3.522345753432223e-08,3.522340141522951e-08,3.5223345298343815e-08,3.52232891834748e-08,3.522323307063783e-08,3.522317695970865e-08,3.522312085082331e-08,3.522306474404847e-08,3.522300863934324e-08,3.5222952536652343e-08,3.5222896435995185e-08,3.5222840337376484e-08,3.522278424064063e-08,3.5222728146088146e-08,3.522267205354228e-08,3.522261596290218e-08,3.522255987437843e-08,3.5222503787957714e-08,3.522244770355519e-08,3.5222391621093524e-08,3.522233554076429e-08,3.5222279462359494e-08,3.522222338610849e-08,3.5222167311871125e-08,3.5222111239570856e-08,3.52220551694095e-08,3.5221999101286326e-08,3.522194303517703e-08,3.522188697110039e-08,3.522183090895693e-08,3.5221774848947735e-08,3.5221718790997276e-08,3.522166273495034e-08,3.5221606680928366e-08,3.522155062904633e-08,3.522149457920737e-08,3.522143853125965e-08,3.5221382485463015e-08,3.5221326441721355e-08,3.52212704000001e-08,3.522121436031717e-08,3.5221158322665686e-08,3.52211022869207e-08,3.522104625321375e-08,3.522099022168957e-08,3.522093419204265e-08,3.522087816450971e-08,3.52208221390304e-08,3.5220766115568646e-08,3.5220710094153954e-08,3.522065407475819e-08,3.522059805730661e-08,3.522054204199308e-08,3.522048602870598e-08,3.5220430017447044e-08,3.5220374008218027e-08,3.5220318000895806e-08,3.5220261995723626e-08,3.522020599250398e-08,3.5220149991285224e-08,3.522009399220403e-08,3.522003799503293e-08,3.521998199999883e-08,3.5219926007000744e-08,3.521987001592787e-08,3.5219814027000506e-08,3.521975803997527e-08,3.5219702055113844e-08,3.521964607228792e-08,3.521959009152856e-08,3.521953411273893e-08,3.5219478135822745e-08,3.521942216114475e-08,3.5219366188478876e-08,3.521931021770933e-08,3.5219254248956053e-08,3.521919828224263e-08,3.52191423175102e-08,3.52190863549379e-08,3.521903039431716e-08,3.5218974435697434e-08,3.5218918479139115e-08,3.5218862524718417e-08,3.521880657230244e-08,3.521875062191587e-08,3.521869467345336e-08,3.521863872714826e-08,3.521858278287223e-08,3.5218526840515625e-08,3.521847090031424e-08,3.521841496198521e-08,3.521835902568818e-08,3.5218303091537076e-08,3.521824715941447e-08,3.5218191229203346e-08,3.521813530114067e-08,3.521807937499012e-08,3.521802345100407e-08,3.5217967528891036e-08,3.5217911608985865e-08,3.521785569106751e-08,3.521779977504955e-08,3.521774386107877e-08,3.5217687949232555e-08,3.521763203941715e-08,3.521757613164855e-08,3.521752022577473e-08,3.5217464321913356e-08,3.5217408420095177e-08,3.521735252043765e-08,3.5217296622791243e-08,3.521724072716781e-08,3.5217184833475936e-08,3.521712894192798e-08,3.5217073052391e-08,3.521701716486312e-08,3.5216961279401574e-08,3.5216905395796516e-08,3.521684951424321e-08,3.521679363473037e-08,3.521673775735987e-08,3.521668188201284e-08,3.5216626008642856e-08,3.521657013728873e-08,3.521651426838954e-08,3.521645840116117e-08,3.521640253594211e-08,3.5216346672624986e-08,3.5216290811467174e-08,3.521623495235294e-08,3.521617909509637e-08,3.521612323991657e-08,3.5216067386824675e-08,3.521601153579778e-08,3.521595568681512e-08,3.521589983984084e-08,3.521584399494376e-08,3.521578815205347e-08,3.52157323110521e-08,3.5215676472161276e-08,3.521562063521647e-08,3.521556480044754e-08,3.5215508967541706e-08,3.521545313666053e-08,3.5215397307759143e-08,3.521534148094352e-08,3.521528565630165e-08,3.521522983365025e-08,3.521517401291206e-08,3.521511819430758e-08,3.521506237781925e-08,3.5215006563151274e-08,3.521495075059364e-08,3.521489493991419e-08,3.5214839131310554e-08,3.521478332485343e-08,3.521472752043616e-08,3.5214671718028664e-08,3.521461591751125e-08,3.521456011913587e-08,3.521450432281976e-08,3.5214448528460286e-08,3.5214392736176464e-08,3.521433694589209e-08,3.521428115765795e-08,3.5214225371448156e-08,3.5214169587160616e-08,3.5214113805047456e-08,3.521405802491967e-08,3.521400224671219e-08,3.521394647062591e-08,3.521389069638539e-08,3.5213834924349413e-08,3.5213779154342425e-08,3.5213723386353765e-08,3.52136676203839e-08,3.521361185631764e-08,3.521355609440176e-08,3.521350033451566e-08,3.5213444576606186e-08,3.521338882077533e-08,3.5213333066950876e-08,3.5213277315134914e-08,3.521322156536803e-08,3.5213165817640244e-08,3.521311007194791e-08,3.521305432813864e-08,3.5212998586449175e-08,3.521294284667789e-08,3.521288710906457e-08,3.521283137347395e-08,3.521277563989066e-08,3.521271990830862e-08,3.521266417865692e-08,3.521260845115068e-08,3.521255272569401e-08,3.5212497002251805e-08,3.521244128079591e-08,3.521238556138237e-08,3.521232984398461e-08,3.5212274128553184e-08,3.521221841519458e-08,3.521216270388199e-08,3.521210699446857e-08,3.521205128719143e-08,3.521199558193305e-08,3.5211939878743884e-08,3.521188417754651e-08,3.521182847824075e-08,3.521177278100828e-08,3.521171708587773e-08,3.521166139264612e-08,3.521160570157539e-08,3.5211550012513165e-08,3.521149432535274e-08,3.521143864031737e-08,3.5211382957310026e-08,3.521132727631643e-08,3.521127159734592e-08,3.521121592057874e-08,3.521116024556941e-08,3.521110457256579e-08,3.5211048901700816e-08,3.521099323283837e-08,3.521093756600824e-08,3.521088190119672e-08,3.521082623843376e-08,3.521077057769189e-08,3.5210714918963016e-08,3.521065926213871e-08,3.5210603607423763e-08,3.521054795473652e-08,3.5210492304089904e-08,3.5210436655461936e-08,3.521038100883785e-08,3.52103253641344e-08,3.521026972155269e-08,3.5210214080891975e-08,3.521015844235173e-08,3.521010280585098e-08,3.521004717135771e-08,3.5209991538897756e-08,3.520993590833413e-08,3.5209880279881295e-08,3.520982465339011e-08,3.5209769029029935e-08,3.520971340654845e-08,3.520965778619598e-08,3.520960216784398e-08,3.520954655154211e-08,3.520949093722967e-08,3.520943532484272e-08,3.520937971449556e-08,3.520932410631907e-08,3.520926849999382e-08,3.520921289579986e-08,3.5209157293533764e-08,3.520910169336557e-08,3.520904609525076e-08,3.52089904991349e-08,3.520893490506235e-08,3.5208879312895975e-08,3.520882372273257e-08,3.5208768134709413e-08,3.5208712548672595e-08,3.520865696468505e-08,3.520860138272029e-08,3.520854580273622e-08,3.52084902248104e-08,3.520843464893098e-08,3.5208379075006295e-08,3.52083235031643e-08,3.52082679333117e-08,3.520821236550943e-08,3.52081567996904e-08,3.520810123578747e-08,3.520804567400959e-08,3.520799011424578e-08,3.5207934556385945e-08,3.5207879000558755e-08,3.5207823446856863e-08,3.5207767895151005e-08,3.5207712345369724e-08,3.5207656797617074e-08,3.5207601251926745e-08,3.520754570832389e-08,3.520749016674437e-08,3.520743462709129e-08,3.520737908955611e-08,3.520732355404256e-08,3.520726802055897e-08,3.520721248895225e-08,3.5207156959506325e-08,3.520710143204575e-08,3.520704590656947e-08,3.520699038303888e-08,3.520693486164199e-08,3.520687934215552e-08,3.5206823824682956e-08,3.520676830933981e-08,3.520671279591493e-08,3.520665728453174e-08,3.5206601775173254e-08,3.520654626788961e-08,3.5206490762624964e-08,3.520643525926992e-08,3.520637975805981e-08,3.5206324258741733e-08,3.520626876144807e-08,3.52062132662697e-08,3.5206157773128196e-08,3.5206102281963534e-08,3.520604679273226e-08,3.520599130564195e-08,3.5205935820478776e-08,3.5205880337401406e-08,3.5205824856334e-08,3.520576937732847e-08,3.5205713900295096e-08,3.5205658425322574e-08,3.52056029522234e-08,3.520554748115434e-08,3.520549201221665e-08,3.520543654529178e-08,3.5205381080439604e-08,3.520532561754622e-08,3.520527015656734e-08,3.520521469757716e-08,3.520515924060597e-08,3.520510378577318e-08,3.520504833298325e-08,3.520499288219409e-08,3.520493743342091e-08,3.520488198654968e-08,3.5204826541826437e-08,3.520477109916616e-08,3.520471565843844e-08,3.520466021973996e-08,3.5204604783047016e-08,3.520454934841604e-08,3.5204493915753495e-08,3.520443848507861e-08,3.5204383056448885e-08,3.5204327629835e-08,3.52042722052596e-08,3.5204216782693646e-08,3.520416136214343e-08,3.5204105943482596e-08,3.5204050526843023e-08,3.520399511232215e-08,3.520393969982374e-08,3.520388428922142e-08,3.5203828880628875e-08,3.520377347417528e-08,3.520371806961584e-08,3.520366266716484e-08,3.5203607266766825e-08,3.5203551868338805e-08,3.520349647185521e-08,3.5203441077484906e-08,3.520338568502789e-08,3.520333029470509e-08,3.520327490633508e-08,3.5203219520003454e-08,3.5203164135637656e-08,3.52031087534163e-08,3.5203053373147436e-08,3.520299799489472e-08,3.520294261855532e-08,3.5202887244234216e-08,3.5202831872024333e-08,3.52027765017237e-08,3.520272113343312e-08,3.5202665767273324e-08,3.520261040298901e-08,3.5202555040867085e-08,3.520249968073203e-08,3.520244432265373e-08,3.5202388966574374e-08,3.5202333612483314e-08,3.520227826049016e-08,3.520222291031274e-08,3.520216756228822e-08,3.520211221628045e-08,3.520205687224598e-08,3.520200153029801e-08,3.520194619021229e-08,3.520189085221962e-08,3.5201835516148576e-08,3.5201780182077834e-08,3.5201724850038417e-08,3.5201669519968536e-08,3.52016141919517e-08,3.5201558866057365e-08,3.520150354206433e-08,3.520144822020579e-08,3.5201392900226244e-08,3.520133758234622e-08,3.520128226651708e-08,3.520122695270975e-08,3.5201171640923583e-08,3.520111633111321e-08,3.52010610232225e-08,3.5201005717450357e-08,3.5200950413674145e-08,3.520089511181222e-08,3.520083981209122e-08,3.520078451439642e-08,3.520072921872156e-08,3.5200673925023536e-08,3.520061863323941e-08,3.5200563343565446e-08,3.5200508055927985e-08,3.520045277030313e-08,3.52003974865602e-08,3.520034220494163e-08,3.5200286925356505e-08,3.5200231647762856e-08,3.520017637221103e-08,3.5200121098658116e-08,3.520006582698512e-08,3.520001055745608e-08,3.5199955289900884e-08,3.519990002436222e-08,3.519984476074473e-08,3.519978949922566e-08,3.519973423963541e-08,3.519967898215845e-08,3.5199623726709806e-08,3.5199568473250376e-08,3.519951322183862e-08,3.5199457972406966e-08,3.5199402724986225e-08,3.519934747957368e-08,3.519929223620075e-08,3.519923699469118e-08,3.519918175533218e-08,3.519912651798418e-08,3.5199071282628507e-08,3.519901604931549e-08,3.519896081801545e-08,3.5198905588672495e-08,3.519885036137828e-08,3.519879513602282e-08,3.519873991273208e-08,3.519868469145193e-08,3.5198629472199124e-08,3.519857425494061e-08,3.519851903974019e-08,3.5198463826479786e-08,3.5198408615128104e-08,3.519835340588826e-08,3.5198298198674884e-08,3.519824299348972e-08,3.5198187790187056e-08,3.519813258902677e-08,3.519807738984223e-08,3.519802219269022e-08,3.5197966997553214e-08,3.5197911804408605e-08,3.5197856613287286e-08,3.51978014240267e-08,3.519774623683094e-08,3.519769105162927e-08,3.5197635868566955e-08,3.519758068737845e-08,3.519752550830816e-08,3.5197470331263414e-08,3.519741515618881e-08,3.5197359983053024e-08,3.5197304812027886e-08,3.519724964300325e-08,3.519719447598776e-08,3.519713931098161e-08,3.51970841478802e-08,3.519702898689166e-08,3.5196973827911545e-08,3.519691867093335e-08,3.5196863515954344e-08,3.5196808362902014e-08,3.519675321186128e-08,3.519669806282473e-08,3.519664291589795e-08,3.5196587770979717e-08,3.519653262807296e-08,3.519647748720302e-08,3.519642234831535e-08,3.519636721132964e-08,3.5196312076480206e-08,3.5196256943644495e-08,3.51962018127066e-08,3.5196146683717656e-08,3.5196091556891776e-08,3.5196036432063094e-08,3.51959813092532e-08,3.519592618845462e-08,3.519587106969847e-08,3.5195815952772845e-08,3.5195760837922766e-08,3.5195705725080977e-08,3.5195650614206924e-08,3.5195595505467037e-08,3.51955403987075e-08,3.519548529378901e-08,3.5195430191050336e-08,3.519537509032544e-08,3.519531999157022e-08,3.519526489484266e-08,3.519520980002166e-08,3.519515470732625e-08,3.5195099616638166e-08,3.519504452795703e-08,3.519498944132705e-08,3.5194934356659744e-08,3.5194879273964736e-08,3.519482419329336e-08,3.5194769114502305e-08,3.519471403774189e-08,3.519465896310996e-08,3.519460389048435e-08,3.5194548819865636e-08,3.5194493751229774e-08,3.5194438684587306e-08,3.51943836199526e-08,3.519432855737052e-08,3.51942734967739e-08,3.519421843818771e-08,3.5194163381617704e-08,3.519410832692639e-08,3.519405327422391e-08,3.5193998223549653e-08,3.5193943174834247e-08,3.519388812828421e-08,3.519383308373404e-08,3.519377804120376e-08,3.519372300069444e-08,3.5193667962155756e-08,3.5193612925517914e-08,3.5193557891002836e-08,3.519350285838271e-08,3.5193447827767146e-08,3.5193392799150647e-08,3.519333777254619e-08,3.519328274807774e-08,3.519322772548257e-08,3.519317270499794e-08,3.519311768652052e-08,3.519306266995155e-08,3.519300765548985e-08,3.5192952642925695e-08,3.5192897632349594e-08,3.519284262378052e-08,3.519278761733375e-08,3.519273261289713e-08,3.5192677610508753e-08,3.519262261006158e-08,3.519256761154007e-08,3.519251261501651e-08,3.51924576206038e-08,3.519240262819357e-08,3.519234763767432e-08,3.519229264925342e-08,3.519223766275006e-08,3.519218267824626e-08,3.519212769573254e-08,3.519207271536353e-08,3.519201773692006e-08,3.5191962760559264e-08,3.519190778624045e-08,3.51918528138661e-08,3.519179784339927e-08,3.519174287505588e-08,3.5191687908693245e-08,3.5191632944229174e-08,3.519157798176932e-08,3.519152302131322e-08,3.5191468062972464e-08,3.5191413106570803e-08,3.5191358152237505e-08,3.519130319992531e-08,3.5191248249536615e-08,3.519119330123083e-08,3.519113835491198e-08,3.519108341050178e-08,3.51910284680258e-08,3.519097352771767e-08,3.519091858943043e-08,3.5190863653129927e-08,3.51908087188489e-08,3.519075378652504e-08,3.519069885612942e-08,3.5190643927840806e-08,3.5190589001444196e-08,3.519053407713861e-08,3.519047915486509e-08,3.519042423460616e-08,3.5190369316374927e-08,3.519031440010871e-08,3.5190259485840674e-08,3.5190204573591453e-08,3.5190149663208544e-08,3.519009475492472e-08,3.519003984866714e-08,3.518998494431155e-08,3.518993004205889e-08,3.518987514174182e-08,3.5189820243388566e-08,3.518976534703046e-08,3.5189710452847385e-08,3.5189655560629686e-08,3.518960067042356e-08,3.518954578208682e-08,3.518949089583395e-08,3.518943601150339e-08,3.5189381129274066e-08,3.518932624904957e-08,3.5189271370706036e-08,3.518921649436987e-08,3.5189161620177255e-08,3.51891067479367e-08,3.5189051877726746e-08,3.518899700937474e-08,3.51889421431753e-08,3.518888727898346e-08,3.518883241681981e-08,3.518877755648373e-08,3.518872269830396e-08,3.5188667842094025e-08,3.518861298786741e-08,3.518855813555272e-08,3.5188503285246314e-08,3.51884484370348e-08,3.5188393590847554e-08,3.5188338746542334e-08,3.5188283904357905e-08,3.5188229064057006e-08,3.518817422587053e-08,3.518811938967271e-08,3.518806455550602e-08,3.51880097232051e-08,3.518795489296243e-08,3.5187900064660945e-08,3.51878452384429e-08,3.518779041426461e-08,3.5187735591963926e-08,3.5187680771688627e-08,3.518762595352607e-08,3.518757113724192e-08,3.518751632293931e-08,3.518746151076224e-08,3.518740670045752e-08,3.5187351892280745e-08,3.51872970861203e-08,3.5187242281821845e-08,3.518718747951312e-08,3.518713267934537e-08,3.5187077881158466e-08,3.518702308497045e-08,3.5186968290777986e-08,3.5186913498583284e-08,3.5186858708420363e-08,3.518680392012149e-08,3.518674913378756e-08,3.518669434958078e-08,3.518663956729007e-08,3.518658478712514e-08,3.518653000892693e-08,3.518647523272419e-08,3.5186420458557886e-08,3.518636568636463e-08,3.518631091616186e-08,3.518625614793039e-08,3.518620138170522e-08,3.518614661750081e-08,3.518609185518422e-08,3.518603709497322e-08,3.518598233666712e-08,3.5185927580460186e-08,3.5185872826088536e-08,3.518581807388248e-08,3.518576332367774e-08,3.518570857546353e-08,3.518565382925477e-08,3.518559908504259e-08,3.51855443427274e-08,3.518548960251274e-08,3.5185434864290734e-08,3.518538012809964e-08,3.5185325393877905e-08,3.5185270661545504e-08,3.518521593128592e-08,3.518516120295947e-08,3.518510647664911e-08,3.5185051752392434e-08,3.518499703017563e-08,3.5184942309968506e-08,3.518488759162282e-08,3.518483287531068e-08,3.518477816095743e-08,3.5184723448608886e-08,3.5184668738364265e-08,3.5184614030111e-08,3.518455932387539e-08,3.5184504619519356e-08,3.518444991715299e-08,3.518439521675351e-08,3.5184340518489826e-08,3.518428582211338e-08,3.518423112782198e-08,3.518417643556536e-08,3.5184121745307786e-08,3.518406705704501e-08,3.5184012370742685e-08,3.518395768644264e-08,3.51839030040525e-08,3.518384832362618e-08,3.518379364540305e-08,3.518373896910145e-08,3.518368429469803e-08,3.518362962237024e-08,3.5183574951957005e-08,3.518352028366154e-08,3.518346561734562e-08,3.5183410952925515e-08,3.518335629061964e-08,3.51833016303102e-08,3.518324697187923e-08,3.5183192315553475e-08,3.5183137661232186e-08,3.518308300890776e-08,3.5183028358562083e-08,3.5182973710228755e-08,3.518291906381611e-08,3.5182864419441935e-08,3.518280977706336e-08,3.51827551367081e-08,3.518270049835844e-08,3.518264586199022e-08,3.51825912276352e-08,3.518253659515925e-08,3.51824819647885e-08,3.518242733641405e-08,3.5182372709915846e-08,3.518231808551502e-08,3.5182263463126664e-08,3.51822088427178e-08,3.5182154224170565e-08,3.5182099607759314e-08,3.5182044993350475e-08,3.518199038092559e-08,3.518193577049181e-08,3.518188116206517e-08,3.518182655566469e-08,3.518177195109096e-08,3.5181717348619084e-08,3.518166274815986e-08,3.518160814969447e-08,3.518155355326809e-08,3.518149895881078e-08,3.518144436631302e-08,3.5181389775729255e-08,3.5181335187117215e-08,3.518128060062612e-08,3.518122601612484e-08,3.518117143359808e-08,3.5181116853140935e-08,3.518106227462701e-08,3.518100769804252e-08,3.518095312348263e-08,3.518089855084146e-08,3.518084398028853e-08,3.5180789411740106e-08,3.518073484507548e-08,3.518068028051929e-08,3.518062571784163e-08,3.518057115716051e-08,3.5180516598485774e-08,3.518046204190053e-08,3.518040748732949e-08,3.5180352934717005e-08,3.518029838413032e-08,3.5180243835570576e-08,3.5180189288970616e-08,3.5180134744432036e-08,3.518008020183486e-08,3.5180025661214425e-08,3.517997112246413e-08,3.5179916585836145e-08,3.5179862051173393e-08,3.5179807518525965e-08,3.517975298773594e-08,3.5179698459044746e-08,3.517964393238023e-08,3.517958940770562e-08,3.517953488502328e-08,3.5179480364349615e-08,3.517942584553066e-08,3.5179371328686115e-08,3.517931681400944e-08,3.5179262301173534e-08,3.517920779042275e-08,3.517915328171437e-08,3.517909877486969e-08,3.51790442699851e-08,3.51789897671567e-08,3.517893526628286e-08,3.517888076749568e-08,3.5178826270757295e-08,3.517877177593834e-08,3.5178717283123634e-08,3.5178662792298206e-08,3.5178608303399434e-08,3.517855381656357e-08,3.517849933171978e-08,3.517844484886768e-08,3.5178390367889707e-08,3.517833588901861e-08,3.51782814121389e-08,3.517822693715408e-08,3.517817246428108e-08,3.5178117993373526e-08,3.517806352445786e-08,3.5178009057481765e-08,3.517795459256138e-08,3.517790012952596e-08,3.517784566865157e-08,3.517779120970055e-08,3.517773675275564e-08,3.517768229767285e-08,3.5177627844701604e-08,3.517757339360785e-08,3.517751894450743e-08,3.517746449738513e-08,3.5177410052317674e-08,3.517735560916884e-08,3.517730116811909e-08,3.51772467290194e-08,3.517719229196637e-08,3.517713785693611e-08,3.517708342388164e-08,3.5177028992817654e-08,3.517697456376153e-08,3.517692013666755e-08,3.517686571153889e-08,3.517681128830469e-08,3.5176756867048646e-08,3.517670244782194e-08,3.51766480306773e-08,3.5176593615570584e-08,3.517653920230507e-08,3.5176484791158464e-08,3.517643038197086e-08,3.5176375974735255e-08,3.5176321569521114e-08,3.517626716619701e-08,3.517621276494652e-08,3.517615836570768e-08,3.5176103968453254e-08,3.5176049573188515e-08,3.517599517993648e-08,3.517594078863793e-08,3.5175886399353946e-08,3.5175832012052746e-08,3.517577762675895e-08,3.5175723243462843e-08,3.517566886201702e-08,3.517561448257467e-08,3.5175560105127974e-08,3.517550572976307e-08,3.5175451356344184e-08,3.5175396984952155e-08,3.5175342615554194e-08,3.5175288248039756e-08,3.517523388261981e-08,3.517517951905974e-08,3.5175125157649824e-08,3.5175070798261146e-08,3.5175016440652626e-08,3.517496208517662e-08,3.5174907731592795e-08,3.5174853380086876e-08,3.5174799030501135e-08,3.517474468285914e-08,3.517469033732265e-08,3.517463599363965e-08,3.517458165208871e-08,3.5174527312526915e-08,3.51744729749467e-08,3.517441863937122e-08,3.517436430580726e-08,3.517430997419232e-08,3.517425564446536e-08,3.5174201316828746e-08,3.517414699107102e-08,3.517409266741385e-08,3.517403834573666e-08,3.517398402605806e-08,3.5173929708362525e-08,3.5173875392528817e-08,3.517382107870373e-08,3.5173766766895504e-08,3.517371245704402e-08,3.517365814928058e-08,3.517360384350518e-08,3.517354953971716e-08,3.517349523793381e-08,3.5173440938102086e-08,3.517338664017366e-08,3.51733323443517e-08,3.517327805050007e-08,3.517322375861462e-08,3.517316946873612e-08,3.5173115180858144e-08,3.517306089486117e-08,3.5173006610906005e-08,3.5172952328865887e-08,3.5172898048946905e-08,3.517284377100761e-08,3.5172789495013184e-08,3.5172735221061244e-08,3.517268094895864e-08,3.517262667883175e-08,3.517257241080536e-08,3.5172518144881484e-08,3.5172463880807523e-08,3.517240961876532e-08,3.517235535873526e-08,3.5172301100642727e-08,3.5172246844437014e-08,3.517219259037296e-08,3.517213833821839e-08,3.5172084088086416e-08,3.5172029839933234e-08,3.5171975593752633e-08,3.5171921349568595e-08,3.5171867107260225e-08,3.5171812867092354e-08,3.517175862883082e-08,3.517170439249514e-08,3.517165015823325e-08,3.517159592593595e-08,3.517154169565395e-08,3.5171487467161584e-08,3.5171433240747e-08,3.517137901652448e-08,3.517132479418414e-08,3.517127057382715e-08,3.5171216355509e-08,3.517116213913167e-08,3.517110792462889e-08,3.517105371219127e-08,3.517099950175283e-08,3.517094529317791e-08,3.517089108661325e-08,3.517083688213455e-08,3.517078267963558e-08,3.517072847913823e-08,3.51706742805066e-08,3.517062008399106e-08,3.517056588943086e-08,3.5170511696893225e-08,3.517045750625324e-08,3.517040331769429e-08,3.517034913110405e-08,3.5170294946419185e-08,3.517024076376556e-08,3.5170186583028404e-08,3.517013240436646e-08,3.517007822769639e-08,3.517002405298021e-08,3.516996988018237e-08,3.516991570945045e-08,3.5169861540575006e-08,3.5169807373767686e-08,3.516975320899075e-08,3.5169699045993065e-08,3.516964488514419e-08,3.516959072631534e-08,3.516953656934954e-08,3.5169482414375026e-08,3.516942826144307e-08,3.5169374110416034e-08,3.516931996149303e-08,3.5169265814439474e-08,3.516921166949752e-08,3.516915752647017e-08,3.516910338547477e-08,3.516904924648084e-08,3.516899510945268e-08,3.5168940974412994e-08,3.516888684136766e-08,3.51688327102888e-08,3.516877858109999e-08,3.5168724453972946e-08,3.5168670328812244e-08,3.516861620563349e-08,3.516856208447383e-08,3.5168507965218317e-08,3.5168453848000527e-08,3.516839973278355e-08,3.5168345619528555e-08,3.516829150827176e-08,3.516823739900234e-08,3.5168183291611464e-08,3.516812918635577e-08,3.516807508292571e-08,3.516802098156104e-08,3.5167966882209865e-08,3.516791278481414e-08,3.516785868930851e-08,3.5167804595907284e-08,3.516775050436176e-08,3.516769641492407e-08,3.516764232751346e-08,3.516758824202289e-08,3.516753415853541e-08,3.5167480076910824e-08,3.516742599737219e-08,3.516737191981524e-08,3.516731784424539e-08,3.516726377055802e-08,3.516720969894575e-08,3.516715562921392e-08,3.516710156157058e-08,3.516704749590248e-08,3.516699343221159e-08,3.516693937050632e-08,3.5166885310790814e-08,3.516683125294684e-08,3.5166777197077606e-08,3.5166723143296634e-08,3.5166669091502385e-08,3.5166615041688334e-08,3.516656099383251e-08,3.516650694799066e-08,3.516645290410752e-08,3.516639886222234e-08,3.5166344822302374e-08,3.516629078427955e-08,3.516623674831964e-08,3.51661827143465e-08,3.516612868229128e-08,3.51660746523101e-08,3.516602062428742e-08,3.516596659825229e-08,3.516591257418626e-08,3.5165858551948e-08,3.5165804531854346e-08,3.516575051370828e-08,3.516569649757497e-08,3.5165642483342745e-08,3.516558847112033e-08,3.516553446091913e-08,3.516548045270653e-08,3.516542644644349e-08,3.516537244217278e-08,3.516531843979194e-08,3.5165264439495825e-08,3.5165210441034946e-08,3.516515644474762e-08,3.5165102450277246e-08,3.516504845812249e-08,3.516499446770442e-08,3.516494047915023e-08,3.516488649272503e-08,3.516483250828002e-08,3.5164778525764375e-08,3.516472454514375e-08,3.5164670566601996e-08,3.516461659004875e-08,3.51645626154683e-08,3.516450864287966e-08,3.516445467225726e-08,3.516440070350359e-08,3.516434673687067e-08,3.516429277230814e-08,3.5164238809602435e-08,3.516418484887479e-08,3.5164130890110354e-08,3.5164076933217717e-08,3.516402297848637e-08,3.516396902556977e-08,3.516391507472226e-08,3.516386112585415e-08,3.516380717901131e-08,3.516375323411132e-08,3.5163699291206906e-08,3.516364535005185e-08,3.516359141107321e-08,3.5163537473967726e-08,3.516348353897526e-08,3.5163429605938786e-08,3.5163375674906163e-08,3.516332174584818e-08,3.5163267818767905e-08,3.516321389358553e-08,3.516315997031518e-08,3.516310604915622e-08,3.5163052129855715e-08,3.516299821253476e-08,3.5162944297303724e-08,3.5162890383977816e-08,3.516283647270398e-08,3.5162782563467114e-08,3.5162728656145465e-08,3.5162674750696466e-08,3.516262084733986e-08,3.51625669458508e-08,3.5162513046339494e-08,3.5162459148906643e-08,3.516240525337842e-08,3.5162351359910265e-08,3.51622974682848e-08,3.51622435787613e-08,3.516218969123249e-08,3.516213580567555e-08,3.516208192207836e-08,3.51620280404351e-08,3.5161974160824305e-08,3.51619202831511e-08,3.5161866407457475e-08,3.516181253369836e-08,3.516175866186731e-08,3.516170479211825e-08,3.516165092437045e-08,3.516159705845944e-08,3.516154319462709e-08,3.516148933277125e-08,3.5161435472792036e-08,3.516138161479517e-08,3.5161327758886015e-08,3.516127390481818e-08,3.516122005285876e-08,3.516116620287361e-08,3.516111235482745e-08,3.5161058508815734e-08,3.516100466475947e-08,3.5160950822678524e-08,3.516089698247049e-08,3.5160843144225146e-08,3.5160789308071536e-08,3.516073547387578e-08,3.5160681641561634e-08,3.516062781131807e-08,3.5160573983070104e-08,3.51605201567274e-08,3.516046633242702e-08,3.516041251007838e-08,3.5160358689718786e-08,3.516030487135929e-08,3.5160251054847034e-08,3.5160197240422174e-08,3.516014342790169e-08,3.5160089617392155e-08,3.516003580889141e-08,3.5159982002245146e-08,3.515992819755048e-08,3.5159874394783294e-08,3.515982059411826e-08,3.515976679537086e-08,3.5159712998710025e-08,3.515965920402267e-08,3.5159605411319446e-08,3.51595516205897e-08,3.515949783173696e-08,3.5159444044902785e-08,3.5159390259975113e-08,3.515933647712881e-08,3.515928269627163e-08,3.515922891727848e-08,3.5159175140249734e-08,3.515912136519914e-08,3.515906759223721e-08,3.515901382125005e-08,3.515896005222905e-08,3.5158906285132804e-08,3.5158852520066864e-08,3.515879875697442e-08,3.51587449958196e-08,3.5158691236665884e-08,3.515863747937675e-08,3.515858372418205e-08,3.515852997096327e-08,3.515847621961147e-08,3.515842247034029e-08,3.515836872299282e-08,3.515831497764494e-08,3.5158261234181115e-08,3.515820749268209e-08,3.515815375314494e-08,3.515810001568964e-08,3.5158046280212294e-08,3.515799254671353e-08,3.515793881517842e-08,3.5157885085575814e-08,3.5157831357985034e-08,3.515777763230394e-08,3.515772390863872e-08,3.515767018696611e-08,3.515761646722667e-08,3.5157562749545817e-08,3.515750903379031e-08,3.515745532001683e-08,3.51574016081163e-08,3.5157347898278536e-08,3.515729419041202e-08,3.515724048454199e-08,3.515718678062106e-08,3.515713307867963e-08,3.515707937870318e-08,3.5157025680626654e-08,3.515697198447455e-08,3.515691829041413e-08,3.515686459832558e-08,3.515681090821611e-08,3.515675722007166e-08,3.515670353390864e-08,3.515664984959422e-08,3.515659616727019e-08,3.515654248688391e-08,3.515648880861478e-08,3.5156435132293884e-08,3.5156381457969234e-08,3.515632778548201e-08,3.515627411506813e-08,3.51562204466388e-08,3.515616678007678e-08,3.515611311547875e-08,3.515605945296803e-08,3.515600579241767e-08,3.5155952133851215e-08,3.5155898477135646e-08,3.5155844822520976e-08,3.515579116985956e-08,3.515573751907416e-08,3.51556838703512e-08,3.515563022360249e-08,3.515557657885752e-08,3.515552293602159e-08,3.515546929518722e-08,3.5155415656220653e-08,3.5155362019292964e-08,3.51553083843785e-08,3.515525475144184e-08,3.51552011204583e-08,3.515514749134147e-08,3.515509386429596e-08,3.5155040239204744e-08,3.515498661610812e-08,3.5154932994995744e-08,3.515487937581151e-08,3.515482575854826e-08,3.515477214332227e-08,3.5154718530046976e-08,3.5154664918764506e-08,3.51546113094677e-08,3.5154557702025e-08,3.515450409661188e-08,3.515445049321459e-08,3.5154396891785184e-08,3.515434329233725e-08,3.51542896948067e-08,3.5154236099181226e-08,3.515418250562589e-08,3.5154128913913934e-08,3.515407532421707e-08,3.515402173646697e-08,3.515396815078559e-08,3.515391456697912e-08,3.5153860985104876e-08,3.515380740531247e-08,3.5153753827534655e-08,3.5153700251681886e-08,3.515364667781188e-08,3.5153593105904335e-08,3.515353953597087e-08,3.5153485968008194e-08,3.515343240202628e-08,3.515337883791094e-08,3.51533252757638e-08,3.515327171569078e-08,3.515321815757086e-08,3.515316460143148e-08,3.515311104719565e-08,3.515305749488895e-08,3.515300394458871e-08,3.5152950396301816e-08,3.515289684989834e-08,3.5152843305466614e-08,3.515278976298017e-08,3.515273622258054e-08,3.51526826841652e-08,3.5152629147718074e-08,3.515257561327554e-08,3.515252208075539e-08,3.515246855019144e-08,3.515241502160602e-08,3.5152361495012455e-08,3.5152307970322634e-08,3.515225444752443e-08,3.5152200926802924e-08,3.5152147408079695e-08,3.515209389118511e-08,3.515204037646437e-08,3.5151986863616745e-08,3.515193335273385e-08,3.515187984375351e-08,3.515182633679161e-08,3.515177283182629e-08,3.5151719328792054e-08,3.515166582774377e-08,3.515161232867973e-08,3.515155883152303e-08,3.515150533630594e-08,3.5151451843021693e-08,3.515139835186363e-08,3.5151344862634075e-08,3.515129137535416e-08,3.5151237890053606e-08,3.515118440674486e-08,3.515113092537403e-08,3.5151077446011203e-08,3.515102396854666e-08,3.515097049293635e-08,3.515091701931094e-08,3.515086354776549e-08,3.515081007817478e-08,3.5150756610466885e-08,3.5150703144817934e-08,3.515064968099958e-08,3.515059621928826e-08,3.515054275953767e-08,3.515048930175518e-08,3.5150435845929075e-08,3.515038239205738e-08,3.515032894018803e-08,3.515027549029754e-08,3.515022204234372e-08,3.515016859635628e-08,3.5150115152351595e-08,3.515006171032505e-08,3.515000827023425e-08,3.514995483210697e-08,3.5149901395939257e-08,3.5149847961685694e-08,3.5149794529413434e-08,3.5149741099067174e-08,3.5149687670660124e-08,3.5149634244341784e-08,3.5149580819979766e-08,3.514952739747393e-08,3.514947397700228e-08,3.5149420558527465e-08,3.5149367141998496e-08,3.5149313727458646e-08,3.514926031487852e-08,3.514920690427206e-08,3.5149153495553e-08,3.514910008881625e-08,3.514904668407535e-08,3.5148993281311375e-08,3.514893988050813e-08,3.514888648167045e-08,3.514883308481684e-08,3.5148779689902597e-08,3.5148726297026706e-08,3.5148672906073566e-08,3.5148619517068053e-08,3.514856613002675e-08,3.514851274493302e-08,3.5148459361716244e-08,3.514840598056729e-08,3.514835260138334e-08,3.5148299224134464e-08,3.5148245848857853e-08,3.514819247556984e-08,3.514813910407454e-08,3.514808573461067e-08,3.514803236711587e-08,3.514797900157731e-08,3.514792563799131e-08,3.514787227649538e-08,3.5147818916895146e-08,3.5147765559210145e-08,3.514771220347135e-08,3.5147658849669326e-08,3.514760549787177e-08,3.5147552148157426e-08,3.514749880036121e-08,3.514744545453888e-08,3.514739211065388e-08,3.514733876879288e-08,3.514728542890831e-08,3.514723209093601e-08,3.514717875494613e-08,3.514712542092009e-08,3.514707208886183e-08,3.514701875877829e-08,3.514696543063538e-08,3.514691210439067e-08,3.514685878022891e-08,3.514680545803479e-08,3.514675213767456e-08,3.51466988193696e-08,3.5146645502895623e-08,3.514659218852647e-08,3.514653887599354e-08,3.514648556546123e-08,3.5146432256968284e-08,3.5146378950354586e-08,3.514632564577138e-08,3.514627234314468e-08,3.514621904248472e-08,3.5146165743774455e-08,3.514611244701746e-08,3.514605915214955e-08,3.5146005859332594e-08,3.514595256838319e-08,3.514589927950032e-08,3.5145845992475614e-08,3.5145792707517895e-08,3.514573942451508e-08,3.51456861434925e-08,3.514563286440705e-08,3.514557958721782e-08,3.5145526312108537e-08,3.514547303890675e-08,3.514541976766211e-08,3.514536649833027e-08,3.514531323101333e-08,3.514525996562662e-08,3.514520670213613e-08,3.5145153440696585e-08,3.514510018122878e-08,3.5145046923716524e-08,3.5144993668162785e-08,3.5144940414562636e-08,3.514488716292911e-08,3.514483391330876e-08,3.514478066560586e-08,3.514472741980238e-08,3.514467417601533e-08,3.514462093418827e-08,3.514456769433203e-08,3.514451445633958e-08,3.514446122038696e-08,3.51444079864016e-08,3.5144354754397216e-08,3.514430152436474e-08,3.514424829622727e-08,3.5144195070103126e-08,3.514414184594982e-08,3.514408862373207e-08,3.514403540348839e-08,3.5143982185195046e-08,3.5143928968868086e-08,3.5143875754417865e-08,3.514382254199381e-08,3.5143769331526885e-08,3.5143716122928365e-08,3.514366291634183e-08,3.5143609711756556e-08,3.514355650914798e-08,3.5143503308481714e-08,3.514345010976404e-08,3.5143396913033456e-08,3.5143343718245425e-08,3.514329052542536e-08,3.514323733455761e-08,3.5143184145628235e-08,3.514313095863525e-08,3.514307777365518e-08,3.514302459062798e-08,3.514297140957986e-08,3.514291823048131e-08,3.5142865053324713e-08,3.514281187814461e-08,3.5142758704918535e-08,3.514270553367133e-08,3.514265236435705e-08,3.5142599196992646e-08,3.514254603160612e-08,3.514249286816794e-08,3.514243970666622e-08,3.514238654703168e-08,3.5142333389471124e-08,3.514228023374829e-08,3.514222707998927e-08,3.5142173928262696e-08,3.514212077854281e-08,3.514206763075477e-08,3.514201448495635e-08,3.514196134103222e-08,3.5141908199030715e-08,3.514185505908105e-08,3.514180192099472e-08,3.514174878485883e-08,3.514169565079928e-08,3.51416425186848e-08,3.514158938853346e-08,3.51415362602716e-08,3.514148313383483e-08,3.5141430009448886e-08,3.514137688710181e-08,3.514132376677946e-08,3.5141270648275704e-08,3.514121753183099e-08,3.514116441723523e-08,3.514111130469581e-08,3.514105819401561e-08,3.5141005085383934e-08,3.514095197871544e-08,3.514089887399893e-08,3.5140845771145125e-08,3.514079267036142e-08,3.514073957140883e-08,3.51406864745429e-08,3.5140633379616313e-08,3.5140580286647194e-08,3.514052719560625e-08,3.514047410655058e-08,3.5140421019446726e-08,3.514036793431646e-08,3.5140314851097266e-08,3.514026176977256e-08,3.514020869053168e-08,3.514015561321523e-08,3.514010253775017e-08,3.514004946433845e-08,3.513999639289294e-08,3.513994332331032e-08,3.513989025577507e-08,3.5139837190083875e-08,3.513978412651608e-08,3.513973106491488e-08,3.513967800510428e-08,3.5139624947352745e-08,3.513957189155337e-08,3.513951883774609e-08,3.513946578576469e-08,3.513941273588766e-08,3.513935968780751e-08,3.5139306641786123e-08,3.513925359763049e-08,3.513920055549547e-08,3.5139147515357435e-08,3.513909447719059e-08,3.513904144093073e-08,3.513898840660194e-08,3.513893537420883e-08,3.513888234383118e-08,3.513882931541973e-08,3.5138776288968926e-08,3.5138723264400926e-08,3.513867024178659e-08,3.5138617221118786e-08,3.513856420247275e-08,3.513851118578013e-08,3.5138458171063314e-08,3.513840515830021e-08,3.513835214736885e-08,3.513829913850057e-08,3.513824613158156e-08,3.513819312652909e-08,3.513814012351853e-08,3.513808712245926e-08,3.5138034123286874e-08,3.51379811260982e-08,3.5137928130804986e-08,3.513787513752175e-08,3.5137822146143984e-08,3.513776915676957e-08,3.513771616939408e-08,3.513766318399252e-08,3.5137610200509905e-08,3.513755721900016e-08,3.5137504239338405e-08,3.513745126171265e-08,3.513739828597435e-08,3.5137345312154054e-08,3.51372923403208e-08,3.513723937064259e-08,3.5137186402777804e-08,3.51371334368314e-08,3.5137080472872665e-08,3.513702751082089e-08,3.5136974550829824e-08,3.513692159279094e-08,3.513686863657716e-08,3.513681568254232e-08,3.5136762730232314e-08,3.5136709779849016e-08,3.5136656831545984e-08,3.5136603885158166e-08,3.5136550940702074e-08,3.513649799825575e-08,3.513644505775879e-08,3.513639211923697e-08,3.513633918265148e-08,3.5136286248018264e-08,3.513623331534366e-08,3.513618038461136e-08,3.513612745572775e-08,3.513607452891429e-08,3.513602160409202e-08,3.513596868118311e-08,3.513591576017478e-08,3.513586284116271e-08,3.513580992410737e-08,3.51357570090119e-08,3.5135704095908346e-08,3.5135651184705344e-08,3.513559827533835e-08,3.513554536809909e-08,3.513549246275223e-08,3.513543955941283e-08,3.513538665787568e-08,3.5135333758443796e-08,3.513528086092212e-08,3.513522796522486e-08,3.51351750714559e-08,3.5135122179723016e-08,3.513506928995031e-08,3.513501640216597e-08,3.513496351634396e-08,3.513491063239395e-08,3.513485775042322e-08,3.5134804870465155e-08,3.5134751992442134e-08,3.513469911634848e-08,3.5134646242227993e-08,3.513459336994645e-08,3.51345404997253e-08,3.513448763136487e-08,3.513443476526391e-08,3.5134381900896554e-08,3.513432903849626e-08,3.5134276177943667e-08,3.513422331933118e-08,3.513417046276449e-08,3.5134117608184416e-08,3.513406475542731e-08,3.5134011904621575e-08,3.5133959055868175e-08,3.513390620908349e-08,3.5133853364189265e-08,3.513380052132945e-08,3.513374768036428e-08,3.513369484135985e-08,3.513364200416608e-08,3.513358916910867e-08,3.5133536335861156e-08,3.513348350456103e-08,3.5133430675302357e-08,3.513337784799272e-08,3.5133325022723646e-08,3.513327219928215e-08,3.513321937774423e-08,3.513316655821639e-08,3.513311374067761e-08,3.5133060925085287e-08,3.513300811146456e-08,3.513295529966325e-08,3.5132902489913166e-08,3.513284968198261e-08,3.513279687592104e-08,3.513274407199657e-08,3.513269126995022e-08,3.513263846997216e-08,3.513258567179725e-08,3.513253287573237e-08,3.5132480081574124e-08,3.513242728930809e-08,3.5132374499048956e-08,3.5132321710755226e-08,3.513226892426992e-08,3.513221613977235e-08,3.5132163357202114e-08,3.513211057670088e-08,3.5132057798131255e-08,3.5132005021507925e-08,3.513195224685974e-08,3.5131899474143286e-08,3.513184670338593e-08,3.5131793934558433e-08,3.5131741167705284e-08,3.5131688402782774e-08,3.513163563982211e-08,3.513158287882186e-08,3.513153011979191e-08,3.513147736265723e-08,3.513142460749406e-08,3.5131371854146556e-08,3.513131910287311e-08,3.513126635356329e-08,3.513121360615013e-08,3.5131160860671094e-08,3.51311081171638e-08,3.5131055375637466e-08,3.5131002636054615e-08,3.51309498983083e-08,3.513089716261685e-08,3.513084442884645e-08,3.513079169704234e-08,3.513073896712416e-08,3.513068623910624e-08,3.51306335130436e-08,3.5130580789072935e-08,3.513052806703889e-08,3.513047534695724e-08,3.513042262868249e-08,3.513036991246698e-08,3.5130317198152025e-08,3.5130264485885835e-08,3.513021177550135e-08,3.5130159067066175e-08,3.5130106360585484e-08,3.513005365605385e-08,3.513000095344886e-08,3.512994825279446e-08,3.512989555407584e-08,3.512984285732274e-08,3.5129790162470856e-08,3.512973746958342e-08,3.512968477865e-08,3.512963208971495e-08,3.5129579402681355e-08,3.5129526717500174e-08,3.5129474034364956e-08,3.512942135312074e-08,3.5129368673865976e-08,3.512931599657546e-08,3.5129263321203275e-08,3.512921064769536e-08,3.5129157976142226e-08,3.512910530663634e-08,3.512905263908751e-08,3.512899997347245e-08,3.512894730968526e-08,3.512889464790109e-08,3.512884198801778e-08,3.5128789330114156e-08,3.5128736674098854e-08,3.512868402015217e-08,3.512863136814692e-08,3.512857871811559e-08,3.5128526070036507e-08,3.512847342392307e-08,3.512842077968223e-08,3.512836813740941e-08,3.512831549708012e-08,3.5128262858594364e-08,3.512821022215062e-08,3.512815758766047e-08,3.512810495509285e-08,3.512805232449287e-08,3.5127999695850164e-08,3.51279470691404e-08,3.51278944443921e-08,3.512784182147161e-08,3.512778920049749e-08,3.512773658155991e-08,3.512768396459376e-08,3.51276313495358e-08,3.512757873625389e-08,3.512752612510243e-08,3.5127473515912207e-08,3.5127420908562296e-08,3.5127368303227755e-08,3.5127315699759195e-08,3.512726309834619e-08,3.5127210498770164e-08,3.512715790122558e-08,3.512710530560075e-08,3.512705271194713e-08,3.512700012025652e-08,3.512694753042761e-08,3.512689494262467e-08,3.512684235677119e-08,3.5126789772840805e-08,3.5126737190852365e-08,3.512668461082941e-08,3.5126632032629346e-08,3.512657945647206e-08,3.5126526882162185e-08,3.5126474309802365e-08,3.5126421739473916e-08,3.512636917098309e-08,3.512631660456419e-08,3.512626404009067e-08,3.5126211477556214e-08,3.51261589169472e-08,3.512610635828111e-08,3.512605380145242e-08,3.5126001246673236e-08,3.5125948693837294e-08,3.5125896142950944e-08,3.512584359395254e-08,3.512579104685601e-08,3.5125738501824936e-08,3.512568595870462e-08,3.512563341771141e-08,3.51255808784614e-08,3.5125528341178116e-08,3.512547580571808e-08,3.512542327223486e-08,3.512537074082046e-08,3.512531821129893e-08,3.512526568373644e-08,3.5125213158097505e-08,3.512516063442096e-08,3.5125108112642994e-08,3.512505559273899e-08,3.512500307487257e-08,3.5124950558951645e-08,3.512489804495837e-08,3.512484553280439e-08,3.512479302271119e-08,3.512474051458472e-08,3.512468800841948e-08,3.512463550416376e-08,3.5124583001767924e-08,3.5124530501399453e-08,3.5124478002931446e-08,3.5124425506442366e-08,3.512437301187336e-08,3.512432051925068e-08,3.512426802857007e-08,3.512421553984072e-08,3.512416305304311e-08,3.512411056818691e-08,3.5124058085273695e-08,3.512400560431696e-08,3.5123953125321594e-08,3.512390064817816e-08,3.512384817303852e-08,3.512379569973369e-08,3.5123743228464524e-08,3.512369075914543e-08,3.5123638291768825e-08,3.5123585826335896e-08,3.512353336281441e-08,3.512348090125933e-08,3.512342844168823e-08,3.512337598398274e-08,3.512332352813153e-08,3.512327107424213e-08,3.512321862235541e-08,3.5123166172353585e-08,3.512311372438177e-08,3.5123061278343986e-08,3.512300883424781e-08,3.512295639209679e-08,3.512290395188953e-08,3.512285151361453e-08,3.512279907721975e-08,3.512274664281144e-08,3.5122694210351723e-08,3.512264177982558e-08,3.5122589351127854e-08,3.512253692449189e-08,3.512248449973838e-08,3.5122432076988764e-08,3.512237965617878e-08,3.5122327237308486e-08,3.51222748203811e-08,3.512222240525763e-08,3.5122169992099283e-08,3.512211758088069e-08,3.512206517171581e-08,3.51220127644828e-08,3.5121960359113014e-08,3.5121907955693406e-08,3.512185555421008e-08,3.5121803154724235e-08,3.512175075717647e-08,3.512169836157893e-08,3.512164596816619e-08,3.5121593576441226e-08,3.5121541186627746e-08,3.512148879868347e-08,3.5121436412770776e-08,3.5121384028792493e-08,3.512133164671482e-08,3.512127926662329e-08,3.512122688846942e-08,3.512117451220138e-08,3.5121122137925915e-08,3.512106976558571e-08,3.5121017395093346e-08,3.512096502662794e-08,3.5120912660043786e-08,3.512086029540642e-08,3.512080793274177e-08,3.5120755572016e-08,3.5120703213217326e-08,3.512065085638738e-08,3.512059850146869e-08,3.512054614843424e-08,3.5120493797434815e-08,3.5120441448352986e-08,3.5120389101111786e-08,3.512033675606965e-08,3.5120284412805025e-08,3.5120232071495425e-08,3.5120179732106346e-08,3.5120127394655285e-08,3.5120075059149357e-08,3.512002272563045e-08,3.511997039400032e-08,3.511991806430752e-08,3.511986573655953e-08,3.5119813410738534e-08,3.511976108674865e-08,3.51197087648534e-08,3.511965644486289e-08,3.511960412676748e-08,3.511955181053275e-08,3.511949949633345e-08,3.511944718406519e-08,3.511939487361808e-08,3.5119342565239665e-08,3.511929025887841e-08,3.511923795436099e-08,3.511918565178068e-08,3.511913335109243e-08,3.511908105236052e-08,3.5119028755569946e-08,3.5118976460660685e-08,3.5118924167984064e-08,3.511887187701272e-08,3.5118819587989067e-08,3.511876730088146e-08,3.511871501570736e-08,3.511866273250957e-08,3.511861045124509e-08,3.511855817189974e-08,3.511850589451275e-08,3.511845361904708e-08,3.5118401345518936e-08,3.5118349073916276e-08,3.5118296804230135e-08,3.5118244536504305e-08,3.511819227070869e-08,3.511814000679195e-08,3.5118087744834315e-08,3.5118035485086046e-08,3.51179832270285e-08,3.5117930970917413e-08,3.511787871664992e-08,3.5117826464388574e-08,3.511777421407964e-08,3.511772196572625e-08,3.511766971929267e-08,3.511761747479443e-08,3.511756523222389e-08,3.511751299146393e-08,3.5117460752705e-08,3.5117408515887243e-08,3.511735628107044e-08,3.511730404808802e-08,3.5117251817107445e-08,3.5117199588106136e-08,3.511714736099907e-08,3.51170951358142e-08,3.511704291262131e-08,3.5116990691345876e-08,3.511693847200499e-08,3.511688625459798e-08,3.51168340391474e-08,3.511678182561337e-08,3.5116729614008716e-08,3.5116677404333377e-08,3.5116625196614054e-08,3.511657299082834e-08,3.5116520786958706e-08,3.5116468585057335e-08,3.5116416385097245e-08,3.5116364187080764e-08,3.5116311990969e-08,3.511625979668564e-08,3.5116207604423585e-08,3.511615541411513e-08,3.511610322570708e-08,3.5116051039141334e-08,3.511599885463282e-08,3.511594667207592e-08,3.5115894491330726e-08,3.5115842312506543e-08,3.511579013562416e-08,3.51157379607829e-08,3.5115685787865536e-08,3.511563361686807e-08,3.511558144779897e-08,3.511552928066998e-08,3.511547711547875e-08,3.511542495203905e-08,3.511537279071132e-08,3.511532063125766e-08,3.511526847379478e-08,3.511521631825899e-08,3.511516416463803e-08,3.511511201302565e-08,3.5115059863289775e-08,3.511500771549967e-08,3.511495556955564e-08,3.51149034256286e-08,3.511485128363772e-08,3.511479914358107e-08,3.5114747005391883e-08,3.511469486915944e-08,3.511464273488376e-08,3.5114590602552606e-08,3.5114538472151695e-08,3.5114486343701746e-08,3.5114434217183925e-08,3.511438209257131e-08,3.511432996992141e-08,3.511427784919541e-08,3.511422573033438e-08,3.5114173613480134e-08,3.5114121498511826e-08,3.511406938548646e-08,3.5114017274318775e-08,3.511396516515655e-08,3.511391305799506e-08,3.5113860952714106e-08,3.511380884929093e-08,3.511375674786589e-08,3.5113704648341455e-08,3.5113652550771965e-08,3.51136004551527e-08,3.511354836145376e-08,3.5113496269696194e-08,3.5113444179868254e-08,3.511339209197828e-08,3.511334000591045e-08,3.511328792179511e-08,3.511323583968885e-08,3.511318375953363e-08,3.511313168127356e-08,3.5113079604922714e-08,3.511302753055979e-08,3.51129754581197e-08,3.511292338758525e-08,3.5112871319004255e-08,3.5112819252350005e-08,3.511276718764351e-08,3.511271512481622e-08,3.511266306400143e-08,3.5112611005053084e-08,3.5112558948050913e-08,3.5112506892870294e-08,3.5112454839632165e-08,3.511240278833115e-08,3.5112350739056565e-08,3.511229869170823e-08,3.5112246646306636e-08,3.511219460281885e-08,3.5112142561278484e-08,3.511209052164266e-08,3.511203848395134e-08,3.511198644809287e-08,3.5111934414263965e-08,3.511188238232808e-08,3.5111830352308785e-08,3.511177832425664e-08,3.511172629812252e-08,3.511167427392906e-08,3.511162225167029e-08,3.511157023137285e-08,3.5111518213065184e-08,3.5111466196568235e-08,3.51114141819257e-08,3.511136216933025e-08,3.511131015859099e-08,3.511125815005754e-08,3.5111206143235874e-08,3.511115413832072e-08,3.511110213534331e-08,3.511105013431076e-08,3.511099813510469e-08,3.51109461379241e-08,3.51108941427251e-08,3.5110842149439004e-08,3.51107901579767e-08,3.5110738168415334e-08,3.511068618085956e-08,3.5110634195252786e-08,3.511058221149067e-08,3.511053022976596e-08,3.511047824993154e-08,3.5110426272047426e-08,3.5110374296247704e-08,3.511032232221698e-08,3.5110270350097816e-08,3.5110218379917866e-08,3.5110166411671977e-08,3.511011444535939e-08,3.511006248100149e-08,3.5110010518546335e-08,3.5109958558013534e-08,3.510990659937377e-08,3.510985464262748e-08,3.5109802688109924e-08,3.5109750735290244e-08,3.510969878443931e-08,3.510964683549582e-08,3.5109594888369834e-08,3.510954294326034e-08,3.510949100008934e-08,3.5109439058830876e-08,3.5109387119438774e-08,3.510933518204122e-08,3.5109283246580755e-08,3.510923131305537e-08,3.510917938148564e-08,3.5109127451693995e-08,3.51090755239491e-08,3.5109023598117054e-08,3.510897167421126e-08,3.510891975219585e-08,3.5108867832145e-08,3.510881591398597e-08,3.5108763997805084e-08,3.510871208353988e-08,3.51086601711027e-08,3.5108608260680446e-08,3.51085563521425e-08,3.510850444562468e-08,3.510845254099729e-08,3.510840063816275e-08,3.510834873738868e-08,3.510829683854586e-08,3.5108244941633e-08,3.5108193046527266e-08,3.5108141153689e-08,3.510808926253484e-08,3.5108037373312455e-08,3.510798548603167e-08,3.5107933600680185e-08,3.510788171723488e-08,3.5107829835719864e-08,3.5107777956122384e-08,3.510772607838805e-08,3.5107674202632576e-08,3.510762232876329e-08,3.5107570456892015e-08,3.510751858686128e-08,3.5107466718829866e-08,3.5107414852735826e-08,3.510736298853346e-08,3.510731112633177e-08,3.510725926600499e-08,3.510720740761657e-08,3.510715555113399e-08,3.510710369657697e-08,3.510705184395201e-08,3.510699999324582e-08,3.5106948144459796e-08,3.5106896297522174e-08,3.5106844452721496e-08,3.510679260971648e-08,3.510674076865305e-08,3.51066889294948e-08,3.510663709226378e-08,3.5106585256959245e-08,3.5106533423574043e-08,3.5106481591971066e-08,3.51064297624485e-08,3.510637793477501e-08,3.5106326109094146e-08,3.5106274285340344e-08,3.5106222463404646e-08,3.5106170643485925e-08,3.510611882570035e-08,3.510606700964316e-08,3.5106015195510535e-08,3.510596338320951e-08,3.51059115728367e-08,3.510585976448505e-08,3.510580795795969e-08,3.510575615344274e-08,3.510570435082263e-08,3.510565255016247e-08,3.510560075137254e-08,3.5105548954494686e-08,3.5105497159505746e-08,3.510544536654903e-08,3.510539357549184e-08,3.510534178626479e-08,3.510528999896084e-08,3.510523821366479e-08,3.510518643032981e-08,3.5105134648845454e-08,3.5105082869349845e-08,3.510503109170172e-08,3.510497931605148e-08,3.5104927542333467e-08,3.510487577052751e-08,3.5104824000644485e-08,3.510477223267774e-08,3.510472046669285e-08,3.51046687024797e-08,3.510461694025269e-08,3.510456517988513e-08,3.5104513421437586e-08,3.5104461664999564e-08,3.510440991043884e-08,3.510435815787406e-08,3.510430640712947e-08,3.5104254658417275e-08,3.5104202911607417e-08,3.5104151166741254e-08,3.51040994236917e-08,3.510404768256289e-08,3.510399594346348e-08,3.5103944206256344e-08,3.510389247100177e-08,3.510384073765282e-08,3.510378900617064e-08,3.510373727662548e-08,3.510368554895129e-08,3.510363382328609e-08,3.510358209956856e-08,3.5103530377667576e-08,3.5103478657779456e-08,3.5103426939788624e-08,3.510337522373547e-08,3.51033235096384e-08,3.510327179742914e-08,3.510322008714628e-08,3.510316837878008e-08,3.510311667215411e-08,3.5103064967599604e-08,3.510301326495652e-08,3.510296156419635e-08,3.510290986544389e-08,3.510285816856225e-08,3.510280647358616e-08,3.5102754780592074e-08,3.510270308952516e-08,3.510265140037588e-08,3.510259971302386e-08,3.5102548027684135e-08,3.5102496344279306e-08,3.5102444662764074e-08,3.510239298322863e-08,3.5102341305578e-08,3.510228962984733e-08,3.510223795606518e-08,3.510218628416532e-08,3.510213461424612e-08,3.510208294620861e-08,3.510203128009709e-08,3.510197961588294e-08,3.510192795355001e-08,3.5101876293199613e-08,3.510182463478844e-08,3.5101772978302413e-08,3.5101721323875355e-08,3.510166967122497e-08,3.5101618020500285e-08,3.510156637162001e-08,3.510151472489217e-08,3.510146308001383e-08,3.5101411436975245e-08,3.510135979585859e-08,3.510130815656372e-08,3.5101256519289457e-08,3.510120488384703e-08,3.510115325039861e-08,3.5101101618869357e-08,3.510104998927928e-08,3.5100998361596615e-08,3.510094673579179e-08,3.510089511188009e-08,3.510084349001351e-08,3.5100791870007684e-08,3.5100740251965807e-08,3.510068863584006e-08,3.5100637021596936e-08,3.510058540921253e-08,3.510053379881419e-08,3.510048219029452e-08,3.510043058371975e-08,3.510037897901699e-08,3.510032737632828e-08,3.5100275775527447e-08,3.510022417664565e-08,3.510017257966352e-08,3.51001209845287e-08,3.510006939136091e-08,3.5100017800051853e-08,3.50999662107645e-08,3.5099914623380895e-08,3.50998630379151e-08,3.509981145437667e-08,3.5099759872763673e-08,3.5099708293108554e-08,3.5099656715320826e-08,3.5099605139446643e-08,3.5099553565406274e-08,3.509950199336944e-08,3.509945042345512e-08,3.5099398855261565e-08,3.509934728897423e-08,3.509929572460539e-08,3.509924416235156e-08,3.509919260202889e-08,3.5099141043420276e-08,3.5099089486627893e-08,3.5099037931874934e-08,3.509898637913254e-08,3.509893482817447e-08,3.5098883279075235e-08,3.509883173197076e-08,3.509878018672406e-08,3.5098728643476254e-08,3.509867710212844e-08,3.5098625562693045e-08,3.509857402517829e-08,3.50985224894905e-08,3.509847095570646e-08,3.509841942384344e-08,3.509836789400385e-08,3.509831636605812e-08,3.5098264840005696e-08,3.5098213315922636e-08,3.509816179379151e-08,3.509811027349372e-08,3.50980587551278e-08,3.509800723861246e-08,3.50979557241087e-08,3.5097904211518087e-08,3.5097852700818166e-08,3.509780119201249e-08,3.509774968517042e-08,3.509769818021796e-08,3.509764667711933e-08,3.509759517594983e-08,3.509754367678185e-08,3.509749217953957e-08,3.509744068410019e-08,3.509738919055533e-08,3.509733769903405e-08,3.509728620944082e-08,3.509723472171753e-08,3.509718323591491e-08,3.509713175204628e-08,3.509708027011369e-08,3.5097028790110066e-08,3.5096977312188765e-08,3.509692583596427e-08,3.5096874361595685e-08,3.50968228892456e-08,3.509677141877741e-08,3.5096719950198734e-08,3.509666848353454e-08,3.5096617018850957e-08,3.509656555608323e-08,3.5096514095158696e-08,3.509646263621927e-08,3.509641117909891e-08,3.509635972394879e-08,3.50963082707548e-08,3.509625681944443e-08,3.509620537004589e-08,3.509615392259461e-08,3.509610247704567e-08,3.509605103344518e-08,3.509599959173804e-08,3.509594815195203e-08,3.5095896714093084e-08,3.509584527814193e-08,3.5095793844115225e-08,3.5095742411981674e-08,3.509569098185778e-08,3.509563955355966e-08,3.5095588127169185e-08,3.509553670275266e-08,3.509548528019856e-08,3.5095433859643845e-08,3.509538244091874e-08,3.509533102408908e-08,3.509527960909055e-08,3.5095228196102736e-08,3.509517678498987e-08,3.5095125375819785e-08,3.509507396862927e-08,3.509502256330045e-08,3.509497115990589e-08,3.5094919758400487e-08,3.5094868358817604e-08,3.5094816961244254e-08,3.5094765565388575e-08,3.509471417154741e-08,3.509466277961522e-08,3.5094611389591344e-08,3.509456000151092e-08,3.509450861532473e-08,3.509445723104978e-08,3.509440584866264e-08,3.509435446816198e-08,3.50943030896466e-08,3.5094251713009856e-08,3.509420033830918e-08,3.509414896548564e-08,3.509409759453432e-08,3.5094046225514136e-08,3.509399485836577e-08,3.509394349324629e-08,3.509389212993627e-08,3.509384076854773e-08,3.509378940904615e-08,3.509373805145932e-08,3.509368669597889e-08,3.509363534246866e-08,3.5093583990717614e-08,3.5093532640888414e-08,3.509348129296037e-08,3.509342994692544e-08,3.5093378602806915e-08,3.509332726054456e-08,3.5093275920274834e-08,3.509322458207474e-08,3.509317324563109e-08,3.509312191104547e-08,3.509307057842683e-08,3.50930192476814e-08,3.5092967918882485e-08,3.509291659195021e-08,3.509286526697553e-08,3.509281394386342e-08,3.509276262271292e-08,3.5092711303491196e-08,3.5092659986076684e-08,3.5092608670661864e-08,3.50925573571745e-08,3.5092506045595714e-08,3.509245473579589e-08,3.509240342819428e-08,3.5092352122233605e-08,3.509230081821531e-08,3.5092249516114834e-08,3.509219821599786e-08,3.5092146917793644e-08,3.509209562149115e-08,3.5092044327091866e-08,3.509199303455633e-08,3.5091941743969113e-08,3.509189045523e-08,3.5091839168428815e-08,3.509178788349985e-08,3.509173660057946e-08,3.509168531948747e-08,3.5091634040396e-08,3.509158276320424e-08,3.5091531487899944e-08,3.5091480214520875e-08,3.509142894307259e-08,3.509137767352751e-08,3.509132640587568e-08,3.509127514008839e-08,3.5091223876190774e-08,3.50911726142887e-08,3.509112135426454e-08,3.5091070096178e-08,3.509101884002396e-08,3.5090967585763596e-08,3.509091633330206e-08,3.509086508286931e-08,3.509081383438392e-08,3.5090762587809085e-08,3.509071134308456e-08,3.5090660100272777e-08,3.509060885934816e-08,3.509055762035868e-08,3.509050638321508e-08,3.5090455148022265e-08,3.509040391477877e-08,3.5090352683531486e-08,3.5090301454012676e-08,3.5090250226542766e-08,3.5090199000947683e-08,3.5090147777262065e-08,3.509009655578616e-08,3.509004533599044e-08,3.5089994117966355e-08,3.508994290184315e-08,3.5089891687737854e-08,3.5089840475488305e-08,3.508978926515194e-08,3.5089738056740654e-08,3.508968685041545e-08,3.508963564580284e-08,3.508958444311061e-08,3.508953324231958e-08,3.5089482043437556e-08,3.5089430846410857e-08,3.508937965134786e-08,3.508932845821606e-08,3.508927726696421e-08,3.508922607762636e-08,3.508917489020284e-08,3.5089123704627274e-08,3.5089072521030236e-08,3.508902133926121e-08,3.5088970159437966e-08,3.508891898155034e-08,3.5088867805518795e-08,3.50888166314054e-08,3.508876545926027e-08,3.508871428900631e-08,3.5088663120618986e-08,3.508861195420178e-08,3.508856078954065e-08,3.508850962679384e-08,3.508845846608999e-08,3.5088407307290474e-08,3.508835615039401e-08,3.5088304995314655e-08,3.508825384213232e-08,3.5088202690873405e-08,3.508815154154183e-08,3.5088100394236796e-08,3.5088049248793557e-08,3.50879981052494e-08,3.508794696361193e-08,3.508789582389948e-08,3.508784468605534e-08,3.508779355017104e-08,3.50877424161338e-08,3.508769128407972e-08,3.5087640153903346e-08,3.5087589025525934e-08,3.508753789914214e-08,3.508748677468585e-08,3.508743565210235e-08,3.508738453136668e-08,3.508733341256042e-08,3.508728229565841e-08,3.50872311806508e-08,3.50871800675937e-08,3.50871289563991e-08,3.508707784713611e-08,3.508702673983109e-08,3.508697563439645e-08,3.508692453092936e-08,3.508687342929675e-08,3.508682232958545e-08,3.508677123202251e-08,3.5086720136144716e-08,3.5086669042142264e-08,3.5086617950064905e-08,3.5086566859911794e-08,3.508651577174988e-08,3.508646468540834e-08,3.508641360097291e-08,3.508636251844503e-08,3.508631143782211e-08,3.5086260359159364e-08,3.508620928229278e-08,3.508615820737437e-08,3.508610713437704e-08,3.508605606340512e-08,3.5086004994131464e-08,3.5085953926747776e-08,3.5085902861389735e-08,3.5085851797918075e-08,3.5085800736321615e-08,3.508574967653747e-08,3.508569861876138e-08,3.50856475628795e-08,3.5085596508898954e-08,3.508554545686648e-08,3.5085494406660265e-08,3.508544335842523e-08,3.508539231208592e-08,3.508534126762951e-08,3.508529022525352e-08,3.508523918464492e-08,3.508518814592713e-08,3.508513710905969e-08,3.5085086074195276e-08,3.508503504117505e-08,3.50849840101197e-08,3.508493298095528e-08,3.50848819536734e-08,3.508483092827144e-08,3.508477990480969e-08,3.508472888323033e-08,3.5084677863588265e-08,3.50846268457945e-08,3.5084575829944865e-08,3.508452481591639e-08,3.5084473803869055e-08,3.5084422793852315e-08,3.5084371785623496e-08,3.508432077926932e-08,3.508426977485018e-08,3.508421877231755e-08,3.508416777169595e-08,3.5084116772981193e-08,3.508406577612631e-08,3.508401478121563e-08,3.508396378826042e-08,3.5083912797148606e-08,3.508386180797064e-08,3.508381082068471e-08,3.5083759835293975e-08,3.5083708851833425e-08,3.508365787016051e-08,3.508360689047791e-08,3.5083555912698394e-08,3.50835049368275e-08,3.5083453962855954e-08,3.508340299078857e-08,3.5083352020622205e-08,3.508330105234579e-08,3.5083250085985555e-08,3.50831991215189e-08,3.5083148158930484e-08,3.508309719825209e-08,3.508304623951748e-08,3.5082995282579163e-08,3.508294432764549e-08,3.508289337461982e-08,3.508284242348735e-08,3.508279147422219e-08,3.5082740526906996e-08,3.508268958148245e-08,3.5082638637973246e-08,3.5082587696334736e-08,3.508253675662549e-08,3.508248581882635e-08,3.50824348828857e-08,3.508238394888129e-08,3.508233301676117e-08,3.5082282086551236e-08,3.508223115823319e-08,3.508218023182632e-08,3.508212930733846e-08,3.508207838467634e-08,3.5082027463980873e-08,3.508197654517201e-08,3.508192562828465e-08,3.508187471320582e-08,3.508182380013272e-08,3.508177288891691e-08,3.5081721979588776e-08,3.508167107218572e-08,3.508162016669246e-08,3.508156926310889e-08,3.508151836141068e-08,3.5081467461597786e-08,3.508141656366253e-08,3.508136566766785e-08,3.508131477359223e-08,3.508126388142749e-08,3.508121299115068e-08,3.5081162102770184e-08,3.508111121629946e-08,3.5081060331962715e-08,3.508100944929049e-08,3.508095856850398e-08,3.508090768964119e-08,3.5080856812675076e-08,3.5080805937588746e-08,3.5080755064433075e-08,3.508070419316414e-08,3.508065332380507e-08,3.508060245639309e-08,3.508055159086132e-08,3.508050072719698e-08,3.508044986545179e-08,3.5080399005549275e-08,3.508034814758876e-08,3.508029729151019e-08,3.50802464373143e-08,3.508019558499733e-08,3.5080144734636843e-08,3.5080093886084694e-08,3.508004303949012e-08,3.507999219482633e-08,3.507994135206581e-08,3.507989051121481e-08,3.507983967244029e-08,3.507978883536867e-08,3.507973800007844e-08,3.507968716682405e-08,3.507963633545649e-08,3.507958550600622e-08,3.5079534678538186e-08,3.507948385292725e-08,3.507943302915612e-08,3.507938220728265e-08,3.507933138731738e-08,3.507928056926767e-08,3.50792297530605e-08,3.507917893874638e-08,3.507912812638279e-08,3.5079077315932854e-08,3.5079026507367866e-08,3.507897570070132e-08,3.507892489592464e-08,3.50788740930908e-08,3.507882329206971e-08,3.5078772492934105e-08,3.507872169566779e-08,3.507867090040628e-08,3.5078620107004684e-08,3.507856931551555e-08,3.507851852593101e-08,3.507846773825218e-08,3.5078416952482896e-08,3.507836616854513e-08,3.5078315386556604e-08,3.5078264606465766e-08,3.50782138282557e-08,3.50781630519683e-08,3.507811227756888e-08,3.507806150500585e-08,3.5078010734406505e-08,3.507795996566877e-08,3.507790919887526e-08,3.507785843392696e-08,3.5077807670914845e-08,3.5077756909833895e-08,3.507770615058226e-08,3.50776553932848e-08,3.50776046378722e-08,3.5077553884310653e-08,3.507750313267008e-08,3.507745238292194e-08,3.5077401635111844e-08,3.507735088918335e-08,3.507730014515357e-08,3.507724940301895e-08,3.507719866275438e-08,3.5077147924309696e-08,3.5077097187881554e-08,3.5077046453290845e-08,3.50769957205736e-08,3.5076944989806285e-08,3.507689426095945e-08,3.507684353400298e-08,3.50767928089075e-08,3.507674208574515e-08,3.507669136447933e-08,3.507664064510885e-08,3.507658992765613e-08,3.50765392120736e-08,3.507648849842613e-08,3.507643778661715e-08,3.5076387076734267e-08,3.507633636874349e-08,3.507628566265367e-08,3.507623495840331e-08,3.5076184256103325e-08,3.5076133555657195e-08,3.5076082857049425e-08,3.507603216047649e-08,3.507598146565773e-08,3.507593077285551e-08,3.507588008193289e-08,3.5075829392952426e-08,3.5075778705821594e-08,3.5075728020531915e-08,3.5075677337255666e-08,3.507562665577443e-08,3.507557597615908e-08,3.5075525298431135e-08,3.507547462256673e-08,3.507542394868858e-08,3.507537327672909e-08,3.507532260664941e-08,3.507527193847485e-08,3.507522127210497e-08,3.507517060772948e-08,3.507511994515177e-08,3.507506928455685e-08,3.5075018626062096e-08,3.507496796927864e-08,3.507491731437213e-08,3.5074866661275345e-08,3.507481601015205e-08,3.5074765360947085e-08,3.507471471359504e-08,3.5074664068163726e-08,3.507461342458123e-08,3.507456278296952e-08,3.507451214307988e-08,3.5074461505191564e-08,3.507441086923415e-08
10,0.0,0.0,0.0,0.0,0.0,0.0,0.0,0.0,0.0,0.0,0.0,0.0,0.0,0.0,0.0,0.0,0.0,0.0,0.0,0.0,0.0,0.0,0.0,0.0,0.0,0.0,0.0,0.0,0.0,0.0,0.0,0.0,0.0,0.0,0.0,0.0,0.0,0.0,0.0,0.0,0.0,0.0,0.0,0.0,0.0,0.0,0.0,0.0,0.0,0.0,0.0,0.0,0.0,0.0,0.0,0.0,0.0,0.0,0.0,0.0,0.0,0.0,0.0,0.0,0.0,0.0,0.0,0.0,0.0,0.0,0.0,0.0,0.0,0.0,0.0,0.0,0.0,0.0,0.0,0.0,0.0,0.0,0.0,0.0,0.0,0.0,0.0,0.0,0.0,0.0,0.0,0.0,0.0,0.0,0.0,0.0,0.0,0.0,0.0,0.0,0.0,0.0,0.0,0.0,0.0,0.0,0.0,0.0,0.0,0.0,0.0,0.0,0.0,0.0,0.0,0.0,0.0,0.0,0.0,0.0,0.0,0.0,0.0,0.0,0.0,0.0,0.0,0.0,0.0,0.0,0.0,0.0,0.0,0.0,0.0,0.0,0.0,0.0,0.0,0.0,0.0,0.0,0.0,0.0,0.0,0.0,0.0,0.0,0.0,0.0,0.0,0.0,0.0,0.0,0.0,0.0,0.0,0.0,0.0,0.0,0.0,0.0,0.0,0.0,0.0,0.0,0.0,0.0,0.0,0.0,0.0,0.0,0.0,0.0,0.0,0.0,0.0,0.0,0.0,0.0,0.0,0.0,0.0,0.0,0.0,0.0,0.0,0.0,0.0,0.0,0.0,0.0,0.0,0.0,0.0,0.0,0.0,0.0,0.0,0.0,0.0,0.0,0.0,0.0,0.0,0.0,0.0,0.0,0.0,0.0,0.0,0.0,0.0,0.0,0.0,0.0,0.0,0.0,0.0,0.0,0.0,0.0,0.0,0.0,0.0,0.0,0.0,0.0,0.0,0.0,0.0,0.0,0.0,0.0,0.0,0.0,0.0,0.0,0.0,0.0,0.0,0.0,0.0,0.0,0.0,0.0,0.0,0.0,0.0,0.0,0.0,0.0,0.0,0.0,0.0,0.0,0.0,0.0,0.0,0.0,0.0,0.0,0.0,0.0,0.0,0.0,0.0,0.0,0.0,0.0,0.0,0.0,0.0,0.0,0.0,0.0,0.0,0.0,0.0,0.0,0.0,0.0,0.0,0.0,0.0,0.0,0.0,0.0,0.0,0.0,0.0,0.0,0.0,0.0,0.0,0.0,0.0,0.0,0.0,0.0,0.0,0.0,0.0,0.0,0.0,0.0,0.0,0.0,0.0,0.0,0.0,0.0,0.0,0.0,0.0,0.0,0.0,0.0,0.0,0.0,0.0,0.0,0.0,0.0,0.0,0.0,0.0,0.0,0.0,0.0,0.0,0.0,0.0,0.0,0.0,0.0,0.0,0.0,0.0,0.0,0.0,0.0,0.0,0.0,0.0,0.0,0.0,0.0,0.0,0.0,0.0,0.0,0.0,0.0,0.0,0.0,0.0,0.0,0.0,0.0,0.0,0.0,0.0,0.0,0.0,0.0,0.0,0.0,0.0,0.0,0.0,0.0,0.0,0.0,0.0,0.0,0.0,0.0,0.0,0.0,0.0,0.0,0.0,0.0,0.0,0.0,0.0,0.0,0.0,0.0,0.0,0.0,0.0,0.0,0.0,0.0,0.0,0.0,0.0,0.0,0.0,0.0,0.0,0.0,0.0,0.0,0.0,0.0,0.0,0.0,0.0,0.0,0.0,0.0,0.0,0.0,0.0,0.0,0.0,0.0,0.0,0.0,0.0,0.0,0.0,0.0,0.0,0.0,0.0,0.0,0.0,0.0,0.0,0.0,0.0,0.0,0.0,0.0,0.0,0.0,0.0,0.0,0.0,0.0,0.0,0.0,0.0,0.0,0.0,0.0,0.0,0.0,0.0,0.0,0.0,0.0,0.0,0.0,0.0,0.0,0.0,0.0,0.0,0.0,0.0,0.0,0.0,0.0,0.0,0.0,0.0,0.0,0.0,0.0,0.0,0.0,0.0,0.0,0.0,0.0,0.0,0.0,0.0,0.0,0.0,0.0,0.0,0.0,0.0,0.0,0.0,0.0,0.0,0.0,0.0,0.0,0.0,0.0,0.0,0.0,0.0,0.0,0.0,0.0,0.0,0.0,0.0,0.0,0.0,0.0,0.0,0.0,0.0,0.0,0.0,0.0,0.0,0.0,0.0,0.0,0.0,0.0,0.0,0.0,0.0,0.0,0.0,0.0,0.0,0.0,0.0,0.0,0.0,0.0,0.0,0.0,0.0,0.0,0.0,0.0,0.0,0.0,0.0,0.0,0.0,0.0,0.0,0.0,0.0,0.0,0.0,0.0,0.0,0.0,0.0,0.0,0.0,0.0,0.0,0.0,0.0,0.0,0.0,0.0,0.0,0.0,0.0,0.0,0.0,0.0,0.0,0.0,0.0,0.0,0.0,0.0,0.0,0.0,0.0,0.0,0.0,0.0,0.0,0.0,0.0,0.0,0.0,0.0,0.0,0.0,0.0,0.0,0.0,0.0,0.0,0.0,0.0,0.0,0.0,0.0,0.0,0.0,0.0,0.0,0.0,0.0,0.0,0.0,0.0,0.0,0.0,0.0,0.0,0.0,0.0,0.0,0.0,0.0,0.0,0.0,0.0,0.0,0.0,0.0,0.0,0.0,0.0,0.0,0.0,0.0,0.0,0.0,0.0,0.0,0.0,0.0,0.0,0.0,0.0,0.0,0.0,0.0,0.0,0.0,0.0,0.0,0.0,0.0,0.0,0.0,0.0,0.0,0.0,0.0,0.0,0.0,0.0,0.0,0.0,0.0,0.0,0.0,0.0,0.0,0.0,0.0,0.0,0.0,0.0,0.0,0.0,0.0,0.0,0.0,0.0,0.0,0.0,0.0,0.0,0.0,0.0,0.0,0.0,0.0,0.0,0.0,0.0,0.0,0.0,0.0,0.0,0.0,0.0,0.0,0.0,0.0,0.0,0.0,0.0,0.0,0.0,0.0,0.0,0.0,0.0,0.0,0.0,0.0,0.0,0.0,0.0,0.0,0.0,0.0,0.0,0.0,0.0,0.0,0.0,0.0,0.0,0.0,0.0,0.0,0.0,0.0,0.0,0.0,0.0,0.0,0.0,0.0,0.0,0.0,0.0,0.0,0.0,0.0,0.0,0.0,0.0,0.0,0.0,0.0,0.0,0.0,0.0,0.0,0.0,0.0,0.0,0.0,0.0,0.0,0.0,0.0,0.0,0.0,0.0,0.0,0.0,0.0,0.0,0.0,0.0,0.0,0.0,0.0,0.0,0.0,0.0,0.0,0.0,0.0,0.0,0.0,0.0,0.0,0.0,0.0,0.0,0.0,0.0,0.0,0.0,0.0,0.0,0.0,0.0,0.0,0.0,0.0,0.0,0.0,0.0,0.0,0.0,0.0,0.0,0.0,0.0,0.0,0.0,0.0,0.0,0.0,0.0,0.0,0.0,0.0,0.0,0.0,0.0,0.0,0.0,0.0,0.0,0.0,0.0,0.0,0.0,0.0,0.0,0.0,0.0,0.0,0.0,0.0,0.0,0.0,0.0,0.0,0.0,0.0,0.0,0.0,0.0,0.0,0.0,0.0,0.0,0.0,0.0,0.0,0.0,0.0,0.0,0.0,0.0,0.0,0.0,0.0,0.0,0.0,0.0,0.0,0.0,0.0,0.0,0.0,0.0,0.0,0.0,0.0,0.0,0.0,0.0,0.0,0.0,0.0,0.0,0.0,0.0,0.0,0.0,0.0,0.0,0.0,0.0,0.0,0.0,0.0,0.0,0.0,0.0,0.0,0.0,0.0,0.0,0.0,0.0,0.0,0.0,0.0,0.0,0.0,0.0,0.0,0.0,0.0,0.0,0.0,0.0,0.0,0.0,0.0,0.0,0.0,0.0,0.0,0.0,0.0,0.0,0.0,0.0,0.0,0.0,0.0,0.0,0.0,0.0,0.0,0.0,0.0,0.0,0.0,0.0,0.0,0.0,0.0,0.0,0.0,0.0,0.0,0.0,0.0,0.0,0.0,0.0,0.0,0.0,0.0,0.0,0.0,0.0,0.0,0.0,0.0,0.0,0.0,0.0,0.0,0.0,0.0,0.0,0.0,0.0,0.0,0.0,0.0,0.0,0.0,0.0,0.0,0.0,0.0,0.0,0.0,0.0,0.0,0.0,0.0,0.0,0.0,0.0,0.0,0.0,0.0,0.0,0.0,0.0,0.0,0.0,0.0,0.0,0.0,0.0,0.0,0.0,0.0,0.0,0.0,0.0,0.0,0.0,0.0,0.0,0.0,0.0,0.0,6.658595605155026e-25,1.351529631194066e-24,2.0567535041056593e-24,2.7814290738191686e-24,3.52558388370653e-24,4.289354512092267e-24,5.072969720404558e-24,5.876736802734717e-24,6.701030624171292e-24,7.546284896069538e-24,8.412985299941626e-24,9.301664131760396e-24,1.0212896193227944e-23,1.1147295704013129e-23,1.2105514049967123e-23,1.308823821641333e-23,1.4096189784693882e-23,1.513012439345543e-23,1.619083158580656e-23,1.727913497940634e-23,1.839589270948255e-23,1.9541998105398854e-23,2.071838056997209e-23,2.192600663770915e-23,2.316588119380576e-23,2.443904884047353e-23,2.574659540080957e-23,2.708964955364714e-23,2.8469384595243577e-23,2.988702032585046e-23,3.1343825061476844e-23,3.2841117771383456e-23,3.4380270344776005e-23,3.5962709990048785e-23,3.758992177185284e-23,3.926345129112263e-23,4.098490751592866e-23,4.275596576930685e-23,4.4578370883394045e-23,4.645394052858305e-23,4.8384568727951597e-23,5.037222956749896e-23,5.2418981114076796e-23,5.45269695535431e-23,5.669843356266279e-23,5.893570892937139e-23,6.124123343693508e-23,6.361755202891853e-23,6.606732227278574e-23,6.859332014160078e-23,7.119844613456967e-23,7.388573175852337e-23,7.665834639426497e-23,7.951960457380772e-23,8.247297369563057e-23,8.552208220781853e-23,8.867072829091033e-23,9.192288907506874e-23,9.528273042804727e-23,9.875461735415582e-23,1.0234312504698085e-22,1.0605305064216137e-22,1.0988942571952278e-22,1.1385752961010332e-22,1.1796290356394372e-22,1.222113658431828e-22,1.2660902780754366e-22,1.3116231106678655e-22,1.358779657775475e-22,1.4076309017332524e-22,1.4582515141941504e-22,1.5107200789430588e-22,1.5651193300770254e-22,1.621536406743847e-22,1.680063125735328e-22,1.7407962733455622e-22,1.8038379180258686e-22,1.8692957455073074e-22,1.937283418214761e-22,2.0079209609412814e-22,2.0813351749612583e-22,2.1576600829377687e-22,2.2370374072025446e-22,2.3196170842349525e-22,2.4055578184263717e-22,2.495027678499612e-22,2.5882047403103884e-22,2.685277780077284e-22,2.786447022506097e-22,2.8919249487094864e-22,3.001937169312902e-22,3.116723368676553e-22,3.23653832675968e-22,3.361653025838838e-22,3.4923558500177565e-22,3.6289538863069976e-22,3.7717743369727263e-22,3.921166053924985e-22,4.0775012069462495e-22,4.241177099071142e-22,4.412618143647905e-22,4.592278019400629e-22,4.780642021547669e-22,4.978229629125621e-22,5.185597310957826e-22,5.403341595307049e-22,5.632102431218572e-22,5.872566872809123e-22,6.125473121585213e-22,6.391614966061602e-22,6.67184666278998e-22,6.967088308438889e-22,7.278331758634145e-22,7.6066471565150365e-22,7.953190142024701e-22,8.319209822064401e-22,8.706057592319818e-22,9.115196913722566e-22,9.548214160305334e-22,1.0006830671143819e-21,1.0492916157695961e-21,1.1008503638829357e-21,1.1555806100645175e-21,1.213723510626554e-21,1.2755421614028342e-21,1.341323930067977e-21,1.4113830730749893e-21,1.4860636765347492e-21,1.5657429664592377e-21,1.6508350408820132e-21,1.741795084793822e-21,1.8391241386471497e-21,1.9433745027950307e-21,2.05515587404194e-21,2.175142326668115e-21,2.3040802697517692e-21,2.442797535586463e-21,2.5922137816134833e-21,2.7533524212225477e-21,2.927354338448642e-21,3.1154936893165303e-21,3.3191961503085517e-21,3.540060044306083e-21,3.779880859466243e-21,4.040679780158361e-21,4.324736976112518e-21,4.634630551963517e-21,4.973282251698107e-21,5.344011250651484e-21,5.75059766351366e-21,6.197357765969645e-21,6.6892333900685394e-21,7.231898535383468e-21,7.831886973900908e-21,8.496745561140296e-21,9.235219158947154e-21,1.0057474606110222e-20,1.0975373147514284e-20,1.2002803293421496e-20,1.3156089422419874e-20,1.4454495827281905e-20,1.592085169864227e-20,1.7582330245594885e-20,1.947142547302371e-20,2.1627184054806965e-20,2.409676866472976e-20,2.693745505688825e-20,3.0219201022982545e-20,3.40279753236507e-20,3.847010502646649e-20,4.367799967936757e-20,4.981775441085712e-20,5.709934276003572e-20,6.579041685497256e-20,7.623518929731292e-20,8.46635044641551e-20,8.466350446419001e-20,8.466350446423805e-20,8.466350446445044e-20,9.930022027463551e-20,1.172666308211939e-19,1.3952813482767745e-19,1.6739100548614198e-19,2.0264808609017643e-19,2.47797513831798e-19,3.0637745211008496e-19,3.8348896525756757e-19,4.866311004360231e-19,6.270671379106237e-19,8.221199965113854e-19,1.099142355412795e-18,1.5026073138731684e-18,2.107229287714748e-18,3.043214760503059e-18,4.546401263208003e-18,7.067533480307595e-18,1.150691193378951e-17,1.9776424705398725e-17,3.6200783843585314e-17,7.125401976018168e-17,1.5213706994335986e-16,3.54229329297556e-16,8.969802443003452e-16,2.431561919876857e-15,2.581227941240846e-15,7.404430705585692e-15,2.0876399542848738e-14,5.632942738122064e-14,1.4402419965794625e-13,3.540074380947083e-13,8.586943123727128e-13,1.04554929264233e-12,2.6667541846651427e-12,6.39107530197551e-12,1.4228409790883354e-11,2.903560203426024e-11,5.406959242905898e-11,9.222551294409053e-11,1.4532258559543175e-10,2.137477311829685e-10,2.965231335116397e-10,3.916621780945521e-10,4.966211703738499e-10,6.087029640623933e-10,7.253465391285327e-10,8.442962600542134e-10,9.636745804665528e-10,1.0819896112220552e-09,1.198105082030927e-09,1.311192647358059e-09,1.4206792307550928e-09,1.5261965730143253e-09,1.627536447723556e-09,1.7246127574550928e-09,1.8174304779827307e-09,1.9060608080569304e-09,1.990621646493882e-09,2.0712624868590863e-09,2.148152889251792e-09,2.2214737992153168e-09,2.2914111033208146e-09,2.3581509235074287e-09,2.421876251044876e-09,2.482764604194458e-09,2.540986461816587e-09,2.596704280077159e-09,2.6500719430806056e-09,2.7012345325709786e-09,2.750328328804731e-09,2.7974809755890126e-09,2.84281175870163e-09,2.8864319594291978e-09,2.9284452546915545e-09,2.9689481424273062e-09,3.008030376813569e-09,3.045775402055755e-09,3.0822607768276737e-09,3.1175585839582458e-09,3.151735821691149e-09,3.184854774460499e-09,3.2169733619696837e-09,3.2481454661928372e-09,3.2784212364516922e-09,3.30784737314251e-09,3.3364673908317958e-09,3.3643218617916834e-09,3.391448640987435e-09,3.4178830736400877e-09,3.4436581865295018e-09,3.4688048641209766e-09,3.4933520106810494e-09,3.517326699346242e-09,3.540754309204991e-09,3.5636586513200873e-09,3.5860620845567e-09,3.6079856220737633e-09,3.6294490292073125e-09,3.650470913490386e-09,3.6710688074367295e-09,3.6912592447121806e-09,3.7110578302208802e-09,3.730479304674172e-09,3.74953760400913e-09,3.76824591424084e-09,3.786616721900506e-09,3.804661860743011e-09,3.822392554710634e-09,3.839819457710401e-09,3.8569526903455425e-09,3.873801873891248e-09,3.890376161741322e-09,3.90668426853124e-09,3.9227344971261516e-09,3.938534763645024e-09,3.954092620692879e-09,3.969415278927399e-09,3.984509627114547e-09,3.999382250760331e-09,4.01403944947726e-09,4.028487253136339e-09,4.042731436940195e-09,4.056777535467872e-09,4.070630855792593e-09,4.084296489737449e-09,4.09777932532221e-09,4.1110840574772684e-09,4.124215198083611e-09,4.13717708535032e-09,4.149973892635856e-09,4.162609636696229e-09,4.175088185461947e-09,4.187413265304416e-09,4.199588467900065e-09,4.211617256662709e-09,4.223502972807285e-09,4.2352488410749e-09,4.2468579751034825e-09,4.2583333825124005e-09,4.269677969691644e-09,4.2808945463281724e-09,4.291985829679409e-09,4.3029544486222e-09,4.313802947459437e-09,4.324533789565306e-09,4.335149360785225e-09,4.345651972710028e-09,4.35604386574812e-09,4.3663272120267934e-09,4.3765041181928516e-09,4.3865766280410825e-09,4.396546725008158e-09,4.406416334560188e-09,4.416187326443625e-09,4.425861516858454e-09,4.435440670492054e-09,4.444926502476934e-09,4.4543206802565e-09,4.463624825351227e-09,4.472840515063607e-09,4.481969284069394e-09,4.491012625990553e-09,4.499971994847174e-09,4.508848806471138e-09,4.517644439851999e-09,4.526360238418755e-09,4.534997511272668e-09,4.543557534367387e-09,4.552041551633214e-09,4.56045077605855e-09,4.568786390721992e-09,4.577049549785746e-09,4.585241379447308e-09,4.593362978849938e-09,4.601415420957107e-09,4.609399753393204e-09,4.617316999249494e-09,4.625168157857656e-09,4.632954205535206e-09,4.640676096300646e-09,4.648334762558564e-09,4.655931115760249e-09,4.663466047045414e-09,4.6709404278474325e-09,4.6783551104850234e-09,4.685710928728992e-09,4.693008698348624e-09,4.700249217637888e-09,4.707433267916982e-09,4.714561614036895e-09,4.72163500482074e-09,4.728654173552848e-09,4.735619838391806e-09,4.742532702815165e-09,4.749393455993991e-09,4.756202773219913e-09,4.76296131628139e-09,4.7696697337982256e-09,4.776328661619689e-09,4.7829387231440876e-09,4.789500529654638e-09,4.796014680637174e-09,4.802481764097907e-09,4.808902356852988e-09,4.815277024828804e-09,4.82160632333358e-09,4.8278907973333775e-09,4.834130981715459e-09,4.840327401530655e-09,4.846480572273677e-09,4.8525910000756465e-09,4.858659181971295e-09,4.864685606104035e-09,4.870670751953083e-09,4.876615090536274e-09,4.882519084619669e-09,4.888383188917284e-09,4.894207850265472e-09,4.8999935078398115e-09,4.905740593312789e-09,4.911449531021252e-09,4.9171207381892115e-09,4.922754625026656e-09,4.928351594902507e-09,4.933912044542239e-09,4.939436364148832e-09,4.944924937547559e-09,4.950378142336303e-09,4.955796350027849e-09,4.961179926177072e-09,4.966529230511319e-09,4.9718446170597985e-09,4.9771264342895475e-09,4.982375025212631e-09,4.987590727501233e-09,4.992773873616348e-09,4.997924790887537e-09,5.003043801669096e-09,5.008131223406623e-09,5.013187368761599e-09,5.018212545683626e-09,5.023207057540005e-09,5.028171203199942e-09,5.033105277095691e-09,5.0380095693677135e-09,5.042884365903559e-09,5.04772994845345e-09,5.052546594697584e-09,5.057334578333731e-09,5.0620941691531896e-09,5.066825633112947e-09,5.07152923242136e-09,5.0762052256118216e-09,5.0808538675875504e-09,5.085475409726955e-09,5.09007009994339e-09,5.094638182722907e-09,5.099179899222656e-09,5.103695487318895e-09,5.108185181668256e-09,5.112649213774636e-09,5.1170878120428955e-09,5.12150120183046e-09,5.125889605508301e-09,5.130253242521301e-09,5.13459232943665e-09,5.13890707999069e-09,5.143197705152626e-09,5.147464413158883e-09,5.151707409569891e-09,5.155926897330281e-09,5.160123076771617e-09,5.164296145722742e-09,5.1684462994863245e-09,5.172573730935907e-09,5.1766786305368115e-09,5.180761186392883e-09,5.184821584249758e-09,5.188860007598596e-09,5.192876637680524e-09,5.1968716535202364e-09,5.2008452319683345e-09,5.204797547735679e-09,5.208728773449473e-09,5.212639079660187e-09,5.216528634879195e-09,5.220397605631007e-09,5.224246156465812e-09,5.2280744500120895e-09,5.231882646984557e-09,5.2356709062324004e-09,5.239439384753936e-09,5.243188237742831e-09,5.246917618606636e-09,5.250627679000436e-09,5.254318568837146e-09,5.257990436352096e-09,5.261643428087332e-09,5.265277688938663e-09,5.26889336219343e-09,5.272490589525004e-09,5.276069511036096e-09,5.279630265284135e-09,5.283172989295212e-09,5.286697818601194e-09,5.290204887241104e-09,5.293694327801829e-09,5.297166271438467e-09,5.300620847877106e-09,5.304058185476758e-09,5.307478411186533e-09,5.310881650634422e-09,5.3142680280830364e-09,5.317637666508987e-09,5.320990687580046e-09,5.3243272116827486e-09,5.327647357955882e-09,5.3309512442962035e-09,5.3342389873660926e-09,5.337510702634885e-09,5.340766504378848e-09,5.344006505702985e-09,5.34723081855415e-09,5.350439553746064e-09,5.353632820962645e-09,5.356810728780771e-09,5.359973384688702e-09,5.363120895095341e-09,5.366253365339394e-09,5.369370899720622e-09,5.372473601510461e-09,5.375561572935328e-09,5.37863491523454e-09,5.3816937286516924e-09,5.384738112447124e-09,5.387768164919256e-09,5.39078398340332e-09,5.393785664301477e-09,5.396773303083498e-09,5.3997469943032964e-09,5.40270683160586e-09,5.405652907748689e-09,5.408585314604301e-09,5.411504143174756e-09,5.414409483603662e-09,5.417301425186195e-09,5.420180056380668e-09,5.423045464817484e-09,5.425897737311014e-09,5.428736959870196e-09,5.431563217708497e-09,5.4343765952523085e-09,5.437177176151935e-09,5.439965043292792e-09,5.442740278799803e-09,5.445502964053632e-09,5.448253179701313e-09,5.450991005648632e-09,5.453716521083061e-09,5.456429804492259e-09,5.459130933643733e-09,5.461819985625998e-09,5.464497036827509e-09,5.467162162970526e-09,5.469815439099462e-09,5.472456939599343e-09,5.475086738201462e-09,5.477704907995169e-09,5.480311521423304e-09,5.482906650298057e-09,5.485490365812285e-09,5.488062738538081e-09,5.490623838440822e-09,5.4931737348845795e-09,5.495712496630796e-09,5.498240191860001e-09,5.500756888168853e-09,5.503262652577216e-09,5.505757551538903e-09,5.508241650942616e-09,5.5107150161239254e-09,5.51317771186798e-09,5.5156298024142174e-09,5.5180713514675456e-09,5.520502422206023e-09,5.522923077268107e-09,5.5253333787879676e-09,5.527733388377822e-09,5.530123167145598e-09,5.532502775693442e-09,5.534872274130054e-09,5.537231722068097e-09,5.539581178640151e-09,5.541920702497962e-09,5.5442503518030456e-09,5.5465701842625764e-09,5.548880257114254e-09,5.5511806271326044e-09,5.553471350643204e-09,5.555752483510361e-09,5.558024081156535e-09,5.560286198572536e-09,5.562538890294515e-09,5.564782210440947e-09,5.567016212699905e-09,5.56924095033407e-09,5.571456476189528e-09,5.573662842701316e-09,5.575860101890913e-09,5.578048305363858e-09,5.580227504341241e-09,5.582397749641881e-09,5.5845590916881824e-09,5.586711580511902e-09,5.588855265774319e-09,5.590990196736701e-09,5.593116422291701e-09,5.5952339909556965e-09,5.597342950877668e-09,5.599443349839413e-09,5.601535235260979e-09,5.603618654202255e-09,5.605693653369326e-09,5.607760279116839e-09,5.609818577453332e-09,5.611868594034218e-09,5.613910374183882e-09,5.615943962878786e-09,5.617969404772297e-09,5.6199867441789554e-09,5.621996025086303e-09,5.6239972911567944e-09,5.625990585730841e-09,5.627975951832089e-09,5.629953432167876e-09,5.631923069132639e-09,5.6338849048120114e-09,5.635838980984131e-09,5.637785339124372e-09,5.639724020406866e-09,5.6416550657069325e-09,5.643578515608772e-09,5.6454944104001574e-09,5.6474027900803775e-09,5.649303694362972e-09,5.651197162676682e-09,5.653083234170157e-09,5.654961947711174e-09,5.656833341891458e-09,5.658697455030832e-09,5.660554325182192e-09,5.6624039901178646e-09,5.664246487355175e-09,5.666081854143567e-09,5.6679101274715195e-09,5.669731344068225e-09,5.671545540409185e-09,5.673352752717696e-09,5.675153016951698e-09,5.6769463688434726e-09,5.67873284384553e-09,5.68051247719331e-09,5.682285303868784e-09,5.6840513586155514e-09,5.685810675938911e-09,5.687563290105453e-09,5.689309235148967e-09,5.691048544869899e-09,5.6927812528416705e-09,5.694507392406403e-09,5.696226996684058e-09,5.697940098563439e-09,5.699646730722526e-09,5.701346925606177e-09,5.70304071544749e-09,5.704728132265336e-09,5.706409207863091e-09,5.708083973829489e-09,5.709752461539691e-09,5.711414702173464e-09,5.713070726689901e-09,5.714720565847395e-09,5.716364250200949e-09,5.718001810102228e-09,5.719633275707201e-09,5.721258676967103e-09,5.7228780436432016e-09,5.724491405294561e-09,5.726098791298567e-09,5.727700230823231e-09,5.729295752862969e-09,5.730885386216675e-09,5.732469159494992e-09,5.73404710113414e-09,5.7356192393650955e-09,5.737185602259229e-09,5.738746217696752e-09,5.7403011133797925e-09,5.741850316830345e-09,5.743393855403004e-09,5.7449317562611344e-09,5.746464046410361e-09,5.747990752678738e-09,5.749511901729383e-09,5.751027520043658e-09,5.752537633943102e-09,5.754042269585459e-09,5.7555414529612485e-09,5.75703520989629e-09,5.758523566053177e-09,5.7600065469377e-09,5.761484177892935e-09,5.762956484107139e-09,5.764423490602286e-09,5.7658852222592755e-09,5.7673417037839826e-09,5.768792959747769e-09,5.770239014562891e-09,5.771679892491949e-09,5.773115617643879e-09,5.77454621398702e-09,5.775971705330766e-09,5.777392115348794e-09,5.778807467564372e-09,5.7802177853592765e-09,5.78162309197171e-09,5.783023410500785e-09,5.784418763899291e-09,5.785809174988872e-09,5.787194666440221e-09,5.788575260798621e-09,5.789950980469276e-09,5.7913218477230294e-09,5.792687884694501e-09,5.794049113386814e-09,5.795405555668004e-09,5.796757233285432e-09,5.798104167843783e-09,5.799446380828079e-09,5.80078389358429e-09,5.8021167273416515e-09,5.803444903199578e-09,5.804768442135153e-09,5.806087364998041e-09,5.807401692515722e-09,5.80871144529299e-09,5.810016643813142e-09,5.811317308442443e-09,5.8126134594206646e-09,5.813905116876102e-09,5.815192300815809e-09,5.816475031131572e-09,5.817753327597385e-09,5.819027209870263e-09,5.82029669750058e-09,5.821561809917918e-09,5.822822566442622e-09,5.8240789862823594e-09,5.825331088533997e-09,5.826578892183548e-09,5.827822416112917e-09,5.8290616790868205e-09,5.830296699766703e-09,5.831527496708574e-09,5.83275408836074e-09,5.833976493066381e-09,5.8351947290649684e-09,5.836408814490792e-09,5.837618767376784e-09,5.838824605651114e-09,5.8400263471427335e-09,5.841224009579079e-09,5.842417610587336e-09,5.843607167694466e-09,5.844792698330647e-09,5.845974219823894e-09,5.8471517494147744e-09,5.84832530423713e-09,5.849494901332648e-09,5.850660557643806e-09,5.851822290030952e-09,5.852980115249043e-09,5.854134049961362e-09,5.855284110742777e-09,5.856430314073195e-09,5.857572676341923e-09,5.858711213847888e-09,5.8598459428012876e-09,5.860976879321458e-09,5.862104039438685e-09,5.863227439095035e-09,5.864347094150126e-09,5.865463020371441e-09,5.8665752334420915e-09,5.867683748958155e-09,5.868788582431935e-09,5.869889749292191e-09,5.870987264881812e-09,5.872081144463335e-09,5.873171403218557e-09,5.874258056233881e-09,5.875341118528938e-09,5.876420605037032e-09,5.877496530610552e-09,5.878568910022617e-09,5.8796377579669775e-09,5.880703089061837e-09,5.881764917841982e-09,5.882823258766663e-09,5.883878126216655e-09,5.884929534499743e-09,5.88597749784411e-09,5.8870220304055046e-09,5.888063146255906e-09,5.889100859402985e-09,5.890135183776535e-09,5.891166133231659e-09,5.892193721552472e-09,5.893217962449421e-09,5.894238869560657e-09,5.895256456455738e-09,5.896270736623691e-09,5.897281723492138e-09,5.898289430416548e-09,5.899293870684652e-09,5.900295057503936e-09,5.901293004024828e-09,5.902287723325336e-09,5.903279228416202e-09,5.904267532240765e-09,5.9052526476732295e-09,5.906234587522875e-09,5.9072133645337674e-09,5.9081889913835554e-09,5.909161480681155e-09,5.9101308449751565e-09,5.911097096747845e-09,5.912060248417989e-09,5.913020312340046e-09,5.91397730080618e-09,5.914931226044447e-09,5.9158821002290284e-09,5.916829935451074e-09,5.917774743758443e-09,5.918716537135428e-09,5.919655327499413e-09,5.920591126712189e-09,5.921523946575179e-09,5.922453798828516e-09,5.923380695153375e-09,5.924304647171726e-09,5.9252256664496645e-09,5.926143764491281e-09,5.927058952746646e-09,5.927971242604961e-09,5.9288806454026e-09,5.929787172413666e-09,5.930690834860251e-09,5.931591643909164e-09,5.9324896106656225e-09,5.9333847461857315e-09,5.934277061467698e-09,5.9351665674580365e-09,5.936053275045534e-09,5.936937195067597e-09,5.937818338305278e-09,5.938696715491025e-09,5.93957233729814e-09,5.9404452143588366e-09,5.941315357235242e-09,5.9421827764525675e-09,5.9430474824787414e-09,5.943909485730933e-09,5.944768796574629e-09,5.945625425327225e-09,5.946479382253835e-09,5.947330677569413e-09,5.9481793214405395e-09,5.949025323983117e-09,5.949868695264477e-09,5.950709445303276e-09,5.95154758407003e-09,5.952383121484965e-09,5.953216067425292e-09,5.954046431712376e-09,5.954874224129576e-09,5.955699454405966e-09,5.9565221322283594e-09,5.957342267232981e-09,5.958159869019037e-09,5.95897494712769e-09,5.959787511061515e-09,5.960597570275547e-09,5.9614051341812086e-09,5.962210212143628e-09,5.9630128134851485e-09,5.9638129474826375e-09,5.9646106233686025e-09,5.965405850333737e-09,5.966198637522295e-09,5.966988994035203e-09,5.9677769289366995e-09,5.968562451242602e-09,5.969345569927971e-09,5.970126293920579e-09,5.970904632114599e-09,5.971680593357345e-09,5.972454186455693e-09,5.9732254201754586e-09,5.97399430324475e-09,5.974760844347506e-09,5.975525052126656e-09,5.9762869351799415e-09,5.977046502075728e-09,5.977803761338329e-09,5.978558721448956e-09,5.979311390856868e-09,5.980061777964526e-09,5.98080989114007e-09,5.981555738713326e-09,5.982299328971306e-09,5.983040670168435e-09,5.983779770515701e-09,5.984516638189913e-09,5.985251281329856e-09,5.985983708036664e-09,5.986713926374258e-09,5.9874419455456146e-09,5.988167772350807e-09,5.9888914147477444e-09,5.989612880645906e-09,5.9903321779296634e-09,5.9910493144480665e-09,5.991764298010417e-09,5.9924771363910516e-09,5.9931878373302414e-09,5.993896408532893e-09,5.994602857669659e-09,5.995307192374213e-09,5.996009420248003e-09,5.996709548857383e-09,5.997407585734511e-09,5.998103538379102e-09,5.998797414255739e-09,5.999489220796371e-09,6.000178965399039e-09,6.000866655428866e-09,6.001552298218874e-09,6.00223590106894e-09,6.002917471241194e-09,6.003597015973884e-09,6.0042745424686076e-09,6.004950057896816e-09,6.005623569396661e-09,6.00629508407483e-09,6.00696460901062e-09,6.007632151240963e-09,6.008297717781238e-09,6.008961315615203e-09,6.009622951694189e-09,6.010282632938546e-09,6.010940366237491e-09,6.011596158451709e-09,6.012250016411175e-09,6.012901946915056e-09,6.013551956734435e-09,6.01420005260925e-09,6.014846241251162e-09,6.015490529341055e-09,6.016132923531974e-09,6.016773430447111e-09,6.017412056682321e-09,6.018048808803304e-09,6.018683693346903e-09,6.019316716824751e-09,6.0199478857151345e-09,6.0205772064736386e-09,6.021204685524122e-09,6.021830329264046e-09,6.0224541440659636e-09,6.02307613626672e-09,6.023696312185871e-09,6.024314678107586e-09,6.0249312402981034e-09,6.025546004989449e-09,6.0261589783893695e-09,6.026770166677678e-09,6.02737957600921e-09,6.02798721251274e-09,6.028593082289775e-09,6.029197191417001e-09,6.029799545943542e-09,6.0304001518944e-09,6.03099901526811e-09,6.031596142038838e-09,6.0321915381545334e-09,6.032785209536974e-09,6.033377162085611e-09,6.033967401673311e-09,6.034555934146795e-09,6.0351427653304526e-09,6.035727901023644e-09,6.036311346999481e-09,6.03689310900794e-09,6.0374731927789515e-09,6.038051604012343e-09,6.0386283483859044e-09,6.039203431555158e-09,6.039776859147883e-09,6.0403486367756296e-09,6.0409187700200264e-09,6.041487264446131e-09,6.04205412558491e-09,6.042619358953669e-09,6.043182970043688e-09,6.0437449643272265e-09,6.04430534724419e-09,6.044864124220591e-09,6.045421300656984e-09,6.045976881933988e-09,6.046530873406575e-09,6.046646751649254e-09,6.046759854047256e-09,6.046871586635768e-09,6.0469826347606e-09,6.047093338719658e-09,6.047203866213426e-09,6.047314298024307e-09,6.047424671094435e-09,6.0475350002739875e-09,6.0476452893239455e-09,6.047755536485664e-09,6.0478657373019786e-09,6.047975886045516e-09,6.0480859764413005e-09,6.048196002032181e-09,6.048305956362282e-09,6.0484158330694236e-09,6.0485256259302505e-09,6.048635328881413e-09,6.0487449360298234e-09,6.048854441655408e-09,6.0489638402114144e-09,6.049073126323325e-09,6.049182294785884e-09,6.049291340560527e-09,6.049400258772682e-09,6.049509044707906e-09,6.049617693809241e-09,6.04972620167252e-09,6.049834564044882e-09,6.04994277681985e-09,6.050050836034889e-09,6.050158737866907e-09,6.0502664786299164e-09,6.050374054771384e-09,6.050481462867749e-09,6.050588699622762e-09,6.050695761863479e-09,6.050802646535981e-09,6.050909350704669e-09,6.051015871547118e-09,6.051122206349302e-09,6.0512283525077245e-09,6.051334307521024e-09,6.051440068989862e-09,6.051545634613458e-09,6.051651002186952e-09,6.051756169598184e-09,6.0518611348241505e-09,6.0519658959300365e-09,6.052070451065976e-09,6.052174798463571e-09,6.052278936434239e-09,6.052382863366628e-09,6.052486577724353e-09,6.052590078043557e-09,6.052693362930325e-09,6.052796431058876e-09,6.052899281169162e-09,6.053001912064691e-09,6.053104322611182e-09,6.053206511733541e-09,6.05330847841479e-09,6.053410221692949e-09,6.053511740660883e-09,6.053613034463667e-09,6.053714102296645e-09,6.053814943404038e-09,6.053915557077264e-09,6.054015942653417e-09,6.054116099513502e-09,6.0542160270816924e-09,6.0543157248223705e-09,6.0544151922406595e-09,6.054514428878125e-09,6.054613434317433e-09,6.054712208172505e-09,6.054810750094399e-09,6.0549090597665854e-09,6.05500713690574e-09,6.05510498125845e-09,6.055202592601602e-09,6.055299970741093e-09,6.055397115511163e-09,6.055494026772906e-09,6.055590704411882e-09,6.0556871483406584e-09,6.0557833584946264e-09,6.0558793348331515e-09,6.055975077337764e-09,6.0560705860117546e-09,6.056165860878647e-09,6.056260901982707e-09,6.056355709387312e-09,6.0564502831744674e-09,6.056544623443889e-09,6.056638730313966e-09,6.056732603916426e-09,6.056826244401813e-09,6.056919651935719e-09,6.057012826697688e-09,6.057105768882274e-09,6.057198478697593e-09,6.057290956364474e-09,6.057383202116918e-09,6.057475216201665e-09,6.057566998874917e-09,6.057658550407992e-09,6.057749871079707e-09,6.057840961180625e-09,6.057931821011156e-09,6.0580224508820385e-09,6.05811285111055e-09,6.058203022026237e-09,6.058292963964754e-09,6.058382677271361e-09,6.0584721622983935e-09,6.0585614194061426e-09,6.058650448960761e-09,6.0587392513387474e-09,6.058827826918842e-09,6.058916176088168e-09,6.05900429924048e-09,6.0590921967743665e-09,6.059179869094205e-09,6.059267316609703e-09,6.0593545397350554e-09,6.059441538891227e-09,6.05952831450183e-09,6.0596148669950475e-09,6.059701196803596e-09,6.059787304365018e-09,6.0598731901208945e-09,6.059958854510127e-09,6.060044297988474e-09,6.060129521002844e-09,6.060214524008207e-09,6.06029930746176e-09,6.060383871822752e-09,6.060468217554704e-09,6.0605523451221565e-09,6.0606362549930106e-09,6.060719947637623e-09,6.06080342352775e-09,6.060886683137637e-09,6.060969726943364e-09,6.0610525554220554e-09,6.061135169053082e-09,6.061217568317873e-09,6.061299753698927e-09,6.06138172568007e-09,6.061463484746443e-09,6.061545031384853e-09,6.061626366085832e-09,6.06170748933045e-09,6.061788401612078e-09,6.061869103421073e-09,6.061949595247353e-09,6.06202987758255e-09,6.062109950920336e-09,6.062189815752947e-09,6.062269472574032e-09,6.062348921876986e-09,6.062428164156092e-09,6.062507199901747e-09,6.062586029617545e-09,6.062664653793202e-09,6.0627430729256956e-09,6.0628212875081975e-09,6.062899298037526e-09,6.062977105006779e-09,6.063054708916843e-09,6.063132110257564e-09,6.063209309523669e-09,6.063286307213154e-09,6.063363103818955e-09,6.063439699836681e-09,6.0635160957587995e-09,6.063592292081394e-09,6.063668289297261e-09,6.0637440878985e-09,6.0638196883773904e-09,6.063895091230168e-09,6.063970296946197e-09,6.06404530601696e-09,6.064120118934216e-09,6.064194736185238e-09,6.064269158263713e-09,6.064343385656089e-09,6.064417418853656e-09,6.064491258342388e-09,6.0645649046108084e-09,6.0646383581454565e-09,6.064711619431614e-09,6.0647846889551834e-09,6.064857567200436e-09,6.064930254653754e-09,6.065002751792795e-09,6.065075059102243e-09,6.065147177065278e-09,6.065219106161816e-09,6.065290846871012e-09,6.065362399672968e-09,6.065433765045341e-09,6.065504943466374e-09,6.06557593541108e-09,6.06564674135578e-09,6.065717361775996e-09,6.065787797144409e-09,6.065858047935588e-09,6.065928114621066e-09,6.065997997671807e-09,6.066067697550678e-09,6.066137214735822e-09,6.06620654969876e-09,6.0662757029025575e-09,6.066344674813943e-09,6.066413465898122e-09,6.066482076619681e-09,6.0665505074427756e-09,6.066618758829019e-09,6.066686831240378e-09,6.066754725137662e-09,6.0668224409806595e-09,6.0668899792274735e-09,6.066957340336119e-09,6.067024524763519e-09,6.067091532961015e-09,6.067158365386335e-09,6.067225022498113e-09,6.067291504743544e-09,6.067357812576084e-09,6.067423946445768e-09,6.067489906801701e-09,6.067555694092387e-09,6.0676213087651145e-09,6.0676867512678325e-09,6.0677520220445905e-09,6.067817121533735e-09,6.067882050184091e-09,6.067946808445339e-09,6.068011396758175e-09,6.068075815551063e-09,6.068140065268488e-09,6.068204146353691e-09,6.0682680592353115e-09,6.068331804353692e-09,6.068395382139377e-09,6.0684587930332524e-09,6.068522037465268e-09,6.068585115866354e-09,6.0686480286720925e-09,6.0687107763047886e-09,6.0687733591926345e-09,6.068835777773402e-09,6.068898032466707e-09,6.068960123700013e-09,6.069022051897326e-09,6.069083817481438e-09,6.069145420879651e-09,6.0692068625085435e-09,6.069268142785949e-09,6.069329262135641e-09,6.0693902209750015e-09,6.069451019721342e-09,6.069511658791156e-09,6.069572138599738e-09,6.069632459558791e-09,6.0696926220851685e-09,6.06975262659147e-09,6.069812473484366e-09,6.069872163178025e-09,6.069931696079115e-09,6.069991072595569e-09,6.070050293139747e-09,6.070109358109833e-09,6.070168267915511e-09,6.070227022961837e-09,6.0702856236468355e-09,6.070344070376787e-09,6.0704023635494955e-09,6.070460503571009e-09,6.070518490830162e-09,6.070576325730651e-09,6.0706340086685776e-09,6.070691540040049e-09,6.070748920239807e-09,6.070806149665656e-09,6.070863228702758e-09,6.070920157747178e-09,6.07097693719011e-09,6.071033567420101e-09,6.071090048826492e-09,6.0711463817977e-09,6.071202566720322e-09,6.071258603981042e-09,6.071314493963196e-09,6.071370237051574e-09,6.071425833627683e-09,6.071481284074313e-09,6.071536588774747e-09,6.0715917481076675e-09,6.0716467624535065e-09,6.071701632186801e-09,6.071756357687592e-09,6.071810939329681e-09,6.071865377490264e-09,6.071919672542719e-09,6.0719738248635045e-09,6.0720278348104025e-09,6.072081702764313e-09,6.072135429108354e-09,6.072189014197282e-09,6.072242458404913e-09,6.0722957620977444e-09,6.072348925641599e-09,6.0724019494030854e-09,6.072454833746861e-09,6.0725075790320445e-09,6.072560185631021e-09,6.0726126539005245e-09,6.072664984200535e-09,6.072717176890433e-09,6.072769232331252e-09,6.072821150880158e-09,6.072872932893548e-09,6.07292457872946e-09,6.07297608874352e-09,6.073027463289113e-09,6.073078702720208e-09,6.073129807389914e-09,6.073180777649909e-09,6.073231613849389e-09,6.0732823163426295e-09,6.07333288547381e-09,6.073383321593254e-09,6.073433625047542e-09,6.073483796183392e-09,6.073533835346389e-09,6.07358374288136e-09,6.07363351912894e-09,6.073683164438211e-09,6.073732679153077e-09,6.073782063601085e-09,6.073831318128482e-09,6.073880443077474e-09,6.0739294387846925e-09,6.073978305587969e-09,6.074027043829637e-09,6.074075653833615e-09,6.074124135940553e-09,6.074172490479334e-09,6.074220717793588e-09,6.074268818212132e-09,6.074316792070541e-09,6.074364639685417e-09,6.074412361394636e-09,6.074459957525504e-09,6.074507428400985e-09,6.074554774359652e-09,6.0746019957240845e-09,6.07464909281746e-09,6.07469606596625e-09,6.074742915491675e-09,6.074789641717306e-09,6.074836244968546e-09,6.07488272556312e-09,6.0749290838214345e-09,6.074975320048213e-09,6.07502143458877e-09,6.075067427757975e-09,6.075113299854996e-09,6.07515905122014e-09,6.075204682147864e-09,6.0752501929628645e-09,6.075295583970795e-09,6.07534085547222e-09,6.0753860078138546e-09,6.075431041290397e-09,6.075475956205769e-09,6.075520752898653e-09,6.07556543163668e-09,6.07560999274993e-09,6.075654436554049e-09,6.0756987633286996e-09,6.075742973385285e-09,6.075787067048112e-09,6.0758310446081415e-09,6.0758749063728814e-09,6.075918652675103e-09,6.075962283752793e-09,6.07600579993854e-09,6.076049201533871e-09,6.0760924888375e-09,6.076135662148895e-09,6.076178721765034e-09,6.076221667981409e-09,6.076264501098604e-09,6.0763072214083735e-09,6.076349829208432e-09,6.0763923247922576e-09,6.076434708445673e-09,6.0764769804676e-09,6.076519141156208e-09,6.076561190790119e-09,6.076603129666523e-09,6.0766449580739674e-09,6.076686676301085e-09,6.076728284635757e-09,6.076769783362359e-09,6.076811172765472e-09,6.076852453142341e-09,6.076893624773719e-09,6.076934687934313e-09,6.076975642913868e-09,6.0770164899952065e-09,6.077057229460306e-09,6.077097861590439e-09,6.077138386666112e-09,6.077178804967126e-09,6.077219116772525e-09,6.077259322361282e-09,6.07729942201037e-09,6.077339416000546e-09,6.077379304600048e-09,6.0774190880790155e-09,6.077458766732685e-09,6.077498340822134e-09,6.07753781061619e-09,6.077577176411418e-09,6.077616438450028e-09,6.0776555970155416e-09,6.077694652377995e-09,6.0777336048071405e-09,6.077772454572037e-09,6.0778112019410266e-09,6.077849847181761e-09,6.077888390553743e-09,6.077926832344732e-09,6.077965172801515e-09,6.078003412200969e-09,6.078041550802284e-09,6.078079588848418e-09,6.078117526646702e-09,6.078155364413909e-09,6.078193102428711e-09,6.078230740955054e-09,6.0782682802399474e-09,6.078305720566205e-09,6.078343062177268e-09,6.078380305337992e-09,6.078417450302934e-09,6.078454497346274e-09,6.078491446690899e-09,6.07852829864433e-09,6.078565053384529e-09,6.078601711209229e-09,6.07863827236464e-09,6.078674737080877e-09,6.0787111056628974e-09,6.078747378331897e-09,6.0787835552873565e-09,6.07881963688871e-09,6.07885562332843e-09,6.078891514861791e-09,6.078927311728365e-09,6.0789630141792116e-09,6.078998622468442e-09,6.079034136829132e-09,6.079069557516794e-09,6.079104884761179e-09,6.079140118844668e-09,6.079175259969509e-09,6.079210308389576e-09,6.079245264350231e-09,6.079280128090875e-09,6.079314899867802e-09,6.0793495799045395e-09,6.0793841684494e-09,6.079418665736931e-09,6.07945307200508e-09,6.079487387493305e-09,6.079521612439022e-09,6.079555747078564e-09,6.079589791650158e-09,6.0796237463884315e-09,6.079657611492573e-09,6.0796913872662565e-09,6.079725073909446e-09,6.079758671654131e-09,6.079792180733453e-09,6.07982560138065e-09,6.0798589338328974e-09,6.07989217830995e-09,6.079925335041337e-09,6.0799584042595216e-09,6.079991386188688e-09,6.080024281062805e-09,6.08005708909317e-09,6.080089810540543e-09,6.080122445653964e-09,6.0801549945824594e-09,6.0801874575846414e-09,6.080219834921935e-09,6.080252126762758e-09,6.080284333341857e-09,6.080316454930797e-09,6.0803484916764685e-09,6.080380443838136e-09,6.080412311637148e-09,6.080444095296979e-09,6.080475795032353e-09,6.08050741106363e-09,6.080538943612739e-09,6.080570392896159e-09,6.0806017591322175e-09,6.08063304253818e-09,6.08066424333423e-09,6.080695361724823e-09,6.080726397934643e-09,6.0807573521786436e-09,6.0807882246809696e-09,6.0808190156298856e-09,6.0808497252562155e-09,6.0808803537697994e-09,6.080910901382237e-09,6.080941368302866e-09,6.080971754743228e-09,6.081002060902234e-09,6.081032287012699e-09,6.081062433280902e-09,6.081092499902431e-09,6.0811224870908e-09,6.0811523950608795e-09,6.081182224009535e-09,6.08121197415669e-09,6.081241645713355e-09,6.081271238859026e-09,6.081300753806382e-09,6.0813301907700435e-09,6.081359549941371e-09,6.081388831529115e-09,6.081418035736449e-09,6.0814471627708e-09,6.0814762128225274e-09,6.081505186108658e-09,6.0815340828260735e-09,6.081562903174097e-09,6.081591647343619e-09,6.081620315537381e-09,6.081648907956456e-09,6.08167742479898e-09,6.0817058662626546e-09,6.081734232547121e-09,6.0817625238438714e-09,6.0817907403518255e-09,6.081818882266858e-09,6.081846949782982e-09,6.081874943095207e-09,6.08190286240145e-09,6.081930707887396e-09,6.0819584797545794e-09,6.081986178191263e-09,6.082013803389249e-09,6.0820413555405445e-09,6.082068834836208e-09,6.082096241466266e-09,6.082123575607985e-09,6.08215083747696e-09,6.0821780272908655e-09,6.082205145155141e-09,6.082232191300401e-09,6.082259165911546e-09,6.082286069173973e-09,6.082312901269981e-09,6.082339662458578e-09,6.08236635283143e-09,6.082392972575326e-09,6.082419521901348e-09,6.082446000995926e-09,6.0824724100405014e-09,6.0824987492169284e-09,6.0825250187128865e-09,6.08255121870695e-09,6.082577349375361e-09,6.082603410919384e-09,6.0826294035629075e-09,6.0826553273583965e-09,6.082681182560537e-09,6.082706969341181e-09,6.082732687889679e-09,6.082758338378379e-09,6.082783920986126e-09,6.082809435888289e-09,6.082834883261412e-09,6.08286026328542e-09,6.0828855761143216e-09,6.082910821966999e-09,6.082936000994407e-09,6.082961113399602e-09,6.082986159303672e-09,6.083011138898507e-09,6.083036052385917e-09,6.083060899907661e-09,6.083085681631307e-09,6.0831103977613046e-09,6.083135048450183e-09,6.083159633875573e-09,6.083184154204237e-09,6.083208609602847e-09,6.083233000258251e-09,6.0832573263644836e-09,6.083281588006485e-09,6.0833057853991675e-09,6.083329918710643e-09,6.083353988107463e-09,6.083377993736052e-09,6.083401935808658e-09,6.0834258144689695e-09,6.083449629879436e-09,6.08347338221364e-09,6.083497071607466e-09,6.0835206982652454e-09,6.083544262310098e-09,6.083567763952997e-09,6.083591203336486e-09,6.083614580624489e-09,6.083637895963502e-09,6.083661149539008e-09,6.083684341502441e-09,6.083707472014988e-09,6.083730541236859e-09,6.083753549347557e-09,6.083776496492995e-09,6.083799382803848e-09,6.083822208461967e-09,6.083844973626973e-09,6.0838676784584865e-09,6.083890323111587e-09,6.083912907745907e-09,6.083935432488821e-09,6.0839578975562875e-09,6.083980303078455e-09,6.084002649201614e-09,6.084024936084896e-09,6.08404716386289e-09,6.084069332737064e-09,6.084091442840676e-09,6.084113494312775e-09,6.08413548730994e-09,6.08415742199937e-09,6.084179298513182e-09,6.084201117047978e-09,6.084222877698587e-09,6.08424458064772e-09,6.084266226028622e-09,6.084287814046457e-09,6.08430934478047e-09,6.084330818409875e-09,6.084352235082384e-09,6.084373594929739e-09,6.084394898105874e-09,6.0844161448320505e-09,6.08443733516534e-09,6.084458469282767e-09,6.084479547328582e-09,6.084500569456757e-09,6.084521535842042e-09,6.084542446561962e-09,6.084563301783019e-09,6.08458410168602e-09,6.084604846393338e-09,6.08462553605227e-09,6.084646170792843e-09,6.084666750779494e-09,6.0846872761256195e-09,6.084707747007164e-09,6.084728163570411e-09,6.084748525942888e-09,6.084768834240081e-09,6.084789088654466e-09,6.084809289301897e-09,6.084829436342409e-09,6.084849529877665e-09,6.0848695700564284e-09,6.084889557038806e-09,6.0849094909448874e-09,6.084929371930725e-09,6.084949200135585e-09,6.08496897568156e-09,6.084988698712623e-09,6.085008369368292e-09,6.0850279877823995e-09,6.085047554094358e-09,6.085067068367455e-09,6.085086530880044e-09,6.085105941698577e-09,6.085125300957666e-09,6.0851446087821445e-09,6.085163865327328e-09,6.085183070714675e-09,6.085202225080442e-09,6.085221328557588e-09,6.085240381267739e-09,6.085259383363488e-09,6.085278334975146e-09,6.085297236278482e-09,6.085316087287767e-09,6.085334888212843e-09,6.085353639123702e-09,6.085372340253372e-09,6.0853909916876506e-09,6.085409593534848e-09,6.085428145939262e-09,6.085446649031502e-09,6.085465102925699e-09,6.0854835077760344e-09,6.08550186366948e-09,6.085520170794936e-09,6.085538429262794e-09,6.085556639130048e-09,6.085574800616635e-09,6.085592913830955e-09,6.085610978897996e-09,6.0856289958873265e-09,6.085646964952707e-09,6.085664886242338e-09,6.085682759873704e-09,6.085700585959372e-09,6.085718364633309e-09,6.08573609600916e-09,6.0857537802003956e-09,6.085771417374079e-09,6.085789007581049e-09,6.085806551043109e-09,6.0858240478276285e-09,6.085841498054544e-09,6.0858589018517716e-09,6.085876259340438e-09,6.08589357064064e-09,6.085910835838204e-09,6.0859280551468916e-09,6.085945228568999e-09,6.085962356336392e-09,6.0859794384719005e-09,6.085996475175353e-09,6.086013466525983e-09,6.0860304126279035e-09,6.086047313637648e-09,6.086064169658603e-09,6.086080980820411e-09,6.086097747191316e-09,6.086114468931517e-09,6.08613114614584e-09,6.086147778967861e-09,6.086164367481473e-09,6.086180911816518e-09,6.0861974120851666e-09,6.0862138684266014e-09,6.086230280928157e-09,6.0862466497217694e-09,6.086262974907967e-09,6.086279256570707e-09,6.0862954948953135e-09,6.086311689966256e-09,6.086327841883064e-09,6.0863439507368396e-09,6.086360016701288e-09,6.086376039856743e-09,6.086392020286619e-09,6.0864079581466e-09,6.08642385354283e-09,6.086439706576276e-09,6.086455517357766e-09,6.086471285997898e-09,6.0864870126069336e-09,6.086502697269736e-09,6.086518340145005e-09,6.086533941319256e-09,6.086549500900859e-09,6.086565019017735e-09,6.086580495739153e-09,6.086595931194596e-09,6.086611325483165e-09,6.08662667864022e-09,6.086641990943066e-09,6.086657262404755e-09,6.0866724931361835e-09,6.086687683244506e-09,6.086702832833421e-09,6.086717942007678e-09,6.086733010867385e-09,6.0867480395405254e-09,6.086763028118178e-09,6.086777976698886e-09,6.086792885326475e-09,6.086807754249282e-09,6.086822583493121e-09,6.0868373731592874e-09,6.086852123357581e-09,6.086866834187419e-09,6.086881505757886e-09,6.0868961381798795e-09,6.086910731531618e-09,6.0869252859276605e-09,6.086939801469216e-09,6.086954278258269e-09,6.086968716401363e-09,6.086983115990391e-09,6.086997477131045e-09,6.0870117999213846e-09,6.087026084461021e-09,6.087040330855095e-09,6.0870545391969536e-09,6.087068709594028e-09,6.087082842141665e-09,6.087096936936918e-09,6.087110994082043e-09,6.087125013674512e-09,6.087138995812166e-09,6.087152940590305e-09,6.0871668481039966e-09,6.087180718485927e-09,6.087194551781139e-09,6.087208348109401e-09,6.087222107566992e-09,6.087235830250274e-09,6.087249516258392e-09,6.087263165672866e-09,6.087276778609884e-09,6.087290355156185e-09,6.087303895406867e-09,6.087317399456911e-09,6.087330867396502e-09,6.0873442993343396e-09,6.08735769537532e-09,6.087371055563845e-09,6.087384380045473e-09,6.087397668872064e-09,6.0874109221558835e-09,6.087424139989929e-09,6.087437322466961e-09,6.087450469677271e-09,6.087463581717197e-09,6.087476658669606e-09,6.087489700637469e-09,6.0875027077112225e-09,6.087515679980691e-09,6.0875286175287644e-09,6.087541520463958e-09,6.087554388862422e-09,6.087567222817945e-09,6.087580022407463e-09,6.087592787732194e-09,6.087605518899486e-09,6.087618215984599e-09,6.087630879073793e-09,6.0876435082544e-09,6.087656103621519e-09,6.08766866526086e-09,6.087681193265855e-09,6.0876936877126915e-09,6.087706148696692e-09,6.087718576303808e-09,6.087730970619121e-09,6.087743331733506e-09,6.087755659732751e-09,6.087767954700706e-09,6.087780216674036e-09,6.087792445846494e-09,6.087804642247039e-09,6.087816805965119e-09,6.087828937083086e-09,6.0878410356888914e-09,6.087853101880003e-09,6.087865135713798e-09,6.087877137288314e-09,6.087889106716661e-09,6.087901044023696e-09,6.087912949317051e-09,6.087924822698093e-09,6.087936664238554e-09,6.08794847402477e-09,6.087960252138325e-09,6.08797199866842e-09,6.0879837136830515e-09,6.087995397270623e-09,6.088007049522496e-09,6.088018670513522e-09,6.088030260324225e-09,6.088041819040725e-09,6.0880533467369744e-09,6.088064843500708e-09,6.0880763093970174e-09,6.0880877445333944e-09,6.08809914897806e-09,6.0881105228130574e-09,6.08812186611791e-09,6.088133178967143e-09,6.0881444614379e-09,6.088155713621346e-09,6.0881669356019015e-09,6.088178127436342e-09,6.088189289216025e-09,6.088200421019102e-09,6.08821152291468e-09,6.088222594998491e-09,6.08823363734001e-09,6.088244650033574e-09,6.088255633123744e-09,6.088266586702081e-09,6.088277510850458e-09,6.088288405643762e-09,6.0882992711567124e-09,6.0883101074717075e-09,6.088320914653354e-09,6.088331692786858e-09,6.088342441946997e-09,6.08835316221667e-09,6.088363853665858e-09,6.088374516393937e-09,6.088385150423373e-09,6.088395755860574e-09,6.088406332771029e-09,6.088416881236746e-09,6.0884274013284515e-09,6.088437893124164e-09,6.088448356696873e-09,6.088458792118816e-09,6.088469199464583e-09,6.08847957880754e-09,6.088489930238843e-09,6.088500253810735e-09,6.0885105495856225e-09,6.088520817648122e-09,6.088531058072339e-09,6.088541270926404e-09,6.088551456310051e-09,6.088561614245313e-09,6.088571744837513e-09,6.088581848154445e-09,6.088591924249015e-09,6.0886019732172075e-09,6.08861199512264e-09,6.088621990027973e-09,6.088631958023296e-09,6.088641899158026e-09,6.0886518135072306e-09,6.088661701145327e-09,6.088671562141705e-09,6.088681396564789e-09,6.088691204484803e-09,6.088700985967332e-09,6.08871074108857e-09,6.0887204699320495e-09,6.0887301725292375e-09,6.0887398489686685e-09,6.08874949931181e-09,6.088759123658021e-09,6.088768722030866e-09,6.088778294518874e-09,6.088787841181821e-09,6.088797362090928e-09,6.088806857326898e-09,6.088816326943383e-09,6.088825771012311e-09,6.088835189606111e-09,6.088844582778187e-09,6.088853950605672e-09,6.08886329316482e-09,6.0888726104901605e-09,6.0888819026654484e-09,6.088891169755753e-09,6.0889004118505795e-09,6.0889096289697255e-09,6.088918821199692e-09,6.088927988613409e-09,6.088937131262152e-09,6.088946249218677e-09,6.088955342545326e-09,6.088964411308265e-09,6.0889734555712514e-09,6.088982475400894e-09,6.088991470856738e-09,6.089000442005657e-09,6.089009388908694e-09,6.089018311628989e-09,6.089027210233513e-09,6.089036084784403e-09,6.089044935341721e-09,6.089053761990088e-09,6.089062564753833e-09,6.089071343707353e-09,6.089080098926684e-09,6.089088830462354e-09,6.089097538383594e-09,6.08910622274911e-09,6.08911488362221e-09,6.08912352108602e-09,6.089132135154142e-09,6.089140725912326e-09,6.089149293422726e-09,6.089157837743106e-09,6.089166358936785e-09,6.089174857064337e-09,6.0891833321846725e-09,6.089191784359252e-09,6.089200213648145e-09,6.089208620124824e-09,6.089217003841373e-09,6.089225364830435e-09,6.089233703187603e-09,6.08924201895424e-09,6.089250312176578e-09,6.089258582928778e-09,6.089266831269188e-09,6.089275057273179e-09,6.089283260964152e-09,6.089291442421245e-09,6.089299601699929e-09,6.089307738859735e-09,6.089315853962246e-09,6.089323947057711e-09,6.089332018203641e-09,6.089340067462022e-09,6.089348094888349e-09,6.089356100535852e-09,6.0893640844701044e-09,6.089372046743517e-09,6.089379987411694e-09,6.08938790653333e-09,6.089395804182028e-09,6.089403680378837e-09,6.089411535194574e-09,6.089419368704282e-09,6.089427180926183e-09,6.089434971960389e-09,6.0894427418185316e-09,6.089450490576945e-09,6.089458218307747e-09,6.089465925038287e-09,6.089473610825559e-09,6.089481275732176e-09,6.089488919810753e-09,6.089496543107377e-09,6.089504145716228e-09,6.089511727659572e-09,6.089519288996428e-09,6.089526829782991e-09,6.089534350047937e-09,6.089541849859992e-09,6.089549329302942e-09,6.089556788383849e-09,6.089564227178924e-09,6.089571645757192e-09,6.08957904415352e-09,6.08958642241925e-09,6.089593780611523e-09,6.089601118764864e-09,6.089608436947361e-09,6.0896157352102516e-09,6.0896230136228566e-09,6.089630272206267e-09,6.08963751104049e-09,6.0896447301508635e-09,6.089651929620608e-09,6.089659109463776e-09,6.089666269752727e-09,6.0896734105342605e-09,6.089680531861744e-09,6.089687633785075e-09,6.0896947163566965e-09,6.089701779645314e-09,6.089708823677447e-09,6.08971584850719e-09,6.089722854190981e-09,6.0897298407720775e-09,6.089736808304075e-09,6.089743756830753e-09,6.089750686406367e-09,6.089757597067996e-09,6.0897644888910575e-09,6.089771361899165e-09,6.089778216154192e-09,6.089785051695066e-09,6.089791868590117e-09,6.089798666877772e-09,6.089805446622275e-09,6.089812207842351e-09,6.089818950619663e-09,6.089825674967936e-09,6.089832380951933e-09,6.0898390686196505e-09,6.089845738019156e-09,6.089852389197482e-09,6.0898590222161216e-09,6.089865637097385e-09,6.089872233912157e-09,6.089878812685039e-09,6.089885373487898e-09,6.089891916339266e-09,6.089898441302798e-09,6.08990494843667e-09,6.089911437762656e-09,6.089917909354431e-09,6.0899243632299145e-09,6.089930799446904e-09,6.089937218067288e-09,6.089943619114232e-09,6.089950002653304e-09,6.089956368703646e-09,6.0899627173318095e-09,6.089969048574174e-09,6.0899753624961835e-09,6.089981659117527e-09,6.089987938481913e-09,6.089994200669408e-09,6.090000445690755e-09,6.0900066736013496e-09,6.09001288444874e-09,6.090019078273233e-09,6.090025255135971e-09,6.090031415053597e-09,6.090037558105151e-09,6.0900436842945675e-09,6.090049793685447e-09,6.090055886321822e-09,6.090061962246964e-09,6.090068021503543e-09,6.090074064125572e-09,6.090080090178672e-09,6.090086099712286e-09,6.090092092737277e-09,6.0900980693121346e-09,6.090104029479908e-09,6.090109973294986e-09,6.0901159007882824e-09,6.090121811997333e-09,6.090127706965074e-09,6.090133585737959e-09,6.090139448371833e-09,6.090145294886115e-09,6.090151125336549e-09,6.090156939770201e-09,6.0901627382100765e-09,6.090168520709545e-09,6.090174287310377e-09,6.09018003805691e-09,6.0901857729820486e-09,6.090191492134916e-09,6.090197195553954e-09,6.090202883272505e-09,6.090208555348431e-09,6.090214211814207e-09,6.090219852710777e-09,6.090225478078973e-09,6.090231087949254e-09,6.0902366823812734e-09,6.090242261406845e-09,6.090247825065992e-09,6.090253373399186e-09,6.090258906450368e-09,6.090264424254244e-09,6.090269926863651e-09,6.090275414290357e-09,6.0902808865911356e-09,6.090286343817185e-09,6.090291785983088e-09,6.090297213138451e-09,6.090302625327747e-09,6.090308022590224e-09,6.090313404957481e-09,6.090318772474653e-09,6.0903241251790794e-09,6.090329463114587e-09,6.0903347863193735e-09,6.090340094817366e-09,6.0903453886679726e-09,6.090350667887803e-09,6.090355932510235e-09,6.090361182606908e-09,6.090366418194464e-09,6.09037163932562e-09,6.0903768460144854e-09,6.090382038315184e-09,6.090387216260263e-09,6.090392379894295e-09,6.09039752924402e-09,6.090402664351319e-09,6.09040778525625e-09,6.090412892002673e-09,6.090417984607e-09,6.090423063118869e-09,6.09042812757283e-09,6.090433178008677e-09,6.090438214473901e-09,6.090443236991337e-09,6.090448245599179e-09,6.090453240323076e-09,6.09045822120943e-09,6.090463188304528e-09,6.090468141625286e-09,6.090473081226974e-09,6.090478007126452e-09,6.09048291937503e-09,6.090487818008232e-09,6.090492703043839e-09,6.0904975745395545e-09,6.090502432510792e-09,6.0905072770023506e-09,6.090512108054808e-09,6.090516925704027e-09,6.090521729979419e-09,6.0905265209169536e-09,6.0905312985502e-09,6.090536062913991e-09,6.0905408140470585e-09,6.0905455519671724e-09,6.0905502767368286e-09,6.0905549883720824e-09,6.0905596869023726e-09,6.09056437237203e-09,6.090569044822794e-09,6.0905737042703285e-09,6.090578350767168e-09,6.0905829843452645e-09,6.09058760501594e-09,6.090592212839166e-09,6.090596807826787e-09,6.090601390037814e-09,6.090605959478485e-09,6.090610516195379e-09,6.090615060221761e-09,6.0906195915909845e-09,6.090624110335204e-09,6.0906286164970185e-09,6.090633110101615e-09,6.090637591171978e-09,6.090642059748542e-09,6.090646515875081e-09,6.0906509595749756e-09,6.090655390872586e-09,6.0906598098142156e-09,6.090664216418412e-09,6.090668610725466e-09,6.0906729927767286e-09,6.090677362585708e-09,6.0906817202037814e-09,6.090686065642175e-09,6.09069039894217e-09,6.090694720134072e-09,6.090699029262488e-09,6.0907033263394435e-09,6.0907076114002686e-09,6.090711884487462e-09,6.090716145635778e-09,6.090720394866952e-09,6.0907246322126825e-09,6.090728857704072e-09,6.090733071362682e-09,6.090737273227222e-09,6.0907414633410246e-09,6.09074564172245e-09,6.090749808405043e-09,6.090753963410104e-09,6.090758106784891e-09,6.090762238542736e-09,6.090766358731406e-09,6.090770467374347e-09,6.090774564496238e-09,6.0907786501269246e-09,6.0907827242965825e-09,6.0907867870399025e-09,6.090790838393336e-09,6.090794878378636e-09,6.090798907018294e-09,6.090802924350125e-09,6.090806930400912e-09,6.0908109252139175e-09,6.09081490879809e-09,6.090818881199553e-09,6.090822842434216e-09,6.0908267925360226e-09,6.090830731532872e-09,6.090834659456693e-09,6.0908385763404015e-09,6.090842482206842e-09,6.090846377086041e-09,6.090850261007286e-09,6.090854133999372e-09,6.0908579960990336e-09,6.0908618473281954e-09,6.09086568770382e-09,6.0908695172646676e-09,6.090873336035892e-09,6.090877144054166e-09,6.09088094134842e-09,6.090884727937814e-09,6.090888503845572e-09,6.0908922691128585e-09,6.090896023762111e-09,6.09089976782115e-09,6.090903501304968e-09,6.090907224257912e-09,6.0909109367095786e-09,6.090914638673856e-09,6.090918330185213e-09,6.090922011279803e-09,6.090925681968109e-09,6.090929342284483e-09,6.090932992264241e-09,6.090936631929116e-09,6.0909402612957896e-09,6.0909438803996535e-09,6.09094748926647e-09,6.0909510879252135e-09,6.090954676407827e-09,6.090958254734759e-09,6.090961822935239e-09,6.090965381023835e-09,6.090968929041294e-09,6.090972467011185e-09,6.090975994956979e-09,6.090979512898696e-09,6.0909830208693004e-09,6.090986518895557e-09,6.09099000700219e-09,6.0909934852219925e-09,6.0909969535763985e-09,6.0910004120924896e-09,6.091003860788361e-09,6.091007299683034e-09,6.091010728818747e-09,6.091014148213593e-09,6.091017557904176e-09,6.091020957899263e-09,6.091024348233269e-09,6.091027728930773e-09,6.09103110002281e-09,6.091034461519999e-09,6.091037813463198e-09,6.0910411558617456e-09,6.091044488751761e-09,6.0910478121545325e-09,6.091051126094412e-09,6.091054430606149e-09,6.091057725697355e-09,6.091061011398831e-09,6.0910642877394615e-09,6.091067554741869e-09,6.091070812428727e-09,6.091074060832943e-09,6.091077299965909e-09,6.0910805298564065e-09,6.091083750530965e-09,6.091086962019117e-09,6.091090164331485e-09,6.091093357499338e-09,6.0910965415467815e-09,6.0910997164955614e-09,6.091102882375155e-09,6.091106039203173e-09,6.091109187005496e-09,6.091112325805824e-09,6.091115455633534e-09,6.0911185765004055e-09,6.091121688435418e-09,6.0911247914613055e-09,6.091127885603756e-09,6.091130970883766e-09,6.091134047332999e-09,6.091137114957578e-09,6.091140173791498e-09,6.091143223857982e-09,6.091146265184762e-09,6.091149297781654e-09,6.091152321678051e-09,6.0911553368966845e-09,6.091158343460579e-09,6.091161341389726e-09,6.091164330717793e-09,6.091167311451834e-09,6.0911702836200416e-09,6.091173247248539e-09,6.091176202363389e-09,6.091179148975227e-09,6.09118208711635e-09,6.091185016798531e-09,6.091187938056221e-09,6.091190850900076e-09,6.091193755356067e-09,6.0911966514481215e-09,6.091199539194811e-09,6.091202418627508e-09,6.091205289753905e-09,6.091208152602876e-09,6.091211007196732e-09,6.091213853556062e-09,6.091216691704945e-09,6.091219521660242e-09,6.091222343450971e-09,6.0912251570887935e-09,6.091227962597624e-09,6.091230760007011e-09,6.091233549326003e-09,6.0912363305876185e-09,6.091239103808453e-09,6.091241869000615e-09,6.0912446261987e-09,6.0912473754169905e-09,6.0912501166718964e-09,6.09125284998888e-09,6.091255575387128e-09,6.091258292891664e-09,6.091261002520007e-09,6.09126370429943e-09,6.09126639824535e-09,6.091269084371046e-09,6.091271762703572e-09,6.09127443326941e-09,6.0912770960837634e-09,6.091279751159494e-09,6.091282398529566e-09,6.091285038207405e-09,6.091287670207829e-09,6.091290294562622e-09,6.091292911280365e-09,6.091295520391622e-09,6.091298121906356e-09,6.091300715854411e-09,6.0913033022503784e-09,6.0913058811093096e-09,6.09130845246256e-09,6.091311016316328e-09,6.091313572697126e-09,6.091316121629385e-09,6.09131866312872e-09,6.091321197207928e-09,6.091323723891936e-09,6.09132624320033e-09,6.091328755158183e-09,6.091331259777906e-09,6.09133375707434e-09,6.091336247073257e-09,6.091338729791795e-09,6.091341205255526e-09,6.0913436734719365e-09,6.091346134465437e-09,6.091348588255549e-09,6.0913510348603324e-09,6.091353474304172e-09,6.0913559065953665e-09,6.0913583317580534e-09,6.091360749810863e-09,6.091363160773149e-09,6.091365564668932e-09,6.091367961504385e-09,6.0913703513043285e-09,6.0913727340868444e-09,6.091375109870733e-09,6.091377478673801e-09,6.091379840518787e-09,6.091382195419389e-09,6.091384543395387e-09,6.091386884457782e-09,6.091389218631338e-09,6.091391545933084e-09,6.091393866381572e-09,6.0913961799928075e-09,6.091398486792095e-09,6.091400786792611e-09,6.091403080009771e-09,6.091405366463111e-09,6.091407646169172e-09,6.09140991914737e-09,6.091412185408252e-09,6.091414444976054e-09,6.091416697869629e-09,6.091418944102219e-09,6.091421183693746e-09,6.091423416660919e-09,6.0914256430267076e-09,6.0914278628024154e-09,6.091430076006246e-09,6.091432282652267e-09,6.0914344827588595e-09,6.09143667634752e-09,6.091438863437502e-09,6.0914410440387704e-09,6.091443218163404e-09,6.0914453858385714e-09,6.091447547077997e-09,6.091449701903012e-09,6.0914518503262275e-09,6.091453992360039e-09,6.0914561280242674e-09,6.091458257341876e-09,6.091460380319507e-09,6.091462496983169e-09,6.091464607340905e-09,6.091466711412591e-09,6.091468809219417e-09,6.091470900770159e-09,6.091472986073796e-09,6.091475065168375e-09,6.09147713806463e-09,6.091479204767614e-09,6.091481265301738e-09,6.091483319680328e-09,6.091485367919308e-09,6.091487410034476e-09,6.0914894460475816e-09,6.09149147596542e-09,6.0914934998085796e-09,6.0914955175925e-09,6.0914975293333965e-09,6.091499535052499e-09,6.091501534756959e-09,6.091503528467674e-09,6.091505516199413e-09,6.0915074979610836e-09,6.091509473774601e-09,6.091511443655012e-09,6.091513407617428e-09,6.091515365678767e-09,6.091517317857474e-09,6.091519264161172e-09,6.091521204608386e-09,6.091523139219957e-09,6.091525068001315e-09,6.091526990973306e-09,6.091528908150008e-09,6.0915308195517664e-09,6.091532725185019e-09,6.091534625067624e-09,6.0915365192213146e-09,6.091538407651369e-09,6.0915402903776295e-09,6.09154216741805e-09,6.091544038779943e-09,6.0915459044831205e-09,6.091547764539535e-09,6.091549618967756e-09,6.0915514677802044e-09,6.091553310993188e-09,6.091555148619849e-09,6.0915569806793905e-09,6.091558807178395e-09,6.091560628134636e-09,6.091562443563317e-09,6.091564253482833e-09,6.0915660579046114e-09,6.09156785683791e-09,6.0915696503054896e-09,6.09157143831756e-09,6.09157322088436e-09,6.091574998023681e-09,6.091576769754105e-09,6.091578536085712e-09,6.091580297027905e-09,6.0915820526072915e-09,6.0915838028243955e-09,6.0915855476989526e-09,6.091587287248787e-09,6.0915890214811275e-09,6.091590750413832e-09,6.0915924740591305e-09,6.091594192431757e-09,6.091595905545601e-09,6.0915976134140265e-09,6.091599316051128e-09,6.091601013470196e-09,6.091602705684957e-09,6.0916043927134575e-09,6.091606074561989e-09,6.091607751250494e-09,6.0916094227892035e-09,6.091611089188772e-09,6.0916127504656264e-09,6.091614406633051e-09,6.091616057703975e-09,6.091617703696129e-09,6.09161934461574e-09,6.091620980483449e-09,6.091622611304398e-09,6.091624237095416e-09,6.091625857870458e-09,6.091627473641783e-09,6.091629084427424e-09,6.091630690232119e-09,6.091632291072411e-09,6.091633886965435e-09,6.0916354779203265e-09,6.091637063946458e-09,6.091638645060481e-09,6.091640221278316e-09,6.0916417926108055e-09,6.0916433590651365e-09,6.091644920658848e-09,6.0916464774073225e-09,6.091648029320169e-09,6.091649576411035e-09,6.091651118691587e-09,6.0916526561744774e-09,6.091654188871587e-09,6.0916557167931324e-09,6.09165723995467e-09,6.091658758369006e-09,6.091660272049078e-09,6.091661781004966e-09,6.0916632852509894e-09,6.0916647847982806e-09,6.091666279663281e-09,6.091667769855075e-09,6.091669255383184e-09,6.091670736261686e-09,6.091672212503055e-09,6.0916736841195685e-09,6.091675151123983e-09,6.0916766135252736e-09,6.091678071344338e-09,6.09167952458401e-09,6.0916809732622065e-09,6.09168241738799e-09,6.091683856970487e-09,6.091685292027692e-09,6.091686722564681e-09,6.091688148596752e-09,6.091689570138266e-09,6.091690987198813e-09,6.091692399786557e-09,6.091693807916962e-09,6.091695211603568e-09,6.091696610852584e-09,6.091698005681983e-09,6.091699396099458e-09,6.0917007821178075e-09,6.091702163747106e-09,6.091703540997389e-09,6.09170491388142e-09,6.091706282415624e-09,6.091707646604366e-09,6.091709006460936e-09,6.091710362001144e-09,6.091711713230399e-09,6.091713060164978e-09,6.091714402810901e-09,6.091715741182127e-09,6.0917170752929605e-09,6.091718405150007e-09,6.0917197307633235e-09,6.091721052147713e-09,6.091722369312759e-09,6.091723682272655e-09,6.091724991032875e-09,6.091726295610104e-09,6.09172759600991e-09,6.091728892248152e-09,6.091730184330874e-09,6.091731472274002e-09,6.091732756082921e-09,6.091734035773899e-09,6.091735311353014e-09,6.0917365828352666e-09,6.0917378502272505e-09,6.091739113543935e-09,6.091740372791241e-09,6.091741627981664e-09,6.091742879126885e-09,6.0917441262374986e-09,6.091745369323319e-09,6.091746608398206e-09,6.091747843467256e-09,6.091749074546083e-09,6.091750301640333e-09,6.091751524764767e-09,6.0917527439250985e-09,6.091753959134267e-09,6.091755170402263e-09,6.091756377741662e-09,6.091757581162926e-09,6.091758780669579e-09,6.091759976278264e-09,6.091761167999033e-09,6.091762355840673e-09,6.091763539813825e-09,6.091764719925137e-09,6.0917658961871936e-09,6.091767068610955e-09,6.091768237208117e-09,6.091769401984392e-09,6.091770562951609e-09,6.0917717201226566e-09,6.091772873502471e-09,6.09177402310621e-09,6.091775168938596e-09,6.0917763110118335e-09,6.091777449338467e-09,6.0917785839235295e-09,6.091779714778409e-09,6.091780841916181e-09,6.09178196534161e-09,6.091783085066255e-09,6.091784201102864e-09,6.091785313455466e-09,6.091786422139619e-09,6.0917875271620844e-09,6.091788628532528e-09,6.091789726258154e-09,6.091790820350786e-09,6.0917919108212544e-09,6.091792997676468e-09,6.0917940809265276e-09,6.091795160584711e-09,6.0917962366545555e-09,6.091797309150436e-09,6.091798378076559e-09,6.091799443445351e-09,6.091800505266295e-09,6.091801563551372e-09,6.091802618303688e-09,6.091803669537887e-09,6.0918047172615395e-09,6.091805761482243e-09,6.091806802208674e-09,6.091807839451163e-09,6.0918088732188625e-09,6.0918099035209404e-09,6.091810930368817e-09,6.091811953769523e-09,6.091812973729795e-09,6.09181399026337e-09,6.091815003376667e-09,6.091816013076667e-09,6.091817019374034e-09,6.091818022278027e-09,6.091819021799473e-09,6.091820017940423e-09,6.09182101071736e-09,6.0918220001363115e-09,6.091822986207913e-09,6.091823968937196e-09,6.091824948334892e-09,6.091825924409494e-09,6.091826897171988e-09,6.0918278666268165e-09,6.091828832786609e-09,6.0918297956582725e-09,6.0918307552482086e-09,6.091831711569142e-09,6.091832664625725e-09,6.0918336144304544e-09,6.091834560987552e-09,6.091835504309992e-09,6.091836444403704e-09,6.091837381277362e-09,6.091838314937405e-09,6.091839245394698e-09,6.0918401726569985e-09,6.0918410967350295e-09,6.091842017632576e-09,6.091842935361199e-09,6.091843849930823e-09,6.091844761345104e-09,6.091845669610484e-09,6.091846574745258e-09,6.09184747675158e-09,6.091848375637575e-09,6.091849271409352e-09,6.091850164077657e-09,6.091851053652857e-09,6.091851940137897e-09,6.091852823543599e-09,6.091853703878124e-09,6.091854581149177e-09,6.091855455365101e-09,6.09185632653354e-09,6.0918571946644055e-09,6.091858059762066e-09,6.09185892183762e-09,6.091859780898293e-09,6.091860636949246e-09,6.0918614900006095e-09,6.091862340060252e-09,6.091863187136223e-09,6.091864031235409e-09,6.0918648723665154e-09,6.091865710536997e-09,6.091866545754151e-09,6.091867378028511e-09,6.091868207365172e-09,6.091869033772218e-09,6.091869857255554e-09,6.091870677825963e-09,6.091871495489818e-09,6.091872310254366e-09,6.091873122127443e-09,6.0918739311166036e-09,6.091874737228131e-09,6.0918755404703624e-09,6.0918763408515226e-09,6.0918771383804415e-09,6.091877933060178e-09,6.091878724902856e-09,6.091879513914929e-09,6.091880300101636e-09,6.091881083473192e-09,6.09188186403547e-09,6.091882641793988e-09,6.091883416758291e-09,6.091884188935288e-09,6.091884958332391e-09,6.091885724957153e-09,6.091886488817854e-09,6.091887249919147e-09,6.091888008270572e-09,6.091888763877417e-09,6.091889516747751e-09,6.091890266890111e-09,6.091891014309063e-09,6.091891759012837e-09,6.091892501008904e-09,6.091893240303204e-09,6.0918939769046005e-09,6.09189471082089e-09,6.091895442056049e-09,6.091896170620141e-09,6.0918968965185294e-09,6.091897619758308e-09,6.091898340346763e-09,6.091899058288804e-09,6.091899773594834e-09,6.091900486268408e-09,6.091901196319395e-09,6.091901903751778e-09,6.09190260857568e-09,6.091903310795975e-09,6.091904010418488e-09,6.091904707451318e-09,6.091905401900796e-09,6.091906093773629e-09,6.091906783077711e-09,6.0919074698193256e-09,6.091908154006128e-09,6.091908835643753e-09,6.091909514738909e-09,6.091910191298164e-09,6.0919108653267996e-09,6.091911536833617e-09,6.091912205824852e-09,6.091912872305207e-09,6.091913536282906e-09,6.091914197765448e-09,6.091914856758625e-09,6.091915513268229e-09,6.091916167300013e-09,6.091916818863658e-09,6.091917467962842e-09,6.091918114602587e-09,6.0919187587921455e-09,6.091919400537415e-09,6.091920039844869e-09,6.091920676720302e-09,6.091921311170515e-09,6.091921943202028e-09,6.0919225728220746e-09,6.091923200035935e-09,6.091923824850015e-09,6.091924447269225e-09,6.0919250673010964e-09,6.091925684953076e-09,6.091926300228826e-09,6.091926913137478e-09,6.091927523683529e-09,6.0919281318721445e-09,6.091928737711912e-09,6.091929341206275e-09,6.091929942364753e-09,6.091930541190588e-09,6.091931137690367e-09,6.09193173187202e-09,6.091932323739096e-09,6.091932913298926e-09,6.0919335005577285e-09,6.091934085522461e-09,6.091934668198124e-09,6.091935248589285e-09,6.091935826704769e-09,6.091936402547686e-09,6.091936976126672e-09,6.0919375474462494e-09,6.091938116511091e-09,6.091938683329809e-09,6.0919392479058894e-09,6.091939810247236e-09,6.09194037035869e-09,6.091940928245514e-09,6.091941483914923e-09,6.0919420373720215e-09,6.091942588622493e-09,6.091943137671022e-09,6.09194368452599e-09,6.091944229192011e-09,6.091944771673924e-09,6.0919453119770525e-09,6.091945850109338e-09,6.091946386075075e-09,6.091946919879388e-09,6.091947451529391e-09,6.0919479810291015e-09,6.0919485083850085e-09,6.09194903360279e-09,6.091949556688213e-09,6.09195007764749e-09,6.091950596484653e-09,6.091951113206893e-09,6.09195162781935e-09,6.091952140325621e-09,6.091952650734565e-09,6.0919531590480465e-09,6.091953665273282e-09,6.091954169415901e-09,6.091954671481121e-09,6.091955171475688e-09,6.0919556694029754e-09,6.0919561652693175e-09,6.091956659080093e-09,6.091957150840799e-09,6.0919576405574965e-09,6.091958128235001e-09,6.091958613877443e-09,6.091959097492045e-09,6.091959579081863e-09,6.09196005865507e-09,6.09196053621448e-09,6.091961011766418e-09,6.091961485316169e-09,6.091961956868799e-09,6.091962426430467e-09,6.091962894004335e-09,6.091963359597992e-09,6.091963823214592e-09,6.091964284860256e-09,6.0919647445401145e-09,6.0919652022605975e-09,6.09196565802516e-09,6.0919661118380795e-09,6.091966563706122e-09,6.091967013634845e-09,6.091967461628552e-09,6.091967907692117e-09,6.091968351829933e-09,6.0919687940478424e-09,6.091969234351934e-09,6.091969672745251e-09,6.091970109233526e-09,6.091970543822008e-09,6.091970976515512e-09,6.09197140731968e-09,6.091971836238602e-09,6.091972263277584e-09,6.091972688442526e-09,6.091973111735922e-09,6.091973533165426e-09,6.09197395273353e-09,6.0919743704463084e-09,6.0919747863083695e-09,6.091975200325623e-09,6.0919756125010596e-09,6.091976022841297e-09,6.0919764313495314e-09,6.09197683803131e-09,6.09197724289151e-09,6.091977645934633e-09,6.0919780471656306e-09,6.091978446590178e-09,6.091978844211198e-09,6.091979240034481e-09,6.09197963406536e-09,6.091980026306894e-09,6.0919804167647205e-09,6.09198080544423e-09,6.0919811923492236e-09,6.0919815774847575e-09,6.091981960854584e-09,6.091982342463316e-09,6.091982722316105e-09,6.091983100418372e-09,6.091983476773282e-09,6.091983851386438e-09,6.091984224261464e-09,6.091984595404396e-09,6.091984964818205e-09,6.091985332508117e-09,6.091985698478676e-09,6.091986062734314e-09,6.091986425279602e-09,6.091986786118989e-09,6.091987145257561e-09,6.091987502698624e-09,6.09198785844781e-09,6.091988212509129e-09,6.091988564886512e-09,6.091988915583861e-09,6.091989264606531e-09,6.091989611958742e-09,6.091989957644956e-09,6.091990301670187e-09,6.091990644037436e-09,6.091990984751667e-09,6.091991323818067e-09,6.0919916612394165e-09,6.091991997020727e-09,6.091992331166423e-09,6.091992663680879e-09,6.091992994568702e-09,6.091993323833181e-09,6.0919936514789225e-09,6.091993977510563e-09,6.091994301931872e-09,6.091994624747244e-09,6.091994945960937e-09,6.091995265577236e-09,6.091995583600775e-09,6.0919959000346e-09,6.091996214883816e-09,6.09199652815211e-09,6.091996839844258e-09,6.09199714996393e-09,6.091997458515211e-09,6.091997765502297e-09,6.0919980709285424e-09,6.091998374798795e-09,6.0919986771176924e-09,6.091998977888103e-09,6.0919992771152136e-09,6.091999574802534e-09,6.09199987095333e-09,6.092000165572673e-09,6.0920004586643614e-09,6.092000750232266e-09,6.092001040280504e-09,6.092001328813745e-09,6.092001615834507e-09,6.0920019013476425e-09,6.092002185357384e-09,6.092002467866635e-09,6.092002748880056e-09,6.092003028402091e-09,6.092003306434378e-09,6.0920035829840895e-09,6.092003858053455e-09,6.0920041316458885e-09,6.092004403765729e-09,6.092004674417672e-09,6.092004943604881e-09,6.092005211330148e-09,6.092005477599348e-09,6.092005742414427e-09,6.092006005779613e-09,6.092006267699423e-09,6.092006528177446e-09,6.092006787217358e-09,6.092007044822975e-09,6.092007300998009e-09,6.0920075557465825e-09,6.09200780907145e-09,6.092008060977639e-09,6.092008311467721e-09,6.092008560545854e-09,6.092008808215803e-09,6.092009054481863e-09,6.092009299346447e-09,6.092009542814491e-09,6.0920097848889925e-09,6.092010025573145e-09,6.092010264871644e-09,6.0920105027871546e-09,6.0920107393236545e-09,6.0920109744849194e-09,6.092011208274871e-09,6.092011440696333e-09,6.092011671753761e-09,6.0920119014498885e-09,6.092012129789111e-09,6.0920123567745735e-09,6.092012582409932e-09,6.092012806698445e-09,6.092013029643862e-09,6.092013251249717e-09,6.092013471518889e-09,6.092013690455982e-09,6.092013908063879e-09,6.092014124346282e-09,6.0920143393060706e-09,6.092014552947466e-09,6.0920147652733836e-09,6.092014976287946e-09,6.092015185993832e-09,6.092015394395208e-09,6.0920156014947436e-09,6.092015807296669e-09,6.092016011803496e-09,6.092016215019579e-09,6.092016416947778e-09,6.092016617591134e-09,6.092016816953303e-09,6.09201701503826e-09,6.092017211848789e-09,6.0920174073882985e-09,6.092017601659709e-09,6.092017794666837e-09,6.092017986413371e-09,6.092018176902198e-09,6.092018366136446e-09,6.092018554119152e-09,6.092018740854061e-09,6.0920189263442825e-09,6.092019110593795e-09,6.092019293604746e-09,6.09201947538093e-09,6.0920196559258596e-09,6.092019835242539e-09,6.092020013334068e-09,6.092020190203656e-09,6.0920203658543085e-09,6.092020540289429e-09,6.092020713512208e-09,6.092020885525887e-09,6.092021056333632e-09,6.092021225938622e-09,6.092021394344043e-09,6.092021561552904e-09,6.092021727568546e-09,6.092021892394389e-09,6.092022056033054e-09,6.092022218487874e-09,6.092022379761333e-09,6.092022539857106e-09,6.0920226987787305e-09,6.092022856528333e-09,6.092023013109562e-09,6.092023168525312e-09,6.0920233227786954e-09,6.092023475872747e-09,6.0920236278105915e-09,6.0920237785955024e-09,6.092023928230154e-09,6.092024076717735e-09,6.092024224060793e-09,6.092024370262665e-09,6.092024515326364e-09,6.092024659255192e-09,6.092024802051506e-09,6.0920249437186e-09,6.092025084259749e-09,6.092025223677277e-09,6.09202536197446e-09,6.092025499154512e-09,6.092025635219897e-09,6.0920257701739665e-09,6.092025904019377e-09,6.092026036758764e-09,6.092026168395377e-09,6.092026298932328e-09,6.092026428371984e-09,6.09202655671751e-09,6.092026683971936e-09,6.0920268101373055e-09,6.092026935217572e-09,6.092027059215265e-09,6.092027182132946e-09,6.092027303973889e-09,6.09202742474037e-09,6.092027544435469e-09,6.092027663062019e-09,6.092027780622996e-09,6.0920278971208406e-09,6.092028012558495e-09,6.092028126938932e-09,6.092028240264534e-09,6.092028352538556e-09,6.092028463763325e-09,6.092028573941958e-09,6.092028683076831e-09,6.0920287911710705e-09,6.092028898227202e-09,6.0920290042476736e-09,6.0920291092355834e-09,6.092029213193552e-09,6.092029316124514e-09,6.092029418030741e-09,6.0920295189151345e-09,6.092029618780362e-09,6.09202971762937e-09,6.092029815464488e-09,6.092029912288262e-09,6.092030008103724e-09,6.0920301029133265e-09,6.092030196719523e-09,6.092030289525154e-09,6.09203038133306e-09,6.092030472145644e-09,6.092030561965484e-09,6.092030650795299e-09,6.0920307386373995e-09,6.092030825494573e-09,6.092030911369615e-09,6.09203099626472e-09,6.09203108018269e-09,6.092031163126061e-09,6.092031245097572e-09,6.092031326099587e-09,6.092031406134563e-09,6.0920314852050965e-09,6.092031563313792e-09,6.092031640463156e-09,6.092031716655701e-09,6.092031791894137e-09,6.092031866180586e-09,6.092031939517774e-09,6.092032011908318e-09,6.092032083354453e-09,6.09203215385867e-09,6.092032223423546e-09,6.0920322920516434e-09,6.092032359745199e-09,6.092032426506901e-09,6.092032492338945e-09,6.092032557243934e-09,6.092032621224379e-09,6.092032684282492e-09,6.0920327464208116e-09,6.09203280764177e-09,6.092032867947767e-09,6.0920329273412985e-09,6.092032985824564e-09,6.092033043400036e-09,6.092033100070241e-09,6.0920331558374374e-09,6.0920332107039015e-09,6.092033264672089e-09,6.092033317744493e-09,6.092033369923237e-09,6.092033421210755e-09,6.0920334716094235e-09,6.092033521121553e-09,6.092033569749489e-09,6.09203361749564e-09,6.092033664362228e-09,6.092033710351454e-09,6.092033755465855e-09,6.092033799707549e-09,6.092033843078883e-09,6.092033885582165e-09,6.092033927219656e-09,6.09203396799365e-09,6.092034007906462e-09,6.0920340469602355e-09,6.092034085157296e-09,6.092034122499898e-09,6.092034158990281e-09,6.0920341946307584e-09,6.092034229423422e-09,6.092034263370608e-09,6.092034296474516e-09,6.0920343287372895e-09,6.092034360161257e-09,6.092034390748509e-09,6.0920344205012946e-09,6.092034449421857e-09,6.092034477512286e-09,6.09203450477487e-09,6.092034531211672e-09,6.0920345568249195e-09,6.0920345816167616e-09,6.092034605589399e-09,6.092034628745019e-09,6.092034651085633e-09,6.092034672613469e-09,6.0920346933306945e-09,6.092034713239401e-09,6.092034732341712e-09,6.092034750639755e-09,6.0920347681355945e-09,6.0920347848314105e-09,6.092034800729282e-09,6.0920348158312935e-09,6.092034830139522e-09,6.092034843656087e-09,6.092034856383057e-09,6.0920348683225316e-09,6.092034879476546e-09,6.0920348898471715e-09,6.092034899436504e-09,6.0920349082465445e-09,6.092034916279385e-09,6.092034923537051e-09,6.0920349300215695e-09,6.092034935734988e-09,6.092034940679331e-09,6.092034944856621e-09,6.0920349482688735e-09,6.092034950918099e-09,6.092034952806301e-09,6.092034953935491e-09,6.092034954307657e-09,6.092034953924781e-09,6.09203495278886e-09,6.092034950901879e-09,6.092034948265806e-09,6.092034944882617e-09,6.092034940754253e-09,6.092034935882681e-09,6.092034930269869e-09,6.092034923917783e-09,6.092034916828346e-09,6.092034909003494e-09,6.092034900445149e-09,6.092034891155279e-09,6.092034881135782e-09,6.092034870388573e-09,6.09203485891558e-09,6.092034846718661e-09,6.092034833799766e-09,6.092034820160787e-09,6.092034805803656e-09,6.0920347907302265e-09,6.0920347749423695e-09,6.092034758441972e-09,6.092034741231043e-09,6.092034723311219e-09,6.092034704684457e-09,6.092034685352582e-09,6.092034665317546e-09,6.092034644581149e-09,6.09203462314516e-09,6.092034601011511e-09,6.092034578182046e-09,6.092034554658579e-09,6.092034530442936e-09,6.092034505536913e-09,6.092034479942364e-09,6.092034453661065e-09,6.0920344266947565e-09,6.0920343990453586e-09,6.092034370714582e-09,6.092034341704349e-09,6.092034312016267e-09,6.092034281652204e-09,6.092034250613919e-09,6.0920342189032444e-09,6.092034186522008e-09,6.092034153471867e-09,6.092034119754524e-09,6.092034085371877e-09,6.092034050325689e-09,6.0920340146174644e-09,6.092033978249167e-09,6.092033941222359e-09,6.092033903538921e-09,6.092033865200633e-09,6.092033826209141e-09,6.092033786566141e-09,6.092033746273255e-09,6.092033705332385e-09,6.0920336637451776e-09,6.092033621513248e-09,6.092033578638388e-09,6.092033535122226e-09,6.092033490966498e-09,6.092033446172864e-09,6.092033400742907e-09,6.092033354678523e-09,6.092033307981223e-09,6.092033260652609e-09,6.092033212694525e-09,6.092033164108381e-09,6.092033114896145e-09,6.092033065059313e-09,6.0920330145995184e-09,6.0920329635183975e-09,6.092032911817474e-09,6.092032859498626e-09,6.092032806563367e-09,6.0920327530132475e-09,6.092032698849999e-09,6.0920326440751564e-09,6.092032588690338e-09,6.0920325326971895e-09,6.092032476097303e-09,6.092032418892272e-09,6.0920323610835275e-09,6.092032302672906e-09,6.0920322436617794e-09,6.0920321840519855e-09,6.09203212384496e-09,6.092032063042253e-09,6.092032001645422e-09,6.0920319396559546e-09,6.092031877075654e-09,6.092031813905972e-09,6.092031750148412e-09,6.092031685804497e-09,6.092031620875829e-09,6.09203155536392e-09,6.092031489270241e-09,6.092031422596454e-09,6.0920313553440625e-09,6.092031287514398e-09,6.092031219109276e-09,6.092031150130073e-09,6.092031080578353e-09,6.092031010455538e-09,6.092030939762987e-09,6.092030868502445e-09,6.092030796675448e-09,6.092030724283212e-09,6.092030651327578e-09,6.092030577809827e-09,6.09203050373129e-09,6.09203042909375e-09,6.092030353898554e-09,6.092030278147139e-09,6.09203020184099e-09,6.09203012498182e-09,6.09203004757046e-09,6.092029969608704e-09,6.092029891098198e-09,6.092029812040193e-09,6.092029732436177e-09,6.092029652287563e-09,6.092029571595832e-09,6.092029490362371e-09,6.0920294085886e-09,6.092029326275771e-09,6.0920292434256225e-09,6.092029160039437e-09,6.0920290761186516e-09,6.0920289916646385e-09,6.092028906678784e-09,6.092028821162349e-09,6.0920287351170555e-09,6.092028648543976e-09,6.092028561444814e-09,6.092028473820835e-09,6.092028385673365e-09,6.092028297003829e-09,6.092028207813372e-09,6.0920281181037195e-09,6.092028027875989e-09,6.092027937131841e-09,6.092027845872202e-09,6.092027754098855e-09,6.092027661812936e-09,6.092027569015885e-09,6.09202747570894e-09,6.09202738189333e-09,6.092027287570598e-09,6.092027192742303e-09,6.092027097409228e-09,6.092027001573188e-09,6.092026905235151e-09,6.0920268083967405e-09,6.092026711059193e-09,6.092026613223735e-09,6.092026514891756e-09,6.09202641606431e-09,6.092026316742883e-09,6.092026216929025e-09,6.092026116623754e-09,6.092026015828482e-09,6.092025914544449e-09,6.092025812772866e-09,6.092025710515169e-09,6.092025607772605e-09,6.09202550454629e-09,6.092025400837737e-09,6.092025296648039e-09,6.092025191978583e-09,6.0920250868304994e-09,6.092024981204928e-09,6.092024875103526e-09,6.092024768527332e-09,6.09202466147738e-09,6.0920245539551794e-09,6.0920244459621455e-09,6.092024337499273e-09,6.092024228567656e-09,6.092024119168737e-09,6.092024009303816e-09,6.092023898974173e-09,6.092023788180906e-09,6.092023676925037e-09,6.092023565208179e-09,6.092023453031349e-09,6.092023340395776e-09,6.092023227302361e-09,6.092023113752887e-09,6.092022999748198e-09,6.092022885289494e-09,6.092022770377889e-09,6.0920226550149676e-09,6.092022539201458e-09,6.0920224229387554e-09,6.092022306228299e-09,6.092022189070817e-09,6.092022071467757e-09,6.0920219534202475e-09,6.092021834929576e-09,6.092021715996789e-09,6.0920215966228154e-09,6.092021476809337e-09,6.09202135655695e-09,6.092021235867103e-09,6.092021114741152e-09,6.092020993180079e-09,6.092020871184898e-09,6.09202074875665e-09,6.092020625896948e-09,6.0920205026064486e-09,6.092020378886645e-09,6.092020254738496e-09,6.092020130163253e-09,6.092020005161842e-09,6.0920198797355836e-09,6.092019753885174e-09,6.092019627612086e-09,6.0920195009176656e-09,6.09201937380276e-09,6.09201924626861e-09,6.092019118316072e-09,6.092018989946126e-09,6.0920188611600556e-09,6.092018731959028e-09,6.092018602344424e-09,6.0920184723171015e-09,6.092018341878061e-09,6.092018211028415e-09,6.0920180797689845e-09,6.092017948101424e-09,6.092017816026624e-09,6.0920176835453435e-09,6.092017550658874e-09,6.092017417368244e-09,6.092017283674646e-09,6.092017149578922e-09,6.09201701508218e-09,6.092016880185611e-09,6.092016744890209e-09,6.092016609197074e-09,6.092016473107191e-09,6.0920163366216195e-09,6.09201619974109e-09,6.092016062466967e-09,6.0920159248005425e-09,6.092015786742606e-09,6.092015648293873e-09,6.092015509455662e-09,6.092015370229329e-09,6.092015230615275e-09,6.092015090615071e-09,6.092014950229597e-09,6.092014809459656e-09,6.0920146683061974e-09,6.092014526770669e-09,6.09201438485356e-09,6.092014242556454e-09,6.092014099879889e-09,6.092013956825073e-09,6.092013813392831e-09,6.092013669584618e-09,6.092013525400929e-09,6.0920133808429215e-09,6.092013235911312e-09,6.092013090607366e-09,6.092012944932304e-09,6.092012798886584e-09,6.09201265247144e-09,6.09201250568818e-09,6.092012358537085e-09,6.0920122110199e-09,6.092012063137121e-09,6.092011914889904e-09,6.092011766279058e-09,6.092011617305505e-09,6.092011467970505e-09,6.0920113182742465e-09,6.092011168218606e-09,6.092011017804156e-09,6.092010867031727e-09,6.092010715902578e-09,6.092010564417025e-09,6.0920104125766576e-09,6.0920102603819315e-09,6.092010107833995e-09,6.092009954933881e-09,6.092009801682336e-09,6.092009648080529e-09,6.092009494129576e-09,6.092009339829782e-09,6.092009185182723e-09,6.092009030188599e-09,6.092008874848946e-09,6.092008719164546e-09,6.092008563136224e-09,6.092008406764888e-09,6.092008250051315e-09,6.092008092996246e-09,6.092007935601158e-09,6.092007777866592e-09,6.092007619793216e-09,6.092007461382575e-09,6.092007302635234e-09,6.092007143552059e-09,6.092006984133817e-09,6.092006824381208e-09,6.0920066642956874e-09,6.092006503877922e-09,6.092006343128722e-09,6.092006182048575e-09,6.092006020639073e-09,6.092005858900819e-09,6.092005696834555e-09,6.0920055344413e-09,6.092005371721796e-09,6.092005208676538e-09,6.092005045307188e-09,6.092004881614088e-09,6.092004717598224e-09,6.092004553260159e-09,6.0920043886012806e-09,6.092004223621927e-09,6.092004058323499e-09,6.092003892706588e-09,6.092003726771915e-09,6.09200356052051e-09,6.0920033939529874e-09,6.092003227070283e-09,6.092003059873226e-09,6.092002892362741e-09,6.092002724539116e-09,6.092002556404061e-09,6.092002387957975e-09,6.09200221920162e-09,6.092002050135973e-09,6.092001880761762e-09,6.092001711079625e-09,6.092001541090667e-09,6.092001370795355e-09,6.092001200194891e-09,6.092001029289914e-09,6.092000858081281e-09,6.092000686569698e-09,6.092000514756158e-09,6.092000342641093e-09,6.092000170225207e-09,6.091999997509922e-09,6.091999824495775e-09,6.091999651183558e-09,6.0919994775735974e-09,6.0919993036675044e-09,6.0919991294655314e-09,6.091998954968648e-09,6.091998780177577e-09,6.091998605093029e-09,6.091998429715872e-09,6.091998254046363e-09,6.091998078085927e-09,6.091997901835107e-09,6.091997725295143e-09,6.091997548465945e-09,6.091997371349067e-09,6.0919971939449684e-09,6.091997016254231e-09,6.091996838277516e-09,6.0919966600161355e-09,6.0919964814704865e-09,6.091996302641349e-09,6.091996123529471e-09,6.091995944135265e-09,6.0919957644601556e-09,6.091995584504543e-09,6.0919954042691555e-09,6.09199522375472e-09,6.091995042961738e-09,6.091994861891227e-09,6.0919946805438915e-09,6.0919944989208204e-09,6.091994317022409e-09,6.0919941348493995e-09,6.0919939524025955e-09,6.0919937696825465e-09,6.091993586689709e-09,6.09199340342558e-09,6.091993219890482e-09,6.091993036084736e-09,6.091992852009231e-09,6.091992667665395e-09,6.091992483053393e-09,6.091992298174e-09,6.0919921130279e-09,6.091991927615907e-09,6.09199174193801e-09,6.091991555995738e-09,6.091991369789572e-09,6.0919911833200665e-09,6.091990996588488e-09,6.091990809595004e-09,6.091990622339835e-09,6.091990434824832e-09,6.091990247050119e-09,6.091990059016231e-09,6.091989870724053e-09,6.0919896821738526e-09,6.0919894933670695e-09,6.091989304303979e-09,6.091989114985254e-09,6.091988925411729e-09,6.091988735583774e-09,6.091988545502092e-09,6.0919883551675376e-09,6.091988164580283e-09,6.091987973741518e-09,6.0919877826522486e-09,6.091987591312721e-09,6.091987399723601e-09,6.0919872078854575e-09,6.091987015798994e-09,6.0919868234649145e-09,6.091986630884036e-09,6.091986438056785e-09,6.091986244983891e-09,6.091986051666031e-09,6.091985858103368e-09,6.0919856642969405e-09,6.091985470247526e-09,6.0919852759555374e-09,6.091985081422343e-09,6.091984886647995e-09,6.091984691633212e-09,6.091984496378627e-09,6.0919843008847044e-09,6.091984105151828e-09,6.091983909181414e-09,6.0919837129732904e-09,6.091983516528474e-09,6.091983319847573e-09,6.0919831229312635e-09,6.091982925780614e-09,6.091982728395299e-09,6.091982530776803e-09,6.0919823329253694e-09,6.091982134841259e-09,6.091981936525805e-09,6.091981737978867e-09,6.09198153920138e-09,6.091981340194033e-09,6.09198114095785e-09,6.091980941493036e-09,6.091980741800331e-09,6.09198054187996e-09,6.091980341732461e-09,6.091980141358699e-09,6.091979940759698e-09,6.091979739935651e-09,6.091979538886745e-09,6.091979337614345e-09,6.091979136118377e-09,6.091978934399736e-09,6.091978732458973e-09,6.091978530297259e-09,6.091978327914364e-09,6.091978125311465e-09,6.091977922488987e-09,6.0919777194471605e-09,6.091977516186423e-09,6.0919773127081605e-09,6.091977109012425e-09,6.091976905099483e-09,6.091976700970302e-09,6.0919764966254555e-09,6.091976292065941e-09,6.091976087291665e-09,6.091975882303682e-09,6.0919756771023814e-09,6.091975471687969e-09,6.091975266061604e-09,6.091975060223497e-09,6.091974854173907e-09,6.091974647913497e-09,6.091974441443706e-09,6.091974234764536e-09,6.091974027876418e-09,6.09197382078003e-09,6.091973613475689e-09,6.0919734059638356e-09,6.091973198245703e-09,6.091972990321024e-09,6.091972782191097e-09,6.091972573856252e-09,6.091972365316963e-09,6.091972156573828e-09,6.091971947627145e-09,6.091971738477585e-09,6.091971529125769e-09,6.091971319571646e-09,6.0919711098166444e-09,6.091970899861021e-09,6.091970689704836e-09,6.0919704793493894e-09,6.091970268794568e-09,6.091970058041014e-09,6.091969847089378e-09,6.09196963594088e-09,6.091969424595227e-09,6.091969213053135e-09,6.091969001314568e-09,6.091968789380879e-09,6.0919685772519615e-09,6.091968364929031e-09,6.091968152412233e-09,6.091967939701596e-09,6.091967726798129e-09,6.091967513702871e-09,6.091967300415594e-09,6.091967086937115e-09,6.091966873267265e-09,6.091966659407706e-09,6.091966445358377e-09,6.091966231119864e-09,6.091966016691887e-09,6.091965802076232e-09,6.091965587272673e-09,6.091965372281759e-09,6.091965157103717e-09,6.091964941739408e-09,6.091964726189686e-09,6.091964510454756e-09,6.091964294534554e-09,6.0919640784305155e-09,6.091963862142194e-09,6.091963645670988e-09,6.091963429016895e-09,6.091963212180565e-09,6.091962995161828e-09,6.09196277796193e-09,6.091962560580901e-09,6.091962343019777e-09,6.091962125278869e-09,6.091961907358011e-09,6.091961689258271e-09,6.0919614709804694e-09,6.091961252524156e-09,6.0919610338902085e-09,6.091960815079679e-09,6.091960596092023e-09,6.091960376928743e-09,6.091960157589852e-09,6.091959938075204e-09,6.091959718385776e-09,6.091959498522646e-09,6.091959278485634e-09,6.091959058275271e-09,6.091958837892009e-09,6.09195861733632e-09,6.0919583966087986e-09,6.091958175709228e-09,6.09195795463847e-09,6.091957733397636e-09,6.091957511986329e-09,6.0919572904058535e-09,6.091957068656017e-09,6.091956846737383e-09,6.091956624650576e-09,6.091956402395782e-09,6.091956179973519e-09,6.091955957384163e-09,6.091955734628293e-09,6.091955511706416e-09,6.091955288618431e-09,6.091955065365671e-09,6.091954841947756e-09,6.091954618365919e-09,6.091954394619525e-09,6.091954170710356e-09,6.091953946638179e-09,6.091953722403384e-09,6.0919534980064675e-09,6.091953273447823e-09,6.0919530487274744e-09,6.091952823846691e-09,6.091952598805458e-09,6.091952373604359e-09,6.09195214824357e-09,6.091951922723188e-09,6.091951697044388e-09,6.09195147120702e-09,6.0919512452118595e-09,6.091951019059471e-09,6.091950792750228e-09,6.0919505662844136e-09,6.09195033966184e-09,6.091950112883639e-09,6.091949885949907e-09,6.091949658861263e-09,6.091949431618522e-09,6.0919492042216325e-09,6.09194897667112e-09,6.091948748966818e-09,6.091948521109588e-09,6.091948293099753e-09,6.091948064938419e-09,6.091947836624958e-09,6.091947608160599e-09,6.091947379545545e-09,6.091947150780037e-09,6.091946921864469e-09,6.091946692799097e-09,6.091946463584494e-09,6.0919462342206665e-09,6.091946004708247e-09,6.091945775048635e-09,6.091945545241045e-09,6.091945315285767e-09,6.0919450851839494e-09,6.091944854935302e-09,6.091944624541076e-09,6.091944394001077e-09,6.09194416331534e-09,6.091943932485183e-09,6.091943701510483e-09,6.0919434703911405e-09,6.091943239128497e-09,6.091943007722511e-09,6.091942776173532e-09,6.091942544481869e-09,6.091942312648042e-09,6.091942080672044e-09,6.091941848554752e-09,6.091941616296371e-09,6.091941383897389e-09,6.091941151358111e-09,6.09194091867881e-09,6.091940685859996e-09,6.091940452901467e-09,6.091940219804563e-09,6.091939986569194e-09,6.091939753195208e-09,6.091939519683933e-09,6.091939286035367e-09,6.091939052249741e-09,6.09193881832691e-09,6.091938584268419e-09,6.091938350074067e-09,6.091938115744135e-09,6.091937881279009e-09,6.091937646679133e-09,6.091937411944938e-09,6.091937177075933e-09,6.091936942073661e-09,6.091936706938095e-09,6.091936471669513e-09,6.091936236268469e-09,6.091936000735008e-09,6.09193576506945e-09,6.091935529271954e-09,6.091935293343116e-09,6.091935057283934e-09,6.091934821094195e-09,6.0919345847741815e-09,6.091934348324655e-09,6.0919341117454135e-09,6.09193387503675e-09,6.0919336381994195e-09,6.091933401233305e-09,6.091933164139495e-09,6.091932926917965e-09,6.091932689568534e-09,6.091932452092518e-09,6.09193221448926e-09,6.091931976759611e-09,6.091931738903961e-09,6.091931500923001e-09,6.091931262816749e-09,6.091931024585291e-09,6.091930786229258e-09,6.091930547748996e-09,6.09193030914454e-09,6.091930070416668e-09,6.091929831565186e-09,6.091929592590584e-09,6.091929353492718e-09,6.09192911427303e-09,6.091928874931157e-09,6.091928635467644e-09,6.091928395882131e-09,6.091928156176001e-09,6.091927916349265e-09,6.091927676402077e-09,6.091927436334782e-09,6.091927196147766e-09,6.091926955840674e-09,6.091926715414363e-09,6.091926474870001e-09,6.09192623420646e-09,6.091925993425141e-09,6.091925752526176e-09,6.091925511509086e-09,6.0919252703746176e-09,6.091925029123507e-09,6.091924787755622e-09,6.09192454627186e-09,6.091924304672369e-09,6.091924062956888e-09,6.091923821126101e-09,6.091923579180249e-09,6.0919233371193665e-09,6.09192309494437e-09,6.091922852655252e-09,6.091922610252313e-09,6.091922367735338e-09,6.0919221251056744e-09,6.0919218823631015e-09,6.091921639507496e-09,6.091921396540139e-09,6.091921153460674e-09,6.091920910269515e-09,6.0919206669667304e-09,6.091920423553145e-09,6.091920180028291e-09,6.091919936393703e-09,6.09191969264861e-09,6.091919448793685e-09,6.091919204828574e-09,6.091918960754695e-09,6.091918716571289e-09,6.091918472279172e-09,6.091918227878565e-09,6.091917983370111e-09,6.091917738753481e-09,6.091917494029782e-09,6.091917249198637e-09,6.091917004260763e-09,6.091916759216344e-09,6.091916514065458e-09,6.0919162688084524e-09,6.091916023445698e-09,6.091915777977269e-09,6.091915532403469e-09,6.091915286724258e-09,6.091915040940293e-09,6.0919147950520945e-09,6.091914549060182e-09,6.091914302964636e-09,6.091914056764843e-09,6.0919138104623465e-09,6.0919135640566985e-09,6.091913317548139e-09,6.0919130709372644e-09,6.0919128242237605e-09,6.091912577408724e-09,6.091912330492163e-09,6.091912083474216e-09,6.091911836355185e-09,6.091911589135454e-09,6.091911341815014e-09,6.091911094394422e-09,6.091910846873801e-09,6.091910599253539e-09,6.0919103515338555e-09,6.091910103714344e-09,6.0919098557959795e-09,6.091909607778986e-09,6.091909359664027e-09,6.091909111450745e-09,6.091908863139777e-09,6.0919086147312445e-09,6.091908366224896e-09,6.091908117621962e-09,6.091907868921629e-09,6.091907620125493e-09,6.091907371233221e-09,6.091907122243973e-09,6.0919068731596155e-09,6.0919066239793125e-09,6.0919063747041725e-09,6.091906125333728e-09,6.091905875868342e-09,6.09190562630902e-09,6.0919053766548535e-09,6.091905126907379e-09,6.091904877066196e-09,6.0919046271315235e-09,6.0919043771037194e-09,6.0919041269830684e-09,6.091903876769534e-09,6.091903626463091e-09,6.091903376064912e-09,6.091903125574273e-09,6.091902874992457e-09,6.091902624319142e-09,6.091902373554668e-09,6.091902122699213e-09,6.091901871752455e-09,6.0919016207153224e-09,6.091901369588101e-09,6.091901118370755e-09,6.091900867064139e-09,6.0919006156680265e-09,6.091900364182666e-09,6.0919001126083746e-09,6.0918998609451434e-09,6.091899609192992e-09,6.09189935735311e-09,6.091899105425094e-09,6.09189885340917e-09,6.0918986013057675e-09,6.091898349115086e-09,6.091898096836813e-09,6.091897844471931e-09,6.091897592020087e-09,6.091897339482471e-09,6.091897086858659e-09,6.091896834148731e-09,6.091896581353368e-09,6.091896328471904e-09,6.0918960755051605e-09,6.0918958224539475e-09,6.091895569318506e-09,6.09189531609789e-09,6.091895062793181e-09,6.091894809404513e-09,6.091894555931764e-09,6.091894302374927e-09,6.091894048735419e-09,6.091893795012383e-09,6.091893541206568e-09,6.091893287318001e-09,6.0918930333468755e-09,6.091892779293528e-09,6.091892525157618e-09,6.091892270940602e-09,6.091892016641614e-09,6.091891762260962e-09,6.091891507799561e-09,6.091891253257122e-09,6.0918909986341065e-09,6.0918907439296656e-09,6.091890489145376e-09,6.0918902342819965e-09,6.091889979338289e-09,6.091889724314936e-09,6.091889469212423e-09,6.091889214030505e-09,6.091888958769083e-09,6.0918887034292685e-09,6.091888448010969e-09,6.091888192513757e-09,6.091887936938536e-09,6.0918876812858805e-09,6.091887425555495e-09,6.0918871697477034e-09,6.0918869138620635e-09,6.09188665789998e-09,6.091886401860899e-09,6.091886145745341e-09,6.091885889552937e-09,6.0918856332847536e-09,6.0918853769404684e-09,6.09188512051999e-09,6.091884864024123e-09,6.091884607452526e-09,6.091884350806157e-09,6.091884094084832e-09,6.091883837288569e-09,6.091883580417407e-09,6.091883323472245e-09,6.091883066452292e-09,6.0918828093587636e-09,6.0918825521916744e-09,6.09188229495004e-09,6.091882037635809e-09,6.091881780248577e-09,6.091881522787785e-09,6.091881265254256e-09,6.091881007648431e-09,6.091880749969846e-09,6.091880492219647e-09,6.091880234396923e-09,6.091879976503017e-09,6.091879718537187e-09,6.091879460500187e-09,6.091879202392073e-09,6.091878944212863e-09,6.091878685962863e-09,6.091878427642293e-09,6.091878169251213e-09,6.0918779107894494e-09,6.0918776522580136e-09,6.0918773936566495e-09,6.091877134985614e-09,6.091876876245277e-09,6.0918766174352795e-09,6.091876358556454e-09,6.091876099608807e-09,6.0918758405923436e-09,6.091875581507429e-09,6.091875322354191e-09,6.091875063132306e-09,6.091874803843177e-09,6.0918745444855125e-09,6.0918742850606554e-09,6.091874025568532e-09,6.0918737660090546e-09,6.0918735063820875e-09,6.091873246688847e-09,6.091872986928323e-09,6.091872727101907e-09,6.091872467209394e-09,6.091872207250454e-09,6.091871947225664e-09,6.09187168713453e-09,6.091871426978308e-09,6.091871166756676e-09,6.09187090646984e-09,6.0918706461174725e-09,6.091870385700684e-09,6.091870125218709e-09,6.091869864672732e-09,6.09186960406238e-09,6.091869343387846e-09,6.091869082649342e-09,6.091868821847062e-09,6.091868560980615e-09,6.09186830005067e-09,6.091868039057956e-09,6.091867778002149e-09,6.091867516883394e-09,6.091867255701758e-09,6.091866994457685e-09,6.091866733151074e-09,6.091866471782291e-09,6.091866210351349e-09,6.091865948858086e-09,6.09186568730348e-09,6.091865425687327e-09,6.091865164009467e-09,6.091864902270819e-09,6.091864640470996e-09,6.091864378610313e-09,6.091864116688834e-09,6.0918638547060535e-09,6.09186359266367e-09,6.091863330560893e-09,6.091863068398207e-09,6.091862806175217e-09,6.0918625438926535e-09,6.09186228155071e-09,6.0918620191494e-09,6.091861756688694e-09,6.0918614941689646e-09,6.091861231589879e-09,6.0918609689525446e-09,6.091860706255911e-09,6.0918604435017785e-09,6.091860180688586e-09,6.091859917818908e-09,6.0918596548901015e-09,6.0918593919029315e-09,6.0918591288588565e-09,6.09185886575731e-09,6.091858602598198e-09,6.091858339381516e-09,6.0918580761083185e-09,6.091857812778322e-09,6.091857549391606e-09,6.091857285948417e-09,6.0918570224487926e-09,6.091856758892412e-09,6.091856495280651e-09,6.091856231613429e-09,6.0918559678898525e-09,6.0918557041106695e-09,6.091855440275962e-09,6.091855176385435e-09,6.091854912440656e-09,6.091854648440086e-09,6.0918543843851205e-09,6.0918541202754705e-09,6.091853856111511e-09,6.091853591892991e-09,6.09185332762032e-09,6.091853063292441e-09,6.091852798911602e-09,6.091852534476453e-09,6.091852269988328e-09,6.091852005446609e-09,6.0918517408516686e-09,6.091851476203518e-09,6.091851211502323e-09,6.0918509467478316e-09,6.091850681940263e-09,6.09185041708074e-09,6.0918501521681656e-09,6.091849887203285e-09,6.091849622186784e-09,6.091849357117899e-09,6.0918490919974916e-09,6.091848826825644e-09,6.09184856160189e-09,6.091848296326165e-09,6.0918480309997e-09,6.091847765621518e-09,6.091847500192317e-09,6.091847234712727e-09,6.0918469691820356e-09,6.09184670360115e-09,6.091846437969137e-09,6.091846172287413e-09,6.091845906555598e-09,6.0918456407737115e-09,6.091845374941834e-09,6.091845109060078e-09,6.0918448431289666e-09,6.091844577148176e-09,6.09184431111804e-09,6.091844045038484e-09,6.091843778909608e-09,6.091843512732308e-09,6.0918432465063255e-09,6.091842980230978e-09,6.091842713907603e-09,6.0918424475358284e-09,6.091842181115288e-09,6.091841914646653e-09,6.091841648130568e-09,6.091841381565953e-09,6.091841114954262e-09,6.0918408482949605e-09,6.091840581588013e-09,6.091840314834021e-09,6.091840048032722e-09,6.091839781184349e-09,6.0918395142885295e-09,6.091839247345832e-09,6.0918389803570355e-09,6.0918387133216e-09,6.091838446239283e-09,6.091838179111145e-09,6.091837911936949e-09,6.091837644716371e-09,6.091837377450225e-09,6.091837110138185e-09,6.0918368427805655e-09,6.091836575377554e-09,6.091836307928511e-09,6.0918360404347596e-09,6.09183577289552e-09,6.091835505311443e-09,6.091835237682648e-09,6.091834970008489e-09,6.091834702289577e-09,6.091834434525918e-09,6.091834166718504e-09,6.091833898866542e-09,6.091833630970997e-09,6.091833363031428e-09,6.091833095048014e-09,6.091832827020824e-09,6.091832558949498e-09,6.091832290834869e-09,6.091832022676493e-09,6.091831754475371e-09,6.091831486231162e-09,6.0918312179433615e-09,6.091830949612591e-09,6.091830681239034e-09,6.091830412823374e-09,6.0918301443651585e-09,6.0918298758644625e-09,6.091829607321199e-09,6.091829338736017e-09,6.0918290701087435e-09,6.091828801439323e-09,6.091828532728191e-09,6.091828263974778e-09,6.09182799518036e-09,6.091827726344454e-09,6.091827457466635e-09,6.0918271885480835e-09,6.091826919588134e-09,6.091826650587285e-09,6.091826381545067e-09,6.091826112462005e-09,6.091825843338194e-09,6.091825574174359e-09,6.091825304970085e-09,6.091825035725492e-09,6.091824766440624e-09,6.091824497115425e-09,6.091824227750423e-09,6.0918239583452045e-09,6.0918236889004225e-09,6.091823419416068e-09,6.09182314989196e-09,6.091822880328832e-09,6.091822610726135e-09,6.091822341084259e-09,6.091822071402768e-09,6.091821801682729e-09,6.0918215319237886e-09,6.091821262126187e-09,6.091820992289788e-09,6.091820722414866e-09,6.0918204525014545e-09,6.0918201825493245e-09,6.091819912558715e-09,6.091819642530577e-09,6.09181937246441e-09,6.091819102360365e-09,6.0918188322184774e-09,6.091818562038934e-09,6.09181829182117e-09,6.091818021566013e-09,6.091817751273301e-09,6.091817480944044e-09,6.091817210577494e-09,6.091816940174003e-09,6.091816669732873e-09,6.091816399255399e-09,6.0918161287412334e-09,6.091815858189897e-09,6.091815587601978e-09,6.091815316978201e-09,6.091815046318027e-09,6.091814775621684e-09,6.091814504888599e-09,6.091814234120141e-09,6.091813963315661e-09,6.0918136924748785e-09,6.091813421598832e-09,6.091813150687178e-09,6.091812879740167e-09,6.091812608757426e-09,6.091812337739517e-09,6.091812066685868e-09,6.091811795597441e-09,6.0918115244742125e-09,6.091811253316098e-09,6.091810982123071e-09,6.091810710894802e-09,6.091810439632411e-09,6.091810168335421e-09,6.091809897004123e-09,6.091809625638569e-09,6.0918093542385674e-09,6.091809082804184e-09,6.091808811336104e-09,6.091808539833985e-09,6.091808268298138e-09,6.091807996728623e-09,6.091807725124871e-09,6.091807453487867e-09,6.09180718181764e-09,6.091806910114039e-09,6.091806638377227e-09,6.09180636660698e-09,6.091806094803323e-09,6.091805822967197e-09,6.091805551097537e-09,6.091805279195316e-09,6.091805007260271e-09,6.0918047352931264e-09,6.091804463292978e-09,6.091804191260225e-09,6.09180391919572e-09,6.091803647099203e-09,6.0918033749703165e-09,6.091803102809447e-09,6.091802830616586e-09,6.091802558391877e-09,6.0918022861354015e-09,6.0918020138472986e-09,6.091801741527077e-09,6.091801469175346e-09,6.091801196792736e-09,6.0918009243787235e-09,6.091800651933533e-09,6.091800379456865e-09,6.09180010694894e-09,6.091799834410242e-09,6.091799561840893e-09,6.091799289240322e-09,6.091799016609063e-09,6.091798743947076e-09,6.091798471255169e-09,6.091798198532905e-09,6.0917979257802925e-09,6.091797652997601e-09,6.091797380184501e-09,6.091797107341253e-09,6.0917968344680534e-09,6.0917965615650675e-09,6.091796288631917e-09,6.091796015668641e-09,6.091795742676255e-09,6.091795469654459e-09,6.091795196602459e-09,6.091794923522116e-09,6.091794650411975e-09,6.091794377272582e-09,6.091794104103712e-09,6.091793830906039e-09,6.091793557679533e-09,6.091793284423944e-09,6.0917930111396416e-09,6.091792737826694e-09,6.0917924644847945e-09,6.091792191114189e-09,6.091791917714928e-09,6.091791644288083e-09,6.091791370832723e-09,6.091791097349041e-09,6.091790823837269e-09,6.091790550297554e-09,6.091790276729698e-09,6.09179000313415e-09,6.091789729510422e-09,6.091789455858371e-09,6.091789182178744e-09,6.091788908472116e-09,6.091788634737919e-09,6.091788360975867e-09,6.091788087186943e-09,6.091787813370053e-09,6.091787539526696e-09,6.091787265656204e-09,6.09178699175869e-09,6.091786717834176e-09,6.091786443882724e-09,6.091786169904667e-09,6.091785895899956e-09,6.091785621868457e-09,6.091785347810397e-09,6.091785073725938e-09,6.091784799615137e-09,6.091784525477851e-09,6.091784251314303e-09,6.091783977124542e-09,6.091783702908417e-09,6.091783428666349e-09,6.0917831543981305e-09,6.091782880103902e-09,6.09178260578451e-09,6.091782331439347e-09,6.091782057067979e-09,6.091781782671394e-09,6.091781508249475e-09,6.09178123380203e-09,6.091780959329366e-09,6.091780684831397e-09,6.091780410308274e-09,6.091780135759624e-09,6.091779861186013e-09,6.091779586587581e-09,6.0917793119643065e-09,6.091779037316177e-09,6.0917787626432925e-09,6.091778487945821e-09,6.091778213223603e-09,6.091777938477224e-09,6.0917776637061564e-09,6.091777388910608e-09,6.091777114090727e-09,6.09177683924651e-09,6.091776564377653e-09,6.091776289485221e-09,6.0917760145687465e-09,6.091775739628151e-09,6.091775464663698e-09,6.091775189675542e-09,6.091774914662742e-09,6.0917746396266e-09,6.091774364566864e-09,6.091774089483537e-09,6.091773814376673e-09,6.091773539247045e-09,6.091773264093727e-09,6.091772988916884e-09,6.091772713716744e-09,6.091772438493332e-09,6.091772163247062e-09,6.091771887978411e-09,6.091771612686591e-09,6.091771337371966e-09,6.091771062034403e-09,6.091770786674434e-09,6.091770511291866e-09,6.091770235886442e-09,6.091769960458592e-09,6.091769685008281e-09,6.091769409535604e-09,6.09176913404066e-09,6.0917688585233385e-09,6.091768582983489e-09,6.09176830742213e-09,6.0917680318387316e-09,6.091767756232672e-09,6.091767480605153e-09,6.091767204955093e-09,6.091766929283962e-09,6.091766653590443e-09,6.091766377875445e-09,6.091766102139241e-09,6.091765826381064e-09,6.091765550601756e-09,6.091765274801007e-09,6.0917649989789295e-09,6.091764723135495e-09,6.091764447270791e-09,6.09176417138455e-09,6.091763895477671e-09,6.0917636195492665e-09,6.091763343600433e-09,6.091763067630155e-09,6.091762791639572e-09,6.091762515628173e-09,6.091762239596149e-09,6.091761963543334e-09,6.091761687469584e-09,6.091761411375909e-09,6.0917611352614845e-09,6.09176085912662e-09,6.091760582971152e-09,6.0917603067956715e-09,6.0917600305997986e-09,6.091759754383417e-09,6.0917594781473965e-09,6.09175920189138e-09,6.091758925615348e-09,6.0917586493193735e-09,6.091758373003492e-09,6.091758096667833e-09,6.091757820312694e-09,6.091757543937645e-09,6.091757267542647e-09,6.091756991128367e-09,6.091756714694569e-09,6.091756438241376e-09,6.091756161768286e-09,6.091755885276273e-09,6.091755608765017e-09,6.091755332234648e-09,6.0917550556851765e-09,6.091754779116265e-09,6.091754502528584e-09,6.0917542259219704e-09,6.091753949296303e-09,6.091753672651831e-09,6.0917533959884975e-09,6.091753119306441e-09,6.0917528426052475e-09,6.091752565885752e-09,6.0917522891476556e-09,6.091752012390553e-09,6.091751735615244e-09,6.091751458821733e-09,6.091751182009952e-09,6.0917509051797695e-09,6.091750628331285e-09,6.091750351464742e-09,6.091750074579972e-09,6.091749797677164e-09,6.091749520756289e-09,6.091749243817329e-09,6.091748966860329e-09,6.091748689885744e-09,6.091748412893316e-09,6.091748135883239e-09,6.0917478588554084e-09,6.091747581809841e-09,6.0917473047467715e-09,6.0917470276661355e-09,6.091746750568117e-09,6.091746473452531e-09,6.091746196319519e-09,6.09174591916928e-09,6.0917456420017186e-09,6.09174536481682e-09,6.091745087614277e-09,6.09174481039522e-09,6.091744533158472e-09,6.091744255904745e-09,6.091743978634447e-09,6.091743701347496e-09,6.091743424043557e-09,6.091743146722977e-09,6.091742869385214e-09,6.091742592030564e-09,6.091742314659763e-09,6.09174203727187e-09,6.091741759867395e-09,6.091741482447048e-09,6.091741205010191e-09,6.0917409275569706e-09,6.091740650087056e-09,6.09174037260016e-09,6.091740095097512e-09,6.091739817579096e-09,6.091739540044899e-09,6.091739262493881e-09,6.091738984927361e-09,6.091738707344286e-09,6.0917384297457864e-09,6.091738152130885e-09,6.0917378745006224e-09,6.0917375968546e-09,6.091737319192807e-09,6.09173704151483e-09,6.091736763821799e-09,6.091736486112512e-09,6.09173620838836e-09,6.0917359306486185e-09,6.0917356528934324e-09,6.091735375122693e-09,6.091735097336747e-09,6.091734819535475e-09,6.091734541719031e-09,6.091734263887139e-09,6.091733986039761e-09,6.0917337081779356e-09,6.091733430300875e-09,6.091733152408241e-09,6.091732874501145e-09,6.091732596579172e-09,6.091732318641836e-09,6.0917320406901424e-09,6.0917317627230765e-09,6.091731484742144e-09,6.091731206746575e-09,6.091730928735492e-09,6.091730650710352e-09,6.091730372670638e-09,6.091730094616603e-09,6.091729816547424e-09,6.091729538464609e-09,6.091729260366588e-09,6.0917289822547835e-09,6.091728704128224e-09,6.09172842598777e-09,6.091728147833345e-09,6.091727869664857e-09,6.091727591482013e-09,6.091727313284982e-09,6.091727035073842e-09,6.091726756849046e-09,6.091726478610383e-09,6.091726200357877e-09,6.0917259220911515e-09,6.09172564381063e-09,6.091725365516314e-09,6.0917250872086495e-09,6.091724808887312e-09,6.091724530552476e-09,6.091724252204056e-09,6.091723973841468e-09,6.091723695465957e-09,6.0917234170769746e-09,6.091723138674131e-09,6.09172286025839e-09,6.091722581829319e-09,6.091722303386619e-09,6.091722024930842e-09,6.091721746461572e-09,6.091721467979451e-09,6.09172118948397e-09,6.091720910975686e-09,6.091720632454619e-09,6.0917203539206775e-09,6.09172007537362e-09,6.091719796813768e-09,6.091719518240508e-09,6.091719239654869e-09,6.091718961056113e-09,6.091718682444439e-09,6.091718403820258e-09,6.0917181251844836e-09,6.091717846535373e-09,6.091717567873508e-09,6.091717289199303e-09,6.091717010512368e-09,6.091716731813556e-09,6.091716453102336e-09,6.091716174378076e-09,6.0917158956426835e-09,6.091715616893808e-09,6.091715338132553e-09,6.091715059359762e-09,6.091714780574614e-09,6.091714501777231e-09,6.091714222968057e-09,6.091713944146826e-09,6.091713665313705e-09,6.091713386468532e-09,6.091713107611432e-09,6.091712828742477e-09,6.091712549861615e-09,6.091712270968398e-09,6.091711992064029e-09,6.091711713148132e-09,6.091711434220336e-09,6.091711155280611e-09,6.0917108763294986e-09,6.091710597366831e-09,6.091710318392666e-09,6.091710039407203e-09,6.0917097604100045e-09,6.091709481400767e-09,6.091709202381065e-09,6.091708923349695e-09,6.091708644307305e-09,6.0917083652528496e-09,6.091708086187962e-09,6.091707807111649e-09,6.091707528023503e-09,6.091707248924102e-09,6.091706969814055e-09,6.091706690692999e-09,6.091706411561119e-09,6.091706132418315e-09,6.091705853264144e-09,6.091705574099212e-09,6.091705294923732e-09,6.091705015737329e-09,6.091704736540012e-09,6.091704457332047e-09,6.091704178112761e-09,6.091703898883356e-09,6.091703619642821e-09,6.091703340393297e-09,6.091703061132036e-09,6.09170278186031e-09,6.091702502577524e-09,6.091702223284202e-09,6.09170194398094e-09,6.091701664667459e-09,6.09170138534293e-09,6.091701106008064e-09,6.091700826663432e-09,6.091700547308625e-09,6.0917002679432685e-09,6.091699988568155e-09,6.091699709182582e-09,6.09169942978693e-09,6.091699150380447e-09,6.09169887096488e-09,6.091698591538546e-09,6.091698312102204e-09,6.091698032656382e-09,6.0916977532006295e-09,6.091697473735461e-09,6.091697194259783e-09,6.0916969147740366e-09,6.0916966352788165e-09,6.091696355774043e-09,6.091696076259529e-09,6.0916957967354365e-09,6.091695517200997e-09,6.091695237657468e-09,6.091694958103655e-09,6.09169467853986e-09,6.091694398967523e-09,6.091694119385316e-09,6.091693839794282e-09,6.091693560193037e-09,6.091693280583247e-09,6.091693000963866e-09,6.091692721334853e-09,6.091692441696845e-09,6.091692162049655e-09,6.091691882392483e-09,6.091691602726313e-09,6.091691323050854e-09,6.091691043366891e-09,6.0916907636737256e-09,6.091690483971471e-09,6.091690204260311e-09,6.091689924540048e-09,6.091689644810853e-09,6.091689365072608e-09,6.091689085325579e-09,6.091688805569569e-09,6.091688525804765e-09,6.091688246031201e-09,6.0916879662489555e-09,6.091687686457662e-09,6.091687406657759e-09,6.091687126848444e-09,6.091686847031125e-09,6.091686567205244e-09,6.0916862873704775e-09,6.091686007527054e-09,6.091685727675202e-09,6.091685447815004e-09,6.091685167946289e-09,6.0916848880685216e-09,6.091684608182891e-09,6.091684328288713e-09,6.091684048386259e-09,6.0916837684751346e-09,6.091683488555445e-09,6.0916832086275145e-09,6.091682928692094e-09,6.091682648748388e-09,6.091682368796517e-09,6.091682088835733e-09,6.0916818088674055e-09,6.091681528890719e-09,6.091681248906494e-09,6.0916809689138645e-09,6.091680688913231e-09,6.091680408904641e-09,6.091680128888097e-09,6.09167984886351e-09,6.0916795688310335e-09,6.09167928879062e-09,6.091679008742454e-09,6.091678728686225e-09,6.0916784486222944e-09,6.091678168550638e-09,6.091677888471517e-09,6.091677608384449e-09,6.09167732828919e-09,6.0916770481868115e-09,6.091676768076514e-09,6.091676487958843e-09,6.091676207833696e-09,6.0916759277008586e-09,6.091675647560073e-09,6.091675367411839e-09,6.091675087256687e-09,6.091674807094155e-09,6.0916745269241455e-09,6.091674246746136e-09,6.0916739665610736e-09,6.091673686368446e-09,6.0916734061687e-09,6.091673125961374e-09,6.091672845747453e-09,6.091672565526301e-09,6.0916722852981035e-09,6.0916720050627736e-09,6.091671724820419e-09,6.09167144457056e-09,6.091671164313739e-09,6.091670884049845e-09,6.091670603778374e-09,6.091670323500411e-09,6.091670043215515e-09,6.09166976292354e-09,6.091669482624756e-09,6.091669202319134e-09,6.091668922006569e-09,6.091668641687241e-09,6.091668361360461e-09,6.091668081026888e-09,6.091667800687032e-09,6.091667520340566e-09,6.0916672399871796e-09,6.091666959626198e-09,6.091666679259531e-09,6.091666398886305e-09,6.0916661185059025e-09,6.09166583811928e-09,6.091665557725663e-09,6.091665277326095e-09,6.091664996919424e-09,6.0916647165067265e-09,6.091664436087419e-09,6.091664155661808e-09,6.091663875229871e-09,6.091663594791096e-09,6.091663314346382e-09,6.091663033895346e-09,6.0916627534378736e-09,6.091662472974085e-09,6.091662192504137e-09,6.09166191202729e-09,6.091661631544743e-09,6.091661351055469e-09,6.091661070560055e-09,6.0916607900589495e-09,6.091660509551141e-09,6.091660229037911e-09,6.091659948518604e-09,6.091659667993215e-09,6.0916593874616855e-09,6.091659106924141e-09,6.091658826380039e-09,6.091658545830533e-09,6.091658265275082e-09,6.0916579847137455e-09,6.091657704146214e-09,6.091657423572588e-09,6.0916571429937595e-09,6.091656862408934e-09,6.091656581819287e-09,6.09165630122279e-09,6.091656020620661e-09,6.091655740012153e-09,6.091655459398111e-09,6.0916551787790554e-09,6.091654898154061e-09,6.0916546175235086e-09,6.09165433688723e-09,6.091654056245456e-09,6.091653775597869e-09,6.0916534949443586e-09,6.0916532142858215e-09,6.0916529336217886e-09,6.091652652952184e-09,6.0916523722765646e-09,6.091652091596132e-09,6.0916518109104055e-09,6.09165153021938e-09,6.091651249522799e-09,6.091650968820421e-09,6.091650688113165e-09,6.091650407400371e-09,6.091650126682477e-09,6.0916498459592e-09,6.0916495652306955e-09,6.091649284496964e-09,6.091649003758076e-09,6.091648723013949e-09,6.0916484422646566e-09,6.091648161510229e-09,6.09164788075076e-09,6.091647599986295e-09,6.09164731921627e-09,6.091647038441524e-09,6.091646757661163e-09,6.091646476876301e-09,6.091646196086483e-09,6.091645915291697e-09,6.09164563449197e-09,6.091645353687153e-09,6.091645072877556e-09,6.091644792063298e-09,6.0916445112437636e-09,6.091644230418918e-09,6.091643949589349e-09,6.091643668755303e-09,6.091643387916168e-09,6.091643107072741e-09,6.091642826224526e-09,6.091642545371586e-09,6.091642264513963e-09,6.091641983651665e-09,6.091641702784656e-09,6.091641421912676e-09,6.091641141036311e-09,6.0916408601553805e-09,6.0916405792698245e-09,6.091640298379102e-09,6.0916400174844775e-09,6.0916397365850125e-09,6.091639455681378e-09,6.091639174773253e-09,6.091638893860648e-09,6.091638612943612e-09,6.091638332021412e-09,6.091638051094932e-09,6.091637770164059e-09,6.091637489229417e-09,6.091637208290379e-09,6.091636927346593e-09,6.091636646398546e-09,6.0916363654461826e-09,6.09163608448985e-09,6.091635803529248e-09,6.091635522564461e-09,6.0916352415967685e-09,6.091634960623519e-09,6.0916346796459375e-09,6.09163439866381e-09,6.091634117678033e-09,6.091633836688098e-09,6.0916335556938455e-09,6.09163327469575e-09,6.091632993693576e-09,6.0916327126870584e-09,6.091632431676794e-09,6.091632150662488e-09,6.0916318696436934e-09,6.091631588621391e-09,6.091631307594813e-09,6.091631026564334e-09,6.091630745530107e-09,6.091630464491972e-09,6.0916301834498824e-09,6.091629902404079e-09,6.091629621354272e-09,6.091629340300337e-09,6.0916290592431015e-09,6.0916287781819475e-09,6.091628497116485e-09,6.091628216048655e-09,6.09162793497621e-09,6.0916276539001265e-09,6.091627372820231e-09,6.091627091736638e-09,6.091626810649404e-09,6.0916265295587674e-09,6.091626248464223e-09,6.091625967366043e-09,6.091625686264294e-09,6.091625405158894e-09,6.091625124049336e-09,6.09162484293707e-09,6.091624561821079e-09,6.091624280701336e-09,6.091623999577673e-09,6.091623718451042e-09,6.091623437320901e-09,6.0916231561866756e-09,6.091622875049715e-09,6.091622593909758e-09,6.091622312765893e-09,6.091622031618636e-09,6.091621750467761e-09,6.091621469313633e-09,6.091621188156182e-09,6.091620906995108e-09,6.091620625832315e-09,6.091620344664984e-09,6.091620063494434e-09,6.091619782320512e-09,6.091619501143332e-09,6.091619219963134e-09,6.09161893877971e-09,6.0916186575929945e-09,6.091618376403218e-09,6.091618095210197e-09,6.091617814014037e-09,6.0916175328146814e-09,6.091617251612105e-09,6.0916169704065585e-09,6.091616689197896e-09,6.0916164079858574e-09,6.09161612677089e-09,6.0916158455543575e-09,6.091615564333487e-09,6.091615283109663e-09,6.091615001882352e-09,6.091614720652449e-09,6.091614439419673e-09,6.091614158184059e-09,6.091613876945433e-09,6.091613595703896e-09,6.091613314459413e-09,6.091613033211377e-09,6.091612751960828e-09,6.091612470707459e-09,6.091612189451608e-09,6.091611908192389e-09,6.091611626930726e-09,6.091611345666507e-09,6.09161106439929e-09,6.091610783129243e-09,6.091610501856753e-09,6.091610220581442e-09,6.09160993930341e-09,6.091609658022673e-09,6.091609376739362e-09,6.09160909545328e-09,6.091608814164511e-09,6.091608532873072e-09,6.091608251579117e-09,6.091607970282548e-09,6.091607688983274e-09,6.091607407681602e-09,6.091607126377393e-09,6.09160684507068e-09,6.091606563761265e-09,6.09160628244875e-09,6.091606001134192e-09,6.091605719817239e-09,6.091605438497626e-09,6.091605157175041e-09,6.0916048758506695e-09,6.0916045945239524e-09,6.0916043131941475e-09,6.0916040318618536e-09,6.091603750527203e-09,6.091603469190748e-09,6.091603187851871e-09,6.091602906510558e-09,6.091602625166874e-09,6.091602343820894e-09,6.091602062472623e-09,6.091601781121064e-09,6.091601499768181e-09,6.091601218412703e-09,6.091600937055277e-09,6.091600655695565e-09,6.091600374333523e-09,6.0916000929696604e-09,6.091599811603291e-09,6.091599530234799e-09,6.091599248863646e-09,6.0915989674907874e-09,6.091598686115793e-09,6.091598404738662e-09,6.091598123359054e-09,6.091597841977464e-09,6.091597560593896e-09,6.091597279208311e-09,6.0915969978206345e-09,6.091596716430997e-09,6.091596435039309e-09,6.09159615364544e-09,6.091595872249713e-09,6.091595590851931e-09,6.0915953094517885e-09,6.091595028050066e-09,6.091594746646125e-09,6.091594465240285e-09,6.0915941838320946e-09,6.0915939024223724e-09,6.0915936210110985e-09,6.091593339597644e-09,6.091593058181891e-09,6.091592776764619e-09,6.091592495345311e-09,6.091592213924269e-09,6.091591932501484e-09,6.0915916510768086e-09,6.091591369650367e-09,6.091591088222111e-09,6.091590806792094e-09,6.0915905253597034e-09,6.091590243925665e-09,6.091589962490286e-09,6.091589681053266e-09,6.091589399614324e-09,6.0915891181735425e-09,6.0915888367313584e-09,6.091588555287436e-09,6.091588273841691e-09,6.091587992394397e-09,6.091587710945424e-09,6.091587429494894e-09,6.091587148042447e-09,6.091586866588819e-09,6.0915865851332365e-09,6.091586303676136e-09,6.091586022216857e-09,6.091585740756069e-09,6.0915854592937525e-09,6.091585177830403e-09,6.09158489636549e-09,6.091584614899139e-09,6.09158433343118e-09,6.091584051961811e-09,6.0915837704908045e-09,6.091583489018399e-09,6.091583207543997e-09,6.0915829260686684e-09,6.0915826445916965e-09,6.091582363113213e-09,6.091582081633512e-09,6.09158180015233e-09,6.091581518669807e-09,6.091581237185918e-09,6.091580955700825e-09,6.091580674214687e-09,6.091580392726548e-09,6.0915801112366566e-09,6.0915798297460676e-09,6.0915795482537655e-09,6.091579266761645e-09,6.091578985267044e-09,6.091578703771029e-09,6.091578422273785e-09,6.0915781407753575e-09,6.0915778592751145e-09,6.091577577774149e-09,6.091577296272237e-09,6.091577014769007e-09,6.091576733264004e-09,6.09157645175764e-09,6.091576170250502e-09,6.091575888742295e-09,6.09157560723246e-09,6.091575325722057e-09,6.091575044210302e-09,6.091574762697522e-09,6.091574481184466e-09,6.091574199669426e-09,6.091573918153188e-09,6.0915736366359135e-09,6.091573355117587e-09,6.0915730735982134e-09,6.0915727920779196e-09,6.091572510556433e-09,6.091572229033876e-09,6.091571947510094e-09,6.091571665985106e-09,6.091571384460735e-09,6.09157110293412e-09,6.091570821406731e-09,6.091570539878251e-09,6.0915702583482066e-09,6.0915699768176805e-09,6.091569695286264e-09,6.091569413753826e-09,6.091569132220129e-09,6.0915688506858725e-09,6.0915685691507605e-09,6.091568287614791e-09,6.091568006078084e-09,6.091567724539689e-09,6.091567443001073e-09,6.09156716146152e-09,6.091566879921114e-09,6.091566598379665e-09,6.091566316837593e-09,6.091566035294508e-09,6.091565753750893e-09,6.0915654722064184e-09,6.091565190660613e-09,6.091564909114505e-09,6.0915646275674e-09,6.091564346020037e-09,6.091564064471727e-09,6.091563782921948e-09,6.091563501372162e-09,6.0915632198216825e-09,6.091562938270506e-09,6.091562656717979e-09,6.091562375166609e-09,6.091562093613244e-09,6.09156181205923e-09,6.0915615305046335e-09,6.091561248949396e-09,6.091560967393408e-09,6.0915606858368e-09,6.091560404279522e-09,6.091560122721281e-09,6.091559841162721e-09,6.0915595596033405e-09,6.091559278043768e-09,6.0915589964831474e-09,6.091558714922354e-09,6.091558433361061e-09,6.091558151799028e-09,6.0915578702368584e-09,6.09155758867388e-09,6.0915573071104424e-09,6.091557025546381e-09,6.09155674398181e-09,6.0915564624167735e-09,6.0915561808512155e-09,6.0915558992851455e-09,6.091555617718187e-09,6.091555336151911e-09,6.09155505458448e-09,6.091554773016695e-09,6.0915544914483615e-09,6.091554209879615e-09,6.091553928310451e-09,6.091553646740852e-09,6.091553365170071e-09,6.091553083599745e-09,6.091552802028622e-09,6.0915525204574956e-09,6.09155223888601e-09,6.091551957313591e-09,6.091551675741321e-09,6.091551394169851e-09,6.091551112596973e-09,6.091550831023777e-09,6.091550549449761e-09,6.091550267875456e-09,6.091549986301382e-09,6.091549704726483e-09,6.091549423151758e-09,6.091549141576618e-09,6.091548860001406e-09,6.09154857842564e-09,6.0915482968495635e-09,6.091548015273055e-09,6.091547733696903e-09,6.091547452120398e-09,6.091547170543171e-09,6.09154688896573e-09,6.091546607388551e-09,6.0915463258113846e-09,6.091546044233638e-09,6.091545762656072e-09,6.0915454810779225e-09,6.091545199500023e-09,6.091544917922023e-09,6.091544636343817e-09,6.091544354765477e-09,6.091544073186974e-09,6.09154379160867e-09,6.091543510029438e-09,6.091543228450445e-09,6.091542946871015e-09,6.091542665291479e-09,6.091542383712336e-09,6.091542102132873e-09,6.091541820553748e-09,6.09154153897401e-09,6.091541257394819e-09,6.091540975815482e-09,6.091540694236224e-09,6.091540412656369e-09,6.091540131076491e-09,6.0915398494971815e-09,6.091539567917709e-09,6.091539286338408e-09,6.091539004759031e-09,6.091538723179373e-09,6.091538441599827e-09,6.0915381600200425e-09,6.091537878440776e-09,6.091537596861697e-09,6.091537315282105e-09,6.09153703370308e-09,6.091536752123994e-09,6.091536470545075e-09,6.091536188966435e-09,6.091535907387704e-09,6.0915356258091056e-09,6.091535344230595e-09,6.0915350626512096e-09,6.091534781072773e-09,6.091534499494413e-09,6.091534217915989e-09,6.091533936338182e-09,6.091533654760256e-09,6.091533373182407e-09,6.09153309160506e-09,6.091532810027922e-09,6.0915325284509515e-09,6.091532246873497e-09,6.091531965296739e-09,6.091531683720264e-09,6.091531402143834e-09,6.0915311205679455e-09,6.091530838992086e-09,6.091530557416459e-09,6.091530275841224e-09,6.091529994266029e-09,6.091529712691418e-09,6.0915294311168585e-09,6.0915291495425944e-09,6.091528867968484e-09,6.091528586394442e-09,6.09152830482103e-09,6.09152802324802e-09,6.091527741675341e-09,6.091527460103728e-09,6.091527178531653e-09,6.091526896959932e-09,6.091526615388132e-09,6.091526333817933e-09,6.091526052247697e-09,6.0915257706773814e-09,6.0915254891074294e-09,6.09152520753731e-09,6.091524925968115e-09,6.091524644398818e-09,6.0915243628303114e-09,6.091524081262197e-09,6.091523799694588e-09,6.091523518127316e-09,6.091523236560227e-09,6.091522954993417e-09,6.0915226734277155e-09,6.091522391862125e-09,6.091522110297218e-09,6.091521828732741e-09,6.091521547168512e-09,6.091521265604413e-09,6.091520984041146e-09,6.091520702478126e-09,6.091520420915726e-09,6.0915201393535545e-09,6.091519857792388e-09,6.091519576231555e-09,6.091519294671221e-09,6.0915190131112906e-09,6.091518731551489e-09,6.091518449992471e-09,6.091518168433656e-09,6.091517886875939e-09,6.091517605318681e-09,6.091517323761965e-09,6.091517042205853e-09,6.091516760650337e-09,6.091516479095603e-09,6.091516197541163e-09,6.091515915987275e-09,6.09151563443351e-09,6.091515352880801e-09,6.091515071329806e-09,6.0915147897783365e-09,6.091514508227409e-09,6.091514226677096e-09,6.091513945128485e-09,6.091513663580572e-09,6.091513382032178e-09,6.091513100483869e-09,6.091512818936871e-09,6.0915125373910255e-09,6.091512255845113e-09,6.091511974299541e-09,6.091511692755061e-09,6.0915114112109275e-09,6.0915111296679185e-09,6.091510848125502e-09,6.091510566583751e-09,6.091510285042716e-09,6.091510003501886e-09,6.091509721961698e-09,6.091509440422247e-09,6.0915091588840975e-09,6.0915088773465446e-09,6.091508595809595e-09,6.0915083142736744e-09,6.091508032738684e-09,6.091507751203996e-09,6.091507469670138e-09,6.091507188136681e-09,6.091506906604507e-09,6.0915066250730925e-09,6.091506343542312e-09,6.0915060620121925e-09,6.091505780483119e-09,6.091505498954694e-09,6.091505217426731e-09,6.09150493589964e-09,6.091504654373825e-09,6.09150437284888e-09,6.091504091324137e-09,6.091503809800107e-09,6.091503528277494e-09,6.09150324675579e-09,6.091502965234678e-09,6.09150268371444e-09,6.091502402195156e-09,6.0915021206768445e-09,6.091501839159468e-09,6.091501557643876e-09,6.091501276127962e-09,6.091500994612607e-09,6.0915007130986975e-09,6.091500431585499e-09,6.091500150073059e-09,6.091499868561517e-09,6.091499587051236e-09,6.091499305541877e-09,6.091499024033041e-09,6.09149874252551e-09,6.091498461018381e-09,6.0914981795124946e-09,6.091497898007767e-09,6.091497616503816e-09,6.091497335000793e-09,6.091497053498906e-09,6.0914967719979115e-09,6.091496490498068e-09,6.0914962089990765e-09,6.091495927501096e-09,6.091495646004163e-09,6.091495364508181e-09,6.091495083013243e-09,6.0914948015191845e-09,6.091494520026651e-09,6.091494238534633e-09,6.091493957043591e-09,6.091493675553895e-09,6.091493394064932e-09,6.091493112577463e-09,6.091492831090563e-09,6.091492549604594e-09,6.091492268119214e-09,6.091491986635411e-09,6.091491705152444e-09,6.0914914236706915e-09,6.091491142190356e-09,6.091490860710804e-09,6.091490579232432e-09,6.0914902977550026e-09,6.091490016278699e-09,6.091489734804008e-09,6.091489453329332e-09,6.091489171856299e-09,6.091488890384349e-09,6.091488608913469e-09,6.091488327443864e-09,6.091488045975269e-09,6.091487764507781e-09,6.091487483041275e-09,6.0914872015757505e-09,6.0914869201117545e-09,6.091486638648706e-09,6.0914863571869274e-09,6.0914860757261e-09,6.0914857942661965e-09,6.091485512807549e-09,6.091485231349837e-09,6.091484949893925e-09,6.091484668438621e-09,6.091484386984536e-09,6.091484105531489e-09,6.0914838240796355e-09,6.09148354263003e-09,6.091483261181936e-09,6.091482979734196e-09,6.091482698287713e-09,6.091482416842373e-09,6.0914821353981376e-09,6.0914818539551404e-09,6.091481572513053e-09,6.091481291072631e-09,6.0914810096343075e-09,6.0914807281963545e-09,6.091480446759343e-09,6.091480165323879e-09,6.091479883889446e-09,6.091479602456452e-09,6.0914793210244665e-09,6.09147903959399e-09,6.091478758164509e-09,6.091478476736567e-09,6.0914781953099934e-09,6.091477913884122e-09,6.091477632460013e-09,6.0914773510372776e-09,6.091477069615817e-09,6.091476788194923e-09,6.0914765067769e-09,6.091476225358695e-09,6.091475943941966e-09,6.0914756625265825e-09,6.091475381112912e-09,6.0914750997005695e-09,6.091474818289499e-09,6.09147453687971e-09,6.091474255470992e-09,6.091473974063817e-09,6.091473692657637e-09,6.0914734112529494e-09,6.091473129849399e-09,6.0914728484477384e-09,6.091472567046984e-09,6.091472285648082e-09,6.0914720042504805e-09,6.0914717228541256e-09,6.091471441459216e-09,6.0914711600658e-09,6.091470878673726e-09,6.0914705972829425e-09,6.091470315893298e-09,6.091470034504932e-09,6.091469753118433e-09,6.0914694717331545e-09,6.091469190349433e-09,6.091468908967243e-09,6.091468627586374e-09,6.091468346206311e-09,6.0914680648283234e-09,6.091467783451965e-09,6.091467502077037e-09,6.091467220703214e-09,6.091466939330843e-09,6.091466657959788e-09,6.0914663765903175e-09,6.0914660952219445e-09,6.09146581385525e-09,6.0914655324902285e-09,6.091465251127144e-09,6.091464969764527e-09,6.0914646884041485e-09,6.091464407045048e-09,6.0914641256874235e-09,6.091463844332926e-09,6.091463562978649e-09,6.091463281625109e-09,6.091463000273013e-09,6.0914627189230056e-09,6.091462437574207e-09,6.09146215622693e-09,6.091461874881249e-09,6.091461593538045e-09,6.0914613121952805e-09,6.091461030854092e-09,6.091460749514379e-09,6.091460468176194e-09,6.091460186839244e-09,6.091459905504124e-09,6.091459624170663e-09,6.091459342838584e-09,6.09145906150808e-09,6.091458780179151e-09,6.091458498851438e-09,6.091458217525663e-09,6.091457936201003e-09,6.091457654878108e-09,6.0914573735569276e-09,6.091457092237028e-09,6.0914568109187475e-09,6.09145652960238e-09,6.091456248287492e-09,6.091455966973957e-09,6.091455685662351e-09,6.091455404351496e-09,6.091455123042268e-09,6.0914548417353754e-09,6.091454560430066e-09,6.091454279126333e-09,6.091453997823706e-09,6.0914537165226255e-09,6.091453435223249e-09,6.091453153925597e-09,6.0914528726302125e-09,6.091452591336205e-09,6.091452310043778e-09,6.091452028752973e-09,6.0914517474639e-09,6.091451466176246e-09,6.0914511848905225e-09,6.091450903606109e-09,6.091450622323765e-09,6.091450341042903e-09,6.091450059763102e-09,6.091449778485433e-09,6.0914494972095376e-09,6.091449215935116e-09,6.091448934662033e-09,6.091448653390742e-09,6.0914483721211195e-09,6.0914480908531e-09,6.091447809587e-09,6.091447528322341e-09,6.0914472470595e-09,6.091446965798637e-09,6.091446684539263e-09,6.091446403281923e-09,6.091446122025885e-09,6.091445840771625e-09,6.09144555952041e-09,6.091445278269685e-09,6.091444997020497e-09,6.091444715773131e-09,6.091444434527584e-09,6.0914441532842204e-09,6.091443872042113e-09,6.0914435908017356e-09,6.0914433095630926e-09,6.091443028326177e-09,6.091442747091297e-09,6.091442465857554e-09,6.091442184625785e-09,6.091441903395848e-09,6.091441622168324e-09,6.091441340941406e-09,6.091441059716156e-09,6.091440778493327e-09,6.091440497272152e-09,6.091440216052577e-09,6.091439934834254e-09,6.091439653618269e-09,6.091439372403996e-09,6.091439091191471e-09,6.091438809980971e-09,6.091438528771811e-09,6.091438247564802e-09,6.091437966359531e-09,6.091437685155928e-09,6.091437403955085e-09,6.09143712275528e-09,6.091436841557195e-09,6.091436560360616e-09,6.091436279166386e-09,6.091435997973629e-09,6.091435716783012e-09,6.091435435594137e-09,6.091435154406956e-09,6.0914348732214614e-09,6.091434592037985e-09,6.091434310856214e-09,6.0914340296764494e-09,6.0914337484982105e-09,6.091433467322023e-09,6.091433186147215e-09,6.09143290497467e-09,6.091432623804665e-09,6.091432342635867e-09,6.091432061468752e-09,6.0914317803036625e-09,6.091431499140327e-09,6.091431217978892e-09,6.091430936819332e-09,6.091430655661393e-09,6.0914303745055404e-09,6.09143009335184e-09,6.091429812199679e-09,6.09142953104956e-09,6.091429249901253e-09,6.091428968754775e-09,6.091428687610328e-09,6.0914284064671245e-09,6.091428125326291e-09,6.091427844187341e-09,6.0914275630503156e-09,6.0914272819151645e-09,6.091427000781914e-09,6.0914267196505515e-09,6.09142643852102e-09,6.091426157393466e-09,6.091425876267768e-09,6.091425595143844e-09,6.091425314021876e-09,6.0914250329020465e-09,6.091424751783547e-09,6.091424470667534e-09,6.0914241895534725e-09,6.091423908441285e-09,6.091423627330832e-09,6.091423346222571e-09,6.091423065116181e-09,6.0914227840117995e-09,6.0914225029091806e-09,6.091422221808652e-09,6.09142194071011e-09,6.091421659613276e-09,6.091421378518575e-09,6.09142109742573e-09,6.091420816334881e-09,6.091420535245934e-09,6.091420254158999e-09,6.09141997307412e-09,6.091419691990782e-09,6.091419410909772e-09,6.091419129830645e-09,6.091418848753599e-09,6.091418567678014e-09,6.091418286604981e-09,6.09141800553368e-09,6.0914177244642865e-09,6.0914174433970015e-09,6.091417162331751e-09,6.091416881268538e-09,6.091416600207227e-09,6.091416319147819e-09,6.0914160380902776e-09,6.09141575703495e-09,6.091415475981725e-09,6.091415194930555e-09,6.091414913881321e-09,6.091414632834064e-09,6.091414351788871e-09,6.091414070746974e-09,6.0914137897057846e-09,6.091413508666534e-09,6.09141322762943e-09,6.0914129465943236e-09,6.091412665561128e-09,6.0914123845301225e-09,6.091412103501072e-09,6.091411822474101e-09,6.091411541449423e-09,6.09141126042667e-09,6.091410979405773e-09,6.091410698387019e-09,6.091410417369989e-09,6.0914101363552346e-09,6.0914098553424276e-09,6.091409574331574e-09,6.091409293322656e-09,6.0914090123161025e-09,6.0914087313111e-09,6.091408450308477e-09,6.091408169308079e-09,6.091407888309768e-09,6.091407607313575e-09,6.091407326320425e-09,6.09140704532826e-09,6.09140676433751e-09,6.091406483349587e-09,6.091406202363668e-09,6.091405921379928e-09,6.091405640398725e-09,6.091405359419374e-09,6.091405078441775e-09,6.091404797466256e-09,6.091404516492877e-09,6.091404235521675e-09,6.091403954552257e-09,6.0914036735849006e-09,6.091403392619927e-09,6.091403111657135e-09,6.091402830696364e-09,6.091402549737697e-09,6.091402268781085e-09,6.091401987826828e-09,6.091401706874202e-09,6.091401425923616e-09,6.0914011449749814e-09,6.0914008640290495e-09,6.0914005830850276e-09,6.091400302143199e-09,6.091400021203529e-09,6.091399740266022e-09,6.091399459330706e-09,6.091399178397147e-09,6.091398897466001e-09,6.091398616536988e-09,6.091398335610012e-09,6.09139805468531e-09,6.091397773762692e-09,6.091397492841873e-09,6.091397211923562e-09,6.091396931007193e-09,6.09139665009323e-09,6.091396369181121e-09,6.09139608827138e-09,6.091395807363976e-09,6.091395526458348e-09,6.091395245555186e-09,6.091394964654118e-09,6.091394683754954e-09,6.091394402858081e-09,6.091394121963345e-09,6.0913938410710026e-09,6.09139356018074e-09,6.0913932792926585e-09,6.091392998406735e-09,6.091392717522839e-09,6.0913924366406865e-09,6.091392155761375e-09,6.091391874883915e-09,6.091391594008506e-09,6.091391313135575e-09,6.09139103226496e-09,6.091390751396498e-09,6.0913904705300265e-09,6.091390189665951e-09,6.091389908804062e-09,6.091389627944364e-09,6.091389347086982e-09,6.091389066231652e-09,6.091388785378734e-09,6.091388504527701e-09,6.091388223679036e-09,6.091387942832554e-09,6.091387661988305e-09,6.091387381145954e-09,6.091387100306113e-09,6.091386819468253e-09,6.0913865386322865e-09,6.091386257799305e-09,6.0913859769677576e-09,6.0913856961391025e-09,6.091385415312578e-09,6.091385134488534e-09,6.091384853666461e-09,6.091384572846314e-09,6.0913842920290476e-09,6.091384011213454e-09,6.091383730399928e-09,6.091383449588592e-09,6.091383168779315e-09,6.091382887972779e-09,6.091382607168618e-09,6.091382326366612e-09,6.091382045566903e-09,6.091381764768941e-09,6.0913814839737724e-09,6.0913812031803114e-09,6.091380922389588e-09,6.091380641602255e-09,6.091380360816157e-09,6.091380080032215e-09,6.091379799250057e-09,6.091379518470596e-09,6.091379237693527e-09,6.091378956918484e-09,6.091378676145857e-09,6.091378395375236e-09,6.091378114607305e-09,6.091377833840688e-09,6.091377553076934e-09,6.0913772723156555e-09
11,4.346906017840573e-25,5.869174686206389e-25,7.263794141872553e-25,8.636977774121907e-25,9.994125577452898e-25,1.1338354449480544e-24,1.2672157294373887e-24,1.399750053609771e-24,1.5316000639404099e-24,1.6628977319477933e-24,1.79375028721844e-24,1.9242445617884745e-24,2.0544506999433753e-24,2.184425265294174e-24,2.3142138105649184e-24,2.443852985215558e-24,2.5733722536843384e-24,2.702795290597223e-24,2.8321411102207933e-24,2.9614249786691884e-24,3.0906591494071944e-24,3.2198534559008947e-24,3.349015788120336e-24,3.478152475890174e-24,3.6072685969333924e-24,3.7363682240013314e-24,3.865454623866484e-24,3.994530416481138e-24,4.1235977029461175e-24,4.2526581683937305e-24,4.381713164032758e-24,4.510763773543809e-24,4.639810865909436e-24,4.768855137995205e-24,4.897897148590017e-24,5.02693734574767e-24,5.155976088734269e-24,5.285013665780011e-24,5.4140503078281886e-24,5.543086200178078e-24,5.672121491347645e-24,5.801156300474358e-24,5.930190723109525e-24,6.05922483570625e-24,6.188258699834506e-24,6.317292364683611e-24,6.446325869716626e-24,6.575359246604539e-24,6.704392520784661e-24,6.833425712582867e-24,6.96245883834508e-24,7.091491911057095e-24,7.220524941365069e-24,7.349557937595333e-24,7.478590906540069e-24,7.607623853548391e-24,7.736656783038338e-24,7.865689698435444e-24,7.994722602546322e-24,8.123755497648027e-24,8.252788385472895e-24,8.381821267501205e-24,8.510854144784259e-24,8.639887018406238e-24,8.76891988894641e-24,8.89795275715088e-24,9.026985623427435e-24,9.156018488161077e-24,9.285051351672185e-24,9.414084214178334e-24,9.543117075896764e-24,9.672149936997138e-24,9.801182797592358e-24,9.930215657767225e-24,1.0059248517597229e-23,1.0188281377195514e-23,1.0317314236526685e-23,1.044634709574541e-23,1.0575379954813058e-23,1.070441281377021e-23,1.0833445672694417e-23,1.0962478531540091e-23,1.1091511390286475e-23,1.1220544249032244e-23,1.1349577107745413e-23,1.1478609966416569e-23,1.1607642825076883e-23,1.1736675683722786e-23,1.1865708542363699e-23,1.1994741400991676e-23,1.2123774259606641e-23,1.2252807118249992e-23,1.2381839976866406e-23,1.2510872835496145e-23,1.2639905694149894e-23,1.2768938552743682e-23,1.2897971411379817e-23,1.3027004270002827e-23,1.3156037128661842e-23,1.3285069987264865e-23,1.3414102845910798e-23,1.3543135704580585e-23,1.3672168563225075e-23,1.3801201421901594e-23,1.3930234280581382e-23,1.4059267139242223e-23,1.4188299997911428e-23,1.4317332856589872e-23,1.4446365715266433e-23,1.457539857393332e-23,1.4704431432577098e-23,1.4833464291241084e-23,1.4962497149984892e-23,1.5091530008672432e-23,1.522056286739742e-23,1.5349595726102562e-23,1.5478628584863033e-23,1.5607661443590357e-23,1.5736694302333598e-23,1.5865727161073135e-23,1.599476001976737e-23,1.612379287851364e-23,1.625282573721724e-23,1.638185859594818e-23,1.6510891454742844e-23,1.6639924313505216e-23,1.676895717225987e-23,1.6897990031078496e-23,1.7027022889854256e-23,1.7156055748634598e-23,1.7285088607472922e-23,1.741412146628566e-23,1.7543154325076602e-23,1.7672187183930986e-23,1.7801220042728002e-23,1.7930252901524343e-23,1.805928576032653e-23,1.8188318619176622e-23,1.83173514780206e-23,1.8446384336826746e-23,1.857541719569991e-23,1.8704450054565012e-23,1.8833482913407212e-23,1.8962515772294227e-23,1.9091548631134234e-23,1.922058149001682e-23,1.9349614348869406e-23,1.947864720774465e-23,1.9607680066623862e-23,1.9736712925508006e-23,1.9865745784396702e-23,1.9994778643298508e-23,2.0123811502186278e-23,2.025284436108941e-23,2.0381877220022825e-23,2.0510910078941493e-23,2.0639942937912606e-23,2.076897579681651e-23,2.0898008655777038e-23,2.1027041514735846e-23,2.1156074373653404e-23,2.1285107232601322e-23,2.1414140091527616e-23,2.1543172950468222e-23,2.1672205809422952e-23,2.1801238668415224e-23,2.1930271527370967e-23,2.2059304386354946e-23,2.218833724532109e-23,2.2317370104367537e-23,2.2446402963340437e-23,2.2575435822352078e-23,2.2704468681389413e-23,2.283350154036137e-23,2.2962534399378276e-23,2.3091567258385765e-23,2.322060011743813e-23,2.334963297646998e-23,2.347866583550514e-23,2.3607698694546323e-23,2.3736731553593253e-23,2.3865764412676385e-23,2.3994797271708538e-23,2.4123830130801118e-23,2.4252862989851136e-23,2.4381895848915966e-23,2.451092870802503e-23,2.4639961567074753e-23,2.4768994426157476e-23,2.4898027285238557e-23,2.5027060144339912e-23,2.5156093003425735e-23,2.5285125862521424e-23,2.5414158721653707e-23,2.5543191580774827e-23,2.5672224439915373e-23,2.5801257299029997e-23,2.5930290158195257e-23,2.605932301733371e-23,2.618835587647767e-23,2.6317388735611596e-23,2.6446421594793828e-23,2.657545445393766e-23,2.670448731305698e-23,2.6833520172301415e-23,2.696255303146087e-23,2.709158589062823e-23,2.7220618749830696e-23,2.73496516090513e-23,2.747868446826398e-23,2.760771732747468e-23,2.773675018666784e-23,2.786578304593467e-23,2.799481590513731e-23,2.8123848764312024e-23,2.8252881623565985e-23,2.838191448285699e-23,2.851094734208194e-23,2.863998020133098e-23,2.8769013060541625e-23,2.889804591981439e-23,2.9027078779060625e-23,2.9156111638289506e-23,2.9285144497557355e-23,2.9414177356796975e-23,2.9543210216061697e-23,2.9672243075323533e-23,2.9801275934646807e-23,2.9930308793931065e-23,3.0059341653199496e-23,3.0188374512505913e-23,3.0317407371810585e-23,3.0446440231141464e-23,3.0575473090467817e-23,3.070450594981625e-23,3.0833538809151756e-23,3.0962571668475394e-23,3.1091604527809077e-23,3.1220637387200194e-23,3.1349670246543645e-23,3.1478703105907814e-23,3.160773596527252e-23,3.1736768824614364e-23,3.186580168402517e-23,3.199483454336533e-23,3.212386740274028e-23,3.225290026214486e-23,3.238193312151518e-23,3.2510965980909275e-23,3.2639998840324566e-23,3.276903169969403e-23,3.289806455910702e-23,3.3027097418521363e-23,3.315613027791335e-23,3.3285163137313583e-23,3.341419599675824e-23,3.35432288561583e-23,3.367226171561257e-23,3.380129457508818e-23,3.393032743455229e-23,3.405936029395994e-23,3.418839315344434e-23,3.431742601293863e-23,3.444645887244087e-23,3.4575491731910844e-23,3.470452459139253e-23,3.483355745090637e-23,3.496259031042801e-23,3.5091623169928783e-23,3.5220656029390066e-23,3.534968888892516e-23,3.5478721748385794e-23,3.560775460789674e-23,3.5736787467396027e-23,3.586582032692589e-23,3.5994853186449906e-23,3.612388604598242e-23,3.625291890551261e-23,3.6381951765072226e-23,3.651098462462287e-23,3.664001748416484e-23,3.676905034370419e-23,3.689808320329357e-23,3.702711606286516e-23,3.715614892244525e-23,3.728518178204682e-23,3.741421464164636e-23,3.7543247501247e-23,3.767228036084515e-23,3.780131322046235e-23,3.7930346080081774e-23,3.805937893972896e-23,3.8188411799338126e-23,3.831744465900563e-23,3.8446477518635256e-23,3.8575510378275243e-23,3.8704543237933544e-23,3.883357609755288e-23,3.8962608957184337e-23,3.90916418168605e-23,3.922067467650273e-23,3.934970753618163e-23,3.9478740395820827e-23,3.9607773255535505e-23,3.973680611523419e-23,3.9865838974939834e-23,3.9994871834627917e-23,4.0123904694336306e-23,4.025293755401545e-23,4.0381970413752737e-23,4.0511003273431915e-23,4.06400361331664e-23,4.0769068992913075e-23,4.08981018526491e-23,4.10271347123953e-23,4.115616757214972e-23,4.128520043190608e-23,4.141423329167043e-23,4.154326615141717e-23,4.167229901117531e-23,4.180133187092322e-23,4.193036473068214e-23,4.205939759047683e-23,4.2188430450236836e-23,4.231746331004065e-23,4.244649616981027e-23,4.257552902960575e-23,4.270456188940315e-23,4.2833594749190774e-23,4.296262760899814e-23,4.309166046879597e-23,4.3220693328613676e-23,4.3349726188422164e-23,4.347875904828265e-23,4.360779190811882e-23,4.3736824767988735e-23,4.3865857627809013e-23,4.399489048768806e-23,4.412392334754192e-23,4.4252956207414264e-23,4.4381989067330104e-23,4.4511021927195745e-23,4.464005478706328e-23,4.4769087646972706e-23,4.4898120506852994e-23,4.502715336672346e-23,4.5156186226595636e-23,4.5285219086515144e-23,4.541425194639519e-23,4.554328480631903e-23,4.567231766618432e-23,4.5801350526149165e-23,4.593038338606748e-23,4.605941624600139e-23,4.618844910595351e-23,4.631748196589725e-23,4.6446514825842935e-23,4.657554768581316e-23,4.670458054579921e-23,4.68336134057466e-23,4.696264626570425e-23,4.709167912569429e-23,4.7220711985709086e-23,4.734974484568519e-23,4.747877770569486e-23,4.760781056570502e-23,4.7736843425692293e-23,4.786587628568637e-23,4.7994909145708015e-23,4.8123942005684376e-23,4.82529748657075e-23,4.8382007725718106e-23,4.8511040585743826e-23,4.8640073445800854e-23,4.876910630582881e-23,4.8898139165879824e-23,4.90271720259094e-23,4.9156204885949536e-23,4.928523774604224e-23,4.941427060611402e-23,4.9543303466215785e-23,4.967233632628099e-23,4.980136918640745e-23,4.993040204648287e-23,5.0059434906552804e-23,5.0188467766653244e-23,5.0317500626763816e-23,5.044653348684506e-23,5.057556634700065e-23,5.0704599207127155e-23,5.0833632067232814e-23,5.096266492740887e-23,5.109169778752622e-23,5.122073064766189e-23,5.1349763507797926e-23,5.1478796367958087e-23,5.1607829228093515e-23,5.173686208826826e-23,5.186589494839511e-23,5.199492780853092e-23,5.212396066874107e-23,5.2252993528893444e-23,5.2382026389132304e-23,5.2511059249294516e-23,5.2640092109485187e-23,5.276912496968653e-23,5.2898157829897856e-23,5.302719069010902e-23,5.315622355029514e-23,5.328525641051542e-23,5.341428927071843e-23,5.354332213096362e-23,5.367235499120475e-23,5.380138785144529e-23,5.393042071168135e-23,5.405945357190343e-23,5.418848643217701e-23,5.431751929242485e-23,5.444655215270859e-23,5.4575585012952e-23,5.470461787321795e-23,5.483365073350396e-23,5.496268359378084e-23,5.509171645410563e-23,5.522074931438802e-23,5.534978217468037e-23,5.547881503497773e-23,5.560784789535383e-23,5.573688075565264e-23,5.586591361602027e-23,5.599494647632452e-23,5.6123979336669e-23,5.625301219698666e-23,5.638204505732342e-23,5.651107791766091e-23,5.664011077800289e-23,5.67691436383415e-23,5.689817649874742e-23,5.702720935911473e-23,5.715624221949876e-23,5.728527507987098e-23,5.741430794024736e-23,5.754334080062064e-23,5.767237366103916e-23,5.780140652146798e-23,5.793043938185293e-23,5.805947224226488e-23,5.818850510267725e-23,5.831753796308947e-23,5.844657082352023e-23,5.857560368396024e-23,5.870463654437959e-23,5.883366940481278e-23,5.896270226525143e-23,5.90917351257036e-23,5.922076798615629e-23,5.934980084662245e-23,5.947883370704213e-23,5.960786656753919e-23,5.973689942797379e-23,5.986593228848478e-23,5.99949651489478e-23,6.012399800947729e-23,6.025303086994636e-23,6.038206373046489e-23,6.051109659098516e-23,6.064012945149733e-23,6.076916231200981e-23,6.089819517247702e-23,6.102722803299157e-23,6.115626089359534e-23,6.128529375416253e-23,6.141432661469641e-23,6.154335947525594e-23,6.167239233580891e-23,6.180142519638236e-23,6.193045805694877e-23,6.205949091749654e-23,6.21885237781011e-23,6.231755663867467e-23,6.244658949923722e-23,6.257562235986173e-23,6.270465522044196e-23,6.28336880810355e-23,6.296272094165319e-23,6.309175380222799e-23,6.322078666284808e-23,6.334981952348648e-23,6.347885238408893e-23,6.360788524474029e-23,6.373691810534953e-23,6.386595096600691e-23,6.399498382660603e-23,6.412401668728122e-23,6.425304954791918e-23,6.438208240859351e-23,6.451111526926182e-23,6.464014812996677e-23,6.476918099064935e-23,6.489821385133622e-23,6.502724671201274e-23,6.51562795727366e-23,6.528531243339593e-23,6.54143452941135e-23,6.554337815484462e-23,6.567241101552995e-23,6.580144387623132e-23,6.593047673693494e-23,6.605950959763195e-23,6.618854245839592e-23,6.631757531913867e-23,6.644660817991547e-23,6.657564104066454e-23,6.670467390140234e-23,6.683370676216804e-23,6.696273962292386e-23,6.70917724836727e-23,6.722080534441838e-23,6.734983820519248e-23,6.74788710659884e-23,6.760790392680014e-23,6.773693678757943e-23,6.786596964842707e-23,6.799500250920155e-23,6.812403537000983e-23,6.825306823081203e-23,6.83821010916157e-23,6.851113395239126e-23,6.864016681324899e-23,6.876919967406201e-23,6.889823253488588e-23,6.902726539573395e-23,6.915629825658267e-23,6.92853311174151e-23,6.941436397827801e-23,6.954339683915659e-23,6.967242970000397e-23,6.980146256089628e-23,6.993049542178061e-23,7.005952828266866e-23,7.01885611435991e-23,7.031759400446101e-23,7.044662686536325e-23,7.057565972627174e-23,7.070469258717149e-23,7.083372544805424e-23,7.096275830898841e-23,7.109179116992869e-23,7.12208240307987e-23,7.134985689176219e-23,7.147888975268625e-23,7.160792261363608e-23,7.173695547463049e-23,7.186598833556241e-23,7.199502119653694e-23,7.212405405747574e-23,7.225308691845852e-23,7.238211977946368e-23,7.251115264043184e-23,7.264018550137975e-23,7.276921836239235e-23,7.289825122342471e-23,7.302728408439303e-23,7.315631694541405e-23,7.328534980644746e-23,7.34143826674891e-23,7.354341552850746e-23,7.367244838952717e-23,7.38014812505582e-23,7.393051411159912e-23,7.405954697262811e-23,7.41885798336897e-23,7.431761269473257e-23,7.444664555580746e-23,7.457567841688426e-23,7.470471127794478e-23,7.483374413900721e-23,7.496277700009186e-23,7.50918098611721e-23,7.522084272226368e-23,7.534987558333589e-23,7.547890844445097e-23,7.56079413055583e-23,7.573697416669731e-23,7.586600702784836e-23,7.599503988896357e-23,7.612407275011061e-23,7.625310561126943e-23,7.63821384723831e-23,7.651117133352758e-23,7.664020419469466e-23,7.676923705581783e-23,7.689826991698759e-23,7.702730277814425e-23,7.715633563932566e-23,7.728536850052589e-23,7.741440136164407e-23,7.754343422283951e-23,7.767246708406709e-23,7.780149994524749e-23,7.793053280644179e-23,7.805956566765872e-23,7.818859852885048e-23,7.831763139004402e-23,7.84466642512686e-23,7.85756971124863e-23,7.870472997372463e-23,7.883376283497494e-23,7.89627956962398e-23,7.909182855748382e-23,7.922086141876146e-23,7.934989428000316e-23,7.947892714129717e-23,7.960796000256138e-23,7.973699286382435e-23,7.986602572510518e-23,7.999505858638188e-23,8.01240914476888e-23,8.025312430897877e-23,8.038215717025429e-23,8.051119003155088e-23,8.064022289288752e-23,8.076925575420713e-23,8.0898288615509e-23,8.102732147685992e-23,8.115635433818937e-23,8.128538719952902e-23,8.141442006087377e-23,8.154345292222587e-23,8.167248578357443e-23,8.180151864489711e-23,8.193055150629637e-23,8.205958436767981e-23,8.21886172290496e-23,8.23176500904483e-23,8.244668295178711e-23,8.257571581317378e-23,8.270474867457248e-23,8.283378153597573e-23,8.296281439734097e-23,8.309184725875628e-23,8.322088012013881e-23,8.334991298157126e-23,8.347894584295165e-23,8.360797870436988e-23,8.373701156577297e-23,8.38660444272176e-23,8.399507728868049e-23,8.41241101501024e-23,8.425314301157054e-23,8.438217587301775e-23,8.451120873447189e-23,8.464024159594048e-23,8.476927445739354e-23,8.48983073188783e-23,8.502734018035376e-23,8.515637304183375e-23,8.528540590332519e-23,8.541443876482172e-23,8.554347162632592e-23,8.567250448781748e-23,8.580153734932903e-23,8.593057021082558e-23,8.60596030723803e-23,8.618863593389319e-23,8.631766879542483e-23,8.644670165696779e-23,8.657573451848082e-23,8.670476738005448e-23,8.683380024160772e-23,8.696283310318881e-23,8.709186596476322e-23,8.722089882634783e-23,8.734993168791208e-23,8.747896454948686e-23,8.760799741106451e-23,8.773703027271333e-23,8.786606313427317e-23,8.79950959959088e-23,8.81241288575274e-23,8.825316171913589e-23,8.8382194580749e-23,8.851122744238787e-23,8.864026030400023e-23,8.876929316561744e-23,8.88983260272515e-23,8.902735888887242e-23,8.915639175048733e-23,8.928542461216435e-23,8.941445747379295e-23,8.954349033544832e-23,8.967252319712421e-23,8.98015560587885e-23,8.99305889204801e-23,9.005962178214042e-23,9.018865464383047e-23,9.031768750553188e-23,9.044672036724074e-23,9.057575322891563e-23,9.070478609064789e-23,9.083381895235238e-23,9.096285181405608e-23,9.109188467581532e-23,9.12209175375363e-23,9.134995039927482e-23,9.147898326101352e-23,9.160801612271838e-23,9.173704898446135e-23,9.18660818462464e-23,9.199511470801979e-23,9.212414756978657e-23,9.225318043151668e-23,9.238221329331467e-23,9.251124615506664e-23,9.264027901685308e-23,9.27693118786209e-23,9.289834474042119e-23,9.302737760223525e-23,9.315641046403535e-23,9.328544332587808e-23,9.341447618767723e-23,9.354350904949361e-23,9.367254191134335e-23,9.380157477315218e-23,9.393060763500105e-23,9.405964049683917e-23,9.418867335867968e-23,9.431770622053893e-23,9.444673908238977e-23,9.45757719442694e-23,9.470480480613734e-23,9.4833837668e-23,9.49628705298842e-23,9.509190339175431e-23,9.522093625361913e-23,9.534996911551092e-23,9.547900197740032e-23,9.560803483934551e-23,9.573706770122505e-23,9.586610056317694e-23,9.599513342510846e-23,9.612416628700475e-23,9.625319914896687e-23,9.638223201088418e-23,9.651126487280605e-23,9.664029773474688e-23,9.676933059672971e-23,9.689836345867555e-23,9.702739632062572e-23,9.715642918258084e-23,9.728546204453598e-23,9.741449490649649e-23,9.754352776846723e-23,9.767256063044829e-23,9.780159349245531e-23,9.793062635443653e-23,9.805965921642673e-23,9.818869207842775e-23,9.831772494040788e-23,9.844675780244568e-23,9.857579066447316e-23,9.87048235264647e-23,9.883385638852719e-23,9.896288925057055e-23,9.90919221125868e-23,9.922095497462914e-23,9.934998783666664e-23,9.947902069877599e-23,9.960805356083403e-23,9.97370864229317e-23,9.986611928495894e-23,9.99951521470724e-23,1.001241850091156e-22,1.002532178712294e-22,1.0038225073330286e-22,1.0051128359537038e-22,1.0064031645746356e-22,1.0076934931958267e-22,1.0089838218167573e-22,1.0102741504378443e-22,1.011564479058682e-22,1.012854807680381e-22,1.0141451363013848e-22,1.0154354649228304e-22,1.0167257935440284e-22,1.0180161221659235e-22,1.0193064507871788e-22,1.0205967794091183e-22,1.0218871080307156e-22,1.023177436652415e-22,1.0244677652741649e-22,1.0257580938960253e-22,1.0270484225177813e-22,1.0283387511399353e-22,1.0296290797615939e-22,1.0309194083837425e-22,1.0322097370057478e-22,1.0335000656276624e-22,1.0347903942498211e-22,1.0360807228725176e-22,1.0373710514945826e-22,1.0386613801166997e-22,1.0399517087390619e-22,1.0412420373611884e-22,1.0425323659839048e-22,1.0438226946064332e-22,1.0451130232289638e-22,1.046403351852061e-22,1.0476936804743983e-22,1.0489840090972544e-22,1.050274337719993e-22,1.0515646663427206e-22,1.0528549949658424e-22,1.0541453235884858e-22,1.0554356522117103e-22,1.0567259808346537e-22,1.0580163094579685e-22,1.0593066380807246e-22,1.0605969667039922e-22,1.061887295326989e-22,1.063177623950362e-22,1.0644679525736084e-22,1.0657582811968008e-22,1.0670486098201374e-22,1.0683389384440078e-22,1.0696292670671676e-22,1.070919595690559e-22,1.0722099243141007e-22,1.0735002529379423e-22,1.0747905815619286e-22,1.0760809101857406e-22,1.0773712388098149e-22,1.0786615674338184e-22,1.079951896057523e-22,1.0812422246815203e-22,1.082532553305475e-22,1.0838228819294895e-22,1.0851132105537357e-22,1.0864035391780848e-22,1.0876938678024368e-22,1.0889841964269222e-22,1.0902745250507607e-22,1.0915648536752972e-22,1.0928551822998464e-22,1.094145510924411e-22,1.0954358395486401e-22,1.0967261681730741e-22,1.0980164967975947e-22,1.0993068254223632e-22,1.1005971540470843e-22,1.1018874826722675e-22,1.1031778112969169e-22,1.1044681399219708e-22,1.1057584685469507e-22,1.1070487971720242e-22,1.1083391257973363e-22,1.109629454422372e-22,1.1109197830473737e-22,1.112210111672334e-22,1.1135004402983564e-22,1.1147907689235197e-22,1.1160810975493095e-22,1.1173714261740195e-22,1.11866175479964e-22,1.119952083425593e-22,1.1212424120511451e-22,1.1225327406766455e-22,1.1238230693022905e-22,1.125113397927847e-22,1.12640372655391e-22,1.127694055179669e-22,1.1289843838060655e-22,1.1302747124319298e-22,1.131565041057883e-22,1.1328553696839263e-22,1.1341456983100714e-22,1.1354360269363095e-22,1.1367263555624228e-22,1.1380166841883563e-22,1.139307012814746e-22,1.1405973414412786e-22,1.1418876700671147e-22,1.1431779986936958e-22,1.1444683273204362e-22,1.1457586559468245e-22,1.147048984573302e-22,1.1483393132000445e-22,1.1496296418266374e-22,1.1509199704535333e-22,1.152210299080314e-22,1.1535006277071846e-22,1.1547909563339261e-22,1.1560812849608562e-22,1.157371613587872e-22,1.1586619422154376e-22,1.1599522708419968e-22,1.161242599469687e-22,1.1625329280971023e-22,1.1638232567245293e-22,1.1651135853519034e-22,1.1664039139795073e-22,1.1676942426068565e-22,1.1689845712342532e-22,1.1702748998618723e-22,1.1715652284893835e-22,1.172855557117017e-22,1.1741458857443573e-22,1.175436214371868e-22,1.1767265429998713e-22,1.1780168716278428e-22,1.1793072002556933e-22,1.1805975288833766e-22,1.1818878575114095e-22,1.1831781861394074e-22,1.1844685147673676e-22,1.185758843395556e-22,1.1870491720237115e-22,1.1883395006523514e-22,1.1896298292806984e-22,1.190920157909008e-22,1.1922104865377145e-22,1.1935008151657577e-22,1.1947911437945133e-22,1.1960814724231245e-22,1.1973718010517358e-22,1.1986621296797912e-22,1.1999524583083244e-22,1.2012427869374272e-22,1.2025331155662917e-22,1.2038234441947334e-22,1.205113772824115e-22,1.2064041014532687e-22,1.2076944300822876e-22,1.2089847587106388e-22,1.2102750873399607e-22,1.2115654159690958e-22,1.2128557445984894e-22,1.2141460732276042e-22,1.2154364018566704e-22,1.2167267304863428e-22,1.2180170591152785e-22,1.2193073877450182e-22,1.220597716374845e-22,1.2218880450044412e-22,1.2231783736336188e-22,1.2244687022635048e-22,1.2257590308929983e-22,1.2270493595227484e-22,1.2283396881526717e-22,1.2296300167825692e-22,1.2309203454126848e-22,1.2322106740426824e-22,1.233501002672278e-22,1.2347913313027066e-22,1.236081659932741e-22,1.237371988562778e-22,1.2386623171928997e-22,1.2399526458233224e-22,1.2412429744531406e-22,1.2425333030837913e-22,1.243823631713919e-22,1.2451139603448342e-22,1.2464042889752768e-22,1.2476946176057253e-22,1.2489849462363446e-22,1.2502752748671845e-22,1.2515656034977904e-22,1.2528559321286945e-22,1.2541462607597282e-22,1.2554365893908204e-22,1.2567269180220328e-22,1.258017246653013e-22,1.2593075752833479e-22,1.2605979039148207e-22,1.2618882325457155e-22,1.2631785611768171e-22,1.2644688898083316e-22,1.2657592184393865e-22,1.26704954707044e-22,1.2683398757022755e-22,1.2696302043331693e-22,1.2709205329648183e-22,1.2722108615969332e-22,1.273501190228538e-22,1.2747915188603517e-22,1.2760818474918577e-22,1.2773721761237735e-22,1.2786625047554147e-22,1.279952833387393e-22,1.2812431620193875e-22,1.2825334906511082e-22,1.2838238192831502e-22,1.2851141479152595e-22,1.2864044765474927e-22,1.2876948051792723e-22,1.288985133811565e-22,1.2902754624446285e-22,1.2915657910771132e-22,1.2928561197092444e-22,1.2941464483414587e-22,1.4124074841098462e-18,1.752128128707954e-18,2.0620118393561162e-18,2.3776138944821383e-18,2.701429372599557e-18,3.0345757154439795e-18,3.3779362748308846e-18,3.732260979576925e-18,4.098212176642118e-18,4.4763961319719166e-18,4.867385430054341e-18,5.271735006426348e-18,5.689993699379638e-18,6.1227126542705606e-18,6.570451524436005e-18,7.033783136650419e-18,7.513297093434772e-18,8.009602646133224e-18,8.52333107487444e-18,9.055137742563598e-18,9.605703941473708e-18,1.0175738616858494e-17,1.0765980028066408e-17,1.1377197390883225e-17,1.2010192533169101e-17,1.2665801587766815e-17,1.334489674110344e-17,1.4048388052119996e-17,1.4777225353655114e-17,1.55324002467663e-17,1.6314948197488727e-17,1.712595074498019e-17,1.7966537829771604e-17,1.8837890250895833e-17,1.974124226084218e-17,2.0677884307650263e-17,2.1649165933900992e-17,2.2656498842934128e-17,2.3701360143221463e-17,2.478529578258218e-17,2.5909924184698464e-17,2.707694010125139e-17,2.828811869394647e-17,2.954531986172608e-17,3.085049282957645e-17,3.22056810165329e-17,3.3613027201802895e-17,3.507477900932199e-17,3.659329473260173e-17,3.817104952335903e-17,3.9810641969236617e-17,4.151480108782618e-17,4.328639376634043e-17,4.512843267855912e-17,4.704408471313107e-17,4.9036679949995227e-17,5.110972122467032e-17,5.326689432323196e-17,5.551207885433705e-17,5.784935984836332e-17,6.028304013785763e-17,6.281765357789885e-17,6.545797916985041e-17,6.820905615736313e-17,7.107620016911137e-17,7.406502048918803e-17,7.718143854293963e-17,8.043170769363353e-17,8.382243445344549e-17,8.736060122147072e-17,9.105359067142033e-17,9.490921192219255e-17,9.89357286368532e-17,1.0314188920835114e-16,1.0753695920483269e-16,1.1213075626315226e-16,1.1693368763658844e-16,1.2195679062198285e-16,1.2721177611259347e-16,1.3271107554617726e-16,1.3846789154365196e-16,1.44496252561945e-16,1.5081107191608805e-16,1.574282115602728e-16,1.6436455105609105e-16,1.7163806219858492e-16,1.7926788981831694e-16,1.872744393297144e-16,1.9567947165449235e-16,2.0450620621353832e-16,2.1377943275294083e-16,2.2352563285004963e-16,2.3377311203503614e-16,2.445521435635941e-16,2.5589512498787665e-16,2.6783674879796306e-16,2.8041418854586493e-16,2.93667302021333e-16,3.076388532233178e-16,3.2237475507053046e-16,3.379243350145894e-16,3.5434062597057984e-16,3.71680685260667e-16,3.900059445846991e-16,4.093825943901661e-16,4.298820064196715e-16,4.515811986739306e-16,4.74563347547901e-16,4.989183524898885e-16,5.247434592038009e-16,5.52143948179565e-16,5.812338962078774e-16,6.121370195269651e-16,6.449876083859846e-16,6.799315641081776e-16,7.171275512234382e-16,7.567482789486644e-16,7.98981928257723e-16,8.440337430405985e-16,8.92127806454896e-16,9.435090265826672e-16,9.984453589817535e-16,1.0572302977537868e-15,1.1201856714245595e-15,1.1876647853747949e-15,1.260055958891871e-15,1.3377865123051843e-15,1.4213272683097145e-15,1.511197641708092e-15,1.607971403679002e-15,1.7122832206609247e-15,1.8248360844093694e-15,1.946409769236481e-15,2.07787047548236e-15,2.220181845576198e-15,2.374417571549187e-15,2.5417758515800395e-15,2.7235959994431193e-15,2.9213775661598016e-15,3.1368023997448062e-15,3.371760149120916e-15,3.628377815109694e-15,3.9090540686567915e-15,4.216499198873405e-15,4.553781726953522e-15,4.924382934023703e-15,5.332260810871952e-15,5.78192525715028e-15,6.27852675217108e-15,6.827961208072998e-15,7.436994323629946e-15,8.11340951509844e-15,8.866184450370384e-15,9.70570240775874e-15,1.0644006190760133e-14,1.169510424666383e-14,1.2875341080860247e-14,1.420384719054464e-14,1.5703087775408487e-14,1.739953470684997e-14,1.9324493040290558e-14,2.1515122268057763e-14,2.4015704259577033e-14,2.687922542791495e-14,3.016936149772583e-14,3.396298130009171e-14,3.835332407936082e-14,4.345405686889049e-14,4.940449036840702e-14,5.637633190525732e-14,6.458249501455506e-14,7.428868568478311e-14,8.58287738237195e-14,9.962537870418113e-14,1.1621771716673017e-13,1.3026813067570082e-13,1.3026813067575886e-13,1.3026813067583857e-13,1.3026813067619102e-13,1.534423523722663e-13,1.8186035436701179e-13,2.1696769651780125e-13,2.6070547519836327e-13,3.157098994788308e-13,3.8560876954662507e-13,4.754724341353001e-13,5.925123601911814e-13,7.471874203468196e-13,9.549999636390088e-13,1.2394931820933224e-12,1.6374078589920585e-12,2.207858809264793e-12,3.0492899658388174e-12,4.332146728983773e-12,6.364663667609287e-12,9.73407823168422e-12,1.5623649554719726e-11,2.6581037368165203e-11,4.851723741247988e-11,9.634827174946186e-11,2.113409805904409e-10,5.192006482861202e-10,1.4401677864983599e-09,4.494049033721563e-09,4.801573637146834e-09,1.719514297200096e-08,6.376777348489778e-08,2.405978698381422e-07,8.861876621871896e-07,3.037557645065777e-06,9.27376116963621e-06,1.1992845374719271e-05,3.243894984574676e-05,7.016772204244052e-05,0.0001296808392408575,0.00020845645307353955,0.0002957895437593788,0.0003774836440534748,0.00044242604649902967,0.0004857449161235068,0.0005079874133792947,0.0005126978985789473,0.0005043125598619343,0.0004869542413066338,0.0004639627577540731,0.0004378378644320783,0.000410354994117014,0.00038272452934343766,0.0003557395360901902,0.00032989501517289324,0.0003054779490105476,0.00028263287697011,0.0002614086457396134,0.00024179129017815805,0.00022372693328291785,0.00020713759870922906,0.00019193202950366797,0.00017801300513108211,0.00016528221154253029,0.00015364340678338193,0.00014300440390833258,0.00013327823765010656,0.0001243837721868315,0.0001162459306947071,0.00010879567346705071,0.00010196981339362519,9.571073077239353e-05,8.996603048186155e-05,8.46881711031208e-05,7.983408608479627e-05,7.536481031508638e-05,7.124512071292745e-05,6.744319609629477e-05,6.393029927682776e-05,6.068048268099966e-05,5.767031771921177e-05,5.4878647382744335e-05,5.2286361074373106e-05,4.987619040867119e-05,4.7632524540092724e-05,4.5541243533472004e-05,4.358956828438647e-05,4.17659255365854e-05,4.0059826608881425e-05,3.8461758536659215e-05,3.696308641004762e-05,3.555596579831653e-05,3.4233264239469216e-05,3.2988490863142244e-05,3.181573330675136e-05,3.070960115836299e-05,2.966517524592203e-05,2.86779621518994e-05,2.7743853401228362e-05,2.6859088827914975e-05,2.6020223675065586e-05,2.522409903428106e-05,2.4467815268607227e-05,2.3748708104804214e-05,2.3064327112150966e-05,2.241241631786901e-05,2.1790896732493433e-05,2.1197850589882766e-05,2.0631507116930157e-05,2.009022968424692e-05,1.957250418267733e-05,1.9076928512946446e-05,1.8602203065242846e-05,1.814712209326983e-05,1.771056589105671e-05,1.7291493692160935e-05,1.6888937219384503e-05,1.6501994820710662e-05,1.6129826133870132e-05,1.577164722749341e-05,1.542672617323702e-05,1.5094379006628433e-05,1.4773966040489933e-05,1.4464888496069189e-05,1.4166585423310756e-05,1.3878530882051488e-05,1.3600231360785692e-05,1.3331223410479806e-05,1.307107147392127e-05,1.2819365893082355e-05,1.2575721078141056e-05,1.2339773823509525e-05,1.2111181758805956e-05,1.18896219214281e-05,1.167478944149582e-05,1.1466396328042806e-05,1.126417034931153e-05,1.1067853997601601e-05,1.0877203532688856e-05,1.0691988096580598e-05,1.0511988893509873e-05,1.03369984306261e-05,1.0166819813450933e-05,1.0001266092267962e-05,9.840159655056774e-06,9.683331663386308e-06,9.530621527651255e-06,9.381876419148923e-06,9.236950814920307e-06,9.09570607451207e-06,8.958010044402399e-06,8.823736689407866e-06,8.692765748691084e-06,8.564982413619438e-06,8.440277027037512e-06,8.318544801989926e-06,8.19968555812654e-06,8.083603475096955e-06,7.970206860915035e-06,7.859407935260154e-06,7.751122625796028e-06,7.645270376919959e-06,7.541773970265924e-06,7.440559355660193e-06,7.341555492632732e-06,7.244694200498198e-06,7.149910017891113e-06,7.057140070053582e-06,6.966323943820402e-06,6.877403569776225e-06,6.7903231109540244e-06,6.705028857774857e-06,6.621469128855529e-06,6.539594177221755e-06,6.45935610166965e-06,6.380708762878662e-06,6.3036077040102865e-06,6.228010075567604e-06,6.15387456419488e-06,6.0811613251867035e-06,6.009831918506946e-06,5.939849248106213e-06,5.8711775043064204e-06,5.803782109116945e-06,5.73762966432371e-06,5.6726879021347005e-06,5.608925638216936e-06,5.546312727146974e-06,5.484820019942642e-06,5.424419323673847e-06,5.365083363002964e-06,5.306785743553042e-06,5.249500917070628e-06,5.193204147992351e-06,5.137871482023224e-06,5.08347971554502e-06,5.030006366993835e-06,4.977429649093162e-06,4.925728442854146e-06,4.8748822721504235e-06,4.824871279729239e-06,4.775676204576243e-06,4.727278359561612e-06,4.679659610671697e-06,4.63280235689093e-06,4.586689511011346e-06,4.54130448115727e-06,4.496631153266435e-06,4.452653874119463e-06,4.409357435249087e-06,4.366727057402757e-06,4.324748375681109e-06,4.283407425386454e-06,4.242690628071809e-06,4.202584778811022e-06,4.163077033307268e-06,4.124154895966506e-06,4.085806208206857e-06,4.048019137372502e-06,4.010782165975938e-06,3.974084081388988e-06,3.937913966084258e-06,3.902261187874189e-06,3.867115390942406e-06,3.83246648709548e-06,3.798304646886598e-06,3.7646202919702287e-06,3.731404087148272e-06,3.69864693249885e-06,3.6663399563251485e-06,3.634474508149116e-06,3.6030421519018336e-06,3.5720346593802978e-06,3.541444004027146e-06,3.5112623548714196e-06,3.4814820706838906e-06,3.452095694252568e-06,3.423095947043236e-06,3.394475723968101e-06,3.3662280882211682e-06,3.338346266607616e-06,3.3108236444892826e-06,3.2836537614930586e-06,3.2568303069526918e-06,3.230347115843464e-06,3.204198164449956e-06,3.1783775664645756e-06,3.152879569334126e-06,3.1276985502060185e-06,3.102829012630943e-06,3.0782655829007726e-06,3.0540030067858166e-06,3.030036146235768e-06,3.006359976256034e-06,2.9829695818888897e-06,2.9598601551905865e-06,2.9370269923787797e-06,2.9144654912255624e-06,2.8921711481620298e-06,2.8701395557292224e-06,2.8483664002368607e-06,2.8268474591254626e-06,2.805578598691252e-06,2.7845557717976464e-06,2.76377501562224e-06,2.7432324495237918e-06,2.722924272995148e-06,2.7028467636060174e-06,2.6829962750068806e-06,2.6633692350517055e-06,2.643962143979007e-06,2.6247715725452635e-06,2.605794160367857e-06,2.5870266141891337e-06,2.5684657061662213e-06,2.550108272513593e-06,2.531951211601488e-06,2.5139914828212224e-06,2.4962261048313007e-06,2.4786521542546697e-06,2.461266764273397e-06,2.444067123483422e-06,2.4270504742526654e-06,2.4102141116376484e-06,2.3935553821731153e-06,2.3770716826471006e-06,2.3607604589478064e-06,2.3446192048252076e-06,2.3286454609330853e-06,2.3128368137361044e-06,2.2971908943761013e-06,2.2817053777552493e-06,2.2663779814479124e-06,2.251206464853046e-06,2.2361886281750056e-06,2.221322311583311e-06,2.2066053942502284e-06,2.1920357935337664e-06,2.177611464110793e-06,2.1633303972409247e-06,2.1491906197933066e-06,2.135190193665367e-06,2.1213272149290945e-06,2.1075998130363957e-06,2.094006150240858e-06,2.0805444208111726e-06,2.0672128503413777e-06,2.0540096951280492e-06,2.0409332414607656e-06,2.0279818050822167e-06,2.0151537304898716e-06,2.002447390339954e-06,1.989861184944116e-06,1.977393541515024e-06,1.9650429138882775e-06,1.9528077816748887e-06,1.9406866500112155e-06,1.928678048779609e-06,1.916780532282664e-06,1.9049926787119522e-06,1.8933130896008213e-06,1.8817403894070302e-06,1.8702732250926987e-06,1.8589102655798656e-06,1.8476502013805674e-06,1.8364917441495138e-06,1.825433626279928e-06,1.8144746004589243e-06,1.8036134393208429e-06,1.792848935029419e-06,1.7821798988828434e-06,1.7716051609667672e-06,1.7611235698166431e-06,1.7507339919912623e-06,1.7404353117435403e-06,1.7302264308030496e-06,1.7201062678700018e-06,1.7100737583793304e-06,1.7001278541880744e-06,1.6902675232326691e-06,1.6804917492809029e-06,1.6707995315707385e-06,1.6611898845643757e-06,1.6516618376493576e-06,1.6422144348824067e-06,1.6328467346795804e-06,1.6235578095892115e-06,1.6143467460190323e-06,1.605212643980457e-06,1.5961546168449643e-06,1.5871717910991449e-06,1.5782633061126267e-06,1.5694283139018494e-06,1.5606659789011818e-06,1.5519754777415327e-06,1.5433559990382288e-06,1.534806743173774e-06,1.5263269220836432e-06,1.517915759070329e-06,1.509572488578663e-06,1.5012963559952867e-06,1.4930866175167523e-06,1.4849425399097039e-06,1.4768634002958324e-06,1.4688484860697237e-06,1.4608970946120985e-06,1.4530085332174527e-06,1.4451821188357798e-06,1.4374171779756455e-06,1.4297130465040792e-06,1.422069069499655e-06,1.4144846010750794e-06,1.4069590042710401e-06,1.3994916508782674e-06,1.3920819212736898e-06,1.3847292043089662e-06,1.3774328971444229e-06,1.3701924051183622e-06,1.3630071416371347e-06,1.3558765279927564e-06,1.3487999932661422e-06,1.3417769741967284e-06,1.334806915043705e-06,1.327889267481482e-06,1.3210234904603787e-06,1.3142090500999156e-06,1.3074454195781733e-06,1.3007320790015917e-06,1.294068515285509e-06,1.287454222111227e-06,1.2808886997152525e-06,1.2743714548656721e-06,1.2679020007177692e-06,1.2614798567357372e-06,1.2551045485710758e-06,1.2487756079909866e-06,1.2424925727475624e-06,1.236254986504193e-06,1.2300623987907856e-06,1.2239143648121336e-06,1.2178104454254878e-06,1.211750207048317e-06,1.2057332215438069e-06,1.1997590661883379e-06,1.1938273235500768e-06,1.1879375813807817e-06,1.1820894326276572e-06,1.1762824752558325e-06,1.1705163122223304e-06,1.1647905514001307e-06,1.1591048054904168e-06,1.1534586919464837e-06,1.1478518329216284e-06,1.1422838552214913e-06,1.1367543901501482e-06,1.1312630735096157e-06,1.125809545527954e-06,1.1203934507882117e-06,1.1150144381169068e-06,1.1096721606191224e-06,1.104366275535489e-06,1.0990964442151942e-06,1.0938623320406575e-06,1.0886636083795103e-06,1.0834999465209506e-06,1.0783710236255077e-06,1.0732765206605596e-06,1.0682161223490166e-06,1.063189517110512e-06,1.058196397036425e-06,1.053236457787314e-06,1.0483093985965534e-06,1.0434149221600386e-06,1.0385527346405826e-06,1.033722545594789e-06,1.028924067928586e-06,1.0241570178505315e-06,1.0194211148184582e-06,1.0147160815022304e-06,1.010041643737802e-06,1.0053975304800677e-06,1.000783473763561e-06,9.961992086559698e-07,9.91644473218499e-07,9.871190084667166e-07,9.826225583163734e-07,9.78154869565837e-07,9.737156918418791e-07,9.693047775621434e-07,9.649218819009745e-07,9.605667627467022e-07,9.562391806741257e-07,9.51938898902242e-07,9.476656832540876e-07,9.434193021156018e-07,9.391995264438784e-07,9.350061296717714e-07,9.308388877151533e-07,9.266975789281791e-07,9.2258198407237e-07,9.184918862773115e-07,9.144270710102406e-07,9.103873260857195e-07,9.063724415382158e-07,9.023822097395346e-07,8.984164252101191e-07,8.944748846915001e-07,8.905573870846186e-07,8.866637334267791e-07,8.82793726869206e-07,8.789471726423932e-07,8.751238780336906e-07,8.713236523512215e-07,8.675463069138205e-07,8.637916550066297e-07,8.600595118850994e-07,8.563496947020161e-07,8.526620225440753e-07,8.489963163613513e-07,8.453523989512306e-07,8.417300949445074e-07,8.381292307857092e-07,8.345496347100475e-07,8.309911366826971e-07,8.274535684419855e-07,8.239367634338036e-07,8.204405568007795e-07,8.169647853654523e-07,8.135092875951049e-07,8.100739036063052e-07,8.066584751158744e-07,8.032628454509655e-07,7.99886859484316e-07,7.96530363693296e-07,7.931932060458949e-07,7.898752360472113e-07,7.86576304704901e-07,7.832962644818812e-07,7.800349693557306e-07,7.767922746948545e-07,7.735680373214382e-07,7.703621154654137e-07,7.671743687568218e-07,7.640046581811747e-07,7.608528461246794e-07,7.577187962801171e-07,7.546023736822627e-07,7.515034446653565e-07,7.484218768899171e-07,7.453575392819416e-07,7.423103020251815e-07,7.392800365612284e-07,7.362666155710065e-07,7.332699129599973e-07,7.302898038315762e-07,7.273261644903356e-07,7.243788724122666e-07,7.214478062610506e-07,7.185328458188296e-07,7.156338720543883e-07,7.127507670184132e-07,7.098834138911372e-07,7.07031696950201e-07,7.041955015699191e-07,7.013747141816038e-07,6.985692223057932e-07,6.957789144899497e-07,6.93003680332485e-07,6.902434104531982e-07,6.874979964892398e-07,6.847673310755398e-07,6.820513078525005e-07,6.793498214232964e-07,6.766627673894761e-07,6.739900422852607e-07,6.713315436021721e-07,6.686871697678675e-07,6.660568201422908e-07,6.634403949989128e-07,6.608377955248851e-07,6.582489237813124e-07,6.556736827443538e-07,6.531119762465088e-07,6.505637090122437e-07,6.480287866009858e-07,6.455071154289451e-07,6.429986027455224e-07,6.40503156636933e-07,6.38020686008363e-07,6.355511005777538e-07,6.330943108665162e-07,6.306502281823835e-07,6.282187646357769e-07,6.257998330973185e-07,6.233933472142524e-07,6.209992213915574e-07,6.18617370790328e-07,6.16247711319975e-07,6.138901596102313e-07,6.115446330348807e-07,6.092110496816056e-07,6.068893283530687e-07,6.045793885572218e-07,6.022811505016651e-07,5.999945350741527e-07,5.977194638634782e-07,5.954558591258115e-07,5.932036437832255e-07,5.909627414231664e-07,5.887330762877157e-07,5.865145732653548e-07,5.843071578890179e-07,5.821107563228723e-07,5.799252953644425e-07,5.777507024278781e-07,5.75586905544048e-07,5.734338333531353e-07,5.712914150998294e-07,5.691595806207896e-07,5.670382603518485e-07,5.649273852929298e-07,5.628268870429266e-07,5.607366977654317e-07,5.586567501985985e-07,5.565869776161314e-07,5.545273138702475e-07,5.524776933594391e-07,5.504380510176971e-07,5.484083223235096e-07,5.463884432870261e-07,5.443783504454924e-07,5.423779808559021e-07,5.403872720953174e-07,5.384061622532811e-07,5.364345899263911e-07,5.344724942028198e-07,5.325198146778371e-07,5.305764914347914e-07,5.28642465046624e-07,5.267176765654828e-07,5.248020675190505e-07,5.228955799115855e-07,5.20998156209234e-07,5.191097393373302e-07,5.172302727065383e-07,5.153597001520183e-07,5.13497965969217e-07,5.116450148999527e-07,5.098007921255473e-07,5.079652432642331e-07,5.061383143600583e-07,5.043199518956077e-07,5.025101027731131e-07,5.007087143172319e-07,4.98915734261685e-07,4.97131110757996e-07,4.953547923606006e-07,4.935867280438916e-07,4.918268671624665e-07,4.900751594746341e-07,4.883315551332432e-07,4.865960046759321e-07,4.84868459027257e-07,4.831488694936175e-07,4.81437187753476e-07,4.797333658768829e-07,4.78037356287313e-07,4.763491117788682e-07,4.7466858550542155e-07,4.7299573100235034e-07,4.7133050213914607e-07,4.6967285314667315e-07,4.6802273860467137e-07,4.663801134397038e-07,4.6474493292631657e-07,4.63117152676145e-07,4.6149672863646107e-07,4.59883617090223e-07,4.5827777465788024e-07,4.5667915827945486e-07,4.550877252234749e-07,4.535034330796478e-07,4.519262397580554e-07,4.503561034832473e-07,4.487929827955249e-07,4.472368365298145e-07,4.45687623867594e-07,4.4414530426126416e-07,4.426098374695806e-07,4.4108118356206203e-07,4.3955930289550023e-07,4.380441561214437e-07,4.36535704185633e-07,4.3503390832183137e-07,4.335387300504001e-07,4.320501311701716e-07,4.3056807376800067e-07,4.2909252020229293e-07,4.2762343311351515e-07,4.261607754078479e-07,4.2470451027280055e-07,4.2325460115625613e-07,4.2181101177125807e-07,4.2037370610529757e-07,4.18942648396265e-07,4.175178031465563e-07,4.1609913511013717e-07,4.146866093018995e-07,4.1328019098455606e-07,4.118798456758814e-07,4.10485539133327e-07,4.090972373712199e-07,4.077149066274267e-07,4.063385134120135e-07,4.04968024448749e-07,4.036034067083419e-07,4.022446273959083e-07,4.0089165395095484e-07,3.995444540395282e-07,3.982029955604092e-07,3.968672466396833e-07,3.955371756262928e-07,3.9421275109465626e-07,3.9289394183958496e-07,3.9158071687510486e-07,3.9027304543210215e-07,3.8897089696088274e-07,3.8767424111685794e-07,3.863830477819297e-07,3.8509728703188823e-07,3.838169291636111e-07,3.825419446726517e-07,3.8127230426674864e-07,3.800079788406534e-07,3.78748939511721e-07,3.774951575847939e-07,3.7624660456648697e-07,3.750032521573674e-07,3.737650722551414e-07,3.7253203694746653e-07,3.7130411851564656e-07,3.700812894314658e-07,3.688635223513174e-07,3.676507901240423e-07,3.6644306578332203e-07,3.652403225354193e-07,3.6404253377883885e-07,3.6284967308966365e-07,3.616617142317922e-07,3.604786311322406e-07,3.5930039790289345e-07,3.581269888288218e-07,3.5695837836782494e-07,3.5579454114394403e-07,3.546354519574468e-07,3.534810857787441e-07,3.5233141775374014e-07,3.511864231768481e-07,3.500460775144795e-07,3.4891035640259776e-07,3.477792356270748e-07,3.4665269114739254e-07,3.455306990751206e-07,3.444132356795728e-07,3.4330027739435817e-07,3.421918007995764e-07,3.410877826388178e-07,3.399881998030135e-07,3.3889302933592275e-07,3.378022484326222e-07,3.36715834437999e-07,3.356337767807608e-07,3.345560335538878e-07,3.334825871138108e-07,3.3241341747709354e-07,3.313485033938935e-07,3.302878232788102e-07,3.29231355550703e-07,3.281790787260678e-07,3.27130971446961e-07,3.2608701249076336e-07,3.250471807699589e-07,3.2401145533661294e-07,3.2297981537387035e-07,3.2195224020011897e-07,3.209287092666637e-07,3.1990920215411127e-07,3.1889369857629246e-07,3.178821783752305e-07,3.1687462152259644e-07,3.15871008117415e-07,3.14871318383968e-07,3.138755326730899e-07,3.128836314685305e-07,3.118955953640077e-07,3.10911405083319e-07,3.0993104146893437e-07,3.089544854866775e-07,3.079817182220099e-07,3.070127208733563e-07,3.0604747477349827e-07,3.0508596135875816e-07,3.041281621819471e-07,3.03174058914135e-07,3.0222363334133957e-07,3.0127686736485216e-07,3.003337429954148e-07,2.9939424235679317e-07,2.9845834768548256e-07,2.9752604132508344e-07,2.9659730573142953e-07,2.956721234668706e-07,2.947504772038592e-07,2.9383234971985124e-07,2.9291772389975165e-07,2.9200658273145744e-07,2.910989093098397e-07,2.901946868340752e-07,2.8929389860132856e-07,2.883965280191854e-07,2.8750255858818663e-07,2.86611973915712e-07,2.85724757706854e-07,2.848408937617484e-07,2.8396036599210074e-07,2.830831583914532e-07,2.8220925506343497e-07,2.813386401935991e-07,2.804712980746922e-07,2.7960721309054994e-07,2.787463697213019e-07,2.7788875253827576e-07,2.7703434620526983e-07,2.761831354799501e-07,2.7533510520949894e-07,2.74490240334637e-07,2.736485258836002e-07,2.7280994697545895e-07,2.719744888163526e-07,2.7114213670196886e-07,2.7031287601707867e-07,2.694866922290173e-07,2.686635708939934e-07,2.678434976559193e-07,2.670264582400324e-07,2.6621243845678465e-07,2.6540142420329655e-07,2.6459340145796484e-07,2.637883562755561e-07,2.6298627480214744e-07,2.621871432622942e-07,2.613909479591679e-07,2.6059767528239573e-07,2.5980731168999837e-07,2.590198437291237e-07,2.5823525801521723e-07,2.574535412583606e-07,2.5667468023172716e-07,2.55898661790108e-07,2.5512547285878126e-07,2.543551004536461e-07,2.5358753165252483e-07,2.5282275361253367e-07,2.5206075356138557e-07,2.5130151880558946e-07,4.689735410726302e-07,5.798135116460577e-07,6.366702704617074e-07,6.662074506875713e-07,6.819001592422653e-07,6.905641233275576e-07,6.956483206902226e-07,6.988986175404715e-07,7.011991164327552e-07,7.029978288448613e-07,7.045220768681939e-07,7.058874968451464e-07,7.071531993662805e-07,7.083496809685473e-07,7.094929469876253e-07,7.105916570599434e-07,7.11650740253867e-07,7.126732240436578e-07,7.136611596735609e-07,7.146160904342149e-07,7.155392887288027e-07,7.16431876211349e-07,7.17294884794321e-07,7.181292877515706e-07,7.189360157118713e-07,7.197159650136599e-07,7.204700021953184e-07,7.21198966542411e-07,7.219036716414738e-07,7.225849064512568e-07,7.23243436107183e-07,7.238800026089749e-07,7.244953254335585e-07,7.250901021218206e-07,7.256650088397458e-07,7.262207009236542e-07,7.267578134273642e-07,7.272769616511792e-07,7.277787416632705e-07,7.282637308251624e-07,7.287324882941466e-07,7.291855555193719e-07,7.296234567506019e-07,7.300466995057229e-07,7.304557750541555e-07,7.30851158880934e-07,7.312333111437987e-07,7.316026771186255e-07,7.319596876352878e-07,7.323047595094958e-07,7.326382959591123e-07,7.329606870107693e-07,7.332723098999298e-07,7.335735294600756e-07,7.338646985020852e-07,7.341461581839045e-07,7.344182383702469e-07,7.346812579844779e-07,7.349355253498741e-07,7.351813385220988e-07,7.354189856141051e-07,7.356487451089628e-07,7.358708861674548e-07,7.36085668923359e-07,7.362933447754068e-07,7.364941566662954e-07,7.366883393553419e-07,7.368761196834514e-07,7.370577168300424e-07,7.372333425624514e-07,7.374032014775505e-07,7.375674912374607e-07,7.377264027950833e-07,7.378801206172161e-07,7.38028822895085e-07,7.381726817583135e-07,7.383118634663945e-07,7.384465286112858e-07,7.385768323021109e-07,7.38702924349893e-07,7.388249494423715e-07,7.389430473167886e-07,7.390573529255505e-07,7.391679965971129e-07,7.392751041908921e-07,7.393787972471178e-07,7.394791931343997e-07,7.395764051887108e-07,7.396705428509419e-07,7.397617117981887e-07,7.398500140715435e-07,7.399355481992064e-07,7.400184093164498e-07,7.400986892806041e-07,7.401764767827951e-07,7.402518574557643e-07,7.403249139789864e-07,7.403957261774599e-07,7.404643711219542e-07,7.405309232219245e-07,7.405954543162935e-07,7.406580337624131e-07,7.40718728520767e-07,7.407776032369895e-07,7.408347203218809e-07,7.40890140028284e-07,7.409439205240007e-07,7.409961179663606e-07,7.410467865681549e-07,7.410959786667753e-07,7.411437447882456e-07,7.411901337100057e-07,7.412351925200005e-07,7.412789666773039e-07,7.413215000662578e-07,7.41362835052282e-07,7.41403012533606e-07,7.414420719924461e-07,7.414800515434127e-07,7.415169879824138e-07,7.415529168298601e-07,7.415878723768285e-07,7.416218877271955e-07,7.416549948383592e-07,7.416872245613497e-07,7.417186066791306e-07,7.417491699435062e-07,7.41778942111538e-07,7.418079499790544e-07,7.418362194146773e-07,7.41863775391908e-07,7.418906420204489e-07,7.419168425760034e-07,7.419423995277045e-07,7.419673345709152e-07,7.419916686479234e-07,7.420154219782644e-07,7.420386140824454e-07,7.420612638064026e-07,7.420833893452513e-07,7.421050082654306e-07,7.421261375269966e-07,7.421467935046204e-07,7.421669920077031e-07,7.421867483003164e-07,7.422060771200896e-07,7.422249926963696e-07,7.422435087681551e-07,7.422616386011361e-07,7.422793950040367e-07,7.422967903445288e-07,7.423138365646524e-07,7.423305451956301e-07,7.42346927372522e-07,7.423629938460952e-07,7.423787549993216e-07,7.423942208580233e-07,7.42409401103706e-07,7.424243050857237e-07,7.424389418330657e-07,7.424533200648865e-07,7.424674482017558e-07,7.424813343757916e-07,7.424949864408779e-07,7.425084119816384e-07,7.425216183253154e-07,7.425346125467756e-07,7.425474014803645e-07,7.425599917266522e-07,7.425723896616607e-07,7.425846014436209e-07,7.425966330221427e-07,7.42608490142867e-07,7.426201783567541e-07,7.426317030265938e-07,7.426430693324765e-07,7.42654282279115e-07,7.426653467012012e-07,7.426762672701895e-07,7.426870484990534e-07,7.426976947481359e-07,7.427082102305408e-07,7.427185990177333e-07,7.427288650430881e-07,7.42739012107791e-07,7.427490438851792e-07,7.427589639246538e-07,7.427687756572059e-07,7.427784823979262e-07,7.427880873514336e-07,7.427975936145327e-07,7.428070041808338e-07,7.428163219438197e-07,7.428255497003377e-07,7.428346901542346e-07,7.42843745919231e-07,7.428527195225384e-07,7.428616134065354e-07,7.428704299335306e-07,7.428791713875647e-07,7.42887839976864e-07,7.42896437836775e-07,7.429049670324591e-07,7.429134295609068e-07,7.429218273536576e-07,7.429301622785843e-07,7.429384361426228e-07,7.429466506936014e-07,7.429548076220724e-07,7.429629085637826e-07,7.429709551010013e-07,7.429789487646641e-07,7.429868910352498e-07,7.429947833470792e-07,7.430026270875687e-07,7.430104235985643e-07,7.430181741792349e-07,7.430258800869526e-07,7.430335425388461e-07,7.430411627131742e-07,7.43048741750423e-07,7.430562807549111e-07,7.430637807958557e-07,7.430712429085697e-07,7.430786680955549e-07,7.430860573277847e-07,7.430934115456535e-07,7.43100731659557e-07,7.431080185521376e-07,7.431152730787053e-07,7.431224960668073e-07,7.43129688319057e-07,7.431368506129209e-07,7.431439837018607e-07,7.431510883161731e-07,7.431581651636881e-07,7.431652149307337e-07,7.431722382823724e-07,7.431792358629076e-07,7.431862082982981e-07,7.431931561957994e-07,7.432000801434914e-07,7.432069807105911e-07,7.432138584510465e-07,7.43220713902258e-07,7.432275475841974e-07,7.432343600027597e-07,7.43241151647958e-07,7.432479229965793e-07,7.43254674510398e-07,7.432614066378617e-07,7.43268119815092e-07,7.432748144641237e-07,7.432814909955836e-07,7.432881498094019e-07,7.432947912922717e-07,7.433014158207676e-07,7.433080237605161e-07,7.433146154667785e-07,7.433211912853865e-07,7.433277515514719e-07,7.433342965909471e-07,7.433408267216877e-07,7.433473422518753e-07,7.433538434814467e-07,7.43360330702142e-07,7.433668041977267e-07,7.433732642439733e-07,7.433797111098768e-07,7.433861450568481e-07,7.433925663388e-07,7.433989752037745e-07,7.434053718925771e-07,7.434117566399064e-07,7.434181296749007e-07,7.43424491219331e-07,7.434308414905301e-07,7.434371806998905e-07,7.434435090526916e-07,7.434498267500079e-07,7.434561339870132e-07,7.4346243095496e-07,7.434687178385673e-07,7.434749948196433e-07,7.434812620747949e-07,7.434875197763982e-07,7.434937680925729e-07,7.435000071877922e-07,7.435062372212876e-07,7.435124583497582e-07,7.435186707257405e-07,7.435248744979762e-07,7.435310698119007e-07,7.43537256809537e-07,7.43543435629515e-07,7.435496064073941e-07,7.435557692753321e-07,7.435619243627663e-07,7.43568071795924e-07,7.435742116984501e-07,7.435803441913766e-07,7.435864693926673e-07,7.435925874179619e-07,7.435986983798221e-07,7.436048023890818e-07,7.436108995535805e-07,7.43616989979339e-07,7.436230737697949e-07,7.436291510266404e-07,7.436352218474353e-07,7.43641286330392e-07,7.436473445720678e-07,7.436533966639536e-07,7.436594426978908e-07,7.436654827631627e-07,7.436715169472744e-07,7.436775453361477e-07,7.436835680139217e-07,7.43689585062528e-07,7.436955965638802e-07,7.437016025966698e-07,7.437076032385101e-07,7.437135985655666e-07,7.437195886528447e-07,7.437255735735957e-07,7.437315533997021e-07,7.437375282020068e-07,7.437434980498588e-07,7.437494630111834e-07,7.437554231528222e-07,7.437613785404269e-07,7.437673292383962e-07,7.437732753097783e-07,7.437792168172265e-07,7.43785153821174e-07,7.437910863818454e-07,7.437970145580683e-07,7.438029384077776e-07,7.43808857987877e-07,7.438147733543238e-07,7.438206845617084e-07,7.438265916648494e-07,7.438324947171119e-07,7.43838393769118e-07,7.438442888730035e-07,7.438501800796495e-07,7.43856067438563e-07,7.438619509986971e-07,7.43867830808854e-07,7.438737069149476e-07,7.438795793642645e-07,7.438854482020262e-07,7.438913134746502e-07,7.438971752261397e-07,7.439030335007263e-07,7.439088883397502e-07,7.439147397866081e-07,7.439205878828564e-07,7.439264326689712e-07,7.43932274186862e-07,7.43938112475953e-07,7.439439475752325e-07,7.439497795236344e-07,7.439556083589693e-07,7.439614341188814e-07,7.439672568408064e-07,7.439730765607619e-07,7.439788933147064e-07,7.439847071361646e-07,7.439905180634455e-07,7.43996326130587e-07,7.440021313692191e-07,7.440079338158894e-07,7.44013733500895e-07,7.44019530458041e-07,7.44025324718341e-07,7.440311163118145e-07,7.440369052741044e-07,7.440426916338232e-07,7.440484754204256e-07,7.440542566676208e-07,7.440600353995497e-07,7.44065811648176e-07,7.440715854433338e-07,7.440773568098249e-07,7.440831257763464e-07,7.440888923730348e-07,7.440946566253877e-07,7.441004185608117e-07,7.441061782098309e-07,7.441119355901534e-07,7.441176907317781e-07,7.441234436603753e-07,7.441291944010032e-07,7.441349429785954e-07,7.441406894175555e-07,7.441464337418572e-07,7.441521759759667e-07,7.441579161429518e-07,7.441636542664944e-07,7.441693903695154e-07,7.441751244736874e-07,7.441808566023045e-07,7.44186586778386e-07,7.441923150220982e-07,7.441980413559622e-07,7.442037658011913e-07,7.442094883787984e-07,7.442152091095674e-07,7.442209280136478e-07,7.442266451110401e-07,7.442323604233921e-07,7.442380739699142e-07,7.442437857687889e-07,7.442494958402092e-07,7.442552042032484e-07,7.442609108767406e-07,7.442666158792952e-07,7.442723192292891e-07,7.442780209448806e-07,7.44283721044012e-07,7.442894195444965e-07,7.442951164637568e-07,7.443008118196501e-07,7.443065056281302e-07,7.44312197905312e-07,7.443178886708645e-07,7.443235779394064e-07,7.443292657265853e-07,7.443349520519897e-07,7.443406369272106e-07,7.443463203697739e-07,7.443520023951643e-07,7.443576830187301e-07,7.443633622556595e-07,7.443690401209492e-07,7.44374716629414e-07,7.443803917945975e-07,7.443860656341831e-07,7.443917381596963e-07,7.443974093870734e-07,7.444030793295314e-07,7.444087479978053e-07,7.444144154122507e-07,7.44420081579573e-07,7.444257465156792e-07,7.444314102342444e-07,7.444370727463167e-07,7.444427340683408e-07,7.444483942107238e-07,7.44454053187103e-07,7.44459711009507e-07,7.444653676929903e-07,7.444710232444834e-07,7.444766776841224e-07,7.444823310119457e-07,7.444879832464323e-07,7.444936343981104e-07,7.444992844749102e-07,7.445049334964622e-07,7.4451058146926e-07,7.445162283962803e-07,7.445218743057896e-07,7.445275191996365e-07,7.445331630895736e-07,7.445388059848323e-07,7.445444478964591e-07,7.445500888359918e-07,7.44555728811558e-07,7.445613678348973e-07,7.445670059135657e-07,7.445726430636105e-07,7.445782792881583e-07,7.445839145986291e-07,7.445895490050651e-07,7.445951825165505e-07,7.446008151449522e-07,7.446064468967162e-07,7.446120777823978e-07,7.446177078102688e-07,7.446233369891173e-07,7.446289653280651e-07,7.446345928358567e-07,7.44640219521075e-07,7.446458453926145e-07,7.446514704587817e-07,7.446570947219129e-07,7.446627182019591e-07,7.446683409014238e-07,7.446739628281971e-07,7.446795839903926e-07,7.446852043961539e-07,7.446908240542996e-07,7.446964429707044e-07,7.447020611529116e-07,7.447076786089804e-07,7.447132953455896e-07,7.447189113711134e-07,7.447245266900322e-07,7.44730141315375e-07,7.44735755258127e-07,7.447413685122544e-07,7.447469810903857e-07,7.447525930057133e-07,7.447582042556495e-07,7.447638148487236e-07,7.447694248001208e-07,7.447750341032433e-07,7.447806427711993e-07,7.447862508104645e-07,7.447918582279382e-07,7.447974650289868e-07,7.44803071220016e-07,7.448086768077511e-07,7.448142817979534e-07,7.448198861967756e-07,7.448254900102077e-07,7.448310932448192e-07,7.44836695904318e-07,7.44842297996163e-07,7.448478995260733e-07,7.448535005015094e-07,7.448591009233622e-07,7.448647008003824e-07,7.448703001375126e-07,7.448758989400635e-07,7.448814972129529e-07,7.448870949615756e-07,7.448926921889921e-07,7.44898288904612e-07,7.449038851130074e-07,7.449094808167363e-07,7.449150760217985e-07,7.449206707344697e-07,7.449262649576672e-07,7.449318586987765e-07,7.449374519634939e-07,7.449430447516177e-07,7.449486370692514e-07,7.44954228922955e-07,7.44959820314886e-07,7.449654112505844e-07,7.44971001734584e-07,7.449765917722735e-07,7.449821813657753e-07,7.449877705225052e-07,7.449933592459853e-07,7.44998947540292e-07,7.450045354078038e-07,7.450101228533668e-07,7.450157098815455e-07,7.450212964963897e-07,7.450268827019052e-07,7.450324685025638e-07,7.450380539012305e-07,7.450436389023332e-07,7.450492235097543e-07,7.450548077270581e-07,7.450603915581218e-07,7.450659750074382e-07,7.450715580769873e-07,7.450771407722001e-07,7.450827230957496e-07,7.450883050511304e-07,7.450938866419368e-07,7.450994678716272e-07,7.451050487435306e-07,7.451106292583699e-07,7.451162094249131e-07,7.451217892524105e-07,7.451273687269086e-07,7.451329478604566e-07,7.45138526655699e-07,7.451441051154473e-07,7.451496832419224e-07,7.451552610536037e-07,7.451608385338045e-07,7.451664156858268e-07,7.451719925182584e-07,7.451775690345485e-07,7.451831452371592e-07,7.451887211286855e-07,7.451942967130509e-07,7.45199871992316e-07,7.452054469680814e-07,7.452110216474521e-07,7.452165960424414e-07,7.452221701281861e-07,7.452277439234947e-07,7.452333174293918e-07,7.452388906507568e-07,7.452444635888533e-07,7.452500362464412e-07,7.452556086255724e-07,7.452611807286415e-07,7.452667525588708e-07,7.452723241137591e-07,7.452778954053715e-07,7.452834664307112e-07,7.452890371984856e-07,7.452946076991337e-07,7.453001779389855e-07,7.453057479267599e-07,7.453113176576603e-07,7.453168871328033e-07,7.453224563617793e-07,7.453280253424504e-07,7.453335940784711e-07,7.453391625710812e-07,7.453447308215876e-07,7.453502988360422e-07,7.453558666222219e-07,7.453614341627541e-07,7.453670014704042e-07,7.453725685471966e-07,7.453781353948841e-07,7.453837020105071e-07,7.453892684067726e-07,7.453948345802709e-07,7.454004005321075e-07,7.454059662660865e-07,7.4541153177718e-07,7.454170970766197e-07,7.45422662156568e-07,7.454282270299172e-07,7.454337916936314e-07,7.454393561496844e-07,7.454449203960354e-07,7.454504844400326e-07,7.454560482809452e-07,7.454616119204689e-07,7.454671753601299e-07,7.45472738606258e-07,7.454783016570902e-07,7.45483864507224e-07,7.454894271637851e-07,7.454949896285981e-07,7.4550055190354e-07,7.455061139895171e-07,7.455116758885748e-07,7.455172375945867e-07,7.455227991243821e-07,7.455283604726835e-07,7.455339216385789e-07,7.455394826244324e-07,7.455450434265185e-07,7.455506040581936e-07,7.455561645154724e-07,7.45561724796082e-07,7.455672849021586e-07,7.455728448387096e-07,7.455784046018425e-07,7.455839642043123e-07,7.455895236327497e-07,7.455950828965254e-07,7.456006419923569e-07,7.456062009358313e-07,7.456117597094898e-07,7.456173183223529e-07,7.456228767752199e-07,7.456284350647643e-07,7.456339931935519e-07,7.456395511820697e-07,7.456451090074794e-07,7.456506666788142e-07,7.456562241964658e-07,7.456617815634976e-07,7.456673387885745e-07,7.456728958546864e-07,7.456784527683986e-07,7.456840095403925e-07,7.456895661657547e-07,7.456951226462833e-07,7.457006789793039e-07,7.457062351714106e-07,7.45711791215352e-07,7.457173471215389e-07,7.457229028917995e-07,7.457284585231755e-07,7.457340140094132e-07,7.457395693654787e-07,7.457451245854591e-07,7.457506796755775e-07,7.457562346262609e-07,7.457617894407828e-07,7.457673441257636e-07,7.457728986767861e-07,7.457784530995663e-07,7.457840073952287e-07,7.457895615601815e-07,7.457951155970252e-07,7.458006695072372e-07,7.458062232907463e-07,7.458117769491822e-07,7.458173304626575e-07,7.458228838723028e-07,7.458284371594357e-07,7.458339903246702e-07,7.458395433658465e-07,7.458450962898102e-07,7.458506490936506e-07,7.458562017788426e-07,7.458617543460018e-07,7.458673067925019e-07,7.458728591248783e-07,7.458784113432451e-07,7.458839634612163e-07,7.458895154449448e-07,7.458950673182379e-07,7.459006190634228e-07,7.459061707120536e-07,7.459117222514035e-07,7.459172736756087e-07,7.459228249897291e-07,7.459283761948078e-07,7.459339272870169e-07,7.459394782747029e-07,7.459450291458673e-07,7.459505799198375e-07,7.459561305919265e-07,7.459616811412044e-07,7.459672315968091e-07,7.459727819537405e-07,7.459783322122762e-07,7.459838823555966e-07,7.459894323928595e-07,7.459949823317679e-07,7.460005321705596e-07,7.460060819060367e-07,7.460116315417593e-07,7.460171810749871e-07,7.46022730503004e-07,7.460282798402116e-07,7.46033829064141e-07,7.460393782069101e-07,7.460449272515535e-07,7.460504761978484e-07,7.460560250483706e-07,7.460615738033435e-07,7.46067122463031e-07,7.460726710165612e-07,7.460782194945457e-07,7.460837678595463e-07,7.460893161480721e-07,7.460948643291977e-07,7.461004124298051e-07,7.46105960437289e-07,7.461115083473369e-07,7.461170561730216e-07,7.461226039099334e-07,7.46128151562518e-07,7.461336991148892e-07,7.461392465818319e-07,7.461447939597521e-07,7.461503412547912e-07,7.4615588845661e-07,7.461614355702607e-07,7.461669825950235e-07,7.461725295393588e-07,7.461780763943449e-07,7.461836231662287e-07,7.4618916985072e-07,7.461947164377952e-07,7.46200262952472e-07,7.462058093851448e-07,7.462113557315233e-07,7.462169019844437e-07,7.462224481653255e-07,7.46227994263565e-07,7.462335402694145e-07,7.462390861987658e-07,7.462446320500605e-07,7.462501778200983e-07,7.462557235092303e-07,7.462612691178109e-07,7.462668146461872e-07,7.462723600858209e-07,7.462779054543293e-07,7.462834507440139e-07,7.462889959549145e-07,7.46294541094204e-07,7.463000861481466e-07,7.463056311246503e-07,7.463111760207866e-07,7.463167208102904e-07,7.463222655556733e-07,7.46327810222951e-07,7.463333548138371e-07,7.463388993288527e-07,7.463444437672945e-07,7.463499881289735e-07,7.463555324121082e-07,7.463610766253831e-07,7.46366620763801e-07,7.463721648252452e-07,7.463777087873432e-07,7.463832527040013e-07,7.463887965463381e-07,7.463943403136662e-07,7.463998840085876e-07,7.464054276299083e-07,7.464109711802267e-07,7.464165146628924e-07,7.464220580689277e-07,7.464276014032836e-07,7.46433144665925e-07,7.464386878572245e-07,7.464442309793934e-07,7.464497740291322e-07,7.464553170085347e-07,7.464608599168191e-07,7.464664027539274e-07,7.464719455220774e-07,7.46477488218969e-07,7.464830308478854e-07,7.464885734075135e-07,7.464941158973262e-07,7.464996583188081e-07,7.465052006718454e-07,7.465107429564561e-07,7.465162851717472e-07,7.465218273169084e-07,7.465273694061808e-07,7.465329114189028e-07,7.465384533643852e-07,7.465439952426393e-07,7.465495370538152e-07,7.465550787993017e-07,7.465606204734141e-07,7.465661620846272e-07,7.465717036296084e-07,7.46577245108479e-07,7.465827865214324e-07,7.465883278667619e-07,7.465938691505476e-07,7.465994103773655e-07,7.466049515268979e-07,7.466104926209131e-07,7.466160336420562e-07,7.466215745984988e-07,7.466271154904003e-07,7.46632656317933e-07,7.466381970803005e-07,7.466437377794049e-07,7.466492784114902e-07,7.466548189814259e-07,7.466603594890034e-07,7.46665899933684e-07,7.466714403120926e-07,7.466769806320496e-07,7.466825208874266e-07,7.466880610798612e-07,7.466936012037573e-07,7.466991412641593e-07,7.46704681268947e-07,7.467102212121125e-07,7.467157610924999e-07,7.467213009095149e-07,7.467268406661352e-07,7.46732380361277e-07,7.467379199973387e-07,7.467434595692273e-07,7.467489990804064e-07,7.467545385303149e-07,7.467600779180111e-07,7.467656172453339e-07,7.46771156511945e-07,7.46776695716663e-07,7.467822348366372e-07,7.467877739215592e-07,7.467933129453021e-07,7.467988519096908e-07,7.468043908133871e-07,7.468099296577184e-07,7.4681546844859e-07,7.468210071733117e-07,7.468265458382283e-07,7.468320844569336e-07,7.468376230017152e-07,7.468431614837203e-07,7.468486999113654e-07,7.468542382791959e-07,7.468597765887546e-07,7.468653148394314e-07,7.468708530343199e-07,7.468763911665837e-07,7.468819292390896e-07,7.468874672563559e-07,7.468930052150533e-07,7.468985431146477e-07,7.469040809574212e-07,7.469096187400446e-07,7.469151564654754e-07,7.469206941261188e-07,7.469262317353597e-07,7.469317692871555e-07,7.469373067824341e-07,7.469428442210269e-07,7.469483816003998e-07,7.469539189196342e-07,7.469594561840036e-07,7.469649933964515e-07,7.469705305460225e-07,7.469760676390108e-07,7.469816046752471e-07,7.469871416501624e-07,7.469926785725144e-07,7.469982154381429e-07,7.47003752255472e-07,7.470092890079007e-07,7.470148257026312e-07,7.470203623420724e-07,7.470258989252285e-07,7.470314354511005e-07,7.470369719227389e-07,7.470425083341098e-07,7.470480446898964e-07,7.470535809895806e-07,7.470591172369218e-07,7.470646534290552e-07,7.470701895786537e-07,7.470757256580738e-07,7.470812616837505e-07,7.470867976510135e-07,7.470923335637365e-07,7.470978694200129e-07,7.471034052219002e-07,7.471089409689146e-07,7.471144766602481e-07,7.47120012296461e-07,7.471255478775544e-07,7.471310834132932e-07,7.471366188923826e-07,7.471421543093098e-07,7.471476896705493e-07,7.471532249769902e-07,7.471587602263707e-07,7.471642954339712e-07,7.471698305723461e-07,7.471753656600551e-07,7.471809006950749e-07,7.471864356672586e-07,7.471919705902687e-07,7.471975054601553e-07,7.472030402724041e-07,7.472085750379171e-07,7.472141097450353e-07,7.472196443964425e-07,7.472251789946421e-07,7.472307135394028e-07,7.472362480300243e-07,7.472417824669564e-07,7.472473168481e-07,7.472528511774936e-07,7.472583854636053e-07,7.47263919684957e-07,7.472694538530707e-07,7.472749879639125e-07,7.472805220356134e-07,7.472860560423152e-07,7.472915899960366e-07,7.472971238921501e-07,7.47302657732814e-07,7.473081915259677e-07,7.473137252636446e-07,7.473192589487653e-07,7.473247925846966e-07,7.473303261635647e-07,7.473358596918421e-07,7.473413931754227e-07,7.473469265953909e-07,7.47352459962454e-07,7.473579932761913e-07,7.473635265510977e-07,7.473690597595855e-07,7.473745929144746e-07,7.473801260206059e-07,7.473856590695999e-07,7.473911920664014e-07,7.473967250096225e-07,7.474022579003491e-07,7.474077907383048e-07,7.474133235250637e-07,7.474188562579471e-07,7.474243889389042e-07,7.474299215663598e-07,7.47435454140137e-07,7.474409866626057e-07,7.474465191332004e-07,7.474520515500929e-07,7.474575839271906e-07,7.474631162402265e-07,7.474686484967505e-07,7.474741807056079e-07,7.474797128594141e-07,7.474852449628005e-07,7.474907770138478e-07,7.474963090136483e-07,7.475018409762935e-07,7.4750737287086e-07,7.475129047133045e-07,7.475184365043782e-07,7.475239682421599e-07,7.47529499928356e-07,7.475350315630437e-07,7.475405631452915e-07,7.475460946759388e-07,7.475516261550523e-07,7.475571575917037e-07,7.475626889810538e-07,7.475682203047435e-07,7.475737515871772e-07,7.475792828163376e-07,7.475848139836544e-07,7.475903450992879e-07,7.475958761629891e-07,7.476014071861491e-07,7.476069381449124e-07,7.476124690534372e-07,7.476179999098979e-07,7.476235307153282e-07,7.476290614724065e-07,7.476345921758024e-07,7.476401228255655e-07,7.476456534248705e-07,7.476511839725106e-07,7.476567144657543e-07,7.476622449106246e-07,7.476677753040557e-07,7.476733056453081e-07,7.476788359359157e-07,7.476843661881341e-07,7.476898963770248e-07,7.476954265130069e-07,7.477009566097729e-07,7.477064866404339e-07,7.477120166369483e-07,7.477175465677425e-07,7.477230764479108e-07,7.477286062897389e-07,7.47734136073084e-07,7.477396657995844e-07,7.477451954748484e-07,7.477507250974026e-07,7.477562546612712e-07,7.477617841953565e-07,7.477673136764257e-07,7.477728431081478e-07,7.477783724922097e-07,7.477839018099557e-07,7.477894310726194e-07,7.477949603027031e-07,7.47800489465677e-07,7.478060185786984e-07,7.47811547653863e-07,7.478170766775759e-07,7.47822605648721e-07,7.478281345706946e-07,7.478336634297792e-07,7.47839192237904e-07,7.478447209942711e-07,7.478502497121548e-07,7.478557783677867e-07,7.478613069828931e-07,7.478668355370792e-07,7.47872364054915e-07,7.478778925073251e-07,7.478834209106941e-07,7.478889492615847e-07,7.478944775618349e-07,7.479000058106541e-07,7.479055340093512e-07,7.47911062172279e-07,7.479165902804883e-07,7.479221183369039e-07,7.479276463465012e-07,7.479331743037905e-07,7.479387022116807e-07,7.47944230065284e-07,7.479497578682411e-07,7.479552856104078e-07,7.479608133128358e-07,7.479663409546223e-07,7.479718685460699e-07,7.479773960788976e-07,7.479829235688872e-07,7.479884510075883e-07,7.479939784078765e-07,7.479995057450816e-07,7.480050330467729e-07,7.480105602842086e-07,7.48016087471165e-07,7.480216146075824e-07,7.480271416935545e-07,7.480326687284728e-07,7.480381957240182e-07,7.480437226588723e-07,7.480492495528624e-07,7.480547763867543e-07,7.480603031815627e-07,7.480658299129187e-07,7.480713565952205e-07,7.480768832380135e-07,7.480824098199937e-07,7.480879363645499e-07,7.48093462847022e-07,7.480989892772894e-07,7.481045156690525e-07,7.481100420022347e-07,7.481155682942077e-07,7.481210945212816e-07,7.481266207020367e-07,7.481321468281536e-07,7.48137672917307e-07,7.48143198946782e-07,7.481487249147071e-07,7.481542508530738e-07,7.48159776730906e-07,7.481653025575694e-07,7.481708283355697e-07,7.481763540609798e-07,7.48181879748814e-07,7.481874053739379e-07,7.481929309678813e-07,7.48198456494061e-07,7.482039819702101e-07,7.482095073963861e-07,7.482150327720215e-07,7.48220558096186e-07,7.482260833600427e-07,7.48231608583878e-07,7.482371337735105e-07,7.482426588987818e-07,7.482481839739354e-07,7.482537089989737e-07,7.482592339847007e-07,7.482647589199252e-07,7.482702837996634e-07,7.482758086243641e-07,7.48281333397668e-07,7.482868581324353e-07,7.482923828068777e-07,7.482979074338967e-07,7.483034320184815e-07,7.4830895654232e-07,7.48314481016536e-07,7.483200054411526e-07,7.483255298187939e-07,7.483310541411989e-07,7.483365784158485e-07,7.483421026399476e-07,7.483476268057583e-07,7.483531509298639e-07,7.483586750038956e-07,7.483641990279405e-07,7.48369723002082e-07,7.483752469162531e-07,7.483807707893184e-07,7.483862946128156e-07,7.483918183864366e-07,7.483973421104425e-07,7.484028657886602e-07,7.484083894157371e-07,7.484139130049906e-07,7.484194365277991e-07,7.484249600015229e-07,7.4843048343808e-07,7.484360068119337e-07,7.484415301335573e-07,7.484470534082556e-07,7.484525766360565e-07,7.484580998094155e-07,7.484636229346103e-07,7.484691460100629e-07,7.48474669041045e-07,7.484801920271737e-07,7.484857149529659e-07,7.484912378405878e-07,7.484967606669937e-07,7.485022834270865e-07,7.485078061559454e-07,7.485133288312315e-07,7.485188514686126e-07,7.485243740426523e-07,7.485298965708708e-07,7.485354190477662e-07,7.485409414808962e-07,7.485464638587089e-07,7.485519861860053e-07,7.485575084658474e-07,7.485630307055838e-07,7.485685528825602e-07,7.48574075010631e-07,7.485795970872139e-07,7.485851191156235e-07,7.485906411078856e-07,7.485961630487668e-07,7.486016849401537e-07,7.486072067699427e-07,7.486127285494179e-07,7.486182502899166e-07,7.486237719698258e-07,7.48629293610858e-07,7.486348151914244e-07,7.486403367290651e-07,7.486458582235922e-07,7.486513796545862e-07,7.486569010473606e-07,7.486624223789105e-07,7.486679436600306e-07,7.48673464896859e-07,7.486789860902406e-07,7.486845072335756e-07,7.486900283279851e-07,7.486955493719307e-07,7.487010703653922e-07,7.487065913130645e-07,7.487121121951177e-07,7.487176330444663e-07,7.48723153839396e-07,7.487286745739799e-07,7.487341952601525e-07,7.487397159070045e-07,7.487452364924358e-07,7.487507570386797e-07,7.487562775434214e-07,7.487617979794887e-07,7.48767318378584e-07,7.487728387142154e-07,7.487783590173754e-07,7.487838792548022e-07,7.487893994425857e-07,7.48794919580682e-07,7.488004396692216e-07,7.488059597070386e-07,7.488114797059858e-07,7.488169996564718e-07,7.488225195461311e-07,7.488280393844708e-07,7.488335591853951e-07,7.488390789373486e-07,7.488445986300405e-07,7.488501182809344e-07,7.488556378725437e-07,7.488611574150197e-07,7.488666769200575e-07,7.488721963639117e-07,7.488777157713732e-07,7.488832351158599e-07,7.488887544094697e-07,7.488942736503424e-07,7.488997928550984e-07,7.489053119984095e-07,7.489108310851378e-07,7.489163501297174e-07,7.489218691366926e-07,7.489273880935774e-07,7.489329070010376e-07,7.489384258590676e-07,7.489439446550709e-07,7.489494633993183e-07,7.489549821083802e-07,7.489605007657688e-07,7.489660193752661e-07,7.489715379243341e-07,7.489770564354549e-07,7.489825748854996e-07,7.489880932979839e-07,7.489936116636482e-07,7.489991299749834e-07,7.490046482314379e-07,7.490101664332188e-07,7.490156845866832e-07,7.490212027009348e-07,7.490267207648315e-07,7.490322387682621e-07,7.490377567224704e-07,7.490432746235363e-07,7.490487924906732e-07,7.490543102951627e-07,7.490598280605813e-07,7.490653457680693e-07,7.490708634242393e-07,7.490763810273616e-07,7.490818985814581e-07,7.490874160919899e-07,7.490929335505617e-07,7.49098450958782e-07,7.491039683173801e-07,7.491094856265218e-07,7.491150028979734e-07,7.49120520122247e-07,7.491260372825796e-07,7.49131554394033e-07,7.491370714519647e-07,7.491425884687134e-07,7.491481054455091e-07,7.491536223692526e-07,7.491591392327858e-07,7.491646560556642e-07,7.491701728298474e-07,7.491756895554075e-07,7.491812062133651e-07,7.491867228284383e-07,7.491922394038384e-07,7.49197755919048e-07,7.492032723846448e-07,7.492087888139956e-07,7.492143051815799e-07,7.492198214981935e-07,7.492253377763401e-07,7.492308540079209e-07,7.492363701769959e-07,7.492418862965196e-07,7.492474023648395e-07,7.492529183852768e-07,7.492584343659882e-07,7.492639502973771e-07,7.492694661835347e-07,7.492749820057475e-07,7.492804977863495e-07,7.492860135211358e-07,7.492915292055438e-07,7.492970448296543e-07,7.493025604042298e-07,7.493080759303168e-07,7.493135914058283e-07,7.493191068417207e-07,7.493246222309062e-07,7.49330137575366e-07,7.493356528627719e-07,7.493411680821114e-07,7.493466832604206e-07,7.493521983856094e-07,7.493577134756589e-07,7.493632285033737e-07,7.49368743483602e-07,7.493742584152822e-07,7.493797733078417e-07,7.493852881372753e-07,7.493908029297332e-07,7.493963176590831e-07,7.494018323439134e-07,7.494073469781948e-07,7.494128615610701e-07,7.494183761094564e-07,7.494238905944221e-07,7.494294050264064e-07,7.4943491941263e-07,7.494404337499686e-07,7.494459480353282e-07,7.494514622833584e-07,7.494569764718939e-07,7.494624906086291e-07,7.494680046976105e-07,7.494735187482763e-07,7.49479032737221e-07,7.494845466770862e-07,7.494900605681722e-07,7.494955744066802e-07,7.495010882025695e-07,7.495066019450716e-07,7.495121156380162e-07,7.495176292815212e-07,7.495231428859832e-07,7.495286564304439e-07,7.495341699247906e-07,7.49539683367836e-07,7.495451967638321e-07,7.495507101086944e-07,7.495562234178096e-07,7.495617366602144e-07,7.495672498558434e-07,7.495727630049716e-07,7.49578276116441e-07,7.49583789166205e-07,7.495893021662775e-07,7.495948151166026e-07,7.496003280177246e-07,7.496058408647073e-07,7.496113536781453e-07,7.496168664291504e-07,7.496223791283499e-07,7.496278917827229e-07,7.496334043992816e-07,7.49638916955998e-07,7.496444294718785e-07,7.496499419271149e-07,7.496554543452087e-07,7.496609667043388e-07,7.496664790120355e-07,7.496719912721027e-07,7.496775034780614e-07,7.496830156484195e-07,7.496885277558277e-07,7.496940398141087e-07,7.496995518245318e-07,7.497050637851921e-07,7.497105757008267e-07,7.497160875624286e-07,7.497215993849638e-07,7.49727111149175e-07,7.497326228601266e-07,7.497381345343121e-07,7.497436461474313e-07,7.497491577232174e-07,7.497546692526588e-07,7.497601807177428e-07,7.497656921458248e-07,7.497712035234594e-07,7.497767148415155e-07,7.497822261093631e-07,7.497877373237568e-07,7.497932484934367e-07,7.497987596119535e-07,7.498042706930777e-07,7.498097817262125e-07,7.498152926963119e-07,7.498208036170168e-07,7.498263145010717e-07,7.498318253377723e-07,7.498373361114258e-07,7.498428468488405e-07,7.498483575357531e-07,7.49853868160866e-07,7.498593787489866e-07,7.498648892757551e-07,7.498703997637499e-07,7.498759101916167e-07,7.498814205807713e-07,7.498869309199554e-07,7.498924411990556e-07,7.498979514430846e-07,7.49903461622841e-07,7.499089717532949e-07,7.499144818451291e-07,7.499199918898506e-07,7.499255018727441e-07,7.499310118059158e-07,7.499365216898507e-07,7.499420315373577e-07,7.499475413332968e-07,7.49953051067809e-07,7.499585607556958e-07,7.499640703924618e-07,7.499695799928443e-07,7.499750895308135e-07,7.499805990186488e-07,7.499861084577447e-07,7.499916178462634e-07,7.499971271969719e-07,7.500026364858934e-07,7.500081457254324e-07,7.500136549155052e-07,7.500191640578121e-07,7.500246731650495e-07,7.500301822085445e-07,7.500356912030341e-07,7.500412001476931e-07,7.500467090435498e-07,7.500522178893523e-07,7.500577266956544e-07,7.500632354517939e-07,7.50068744161564e-07,7.500742528079304e-07,7.500797614067635e-07,7.500852699556759e-07,7.500907784559538e-07,7.500962869030023e-07,7.501017953146614e-07,7.501073036796982e-07,7.501128119923191e-07,7.501183202568206e-07,7.501238284703601e-07,7.501293366372254e-07,7.50134844739953e-07,7.50140352794915e-07,7.501458608052696e-07,7.501513687608137e-07,7.501568766675366e-07,7.501623845237232e-07,7.501678923435137e-07,7.501734001118982e-07,7.501789078312594e-07,7.501844154936209e-07,7.501899231020492e-07,7.501954306676307e-07,7.502009381959729e-07,7.502064456690907e-07,7.50211953074388e-07,7.502174604379476e-07,7.502229677516393e-07,7.502284750271417e-07,7.502339822535819e-07,7.502394894196007e-07,7.502449965332062e-07,7.502505036108449e-07,7.50256010626336e-07,7.502615176044506e-07,7.502670245227576e-07,7.502725313901197e-07,7.50278038219146e-07,7.50283544989729e-07,7.502890516815953e-07,7.502945583529223e-07,7.503000649890894e-07,7.503055715599244e-07,7.503110780875568e-07,7.503165845642124e-07,7.503220909895937e-07,7.503275973627947e-07,7.503331036994696e-07,7.503386099743995e-07,7.503441162003024e-07,7.503496223758808e-07,7.503551285020881e-07,7.503606345939918e-07,7.503661406276107e-07,7.503716466172524e-07,7.503771525604007e-07,7.503826584379891e-07,7.503881642676978e-07,7.503936700480418e-07,7.503991757778054e-07,7.504046814610146e-07,7.504101871062743e-07,7.504156926912973e-07,7.504211982250348e-07,7.504267037233735e-07,7.504322091578938e-07,7.504377145446734e-07,7.504432198804233e-07,7.504487251802422e-07,7.504542304187687e-07,7.504597356039647e-07,7.504652407555e-07,7.504707458446929e-07,7.50476250885884e-07,7.504817558880695e-07,7.50487260828651e-07,7.504927657223178e-07,7.504982705606001e-07,7.505037753547251e-07,7.505092800976935e-07,7.505147847944543e-07,7.505202894403508e-07,7.505257940493351e-07,7.505312985969785e-07,7.505368030930848e-07,7.505423075397536e-07,7.505478119490734e-07,7.505533163118318e-07,7.505588206120556e-07,7.505643248758089e-07,7.505698290903362e-07,7.505753332429528e-07,7.505808373446367e-07,7.505863414092236e-07,7.505918454237989e-07,7.50597349373375e-07,7.506028532975557e-07,7.506083571533598e-07,7.506138609588819e-07,7.50619364726436e-07,7.506248684344487e-07,7.506303720954166e-07,7.506358757042415e-07,7.506413792637037e-07,7.506468827740156e-07,7.506523862338705e-07,7.506578896444214e-07,7.506633930043265e-07,7.506688963137747e-07,7.50674399587352e-07,7.506799028009251e-07,7.506854059756983e-07,7.506909091007375e-07,7.506964121665442e-07,7.507019151830293e-07,7.507074181497313e-07,7.507129210651084e-07,7.507184239440565e-07,7.507239267626199e-07,7.507294295457398e-07,7.507349322657896e-07,7.507404349351333e-07,7.507459375564335e-07,7.507514401266515e-07,7.507569426629081e-07,7.50762445136311e-07,7.507679475589619e-07,7.507734499453824e-07,7.5077895228216e-07,7.507844545567813e-07,7.507899567824997e-07,7.507954589699158e-07,7.50800961111916e-07,7.508064631889854e-07,7.50811965217836e-07,7.508174672080033e-07,7.508229691484407e-07,7.508284710426868e-07,7.508339728872991e-07,7.508394746824281e-07,7.508449764255897e-07,7.508504781082679e-07,7.508559797415887e-07,7.508614813267824e-07,7.508669828656908e-07,7.508724843497813e-07,7.508779857862454e-07,7.50883487170603e-07,7.50888988518245e-07,7.508944898173547e-07,7.508999910577374e-07,7.509054922462813e-07,7.509109933841347e-07,7.509164944717898e-07,7.509219955116533e-07,7.509274964919209e-07,7.50932997446339e-07,7.509384983398232e-07,7.509439991951851e-07,7.509495000012736e-07,7.509550007472607e-07,7.509605014568003e-07,7.509660021034891e-07,7.509715027007566e-07,7.509770032587182e-07,7.509825037688605e-07,7.509880042170346e-07,7.509935046180035e-07,7.509990049792615e-07,7.510045052791656e-07,7.510100055430489e-07,7.510155057554081e-07,7.510210059212092e-07,7.510265060346125e-07,7.510320060896245e-07,7.510375060915561e-07,7.510430060606498e-07,7.51048505968286e-07,7.510540058222085e-07,7.510595056407005e-07,7.510650053995083e-07,7.510705051192465e-07,7.510760047782099e-07,7.510815043877201e-07,7.510870039607402e-07,7.510925034780524e-07,7.51098002935607e-07,7.511035023483412e-07,7.511090017101385e-07,7.51114501034346e-07,7.511200002974193e-07,7.511254995235301e-07,7.511309986896705e-07,7.511364978169645e-07,7.511419968844178e-07,7.511474959138716e-07,7.511529948816003e-07,7.511584938113323e-07,7.51163992682434e-07,7.511694915134575e-07,7.511749902862231e-07,7.511804890194785e-07,7.511859876921868e-07,7.51191486312452e-07,7.511969848849172e-07,7.512024834095965e-07,7.512079818831124e-07,7.512134803203939e-07,7.512189786970583e-07,7.512244770362628e-07,7.512299753162116e-07,7.512354735565367e-07,7.512409717358446e-07,7.512464698658108e-07,7.5125196794476e-07,7.512574659830799e-07,7.512629639815731e-07,7.512684619090717e-07,7.512739597950076e-07,7.512794576389681e-07,7.512849554343028e-07,7.512904531832945e-07,7.512959508693993e-07,7.513014485042788e-07,7.513069460920691e-07,7.513124436406532e-07,7.513179411293618e-07,7.513234385669254e-07,7.513289359673531e-07,7.513344333064505e-07,7.513399306095682e-07,7.513454278515221e-07,7.513509250436402e-07,7.513564221991752e-07,7.513619192946611e-07,7.513674163377892e-07,7.513729133449357e-07,7.513784102914638e-07,7.513839071864029e-07,7.513894040450687e-07,7.513949008393201e-07,7.514003975986288e-07,7.514058943087942e-07,7.514113909701481e-07,7.514168875706576e-07,7.514223841218992e-07,7.514278806305548e-07,7.514333770834004e-07,7.514388734836554e-07,7.514443698511076e-07,7.514498661553841e-07,7.514553624222918e-07,7.514608586249387e-07,7.514663547793522e-07,7.51471850886342e-07,7.514773469602061e-07,7.514828429683733e-07,7.514883389393454e-07,7.514938348644442e-07,7.514993307351744e-07,7.515048265487373e-07,7.515103223114422e-07,7.515158180233433e-07,7.515213136848427e-07,7.515268093086215e-07,7.515323048837563e-07,7.515378003976657e-07,7.515432958762083e-07,7.515487913054055e-07,7.515542866742167e-07,7.515597819922108e-07,7.515652772612083e-07,7.515707724921121e-07,7.515762676466865e-07,7.515817627677294e-07,7.515872578395751e-07,7.515927528726596e-07,7.515982478457726e-07,7.516037427701181e-07,7.516092376443478e-07,7.516147324815028e-07,7.516202272572803e-07,7.516257219944914e-07,7.516312166832353e-07,7.516367113105529e-07,7.516422059005281e-07,7.516477004302707e-07,7.516531949228879e-07,7.516586893531113e-07,7.516641837472714e-07,7.516696780903036e-07,7.516751723834862e-07,7.516806666148797e-07,7.516861607990235e-07,7.516916549321393e-07,7.516971490284151e-07,7.517026430603925e-07,7.517081370473587e-07,7.517136309993611e-07,7.517191248881858e-07,7.51724618702831e-07,7.517301125044574e-07,7.517356062561433e-07,7.517410999574577e-07,7.517465935955941e-07,7.517520871864234e-07,7.517575807440455e-07,7.517630742361449e-07,7.517685676797869e-07,7.517740610755216e-07,7.517795544212078e-07,7.517850477188737e-07,7.517905409661637e-07,7.517960341754629e-07,7.518015273236602e-07,7.518070204311073e-07,7.518125134933186e-07,7.518180064924853e-07,7.518234994431432e-07,7.518289923453597e-07,7.518344852005751e-07,7.518399780025476e-07,7.51845470757275e-07,7.518509634626407e-07,7.518564561155641e-07,7.518619487347369e-07,7.518674413026882e-07,7.518729338219767e-07,7.518784262805665e-07,7.518839186996727e-07,7.518894110706767e-07,7.518949033910906e-07,7.519003956625591e-07,7.51905887884903e-07,7.519113800492636e-07,7.519168721611183e-07,7.51922364225356e-07,7.519278562513589e-07,7.519333482080807e-07,7.51938840128294e-07,7.519443320051157e-07,7.519498238231363e-07,7.519553156022669e-07,7.519608073318358e-07,7.519662989986089e-07,7.519717906182626e-07,7.519772821878648e-07,7.519827737081926e-07,7.519882651811636e-07,7.519937566142152e-07,7.519992479884021e-07,7.520047393205698e-07,7.520102305967236e-07,7.520157218232516e-07,7.520212130102956e-07,7.520267041386047e-07,7.520321952163243e-07,7.520376862461062e-07,7.520431772192149e-07,7.52048668149121e-07,7.520541590414382e-07,7.520596498729575e-07,7.520651406668235e-07,7.520706314105304e-07,7.5207612210488e-07,7.520816127523766e-07,7.520871033370639e-07,7.520925938860312e-07,7.520980843730209e-07,7.521035748213338e-07,7.521090652081744e-07,7.521145555592959e-07,7.521200458591926e-07,7.521255360998703e-07,7.521310262915339e-07,7.521365164305939e-07,7.521420065164353e-07,7.521474965582681e-07,7.521529865525535e-07,7.521584765068816e-07,7.521639664126632e-07,7.52169456270117e-07,7.521749460784671e-07,7.521804358263765e-07,7.521859255317516e-07,7.521914151915916e-07,7.521969047900118e-07,7.522023943407474e-07,7.522078838517549e-07,7.522133733167484e-07,7.522188627295734e-07,7.522243520836704e-07,7.522298414062452e-07,7.52235330673482e-07,7.522408198728365e-07,7.522463090285387e-07,7.522517981360539e-07,7.522572871959783e-07,7.522627762030963e-07,7.522682651610473e-07,7.522737540713789e-07,7.522792429420069e-07,7.522847317636686e-07,7.522902205373045e-07,7.522957092504651e-07,7.523011979144122e-07,7.523066865399038e-07,7.523121751035763e-07,7.523176636318288e-07,7.523231521091092e-07,7.523286405259341e-07,7.523341289044836e-07,7.52339617219755e-07,7.5234510550279e-07,7.523505937269451e-07,7.523560818965698e-07,7.52361570028829e-07,7.523670580999198e-07,7.523725461217465e-07,7.523780340959302e-07,7.523835220313487e-07,7.523890099183364e-07,7.523944977431107e-07,7.523999855329069e-07,7.524054732602024e-07,7.52410960950982e-07,7.524164485914724e-07,7.5242193616936e-07,7.524274237112578e-07,7.524329111934646e-07,7.524383986359697e-07,7.524438860287101e-07,7.524493733657834e-07,7.524548606611882e-07,7.524603479076582e-07,7.524658351041252e-07,7.52471322239323e-07,7.524768093398593e-07,7.524822963943904e-07,7.524877833932367e-07,7.524932703322418e-07,7.52498757234685e-07,7.525042440860041e-07,7.525097308804781e-07,7.525152176330551e-07,7.525207043266217e-07,7.525261909701495e-07,7.525316775643015e-07,7.525371641107248e-07,7.525426506161198e-07,7.525481370639029e-07,7.525536234716214e-07,7.525591098350197e-07,7.525645961329029e-07,7.525700824017947e-07,7.525755686018318e-07,7.525810547519171e-07,7.52586540853642e-07,7.525920269033253e-07,7.525975129175872e-07,7.526029988724071e-07,7.526084847779774e-07,7.526139706339698e-07,7.526194564416348e-07,7.526249422088835e-07,7.526304279294304e-07,7.526359135893986e-07,7.526413992104075e-07,7.526468847663452e-07,7.526523702903957e-07,7.526578557538911e-07,7.526633411687836e-07,7.526688265352953e-07,7.526743118515369e-07,7.52679797128392e-07,7.526852823412722e-07,7.526907675185414e-07,7.526962526357582e-07,7.527017377041856e-07,7.527072227233544e-07,7.527127077089016e-07,7.527181926402822e-07,7.527236775069571e-07,7.527291623291064e-07,7.527346471125474e-07,7.527401318475668e-07,7.527456165317275e-07,7.527511011564591e-07,7.527565857317559e-07,7.527620702710491e-07,7.527675547492093e-07,7.52773039175413e-07,7.527785235528142e-07,7.527840078793433e-07,7.527894921635719e-07,7.527949763943836e-07,7.528004605765478e-07,7.528059447226869e-07,7.528114288012156e-07,7.528169128480878e-07,7.528223968315598e-07,7.528278807675448e-07,7.528333646526272e-07,7.528388485009457e-07,7.528443322876176e-07,7.528498160369688e-07,7.52855299726833e-07,7.528607833673728e-07,7.528662669598126e-07,7.528717505002783e-07,7.528772339914419e-07,7.528827174460788e-07,7.528882008388324e-07,7.528936841846638e-07,7.528991674922453e-07,7.529046507382781e-07,7.529101339361795e-07,7.529156170963275e-07,7.529211002062286e-07,7.529265832717644e-07,7.529320662799183e-07,7.529375492303948e-07,7.529430321309296e-07,7.529485149936979e-07,7.529539977974615e-07,7.529594805574148e-07,7.529649632594712e-07,7.529704459257717e-07,7.529759285326378e-07,7.529814110904299e-07,7.529868935995518e-07,7.529923760587369e-07,7.52997858469245e-07,7.530033408303723e-07,7.530088231517203e-07,7.530143054152471e-07,7.530197876394716e-07,7.530252698176955e-07,7.530307519420829e-07,7.53036234004272e-07,7.530417160194607e-07,7.53047197984736e-07,7.530526799014619e-07,7.530581617801793e-07,7.530636435987654e-07,7.53069125367199e-07,7.530746070996149e-07,7.530800887704843e-07,7.530855703912089e-07,7.530910519638703e-07,7.530965334900337e-07,7.531020149751841e-07,7.53107496402752e-07,7.531129777786343e-07,7.531184591095256e-07,7.531239403873585e-07,7.53129421614963e-07,7.531349027932669e-07,7.531403839235962e-07,7.531458650139696e-07,7.531513460442396e-07,7.531568270308815e-07,7.531623079658859e-07,7.53167788860211e-07,7.53173269705814e-07,7.531787505017306e-07,7.531842312495853e-07,7.531897119354108e-07,7.531951925731452e-07,7.532006731730602e-07,7.53206153712904e-07,7.532116342136106e-07,7.532171146651702e-07,7.532225950528476e-07,7.532280753962834e-07,7.532335556911834e-07,7.532390359351284e-07,7.532445161304802e-07,7.532499962901105e-07,7.532554763862544e-07,7.53260956435789e-07,7.532664364442915e-07,7.532719163911859e-07,7.532773962906974e-07,7.532828761533681e-07,7.532883559333088e-07,7.532938356964586e-07,7.532993154092385e-07,7.53304795062042e-07,7.53310274664225e-07,7.533157542332852e-07,7.53321233754772e-07,7.533267132067783e-07,7.533321926315779e-07,7.533376719905594e-07,7.533431512919322e-07,7.533486305507797e-07,7.533541097628005e-07,7.533595889256961e-07,7.53365068040426e-07,7.533705471059446e-07,7.533760261303297e-07,7.533815050915472e-07,7.533869840185841e-07,7.53392462885599e-07,7.533979417024014e-07,7.534034204704284e-07,7.534088992033776e-07,7.534143778722429e-07,7.534198565058981e-07,7.534253350890034e-07,7.534308136105356e-07,7.534362920951921e-07,7.534417705200172e-07,7.534472488932406e-07,7.53452727218557e-07,7.534582055034146e-07,7.534636837292532e-07,7.534691619171174e-07,7.534746400462488e-07,7.534801181368607e-07,7.534855961787801e-07,7.534910741745735e-07,7.534965521172181e-07,7.535020300119508e-07,7.535075078592059e-07,7.535129856423652e-07,7.535184633898905e-07,7.535239410857097e-07,7.535294187354305e-07,7.53534896323555e-07,7.535403738695821e-07,7.535458513591924e-07,7.535513288100467e-07,7.535568062018565e-07,7.535622835543037e-07,7.53567760847099e-07,7.535732381020845e-07,7.53578715295055e-07,7.535841924520322e-07,7.535896695588427e-07,7.535951466056795e-07,7.536006236004622e-07,7.536061005605957e-07,7.536115774700159e-07,7.536170543305404e-07,7.536225311299752e-07,7.53628007882533e-07,7.53633484599116e-07,7.536389612673824e-07,7.536444378822376e-07,7.536499144357605e-07,7.536553909418529e-07,7.536608673954434e-07,7.536663438182448e-07,7.5367182017622e-07,7.536772964862069e-07,7.536827727565761e-07,7.536882489803599e-07,7.536937251537084e-07,7.536992012761235e-07,7.537046773413391e-07,7.537101533556717e-07,7.537156293191052e-07,7.537211052336548e-07,7.537265810987346e-07,7.537320569152502e-07,7.53737532683799e-07,7.537430083997992e-07,7.537484840700072e-07,7.53753959704361e-07,7.537594352857205e-07,7.537649108212198e-07,7.537703862896408e-07,7.537758617106975e-07,7.537813371001505e-07,7.537868124238238e-07,7.53792287702616e-07,7.537977629297977e-07,7.538032381075139e-07,7.538087132350956e-07,7.538141883155217e-07,7.538196633577896e-07,7.53825138348972e-07,7.538306132949448e-07,7.53836088178373e-07,7.538415630114552e-07,7.538470377951973e-07,7.538525125417739e-07,7.53857987226894e-07,7.53863461862764e-07,7.538689364621506e-07,7.538744109997065e-07,7.538798854881954e-07,7.538853599391896e-07,7.53890834333223e-07,7.538963086879046e-07,7.539017829925752e-07,7.539072572351666e-07,7.539127314303998e-07,7.539182055877027e-07,7.539236796842968e-07,7.539291537329233e-07,7.539346277404799e-07,7.539401016698207e-07,7.539455755700183e-07,7.539510494272763e-07,7.539565232285331e-07,7.539619969940601e-07,7.539674706978754e-07,7.539729443523506e-07,7.539784179582982e-07,7.53983891524159e-07,7.539893650322944e-07,7.539948384901292e-07,7.540003119067139e-07,7.540057852629866e-07,7.540112585828917e-07,7.540167318445236e-07,7.540222050664603e-07,7.540276782293232e-07,7.540331513533781e-07,7.540386244280372e-07,7.540440974377968e-07,7.540495704029249e-07,7.540550433184134e-07,7.540605161977613e-07,7.540659890166876e-07,7.540714617869852e-07,7.540769345077974e-07,7.540824071945295e-07,7.540878798282876e-07,7.540933524013371e-07,7.54098824936204e-07,7.541042974213613e-07,7.541097698449433e-07,7.541152422193696e-07,7.541207145581193e-07,7.541261868480223e-07,7.541316590861641e-07,7.541371312796985e-07,7.541426034104196e-07,7.541480754903173e-07,7.541535475364491e-07,7.541590195163587e-07,7.541644914487493e-07,7.541699633320929e-07,7.541754351785034e-07,7.541809069746975e-07,7.541863787141803e-07,7.541918504009346e-07,7.541973220403367e-07,7.542027936304933e-07,7.542082651709412e-07,7.5421373667686e-07,7.542192081189182e-07,7.542246795143625e-07,7.54230150873004e-07,7.54235622174347e-07,7.542410934196473e-07,7.542465646171833e-07,7.542520357744924e-07,7.542575068728777e-07,7.542629779326352e-07,7.542684489313763e-07,7.542739198827786e-07,7.542793907943117e-07,7.54284861646256e-07,7.542903324484493e-07,7.542958032032548e-07,7.54301273908837e-07,7.543067445749029e-07,7.543122151818216e-07,7.543176857369563e-07,7.543231562554577e-07,7.543286267254788e-07,7.543340971357644e-07,7.543395674957777e-07,7.5434503782035e-07,7.543505080840902e-07,7.543559782963815e-07,7.543614484605965e-07,7.54366918574976e-07,7.543723886401973e-07,7.543778586684388e-07,7.543833286468724e-07,7.543887985613512e-07,7.543942684416913e-07,7.543997382647994e-07,7.544052080365517e-07,7.544106777604717e-07,7.544161474336523e-07,7.544216170588544e-07,7.544270866433677e-07,7.544325561682572e-07,7.544380256444179e-07,7.544434950716722e-07,7.544489644498358e-07,7.544544337909555e-07,7.544599030712414e-07,7.54465372309984e-07,7.5447084150248e-07,7.544763106353544e-07,7.54481779730819e-07,7.54487248766717e-07,7.544927177529033e-07,7.544981867002087e-07,7.54503655587084e-07,7.545091244373226e-07,7.545145932253348e-07,7.545200619636664e-07,7.545255306492727e-07,7.545309992916071e-07,7.545364679000698e-07,7.545419364390415e-07,7.545474049305795e-07,7.545528733860115e-07,7.545583417936045e-07,7.545638101510463e-07,7.545692784641191e-07,7.545747467152549e-07,7.545802149248547e-07,7.545856830880887e-07,7.545911511990426e-07,7.545966192502571e-07,7.546020872547251e-07,7.546075552100246e-07,7.546130231264691e-07,7.546184909812149e-07,7.546239587868138e-07,7.546294265539515e-07,7.546348942596441e-07,7.54640361931502e-07,7.546458295538985e-07,7.546512971156969e-07,7.546567646283809e-07,7.546622321033758e-07,7.546676995175282e-07,7.546731668939311e-07,7.546786342078987e-07,7.546841014879165e-07,7.546895687012733e-07,7.546950358695501e-07,7.547005030012018e-07,7.547059700818705e-07,7.547114371039713e-07,7.547169040766756e-07,7.547223709984185e-07,7.547278378840384e-07,7.547333047220863e-07,7.547387715095095e-07,7.547442382347982e-07,7.54749704912597e-07,7.547551715417373e-07,7.547606381311525e-07,7.547661046600637e-07,7.547715711414783e-07,7.547770375755619e-07,7.547825039567269e-07,7.547879703054899e-07,7.547934366027592e-07,7.547989028496121e-07,7.548043690360774e-07,7.548098351737841e-07,7.548153012672844e-07,7.548207673127542e-07,7.548262332672709e-07,7.548316992074886e-07,7.548371651003135e-07,7.548426309562551e-07,7.548480967501038e-07,7.548535624931907e-07,7.548590282037231e-07,7.548644938602125e-07,7.548699594615999e-07,7.548754250101193e-07,7.548808905077908e-07,7.54886355958117e-07,7.548918213543556e-07,7.548972867034027e-07,7.549027520167784e-07,7.549082172728015e-07,7.549136824875707e-07,7.549191476385701e-07,7.549246127564053e-07,7.549300778252632e-07,7.549355428495242e-07,7.549410078188475e-07,7.54946472724584e-07,7.549519375846807e-07,7.549574024066811e-07,7.549628671690122e-07,7.549683318733595e-07,7.549737965486513e-07,7.549792611665598e-07,7.549847257498109e-07,7.549901902790129e-07,7.549956547472753e-07,7.550011191650185e-07,7.550065835351807e-07,7.550120478694885e-07,7.550175121432458e-07,7.550229763645642e-07,7.550284405434911e-07,7.550339046683634e-07,7.55039368746641e-07,7.550448327733412e-07,7.550502967509982e-07,7.550557606896102e-07,7.550612245644725e-07,7.550666883940946e-07,7.550721521848376e-07,7.550776159170262e-07,7.550830796176418e-07,7.550885432515311e-07,7.550940068358876e-07,7.550994703717437e-07,7.551049338590507e-07,7.551103973091222e-07,7.551158606977141e-07,7.551213240366859e-07,7.551267873312155e-07,7.551322505713075e-07,7.551377137640378e-07,7.551431769091988e-07,7.551486400028109e-07,7.551541030458373e-07,7.55159566038638e-07,7.551650289961563e-07,7.551704918951633e-07,7.551759547554496e-07,7.551814175534638e-07,7.55186880302484e-07,7.551923430040031e-07,7.551978056586085e-07,7.552032682732432e-07,7.55208730826832e-07,7.552141933287689e-07,7.552196557824936e-07,7.552251181907437e-07,7.552305805480265e-07,7.552360428569514e-07,7.552415051223631e-07,7.552469673338006e-07,7.552524294939019e-07,7.55257891617058e-07,7.552633536800103e-07,7.552688156942797e-07,7.552742776549169e-07,7.552797395695045e-07,7.552852014478761e-07,7.552906632721838e-07,7.552961250396345e-07,7.553015867701134e-07,7.553070484379512e-07,7.553125100580709e-07,7.553179716409685e-07,7.553234331646864e-07,7.553288946387625e-07,7.553343560645942e-07,7.55339817441254e-07,7.553452787510588e-07,7.553507400377144e-07,7.553562012769052e-07,7.553616624555594e-07,7.553671235870353e-07,7.553725846684119e-07,7.553780457010267e-07,7.5538350668194e-07,7.553889676138332e-07,7.553944284975044e-07,7.553998893435979e-07,7.554053501319913e-07,7.554108108707062e-07,7.55416271558466e-07,7.554217321974244e-07,7.554271927890267e-07,7.554326533414343e-07,7.554381138349088e-07,7.554435742891459e-07,7.554490346845702e-07,7.554544950291239e-07,7.554599553259438e-07,7.554654155724816e-07,7.554708757821888e-07,7.554763359339892e-07,7.554817960425447e-07,7.554872560912057e-07,7.554927161047473e-07,7.554981760585802e-07,7.555036359653312e-07,7.555090958201129e-07,7.55514555628892e-07,7.5552001539793e-07,7.555254751160064e-07,7.555309347702525e-07,7.555363943920338e-07,7.555418539538539e-07,7.555473134756671e-07,7.555527729408137e-07,7.555582323536246e-07,7.555636917194481e-07,7.555691510339251e-07,7.555746103105315e-07,7.555800695397368e-07,7.555855287080419e-07,7.555909878305765e-07,7.555964469011578e-07,7.556019059223773e-07,7.556073648983603e-07,7.55612823821494e-07,7.556182826929319e-07,7.556237415216748e-07,7.5562920029515e-07,7.556346590225184e-07,7.556401176977922e-07,7.556455763275446e-07,7.556510349183762e-07,7.55656493449757e-07,7.556619519325812e-07,7.556674103776581e-07,7.556728687723461e-07,7.556783271075447e-07,7.556837853959412e-07,7.556892436445568e-07,7.556947018431499e-07,7.557001599884101e-07,7.557056180778672e-07,7.557110761178209e-07,7.557165341177965e-07,7.55721992058952e-07,7.557274499507512e-07,7.557329077923722e-07,7.557383655988478e-07,7.557438233422825e-07,7.557492810399124e-07,7.55754738691836e-07,7.557601963018437e-07,7.557656538514415e-07,7.557711113625779e-07,7.557765688250862e-07,7.557820262275886e-07,7.557874835908488e-07,7.557929409027256e-07,7.557983981648747e-07,7.558038553723816e-07,7.558093125307263e-07,7.558147696506593e-07,7.558202267090327e-07,7.558256837307173e-07,7.558311407026835e-07,7.558365976159919e-07,7.558420544783512e-07,7.558475112956623e-07,7.558529680721916e-07,7.558584247875172e-07,7.558638814626672e-07,7.558693380820287e-07,7.558747946530548e-07,7.558802511706424e-07,7.55885707643605e-07,7.558911640632171e-07,7.558966204479262e-07,7.559020767822851e-07,7.559075330563453e-07,7.559129892817548e-07,7.559184454526236e-07,7.559239015801614e-07,7.559293576687163e-07,7.559348137109724e-07,7.559402697039494e-07,7.559457256358989e-07,7.559511815162079e-07,7.559566373490238e-07,7.559620931328338e-07,7.559675488788731e-07,7.559730045629076e-07,7.559784601933084e-07,7.55983915782899e-07,7.559893713221694e-07,7.559948268134408e-07,7.560002822511456e-07,7.560057376444996e-07,7.560111929916088e-07,7.560166482867937e-07,7.560221035329462e-07,7.560275587278322e-07,7.560330138743048e-07,7.560384689717303e-07,7.560439240325608e-07,7.560493790437922e-07,7.560548339958357e-07,7.560602888981635e-07,7.560657437631958e-07,7.560711985797646e-07,7.560766533351238e-07,7.560821080533657e-07,7.560875627134107e-07,7.560930173206965e-07,7.560984718833972e-07,7.561039264040328e-07,7.561093808659482e-07,7.561148352888518e-07,7.561202896509798e-07,7.561257439701933e-07,7.561311982380668e-07,7.561366524617293e-07,7.561421066235909e-07,7.561475607425472e-07,7.561530148123297e-07,7.561584688430474e-07,7.561639228243987e-07,7.56169376747169e-07,7.561748306312676e-07,7.561802844667716e-07,7.561857382417817e-07,7.561911919814451e-07,7.561966456574787e-07,7.56202099287179e-07,7.562075528636531e-07,7.56213006392597e-07,7.562184598750424e-07,7.562239133001975e-07,7.562293666958513e-07,7.562348200288032e-07,7.562402733124372e-07,7.562457265510446e-07,7.562511797334409e-07,7.562566328817458e-07,7.562620859732077e-07,7.562675390247076e-07,7.562729920284706e-07,7.562784449814742e-07,7.56283897889752e-07,7.562893507451097e-07,7.562948035406938e-07,7.563002562982924e-07,7.563057089949175e-07,7.563111616557684e-07,7.563166142590661e-07,7.563220668096237e-07,7.563275193102911e-07,7.56332971761129e-07,7.563384241666181e-07,7.563438765322618e-07,7.563493288384783e-07,7.56354781097337e-07,7.563602333169091e-07,7.563656854747947e-07,7.563711375823332e-07,7.563765896401219e-07,7.563820416524171e-07,7.56387493625418e-07,7.563929455397747e-07,7.563983974027342e-07,7.564038492166558e-07,7.564093009944046e-07,7.564147527120903e-07,7.564202043786676e-07,7.5642565599827e-07,7.564311075659213e-07,7.564365590858592e-07,7.564420105697993e-07,7.564474619917109e-07,7.56452913368356e-07,7.564583646955276e-07,7.564638159826186e-07,7.564692672121615e-07,7.564747184008683e-07,7.564801695305274e-07,7.564856206095171e-07,7.564910716417106e-07,7.564965226213059e-07,7.56501973554993e-07,7.565074244397212e-07,7.565128752757521e-07,7.565183260599736e-07,7.565237768097605e-07,7.565292274968069e-07,7.565346781348578e-07,7.565401287257474e-07,7.565455792645088e-07,7.565510297540699e-07,7.565564801999369e-07,7.565619305930565e-07,7.565673809442935e-07,7.565728312411906e-07,7.565782814890934e-07,7.56583731686349e-07,7.565891818362145e-07,7.565946319323829e-07,7.566000819865055e-07,7.566055320016827e-07,7.566109819578384e-07,7.566164318633988e-07,7.566218817181865e-07,7.566273315365968e-07,7.566327812929522e-07,7.566382310037098e-07,7.566436806632534e-07,7.566491302733021e-07,7.566545798360931e-07,7.566600293485625e-07,7.566654788267618e-07,7.566709282505401e-07,7.566763776268805e-07,7.566818269414099e-07,7.566872762203667e-07,7.566927254396106e-07,7.566981746082775e-07,7.567036237318427e-07,7.5670907281339e-07,7.567145218359481e-07,7.567199708103828e-07,7.567254197358474e-07,7.567308686123133e-07,7.567363174501053e-07,7.567417662286666e-07,7.567472149583045e-07,7.567526636396553e-07,7.567581122729921e-07,7.567635608654713e-07,7.567690094086965e-07,7.567744579033961e-07,7.567799063391342e-07,7.567853547259043e-07,7.567908030634122e-07,7.567962513491571e-07,7.568016995885072e-07,7.568071477894062e-07,7.568125959287005e-07,7.56818044018486e-07,7.568234920701992e-07,7.568289400788105e-07,7.568343880231424e-07,7.568398359195849e-07,7.568452837659951e-07,7.568507315631092e-07,7.568561793078532e-07,7.568616270211687e-07,7.568670746788106e-07,7.568725222874366e-07,7.568779698510535e-07,7.56883417353202e-07,7.568888648090824e-07,7.568943122324655e-07,7.568997595898473e-07,7.569052068976435e-07,7.569106541602175e-07,7.569161013718204e-07,7.569215485444218e-07,7.569269956563656e-07,7.569324427193384e-07,7.569378897333654e-07,7.569433366940824e-07,7.569487836102341e-07,7.569542304808558e-07,7.569596773008741e-07,7.56965124084464e-07,7.569705708167316e-07,7.569760174880081e-07,7.569814641103767e-07,7.569869106837672e-07,7.569923572105541e-07,7.569978036896954e-07,7.570032501197575e-07,7.570086964963077e-07,7.570141428259864e-07,7.570195891063048e-07,7.570250353366926e-07,7.570304815307754e-07,7.570359276775912e-07,7.570413737732874e-07,7.570468198247204e-07,7.570522658114412e-07,7.570577117498206e-07,7.570631576378757e-07,7.570686034754934e-07,7.570740492676505e-07,7.570794950212361e-07,7.57084940714312e-07,7.57090386369407e-07,7.570958319756465e-07,7.571012775336018e-07,7.571067230419775e-07,7.571121684884833e-07,7.57117613899117e-07,7.571230592504062e-07,7.571285045525624e-07,7.571339498153622e-07,7.57139395019125e-07,7.571448401846035e-07,7.571502853028441e-07,7.571557303719599e-07,7.571611753805017e-07,7.571666203396004e-07,7.571720652454736e-07,7.57177510108717e-07,7.57182954930855e-07,7.571883997047203e-07,7.571938444191538e-07,7.571992890848642e-07,7.572047337128886e-07,7.572101782827032e-07,7.572156228121851e-07,7.572210672932301e-07,7.572265117267503e-07,7.572319560974434e-07,7.5723740042701e-07,7.572428446998715e-07,7.572482889200574e-07,7.572537330972278e-07,7.572591772350238e-07,7.572646213120711e-07,7.572700653424856e-07,7.572755093344079e-07,7.572809532773825e-07,7.572863971714463e-07,7.572918410055235e-07,7.572972847970714e-07,7.573027285332818e-07,7.57308172218837e-07,7.573136158633983e-07,7.573190594511664e-07,7.573245029916543e-07,7.573299464926238e-07,7.573353899515105e-07,7.573408333451569e-07,7.573462766881402e-07,7.573517199838382e-07,7.573571632289942e-07,7.573626064297934e-07,7.573680495890778e-07,7.573734926891347e-07,7.573789357512614e-07,7.573843787557476e-07,7.573898217084234e-07,7.57395264611006e-07,7.574007074622018e-07,7.574061502682142e-07,7.574115930257475e-07,7.574170357327606e-07,7.574224784043505e-07,7.574279210174565e-07,7.574333635792936e-07,7.574388061021836e-07,7.57444248566164e-07,7.574496909878385e-07,7.57455133364415e-07,7.574605756927912e-07,7.57466017955094e-07,7.57471460172116e-07,7.574769023392939e-07,7.574823444707018e-07,7.57487786545068e-07,7.574932285784303e-07,7.574986705530188e-07,7.575041124783965e-07,7.575095543668408e-07,7.575149962058035e-07,7.575204379817976e-07,7.575258797137896e-07,7.575313213939902e-07,7.575367630395292e-07,7.575422046211584e-07,7.575476461532622e-07,7.575530876337902e-07,7.575585290826403e-07,7.575639704672063e-07,7.575694118059662e-07,7.57574853097595e-07,7.5758029434916e-07,7.57585735551102e-07,7.575911766948266e-07,7.575966177873279e-07,7.576020588427025e-07,7.576074998372807e-07,7.576129407945924e-07,7.576183816917174e-07,7.576238225411363e-07,7.57629263338623e-07,7.576347041005815e-07,7.57640144807933e-07,7.576455854722699e-07,7.57651026079442e-07,7.576564666338158e-07,7.576619071514648e-07,7.576673476177213e-07,7.57672788023908e-07,7.576782283932733e-07,7.576836687155947e-07,7.576891089765694e-07,7.576945492013046e-07,7.576999893644489e-07,7.577054294770676e-07,7.577108695544738e-07,7.577163095840067e-07,7.577217495506107e-07,7.577271894701873e-07,7.57732629340946e-07,7.577380691632102e-07,7.577435089367628e-07,7.577489486582157e-07,7.577543883442034e-07,7.57759827984757e-07,7.577652675637017e-07,7.577707071020209e-07,7.577761465788875e-07,7.577815860100963e-07,7.577870253927776e-07,7.577924647228447e-07,7.577979040066165e-07,7.578033432423354e-07,7.578087824319176e-07,7.57814221571877e-07,7.57819660660769e-07,7.578250997118034e-07,7.578305387033271e-07,7.578359776552906e-07,7.578414165483732e-07,7.578468554087774e-07,7.578522942037244e-07,7.578577329495013e-07,7.578631716471865e-07,7.57868610295275e-07,7.578740488946519e-07,7.578794874552158e-07,7.578849259567297e-07,7.578903644099072e-07,7.578958028109422e-07,7.579012411659532e-07,7.579066794828787e-07,7.57912117743494e-07,7.579175559616699e-07,7.579229941291432e-07,7.579284322421842e-07,7.579338703021639e-07,7.57939308312073e-07,7.579447462866288e-07,7.579501842087532e-07,7.579556220858455e-07,7.579610599133377e-07,7.579664976813806e-07,7.579719354011526e-07,7.57977373070028e-07,7.579828107017365e-07,7.579882482853334e-07,7.579936858230862e-07,7.579991232981613e-07,7.580045607352946e-07,7.580099981147867e-07,7.58015435441657e-07,7.580208727194398e-07,7.580263099485625e-07,7.580317471324384e-07,7.580371842668907e-07,7.580426213611165e-07,7.580480584097329e-07,7.580534953889497e-07,7.580589323267477e-07,7.580643692254782e-07,7.580698060674518e-07,7.580752428687113e-07,7.580806796090297e-07,7.58086116302151e-07,7.58091552956385e-07,7.580969895500372e-07,7.581024260947899e-07,7.581078626023705e-07,7.581132990502452e-07,7.581187354484123e-07,7.581241717976308e-07,7.58129608099689e-07,7.581350443512535e-07,7.581404805614299e-07,7.581459167184925e-07,7.581513528267118e-07,7.581567888833148e-07,7.581622248900628e-07,7.581676608493578e-07,7.581730967580335e-07,7.581785326294365e-07,7.581839684410542e-07,7.581894042037179e-07,7.581948399293915e-07,7.582002755960265e-07,7.58205711212092e-07,7.58211146780857e-07,7.582165823140464e-07,7.582220177843612e-07,7.582274532050844e-07,7.582328885780436e-07,7.58238323902528e-07,7.582437591769363e-07,7.582491943993723e-07,7.582546295896839e-07,7.582600647204665e-07,7.582654998005999e-07,7.582709348319585e-07,7.582763698100453e-07,7.582818047418093e-07,7.582872396281959e-07,7.582926744737345e-07,7.582981092726597e-07,7.58303544010147e-07,7.583089786992278e-07,7.583144133414164e-07,7.583198479272418e-07,7.583252824692871e-07,7.583307169689076e-07,7.583361514166454e-07,7.583415858230322e-07,7.583470201711664e-07,7.583524544693897e-07,7.583578887297265e-07,7.583633229297847e-07,7.583687570924677e-07,7.583741912060198e-07,7.583796252694564e-07,7.58385059274487e-07,7.583904932286142e-07,7.583959271373757e-07,7.584013609940581e-07,7.58406794798548e-07,7.584122285575411e-07,7.584176622608964e-07,7.584230959205696e-07,7.584285295330346e-07,7.584339631089078e-07,7.584393966230642e-07,7.584448300911428e-07,7.58450263508151e-07,7.584556968898345e-07,7.584611302120982e-07,7.58466563482151e-07,7.584719967036439e-07,7.58477429876348e-07,7.584828629986054e-07,7.584882960857923e-07,7.584937291259202e-07,7.584991620997432e-07,7.58504595039841e-07,7.585100279218568e-07,7.585154607500425e-07,7.585208935422109e-07,7.58526326288755e-07,7.585317589800789e-07,7.585371916263196e-07,7.585426242142841e-07,7.585480567477598e-07,7.585534892396376e-07,7.585589216814561e-07,7.585643540747012e-07,7.58569786425611e-07,7.585752187206016e-07,7.585806509667266e-07,7.585860831640114e-07,7.585915153241795e-07,7.585969474240385e-07,7.586023794750716e-07,7.58607811486917e-07,7.586132434379183e-07,7.586186753426746e-07,7.586241071985457e-07,7.586295390107426e-07,7.58634970767689e-07,7.586404024864035e-07,7.586458341393365e-07,7.586512657501967e-07,7.586566973107211e-07,7.586621288352835e-07,7.586675602989917e-07,7.586729917251664e-07,7.586784231022823e-07,7.586838544318302e-07,7.586892857061751e-07,7.586947169388842e-07,7.587001481119329e-07,7.587055792401961e-07,7.587110103140451e-07,7.587164413358531e-07,7.587218723102999e-07,7.587273032359096e-07,7.587327341109538e-07,7.587381649399812e-07,7.587435957226696e-07,7.58749026466111e-07,7.587544571618931e-07,7.587598878049496e-07,7.587653183900133e-07,7.58770748921464e-07,7.587761794189364e-07,7.587816098547245e-07,7.587870402447705e-07,7.587924705897809e-07,7.587979008827859e-07,7.588033311369239e-07,7.588087613338515e-07,7.588141914797636e-07,7.588196215773691e-07,7.588250516261372e-07,7.588304816237728e-07,7.588359115761713e-07,7.588413414772355e-07,7.588467713301281e-07,7.588522011323963e-07,7.588576308850064e-07,7.588630606026759e-07,7.588684902700978e-07,7.58873919888023e-07,7.588793494478717e-07,7.588847789631956e-07,7.588902084259049e-07,7.588956378392752e-07,7.58901067214356e-07,7.589064965300566e-07,7.589119258098208e-07,7.589173550246322e-07,7.589227841873631e-07,7.589282133221301e-07,7.589336423936754e-07,7.589390714260329e-07,7.589445004006411e-07,7.589499293332407e-07,7.589553582214909e-07,7.589607870492236e-07,7.589662158415929e-07,7.589716445707853e-07,7.58977073251065e-07,7.589825018831861e-07,7.58987930464829e-07,7.589933589953032e-07,7.589987874808503e-07,7.590042159275875e-07,7.590096443152615e-07,7.590150726650022e-07,7.590205009546689e-07,7.590259291962933e-07,7.590313573880139e-07,7.590367855313794e-07,7.590422136385093e-07,7.590476416947161e-07,7.590530696991746e-07,7.590584976578787e-07,7.590639255577163e-07,7.59069353408674e-07,7.590747812108074e-07,7.590802089623857e-07,7.590856366687088e-07,7.590910643346112e-07,7.590964919397626e-07,7.591019194977681e-07,7.591073470090544e-07,7.591127744695311e-07,7.591182018798332e-07,7.591236292519048e-07,7.591290565696705e-07,7.591344838457738e-07,7.591399110596546e-07,7.591453382254186e-07,7.591507653465552e-07,7.591561924132887e-07,7.591616194449361e-07,7.59167046428842e-07,7.591724733525328e-07,7.591779002157871e-07,7.591833270438829e-07,7.591887538186248e-07,7.591941805419696e-07,7.591996072213677e-07,7.592050338618947e-07,7.592104604380479e-07,7.592158869730558e-07,7.592213134555925e-07,7.59226739890044e-07,7.592321662770159e-07,7.59237592614107e-07,7.592430189134126e-07,7.592484451484258e-07,7.592538713425705e-07,7.592592974939044e-07,7.592647235875998e-07,7.592701496345916e-07,7.592755756297936e-07,7.592810015957756e-07,7.592864275037308e-07,7.592918533421577e-07,7.592972791421619e-07,7.593027048935302e-07,7.593081305907225e-07,7.593135562435508e-07,7.593189818586313e-07,7.593244074168961e-07,7.593298329249473e-07,7.593352583963497e-07,7.593406838164114e-07,7.593461091775533e-07,7.593515344903966e-07,7.593569597527592e-07,7.59362384978244e-07,7.593678101417639e-07,7.593732352594087e-07,7.593786603244456e-07,7.593840853493877e-07,7.593895103158529e-07,7.593949352350936e-07,7.594003601134442e-07,7.594057849383027e-07,7.594112097211459e-07,7.594166344460893e-07,7.594220591214613e-07,7.594274837510653e-07,7.594329083384566e-07,7.594383328688506e-07,7.594437573632151e-07,7.594491818003511e-07,7.594546061840286e-07,7.594600305393842e-07,7.594654548294369e-07,7.594708790670564e-07,7.594763032679684e-07,7.59481727419303e-07,7.594871515159722e-07,7.59492575571685e-07,7.594979995665352e-07,7.595034235240107e-07,7.595088474198639e-07,7.595142712737929e-07,7.595196950740644e-07,7.595251188237204e-07,7.595305425263287e-07,7.595359661796071e-07,7.595413897829674e-07,7.595468133392022e-07,7.595522368559596e-07,7.595576603160216e-07,7.595630837289519e-07,7.595685070931833e-07,7.595739304049885e-07,7.595793536758705e-07,7.595847768924611e-07,7.595902000584403e-07,7.595956231776951e-07,7.596010462465916e-07,7.596064692662084e-07,7.596118922474594e-07,7.596173151646035e-07,7.596227380486706e-07,7.596281608756285e-07,7.59633583650664e-07,7.596390063795911e-07,7.596444290689731e-07,7.59649851697302e-07,7.596552742895096e-07,7.596606968203158e-07,7.596661192978114e-07,7.596715417327205e-07,7.596769641167272e-07,7.596823864638657e-07,7.596878087517805e-07,7.596932309909182e-07,7.596986531807229e-07,7.597040753316768e-07,7.597094974244802e-07,7.597149194786354e-07,7.59720341473273e-07,7.597257634197479e-07,7.597311853178588e-07,7.597366071667543e-07,7.597420289660175e-07,7.597474507274995e-07,7.597528724408415e-07,7.59758294094662e-07,7.597637156991355e-07,7.597691372549119e-07,7.597745587641894e-07,7.597799802213739e-07,7.597854016320031e-07,7.597908229921553e-07,7.597962443050716e-07,7.598016655775913e-07,7.598070867930864e-07,7.59812507959191e-07,7.598179290828117e-07,7.598233501482626e-07,7.5982877116715e-07,7.598341921365426e-07,7.5983961305829e-07,7.598450339465768e-07,7.59850454769597e-07,7.598558755471189e-07,7.598612962725984e-07,7.598667169572855e-07,7.598721375901831e-07,7.598775581701657e-07,7.598829787005132e-07,7.598883991851253e-07,7.598938196197251e-07,7.598992400145818e-07,7.599046603501292e-07,7.599100806514169e-07,7.599155008844486e-07,7.599209210850574e-07,7.599263412031377e-07,7.599317612968527e-07,7.599371813534157e-07,7.599426013461809e-07,7.599480212900907e-07,7.599534411902489e-07,7.599588610501096e-07,7.599642808511871e-07,7.599697006025585e-07,7.599751203057932e-07,7.599805399589921e-07,7.599859595647075e-07,7.599913791327178e-07,7.599967986377294e-07,7.600022180847609e-07,7.600076374953206e-07,7.600130568571903e-07,7.600184761718441e-07,7.600238954484572e-07,7.600293146579748e-07,7.600347338351809e-07,7.600401529545286e-07,7.600455720250206e-07,7.600509910420582e-07,7.600564100138851e-07,7.60061828935223e-07,7.600672478308011e-07,7.600726666577025e-07,7.600780854463999e-07,7.600835041727834e-07,7.600889228526302e-07,7.600943414811193e-07,7.60099760061185e-07,7.601051785925205e-07,7.601105970831348e-07,7.601160155315976e-07,7.601214339178802e-07,7.60126852267397e-07,7.601322705679609e-07,7.601376888084869e-07,7.601431070075514e-07,7.601485251503513e-07,7.601539432384217e-07,7.601593612839897e-07,7.601647792913347e-07,7.601701972383576e-07,7.601756151476716e-07,7.601810330081704e-07,7.601864508097401e-07,7.601918685698508e-07,7.601972862728555e-07,7.602027039406187e-07,7.60208121547073e-07,7.602135391029871e-07,7.602189566106513e-07,7.602243740712803e-07,7.602297914854655e-07,7.602352088452959e-07,7.602406261603042e-07,7.602460434262683e-07,7.602514606477099e-07,7.602568778252842e-07,7.602622949435016e-07,7.602677120104664e-07,7.602731290427171e-07,7.602785460159459e-07,7.602839629404017e-07,7.602893798261342e-07,7.602947966624955e-07,7.603002134388931e-07,7.603056301801019e-07,7.6031104685925e-07,7.603164634898224e-07,7.603218800753674e-07,7.603272966062826e-07,7.603327130905031e-07,7.603381295260321e-07,7.603435459231586e-07,7.603489622728638e-07,7.603543785621357e-07,7.603597948044544e-07,7.603652110074891e-07,7.603706271522127e-07,7.603760432461578e-07,7.603814592984316e-07,7.60386875295218e-07,7.603922912456378e-07,7.603977071459267e-07,7.604031229949761e-07,7.604085388081751e-07,7.604139545613109e-07,7.604193702728185e-07,7.604247859319791e-07,7.604302015389892e-07,7.604356171093833e-07,7.604410326333642e-07,7.604464481133666e-07,7.604518635318436e-07,7.604572789073253e-07,7.604626942228038e-07,7.604681094896541e-07,7.604735247068066e-07,7.604789398753253e-07,7.604843550049231e-07,7.604897700813418e-07,7.604951851158475e-07,7.605006000908558e-07,7.605060150156296e-07,7.605114299027712e-07,7.605168447421507e-07,7.605222595324023e-07,7.605276742623811e-07,7.60533088943546e-07,7.605385035767684e-07,7.605439181662121e-07,7.605493327012347e-07,7.605547471875591e-07,7.605601616287903e-07,7.605655760185304e-07,7.605709903705367e-07,7.605764046616348e-07,7.605818189037743e-07,7.605872331079107e-07,7.605926472525288e-07,7.60598061353423e-07,7.606034754029556e-07,7.606088894127484e-07,7.606143033746757e-07,7.606197172890209e-07,7.606251311436831e-07,7.606305449491318e-07,7.606359587052976e-07,7.606413724136893e-07,7.60646786077423e-07,7.606521996885158e-07,7.60657613257259e-07,7.606630267729359e-07,7.606684402378858e-07,7.606738536581101e-07,7.606792670209448e-07,7.606846803398173e-07,7.606900936090185e-07,7.606955068395273e-07,7.607009200122177e-07,7.607063331363098e-07,7.607117462092542e-07,7.6071715923581e-07,7.607225722129201e-07,7.60727985142049e-07,7.607333980297384e-07,7.60738810873505e-07,7.60744223656504e-07,7.607496363908035e-07,7.607550490756697e-07,7.607604617125203e-07,7.607658742996878e-07,7.607712868505776e-07,7.607766993508667e-07,7.607821118058784e-07,7.607875241974833e-07,7.607929365427253e-07,7.607983488367702e-07,7.608037610956429e-07,7.608091732955123e-07,7.608145854453342e-07,7.608199975569477e-07,7.608254096205998e-07,7.608308216238279e-07,7.60836233579434e-07,7.608416454850499e-07,7.608470573540915e-07,7.608524691613212e-07,7.608578809216333e-07,7.608632926428175e-07,7.608687043060572e-07,7.608741159202449e-07,7.608795274824077e-07,7.60884939002092e-07,7.608903504699518e-07,7.608957618994871e-07,7.609011732734207e-07,7.609065845943458e-07,7.609119958658345e-07,7.609174070903574e-07,7.609228182766391e-07,7.609282294040401e-07,7.609336404843538e-07,7.609390515135065e-07,7.60944462492541e-07,7.609498734271095e-07,7.609552843179347e-07,7.609606951532749e-07,7.609661059418627e-07,7.609715166794445e-07,7.60976927366736e-07,7.609823380170137e-07,7.609877486125672e-07,7.60993159154762e-07,7.609985696484394e-07,7.610039800922239e-07,7.61009390492574e-07,7.610148008507453e-07,7.610202111500498e-07,7.610256214133951e-07,7.610310316234353e-07,7.610364417870752e-07,7.61041851891959e-07,7.610472619577216e-07,7.610526719784497e-07,7.610580819391202e-07,7.610634918465132e-07,7.610689017096333e-07,7.610743115227067e-07,7.610797212877347e-07,7.610851310035485e-07,7.610905406704876e-07,7.610959502875224e-07,7.611013598661837e-07,7.611067693962272e-07,7.611121788669093e-07,7.611175882904686e-07,7.611229976641275e-07,7.611284069956666e-07,7.611338162824878e-07,7.611392255167798e-07,7.611446346978358e-07,7.611500438387721e-07,7.611554529306757e-07,7.611608619761978e-07,7.611662709610634e-07,7.611716798955995e-07,7.611770887814317e-07,7.611824976148933e-07,7.611879064042704e-07,7.611933151461425e-07,7.611987238382449e-07,7.612041324792442e-07,7.612095410780249e-07,7.612149496358331e-07,7.612203581339186e-07,7.612257665802259e-07,7.612311749918836e-07,7.612365833340151e-07,7.612419916369926e-07,7.612473998915583e-07,7.612528081040023e-07,7.612582162625967e-07,7.612636243695426e-07,7.612690324314622e-07,7.612744404428035e-07,7.612798484037292e-07,7.612852563220186e-07,7.612906641944005e-07,7.612960720215842e-07,7.613014797839586e-07,7.613068875015342e-07,7.613122951721693e-07,7.613177027928512e-07,7.61323110362319e-07,7.613285178860132e-07,7.613339253568521e-07,7.613393327859271e-07,7.613447401776737e-07,7.613501475188944e-07,7.613555547999496e-07,7.613609620335079e-07,7.613663692268397e-07,7.613717763621307e-07,7.613771834624597e-07,7.6138259049987e-07,7.613879974891568e-07,7.613934044295697e-07,7.613988113222795e-07,7.614042181674882e-07,7.614096249603391e-07,7.614150317032124e-07,7.614204384003631e-07,7.61425845048788e-07,7.614312516468148e-07,7.614366581949142e-07,7.614420646973626e-07,7.614474711513464e-07,7.61452877557271e-07,7.614582839197242e-07,7.614636902319062e-07,7.614690964993899e-07,7.614745027208647e-07,7.614799088811792e-07,7.614853149937396e-07,7.61490721068642e-07,7.614961270879126e-07,7.615015330553055e-07,7.615069389759741e-07,7.615123448455408e-07,7.615177506669646e-07,7.61523156438837e-07,7.615285621698834e-07,7.6153396785049e-07,7.61539373479288e-07,7.61544779058187e-07,7.615501845888147e-07,7.615555900706838e-07,7.615609955019222e-07,7.615664008870337e-07,7.615718062160076e-07,7.615772115005313e-07,7.615826167380922e-07,7.615880219270102e-07,7.61593427068955e-07,7.615988321710783e-07,7.616042372140371e-07,7.616096422082446e-07,7.616150471567245e-07,7.616204520557127e-07,7.61625856903549e-07,7.616312617200615e-07,7.616366664810787e-07,7.616420711929129e-07,7.616474758568427e-07,7.616528804732578e-07,7.616582850281906e-07,7.616636895413648e-07,7.616690940107633e-07,7.616744984332446e-07,7.61679902809813e-07,7.616853071335692e-07,7.616907113965275e-07,7.616961156154058e-07,7.61701519784562e-07,7.617069239076772e-07,7.61712327975984e-07,7.617177319942844e-07,7.617231359690888e-07,7.617285398932691e-07,7.617339437687064e-07,7.617393475950029e-07,7.617447513714495e-07,7.61750155101491e-07,7.617555587894287e-07,7.617609624165334e-07,7.617663659944816e-07,7.617717695368351e-07,7.617771730211375e-07,7.617825764701209e-07,7.617879798560312e-07,7.61793383206095e-07,7.617987865036151e-07,7.618041897446959e-07,7.618095929455431e-07,7.618149960908249e-07,7.618203991880311e-07,7.61825802236129e-07,7.618312052368373e-07,7.61836608189796e-07,7.618420111014989e-07,7.618474139555267e-07,7.618528167704687e-07,7.618582195261515e-07,7.618636222437178e-07,7.618690249019615e-07,7.61874427512244e-07,7.618798300719971e-07,7.618852325855951e-07,7.618906350571773e-07,7.618960374680908e-07,7.619014398358411e-07,7.619068421553827e-07,7.619122444312008e-07,7.619176466529475e-07,7.619230488292028e-07,7.619284509633987e-07,7.619338530398641e-07,7.619392550666094e-07,7.619446570452651e-07,7.619500589755396e-07,7.619554608579226e-07,7.619608626910845e-07,7.619662644703067e-07,7.61971666205285e-07,7.619770678978487e-07,7.619824695361195e-07,7.619878711258249e-07,7.619932726658656e-07,7.619986741670748e-07,7.620040756116146e-07,7.620094770068302e-07,7.620148783513217e-07,7.62020279646007e-07,7.620256808986905e-07,7.620310820973508e-07,7.620364832462972e-07,7.620418843491098e-07,7.620472854018716e-07,7.620526864069972e-07,7.620580873628437e-07,7.620634882784928e-07,7.620688891388012e-07,7.620742899507515e-07,7.620796907233622e-07,7.620850914420318e-07,7.620904921078543e-07,7.620958927233201e-07,7.621012932919118e-07,7.621066938129946e-07,7.621120942826505e-07,7.621174947053912e-07,7.621228950786359e-07,7.621282954039717e-07,7.621336956828096e-07,7.621390959153543e-07,7.621444960938135e-07,7.621498962242813e-07,7.621552963041017e-07,7.621606963362576e-07,7.621660963215275e-07,7.621714962563953e-07,7.621768961431291e-07,7.621822959792203e-07,7.621876957693097e-07,7.621930955116865e-07,7.621984952034925e-07,7.622038948477291e-07,7.62209294445603e-07,7.622146940041244e-07,7.622200935023115e-07,7.622254929641464e-07,7.62230892376799e-07,7.622362917333132e-07,7.622416910362933e-07,7.622470902933481e-07,7.62252489498595e-07,7.622578886637508e-07,7.622632877839037e-07,7.622686868459005e-07,7.622740858689037e-07,7.62279484844065e-07,7.62284883758573e-07,7.62290282625761e-07,7.622956814437978e-07,7.623010802201621e-07,7.623064789614013e-07,7.623118776445486e-07,7.623172762708248e-07,7.623226748416782e-07,7.623280733780259e-07,7.623334718554433e-07,7.623388702952717e-07,7.62344268676426e-07,7.623496670189488e-07,7.62355065303592e-07,7.62360463539012e-07,7.623658617263458e-07,7.62371259874669e-07,7.623766579629075e-07,7.623820560153371e-07,7.623874540059759e-07,7.623928519497878e-07,7.62398249844939e-07,7.624036476943964e-07,7.624090454923528e-07,7.624144432422025e-07,7.624198409417302e-07,7.624252385972854e-07,7.624306362105536e-07,7.624360337622656e-07,7.624414312686383e-07,7.62446828737089e-07,7.624522261470683e-07,7.624576235074436e-07,7.624630208287111e-07,7.624684180921173e-07,7.624738153183402e-07,7.624792124789452e-07,7.624846095898687e-07,7.624900066690333e-07,7.624954036891056e-07,7.625008006609583e-07,7.625061975805251e-07,7.625115944647241e-07,7.625169912852022e-07,7.625223880732434e-07,7.625277848022003e-07,7.625331814916962e-07,7.625385781259849e-07,7.625439747074565e-07,7.625493712387467e-07,7.625547677263683e-07,7.625601641678676e-07,7.625655605627759e-07,7.625709569029645e-07,7.625763531934351e-07,7.625817494347577e-07,7.625871456348515e-07,7.625925417864942e-07,7.625979378904171e-07,7.626033339389447e-07,7.626087299390347e-07,7.626141258884107e-07,7.626195217893039e-07,7.626249176541391e-07,7.626303134593566e-07,7.626357092165323e-07,7.626411049340996e-07,7.62646500594171e-07,7.626518962059883e-07,7.626572917761079e-07,7.62662687294645e-07,7.626680827706188e-07,7.626734781923242e-07,7.626788735704072e-07,7.626842688949151e-07,7.626896641662822e-07,7.62695059387051e-07,7.627004545628109e-07,7.627058496880698e-07,7.627112447755396e-07,7.627166398060713e-07,7.627220347947775e-07,7.627274297385636e-07,7.627328246303731e-07,7.627382194530926e-07,7.627436142415382e-07,7.62749008984983e-07,7.627544036763794e-07,7.627597983239316e-07,7.62765192911992e-07,7.627705874516e-07,7.627759819557031e-07,7.627813763882256e-07,7.627867707954754e-07,7.627921651568496e-07,7.627975594566831e-07,7.628029537118015e-07,7.628083479205221e-07,7.628137420748823e-07,7.628191361810478e-07,7.62824530236374e-07,7.628299242448166e-07,7.628353182047453e-07,7.628407121155035e-07,7.62846105978758e-07,7.628514998040235e-07,7.628568935687545e-07,7.628622872809754e-07,7.628676809486191e-07,7.628730745729963e-07,7.628784681443233e-07,7.628838616666397e-07,7.628892551396201e-07,7.628946485599898e-07,7.629000419370556e-07,7.629054352774041e-07,7.629108285512797e-07,7.629162217826796e-07,7.629216149598573e-07,7.629270081037475e-07,7.629324011834358e-07,7.629377942188025e-07,7.629431872185987e-07,7.629485801722197e-07,7.629539730686817e-07,7.629593659157175e-07,7.629647587104439e-07,7.629701514555059e-07,7.629755441601202e-07,7.629809368133544e-07,7.629863294117697e-07,7.629917219632868e-07,7.629971144684927e-07,7.630025069228996e-07,7.630078993402099e-07,7.630132916978076e-07,7.630186840160691e-07,7.630240762543007e-07,7.630294684661691e-07,7.630348606278348e-07,7.630402527514769e-07,7.630456448276687e-07,7.630510368456138e-07,7.630564288113473e-07,7.630618207415523e-07,7.630672126231476e-07,7.630726044458061e-07,7.630779962180592e-07,7.630833879478909e-07,7.63088779620605e-07,7.630941712504606e-07,7.630995628307072e-07,7.631049543766595e-07,7.631103458550674e-07,7.631157372992492e-07,7.631211286951658e-07,7.631265200332134e-07,7.631319113228187e-07,7.631373025546405e-07,7.631426937503935e-07,7.631480849023235e-07,7.631534759995746e-07,7.631588670442717e-07,7.631642580407642e-07,7.631696489864715e-07,7.631750398969484e-07,7.631804307484989e-07,7.631858215647895e-07,7.6319121234075e-07,7.631966030490114e-07,7.63201993715999e-07,7.632073843223149e-07,7.632127748950051e-07,7.632181654027484e-07,7.632235558663003e-07,7.632289462871189e-07,7.632343366535097e-07,7.632397269696913e-07,7.632451172516741e-07,7.632505074811826e-07,7.63255897664359e-07,7.632612877867248e-07,7.632666778623118e-07,7.632720678896087e-07,7.632774578656706e-07,7.632828477949334e-07,7.63288237674581e-07,7.632936275076059e-07,7.632990172894595e-07,7.633044070245991e-07,7.63309796709834e-07,7.633151863453026e-07,7.633205759299977e-07,7.633259654715675e-07,7.633313549622321e-07,7.633367444179343e-07,7.63342133812202e-07,7.633475231563506e-07,7.633529124572242e-07,7.633583017109746e-07,7.633636909137679e-07,7.633690800646526e-07,7.633744691674502e-07,7.633798582331045e-07,7.633852472392626e-07,7.633906361996126e-07,7.633960251095322e-07,7.634014139772204e-07,7.634068028012188e-07,7.63412191575893e-07,7.634175802872777e-07,7.634229689512235e-07,7.634283575661176e-07,7.634337461468545e-07,7.634391346676111e-07,7.634445231446109e-07,7.63449911562679e-07,7.634552999389179e-07,7.634606882664083e-07,7.634660765446061e-07,7.634714647740662e-07,7.634768529570714e-07,7.634822410911746e-07,7.634876291778792e-07,7.634930172141484e-07,7.634984052065447e-07,7.635037931486022e-07,7.635091810413769e-07,7.635145688803347e-07,7.635199566753821e-07,7.635253444315431e-07,7.635307321289781e-07,7.635361197835775e-07,7.635415073852304e-07,7.635468949365224e-07,7.635522824421528e-07,7.635576699076297e-07,7.635630573237066e-07,7.635684446809271e-07,7.635738319884934e-07,7.635792192487904e-07,7.635846064726554e-07,7.635899936421588e-07,7.635953807677574e-07,7.636007678413646e-07,7.636061548722972e-07,7.636115418421583e-07,7.63616928763937e-07,7.636223156342986e-07,7.636277024554645e-07,7.636330892260504e-07,7.636384759555754e-07,7.636438626342648e-07,7.636492492646328e-07,7.636546358568915e-07,7.636600223907397e-07,7.636654088752138e-07,7.636707953134895e-07,7.636761817009484e-07,7.636815680386503e-07,7.636869543290716e-07,7.636923405692958e-07,7.636977267729921e-07,7.637031129280274e-07,7.637084990251556e-07,7.637138850710429e-07,7.637192710721649e-07,7.637246570420158e-07,7.637300429443577e-07,7.637354287964864e-07,7.637408146107834e-07,7.637462003693036e-07,7.63751586087348e-07,7.637569717455088e-07,7.637623573661445e-07,7.637677429293619e-07,7.637731284465775e-07,7.637785139125144e-07,7.63783899328017e-07,7.637892847034487e-07,7.637946700219779e-07,7.638000552914454e-07,7.638054405145447e-07,7.638108256893367e-07,7.638162108134029e-07,7.638215959013546e-07,7.63826980930658e-07,7.638323659213234e-07,7.638377508628159e-07,7.638431357468261e-07,7.638485205932009e-07,7.638539053778944e-07,7.638592901138842e-07,7.638646748018361e-07,7.638700594431105e-07,7.638754440359314e-07,7.63880828591098e-07,7.638862130868668e-07,7.638915975341329e-07,7.638969819322321e-07,7.639023662874864e-07,7.639077505984418e-07,7.639131348483538e-07,7.639185190530719e-07,7.639239031903858e-07,7.639292872996783e-07,7.639346713580148e-07,7.639400553800916e-07,7.639454393501822e-07,7.639508232588318e-07,7.639562071240793e-07,7.639615909391381e-07,7.639669747076438e-07,7.639723584256103e-07,7.639777420995704e-07,7.639831257320468e-07,7.639885093062591e-07,7.639938928316437e-07,7.639992763100199e-07,7.640046597504519e-07,7.640100431302199e-07,7.640154264589623e-07,7.640208097372459e-07,7.640261929703582e-07,7.640315761633967e-07,7.640369592991695e-07,7.640423423906831e-07,7.640477254298915e-07,7.640531084228304e-07,7.640584913667922e-07,7.640638742622209e-07,7.64069257108172e-07,7.640746399066249e-07,7.640800226565953e-07,7.640854053579152e-07,7.640907880091981e-07,7.640961706099365e-07,7.641015531713539e-07,7.641069356778561e-07,7.641123181467905e-07,7.641177005575251e-07,7.641230829188562e-07,7.641284652315564e-07,7.641338474954853e-07,7.641392297139564e-07,7.641446118813223e-07,7.641499939957825e-07,7.641553760694629e-07,7.64160758103522e-07,7.641661400869354e-07,7.641715220154996e-07,7.641769039012883e-07,7.641822857294267e-07,7.641876675097425e-07,7.641930492414518e-07,7.641984309241959e-07,7.642038125581054e-07,7.642091941443545e-07,7.642145756882815e-07,7.642199571789809e-07,7.642253386203364e-07,7.642307200138733e-07,7.642361013703634e-07,7.642414826659106e-07,7.642468639188742e-07,7.642522451167902e-07,7.642576262662421e-07,7.64263007367235e-07,7.642683884194273e-07,7.642737694370787e-07,7.642791504036311e-07,7.642845313217202e-07,7.642899121795982e-07,7.642952929897858e-07,7.64300673759325e-07,7.643060544792733e-07,7.643114351510734e-07,7.643168157684307e-07,7.643221963374344e-07,7.643275768568247e-07,7.643329573024897e-07,7.643383377255198e-07,7.643437181029134e-07,7.643490984389947e-07,7.643544787171064e-07,7.643598589472039e-07,7.643652391327716e-07,7.643706192650005e-07,7.64375999348869e-07,7.643813793897005e-07,7.643867593765296e-07,7.643921393152307e-07,7.643975192147877e-07,7.644028990567894e-07,7.644082788562054e-07,7.644136586063053e-07,7.644190383043999e-07,7.644244179539722e-07,7.64429797556228e-07,7.644351771068794e-07,7.644405566118312e-07,7.644459360738112e-07,7.644513154774196e-07,7.644566948346596e-07,7.644620741534228e-07,7.64467453396914e-07,7.644728326084036e-07,7.644782117696675e-07,7.644835908842333e-07,7.644889699503181e-07,7.644943489671707e-07,7.644997279304833e-07,7.64505106850362e-07,7.645104857217943e-07,7.645158645440144e-07,7.645212433188508e-07,7.64526622056154e-07,7.645320007288248e-07,7.645373793563772e-07,7.645427579398064e-07,7.645481364826363e-07,7.645535149669154e-07,7.645588934033458e-07,7.645642718032252e-07,7.645696501411358e-07,7.645750284223425e-07,7.645804066646549e-07,7.645857848584917e-07,7.645911630084615e-07,7.645965411079758e-07,7.64601919158559e-07,7.646072971663805e-07,7.646126750953053e-07,7.646180529995664e-07,7.646234308542193e-07,7.646288086625231e-07,7.646341864226723e-07,7.646395641302523e-07,7.646449417896933e-07,7.646503194024503e-07,7.646556969644709e-07,7.646610744795692e-07,7.646664519460776e-07,7.646718293652224e-07,7.646772067379235e-07,7.646825840596716e-07,7.646879613335574e-07,7.646933385648673e-07,7.646987157453236e-07,7.647040928491446e-07,7.647094699297816e-07,7.647148469608572e-07,7.647202239529485e-07,7.64725600889342e-07,7.647309777755587e-07,7.647363546112618e-07,7.647417314001201e-07,7.647471081405394e-07,7.647524848333027e-07,7.647578614904617e-07,7.647632380923825e-07,7.647686146452414e-07,7.647739911428978e-07,7.647793676024701e-07,7.647847440067334e-07,7.647901203579922e-07,7.647954966650001e-07,7.64800872924871e-07,7.648062491304193e-07,7.648116252893143e-07,7.648170013997852e-07,7.648223774619073e-07,7.648277534733511e-07,7.648331294382115e-07,7.64838505355172e-07,7.648438812242251e-07,7.648492570426191e-07,7.648546328126585e-07,7.64860008536143e-07,7.648653842076919e-07,7.648707598300797e-07,7.648761354030726e-07,7.648815109306556e-07,7.648868864206959e-07,7.648922618533105e-07,7.648976372354752e-07,7.649030125726586e-07,7.649083878708415e-07,7.649137631078849e-07,7.649191382946621e-07,7.649245134455864e-07,7.649298885493815e-07,7.649352636039058e-07,7.649406385989302e-07,7.649460135465252e-07,7.649513884470877e-07,7.64956763299745e-07,7.649621381032836e-07,7.649675128579444e-07,7.649728875829238e-07,7.649782622410418e-07,7.649836368568447e-07,7.649890114182684e-07,7.649943859318786e-07,7.649997603989525e-07,7.650051348098112e-07,7.650105091780609e-07,7.65015883496567e-07,7.650212577755874e-07,7.650266319975146e-07,7.650320061706723e-07,7.650373802952401e-07,7.650427543780988e-07,7.650481284100634e-07,7.650535023911054e-07,7.650588763225065e-07,7.650642502057119e-07,7.650696240385826e-07,7.650749978230575e-07,7.650803715619089e-07,7.650857452492017e-07,7.650911188889366e-07,7.65096492487183e-07,7.651018660293091e-07,7.651072395277757e-07,7.651126129767038e-07,7.651179863848796e-07,7.651233597370522e-07,7.651287330337161e-07,7.651341062872474e-07,7.651394794999931e-07,7.651448526574781e-07,7.651502257697614e-07,7.651555988312275e-07,7.651609718423508e-07,7.65166344806226e-07,7.651717177206674e-07,7.651770905868886e-07,7.651824634040115e-07,7.651878361839879e-07,7.651932089133577e-07,7.651985815862968e-07,7.652039542087776e-07,7.652093267865663e-07,7.652146993182077e-07,7.652200717955652e-07,7.652254442253549e-07,7.652308166093482e-07,7.652361889426044e-07,7.652415612278811e-07,7.652469334629903e-07,7.652523056550223e-07,7.652576777902017e-07,7.652630498835993e-07,7.652684219269908e-07,7.652737939332391e-07,7.652791658898116e-07,7.652845377973057e-07,7.652899096464853e-07,7.652952814476942e-07,7.653006531987941e-07,7.653060249031903e-07,7.653113965574114e-07,7.653167681658732e-07,7.653221397244535e-07,7.653275112446609e-07,7.653328827061892e-07,7.653382541231319e-07,7.653436254930474e-07,7.653489968107255e-07,7.653543680812155e-07,7.653597393021816e-07,7.653651104742339e-07,7.653704815946194e-07,7.653758526603777e-07,7.653812236900418e-07,7.653865946790726e-07,7.653919656075443e-07,7.653973364951746e-07,7.654027073058591e-07,7.654080780906321e-07,7.654134488293614e-07,7.654188195188202e-07,7.654241901582605e-07,7.6542956075993e-07,7.654349313032303e-07,7.654403017927114e-07,7.654456722354483e-07,7.654510426406632e-07,7.654564130003811e-07,7.654617833037733e-07,7.654671535566831e-07,7.654725237698754e-07,7.654778939234582e-07,7.654832640326095e-07,7.654886340911295e-07,7.654940040851507e-07,7.654993740472724e-07,7.655047439627456e-07,7.655101138287172e-07,7.655154836457152e-07,7.655208534137973e-07,7.655262231307648e-07,7.655315928019746e-07,7.655369624253975e-07,7.655423320040563e-07,7.655477015379118e-07,7.655530709922995e-07,7.65558440422075e-07,7.655638097992433e-07,7.655691791301314e-07,7.655745484240328e-07,7.655799176603901e-07,7.655852868472484e-07,7.655906559872835e-07,7.655960250852662e-07,7.656013941279517e-07,7.656067631212592e-07,7.656121320654016e-07,7.656175009582481e-07,7.656228698181559e-07,7.656282386173189e-07,7.656336073695938e-07,7.656389760735988e-07,7.656443447330291e-07,7.656497133402023e-07,7.656550819026454e-07,7.656604504114277e-07,7.656658188729935e-07,7.656711872964241e-07,7.656765556623597e-07,7.656819239843172e-07,7.656872922482405e-07,7.656926604675515e-07,7.656980286523221e-07,7.65703396774884e-07,7.65708764848584e-07,7.657141328735609e-07,7.657195008625102e-07,7.657248687677969e-07,7.65730236649781e-07,7.657356044828329e-07,7.65740972265924e-07,7.657463400003244e-07,7.657517076884311e-07,7.657570753277406e-07,7.657624429195635e-07,7.657678104695287e-07,7.657731779656658e-07,7.657785454175335e-07,7.657839128135786e-07,7.657892801700798e-07,7.657946474706048e-07,7.658000147215611e-07,7.658053819276648e-07,7.658107490776365e-07,7.658161161845062e-07,7.658214832416723e-07,7.6582685025251e-07,7.658322172149726e-07,7.658375841283812e-07,7.658429509941033e-07,7.658483178119952e-07,7.658536845894829e-07,7.658590512966735e-07,7.65864417968922e-07,7.658697845911031e-07,7.658751511669793e-07,7.658805176942709e-07,7.658858841730364e-07,7.658912506040205e-07,7.658966170014174e-07,7.659019833343462e-07,7.659073496267488e-07,7.659127158637709e-07,7.659180820521825e-07,7.659234482032655e-07,7.659288142964165e-07,7.659341803195973e-07,7.659395463147437e-07,7.65944912261516e-07,7.65950278169547e-07,7.659556440288216e-07,7.65961009829702e-07,7.65966375592368e-07,7.659717412979609e-07,7.659771069580239e-07,7.659824725660183e-07,7.659878381312351e-07,7.659932036493529e-07,7.659985691227269e-07,7.660039345365166e-07,7.660092999044819e-07,7.660146652337782e-07,7.660200305147984e-07,7.660253957387552e-07,7.660307609104762e-07,7.660361260414113e-07,7.660414911172419e-07,7.660468561526098e-07,7.660522211319113e-07,7.660575860619469e-07,7.660629509448024e-07,7.660683157793459e-07,7.660736805662678e-07,7.660790452987624e-07,7.660844099985796e-07,7.660897746435457e-07,7.660951392467403e-07,7.66100503801918e-07,7.661058682997739e-07,7.661112327540097e-07,7.661165971523268e-07,7.661219615129254e-07,7.661273258138292e-07,7.661326900685098e-07,7.661380542726603e-07,7.661434184394609e-07,7.661487825581147e-07,7.661541466173326e-07,7.661595106313439e-07,7.661648745938863e-07,7.661702385098323e-07,7.661756023831987e-07,7.661809662066901e-07,7.661863299871683e-07,7.661916937102963e-07,7.661970573824409e-07,7.662024210171865e-07,7.662077845941786e-07,7.662131481253942e-07,7.662185116066381e-07,7.66223875036006e-07,7.662292384205625e-07,7.662346017563068e-07,7.662399650442437e-07,7.662453283026742e-07,7.662506914972307e-07,7.66256054644494e-07,7.662614177474232e-07,7.662667807930876e-07,7.66272143795676e-07,7.66277506751577e-07,7.662828696528489e-07,7.662882325051744e-07,7.662935953095434e-07,7.662989580784707e-07,7.663043207895853e-07,7.663096834509474e-07,7.663150460672417e-07,7.663204086291006e-07,7.663257711463825e-07,7.663311336154306e-07,7.663364960332798e-07,7.663418584067995e-07,7.663472207257731e-07,7.663525830004793e-07,7.663579452262905e-07,7.663633074061877e-07,7.66368669541846e-07,7.663740316227388e-07,7.663793936533651e-07,7.663847556351765e-07,7.663901175542663e-07,7.663954794399502e-07,7.664008412767474e-07,7.664062030730922e-07,7.66411564796991e-07,7.66416926479907e-07,7.664222881228382e-07,7.664276497172495e-07,7.664330112735346e-07,7.664383727710533e-07,7.664437342293977e-07,7.664490956317137e-07,7.664544569857728e-07,7.664598182894924e-07,7.664651795461631e-07,7.664705407588658e-07,7.66475901925985e-07,7.664812630317503e-07,7.664866240953077e-07,7.664919851059251e-07,7.664973460685583e-07,7.665027069866888e-07,7.665080678627998e-07,7.665134286836525e-07,7.665187894604045e-07,7.665241501861589e-07,7.665295108684922e-07,7.66534871492642e-07,7.665402320717153e-07,7.665455926024659e-07,7.665509530868946e-07,7.665563135304479e-07,7.665616739206856e-07,7.665670342688344e-07,7.665723945579875e-07,7.665777548003761e-07,7.665831149945301e-07,7.665884751394638e-07,7.665938352353725e-07,7.665991952788744e-07,7.66604555279374e-07,7.666099152320596e-07,7.666152751452228e-07,7.666206350012215e-07,7.666259947876686e-07,7.666313545463317e-07,7.666367142579245e-07,7.666420739211665e-07,7.666474335156445e-07,7.666527930604122e-07,7.666581525780833e-07,7.666635120580173e-07,7.666688714770026e-07,7.666742308380289e-07,7.666795901646366e-07,7.666849494490542e-07,7.66690308677148e-07,7.666956678631568e-07,7.667010269924016e-07,7.667063860751682e-07,7.667117451101583e-07,7.667171040965103e-07,7.667224630439461e-07,7.667278219445019e-07,7.667331807963669e-07,7.667385395888855e-07,7.667438983355329e-07,7.667492570363549e-07,7.667546156834405e-07,7.667599742785869e-07,7.6676533283414e-07,7.66770691339832e-07,7.66776049804104e-07,7.667814082102432e-07,7.667867665684658e-07,7.667921248810964e-07,7.667974831477653e-07,7.66802841361249e-07,7.668081995292459e-07,7.668135576554631e-07,7.668189157320641e-07,7.668242737515259e-07,7.668296317217251e-07,7.668349896554199e-07,7.668403475430864e-07,7.668457053713005e-07,7.668510631499943e-07,7.66856420885197e-07,7.668617785716317e-07,7.668671362079057e-07,7.668724937938042e-07,7.668778513300568e-07,7.668832088006899e-07,7.668885662458236e-07,7.668939236489241e-07,7.668992809930265e-07,7.669046382923572e-07,7.669099955461308e-07,7.66915352751733e-07,7.669207099022758e-07,7.669260670044839e-07,7.669314240659252e-07,7.669367810718379e-07,7.669421380394887e-07,7.669474949531313e-07,7.669528518142267e-07,7.669582086303364e-07,7.669635653985034e-07,7.669689221150448e-07,7.669742787846293e-07,7.669796354024428e-07,7.66984991974229e-07,7.669903484970841e-07,7.669957049703899e-07,7.670010613961429e-07,7.670064177726112e-07,7.670117741030426e-07,7.67017130375299e-07,7.670224866085282e-07,7.670278427942146e-07,7.670331989254188e-07,7.670385550137767e-07,7.670439110450035e-07,7.670492670367737e-07,7.670546229822361e-07,7.670599788880692e-07,7.670653347356043e-07,7.670706905389385e-07,7.670760462910158e-07,7.670814019879927e-07,7.670867576421543e-07,7.67092113245924e-07,7.670974688040056e-07,7.671028243129147e-07,7.671081797635837e-07,7.671135351864235e-07,7.671188905504788e-07,7.671242458667562e-07,7.67129601135314e-07,7.671349563524908e-07,7.671403115234116e-07,7.671456666463016e-07,7.671510217235848e-07,7.671563767554061e-07,7.671617317314617e-07,7.671670866628634e-07,7.671724415436211e-07,7.671777963798641e-07,7.671831511721144e-07,7.671885059142028e-07,7.671938606123358e-07,7.671992152501191e-07,7.672045698504299e-07,7.672099244015616e-07,7.672152789071447e-07,7.672206333642799e-07,7.672259877529457e-07,7.67231342087335e-07,7.672366963894875e-07,7.672420506424147e-07,7.672474048482685e-07,7.672527590078809e-07,7.672581131188242e-07,7.672634671873837e-07,7.672688211992978e-07,7.672741751465257e-07,7.672795290617705e-07,7.672848829344193e-07,7.672902367530827e-07,7.672955905275435e-07,7.673009442501576e-07,7.673062979292396e-07,7.673116515553075e-07,7.673170051382837e-07,7.673223586678081e-07,7.673277121473081e-07,7.673330655894703e-07,7.673384189741946e-07,7.673437723090185e-07,7.673491255959019e-07,7.673544788483849e-07,7.673598320226837e-07,7.673651851769791e-07,7.673705382797951e-07,7.673758913336852e-07,7.673812443317971e-07,7.673865972815029e-07,7.673919501839495e-07,7.67397303038989e-07,7.674026558507153e-07,7.674080086103128e-07,7.674133613282275e-07,7.674187139950722e-07,7.67424066617712e-07,7.674294191819078e-07,7.674347717064804e-07,7.674401241734227e-07,7.674454765932731e-07,7.674508289673059e-07,7.674561812915757e-07,7.67461533565479e-07,7.674668857919016e-07,7.674722379718894e-07,7.674775901084266e-07,7.674829421988775e-07,7.674882942322055e-07,7.67493646220671e-07,7.67498998158041e-07,7.675043500448426e-07,7.675097018851216e-07,7.675150536887786e-07,7.675204054318086e-07,7.675257571226969e-07,7.675311087652836e-07,7.67536460365858e-07,7.675418119178963e-07,7.675471634240488e-07,7.675525148793298e-07,7.675578662930373e-07,7.675632176542157e-07,7.675685689630067e-07,7.675739202145194e-07,7.675792714366992e-07,7.675846225960833e-07,7.67589973710848e-07,7.675953247773698e-07,7.676006757642938e-07,7.676060267269062e-07,7.67611377655657e-07,7.676167285370405e-07,7.676220793588219e-07,7.676274301379446e-07,7.676327808684059e-07,7.676381315489553e-07,7.676434821627786e-07,7.676488327488721e-07,7.676541832855255e-07,7.676595337747409e-07,7.676648842157071e-07,7.676702346140176e-07,7.67675584958347e-07,7.676809352520882e-07,7.676862855005922e-07,7.676916357002993e-07,7.676969858511593e-07,7.67702335960119e-07,7.677076860135162e-07,7.677130360270787e-07,7.677183859884939e-07,7.677237358988157e-07,7.677290857663617e-07,7.677344355846387e-07,7.677397853484017e-07,7.677451350656997e-07,7.677504847390899e-07,7.677558343577632e-07,7.677611839440653e-07,7.677665334814981e-07,7.677718829565685e-07,7.677772323837706e-07,7.677825817632446e-07,7.677879311039824e-07,7.677932803975849e-07,7.677986296413038e-07,7.678039788347266e-07,7.678093279674739e-07,7.678146770567716e-07,7.67820026098714e-07,7.678253750925027e-07,7.678307240362098e-07,7.678360729357777e-07,7.678414217816204e-07,7.678467705855191e-07,7.678521193332419e-07,7.678574680358152e-07,7.67862816701478e-07,7.678681653098467e-07,7.678735138678382e-07,7.678788623811709e-07,7.678842108524535e-07,7.678895592731601e-07,7.678949076458997e-07,7.679002559716946e-07,7.679056042446918e-07,7.679109524740805e-07,7.679163006526288e-07,7.679216487775722e-07,7.679269968580696e-07,7.679323448839509e-07,7.679376928691384e-07,7.679430408045424e-07,7.679483886664081e-07,7.679537365031689e-07,7.679590842949427e-07,7.679644320365134e-07,7.679697797279646e-07,7.679751273622575e-07,7.679804749573237e-07,7.67985822504161e-07,7.679911700026016e-07,7.679965174529143e-07,7.680018648493237e-07,7.680072122089974e-07,7.680125595160053e-07,7.680179067731835e-07,7.680232539696063e-07,7.680286011395319e-07,7.680339482628552e-07,7.680392953253781e-07,7.680446423416845e-07,7.680499893129295e-07,7.680553362457035e-07,7.680606831195015e-07,7.680660299462414e-07,7.680713767251672e-07,7.680767234513848e-07,7.68082070137641e-07,7.680874167687636e-07,7.680927633526466e-07,7.680981098906245e-07,7.68103456362003e-07,7.681088027995772e-07,7.681141491904047e-07,7.681194955387277e-07,7.681248418285338e-07,7.681301880764751e-07,7.681355342698851e-07,7.681408804165229e-07,7.681462265172485e-07,7.681515725723352e-07,7.681569185754687e-07,7.681622645327021e-07,7.681676104382745e-07,7.681729563014967e-07,7.68178302112345e-07,7.681836478836742e-07,7.681889935987392e-07,7.681943392523582e-07,7.681996848699146e-07,7.682050304423456e-07,7.682103759633165e-07,7.682157214379038e-07,7.682210668635365e-07,7.68226412240651e-07,7.682317575741432e-07,7.682371028552019e-07,7.682424480826196e-07,7.682477932681524e-07,7.682531384023077e-07,7.682584834894674e-07,7.682638285292879e-07,7.68269173518107e-07,7.682745184708592e-07,7.682798633662834e-07,7.682852082135298e-07,7.682905530120008e-07,7.682958977626873e-07,7.683012424650655e-07,7.683065871194584e-07,7.683119317270208e-07,7.683172762850109e-07,7.683226207957812e-07,7.683279652609368e-07,7.683333096771441e-07,7.683386540408624e-07,7.683439983675368e-07,7.683493426353372e-07,7.683546868543844e-07,7.683600310262202e-07,7.683653751535557e-07,7.683707192277027e-07,7.683760632549025e-07,7.68381407232555e-07,7.683867511653339e-07,7.683920950470884e-07,7.683974388798324e-07,7.684027826689692e-07,7.684081264063314e-07,7.684134700973803e-07,7.684188137393887e-07,7.684241573342697e-07,7.684295008799943e-07,7.684348443757407e-07,7.684401878312806e-07,7.684455312318396e-07,7.684508745857976e-07,7.684562178894963e-07,7.684615611547665e-07,7.684669043609375e-07,7.684722475235667e-07,7.684775906394665e-07,7.684829337047044e-07,7.684882767208859e-07,7.684936196880083e-07,7.684989626086255e-07,7.685043054827409e-07,7.685096483111371e-07,7.685149910872406e-07,7.685203338132694e-07,7.685256764900794e-07,7.685310191200867e-07,7.685363617023986e-07,7.6854170423561e-07,7.685470466961679e-07,7.685523891333535e-07,7.685577315239405e-07,7.685630738639351e-07,7.685684161561794e-07,7.685737584024356e-07,7.685791005973583e-07,7.685844427455493e-07,7.685897848445804e-07,7.685951268905407e-07,7.686004688904465e-07,7.686058108456393e-07,7.686111527506787e-07,7.68616494613584e-07,7.686218364239285e-07,7.686271781880123e-07,7.686325199057546e-07,7.686378615775556e-07,7.686432031952403e-07,7.686485447743766e-07,7.686538862992854e-07,7.686592277727745e-07,7.686645691977287e-07,7.686699105734905e-07,7.686752518825035e-07,7.686805931640274e-07,7.686859344098038e-07,7.686912755930956e-07,7.686966167295593e-07,7.687019578159922e-07,7.687072988455403e-07,7.68712639831371e-07,7.687179807752841e-07,7.687233216712107e-07,7.687286625180263e-07,7.687340033149548e-07,7.687393440696733e-07,7.687446847768457e-07,7.687500254304525e-07,7.687553660343607e-07,7.687607065915742e-07,7.687660471006739e-07,7.687713875625494e-07,7.687767279716356e-07,7.687820683416132e-07,7.687874086647951e-07,7.687927489429196e-07,7.687980891617151e-07,7.688034293364184e-07,7.688087694614879e-07,7.68814109537761e-07,7.688194495651026e-07,7.688247895431049e-07,7.688301294799838e-07,7.68835469363338e-07,7.688408091985884e-07,7.688461489875162e-07,7.688514887257058e-07,7.688568284168041e-07,7.688621680662293e-07,7.688675076605792e-07,7.688728472105895e-07,7.688781867075819e-07,7.688835261619556e-07,7.688888655641394e-07,7.688942049146636e-07,7.688995442242108e-07,7.68904883479658e-07,7.689102226882972e-07,7.689155618536754e-07,7.6892090096843e-07,7.689262400355645e-07,7.689315790502683e-07,7.689369180184823e-07,7.689422569383963e-07,7.689475958103791e-07,7.689529346370764e-07,7.689582734237652e-07,7.68963612149728e-07,7.689689508338115e-07,7.689742894722297e-07,7.689796280569273e-07,7.689849665909988e-07,7.689903050776088e-07,7.689956435198397e-07,7.690009819100991e-07,7.69006320252237e-07,7.690116585463688e-07,7.690169967901359e-07,7.690223349885401e-07,7.690276731347346e-07,7.690330112388955e-07,7.690383492917871e-07,7.690436872969885e-07,7.690490252535578e-07,7.690543631679716e-07,7.690597010285433e-07,7.690650388454265e-07,7.690703766202782e-07,7.690757143323468e-07,7.69081052011237e-07,7.690863896292971e-07,7.690917272009353e-07,7.6909706471956e-07,7.691024021949153e-07,7.691077396278878e-07,7.691130770003341e-07,7.69118414335247e-07,7.691237516251603e-07,7.691290888677925e-07,7.691344260656829e-07,7.691397632058643e-07,7.691451002954717e-07,7.69150437338586e-07,7.691557743325424e-07,7.69161111287913e-07,7.69166448184707e-07,7.691717850436332e-07,7.691771218451987e-07,7.691824585770189e-07,7.691877952800755e-07,7.691931319369041e-07,7.691984685545982e-07,7.692038051158752e-07,7.692091416265545e-07,7.69214478093519e-07,7.692198145096276e-07,7.69225150882446e-07,7.692304871991102e-07,7.692358234858386e-07,7.692411597131882e-07,7.692464958885802e-07
12,4.376989439143585e-86,9.826361759717186e-85,4.454015860064337e-84,1.2911924414579596e-83,3.2307349032295987e-83,7.029267282239231e-83,1.3810285049192788e-82,2.5142623668182748e-82,4.312351135103162e-82,7.047979166788569e-82,1.1067703765239951e-81,1.6803658084487883e-81,2.478605028042613e-81,3.5656464924254394e-81,5.018197312607909e-81,6.927005767623647e-81,9.39843589834872e-81,1.2556124686543056e-80,1.6542722239445288e-80,2.152171531524844e-80,2.767933444040379e-80,3.522654479966915e-80,4.440112100379411e-80,5.546980579598332e-80,6.873055270391279e-80,8.451485260155904e-80,1.0319014414011265e-79,1.2516230794873718e-79,1.508782445243258e-79,1.8082853570979143e-79,2.1555018962682726e-79,2.5562946898734426e-79,3.017048026361251e-79,3.544697802299332e-79,4.146762299378765e-79,4.8313737905747005e-79,5.607310974505405e-79,6.484032237034373e-79,7.471709738708013e-79,8.581264328102778e-79,9.824401279083605e-79,1.1213646852085427e-78,1.2762385678027398e-78,1.4484898964031285e-78,1.6396403521492438e-78,1.851309161308245e-78,2.0852171620956094e-78,2.3431909533719867e-78,2.6271671251948687e-78,2.9391965711000474e-78,3.28144888219541e-78,3.65621682278899e-78,4.0659208878008436e-78,4.513113941391826e-78,5.000485937362267e-78,5.530868720685469e-78,6.10724091063574e-78,6.732732864872381e-78,7.41063172500954e-78,8.14438654318546e-78,8.937613489629694e-78,9.7941011414985e-78,1.0717815852283557e-77,1.171290720268333e-77,1.278371353143585e-77,1.3934767547959563e-77,1.517080202464838e-77,1.64967555705876e-77,1.7917778485462605e-77,1.943923869399071e-77,2.1066727760948376e-77,2.280606698641153e-77,2.4663313581383736e-77,2.6644766923663636e-77,2.8756974893952934e-77,3.1006740292066615e-77,3.3401127332878264e-77,3.594746822322787e-77,3.8653369817202e-77,4.152672035289136e-77,4.457569626801372e-77,4.780876909519929e-77,5.123471243762917e-77,5.4862609024066996e-77,5.87018578427412e-77,6.276218135556997e-77,6.705363279173959e-77,7.158660351998089e-77,7.637183050095026e-77,8.142040381817598e-77,8.674377428866614e-77,9.23537611526271e-77,9.826255984138815e-77,1.0448274982582638e-76,1.1102730254239337e-76,1.1790958939790433e-76,1.2514338985537811e-76,1.3274289959487272e-76,1.4072273875669735e-76,1.4909796025999156e-76,1.5788405820352325e-76,1.670969763408489e-76,1.767531166365161e-76,1.868693479011214e-76,1.9746301450197746e-76,2.0855194515439744e-76,2.2015446179084128e-76,2.3228938850672426e-76,2.4497606058571535e-76,2.5823433360246233e-76,2.720845926034216e-76,2.8654776136604896e-76,3.016453117346322e-76,3.173992730321463e-76,3.338322415569342e-76,3.509673901478353e-76,3.688284778343102e-76,3.874398595569738e-76,4.068264959740834e-76,4.270139633374929e-76,4.480284634496814e-76,4.698968337007882e-76,4.9264655717361725e-76,5.1630577283796596e-76,5.4090328581236935e-76,5.664685777043229e-76,5.930318170343393e-76,6.206238697303168e-76,6.4927630969534e-76,6.790214294655207e-76,7.098922509313583e-76,7.419225361385731e-76,7.751467981718913e-76,8.096003121122015e-76,8.453191260593629e-76,8.823400722532295e-76,9.20700778252216e-76,9.604396781959863e-76,1.0015960241396202e-75,1.0442098974717691e-75,1.0883222204068964e-75,1.1339747675409858e-75,1.1812101775025001e-75,1.230071964669253e-75,1.2806045309537572e-75,1.332853177685882e-75,1.3868641175442204e-75,1.442684486587319e-75,1.500362356343226e-75,1.5599467459845368e-75,1.6214876345748154e-75,1.6850359733915926e-75,1.750643698322542e-75,1.8183637423434986e-75,1.8882500480627634e-75,1.960357580343789e-75,2.03474233901231e-75,2.1114613716129295e-75,2.190572786284612e-75,2.272135764658328e-75,2.356210574868025e-75,2.4428585846309785e-75,2.5321422743795084e-75,2.6241252504995035e-75,2.718872258618405e-75,2.8164491969821116e-75,2.9169231298939817e-75,3.0203623012517575e-75,3.126836148126265e-75,3.2364153144491063e-75,3.3491716647269084e-75,3.4651782979035094e-75,3.5845095612153943e-75,3.707241064165847e-75,3.8334496925913057e-75,3.96321362274115e-75,4.09661233549091e-75,4.2337266305858303e-75,4.374638640996195e-75,4.519431847316738e-75,4.668191092252092e-75,4.821002595177431e-75,4.977953966754692e-75,5.139134223672609e-75,5.304633803375267e-75,5.474544578960455e-75,5.648959874078363e-75,5.827974477919364e-75,6.011684660329599e-75,6.200188186907647e-75,6.393584334250807e-75,6.591973905226179e-75,6.79545924435468e-75,7.004144253238887e-75,7.21813440605805e-75,7.437536765177435e-75,7.66245999677674e-75,7.893014386610596e-75,8.129311855761737e-75,8.371465976563436e-75,8.619591988512349e-75,8.873806814309612e-75,9.134229075913112e-75,9.400979110744665e-75,9.674178987930515e-75,9.953952524512993e-75,1.024042530196605e-74,1.0533724682566178e-74,1.0833979825920186e-74,1.1141321705571522e-74,1.145588312567734e-74,1.1777798737732912e-74,1.2107205057416394e-74,1.2444240481387735e-74,1.278904530434848e-74,1.314176173603248e-74,1.3502533918254372e-74,1.3871507942103676e-74,1.424883186525236e-74,1.4634655729167544e-74,1.5029131576589884e-74,1.5432413468887265e-74,1.584465750366577e-74,1.6266021832352584e-74,1.6696666677805658e-74,1.7136754352142785e-74,1.7586449274473788e-74,1.804591798884997e-74,1.8515329182130396e-74,1.8994853702100074e-74,1.9484664575534167e-74,1.9984937026313297e-74,2.049584849372844e-74,2.1017578650732225e-74,2.1550309422369334e-74,2.209422500417166e-74,2.2649511880716034e-74,2.3216358844203762e-74,2.379495701312767e-74,2.4385499850927203e-74,2.498818318492394e-74,2.5603205225077366e-74,2.623076658296281e-74,2.687107029083248e-74,2.7524321820543443e-74,2.819072910292822e-74,2.8870502546834793e-74,2.956385505846712e-74,3.027100206080827e-74,3.099216151296089e-74,3.1727553929661577e-74,3.2477402400951745e-74,3.3241932611660355e-74,3.402137286119922e-74,3.481595408336151e-74,3.562590986613685e-74,3.645147647155677e-74,3.7292892855857025e-74,3.815040068934275e-74,3.9024244376598626e-74,3.991467107667205e-74,4.0821930723448046e-74,4.174627604573909e-74,4.268796258787114e-74,4.3647248730079364e-74,4.462439570911439e-74,4.561966763877925e-74,4.663333153060269e-74,4.766565731461005e-74,4.871691786013737e-74,4.978738899679242e-74,5.087734953513161e-74,5.198708128808577e-74,5.311686909167888e-74,5.4267000826419224e-74,5.5437767438366085e-74,5.662946296052306e-74,5.784238453416034e-74,5.9076832430287025e-74,6.033311007104605e-74,6.161152405137289e-74,6.291238416059845e-74,6.423600340419525e-74,6.558269802538186e-74,6.6952787527164785e-74,6.834659469414027e-74,6.976444561442675e-74,7.120666970180192e-74,7.267359971773662e-74,7.41655717936349e-74,7.56829254529876e-74,7.722600363375911e-74,7.879515271065551e-74,8.03907225178084e-74,8.201306637090767e-74,8.366254109016861e-74,8.53395070227423e-74,8.70443280654316e-74,8.877737168764908e-74,9.053900895410778e-74,9.232961454766319e-74,9.414956679255412e-74,9.599924767713069e-74,9.787904287739249e-74,9.978934177960809e-74,1.0173053750404002e-73,1.0370302692802709e-73,1.0570721070949835e-73,1.0774349331022102e-73,1.0981228301964673e-73,1.1191399197796632e-73,1.1404903620044708e-73,1.1621783560051092e-73,1.1842081401380975e-73,1.206583992221167e-73,1.2293102297711006e-73,1.2523912102440388e-73,1.275831331275945e-73,1.2996350309232888e-73,1.3238067879058827e-73,1.348351121847761e-73,1.3732725935219359e-73,1.3985758050929558e-73,1.424265400360212e-73,1.4503460650069148e-73,1.476822526840451e-73,1.5036995560441288e-73,1.5309819654199777e-73,1.5586746106382796e-73,1.586782390486564e-73,1.6153102471163124e-73,1.644263166295375e-73,1.6736461776554523e-73,1.7034643549463477e-73,1.7337228162827192e-73,1.7644267244020677e-73,1.7955812869119496e-73,1.827191756550395e-73,1.859263431431727e-73,1.8918016553088286e-73,1.9248118178246408e-73,1.9582993547668078e-73,1.992269748330393e-73,2.026728527370975e-73,2.0616812676611738e-73,2.097133592153622e-73,2.1330911712386987e-73,2.1695597230046334e-73,2.206545013494867e-73,2.2440528569764348e-73,2.282089116192817e-73,2.320659702638494e-73,2.3597705768066283e-73,2.3994277484675555e-73,2.439637276925383e-73,2.4804052712839272e-73,2.5217378907150236e-73,2.563641344723267e-73,2.6061218934125888e-73,2.6491858477536993e-73,2.6928395698562487e-73,2.7370894732337238e-73,2.7819420230737227e-73,2.8274037365072076e-73,2.873481182885117e-73,2.92018098404216e-73,2.967509814573492e-73,3.015474402108136e-73,3.064081527580643e-73,3.1133380255021996e-73,3.163250784244261e-73,3.213826746302753e-73,3.2650729085827206e-73,3.316996322671219e-73,3.369604095112325e-73,3.4229033876919146e-73,3.476901417708497e-73,3.531605458258237e-73,3.5870228385125043e-73,3.643160943993922e-73,3.700027216866209e-73,3.757629156206569e-73,3.8159743182987665e-73,3.875070316901239e-73,3.9349248235459937e-73,3.9955455678148616e-73,4.056940337622778e-73,4.119116979505167e-73,4.1820833989104704e-73,4.24584756047147e-73,4.310417488307585e-73,4.3758012663095375e-73,4.442007038415574e-73,4.5090430089206636e-73,4.5769174427501156e-73,4.645638665758509e-73,4.715215065014192e-73,4.7856550891009494e-73,4.8569672483955756e-73,4.9291601153768314e-73,5.002242324910205e-73,5.076222574533595e-73,5.151109624776017e-73,5.2269122994219854e-73,5.303639485838251e-73,5.3813001352487e-73,5.4599032630390564e-73,5.53945794905405e-73,5.619973337895806e-73,5.701458639226745e-73,5.783923128060205e-73,5.867376145071506e-73,5.951827096887221e-73,6.037285456395608e-73,6.123760763045878e-73,6.211262623149904e-73,6.299800710190949e-73,6.38938476511365e-73,6.480024596647111e-73,6.571730081591689e-73,6.664511165143509e-73,6.75837786118536e-73,6.853340252599062e-73,6.949408491577193e-73,7.046592799918952e-73,7.144903469355997e-73,7.244350861850693e-73,7.3449454099115e-73,7.446697616886899e-73,7.54961805731016e-73,7.65371737717161e-73,7.759006294267646e-73,7.865495598484228e-73,7.973196152131732e-73,8.08211889024398e-73,8.192274820902427e-73,8.303675025546479e-73,8.416330659299034e-73,8.530252951260975e-73,8.645453204856486e-73,8.761942798128832e-73,8.879733184072439e-73,8.998835890943262e-73,9.119262522588223e-73,9.241024758749233e-73,9.364134355395573e-73,9.488603145050466e-73,9.614443037099146e-73,9.741666018121025e-73,9.870284152211293e-73,1.0000309581299267e-72,1.0131754525478636e-72,1.0264631283333762e-72,1.0398952232258594e-72,1.0534729828787167e-72,1.0671976608918036e-72,1.0810705188445995e-72,1.0950928263280489e-72,1.1092658609796185e-72,1.1235909085121772e-72,1.138069262752282e-72,1.1527022256675805e-72,1.1674911074051495e-72,1.1824372263195064e-72,1.1975419090111613e-72,1.212806490355369e-72,1.2282323135377316e-72,1.2438207300871724e-72,1.2595730999089316e-72,1.275490791319718e-72,1.291575181079419e-72,1.3078276544233587e-72,1.3242496050996214e-72,1.340842435401364e-72,1.357607556199321e-72,1.3745463869771432e-72,1.3916603558644142e-72,1.4089508996709127e-72,1.4264194639215728e-72,1.4440675028879636e-72,1.4618964796253585e-72,1.4799078660062583e-72,1.4981031427518472e-72,1.5164837994706102e-72,1.5350513346900002e-72,1.5538072558905335e-72,1.5727530795431486e-72,1.5918903311403828e-72,1.6112205452319004e-72,1.630745265461635e-72,1.650466044598098e-72,1.6703844445739087e-72,1.6905020365157488e-72,1.7108204007850402e-72,1.7313411270059143e-72,1.752065814107055e-72,1.7729960703516385e-72,1.794133513375459e-72,1.8154797702198139e-72,1.8370364773693507e-72,1.858805280785127e-72,1.8807878359419414e-72,1.9029858078601765e-72,1.9254008711470995e-72,1.9480347100262329e-72,1.9708890183757607e-72,1.9939654997659896e-72,2.0172658674914423e-72,2.0407918446086084e-72,2.0645451639722992e-72,2.088527568268374e-72,2.1127408100540908e-72,2.1371866517898645e-72,2.1618668658785618e-72,2.1867832347006036e-72,2.2119375506482434e-72,2.2373316161643162e-72,2.2629672437772292e-72,2.2888462561382993e-72,2.3149704860560703e-72,2.341341776534432e-72,2.3679619808075583e-72,2.3948329623803787e-72,2.4219565950577765e-72,2.4493347629904016e-72,2.4769693607038176e-72,2.504862293138934e-72,2.5330154756876453e-72,2.561430834232284e-72,2.5901103051763203e-72,2.6190558354883275e-72,2.648269382735349e-72,2.67775291511997e-72,2.707508411518485e-72,2.737537861518633e-72,2.7678432654550914e-72,2.798426634446652e-72,2.829289990437485e-72,2.860435366228727e-72,2.891864805520468e-72,2.9235803629478376e-72,2.9555841041159353e-72,2.9878781056442665e-72,3.0204644551972834e-72,3.053345251525131e-72,3.086522604501968e-72,3.119998635164406e-72,3.1537754757459436e-72,3.187855269716565e-72,3.2222401718267157e-72,3.2569323481333167e-72,3.291933976049597e-72,3.3272472443764045e-72,3.3628743533400494e-72,3.3988175146383246e-72,3.4350789514686687e-72,3.4716608985750994e-72,3.5085656022803606e-72,3.545795320526485e-72,3.583352322915834e-72,3.621238890749411e-72,3.6594573170603495e-72,3.698009906656004e-72,3.736898976161424e-72,3.7761268540496244e-72,3.815695880685881e-72,3.85560840836511e-72,3.895866801351861e-72,3.936473435918731e-72,3.977430700385083e-72,4.0187409951563547e-72,4.0604067327643435e-72,4.102430337903529e-72,4.144814247475492e-72,4.1875609106227805e-72,4.2306727887715316e-72,4.2741523556709563e-72,4.318002097432587e-72,4.362224512567906e-72,4.4068221120307365e-72,4.451797419254824e-72,4.4971529701972517e-72,4.54289131337198e-72,4.589015009896246e-72,4.635526633525477e-72,4.682428770694889e-72,4.729724020563182e-72,4.777414995046597e-72,4.825504318861087e-72,4.873994629567297e-72,4.922888577603727e-72,4.972188826328558e-72,5.021898052066517e-72,5.072018944139428e-72,5.122554204914263e-72,5.17350654983917e-72,5.224878707483703e-72,5.276673419589344e-72,5.328893441095259e-72,5.381541540185133e-72,5.434620498334141e-72,5.488133110341622e-72,5.542082184373315e-72,5.596470542006278e-72,5.651301018267465e-72,5.706576461672022e-72,5.762299734269636e-72,5.818473711681342e-72,5.87510128314281e-72,5.932185351543563e-72,5.98972883347407e-72,6.047734659257063e-72,6.106205773001425e-72,6.16514513262953e-72,6.224555709931879e-72,6.284440490600901e-72,6.344802474274129e-72,6.405644674577636e-72,6.466970119163575e-72,6.528781849757215e-72,6.591082922196885e-72,6.653876406474484e-72,6.717165386775233e-72,6.780952961525509e-72,6.845242243434351e-72,6.910036359526849e-72,6.975338451197071e-72,7.041151674244211e-72,7.107479198916068e-72,7.174324209952054e-72,7.241689906623746e-72,7.309579502784085e-72,7.377996226894857e-72,7.446943322083963e-72,7.516424046183369e-72,7.586441671765571e-72,7.656999486200395e-72,7.728100791681448e-72,7.799748905277972e-72,7.871947158974201e-72,7.944698899720895e-72,8.018007489461441e-72,8.091876305193451e-72,8.166308738993031e-72,8.241308198078294e-72,8.316878104833727e-72,8.39302189686731e-72,8.469743027042495e-72,8.547044963526783e-72,8.624931189841522e-72,8.703405204890553e-72,8.782470523016949e-72,8.862130674040674e-72,8.942389203299935e-72,9.023249671701966e-72,9.104715655756588e-72,9.186790747629897e-72,9.269478555181726e-72,9.352782702010862e-72,9.436706827499097e-72,9.521254586855186e-72,9.606429651160312e-72,9.69223570740707e-72,9.778676458552689e-72,9.865755623546411e-72,9.953476937395258e-72,1.0041844151192394e-71,1.0130861032164728e-71,1.022053136372541e-71,1.0310858945501949e-71,1.0401847593397086e-71,1.049350113962126e-71,1.0585823432745443e-71,1.0678818337739041e-71,1.0772489736020912e-71,1.0866841525498297e-71,1.0961877620617706e-71,1.1057601952391686e-71,1.1154018468478596e-71,1.1251131133189027e-71,1.1348943927553955e-71,1.1447460849365642e-71,1.1546685913219366e-71,1.164662315055596e-71,1.1747276609714506e-71,1.1848650355972278e-71,1.195074847158928e-71,1.2053575055857024e-71,1.2157134225145615e-71,1.2261430112932977e-71,1.2366466869876675e-71,1.247224866383794e-71,1.2578779679933043e-71,1.2686064120584324e-71,1.2794106205555134e-71,1.2902910172010585e-71,1.3012480274547112e-71,1.3122820785247286e-71,1.323393599372209e-71,1.3345830207165535e-71,1.3458507750381419e-71,1.3571972965849186e-71,1.3686230213763987e-71,1.3801283872067404e-71,1.391713833651953e-71,1.4033798020725223e-71,1.415126735618495e-71,1.4269550792352907e-71,1.4388652796664748e-71,1.4508577854589755e-71,1.4629330469683857e-71,1.4750915163629787e-71,1.48733364762947e-71,1.4996598965750062e-71,1.5120707208352306e-71,1.524566579876049e-71,1.5371479350003496e-71,1.5498152493512548e-71,1.5625689879172074e-71,1.5754096175375546e-71,1.588337606905222e-71,1.6013534265739177e-71,1.6144575489610714e-71,1.6276504483523263e-71,1.640932600908091e-71,1.654304484666006e-71,1.6677665795471988e-71,1.6813193673605315e-71,1.6949633318068824e-71,1.708698958484692e-71,1.7225267348938612e-71,1.7364471504411448e-71,1.7504606964448265e-71,1.7645678661385696e-71,1.7787691546774574e-71,1.7930650591422509e-71,1.807456078543414e-71,1.8219427138271987e-71,1.8365254678782055e-71,1.8512048455280376e-71,1.8659813535553544e-71,1.880855500693956e-71,1.895827797637513e-71,1.9108987570413722e-71,1.926068893531159e-71,1.9413387237052437e-71,1.9567087661402036e-71,1.972179541394585e-71,1.987751572016027e-71,2.003425382544099e-71,2.0192014995157037e-71,2.035080451470222e-71,2.051062768953865e-71,2.0671489845247057e-71,2.083339632757681e-71,2.099635250248567e-71,2.11603637562048e-71,2.1325435495274054e-71,2.1491573146591092e-71,2.165878215747496e-71,2.18270679956856e-71,2.1996436149496036e-71,2.2166892127750053e-71,2.2338441459871984e-71,2.251108969595188e-71,2.2684842406787236e-71,2.2859705183917403e-71,2.3035683639693643e-71,2.321278340729341e-71,2.3391010140819474e-71,2.3570369515298e-71,2.375086722678263e-71,2.3932508992334904e-71,2.4115300550148093e-71,2.4299247659528434e-71,2.448435610099542e-71,2.4670631676311104e-71,2.485808020852497e-71,2.5046707542023264e-71,2.523651954259577e-71,2.5427522097464654e-71,2.561972111535898e-71,2.5813122526515128e-71,2.6007732282796327e-71,2.6203556357682094e-71,2.6400600746360764e-71,2.6598871465731973e-71,2.679837455452157e-71,2.6999116073261626e-71,2.720110210439589e-71,2.7404338752299967e-71,2.7608832143339374e-71,2.7814588425917114e-71,2.8021613770534556e-71,2.8229914369815985e-71,2.8439496438602548e-71,2.8650366213950817e-71,2.8862529955222874e-71,2.907599394412278e-71,2.929076448474522e-71,2.950684790360852e-71,2.9724250549753197e-71,2.994297879475235e-71,3.016303903276491e-71,3.038443768061255e-71,3.060718117779059e-71,3.083127598655575e-71,3.105672859196309e-71,3.128354550189269e-71,3.1511733247163015e-71,3.17412983815103e-71,3.1972247481682714e-71,3.220458714748719e-71,3.243832400181359e-71,3.267346469073578e-71,3.2910015883498697e-71,3.314798427263342e-71,3.3387376573951874e-71,3.3628199526654844e-71,3.3870459893324876e-71,3.411416446003186e-71,3.435932003633702e-71,3.460593345537483e-71,3.4854011573900387e-71,3.5103561272338306e-71,3.5354589454806116e-71,3.5607103049228367e-71,3.5861109007334663e-71,3.6116614304733608e-71,3.637362594095431e-71,3.66321509394987e-71,3.689219634791423e-71,3.715376923781688e-71,3.7416876704957795e-71,3.768152586928589e-71,3.7947723874973985e-71,3.821547789049202e-71,3.84847951086505e-71,3.875568274664951e-71,3.902814804613737e-71,3.930219827326591e-71,3.957784071871879e-71,3.98550826978228e-71,4.013393155052149e-71,4.041439464148205e-71,4.0696479360122346e-71,4.098019312069255e-71,4.126554336229258e-71,4.155253754894711e-71,4.18411831696423e-71,4.213148773840412e-71,4.242345879430863e-71,4.271710390159349e-71,4.301243064964863e-71,4.330944665311826e-71,4.360815955192969e-71,4.390857701133803e-71,4.4210706722005716e-71,4.451455640003889e-71,4.482013378706111e-71,4.512744665018885e-71,4.543650278221784e-71,4.574731000153615e-71,4.605987615231879e-71,4.63742091044478e-71,4.66903167536295e-71,4.700820702146157e-71,4.7327887855463966e-71,4.764936722912407e-71,4.797265314198476e-71,4.829775361964149e-71,4.862467671386776e-71,4.895343050258351e-71,4.928402308999581e-71,4.961646260659869e-71,4.995075720924059e-71,5.0286915081177944e-71,5.062494443212516e-71,5.096485349831425e-71,5.1306650542564056e-71,5.165034385429712e-71,5.199594174959901e-71,5.234345257134316e-71,5.269288468913447e-71,5.304424649942323e-71,5.339754642558416e-71,5.3752792917926625e-71,5.410999445374616e-71,5.4469159537420275e-71,5.483029670041937e-71,5.519341450138916e-71,5.5558521526187906e-71,5.592562638795868e-71,5.629473772716913e-71,5.666586421167851e-71,5.7039014536735786e-71,5.741419742518195e-71,5.7791421627305545e-71,5.817069592104773e-71,5.8552029111992355e-71,5.893543003344674e-71,5.9320907546465495e-71,5.9708470539943576e-71,6.009812793065389e-71,6.048988866328343e-71,6.088376171051748e-71,6.127975607306581e-71,6.167788077976403e-71,6.207814488759369e-71,6.2480557481717854e-71,6.2885127675575655e-71,6.329186461092255e-71,6.3700777457903254e-71,6.4111875415064744e-71,6.452516770944943e-71,6.494066359664527e-71,6.535837236081913e-71,6.577830331480777e-71,6.620046580011733e-71,6.662486918704836e-71,6.7051522874717846e-71,6.748043629107077e-71,6.791161889305436e-71,6.834508016652961e-71,6.878082962643006e-71,6.9218876816763005e-71,6.96592313107348e-71,7.010190271072384e-71,7.054690064835176e-71,7.099423478457598e-71,7.144391480977319e-71,7.189595044367524e-71,7.235035143553744e-71,7.280712756414316e-71,7.326628863793919e-71,7.372784449493693e-71,7.41918050029188e-71,7.465818005939594e-71,7.512697959173476e-71,7.559821355718991e-71,7.607189194289345e-71,7.65480247660589e-71,7.702662207387929e-71,7.750769394366907e-71,7.799125048291082e-71,7.847730182934737e-71,7.896585815092415e-71,7.945692964598084e-71,7.995052654321462e-71,8.04466591017764e-71,8.094533761133082e-71,8.1446572392083e-71,8.195037379485746e-71,8.24567522012035e-71,8.296571802331549e-71,8.347728170423829e-71,8.399145371784315e-71,8.450824456891212e-71,8.502766479315573e-71,8.554972495737109e-71,8.607443565933364e-71,8.660180752804668e-71,8.713185122361307e-71,8.76645774374394e-71,8.819999689222113e-71,8.87381203420179e-71,8.92789585722864e-71,8.98225223999897e-71,9.03688226736046e-71,9.091787027319557e-71,9.146967611048862e-71,9.20242511288921e-71,9.258160630358266e-71,9.314175264163672e-71,9.370470118187915e-71,9.427046299516518e-71,9.483904918432037e-71,9.541047088419055e-71,9.598473926177733e-71,9.656186551625312e-71,9.71418608789356e-71,9.77247366135543e-71,9.83105040160987e-71,9.889917441493776e-71,9.949075917096986e-71,1.0008526967755724e-70,1.0068271736067598e-70,1.0128311367889484e-70,1.0188647012352236e-70,1.0249279821857557e-70,1.0310210952088148e-70,1.0371441562017437e-70,1.0432972813907542e-70,1.049480587332093e-70,1.0556941909120985e-70,1.0619382093487481e-70,1.068212760191313e-70,1.0745179613206453e-70,1.0808539309510378e-70,1.087220787630183e-70,6.615174851273142e-47,4.246485051585371e-46,1.47961302902328e-45,3.836522303253948e-45,8.316213923499995e-45,1.5970323862246892e-44,2.809938882637293e-44,4.627422072252878e-44,7.236083019709776e-44,1.0854900219298269e-43,1.5738457525102412e-43,2.2180548966304922e-43,3.0518171288326715e-43,4.113592057927445e-43,5.4470815167797975e-43,7.101757272921864e-43,9.133437509197791e-43,1.1604915961156196e-42,1.4586648125379683e-42,1.815749948094869e-42,2.240556120595209e-42,2.7429039433241876e-42,3.333722468469648e-42,4.02515487606462e-42,4.830673704984669e-42,5.765206497416534e-42,6.84527280995971e-42,8.089133634011453e-42,9.516954366233538e-42,1.1150982577674276e-41,1.3015741948573656e-41,1.5138243866143274e-41,1.7548218325945693e-41,2.0278365935276373e-41,2.336463299070331e-41,2.684651179333512e-41,3.0767368576363256e-41,3.5174801652032163e-41,4.0121032641778105e-41,4.566333393643672e-41,5.186449584604614e-41,5.879333724408761e-41,6.652526389262208e-41,7.514287905671654e-41,8.473665148330505e-41,9.540564633621674e-41,1.0725832525115615e-40,1.2041342230822026e-40,1.3500090342214136e-40,1.511630174297346e-40,1.690554480188885e-40,1.8884857660376274e-40,2.1072886731784524e-40,2.3490038648274e-40,2.6158647022998445e-40,2.9103155542184544e-40,3.2350319065280967e-40,3.5929424593625163e-40,3.987253417135765e-40,4.42147520091426e-40,4.899451837453438e-40,5.425393307582924e-40,6.003911168266504e-40,6.640057798068859e-40,7.3393696554009924e-40,8.107914983333683e-40,8.952346444571699e-40,9.87995922606776e-40,1.0898755215509703e-39,1.2017513922438928e-39,1.3245870896082714e-39,1.459440448125307e-39,1.607473185423763e-39,1.7699615393985085e-39,1.948308057181483e-39,2.144054668734347e-39,2.358897194159709e-39,2.594701452297996e-39,2.8535211590894015e-39,3.137617827878708e-39,3.449482910721858e-39,3.7918624502719816e-39,4.167784546504848e-39,4.5805899819952117e-39,5.033966394376714e-39,5.5319864358172257e-39,6.079150417758113e-39,6.680434005883319e-39,7.34134160656498e-39,8.067966173339697e-39,8.86705626200816e-39,9.746091277704187e-39,1.0713365989061054e-38,1.1778085536117918e-38,1.2950472333013972e-38,1.4241886467515444e-38,1.5664961431347855e-38,1.7233757283261145e-38,1.8963933656714413e-38,2.087294538311093e-38,2.298026391792922e-38,2.5307628240733667e-38,2.7879329462514914e-38,3.072253402888627e-38,3.3867651171683965e-38,3.734875115391165e-38,4.1204041896868533e-38,4.547641280127232e-38,5.021405600921332e-38,5.547117704027399e-38,6.130880872043201e-38,6.779574466325596e-38,7.500961132773763e-38,8.303810094839753e-38,9.198039151065819e-38,1.0194878454848093e-37,1.1307059701830016e-37,1.2549035003125964e-37,1.393723050213843e-37,1.549034072552672e-37,1.7229670777311012e-37,1.9179534828873698e-37,2.1367720975616473e-37,2.382603448343954e-37,2.659093380944629e-37,2.970427664348608e-37,3.3214196694785376e-37,3.7176136183506094e-37,4.165406416858122e-37,4.672191717342564e-37,5.246530633996626e-37,5.898354490130832e-37,6.639206155944926e-37,7.482527995107074e-37,8.444006249869594e-37,9.54198394913643e-37,1.0797957238904148e-36,1.2237173560183023e-36,1.3889354529614808e-36,1.5789571963178614e-36,1.7979312549026874e-36,2.050777564579679e-36,2.3433460112787836e-36,2.6826110697671584e-36,3.076911327856496e-36,3.536245245641867e-36,4.0726376319887035e-36,4.7005953931212503e-36,5.437676426386707e-36,6.305202508907e-36,7.329156226522848e-36,8.541314168654965e-36,9.980684830393286e-36,1.1695341365495307e-35,1.3744768538969348e-35,1.620288275334938e-35,1.9161937832786988e-35,2.2737602957944302e-35,2.7075600759221774e-35,3.236043459849113e-35,3.882693114964471e-35,4.6775601817236765e-35,5.659322004415437e-35,6.878057417803655e-35,8.399016668743762e-35,1.0307781016019023e-34,1.2717380192082598e-34,1.5778192499811717e-34,1.9691836462976085e-34,2.4730844268277587e-34,3.126679697473431e-34,3.981097972237331e-34,5.107377758100187e-34,6.605247171444543e-34,8.616264450665836e-34,1.0362261533961335e-33,1.036226153396877e-33,1.0362261533978988e-33,1.036226153402417e-33,1.3770826881866894e-33,1.8490089860443845e-33,2.5105596057513964e-33,3.4503226914958674e-33,4.804672533544799e-33,6.787474548534093e-33,9.740950239484888e-33,1.4224966478566114e-32,2.1178095042195647e-32,3.2216965412784194e-32,5.021142393571119e-32,8.043115662651234e-32,1.3292784081786737e-31,2.2771896873127956e-31,4.066750693743316e-31,7.624047608186246e-31,1.5137527691093241e-30,3.217988949301615e-30,7.425735082058291e-30,1.892440217830546e-29,5.444561498906349e-29,1.8236388448497209e-28,7.596797869949141e-28,5.013626767021279e-27,9.112116967495118e-26,9.990415371856595e-26,5.972082449721233e-24,4.394748154647924e-22,3.567317377697053e-20,2.753651632279293e-18,1.6724356822854404e-16,6.504893756744265e-15,9.548784415517156e-15,2.9978740510192096e-13,2.77150853173191e-12,1.3402769852475473e-11,4.0188570747897426e-11,8.46471539428829e-11,1.3808951408495747e-10,1.8823317271116223e-10,2.2707175906084925e-10,2.5277642669091623e-10,2.6734518130389545e-10,2.739019568842638e-10,2.752328749420421e-10,2.7336705815712513e-10,2.696420652475247e-10,2.6489509942765644e-10,2.596366378814923e-10,2.541738951891739e-10,2.4869017189613017e-10,2.432935766032439e-10,2.3804642296507755e-10,2.329829374252415e-10,2.2812000564528497e-10,2.2346377447908576e-10,2.1901376435601135e-10,2.1476546453568094e-10,2.1071198799506742e-10,2.0684513322583348e-10,2.0315606594791543e-10,1.996357540353986e-10,1.9627524072416851e-10,1.9306581136543992e-10,1.8999909015043742e-10,1.8706709106914523e-10,1.8426223935848317e-10,1.8157737434006833e-10,1.7900574092810384e-10,1.7654097462037933e-10,1.7417708310513384e-10,1.7190842647356014e-10,1.6972969725810813e-10,1.6763590100186639e-10,1.656223377372363e-10,1.636845845347665e-10,1.6181847915978513e-10,1.6002010480063519e-10,1.5828577579483152e-10,1.5661202426936293e-10,1.5499558760424975e-10,1.5343339664047908e-10,1.519225645605515e-10,1.5046037638152144e-10,1.490442790091958e-10,1.4767187181485704e-10,1.4634089769774885e-10,1.4504923460766421e-10,1.4379488750470938e-10,1.4257598073595672e-10,1.4139075081312658e-10,1.4023753957376458e-10,1.391147877139741e-10,1.3802102867718118e-10,1.369548828857579e-10,1.3591505230269454e-10,1.3490031530895535e-10,1.3390952188418102e-10,1.329415890763369e-10,1.3199549674769545e-10,1.310702835832272e-10,1.3016504334912917e-10,1.2927892138655764e-10,1.2841111133112735e-10,1.2756085204064716e-10,1.2672742472684205e-10,1.2591015026871056e-10,1.2510838670748154e-10,1.243215269039462e-10,1.2354899635209927e-10,1.227902511380045e-10,1.2204477603456668e-10,1.2131208272342964e-10,1.2059170813567333e-10,1.1988321290351098e-10,1.1918617991509655e-10,1.1850021296601166e-10,1.178249355002259e-10,1.1715998943543982e-10,1.1650503406546282e-10,1.158597450359887e-10,1.1522381338722956e-10,1.1459694465995211e-10,1.1397885805970036e-10,1.1336928567535734e-10,1.1276797174874699e-10,1.1217467199107052e-10,1.1158915294287515e-10,1.1101119137583114e-10,1.1044057373141067e-10,1.0987709559593519e-10,1.0932056120726066e-10,1.0877078299366823e-10,1.082275811400172e-10,1.0769078318152845e-10,1.0716022362197295e-10,1.0663574357454847e-10,1.0611719042527745e-10,1.0560441751583278e-10,1.0509728384550041e-10,1.0459565379055211e-10,1.0409939684014462e-10,1.0360838734721831e-10,1.031225042946252e-10,1.0264163107302569e-10,1.0216565527337095e-10,1.0169446848904597e-10,1.0122796613028299e-10,1.0076604724941226e-10,1.0030861437383196e-10,9.985557334932152e-11,9.940683319196703e-11,9.896230594736726e-11,9.852190655811422e-11,9.808555273704622e-11,9.765316484850032e-11,9.722466579494629e-11,9.679998090944005e-11,9.637903785407414e-11,9.596176652277314e-11,9.554809895041036e-11,9.513796922427008e-11,9.4731313401943e-11,9.432806943218404e-11,9.392817707982562e-11,9.353157785452687e-11,9.313821494275149e-11,9.274803314278829e-11,9.236097880325452e-11,9.197699976417487e-11,9.159604530100111e-11,9.12180660710106e-11,9.084301406221829e-11,9.047084254467658e-11,9.010150602394523e-11,8.973496019656965e-11,8.937116190758863e-11,8.901006910993498e-11,8.865164082549402e-11,8.829583710792794e-11,8.794261900717493e-11,8.759194853541226e-11,8.724378863415471e-11,8.68981031432944e-11,8.655485677102146e-11,8.62140150651195e-11,8.587554438541146e-11,8.553941187734383e-11,8.520558544685734e-11,8.48740337353765e-11,8.454472609774256e-11,8.421763257825529e-11,8.389272389021401e-11,8.356997139425094e-11,8.324934707989486e-11,8.293082354495442e-11,8.261437397729197e-11,8.229997213855185e-11,8.198759234520173e-11,8.167720945315332e-11,8.13687988417557e-11,8.106233639868624e-11,8.075779850494876e-11,8.045516202116813e-11,8.015440427351394e-11,7.985550304095335e-11,7.955843654237956e-11,7.92631834243597e-11,7.896972274988773e-11,7.867803398546845e-11,7.838809699220314e-11,7.809989201355856e-11,7.781339966596763e-11,7.752860092847735e-11,7.724547713352341e-11,7.696400995743008e-11,7.668418141138242e-11,7.640597383357917e-11,7.612936987947192e-11,7.585435251471415e-11,7.558090500769947e-11,7.530901091956621e-11,7.503865409989571e-11,7.476981867906422e-11,7.450248905940595e-11,7.423664990995692e-11,7.397228616010054e-11,7.370938299296051e-11,7.344792583917381e-11,7.318790037136012e-11,7.29292924984698e-11,7.267208836014752e-11,7.241627432081701e-11,7.21618369650949e-11,7.190876309284451e-11,7.165703971358896e-11,7.140665404321252e-11,7.115759349708752e-11,7.090984568739115e-11,7.066339841770271e-11,7.041823968005882e-11,7.017435764930133e-11,6.99317406795601e-11,6.969037730184468e-11,6.945025621760795e-11,6.921136629739456e-11,6.897369657580354e-11,6.873723624876123e-11,6.850197466982072e-11,6.826790134700127e-11,6.803500593980727e-11,6.780327825561012e-11,6.757270824656559e-11,6.734328600794959e-11,6.711500177354104e-11,6.688784591321389e-11,6.66618089315806e-11,6.643688146369329e-11,6.621305427318189e-11,6.599031824974074e-11,6.576866440632938e-11,6.5548083877019e-11,6.532856791492333e-11,6.511010788967248e-11,6.489269528490559e-11,6.467632169634016e-11,6.446097882991279e-11,6.424665849908456e-11,6.403335262358067e-11,6.382105322702362e-11,6.360975243438059e-11,6.339944247225428e-11,6.319011566383701e-11,6.298176443048054e-11,6.277438128729635e-11,6.25679588425145e-11,6.23624897955544e-11,6.215796693726253e-11,6.195438314513258e-11,6.175173138346302e-11,6.155000470205865e-11,6.134919623449297e-11,6.114929919675724e-11,6.095030688481997e-11,6.075221267463511e-11,6.055501002061338e-11,6.035869245335073e-11,6.016325357934603e-11,5.996868707869134e-11,5.977498670501294e-11,5.958214628337267e-11,5.939015970985962e-11,5.919902094957894e-11,5.900872403603531e-11,5.881926306974645e-11,5.863063221803744e-11,5.844282571206994e-11,5.825583784794452e-11,5.806966298461586e-11,5.7884295542260334e-11,5.7699730002856304e-11,5.7515960908262064e-11,5.733298285921101e-11,5.715079051487967e-11,5.696937859126491e-11,5.678874186139626e-11,5.660887515351555e-11,5.642977335030392e-11,5.6251431389004106e-11,5.6073844258494584e-11,5.589700700176024e-11,5.5720914711562806e-11,5.5545562532988304e-11,5.5370945659587023e-11,5.5197059334804884e-11,5.502389885079641e-11,5.485145954693109e-11,5.4679736809729766e-11,5.4508726072709185e-11,5.4338422814456775e-11,5.4168822558865333e-11,5.3999920874218994e-11,5.3831713372735775e-11,5.366419570947871e-11,5.349736358240104e-11,5.333121273136941e-11,5.316573893741171e-11,5.300093802243971e-11,5.283680584897567e-11,5.267333831871674e-11,5.2510531372173694e-11,5.23483809897537e-11,5.218688318890398e-11,5.2026034024760707e-11,5.1865829589681905e-11,5.1706266012309854e-11,5.1547339457825044e-11,5.1389046126538964e-11,5.1231382254037335e-11,5.1074344110485485e-11,5.091792800043828e-11,5.0762130261876266e-11,5.060694726624599e-11,5.045237541785864e-11,5.029841115342033e-11,5.0145050941664614e-11,4.999229128289971e-11,4.9840128708693674e-11,4.968855978140213e-11,4.953758109375828e-11,4.938718926849772e-11,4.923738095806252e-11,4.908815284416719e-11,4.8939501637347144e-11,4.879142407687308e-11,4.8643916930026626e-11,4.849697699167138e-11,4.8350601084808945e-11,4.8204786059488157e-11,4.805952879194472e-11,4.7914826185837395e-11,4.7770675170163656e-11,4.762707270053503e-11,4.748401575747575e-11,4.7341501347188953e-11,4.7199526500683035e-11,4.7058088273603667e-11,4.691718374570757e-11,4.677681002124618e-11,4.663696422822585e-11,4.6497643517917586e-11,4.63588450650534e-11,4.622056606718109e-11,4.608280374449478e-11,4.5945555340014665e-11,4.5808818118524045e-11,4.567258936684324e-11,4.55368663935568e-11,4.540164652853681e-11,4.526692712300243e-11,4.5132705548974486e-11,4.4998979199231444e-11,4.4865745487162195e-11,4.4733001846254264e-11,4.4600745729776564e-11,4.446897461158829e-11,4.4337685984290865e-11,4.4206877360305815e-11,4.4076546271000965e-11,4.39466902668697e-11,4.381730691694879e-11,4.368839380905873e-11,4.3559948549014667e-11,4.343196876076205e-11,4.33044520869976e-11,4.317739618726368e-11,4.3050798738883636e-11,4.2924657436700206e-11,4.279896999237592e-11,4.2673734135162595e-11,4.254894761092066e-11,4.242460818162295e-11,4.2300713626728904e-11,4.217726174120838e-11,4.205425033633263e-11,4.193167723947846e-11,4.1809540293718066e-11,4.168783735759045e-11,4.1566566305318755e-11,4.144572502703154e-11,4.132531142707006e-11,4.120532342506425e-11,4.108575895568389e-11,4.0966615968389597e-11,4.084789242637561e-11,4.072958630830141e-11,4.061169560660164e-11,4.049421832799103e-11,4.0377152493034695e-11,4.026049613620796e-11,4.0144247305659094e-11,4.002840406319098e-11,3.991296448396967e-11,3.979792665646004e-11,3.968328868219165e-11,3.956904867621987e-11,3.9455204765947594e-11,3.934175509214139e-11,3.92286978075918e-11,3.9116031078069105e-11,3.900375308171471e-11,3.889186200899702e-11,3.8780356062600544e-11,3.866923345718431e-11,3.855849241941999e-11,3.8448131187856233e-11,3.833814801274656e-11,3.822854115603064e-11,3.811930889112899e-11,3.801044950290644e-11,3.790196128759513e-11,3.77938425524115e-11,3.7686091615913876e-11,3.757870680760398e-11,3.74716864678278e-11,3.7365028947773e-11,3.72587326092534e-11,3.7152795824807696e-11,3.7047216977476466e-11,3.694199446061341e-11,3.6837126677654987e-11,3.673261204295112e-11,3.662844898035153e-11,3.652463592399167e-11,3.6421171317947244e-11,3.631805361618524e-11,3.621528128229303e-11,3.611285278943674e-11,3.6010766621168085e-11,3.590902126918405e-11,3.5807615236499e-11,3.570654703386411e-11,3.560581518191876e-11,3.550541821036456e-11,3.540535465800557e-11,3.530562307281237e-11,3.520622201163127e-11,3.510715004025388e-11,3.500840573309607e-11,3.490998767349021e-11,3.4811894453193234e-11,3.471412467295706e-11,3.4616676941383895e-11,3.4519549876261386e-11,3.4422742103373364e-11,3.432625225666911e-11,3.42300789783845e-11,3.4134220919033736e-11,3.403867673738031e-11,3.394344509942388e-11,3.3848524679903966e-11,3.375391416118e-11,3.365961223342401e-11,3.356561759465481e-11,3.347192895032935e-11,3.337854501390324e-11,3.328546450601534e-11,3.319268615522504e-11,3.310020869684934e-11,3.300803087464337e-11,3.2916151438702303e-11,3.2824569146804665e-11,3.2733282764015176e-11,3.264229106190683e-11,3.255159282040454e-11,3.246118682513715e-11,3.2371071869326846e-11,3.2281246753050547e-11,3.2191710283396795e-11,3.210246127374361e-11,3.2013498545200704e-11,3.192482092466141e-11,3.183642724600624e-11,3.1748316349386645e-11,3.166048708225006e-11,3.1572938298082874e-11,3.1485668856659694e-11,3.139867762428716e-11,3.131196347368181e-11,3.122552528391345e-11,3.113936194005144e-11,3.1053472333546804e-11,3.096785536179021e-11,3.088250992882432e-11,3.07974349438729e-11,3.071262932338748e-11,3.062809198866459e-11,3.054382186733823e-11,3.045981789284382e-11,3.037607900468408e-11,3.0292604147678594e-11,3.0209392273081727e-11,3.012644233722741e-11,3.0043753302429254e-11,2.996132413647429e-11,2.9879153812775656e-11,2.979724131012606e-11,2.971558561315817e-11,2.963418571146279e-11,2.955304060079587e-11,2.947214928157849e-11,2.9391510759795766e-11,2.9311124046681055e-11,2.923098815884997e-11,2.9151102118041356e-11,2.907146495135702e-11,2.8992075690419463e-11,2.8912933372715752e-11,2.883403704023809e-11,2.8755385740674275e-11,2.8676978526086025e-11,2.8598814453719588e-11,2.852089258557747e-11,2.844321198874425e-11,2.8365771735096643e-11,2.8288570901354158e-11,2.8211608569029e-11,2.8134883824174637e-11,2.8058395757989305e-11,2.79821434659158e-11,2.7906126048257927e-11,2.7830342609844076e-11,2.775479226019532e-11,2.767947411349817e-11,2.7604387288001593e-11,2.7529530906888122e-11,2.745490409759913e-11,2.738050599206002e-11,2.7306335726586533e-11,2.7232392441906977e-11,2.715867528277654e-11,2.708518339877958e-11,2.7011915943515096e-11,2.6938872074741395e-11,2.6866050954532413e-11,2.6793451749139344e-11,2.6721073628924576e-11,2.6648915768466373e-11,2.6576977346347547e-11,2.6505257545378272e-11,2.6433755552275055e-11,2.636247055782147e-11,2.6291401756806062e-11,2.6220548348039772e-11,2.6149909534159368e-11,2.6079484521976446e-11,2.6009272521595727e-11,2.5939272747606076e-11,2.5869484418208675e-11,2.5799906755663677e-11,2.5730538985267124e-11,2.5661380336781465e-11,2.559243004361724e-11,2.5523687342650423e-11,2.545515147463536e-11,2.5386821683955966e-11,2.531869721862689e-11,2.5250777330207934e-11,2.518306127394923e-11,2.5115548308695257e-11,2.5048237696850846e-11,2.4981128704040447e-11,2.4914220599715613e-11,2.4847512656696257e-11,2.478100415134646e-11,2.4714694363388498e-11,2.4648582575904803e-11,2.4582668075494183e-11,2.4516950151946335e-11,2.445142809827773e-11,2.438610121165066e-11,2.432096879162451e-11,2.4256030141370477e-11,2.4191284567355266e-11,2.4126731379249675e-11,2.406236988995166e-11,2.3998199415359932e-11,2.3934219274875327e-11,2.387042879092621e-11,2.3806827289162813e-11,2.374341409813489e-11,2.368018854970284e-11,2.3617149978622142e-11,2.3554297723242895e-11,2.349163112432604e-11,2.3429149525893177e-11,2.3366852275040524e-11,2.330473872172483e-11,2.3242808218937238e-11,2.3181060122633182e-11,2.3119493791514935e-11,2.305810858777777e-11,2.2996903875945075e-11,2.2935879023540106e-11,2.2875033400823328e-11,2.2814366381583832e-11,2.2753877341707724e-11,2.2693565660145166e-11,2.263343071859903e-11,2.2573471901546308e-11,2.2513688596357935e-11,2.2454080193043845e-11,2.2394646084285455e-11,2.233538566551994e-11,2.2276298335093424e-11,2.2217383493751174e-11,2.21586405450172e-11,2.2100068895033618e-11,2.204166795261886e-11,2.1983437129151517e-11,2.1925375838695524e-11,2.186748349737032e-11,2.180975952517885e-11,2.1752203343541454e-11,2.169481437656884e-11,2.163759205128078e-11,2.158053579690588e-11,2.1523645045195295e-11,2.146691923048545e-11,2.141035778956316e-11,2.1353960161691328e-11,2.1297725788408016e-11,2.124165411392062e-11,2.1185744584615703e-11,2.112999664949462e-11,2.107440975968098e-11,2.101898336902131e-11,2.096371693344844e-11,2.09086099111996e-11,2.085366176321597e-11,2.0798871952373176e-11,2.0744239944038336e-11,2.0689765205690058e-11,2.0635447207304995e-11,2.0581285420969126e-11,2.0527279321196683e-11,2.0473428384453738e-11,2.0419732089826153e-11,2.0366189917900545e-11,2.031280135257528e-11,2.0259565879010923e-11,2.0206482984898735e-11,2.0153552160065987e-11,2.0100772896539507e-11,2.004814468832893e-11,1.9995667031698106e-11,1.994333942503767e-11,1.9891161368762377e-11,1.9839132365462042e-11,1.9787251919777482e-11,1.9735519538414028e-11,1.96839347301154e-11,1.9632497005806913e-11,1.9581205878142676e-11,1.953006086232321e-11,1.947906147497888e-11,1.942820723520068e-11,1.9377497663790723e-11,1.9326932283794626e-11,1.9276510619651794e-11,1.922623219852779e-11,1.917609654909646e-11,1.9126103202109523e-11,1.907625169015705e-11,1.90265415478414e-11,1.8976972311562633e-11,1.892754351969707e-11,1.887825471253147e-11,1.882910543210718e-11,1.8780095222526027e-11,1.873122362975228e-11,1.8682490201199134e-11,1.8633894486483246e-11,1.8585436036941814e-11,1.8537114406054067e-11,1.8488929148578923e-11,1.844087982140124e-11,1.8392965983134372e-11,1.8345187194161278e-11,1.8297543016429243e-11,1.8250033013865904e-11,1.820265675218758e-11,1.8155413799164005e-11,1.8108303723627945e-11,1.806132609640751e-11,1.801448049027302e-11,1.796776647923732e-11,1.792118363949768e-11,1.787473154865611e-11,1.782840978597481e-11,1.7782217932667365e-11,1.7736155571257912e-11,1.7690222286271042e-11,1.7644417663653468e-11,1.7598741291021507e-11,1.7553192757642994e-11,1.750777165441522e-11,1.7462477515185917e-11,1.7417310031752993e-11,1.7372268771059327e-11,1.732735332356148e-11,1.7282563285972775e-11,1.7237898257971924e-11,1.7193357841458765e-11,1.7148941639969616e-11,1.7104649258548974e-11,1.7060480303815842e-11,1.7016434383889665e-11,1.6972511108569843e-11,1.6928710089034572e-11,1.688503093802972e-11,1.6841473269814768e-11,1.679803670005458e-11,1.6754720845999238e-11,1.67115253263253e-11,1.666844976122322e-11,1.6625493772338907e-11,1.658265698272506e-11,1.6539939016914692e-11,1.6497339501216088e-11,1.6454858062833465e-11,1.641249433068745e-11,1.6370247935001768e-11,1.6328118507510997e-11,1.6286105681347107e-11,1.6244209090788533e-11,1.6202428372201247e-11,1.616076316274432e-11,1.6119213100993036e-11,1.6077777827004685e-11,1.6036456982225705e-11,1.5995250209513412e-11,1.5954157152963363e-11,1.591317745805868e-11,1.58723107716822e-11,1.5831556741939394e-11,1.5790915018365406e-11,1.5750385251741152e-11,1.5709967094257738e-11,1.566966019933435e-11,1.5629464221748927e-11,1.5589378817481517e-11,1.554940364389911e-11,1.5509538359675768e-11,1.5469782624562727e-11,1.5430136099913498e-11,1.5390598448005476e-11,1.5351169332623396e-11,1.5311848418717806e-11,1.527263537231703e-11,1.523352986122273e-11,1.5194531553829615e-11,1.515564012029342e-11,1.5116855231410115e-11,1.5078176559668126e-11,1.5039603778613253e-11,1.5001136563086093e-11,1.4962774589035577e-11,1.492451753359314e-11,1.4886365075153192e-11,1.484831689321748e-11,1.481037266857788e-11,1.4772532083096098e-11,1.473479481985877e-11,1.4697160563044867e-11,1.4659628998048843e-11,1.4622199811481254e-11,1.4584872690922932e-11,1.4547647325204251e-11,1.4510523404378584e-11,1.4473500619479705e-11,1.443657866270009e-11,1.4399757227472166e-11,1.4363036008269616e-11,1.4326414700412576e-11,1.4289893000718493e-11,1.425347060698436e-11,1.4217147218007155e-11,1.4180922533937712e-11,1.41447962555408e-11,1.4108768085082307e-11,1.40728377254711e-11,1.4037004881391353e-11,1.4001269257988398e-11,1.3965630561668658e-11,1.393008849965016e-11,1.389464278082732e-11,1.3859293114580223e-11,1.3824039211525553e-11,1.3788880783162446e-11,1.3753817542243044e-11,1.4818368025401985e-11,1.631093479831242e-11,1.792583741989859e-11,1.9522932044724858e-11,2.104034574712656e-11,2.245392325796757e-11,2.3757652133171522e-11,2.495403357212306e-11,2.6049317438534135e-11,2.705115490857041e-11,2.796746109769554e-11,2.8805883811336146e-11,2.9573574601672866e-11,3.0277108952770646e-11,3.0922478415819465e-11,3.151511593773123e-11,3.2059935067717094e-11,3.256137353939955e-11,3.3023436681720616e-11,3.344973859540452e-11,3.3843540260964456e-11,3.420778435578369e-11,3.454512684048882e-11,3.4857965501201824e-11,3.514846568800795e-11,3.5418583496016084e-11,3.567008662810609e-11,3.590457316676647e-11,3.612348845809011e-11,3.6328140301203704e-11,3.651971260670175e-11,3.6699277683475445e-11,3.686780728801603e-11,3.702618256454709e-11,3.7175202984944445e-11,3.731559438977872e-11,3.744801622417999e-11,3.7573068045399155e-11,3.7691295377693097e-11,3.780319498252235e-11,3.790921959805727e-11,3.800978220461374e-11,3.8105259867488905e-11,3.819599719003454e-11,3.8282309426560024e-11,3.836448528320458e-11,3.844278944040169e-11,3.851746482419381e-11,3.8588734652102064e-11,3.8656804277229714e-11,3.872186284896566e-11,3.878408480972402e-11,3.88436312447156e-11,3.8900651098885627e-11,3.895528227446613e-11,3.900765262117305e-11,3.9057880829748914e-11,3.910607723890144e-11,3.915234456383358e-11,3.9196778554499456e-11,3.9239468590792415e-11,3.928049822021674e-11,3.931994564485982e-11,3.935788416154838e-11,3.939438256130341e-11,3.942950549053526e-11,3.9463313778803786e-11,3.949586473623827e-11,3.95272124235148e-11,3.955740789715968e-11,3.9586499432533793e-11,3.9614532726977793e-11,3.9641551084314334e-11,3.9667595583772343e-11,3.969270523318516e-11,3.971691711051291e-11,3.9740266490692666e-11,3.9762786964440714e-11,3.978451054530201e-11,3.980546776875955e-11,3.982568778260577e-11,3.984519843060627e-11,3.98640263292665e-11,3.988219693869588e-11,3.989973462788102e-11,3.991666273502029e-11,3.993300362376366e-11,3.994877873476141e-11,3.996400863397549e-11,3.997871305732501e-11,3.999291095236262e-11,4.000662051705133e-11,4.0019859236097636e-11,4.0032643914762344e-11,4.0044990710602446e-11,4.005691516318191e-11,4.006843222211043e-11,4.007955627296176e-11,4.009030116239087e-11,4.010068022120412e-11,4.0110706286279376e-11,4.012039172145811e-11,4.012974843711826e-11,4.013878790873929e-11,4.014752119461592e-11,4.015595895259598e-11,4.0164111455800294e-11,4.017198860816309e-11,4.01795999583369e-11,4.018695471373764e-11,4.019406175353264e-11,4.020092964117445e-11,4.02075666361527e-11,4.0213980705717424e-11,4.022017953549706e-11,4.022617054011051e-11,4.023196087307472e-11,4.0237557436441403e-11,4.0242966889903574e-11,4.0248195659818e-11,4.0253249947338405e-11,4.0258135736798026e-11,4.026285880345521e-11,4.0267424720930775e-11,4.0271838868464274e-11,4.027610643783795e-11,4.0280232440027283e-11,4.028422171168869e-11,4.028807892121714e-11,4.029180857477555e-11,4.0295415021993713e-11,4.029890246152047e-11,4.0302274946305174e-11,4.030553638853973e-11,4.0308690565145143e-11,4.031174112180269e-11,4.0314691578021367e-11,4.031754533139164e-11,4.032030566186636e-11,4.0322975735897323e-11,4.032555861034874e-11,4.032805723636052e-11,4.033047446302387e-11,4.033281304091514e-11,4.033507562555182e-11,4.033726478069218e-11,4.033938298151874e-11,4.034143261773756e-11,4.034341599655463e-11,4.034533534552748e-11,4.034719281533954e-11,4.034899048247438e-11,4.035073035180016e-11,4.035241435907927e-11,4.035404437322354e-11,4.0355622198863024e-11,4.0357149578406475e-11,4.0358628194234344e-11,4.036005967080101e-11,4.036144557666389e-11,4.036278742637343e-11,4.0364086682387697e-11,4.0365344756861607e-11,4.0366563013407045e-11,4.0367742768726415e-11,4.036888529442883e-11,4.0369991818299904e-11,4.037106352605336e-11,4.037210156267422e-11,4.037310703391123e-11,4.037408100756376e-11,4.037502451490834e-11,4.03759385517951e-11,4.03768240800213e-11,4.037768202849655e-11,4.0378513294315406e-11,4.037931874392522e-11,4.038009921414272e-11,4.038085551323561e-11,4.03815884218598e-11,4.0382298694037675e-11,4.038298705808858e-11,4.0383654217547664e-11,4.0384300851947306e-11,4.038492761771418e-11,4.038553514895559e-11,4.03861240582086e-11,4.038669493724934e-11,4.038724835773194e-11,4.0387784871955036e-11,4.0388305013479883e-11,4.038880929781881e-11,4.038929822303709e-11,4.038977227036202e-11,4.039023190477445e-11,4.039067757556017e-11,4.0391109716872e-11,4.039152874819995e-11,4.03919350749563e-11,4.0392329088918635e-11,4.0392711168696297e-11,4.039308168019589e-11,4.0393440977067676e-11,4.039378940111474e-11,4.039412728271437e-11,4.039445494119873e-11,4.039477268525232e-11,4.039508081327137e-11,4.039537961371278e-11,4.0395669365451954e-11,4.039595033809724e-11,4.0396222792317115e-11,4.039648698012627e-11,4.039674314525208e-11,4.039699152335448e-11,4.039723234230057e-11,4.039746582246591e-11,4.039769217697782e-11,4.039791161196659e-11,4.039812432680669e-11,4.039833051434315e-11,4.039853036112212e-11,4.0398724047603906e-11,4.039891174837142e-11,4.039909363233087e-11,4.0399269862908484e-11,4.0399440598236035e-11,4.03996059913239e-11,4.039976619025888e-11,4.039992133836099e-11,4.040007157432339e-11,4.0400217032403204e-11,4.040035784255526e-11,4.04004941305829e-11,4.0400626018279564e-11,4.040075362356428e-11,4.040087706061633e-11,4.040099643999555e-11,4.040111186876144e-11,4.040122345061796e-11,4.0401331286009106e-11,4.040143547221751e-11,4.040153610347017e-11,4.0401633271075097e-11,4.040172706349748e-11,4.0401817566443266e-11,4.0401904862978836e-11,4.040198903359787e-11,4.0402070156328286e-11,4.040214830679363e-11,4.0402223558304683e-11,4.0402295981943175e-11,4.040236564661751e-11,4.040243261915282e-11,4.040249696436328e-11,4.040255874509696e-11,4.040261802232259e-11,4.0402674855182405e-11,4.040272930105521e-11,4.0402781415617364e-11,4.040283125289149e-11,4.0402878865306787e-11,4.040292430375675e-11,4.040296761764005e-11,4.040300885491464e-11,4.040304806214492e-11,4.040308528454664e-11,4.040312056603098e-11,4.040315394925013e-11,4.0403185475635115e-11,4.040321518543532e-11,4.040324311776063e-11,4.0403269310614887e-11,4.0403293800933815e-11,4.040331662461994e-11,4.0403337816572995e-11,4.040335741072629e-11,4.040337544007552e-11,4.040339193670867e-11,4.040340693183697e-11,4.040342045582124e-11,4.0403432538200065e-11,4.0403443207715076e-11,4.0403452492337765e-11,4.040346041929217e-11,4.040346701508014e-11,4.040347230550329e-11,4.0403476315685093e-11,4.040347907009274e-11,4.040348059255715e-11,4.040348090629277e-11,4.040348003391769e-11,4.0403477997471227e-11,4.040347481843255e-11,4.0403470517737706e-11,4.04034651157963e-11,4.040345863250851e-11,4.0403451087279335e-11,4.040344249903548e-11,4.0403432886237736e-11,4.040342226689693e-11,4.040341065858705e-11,4.0403398078457836e-11,4.040338454325017e-11,4.040337006930381e-11,4.0403354672573785e-11,4.040333836863853e-11,4.0403321172713646e-11,4.040330309966002e-11,4.0403284164002877e-11,4.040326437992499e-11,4.04032437612843e-11,4.04032223216377e-11,4.040320007422901e-11,4.0403177032008176e-11,4.0403153207639125e-11,4.040312861350565e-11,4.0403103261721224e-11,4.040307716413887e-11,4.040305033234811e-11,4.040302277769843e-11,4.040299451129502e-11,4.040296554400877e-11,4.040293588648045e-11,4.040290554913124e-11,4.040287454216616e-11,4.0402842875578953e-11,4.040281055916029e-11,4.040277760250345e-11,4.0402744015007394e-11,4.040270980588319e-11,4.0402674984159333e-11,4.040263955868817e-11,4.040260353814272e-11,4.040256693103673e-11,4.0402529745712353e-11,4.040249199035486e-11,4.0402453672992555e-11,4.040241480150242e-11,4.0402375383613105e-11,4.040233542691308e-11,4.0402294938841055e-11,4.04022539267031e-11,4.040221239768556e-11,4.0402170358827754e-11,4.040212781704418e-11,4.0402084779130135e-11,4.04020412517585e-11,4.040199724147926e-11,4.040195275474436e-11,4.040190779787633e-11,4.040186237709957e-11,4.040181649851562e-11,4.040177016813554e-11,4.0401723391861044e-11,4.040167617551342e-11,4.040162852479348e-11,4.0401580445317295e-11,4.040153194261225e-11,4.0401483022096935e-11,4.040143368911787e-11,4.040138394893346e-11,4.040133380671274e-11,4.0401283267547473e-11,4.040123233644423e-11,4.0401181018327454e-11,4.04011293180522e-11,4.040107724039356e-11,4.0401024790070544e-11,4.04009719716795e-11,4.0400918789780886e-11,4.0400865248884545e-11,4.04008113533804e-11,4.040075710764713e-11,4.040070251595973e-11,4.040064758255177e-11,4.040059231160017e-11,4.040053670716034e-11,4.040048077329255e-11,4.0400424513985854e-11,4.040036793312359e-11,4.040031103462643e-11,4.0400253822275136e-11,4.040019629981304e-11,4.0400138470979115e-11,4.040008033941487e-11,4.0400021908691866e-11,4.039996318237538e-11,4.0399904163957266e-11,4.0399844856844277e-11,4.039978526452652e-11,4.0399725390314704e-11,4.039966523751524e-11,4.039960480939217e-11,4.039954410916293e-11,4.0399483140003805e-11,4.039942190504944e-11,4.039936040738355e-11,4.0399298650060453e-11,4.0399236636083695e-11,4.039917436842197e-11,4.0399111850015594e-11,4.039904908374501e-11,4.039898607245231e-11,4.039892281897116e-11,4.039885932606915e-11,4.039879559649011e-11,4.0398731632940014e-11,4.0398667438090656e-11,4.039860301458419e-11,4.03985383650271e-11,4.039847349197028e-11,4.039840839795833e-11,4.039834308551199e-11,4.039827755709444e-11,4.039821181514773e-11,4.039814586208343e-11,4.039807970028273e-11,4.0398013332097203e-11,4.039794675984891e-11,4.039787998583109e-11,4.039781301230746e-11,4.039774584151572e-11,4.0397678475658134e-11,4.0397610916930653e-11,4.039754316749756e-11,4.039747522945181e-11,4.039740710491865e-11,4.039733879598272e-11,4.039727030465349e-11,4.0397201633010514e-11,4.039713278303404e-11,4.039706375670284e-11,4.039699455597114e-11,4.039692518276952e-11,4.039685563900544e-11,4.0396785926563574e-11,4.0396716047320646e-11,4.0396646003074656e-11,4.039657579567941e-11,4.039650542690944e-11,4.039643489854715e-11,4.039636421238673e-11,4.0396293370076e-11,4.039622237341353e-11,4.039615122405943e-11,4.039607992368004e-11,4.0396008473953385e-11,4.039593687646767e-11,4.03958651328669e-11,4.039579324473264e-11,4.0395721213647145e-11,4.039564904113203e-11,4.039557672879684e-11,4.0395504278058204e-11,4.039543169057374e-11,4.039535896774345e-11,4.0395286111050836e-11,4.039521312199511e-11,4.039514000190455e-11,4.039506675225997e-11,4.039499337457068e-11,4.0394919869997056e-11,4.039484624002731e-11,4.0394772486003045e-11,4.039469860928184e-11,4.0394624611180157e-11,4.0394550492991314e-11,4.0394476256037197e-11,4.039440190157568e-11,4.0394327430903874e-11,4.039425284518999e-11,4.0394178145757926e-11,4.039410333380657e-11,4.039402841053734e-11,4.039395337714909e-11,4.03938782347887e-11,4.039380298466076e-11,4.0393727627899874e-11,4.039365216565704e-11,4.0393576599062067e-11,4.0393500929226085e-11,4.039342515725126e-11,4.0393349284228387e-11,4.039327331122994e-11,4.039319723932328e-11,4.039312106964355e-11,4.039304480307325e-11,4.039296844071897e-11,4.039289198360129e-11,4.0392815432725015e-11,4.039273878908195e-11,4.0392662053642444e-11,4.0392585227404696e-11,4.0392508311332064e-11,4.0392431306368606e-11,4.039235421346589e-11,4.039227703354022e-11,4.039219976755036e-11,4.0392122416324907e-11,4.039204498070994e-11,4.0391967461775387e-11,4.039188986032209e-11,4.039181217713125e-11,4.0391734413194424e-11,4.039165656933624e-11,4.039157864627837e-11,4.0391500645035554e-11,4.039142256633797e-11,4.0391344410997776e-11,4.039126617981114e-11,4.039118787358587e-11,4.039110949310526e-11,4.039103103913838e-11,4.0390952512458225e-11,4.039087391382293e-11,4.039079524398318e-11,4.039071650367276e-11,4.0390637693655556e-11,4.039055881463466e-11,4.039047986732813e-11,4.039040085242037e-11,4.0390321770680454e-11,4.039024262275721e-11,4.039016340934468e-11,4.039008413112335e-11,4.0390004788771073e-11,4.038992538295027e-11,4.0389845914348734e-11,4.038976638355548e-11,4.03896867912207e-11,4.0389607138015e-11,4.038952742455222e-11,4.038944765143449e-11,4.0389367819304016e-11,4.038928792873225e-11,4.038920798030645e-11,4.0389127974691385e-11,4.038904791245443e-11,4.038896779414809e-11,4.038888762038195e-11,4.038880739170956e-11,4.038872710869214e-11,4.0388646771871326e-11,4.0388566381829345e-11,4.038848593906478e-11,4.0388405444126065e-11,4.038832489754656e-11,4.038824429987862e-11,4.038816365163179e-11,4.038808295331292e-11,4.038800220543037e-11,4.0387921408486974e-11,4.0387840562972316e-11,4.0387759669393424e-11,4.038767872822854e-11,4.03875977399579e-11,4.0387516705059987e-11,4.038743562400287e-11,4.038735449724093e-11,4.038727332525867e-11,4.038719210848389e-11,4.038711084738017e-11,4.0387029542393203e-11,4.038694819396165e-11,4.038686680252053e-11,4.038678536850189e-11,4.038670389237048e-11,4.0386622374467556e-11,4.038654081512231e-11,4.038645921499943e-11,4.038637757437661e-11,4.0386295893664766e-11,4.038621417326725e-11,4.0386132413591494e-11,4.038605061480079e-11,4.038596877757094e-11,4.038588690227836e-11,4.0385804989218144e-11,4.038572303875566e-11,4.03856410512662e-11,4.038555902711875e-11,4.038547696665815e-11,4.0385394870252313e-11,4.038531273827143e-11,4.038523057100027e-11,4.0385148368646294e-11,4.0385066131958576e-11,4.0384983861035656e-11,4.0384901556235256e-11,4.0384819217853786e-11,4.038473684623714e-11,4.038465444170511e-11,4.0384572004583986e-11,4.038448953519089e-11,4.03844070338272e-11,4.038432450087502e-11,4.0384241936496194e-11,4.0384159341073e-11,4.038407671480991e-11,4.0383994058179166e-11,4.0383911371413093e-11,4.038382865470518e-11,4.038374590844608e-11,4.038366313293515e-11,4.0383580328342235e-11,4.0383497495007784e-11,4.0383414633183436e-11,4.038333174315253e-11,4.0383248825194754e-11,4.038316587951565e-11,4.038308290629149e-11,4.038299990607071e-11,4.038291687894875e-11,4.0382833825178365e-11,4.0382750745013264e-11,4.0382667638774804e-11,4.0382584506545787e-11,4.0382501348648334e-11,4.0382418165333746e-11,4.038233495680989e-11,4.038225172341379e-11,4.0382168465236244e-11,4.038208518265115e-11,4.038200187571864e-11,4.038191854473461e-11,4.03818351899175e-11,4.038175181154253e-11,4.038166840974243e-11,4.0381584984767835e-11,4.03815015368304e-11,4.038141806614168e-11,4.0381334572838376e-11,4.0381251057176985e-11,4.0381167519464994e-11,4.0381083959819966e-11,4.038100037843639e-11,4.0380916775505443e-11,4.038083315123072e-11,4.0380749505796245e-11,4.0380665839507255e-11,4.0380582152318925e-11,4.038049844451913e-11,4.038041471632722e-11,4.0380330967910644e-11,4.038024719952655e-11,4.038016341117237e-11,4.038007960310463e-11,4.037999577555248e-11,4.03799119286756e-11,4.037982806258875e-11,4.0379744177538694e-11,4.037966027351923e-11,4.037957635091563e-11,4.037949240976866e-11,4.03794084503079e-11,4.0379324472475974e-11,4.037924047671263e-11,4.037915646305552e-11,4.0379072431665057e-11,4.0378988382761787e-11,4.037890431647557e-11,4.0378820232662336e-11,4.037873613183301e-11,4.0378652014013665e-11,4.0378567879359644e-11,4.037848372798392e-11,4.037839955991298e-11,4.037831537556026e-11,4.037823117498063e-11,4.037814695816475e-11,4.0378062725338155e-11,4.037797847662218e-11,4.0377894212205476e-11,4.0377809932134034e-11,4.037772563666239e-11,4.037764132577445e-11,4.037755699958435e-11,4.037747265827623e-11,4.03773883020836e-11,4.037730393091523e-11,4.0377219544996933e-11,4.037713514436759e-11,4.0377050729303895e-11,4.037696629988719e-11,4.037688185614637e-11,4.0376797398276336e-11,4.0376712926316596e-11,4.037662844037528e-11,4.037654394063057e-11,4.0376459427165146e-11,4.03763749000776e-11,4.037629035948874e-11,4.0376205805491976e-11,4.037612123850725e-11,4.0376036658024245e-11,4.0375952064441606e-11,4.037586745786345e-11,4.037578283843437e-11,4.037569820616112e-11,4.0375613561197334e-11,4.0375528903629166e-11,4.037544423355437e-11,4.037535955111871e-11,4.037527485632776e-11,4.0375190149283285e-11,4.037510542987989e-11,4.037502069873567e-11,4.0374935955587456e-11,4.037485120080537e-11,4.0374766434003725e-11,4.037468165547479e-11,4.037459686540443e-11,4.037451206381011e-11,4.037442725076973e-11,4.037434242643468e-11,4.037425759076921e-11,4.0374172744047594e-11,4.037408788606411e-11,4.037400301697936e-11,4.037391813720136e-11,4.03738332463709e-11,4.037374834465062e-11,4.037366343212152e-11,4.037357850912482e-11,4.037349357560358e-11,4.0373408631522155e-11,4.037332367698887e-11,4.037323871213322e-11,4.037315373698022e-11,4.03730687516504e-11,4.037298375626335e-11,4.03728987506755e-11,4.037281373530737e-11,4.037272870974179e-11,4.0372643674313143e-11,4.037255862909866e-11,4.0372473574131973e-11,4.0372388509481207e-11,4.03723034352139e-11,4.0372218351567147e-11,4.0372133258140524e-11,4.0372048155578635e-11,4.0371963043388875e-11,4.037187792211292e-11,4.037179279140521e-11,4.03717076515255e-11,4.037162250260472e-11,4.037153734450684e-11,4.037145217736335e-11,4.0371367001169245e-11,4.0371281816230765e-11,4.037119662238269e-11,4.0371111419741144e-11,4.037102620827234e-11,4.0370940988194665e-11,4.037085575948994e-11,4.037077052222715e-11,4.037068527633451e-11,4.0370600022005986e-11,4.037051475920233e-11,4.0370429488045306e-11,4.03703442087445e-11,4.0370258920969703e-11,4.037017362492282e-11,4.0370088320723286e-11,4.03700030085345e-11,4.036991768807891e-11,4.0369832359571533e-11,4.0369747023213694e-11,4.0369661678810955e-11,4.0369576326438104e-11,4.036949096619343e-11,4.03694055981207e-11,4.0369320222262895e-11,4.036923483866247e-11,4.036914944749869e-11,4.0369064048546637e-11,4.03689786419716e-11,4.036889322781844e-11,4.036880780602233e-11,4.036872237683954e-11,4.0368636940192696e-11,4.0368551496170845e-11,4.03684660452235e-11,4.036838058642705e-11,4.036829512034948e-11,4.036820964700633e-11,4.03681241664313e-11,4.0368038678675995e-11,4.036795318378407e-11,4.0367867681823454e-11,4.0367782172699593e-11,4.0367696656528896e-11,4.0367611133383e-11,4.036752560364525e-11,4.0367440066522454e-11,4.0367354522497406e-11,4.0367268971618094e-11,4.036718341388107e-11,4.036709784934118e-11,4.036701227799431e-11,4.036692669982449e-11,4.036684111500512e-11,4.0366755523494776e-11,4.036666992532845e-11,4.0366584320534585e-11,4.036649870911258e-11,4.036641309114682e-11,4.0366327466637804e-11,4.036624183563029e-11,4.036615619815728e-11,4.0366070554216405e-11,4.0365984903874906e-11,4.0365899247113264e-11,4.0365813583982344e-11,4.036572791452081e-11,4.036564223873589e-11,4.0365556556659535e-11,4.0365470868320855e-11,4.0365385173762694e-11,4.036529947302645e-11,4.036521376592082e-11,4.03651280527936e-11,4.0365042333527966e-11,4.03649566081519e-11,4.036487087669035e-11,4.0364785139149014e-11,4.036469939564236e-11,4.036461364606586e-11,4.0364527890497326e-11,4.036444212896054e-11,4.0364356361478145e-11,4.0364270588101853e-11,4.036418480876277e-11,4.0364099023414806e-11,4.0364013232396535e-11,4.0363927435395526e-11,4.036384163270433e-11,4.036375582422026e-11,4.036367000996409e-11,4.036358418995649e-11,4.036349836423264e-11,4.0363412532785755e-11,4.0363326695696665e-11,4.036324085291212e-11,4.036315500445677e-11,4.03630691503609e-11,4.036298329069891e-11,4.036289742536982e-11,4.0362811554490175e-11,4.036272567805526e-11,4.036263979617236e-11,4.036255390878348e-11,4.0362468015786684e-11,4.0362382117295085e-11,4.036229621334598e-11,4.0362210303968253e-11,4.036212438913487e-11,4.0362038468881505e-11,4.036195254319027e-11,4.0361866612158154e-11,4.036178067575024e-11,4.036169473399331e-11,4.036160878692e-11,4.0361522834519595e-11,4.036143687681501e-11,4.036135091384198e-11,4.0361264945972805e-11,4.036117897245217e-11,4.036109299370321e-11,4.036100700971408e-11,4.0360921020522266e-11,4.03608350261234e-11,4.03607490264417e-11,4.036066302169047e-11,4.0360577011786923e-11,4.036049099653564e-11,4.036040497638224e-11,4.036031895116892e-11,4.0360232920780126e-11,4.0360146885315484e-11,4.036006084476578e-11,4.0359974799155205e-11,4.035988874845002e-11,4.035980269277094e-11,4.0359716632087164e-11,4.035963056634303e-11,4.035954449560388e-11,4.035945841989177e-11,4.035937233918472e-11,4.0359286253547716e-11,4.0359200162947905e-11,4.035911406751725e-11,4.0359027967060096e-11,4.035894186168308e-11,4.035885575138466e-11,4.035876963617972e-11,4.035868351612033e-11,4.035859739123304e-11,4.035851126144794e-11,4.0358425126731384e-11,4.035833898726538e-11,4.035825284296379e-11,4.0358166693841287e-11,4.035808053997988e-11,4.035799438125505e-11,4.035790821774266e-11,4.035782204932285e-11,4.0357735876264813e-11,4.035764969846748e-11,4.035756351590398e-11,4.035747732860072e-11,4.0357391136583626e-11,4.0357304939815694e-11,4.0357218738401075e-11,4.0357132532277065e-11,4.0357046321461926e-11,4.03569601059069e-11,4.0356873885666626e-11,4.0356787660553457e-11,4.035670143100751e-11,4.035661519678263e-11,4.035652895796053e-11,4.0356442714490565e-11,4.0356356466411514e-11,4.035627021370047e-11,4.035618395637411e-11,4.035609769445384e-11,4.035601142794002e-11,4.035592515684107e-11,4.0355838881014016e-11,4.0355752600642494e-11,4.035566631582156e-11,4.0355580026458856e-11,4.035549373254853e-11,4.035540743413389e-11,4.0355321130985204e-11,4.035523482353804e-11,4.0355148511511004e-11,4.0355062194943564e-11,4.035497587400188e-11,4.035488954848046e-11,4.0354803218448424e-11,4.035471688398379e-11,4.0354630544923955e-11,4.035454420145806e-11,4.035445785355155e-11,4.035437150117259e-11,4.035428514433208e-11,4.0354198783047775e-11,4.035411241731963e-11,4.03540260471872e-11,4.0353939672594586e-11,4.0353853293416004e-11,4.035376690999368e-11,4.035368052215437e-11,4.0353594129967356e-11,4.035350773315616e-11,4.035342133213079e-11,4.035333492671002e-11,4.03532485169722e-11,4.0353162102890287e-11,4.0353075684345965e-11,4.035298926146984e-11,4.035290283422216e-11,4.0352816402556523e-11,4.0352729966601394e-11,4.035264352626161e-11,4.035255708145117e-11,4.0352470632470755e-11,4.035238417915891e-11,4.035229772152795e-11,4.035221125935632e-11,4.035212479308133e-11,4.03520383225076e-11,4.0351951847564905e-11,4.035186536838932e-11,4.0351778884908876e-11,4.035169239715021e-11,4.035160590510164e-11,4.0351519408772664e-11,4.0351432908143714e-11,4.035134640326108e-11,4.035125989409951e-11,4.035117338068857e-11,4.0351086863035585e-11,4.0351000341108266e-11,4.0350913814920257e-11,4.0350827284504656e-11,4.035074074964869e-11,4.035065421073619e-11,4.035056766765361e-11,4.035048112026718e-11,4.035039456869667e-11,4.0350308012874e-11,4.035022145283364e-11,4.0350134888562437e-11,4.0350048319844464e-11,4.034996174716716e-11,4.034987517028548e-11,4.03497885891916e-11,4.0349702003919664e-11,4.0349615414446896e-11,4.0349528820776006e-11,4.0349442222925404e-11,4.034935562088587e-11,4.0349269014660315e-11,4.0349182404110313e-11,4.034909578931544e-11,4.034900917056678e-11,4.034892254748556e-11,4.034883592026421e-11,4.034874928904048e-11,4.034866265365843e-11,4.0348576014125596e-11,4.0348489370266614e-11,4.034840272245934e-11,4.0348316070485054e-11,4.0348229414375715e-11,4.034814275411852e-11,4.034805608967459e-11,4.0347969421131e-11,4.0347882748489926e-11,4.034779607170482e-11,4.034770939079794e-11,4.034762270581517e-11,4.0347536016665034e-11,4.034744932339872e-11,4.034736262603091e-11,4.0347275924540506e-11,4.03471892187384e-11,4.034710250901836e-11,4.03470157952199e-11,4.0346929077131e-11,4.034684235517688e-11,4.034675562885937e-11,4.0346668898674974e-11,4.034658216439057e-11,4.0346495425815946e-11,4.034640868327005e-11,4.034632193672956e-11,4.034623518610935e-11,4.034614843143512e-11,4.034606167280287e-11,4.0345974909761844e-11,4.034588814268004e-11,4.0345801371501225e-11,4.034571459620136e-11,4.034562781707631e-11,4.034554103395216e-11,4.0345454246477793e-11,4.034536745519777e-11,4.034528065984506e-11,4.0345193860232506e-11,4.034510705657531e-11,4.0345020248892826e-11,4.0344933437134565e-11,4.0344846621518166e-11,4.034475980185867e-11,4.034467297817047e-11,4.034458615024765e-11,4.034449931846521e-11,4.034441248248422e-11,4.03443256426272e-11,4.034423879851022e-11,4.0344151950591874e-11,4.0344065098617074e-11,4.0343978242641886e-11,4.034389138263924e-11,4.0343804518623644e-11,4.03437176505763e-11,4.034363077827368e-11,4.034354390201549e-11,4.034345702175771e-11,4.034337013742458e-11,4.0343283249103304e-11,4.034319635675004e-11,4.034310946044372e-11,4.034302256012892e-11,4.034293565596711e-11,4.0342848747629104e-11,4.0342761835444726e-11,4.0342674919254034e-11,4.034258799918916e-11,4.0342501075003344e-11,4.0342414146831296e-11,4.0342327214471996e-11,4.03422402783153e-11,4.034215333792906e-11,4.03420663937671e-11,4.034197944561422e-11,4.03418924934731e-11,4.0341805537343726e-11,4.034171857723722e-11,4.034163161297115e-11,4.0341544644882716e-11,4.0341457672660864e-11,4.034137069661069e-11,4.034128371640217e-11,4.034119673242082e-11,4.0341109744441374e-11,4.03410227523148e-11,4.034093575637784e-11,4.0340848756263664e-11,4.034076175236216e-11,4.0340674744519e-11,4.034058773251987e-11,4.03405007166822e-11,4.034041369673363e-11,4.034032667304657e-11,4.034023964533404e-11,4.0340152613725993e-11,4.0340065577945406e-11,4.033997853835134e-11,4.0339891494974204e-11,4.033980444731206e-11,4.033971739585372e-11,4.033963034045299e-11,4.033954328107146e-11,4.033945621777218e-11,4.033936915031981e-11,4.033928207911172e-11,4.0339195003651395e-11,4.0339107924517697e-11,4.033902084143208e-11,4.033893375439437e-11,4.033884666341449e-11,4.0338759568508524e-11,4.033867246981685e-11,4.0338585367020546e-11,4.0338498260028425e-11,4.0338411149318276e-11,4.0338324034665984e-11,4.0338236916072326e-11,4.033814979336857e-11,4.0338062666731626e-11,4.0337975536240945e-11,4.033788840189108e-11,4.033780126362529e-11,4.033771412124133e-11,4.0337626975084706e-11,4.0337539824952577e-11,4.033745267076709e-11,4.033736551281797e-11,4.033727835093077e-11,4.033719118510597e-11,4.033710401530309e-11,4.033701684165345e-11,4.033692966403981e-11,4.033684248250742e-11,4.0336755297179266e-11,4.033666810779428e-11,4.033658091448547e-11,4.033649371725226e-11,4.0336406516094366e-11,4.033631931117231e-11,4.033623210218721e-11,4.033614488927463e-11,4.0336057672440386e-11,4.0335970451681023e-11,4.0335883226937015e-11,4.033579599829357e-11,4.0335708765540804e-11,4.033562152913238e-11,4.033553428879457e-11,4.033544704433932e-11,4.033535979617154e-11,4.033527254412623e-11,4.033518528812013e-11,4.0335098028153913e-11,4.033501076434731e-11,4.0334923496601916e-11,4.033483622494344e-11,4.0334748949289046e-11,4.033466166964579e-11,4.0334574386258807e-11,4.0334487098779e-11,4.033439980757068e-11,4.0334312512714596e-11,4.0334225213658575e-11,4.033413791075549e-11,4.0334050603758214e-11,4.033396329306979e-11,4.033387597841392e-11,4.0333788659878054e-11,4.0333701337343404e-11,4.033361401099339e-11,4.033352668075258e-11,4.0333439346573166e-11,4.0333352008339817e-11,4.033326466641108e-11,4.0333177320568544e-11,4.0333089970853746e-11,4.0333002617214804e-11,4.033291525946198e-11,4.033282789783706e-11,4.0332740532310734e-11,4.0332653163075244e-11,4.0332565789952223e-11,4.033247841276294e-11,4.03323910318503e-11,4.033230364687094e-11,4.033221625816738e-11,4.033212886546252e-11,4.033204146875969e-11,4.033195406838298e-11,4.033186666393163e-11,4.033177925577099e-11,4.033169184373041e-11,4.033160442771341e-11,4.0331517007707e-11,4.0331429583816175e-11,4.033134215602293e-11,4.033125472435351e-11,4.0331167288807803e-11,4.0331079849312166e-11,4.033099240618169e-11,4.033090495889552e-11,4.0330817507797374e-11,4.033073005298184e-11,4.0330642594260466e-11,4.033055513149007e-11,4.03304676650207e-11,4.033038019450071e-11,4.033029271996776e-11,4.033020524185231e-11,4.0330117759652865e-11,4.033003027378909e-11,4.032994278377059e-11,4.0329855290124906e-11,4.032976779259752e-11,4.032968029118973e-11,4.032959278589977e-11,4.032950527674672e-11,4.032941776354295e-11,4.032933024644102e-11,4.032924272563735e-11,4.0329155200981645e-11,4.032906767225393e-11,4.032898013963777e-11,4.032889260329673e-11,4.032880506295436e-11,4.032871751888828e-11,4.0328629970938065e-11,4.0328542418918496e-11,4.0328454863206885e-11,4.0328367303409763e-11,4.032827973995007e-11,4.032819217263596e-11,4.032810460149699e-11,4.032801702627026e-11,4.0327929447357685e-11,4.032784186468298e-11,4.032775427801682e-11,4.032766668728783e-11,4.0327579092694134e-11,4.032749149422628e-11,4.032740389188417e-11,4.032731628586855e-11,4.032722867601655e-11,4.0327141062064966e-11,4.032705344427665e-11,4.032696582259154e-11,4.0326878197209305e-11,4.0326790567773043e-11,4.0326702934650574e-11,4.0326615297468497e-11,4.0326527656374424e-11,4.0326440011487986e-11,4.0326352362818605e-11,4.032626471036275e-11,4.032617705402013e-11,4.032608939364625e-11,4.032600172941857e-11,4.0325914061498104e-11,4.032582638970662e-11,4.0325738714106515e-11,4.032565103439261e-11,4.032556335102207e-11,4.0325475663620455e-11,4.0325387972487616e-11,4.032530027751878e-11,4.032521257874185e-11,4.0325124876093296e-11,4.032503716948633e-11,4.032494945905508e-11,4.0324861744774086e-11,4.032477402663209e-11,4.0324686304626715e-11,4.0324598578571177e-11,4.0324510848616716e-11,4.032442311502997e-11,4.0324335377572127e-11,4.032424763631694e-11,4.032415989106849e-11,4.032407214180782e-11,4.032398438874318e-11,4.032389663198873e-11,4.0323808871234194e-11,4.0323721106607036e-11,4.032363333810682e-11,4.0323545566035597e-11,4.032345779000057e-11,4.032337000995081e-11,4.0323282226213325e-11,4.032319443861992e-11,4.032310664695785e-11,4.032301885163387e-11,4.0322931052476314e-11,4.032284324928634e-11,4.0322755442193336e-11,4.0322667631451156e-11,4.032257981685387e-11,4.0322491998428105e-11,4.0322404176121093e-11,4.032231634980331e-11,4.032222851962788e-11,4.032214068552967e-11,4.0322052847807354e-11,4.0321965006105206e-11,4.032187716049042e-11,4.032178931103632e-11,4.0321701457900784e-11,4.0321613600912726e-11,4.032152574005565e-11,4.0321437875363184e-11,4.032135000666066e-11,4.0321262134061887e-11,4.0321174257534104e-11,4.032108637727622e-11,4.032099849346246e-11,4.032091060566291e-11,4.032082271407021e-11,4.0320734818397744e-11,4.032064691907959e-11,4.0320559015879124e-11,4.032047110881352e-11,4.032038319773278e-11,4.032029528301973e-11,4.032020736425813e-11,4.032011944186407e-11,4.0320031515542076e-11,4.031994358538802e-11,4.031985565141602e-11,4.0319767713356506e-11,4.0319679771671266e-11,4.0319591826193934e-11,4.0319503876809504e-11,4.031941592356792e-11,4.031932796651902e-11,4.0319240005429216e-11,4.0319152040652474e-11,4.03190640720661e-11,4.031897609960575e-11,4.031888812312108e-11,4.0318800142985776e-11,4.0318712158996504e-11,4.031862417115241e-11,4.031853617951228e-11,4.031844818391735e-11,4.031836018453989e-11,4.031827218131913e-11,4.031818417425316e-11,4.0318096163176616e-11,4.0318008148423567e-11,4.03179201298367e-11,4.0317832107435515e-11,4.031774408115209e-11,4.0317656051051804e-11,4.03175680168894e-11,4.031747997915907e-11,4.031739193754276e-11,4.031730389203673e-11,4.031721584249987e-11,4.031712778931592e-11,4.0317039732293535e-11,4.031695167143381e-11,4.0316863606728256e-11,4.031677553825607e-11,4.031668746568801e-11,4.031659938948636e-11,4.031651130948103e-11,4.0316423225561044e-11,4.0316335137614465e-11,4.0316247045993595e-11,4.031615895039468e-11,4.031607085113457e-11,4.031598274783757e-11,4.031589464085313e-11,4.0315806530060825e-11,4.031571841540021e-11,4.031563029697493e-11,4.031554217448911e-11,4.0315454048380336e-11,4.031536591842794e-11,4.0315277784611575e-11,4.031518964696213e-11,4.031510150540378e-11,4.0315013360080955e-11,4.0314925210754434e-11,4.0314837057732613e-11,4.031474890093422e-11,4.031466074009591e-11,4.0314572575606596e-11,4.031448440708651e-11,4.031439623467984e-11,4.031430805867605e-11,4.0314219878636714e-11,4.0314131694777154e-11,4.031404350724395e-11,4.031395531588728e-11,4.031386712075918e-11,4.0313778921720136e-11,4.031369071887332e-11,4.031360251199871e-11,4.031351430126554e-11,4.03134260869158e-11,4.0313337868730723e-11,4.031324964650654e-11,4.031316142041496e-11,4.0313073190707044e-11,4.031298495695379e-11,4.031289671938398e-11,4.031280847817867e-11,4.031272023294087e-11,4.031263198406072e-11,4.0312543731176695e-11,4.031245547463119e-11,4.031236721408118e-11,4.031227894970714e-11,4.0312190681671354e-11,4.031210240957345e-11,4.03120141338812e-11,4.031192585435504e-11,4.0311837570823946e-11,4.0311749283424004e-11,4.031166099239148e-11,4.03115726975324e-11,4.0311484398839205e-11,4.031139609610668e-11,4.0311307789577996e-11,4.031121947941081e-11,4.031113116536851e-11,4.0311042847523105e-11,4.031095452563878e-11,4.0310866200132436e-11,4.031077787080769e-11,4.0310689537642426e-11,4.0310601200666196e-11,4.031051285967435e-11,4.031042451505171e-11,4.0310336166599547e-11,4.0310247814319287e-11,4.0310159458183706e-11,4.0310071097989376e-11,4.030998273419661e-11,4.03098943665689e-11,4.030980599511981e-11,4.030971761983295e-11,4.030962924072867e-11,4.030954085763752e-11,4.030945247073087e-11,4.030936407994811e-11,4.030927568556284e-11,4.0309187287320284e-11,4.030909888525907e-11,4.030901047935867e-11,4.030892206969307e-11,4.030883365597633e-11,4.030874523838781e-11,4.0308656817021905e-11,4.0308568391809136e-11,4.0308479962796094e-11,4.0308391529913016e-11,4.030830309344117e-11,4.03082146531175e-11,4.030812620889149e-11,4.030803776092763e-11,4.0307949309129466e-11,4.0307860853524686e-11,4.0307772393886064e-11,4.030768393045524e-11,4.0307595463194384e-11,4.0307506992231484e-11,4.030741851751731e-11,4.0307330038873997e-11,4.030724155621205e-11,4.030715306981942e-11,4.030706457989964e-11,4.0306976086033414e-11,4.030688758835163e-11,4.0306799086666855e-11,4.030671058115368e-11,4.0306622071995263e-11,4.030653355906276e-11,4.030644504209198e-11,4.030635652150415e-11,4.0306267996900966e-11,4.0306179468643434e-11,4.030609093658904e-11,4.030600240053548e-11,4.0305913860805744e-11,4.03058253177266e-11,4.030573677036182e-11,4.030564821894784e-11,4.030555966396851e-11,4.030547110506891e-11,4.030538254237435e-11,4.030529397588964e-11,4.030520540562952e-11,4.0305116831342345e-11,4.0305028253433974e-11,4.030493967169995e-11,4.0304851086161253e-11,4.030476249680283e-11,4.030467390338221e-11,4.030458530628547e-11,4.030449670528229e-11,4.030440810041376e-11,4.0304319491986734e-11,4.030423087971691e-11,4.0304142263628264e-11,4.030405364374055e-11,4.030396501998894e-11,4.030387639223503e-11,4.03037877608381e-11,4.0303699125654017e-11,4.0303610486427064e-11,4.030352184361501e-11,4.030343319695911e-11,4.030334454651252e-11,4.030325589203209e-11,4.030316723392651e-11,4.0303078572067855e-11,4.030298990613908e-11,4.030290123660301e-11,4.030281256322824e-11,4.0302723885870125e-11,4.030263520489289e-11,4.03025465200597e-11,4.030245783150779e-11,4.030236913905599e-11,4.030228044281724e-11,4.030219174271222e-11,4.030210303881595e-11,4.030201433090394e-11,4.0301925619369635e-11,4.03018369040554e-11,4.0301748184927496e-11,4.030165946179136e-11,4.03015707347953e-11,4.030148200419718e-11,4.030139326957711e-11,4.0301304531140273e-11,4.0301215789092224e-11,4.0301127043255624e-11,4.03010382934075e-11,4.030094953975616e-11,4.030086078254383e-11,4.03007720211314e-11,4.0300683256212764e-11,4.030059448749597e-11,4.030050571478279e-11,4.0300416938420876e-11,4.030032815820908e-11,4.03002393742297e-11,4.030015058643816e-11,4.03000617948312e-11,4.029997299942991e-11,4.0299884200215904e-11,4.0299795397210983e-11,4.029970659041217e-11,4.029961777958446e-11,4.029952896511718e-11,4.0299440146668595e-11,4.0299351324414975e-11,4.02992624985098e-11,4.029917366879325e-11,4.029908483527318e-11,4.0298995997974514e-11,4.029890715665666e-11,4.029881831170682e-11,4.029872946272238e-11,4.0298640610149554e-11,4.0298551753788615e-11,4.0298462893596963e-11,4.0298374029623836e-11,4.0298285161592574e-11,4.029819628997042e-11,4.0298107414561854e-11,4.0298018535132386e-11,4.029792965189843e-11,4.029784076506312e-11,4.0297751874412057e-11,4.029766297977435e-11,4.029757408126467e-11,4.029748517919856e-11,4.0297396273306305e-11,4.029730736343377e-11,4.0297218449759886e-11,4.029712953222702e-11,4.029704061089201e-11,4.0296951685751524e-11,4.029686275684637e-11,4.0296773824314384e-11,4.029668488797577e-11,4.0296595947810815e-11,4.0296507003789714e-11,4.02964180560507e-11,4.0296329104477725e-11,4.029624014914312e-11,4.029615118979827e-11,4.029606222663437e-11,4.029597325981682e-11,4.029588428923388e-11,4.029579531486719e-11,4.029570633670911e-11,4.02956173547207e-11,4.029552836909303e-11,4.029543937928059e-11,4.0295350385850737e-11,4.0295261388434694e-11,4.02951723872135e-11,4.029508338236181e-11,4.029499437349705e-11,4.0294905361047126e-11,4.02948163447946e-11,4.0294727324575894e-11,4.0294638300528545e-11,4.029454927288233e-11,4.029446024139819e-11,4.029437120595483e-11,4.0294282166903115e-11,4.0294193123832764e-11,4.0294104076994974e-11,4.0294015026309056e-11,4.029392597187071e-11,4.029383691377657e-11,4.0293747851940515e-11,4.029365878603476e-11,4.029356971652355e-11,4.0293480643281634e-11,4.029339156601253e-11,4.0293302485109515e-11,4.029321340023858e-11,4.0293124311751885e-11,4.0293035219465994e-11,4.029294612317054e-11,4.0292857023177994e-11,4.0292767919553246e-11,4.029267881205491e-11,4.0292589700782024e-11,4.029250058551843e-11,4.0292411466645935e-11,4.0292322343772986e-11,4.0292233217272624e-11,4.029214408680213e-11,4.02920549527025e-11,4.029196581461968e-11,4.029187667293839e-11,4.029178752727439e-11,4.029169837796189e-11,4.0291609224699835e-11,4.0291520067784106e-11,4.0291430906910215e-11,4.029134174241979e-11,4.0291252574181363e-11,4.0291163402119835e-11,4.0291074226234987e-11,4.0290985046582e-11,4.0290895862918224e-11,4.029080667564042e-11,4.0290717484372485e-11,4.029062828946808e-11,4.029053909060834e-11,4.02904498881415e-11,4.029036068187783e-11,4.029027147184461e-11,4.029018225787338e-11,4.0290093039951375e-11,4.02900038185845e-11,4.0289914593295165e-11,4.028982536409048e-11,4.028973613107811e-11,4.0289646894221695e-11,4.028955765378936e-11,4.028946840959222e-11,4.02893791615633e-11,4.028928990957471e-11,4.028920065396203e-11,4.0289111394583694e-11,4.0289022131212243e-11,4.028893286424127e-11,4.0288843593258525e-11,4.028875431867352e-11,4.028866504030256e-11,4.02885757579305e-11,4.028848647193826e-11,4.0288397182201305e-11,4.028830788845367e-11,4.0288218591095947e-11,4.028812928998131e-11,4.028803998486082e-11,4.028795067619257e-11,4.0287861363497066e-11,4.028777204700585e-11,4.0287682726713113e-11,4.0287593402814925e-11,4.0287504075123145e-11,4.02874147435295e-11,4.028732540824873e-11,4.028723606922897e-11,4.028714672614826e-11,4.0287057379501144e-11,4.028696802886802e-11,4.028687867468601e-11,4.028678931669471e-11,4.028669995488118e-11,4.0286610589013295e-11,4.028652121962018e-11,4.0286431846238426e-11,4.0286342469009655e-11,4.028625308807281e-11,4.028616370347306e-11,4.0286074315107823e-11,4.028598492297641e-11,4.028589552707248e-11,4.0285806127189714e-11,4.028571672350598e-11,4.028562731622629e-11,4.028553790493006e-11,4.028544848984449e-11,4.028535907114971e-11,4.028526964869018e-11,4.0285180222436415e-11,4.0285090792210945e-11,4.0285001358636117e-11,4.0284911921015917e-11,4.0284822479605194e-11,4.028473303423438e-11,4.028464358524864e-11,4.0284554132465764e-11,4.028446467590777e-11,4.0284375215362483e-11,4.028428575122577e-11,4.028419628312634e-11,4.028410681122563e-11,4.0284017335735144e-11,4.0283927856262254e-11,4.028383837318019e-11,4.028374888611276e-11,4.028365939547145e-11,4.028356990082793e-11,4.028348040242691e-11,4.02833909002483e-11,4.02833013944867e-11,4.028321188490558e-11,4.028312237156638e-11,4.028303285423798e-11,4.028294333336803e-11,4.028285380864255e-11,4.028276427989782e-11,4.02826747475939e-11,4.0282585211909935e-11,4.028249567184949e-11,4.028240612801451e-11,4.028231658041173e-11,4.0282227029250465e-11,4.028213747427213e-11,4.028204791524666e-11,4.0281958352701575e-11,4.0281868786358475e-11,4.0281779216208625e-11,4.0281689642286987e-11,4.0281600064560595e-11,4.028151048306809e-11,4.0281420897607714e-11,4.028133130855619e-11,4.028124171558193e-11,4.0281152118758135e-11,4.028106251837597e-11,4.028097291419802e-11,4.028088330622331e-11,4.0280793694428504e-11,4.0280704078915546e-11,4.028061445958685e-11,4.028052483647696e-11,4.028043520963621e-11,4.0280345578759367e-11,4.02802559441325e-11,4.028016630571356e-11,4.028007666369939e-11,4.027998701774331e-11,4.027989736798693e-11,4.02798077144705e-11,4.027971805716736e-11,4.027962839608041e-11,4.027953873135475e-11,4.0279449062900785e-11,4.0279359390638966e-11,4.027926971441616e-11,4.0279180034739467e-11,4.0279090351074335e-11,4.02790006635331e-11,4.0278910972366946e-11,4.027882127725139e-11,4.027873157836047e-11,4.0278641875911114e-11,4.027855216964691e-11,4.0278462459615986e-11,4.027837274580572e-11,4.027828302818515e-11,4.027819330663246e-11,4.027810358145786e-11,4.0278013852386e-11,4.0277924119645794e-11,4.027783438313285e-11,4.02777446426816e-11,4.02776548986069e-11,4.0277565150775657e-11,4.027747539914474e-11,4.02773856438572e-11,4.0277295884692624e-11,4.027720612155944e-11,4.027711635483746e-11,4.027702658414828e-11,4.027693680969638e-11,4.02768470314693e-11,4.0276757249425235e-11,4.0276667463826436e-11,4.0276577674229047e-11,4.0276487881063374e-11,4.0276398083948166e-11,4.02763082832564e-11,4.027621847856699e-11,4.0276128670133746e-11,4.027603885808739e-11,4.027594904226128e-11,4.0275859222714176e-11,4.0275769399456745e-11,4.0275679572337907e-11,4.027558974141569e-11,4.027549990656612e-11,4.0275410067929954e-11,4.027532022550427e-11,4.027523037930136e-11,4.027514052950656e-11,4.027505067582731e-11,4.027496081831283e-11,4.0274870957223273e-11,4.02747810923341e-11,4.0274691223514975e-11,4.027460135086943e-11,4.02745114744975e-11,4.02744215945073e-11,4.027433171045309e-11,4.027424182272597e-11,4.027415193153067e-11,4.0274062036470573e-11,4.027397213762005e-11,4.027388223496971e-11,4.027379232860495e-11,4.0273702418466405e-11,4.027361250452894e-11,4.027352258666236e-11,4.0273432665019134e-11,4.027334273958462e-11,4.027325281056184e-11,4.027316287776673e-11,4.0273072941023344e-11,4.0272983000714384e-11,4.027289305640793e-11,4.027280310835828e-11,4.027271315672147e-11,4.027262320113403e-11,4.0272533242005894e-11,4.0272443278828156e-11,4.027235331203797e-11,4.027226334156418e-11,4.027217336712556e-11,4.027208338911222e-11,4.027199340732933e-11,4.027190342175046e-11,4.027181343223004e-11,4.027172343892673e-11,4.027163344206686e-11,4.027154344120334e-11,4.027145343678864e-11,4.027136342839626e-11,4.0271273416251745e-11,4.0271183400557886e-11,4.027109338087767e-11,4.0271003357600594e-11,4.027091333039891e-11,4.027082329943773e-11,4.0270733264813695e-11,4.027064322629749e-11,4.027055318400887e-11,4.027046313796488e-11,4.027037308835094e-11,4.027028303473017e-11,4.027019297728833e-11,4.027010291618633e-11,4.0270012851491096e-11,4.026992278282105e-11,4.0269832710414744e-11,4.0269742634367074e-11,4.0269652554432346e-11,4.0269562470891814e-11,4.026947238359822e-11,4.026938229254087e-11,4.026929219769286e-11,4.026920209894424e-11,4.0269111996567774e-11,4.0269021890274774e-11,4.026893178013595e-11,4.026884166649918e-11,4.026875154876467e-11,4.0268661427587614e-11,4.0268571302657414e-11,4.026848117394821e-11,4.026839104152166e-11,4.026830090510223e-11,4.026821076508653e-11,4.026812062130683e-11,4.026803047376876e-11,4.026794032245202e-11,4.026785016722641e-11,4.0267760008195595e-11,4.0267669845587726e-11,4.02675796790477e-11,4.0267489509004936e-11,4.026739933491367e-11,4.026730915724575e-11,4.026721897580476e-11,4.0267128790587024e-11,4.026703860162376e-11,4.026694840873621e-11,4.026685821232895e-11,4.0266768011935165e-11,4.026667780795774e-11,4.026658760021094e-11,4.026649738870289e-11,4.02664071731764e-11,4.0266316953970126e-11,4.026622673125679e-11,4.026613650470472e-11,4.0266046274218605e-11,4.026595603995825e-11,4.026586580196392e-11,4.0265775560376664e-11,4.026568531503223e-11,4.0265595065709855e-11,4.0265504812823254e-11,4.0265414556221385e-11,4.026532429585263e-11,4.026523403175116e-11,4.026514376377572e-11,4.0265053492109755e-11,4.0264963216674766e-11,4.026487293726287e-11,4.026478265439484e-11,4.0264692367478256e-11,4.0264602077036286e-11,4.026451178280688e-11,4.026442148484632e-11,4.026433118292206e-11,4.0264240877444117e-11,4.0264150568011346e-11,4.0264060254989846e-11,4.026396993821199e-11,4.0263879617657827e-11,4.026378929339123e-11,4.026369896536845e-11,4.02636086333785e-11,4.0263518297840306e-11,4.026342795850694e-11,4.0263337615235813e-11,4.0263247268410925e-11,4.0263156917811184e-11,4.026306656326587e-11,4.026297620498085e-11,4.026288584285893e-11,4.026279547711599e-11,4.0262705107756045e-11,4.026261473465213e-11,4.026252435760319e-11,4.026243397696031e-11,4.0262343592472386e-11,4.026225320437224e-11,4.026216281229468e-11,4.026207241663051e-11,4.026198201720889e-11,4.026189161402327e-11,4.026180120709424e-11,4.026171079640207e-11,4.0261620381958096e-11,4.0261529963603894e-11,4.0261439541637654e-11,4.0261349115753776e-11,4.026125868606239e-11,4.026116825269329e-11,4.0261077815784816e-11,4.026098737508627e-11,4.02608969306459e-11,4.0260806482441194e-11,4.026071603029846e-11,4.026062557458276e-11,4.026053511512969e-11,4.0260444651706e-11,4.0260354184733047e-11,4.0260263714023185e-11,4.026017323954187e-11,4.026008276126338e-11,4.0259992279097544e-11,4.025990179331781e-11,4.0259811303827044e-11,4.025972081051503e-11,4.0259630313514685e-11,4.0259539812779815e-11,4.0259449308295065e-11,4.025935880003874e-11,4.0259268287878546e-11,4.02591777721472e-11,4.025908725257285e-11,4.025899672928813e-11,4.0258906202112045e-11,4.025881567117737e-11,4.0258725136500155e-11,4.025863459805418e-11,4.025854405606986e-11,4.0258453510317134e-11,4.025836296062655e-11,4.02582724073657e-11,4.0258181850189115e-11,4.025809128926208e-11,4.0258000724828496e-11,4.025791015656382e-11,4.0257819584539135e-11,4.0257729008794564e-11,4.025763842929104e-11,4.025754784581584e-11,4.025745725882871e-11,4.0257366668050556e-11,4.025727607338927e-11,4.0257185475184846e-11,4.0257094873202507e-11,4.025700426726789e-11,4.0256913658140225e-11,4.0256823044728964e-11,4.0256732427589704e-11,4.025664180688139e-11,4.0256551182449384e-11,4.0256460554004535e-11,4.025636992178591e-11,4.025627928615607e-11,4.0256188646415775e-11,4.025609800320384e-11,4.025600735638469e-11,4.0255916705709004e-11,4.0255826051247994e-11,4.0255735393040037e-11,4.0255644731069196e-11,4.0255554065352875e-11,4.025546339575799e-11,4.025537272264862e-11,4.025528204554548e-11,4.025519136487647e-11,4.0255100680479466e-11,4.0255009992330666e-11,4.025491930020332e-11,4.025482860457785e-11,4.0254737904976217e-11,4.0254647201652737e-11,4.0254556494790145e-11,4.0254465783979595e-11,4.025437506960118e-11,4.025428435151878e-11,4.025419362967147e-11,4.025410290393591e-11,4.0254012174619836e-11,4.0253921441374836e-11,4.025383070454448e-11,4.02537399637946e-11,4.025364921929333e-11,4.025355847099867e-11,4.0253467719026904e-11,4.025337696329178e-11,4.025328620378523e-11,4.0253195440783965e-11,4.025310467381624e-11,4.0253013903148173e-11,4.025292312868683e-11,4.0252832350689324e-11,4.025274156883313e-11,4.025265078335495e-11,4.025255999396281e-11,4.0252469200992895e-11,4.025237840411899e-11,4.0252287603677786e-11,4.025219679930685e-11,4.0252105991408415e-11,4.02520151795513e-11,4.0251924363969346e-11,4.025183354482615e-11,4.025174272199032e-11,4.025165189517365e-11,4.025156106464246e-11,4.0251470230366626e-11,4.0251379392548794e-11,4.025128855095332e-11,4.025119770539927e-11,4.025110685609197e-11,4.025101600311566e-11,4.025092514660196e-11,4.025083428632041e-11,4.025074342235532e-11,4.025065255434622e-11,4.025056168285869e-11,4.025047080761325e-11,4.025037992847089e-11,4.0250289045547513e-11,4.025019815890722e-11,4.02501072685583e-11,4.025001637460502e-11,4.0249925476942575e-11,4.0249834575571364e-11,4.024974367045802e-11,4.024965276161258e-11,4.024956184901998e-11,4.024947093267049e-11,4.0249380012640387e-11,4.0249289088817504e-11,4.024919816103716e-11,4.024910722958372e-11,4.02490162943394e-11,4.0248925355656137e-11,4.024883441320693e-11,4.024874346672996e-11,4.024865251679352e-11,4.024856156305027e-11,4.024847060561225e-11,4.024837964444375e-11,4.024828867955611e-11,4.024819771090013e-11,4.0248106738326224e-11,4.024801576204956e-11,4.024792478197262e-11,4.0247833798383224e-11,4.0247742811079114e-11,4.0247651820043586e-11,4.024756082507428e-11,4.024746982657563e-11,4.0247378824344445e-11,4.024728781816906e-11,4.0247196808470485e-11,4.0247105795036755e-11,4.0247014777675906e-11,4.024692375671136e-11,4.0246832731850506e-11,4.0246741703270866e-11,4.024665067117321e-11,4.0246559635312865e-11,4.024646859553324e-11,4.024637755221335e-11,4.02462865051413e-11,4.0246195454202526e-11,4.024610440001529e-11,4.024601334176345e-11,4.0245922279676216e-11,4.02458312139713e-11,4.024574014431155e-11,4.024564907112908e-11,4.024555799421844e-11,4.024546691356627e-11,4.0245375829032394e-11,4.024528474091004e-11,4.0245193649075993e-11,4.024510255337996e-11,4.024501145413913e-11,4.0244920350955064e-11,4.0244829244192794e-11,4.024473813354284e-11,4.0244647019328234e-11,4.0244555901211695e-11,4.02444647793694e-11,4.0244373654059917e-11,4.024428252494562e-11,4.0244191392110336e-11,4.024410025532919e-11,4.024400911500661e-11,4.024391797094648e-11,4.024382682316319e-11,4.0243735671400026e-11,4.0243644515972245e-11,4.024355335700869e-11,4.024346219413437e-11,4.0243371027541136e-11,4.024327985742707e-11,4.024318868358534e-11,4.024309750579161e-11,4.0243006324264886e-11,4.024291513905466e-11,4.0242823950041377e-11,4.0242732757528633e-11,4.0242641561316874e-11,4.0242550361122964e-11,4.024245915748578e-11,4.0242367950094906e-11,4.0242276738976034e-11,4.02421855239272e-11,4.024209430516978e-11,4.024200308281252e-11,4.024191185678916e-11,4.024182062701005e-11,4.024172939350686e-11,4.024163815628752e-11,4.024154691509886e-11,4.02414556704306e-11,4.0241364421995043e-11,4.024127316962803e-11,4.0241181913672755e-11,4.0241090654107975e-11,4.0240999390795544e-11,4.02409081236097e-11,4.0240816852862704e-11,4.024072557821597e-11,4.0240634300043326e-11,4.0240543018116733e-11,4.024045173231137e-11,4.024036044295686e-11,4.0240269149889006e-11,4.0240177853068296e-11,4.024008655252567e-11,4.023999524809899e-11,4.023990394011673e-11,4.023981262845571e-11,4.0239721312863155e-11,4.0239629993536916e-11,4.023953867066514e-11,4.0239447344089853e-11,4.0239356013563705e-11,4.023926467951077e-11,4.023917334177447e-11,4.02390820002986e-11,4.023899065511255e-11,4.0238899306205343e-11,4.023880795337359e-11,4.023871659683192e-11,4.023862523681655e-11,4.0238533872829384e-11,4.023844250525677e-11,4.023835113400047e-11,4.023825975900188e-11,4.023816838030946e-11,4.023807699787735e-11,4.023798561158394e-11,4.0237894221745597e-11,4.02378028281805e-11,4.023771143089182e-11,4.023762002988263e-11,4.023752862495192e-11,4.0237437216497214e-11,4.023734580419609e-11,4.0237254388127573e-11,4.0237162968515546e-11,4.0237071544988597e-11,4.0236980117917275e-11,4.0236888687137224e-11,4.0236797252467304e-11,4.02367058142678e-11,4.023661437214114e-11,4.0236522926515204e-11,4.0236431477180575e-11,4.0236340024188223e-11,4.023624856738023e-11,4.023615710659871e-11,4.023606564244118e-11,4.023597417453786e-11,4.0235882702699484e-11,4.023579122712252e-11,4.023569974784579e-11,4.0235608264773146e-11,4.0235516778197456e-11,4.02354252877781e-11,4.023533379359648e-11,4.0235242295751146e-11,4.02351507943672e-11,4.023505928922741e-11,4.02349677803724e-11,4.023487626763008e-11,4.0234784751382184e-11,4.0234693231419274e-11,4.0234601707562166e-11,4.023451018019658e-11,4.023441864885976e-11,4.023432711381394e-11,4.0234235575245026e-11,4.023414403296133e-11,4.0234052486771666e-11,4.0233960937063903e-11,4.023386938345153e-11,4.02337778263478e-11,4.023368626527572e-11,4.0233594700783777e-11,4.0233503132510365e-11,4.0233411560313695e-11,4.0233319984434946e-11,4.02332284050011e-11,4.023313682185857e-11,4.023304523503379e-11,4.023295364427817e-11,4.023286204978423e-11,4.023277045160274e-11,4.023267884992635e-11,4.023258724451042e-11,4.023249563537444e-11,4.023240402236853e-11,4.023231240584178e-11,4.02322207855759e-11,4.0232129161568175e-11,4.023203753391254e-11,4.0231945902265236e-11,4.0231854266946005e-11,4.0231762627937265e-11,4.023167098540685e-11,4.023157933915941e-11,4.023148768911888e-11,4.02313960353493e-11,4.023130437857046e-11,4.023121271749767e-11,4.0231121052685725e-11,4.023102938395848e-11,4.0230937711738625e-11,4.023084603583637e-11,4.023075435594682e-11,4.023066267243003e-11,4.02305709853041e-11,4.0230479294532034e-11,4.02303876000798e-11,4.023029590188876e-11,4.023020420007209e-11,4.0230112494514516e-11,4.023002078502237e-11,4.022992907196015e-11,4.022983735505783e-11,4.0229745634692997e-11,4.022965391035257e-11,4.022956218230154e-11,4.022947045046623e-11,4.022937871502138e-11,4.0229286976112014e-11,4.022919523343684e-11,4.022910348686891e-11,4.0229011736771456e-11,4.0228919983116704e-11,4.0228828225415966e-11,4.0228736464147624e-11,4.02286446989299e-11,4.022855293008887e-11,4.0228461157740263e-11,4.022836938170909e-11,4.022827760194616e-11,4.022818581825423e-11,4.022809403104886e-11,4.022800224019372e-11,4.02279104455201e-11,4.0227818647224194e-11,4.02277268451806e-11,4.022763503947338e-11,4.0227543230059766e-11,4.022745141677208e-11,4.022735960002575e-11,4.0227267779509824e-11,4.022717595511732e-11,4.0227084127179126e-11,4.0226992295241894e-11,4.02269004598968e-11,4.022680862085483e-11,4.0226716778098666e-11,4.0226624931629305e-11,4.022653308125693e-11,4.0226441227388784e-11,4.022634936982572e-11,4.022625750848133e-11,4.022616564352354e-11,4.022607377483338e-11,4.022598190241456e-11,4.022589002633419e-11,4.022579814657615e-11,4.022570626313448e-11,4.022561437575791e-11,4.022552248483753e-11,4.02254305900405e-11,4.022533869176307e-11,4.022524678978216e-11,4.022515488407255e-11,4.022506297462449e-11,4.0224971061321114e-11,4.022487914451757e-11,4.022478722405591e-11,4.022469529987828e-11,4.0224603371938685e-11,4.0224511440329686e-11,4.022441950500776e-11,4.022432756589139e-11,4.022423562315649e-11,4.0224143676759206e-11,4.022405172645714e-11,4.0223959772642115e-11,4.022386781512028e-11,4.02237758539751e-11,4.022368388907908e-11,4.022359192026695e-11,4.022349994783877e-11,4.022340797184223e-11,4.022331599194245e-11,4.022322400857192e-11,4.0223132021479357e-11,4.022304003048848e-11,4.022294803596862e-11,4.022285603775964e-11,4.022276403583813e-11,4.0222672030219766e-11,4.0222580021202275e-11,4.022248800805033e-11,4.02223959911733e-11,4.0222303970791364e-11,4.022221194667967e-11,4.022211991888758e-11,4.0222027887392774e-11,4.022193585224482e-11,4.022184381339861e-11,4.0221751770840967e-11,4.02216597243928e-11,4.022156767439292e-11,4.022147562070653e-11,4.022138356335539e-11,4.0221291502303204e-11,4.022119943752586e-11,4.022110736888566e-11,4.022101529671561e-11,4.022092322068372e-11,4.022083114112072e-11,4.0220739057892424e-11,4.022064697094594e-11,4.0220554880324616e-11,4.0220462785801593e-11,4.0220370687732306e-11,4.022027858586969e-11,4.0220186480494977e-11,4.0220094371190166e-11,4.022000225837017e-11,4.02199101418223e-11,4.021981802162901e-11,4.0219725897689954e-11,4.0219633769899266e-11,4.0219541638446506e-11,4.0219449503549316e-11,4.021935736467841e-11,4.021926522229746e-11,4.0219173076070055e-11,4.0219080926277984e-11,4.021898877284787e-11,4.0218896615689685e-11,4.021880445487717e-11,4.0218712290183176e-11,4.021862012176819e-11,4.021852794986032e-11,4.021843577420452e-11,4.02183435949053e-11,4.021825141191908e-11,4.0218159225176116e-11,4.0218067034805343e-11,4.021797484078734e-11,4.0217882642970227e-11,4.021779044156656e-11,4.021769823642163e-11,4.021760602763679e-11,4.0217513815101065e-11,4.021742159870318e-11,4.021732937878988e-11,4.0217237155177576e-11,4.021714492768336e-11,4.0217052696521084e-11,4.0216960461845084e-11,4.021686822344085e-11,4.021677598118999e-11,4.021668373526528e-11,4.0216591485722964e-11,4.0216499232605127e-11,4.021640697580545e-11,4.021631471516314e-11,4.021622245099651e-11,4.021613018314597e-11,4.021603791162534e-11,4.021594563618047e-11,4.0215853357283497e-11,4.0215761074642976e-11,4.0215668788257375e-11,4.021557649806265e-11,4.0215484204371884e-11,4.0215391906814136e-11,4.021529960556085e-11,4.021520730080511e-11,4.021511499219572e-11,4.02150226799385e-11,4.021493036400514e-11,4.0214838044478966e-11,4.021474572126761e-11,4.0214653394189335e-11,4.021456106363595e-11,4.0214468729186506e-11,4.021437639106166e-11,4.021428404941291e-11,4.021419170410994e-11,4.0214099355053174e-11,4.0214007002170543e-11,4.021391464580763e-11,4.0213822285608636e-11,4.021372992183802e-11,4.021363755436967e-11,4.0213545183290306e-11,4.0213452808450825e-11,4.0213360429999e-11,4.021326804762264e-11,4.0213175661583675e-11,4.021308327205031e-11,4.02129908788255e-11,4.021289848200918e-11,4.021280608141185e-11,4.0212713676960166e-11,4.021262126877749e-11,4.0212528856914506e-11,4.0212436441570867e-11,4.0212344022587484e-11,4.021225159989424e-11,4.0212159173516806e-11,4.0212066743265065e-11,4.0211974309549925e-11,4.021188187222939e-11,4.021178943108641e-11,4.021169698628263e-11,4.021160453777818e-11,4.021151208566792e-11,4.021141962979582e-11,4.0211327170194155e-11,4.02112347069591e-11,4.021114224004199e-11,4.021104976948067e-11,4.021095729522704e-11,4.02108648172919e-11,4.0210772335464244e-11,4.0210679849964514e-11,4.0210587360955866e-11,4.021049486827773e-11,4.021040237171933e-11,4.021030987147053e-11,4.021021736774736e-11,4.021012486014117e-11,4.021003234901008e-11,4.020993983426182e-11,4.020984731575788e-11,4.020975479345569e-11,4.0209662267637675e-11,4.0209569737969945e-11,4.0209477204821705e-11,4.02093846678901e-11,4.020929212731832e-11,4.0209199582985237e-11,4.020910703518979e-11,4.020901448361139e-11,4.020892192835654e-11,4.0208829369253534e-11,4.020873680647779e-11,4.0208644240185515e-11,4.0208551670039224e-11,4.020845909620705e-11,4.020836651889143e-11,4.0208273937665784e-11,4.0208181353009847e-11,4.020808876463045e-11,4.02079961726447e-11,4.020790357695604e-11,4.02078109775469e-11,4.020771837460172e-11,4.020762576764733e-11,4.0207533157248185e-11,4.02074405431771e-11,4.020734792536151e-11,4.02072553039912e-11,4.0207162678690564e-11,4.020707004984674e-11,4.020697741717283e-11,4.0206884780800764e-11,4.020679214078225e-11,4.020669949701486e-11,4.020660684963801e-11,4.0206514198768335e-11,4.0206421544035866e-11,4.020632888583112e-11,4.020623622372626e-11,4.020614355809123e-11,4.0206050888844546e-11,4.0205958215937795e-11,4.0205865539370137e-11,4.020577285906572e-11,4.02056801749309e-11,4.0205587487298814e-11,4.020549479596445e-11,4.020540210079084e-11,4.020530940215858e-11,4.020521669987528e-11,4.020512399393084e-11,4.0205031284253015e-11,4.0204938570736575e-11,4.0204845853710776e-11,4.0204753133052394e-11,4.020466040872153e-11,4.020456768049953e-11,4.0204474948792556e-11,4.0204382213448707e-11,4.020428947439778e-11,4.0204196731724377e-11,4.0204103985356943e-11,4.020401123509575e-11,4.0203918481384324e-11,4.020382572393723e-11,4.020373296282653e-11,4.0203640197892035e-11,4.020354742943182e-11,4.020345465716122e-11,4.02033618813903e-11,4.0203269101976416e-11,4.0203176318854124e-11,4.0203083532121815e-11,4.020299074166652e-11,4.020289794753982e-11,4.020280514973761e-11,4.020271234831274e-11,4.0202619542969465e-11,4.020252673419047e-11,4.0202433921741525e-11,4.0202341105591293e-11,4.0202248285824686e-11,4.020215546239206e-11,4.020206263519966e-11,4.020196980440165e-11,4.020187696981349e-11,4.0201784131647226e-11,4.020169128981187e-11,4.02015984443359e-11,4.0201505595163977e-11,4.0201412742403694e-11,4.0201319885856546e-11,4.020122702546988e-11,4.020113416158596e-11,4.020104129406141e-11,4.0200948422899195e-11,4.02008555478544e-11,4.020076266936448e-11,4.020066978714924e-11,4.0200576901304665e-11,4.02004840118012e-11,4.0200391118601105e-11,4.020029822175659e-11,4.020020532099431e-11,4.0200112416657797e-11,4.020001950862866e-11,4.019992659715123e-11,4.019983368177887e-11,4.019974076292303e-11,4.019964784042823e-11,4.0199554914201204e-11,4.019946198418954e-11,4.019936905068276e-11,4.019927611349556e-11,4.019918317264265e-11,4.019909022812478e-11,4.0198997279765444e-11,4.019890432791611e-11,4.019881137240088e-11,4.019871841320894e-11,4.019862545033602e-11,4.019853248365971e-11,4.0198439513323665e-11,4.019834653931553e-11,4.01982535618136e-11,4.019816058064744e-11,4.019806759582221e-11,4.019797460738073e-11,4.019788161523134e-11,4.019778861923883e-11,4.019769561979847e-11,4.019760261670374e-11,4.019750960975944e-11,4.019741659905204e-11,4.019732358494322e-11,4.019723056715312e-11,4.019713754571827e-11,4.019704452062652e-11,4.019695149193025e-11,4.0196858459272166e-11,4.019676542306643e-11,4.019667238319929e-11,4.019657933960251e-11,4.01964862925577e-11,4.019639324180501e-11,4.0196300187109376e-11,4.019620712904324e-11,4.0196114067326524e-11,4.019602100188473e-11,4.019592793281613e-11,4.019583485991638e-11,4.019574178355559e-11,4.01956487035343e-11,4.0195555619852083e-11,4.019546253258375e-11,4.019536944158016e-11,4.0195276346857653e-11,4.019518324850319e-11,4.019509014627456e-11,4.01949970404266e-11,4.0194903931124625e-11,4.019481081816238e-11,4.0194717701540984e-11,4.0194624581220034e-11,4.0194531457217677e-11,4.019443832955828e-11,4.019434519831791e-11,4.019425206338326e-11,4.019415892479683e-11,4.019406578256844e-11,4.0193972636465654e-11,4.0193879486675554e-11,4.0193786333264187e-11,4.019369317611461e-11,4.019360001557684e-11,4.019350685137081e-11,4.0193413683530694e-11,4.019332051205854e-11,4.0193227336869266e-11,4.019313415784499e-11,4.01930409753616e-11,4.0192947789033816e-11,4.019285459904719e-11,4.019276140539247e-11,4.019266820809211e-11,4.019257500735628e-11,4.019248180274028e-11,4.0192388594645946e-11,4.019229538289881e-11,4.019220216733137e-11,4.019210894828098e-11,4.0192015725392386e-11,4.019192249881952e-11,4.019182926859383e-11,4.019173603491165e-11,4.019164279758308e-11,4.0191549556672766e-11,4.019145631199936e-11,4.019136306353674e-11,4.0191269811408225e-11,4.019117655580487e-11,4.0191083296543194e-11,4.019099003343442e-11,4.0190896766830464e-11,4.019080349642451e-11,4.019071022235652e-11,4.019061694461039e-11,4.019052366344875e-11,4.0190430378499646e-11,4.019033709003024e-11,4.019024379797169e-11,4.019015050215853e-11,4.0190057202528297e-11,4.018996389944776e-11,4.0189870592674936e-11,4.018977728207061e-11,4.018968396781418e-11,4.018959064990471e-11,4.018949732853262e-11,4.0189404003398624e-11,4.018931067472223e-11,4.018921734242351e-11,4.018912400633703e-11,4.0189030666733625e-11,4.0188937323450476e-11,4.0188843976354665e-11,4.018875062549059e-11,4.0188657271254494e-11,4.018856391339728e-11,4.0188470551861056e-11,4.0188377186701746e-11,4.018828381781367e-11,4.0188190445147707e-11,4.018809706900818e-11,4.018800368902962e-11,4.0187910305550755e-11,4.0187816918471546e-11,4.01877235277624e-11,4.0187630133445766e-11,4.018753673541549e-11,4.0187443333727985e-11,4.0187349928418763e-11,4.018725651922862e-11,4.0187163106553416e-11,4.0187069690269626e-11,4.018697627016578e-11,4.018688284658464e-11,4.018678941924136e-11,4.018669598818421e-11,4.018660255346664e-11,4.018650911539493e-11,4.0186415673612694e-11,4.0186322228198596e-11,4.018622877891097e-11,4.018613532611507e-11,4.018604186953581e-11,4.0185948409478494e-11,4.018585494577891e-11,4.018576147822653e-11,4.0185668007036605e-11,4.0185574532441403e-11,4.018548105411499e-11,4.0185387572191356e-11,4.018529408637641e-11,4.018520059717271e-11,4.018510710433329e-11,4.0185013607893464e-11,4.018492010751129e-11,4.0184826603747695e-11,4.018473309628483e-11,4.018463958514588e-11,4.018454607020939e-11,4.01844525516396e-11,4.0184359029584845e-11,4.018426550392463e-11,4.01841719744167e-11,4.018407844146847e-11,4.018398490467547e-11,4.018389136443173e-11,4.018379782052294e-11,4.018370427302185e-11,4.01836107216464e-11,4.01835171667257e-11,4.018342360805927e-11,4.0183330045890766e-11,4.01832364801456e-11,4.018314291054746e-11,4.0183049337348765e-11,4.0182955760698676e-11,4.018286218019762e-11,4.018276859602158e-11,4.018267500841673e-11,4.018258141695107e-11,4.018248782206116e-11,4.0182394223556594e-11,4.0182300621174125e-11,4.018220701513186e-11,4.018211340568881e-11,4.0182019792571395e-11,4.018192617581075e-11,4.0181832555401363e-11,4.018173893134713e-11,4.018164530370655e-11,4.0181551672193107e-11,4.0181458036979554e-11,4.018136439834297e-11,4.0181270755922874e-11,4.018117711007838e-11,4.0181083460537435e-11,4.0180989807349597e-11,4.018089615058531e-11,4.0180802490135786e-11,4.0180708826031573e-11,4.018061515823975e-11,4.018052148682057e-11,4.0180427811799026e-11,4.0180334132947443e-11,4.018024045063931e-11,4.018014676453099e-11,4.0180053074955387e-11,4.0179959381461486e-11,4.017986568461394e-11,4.017977198413223e-11,4.017967827999802e-11,4.0179584572237114e-11,4.0179490860834643e-11,4.017939714562019e-11,4.017930342694252e-11,4.017920970461709e-11,4.0179115978709745e-11,4.0179022249115156e-11,4.017892851569649e-11,4.017883477876831e-11,4.0178741038091325e-11,4.017864729380828e-11,4.017855354598343e-11,4.017845979459348e-11,4.0178366039586903e-11,4.017827228070995e-11,4.017817851825762e-11,4.017808475210216e-11,4.017799098232259e-11,4.017789720908897e-11,4.017780343220862e-11,4.017770965172697e-11,4.017761586740707e-11,4.0177522079438195e-11,4.017742828778112e-11,4.017733449272647e-11,4.017724069384818e-11,4.0177146891485056e-11,4.0177053085551435e-11,4.0176959275986194e-11,4.017686546278217e-11,4.0176771645880724e-11,4.0176677825353976e-11,4.017658400104333e-11,4.01764901730412e-11,4.0176396341759885e-11,4.017630250671537e-11,4.017620866786765e-11,4.0176114825521724e-11,4.0176020979401375e-11,4.017592712985556e-11,4.017583327664716e-11,4.017573941963287e-11,4.0175645559187656e-11,4.0175551695109564e-11,4.0175457827196476e-11,4.0175363955837496e-11,4.017527008086011e-11,4.017517620225143e-11,4.017508231998066e-11,4.017498843410562e-11,4.0174894544469017e-11,4.017480065127344e-11,4.017470675444553e-11,4.0174612854033146e-11,4.0174518950006e-11,4.017442504232277e-11,4.017433113103837e-11,4.017423721592216e-11,4.0174143297363484e-11,4.017404937517516e-11,4.017395544915062e-11,4.0173861519671045e-11,4.017376758659019e-11,4.017367364985177e-11,4.0173579709253033e-11,4.0173485765266186e-11,4.017339181766174e-11,4.0173297866408094e-11,4.017320391151783e-11,4.017310995301869e-11,4.017301599094375e-11,4.017292202494981e-11,4.017282805551072e-11,4.0172734082473135e-11,4.0172640105804725e-11,4.017254612558363e-11,4.017245214168977e-11,4.017235815410688e-11,4.017226416275637e-11,4.017217016773885e-11,4.0172076169310434e-11,4.017198216724606e-11,4.017188816151942e-11,4.017179415229457e-11,4.0171700139354e-11,4.0171606122674114e-11,4.0171512102419205e-11,4.017141807840668e-11,4.017132405092951e-11,4.0171230019843314e-11,4.017113598494018e-11,4.017104194660753e-11,4.017094790444923e-11,4.017085385866889e-11,4.017075980928388e-11,4.01706657564378e-11,4.017057170000085e-11,4.0170477639877304e-11,4.0170383576183386e-11,4.017028950892127e-11,4.0170195437975434e-11,4.017010136352122e-11,4.017000728535196e-11,4.0169913203528814e-11,4.0169819117867945e-11,4.0169725028804754e-11,4.0169630936068486e-11,4.0169536839745756e-11,4.0169442739564184e-11,4.0169348635940636e-11,4.016925452875084e-11,4.016916041793153e-11,4.016906630348703e-11,4.0168972185446e-11,4.016887806354274e-11,4.016878393798388e-11,4.016868980910391e-11,4.0168595676338145e-11,4.0168501540108895e-11,4.016840740034257e-11,4.0168313256730816e-11,4.016821910943999e-11,4.0168124958636574e-11,4.016803080414489e-11,4.016793664619403e-11,4.016784248471846e-11,4.0167748319494835e-11,4.016765415067005e-11,4.0167559978218295e-11,4.0167465802031516e-11,4.0167371622345473e-11,4.0167277439038034e-11,4.016718325210874e-11,4.016708906135434e-11,4.0166994867177734e-11,4.016690066937948e-11,4.016680646779235e-11,4.016671226279253e-11,4.0166618054126765e-11,4.0166523841840946e-11,4.0166429625844757e-11,4.016633540633942e-11,4.016624118302947e-11,4.016614695639324e-11,4.0166052726019413e-11,4.016595849205152e-11,4.016586425424015e-11,4.016577001301783e-11,4.016567576797942e-11,4.0165581519325615e-11,4.01654872670302e-11,4.016539301122631e-11,4.0165298751678185e-11,4.0165204488698816e-11,4.0165110222030124e-11,4.016501595183974e-11,4.016492167808652e-11,4.016482740068916e-11,4.0164733119673465e-11,4.0164638835069785e-11,4.0164544546799e-11,4.0164450254866855e-11,4.016435595915059e-11,4.0164261659795896e-11,4.0164167356891193e-11,4.016407305052853e-11,4.016397874063147e-11,4.01638844268591e-11,4.016379010969318e-11,4.0163695788856734e-11,4.0163601464337744e-11,4.0163507136256747e-11,4.0163412804386034e-11,4.016331846904454e-11,4.016322413012489e-11,4.0163129787580003e-11,4.016303544141911e-11,4.0162941091682474e-11,4.016284673826765e-11,4.0162752381280676e-11,4.0162658020666594e-11,4.016256365646856e-11,4.0162469288669765e-11,4.016237491701456e-11,4.0162280541769036e-11,4.016218616292009e-11,4.0162091780617296e-11,4.0161997394625545e-11,4.0161903005084343e-11,4.0161808611937855e-11,4.016171421499398e-11,4.0161619814619556e-11,4.0161525410407226e-11,4.016143100286141e-11,4.0161336591758434e-11,4.01612421766798e-11,4.016114775823767e-11,4.016105333601491e-11,4.016095891033408e-11,4.016086448092144e-11,4.01607700478184e-11,4.0160675611305965e-11,4.016058117094676e-11,4.01604867272247e-11,4.016039227989185e-11,4.01602978289352e-11,4.01602033743954e-11,4.016010891628427e-11,4.016001445449353e-11,4.015991998891708e-11,4.0159825519907083e-11,4.015973104709612e-11,4.0159636570869695e-11,4.0159542091018606e-11,4.015944760757526e-11,4.015935312051288e-11,4.01592586296208e-11,4.015916413515447e-11,4.0159069637128576e-11,4.015897513543872e-11,4.015888063031379e-11,4.015878612157974e-11,4.0158691609235686e-11,4.0158597093312e-11,4.015850257371639e-11,4.015840805036502e-11,4.015831352361193e-11,4.0158218993220195e-11,4.0158124459182915e-11,4.01580299215712e-11,4.015793538037405e-11,4.015784083538347e-11,4.015774628688e-11,4.015765173464293e-11,4.0157557179031397e-11,4.015746261979934e-11,4.0157368056886134e-11,4.015727349046225e-11,4.0157178920191237e-11,4.0157084346293635e-11,4.0156989768986945e-11,4.01568951882755e-11,4.0156800603718236e-11,4.015670601563283e-11,4.0156611423985384e-11,4.015651682864608e-11,4.015642222952657e-11,4.015632762707152e-11,4.015623302087617e-11,4.015613841113813e-11,4.015604379778107e-11,4.015594918079458e-11,4.015585456022059e-11,4.015575993584833e-11,4.015566530814017e-11,4.0155570676687755e-11,4.01554760415251e-11,4.0155381402910897e-11,4.0155286760654566e-11,4.015519211484508e-11,4.0155097465088407e-11,4.0155002811887875e-11,4.0154908155443394e-11,4.01548134952143e-11,4.015471883137735e-11,4.0154624164029417e-11,4.015452949299971e-11,4.0154434818172815e-11,4.015434013988157e-11,4.015424545801103e-11,4.015415077232421e-11,4.015405608307804e-11,4.015396139040499e-11,4.01538666941196e-11,4.015377199426026e-11,4.0153677290589636e-11,4.015358258354567e-11,4.015348787284762e-11,4.01533931586132e-11,4.015329844062415e-11,4.015320371920139e-11,4.0153108994148676e-11,4.015301426535564e-11,4.015291953304235e-11,4.015282479700839e-11,4.0152730057531714e-11,4.01526353144666e-11,4.015254056774715e-11,4.0152445817311056e-11,4.0152351063416744e-11,4.015225630569807e-11,4.0152161544525584e-11,4.0152066779833455e-11,4.015197201118246e-11,4.015187723921935e-11,4.0151782463719067e-11,4.01516876844073e-11,4.015159290150861e-11,4.015149811511262e-11,4.0151403324979004e-11,4.0151308531456465e-11,4.0151213734134575e-11,4.015111893343743e-11,4.0151024129020254e-11,4.015092932108883e-11,4.0150834509589956e-11,4.015073969446141e-11,4.015064487574312e-11,4.0150550053445567e-11,4.0150455227520166e-11,4.0150360397833374e-11,4.015026556468599e-11,4.0150170727911093e-11,4.015007588753639e-11,4.014998104362698e-11,4.0149886195981825e-11,4.0149791344835274e-11,4.014969649012273e-11,4.0149601631776325e-11,4.014950676985979e-11,4.0149411904354497e-11,4.014931703506984e-11,4.014922216245573e-11,4.0149127285969946e-11,4.014903240603277e-11,4.0148937522553715e-11,4.014884263543106e-11,4.014874774455024e-11,4.0148652850287776e-11,4.014855795220743e-11,4.01484630507517e-11,4.014836814577914e-11,4.014827323710219e-11,4.014817832486679e-11,4.0148083408826874e-11,4.014798848937458e-11,4.0147893566326916e-11,4.01477986396935e-11,4.014770370929107e-11,4.0147608775457824e-11,4.014751383785233e-11,4.014741889683999e-11,4.014732395222232e-11,4.014722900400278e-11,4.014713405219647e-11,4.014703909681095e-11,4.014694413763872e-11,4.0146849174861324e-11,4.0146754208678125e-11,4.0146659238911425e-11,4.014656426554971e-11,4.0146469288554624e-11,4.014637430802434e-11,4.0146279323861943e-11,4.014618433613694e-11,4.014608934479138e-11,4.014599434970604e-11,4.014589935117265e-11,4.014580434905766e-11,4.014570934323999e-11,4.014561433399469e-11,4.014551932111856e-11,4.014542430466287e-11,4.0145329284595635e-11,4.0145234260668244e-11,4.014513923343834e-11,4.014504420255953e-11,4.0144949168146616e-11,4.0144854130002517e-11,4.014475908832063e-11,4.014466404312027e-11,4.014456899434417e-11,4.0144473941923844e-11,4.014437888593502e-11,4.014428382619724e-11,4.014418876305386e-11,4.0144093696065836e-11,4.0143998625829255e-11,4.014390355171607e-11,4.014380847460511e-11,4.01437133934766e-11,4.014361830855492e-11,4.014352322030714e-11,4.0143428128471597e-11,4.014333303295889e-11,4.0143237933708594e-11,4.0143142831044956e-11,4.0143047724808886e-11,4.0142952614973056e-11,4.0142857501571057e-11,4.014276238455817e-11,4.0142667263762776e-11,4.0142572139629116e-11,4.014247701206846e-11,4.014238188070509e-11,4.0142286745752596e-11,4.014219160718508e-11,4.014209646484125e-11,4.014200131923256e-11,4.014190616974732e-11,4.0141811016835014e-11,4.014171586033724e-11,4.0141620700335084e-11,4.014152553668365e-11,4.014143036947596e-11,4.014133519827793e-11,4.0141240023843147e-11,4.0141144845636483e-11,4.0141049664082117e-11,4.014095447890263e-11,4.014085929018296e-11,4.014076409787161e-11,4.0140668901974317e-11,4.014057370235024e-11,4.014047849902454e-11,4.014038329234963e-11,4.0140288081878985e-11,4.014019286782644e-11,4.0140097650387566e-11,4.0140002429236025e-11,4.0139907204631495e-11,4.0139811976547625e-11,4.013971674476952e-11,4.013962150922239e-11,4.013952627029421e-11,4.013943102758803e-11,4.013933578129907e-11,4.013924053160531e-11,4.0139145278199504e-11,4.0139050021357394e-11,4.013895476069444e-11,4.013885949666919e-11,4.013876422909225e-11,4.013866895792347e-11,4.013857368314172e-11,4.013847840473687e-11,4.013838312284807e-11,4.013828783730768e-11,4.0138192548190215e-11,4.0138097255416077e-11,4.0138001958974265e-11,4.013790665913717e-11,4.013781135576214e-11,4.013771604855867e-11,4.0137620737954604e-11,4.013752542376951e-11,4.01374301058267e-11,4.0137334784313776e-11,4.013723945941726e-11,4.0137144130701253e-11,4.0137048798638854e-11,4.013695346299282e-11,4.013685812370091e-11,4.013676278093228e-11,4.013666743454724e-11,4.013657208458131e-11,4.013647673085328e-11,4.0136381373522545e-11,4.013628601281745e-11,4.013619064850121e-11,4.0136095280438976e-11,4.013599990896602e-11,4.013590453394958e-11,4.0135809155229975e-11,4.013571377304989e-11,4.013561838724921e-11,4.013552299789434e-11,4.013542760500491e-11,4.013533220831025e-11,4.0135236808236354e-11,4.013514140445916e-11,4.013504599716747e-11,4.0134950586357746e-11,4.013485517175654e-11,4.0134759753536356e-11,4.013466433165504e-11,4.0134568906421984e-11,4.013447347751012e-11,4.013437804521994e-11,4.013428260935085e-11,4.013418716992172e-11,4.0134091726913983e-11,4.013399628015659e-11,4.013390082990094e-11,4.013380537594857e-11,4.0133709918609936e-11,4.0133614457721594e-11,4.013351899306144e-11,4.0133423524808093e-11,4.013332805298592e-11,4.013323257779194e-11,4.013313709902383e-11,4.01330416166665e-11,4.013294613064647e-11,4.0132850641151633e-11,4.0132755148081294e-11,4.013265965137182e-11,4.0132564151136265e-11,4.0132468647132136e-11,4.013237313976832e-11,4.0132277628834215e-11,4.013218211413658e-11,4.01320865960553e-11,4.013199107431175e-11,4.013189554904096e-11,4.013180002003791e-11,4.0131704487445634e-11,4.0131608951259913e-11,4.013151341169426e-11,4.0131417868564044e-11,4.013132232187046e-11,4.013122677158726e-11,4.0131131217659274e-11,4.013103566022781e-11,4.0130940099111186e-11,4.013084453449885e-11,4.013074896634956e-11,4.013065339455757e-11,4.013055781934649e-11,4.0130462240479405e-11,4.013036665805727e-11,4.0130271071886405e-11,4.013017548230455e-11,4.013007988914905e-11,4.012998429246518e-11,4.0129888692168905e-11,4.0129793088314324e-11,4.0129697480875886e-11,4.0129601869738025e-11,4.012950625494471e-11,4.0129410636793734e-11,4.012931501507219e-11,4.012921938979282e-11,4.01291237609311e-11,4.0129028128516385e-11,4.0128932492312134e-11,4.0128836852571265e-11,4.012874120919985e-11,4.012864556251851e-11,4.0128549912226125e-11,4.0128454258408406e-11,4.0128358600782135e-11,4.0128262939768786e-11,4.012816727521008e-11,4.012807160689677e-11,4.01279759350019e-11,4.012788025974547e-11,4.01277845809012e-11,4.0127688898511497e-11,4.012759321233913e-11,4.012749752283028e-11,4.012740182972191e-11,4.012730613287631e-11,4.012721043262636e-11,4.0127114728814946e-11,4.012701902149468e-11,4.0126923310497154e-11,4.0126827595987585e-11,4.012673187772736e-11,4.012663615602223e-11,4.0126540430826386e-11,4.0126444702076877e-11,4.0126348969729946e-11,4.012625323363132e-11,4.0126157494146834e-11,4.012606175106751e-11,4.012596600446569e-11,4.012587025432308e-11,4.012577450053972e-11,4.012567874310297e-11,4.012558298222067e-11,4.0125487217738566e-11,4.012539144973207e-11,4.012529567818849e-11,4.0125199902872946e-11,4.012510412409962e-11,4.0125008341843777e-11,4.0124912556020104e-11,4.0124816766653094e-11,4.012472097362785e-11,4.0124625176923406e-11,4.0124529376834927e-11,4.012443357295683e-11,4.012433776559686e-11,4.0124241954632406e-11,4.012414614028238e-11,4.0124050322199965e-11,4.01239545004882e-11,4.012385867541474e-11,4.012376284685952e-11,4.0123667014662865e-11,4.012357117892761e-11,4.0123475339618215e-11,4.0123379496755296e-11,4.012328365033348e-11,4.012318780037069e-11,4.0123091946662645e-11,4.0122996089391487e-11,4.012290022874745e-11,4.012280436451371e-11,4.012270849673983e-11,4.012261262528784e-11,4.012251675020409e-11,4.0122420871626914e-11,4.012232498956927e-11,4.01222291037987e-11,4.012213321447314e-11,4.012203732154586e-11,4.0121941425270286e-11,4.012184552546314e-11,4.012174962209576e-11,4.0121653715233605e-11,4.012155780472969e-11,4.0121461890644717e-11,4.012136597301897e-11,4.0121270051876505e-11,4.012117412705954e-11,4.012107819854642e-11,4.012098226666963e-11,4.0120886331288414e-11,4.012079039209901e-11,4.0120694449720114e-11,4.0120598503613577e-11,4.012050255394345e-11,4.0120406600598215e-11,4.0120310643786287e-11,4.0120214683468476e-11,4.012011871952747e-11,4.012002275206205e-11,4.011992678106943e-11,4.011983080641162e-11,4.0119734828146773e-11,4.011963884626312e-11,4.011954286110779e-11,4.011944687232623e-11,4.011935087995664e-11,4.011925488405255e-11,4.011915888463652e-11,4.0119062881611896e-11,4.0118966875104766e-11,4.011887086491831e-11,4.0118774850973574e-11,4.0118678833506e-11,4.0118582812685754e-11,4.011848678828853e-11,4.0118390760185213e-11,4.0118294728692576e-11,4.011819869340053e-11,4.011810265480598e-11,4.011800661264623e-11,4.011791056693465e-11,4.0117814517650523e-11,4.0117718464790525e-11,4.01176224084411e-11,4.0117526348560054e-11,4.01174302850719e-11,4.011733421803022e-11,4.011723814746467e-11,4.0117142073367163e-11,4.0117045995661793e-11,4.011694991439851e-11,4.01168538295706e-11,4.0116757741096354e-11,4.011666164909709e-11,4.0116565553473476e-11,4.0116469454249216e-11,4.0116373351693764e-11,4.0116277245569156e-11,4.0116181135695314e-11,4.0116085022392666e-11,4.011598890559439e-11,4.0115892785208854e-11,4.011579666131408e-11,4.011570053385769e-11,4.0115604402864573e-11,4.011550826817972e-11,4.011541212997452e-11,4.011531598827338e-11,4.0115219843042465e-11,4.011512369425289e-11,4.011502754191346e-11,4.0114931386057794e-11,4.011483522660551e-11,4.0114739063735274e-11,4.0114642897239025e-11,4.0114546727161653e-11,4.011445055353331e-11,4.0114354376324344e-11,4.011425819540757e-11,4.0114162011127236e-11,4.0114065823298226e-11,4.0113969631866734e-11,4.0113873436900286e-11,4.011377723842826e-11,4.0113681036097835e-11,4.0113584830339575e-11,4.011348862104106e-11,4.0113392408179476e-11,4.011329619174868e-11,4.0113199971997077e-11,4.011310374857391e-11,4.011300752151451e-11,4.0112911290875456e-11,4.01128150566394e-11,4.0112718818928946e-11,4.011262257788629e-11,4.0112526333213905e-11,4.0112430085012484e-11,4.0112333833216265e-11,4.0112237577982e-11,4.0112141319224145e-11,4.011204505682701e-11,4.011194879091735e-11,4.0111852521461884e-11,4.0111756248467966e-11,4.011165997194838e-11,4.011156369184166e-11,4.011146740807155e-11,4.0111371120971876e-11,4.0111274830334746e-11,4.0111178535918524e-11,4.011108223812337e-11,4.011098593654445e-11,4.0110889631676514e-11,4.0110793323034356e-11,4.0110697010915824e-11,4.0110600695390574e-11,4.011050437616984e-11,4.011040805352695e-11,4.011031172732855e-11,4.011021539759324e-11,4.011011906429052e-11,4.011002272742703e-11,4.010992638688677e-11,4.0109830042962956e-11,4.010973369532405e-11,4.010963734432997e-11,4.010954098960383e-11,4.0109444631524164e-11,4.010934826988827e-11,4.0109251904742073e-11,4.0109155536007816e-11,4.010905916361164e-11,4.0108962787886315e-11,4.010886640851995e-11,4.010877002560264e-11,4.0108673639054326e-11,4.0108577249059976e-11,4.010848085546659e-11,4.0108384458212973e-11,4.010828805757909e-11,4.0108191653421955e-11,4.010809524571233e-11,4.010799883445605e-11,4.010790241964431e-11,4.010780600130092e-11,4.01077095795104e-11,4.0107613154099667e-11,4.010751672503619e-11,4.010742029253207e-11,4.010732385648544e-11,4.0107227416916057e-11,4.0107130973630344e-11,4.0107034526947174e-11,4.0106938076735536e-11,4.0106841623020485e-11,4.0106745165785696e-11,4.0106648704891906e-11,4.0106552240554065e-11,4.0106455772695285e-11,4.01063593012518e-11,4.0106262826293634e-11,4.010616634777798e-11,4.01060698657341e-11,4.0105973379999593e-11,4.010587689084585e-11,4.01057803981479e-11,4.010568390174492e-11,4.010558740189749e-11,4.010549089858638e-11,4.010539439176734e-11,4.010529788137829e-11,4.0105201367430655e-11,4.010510484999457e-11,4.0105008328989444e-11,4.0104911804461645e-11,4.0104815276382934e-11,4.010471874472817e-11,4.0104622209494006e-11,4.0104525670819634e-11,4.010442912859641e-11,4.010433258287198e-11,4.010423603359294e-11,4.010413948074564e-11,4.010404292439315e-11,4.0103946364494797e-11,4.01038498010959e-11,4.0103753234113236e-11,4.010365666357789e-11,4.0103560089540876e-11,4.0103463511948807e-11,4.010336693078024e-11,4.010327034590968e-11,4.0103173757712775e-11,4.0103077165760657e-11,4.010298057028252e-11,4.01028839714035e-11,4.010278736907693e-11,4.0102690763166925e-11,4.010259415377876e-11,4.010249754070326e-11,4.010240092402825e-11,4.0102304303988734e-11,4.010220768024234e-11,4.010211105294757e-11,4.0102014422333866e-11,4.0101917788162513e-11,4.01018211504666e-11,4.010172450911222e-11,4.010162786398353e-11,4.010153121548943e-11,4.0101434563609646e-11,4.0101337908318467e-11,4.010124124924099e-11,4.010114458681516e-11,4.010104792065829e-11,4.010095125114896e-11,4.0100854577927944e-11,4.0100757901340334e-11,4.010066122123081e-11,4.010056453757939e-11,4.010046785022341e-11,4.010037115954105e-11,4.010027446509705e-11,4.010017776735732e-11,4.010008106605367e-11,4.00999843612193e-11,4.00998876528009e-11,4.009979094090288e-11,4.009969422546459e-11,4.009959750652569e-11,4.009950078397246e-11,4.0099404057775245e-11,4.009930732827908e-11,4.009921059519368e-11,4.0099113858386454e-11,4.00990171182251e-11,4.0098920374551303e-11,4.0098823627176885e-11,4.0098726876438466e-11,4.0098630121965183e-11,4.0098533364267377e-11,4.009843660305891e-11,4.0098339838018966e-11,4.009824306963755e-11,4.009814629771985e-11,4.0098049522339025e-11,4.0097952743191804e-11,4.0097855960786694e-11,4.00977591745627e-11,4.009766238499809e-11,4.009756559174074e-11,4.009746879507351e-11,4.009737199495378e-11,4.009727519133412e-11,4.009717838409785e-11,4.0097081573289315e-11,4.0096984758916796e-11,4.009688794112636e-11,4.0096791119828387e-11,4.009669429501275e-11,4.009659746653764e-11,4.009650063453275e-11,4.0096403798985e-11,4.009630696003226e-11,4.009621011754967e-11,4.00961132715786e-11,4.009601642207883e-11,4.009591956882731e-11,4.0095822712247706e-11,4.0095725852131995e-11,4.0095628988329076e-11,4.0095532121159705e-11,4.009543525045844e-11,4.009533837610763e-11,4.009524149828493e-11,4.0095144616828645e-11,4.009504773194914e-11,4.009495084345498e-11,4.009485395152527e-11,4.009475705615231e-11,4.009466015729064e-11,4.009456325483988e-11,4.0094466348898966e-11,4.0094369439239706e-11,4.009427252620601e-11,4.0094175609526614e-11,4.009407868925734e-11,4.009398176552475e-11,4.009388483863667e-11,4.0093787907968205e-11,4.009369097371165e-11,4.009359403599382e-11,4.0093497094667276e-11,4.0093400150013727e-11,4.0093303201834746e-11,4.00932062498978e-11,4.009310929485128e-11,4.0093012335863215e-11,4.0092915373303525e-11,4.00928184074546e-11,4.0092721438013836e-11,4.009262446501147e-11,4.009252748859098e-11,4.0092430508641735e-11,4.009233352521132e-11,4.009223653822868e-11,4.0092139547723324e-11,4.009204255370712e-11,4.0091945556150315e-11,4.0091848554881616e-11,4.009175155030728e-11,4.009165454228262e-11,4.009155753066523e-11,4.009146051543175e-11,4.00913634967579e-11,4.0091266474571555e-11,4.009116944887872e-11,4.009107241973822e-11,4.009097538698278e-11,4.009087835049388e-11,4.0090781310807486e-11,4.009068426749167e-11,4.009058722075798e-11,4.009049017022971e-11,4.009039311646366e-11,4.0090296059101793e-11,4.009019899798691e-11,4.009010193330978e-11,4.009000486526852e-11,4.008990779372401e-11,4.008981071872836e-11,4.0089713640233907e-11,4.008961655807486e-11,4.008951947244839e-11,4.008942238341634e-11,4.0089325290836166e-11,4.008922819469761e-11,4.008913109508159e-11,4.0089033991741744e-11,4.0088936885084716e-11,4.008883977474447e-11,4.008874266145309e-11,4.008864554424516e-11,4.0088548423549854e-11,4.0088451299147805e-11,4.0088354171209016e-11,4.008825703992814e-11,4.008815990519655e-11,4.0088062766713794e-11,4.008796562471573e-11,4.008786847938843e-11,4.008777133057854e-11,4.008767417814225e-11,4.0087577022344414e-11,4.008747986292825e-11,4.008738270001559e-11,4.008728553333101e-11,4.008718836347298e-11,4.0087091189841164e-11,4.0086994012689445e-11,4.0086896832190806e-11,4.008679964817535e-11,4.008670246081188e-11,4.008660526970847e-11,4.008650807500534e-11,4.0086410876898765e-11,4.008631367535013e-11,4.008621647028132e-11,4.008611926173889e-11,4.0086022049442574e-11,4.008592483381976e-11,4.008582761444402e-11,4.008573039140664e-11,4.008563316520098e-11,4.008553593535092e-11,4.0085438702206673e-11,4.0085341465280234e-11,4.008524422513704e-11,4.0085146981402606e-11,4.008504973405081e-11,4.008495248329278e-11,4.0084855229052486e-11,4.008475797104138e-11,4.008466070958898e-11,4.008456344458474e-11,4.0084466176290204e-11,4.00843689044523e-11,4.008427162909818e-11,4.0084174350281235e-11,4.0084077067921707e-11,4.008397978207035e-11,4.008388249267332e-11,4.008378519981296e-11,4.0083687903408784e-11,4.00835906035187e-11,4.008349330014011e-11,4.008339599329172e-11,4.008329868283515e-11,4.008320136891125e-11,4.0083104051232356e-11,4.0083006730276206e-11,4.0082909405838885e-11,4.0082812077796996e-11,4.008271474622006e-11,4.008261741117751e-11,4.008252007268675e-11,4.008242273067863e-11,4.0082325384955966e-11,4.00822280359222e-11,4.008213068333029e-11,4.008203332726414e-11,4.008193596757564e-11,4.008183860429137e-11,4.008174123751307e-11,4.008164386749344e-11,4.00815464939459e-11,4.008144911689949e-11,4.008135173608589e-11,4.008125435197162e-11,4.008115696426364e-11,4.0081059573236064e-11,4.008096217858021e-11,4.008086478042133e-11,4.0080767378769184e-11,4.008066997361394e-11,4.008057256491443e-11,4.008047515271507e-11,4.008037773698868e-11,4.0080280317790544e-11,4.008018289500184e-11,4.008008546874e-11,4.007998803898582e-11,4.0079890605821517e-11,4.007979316906812e-11,4.007969572863472e-11,4.007959828488013e-11,4.0079500837517495e-11,4.007940338672951e-11,4.007930593246964e-11,4.007920847465304e-11,4.007911101318011e-11,4.0079013548218233e-11,4.0078916079938767e-11,4.007881860817522e-11,4.0078721132884676e-11,4.007862365387112e-11,4.007852617145935e-11,4.007842868546022e-11,4.007833119601995e-11,4.00782337029691e-11,4.0078136206642715e-11,4.007803870680501e-11,4.007794120351627e-11,4.0077843696736454e-11,4.0077746186491006e-11,4.0077648672607554e-11,4.0077551155263074e-11,4.007745363441253e-11,4.007735610987059e-11,4.007725858200544e-11,4.00771610506535e-11,4.007706351575738e-11,4.0076965977401e-11,4.007686843556523e-11,4.007677089020509e-11,4.007667334137374e-11,4.007657578882353e-11,4.007647823277474e-11,4.0076380673394653e-11,4.0076283110562704e-11,4.007618554416188e-11,4.007608797394767e-11,4.007599040057695e-11,4.0075892823736264e-11,4.00757952432017e-11,4.0075697659298126e-11,4.007560007174838e-11,4.007550248090482e-11,4.007540488636193e-11,4.0075307288480774e-11,4.0075209687054393e-11,4.007511208217842e-11,4.007501447383782e-11,4.00749168618449e-11,4.007481924650463e-11,4.007472162767522e-11,4.007462400530801e-11,4.007452637943807e-11,4.0074428750109656e-11,4.007433111705789e-11,4.00742334806914e-11,4.007413584064743e-11,4.007403819711713e-11,4.007394055025163e-11,4.0073842899691166e-11,4.007374524587147e-11,4.007364758855761e-11,4.007354992773786e-11,4.007345226338732e-11,4.007335459553845e-11,4.007325692399532e-11,4.0073159249152654e-11,4.0073061570813016e-11,4.0072963888988486e-11,4.0072866203564583e-11,4.007276851456777e-11,4.0072670822301856e-11,4.0072573126479576e-11,4.007247542750383e-11,4.007237772466061e-11,4.007228001836569e-11,4.007218230835246e-11,4.007208459490677e-11,4.007198687820041e-11,4.0071889157906015e-11,4.007179143414703e-11,4.007169370685742e-11,4.0071595976109706e-11,4.0071498241785464e-11,4.007140050383885e-11,4.0071302762574865e-11,4.0071205017822305e-11,4.0071107269548076e-11,4.007100951758815e-11,4.0070911762354635e-11,4.0070814003672884e-11,4.007071624153293e-11,4.007061847583862e-11,4.007052070649746e-11,4.007042293382226e-11,4.007032515757651e-11,4.007022737790657e-11,4.0070129594702827e-11,4.00700318080148e-11,4.0069934017834555e-11,4.006983622417955e-11,4.00697384270135e-11,4.006964062635462e-11,4.0069542822206095e-11,4.006944501459338e-11,4.006934720352571e-11,4.006924938879945e-11,4.006915157069784e-11,4.006905374890581e-11,4.0068955923798314e-11,4.006885809521595e-11,4.006876026314467e-11,4.0068662427587094e-11,4.006856458848326e-11,4.006846674593585e-11,4.0068368899977946e-11,4.0068271050388806e-11,4.0068173197147754e-11,4.006807534045538e-11,4.006797748038823e-11,4.0067879616726956e-11,4.006778174974202e-11,4.0067683879255e-11,4.006758600528012e-11,4.0067488127824215e-11,4.0067390246884975e-11,4.0067292362441016e-11,4.0067194474395435e-11,4.0067096582946923e-11,4.0066998688024983e-11,4.006690078960154e-11,4.0066802887481e-11,4.006670498209859e-11,4.0066607073120036e-11,4.006650916077229e-11,4.006641124493585e-11,4.006631332561055e-11,4.0066215402802905e-11,4.0066117476253695e-11,4.0066019546263685e-11,4.0065921612785855e-11,4.006582367603376e-11,4.00657257357797e-11,4.006562779189567e-11,4.0065529844544285e-11,4.006543189369994e-11,4.006533393947704e-11,4.006523598176494e-11,4.0065138020586537e-11,4.0065040056380795e-11,4.006494208821842e-11,4.006484411651787e-11,4.0064746141200275e-11,4.006464816256971e-11,4.006455018044459e-11,4.0064452194761885e-11,4.006435420568177e-11,4.006425621311382e-11,4.0064158216961194e-11,4.00640602174239e-11,4.006396221439503e-11,4.006386420771066e-11,4.006376619770705e-11,4.0063668184111094e-11,4.0063570167045746e-11,4.006347214656009e-11,4.0063374122590885e-11,4.0063276095116115e-11,4.006317806421404e-11,4.006308002977736e-11,4.0062981991755715e-11,4.006288395043139e-11,4.006278590558484e-11,4.006268785707202e-11,4.006258980556482e-11,4.006249175027374e-11,4.006239369153145e-11,4.0062295629273627e-11,4.006219756353321e-11,4.00620994943235e-11,4.006200142172348e-11,4.0061903345549197e-11,4.006180526589184e-11,4.0061707182765606e-11,4.006160909613743e-11,4.006151100582752e-11,4.006141291233043e-11,4.0061314815290464e-11,4.006121671468957e-11,4.0061118610463636e-11,4.006102050294012e-11,4.006092239192363e-11,4.006082427720872e-11,4.006072615925908e-11,4.00606280379789e-11,4.006052991304283e-11,4.006043178462636e-11,4.006033365264522e-11,4.0060235517220154e-11,4.006013737832318e-11,4.006003923584204e-11,4.005994109043604e-11,4.0059842941115896e-11,4.005974478833674e-11,4.005964663203929e-11,4.005954847225666e-11,4.0059450309069316e-11,4.005935214239682e-11,4.005925397221279e-11,4.0059155798591026e-11,4.005905762146225e-11,4.0058959440857e-11,4.005886125675294e-11,4.005876306913341e-11,4.0058664878080964e-11,4.005856668353938e-11,4.0058468485412023e-11,4.005837028385026e-11,4.005827207932485e-11,4.005817387086061e-11,4.005807565893859e-11,4.0057977443365975e-11,4.005787922444827e-11,4.0057781002084676e-11,4.005768277628145e-11,4.005758454697157e-11,4.005748631418436e-11,4.0057388077905724e-11,4.005728983791542e-11,4.005719159457222e-11,4.0057093347763535e-11,4.0056995097602264e-11,4.0056896843774987e-11,4.0056798586597046e-11,4.0056700326026366e-11,4.005660206190302e-11,4.005650379427988e-11,4.0056405523288473e-11,4.0056307248788834e-11,4.005620897081331e-11,4.0056110689360657e-11,4.0056012404473774e-11,4.005591411607765e-11,4.005581582419678e-11,4.005571752883123e-11,4.005561923003152e-11,4.005552092775558e-11,4.005542262197067e-11,4.005532431277537e-11,4.005522600011908e-11,4.005512768400622e-11,4.005502936436392e-11,4.005493104104834e-11,4.005483271442332e-11,4.005473438436162e-11,4.005463605076321e-11,4.005453771351877e-11,4.005443937303341e-11,4.0054341029108407e-11,4.0054242681480166e-11,4.0054144330355116e-11,4.005404597577286e-11,4.005394761792036e-11,4.005384925657701e-11,4.005375089173559e-11,4.0053652523412267e-11,4.00535541516293e-11,4.0053455776382415e-11,4.0053357397320445e-11,4.0053259015124016e-11,4.0053160629344267e-11,4.0053062240201666e-11,4.005296384757636e-11,4.005286545144512e-11,4.005276705198533e-11,4.005266864894802e-11,4.005257024246384e-11,4.005247183234502e-11,4.0052373418914396e-11,4.0052275002019434e-11,4.0052176581656956e-11,4.0052078157701206e-11,4.0051979730320456e-11,4.005188129951554e-11,4.0051782865263137e-11,4.005168442753669e-11,4.00515859863755e-11,4.005148754174425e-11,4.005138909359228e-11,4.0051290642028377e-11,4.005119218697952e-11,4.005109372833477e-11,4.005099526636194e-11,4.0050896800833114e-11,4.0050798331856094e-11,4.005069985926998e-11,4.0050601383354384e-11,4.0050502904100544e-11,4.005040442128159e-11,4.0050305934854514e-11,4.005020744508493e-11,4.00501089517888e-11,4.005001045506898e-11,4.0049911954916686e-11,4.0049813451275746e-11,4.0049714944186e-11,4.004961643362558e-11,4.004951791961068e-11,4.004941940192223e-11,4.0049320880806856e-11,4.0049222356372016e-11,4.0049123828508035e-11,4.004902529710936e-11,4.004892676220299e-11,4.004882822393796e-11,4.00487296821913e-11,4.004863113693072e-11,4.0048532588246965e-11,4.0048434036089626e-11,4.004833548049887e-11,4.0048236921344795e-11,4.0048138358880346e-11,4.004803979282912e-11,4.004794122334215e-11,4.004784265018355e-11,4.0047744073583056e-11,4.004764549353024e-11,4.004754691019469e-11,4.0047448323386694e-11,4.0047349733145565e-11,4.00472511394089e-11,4.0047152542240735e-11,4.0047053941560044e-11,4.004695533744266e-11,4.00468567296774e-11,4.004675811863706e-11,4.004665950406307e-11,4.004656088600021e-11,4.004646226454491e-11,4.0046363639604103e-11,4.0046265011220934e-11,4.004616637938423e-11,4.004606774414487e-11,4.0045969105556963e-11,4.0045870463280927e-11,4.004577181739993e-11,4.004567316827998e-11,4.004557451555903e-11,4.004547585990031e-11,4.0045377200367113e-11,4.0045278537328714e-11,4.004517987084464e-11,4.00450812009289e-11,4.0044982527356674e-11,4.0044883850506375e-11,4.004478517029456e-11,4.004468648659124e-11,4.0044587799227546e-11,4.004448910834989e-11,4.004439041415711e-11,4.0044291716542156e-11,4.004419301530764e-11,4.0044094310818656e-11,4.00439956027967e-11,4.0043896891355945e-11,4.0043798176750835e-11,4.00436994583835e-11,4.004360073652437e-11,4.004350201122616e-11,4.004340328247936e-11,4.0043304550282755e-11,4.004320581467722e-11,4.0043107075564185e-11,4.004300833298117e-11,4.004290958687266e-11,4.004281083723959e-11,4.004271208471938e-11,4.004261332830382e-11,4.0042514568507595e-11,4.004241580521442e-11,4.004231703825344e-11,4.0042218268003196e-11,4.004211949431538e-11,4.0042020717141184e-11,4.004192193639311e-11,4.004182315231485e-11,4.004172436479749e-11,4.0041625573837446e-11,4.0041526779474044e-11,4.004142798136928e-11,4.004132918003526e-11,4.00412303752172e-11,4.0041131566940556e-11,4.004103275513764e-11,4.004093393994943e-11,4.0040835121237816e-11,4.004073629916748e-11,4.0040637473619706e-11,4.004053864442795e-11,4.0040439811947945e-11,4.0040340975931327e-11,4.004024213663706e-11,4.004014329381814e-11,4.004004444728963e-11,4.003994559756044e-11,4.003984674438516e-11,4.003974788776149e-11,4.0039649027455717e-11,4.003955016434564e-11,4.003945129731894e-11,4.003935242684826e-11,4.003925355295251e-11,4.0039154675608503e-11,4.003905579477242e-11,4.003895691049026e-11,4.003885802273823e-11,4.0038759131412684e-11,4.0038660236734283e-11,4.003856133852676e-11,4.0038462437003417e-11,4.0038363531864187e-11,4.003826462341225e-11,4.003816571152963e-11,4.00380667961293e-11,4.0037967877419505e-11,4.003786895516045e-11,4.0037770029473224e-11,4.003767110029659e-11,4.003757216766794e-11,4.003747323159994e-11,4.003737429206763e-11,4.00372753490736e-11,4.0037176402481325e-11,4.0037077452841866e-11,4.0036978499503564e-11,4.0036879542745324e-11,4.0036780582498074e-11,4.003668161880399e-11,4.003658265166197e-11,4.003648368105848e-11,4.003638470673191e-11,4.003628572925201e-11,4.003618674817713e-11,4.0036087763781595e-11,4.003598877594038e-11,4.003588978444566e-11,4.003579078967766e-11,4.0035691791858745e-11,4.0035592790215074e-11,4.0035493785122176e-11,4.00353947764029e-11,4.003529576424186e-11,4.003519674881624e-11,4.003509772975426e-11,4.003499870740456e-11,4.0034899681553863e-11,4.003480065232306e-11,4.0034701619540775e-11,4.0034602583287104e-11,4.0034503543518193e-11,4.0034404500508525e-11,4.0034305454004264e-11,4.0034206403872997e-11,4.0034107350292315e-11,4.003400829342535e-11,4.0033909233182464e-11,4.003381016935251e-11,4.003371110219997e-11,4.0033612031454364e-11,4.003351295740452e-11,4.003341387992454e-11,4.003331479897602e-11,4.0033215714580236e-11,4.003311662672453e-11,4.003301753553468e-11,4.003291844060882e-11,4.003281934235704e-11,4.003272024053764e-11,4.003262113526638e-11,4.00325220267151e-11,4.003242291463076e-11,4.0032323799240745e-11,4.003222468020889e-11,4.003212555794149e-11,4.0032026432189814e-11,4.003192730303345e-11,4.003182817022858e-11,4.00317290339757e-11,4.003162989448297e-11,4.0031530751487635e-11,4.0031431605105606e-11,4.0031332455247105e-11,4.00312333018377e-11,4.003113414501279e-11,4.0031034984645685e-11,4.003093582100103e-11,4.0030836653961607e-11,4.003073748327614e-11,4.003063830932137e-11,4.0030539131876045e-11,4.003043995101755e-11,4.003034076678152e-11,4.003024157903729e-11,4.003014238785898e-11,4.0030043193228223e-11,4.002994399480634e-11,4.002984479322989e-11,4.0029745588191517e-11,4.0029646379636945e-11,4.00295471678054e-11,4.0029447952434873e-11,4.002934873359178e-11,4.0029249511423474e-11,4.002915028582476e-11,4.0029051056777656e-11,4.002895182405068e-11,4.002885258805793e-11,4.0028753348650405e-11,4.0028654105741575e-11,4.002855485950462e-11,4.0028455609757406e-11,4.0028356356567774e-11,4.002825709999089e-11,4.002815783989941e-11,4.0028058576482893e-11,4.002795930955128e-11,4.002786003918994e-11,4.002776076534394e-11,4.002766148798237e-11,4.0027562207300455e-11,4.0027462923215013e-11,4.002736363569927e-11,4.002726434501078e-11,4.002716505060695e-11,4.002706575277446e-11,4.0026966451357314e-11,4.0026867146948103e-11,4.0026767838964335e-11,4.0026668527387506e-11,4.0026569212375876e-11,4.002646989373724e-11,4.00263705718541e-11,4.002627124636347e-11,4.0026171917577556e-11,4.0026072585352593e-11,4.0025973249727467e-11,4.0025873910641125e-11,4.002577456803693e-11,4.002567522194465e-11,4.002557587265685e-11,4.0025476519818756e-11,4.002537716362948e-11,4.0025277803997064e-11,4.002517844085735e-11,4.0025079074164334e-11,4.00249797041635e-11,4.002488033064828e-11,4.0024780953746505e-11,4.002468157331792e-11,4.002458218963647e-11,4.002448280245913e-11,4.0024383411846304e-11,4.0024284017760614e-11,4.0024184620101775e-11,4.0024085219100583e-11,4.002398581454857e-11,4.002388640675985e-11,4.0023786995507365e-11,4.002368758081853e-11,4.002358816271189e-11,4.002348874118399e-11,4.002338931629766e-11,4.0023289887878635e-11,4.0023190456016155e-11,4.002309102055671e-11,4.002299158182742e-11,4.0022892140058373e-11,4.0022792694474835e-11,4.002269324543469e-11,4.0022593792961926e-11,4.002249433743532e-11,4.002239487850145e-11,4.0022295415741145e-11,4.0022195949351914e-11,4.002209647976411e-11,4.0021997006922924e-11,4.0021897530391444e-11,4.002179805031391e-11,4.002169856695282e-11,4.002159908004391e-11,4.0021499589860027e-11,4.002140009621032e-11,4.0021300599119074e-11,4.002120109860235e-11,4.002110159447949e-11,4.0021002086898947e-11,4.002090257589403e-11,4.0020803061663206e-11,4.002070354395616e-11,4.002060402277229e-11,4.0020504498258357e-11,4.002040497038136e-11,4.00203054389121e-11,4.002020590404118e-11,4.00201063656118e-11,4.002000682393518e-11,4.0019907278821516e-11,4.0019807730227593e-11,4.001970817816032e-11,4.001960862275408e-11,4.0019509063866094e-11,4.0019409501427306e-11,4.001930993558359e-11,4.001921036647519e-11,4.0019110793955576e-11,4.0019011217787626e-11,4.001891163814875e-11,4.0018812055288404e-11,4.001871246902253e-11,4.001861287923876e-11,4.0018513286035394e-11,4.001841368943849e-11,4.0018314089452304e-11,4.00182144860632e-11,4.0018114879568285e-11,4.001801526922165e-11,4.001791565533147e-11,4.001781603821261e-11,4.0017716417600634e-11,4.0017616793510944e-11,4.0017517165991687e-11,4.001741753517153e-11,4.00173179009252e-11,4.001721826311218e-11,4.001711862200739e-11,4.0017018977289465e-11,4.001691932925154e-11,4.001681967786641e-11,4.0016720022993845e-11,4.001662036468882e-11,4.0016520703020107e-11,4.0016421037900824e-11,4.001632136942064e-11,4.001622169747295e-11,4.0016122022111906e-11,4.001602234334917e-11,4.0015922661147595e-11,4.0015822975539675e-11,4.0015723286464996e-11,4.001562359415009e-11,4.00155238982377e-11,4.0015424198887186e-11,4.001532449622752e-11,4.0015224790042585e-11,4.0015125080598364e-11,4.0015025367565555e-11,4.001492565107195e-11,4.0014825930993427e-11,4.0014726207677994e-11,4.001462648086288e-11,4.0014526750679836e-11,4.001442701720068e-11,4.001432728019655e-11,4.001422753980873e-11,4.001412779594976e-11,4.0014028048684624e-11,4.001392829818224e-11,4.001382854387685e-11,4.00137287863445e-11,4.00136290253805e-11,4.0013529260983995e-11,4.0013429493223185e-11,4.001332972200303e-11,4.0013229947356497e-11,4.0013130169238404e-11,4.0013030387646436e-11,4.001293060277254e-11,4.00128308144098e-11,4.0012731022670086e-11,4.001263122743923e-11,4.0012531428707685e-11,4.001243162659014e-11,4.0012331820971615e-11,4.0012232012157806e-11,4.001213219972207e-11,4.0012032383882796e-11,4.001193256457266e-11,4.0011832741846215e-11,4.001173291607643e-11,4.001163308699817e-11,4.001153325420167e-11,4.0011433418003275e-11,4.001133357836321e-11,4.001123373526595e-11,4.0011133888756966e-11,4.0011034038719467e-11,4.001093418541893e-11,4.001083432900609e-11,4.001073446887055e-11,4.001063460521053e-11,4.001053473823898e-11,4.001043486777304e-11,4.0010334993955894e-11,4.0010235116632136e-11,4.0010135235979074e-11,4.00100353518118e-11,4.000993546432347e-11,4.000983557345051e-11,4.0009735678956524e-11,4.000963578121605e-11,4.0009535880088896e-11,4.000943597553851e-11,4.000933606731265e-11,4.000923615622817e-11,4.0009136241200036e-11,4.0009036322815214e-11,4.000893640102615e-11,4.0008836475961217e-11,4.000873654748265e-11,4.000863661556927e-11,4.000853668022427e-11,4.000843674137062e-11,4.000833679917368e-11,4.000823685343824e-11,4.000813690433943e-11,4.000803695174973e-11,4.0007936995935045e-11,4.000783703654424e-11,4.000773707391334e-11,4.000763710784584e-11,4.0007537138317994e-11,4.000743716540426e-11,4.0007337189114665e-11,4.0007237209396236e-11,4.000713722622961e-11,4.0007037239559145e-11,4.000693724943401e-11,4.000683725606083e-11,4.000673725921046e-11,4.0006637258999623e-11,4.0006537255418694e-11,4.0006437248391963e-11,4.0006337237734634e-11,4.0006237223895586e-11,4.000613720671618e-11,4.0006037186124775e-11,4.000593716200412e-11,4.000583713447615e-11,4.000573710349115e-11,4.000563706914304e-11,4.000553703125774e-11,4.000543699004037e-11,4.000533694548828e-11,4.000523689769327e-11,4.00051368461327e-11,4.0005036791432435e-11,4.000493673325276e-11,4.000483667166184e-11,4.000473660724535e-11,4.000463653897009e-11,4.0004536467015335e-11,4.000443639163315e-11,4.000433631305267e-11,4.000423623095688e-11,4.000413614545849e-11,4.000403605658076e-11,4.000393596463864e-11,4.000383586890256e-11,4.0003735769778784e-11,4.0003635667229934e-11,4.0003535561271504e-11,4.0003435451798764e-11,4.00033353390239e-11,4.000323522288361e-11,4.000313510327767e-11,4.000303498027297e-11,4.000293485387062e-11,4.0002834723940664e-11,4.0002734590738976e-11,4.000263445397128e-11,4.000253431386813e-11,4.000243417040991e-11,4.0002334023441227e-11,4.0002233873083696e-11,4.0002133719435524e-11,4.0002033562346256e-11,4.000193340176795e-11,4.000183323790336e-11,4.000173307033398e-11,4.0001632899369423e-11,4.000153272526185e-11,4.00014325477402e-11,4.000133236680199e-11,4.000123218227924e-11,4.000113199432917e-11,4.000103180300287e-11,4.000093160830852e-11,4.0000831410440524e-11,4.0000731209076833e-11,4.000063100429044e-11,4.0000530796096444e-11,4.000043058453098e-11,4.0000330369483014e-11,4.0000230151132374e-11,4.000012992925822e-11,4.00000297041276e-11,3.999992947553396e-11,3.9999829243322824e-11,3.999972900787658e-11,3.999962876906555e-11,3.999952852678264e-11,3.999942828097925e-11,3.999932803181538e-11,3.9999227779241926e-11,3.9999127523240073e-11,3.9999027263919643e-11,3.999892700110845e-11,3.999882673494222e-11,3.9998726465473005e-11,3.999862619252917e-11,3.999852591630163e-11,3.9998425636529226e-11,3.9998325353382744e-11,3.9998225067308094e-11,3.9998124777396386e-11,3.999802448402099e-11,3.9997924187279915e-11,3.999782388717161e-11,3.999772358382798e-11,3.99976232769134e-11,3.999752296659662e-11,3.999742265288083e-11,3.9997322335760937e-11,3.9997222015345825e-11,3.999712169131335e-11,3.999702136396253e-11,3.9996921033240153e-11,3.9996820699351595e-11,3.99967203616542e-11,3.999662002052489e-11,3.999651967623057e-11,3.99964193284976e-11,3.9996318977304295e-11,3.999621862252736e-11,3.9996118264551765e-11,3.999601790315379e-11,3.999591753834794e-11,3.999581717022602e-11,3.999571679854865e-11,3.9995616423601395e-11,3.999551604523582e-11,3.999541566342702e-11,3.9995315278564045e-11,3.99952148900308e-11,3.999511449807056e-11,3.999501410260368e-11,3.99949137039312e-11,3.999481330174052e-11,3.9994712896269486e-11,3.9994612487372745e-11,3.999451207503411e-11,3.999441165924845e-11,3.9994311240134696e-11,3.999421081757926e-11,3.999411039169051e-11,3.999400996229341e-11,3.9993909529576806e-11,3.9993809093299036e-11,3.999370865377492e-11,3.999360821110227e-11,3.999350776480354e-11,3.9993407315049545e-11,3.999330686195955e-11,3.999320640543807e-11,3.999310594553375e-11,3.9993005482238515e-11,3.999290501546003e-11,3.999280454536473e-11,3.999270407197517e-11,3.999260359507044e-11,3.999250311482897e-11,3.9992402631168805e-11,3.9992302144096226e-11,3.9992201653680455e-11,3.999210115964059e-11,3.9992000662376876e-11,3.999190016171719e-11,3.999179965767273e-11,3.9991699150225396e-11,3.9991598639384855e-11,3.999149812514524e-11,3.9991397607484926e-11,3.9991297086455795e-11,3.9991196562013554e-11,3.999109603412819e-11,3.9990995502862405e-11,3.999089496828328e-11,3.999079443009996e-11,3.9990693888723685e-11,3.9990593343963964e-11,3.999049279579189e-11,3.9990392244156584e-11,3.9990291689221474e-11,3.9990191130869566e-11,3.9990090569149785e-11,3.998999000397427e-11,3.9989889435459e-11,3.998978886356619e-11,3.9989688288194246e-11,3.998958770949681e-11,3.9989487127371575e-11,3.9989386541869905e-11,3.9989285952955864e-11,3.99891853606678e-11,3.998908476502136e-11,3.998898416583255e-11,3.9988883563379846e-11,3.9988782957505565e-11,3.998868234827861e-11,3.998858173547628e-11,3.9988481119488086e-11,3.998838050002113e-11,3.998827987713571e-11,3.9988179250905805e-11,3.998807862130158e-11,3.998797798832295e-11,3.998787735192215e-11,3.998777671209917e-11,3.998767606883931e-11,3.998757542226652e-11,3.9987474772339415e-11,3.99873741190415e-11,3.998727346232784e-11,3.998717280221511e-11,3.99870721387301e-11,3.998697147231628e-11,3.998687080204596e-11,3.9986770128356393e-11,3.998666945132321e-11,3.998656877089286e-11,3.998646808703228e-11,3.9986367399842285e-11,3.998626670923635e-11,3.9986166015260305e-11,3.998606531798819e-11,3.998596461728762e-11,3.9985863913133666e-11,3.998576320562895e-11,3.9985662494622236e-11,3.9985561780310335e-11,3.9985461062574604e-11,3.998536034141666e-11,3.998525961682918e-11,3.998515888896638e-11,3.9985058157534576e-11,3.998495742282989e-11,3.9984856684799615e-11,3.9984755943389316e-11,3.998465519861155e-11,3.998455445079752e-11,3.998445369920692e-11,3.9984352943995407e-11,3.998425218566784e-11,3.998415142392889e-11,3.9984050658839243e-11,3.9983949890528216e-11,3.998384911874716e-11,3.998374834346243e-11,3.998364756478885e-11,3.9983546782747694e-11,3.9983445997353674e-11,3.9983345208461967e-11,3.998324441617347e-11,3.998314362060215e-11,3.9983042821675046e-11,3.998294201933537e-11,3.99828412136103e-11,3.9982740404482904e-11,3.998263959205851e-11,3.998253877607911e-11,3.998243795668972e-11,3.998233713385786e-11,3.9982236307852906e-11,3.998213547838753e-11,3.998203464556639e-11,3.9981933809373913e-11,3.998183296981247e-11,3.998173212688996e-11,3.9981631280451656e-11,3.99815304307316e-11,3.998142957762761e-11,3.9981328721106303e-11,3.998122786125127e-11,3.998112699799392e-11,3.998102613123152e-11,3.998092526121727e-11,3.998082438774862e-11,3.9980723510989975e-11,3.998062263074491e-11,3.998052174719435e-11,3.9980420860328387e-11,3.9980319969945295e-11,3.998021907629312e-11,3.99801181792343e-11,3.998001727870183e-11,3.997991637483514e-11,3.997981546757754e-11,3.9979714557019925e-11,3.9979613643050257e-11,3.9979512725702835e-11,3.9979411804970784e-11,3.997931088080445e-11,3.99792099531043e-11,3.997910902226147e-11,3.9979008087920294e-11,3.9978907150152005e-11,3.9978806209109646e-11,3.997870526473459e-11,3.9978604316967076e-11,3.997850336574891e-11,3.997840241122406e-11,3.9978301453319735e-11,3.997820049203369e-11,3.997809952741092e-11,3.997799855935675e-11,3.997789758800087e-11,3.997779661315094e-11,3.997769563498174e-11,3.997759465342575e-11,3.9977493668500844e-11,3.9977392680084765e-11,3.99772916883987e-11,3.997719069325063e-11,3.9977089694609546e-11,3.997698869286739e-11,3.9976887687465044e-11,3.997678667892585e-11,3.997668566697685e-11,3.9976584651743036e-11,3.997648363304031e-11,3.9976382610851847e-11,3.9976281585521e-11,3.997618055661319e-11,3.9976079524269404e-11,3.997597848853318e-11,3.9975877449356664e-11,3.9975776406985164e-11,3.9975675361283965e-11,3.9975574312175784e-11,3.997547325971141e-11,3.997537220369043e-11,3.997527114449188e-11,3.997517008172363e-11,3.997506901575497e-11,3.997496794682031e-11,3.997486687414403e-11,3.997476579805683e-11,3.997466471842462e-11,3.997456363557484e-11,3.997446254939728e-11,3.997436145976173e-11,3.997426036680368e-11,3.997415927037985e-11,3.9974058170734055e-11,3.997395706736959e-11,3.997385596084467e-11,3.9973754851018686e-11
13,7.029280815677619e-24,1.378184163197085e-23,1.9176346243037755e-23,2.353373107818156e-23,2.700059672003949e-23,2.97782606703219e-23,3.200526475106495e-23,3.3790685887214213e-23,3.5222064704685584e-23,3.636961411832508e-23,3.728963001250593e-23,3.8027242132238354e-23,3.861862637930895e-23,3.9092780924691185e-23,3.947295076707257e-23,3.977776973785359e-23,4.0022175773646857e-23,4.021814440714059e-23,4.0375276576146226e-23,4.0501269705437757e-23,4.060229526237769e-23,4.068330137486386e-23,4.074825540046455e-23,4.0800338373431755e-23,4.084210088442431e-23,4.0875588047834006e-23,4.090243969073607e-23,4.092397067892829e-23,4.0941235319599434e-23,4.095507899832504e-23,4.096617958139084e-23,4.0975080612519387e-23,4.0982217930555976e-23,4.0987941012173956e-23,4.099253008509815e-23,4.099620985008135e-23,4.099916048371587e-23,4.1001526460951577e-23,4.100342362937796e-23,4.100494488171314e-23,4.1006164704274837e-23,4.10071428241719e-23,4.100792713380137e-23,4.10085560358634e-23,4.100906032371302e-23,4.1009464689125926e-23,4.1009788931303716e-23,4.1010048926318934e-23,4.10102574044672e-23,4.1010424573590636e-23,4.1010558618891316e-23,4.101066610370903e-23,4.101075229088639e-23,4.1010821400456764e-23,4.101087681627246e-23,4.1010921251690313e-23,4.1010956882427497e-23,4.1010985453092424e-23,4.1011008362607085e-23,4.101102673270325e-23,4.101104146284654e-23,4.101105327427745e-23,4.1011062745325836e-23,4.1011070339728124e-23,4.1011076429333374e-23,4.101108131231043e-23,4.10110852277473e-23,4.1011088367357776e-23,4.1011090884868407e-23,4.101109290354551e-23,4.1011094522230716e-23,4.1011095820180645e-23,4.101109686094758e-23,4.1011097695491175e-23,4.101109836467367e-23,4.101109890126064e-23,4.101109933152528e-23,4.10110996765349e-23,4.10110999531824e-23,4.101110017501343e-23,4.101110035288962e-23,4.1011100495520435e-23,4.1011100609889594e-23,4.101110070159701e-23,4.101110077513301e-23,4.1011100834098173e-23,4.101110088137966e-23,4.101110091929253e-23,4.1011100949693125e-23,4.101110097406998e-23,4.1011100993616677e-23,4.101110100929028e-23,4.101110102185823e-23,4.1011101031935894e-23,4.1011101040016707e-23,4.101110104649635e-23,4.1011101051692075e-23,4.10111010558583e-23,4.1011101059199005e-23,4.101110106187776e-23,4.1011101064025726e-23,4.101110106574809e-23,4.1011101067129166e-23,4.10111010682366e-23,4.101110106912459e-23,4.101110106983664e-23,4.1011101070407597e-23,4.1011101070865417e-23,4.101110107123252e-23,4.1011101071526897e-23,4.101110107176293e-23,4.1011101071952196e-23,4.101110107210397e-23,4.1011101072225663e-23,4.1011101072323247e-23,4.1011101072401494e-23,4.1011101072464236e-23,4.101110107251454e-23,4.1011101072554884e-23,4.101110107258723e-23,4.101110107261317e-23,4.1011101072633965e-23,4.1011101072650646e-23,4.1011101072664017e-23,4.101110107267473e-23,4.101110107268333e-23,4.101110107269023e-23,4.101110107269576e-23,4.101110107270019e-23,4.101110107270375e-23,4.101110107270661e-23,4.101110107270889e-23,4.101110107271073e-23,4.1011101072712195e-23,4.101110107271337e-23,4.1011101072714316e-23,4.1011101072715074e-23,4.101110107271568e-23,4.101110107271616e-23,4.1011101072716556e-23,4.1011101072716873e-23,4.101110107271713e-23,4.1011101072717326e-23,4.1011101072717484e-23,4.1011101072717614e-23,4.101110107271772e-23,4.10111010727178e-23,4.1011101072717866e-23,4.101110107271792e-23,4.1011101072717966e-23,4.1011101072717996e-23,4.101110107271802e-23,4.101110107271805e-23,4.1011101072718066e-23,4.101110107271808e-23,4.101110107271809e-23,4.10111010727181e-23,4.101110107271811e-23,4.101110107271811e-23,4.1011101072718113e-23,4.1011101072718113e-23,4.1011101072718113e-23,4.1011101072718113e-23,4.1011101072718113e-23,4.1011101072718113e-23,4.1011101072718113e-23,4.1011101072718113e-23,4.1011101072718113e-23,4.1011101072718113e-23,4.1011101072718113e-23,4.1011101072718113e-23,4.1011101072718113e-23,4.1011101072718113e-23,4.1011101072718113e-23,4.1011101072718113e-23,4.1011101072718113e-23,4.1011101072718113e-23,4.1011101072718113e-23,4.1011101072718113e-23,4.1011101072718113e-23,4.1011101072718113e-23,4.1011101072718113e-23,4.1011101072718113e-23,4.1011101072718113e-23,4.1011101072718113e-23,4.1011101072718113e-23,4.1011101072718113e-23,4.1011101072718113e-23,4.1011101072718113e-23,4.1011101072718113e-23,4.1011101072718113e-23,4.1011101072718113e-23,4.1011101072718113e-23,4.1011101072718113e-23,4.1011101072718113e-23,4.1011101072718113e-23,4.1011101072718113e-23,4.1011101072718113e-23,4.1011101072718113e-23,4.1011101072718113e-23,4.1011101072718113e-23,4.1011101072718113e-23,4.1011101072718113e-23,4.1011101072718113e-23,4.1011101072718113e-23,4.1011101072718113e-23,4.1011101072718113e-23,4.1011101072718113e-23,4.1011101072718113e-23,4.1011101072718113e-23,4.1011101072718113e-23,4.1011101072718113e-23,4.1011101072718113e-23,4.1011101072718113e-23,4.1011101072718113e-23,4.1011101072718113e-23,4.1011101072718113e-23,4.1011101072718113e-23,4.1011101072718113e-23,4.1011101072718113e-23,4.1011101072718113e-23,4.1011101072718113e-23,4.1011101072718113e-23,4.1011101072718113e-23,4.1011101072718113e-23,4.1011101072718113e-23,4.1011101072718113e-23,4.1011101072718113e-23,4.1011101072718113e-23,4.1011101072718113e-23,4.1011101072718113e-23,4.1011101072718113e-23,4.1011101072718113e-23,4.1011101072718113e-23,4.1011101072718113e-23,4.1011101072718113e-23,4.1011101072718113e-23,4.1011101072718113e-23,4.1011101072718113e-23,4.1011101072718113e-23,4.1011101072718113e-23,4.1011101072718113e-23,4.1011101072718113e-23,4.1011101072718113e-23,4.1011101072718113e-23,4.1011101072718113e-23,4.1011101072718113e-23,4.1011101072718113e-23,4.1011101072718113e-23,4.1011101072718113e-23,4.1011101072718113e-23,4.1011101072718113e-23,4.1011101072718113e-23,4.1011101072718113e-23,4.1011101072718113e-23,4.1011101072718113e-23,4.1011101072718113e-23,4.1011101072718113e-23,4.1011101072718113e-23,4.1011101072718113e-23,4.1011101072718113e-23,4.1011101072718113e-23,4.1011101072718113e-23,4.1011101072718113e-23,4.1011101072718113e-23,4.1011101072718113e-23,4.1011101072718113e-23,4.1011101072718113e-23,4.1011101072718113e-23,4.1011101072718113e-23,4.1011101072718113e-23,4.1011101072718113e-23,4.1011101072718113e-23,4.1011101072718113e-23,4.1011101072718113e-23,4.1011101072718113e-23,4.1011101072718113e-23,4.1011101072718113e-23,4.1011101072718113e-23,4.1011101072718113e-23,4.1011101072718113e-23,4.1011101072718113e-23,4.1011101072718113e-23,4.1011101072718113e-23,4.1011101072718113e-23,4.1011101072718113e-23,4.1011101072718113e-23,4.1011101072718113e-23,4.1011101072718113e-23,4.1011101072718113e-23,4.1011101072718113e-23,4.1011101072718113e-23,4.1011101072718113e-23,4.1011101072718113e-23,4.1011101072718113e-23,4.1011101072718113e-23,4.1011101072718113e-23,4.1011101072718113e-23,4.1011101072718113e-23,4.1011101072718113e-23,4.1011101072718113e-23,4.1011101072718113e-23,4.1011101072718113e-23,4.1011101072718113e-23,4.1011101072718113e-23,4.1011101072718113e-23,4.1011101072718113e-23,4.1011101072718113e-23,4.1011101072718113e-23,4.1011101072718113e-23,4.1011101072718113e-23,4.1011101072718113e-23,4.1011101072718113e-23,4.1011101072718113e-23,4.1011101072718113e-23,4.1011101072718113e-23,4.1011101072718113e-23,4.1011101072718113e-23,4.1011101072718113e-23,4.1011101072718113e-23,4.1011101072718113e-23,4.1011101072718113e-23,4.1011101072718113e-23,4.1011101072718113e-23,4.1011101072718113e-23,4.1011101072718113e-23,4.1011101072718113e-23,4.1011101072718113e-23,4.1011101072718113e-23,4.1011101072718113e-23,4.1011101072718113e-23,4.1011101072718113e-23,4.1011101072718113e-23,4.1011101072718113e-23,4.1011101072718113e-23,4.1011101072718113e-23,4.1011101072718113e-23,4.1011101072718113e-23,4.1011101072718113e-23,4.1011101072718113e-23,4.1011101072718113e-23,4.1011101072718113e-23,4.1011101072718113e-23,4.1011101072718113e-23,4.1011101072718113e-23,4.1011101072718113e-23,4.1011101072718113e-23,4.1011101072718113e-23,4.1011101072718113e-23,4.1011101072718113e-23,4.1011101072718113e-23,4.1011101072718113e-23,4.1011101072718113e-23,4.1011101072718113e-23,4.1011101072718113e-23,4.1011101072718113e-23,4.1011101072718113e-23,4.1011101072718113e-23,4.1011101072718113e-23,4.1011101072718113e-23,4.1011101072718113e-23,4.1011101072718113e-23,4.1011101072718113e-23,4.1011101072718113e-23,4.1011101072718113e-23,4.1011101072718113e-23,4.1011101072718113e-23,4.1011101072718113e-23,4.1011101072718113e-23,4.1011101072718113e-23,4.1011101072718113e-23,4.1011101072718113e-23,4.1011101072718113e-23,4.1011101072718113e-23,4.1011101072718113e-23,4.1011101072718113e-23,4.1011101072718113e-23,4.1011101072718113e-23,4.1011101072718113e-23,4.1011101072718113e-23,4.1011101072718113e-23,4.1011101072718113e-23,4.1011101072718113e-23,4.1011101072718113e-23,4.1011101072718113e-23,4.1011101072718113e-23,4.1011101072718113e-23,4.1011101072718113e-23,4.1011101072718113e-23,4.1011101072718113e-23,4.1011101072718113e-23,4.1011101072718113e-23,4.1011101072718113e-23,4.1011101072718113e-23,4.1011101072718113e-23,4.1011101072718113e-23,4.1011101072718113e-23,4.1011101072718113e-23,4.1011101072718113e-23,4.1011101072718113e-23,4.1011101072718113e-23,4.1011101072718113e-23,4.1011101072718113e-23,4.1011101072718113e-23,4.1011101072718113e-23,4.1011101072718113e-23,4.1011101072718113e-23,4.1011101072718113e-23,4.1011101072718113e-23,4.1011101072718113e-23,4.1011101072718113e-23,4.1011101072718113e-23,4.1011101072718113e-23,4.1011101072718113e-23,4.1011101072718113e-23,4.1011101072718113e-23,4.1011101072718113e-23,4.1011101072718113e-23,4.1011101072718113e-23,4.1011101072718113e-23,4.1011101072718113e-23,4.1011101072718113e-23,4.1011101072718113e-23,4.1011101072718113e-23,4.1011101072718113e-23,4.1011101072718113e-23,4.1011101072718113e-23,4.1011101072718113e-23,4.1011101072718113e-23,4.1011101072718113e-23,4.1011101072718113e-23,4.1011101072718113e-23,4.1011101072718113e-23,4.1011101072718113e-23,4.1011101072718113e-23,4.1011101072718113e-23,4.1011101072718113e-23,4.1011101072718113e-23,4.1011101072718113e-23,4.1011101072718113e-23,4.1011101072718113e-23,4.1011101072718113e-23,4.1011101072718113e-23,4.1011101072718113e-23,4.1011101072718113e-23,4.1011101072718113e-23,4.1011101072718113e-23,4.1011101072718113e-23,4.1011101072718113e-23,4.1011101072718113e-23,4.1011101072718113e-23,4.1011101072718113e-23,4.1011101072718113e-23,4.1011101072718113e-23,4.1011101072718113e-23,4.1011101072718113e-23,4.1011101072718113e-23,4.1011101072718113e-23,4.1011101072718113e-23,4.1011101072718113e-23,4.1011101072718113e-23,4.1011101072718113e-23,4.1011101072718113e-23,4.1011101072718113e-23,4.1011101072718113e-23,4.1011101072718113e-23,4.1011101072718113e-23,4.1011101072718113e-23,4.1011101072718113e-23,4.1011101072718113e-23,4.1011101072718113e-23,4.1011101072718113e-23,4.1011101072718113e-23,4.1011101072718113e-23,4.1011101072718113e-23,4.1011101072718113e-23,4.1011101072718113e-23,4.1011101072718113e-23,4.1011101072718113e-23,4.1011101072718113e-23,4.1011101072718113e-23,4.1011101072718113e-23,4.1011101072718113e-23,4.1011101072718113e-23,4.1011101072718113e-23,4.1011101072718113e-23,4.1011101072718113e-23,4.1011101072718113e-23,4.1011101072718113e-23,4.1011101072718113e-23,4.1011101072718113e-23,4.1011101072718113e-23,4.1011101072718113e-23,4.1011101072718113e-23,4.1011101072718113e-23,4.1011101072718113e-23,4.1011101072718113e-23,4.1011101072718113e-23,4.1011101072718113e-23,4.1011101072718113e-23,4.1011101072718113e-23,4.1011101072718113e-23,4.1011101072718113e-23,4.1011101072718113e-23,4.1011101072718113e-23,4.1011101072718113e-23,4.1011101072718113e-23,4.1011101072718113e-23,4.1011101072718113e-23,4.1011101072718113e-23,4.1011101072718113e-23,4.1011101072718113e-23,4.1011101072718113e-23,4.1011101072718113e-23,4.1011101072718113e-23,4.1011101072718113e-23,4.1011101072718113e-23,4.1011101072718113e-23,4.1011101072718113e-23,4.1011101072718113e-23,4.1011101072718113e-23,4.1011101072718113e-23,4.1011101072718113e-23,4.1011101072718113e-23,4.1011101072718113e-23,4.1011101072718113e-23,4.1011101072718113e-23,4.1011101072718113e-23,4.1011101072718113e-23,4.1011101072718113e-23,4.1011101072718113e-23,4.1011101072718113e-23,4.1011101072718113e-23,4.1011101072718113e-23,4.1011101072718113e-23,4.1011101072718113e-23,4.1011101072718113e-23,4.1011101072718113e-23,4.1011101072718113e-23,4.1011101072718113e-23,4.1011101072718113e-23,4.1011101072718113e-23,4.1011101072718113e-23,4.1011101072718113e-23,4.1011101072718113e-23,4.1011101072718113e-23,4.1011101072718113e-23,4.1011101072718113e-23,4.1011101072718113e-23,4.1011101072718113e-23,4.1011101072718113e-23,4.1011101072718113e-23,4.1011101072718113e-23,4.1011101072718113e-23,4.1011101072718113e-23,4.1011101072718113e-23,4.1011101072718113e-23,4.1011101072718113e-23,4.1011101072718113e-23,4.1011101072718113e-23,4.1011101072718113e-23,4.1011101072718113e-23,4.1011101072718113e-23,4.1011101072718113e-23,4.1011101072718113e-23,4.1011101072718113e-23,4.1011101072718113e-23,4.1011101072718113e-23,4.1011101072718113e-23,4.1011101072718113e-23,4.1011101072718113e-23,4.1011101072718113e-23,4.1011101072718113e-23,4.1011101072718113e-23,4.1011101072718113e-23,4.1011101072718113e-23,4.1011101072718113e-23,4.1011101072718113e-23,4.1011101072718113e-23,4.1011101072718113e-23,4.1011101072718113e-23,4.1011101072718113e-23,4.1011101072718113e-23,4.1011101072718113e-23,4.1011101072718113e-23,4.1011101072718113e-23,4.1011101072718113e-23,4.1011101072718113e-23,4.1011101072718113e-23,4.1011101072718113e-23,4.1011101072718113e-23,4.1011101072718113e-23,4.1011101072718113e-23,4.1011101072718113e-23,4.1011101072718113e-23,4.1011101072718113e-23,4.1011101072718113e-23,4.1011101072718113e-23,4.1011101072718113e-23,4.1011101072718113e-23,4.1011101072718113e-23,4.1011101072718113e-23,4.1011101072718113e-23,4.1011101072718113e-23,4.1011101072718113e-23,4.1011101072718113e-23,4.1011101072718113e-23,4.1011101072718113e-23,4.1011101072718113e-23,4.1011101072718113e-23,4.1011101072718113e-23,4.1011101072718113e-23,4.1011101072718113e-23,4.1011101072718113e-23,4.1011101072718113e-23,4.1011101072718113e-23,4.1011101072718113e-23,4.1011101072718113e-23,4.1011101072718113e-23,4.1011101072718113e-23,4.1011101072718113e-23,4.1011101072718113e-23,4.1011101072718113e-23,4.1011101072718113e-23,4.1011101072718113e-23,4.1011101072718113e-23,4.1011101072718113e-23,4.1011101072718113e-23,4.1011101072718113e-23,4.1011101072718113e-23,4.1011101072718113e-23,4.1011101072718113e-23,4.1011101072718113e-23,4.1011101072718113e-23,4.1011101072718113e-23,4.1011101072718113e-23,4.1011101072718113e-23,4.1011101072718113e-23,4.1011101072718113e-23,4.1011101072718113e-23,4.1011101072718113e-23,4.1011101072718113e-23,4.1011101072718113e-23,4.1011101072718113e-23,4.1011101072718113e-23,4.1011101072718113e-23,4.1011101072718113e-23,4.1011101072718113e-23,4.1011101072718113e-23,4.1011101072718113e-23,4.1011101072718113e-23,4.1011101072718113e-23,4.1011101072718113e-23,4.1011101072718113e-23,4.1011101072718113e-23,4.1011101072718113e-23,4.1011101072718113e-23,4.1011101072718113e-23,4.1011101072718113e-23,4.1011101072718113e-23,4.1011101072718113e-23,4.1011101072718113e-23,4.1011101072718113e-23,4.1011101072718113e-23,4.1011101072718113e-23,4.1011101072718113e-23,4.1011101072718113e-23,4.1011101072718113e-23,4.1011101072718113e-23,4.1011101072718113e-23,4.1011101072718113e-23,4.1011101072718113e-23,4.1011101072718113e-23,4.1011101072718113e-23,4.1011101072718113e-23,4.1011101072718113e-23,4.1011101072718113e-23,4.1011101072718113e-23,4.1011101072718113e-23,4.1011101072718113e-23,4.1011101072718113e-23,4.1011101072718113e-23,4.1011101072718113e-23,4.1011101072718113e-23,4.1011101072718113e-23,4.1011101072718113e-23,4.1011101072718113e-23,4.1011101072718113e-23,4.1011101072718113e-23,4.1011101072718113e-23,4.1011101072718113e-23,4.1011101072718113e-23,4.1011101072718113e-23,4.1011101072718113e-23,4.1011101072718113e-23,4.1011101072718113e-23,4.1011101072718113e-23,4.1011101072718113e-23,4.1011101072718113e-23,4.1011101072718113e-23,4.1011101072718113e-23,4.1011101072718113e-23,4.1011101072718113e-23,4.1011101072718113e-23,4.1011101072718113e-23,4.1011101072718113e-23,4.1011101072718113e-23,4.1011101072718113e-23,4.1011101072718113e-23,4.1011101072718113e-23,4.1011101072718113e-23,4.1011101072718113e-23,4.1011101072718113e-23,4.1011101072718113e-23,4.1011101072718113e-23,4.1011101072718113e-23,4.1011101072718113e-23,4.1011101072718113e-23,4.1011101072718113e-23,4.1011101072718113e-23,4.1011101072718113e-23,4.1011101072718113e-23,4.1011101072718113e-23,4.1011101072718113e-23,4.1011101072718113e-23,4.1011101072718113e-23,4.1011101072718113e-23,4.1011101072718113e-23,4.1011101072718113e-23,4.1011101072718113e-23,4.1011101072718113e-23,4.1011101072718113e-23,4.1011101072718113e-23,4.1011101072718113e-23,4.1011101072718113e-23,4.1011101072718113e-23,4.1011101072718113e-23,4.1011101072718113e-23,4.1011101072718113e-23,4.1011101072718113e-23,4.1011101072718113e-23,4.1011101072718113e-23,4.1011101072718113e-23,4.1011101072718113e-23,4.1011101072718113e-23,4.1011101072718113e-23,4.1011101072718113e-23,4.1011101072718113e-23,4.1011101072718113e-23,4.1011101072718113e-23,4.1011101072718113e-23,4.1011101072718113e-23,4.1011101072718113e-23,4.1011101072718113e-23,4.1011101072718113e-23,4.1011101072718113e-23,4.1011101072718113e-23,4.1011101072718113e-23,4.1011101072718113e-23,4.1011101072718113e-23,4.1011101072718113e-23,4.1011101072718113e-23,4.1011101072718113e-23,4.1011101072718113e-23,4.1011101072718113e-23,4.1011101072718113e-23,4.1011101072718113e-23,4.1011101072718113e-23,4.1011101072718113e-23,4.1011101072718113e-23,4.1011101072718113e-23,4.1011101072718113e-23,4.1011101072718113e-23,4.1011101072718113e-23,4.1011101072718113e-23,4.1011101072718113e-23,4.1011101072718113e-23,4.1011101072718113e-23,4.1011101072718113e-23,4.1011101072718113e-23,4.1011101072718113e-23,4.1011101072718113e-23,4.1011101072718113e-23,4.1011101072718113e-23,4.1011101072718113e-23,4.1011101072718113e-23,4.1011101072718113e-23,4.1011101072718113e-23,4.1011101072718113e-23,4.1011101072718113e-23,4.1011101072718113e-23,4.1011101072718113e-23,4.1011101072718113e-23,4.1011101072718113e-23,4.1011101072718113e-23,4.1011101072718113e-23,4.1011101072718113e-23,4.1011101072718113e-23,4.1011101072718113e-23,4.1011101072718113e-23,4.1011101072718113e-23,4.1011101072718113e-23,4.1011101072718113e-23,4.1011101072718113e-23,4.1011101072718113e-23,4.1011101072718113e-23,4.1011101072718113e-23,4.1011101072718113e-23,4.1011101072718113e-23,4.1011101072718113e-23,4.1011101072718113e-23,4.1011101072718113e-23,4.1011101072718113e-23,4.1011101072718113e-23,4.1011101072718113e-23,4.1011101072718113e-23,4.1011101072718113e-23,4.1011101072718113e-23,4.1011101072718113e-23,4.1011101072718113e-23,4.1011101072718113e-23,4.1011101072718113e-23,4.1011101072718113e-23,4.1011101072718113e-23,4.1011101072718113e-23,4.1011101072718113e-23,4.1011101072718113e-23,4.1011101072718113e-23,4.1011101072718113e-23,4.1011101072718113e-23,4.1011101072718113e-23,4.1011101072718113e-23,4.1011101072718113e-23,4.1011101072718113e-23,4.1011101072718113e-23,4.1011101072718113e-23,4.1011101072718113e-23,4.1011101072718113e-23,4.1011101072718113e-23,4.1011101072718113e-23,4.1011101072718113e-23,4.1011101072718113e-23,4.1011101072718113e-23,4.1011101072718113e-23,4.1011101072718113e-23,4.1011101072718113e-23,4.1011101072718113e-23,4.1011101072718113e-23,4.1011101072718113e-23,4.1011101072718113e-23,4.1011101072718113e-23,4.1011101072718113e-23,4.1011101072718113e-23,4.1011101072718113e-23,4.1011101072718113e-23,4.1011101072718113e-23,4.1011101072718113e-23,4.1011101072718113e-23,4.1011101072718113e-23,4.1011101072718113e-23,4.1011101072718113e-23,4.1011101072718113e-23,4.1011101072718113e-23,4.1011101072718113e-23,4.1011101072718113e-23,4.1011101072718113e-23,4.1011101072718113e-23,4.1011101072718113e-23,4.1011101072718113e-23,4.1011101072718113e-23,4.1011101072718113e-23,4.1011101072718113e-23,4.1011101072718113e-23,4.1011101072718113e-23,4.1011101072718113e-23,4.1011101072718113e-23,4.1011101072718113e-23,4.1011101072718113e-23,4.1011101072718113e-23,4.1011101072718113e-23,4.1011101072718113e-23,4.1011101072718113e-23,4.1011101072718113e-23,4.1011101072718113e-23,4.1011101072718113e-23,4.1011101072718113e-23,4.1011101072718113e-23,4.1011101072718113e-23,4.1011101072718113e-23,4.1011101072718113e-23,4.1011101072718113e-23,4.1011101072718113e-23,4.1011101072718113e-23,4.1011101072718113e-23,4.1011101072718113e-23,4.1011101072718113e-23,4.1011101072718113e-23,4.1011101072718113e-23,4.1011101072718113e-23,4.1011101072718113e-23,4.1011101072718113e-23,4.1011101072718113e-23,4.1011101072718113e-23,4.1011101072718113e-23,4.1011101072718113e-23,4.1011101072718113e-23,4.1011101072718113e-23,4.1011101072718113e-23,4.1011101072718113e-23,4.1011101072718113e-23,4.1011101072718113e-23,4.1011101072718113e-23,4.1011101072718113e-23,4.1011101072718113e-23,4.1011101072718113e-23,4.1011101072718113e-23,4.1011101072718113e-23,4.1011101072718113e-23,4.1011101072718113e-23,4.1011101072718113e-23,4.1011101072718113e-23,4.1011101072718113e-23,4.1011101072718113e-23,4.1011101072718113e-23,4.1011101072718113e-23,4.1011101072718113e-23,4.1011101072718113e-23,4.1011101072718113e-23,4.1011101072718113e-23,4.1011101072718113e-23,4.1011101072718113e-23,4.1011101072718113e-23,4.1011101072718113e-23,4.1011101072718113e-23,4.1011101072718113e-23,4.1011101072718113e-23,4.1011101072718113e-23,4.1011101072718113e-23,4.1011101072718113e-23,4.1011101072718113e-23,4.1011101072718113e-23,4.1011101072718113e-23,4.1011101072718113e-23,4.1011101072718113e-23,4.1011101072718113e-23,4.1011101072718113e-23,4.1011101072718113e-23,4.1011101072718113e-23,4.1011101072718113e-23,4.1011101072718113e-23,4.1011101072718113e-23,4.1011101072718113e-23,4.1011101072718113e-23,4.1011101072718113e-23,4.1011101072718113e-23,4.1011101072718113e-23,4.1011101072718113e-23,4.1011101072718113e-23,4.1011101072718113e-23,4.1011101072718113e-23,4.1011101072718113e-23,4.1011101072718113e-23,4.1011101072718113e-23,4.1011101072718113e-23,4.1011101072718113e-23,4.1011101072718113e-23,4.1011101072718113e-23,4.1011101072718113e-23,4.1011101072718113e-23,4.1011101072718113e-23,4.1011101072718113e-23,4.1011101072718113e-23,4.1011101072718113e-23,4.1011101072718113e-23,4.1011101072718113e-23,4.1011101072718113e-23,4.1011101072718113e-23,4.1011101072718113e-23,4.1011101072718113e-23,4.1011101072718113e-23,4.1011101072718113e-23,4.1011101072718113e-23,4.1011101072718113e-23,4.1011101072718113e-23,4.1011101072718113e-23,4.1011101072718113e-23,4.1011101072718113e-23,4.1011101072718113e-23,4.1011101072718113e-23,4.1011101072718113e-23,4.1011101072718113e-23,4.1011101072718113e-23,4.1011101072718113e-23,4.1011101072718113e-23,4.1011101072718113e-23,4.1011101072718113e-23,4.1011101072718113e-23,4.1011101072718113e-23,4.1011101072718113e-23,4.1011101072718113e-23,5.363416800198781e-18,9.233237924741558e-18,1.2052058565325393e-17,1.413275743460513e-17,1.5696311706867058e-17,1.6898650710441916e-17,1.7849717618455025e-17,1.8626981720132193e-17,1.928500495222518e-17,1.9862207072602102e-17,2.0385644614673528e-17,2.0874383307790822e-17,2.1341875611795057e-17,2.1797635301902238e-17,2.2248415890686855e-17,2.2699039192862178e-17,2.315297743644851e-17,2.3612761926002007e-17,2.4080269751386368e-17,2.4556924827177133e-17,2.5043838807139872e-17,2.5541909840608478e-17,2.605189179650649e-17,2.6574442819725215e-17,2.711015943866254e-17,2.765960058315839e-17,2.8223304565899984e-17,2.880180116434678e-17,2.939562029775303e-17,3.0005298344203586e-17,3.063138282852539e-17,3.127443598994234e-17,3.1935037587322836e-17,3.261378719051098e-17,3.331130613298143e-17,3.402823924736909e-17,3.476525647208083e-17,3.5523054388093723e-17,3.6302357731521795e-17,3.710392091311838e-17,3.7928529568838076e-17,3.877700215909108e-17,3.965019163131671e-17,4.054898715753246e-17,4.147431595699797e-17,4.2427145213266835e-17,4.340848409413931e-17,4.441938588316619e-17,4.546095023092055e-17,4.6534325534966016e-17,4.7640711457545764e-17,4.8781361590273514e-17,4.995758627583864e-17,5.117075559879794e-17,5.242230255411864e-17,5.3713726407608267e-17,5.5046596263458366e-17,5.642255484761631e-17,5.784332252685323e-17,5.931070157807555e-17,6.082658072567259e-17,6.239293996594083e-17,6.401185569831134e-17,6.568550618773787e-17,6.741617737877543e-17,6.920626908975581e-17,7.105830161355553e-17,7.297492275652325e-17,7.49589153460078e-17,7.70132052408929e-17,7.914086989325551e-17,8.134514748552422e-17,8.362944670288743e-17,8.599735718331491e-17,8.845266069956188e-17,9.099934313100357e-17,9.364160728786933e-17,9.638388665655874e-17,9.923086014114087e-17,1.0218746788046838e-16,1.0525892823173372e-16,1.0845075601618856e-16,1.1176878213261393e-16,1.152191746548183e-16,1.1880846153948292e-16,1.2254355508160787e-16,1.2643177827225362e-16,1.3048089322258906e-16,1.346991318379929e-16,1.390952289426917e-16,1.4367845807696876e-16,1.4845867020853274e-16,1.5344633562573305e-16,1.5865258930994858e-16,1.640892801096057e-16,1.6976902407761554e-16,1.7570526236877697e-16,1.819123241409e-16,1.884054949363862e-16,1.9520109110017985e-16,2.023165408201031e-16,2.097704724639597e-16,2.175828109505668e-16,2.2577488298169314e-16,2.343695320539022e-16,2.433912442760337e-16,2.5286628614167065e-16,2.628228555341525e-16,2.7329124740483115e-16,2.8430403573155023e-16,2.958962735650042e-16,3.0810571320032446e-16,3.2097304874915287e-16,3.3454218369702785e-16,3.4886052635816976e-16,3.639793165004787e-16,3.7995398686935995e-16,3.9684456382786986e-16,4.147161118937328e-16,4.3363922760414855e-16,4.536905889154073e-16,4.74953567185204e-16,4.975189098202799e-16,5.214855027977023e-16,5.469612236536069e-16,5.740638970811741e-16,6.0292236710600925e-16,6.336777019395883e-16,6.664845501093597e-16,7.015126693549026e-16,7.389486532393414e-16,7.789978844366604e-16,8.218867483836366e-16,8.678651466837932e-16,9.172093561975316e-16,9.70225287778044e-16,1.0272522079477658e-15,1.0886669981409573e-15,1.15488903955829e-15,1.2263858279106843e-15,1.3036794418082258e-15,1.3873540121316828e-15,1.4780643682222625e-15,1.5765460715139464e-15,1.6836270894592787e-15,1.8002414144734637e-15,1.9274449962367358e-15,2.0664344340727294e-15,2.2185689731913603e-15,2.385396469142844e-15,2.5686841350612896e-15,2.770455074682402e-15,2.9930318408432723e-15,3.2390885585356476e-15,3.5117135316788244e-15,3.814484737309501e-15,4.151561232989264e-15,4.527794304678101e-15,4.948863221465631e-15,5.421441818914236e-15,5.9534039100260176e-15,6.5540778706083725e-15,7.234563863480426e-15,8.008131340914945e-15,8.890720089824772e-15,9.901575725940398e-15,1.106406100580422e-14,1.2406698771985798e-14,1.3964522472893775e-14,1.578083849879533e-14,1.7909544769356616e-14,2.0418207690014056e-14,2.339218329867934e-14,2.6940191325124598e-14,3.12019336116344e-14,3.4526593202145576e-14,3.452659320215949e-14,3.45265932021786e-14,3.4526593202263166e-14,4.071531309060399e-14,4.8115710639892346e-14,5.720565276487743e-14,6.854619176873148e-14,8.287287103171362e-14,1.01196153329757e-13,1.249400129996963e-13,1.5615209039428592e-13,1.9783635399621254e-13,2.5449538500128113e-13,3.3303931020830633e-13,4.4435461804337355e-13,6.061007074375004e-13,8.478759151850557e-13,1.2211459922722027e-12,1.8190293379592514e-12,2.818979587640769e-12,4.575422787541734e-12,7.842071492415495e-12,1.4330805620917105e-11,2.8224665300658328e-11,6.056962755011378e-11,1.4288054393805821e-10,3.7146116320584556e-10,1.055067659556034e-09,1.1303243259088076e-09,3.5272719898218227e-09,1.1056786645203026e-08,3.443758956829737e-08,1.0369064014485616e-07,2.947164221542009e-07,7.727252643989144e-07,1.0268644056907448e-06,2.383990184162916e-06,4.831415172209891e-06,8.668145347376617e-06,1.386000496770895e-05,2.002542228775963e-05,2.6612792111362754e-05,3.310603849695718e-05,3.912785920465304e-05,4.445019166325728e-05,4.896536584377658e-05,5.265085783504487e-05,5.553903681096007e-05,5.769414765984397e-05,5.919605203336258e-05,6.012949747511045e-05,6.057752768563326e-05,6.0617775114642466e-05,6.032063899071068e-05,5.9748632132872676e-05,5.895641552403613e-05,5.799121314859986e-05,5.689341745707997e-05,5.5697271914376065e-05,5.443156461656645e-05,5.312029603262577e-05,5.1783301440393055e-05,5.0436819067055705e-05,4.909400108507143e-05,4.776536817510369e-05,4.6459210370011515e-05,4.518193795770962e-05,4.3938386712059014e-05,4.273208186939555e-05,4.156546520415728e-05,4.044008936422646e-05,3.935678336619081e-05,3.831579284223807e-05,3.731689831214537e-05,3.63595144312132e-05,3.544277285108749e-05,3.4565591028607835e-05,3.372672904675591e-05,3.2924836245328564e-05,3.21584892313965e-05,3.142622262654766e-05,3.0726553718517717e-05,3.0058002023328942e-05,2.9419104609533595e-05,2.880842791436844e-05,2.8224576668702695e-05,2.7666200450792035e-05,2.7131998305416992e-05,2.6620721797735245e-05,2.6131176805190484e-05,2.5662224304213525e-05,2.521278036325656e-05,2.47818155160484e-05,2.436835366014933e-05,2.397147059660385e-05,2.3590292309367405e-05,2.322399306072994e-05,2.2871793366182712e-05,2.2532957899576175e-05,2.220679336772722e-05,2.1892646386994263e-05,2.158990138531437e-05,2.129797854914577e-05,2.1016331828768307e-05,2.0744447012767144e-05,2.0481839877448607e-05,2.022805441802906e-05,1.998266116069979e-05,1.9745255561881348e-05,1.951545648744039e-05,1.9292904777937807e-05,1.907726189256513e-05,1.8868208632199302e-05,1.8665443937852413e-05,1.846868376149623e-05,1.8277660006045688e-05,1.809211953121642e-05,1.7911823221893995e-05,1.7736545115407953e-05,1.7566071584795353e-05,1.7400200574351517e-05,1.7238740885014966e-05,1.708151150570286e-05,1.6928340988605713e-05,1.6779066864960132e-05,1.6633535099268038e-05,1.6491599579093814e-05,1.6353121638225507e-05,1.6217969611141632e-05,1.6086018416537983e-05,1.5957149167815374e-05,1.5831248809399378e-05,1.5708209776158432e-05,1.5587929675310515e-05,1.5470310988370295e-05,1.535526079281238e-05,1.5242690501102452e-05,1.5132515616698853e-05,1.5024655505458072e-05,1.4919033181259478e-05,1.4815575105507008e-05,1.471421099886587e-05,1.4614873664871277e-05,1.451749882439088e-05,1.442202496031051e-05,1.432839317160594e-05,1.4236547036614409e-05,1.4146432483987087e-05,1.4057997672080337e-05,1.3971192874882173e-05,1.3885970375092832e-05,1.3802284363635804e-05,1.3720090844513628e-05,1.363934754551886e-05,1.3560013834161422e-05,1.348205063818907e-05,1.3405420370873078e-05,1.333008686011357e-05,1.3256015281955551e-05,1.3183172097534412e-05,1.3111524993502586e-05,1.3041042825874141e-05,1.2971695566663366e-05,1.2903454253830086e-05,1.2836290943267415e-05,1.2770178663926549e-05,1.2705091374987139e-05,1.2641003925347535e-05,1.257789201526524e-05,1.2515732159889966e-05,1.2454501654664733e-05,1.2394178542536816e-05,1.2334741582768511e-05,1.227617022133695e-05,1.2218444562775243e-05,1.2161545343377978e-05,1.2105453905758178e-05,1.2050152174612341e-05,1.1995622633640302e-05,1.1941848303573116e-05,1.1888812721246539e-05,1.1836499919630066e-05,1.1784894408798983e-05,1.1733981157812112e-05,1.1683745577386864e-05,1.1634173503330885e-05,1.1585251180809564e-05,1.1536965249246178e-05,1.1489302727917319e-05,1.1442251002178968e-05,1.1395797810292592e-05,1.1349931230894128e-05,1.1304639670772835e-05,1.1259911853620526e-05,1.1215736808663639e-05,1.1172103860319997e-05,1.1129002617853279e-05,1.1086422965957164e-05,1.1044355055167628e-05,1.1002789292939202e-05,1.0961716335402202e-05,1.0921127078722993e-05,1.0881012651435243e-05,1.0841364406824364e-05,1.0802173915679763e-05,1.0763432959215104e-05,1.0725133522457767e-05,1.0687267787688216e-05,1.0649828128313156e-05,1.0612807102851611e-05,1.057619744918792e-05,1.0539992079143298e-05,1.0504184072858345e-05,1.0468766674079473e-05,1.0433733284900523e-05,1.0399077461183123e-05,1.0364792907885582e-05,1.0330873474717875e-05,1.0297313151837897e-05,1.0264106065733758e-05,1.0231246475420945e-05,1.0198728768353022e-05,1.0166547456945649e-05,1.0134697175085727e-05,1.0103172674246568e-05,1.0071968820748868e-05,1.0041080592443744e-05,1.0010503075273448e-05,9.980231460546189e-06,9.950261042054537e-06,9.92058721323345e-06,9.89120546442696e-06,9.86211138035314e-06,9.833300637570662e-06,9.80476900204125e-06,9.776512326657466e-06,9.748526549069988e-06,9.720807689491883e-06,9.693351848436668e-06,9.666155204905809e-06,9.639214013976309e-06,9.612524605176407e-06,9.58608338041024e-06,9.559886812364785e-06,9.533931442468409e-06,9.508213879264101e-06,9.482730796961769e-06,9.457478933431933e-06,9.432455088981131e-06,9.407656124611417e-06,9.383078960666281e-06,9.358720575338553e-06,9.334578003318203e-06,9.310648334477952e-06,9.286928712466807e-06,9.263416333448708e-06,9.240108445066506e-06,9.217002344971399e-06,9.194095379711086e-06,9.17138494382197e-06,9.148868478473585e-06,9.126543470506466e-06,9.10440745139307e-06,9.082457996190263e-06,9.060692722570464e-06,9.039109289925982e-06,9.017705398393473e-06,8.996478787907709e-06,8.975427237358169e-06,8.954548563772362e-06,8.93384062138689e-06,8.913301300947072e-06,8.89292852885842e-06,8.872720266326778e-06,8.852674508924777e-06,8.832789285389655e-06,8.813062657411132e-06,8.79349271854198e-06,8.7740775936816e-06,8.754815438385724e-06,8.735704438490916e-06,8.716742809029236e-06,8.697928793870607e-06,8.679260665157513e-06,8.6607367226892e-06,8.642355293375696e-06,8.624114730539824e-06,8.606013413580985e-06,8.588049747420616e-06,8.570222161870126e-06,8.55252911126556e-06,8.534969073843266e-06,8.517540551421742e-06,8.500242068825488e-06,8.483072173526876e-06,8.46602943510589e-06,8.449112444881284e-06,8.432319815453197e-06,8.415650180410863e-06,8.399102193684933e-06,8.38267452943026e-06,8.366365881509085e-06,8.350174963035838e-06,8.33410050621201e-06,8.318141261848775e-06,8.30229599900708e-06,8.286563504717999e-06,8.270942583565852e-06,8.255432057493588e-06,8.240030765369447e-06,8.22473756268273e-06,8.209551321362756e-06,8.194470929214188e-06,8.179495290038354e-06,8.164623322901973e-06,8.149853962276328e-06,8.13518615737954e-06,8.120618872175024e-06,8.106151085058626e-06,8.091781788505517e-06,8.07750998890112e-06,8.06333470635143e-06,8.049254974308503e-06,8.035269839432798e-06,8.021378361337043e-06,8.007579612381755e-06,7.993872677400652e-06,7.980256653564134e-06,7.966730650126935e-06,7.95329378819678e-06,7.939945200570937e-06,7.92668403158225e-06,7.913509436788553e-06,7.900420582813436e-06,7.887416647345735e-06,7.874496818689696e-06,7.86166029572114e-06,7.848906287719948e-06,7.836234014145114e-06,7.823642704550998e-06,7.81113159832463e-06,7.798699944588706e-06,7.786347002019498e-06,7.774072038725476e-06,7.761874332030036e-06,7.749753168386562e-06,7.737707843206653e-06,7.725737660714482e-06,7.713841933813486e-06,7.702019983945312e-06,7.690271140961093e-06,7.678594742984736e-06,7.666990136279186e-06,7.6554566751214e-06,7.643993721685962e-06,7.632600645916015e-06,7.621276825394222e-06,7.610021645253712e-06,7.598834498023047e-06,7.587714783504622e-06,7.576661908761462e-06,7.565675287919783e-06,7.554754342016473e-06,7.543898499046004e-06,7.533107193684407e-06,7.522379867347432e-06,7.5117159679466e-06,7.5011149499038875e-06,7.490576273992254e-06,7.4800994072695714e-06,7.469683822937296e-06,7.459329000335522e-06,7.44903442480893e-06,7.438799587582992e-06,7.428623985738427e-06,7.418507122080959e-06,7.408448505074425e-06,7.3984476487991335e-06,7.388504072788733e-06,7.378617302009814e-06,7.368786866778e-06,7.3590123026598185e-06,7.349293150429607e-06,7.339628955963027e-06,7.330019270184267e-06,7.320463649004959e-06,7.310961653226995e-06,7.301512848453901e-06,7.2921168051513435e-06,7.282773098385896e-06,7.273481307913087e-06,7.2642410180374916e-06,7.255051817590791e-06,7.245913299830681e-06,7.236825062426515e-06,7.227786707335322e-06,7.2187978407813574e-06,7.2098580732850165e-06,7.200967019419468e-06,7.192124297878099e-06,7.183329531408652e-06,7.174582346708739e-06,7.165882374461603e-06,7.157229249223079e-06,7.148622609307854e-06,7.1400620969110925e-06,7.1315473578820205e-06,7.123078041760711e-06,7.114653801731387e-06,7.10627429454994e-06,7.097939180490998e-06,7.0896481233339555e-06,7.081400790365025e-06,7.07319685217188e-06,7.065035982724858e-06,7.0569178593234275e-06,7.0488421625429435e-06,7.04080857610769e-06,7.032816787026676e-06,7.024866485406819e-06,7.016957364474406e-06,7.009089120506963e-06,7.0012614528153375e-06,6.993474063693592e-06,6.9857266583948645e-06,6.978018945077331e-06,6.9703506347750416e-06,6.9627214413536104e-06,6.955131081523122e-06,6.947579274716613e-06,6.940065743151222e-06,6.932590211686563e-06,6.925152407890995e-06,6.917752061964146e-06,6.910388906710346e-06,6.903062677508265e-06,6.89577311226368e-06,6.888519951397107e-06,6.881302937810673e-06,6.874121816852417e-06,6.866976336293539e-06,6.859866246293552e-06,6.852791299374188e-06,6.845751250396153e-06,6.838745856505374e-06,6.831774877148157e-06,6.82483807401442e-06,6.817935211015529e-06,6.811066054263501e-06,6.804230372035253e-06,6.797427934765528e-06,6.790658515009449e-06,6.783921887409283e-06,6.7772178286583114e-06,6.770546117559103e-06,6.76390653488111e-06,6.757298863416169e-06,6.75072288793229e-06,6.7441783951529126e-06,6.737665173722895e-06,6.731183014184729e-06,6.724731709035798e-06,6.718311052520427e-06,6.711920840896644e-06,6.705560872099717e-06,6.699230945923074e-06,6.692930863933751e-06,6.686660429461344e-06,6.680419447585527e-06,6.67420772510829e-06,6.668025070537238e-06,6.661871294051018e-06,6.655746207511631e-06,6.649649624407242e-06,6.6435813598957145e-06,6.637541230687037e-06,6.631529055145838e-06,6.625544653189532e-06,6.619587846276921e-06,6.613658457414341e-06,6.607756311148211e-06,6.601881233541782e-06,6.596033052088174e-06,6.590211595819432e-06,6.5844166952061705e-06,6.578648182161675e-06,6.572905890035477e-06,6.567189653569443e-06,6.5614993089294e-06,6.555834693640388e-06,6.550195646621668e-06,6.54458200808304e-06,6.5389936196895545e-06,6.533430324319411e-06,6.527891966206953e-06,6.52237839088922e-06,6.516889445134109e-06,6.511424977083729e-06,6.505984836023341e-06,6.500568872536137e-06,6.49517693842765e-06,6.489808886734835e-06,6.484464571652722e-06,6.479143848653802e-06,6.473846574309923e-06,6.4685726063891e-06,6.46332180378783e-06,6.458094026604635e-06,6.45288913604454e-06,6.447706994405657e-06,6.442547465111436e-06,6.437410412687737e-06,6.432295702751977e-06,6.427203201974567e-06,6.422132778106813e-06,6.41708429993486e-06,6.412057637333682e-06,6.407052661138853e-06,6.402069243308724e-06,6.397107256717804e-06,6.392166575278238e-06,6.387247073888078e-06,6.382348628446109e-06,6.377471115784651e-06,6.372614413754279e-06,6.367778401107983e-06,6.36296295756825e-06,6.358167963779741e-06,6.3533933013171556e-06,6.348638852657627e-06,6.343904501212962e-06,6.339190131254113e-06,6.334495628001301e-06,6.329820877498405e-06,6.325165766680453e-06,6.320530183341964e-06,6.315914016143629e-06,6.311317154584854e-06,6.306739489018712e-06,6.302180910579384e-06,6.297641311285123e-06,6.293120583923644e-06,6.288618622143551e-06,6.284135320342587e-06,6.2796705737286974e-06,6.275224278281397e-06,6.270796330770852e-06,6.26638662873382e-06,6.261995070470444e-06,6.257621555036981e-06,6.253265982217374e-06,6.248928252579916e-06,6.244608267383651e-06,6.2403059286321675e-06,6.236021139044819e-06,6.23175380206194e-06,6.227503821839237e-06,6.223271103198179e-06,6.219055551687464e-06,6.214857073528918e-06,6.210675575629204e-06,6.206510965569433e-06,6.202363151603028e-06,6.198232042623874e-06,6.194117548219332e-06,6.190019578609582e-06,6.18593804465197e-06,6.181872857850195e-06,6.177823930339922e-06,6.173791174879455e-06,6.169774504856048e-06,6.165773834264678e-06,6.161789077722498e-06,6.1578201504399195e-06,6.1538669682301965e-06,6.1499294475023845e-06,6.146007505259498e-06,6.142101059076268e-06,6.138210027126865e-06,6.134334328113948e-06,6.130473881354688e-06,6.12662860671233e-06,6.122798424626326e-06,6.118983256033419e-06,6.1151830224714526e-06,6.11139764601518e-06,6.107627049259351e-06,6.103871155346836e-06,6.100129887947438e-06,6.096403171254976e-06,6.09269092997786e-06,6.08899308934723e-06,6.085309575107604e-06,6.081640313511104e-06,6.077985231289692e-06,6.074344255697171e-06,6.070717314473338e-06,6.0671043358542734e-06,6.063505248554512e-06,6.059919981766521e-06,6.056348465169865e-06,6.052790628903119e-06,6.049246403564204e-06,6.045715720279557e-06,6.042198510566272e-06,6.0386947064240174e-06,6.035204240308575e-06,6.031727045121012e-06,6.028263054209539e-06,6.0248122013481865e-06,6.021374420774181e-06,6.017949647148323e-06,6.014537815568279e-06,6.011138861544147e-06,6.007752721020544e-06,6.004379330355566e-06,6.001018626357852e-06,5.997670546202827e-06,5.994335027493776e-06,5.99101200824496e-06,5.98770142686479e-06,5.984403222165204e-06,5.981117333356223e-06,5.9778437000280456e-06,5.974582262199777e-06,5.971332960238851e-06,5.968095734903625e-06,5.96487052732351e-06,5.961657279056573e-06,5.958455931980268e-06,5.95526642836234e-06,5.952088710835234e-06,5.9489227223962555e-06,5.9457684064162335e-06,5.942625706616294e-06,5.939494567070037e-06,5.936374932208929e-06,5.933266746829847e-06,5.93016995605757e-06,5.927084505370467e-06,5.9240103405873625e-06,5.920947407870078e-06,5.9178956537133245e-06,5.9148550249523355e-06,5.911825468716641e-06,5.908806932557395e-06,5.905799364272204e-06,5.902802711992844e-06,5.899816924200889e-06,5.8968419496736e-06,5.893877737507551e-06,5.8909242371204256e-06,5.8879813982402565e-06,5.8850491709058745e-06,5.88212750545061e-06,5.879216352529654e-06,5.8763156630844e-06,5.873425388370214e-06,5.870545479921547e-06,5.867675889593884e-06,5.864816569514473e-06,5.861967472099898e-06,5.859128550080082e-06,5.856299756445157e-06,5.85348104448211e-06,5.850672367746533e-06,5.847873680089642e-06,5.845084935629134e-06,5.842306088769907e-06,5.83953709417054e-06,5.8367779067876245e-06,5.834028481800265e-06,5.831288774724992e-06,5.828558741285239e-06,5.825838337489748e-06,5.823127519606848e-06,5.820426244167068e-06,5.817734467946621e-06,5.815052147986622e-06,5.8123792415815635e-06,5.809715706272147e-06,5.807061499853934e-06,5.804416580368322e-06,5.801780906102233e-06,5.799154435584905e-06,5.796537127597614e-06,5.793928941140267e-06,5.7913298354875385e-06,5.788739770110985e-06,5.786158704749092e-06,5.7835865993537135e-06,5.781023414127365e-06,5.778469109462019e-06,5.775923646031102e-06,5.773386984704452e-06,5.7708590865863e-06,5.768339912999067e-06,5.765829425492746e-06,5.7633275858293325e-06,5.760834355995412e-06,5.758349698196593e-06,5.755873574843325e-06,5.75340594857793e-06,5.75094678225184e-06,5.748496038899207e-06,5.746053681790587e-06,5.7436196743968e-06,5.741193980417212e-06,5.7387765637194925e-06,5.736367388396242e-06,5.733966418739907e-06,5.731573619241268e-06,5.729188954576497e-06,5.726812389633981e-06,5.724443889502503e-06,5.722083419483766e-06,5.719730945030168e-06,5.717386431803558e-06,5.715049845672015e-06,5.712721152662998e-06,5.710400319022748e-06,5.708087311166523e-06,5.70578209569378e-06,5.703484639406086e-06,5.7011949092655726e-06,5.698912872438069e-06,5.696638496255453e-06,5.694371748231044e-06,5.692112596057191e-06,5.689861007603747e-06,5.687617171610532e-06,5.685380644109145e-06,5.683151559814686e-06,5.6809299091149916e-06,5.6787156636269375e-06,5.676508792635745e-06,5.6743092652775414e-06,5.672117050804004e-06,5.669932118621669e-06,5.667754438301864e-06,5.665583979577267e-06,5.663420712353247e-06,5.661264606687289e-06,5.659115632801454e-06,5.656973761077411e-06,5.654838962048921e-06,5.65271120641416e-06,5.6505904650235375e-06,5.648476708885276e-06,5.646369909160972e-06,5.6442700371616104e-06,5.642177064353691e-06,5.640090962374864e-06,5.638011702977671e-06,5.6359392580830385e-06,5.633873599751116e-06,5.631814700196086e-06,5.629762531777663e-06,5.627717066987088e-06,5.625678278494855e-06,5.6236461390870195e-06,5.621620621688956e-06,5.61960169937534e-06,5.6175893453617746e-06,5.615583533010057e-06,5.61358423580898e-06,5.611591427388652e-06,5.609605081521566e-06,5.607625172105646e-06,5.605651673183645e-06,5.6036845589255964e-06,5.601723803640979e-06,5.599769381767279e-06,5.597821267876476e-06,5.595879436665035e-06,5.593943862965932e-06,5.592014521742363e-06,5.59009138807253e-06,5.588174437183746e-06,5.586263644407395e-06,5.584358985216633e-06,5.582460435203774e-06,5.580567970074241e-06,5.578681565691494e-06,5.576801197999301e-06,5.574926843097861e-06,5.57305847717044e-06,5.571196076550947e-06,5.569339617682863e-06,5.567489077133896e-06,5.565644431583868e-06,5.563805657828697e-06,5.561972732785449e-06,5.560145633481658e-06,5.558324337067631e-06,5.556508820800678e-06,5.554699062055443e-06,5.552895038314697e-06,5.551096727177046e-06,5.549304106356937e-06,5.5475171536678725e-06,5.545735847040473e-06,5.543960164520273e-06,5.542190084251355e-06,5.540425584488357e-06,5.538666643601187e-06,5.536913240060487e-06,5.535165352427393e-06,5.5334229593926084e-06,5.531686039743637e-06,5.529954572366923e-06,5.528228536268381e-06,5.526507910526655e-06,5.524792674349119e-06,5.523082807018015e-06,5.521378287960183e-06,5.519679096664964e-06,5.5179852127343145e-06,5.516296615853081e-06,5.514613285844645e-06,5.512935202594479e-06,5.511262346097378e-06,5.509594696435911e-06,5.507932233801733e-06,5.342043824135169e-06,5.26502611899597e-06,5.2328148278960234e-06,5.223087977271425e-06,5.22454053183275e-06,5.2314535886479925e-06,5.240937878035898e-06,5.25153655841019e-06,5.262517624731478e-06,5.2735157348204455e-06,5.284350956831478e-06,5.294937062522331e-06,5.305235132027139e-06,5.315230083554359e-06,5.324918800604913e-06,5.3343041258269095e-06,5.343391822547509e-06,5.352189037439463e-06,5.360703522631003e-06,5.368943242173085e-06,5.3769161729916155e-06,5.384630204461551e-06,5.392093088030838e-06,5.399312412262948e-06,5.40629559095675e-06,5.4130498579969624e-06,5.419582265687485e-06,5.425899685033115e-06,5.432008806996678e-06,5.437916144501645e-06,5.443628034689539e-06,5.449150641533945e-06,5.454489958565449e-06,5.459651811815994e-06,5.4646418628247405e-06,5.469465611703677e-06,5.474128400371181e-06,5.478635415750808e-06,5.482991693011856e-06,5.487202118940134e-06,5.491271435195725e-06,5.495204241596009e-06,5.4990049995812165e-06,5.5026780353919475e-06,5.506227543447952e-06,5.509657589618931e-06,5.512972114489257e-06,5.516174936573799e-06,5.519269755498296e-06,5.522260155189289e-06,5.525149606970968e-06,5.527941472617271e-06,5.530639007381771e-06,5.5332453629674554e-06,5.5357635904422535e-06,5.538196643099259e-06,5.540547379257289e-06,5.542818565018445e-06,5.545012876956735e-06,5.547132904752199e-06,5.549181153778505e-06,5.551160047605393e-06,5.553071930471902e-06,5.554919069669329e-06,5.556703657909698e-06,5.5584278155959485e-06,5.560093593049017e-06,5.561702972680679e-06,5.5632578711070505e-06,5.564760141206902e-06,5.566211574121668e-06,5.567613901213023e-06,5.568968795939885e-06,5.570277875721527e-06,5.5715427036993125e-06,5.572764790531969e-06,5.573945596005969e-06,5.575086530742145e-06,5.576188957756429e-06,5.577254194022909e-06,5.578283511956168e-06,5.579278140879147e-06,5.5802392684327585e-06,5.581168041947617e-06,5.5820655697665795e-06,5.582932922526607e-06,5.58377113442198e-06,5.5845812043972354e-06,5.585364097327732e-06,5.586120745149195e-06,5.586852047958043e-06,5.587558875072972e-06,5.588242066070083e-06,5.588902431776588e-06,5.589540755237677e-06,5.590157792649786e-06,5.590754274271686e-06,5.591330905282647e-06,5.591888366651519e-06,5.59242731594492e-06,5.592948388117399e-06,5.593452196285189e-06,5.593939332464489e-06,5.59441036828694e-06,5.5948658556975044e-06,5.595306327625183e-06,5.5957322986218405e-06,5.596144265511208e-06,5.596542707968919e-06,5.596928089125671e-06,5.597300856128556e-06,5.597661440690995e-06,5.598010259612461e-06,5.598347715306997e-06,5.5986741962820665e-06,5.598990077625259e-06,5.599295721460961e-06,5.599591477399204e-06,5.599877682962155e-06,5.600154664011549e-06,5.600422735133309e-06,5.600682200039997e-06,5.60093335194308e-06,5.601176473912148e-06,5.601411839227648e-06,5.6016397117187155e-06,5.60186034608891e-06,5.602073988235638e-06,5.6022808755484546e-06,5.602481237207859e-06,5.6026752944682365e-06,5.602863260934283e-06,5.60304534282447e-06,5.603221739217194e-06,5.603392642328457e-06,5.603558237710772e-06,5.603718704510181e-06,5.603874215679729e-06,5.604024938195477e-06,5.60417103326544e-06,5.604312656527125e-06,5.604449958243292e-06,5.6045830834879505e-06,5.604712172325415e-06,5.604837359985706e-06,5.604958777031886e-06,5.6050765495217895e-06,5.605190799165437e-06,5.605301643476459e-06,5.6054091959169015e-06,5.605513566038399e-06,5.6056148596182375e-06,5.605713178790942e-06,5.605808622176224e-06,5.6059012849922915e-06,5.605991259189165e-06,5.6060786335517855e-06,5.606163493812003e-06,5.606245922755964e-06,5.606326000327378e-06,5.606403803723424e-06,5.60647940749257e-06,5.606552883625509e-06,5.606624301644905e-06,5.606693728688026e-06,5.606761229601243e-06,5.606826867001447e-06,5.606890701367751e-06,5.606952791108561e-06,5.60701319263839e-06,5.607071960442509e-06,5.607129147150874e-06,5.6071848035917214e-06,5.607238978863332e-06,5.607291720393067e-06,5.607343073990995e-06,5.607393083910181e-06,5.607441792897686e-06,5.607489242250385e-06,5.607535471861771e-06,5.60758052027201e-06,5.607624424715347e-06,5.607667221167238e-06,5.6077089443827724e-06,5.60774962794333e-06,5.607789304296326e-06,5.6078280047926435e-06,5.6078657597291074e-06,5.607902598379264e-06,5.6079385490338e-06,5.607973639030652e-06,5.608007894790921e-06,5.608041341848921e-06,5.608074004883163e-06,5.608105907746584e-06,5.608137073494314e-06,5.608167524412581e-06,5.608197282041372e-06,5.6082263672059175e-06,5.608254800038169e-06,5.608282600000312e-06,5.608309785908617e-06,5.608336375956308e-06,5.6083623877339545e-06,5.608387838251144e-06,5.6084127439553885e-06,5.6084371207527806e-06,5.608460984026019e-06,5.608484348651813e-06,5.608507229019633e-06,5.6085296390470554e-06,5.608551592196641e-06,5.60857310148958e-06,5.608594179527016e-06,5.6086148384985736e-06,5.608635090196145e-06,5.608654946030546e-06,5.608674417043262e-06,5.6086935139192855e-06,5.608712246999353e-06,5.608730626291211e-06,5.608748661481623e-06,5.6087663619469945e-06,5.608783736763978e-06,5.608800794719554e-06,5.608817544321193e-06,5.6088339938061724e-06,5.608850151149795e-06,5.608866024076837e-06,5.6088816200688625e-06,5.608896946369862e-06,5.608912009998022e-06,5.608926817751369e-06,5.6089413762157045e-06,5.608955691771822e-06,5.608969770602331e-06,5.608983618698675e-06,5.60899724186673e-06,5.609010645732651e-06,5.609023835752034e-06,5.6090368172137336e-06,5.609049595243682e-06,5.6090621748098774e-06,5.609074560732592e-06,5.609086757686279e-06,5.609098770202201e-06,5.609110602677593e-06,5.609122259376584e-06,5.609133744437931e-06,5.6091450618756805e-06,5.6091562155852275e-06,5.609167209347935e-06,5.609178046831905e-06,5.609188731598842e-06,5.609199267108112e-06,5.6092096567157715e-06,5.609219903682026e-06,5.609230011172609e-06,5.609239982262241e-06,5.6092498199384236e-06,5.609259527102079e-06,5.609269106571967e-06,5.60927856108856e-06,5.609287893314113e-06,5.609297105836488e-06,5.609306201171397e-06,5.609315181764655e-06,5.609324049994159e-06,5.609332808173183e-06,5.609341458551257e-06,5.6093500033159476e-06,5.609358444596613e-06,5.609366784464307e-06,5.609375024934775e-06,5.609383167970617e-06,5.609391215480582e-06,5.609399169324556e-06,5.609407031313013e-06,5.6094148032083596e-06,5.609422486728251e-06,5.60943008354499e-06,5.609437595288949e-06,5.609445023546817e-06,5.609452369866826e-06,5.609459635757189e-06,5.609466822688339e-06,5.60947393209385e-06,5.609480965372126e-06,5.609487923885631e-06,5.609494808964732e-06,5.6095016219068395e-06,5.60950836397768e-06,5.609515036412626e-06,5.609521640417432e-06,5.60952817716903e-06,5.6095346478165654e-06,5.609541053481918e-06,5.609547395260951e-06,5.609553674223844e-06,5.609559891416286e-06,5.609566047860165e-06,5.609572144553667e-06,5.60957818247268e-06,5.609584162570639e-06,5.609590085780334e-06,5.609595953013316e-06,5.609601765161499e-06,5.609607523096956e-06,5.609613227673229e-06,5.609618879723625e-06,5.609624480065994e-06,5.6096300295010725e-06,5.609635528809947e-06,5.609640978759267e-06,5.609646380099033e-06,5.6096517335637445e-06,5.6096570398729695e-06,5.609662299731436e-06,5.609667513829146e-06,5.609672682843576e-06,5.609677807437222e-06,5.6096828882598075e-06,5.609687925948265e-06,5.609692921127299e-06,5.6096978744091664e-06,5.609702786394326e-06,5.609707657671927e-06,5.609712488819782e-06,5.6097172804046275e-06,5.609722032982701e-06,5.609726747099846e-06,5.609731423291757e-06,5.609736062084136e-06,5.609740663993575e-06,5.609745229526526e-06,5.609749759180885e-06,5.6097542534454115e-06,5.609758712800255e-06,5.609763137717056e-06,5.6097675286592e-06,5.609771886081724e-06,5.609776210432545e-06,5.609780502151557e-06,5.609784761669832e-06,5.609788989412737e-06,5.609793185798235e-06,5.609797351236885e-06,5.60980148613258e-06,5.609805590882991e-06,5.609809665877806e-06,5.609813711501789e-06,5.609817728132583e-06,5.609821716142994e-06,5.609825675898735e-06,5.609829607760314e-06,5.609833512081075e-06,5.609837389210563e-06,5.609841239492083e-06,5.609845063263343e-06,5.6098488608581094e-06,5.6098526326038265e-06,5.609856378823068e-06,5.609860099833821e-06,5.609863795948918e-06,5.609867467476744e-06,5.609871114721284e-06,5.60987473798148e-06,5.609878337552117e-06,5.60988191372253e-06,5.6098854667809405e-06,5.609888997009145e-06,5.6098925046837735e-06,5.609895990080563e-06,5.6098994534679746e-06,5.609902895112947e-06,5.609906315277278e-06,5.609909714218744e-06,5.6099130921949615e-06,5.609916449456187e-06,5.609919786249929e-06,5.609923102822848e-06,5.609926399413094e-06,5.609929676260143e-06,5.6099329335991845e-06,5.609936171659705e-06,5.60993939067039e-06,5.609942590857824e-06,5.609945772443213e-06,5.609948935646046e-06,5.609952080684713e-06,5.609955207768081e-06,5.609958317108946e-06,5.6099614089151796e-06,5.609964483391785e-06,5.609967540741178e-06,5.609970581163019e-06,5.609973604854326e-06,5.609976612009966e-06,5.6099796028217295e-06,5.609982577479416e-06,5.60998553617013e-06,5.609988479078138e-06,5.609991406386282e-06,5.609994318275097e-06,5.609997214921538e-06,5.610000096501658e-06,5.610002963188727e-06,5.610005815153938e-06,5.610008652566318e-06,5.610011475592583e-06,5.610014284397467e-06,5.6100170791445405e-06,5.610019859994286e-06,5.610022627104883e-06,5.610025380633582e-06,5.6100281207352975e-06,5.6100308475630485e-06,5.610033561267967e-06,5.610036261999354e-06,5.610038949904689e-06,5.610041625129654e-06,5.610044287818208e-06,5.610046938112498e-06,5.61004957615324e-06,5.610052202078689e-06,5.610054816025607e-06,5.610057418130783e-06,5.6100600085272175e-06,5.610062587346867e-06,5.610065154721946e-06,5.610067710779635e-06,5.610070255648318e-06,5.610072789454018e-06,5.61007531232131e-06,5.610077824373286e-06,5.610080325731586e-06,5.610082816516425e-06,5.610085296846116e-06,5.610087766839448e-06,5.6100902266112204e-06,5.610092676276857e-06,5.610095115949399e-06,5.610097545739512e-06,5.610099965760747e-06,5.610102376119592e-06,5.610104776925297e-06,5.610107168284932e-06,5.6101095503033166e-06,5.610111923086341e-06,5.610114286736244e-06,5.6101166413554705e-06,5.610118987044666e-06,5.610121323904603e-06,5.610123652031734e-06,5.61012597152672e-06,5.610128282481e-06,5.610130584992494e-06,5.610132879154827e-06,5.610135165059587e-06,5.610137442801993e-06,5.6101397124710544e-06,5.610141974153412e-06,5.610144227944696e-06,5.610146473929164e-06,5.610148712194009e-06,5.610150942824522e-06,5.6101531659057615e-06,5.6101553815220526e-06,5.610157589755489e-06,5.610159790688677e-06,5.610161984401724e-06,5.6101641709771155e-06,5.610166350491523e-06,5.61016852302393e-06,5.610170688651977e-06,5.610172847452079e-06,5.610174999500863e-06,5.610177144872135e-06,5.61017928364042e-06,5.610181415878588e-06,5.610183541658964e-06,5.610185661053153e-06,5.61018777413188e-06,5.610189880965041e-06,5.610191981621921e-06,5.610194076170819e-06,5.6101961646771445e-06,5.610198247211997e-06,5.610200323839388e-06,5.610202394624612e-06,5.6102044596323155e-06,5.610206518926478e-06,5.610208572570638e-06,5.610210620626599e-06,5.610212663156091e-06,5.610214700220394e-06,5.610216731879605e-06,5.61021875819379e-06,5.610220779221012e-06,5.610222795021735e-06,5.6102248056550955e-06,5.610226811173434e-06,5.6102288116352845e-06,5.610230807098801e-06,5.610232797615627e-06,5.6102347832411305e-06,5.610236764032248e-06,5.610238740037818e-06,5.610240711312862e-06,5.610242677909601e-06,5.610244639879844e-06,5.610246597274298e-06,5.610248550143496e-06,5.610250498537555e-06,5.610252442505725e-06,5.610254382096845e-06,5.610256317359202e-06,5.610258248340741e-06,5.610260175087975e-06,5.610262097648138e-06,5.6102640160674e-06,5.610265930392018e-06,5.610267840665555e-06,5.610269746933749e-06,5.610271649240573e-06,5.610273547629654e-06,5.610275442144028e-06,5.6102773328264245e-06,5.610279219718341e-06,5.61028110286298e-06,5.61028298230142e-06,5.61028485807369e-06,5.610286730220491e-06,5.610288598782207e-06,5.610290463797702e-06,5.6102923253068405e-06,5.610294183348573e-06,5.610296037959461e-06,5.610297889177748e-06,5.610299737041452e-06,5.610301581586713e-06,5.610303422850403e-06,5.610305260868662e-06,5.610307095677547e-06,5.610308927311672e-06,5.61031075580698e-06,5.610312581197786e-06,5.610314403518209e-06,5.6103162228014855e-06,5.61031803908126e-06,5.610319852390757e-06,5.610321662762662e-06,5.610323470229306e-06,5.610325274822834e-06,5.610327076574525e-06,5.610328875515837e-06,5.610330671677728e-06,5.610332465090712e-06,5.610334255785044e-06,5.610336043790914e-06,5.610337829137368e-06,5.610339611854257e-06,5.610341391970212e-06,5.61034316951383e-06,5.610344944513449e-06,5.610346716997063e-06,5.610348486992303e-06,5.61035025452572e-06,5.610352019626079e-06,5.610353782322025e-06,5.610355542634611e-06,5.6103573005928005e-06,5.610359056222324e-06,5.610360809548667e-06,5.6103625605968866e-06,5.610364309396828e-06,5.610366055967072e-06,5.61036780033225e-06,5.610369542518315e-06,5.6103712825493884e-06,5.610373020449018e-06,5.610374756240546e-06,5.610376489947488e-06,5.610378221592517e-06,5.6103799511979485e-06,5.610381678787528e-06,5.610383404386307e-06,5.610385128007673e-06,5.610386849678317e-06,5.610388569419183e-06,5.610390287252178e-06,5.610392003197881e-06,5.610393717277082e-06,5.610395429510169e-06,5.610397139917386e-06,5.610398848519034e-06,5.610400555333449e-06,5.6104022603832255e-06,5.6104039636861125e-06,5.610405665263231e-06,5.610407365129947e-06,5.610409063306273e-06,5.61041075981272e-06,5.610412454665524e-06,5.610414147882503e-06,5.610415839483852e-06,5.6104175294860386e-06,5.610419217907065e-06,5.610420904764059e-06,5.610422590073946e-06,5.610424273854916e-06,5.610425956125497e-06,5.610427636896465e-06,5.6104293161875e-06,5.610430994014869e-06,5.610432670394574e-06,5.610434345341059e-06,5.610436018873275e-06,5.610437691005185e-06,5.610439361751929e-06,5.610441031129292e-06,5.610442699150291e-06,5.6104443658326025e-06,5.610446031188052e-06,5.610447695234531e-06,5.610449357984989e-06,5.610451019453724e-06,5.6104526796537035e-06,5.610454338600523e-06,5.610455996307228e-06,5.610457652787448e-06,5.610459308054621e-06,5.610460962123459e-06,5.610462615006116e-06,5.610464266713571e-06,5.610465917260343e-06,5.610467566659245e-06,5.610469214922999e-06,5.610470862063864e-06,5.610472508094334e-06,5.610474153024383e-06,5.610475796870539e-06,5.610477439642773e-06,5.610479081352173e-06,5.61048072201069e-06,5.6104823616283474e-06,5.610484000220062e-06,5.610485637795552e-06,5.610487274364887e-06,5.610488909939345e-06,5.610490544530916e-06,5.610492178148859e-06,5.610493810807236e-06,5.610495442512264e-06,5.61049707327678e-06,5.610498703109775e-06,5.61050033202565e-06,5.610501960029046e-06,5.610503587132242e-06,5.610505213344979e-06,5.610506838675717e-06,5.610508463134523e-06,5.610510086736575e-06,5.6105117094843605e-06,5.610513331389508e-06,5.610514952461042e-06,5.610516572708676e-06,5.610518192143659e-06,5.61051981076965e-06,5.6105214285971135e-06,5.6105230456375765e-06,5.6105246618979425e-06,5.610526277387018e-06,5.610527892112156e-06,5.610529506083362e-06,5.610531119306513e-06,5.610532731792518e-06,5.610534343549716e-06,5.610535954584977e-06,5.61053756490412e-06,5.610539174519056e-06,5.6105407834355004e-06,5.6105423916626585e-06,5.610543999205087e-06,5.610545606070955e-06,5.610547212269317e-06,5.610548817805964e-06,5.61055042268955e-06,5.610552026927303e-06,5.6105536305250315e-06,5.610555233490242e-06,5.610556835830051e-06,5.610558437551057e-06,5.610560038660285e-06,5.610561639158454e-06,5.610563239063836e-06,5.610564838377363e-06,5.610566437105473e-06,5.6105680352537485e-06,5.610569632830271e-06,5.6105712298402624e-06,5.610572826290136e-06,5.610574422185988e-06,5.610576017532932e-06,5.610577612338622e-06,5.610579206608832e-06,5.610580800353147e-06,5.610582393567446e-06,5.610583986264107e-06,5.6105855784435404e-06,5.610587170120226e-06,5.610588761295872e-06,5.610590351974099e-06,5.610591942161604e-06,5.6105935318638724e-06,5.61059512108494e-06,5.6105967098322776e-06,5.610598298107476e-06,5.610599885921006e-06,5.610601473276454e-06,5.610603060172677e-06,5.610604646622813e-06,5.610606232630192e-06,5.6106078181995604e-06,5.610609403330781e-06,5.610610988031063e-06,5.6106125723071456e-06,5.610614156163015e-06,5.61061573960221e-06,5.610617322630142e-06,5.610618905250378e-06,5.610620487466439e-06,5.6106220692866694e-06,5.610623650708895e-06,5.610625231746411e-06,5.610626812398502e-06,5.6106283926691685e-06,5.6106299725631626e-06,5.610631552084541e-06,5.610633131237306e-06,5.61063471002224e-06,5.610636288451963e-06,5.610637866519557e-06,5.6106394442392085e-06,5.610641021605845e-06,5.610642598630796e-06,5.610644175314099e-06,5.610645751658148e-06,5.610647327670215e-06,5.610648903352583e-06,5.610650478709971e-06,5.61065205374134e-06,5.610653628454282e-06,5.610655202851156e-06,5.61065677693703e-06,5.610658350712281e-06,5.6106599241815965e-06,5.610661497348e-06,5.610663070217068e-06,5.610664642789441e-06,5.610666215070003e-06,5.610667787060621e-06,5.610669358761503e-06,5.610670930182782e-06,5.610672501324689e-06,5.610674072188974e-06,5.610675642776526e-06,5.610677213096296e-06,5.610678783148145e-06,5.610680352932124e-06,5.610681922455557e-06,5.610683491720729e-06,5.610685060729483e-06,5.610686629484615e-06,5.610688197988903e-06,5.610689766245087e-06,5.610691334253361e-06,5.610692902021302e-06,5.610694469549277e-06,5.610696036839841e-06,5.610697603897507e-06,5.610699170720878e-06,5.610700737314633e-06,5.610702303680354e-06,5.610703869812984e-06,5.610705435732658e-06,5.610707001432034e-06,5.610708566913922e-06,5.6107101321807384e-06,5.6107116972345696e-06,5.6107132620776115e-06,5.610714826711549e-06,5.610716391141031e-06,5.610717955366825e-06,5.610719519390472e-06,5.6107210832077855e-06,5.610722646836044e-06,5.610724210269191e-06,5.610725773509087e-06,5.610727336558481e-06,5.610728899419053e-06,5.610730462093504e-06,5.610732024584741e-06,5.610733586892183e-06,5.61073514901913e-06,5.610736710967489e-06,5.61073827273922e-06,5.610739834336806e-06,5.610741395761156e-06,5.610742957014679e-06,5.6107445180989405e-06,5.610746079015702e-06,5.610747639767348e-06,5.6107492003549535e-06,5.6107507607811785e-06,5.610752321047339e-06,5.610753881154961e-06,5.6107554411061664e-06,5.610757000902513e-06,5.6107585605456545e-06,5.6107601200369415e-06,5.610761679377737e-06,5.610763238573609e-06,5.610764797620302e-06,5.610766356521985e-06,5.610767915280176e-06,5.6107694738964135e-06,5.610771032372581e-06,5.610772590708552e-06,5.6107741489081595e-06,5.610775706971902e-06,5.6107772649012535e-06,5.6107788226976606e-06,5.610780380362039e-06,5.610781937897465e-06,5.6107834953065985e-06,5.610785052585068e-06,5.610786609740327e-06,5.610788166768815e-06,5.610789723674124e-06,5.610791280457595e-06,5.610792837120542e-06,5.610794393664005e-06,5.610795950089769e-06,5.610797506398005e-06,5.6107990625912975e-06,5.6108006186707985e-06,5.610802174637551e-06,5.610803730491761e-06,5.610805286236823e-06,5.610806841872155e-06,5.610808397399356e-06,5.6108099528179766e-06,5.610811508130565e-06,5.610813063340431e-06,5.61081461844697e-06,5.61081617345094e-06,5.610817728353246e-06,5.610819283155783e-06,5.6108208378592715e-06,5.610822392465423e-06,5.6108239469738515e-06,5.61082550138652e-06,5.610827055704266e-06,5.610828609927823e-06,5.610830164058682e-06,5.610831718097706e-06,5.610833272045522e-06,5.610834825896663e-06,5.610836379666009e-06,5.610837933347155e-06,5.61083948694152e-06,5.610841040449636e-06,5.610842593872771e-06,5.61084414721347e-06,5.610845700469035e-06,5.61084725364212e-06,5.610848806737371e-06,5.610850359747896e-06,5.610851912677643e-06,5.610853465529797e-06,5.610855018303644e-06,5.6108565710004346e-06,5.610858123620788e-06,5.6108596761663714e-06,5.61086122863604e-06,5.610862781031377e-06,5.610864333354419e-06,5.610865885604986e-06,5.61086743778368e-06,5.610868989891877e-06,5.610870541929374e-06,5.61087209389774e-06,5.610873645795592e-06,5.610875197627267e-06,5.610876749391875e-06,5.610878301090353e-06,5.610879852723341e-06,5.610881404290802e-06,5.610882955793147e-06,5.610884507232514e-06,5.610886058610384e-06,5.610887609924343e-06,5.610889161176787e-06,5.610890712368307e-06,5.610892263498254e-06,5.6108938145696955e-06,5.610895365582086e-06,5.61089691653838e-06,5.6108984674345385e-06,5.610900018273166e-06,5.6109015690555315e-06,5.610903119781927e-06,5.610904670452651e-06,5.610906221069127e-06,5.6109077716302224e-06,5.610909322137805e-06,5.610910872592285e-06,5.6109124229952505e-06,5.610913973346444e-06,5.610915523649947e-06,5.610917073898522e-06,5.6109186240973145e-06,5.61092017424553e-06,5.610921724344747e-06,5.610923274394944e-06,5.610924824397194e-06,5.610926374351852e-06,5.610927924259181e-06,5.610929474119808e-06,5.61093102393422e-06,5.6109325737056016e-06,5.610934123431288e-06,5.610935673110191e-06,5.610937222744539e-06,5.610938772335064e-06,5.610940321881581e-06,5.610941871388801e-06,5.610943420849475e-06,5.610944970269221e-06,5.610946519647904e-06,5.610948068983107e-06,5.610949618279073e-06,5.6109511675351035e-06,5.610952716750347e-06,5.610954265928249e-06,5.610955815065957e-06,5.610957364164604e-06,5.6109589132252875e-06,5.610960462248322e-06,5.610962011233902e-06,5.6109635601825205e-06,5.6109651090939695e-06,5.6109666579697416e-06,5.610968206812578e-06,5.610969755616822e-06,5.6109713043860524e-06,5.610972853119504e-06,5.610974401822593e-06,5.610975950488424e-06,5.610977499120711e-06,5.6109790477184974e-06,5.610980596282703e-06,5.61098214481589e-06,5.610983693316161e-06,5.610985241784647e-06,5.610986790222609e-06,5.610988338628181e-06,5.610989887003459e-06,5.610991435350404e-06,5.6109929836640524e-06,5.6109945319476765e-06,5.610996080201462e-06,5.610997628429784e-06,5.610999176625173e-06,5.611000724791529e-06,5.611002272930496e-06,5.611003821040007e-06,5.611005369121722e-06,5.611006917175534e-06,5.611008465202021e-06,5.611010013201367e-06,5.611011561174301e-06,5.611013109120306e-06,5.611014657040204e-06,5.611016204933814e-06,5.611017752801347e-06,5.611019300643708e-06,5.6110208484609904e-06,5.61102239625294e-06,5.611023944023682e-06,5.6110254917666796e-06,5.611027039484278e-06,5.611028587179189e-06,5.611030134849569e-06,5.611031682496964e-06,5.611033230121048e-06,5.611034777722374e-06,5.611036325305085e-06,5.611037872860779e-06,5.611039420394123e-06,5.611040967905545e-06,5.611042515394709e-06,5.611044062862319e-06,5.611045610308601e-06,5.6110471577335085e-06,5.6110487051374736e-06,5.611050252520715e-06,5.61105179988598e-06,5.611053347232095e-06,5.611054894554153e-06,5.611056441859149e-06,5.611057989143929e-06,5.611059536406252e-06,5.611061083649182e-06,5.6110626308728206e-06,5.611064178080554e-06,5.611065725265868e-06,5.6110672724329095e-06,5.6110688195813424e-06,5.611070366711639e-06,5.611071913824713e-06,5.611073460919256e-06,5.611075007995443e-06,5.6110765550543364e-06,5.611078102095756e-06,5.611079649119104e-06,5.611081196126233e-06,5.611082743116445e-06,5.611084290089682e-06,5.6110858370465476e-06,5.611087383990598e-06,5.611088930915034e-06,5.611090477822925e-06,5.611092024718246e-06,5.611093571593603e-06,5.611095118458083e-06,5.6110966653030375e-06,5.611098212132811e-06,5.611099758950981e-06,5.611101305752054e-06,5.611102852536625e-06,5.611104399306397e-06,5.6111059460611004e-06,5.611107492799205e-06,5.611109039528916e-06,5.611110586243852e-06,5.611112132945196e-06,5.6111136796335465e-06,5.611115226303804e-06,5.611116772959226e-06,5.611118319606251e-06,5.611119866235339e-06,5.611121412851399e-06,5.611122959457934e-06,5.611124506051273e-06,5.611126052631221e-06,5.611127599198852e-06,5.611129145750416e-06,5.6111306922893705e-06,5.611132238815626e-06,5.611133785332985e-06,5.611135331834923e-06,5.6111368783276185e-06,5.61113842480548e-06,5.611139971275471e-06,5.6111415177295885e-06,5.611143064172508e-06,5.611144610603367e-06,5.611146157022783e-06,5.611147703430632e-06,5.611149249827392e-06,5.6111507962171585e-06,5.611152342594749e-06,5.61115388896107e-06,5.61115543531758e-06,5.611156981662882e-06,5.611158527997866e-06,5.611160074321245e-06,5.611161620634149e-06,5.611163166933812e-06,5.611164713226214e-06,5.611166259505606e-06,5.611167805774948e-06,5.6111693520320114e-06,5.6111708982813e-06,5.611172444520531e-06,5.6111739907533855e-06,5.61117553697306e-06,5.611177083187319e-06,5.6111786293882435e-06,5.611180175579729e-06,5.61118172176186e-06,5.611183267934742e-06,5.611184814098263e-06,5.611186360255777e-06,5.611187906401394e-06,5.611189452540756e-06,5.611190998668527e-06,5.611192544790661e-06,5.6111940909004275e-06,5.611195637001911e-06,5.611197183097861e-06,5.611198729182382e-06,5.611200275262097e-06,5.61120182133017e-06,5.611203367389429e-06,5.611204913443775e-06,5.611206459487653e-06,5.61120800552599e-06,5.611209551552054e-06,5.611211097571416e-06,5.611212643581696e-06,5.611214189587886e-06,5.611215735583697e-06,5.611217281568663e-06,5.611218827551783e-06,5.611220373524446e-06,5.611221919489341e-06,5.6112234654472305e-06,5.6112250113970695e-06,5.611226557343105e-06,5.6112281032783695e-06,5.611229649211771e-06,5.6112311951330785e-06,5.6112327410473e-06,5.611234286954535e-06,5.611235832854702e-06,5.611237378747553e-06,5.611238924630684e-06,5.611240470509822e-06,5.611242016386656e-06,5.611243562252774e-06,5.611245108112228e-06,5.611246653965064e-06,5.611248199814349e-06,5.611249745657012e-06,5.611251291491704e-06,5.611252837318582e-06,5.611254383138726e-06,5.611255928955789e-06,5.611257474763692e-06,5.611259020566098e-06,5.6112605663644625e-06,5.611262112153694e-06,5.611263657936951e-06,5.61126520371429e-06,5.61126674948648e-06,5.611268295251256e-06,5.611269841010751e-06,5.611271386764222e-06,5.611272932509545e-06,5.611274478251402e-06,5.61127602398749e-06,5.6112775697178784e-06,5.611279115442627e-06,5.6112806611589305e-06,5.611282206872165e-06,5.611283752579958e-06,5.611285298282271e-06,5.611286843979199e-06,5.611288389671868e-06,5.611289935358804e-06,5.611291481043778e-06,5.611293026718807e-06,5.611294572388786e-06,5.6112961180571e-06,5.611297663716608e-06,5.611299209370293e-06,5.61130075501967e-06,5.611302300664781e-06,5.6113038463035475e-06,5.611305391937758e-06,5.611306937566996e-06,5.611308483192789e-06,5.611310028815029e-06,5.6113115744294455e-06,5.6113131200422256e-06,5.611314665647006e-06,5.6113162112423586e-06,5.611317756838144e-06,5.611319302428131e-06,5.611320848016742e-06,5.611322393596873e-06,5.611323939173455e-06,5.611325484744983e-06,5.611327030313604e-06,5.611328575876096e-06,5.6113301214338505e-06,5.611331666987742e-06,5.61133321253985e-06,5.611334758083859e-06,5.6113363036236755e-06,5.611337849158607e-06,5.611339394689601e-06,5.611340940220054e-06,5.611342485745718e-06,5.611344031267133e-06,5.6113455767809645e-06,5.611347122290383e-06,5.611348667798592e-06,5.611350213299545e-06,5.611351758799356e-06,5.6113533042919996e-06,5.611354849782405e-06,5.611356395270552e-06,5.611357940750744e-06,5.611359486230096e-06,5.61136103170217e-06,5.611362577170016e-06,5.611364122635384e-06,5.611365668098511e-06,5.611367213557578e-06,5.611368759012952e-06,5.611370304464178e-06,5.6113718499112855e-06,5.611373395355627e-06,5.61137494079163e-06,5.611376486228536e-06,5.611378031660317e-06,5.61137957708533e-06,5.611381122506915e-06,5.611382667927629e-06,5.611384213341315e-06,5.611385758754217e-06,5.611387304165703e-06,5.61138884956817e-06,5.61139039497052e-06,5.6113919403653585e-06,5.611393485761366e-06,5.6113950311492765e-06,5.611396576533591e-06,5.611398121914305e-06,5.611399667291488e-06,5.611401212664809e-06,5.611402758037623e-06,5.611404303407248e-06,5.611405848770245e-06,5.611407394129286e-06,5.611408939488275e-06,5.611410484844007e-06,5.611412030193604e-06,5.611413575541962e-06,5.611415120884214e-06,5.611416666223217e-06,5.61141821156224e-06,5.61141975689466e-06,5.611421302227456e-06,5.6114228475531554e-06,5.611424392875184e-06,5.611425938193024e-06,5.611427483511344e-06,5.611429028823081e-06,5.611430574129596e-06,5.611432119434946e-06,5.611433664740405e-06,5.611435210042501e-06,5.611436755341434e-06,5.611438300637201e-06,5.611439845926298e-06,5.611441391211618e-06,5.611442936497812e-06,5.611444481780252e-06,5.611446027060037e-06,5.611447572333643e-06,5.611449117607393e-06,5.611450662874815e-06,5.6114522081425165e-06,5.6114537534079165e-06,5.611455298668883e-06,5.611456843925306e-06,5.611458389177258e-06,5.611459934426516e-06,5.611461479675643e-06,5.61146302492152e-06,5.611464570161346e-06,5.611466115398265e-06,5.611467660631203e-06,5.611469205865523e-06,5.6114707510932235e-06,5.611472296320885e-06,5.6114738415432605e-06,5.611475386762202e-06,5.611476931977225e-06,5.611478477189476e-06,5.611480022400497e-06,5.611481567607933e-06,5.611483112812244e-06,5.611484658013653e-06,5.61148620321221e-06,5.61148774841122e-06,5.611489293608018e-06,5.611490838797938e-06,5.611492383985198e-06,5.611493929168513e-06,5.61149547435134e-06,5.611497019534025e-06,5.611498564712918e-06,5.611500109886023e-06,5.611501655058804e-06,5.611503200229053e-06,5.6115047453967715e-06,5.611506290556657e-06,5.6115078357156295e-06,5.611509380874605e-06,5.61151092602784e-06,5.611512471178307e-06,5.611514016329761e-06,5.6115155614750495e-06,5.611517106617208e-06,5.611518651759752e-06,5.6115201969004015e-06,5.611521742034725e-06,5.61152328716634e-06,5.6115248322947826e-06,5.61152637742101e-06,5.611527922547309e-06,5.611529467670976e-06,5.611531012793189e-06,5.611532557908694e-06,5.611534103023765e-06,5.6115356481372195e-06,5.611537193247785e-06,5.611538738352703e-06,5.611540283454976e-06,5.6115418285549185e-06,5.611543373651935e-06,5.611544918749125e-06,5.611546463844468e-06,5.611548008938569e-06,5.611549554027936e-06,5.611551099109525e-06,5.611552644190899e-06,5.611554189268681e-06,5.61155573434792e-06,5.6115572794209766e-06,5.611558824492042e-06,5.6115603695608064e-06,5.6115619146299175e-06,5.611563459692671e-06,5.611565004756375e-06,5.611566549813733e-06,5.611568094869939e-06,5.611569639923325e-06,5.611571184973643e-06,5.611572730025635e-06,5.611574275071207e-06,5.611575820113284e-06,5.611577365153903e-06,5.61157891019218e-06,5.61158045522725e-06,5.611582000263252e-06,5.611583545293926e-06,5.611585090321472e-06,5.611586635347013e-06,5.611588180373205e-06,5.611589725393483e-06,5.6115912704112486e-06,5.611592815426869e-06,5.611594360439169e-06,5.6115959054509405e-06,5.61159745045916e-06,5.611598995464899e-06,5.6116005404682e-06,5.611602085471969e-06,5.611603630470356e-06,5.611605175466124e-06,5.6116067204589305e-06,5.6116082654499824e-06,5.61160981043814e-06,5.61161135542771e-06,5.611612900410023e-06,5.611614445390685e-06,5.611615990369745e-06,5.61161753534969e-06,5.611619080323818e-06,5.611620625295462e-06,5.611622170264616e-06,5.611623715231446e-06,5.61162526019456e-06,5.6116268051597465e-06,5.6116283501188975e-06,5.611629895075002e-06,5.611631440030017e-06,5.611632984985895e-06,5.6116345299364855e-06,5.6116360748871145e-06,5.611637619832232e-06,5.6116391647784326e-06,5.611640709719581e-06,5.611642254657808e-06,5.611643799594175e-06,5.6116453445268764e-06,5.611646889461092e-06,5.611648434389173e-06,5.611649979314983e-06,5.611651524238884e-06,5.611653069160337e-06,5.611654614080689e-06,5.611656158997405e-06,5.61165770391468e-06,5.611659248827117e-06,5.611660793736143e-06,5.611662338646384e-06,5.611663883551028e-06,5.611665428456732e-06,5.611666973360976e-06,5.611668518258713e-06,5.611670063157589e-06,5.611671608053861e-06,5.611673152944965e-06,5.611674697833532e-06,5.611676242718651e-06,5.61167778760277e-06,5.611679332484095e-06,5.6116808773664756e-06,5.61168242224695e-06,5.611683967121291e-06,5.6116855119933355e-06,5.611687056866649e-06,5.611688601738243e-06,5.61169014660372e-06,5.611691691470581e-06,5.611693236334849e-06,5.611694781193342e-06,5.611696326053028e-06,5.611697870907066e-06,5.611699415761794e-06,5.611700960611227e-06,5.611702505461357e-06,5.611704050309066e-06,5.6117055951514885e-06,5.611707139995633e-06,5.611708684833339e-06,5.611710229668795e-06,5.6117117745049965e-06,5.611713319339561e-06,5.6117148641683644e-06,5.611716408994799e-06,5.611717953819003e-06,5.611719498644578e-06,5.61172104346726e-06,5.611722588284311e-06,5.61172413309988e-06,5.611725677912676e-06,5.611727222726857e-06,5.611728767535126e-06,5.611730312340924e-06,5.611731857144639e-06,5.611733401945759e-06,5.611734946747857e-06,5.611736491544234e-06,5.6117380363383485e-06,5.611739581130184e-06,5.611741125920221e-06,5.611742670712014e-06,5.6117442154975285e-06,5.611745760280894e-06,5.611747305061886e-06,5.611748849840789e-06,5.611750394617247e-06,5.6117519393942375e-06,5.61175348416876e-06,5.611755028941867e-06,5.611756573708805e-06,5.6117581184740125e-06,5.611759663236821e-06,5.611761207997605e-06,5.611762752755055e-06,5.611764297514179e-06,5.611765842271853e-06,5.6117673870264255e-06,5.611768931779126e-06,5.611770476529109e-06,5.611772021277622e-06,5.6117735660197615e-06,5.611775110760124e-06,5.611776655499579e-06,5.61177820023526e-06,5.611779744968864e-06,5.611781289699914e-06,5.611782834432373e-06,5.611784379162021e-06,5.611785923889531e-06,5.611787468612669e-06,5.611789013332294e-06,5.611790558051514e-06,5.611792102771896e-06,5.6117936474884396e-06,5.611795192197568e-06,5.6117967369065965e-06,5.611798281613258e-06,5.61179982632082e-06,5.611801371026259e-06,5.6118029157263535e-06,5.611804460423374e-06,5.61180600512192e-06,5.61180754981465e-06,5.6118090945085175e-06,5.611810639197229e-06,5.611812183883276e-06,5.6118137285701845e-06,5.611815273252331e-06,5.611816817924019e-06,5.611818362601566e-06,5.6118199072808555e-06,5.611821451953466e-06,5.611822996625578e-06,5.611824541295013e-06,5.611826085961688e-06,5.611827630625349e-06,5.611829175290391e-06,5.611830719949735e-06,5.61183226460695e-06,5.6118338092616725e-06,5.6118353539141705e-06,5.611836898568674e-06,5.6118384432184574e-06,5.611839987867532e-06,5.611841532515171e-06,5.611843077156063e-06,5.611844621795146e-06,5.611846166432003e-06,5.611847711066298e-06,5.611849255699161e-06,5.611850800333005e-06,5.6118523449615776e-06,5.611853889587383e-06,5.611855434214909e-06,5.611856978836133e-06,5.611858523455594e-06,5.611860068072366e-06,5.611861612690692e-06,5.611863157303441e-06,5.611864701912866e-06,5.611866246524474e-06,5.611867791130215e-06,5.6118693357341224e-06,5.611870880338714e-06,5.611872424937648e-06,5.61187396953503e-06,5.611875514128524e-06,5.6118770587212596e-06,5.611878603311267e-06,5.6118801478999374e-06,5.6118816924859696e-06,5.611883237073268e-06,5.6118847816549845e-06,5.611886326233873e-06,5.6118878708105155e-06,5.611889415388305e-06,5.611890959964659e-06,5.611892504535096e-06,5.611894049106923e-06,5.611895593676586e-06,5.611897138240484e-06,5.6118986828017214e-06,5.611900227364178e-06,5.611901771924234e-06,5.611903316477673e-06,5.611904861035618e-06,5.6119064055860035e-06,5.61190795013391e-06,5.611909494682783e-06,5.6119110392265825e-06,5.611912583768811e-06,5.611914128308036e-06,5.611915672845033e-06,5.611917217379863e-06,5.61191876191216e-06,5.611920306442251e-06,5.611921850969754e-06,5.611923395494728e-06,5.611924940021264e-06,5.61192648454258e-06,5.61192802906464e-06,5.61192957358437e-06,5.611931118099104e-06,5.611932662611619e-06,5.611934207121792e-06,5.611935751629181e-06,5.6119372961379895e-06,5.611938840641456e-06,5.611940385146602e-06,5.61194192964568e-06,5.611943474142158e-06,5.611945018636774e-06,5.611946563128683e-06,5.611948107622685e-06,5.6119496521106595e-06,5.611951196596023e-06,5.611952741082832e-06,5.611954285567356e-06,5.611955830046041e-06,5.6119573745226265e-06,5.61195891900008e-06,5.611960463476411e-06,5.611962007946155e-06,5.611963552413985e-06,5.611965096882578e-06,5.611966641348835e-06,5.611968185813745e-06,5.611969730276338e-06,5.6119712747366785e-06,5.611972819194042e-06,5.611974363646054e-06,5.6119759080958325e-06,5.611977452543722e-06,5.611978996990243e-06,5.611980541433001e-06,5.611982085874e-06,5.611983630312e-06,5.611985174751318e-06,5.611986719188631e-06,5.611988263621067e-06,5.611989808050571e-06,5.6119913524774705e-06,5.611992896901891e-06,5.611994441324521e-06,5.611995985742039e-06,5.611997530163917e-06,5.6119990745803095e-06,5.6120006189976084e-06,5.612002163412693e-06,5.612003707822528e-06,5.612005252233751e-06,5.612006796638935e-06,5.612008341041866e-06,5.612009885445369e-06,5.612011429847078e-06,5.612012974242996e-06,5.612014518637276e-06,5.612016063032025e-06,5.612017607421157e-06,5.612019151811799e-06,5.612020696199573e-06,5.612022240585903e-06,5.612023784969126e-06,5.612025329347571e-06,5.6120268737227285e-06,5.612028418100291e-06,5.612029962472192e-06,5.612031506840621e-06,5.612033051210722e-06,5.612034595575671e-06,5.6120361399412685e-06,5.612037684301403e-06,5.612039228659257e-06,5.612040773018495e-06,5.6120423173736846e-06,5.612043861723703e-06,5.6120454060727444e-06,5.612046950419096e-06,5.612048494766501e-06,5.612050039108341e-06,5.612051583451416e-06,5.612053127789251e-06,5.612054672127789e-06,5.612056216461128e-06,5.612057760795394e-06,5.612059305123937e-06,5.612060849453404e-06,5.6120623937780195e-06,5.6120639381030046e-06,5.612065482423214e-06,5.612067026743928e-06,5.612068571059243e-06,5.612070115371439e-06,5.612071659681818e-06,5.612073203990379e-06,5.612074748296171e-06,5.612076292603397e-06,5.612077836905185e-06,5.612079381208052e-06,5.612080925505885e-06,5.612082469804203e-06,5.612084014096973e-06,5.6120855583874874e-06,5.6120871026752725e-06,5.612088646963248e-06,5.612090191251638e-06,5.612091735531685e-06,5.612093279811661e-06,5.612094824091438e-06,5.612096368369166e-06,5.612097912645455e-06,5.612099456915685e-06,5.61210100118312e-06,5.612102545448924e-06,5.6121040897153015e-06,5.612105633976471e-06,5.612107178234866e-06,5.612108722494434e-06,5.61211026674835e-06,5.612111811003755e-06,5.612113355253575e-06,5.6121148995009945e-06,5.612116443749721e-06,5.6121179879931725e-06,5.612119532233509e-06,5.612121076475332e-06,5.612122620711708e-06,5.612124164945189e-06,5.612125709180081e-06,5.612127253408453e-06,5.612128797638602e-06,5.612130341866529e-06,5.6121318860923485e-06,5.612133430312658e-06,5.61213497453071e-06,5.612136518748389e-06,5.6121380629619815e-06,5.61213960717238e-06,5.612141151385157e-06,5.61214269559176e-06,5.61214423979944e-06,5.612145784000664e-06,5.612147328199921e-06,5.612148872397439e-06,5.612150416597225e-06,5.612151960790144e-06,5.612153504984207e-06,5.6121550491769665e-06,5.6121565933660044e-06,5.612158137550573e-06,5.612159681732432e-06,5.6121612259116e-06,5.612162770088183e-06,5.61216431426575e-06,5.612165858441236e-06,5.61216740261109e-06,5.612168946782593e-06,5.6121704909517945e-06,5.6121720351156205e-06,5.612173579276731e-06,5.612175123435658e-06,5.612176667595445e-06,5.612178211745378e-06,5.612179755897455e-06,5.612181300047284e-06,5.612182844197786e-06,5.612184388343017e-06,5.612185932486117e-06,5.612187476626713e-06,5.6121890207684704e-06,5.612190564904547e-06,5.6121921090413575e-06,5.612193653176121e-06,5.612195197305187e-06,5.61219674143534e-06,5.612198285560126e-06,5.6121998296860555e-06,5.612201373806017e-06,5.612202917927406e-06,5.6122044620460105e-06,5.612206006162183e-06,5.612207550272546e-06,5.612209094381193e-06,5.612210638487069e-06,5.6122121825941646e-06,5.612213726694751e-06,5.61221527079425e-06,5.612216814895498e-06,5.612218358990538e-06,5.612219903076306e-06,5.612221447169967e-06,5.612222991261167e-06,5.612224535349771e-06,5.612226079432183e-06,5.612227623512854e-06,5.612229167595762e-06,5.6122307116718025e-06,5.612232255745792e-06,5.612233799817874e-06,5.6122353438874485e-06,5.612236887955085e-06,5.612238432020121e-06,5.612239976086034e-06,5.61224152014634e-06,5.612243064206752e-06,5.612244608266002e-06,5.612246152319075e-06,5.612247696370072e-06,5.612249240419013e-06,5.612250784466295e-06,5.612252328510167e-06,5.612253872552315e-06,5.612255416592138e-06,5.61225696062878e-06,5.612258504667492e-06,5.612260048703352e-06,5.612261592737085e-06,5.612263136765302e-06,5.612264680793968e-06,5.6122662248206715e-06,5.612267768844705e-06,5.612269312866511e-06,5.61227085688607e-06,5.6122724009008774e-06,5.6122739449124755e-06,5.612275488922236e-06,5.612277032932798e-06,5.612278576935434e-06,5.612280120939333e-06,5.612281664942577e-06,5.612283208940849e-06,5.612284752939734e-06,5.612286296936233e-06,5.612287840926611e-06,5.612289384915291e-06,5.612290928901441e-06,5.6122924728852835e-06,5.612294016867348e-06,5.612295560849739e-06,5.612297104827114e-06,5.612298648804217e-06,5.612300192777115e-06,5.612301736747593e-06,5.612303280718517e-06,5.612304824684463e-06,5.612306368647726e-06,5.6123079126090475e-06,5.612309456565963e-06,5.612311000522277e-06,5.612312544479575e-06,5.612314088431291e-06,5.61231563238396e-06,5.612317176334065e-06,5.612318720281824e-06,5.612320264227938e-06,5.612321808167928e-06,5.612323352109401e-06,5.612324896044987e-06,5.61232643998123e-06,5.6123279839117175e-06,5.612329527843697e-06,5.6123310717727916e-06,5.612332615696774e-06,5.6123341596185005e-06,5.612335703536968e-06,5.612337247451994e-06,5.6123387913661785e-06,5.612340335278519e-06,5.612341879191148e-06,5.612343423101654e-06,5.612344967010092e-06,5.61234651091625e-06,5.612348054816934e-06,5.612349598717181e-06,5.612351142616149e-06,5.6123526865093755e-06,5.612354230400706e-06,5.6123557742923955e-06,5.6123573181826595e-06,5.612358862069774e-06,5.612360405951897e-06,5.612361949836696e-06,5.612363493717411e-06,5.612365037590566e-06,5.61236658146297e-06,5.612368125333344e-06,5.612369669201851e-06,5.612371213067023e-06,5.6123727569298885e-06,5.6123743007908715e-06,5.612375844652215e-06,5.612377388511309e-06,5.6123789323683925e-06,5.612380476219988e-06,5.6123820200692655e-06,5.612383563919227e-06,5.612385107763333e-06,5.6123866516089775e-06,5.612388195451802e-06,5.612389739289141e-06,5.6123912831272215e-06,5.612392826959012e-06,5.612394370793266e-06,5.612395914622452e-06,5.6123974584478066e-06,5.612399002274162e-06,5.612400546094827e-06,5.612402089913144e-06,5.612403633729561e-06,5.612405177546587e-06,5.612406721361497e-06,5.612408265170405e-06,5.612409808981001e-06,5.6124113527854955e-06,5.612412896591234e-06,5.612414440394339e-06,5.61241598419133e-06,5.612417527989705e-06,5.61241907178279e-06,5.612420615576216e-06,5.612422159367134e-06,5.6124237031539e-06,5.612425246940441e-06,5.612426790724721e-06,5.612428334506428e-06,5.612429878282402e-06,5.612431422060122e-06,5.61243296583639e-06,5.6124345096084945e-06,5.612436053375273e-06,5.612437597143261e-06,5.612439140908369e-06,5.612440684668965e-06,5.612442228429277e-06,5.612443772184478e-06,5.6124453159371e-06,5.612446859687324e-06,5.61244840343561e-06,5.612449947183851e-06,5.612451490927369e-06,5.612453034671127e-06,5.612454578413868e-06,5.612456122149701e-06,5.612457665888872e-06,5.612459209620148e-06,5.6124607533488584e-06,5.612462297075456e-06,5.612463840798879e-06,5.612465384523847e-06,5.61246692824357e-06,5.612468471960924e-06,5.612470015675819e-06,5.612471559388599e-06,5.6124731031014995e-06,5.612474646812748e-06,5.61247619051843e-06,5.612477734224634e-06,5.612479277924008e-06,5.612480821625904e-06,5.612482365322242e-06,5.61248390901638e-06,5.612485452708391e-06,5.6124869963977395e-06,5.612488540087481e-06,5.6124900837707015e-06,5.612491627455387e-06,5.612493171134656e-06,5.612494714811677e-06,5.612496258486317e-06,5.612497802162975e-06,5.6124993458358535e-06,5.612500889502011e-06,5.6125024331671195e-06,5.6125039768328e-06,5.612505520496345e-06,5.612507064157038e-06,5.612508607812491e-06,5.61251015146551e-06,5.6125116951198634e-06,5.612513238768486e-06,5.61251478241396e-06,5.6125163260571715e-06,5.61251786969753e-06,5.612519413337464e-06,5.612520956973838e-06,5.6125225006079875e-06,5.612524044243486e-06,5.6125255878714e-06,5.6125271315018834e-06,5.61252867512599e-06,5.612530218748199e-06,5.6125317623675495e-06,5.612533305988025e-06,5.612534849602606e-06,5.612536393218155e-06,5.612537936828428e-06,5.612539480436283e-06,5.612541024042064e-06,5.612542567644678e-06,5.612544111244877e-06,5.612545654846277e-06,5.6125471984417086e-06,5.612548742035398e-06,5.612550285629785e-06,5.612551829218297e-06,5.6125533728047305e-06,5.612554916391993e-06,5.61255645997657e-06,5.612558003560136e-06,5.612559547138996e-06,5.612561090713081e-06,5.61256263428456e-06,5.612564177856873e-06,5.612565721424021e-06,5.612567264990301e-06,5.612568808551735e-06,5.612570352114567e-06,5.612571895672109e-06,5.612573439227303e-06,5.612574982780247e-06,5.612576526330587e-06,5.612578069878673e-06,5.612579613424311e-06,5.612581156970215e-06,5.61258270051127e-06,5.612584244052717e-06,5.612585787592669e-06,5.612587331128933e-06,5.612588874659125e-06,5.6125904181875314e-06,5.612591961713332e-06,5.61259350523692e-06,5.612595048761247e-06,5.612596592280096e-06,5.612598135796273e-06,5.612599679313745e-06,5.6126012228253445e-06,5.612602766334268e-06,5.612604309841114e-06,5.612605853346304e-06,5.6126073968513795e-06,5.612608940351701e-06,5.612610483848906e-06,5.612612027344895e-06,5.612613570837381e-06,5.612615114327168e-06,5.61261665781451e-06,5.612618201299788e-06,5.612619744785251e-06,5.612621288265238e-06,5.612622831744368e-06,5.6126243752204025e-06,5.612625918696425e-06,5.612627462170154e-06,5.612629005641341e-06,5.612630549110418e-06,5.612632092573477e-06,5.6126336360344275e-06,5.612635179496163e-06,5.612636722952416e-06,5.612638266409075e-06,5.612639809863343e-06,5.6126413533110515e-06,5.612642896757727e-06,5.61264444020217e-06,5.612645983643699e-06,5.612647527082969e-06,5.612649070523616e-06,5.612650613957812e-06,5.6126521573903065e-06,5.612653700822681e-06,5.612655244249132e-06,5.612656787673668e-06,5.612658331099251e-06,5.612659874512967e-06,5.612661417933389e-06,5.612662961351037e-06,5.61266450476323e-06,5.612666048172596e-06,5.612667591584048e-06,5.6126691349935465e-06,5.612670678394876e-06,5.612672221799969e-06,5.61267376519796e-06,5.612675308591156e-06,5.612676851983781e-06,5.612678395374645e-06,5.612679938763089e-06,5.612681482149386e-06,5.612683025533252e-06,5.612684568916935e-06,5.6126861122942636e-06,5.6126876556733805e-06,5.612689199047006e-06,5.6126907424179e-06,5.612692285786472e-06,5.612693829156582e-06,5.612695372520057e-06,5.612696915885038e-06,5.61269845924719e-06,5.612700002603419e-06,5.612701545960667e-06,5.612703089312481e-06,5.612704632661171e-06,5.612706176007781e-06,5.612707719354405e-06,5.612709262695816e-06,5.612710806037937e-06,5.612712349374933e-06,5.612713892712466e-06,5.612715436047725e-06,5.612716979381382e-06,5.61271852271148e-06,5.61272006603949e-06,5.6127216093655375e-06,5.612723152684926e-06,5.612724696005668e-06,5.612726239323269e-06,5.612727782639287e-06,5.612729325949359e-06,5.612730869258966e-06,5.612732412564094e-06,5.61273395586971e-06,5.612735499170089e-06,5.612737042470791e-06,5.612738585766076e-06,5.612740129062112e-06,5.6127416723520845e-06,5.612743215643303e-06,5.612744758931799e-06,5.612746302214803e-06,5.612747845494543e-06,5.612749388775912e-06,5.612750932054395e-06,5.6127524753305025e-06,5.612754018600797e-06,5.612755561869282e-06,5.612757105139018e-06,5.612758648406553e-06,5.612760191670427e-06,5.612761734928418e-06,5.61276327818444e-06,5.612764821437062e-06,5.612766364692413e-06,5.6127679079408745e-06,5.61276945118721e-06,5.612770994433776e-06,5.612772537678601e-06,5.61277408092061e-06,5.6127756241596635e-06,5.612777167393988e-06,5.612778710625357e-06,5.612780253853778e-06,5.612781797079809e-06,5.612783340303292e-06,5.612784883524475e-06,5.612786426743531e-06,5.612787969959167e-06,5.612789513173284e-06,5.612791056388686e-06,5.6127925996005335e-06,5.612794142810849e-06,5.612795686013641e-06,5.612797229214474e-06,5.612798772417802e-06,5.612800315613956e-06,5.612801858808834e-06,5.612803402000555e-06,5.612804945189727e-06,5.6128064883761475e-06,5.612808031560655e-06,5.612809574745794e-06,5.612811117927912e-06,5.612812661108666e-06,5.612814204283173e-06,5.612815747454878e-06,5.612817290624053e-06,5.612818833794137e-06,5.6128203769582646e-06,5.612821920119894e-06,5.612823463282605e-06,5.612825006439276e-06,5.61282654959349e-06,5.612828092748518e-06,5.612829635898854e-06,5.612831179049472e-06,5.612832722197372e-06,5.612834265339153e-06,5.612835808478957e-06,5.612837351619448e-06,5.612838894754182e-06,5.6128404378867765e-06,5.612841981019158e-06,5.612843524140868e-06,5.61284506726572e-06,5.6128466103898395e-06,5.612848153509542e-06,5.612849696630528e-06,5.612851239745504e-06,5.612852782857938e-06,5.612854325968063e-06,5.612855869078235e-06,5.612857412183514e-06,5.61285895528598e-06,5.612860498388182e-06,5.612862041484739e-06,5.612863584582407e-06,5.612865127675012e-06,5.612866670767788e-06,5.612868213855274e-06,5.612869756943187e-06,5.612871300028536e-06,5.6128728431069395e-06,5.612874386184124e-06,5.6128759292586715e-06,5.612877472334379e-06,5.612879015404425e-06,5.612880558472123e-06,5.612882101537221e-06,5.612883644604078e-06,5.6128851876673525e-06,5.612886730724867e-06,5.612888273782955e-06,5.612889816838406e-06,5.61289135988784e-06,5.612892902934775e-06,5.6128944459829954e-06,5.612895989028814e-06,5.612897532071372e-06,5.612899075112728e-06,5.61290061814771e-06,5.612902161179714e-06,5.612903704213453e-06,5.612905247239987e-06,5.6129067902644695e-06,5.6129083332864535e-06,5.612909876309374e-06,5.61291141932948e-06,5.612912962344951e-06,5.6129145053568944e-06,5.612916048366828e-06,5.6129175913742285e-06,5.612919134378958e-06,5.612920677385297e-06,5.61292222038497e-06,5.6129237633828445e-06,5.612925306381678e-06,5.6129268493757095e-06,5.612928392365275e-06,5.61292993535271e-06,5.612931478340154e-06,5.612933021322317e-06,5.612934564304929e-06,5.612936107281678e-06,5.6129376502564105e-06,5.612939193231244e-06,5.612940736200612e-06,5.6129422791672905e-06,5.612943822131943e-06,5.612945365094057e-06,5.612946908056359e-06,5.612948451013315e-06,5.612949993967006e-06,5.612951536921709e-06,5.612953079874063e-06,5.612954622820907e-06,5.6129561657649084e-06,5.612957708710256e-06,5.612959251649768e-06,5.6129607945861055e-06,5.612962337520222e-06,5.612963880451614e-06,5.612965423380472e-06,5.612966966310225e-06,5.612968509237254e-06,5.612970052157591e-06,5.6129715950796294e-06,5.612973137996844e-06,5.612974680910909e-06,5.612976223822804e-06,5.6129777667317275e-06,5.612979309638441e-06,5.612980852544999e-06,5.612982395446069e-06,5.612983938344717e-06,5.612985481240896e-06,5.6129870241345595e-06,5.612988567029099e-06,5.6129901099177914e-06,5.6129916528061036e-06,5.612993195692685e-06,5.612994738573769e-06,5.612996281455632e-06,5.6129978243320065e-06,5.612999367205671e-06,5.613000910079691e-06,5.6130024529479886e-06,5.613003995817263e-06,5.613005538680314e-06,5.6130070815406646e-06,5.613008624397455e-06,5.613010167253357e-06,5.61301171011104e-06,5.6130132529604164e-06,5.61301479580773e-06,5.613016338656173e-06,5.613017881502429e-06,5.613019424345854e-06,5.613020967188069e-06,5.613022510024135e-06,5.6130240528597985e-06,5.6130255956936896e-06,5.6130271385241426e-06,5.613028681349058e-06,5.6130302241720974e-06,5.613031766992572e-06,5.613033309813389e-06,5.613034852628124e-06,5.613036395440289e-06,5.6130379382529415e-06,5.613039481059531e-06,5.613041023867882e-06,5.613042566673588e-06,5.613044109473518e-06,5.613045652270892e-06,5.613047195068933e-06,5.61304873786112e-06,5.613050280653957e-06,5.613051823440478e-06,5.613053366228742e-06,5.613054909009479e-06,5.6130564517888005e-06,5.613057994569098e-06,5.613059537346297e-06,5.613061080118281e-06,5.6130626228876344e-06,5.613064165653907e-06,5.6130657084213e-06,5.613067251186531e-06,5.6130687939488026e-06,5.613070336704838e-06,5.6130718794587664e-06,5.613073422210263e-06,5.613074964961858e-06,5.613076507707666e-06,5.613078050451365e-06,5.613079593193008e-06,5.613081135931008e-06,5.613082678671165e-06,5.61308422140808e-06,5.6130857641420645e-06,5.613087306870299e-06,5.61308884959607e-06,5.613090392320655e-06,5.613091935042981e-06,5.61309347775095e-06,5.6130950204661415e-06,5.613096563179252e-06,5.613098105893251e-06,5.613099648601022e-06,5.613101191305756e-06,5.613102734012567e-06,5.613104276715437e-06,5.613105819414054e-06,5.613107362109022e-06,5.613108904800928e-06,5.613110447490758e-06,5.613111990176607e-06,5.613113532860421e-06,5.61311507554546e-06,5.613116618225584e-06,5.613118160905347e-06,5.6131197035784e-06,5.613121246253377e-06,5.613122788925818e-06,5.613124331596943e-06,5.6131258742638534e-06,5.61312741692409e-06,5.613128959582722e-06,5.613130502241895e-06,5.613132044895493e-06,5.613133587543914e-06,5.613135130195568e-06,5.6131366728422825e-06,5.613138215490487e-06,5.613139758134693e-06,5.613141300772967e-06,5.613142843408257e-06,5.613144386041392e-06,5.61314592867569e-06,5.613147471304161e-06,5.613149013929107e-06,5.61315055655336e-06,5.613152099173622e-06,5.613153641792004e-06,5.613155184407094e-06,5.613156727019627e-06,5.6131582696323914e-06,5.613159812238431e-06,5.613161354842976e-06,5.61316289744781e-06,5.613164440047387e-06,5.6131659826493214e-06,5.61316752524368e-06,5.613169067835324e-06,5.613170610424548e-06,5.613172153011327e-06,5.613173695598847e-06,5.613175238180299e-06,5.613176780759009e-06,5.613178323336428e-06,5.6131798659097346e-06,5.613181408480933e-06,5.6131829510499694e-06,5.613184493615712e-06,5.613186036178437e-06,5.613187578738244e-06,5.613189121299354e-06,5.613190663855201e-06,5.613192206411373e-06,5.613193748961223e-06,5.613195291508495e-06,5.613196834053618e-06,5.613198376596753e-06,5.613199919139871e-06,5.613201461677005e-06,5.613203004210808e-06,5.6132045467422525e-06,5.6132060892721215e-06,5.613207631798851e-06,5.613209174323181e-06,5.613210716846479e-06,5.613212259365792e-06,5.6132138018818615e-06,5.613215344398754e-06,5.6132168869098976e-06,5.613218429418548e-06,5.6132199719232985e-06,5.613221514426305e-06,5.613223056930329e-06,5.613224599430337e-06,5.6132261419255425e-06,5.613227684421552e-06,5.613229226911124e-06,5.613230769398473e-06,5.61323231188654e-06,5.613233854369157e-06,5.613235396849009e-06,5.613236939326466e-06,5.613238481801297e-06,5.613240024268498e-06,5.613241566740393e-06,5.613243109210126e-06,5.613244651674009e-06,5.61324619413582e-06,5.613247736594722e-06,5.613249279051088e-06,5.613250821504099e-06,5.6132523639545115e-06,5.613253906402545e-06,5.613255448851201e-06,5.613256991294814e-06,5.6132585337356264e-06,5.613260076173288e-06,5.613261618608407e-06,5.6132631610413875e-06,5.613264703474542e-06,5.613266245902288e-06,5.613267788330197e-06,5.613269330752708e-06,5.613270873172095e-06,5.61327241558924e-06,5.613273958003417e-06,5.613275500418418e-06,5.6132770428283e-06,5.613278585237213e-06,5.613280127640435e-06,5.61328167004496e-06,5.613283212443863e-06,5.613284754840694e-06,5.613286297234082e-06,5.613287839625697e-06,5.613289382017333e-06,5.6132909244057845e-06,5.61329246678744e-06,5.613294009171153e-06,5.6132955515491685e-06,5.613297093927113e-06,5.613298636300259e-06,5.6133001786698545e-06,5.613301721037401e-06,5.61330326340167e-06,5.61330480576646e-06,5.613306348129089e-06,5.613307890485747e-06,5.613309432840696e-06,5.613310975192189e-06,5.613312517540959e-06,5.613314059888176e-06,5.613315602231686e-06,5.613317144571808e-06,5.613318686911089e-06,5.613320229245981e-06,5.613321771579065e-06,5.6133233139086515e-06,5.6133248562365954e-06,5.61332639856477e-06,5.6133279408873604e-06,5.613329483207446e-06,5.613331025528097e-06,5.613332567845721e-06,5.613334110157751e-06,5.613335652467767e-06,5.613337194777773e-06,5.613338737084846e-06,5.613340279388089e-06,5.613341821686765e-06,5.613343363982664e-06,5.613344906278486e-06,5.613346448568895e-06,5.613347990856567e-06,5.613349533141275e-06,5.613351075427274e-06,5.613352617706666e-06,5.613354159984324e-06,5.613355702260277e-06,5.613357244535603e-06,5.613358786805063e-06,5.61336032907485e-06,5.6133618713421155e-06,5.6133634136036385e-06,5.613364955865283e-06,5.613366498123604e-06,5.613368040379087e-06,5.613369582630336e-06,5.613371124878891e-06,5.613372667127804e-06,5.613374209370512e-06,5.613375751614072e-06,5.613377293854782e-06,5.613378836090109e-06,5.613380378322247e-06,5.6133819205528524e-06,5.613383462783132e-06,5.613385005007319e-06,5.6133865472313526e-06,5.613388089450821e-06,5.613389631667831e-06,5.613391173880933e-06,5.613392716092621e-06,5.613394258300429e-06,5.613395800509577e-06,5.613397342715691e-06,5.613398884915952e-06,5.613400427113671e-06,5.61340196930717e-06,5.613403511499613e-06,5.61340505369223e-06,5.6134065958829656e-06,5.613408138070954e-06,5.613409680252893e-06,5.6134112224314275e-06,5.613412764607731e-06,5.61341430678138e-06,5.613415848955545e-06,5.613417391123368e-06,5.613418933287233e-06,5.613420475450754e-06,5.613422017611218e-06,5.613423559769325e-06,5.613425101923477e-06,5.6134266440762855e-06,5.6134281862272e-06,5.613429728374627e-06,5.6134312705193824e-06,5.613432812660828e-06,5.613434354799774e-06,5.613435896936045e-06,5.613437439073152e-06,5.6134389812074224e-06,5.613440523336152e-06,5.613442065462006e-06,5.613443607588499e-06,5.613445149712472e-06,5.613446691830327e-06,5.61344823394888e-06,5.613449776062151e-06,5.613451318171691e-06,5.613452860279808e-06,5.613454402387206e-06,5.613455944489197e-06,5.613457486591323e-06,5.613459028687456e-06,5.613460570782636e-06,5.613462112874469e-06,5.613463654964982e-06,5.613465197049198e-06,5.613466739132456e-06,5.613468281212992e-06,5.613469823293658e-06,5.613471365371542e-06,5.6134729074440365e-06,5.613474449516768e-06,5.613475991586935e-06,5.613477533651176e-06,5.613479075716588e-06,5.613480617775185e-06,5.613482159831848e-06,5.613483701884641e-06,5.613485243935165e-06,5.613486785983709e-06,5.613488328027219e-06,5.61348987007355e-06,5.61349141211333e-06,5.61349295415033e-06,5.613494496185758e-06,5.613496038216477e-06,5.613497580248708e-06,5.613499122276036e-06,5.613500664303229e-06,5.6135022063280926e-06,5.613503748349769e-06,5.613505290369961e-06,5.61350683238636e-06,5.613508374397015e-06,5.613509916408089e-06,5.613511458413087e-06,5.613513000419121e-06,5.613514542420056e-06,5.61351608441723e-06,5.613517626411461e-06,5.613519168402763e-06,5.613520710392395e-06,5.6135222523819275e-06,5.613523794365805e-06,5.613525336347445e-06,5.61352687832913e-06,5.613528420304535e-06,5.613529962276855e-06,5.613531504246267e-06,5.61353304621396e-06,5.613534588181703e-06,5.613536130144007e-06,5.613537672102926e-06,5.613539214059133e-06,5.6135407560162695e-06,5.613542297967567e-06,5.613543839915559e-06,5.613545381861416e-06,5.613546923803733e-06,5.613548465743706e-06,5.613550007684645e-06,5.6135515496191966e-06,5.6135530915521e-06,5.613554633482153e-06,5.61355617541202e-06,5.6135577173367496e-06,5.6135592592610755e-06,5.61356080117985e-06,5.61356234309545e-06,5.613563885008948e-06,5.6135654269187255e-06,5.613566968826658e-06,5.6135685107318875e-06,5.61357005263448e-06,5.613571594533561e-06,5.61357313643406e-06,5.613574678327942e-06,5.6135762202191e-06,5.613577762108071e-06,5.613579303993435e-06,5.613580845876019e-06,5.613582387757382e-06,5.613583929634976e-06,5.613585471511847e-06,5.613587013384489e-06,5.613588555254417e-06,5.61359009712115e-06,5.613591638985617e-06,5.613593180846029e-06,5.61359472270568e-06,5.613596264565458e-06,5.613597806419666e-06,5.613599348270697e-06,5.6136008901185045e-06,5.6136024319671515e-06,5.613603973809376e-06,5.613605515649828e-06,5.613607057486926e-06,5.613608599321158e-06,5.6136101411531505e-06,5.613611682982041e-06,5.61361322481237e-06,5.613614766638437e-06,5.613616308462185e-06,5.613617850279597e-06,5.61361939209807e-06,5.613620933910783e-06,5.613622475720307e-06,5.613624017528196e-06,5.613625559335323e-06,5.613627101136898e-06,5.613628642935986e-06,5.613630184732341e-06,5.61363172652595e-06,5.61363326831976e-06,5.613634810107922e-06,5.613636351893359e-06,5.613637893676268e-06,5.61363943545671e-06,5.613640977236715e-06,5.613642519013904e-06,5.613644060788484e-06,5.613645602557498e-06,5.613647144323774e-06,5.613648686087237e-06,5.613650227847173e-06,5.613651769605099e-06,5.61365331136326e-06,5.613654853115104e-06,5.613656394864069e-06,5.613657936613377e-06,5.613659478361607e-06,5.613661020102755e-06,5.613662561841469e-06,5.613664103577143e-06,5.613665645309978e-06,5.61366718703911e-06,5.613668728770469e-06,5.6136702704971805e-06,5.6136718122211315e-06,5.613673353943462e-06,5.613674895659503e-06,5.613676437373567e-06,5.613677979089547e-06,5.613679520797955e-06,5.6136810625034445e-06,5.6136826042072395e-06,5.613684145907716e-06,5.613685687608267e-06,5.6136872293027544e-06,5.613688770994494e-06,5.613690312683492e-06,5.613691854368503e-06,5.6136933960520115e-06,5.613694937733739e-06,5.6136964794122515e-06,5.613698021091558e-06,5.613699562767442e-06,5.613701104437161e-06,5.6137026461041425e-06,5.613704187768372e-06,5.613705729430508e-06,5.6137072710902615e-06,5.6137088127472266e-06,5.613710354400136e-06,5.6137118960508864e-06,5.613713437698767e-06,5.613714979343614e-06,5.613716520989282e-06,5.613718062632672e-06,5.61371960427269e-06,5.613721145911276e-06,5.613722687542642e-06,5.613724229171419e-06,5.61372577079705e-06,5.613727312419488e-06,5.613728854040163e-06,5.613730395661028e-06,5.613731937275839e-06,5.613733478890997e-06,5.613735020503416e-06,5.61373656211326e-06,5.613738103720164e-06,5.613739645320644e-06,5.613741186922053e-06,5.6137427285177685e-06,5.613744270110658e-06,5.613745811703503e-06,5.613747353290725e-06,5.613748894878196e-06,5.613750436463373e-06,5.613751978045728e-06,5.613753519622047e-06,5.613755061195445e-06,5.613756602764859e-06,5.6137581443332915e-06,5.613759685901171e-06,5.613761227466469e-06,5.613762769026035e-06,5.61376431058289e-06,5.61376585214015e-06,5.613767393692012e-06,5.613768935243557e-06,5.613770476792451e-06,5.613772018338985e-06,5.6137735598788e-06,5.613775101418057e-06,5.613776642952344e-06,5.613778184482791e-06,5.61377972601214e-06,5.61378126754143e-06,5.6137828090645856e-06,5.613784350585627e-06,5.613785892106843e-06,5.61378743362527e-06,5.6137889751409275e-06,5.613790516650676e-06,5.613792058159458e-06,5.61379359966365e-06,5.613795141164567e-06,5.613796682664954e-06,5.613798224160339e-06,5.613799765653406e-06,5.613801307146355e-06,5.613802848638452e-06,5.613804390123168e-06,5.613805931604601e-06,5.6138074730837155e-06,5.613809014559592e-06,5.613810556033961e-06,5.613812097507649e-06,5.613813638975644e-06,5.613815180443968e-06,5.6138167219070295e-06,5.613818263366485e-06,5.613819804822828e-06,5.613821346275682e-06,5.613822887726802e-06,5.613824429175263e-06,5.613825970620484e-06,5.613827512066746e-06,5.6138290535074996e-06,5.613830594944801e-06,5.613832136382132e-06,5.613833677813847e-06,5.613835219244643e-06,5.613836760673727e-06,5.613838302100212e-06,5.613839843519072e-06,5.613841384936163e-06,5.613842926350192e-06,5.6138444677651435e-06,5.613846009175004e-06,5.613847550584304e-06,5.613849091988026e-06,5.6138506333888725e-06,5.613852174790313e-06,5.6138537161888e-06,5.6138552575804915e-06,5.613856798970781e-06,5.61385834035746e-06,5.613859881745376e-06,5.613861423126246e-06,5.613862964504142e-06,5.613864505878484e-06,5.613866047254912e-06,5.6138675886241814e-06,5.613869129991529e-06,5.6138706713565684e-06,5.6138722127213216e-06,5.613873754083067e-06,5.61387529543937e-06,5.613876836792212e-06,5.6138783781456e-06,5.613879919492805e-06,5.613881460840503e-06,5.6138830021822e-06,5.6138845435214285e-06,5.613886084856993e-06,5.613887626193552e-06,5.6138891675256635e-06,5.61389070885664e-06,5.613892250182488e-06,5.613893791504414e-06,5.613895332826977e-06,5.613896874146033e-06,5.613898415459107e-06,5.613899956772802e-06,5.613901498084207e-06,5.613903039389267e-06,5.613904580695117e-06,5.613906121994544e-06,5.613907663290701e-06,5.6139092045879345e-06,5.613910745882622e-06,5.6139122871705305e-06,5.6139138284561615e-06,5.613915369738994e-06,5.613916911019123e-06,5.613918452296487e-06,5.613919993570125e-06,5.613921534844774e-06,5.61392307611755e-06,5.613924617383924e-06,5.613926158649826e-06,5.613927699909349e-06,5.613929241166971e-06,5.613930782421868e-06,5.613932323672901e-06,5.613933864921847e-06,5.613935406168208e-06,5.613936947412532e-06,5.613938488653823e-06,5.6139400298916775e-06,5.613941571129841e-06,5.613943112362165e-06,5.61394465359431e-06,5.6139461948207955e-06,5.613947736049062e-06,5.613949277269791e-06,5.613950818487616e-06,5.6139523597028404e-06,5.613953900915046e-06,5.613955442124468e-06,5.613956983333922e-06,5.613958524537664e-06,5.613960065738735e-06,5.613961606936053e-06,5.6139631481313525e-06,5.613964689326893e-06,5.613966230517481e-06,5.613967771707071e-06,5.61396931289332e-06,5.6139708540751635e-06,5.6139723952529984e-06,5.613973936427658e-06,5.613975477603314e-06,5.6139770187751396e-06,5.613978559945212e-06,5.613980101112255e-06,5.613981642273468e-06,5.613983183432015e-06,5.613984724587153e-06,5.61398626574279e-06,5.613987806895798e-06,5.613989348046821e-06,5.613990889191096e-06,5.613992430335633e-06,5.613993971474849e-06,5.613995512610164e-06,5.613997053742583e-06,5.613998594872227e-06,5.614000136000054e-06,5.61400167712489e-06,5.614003218249322e-06,5.614004759371855e-06,5.614006300485723e-06,5.614007841598866e-06,5.614009382711938e-06,5.6140109238199405e-06,5.614012464927405e-06,5.614014006028607e-06,5.614015547127441e-06,5.614017088226261e-06,5.614018629318908e-06,5.614020170408701e-06,5.614021711498962e-06,5.614023252583315e-06,5.614024793664579e-06,5.614026334742974e-06,5.614027875819006e-06,5.61402941689172e-06,5.614030957963711e-06,5.614032499031649e-06,5.614034040096742e-06,5.614035581158206e-06,5.614037122216536e-06,5.614038663272418e-06,5.614040204324949e-06,5.61404174537792e-06,5.614043286424933e-06,5.6140448274690776e-06,5.614046368513725e-06,5.614047909552634e-06,5.614049450588201e-06,5.61405099162136e-06,5.614052532655434e-06,5.614054073682666e-06,5.61405561470684e-06,5.614057155728475e-06,5.614058696747351e-06,5.614060237763031e-06,5.614061778774968e-06,5.614063319788788e-06,5.614064860796726e-06,5.614066401801304e-06,5.614067942803043e-06,5.614069483800669e-06,5.614071024796146e-06,5.614072565789754e-06,5.61407410678278e-06,5.614075647773561e-06,5.614077188757917e-06,5.6140787297395356e-06,5.614080270718844e-06,5.6140818116931605e-06,5.61408335266605e-06,5.614084893637909e-06,5.614086434606031e-06,5.614087975573423e-06,5.6140895165352755e-06,5.614091057493965e-06,5.614092598452895e-06,5.614094139405721e-06,5.614095680358932e-06,5.614097221309193e-06,5.614098762256232e-06,5.614100303197685e-06,5.614101844135687e-06,5.614103385071805e-06,5.614104926004134e-06,5.614106466932651e-06,5.614108007859238e-06,5.614109548781035e-06,5.614111089701416e-06,5.614112630619394e-06,5.614114171537968e-06,5.6141157124500265e-06,5.614117253359987e-06,5.614118794266444e-06,5.61412033517385e-06,5.614121876075399e-06,5.614123416973109e-06,5.614124957868025e-06,5.614126498760075e-06,5.61412803964879e-06,5.614129580538534e-06,5.614131121425906e-06,5.6141326623054505e-06,5.614134203186401e-06,5.614135744061849e-06,5.614137284933008e-06,5.614138825804909e-06,5.614140366674847e-06,5.614141907540092e-06,5.61414344840352e-06,5.614144989261393e-06,5.614146530114783e-06,5.6141480709673415e-06,5.614149611816667e-06,5.614151152663182e-06,5.614152693508655e-06,5.614154234349238e-06,5.614155775186924e-06,5.614157316021728e-06,5.614158856856974e-06,5.614160397686065e-06,5.614161938512268e-06,5.614163479338323e-06,5.614165020158083e-06,5.614166560975695e-06,5.614168101790397e-06,5.614169642603667e-06,5.614171183412228e-06,5.614172724220906e-06,5.6141742650218955e-06,5.614175805821898e-06,5.614177346618583e-06,5.6141788874160276e-06,5.6141804282071674e-06,5.6141819689986216e-06,5.614183509787121e-06,5.6141850505730705e-06,5.614186591354316e-06,5.6141881321346995e-06,5.614189672909129e-06,5.614191213681814e-06,5.6141927544500084e-06,5.614194295214388e-06,5.61419583597629e-06,5.614197376735292e-06,5.614198917490898e-06,5.614200458244397e-06,5.614201998995709e-06,5.614203539746834e-06,5.614205080495394e-06,5.614206621239949e-06,5.614208161978982e-06,5.614209702713766e-06,5.61421124344986e-06,5.614212784179393e-06,5.614214324906894e-06,5.614215865632557e-06,5.61421740635443e-06,5.614218947076218e-06,5.614220487792721e-06,5.614222028505701e-06,5.614223569215914e-06,5.614225109923217e-06,5.614226650626958e-06,5.614228191328803e-06,5.6142297320270265e-06,5.614231272722535e-06,5.614232813414617e-06,5.614234354103545e-06,5.614235894793495e-06,5.614237435480132e-06,5.614238976163672e-06,5.614240516841668e-06,5.614242057518013e-06,5.614243598190312e-06,5.614245138859557e-06,5.614246679528887e-06,5.614248220192305e-06,5.614249760856463e-06,5.614251301513128e-06,5.614252842165954e-06,5.614254382821757e-06,5.614255923470576e-06,5.614257464119204e-06,5.614259004762382e-06,5.6142605454045795e-06,5.61426208604512e-06,5.614263626679415e-06,5.614265167314606e-06,5.6142667079427945e-06,5.614268248568041e-06,5.614269789190549e-06,5.614271329809657e-06,5.614272870425184e-06,5.614274411038892e-06,5.61427595165251e-06,5.614277492260296e-06,5.6142790328682434e-06,5.6142805734700765e-06,5.61428211406919e-06,5.61428365466507e-06,5.614285195258159e-06,5.614286735851879e-06,5.614288276442081e-06,5.614289817028514e-06,5.614291357612895e-06,5.614292898191484e-06,5.614294438767123e-06,5.614295979339838e-06,5.6142975199091245e-06,5.614299060476485e-06,5.614300601043283e-06,5.614302141603777e-06,5.614303682161811e-06,5.614305222717496e-06,5.614306763269681e-06,5.614308303818547e-06,5.614309844367482e-06,5.614311384911917e-06,5.614312925455459e-06,5.61431446599224e-06,5.61431600652628e-06,5.614317547058572e-06,5.614319087586337e-06,5.6143206281150555e-06,5.614322168641145e-06,5.614323709161056e-06,5.614325249674735e-06,5.614326790189334e-06,5.614328330699709e-06,5.614329871206404e-06,5.6143314117115385e-06,5.614332952216552e-06,5.614334492714203e-06,5.614336033211079e-06,5.614337573703972e-06,5.614339114194125e-06,5.614340654681708e-06,5.614342195166043e-06,5.6143437356505625e-06,5.614345276127737e-06,5.614346816604217e-06,5.6143483570794514e-06,5.61434989754923e-06,5.614351438016655e-06,5.614352978480288e-06,5.614354518946522e-06,5.614356059407196e-06,5.6143575998591e-06,5.614359140310895e-06,5.6143606807598035e-06,5.6143622212042485e-06,5.6143637616469995e-06,5.614365302089937e-06,5.614366842527649e-06,5.614368382962006e-06,5.614369923396852e-06,5.614371463828037e-06,5.614373004253385e-06,5.614374544675923e-06,5.614376085095025e-06,5.614377625514551e-06,5.614379165927383e-06,5.614380706338093e-06,5.61438224674476e-06,5.614383787150941e-06,5.614385327551417e-06,5.61438686794938e-06,5.6143884083466265e-06,5.614389948739579e-06,5.6143914891314975e-06,5.614393029517864e-06,5.614394569901059e-06,5.6143961102821395e-06,5.61439765066213e-06,5.614399191036826e-06,5.614400731412173e-06,5.614402271782175e-06,5.614403812147885e-06,5.61440535251645e-06,5.614406892877356e-06,5.614408433234265e-06,5.614409973591629e-06,5.61441151394582e-06,5.614413054295353e-06,5.614414594644163e-06,5.614416134986572e-06,5.614417675329259e-06,5.614419215665318e-06,5.6144207560003705e-06,5.614422296331057e-06,5.6144238366582645e-06,5.614425376982988e-06,5.614426917304591e-06,5.614428457622901e-06,5.614429997938706e-06,5.6144315382541826e-06,5.61443307856444e-06,5.614434618872202e-06,5.614436159177005e-06,5.614437699477799e-06,5.614439239777859e-06,5.614440780073373e-06,5.614442320365388e-06,5.614443860655018e-06,5.614445400941228e-06,5.614446941224316e-06,5.614448481507386e-06,5.614450021783125e-06,5.614451562060345e-06,5.614453102332216e-06,5.614454642600215e-06,5.614456182865999e-06,5.614457723131413e-06,5.614459263390373e-06,5.614460803649935e-06,5.614462343902943e-06,5.614463884151684e-06,5.614465424399198e-06,5.6144669646431185e-06,5.61446850488745e-06,5.614470045125813e-06,5.614471585361189e-06,5.614473125593439e-06,5.614474665825517e-06,5.614476206051944e-06,5.614477746278261e-06,5.614479286498544e-06,5.6144808267160045e-06,5.614482366930605e-06,5.614483907142087e-06,5.614485447350337e-06,5.614486987558716e-06,5.614488527764293e-06,5.614490067963831e-06,5.614491608160206e-06,5.61449314835361e-06,5.614494688544677e-06,5.614496228731804e-06,5.614497768916563e-06,5.614499309097831e-06,5.614500849276563e-06,5.614502389454673e-06,5.614503929627449e-06,5.6145054697970525e-06,5.614507009965441e-06,5.614508550128165e-06,5.614510090288514e-06,5.614511630445674e-06,5.614513170600142e-06,5.614514710755963e-06,5.614516250904105e-06,5.614517791050173e-06,5.614519331192312e-06,5.614520871333724e-06,5.61452241147126e-06,5.614523951604614e-06,5.614525491734722e-06,5.614527031862697e-06,5.614528571987303e-06,5.614530112111474e-06,5.614531652229645e-06,5.614533192348943e-06,5.614534732459701e-06,5.614536272572088e-06,5.6145378126718874e-06,5.614539352775606e-06,5.614540892879607e-06,5.614542432976341e-06,5.6145439730700415e-06,5.614545513162156e-06,5.614547053253664e-06,5.614548593339325e-06,5.6145501334217104e-06,5.614551673501264e-06,5.614553213577442e-06,5.614554753650971e-06,5.614556293724641e-06,5.614557833791245e-06,5.614559373852232e-06,5.614560913913671e-06,5.614562453972122e-06,5.6145639940280106e-06,5.6145655340839385e-06,5.6145670741316274e-06,5.614568614180983e-06,5.614570154224729e-06,5.61457169426544e-06,5.614573234301791e-06,5.614574774336146e-06,5.614576314366985e-06,5.614577854401341e-06,5.614579394427031e-06,5.6145809344526935e-06,5.614582474471479e-06,5.614584014487881e-06,5.61458555450052e-06,5.614587094510242e-06,5.614588634516944e-06,5.614590174522905e-06,5.614591714527727e-06,5.6145932545257126e-06,5.614594794524076e-06,5.614596334519374e-06,5.6145978745084325e-06,5.614599414496529e-06,5.614600954479476e-06,5.6146024944577065e-06,5.614604034434682e-06,5.614605574411615e-06,5.6146071143822445e-06,5.6146086543529805e-06,5.6146101943206764e-06,5.614611734282445e-06,5.614613274243256e-06,5.614614814198667e-06,5.614616354154887e-06,5.6146178941045e-06,5.614619434050584e-06,5.6146209739937765e-06,5.614622513934428e-06,5.6146240538726924e-06,5.614625593806333e-06,5.614627133738067e-06,5.614628673666676e-06,5.614630213593458e-06,5.614631753518586e-06,5.614633293437662e-06,5.614634833353005e-06,5.614636373269296e-06,5.614637913179624e-06,5.6146394530869135e-06,5.614640992994007e-06,5.614642532897892e-06,5.614644072795541e-06,5.614645612694008e-06,5.614647152585661e-06,5.614648692474318e-06,5.6146502323609916e-06,5.6146517722429525e-06,5.61465331212245e-06,5.614654851998921e-06,5.614656391875293e-06,5.614657931748993e-06,5.614659471616334e-06,5.614661011481136e-06,5.614662551345586e-06,5.614664091204261e-06,5.614665631059322e-06,5.614667170913331e-06,5.614668710762394e-06,5.61467025060908e-06,5.614671790452323e-06,5.614673330291807e-06,5.614674870131898e-06,5.614676409965735e-06,5.6146779497985456e-06,5.614679489627275e-06,5.614681029451996e-06,5.6146825692771055e-06,5.614684109099833e-06,5.6146856489208724e-06,5.614687188735201e-06,5.6146887285481154e-06,5.614690268354775e-06,5.6146918081584084e-06,5.6146933479587205e-06,5.6146948877560095e-06,5.614696427553028e-06,5.614697967345738e-06,5.614699507137339e-06,5.614701046922803e-06,5.614702586704795e-06,5.6147041264868844e-06,5.614705666266203e-06,5.61470720604234e-06,5.614708745812136e-06,5.614710285578853e-06,5.6147118253427364e-06,5.6147133651049684e-06,5.6147149048625265e-06,5.614716444617026e-06,5.6147179843695035e-06,5.61471952411814e-06,5.61472106386683e-06,5.614722603609012e-06,5.614724143348056e-06,5.614725683087096e-06,5.6147272228199945e-06,5.614728762551253e-06,5.6147303022787024e-06,5.614731842005634e-06,5.614733381729761e-06,5.6147349214511346e-06,5.614736461166336e-06,5.614738000878319e-06,5.614739540587087e-06,5.614741080293057e-06,5.614742619997113e-06,5.614744159696992e-06,5.614745699395613e-06,5.614747239089929e-06,5.614748778780605e-06,5.614750318469347e-06,5.614751858152546e-06,5.614753397834041e-06,5.614754937512191e-06,5.614756477190129e-06,5.614758016862397e-06,5.614759556531634e-06,5.614761096197097e-06,5.61476263586015e-06,5.614764175519929e-06,5.614765715176845e-06,5.614767254832754e-06,5.614768794486953e-06,5.614770334134652e-06,5.614771873779268e-06,5.614773413420609e-06,5.61477495305907e-06,5.614776492694182e-06,5.614778032329748e-06,5.614779571961702e-06,5.6147811115915625e-06,5.614782651214159e-06,5.61478419083435e-06,5.614785730450747e-06,5.614787270067917e-06,5.614788809679077e-06,5.6147903492867796e-06,5.614791888894389e-06,5.614793428499115e-06,5.614794968097437e-06,5.614796507692985e-06,5.6147980472850836e-06,5.61479958687754e-06,5.6148011264632e-06,5.614802666046276e-06,5.614804205628995e-06,5.614805745206006e-06,5.614807284779826e-06,5.614808824349618e-06,5.614810363918091e-06,5.614811903482588e-06,5.614813443046959e-06,5.614814982606274e-06,5.614816522161281e-06,5.614818061712986e-06,5.614819601262103e-06,5.614821140811111e-06,5.614822680354113e-06,5.614824219894498e-06,5.614825759431086e-06,5.614827298964182e-06,5.614828838495391e-06,5.6148303780249204e-06,5.614831917549424e-06,5.614833457071393e-06,5.6148349965896056e-06,5.614836536104275e-06,5.6148380756191855e-06,5.6148396151292685e-06,5.614841154634938e-06,5.614842694137561e-06,5.614844233636741e-06,5.614845773134321e-06,5.614847312630675e-06,5.614848852121037e-06,5.614850391611928e-06,5.6148519310983935e-06,5.614853470582409e-06,5.614855010060477e-06,5.614856549538124e-06,5.614858089013779e-06,5.614859628483088e-06,5.614861167947982e-06,5.61486270741105e-06,5.614864246870602e-06,5.614865786327248e-06,5.614867325780633e-06,5.614868865230857e-06,5.6148704046776365e-06,5.614871944124257e-06,5.614873483567774e-06,5.614875023005154e-06,5.614876562439882e-06,5.614878101871149e-06,5.61487964130119e-06,5.6148811807292405e-06,5.6148827201531e-06,5.614884259572551e-06,5.614885798991338e-06,5.61488733840692e-06,5.6148888778200435e-06,5.614890417226645e-06,5.614891956629671e-06,5.614893496029586e-06,5.614895035425331e-06,5.614896574819275e-06,5.614898114210448e-06,5.614899653598197e-06,5.614901192982145e-06,5.614902732364816e-06,5.61490427174657e-06,5.6149058111220585e-06,5.614907350493563e-06,5.614908889865945e-06,5.614910429229275e-06,5.614911968592198e-06,5.614913507952078e-06,5.6149150473107055e-06,5.614916586664747e-06,5.614918126014829e-06,5.614919665362833e-06,5.614921204707178e-06,5.614922744047909e-06,5.614924283387239e-06,5.614925822724242e-06,5.614927362059107e-06,5.614928901386255e-06,5.614930440711393e-06,5.6149319800339e-06,5.614933519352921e-06,5.614935058668091e-06,5.614936597980971e-06,5.614938137289537e-06,5.614939676596942e-06,5.614941215904467e-06,5.614942755208308e-06,5.614944294505782e-06,5.6149458338004545e-06,5.614947373094404e-06,5.614948912382556e-06,5.614950451671487e-06,5.6149519909532315e-06,5.614953530232005e-06,5.61495506950759e-06,5.614956608780325e-06,5.61495814805026e-06,5.61495968731602e-06,5.614961226578276e-06,5.614962765838238e-06,5.614964305095046e-06,5.614965844348235e-06,5.61496738359793e-06,5.6149689228453534e-06,5.614970462089712e-06,5.614972001331103e-06,5.614973540570835e-06,5.614975079806977e-06,5.614976619041115e-06,5.614978158272872e-06,5.614979697497936e-06,5.614981236720112e-06,5.614982775942305e-06,5.614984315159372e-06,5.614985854372382e-06,5.614987393582803e-06,5.614988932789392e-06,5.614990471992989e-06,5.614992011193201e-06,5.6149935503924966e-06,5.614995089588152e-06,5.614996628779767e-06,5.614998167967885e-06,5.6149997071529796e-06,5.615001246334901e-06,5.615002785513113e-06,5.615004324688901e-06,5.615005863859423e-06,5.6150074030279964e-06,5.615008942193917e-06,5.6150104813566846e-06,5.6150120205167905e-06,5.6150135596762594e-06,5.615015098829602e-06,5.615016637979765e-06,5.615018177127617e-06,5.615019716272079e-06,5.615021255412688e-06,5.615022794555079e-06,5.6150243336923805e-06,5.615025872826376e-06,5.615027411957429e-06,5.615028951085657e-06,5.615030490207093e-06,5.615032029327337e-06,5.615033568445819e-06,5.615035107561648e-06,5.615036646675086e-06,5.615038185784192e-06,5.615039724886688e-06,5.615041263987328e-06,5.615042803084511e-06,5.615044342179288e-06,5.615045881269152e-06,5.61504742035547e-06,5.615048959440095e-06,5.615050498521007e-06,5.615052037598738e-06,5.615053576673168e-06,5.615055115744096e-06,5.615056654812513e-06,5.61505819387963e-06,5.615059732940109e-06,5.615061271997279e-06,5.615062811055012e-06,5.6150643501069086e-06,5.615065889159442e-06,5.615067428204706e-06,5.615068967250447e-06,5.615070506291916e-06,5.6150720453280075e-06,5.615073584363325e-06,5.615075123393511e-06,5.615076662420695e-06,5.615078201444581e-06,5.615079740465654e-06,5.615081279483813e-06,5.6150828185009064e-06,5.615084357512273e-06,5.615085896523193e-06,5.6150874355279185e-06,5.615088974532466e-06,5.61509051353081e-06,5.615092052526177e-06,5.61509359151784e-06,5.6150951305070345e-06,5.615096669494942e-06,5.615098208476265e-06,5.615099747455971e-06,5.6151012864326225e-06,5.615102825407511e-06,5.615104364377673e-06,5.6151059033455595e-06,5.615107442312148e-06,5.615108981272962e-06,5.615110520230294e-06,5.61511205918462e-06,5.615113598135832e-06,5.615115137084083e-06,5.615116676028987e-06,5.615118214969205e-06,5.615119753907497e-06,5.6151212928443855e-06,5.615122831776486e-06,5.615124370705428e-06,5.6151259096308885e-06,5.615127448555967e-06,5.6151289874755735e-06,5.615130526391804e-06,5.615132065304254e-06,5.615133604213193e-06,5.615135143120835e-06,5.615136682023759e-06,5.615138220923192e-06,5.615139759820157e-06,5.615141298713531e-06,5.615142837603999e-06,5.615144376491101e-06,5.6151459153774265e-06,5.615147454258645e-06,5.615148993136754e-06,5.615150532014321e-06,5.615152070887193e-06,5.615153609755678e-06,5.615155148620484e-06,5.6151566874825955e-06,5.615158226341835e-06,5.615159765197088e-06,5.615161304049639e-06,5.615162842898756e-06,5.61516438174489e-06,5.615165920588433e-06,5.615167459429444e-06,5.615168998265716e-06,5.61517053709897e-06,5.615172075928456e-06,5.615173614755029e-06,5.615175153578896e-06,5.615176692399059e-06,5.615178231216176e-06,5.6151797700295125e-06,5.615181308840406e-06,5.615182847648358e-06,5.6151843864525595e-06,5.6151859252538665e-06,5.615187464052611e-06,5.615189002850809e-06,5.615190541642464e-06,5.6151920804344094e-06,5.615193619223015e-06,5.615195158006273e-06,5.6151966967849225e-06,5.615198235561146e-06,5.615199774333258e-06,5.615201313104591e-06,5.6152028518737334e-06,5.615204390636986e-06,5.61520592939977e-06,5.615207468159577e-06,5.615209006912744e-06,5.615210545663074e-06,5.615212084410052e-06,5.615213623155803e-06,5.61521516190217e-06,5.615216700642658e-06,5.615218239377583e-06,5.6152197781073585e-06,5.615221316837947e-06,5.615222855562383e-06,5.615224394286776e-06,5.61522593300507e-06,5.6152274717230005e-06,5.61522901043508e-06,5.615230549143779e-06,5.615232087849417e-06,5.6152336265545955e-06,5.61523516525327e-06,5.615236703952391e-06,5.6152382426445375e-06,5.6152397813339786e-06,5.615241320020194e-06,5.615242858704031e-06,5.615244397383821e-06,5.615245936060541e-06,5.615247474733557e-06,5.615249013404684e-06,5.615250552074383e-06,5.615252090737184e-06,5.615253629397699e-06,5.615255168058031e-06,5.615256706712349e-06,5.615258245363158e-06,5.615259784013469e-06,5.615261322657906e-06,5.615262861302381e-06,5.615264399938775e-06,5.615265938571645e-06,5.615267477206109e-06,5.6152690158343565e-06,5.615270554459481e-06,5.615272093080339e-06,5.615273631701747e-06,5.615275170315623e-06,5.615276708930882e-06,5.615278247539933e-06,5.615279786148372e-06,5.615281324751693e-06,5.615282863350587e-06,5.615284401945802e-06,5.615285940539196e-06,5.615287479130069e-06,5.615289017718286e-06,5.615290556301533e-06,5.61529209488123e-06,5.615293633457548e-06,5.615295172032735e-06,5.615296710604725e-06,5.61529824917374e-06,5.615299787737593e-06,5.615301326298256e-06,5.615302864855087e-06,5.615304403408719e-06,5.6153059419626975e-06,5.615307480510289e-06,5.615309019054811e-06,5.615310557598653e-06,5.61531209613673e-06,5.6153136346716755e-06,5.615315173205349e-06,5.61531671173495e-06,5.615318250263008e-06,5.615319788786217e-06,5.615321327307604e-06,5.615322865824335e-06,5.6153244043365375e-06,5.615325942844929e-06,5.615327481351101e-06,5.615329019853493e-06,5.615330558355718e-06,5.615332096852331e-06,5.61533363534764e-06,5.615335173840726e-06,5.61533671232963e-06,5.6153382508094415e-06,5.61533978929009e-06,5.615341327768514e-06,5.615342866242707e-06,5.615344404715015e-06,5.615345943180969e-06,5.615347481643719e-06,5.615349020106948e-06,5.6153505585603784e-06,5.6153520970172065e-06,5.615353635471565e-06,5.615355173918982e-06,5.615356712364262e-06,5.61535825080692e-06,5.615359789244676e-06,5.6153613276792955e-06,5.615362866110019e-06,5.615364404537979e-06,5.615365942962714e-06,5.615367481384028e-06,5.615369019802391e-06,5.615370558220534e-06,5.615372096632002e-06,5.61537363503911e-06,5.615375173444106e-06,5.615376711847361e-06,5.615378250246092e-06,5.615379788641443e-06,5.6153813270333225e-06,5.615382865420795e-06,5.615384403806523e-06,5.615385942192381e-06,5.615387480569872e-06,5.615389018945844e-06,5.615390557316952e-06,5.61539209568917e-06,5.615393634053663e-06,5.6153951724161095e-06,5.615396710779007e-06,5.615398249139338e-06,5.6153997874939555e-06,5.6154013258450705e-06,5.615402864191851e-06,5.615404402535068e-06,5.615405940877346e-06,5.615407479215555e-06,5.615409017548714e-06,5.615410555879094e-06,5.615412094206855e-06,5.615413632530717e-06,5.615415170854588e-06,5.6154167091720205e-06,5.6154182474888145e-06,5.6154197857933875e-06,5.615421324101015e-06,5.61542286240491e-06,5.615424400708543e-06,5.615425939009229e-06,5.615427477303895e-06,5.615429015594249e-06,5.61543055388506e-06,5.615432092172585e-06,5.6154336304538876e-06,5.615435168731389e-06,5.615436707007375e-06,5.615438245277653e-06,5.615439783546285e-06,5.615441321811347e-06,5.6154428600772025e-06,5.6154443983343755e-06,5.615445936592379e-06,5.615447474847189e-06,5.61544901309606e-06,5.6154505513417e-06,5.615452089581418e-06,5.615453627821447e-06,5.615455166059548e-06,5.615456704292623e-06,5.615458242521282e-06,5.6154597807467706e-06,5.6154613189683445e-06,5.615462857190444e-06,5.615464395406307e-06,5.615465933622684e-06,5.615467471838136e-06,5.6154690100448376e-06,5.615470548250347e-06,5.615472086449119e-06,5.6154736246488695e-06,5.615475162840658e-06,5.615476701030411e-06,5.6154782392185525e-06,5.615479777401731e-06,5.615481315581149e-06,5.615482853761377e-06,5.6154843919372204e-06,5.615485930110405e-06,5.615487468276808e-06,5.6154890064404275e-06,5.615490544600841e-06,5.615492082757204e-06,5.615493620910777e-06,5.615495159060763e-06,5.61549669720801e-06,5.6154982353512225e-06,5.6154997734916744e-06,5.615501311628444e-06,5.615502849761583e-06,5.615504387890799e-06,5.6155059260182734e-06,5.615507464141785e-06,5.615509002265875e-06,5.6155105403830075e-06,5.615512078496401e-06,5.615513616607999e-06,5.615515154716716e-06,5.615516692821451e-06,5.61551823092193e-06,5.6155197690192445e-06,5.615521307116507e-06,5.615522845207372e-06,5.615524383295719e-06,5.615525921380227e-06,5.61552745946324e-06,5.615528997544346e-06,5.6155305356219324e-06,5.615532073691999e-06,5.615533611759089e-06,5.615535149822751e-06,5.615536687887214e-06,5.61553822594511e-06,5.615539764001068e-06,5.615541302050767e-06,5.615542840099079e-06,5.615544378144036e-06,5.6155459161854655e-06,5.615547454223542e-06,5.615548992258913e-06,5.615550530290873e-06,5.615552068319865e-06,5.615553606345003e-06,5.615555144368176e-06,5.615556682387526e-06,5.615558220403363e-06,5.615559758414382e-06,5.615561296423414e-06,5.615562834431903e-06,5.6155643724341755e-06,5.6155659104347645e-06,5.615567448430781e-06,5.6155689864229735e-06,5.615570524412675e-06,5.6155720624014535e-06,5.615573600386693e-06,5.615575138365675e-06,5.6155766763410194e-06,5.615578214313416e-06,5.615579752285955e-06,5.615581290253511e-06,5.615582828219083e-06,5.615584366180348e-06,5.615585904140001e-06,5.615587442092729e-06,5.615588980042276e-06,5.615590517987694e-06,5.615592055929602e-06,5.615593593867617e-06,5.615595131804443e-06,5.615596669737301e-06,5.615598207666894e-06,5.615599745596155e-06,5.615601283519269e-06,5.615602821438834e-06,5.615604359355737e-06,5.615605897268669e-06,5.615607435177928e-06,5.615608973084231e-06,5.615610510986733e-06,5.615612048889337e-06,5.615613586788581e-06,5.615615124681833e-06,5.615616662570987e-06,5.615618200457891e-06,5.615619738346405e-06,5.615621276226159e-06,5.615622814102115e-06,5.615624351977802e-06,5.615625889848087e-06,5.615627427717353e-06,5.615628965580044e-06,5.615630503442555e-06,5.615632041299188e-06,5.615633579153215e-06,5.615635117003127e-06,5.615636654849162e-06,5.615638192694286e-06,5.6156397305336926e-06,5.615641268369606e-06,5.615642806202812e-06,5.615644344032747e-06,5.615645881858725e-06,5.615647419684908e-06,5.615648957504872e-06,5.615650495324317e-06,5.61565203314026e-06,5.615653570950301e-06,5.615655108760107e-06,5.615656646562832e-06,5.615658184362169e-06,5.6156597221582966e-06,5.615661259951614e-06,5.615662797741617e-06,5.615664335531391e-06,5.615665873314718e-06,5.615667411094707e-06,5.615668948871177e-06,5.6156704866459255e-06,5.615672024418535e-06,5.615673562184234e-06,5.615675099947544e-06,5.615676637702122e-06,5.615678175459206e-06,5.6156797132122545e-06,5.615681250965462e-06,5.615682788714336e-06,5.6156843264561895e-06,5.615685864196151e-06,5.615687401932285e-06,5.615688939665639e-06,5.6156904773950735e-06,5.6156920151224494e-06,5.615693552848474e-06,5.61569509056838e-06,5.615696628284847e-06,5.6156981659984e-06,5.615699703711618e-06,5.6157012414180235e-06,5.615702779120363e-06,5.615704316818792e-06,5.615705854514831e-06,5.615707392209936e-06,5.6157089298991805e-06,5.615710467586289e-06,5.615712005268961e-06,5.615713542948931e-06,5.61571508062541e-06,5.6157166182985285e-06,5.615718155968014e-06,5.6157196936344425e-06,5.61572123129752e-06,5.61572276895721e-06,5.615724306613102e-06,5.615725844265058e-06,5.615727381916276e-06,5.6157289195623145e-06,5.615730457208111e-06,5.615731994847805e-06,5.615733532483874e-06,5.615735070116545e-06,5.615736607745787e-06,5.615738145372542e-06,5.615739682995191e-06,5.615741220613219e-06,5.615742758230103e-06,5.615744295846165e-06,5.615745833458245e-06,5.615747371065159e-06,5.615748908670342e-06,5.6157504462695535e-06,5.61575198386559e-06,5.615753521458238e-06,5.615755059047388e-06,5.615756596633074e-06,5.615758134215647e-06,5.615759671796618e-06,5.615761209372862e-06,5.615762746945498e-06,5.615764284514975e-06,5.615765822084361e-06,5.615767359646809e-06,5.615768897207585e-06,5.615770434763122e-06,5.615771972315301e-06,5.615773509864126e-06,5.615775047409492e-06,5.6157765849554644e-06,5.615778122497337e-06,5.6157796600358515e-06,5.615781197567641e-06,5.615782735096289e-06,5.615784272623806e-06,5.615785810147645e-06,5.615787347668201e-06,5.615788885183687e-06,5.6157904226958374e-06,5.615791960204296e-06,5.6157934977021404e-06,5.615795035204032e-06,5.615796572703368e-06,5.615798110201371e-06,5.615799647693292e-06,5.615801185181972e-06,5.6158027226684e-06,5.615804260150067e-06,5.615805797628397e-06,5.6158073351049115e-06,5.6158088725764666e-06,5.615810410044741e-06,5.61581194751231e-06,5.6158134849739065e-06,5.615815022433806e-06,5.615816559890098e-06,5.6158180973419925e-06,5.615819634790497e-06,5.615821172235959e-06,5.615822709677138e-06,5.615824247115732e-06,5.615825784552534e-06,5.615827321983104e-06,5.6158288594108926e-06,5.615830396838168e-06,5.6158319342543975e-06,5.615833471671955e-06,5.615835009085624e-06,5.615836546496421e-06,5.615838083903828e-06,5.615839621307641e-06,5.615841158706618e-06,5.615842696103643e-06,5.615844233497293e-06,5.615845770887348e-06,5.615847308274324e-06,5.615848845661033e-06,5.615850383039744e-06,5.615851920416023e-06,5.6158534577901555e-06,5.615854995163146e-06,5.615856532529863e-06,5.6158580698933836e-06,5.61585960725692e-06,5.615861144613186e-06,5.615862681963704e-06,5.6158642193135816e-06,5.615865756660062e-06,5.615867294004468e-06,5.615868831344911e-06,5.6158703686818174e-06,5.615871906016964e-06,5.6158734433400255e-06,5.615874980666483e-06,5.615876517989219e-06,5.615878055309162e-06,5.615879592625795e-06,5.615881129937871e-06,5.615882667246635e-06,5.615884204552505e-06,5.615885741854336e-06,5.615887279153208e-06,5.615888816448642e-06,5.61589035374099e-06,5.615891891030516e-06,5.615893428315927e-06,5.61589496559811e-06,5.6158965028785715e-06,5.6158980401549464e-06,5.615899577419875e-06,5.615901114688614e-06,5.6159026519536366e-06,5.6159041892179565e-06,5.615905726476814e-06,5.615907263731772e-06,5.615908800982735e-06,5.615910338230755e-06,5.615911875475379e-06,5.6159134127168235e-06,5.615914949958535e-06,5.615916487194918e-06,5.6159180244277085e-06,5.615919561655163e-06,5.615921098882176e-06,5.61592263610382e-06,5.615924173320756e-06,5.615925710535485e-06,5.615927247747183e-06,5.615928784953787e-06,5.6159303221574935e-06,5.615931859357796e-06,5.615933396554723e-06,5.615934933747595e-06,5.615936470937593e-06,5.6159380081243306e-06,5.615939545307813e-06,5.615941082487248e-06,5.615942619663306e-06,5.615944156836474e-06,5.61594569400524e-06,5.615947231170388e-06,5.615948768331841e-06,5.615950305490752e-06,5.6159518426493606e-06,5.615953379801992e-06,5.615954916950626e-06,5.615956454096839e-06,5.61595799124233e-06,5.615959528380782e-06,5.615961065515293e-06,5.615962602649985e-06,5.615964139781629e-06,5.615965676909608e-06,5.615967214031012e-06,5.615968751149279e-06,5.615970288264531e-06,5.615971825376513e-06,5.615973362484877e-06,5.6159748995897e-06,5.6159764366964565e-06,5.6159779737945285e-06,5.615979510890923e-06,5.615981047982198e-06,5.6159825850702274e-06,5.615984122155379e-06,5.615985659234871e-06,5.615987196312606e-06,5.615988733386549e-06,5.615990270459615e-06,5.615991807526782e-06,5.6159933445904265e-06,5.615994881650606e-06,5.615996418709276e-06,5.615997955763812e-06,5.615999492814215e-06,5.616001029860827e-06,5.616002566904078e-06,5.6160041039433595e-06,5.616005640979222e-06,5.616007178012456e-06,5.616008715041366e-06,5.616010252067091e-06,5.616011789091364e-06,5.616013326110015e-06,5.6160148631265945e-06,5.616016400139421e-06,5.6160179371510025e-06,5.61601947415699e-06,5.616021011157512e-06,5.616022548156118e-06,5.616024085153471e-06,5.616025622145438e-06,5.616027159134886e-06,5.616028696120209e-06,5.616030233101553e-06,5.616031770079791e-06,5.616033307054298e-06,5.6160348440254236e-06,5.616036380992917e-06,5.616037917960194e-06,5.616039454923417e-06,5.616040991880901e-06,5.616042528834364e-06,5.616044065785456e-06,5.616045602733751e-06,5.616047139676926e-06,5.616048676616907e-06,5.616050213554188e-06,5.6160517504873624e-06,5.616053287417225e-06,5.616054824343142e-06,5.616056361267142e-06,5.61605789818528e-06,5.6160594351018725e-06,5.616060972014564e-06,5.616062508927037e-06,5.616064045835708e-06,5.616065582740741e-06,5.616067119639491e-06,5.616068656534917e-06,5.616070193426417e-06,5.616071730314953e-06,5.6160732671995356e-06,5.616074804081425e-06,5.616076340959447e-06,5.616077877836895e-06,5.61607941470795e-06,5.6160809515766485e-06,5.6160824884422955e-06,5.61608402530339e-06,5.6160855621613795e-06,5.616087099015607e-06,5.616088635866234e-06,5.616090172712475e-06,5.616091709553491e-06,5.61609324639456e-06,5.616094783234396e-06,5.616096320067303e-06,5.6160978568989215e-06,5.616099393718919e-06,5.616100930541894e-06,5.616102467362089e-06,5.616104004178579e-06,5.61610554099115e-06,5.6161070778033e-06,5.616108614609137e-06,5.616110151409973e-06,5.616111688207822e-06,5.616113225005321e-06,5.6161147618001835e-06,5.616116298589328e-06,5.616117835374419e-06,5.616119372158521e-06,5.616120908935962e-06,5.616122445711079e-06,5.616123982482088e-06,5.616125519245039e-06,5.616127056009239e-06,5.616128592770472e-06,5.6161301295279216e-06,5.6161316662817416e-06,5.616133203031957e-06,5.616134739777921e-06,5.616136276521179e-06,5.616137813261145e-06,5.616139349998684e-06,5.6161408867337836e-06,5.616142423456524e-06,5.6161439601826e-06,5.616145496903996e-06,5.616147033622537e-06,5.616148570340872e-06,5.616150107053114e-06,5.6161516437615755e-06,5.616153180467016e-06,5.616154717170803e-06,5.61615625386913e-06,5.616157790563712e-06,5.616159327254598e-06,5.616160863941171e-06,5.616162400628699e-06,5.61616393730922e-06,5.616165473986696e-06,5.616167010660728e-06,5.616168547332369e-06,5.6161700839994435e-06,5.616171620664088e-06,5.6161731573237415e-06,5.6161746939802595e-06,5.616176230636215e-06,5.616177767286105e-06,5.616179303933777e-06,5.616180840575207e-06,5.616182377214243e-06,5.616183913853752e-06,5.616185450485829e-06,5.6161869871143e-06,5.61618852373918e-06,5.616190060364108e-06,5.616191596975452e-06,5.616193133590525e-06,5.616194670201948e-06,5.616196206809442e-06,5.6161977434133585e-06,5.616199280014388e-06,5.616200816611814e-06,5.61620235320601e-06,5.6162038897985875e-06,5.616205426386115e-06,5.616206962971336e-06,5.616208499550946e-06,5.6162100361296e-06,5.616211572702587e-06,5.616213109271752e-06,5.6162146458384375e-06,5.616216182399414e-06,5.616217718958405e-06,5.6162192555135414e-06,5.616220792065762e-06,5.6162223286144904e-06,5.616223865159539e-06,5.616225401701295e-06,5.616226938239714e-06,5.6162284747769235e-06,5.61623001130437e-06,5.616231547832166e-06,5.61623308435599e-06,5.616234620876906e-06,5.616236157394268e-06,5.616237693908087e-06,5.616239230418595e-06,5.616240766929834e-06,5.616242303432962e-06,5.616243839934848e-06,5.616245376431221e-06,5.6162469129240355e-06,5.616248449416517e-06,5.616249985902761e-06,5.616251522379326e-06,5.616253058858203e-06,5.6162545953335875e-06,5.61625613180822e-06,5.616257668279243e-06,5.616259204743903e-06,5.6162607412079785e-06,5.61626227766604e-06,5.6162638141214215e-06,5.616265350572238e-06,5.616266887021152e-06,5.616268423466916e-06,5.616269959910217e-06,5.616271496346816e-06,5.61627303278063e-06,5.616274569213724e-06,5.616276105643334e-06,5.6162776420669435e-06,5.616279178485943e-06,5.616280714903597e-06,5.616282251315821e-06,5.6162837877268005e-06,5.6162853241320605e-06,5.616286860533553e-06,5.61628839693188e-06,5.616289933326713e-06,5.616291469718248e-06,5.616293006104534e-06,5.616294542491801e-06,5.6162960788737105e-06,5.616297615253978e-06,5.616299151630837e-06,5.616300688001618e-06,5.6163022243702495e-06,5.6163037607332e-06,5.616305297095686e-06,5.616306833451409e-06,5.616308369804227e-06,5.616309906152901e-06,5.616311442501224e-06,5.616312978846085e-06,5.616314515184265e-06,5.616316051519828e-06,5.6163175878509906e-06,5.616319124179135e-06,5.616320660505412e-06,5.616322196827739e-06,5.616323733148066e-06,5.616325269462311e-06,5.616326805772277e-06,5.616328342081859e-06,5.616329878385233e-06,5.616331414685822e-06,5.616332950982428e-06,5.616334487274498e-06,5.6163360235640585e-06,5.616337559849969e-06,5.616339096132512e-06,5.616340632416925e-06,5.616342168693366e-06,5.616343704966593e-06,5.616345241237447e-06,5.61634677750222e-06,5.616348313764968e-06,5.6163498500246725e-06,5.616351386279055e-06,5.616352922529743e-06,5.616354458777011e-06,5.616355995024445e-06,5.616357531265637e-06,5.616359067502891e-06,5.616360603737561e-06,5.616362139966967e-06,5.6163636761939156e-06,5.616365212417372e-06,5.616366748636472e-06,5.616368284853202e-06,5.616369821064615e-06,5.6163713572736555e-06,5.6163728934790166e-06,5.616374429681544e-06,5.616375965881709e-06,5.616377502076499e-06,5.616379038267208e-06,5.616380574454246e-06,5.616382110633633e-06,5.6163836468137576e-06,5.6163851829901925e-06,5.616386719165349e-06,5.616388255330068e-06,5.6163897914933485e-06,5.616391327655501e-06,5.616392863814049e-06,5.616394399971993e-06,5.6163959361234015e-06,5.616397472273897e-06,5.616399008418658e-06,5.6164005445598985e-06,5.6164020806970235e-06,5.616403616830976e-06,5.616405152962631e-06,5.616406689091545e-06,5.616408225213184e-06,5.6164097613330325e-06,5.616411297448014e-06,5.616412833559562e-06,5.616414369668657e-06,5.616415905776017e-06,5.616417441877854e-06,5.616418977977352e-06,5.616420514072547e-06,5.616422050165603e-06,5.616423586252279e-06,5.616425122336348e-06,5.61642665841687e-06,5.616428194494434e-06,5.6164297305705675e-06,5.616431266641724e-06,5.6164328027111234e-06,5.616434338773915e-06,5.616435874833606e-06,5.61643741088978e-06,5.616438946942153e-06,5.61644048299076e-06,5.616442019034651e-06,5.616443555076512e-06,5.616445091114973e-06,5.6164466271524015e-06,5.6164481631837405e-06,5.6164496992054446e-06,5.6164512352294855e-06,5.61645277125033e-06,5.616454307267611e-06,5.616455843275463e-06,5.6164573792794015e-06,5.616458915285841e-06,5.616460451291764e-06,5.6164619872905135e-06,5.616463523282946e-06,5.616465059275793e-06,5.616466595266845e-06,5.616468131252046e-06,5.616469667235473e-06,5.616471203212925e-06,5.6164727391873415e-06,5.616474275158357e-06,5.616475811125717e-06,5.6164773470922135e-06,5.61647888305557e-06,5.61648041901525e-06,5.616481954968202e-06,5.616483490918293e-06,5.616485026865532e-06,5.616486562807659e-06,5.616488098745179e-06,5.616489634681643e-06,5.616491170614093e-06,5.616492706544966e-06,5.616494242469443e-06,5.616495778390473e-06,5.616497314308717e-06,5.616498850224072e-06,5.616500386134456e-06,5.6165019220420835e-06,5.61650345794802e-06,5.616504993850012e-06,5.616506529745902e-06,5.616508065637948e-06,5.616509601529817e-06,5.616511137418769e-06,5.616512673300952e-06,5.616514209179215e-06,5.61651574505529e-06,5.616517280927666e-06,5.616518816795935e-06,5.616520352660035e-06,5.61652188852018e-06,5.616523424371788e-06,5.61652496022637e-06,5.616526496079165e-06,5.616528031925327e-06,5.616529567768933e-06,5.616531103609741e-06,5.616532639447022e-06,5.616534175278776e-06,5.6165357111069565e-06,5.616537246933721e-06,5.6165387827548264e-06,5.61654031857523e-06,5.616541854390427e-06,5.61654339020083e-06,5.616544926008601e-06,5.6165464618128994e-06,5.61654799761266e-06,5.616549533409223e-06,5.6165510692012195e-06,5.616552604990288e-06,5.616554140775587e-06,5.616555676556942e-06,5.616557212334938e-06,5.616558748109062e-06,5.616560283880251e-06,5.6165618196450124e-06,5.616563355408864e-06,5.61656489116934e-06,5.616566426924466e-06,5.616567962677553e-06,5.616569498424513e-06,5.616571034170443e-06,5.61657256991335e-06,5.616574105655166e-06,5.616575641390507e-06,5.616577177123443e-06,5.616578712851943e-06,5.6165802485748915e-06,5.616581784295828e-06,5.616583320012569e-06,5.616584855726465e-06,5.616586391436517e-06,5.6165879271401286e-06,5.6165894628460096e-06,5.616590998545288e-06,5.616592534241135e-06,5.616594069933543e-06,5.616595605621477e-06,5.616597141306396e-06,5.6165986769877925e-06,5.616600212666368e-06,5.61660174834215e-06,5.6166032840121975e-06,5.616604819679691e-06,5.6166063553429145e-06,5.616607891003623e-06,5.616609426661964e-06,5.616610962316183e-06,5.616612497968044e-06,5.616614033612838e-06,5.616615569257142e-06,5.616617104897578e-06,5.616618640535215e-06,5.616620176169182e-06,5.616621711793768e-06,5.616623247413052e-06,5.616624783033312e-06,5.616626318649714e-06,5.616627854262856e-06,5.616629389872982e-06,5.616630925479399e-06,5.616632461083891e-06,5.616633996682393e-06,5.616635532272585e-06,5.616637067863843e-06,5.616638603453133e-06,5.6166401390371735e-06,5.6166416746187795e-06,5.616643210195752e-06,5.616644745770486e-06,5.616646281340255e-06,5.6166478169078986e-06,5.616649352470455e-06,5.6166508880289004e-06,5.616652423586864e-06,5.6166539591386e-06,5.616655494686261e-06,5.616657030230412e-06,5.6166585657749245e-06,5.616660101307263e-06,5.616661636844065e-06,5.61666317237635e-06,5.616664707904835e-06,5.616666243427553e-06,5.616667778946626e-06,5.616669314462376e-06,5.616670849974758e-06,5.616672385484944e-06,5.616673920990411e-06,5.616675456494155e-06,5.616676991993482e-06,5.616678527490363e-06,5.616680062980709e-06,5.616681598469909e-06,5.616683133952822e-06,5.616684669432444e-06,5.616686204909156e-06,5.616687740381807e-06,5.616689275850256e-06,5.616690811315312e-06,5.616692346777273e-06,5.616693882236995e-06,5.61669541769372e-06,5.616696953144283e-06,5.616698488592205e-06,5.616700024035694e-06,5.6167015594748935e-06,5.616703094910971e-06,5.616704630346765e-06,5.61670616577539e-06,5.616707701199276e-06,5.616709236619527e-06,5.616710772037938e-06,5.616712307452653e-06,5.6167138428644335e-06,5.616715378271827e-06,5.6167169136775135e-06,5.6167184490783525e-06,5.616719984474381e-06,5.616721519864196e-06,5.6167230552558084e-06,5.616724590639631e-06,5.616726126020863e-06,5.616727661398471e-06,5.6167291967634625e-06,5.616730732131699e-06,5.616732267500418e-06,5.61673380286577e-06,5.6167353382242325e-06,5.616736873580678e-06,5.616738408933366e-06,5.616739944281959e-06,5.616741479621606e-06,5.616743014963514e-06,5.616744550301448e-06,5.6167460856359804e-06,5.616747620966886e-06,5.616749156295758e-06,5.61675069161935e-06,5.616752226938636e-06,5.616753762255151e-06,5.616755297567878e-06,5.616756832876793e-06,5.616758368183904e-06,5.616759903485264e-06,5.616761438785404e-06,5.61676297408079e-06,5.616764509371725e-06,5.616766044660583e-06,5.616767579945502e-06,5.616769115224991e-06,5.616770650501344e-06,5.616772185775309e-06,5.616773721043776e-06,5.616775256313162e-06,5.616776791578706e-06,5.616778326836568e-06,5.616779862090904e-06,5.616781397341737e-06,5.61678293259164e-06,5.616784467838233e-06,5.616786003080704e-06,5.616787538318937e-06,5.6167890735499605e-06,5.616790608778716e-06,5.616792144004083e-06,5.616793679225823e-06,5.6167952144433954e-06,5.616796749658495e-06,5.616798284868368e-06,5.6167998200764015e-06,5.616801355278509e-06,5.616802890477846e-06,5.616804425676793e-06,5.616805960869485e-06,5.616807496057919e-06,5.6168090312437265e-06,5.616810566427656e-06,5.616812101607263e-06,5.616813636783303e-06,5.616815171956063e-06,5.616816707123851e-06,5.616818242289323e-06,5.616819777450387e-06,5.61682131260626e-06,5.616822847759564e-06,5.616824382907383e-06,5.616825918053711e-06,5.616827453195931e-06,5.616828988327221e-06,5.616830523461515e-06,5.6168320585930766e-06,5.616833593720411e-06,5.61683512884355e-06,5.616836663960481e-06,5.61683819907632e-06,5.616839734188503e-06,5.616841269296974e-06,5.616842804401824e-06,5.6168443395013785e-06,5.61684587460057e-06,5.616847409694823e-06,5.616848944784957e-06,5.616850479867844e-06,5.616852014953294e-06,5.616853550035557e-06,5.616855085110537e-06,5.616856620182435e-06,5.61685815525158e-06,5.616859690319863e-06,5.616861225381395e-06,5.616862760439599e-06,5.616864295494241e-06,5.616865830543944e-06,5.616867365592355e-06,5.616868900635105e-06,5.616870435674473e-06,5.6168719707108454e-06,5.616873505738263e-06,5.616875040766151e-06,5.616876575790796e-06,5.6168781108134235e-06,5.616879645829425e-06,5.6168811808435706e-06,5.616882715852234e-06,5.616884250857641e-06,5.616885785860041e-06,5.61688732085951e-06,5.616888855854235e-06,5.616890390845954e-06,5.616891925833008e-06,5.616893460818079e-06,5.616894995798273e-06,5.61689653077729e-06,5.616898065750325e-06,5.616899600715874e-06,5.616901135681255e-06,5.6169026706438426e-06,5.616904205601819e-06,5.616905740556647e-06,5.6169072755075826e-06,5.61690881045475e-06,5.616910345399572e-06,5.616911880339492e-06,5.61691341527417e-06,5.616914950206991e-06,5.616916485135229e-06,5.61691802006013e-06,5.616919554981601e-06,5.616921089898591e-06,5.616922624815383e-06,5.616924159725878e-06,5.6169256946326995e-06,5.616927229535686e-06,5.616928764435099e-06,5.616930299330804e-06,5.616931834222887e-06,5.616933369111684e-06,5.616934903996401e-06,5.6169364388777165e-06,5.616937973756097e-06,5.6169395086305755e-06,5.61694104350013e-06,5.61694257836921e-06,5.616944113231532e-06,5.616945648090016e-06,5.6169471829450895e-06,5.616948717797542e-06,5.61695025264488e-06,5.6169517874888865e-06,5.616953322328816e-06,5.6169548571660115e-06,5.616956391998708e-06,5.616957926827478e-06,5.6169594616538815e-06,5.616960996475571e-06,5.616962531294104e-06,5.616964066108702e-06,5.61696560091991e-06,5.61696713572716e-06,5.6169686705302e-06,5.616970205331849e-06,5.616971740127848e-06,5.616973274920609e-06,5.616974809709084e-06,5.616976344496673e-06,5.616977879277432e-06,5.616979414055829e-06,5.6169809488309525e-06,5.616982483601667e-06,5.616984018368431e-06,5.6169855531312615e-06,5.616987087890864e-06,5.6169886226472596e-06,5.616990157400664e-06,5.61699169214921e-06,5.616993226893491e-06,5.616994761633786e-06,5.616996296370776e-06,5.616997831104209e-06,5.616999365833678e-06,5.617000900552414e-06,5.617002435274579e-06,5.617003969993506e-06,5.617005504708032e-06,5.617007039418981e-06,5.617008574126858e-06,5.617010108830123e-06,5.617011643530113e-06,5.617013178226112e-06,5.6170147129169985e-06,5.617016247604796e-06,5.617017782289882e-06,5.6170193169706895e-06,5.6170208516495355e-06,5.617022386323419e-06,5.617023920994145e-06,5.617025455661692e-06,5.617026990326168e-06,5.61702852498523e-06,5.617030059643367e-06,5.61703159429605e-06,5.617033128944084e-06,5.617034663588317e-06,5.617036198228539e-06,5.6170377328597095e-06,5.617039267493125e-06,5.617040802126404e-06,5.617042336751852e-06,5.6170438713739745e-06,5.617045405991842e-06,5.6170469406034985e-06,5.617048475212736e-06,5.617050009820051e-06,5.617051544423708e-06,5.617053079023374e-06,5.617054613618836e-06,5.617056148212297e-06,5.617057682802224e-06,5.61705921738688e-06,5.617060751967378e-06,5.617062286544588e-06,5.617063821118096e-06,5.617065355688161e-06,5.617066890253181e-06,5.61706842481708e-06,5.617069959377653e-06,5.6170714939353995e-06,5.6170730284862214e-06,5.617074563034496e-06,5.617076097578627e-06,5.617077632118857e-06,5.617079166655148e-06,5.617080701187381e-06,5.617082235717911e-06,5.61708377024318e-06,5.617085304764748e-06,5.617086839283115e-06,5.6170883737970225e-06,5.6170899083075104e-06,5.617091442816138e-06,5.617092977319062e-06,5.617094511819362e-06,5.617096046314534e-06,5.617097580807567e-06,5.617099115295721e-06,5.617100649779146e-06,5.617102184260903e-06,5.617103718737227e-06,5.61710525321021e-06,5.617106787680877e-06,5.617108322147102e-06,5.617109856609749e-06,5.617111391067442e-06,5.617112925521881e-06,5.617114459972554e-06,5.617115994419558e-06,5.6171175288636535e-06,5.617119063306357e-06,5.617120597741719e-06,5.6171221321751505e-06,5.61712366660557e-06,5.61712520103065e-06,5.617126735451291e-06,5.61712826986839e-06,5.617129804282841e-06,5.617131338692463e-06,5.617132873098352e-06,5.617134407500547e-06,5.617135941898369e-06,5.617137476293256e-06,5.61713901068324e-06,5.617140545071249e-06,5.6171420794546185e-06,5.6171436138343856e-06,5.617145148210277e-06,5.617146682584146e-06,5.617148216952642e-06,5.617149751318685e-06,5.617151285682729e-06,5.617152820038839e-06,5.617154354395509e-06,5.617155888744786e-06,5.617157423090815e-06,5.617158957431707e-06,5.617160491770254e-06,5.617162026106717e-06,5.617163560435885e-06,5.617165094764343e-06,5.617166629089968e-06,5.617168163412091e-06,5.617169697731452e-06,5.617171232044315e-06,5.617172766352734e-06,5.617174300657883e-06,5.61717583495899e-06,5.6171773692591e-06,5.6171789035524616e-06,5.617180437845026e-06,5.617181972131187e-06,5.617183506407397e-06,5.617185040685428e-06,5.617186574960254e-06,5.617188109233915e-06,5.617189643501454e-06,5.617191177764531e-06,5.617192712025129e-06,5.617194246281195e-06,5.617195780534895e-06,5.617197314782541e-06,5.617198849031669e-06,5.6172003832738055e-06,5.617201917511097e-06
14,9.825003170272728e-66,7.576577048543247e-65,2.225425741188037e-64,4.8033871033337047e-64,9.113532504062932e-64,1.5639702080270468e-63,2.496551201065525e-63,3.774801237677859e-63,5.47033904654757e-63,7.660577354567718e-63,1.0428648722146482e-62,1.3863366738975923e-62,1.8059213436630897e-62,2.3116345192104816e-62,2.9140610866091846e-62,3.6243577293827626e-62,4.454255843601375e-62,5.4160645509285515e-62,6.522673622285069e-62,7.787556189477535e-62,9.224771170625099e-62,1.0848965372905301e-61,1.2675375261191372e-61,1.4719828400923857e-61,1.6998744594810785e-61,1.952913673918258e-61,2.232861143311647e-61,2.5415369368629793e-61,2.8808205535749243e-61,3.2526509271129966e-61,3.6590264175168445e-61,4.1020047925289645e-61,4.58370320028166e-61,5.106298135401869e-61,5.67202539990115e-61,6.283180060277248e-61,6.942116401885798e-61,7.651247881438525e-61,8.413047078028919e-61,9.23004564391419e-61,1.0104834254700597e-60,1.1040062559849841e-60,1.2038439133373899e-60,1.3102731424909352e-60,1.4235765711919165e-60,1.5440427051695825e-60,1.6719659234785165e-60,1.8076464738884398e-60,1.951390468340261e-60,2.103509878453653e-60,2.264322531139402e-60,2.4341521042184167e-60,2.613328122181404e-60,2.8021859518771516e-60,3.0010667983630046e-60,3.2103177007184264e-60,3.4302915279722377e-60,3.661346974967372e-60,3.903848558355373e-60,4.158166612561157e-60,4.424677285764343e-60,4.703762535963074e-60,4.995810126975e-60,5.301213624573824e-60,5.620372392454856e-60,5.953691588462608e-60,6.301582160566733e-60,6.664460843063738e-60,7.042750152678588e-60,7.436878384675626e-60,7.84727960904656e-60,8.274393666626761e-60,8.718666165258244e-60,9.180548475960112e-60,9.660497729089538e-60,1.0158976810535226e-59,1.0676454357829197e-59,1.1213404756464136e-59,1.1770308135911642e-59,1.2347650365930235e-59,1.2945923052736393e-59,1.3565623535142716e-59,1.4207254880818552e-59,1.4871325882526944e-59,1.5558351054225165e-59,1.6268850627352578e-59,1.7003350547028244e-59,1.7762382468263626e-59,1.8546483752173784e-59,1.9356197462201035e-59,2.0192072360342116e-59,2.105466290339692e-59,2.194452923911586e-59,2.2862237202559936e-59,2.3808358312241533e-59,2.4783469766325605e-59,2.578815443905123e-59,2.682300087674344e-59,2.7888603294240912e-59,2.898556157097422e-59,3.0114481247450935e-59,3.1275973521261638e-59,3.247065524343033e-59,3.3699148914768013e-59,3.4962082681968225e-59,3.626009033396192e-59,3.7593811298213955e-59,3.8963890636901993e-59,4.037097904323541e-59,4.181573283771115e-59,4.3298813964409954e-59,4.482088998731512e-59,4.638263408654499e-59,4.798472505442715e-59,4.962784729223898e-59,5.131269080608227e-59,5.303995120347093e-59,5.481032968929668e-59,5.662453306248373e-59,5.848327371202015e-59,6.038726961331756e-59,6.233724432474938e-59,6.433392698347384e-59,6.637805230227847e-59,6.847036056554206e-59,7.0611597625480124e-59,7.28025148987927e-59,7.504386936285965e-59,7.733642355171962e-59,7.968094555295469e-59,8.207820900371128e-59,8.452899308684796e-59,8.703408252761172e-59,8.959426758997485e-59,9.221034407241685e-59,9.488311330503235e-59,9.761338214540961e-59,1.0040196297510507e-58,1.0324967369574045e-58,1.0615733772567285e-58,1.0912578399645558e-58,1.121558469485716e-58,1.1524836652835601e-58,1.1840418818429124e-58,1.2162416286292297e-58,1.2490914700596565e-58,1.2826000254586456e-58,1.3167759690279502e-58,1.351628029806548e-58,1.3871649916358191e-58,1.4233956931229316e-58,1.4603290276050436e-58,1.4979739431117853e-58,1.5363394423315504e-58,1.5754345825730823e-58,1.6152684757287886e-58,1.655850288242588e-58,1.6971892410660363e-58,1.739294609634047e-58,1.782175723816755e-58,1.8258419678894606e-58,1.8703027804994565e-58,1.915567654622544e-58,1.9616461375341672e-58,2.008547830768732e-58,2.0562823900861434e-58,2.10485952543232e-58,2.1542890009106195e-58,2.2045806347378998e-58,2.2557442992166686e-58,2.307789920686637e-58,2.3607274795073908e-58,2.414567010006761e-58,2.4693186004483534e-58,2.5249923930068413e-58,2.5815985837167118e-58,2.639147422447686e-58,2.6976492128608908e-58,2.7571143123815206e-58,2.8175531321579014e-58,2.8789761370272382e-58,2.9413938454810944e-58,3.0048168296242643e-58,3.0692557151528184e-58,3.1347211812997774e-58,3.201223960817487e-58,3.2687748399322704e-58,3.337384658305337e-58,3.407064309013485e-58,3.4778247384969065e-58,3.549676946533058e-58,3.6226319861960086e-58,3.696700963826893e-58,3.771895038996072e-58,3.848225424463477e-58,3.925703386151947e-58,4.0043402431036636e-58,4.084147367455298e-58,4.165136184387984e-58,4.2473181721075084e-58,4.330704861799732e-58,4.415307837601967e-58,4.50113873655621e-58,4.588209248588907e-58,4.676531116476035e-58,4.766116135779614e-58,4.85697615485471e-58,4.9491230747895946e-58,5.042568849371357e-58,5.137325485056047e-58,5.233405040935175e-58,5.3308196286968805e-58,5.4295814126002936e-58,5.529702609417771e-58,5.631195488429515e-58,5.734072371378071e-58,5.83834563241935e-58,5.944027698097343e-58,6.0511310473249154e-58,6.159668211323841e-58,6.269651773613396e-58,6.381094369951075e-58,6.494008688319222e-58,6.608407468886545e-58,6.724303503958637e-58,6.841709637965553e-58,6.960638767408001e-58,7.081103840839765e-58,7.203117858810968e-58,7.326693873858584e-58,7.451844990462803e-58,7.57858436500136e-58,7.706925205731673e-58,7.836880772743106e-58,7.96846437793612e-58,8.101689384974215e-58,8.236569209259486e-58,8.373117317897068e-58,8.511347229661437e-58,8.65127251494545e-58,8.792906795758261e-58,8.936263745664315e-58,9.081357089757666e-58,9.228200604639291e-58,9.376808118350559e-58,9.527193510386427e-58,9.67937071162207e-58,9.833353704290971e-58,9.989156521963046e-58,1.0146793249492603e-57,1.0306278022988613e-57,1.0467625029799524e-57,1.0630848508449963e-57,1.079596274862362e-57,1.0962982091132693e-57,1.1131920927879589e-57,1.1302793701808079e-57,1.147561490690409e-57,1.1650399088125163e-57,1.1827160841384319e-57,1.2005914813514003e-57,1.2186675702253438e-57,1.236945825616952e-57,1.2554277274657825e-57,1.2741147607896256e-57,1.2930084156823912e-57,1.3121101873093576e-57,1.3314215759038864e-57,1.3509440867645748e-57,1.3706792302518866e-57,1.3906285217861355e-57,1.4107934818395583e-57,1.4311756359398698e-57,1.451776514660554e-57,1.4725976536216988e-57,1.4936405934839262e-57,1.5149068799468275e-57,1.536398063744968e-57,1.558115700645243e-57,1.5800613514419373e-57,1.6022365819549276e-57,1.6246429630259744e-57,1.6472820705159688e-57,1.6701554852990978e-57,1.693264793262728e-57,1.7166115853026382e-57,1.7401974573190383e-57,1.7640240102146882e-57,1.788092849890633e-57,1.8124055872437072e-57,1.8369638381619888e-57,1.8617692235228037e-57,1.8868233691875174e-57,1.9121279060021016e-57,1.937684469788059e-57,1.9634947013448856e-57,1.9895602464434174e-57,2.0158827558225492e-57,2.042463885188512e-57,2.0693052952093443e-57,2.0964086515104484e-57,2.1237756246753037e-57,2.1514078902375575e-57,2.1793071286835885e-57,2.2074750254414683e-57,2.2359132708843608e-57,2.2646235603240593e-57,2.2936075940094268e-57,2.322867077120557e-57,2.3524037197699576e-57,2.3822192369921528e-57,2.412315348749817e-57,2.442693779921798e-57,2.473356260304081e-57,2.504304524607098e-57,2.5355403124505283e-57,2.567065368361115e-57,2.598881441769174e-57,2.630990287004989e-57,2.663393663296917e-57,2.696093334765985e-57,2.7290910704251385e-57,2.7623886441742515e-57,2.795987834795643e-57,2.829890425955762e-57,2.864098206195275e-57,2.898612968932504e-57,2.933436512455012e-57,2.968570639918735e-57,3.004017159345512e-57,3.039777883617102e-57,3.0758546304753103e-57,3.1122492225154774e-57,3.148963487187199e-57,3.1859992567853734e-57,3.223358368453819e-57,3.261042664175365e-57,3.299053990776687e-57,3.337394199915383e-57,3.376065148085454e-57,3.415068696609186e-57,3.454406711632813e-57,3.494081064129582e-57,3.5340936298918823e-57,3.574446289526209e-57,3.6151409284550555e-57,3.656179436911368e-57,3.6975637099358676e-57,3.7392956473701313e-57,3.7813771538611144e-57,3.8238101388482054e-57,3.866596516572882e-57,3.909738206058907e-57,3.9532371311247543e-57,3.9970952203719663e-57,4.041314407182943e-57,4.085896629720292e-57,4.130843830922169e-57,4.176157958498188e-57,4.221840964926339e-57,4.267894807453595e-57,4.314321448088623e-57,4.3611228535990873e-57,4.4083009955079273e-57,4.455857850095631e-57,4.503795398389427e-57,4.55211562616468e-57,4.600820523942349e-57,4.6499120869838275e-57,4.6993923152853283e-57,4.749263213583166e-57,4.7995267913401347e-57,4.850185062750393e-57,4.901240046732838e-57,4.952693766926289e-57,5.0045482516923735e-57,5.0568055341053236e-57,5.109467651954835e-57,5.162536647740004e-57,5.216014568663168e-57,5.269903466634346e-57,5.324205398259899e-57,5.378922424849042e-57,5.434056612397677e-57,5.489610031598933e-57,5.545584757832919e-57,5.601982871162503e-57,5.658806456331858e-57,5.71605760276915e-57,5.77373840456996e-57,5.831850960507568e-57,5.890397374026675e-57,5.949379753229907e-57,6.008800210892046e-57,6.068660864443064e-57,6.128963835972245e-57,6.189711252219864e-57,6.250905244582305e-57,6.312547949096813e-57,6.374641506451861e-57,6.437188061976814e-57,6.500189765632163e-57,6.563648772025747e-57,6.627567240384727e-57,6.691947334577686e-57,6.756791223093518e-57,6.822101079045018e-57,6.887879080165012e-57,6.954127408803412e-57,7.020848251927167e-57,7.088043801110253e-57,7.155716252538944e-57,7.223867806999901e-57,7.292500669883956e-57,7.361617051181158e-57,7.431219165476758e-57,7.501309231952224e-57,7.571889474371656e-57,7.642962121093382e-57,7.714529405052339e-57,7.786593563771586e-57,7.859156839347793e-57,7.932221478451716e-57,8.005789732329014e-57,8.079863856787401e-57,8.154446112206997e-57,8.229538763528608e-57,8.30514408025448e-57,8.381264336433859e-57,8.45790181068395e-57,8.535058786158332e-57,8.612737550570144e-57,8.690940396168481e-57,8.769669619750109e-57,8.84892752264584e-57,8.928716410723935e-57,9.009038594384019e-57,9.089896388560457e-57,9.171292112703932e-57,9.253228090798032e-57,9.335706651341268e-57,9.418730127353027e-57,9.502300856365256e-57,9.58642118042572e-57,9.671093446084219e-57,9.756320004397565e-57,9.842103210930054e-57,9.928445425740932e-57,1.0015349013388127e-56,1.0102816342924312e-56,1.0190849787889961e-56,1.0279451726314694e-56,1.0368624540714947e-56,1.0458370618086766e-56,1.0548692349905338e-56,1.0639592132121511e-56,1.0731072365160736e-56,1.08231354539145e-56,1.0915783807751144e-56,1.1009019840487722e-56,1.1102845970420221e-56,1.119726462028559e-56,1.129227821729179e-56,1.1387889193082607e-56,1.148409998376791e-56,1.1580913029892884e-56,1.1678330776449413e-56,1.177635567287018e-56,1.1874990173023597e-56,1.1974236735220477e-56,1.2074097822199918e-56,1.2174575901118512e-56,1.2275673443569672e-56,1.2377392925571799e-56,1.247973682755732e-56,1.2582707634379595e-56,1.268630783530387e-56,1.2790539924006613e-56,1.2895406398578215e-56,1.3000909761504736e-56,1.3107052519681721e-56,1.3213837184408196e-56,1.3321266271366663e-56,1.3429342300645896e-56,1.353806779672193e-56,1.3647445288453927e-56,1.3757477309096652e-56,1.3868166396279424e-56,1.397951509200824e-56,1.4091525942676649e-56,1.4204201499038262e-56,1.4317544316230757e-56,1.44315569537452e-56,1.4546241975456355e-56,1.4661601949580081e-56,1.4777639448708901e-56,1.4894357049780873e-56,1.501175733409297e-56,1.5129842887286274e-56,1.5248616299356737e-56,1.5368080164640502e-56,1.5488237081821979e-56,1.560908965391154e-56,1.5730640488274023e-56,1.5852892196593082e-56,1.5975847394883906e-56,1.6099508703499097e-56,1.622387874710788e-56,1.6348960154703023e-56,1.6474755559601403e-56,1.6601267599424552e-56,1.672849891611923e-56,1.6856452155932474e-56,1.6985129969425784e-56,1.711453501146725e-56,1.724466994121913e-56,1.7375537422147961e-56,1.7507140122015876e-56,1.7639480712882215e-56,1.7772561871090758e-56,1.7906386277275578e-56,1.8040956616350622e-56,1.8176275577525666e-56,1.8312345854268164e-56,1.8449170144344823e-56,1.8586751149781777e-56,1.8725091576880206e-56,1.8864194136207043e-56,1.9004061542605474e-56,1.9144696515161566e-56,1.928610177723551e-56,1.9428280056441014e-56,1.9571234084642272e-56,1.9714966597956075e-56,1.9859480336752105e-56,2.0004778045641088e-56,2.0150862473472022e-56,2.0297736373346727e-56,2.0445402502590707e-56,2.059386362277093e-56,2.0743122499686616e-56,2.089318190335411e-56,2.1044044608034696e-56,2.1195713392200173e-56,2.134819103854303e-56,2.150148033397586e-56,2.165558406963163e-56,2.181050504084493e-56,2.196624604715657e-56,2.2122809892337506e-56,2.2280199384332367e-56,2.2438417335308016e-56,2.259746656162124e-56,2.2757349883813932e-56,2.291807012664379e-56,2.3079630119036998e-56,2.3242032694123506e-56,2.340528068920568e-56,2.3569376945765184e-56,2.3734324309470836e-56,2.3900125630173784e-56,2.4066783761882744e-56,2.4234301562776894e-56,2.440268189522121e-56,2.457192762572823e-56,2.4742041624978108e-56,2.4913026767809383e-56,2.5084885933219994e-56,2.5257622004361758e-56,2.543123786853684e-56,2.560573641719473e-56,2.5781120545933922e-56,2.595739315448719e-56,2.613455714674038e-56,2.6312615430706145e-56,2.649157091853474e-56,2.667142652651153e-56,2.6852185175051647e-56,2.703384978869141e-56,2.7216423296095084e-56,2.7399908630044e-56,2.758430872744912e-56,2.77696265293223e-56,2.795586498080005e-56,2.8143027031120894e-56,2.833111563362973e-56,2.8520133745788564e-56,2.8710084329150693e-56,2.8900970349366157e-56,2.909279477619702e-56,2.928556058348792e-56,2.947927074916924e-56,2.967392825527879e-56,2.9869536087922044e-56,3.006609723729847e-56,3.026361469768133e-56,3.046209146741515e-56,3.0661530548948556e-56,3.086193494877579e-56,3.1063307677458617e-56,3.1265651749645443e-56,3.14689701840385e-56,3.1673266003396153e-56,3.187854223454584e-56,3.2084801908371237e-56,3.2292048059800553e-56,3.250028372782267e-56,3.270951195546883e-56,3.291973578981769e-56,3.313095828198534e-56,3.334318248714303e-56,3.3556411464479644e-56,3.377064827724244e-56,3.3985895992684736e-56,3.4202157682110207e-56,3.441943642084238e-56,3.4637735288227406e-56,3.485705736763819e-56,3.5077405746456363e-56,3.5298783516088754e-56,3.5521193771958316e-56,3.574463961349617e-56,3.59691241441317e-56,3.6194650471310467e-56,3.6421221706489605e-56,3.6648840965105193e-56,3.6877511366606867e-56,3.7107236034434535e-56,3.7338018096020403e-56,3.756986068278811e-56,3.780276693014453e-56,3.803673997750017e-56,3.827178296821556e-56,3.8507899049649603e-56,3.8745091373140712e-56,3.89833630939837e-56,3.9222717371474657e-56,3.94631573688545e-56,3.9704686253335872e-56,3.994730719609026e-56,4.01910233722733e-56,4.043583796096706e-56,4.068175414523846e-56,4.09287751120762e-56,4.117690405245398e-56,4.142614416126788e-56,4.167649863737796e-56,4.192797068357023e-56,4.218056350657171e-56,4.243428031706738e-56,4.268912432965136e-56,4.294509876286701e-56,4.3202206839185515e-56,4.34604517849965e-56,4.371983683062852e-56,4.398036521031525e-56,4.4242040162223445e-56,4.450486492843126e-56,4.4768842754930605e-56,4.503397689162514e-56,4.530027059232798e-56,4.55677271147639e-56,4.583634972055149e-56,4.610614167522888e-56,4.63771062482002e-56,4.6649246712799105e-56,4.692256634623845e-56,4.71970684296175e-56,4.747275624794484e-56,4.77496330900863e-56,4.802770224881294e-56,4.830696702076243e-56,4.85874307064614e-56,4.8869096610303175e-56,4.915196804056446e-56,4.943604830938625e-56,4.972134073278954e-56,5.00078486306199e-56,5.029557532664789e-56,5.058452414845427e-56,5.087469842749516e-56,5.11661014990888e-56,5.145873670240196e-56,5.175260738044205e-56,5.204771688007556e-56,5.234406855201103e-56,5.264166575079541e-56,5.294051183482061e-56,5.324061016632708e-56,5.354196411135549e-56,5.3844577039819e-56,5.414845232544058e-56,5.445359334576705e-56,5.476000348218271e-56,5.506768611987654e-56,5.537664464788211e-56,5.5686882459030115e-56,5.599840294997217e-56,5.631120952116825e-56,5.662530557690801e-56,5.694069452525632e-56,5.725737977810554e-56,5.75753647511571e-56,5.789465286387699e-56,5.821524753956511e-56,5.85371522052975e-56,5.88603702919382e-56,5.918490523416821e-56,5.951076047043296e-56,5.983793944295596e-56,6.016644559775498e-56,6.049628238462234e-56,6.082745325715229e-56,6.115996167266722e-56,6.149381109230771e-56,6.182900498095198e-56,6.216554680726765e-56,6.250344004367346e-56,6.284268816634659e-56,6.318329465524425e-56,6.352526299404897e-56,6.386859667023209e-56,6.421329917500533e-56,6.45593740033134e-56,6.490682465387892e-56,6.525565462914305e-56,6.5605867435302285e-56,6.595746658229462e-56,6.631045558378533e-56,6.666483795718598e-56,6.702061722363069e-56,6.737779690799046e-56,6.773638053886919e-56,6.809637164857921e-56,6.845777377317071e-56,6.8820590452417115e-56,6.918482522979481e-56,6.955048165251306e-56,6.991756327145779e-56,7.028607364128454e-56,7.06560163202991e-56,7.102739487053837e-56,7.1400212857764795e-56,7.177447385139043e-56,7.215018142457033e-56,7.252733915414027e-56,7.290595062063206e-56,7.328601940824532e-56,7.366754910490137e-56,7.405054330219246e-56,7.443500559539352e-56,7.482093958346838e-56,7.520834886905359e-56,7.559723705846393e-56,7.598760776169066e-56,7.637946459238091e-56,7.677281116787284e-56,7.716765110916251e-56,7.756398804090418e-56,7.796182559143967e-56,7.836116739273043e-56,7.876201708040963e-56,7.916437829379918e-56,7.956825467581804e-56,7.997364987306338e-56,8.038056753579187e-56,8.078901131788309e-56,8.119898487688572e-56,8.161049187393647e-56,8.202353597387139e-56,8.24381208451071e-56,8.285425015976302e-56,8.327192759350238e-56,8.36911568257008e-56,8.411194153928736e-56,8.453428542085955e-56,8.495819216063321e-56,8.538366545243171e-56,8.58107089936822e-56,8.623932648545266e-56,8.666952163240312e-56,8.710129814283675e-56,8.753465972859087e-56,8.796961010518747e-56,8.840615299169828e-56,8.8844292110836e-56,8.928403118884846e-56,8.972537395565754e-56,9.01683241447058e-56,9.061288549307367e-56,9.10590617414118e-56,9.150685663395748e-56,9.19562739185256e-56,9.24073173465292e-56,9.285999067292296e-56,9.331429765629373e-56,9.3770242058748e-56,9.422782764599351e-56,9.468705818730789e-56,9.514793745553218e-56,9.561046922703211e-56,9.607465728179675e-56,9.6540505403351e-56,9.700801737875962e-56,9.747719699867921e-56,9.794804805727226e-56,9.842057435228365e-56,9.889477968500767e-56,9.93706678602371e-56,9.984824268638954e-56,1.0032750797535601e-55,1.0080846754258927e-55,1.012911252070925e-55,1.0177548479136133e-55,1.0226155012148484e-55,1.0274932502701061e-55,1.0323881334107367e-55,1.0373001890028002e-55,1.0422294554481735e-55,1.0471759711833596e-55,1.052139774680547e-55,1.057120904446646e-55,1.062119399023876e-55,1.0671352969896366e-55,1.0721686369564606e-55,1.0772194575714103e-55,1.0822877975173088e-55,1.0873736955116347e-55,1.09247719030696e-55,1.0975983206907085e-55,1.1027371254851472e-55,1.1078936435477814e-55,1.1130679137707572e-55,1.1182599750811197e-55,1.1234698664410052e-55,1.128697626847116e-55,1.1339432953311003e-55,1.1392069109593691e-55,1.1444885128330057e-55,1.1497881400878702e-55,1.1551058318946338e-55,1.1604416274583017e-55,1.1657955660193062e-55,1.1711676868519926e-55,1.1765580292656259e-55,1.1819666326038918e-55,1.187393536245419e-55,1.192838779603087e-55,1.1983024021244393e-55,1.2037844432913638e-55,1.2092849426205248e-55,1.2148039396625818e-55,1.2203414740032415e-55,1.2258975852620703e-55,1.2314723130934165e-55,1.2370656971859055e-55,1.2426777772622847e-55,1.2483085930798914e-55,1.2539581844303138e-55,1.259626591139747e-55,1.2653138530675579e-55,1.2710200101087e-55,1.2767451021911309e-55,1.2824891692783397e-55,1.288252251366937e-55,1.2940343884877863e-55,1.2998356207062164e-55,1.3056559881215983e-55,1.3114955308671788e-55,1.3173542891106645e-55,1.3232323030532024e-55,1.3291296129306424e-55,1.3350462590119794e-55,1.3409822816009043e-55,1.3469377210348058e-55,1.3529126176849908e-55,1.3589070119566692e-55,1.364920944288851e-55,1.3709544551544398e-55,1.3770075850604705e-55,1.3830803745474215e-55,1.3891728641893344e-55,1.3952850945949632e-55,1.4014171064058762e-55,1.4075689402974503e-55,1.4137406369792906e-55,1.4199322371944362e-55,1.4261437817193032e-55,1.432375311364374e-55,1.4386268669734199e-55,1.4448984894239609e-55,1.4511902196269706e-55,1.4575020985271255e-55,1.46383416710256e-55,1.4701864663650316e-55,1.4765590373589758e-55,1.4829519211639398e-55,1.4893651588912392e-55,1.4957987916864327e-55,1.5022528607282423e-55,1.5087274072289444e-55,1.5152224724338498e-55,1.5217380976219048e-55,1.5282743241053799e-55,1.5348311932295444e-55,1.5414087463731202e-55,1.5480070249477967e-55,1.5546260703989494e-55,1.5612659242050593e-55,1.5679266278773546e-55,1.5746082229604613e-55,1.5813107510321065e-55,1.5880342537034045e-55,1.5947787726181267e-55,1.601544349453314e-55,1.6083310259191552e-55,1.615138843758614e-55,1.6219678447479725e-55,1.6288180706959229e-55,1.635689563444649e-55,1.6425823648692654e-55,1.6494965168771066e-55,1.6564320614095707e-55,1.6633890404398183e-55,1.6703674959743914e-55,1.677367470052312e-55,1.6843890047461834e-55,1.6914321421608132e-55,1.6984969244334823e-55,1.7055833937344714e-55,1.7126915922674798e-55,1.719821562267707e-55,1.726973346003614e-55,1.7341469857760774e-55,1.7413425239195896e-55,1.7485600027998532e-55,1.7557994648160735e-55,1.7630609523994158e-55,1.7703445080140685e-55,1.777650174156859e-55,1.7849779933561975e-55,1.792328008174315e-55,1.7997002612048305e-55,1.8070947950740254e-55,1.81451165244067e-55,1.8219508759965465e-55,1.8294125084646845e-55,1.836896592601391e-55,1.844403171194812e-55,1.8519322870655165e-55,1.8594839830665075e-55,1.8670583020827576e-55,1.8746552870315256e-55,1.882274980863029e-55,1.8899174265584194e-55,1.8975826671319594e-55,1.9052707456297883e-55,1.9129817051303e-55,1.920715588743563e-55,1.9284724396127636e-55,1.9362523009117592e-55,1.9440552158478852e-55,1.951881227659197e-55,1.9597303796166393e-55,1.967602715022908e-55,1.975498277212729e-55,1.983417109552482e-55,1.9913592554409245e-55,1.999324758308433e-55,2.0073136616172217e-55,2.0153260088615826e-55,2.023361843567294e-55,2.0314212092920496e-55,2.0395041496264465e-55,2.0476107081910013e-55,2.055740928639338e-55,2.0638948546564557e-55,2.0720725299586303e-55,2.0802739982944714e-55,2.088499303444291e-55,2.0967484892189265e-55,2.1050215994626302e-55,2.1133186780501143e-55,2.1216397688873857e-55,2.1299849159130208e-55,2.1383541630964026e-55,2.1467475544389808e-55,2.1551651339731415e-55,2.163606945763444e-55,2.1720730339053187e-55,2.1805634425256865e-55,2.189078215783434e-55,2.1976173978683265e-55,2.2061810330018025e-55,2.214769165436192e-55,2.2233818394560367e-55,2.2320190993767828e-55,2.2406809895443666e-55,2.249367554336925e-55,2.2580788381639112e-55,2.1454184904163407e-33,9.381931220753138e-33,2.3483606693562423e-32,4.554784241237652e-32,7.627317786673654e-32,1.1613629541727505e-31,1.6550222808716386e-31,2.246911128191463e-31,2.9401738263486137e-31,3.738118371769108e-31,4.644333237575277e-31,5.662743087055556e-31,6.797630173831318e-31,8.053637866215195e-31,9.43576612780318e-31,1.0949364629163163e-30,1.2600126596003852e-30,1.4394084948154073e-30,1.6337611377479132e-30,1.8437418508343104e-30,2.0700565024745685e-30,2.3134463534146396e-30,2.5746890906728002e-30,2.8546000842001606e-30,3.1540338449163393e-30,3.4738856670140666e-30,3.815093441744702e-30,4.178639633916104e-30,4.565553415897161e-30,4.976912957000219e-30,5.4138478687428374e-30,5.877541808697237e-30,6.36923524755147e-30,6.890228405634191e-30,7.441884366608386e-30,8.025632377324875e-30,8.642971344062699e-30,9.29547353649518e-30,9.9847885118718e-30,1.0712647273015622e-29,1.1480866674890129e-29,1.2291354095666605e-29,1.3146112389473272e-29,1.4047245139318658e-29,1.4996962230079965e-29,1.5997585762943714e-29,1.7051556334287079e-29,1.8161439703718068e-29,1.9329933877845964e-29,2.0559876638365664e-29,2.1854253545208105e-29,2.3216206447847662e-29,2.4649042540393302e-29,2.615624399888461e-29,2.774147824209838e-29,2.9408608860484114e-29,3.116170726138976e-29,3.3005065082408715e-29,3.494320742894485e-29,3.6980906996544695e-29,3.912319914344411e-29,4.137539798410613e-29,4.3743113580300116e-29,4.62322703126788e-29,4.8849126522576397e-29,5.16002955213704e-29,5.449276807290342e-29,5.753393646348642e-29,6.073162028371094e-29,6.409409405698498e-29,6.763011686182287e-29,7.134896410707715e-29,7.526046163398667e-29,7.937502233403312e-29,8.37036854886488e-29,8.82581590553798e-29,9.30508651455471e-29,9.8094988960934e-29,1.0340453148179545e-28,1.0899436622562531e-28,1.1488030042625894e-28,1.2107914101594757e-28,1.2760876582958626e-28,1.3448820049070073e-28,1.4173770148343947e-28,1.4937884596414188e-28,1.5743462892095578e-28,1.6592956835046708e-28,1.748898191876492e-28,1.8434329680013105e-28,1.943198109408758e-28,2.0485121114565156e-28,2.159715446644922e-28,2.2771722813105216e-28,2.4012723430149e-28,2.5324329533727303e-28,2.6711012426584635e-28,2.8177565643190617e-28,2.972913129510521e-28,3.1371228840307743e-28,3.310978652525667e-28,3.495117577678728e-28,3.6902248852718994e-28,3.8970380095870732e-28,4.116351117655225e-28,4.349020075416739e-28,4.595967904010015e-28,4.858190780228706e-28,5.136764641795776e-28,5.432852465589849e-28,5.747712295468198e-28,6.082706106014989e-28,6.4393095995533805e-28,6.819123046341167e-28,7.2238832922345585e-28,7.655477074513069e-28,8.115955805386706e-28,8.607552004296469e-28,9.132697584921114e-28,9.69404423134137e-28,1.0294486130743991e-27,1.0937185368031609e-27,1.16256003316858e-27,1.2363517531133077e-27,1.315508728500943e-27,1.4004863808466794e-27,1.4917850307765602e-27,1.5899549783907368e-27,1.695602235644703e-27,1.8093950046789085e-27,1.9320710110841188e-27,2.0644458188105083e-27,2.207422274323149e-27,2.3620012523261423e-27,2.5292939046440833e-27,2.7105356486354663e-27,2.9071021729103397e-27,3.120527787555956e-27,3.352526505215691e-27,3.6050163103419145e-27,3.8801471593353725e-27,4.180333357325006e-27,4.508291082019147e-27,4.867081976408578e-27,5.260163916340844e-27,5.691450284028061e-27,6.165379354319056e-27,6.686995739624603e-27,7.26204625775216e-27,7.897093105009271e-27,8.599647860905261e-27,9.37833065439567e-27,1.02430598283837e-26,1.1205278705809768e-26,1.2278227661061114e-26,1.347727173149339e-26,1.4820296593678886e-26,1.632818904700769e-26,1.8025422419536466e-26,1.994077284071627e-26,2.2108199521349432e-26,2.4567931598143244e-26,2.73678164953678e-26,3.056500117244391e-26,3.422803950553699e-26,3.843954840608039e-26,4.329957493715622e-26,4.892989065511013e-26,5.547950339911446e-26,6.313177901499822e-26,7.211370800958655e-26,8.270805246153366e-26,9.526939270667186e-26,1.1024550036266035e-25,1.2820605318558475e-25,1.4283396120189857e-25,1.428339612019593e-25,1.4283396120204273e-25,1.4283396120241182e-25,1.677683319642933e-25,1.9830810979442556e-25,2.359152601332478e-25,2.8257188661218014e-25,3.4095318920143105e-25,4.1469496233429055e-25,5.0879281149455065e-25,6.301990410834034e-25,7.887262224133449e-25,9.984374258503501e-25,1.2798251917580318e-24,1.6632972038380047e-24,2.194879926287191e-24,2.9457901301333815e-24,4.0289599358235495e-24,5.6282064125820444e-24,8.053830900771333e-24,1.1846031524301744e-23,1.7988474010263298e-23,2.8365136000750516e-23,4.6841885293517726e-23,8.242351937696811e-23,1.641326691798017e-22,4.786609978418319e-22,3.453786704821839e-21,3.7954843136537266e-21,7.004410431138291e-20,1.5843013269878172e-18,3.898510070078303e-17,9.38991858667309e-16,1.9446541133532176e-14,3.022262234399986e-13,4.97493059163043e-13,5.914357837272119e-12,3.557242347084919e-11,1.3530028441003761e-10,3.5985460893445955e-10,7.2626697652091e-10,1.1926417059323812e-09,1.6878189842091752e-09,2.1532320910276292e-09,2.5602466831470746e-09,2.9043913092260158e-09,3.193122659947919e-09,3.4369571587547973e-09,3.6453621027930363e-09,3.82563828179669e-09,3.983079366423027e-09,4.121471799798146e-09,4.2435670218568075e-09,4.351432170578876e-09,4.4466855276983354e-09,4.530647107870988e-09,4.604432927292874e-09,4.6690137378455096e-09,4.72525188478526e-09,4.773924815719395e-09,4.815740431920534e-09,4.851347410846747e-09,4.8813423892765074e-09,4.906275159986373e-09,4.926652597996522e-09,4.942941770125326e-09,4.955572520870845e-09,4.964939726029275e-09,4.9714053391491064e-09,4.9753003111672125e-09,4.976926432684281e-09,4.976558126989397e-09,4.974444207076133e-09,4.970809600048e-09,4.965857036046022e-09,4.959768695240625e-09,4.952707804754165e-09,4.944820177261681e-09,4.9362356835283295e-09,4.927069652465568e-09,4.917424193772057e-09,4.907389439800231e-09,4.897044704967692e-09,4.886459562306221e-09,4.875694838106339e-09,4.864803526660297e-09,4.85383162791104e-09,4.842818911445867e-09,4.8317996108207546e-09,4.820803052367538e-09,4.80985422291287e-09,4.798974280857395e-09,4.78818101499383e-09,4.777489255397361e-09,4.766911240460598e-09,4.75645694408386e-09,4.746134366678595e-09,4.735949793470501e-09,4.725908023341443e-09,4.716012571159954e-09,4.706265846371106e-09,4.6966693103147895e-09,4.6872236145785076e-09,4.677928722431011e-09,4.668784015235368e-09,4.659788385474955e-09,4.650940317998068e-09,4.64223796070703e-09,4.6336791861149915e-09,4.62526164458929e-09,4.616982810530464e-09,4.608840022142455e-09,4.600830515672105e-09,4.592951454765684e-09,4.5851999555504806e-09,4.577573107975851e-09,4.5700679938925185e-09,4.562681702287037e-09,4.5554113420289846e-09,4.5482540524742944e-09,4.541207012187109e-09,4.534267446063182e-09,4.527432631033931e-09,4.520699900585913e-09,4.5140666482307885e-09,4.507530330099844e-09,4.501088466775516e-09,4.494738644476877e-09,4.488478515704922e-09,4.4823057994250846e-09,4.476218280853428e-09,4.4702138109451025e-09,4.46429030559113e-09,4.458445744619649e-09,4.452678170596316e-09,4.446985687513224e-09,4.441366459344668e-09,4.4358187085371385e-09,4.430340714433888e-09,4.424930811645836e-09,4.419587388419581e-09,4.414308884976036e-09,4.4090937918588e-09,4.403940648288325e-09,4.3988480405354166e-09,4.393814600313022e-09,4.388839003215657e-09,4.383919967159183e-09,4.379056250897154e-09,4.374246652538301e-09,4.369490008128416e-09,4.364785190283125e-09,4.3601311068321705e-09,4.3555266995267625e-09,4.3509709427962844e-09,4.346462842533845e-09,4.3420014349418e-09,4.337585785393903e-09,4.333214987367693e-09,4.328888161400749e-09,4.324604454086983e-09,4.320363037121663e-09,4.3161631063674216e-09,4.312003880985149e-09,4.307884602557855e-09,4.303804534287955e-09,4.299762960205365e-09,4.295759184414279e-09,4.291792530371869e-09,4.287862340193318e-09,4.283967973980836e-09,4.280108809189345e-09,4.276284240010891e-09,4.272493676787154e-09,4.268736545444779e-09,4.265012286951602e-09,4.261320356798185e-09,4.257660224499486e-09,4.2540313731146255e-09,4.2504332987878164e-09,4.246865510307982e-09,4.243327528683449e-09,4.239818886735526e-09,4.236339128709542e-09,4.232887809898977e-09,4.229464496282589e-09,4.2260687641813876e-09,4.222700199924274e-09,4.219358399528688e-09,4.216042968392446e-09,4.212753520997986e-09,4.209489680633023e-09,4.20625107910415e-09,4.203037356495169e-09,4.199848160890497e-09,4.196683148148272e-09,4.193541981650814e-09,4.190424332100831e-09,4.187329877284211e-09,4.184258301859917e-09,4.181209297184233e-09,4.1781825610834804e-09,4.1751777976842e-09,4.172194717229249e-09,4.169233035906173e-09,4.16629247567205e-09,4.163372764100282e-09,4.1604736342157074e-09,4.157594824350319e-09,4.154736077994727e-09,4.151897143656787e-09,4.149077774734386e-09,4.146277729359702e-09,4.1434967703064906e-09,4.1407346648405155e-09,4.1379911846158965e-09,4.135266105552787e-09,4.1325592077326264e-09,4.129870275287003e-09,4.127199096292852e-09,4.124545462685245e-09,4.121909170137765e-09,4.119290017985412e-09,4.116687809140383e-09,4.114102349964777e-09,4.111533450233774e-09,4.108980923044893e-09,4.106444584707039e-09,4.103924254685709e-09,4.101419755527978e-09,4.098930912785901e-09,4.0964575549421976e-09,4.0939995133483186e-09,4.091556622157683e-09,4.08912871826067e-09,4.086715641213109e-09,4.084317233184822e-09,4.081933338902773e-09,4.079563805582953e-09,4.077208482898421e-09,4.074867222889057e-09,4.072539879937861e-09,4.070226310703152e-09,4.0679263740901846e-09,4.06563993117871e-09,4.063366845184048e-09,4.0611069814316135e-09,4.058860207277142e-09,4.056626392094383e-09,4.0544054072133215e-09,4.052197125890401e-09,4.050001423262832e-09,4.047818176314026e-09,4.045647263838524e-09,4.0434885663969924e-09,4.041341966280516e-09,4.039207347495428e-09,4.037084595703517e-09,4.034973598193897e-09,4.032874243872514e-09,4.030786423206412e-09,4.028710028203561e-09,4.026644952382973e-09,4.024591090742214e-09,4.0225483397305e-09,4.020516597226849e-09,4.018495762508695e-09,4.016485736222292e-09,4.014486420359324e-09,4.012497718236881e-09,4.010519534463228e-09,4.008551774924729e-09,4.006594346757375e-09,4.0046471583145335e-09,4.002710119175987e-09,4.0007831400798645e-09,3.998866132950538e-09,3.996959010838514e-09,3.9950616879157525e-09,3.993174079452481e-09,3.991296101825024e-09,3.989427672450396e-09,3.987568709792456e-09,3.9857191333469765e-09,3.983878863620484e-09,3.982047822114746e-09,3.980225931294451e-09,3.978413114591025e-09,3.976609296383813e-09,3.974814401971445e-09,3.973028357569957e-09,3.97125109028344e-09,3.969482528105222e-09,3.9677225998915595e-09,3.965971235357551e-09,3.964228365052342e-09,3.962493920352346e-09,3.960767833443647e-09,3.959050037321802e-09,3.957340465752705e-09,3.955639053288814e-09,3.95394573524331e-09,3.952260447668862e-09,3.950583127367033e-09,3.948913711864278e-09,3.9472521393990144e-09,3.945598348917497e-09,3.9439522800533346e-09,3.9423138731310965e-09,3.940683069143946e-09,3.939059809743327e-09,3.9374440372425084e-09,3.935835694577969e-09,3.934234725344131e-09,3.9326410737356426e-09,3.931054684583094e-09,3.929475503302214e-09,3.927903475913473e-09,3.926338549027709e-09,3.9247806698269195e-09,3.923229786064233e-09,3.921685846061719e-09,3.9201487986875125e-09,3.918618593358112e-09,3.917095180027477e-09,3.91557850918181e-09,3.914068531825325e-09,3.912565199482205e-09,3.911068464183909e-09,3.909578278459541e-09,3.908094595332867e-09,3.9066173683205404e-09,3.905146551412069e-09,3.9036820990662075e-09,3.902223966225464e-09,3.900772108279947e-09,3.899326481075141e-09,3.89788704090759e-09,3.896453744511619e-09,3.895026549063714e-09,3.893605412165154e-09,3.89219029184324e-09,3.890781146543143e-09,3.889377935126038e-09,3.887980616856051e-09,3.886589151402041e-09,3.885203498829557e-09,3.883823619595102e-09,3.882449474541821e-09,3.881081024894081e-09,3.879718232252865e-09,3.87836105859132e-09,3.877009466248223e-09,3.875663417924217e-09,3.874322876678354e-09,3.8729878059218625e-09,3.871658169413681e-09,3.870333931258597e-09,3.869015055898578e-09,3.867701508107587e-09,3.866393252998652e-09,3.865090256010042e-09,3.8637924828947254e-09,3.862499899735261e-09,3.861212472919084e-09,3.85993016915345e-09,3.858652955444746e-09,3.857380799107663e-09,3.856113667754489e-09,3.854851529294412e-09,3.853594351924105e-09,3.852342104134619e-09,3.851094754702768e-09,3.849852272682814e-09,3.848614627410902e-09,3.84738178849579e-09,3.846153725817977e-09,3.8449304095309305e-09,3.8437118100481876e-09,3.842497898047069e-09,3.84128864446482e-09,3.840084020493141e-09,3.838883997578767e-09,3.837688547416726e-09,3.836497641949544e-09,3.835311253366104e-09,3.834129354094745e-09,3.832951916798456e-09,3.8317789143881e-09,3.8306103199952884e-09,3.829446106988641e-09,3.828286248961915e-09,3.82713071973675e-09,3.825979493354831e-09,3.824832544081279e-09,3.823689846394393e-09,3.822551374987782e-09,3.8214171047791085e-09,3.820287010884126e-09,3.819161068629863e-09,3.818039253550774e-09,3.816921541380674e-09,3.815807908061271e-09,3.814698329732622e-09,3.81359278272264e-09,3.812491243567315e-09,3.8113936889859875e-09,3.810300095890059e-09,3.809210441381133e-09,3.8081247027461074e-09,3.807042857454116e-09,3.805964883158739e-09,3.8048907577023815e-09,3.803820459093268e-09,3.802753965519832e-09,3.8016912553475985e-09,3.800632307115907e-09,3.799577099525063e-09,3.798525611457292e-09,3.797477821956433e-09,3.796433710234014e-09,3.7953932556635235e-09,3.794356437781596e-09,3.793323236284861e-09,3.7922936310299025e-09,3.79126760202954e-09,3.7902451294518814e-09,3.789226193617875e-09,3.788210775006134e-09,3.787198854239714e-09,3.7861904120972926e-09,3.785185429497523e-09,3.7841838875104074e-09,3.7831857673501675e-09,3.78219105037434e-09,3.7811997180830095e-09,3.780211752114399e-09,3.779227134246745e-09,3.778245846396204e-09,3.777267870614512e-09,3.776293189089087e-09,3.775321784140493e-09,3.774353638221529e-09,3.773388733916668e-09,3.772427053937379e-09,3.771468581126256e-09,3.770513298452286e-09,3.7695611890097135e-09,3.768612236017861e-09,3.767666422818431e-09,3.766723732876836e-09,3.765784149779438e-09,3.7648476572312265e-09,3.763914239052893e-09,3.762983879191147e-09,3.762056561701441e-09,3.761132270757169e-09,3.760210990646227e-09,3.759292705769335e-09,3.758377400637904e-09,3.757465059872749e-09,3.75655566821376e-09,3.755649210493019e-09,3.7547456716741375e-09,3.753845036807089e-09,3.752947291055027e-09,3.752052419684951e-09,3.751160408067591e-09,3.750271241677287e-09,3.749384906090543e-09,3.7485013869849434e-09,3.747620670136058e-09,3.746742741420992e-09,3.745867586812231e-09,3.744995192385039e-09,3.744125544302729e-09,3.7432586288331005e-09,3.742394432335076e-09,3.741532941259055e-09,3.740674142149036e-09,3.739818021643488e-09,3.7389645664736285e-09,3.738113763451899e-09,3.737265599489665e-09,3.736420061584231e-09,3.735577136820609e-09,3.7347368123725214e-09,3.733899075497002e-09,3.733063913540909e-09,3.732231313932249e-09,3.731401264187587e-09,3.730573751897325e-09,3.7297487647520394e-09,3.728926290507826e-09,3.7281063170087925e-09,3.7272888321803346e-09,3.726473824020372e-09,3.7256612806210725e-09,3.724851190136719e-09,3.7240435408073733e-09,3.7232383209490008e-09,3.7224355189562624e-09,3.72163512329289e-09,3.720837122510008e-09,3.720041505222004e-09,3.719248260120728e-09,3.7184573759676094e-09,3.7176688416054275e-09,3.7168826459450243e-09,3.7160987779647994e-09,3.7153172267162714e-09,3.714537981321875e-09,3.713761030974587e-09,3.712986364932889e-09,3.7122139725262303e-09,3.711443843149194e-09,3.7106759662703294e-09,3.7099103314144856e-09,3.7091469281875087e-09,3.7083857462467033e-09,3.707626775319661e-09,3.706870005197799e-09,3.706115425739409e-09,3.7053630268601855e-09,3.704612798547696e-09,3.7038647308438684e-09,3.7031188138567662e-09,3.702375037754009e-09,3.701633392764924e-09,3.700893869177016e-09,3.7001564573423656e-09,3.6994211476661794e-09,3.698687930622013e-09,3.6979567967331893e-09,3.69722773658397e-09,3.6965007408154712e-09,3.695775800127631e-09,3.695052905275813e-09,3.694332047073682e-09,3.6936132163832085e-09,3.6928964041308953e-09,3.6921816012912435e-09,3.6914687989014577e-09,3.69075798804489e-09,3.6900491598613625e-09,3.6893423055418387e-09,3.6886374163320866e-09,3.6879344835298185e-09,3.6872334984848406e-09,3.6865344525985786e-09,3.6858373373202114e-09,3.685142144156849e-09,3.6844488646586993e-09,3.683757490428762e-09,3.68306801311879e-09,3.682380424430899e-09,3.6816947161173146e-09,3.681010879973113e-09,3.6803289078465463e-09,3.6796487916314483e-09,3.678970523269308e-09,3.678294094748597e-09,3.6776194981047677e-09,3.6769467254160896e-09,3.6762757688123705e-09,3.675606620466406e-09,3.6749392725948114e-09,3.6742737174601237e-09,3.6736099473692663e-09,3.672947954672693e-09,3.6722877317657775e-09,3.6716292710859094e-09,3.6709725651158805e-09,3.670317606379043e-09,3.669664387442193e-09,3.669012900914244e-09,3.6683631394471673e-09,3.667715095732379e-09,3.667068762505948e-09,3.6664241325379546e-09,3.665781198646355e-09,3.665139953686777e-09,3.6645003905579745e-09,3.663862502189282e-09,3.663226281558188e-09,3.662591721680109e-09,3.661958815606587e-09,3.661327556429951e-09,3.6606979372804654e-09,3.6600699513263036e-09,3.6594435917727527e-09,3.6588188518633782e-09,3.658195724879836e-09,3.6575742041405017e-09,3.656954282996836e-09,3.656335954840964e-09,3.6557192130996015e-09,3.655104051236501e-09,3.6544904627501582e-09,3.6538784411739065e-09,3.6532679800778946e-09,3.6526590730648037e-09,3.6520517137704906e-09,3.6514458958756148e-09,3.650841613083703e-09,3.650238859135993e-09,3.649637627808389e-09,3.649037912909148e-09,3.6484397082802874e-09,3.6478430077939466e-09,3.647247805359384e-09,3.646654094916439e-09,3.6460618704383643e-09,3.6454711259280005e-09,3.644881855421938e-09,3.644294052986941e-09,3.643707712727445e-09,3.6431228287708424e-09,3.642539395278792e-09,3.6419574064442843e-09,3.641376856489677e-09,3.6407977396681334e-09,3.640220050263201e-09,3.639643782586125e-09,3.639068930984765e-09,3.6384954898298797e-09,3.6379234535226624e-09,3.6373528164918896e-09,3.636783573203965e-09,3.636215718144963e-09,3.6356492458323023e-09,3.6350841508114765e-09,3.634520427655969e-09,3.633958070969029e-09,3.6333970753803403e-09,3.632837435546266e-09,3.632279146151437e-09,3.6317222019101336e-09,3.6311665975603633e-09,3.6306123278682943e-09,3.6300593876264935e-09,3.629507771654511e-09,3.6289574747975946e-09,3.6284084919281886e-09,3.6278608179382604e-09,3.62731444776143e-09,3.6267693763434556e-09,3.6262255986571228e-09,3.625683109705338e-09,3.6251419045123045e-09,3.6246019781277795e-09,3.6240633256271247e-09,3.6235259421107684e-09,3.622989822703683e-09,3.622454962552923e-09,3.6219213568329625e-09,3.6213890007394942e-09,3.6208578894946817e-09,3.620328018341068e-09,3.619799382549558e-09,3.619271977410489e-09,3.6187457982375214e-09,3.618220840371786e-09,3.6176970991728024e-09,3.617174570025118e-09,3.6166532483339847e-09,3.6161331295296176e-09,3.6156142090629496e-09,3.6150964824091624e-09,3.614579945062161e-09,3.6140645925426186e-09,3.6135504203844173e-09,3.6130374241562904e-09,3.6125255994376338e-09,3.6120149418334776e-09,3.6115054469697544e-09,3.6109971104943353e-09,3.6104899280737076e-09,3.6099838953971555e-09,3.609479008174914e-09,3.608975262136632e-09,3.60847265303349e-09,3.6079711766367244e-09,3.6074708287379378e-09,3.60697160514813e-09,3.6064735017003923e-09,3.6059765142437835e-09,3.6054806386534097e-09,3.60498587081689e-09,3.604492206647034e-09,3.603999642072655e-09,3.603508173044855e-09,3.60301779552686e-09,3.6025285055103967e-09,3.6020402990007193e-09,3.6015531720234977e-09,3.601067120622249e-09,3.6005821408599725e-09,3.6000982288168577e-09,3.599615380592281e-09,3.599133592304489e-09,3.598652860087603e-09,3.598173180097479e-09,3.5976945485070143e-09,3.597216961501812e-09,3.5967404152900703e-09,3.5962649060963754e-09,3.595790430166748e-09,3.5953169837580206e-09,3.594844563148091e-09,3.5943731646319086e-09,3.5939027845207097e-09,3.5934334191404808e-09,3.5929650648366646e-09,3.5924977179721894e-09,3.5920313749302638e-09,3.5915660321024575e-09,3.591101685900159e-09,3.590638332754012e-09,3.5901759691052327e-09,3.5897145914170112e-09,3.589254196165352e-09,3.588794779841937e-09,3.5883363389577908e-09,3.5878788700355493e-09,3.5874223696176887e-09,3.5869668342595635e-09,3.5865122605326414e-09,3.5860586450239936e-09,3.585605984336102e-09,3.5851542996605626e-09,3.5847035568673483e-09,3.584253742929475e-09,3.5838048682482308e-09,3.5833569313337796e-09,3.582909929126596e-09,3.582463858371292e-09,3.582018715796561e-09,3.5815744981401004e-09,3.581131202153457e-09,3.5806888246020703e-09,3.5802473622677377e-09,3.579806811944588e-09,3.5793671704417486e-09,3.5789284345823093e-09,3.5784906012024707e-09,3.5780536671536323e-09,3.5776176293000996e-09,3.577182484520734e-09,3.576748229707917e-09,3.5763148617667455e-09,3.5758823776167133e-09,3.5754507741947115e-09,3.575020048444189e-09,3.5745901973255735e-09,3.5741612178109733e-09,3.573733106886887e-09,3.5733058615529316e-09,3.5728794788189246e-09,3.572453955714976e-09,3.5720292892780633e-09,3.5716054765578347e-09,3.571182514617964e-09,3.5707604005352974e-09,3.570339131400121e-09,3.5699187043132378e-09,3.569499116388817e-09,3.5690803647541687e-09,3.5686624465471656e-09,3.5682453589198125e-09,3.56782909903491e-09,3.5674136640686863e-09,3.566999051208475e-09,3.5665852576544944e-09,3.5661722806173527e-09,3.5657601173210242e-09,3.565348765001384e-09,3.5649382209036955e-09,3.564528482289114e-09,3.564119546425962e-09,3.563711410597182e-09,3.5633040720963193e-09,3.5628975282260815e-09,3.5624917763072886e-09,3.5620868136640463e-09,3.5616826376383603e-09,3.5612792455757485e-09,3.5608766348392683e-09,3.560474802800997e-09,3.5600737468449843e-09,3.559673464365165e-09,3.5592739527662283e-09,3.5588752094645846e-09,3.5584772318863678e-09,3.5580800174701565e-09,3.5576835636634744e-09,3.5572878679255345e-09,3.5568929277249706e-09,3.5564987405416735e-09,3.5561053038669968e-09,3.5557126152001356e-09,3.555320672052358e-09,3.55492947194617e-09,3.5545390124121624e-09,3.554149290991917e-09,3.5537603052384286e-09,3.553372052713962e-09,3.5529845309871524e-09,3.552597737641952e-09,3.552211670270464e-09,3.5518263264737002e-09,3.5514417038656516e-09,3.5510578000640656e-09,3.55067461270182e-09,3.550292139415805e-09,3.549910377861857e-09,3.5495293256973133e-09,3.5491489805919576e-09,3.5487693402214548e-09,3.548390402279267e-09,3.548012164461009e-09,3.5476346244738857e-09,3.5472577800327564e-09,3.546881628864146e-09,3.440155751398541e-09,3.3905165708378887e-09,3.369744438114451e-09,3.363458134347373e-09,3.364374066368658e-09,3.3688076497038703e-09,3.3748973864225156e-09,3.3817046719748767e-09,3.3887579033063873e-09,3.3958217119126764e-09,3.402780185270882e-09,3.409577781650932e-09,3.416189438552803e-09,3.4226054513202165e-09,3.4288238238199108e-09,3.4348463988658643e-09,3.4406769006405964e-09,3.446319944253451e-09,3.4517805345829126e-09,3.457063812745796e-09,3.462174927864901e-09,3.4671189723752947e-09,3.4719009495740072e-09,3.4765257575465963e-09,3.4809981815185163e-09,3.4853228905424754e-09,3.4895044364297556e-09,3.4935472539371743e-09,3.4974556615819165e-09,3.5012338629367982e-09,3.504885948090384e-09,3.508415895335579e-09,3.5118275729311108e-09,3.5151247410036288e-09,3.518311053488832e-09,3.5213900601130696e-09,3.5243652084805154e-09,3.527239846139663e-09,3.530017222676857e-09,3.532700491892147e-09,3.5352927139035455e-09,3.5377968572677666e-09,3.5402158012167106e-09,3.5425523377104646e-09,3.5448091736187106e-09,3.5469889328323483e-09,3.549094158371943e-09,3.5511273144636756e-09,3.5530907885937208e-09,3.5549868935665877e-09,3.5568178695054675e-09,3.5585858858227374e-09,3.560293043175862e-09,3.561941375385015e-09,3.5635328513151453e-09,3.565069376722706e-09,3.5665527960640123e-09,3.567984894274947e-09,3.56936739850719e-09,3.5707019798285654e-09,3.571990254893586e-09,3.573233787558953e-09,3.574434090480214e-09,3.575592626650385e-09,3.57671081092835e-09,3.57779001150494e-09,3.5788315513402524e-09,3.579836709566641e-09,3.580806722852874e-09,3.5817427867329223e-09,3.5826460568967935e-09,3.5835176504545206e-09,3.584358647147877e-09,3.5851700905523868e-09,3.585952989215687e-09,3.5867083178145573e-09,3.5874370181968353e-09,3.588140000481046e-09,3.5888181440645484e-09,3.5894722986325992e-09,3.590103285114982e-09,3.590711896633799e-09,3.591298899412692e-09,3.591865033662821e-09,3.592411014436013e-09,3.5929375324531267e-09,3.593445254918208e-09,3.5939348262888583e-09,3.594406869038752e-09,3.594861984385959e-09,3.5953007530034366e-09,3.5957237357045654e-09,3.5961314741103347e-09,3.5965244912917627e-09,3.5969032923929804e-09,3.5972683652343043e-09,3.5976201808993035e-09,3.597959194290568e-09,3.598285844688249e-09,3.5986005562728416e-09,3.598903738635334e-09,3.599195787276126e-09,3.599477084081447e-09,3.5997479977855625e-09,3.600008884420724e-09,3.600260087749878e-09,3.6005019396802964e-09,3.600734760679439e-09,3.600958860152826e-09,3.6011745368308563e-09,3.601382079131965e-09,3.6015817655170464e-09,3.601773864826207e-09,3.6019586366172904e-09,3.6021363314773414e-09,3.602307191335191e-09,3.602471449756957e-09,3.6026293322348436e-09,3.6027810564636466e-09,3.602926832614465e-09,3.6030668635858095e-09,3.603201345260774e-09,3.6033304667481558e-09,3.6034544106143e-09,3.6035733531107682e-09,3.603687464392165e-09,3.6037969087264694e-09,3.6039018447004156e-09,3.604002425413025e-09,3.604098798668196e-09,3.6041911071566464e-09,3.6042794886344864e-09,3.604364076093113e-09,3.6044449979207272e-09,3.6045223780739212e-09,3.604596336215507e-09,3.6046669878745956e-09,3.60473444458548e-09,3.604798814027497e-09,3.6048602001591363e-09,3.6049187033463323e-09,3.6049744204879895e-09,3.6050274451361246e-09,3.605077867611915e-09,3.6051257751182296e-09,3.6051712518479333e-09,3.605214379088301e-09,3.605255235322379e-09,3.6052938963262838e-09,3.605330435263311e-09,3.605364922774785e-09,3.605397427067487e-09,3.605428013999035e-09,3.6054567471586613e-09,3.6054836879466965e-09,3.6055088956505346e-09,3.605532427518302e-09,3.6055543388294047e-09,3.6055746829633627e-09,3.6055935114655563e-09,3.6056108741114717e-09,3.6056268189677998e-09,3.605641392451973e-09,3.605654639389886e-09,3.6056666030705686e-09,3.6056773253004827e-09,3.6056868464543416e-09,3.605695205525119e-09,3.6057024401720496e-09,3.605708586767456e-09,3.605713680440753e-09,3.6057177551218733e-09,3.6057208435835886e-09,3.605722977480849e-09,3.6057241873898577e-09,3.605724502845952e-09,3.6057239523791926e-09,3.6057225635498374e-09,3.605720362981337e-09,3.6057173763935924e-09,3.6057136286338564e-09,3.6057091437071454e-09,3.605703944805071e-09,3.6056980543348903e-09,3.6056914939459878e-09,3.6056842845565144e-09,3.6056764463791087e-09,3.6056679989437737e-09,3.6056589611235917e-09,3.6056493511556913e-09,3.6056391866649222e-09,3.6056284846835135e-09,3.605617261672562e-09,3.6056055335417844e-09,3.605593315667863e-09,3.605580622913554e-09,3.605567469644614e-09,3.605553869749364e-09,3.605539836651608e-09,3.60552538332869e-09,3.605510522327108e-09,3.605495265777137e-09,3.605479625406239e-09,3.6054636125543935e-09,3.6054472381862236e-09,3.605430512905049e-09,3.60541344696418e-09,3.6053960502795556e-09,3.605378332441696e-09,3.6053603027257803e-09,3.6053419701037493e-09,3.6053233432540017e-09,3.605304430574004e-09,3.6052852401823528e-09,3.6052657799354908e-09,3.605246057436689e-09,3.6052260800415396e-09,3.605205854867888e-09,3.6051853888033885e-09,3.6051646885136954e-09,3.605143760450528e-09,3.6051226108579094e-09,3.6051012457799837e-09,3.6050796710678096e-09,3.6050578923858373e-09,3.605035915218036e-09,3.605013744874102e-09,3.6049913864973436e-09,3.604968845065683e-09,3.6049461253995506e-09,3.6049232321712272e-09,3.6049001699038836e-09,3.6048769429797656e-09,3.6048535556447706e-09,3.6048300120119838e-09,3.6048063160669785e-09,3.6047824716713243e-09,3.6047584825683835e-09,3.6047343523879674e-09,3.6047100846441857e-09,3.604685682742688e-09,3.6046611499880024e-09,3.6046364895889218e-09,3.6046117046500733e-09,3.6045867981820072e-09,3.6045617731103456e-09,3.604536632267584e-09,3.6045113784048247e-09,3.6044860141866254e-09,3.6044605422021886e-09,3.6044349649632097e-09,3.6044092849049557e-09,3.6043835043962294e-09,3.6043576257331697e-09,3.604331651140934e-09,3.604305582786655e-09,3.60427942277128e-09,3.604253173135927e-09,3.604226835863373e-09,3.604200412876928e-09,3.604173906049602e-09,3.604147317199939e-09,3.604120648092509e-09,3.604093900444156e-09,3.604067075923308e-09,3.604040176151781e-09,3.6040132027066272e-09,3.603986157122133e-09,3.603959040887845e-09,3.6039318554538708e-09,3.6039046022330586e-09,3.6038772825961167e-09,3.603849897879785e-09,3.6038224493836628e-09,3.6037949383702107e-09,3.6037673660747463e-09,3.6037397336936287e-09,3.6037120423936962e-09,3.603684293314122e-09,3.6036564875599614e-09,3.603628626211348e-09,3.6036007103160094e-09,3.6035727409028408e-09,3.6035447189668168e-09,3.603516645481036e-09,3.603488521393485e-09,3.6034603476286882e-09,3.6034321250861344e-09,3.6034038546488677e-09,3.6033755371723335e-09,3.603347173493047e-09,3.6033187644279973e-09,3.603290310773593e-09,3.6032618133070526e-09,3.6032332727877365e-09,3.6032046899560835e-09,3.6031760655366306e-09,3.6031474002356525e-09,3.6031186947441224e-09,3.6030899497359993e-09,3.6030611658690458e-09,3.6030323437877607e-09,3.6030034841206836e-09,3.602974587484993e-09,3.6029456544804524e-09,3.602916685696496e-09,3.6028876817070516e-09,3.602858643075219e-09,3.6028295703495583e-09,3.602800464076379e-09,3.602771324777422e-09,3.6027421529612514e-09,3.6027129491409067e-09,3.6026837138074404e-09,3.6026544474453047e-09,3.602625150528898e-09,3.602595823521544e-09,3.602566466878062e-09,3.6025370810462582e-09,3.60250766645739e-09,3.6024782235418125e-09,3.6024487527194337e-09,3.6024192544015672e-09,3.6023897289897997e-09,3.6023601768799214e-09,3.6023305984597137e-09,3.6023009941082756e-09,3.6022713641980546e-09,3.6022417090955063e-09,3.6022120291591373e-09,3.602182324740917e-09,3.602152596186346e-09,3.6021228438357194e-09,3.602093068019468e-09,3.602063269067506e-09,3.6020334472995515e-09,3.602003603031495e-09,3.601973736572647e-09,3.601943848227422e-09,3.6019139382943774e-09,3.601884007069259e-09,3.6018540548367128e-09,3.6018240818792748e-09,3.6017940884840042e-09,3.6017640749213035e-09,3.6017340414587164e-09,3.6017039883623365e-09,3.6016739158925533e-09,3.601643824302027e-09,3.601613713850073e-09,3.6015835847811417e-09,3.601553437342415e-09,3.6015232717671383e-09,3.601493088293546e-09,3.6014628871514476e-09,3.601432668578512e-09,3.6014024327944323e-09,3.601372180021916e-09,3.601341910482387e-09,3.601311624383059e-09,3.6012813219377474e-09,3.6012510033562916e-09,3.601220668842464e-09,3.601190318599916e-09,3.601159952827096e-09,3.6011295717176694e-09,3.601099175467225e-09,3.601068764265798e-09,3.6010383383108164e-09,3.601007897769152e-09,3.600977442824613e-09,3.600946973668719e-09,3.6009164904620642e-09,3.6008859933928824e-09,3.60085548262612e-09,3.6008249583366735e-09,3.600794420699845e-09,3.600763869856783e-09,3.600733305980941e-09,3.600702729237039e-09,3.6006721397626134e-09,3.600641537742023e-09,3.600610923313553e-09,3.600580296622474e-09,3.6005496578370973e-09,3.600519007100843e-09,3.6004883445451597e-09,3.6004576703229015e-09,3.600426984572244e-09,3.6003962874115024e-09,3.600365579023463e-09,3.6003348595217033e-09,3.600304129039254e-09,3.600273387708901e-09,3.6002426356606384e-09,3.60021187302394e-09,3.600181099927201e-09,3.6001503164927637e-09,3.6001195228473134e-09,3.6000887191110888e-09,3.6000579054050966e-09,3.6000270818540805e-09,3.5999962485711e-09,3.599965405667341e-09,3.5999345532666853e-09,3.599903691477364e-09,3.5998728204117685e-09,3.5998419401803326e-09,3.599811050892259e-09,3.599780152657282e-09,3.5997492455832735e-09,3.5997183297663147e-09,3.599687405313461e-09,3.5996564723342873e-09,3.5996255309252636e-09,3.5995945811862383e-09,3.599563623215903e-09,3.5995326571117555e-09,3.5995016829702073e-09,3.599470700886337e-09,3.5994397109541023e-09,3.599408713265934e-09,3.599377707913975e-09,3.599346694985772e-09,3.599315674577126e-09,3.5992846467807916e-09,3.5992536116677493e-09,3.5992225693347487e-09,3.5991915198704503e-09,3.5991604633402056e-09,3.5991293998510016e-09,3.599098329475115e-09,3.59906725229426e-09,3.599036168388865e-09,3.5990050778382184e-09,3.5989739807208263e-09,3.598942877114273e-09,3.5989117671013132e-09,3.5988806507399826e-09,3.59884952812055e-09,3.5988183993070527e-09,3.598787264376624e-09,3.5987561234187683e-09,3.5987249764676997e-09,3.5986938236315948e-09,3.598662664966099e-09,3.5986315005373283e-09,3.598600330424478e-09,3.598569154675198e-09,3.5985379733689785e-09,3.598506786565864e-09,3.598475594333133e-09,3.598444396719823e-09,3.5984131938184863e-09,3.598381985647058e-09,3.598350772333166e-09,3.5983195539008654e-09,3.5982883304169923e-09,3.598257101961013e-09,3.5982258685465646e-09,3.598194630258406e-09,3.598163387199492e-09,3.598132139331048e-09,3.598100886759696e-09,3.5980696295357597e-09,3.5980383677220328e-09,3.59800710137019e-09,3.5979758305276675e-09,3.597944555259761e-09,3.5979132756104587e-09,3.5978819916455244e-09,3.597850703382589e-09,3.5978194109096335e-09,3.5977881142676364e-09,3.5977568135037686e-09,3.597725508669555e-09,3.5976941997998474e-09,3.5976628869585355e-09,3.5976315701854083e-09,3.5976002495320153e-09,3.5975689250456592e-09,3.5975375967711055e-09,3.597506264753828e-09,3.5974749290393482e-09,3.5974435896701928e-09,3.5974122466913257e-09,3.5973809001797547e-09,3.597349550113609e-09,3.5973181965670487e-09,3.5972868395830403e-09,3.5972554792027192e-09,3.5972241154659094e-09,3.5971927484076973e-09,3.597161378078671e-09,3.5971300045190705e-09,3.5970986277656166e-09,3.597067247861512e-09,3.597035864839889e-09,3.597004478754462e-09,3.5969730896103646e-09,3.5969416974234465e-09,3.5969103023036056e-09,3.59687890425585e-09,3.596847503280405e-09,3.5968160994665454e-09,3.5967846928388893e-09,3.5967532833848774e-09,3.5967218712122136e-09,3.596690456318715e-09,3.5966590387375927e-09,3.5966276184994087e-09,3.5965961956423495e-09,3.59656477019811e-09,3.596533342195598e-09,3.5965019116686638e-09,3.5964704786481984e-09,3.59643904316509e-09,3.596407605246521e-09,3.5963761649346748e-09,3.5963447222503353e-09,3.596313277223148e-09,3.5962818298724074e-09,3.5962503802535866e-09,3.5962189283772187e-09,3.5961874742747344e-09,3.5961560179748507e-09,3.596124559507682e-09,3.596093098900067e-09,3.5960616361916166e-09,3.5960301713851774e-09,3.5959987045104877e-09,3.5959672356077504e-09,3.5959357646974876e-09,3.5959042917978595e-09,3.5958728169454466e-09,3.595841340151024e-09,3.5958098614343436e-09,3.5957783808477315e-09,3.59574689840762e-09,3.5957154141269018e-09,3.595683928043118e-09,3.5956524401741135e-09,3.595620950542842e-09,3.595589459166824e-09,3.5955579660815567e-09,3.5955264712920616e-09,3.5954949748249528e-09,3.595463476703037e-09,3.5954319769582997e-09,3.595400475608356e-09,3.5953689726717486e-09,3.595337468169483e-09,3.595305962122471e-09,3.59527445454839e-09,3.595242945473502e-09,3.5952114349148185e-09,3.5951799228919682e-09,3.595148409425867e-09,3.5951168945352835e-09,3.595085378235093e-09,3.5950538605538443e-09,3.5950223415000548e-09,3.594990821097588e-09,3.5949592993650234e-09,3.594927776320279e-09,3.594896251981261e-09,3.5948647263664192e-09,3.5948331995084598e-09,3.5948016713941664e-09,3.5947701420073037e-09,3.5947386114622053e-09,3.594707079726144e-09,3.5946755468188007e-09,3.594644012758688e-09,3.5946124775674845e-09,3.5945809411741885e-09,3.5945494037066525e-09,3.5945178651789225e-09,3.594486325575132e-09,3.594454784907969e-09,3.5944232431953102e-09,3.5943917004541223e-09,3.594360156693239e-09,3.5943286119318937e-09,3.5942970661915197e-09,3.594265519462004e-09,3.59423397170529e-09,3.5942024230915026e-09,3.594170873543392e-09,3.594139323083955e-09,3.59410777171422e-09,3.5940762194550966e-09,3.594044666318911e-09,3.5940131123217666e-09,3.5939815574773204e-09,3.5939500017943537e-09,3.593918445313725e-09,3.5938868879934053e-09,3.5938553298765643e-09,3.5938237709396746e-09,3.5937922112626647e-09,3.5937606508346554e-09,3.5937290896314117e-09,3.5936975277047997e-09,3.593665965072954e-09,3.5936344017056537e-09,3.593602837638882e-09,3.593571272875788e-09,3.5935397074324836e-09,3.5935081413248777e-09,3.5934765745414078e-09,3.5934450070607023e-09,3.5934134390036365e-09,3.5933818703198795e-09,3.5933503010199616e-09,3.5933187311155338e-09,3.593287160644892e-09,3.593255589556923e-09,3.5932240178921497e-09,3.5931924456648713e-09,3.59316087287405e-09,3.593129299568477e-09,3.593097725704568e-09,3.5930661513464067e-09,3.593034576440589e-09,3.5930030010237357e-09,3.5929714251038e-09,3.5929398487112313e-09,3.592908271823269e-09,3.5928766944625733e-09,3.5928451166377034e-09,3.592813538358252e-09,3.5927819596063287e-09,3.5927503804095053e-09,3.5927188008161332e-09,3.592687220803131e-09,3.592655640377293e-09,3.5926240595447614e-09,3.592592478317449e-09,3.5925608967003428e-09,3.5925293147444808e-09,3.592497732370701e-09,3.5924661496249134e-09,3.592434566528381e-09,3.592402983083181e-09,3.5923713993260874e-09,3.5923398151967616e-09,3.592308230732795e-09,3.5922766459624534e-09,3.5922450608882156e-09,3.592213475496422e-09,3.5921818898238104e-09,3.592150303812129e-09,3.5921187175517864e-09,3.5920871310034623e-09,3.5920555441998483e-09,3.5920239570659983e-09,3.591992369714961e-09,3.591960782108673e-09,3.5919291942560216e-09,3.5918976061892222e-09,3.5918660179066184e-09,3.5918344293046613e-09,3.591802840525815e-09,3.5917712515314094e-09,3.591739662331696e-09,3.5917080729215412e-09,3.591676483264049e-09,3.5916448934677867e-09,3.5916133035073984e-09,3.591581713334019e-09,3.591550122987241e-09,3.5915185324683614e-09,3.5914869418039345e-09,3.5914553509677845e-09,3.591423760012433e-09,3.5913921688895207e-09,3.5913605775997406e-09,3.59132898617056e-09,3.59129739464837e-09,3.5912658029584545e-09,3.591234211145209e-09,3.5912026191832277e-09,3.591171027137282e-09,3.5911394349988905e-09,3.591107842740395e-09,3.5910762503967568e-09,3.5910446579453778e-09,3.5910130653893327e-09,3.590981472758677e-09,3.5909498800481624e-09,3.5909182872586112e-09,3.590886694399871e-09,3.5908551014716054e-09,3.590823508596108e-09,3.590791915548327e-09,3.5907603224434108e-09,3.5907287292866535e-09,3.590697136098795e-09,3.590665542849767e-09,3.590633949564357e-09,3.5906023562426116e-09,3.5905707628893113e-09,3.590539169527652e-09,3.5905075761285286e-09,3.5904759826993208e-09,3.5904443891703682e-09,3.590412795742219e-09,3.5903812022870234e-09,3.5903496089132504e-09,3.5903180154487136e-09,3.590286421973373e-09,3.5902548285280485e-09,3.5902232350913307e-09,3.590191641664412e-09,3.5901600482763863e-09,3.590128454886712e-09,3.5900968615708262e-09,3.5900652682254718e-09,3.590033674884376e-09,3.5900020816734426e-09,3.5899704884334767e-09,3.5899388951996308e-09,3.5899073019768054e-09,3.589875708867307e-09,3.589844115825407e-09,3.5898125228135817e-09,3.589780929848223e-09,3.5897493369536393e-09,3.5897177441158056e-09,3.5896861513563796e-09,3.5896545586967843e-09,3.5896229660610144e-09,3.5895913735828835e-09,3.5895597810853433e-09,3.5895281886706696e-09,3.589496596345978e-09,3.589465004102005e-09,3.589433411943287e-09,3.5894018198736377e-09,3.5893702279605204e-09,3.5893386360347944e-09,3.5893070443153123e-09,3.5892754525991277e-09,3.58924386106768e-09,3.58921226957311e-09,3.5891806781922393e-09,3.58914908695455e-09,3.589117495790677e-09,3.5890859047307328e-09,3.5890543137541337e-09,3.589022722956234e-09,3.588991132257623e-09,3.588959541683418e-09,3.588927951203354e-09,3.5888963608809066e-09,3.588864770691786e-09,3.5888331806447774e-09,3.5888015906960097e-09,3.5887700009007623e-09,3.588738411227829e-09,3.588706821705923e-09,3.588675232396483e-09,3.588643643161075e-09,3.5886120540587663e-09,3.5885804651179348e-09,3.588548876383636e-09,3.588517287737804e-09,3.5884856992448765e-09,3.588454110964345e-09,3.588422522809426e-09,3.588390934793074e-09,3.5883593469373017e-09,3.5883277592437614e-09,3.5882961717142824e-09,3.5882645843505518e-09,3.5882329972048656e-09,3.5882014101804233e-09,3.5881698233247847e-09,3.5881382366410313e-09,3.588106650092128e-09,3.588075063759574e-09,3.588043477601725e-09,3.5880118916386686e-09,3.5879803060237016e-09,3.5879487204032877e-09,3.587917134974798e-09,3.587885549731591e-09,3.587853964674105e-09,3.5878223798092538e-09,3.587790795141339e-09,3.5877592106836656e-09,3.5877276263897594e-09,3.587696042291041e-09,3.5876644584027205e-09,3.587632874855071e-09,3.5876012913440246e-09,3.58756970803694e-09,3.587538124940583e-09,3.5875065420431403e-09,3.5874749593539306e-09,3.587443376861211e-09,3.587411794548507e-09,3.5873802124695928e-09,3.587348630599074e-09,3.5873170489396854e-09,3.587285467492038e-09,3.5872538862461156e-09,3.58722230522322e-09,3.5871907244139973e-09,3.5871591438254028e-09,3.5871275634602178e-09,3.58709598330833e-09,3.587064403385205e-09,3.587032823674657e-09,3.5870012441863134e-09,3.5869696649257445e-09,3.5869380858866442e-09,3.5869065070720655e-09,3.5868749284841947e-09,3.5868433501303234e-09,3.5868117720172096e-09,3.586780194066041e-09,3.5867486163967126e-09,3.586717038958242e-09,3.5866854617526855e-09,3.5866538847812956e-09,3.586622308038335e-09,3.5865907315581587e-09,3.5865591552945674e-09,3.5865275792685196e-09,3.5864960034812355e-09,3.5864644279337592e-09,3.586432852637595e-09,3.5864012775601256e-09,3.586369702677146e-09,3.586338128106299e-09,3.5863065537254374e-09,3.5862749796352333e-09,3.586243405791021e-09,3.5862118321936845e-09,3.586180258843902e-09,3.5861486857480925e-09,3.586117112897164e-09,3.5860855403142657e-09,3.5860539679731487e-09,3.5860223958768818e-09,3.58599082403011e-09,3.585959252453935e-09,3.585927681105034e-09,3.5858961100201733e-09,3.5858645391916537e-09,3.5858329686528417e-09,3.5858013983765313e-09,3.5857698283194345e-09,3.58573825851731e-09,3.58570668897827e-09,3.585675119707124e-09,3.58564355068831e-09,3.5856119819296764e-09,3.5855804134189417e-09,3.5855488451863187e-09,3.585517277213778e-09,3.5854857095057864e-09,3.5854541420690696e-09,3.5854225748945202e-09,3.585391007985484e-09,3.58535944134993e-09,3.5853278751194116e-09,3.5852963090122197e-09,3.5852647431783895e-09,3.5852331776087806e-09,3.5852016123122758e-09,3.585170047282693e-09,3.5851384824874394e-09,3.5851069180002075e-09,3.5850753537859117e-09,3.585043789768485e-09,3.5850122261067595e-09,3.584980662738555e-09,3.584949099617059e-09,3.5849175367743975e-09,3.584885974203015e-09,3.584854411907455e-09,3.5848228498712466e-09,3.584791288134372e-09,3.584759726681572e-09,3.5847281654882883e-09,3.584696604574403e-09,3.5846650439440907e-09,3.584633483585436e-09,3.584601923518277e-09,3.584570363726853e-09,3.584538804255193e-09,3.58450724502864e-09,3.584475686082193e-09,3.5844441274114897e-09,3.584412569018525e-09,3.5843810109187372e-09,3.5843494531182775e-09,3.5843178955878464e-09,3.5842863383118154e-09,3.5842547813534446e-09,3.584223224677761e-09,3.5841916682866525e-09,3.5841601122068856e-09,3.584128556389574e-09,3.5840970008592524e-09,3.5840654455687304e-09,3.5840338906134746e-09,3.5840023359532105e-09,3.583970781575064e-09,3.583939227485646e-09,3.5839076736912427e-09,3.583876120175465e-09,3.583844566973294e-09,3.583813014058914e-09,3.583781461436045e-09,3.583749909084008e-09,3.583718357019841e-09,3.583686805172102e-09,3.5836552536991465e-09,3.5836237025079157e-09,3.5835921516257857e-09,3.5835606010313864e-09,3.583529050736267e-09,3.583497500729389e-09,3.5834659510142667e-09,3.5834344015960914e-09,3.5834028524724353e-09,3.583371303643922e-09,3.5833397550556287e-09,3.5833082067723766e-09,3.5832766588262796e-09,3.5832451111812908e-09,3.5832135638327672e-09,3.5831820167942304e-09,3.58315046997925e-09,3.583118923544889e-09,3.58308737738597e-09,3.5830558315145198e-09,3.5830242859891002e-09,3.5829927407322878e-09,3.5829611957673215e-09,3.58292965112029e-09,3.582898106729792e-09,3.582866562662738e-09,3.5828350189044416e-09,3.5828034754411887e-09,3.5827719322748097e-09,3.582740389409754e-09,3.5827088468441856e-09,3.582677304590262e-09,3.582645762625791e-09,3.5826142209029405e-09,3.58258267954454e-09,3.5825511384854914e-09,3.5825195977492432e-09,3.5824880572329917e-09,3.58245651708453e-09,3.5824249772358163e-09,3.582393437713808e-09,3.582361898506637e-09,3.5823303595693986e-09,3.5822988209481145e-09,3.58226728262644e-09,3.582235744585787e-09,3.5822042068713132e-09,3.582172669446646e-09,3.582141132278727e-09,3.5821095954755748e-09,3.582078058976683e-09,3.582046522784985e-09,3.582014986817999e-09,3.5819834512336786e-09,3.5819519159592983e-09,3.581920380967497e-09,3.5818888463064925e-09,3.5818573119485134e-09,3.581825777901924e-09,3.5817942441608055e-09,3.5817627107272168e-09,3.581731177592496e-09,3.5816996447722244e-09,3.5816681122557593e-09,3.5816365800524876e-09,3.5816050481635268e-09,3.581573516575944e-09,3.5815419852933e-09,3.581510454326261e-09,3.5814789235960193e-09,3.581447393241127e-09,3.581415863218752e-09,3.5813843334790927e-09,3.5813528040644933e-09,3.5813212749488014e-09,3.581289746143376e-09,3.581258217642095e-09,3.5812266893652385e-09,3.581195161489075e-09,3.581163633923173e-09,3.581132106663425e-09,3.5811005797212712e-09,3.5810690530870637e-09,3.58103752676083e-09,3.581006000748027e-09,3.580974475044162e-09,3.5809429496493267e-09,3.5809114245118235e-09,3.580879899659784e-09,3.580848375197865e-09,3.5808168509874256e-09,3.580785327097059e-09,3.5807538035760875e-09,3.5807222803667006e-09,3.5806907574706645e-09,3.5806592348231892e-09,3.5806277125606073e-09,3.5805961906024948e-09,3.5805646689594256e-09,3.5805331476258204e-09,3.5805016265865654e-09,3.5804701058723477e-09,3.5804385854830746e-09,3.5804070654009002e-09,3.58037554563302e-09,3.580344026195108e-09,3.5803125070531085e-09,3.5802809882247273e-09,3.5802494697144455e-09,3.580217951513643e-09,3.580186433552757e-09,3.5801549159741362e-09,3.5801233987185005e-09,3.5800918817080704e-09,3.580060365096466e-09,3.5800288487016517e-09,3.5799973327036183e-09,3.579965817016694e-09,3.579934301571051e-09,3.5799027864816636e-09,3.57987127173933e-09,3.5798397573124167e-09,3.57980824320941e-09,3.5797767294644873e-09,3.5797452159132517e-09,3.579713702688345e-09,3.5796821897688632e-09,3.5796506771453777e-09,3.5796191649245756e-09,3.5795876530425412e-09,3.579556141370985e-09,3.57952463010707e-09,3.579493119153126e-09,3.579461608440497e-09,3.579430098046687e-09,3.5793985879782527e-09,3.579367078215955e-09,3.5793355688382522e-09,3.5793040597773603e-09,3.5792725510377413e-09,3.579241042544165e-09,3.5792095344320518e-09,3.5791780265777852e-09,3.5791465190977066e-09,3.5791150118520366e-09,3.579083505006556e-09,3.579051998468145e-09,3.5790204922563955e-09,3.5789889863610097e-09,3.57895748078669e-09,3.5789259755260407e-09,3.5788944704974582e-09,3.57886296580902e-09,3.5788314614442433e-09,3.578799957374811e-09,3.5787684536322286e-09,3.578736950200029e-09,3.578705447106259e-09,3.5786739443301137e-09,3.578642441929728e-09,3.578610939785123e-09,3.578579438015649e-09,3.5785479365626263e-09,3.578516435473391e-09,3.578484934658149e-09,3.578453434165132e-09,3.5784219339211714e-09,3.578390434066789e-09,3.5783589344452356e-09,3.5783274352201457e-09,3.5782959363133404e-09,3.578264437725218e-09,3.578232939455266e-09,3.578201441507129e-09,3.5781699438143118e-09,3.578138446498491e-09,3.578106949446626e-09,3.5780754527685813e-09,3.5780439563446294e-09,3.578012460313723e-09,3.5779809645939674e-09,3.577949469131013e-09,3.5779179740463867e-09,3.5778864792069583e-09,3.577854984753229e-09,3.5778234906290245e-09,3.57779199675644e-09,3.5777605032499124e-09,3.5777290100105876e-09,3.5776975171725874e-09,3.577666024632189e-09,3.577634532435681e-09,3.5776030404824353e-09,3.5775715489020105e-09,3.5775400577051027e-09,3.5775085667095752e-09,3.5774770760921144e-09,3.577445585799305e-09,3.5774140958169874e-09,3.5773826061675574e-09,3.5773511167656414e-09,3.5773196277545934e-09,3.5772881389545936e-09,3.5772566505742816e-09,3.577225162512924e-09,3.5771936747700405e-09,3.5771621873488155e-09,3.577130700254889e-09,3.5770992135385736e-09,3.5770677270842317e-09,3.5770362408589788e-09,3.577004755034617e-09,3.5769732695300342e-09,3.5769417843453964e-09,3.5769102994191772e-09,3.5768788148150978e-09,3.5768473305616002e-09,3.576815846656486e-09,3.57678436307875e-09,3.5767528797553536e-09,3.576721396810442e-09,3.5766899141706506e-09,3.5766584318075416e-09,3.576626949825505e-09,3.576595468161256e-09,3.5765639868146558e-09,3.5765325057708576e-09,3.576501025077027e-09,3.5764695446905018e-09,3.5764380646274594e-09,3.576406584931785e-09,3.576375105509225e-09,3.57634362640744e-09,3.5763121476260296e-09,3.5762806691646016e-09,3.5762491910804263e-09,3.57621771326627e-09,3.576186235770222e-09,3.5761547585941648e-09,3.5761232817367273e-09,3.5760918051759888e-09,3.5760603289426702e-09,3.5760288529608444e-09,3.575997377393701e-09,3.5759659021423047e-09,3.5759344271387564e-09,3.575902952528778e-09,3.5758714782525466e-09,3.5758400042800653e-09,3.5758085306110827e-09,3.5757770572886566e-09,3.5757455842771172e-09,3.5757141115854825e-09,3.5756826391836666e-09,3.5756511670739675e-09,3.5756196953445824e-09,3.5755882238695707e-09,3.5755567527798937e-09,3.575525282104744e-09,3.575493811644382e-09,3.5754623415259212e-09,3.5754308716603255e-09,3.5753994021925527e-09,3.575367933022792e-09,3.575336464182416e-09,3.575304995628414e-09,3.5752735274265543e-09,3.575242059549625e-09,3.5752105919801947e-09,3.5751791246764274e-09,3.575147657767291e-09,3.5751161911741677e-09,3.5750847249115366e-09,3.5750532589607717e-09,3.5750217932532367e-09,3.574990327875737e-09,3.574958862817727e-09,3.574927398148049e-09,3.5748959338024496e-09,3.5748644697164475e-09,3.5748330060131993e-09,3.574801542568967e-09,3.574770079506889e-09,3.574738616726985e-09,3.5747071542303082e-09,3.574675692133376e-09,3.5746442302916796e-09,3.5746127688367066e-09,3.5745813077068003e-09,3.574549846867025e-09,3.5745183863126255e-09,3.5744869260812557e-09,3.5744554661663384e-09,3.57442400657694e-09,3.574392547313156e-09,3.5743610883481536e-09,3.5743296297949785e-09,3.5742981714662644e-09,3.5742667134855376e-09,3.574235255886598e-09,3.5742037986016937e-09,3.574172341578867e-09,3.5741408849441115e-09,3.5741094285708345e-09,3.574077972472107e-09,3.5740465168029555e-09,3.5740150613826443e-09,3.5739836063622014e-09,3.5739521515649276e-09,3.5739206971805303e-09,3.573889243117302e-09,3.5738577893754267e-09,3.5738263359543644e-09,3.5737948828606285e-09,3.573763430026725e-09,3.5737319775074914e-09,3.5737005253731163e-09,3.5736690735696615e-09,3.57363762201788e-09,3.5736061707835366e-09,3.573574719925464e-09,3.5735432693439353e-09,3.573511819138827e-09,3.5734803692522247e-09,3.5734489196175643e-09,3.573417470370164e-09,3.573386021368652e-09,3.573354572764633e-09,3.573323124489186e-09,3.5732916765528656e-09,3.5732602288609976e-09,3.5732287815580063e-09,3.5731973346160797e-09,3.5731658879531263e-09,3.5731344415432034e-09,3.5731029954573802e-09,3.573071549692062e-09,3.5730401042471844e-09,3.5730086591944176e-09,3.5729772144755124e-09,3.572945769995878e-09,3.572914325849585e-09,3.5728828820150535e-09,3.5728514385637236e-09,3.5728199953676294e-09,3.572788552558382e-09,3.572757110002051e-09,3.572725667751477e-09,3.5726942258495402e-09,3.57266278429923e-09,3.5726313430994607e-09,3.5725999022139735e-09,3.572568461590986e-09,3.5725370212939236e-09,3.57250558138037e-09,3.5724741417865025e-09,3.572442702534441e-09,3.572411263514742e-09,3.5723798248911343e-09,3.5723483865292263e-09,3.57231694853663e-09,3.572285510875494e-09,3.5722540735558167e-09,3.5722226365546634e-09,3.5721911998408792e-09,3.572159763462339e-09,3.572128327409966e-09,3.5720968916795e-09,3.572065456270026e-09,3.5720340211145037e-09,3.572002586267133e-09,3.571971151823257e-09,3.5719397176972846e-09,3.571908283915385e-09,3.571876850407533e-09,3.571845417166609e-09,3.5718139842672294e-09,3.5717825517502884e-09,3.571751119504326e-09,3.571719687575031e-09,3.5716882559622277e-09,3.5716568247739343e-09,3.5716253938693693e-09,3.571593963230252e-09,3.5715625329734748e-09,3.571531103038768e-09,3.571499673349944e-09,3.5714682440525016e-09,3.5714368150848623e-09,3.571405386375832e-09,3.571373957971596e-09,3.571342529962919e-09,3.571311102275988e-09,3.571279674920344e-09,3.571248247876946e-09,3.5712168210993196e-09,3.5711853946423286e-09,3.571153968482477e-09,3.5711225427264288e-09,3.5710911172470585e-09,3.5710596920681645e-09,3.571028267215984e-09,3.5709968427467e-09,3.570965418599323e-09,3.570933994767774e-09,3.570902571263826e-09,3.5708711480252197e-09,3.5708397250923357e-09,3.5708083024538154e-09,3.5707768801800657e-09,3.570745458333496e-09,3.5707140367605115e-09,3.5706826155296757e-09,3.5706511945386176e-09,3.5706197739424295e-09,3.5705883536563915e-09,3.570556933686626e-09,3.5705255139793282e-09,3.5704940946713255e-09,3.5704626756136916e-09,3.5704312569551422e-09,3.57039983859006e-09,3.570368420552558e-09,3.5703370028475984e-09,3.5703055853788817e-09,3.570274168311148e-09,3.5702427515849557e-09,3.5702113351591674e-09,3.5701799190515616e-09,3.5701485032798138e-09,3.5701170877605087e-09,3.5700856726198803e-09,3.570054257814063e-09,3.570022843320068e-09,3.5699914290840476e-09,3.5699600152394565e-09,3.5699286017135914e-09,3.5698971885061593e-09,3.5698657756379727e-09,3.56983436305231e-09,3.569802950810477e-09,3.5697715388908455e-09,3.5697401272925755e-09,3.5697087159565407e-09,3.5696773050021096e-09,3.5696458943729024e-09,3.5696144840758975e-09,3.5695830740866637e-09,3.5695516644285553e-09,3.5695202550138262e-09,3.569488846019036e-09,3.569457437330496e-09,3.569426028946683e-09,3.5693946208172624e-09,3.569363213079158e-09,3.569331805664019e-09,3.569300398572093e-09,3.5692689918003246e-09,3.5692375853768836e-09,3.5692061791842306e-09,3.5691747733872744e-09,3.5691433679251492e-09,3.5691119627582966e-09,3.5690805578468454e-09,3.5690491533159825e-09,3.5690177490577117e-09,3.568986345184797e-09,3.568954941563293e-09,3.568923538317606e-09,3.5688921354047384e-09,3.568860732803248e-09,3.5688293305497923e-09,3.568797928538995e-09,3.5687665269267626e-09,3.5687351256341737e-09,3.568703724654146e-09,3.5686723239975636e-09,3.5686409236373594e-09,3.568609523624807e-09,3.568578123874753e-09,3.568546724496866e-09,3.5685153254622816e-09,3.5684839266770583e-09,3.5684525282796355e-09,3.5684211301348075e-09,3.568389732293885e-09,3.5683583348594604e-09,3.568326937675744e-09,3.5682955408194214e-09,3.568264144342325e-09,3.5682327481912805e-09,3.56820135238464e-09,3.5681699568726215e-09,3.5681385616920147e-09,3.568107166764353e-09,3.5680757721500165e-09,3.568044377934675e-09,3.5680129840407566e-09,3.567981590395459e-09,3.567950197059875e-09,3.56791880412333e-09,3.567887411433252e-09,3.567856019070828e-09,3.567824627100332e-09,3.5677932353805488e-09,3.5677618440502332e-09,3.5677304529807033e-09,3.5676990622937044e-09,3.5676676718671453e-09,3.5676362817651607e-09,3.5676048920454874e-09,3.567573502565636e-09,3.56754211349173e-09,3.567510724738652e-09,3.567479336245569e-09,3.5674479480608735e-09,3.56741656026829e-09,3.567385172798952e-09,3.5673537856500543e-09,3.5673223987485957e-09,3.5672910121809425e-09,3.5672596260031197e-09,3.5672282401308814e-09,3.5671968545898384e-09,3.5671654692960863e-09,3.567134084397745e-09,3.5671026998249937e-09,3.567071315569854e-09,3.5670399316428308e-09,3.567008547971174e-09,3.5669771646914113e-09,3.5669457817330197e-09,3.566914399096289e-09,3.5668830167717236e-09,3.5668516346868777e-09,3.566820253005142e-09,3.566788871642468e-09,3.5667574906036785e-09,3.566726109882929e-09,3.5666947294872646e-09,3.5666633493565685e-09,3.5666319695515626e-09,3.5666005900507757e-09,3.5665692109510398e-09,3.5665378321620984e-09,3.566506453697566e-09,3.5664750755499923e-09,3.566443697745721e-09,3.566412320182962e-09,3.5663809429257927e-09,3.566349566007169e-09,3.566318189402586e-09,3.566286813128451e-09,3.566255437160126e-09,3.5662240615970947e-09,3.566192686346119e-09,3.5661613113893076e-09,3.5661299367847036e-09,3.5660985624981174e-09,3.566067188539421e-09,3.5660358148280075e-09,3.5660044414494684e-09,3.5659730683901887e-09,3.5659416956955758e-09,3.565910323348166e-09,3.565878951284902e-09,3.565847579473708e-09,3.5658162080169626e-09,3.565784836986561e-09,3.5657534662339906e-09,3.5657220958054707e-09,3.5656907256345325e-09,3.5656593557828855e-09,3.565627986315534e-09,3.565596617186741e-09,3.56556524830273e-09,3.565533879812815e-09,3.5655025115757625e-09,3.565471143719398e-09,3.565439776193197e-09,3.5654084089254123e-09,3.5653770420304802e-09,3.5653456756238383e-09,3.565314309374262e-09,3.5652829433650313e-09,3.565251577767852e-09,3.5652202124567774e-09,3.565188847476031e-09,3.565157482827433e-09,3.565126118515984e-09,3.5650947544525565e-09,3.565063390780864e-09,3.5650320274285087e-09,3.565000664402702e-09,3.5649693016981804e-09,3.564937939228962e-09,3.5649065771317946e-09,3.564875215325037e-09,3.5648438538232034e-09,3.5648124927348034e-09,3.564781131959073e-09,3.5647497715045006e-09,3.5647184113780645e-09,3.5646870515567737e-09,3.5646556919916685e-09,3.5646243328096175e-09,3.564592973959726e-09,3.5645616153513493e-09,3.56453025714655e-09,3.5644988992536758e-09,3.564467541691432e-09,3.5644361843738623e-09,3.5644048274454533e-09,3.564373470860718e-09,3.5643421145076655e-09,3.5643107585498438e-09,3.5642794029053807e-09,3.564248047522939e-09,3.5642166925315187e-09,3.564185337847307e-09,3.5641539835184573e-09,3.5641226294810912e-09,3.564091275775157e-09,3.564059922372342e-09,3.564028569299304e-09,3.56399721647646e-09,3.563965864043057e-09,3.563934511943127e-09,3.5639031601647496e-09,3.5638718086391204e-09,3.5638404574186302e-09,3.5638091065943405e-09,3.563777756017852e-09,3.563746405761551e-09,3.5637150558979304e-09,3.5636837063644217e-09,3.5636523570821617e-09,3.5636210081247484e-09,3.5635896595775595e-09,3.5635583112148745e-09,3.5635269632817027e-09,3.5634956156749065e-09,3.563464268324392e-09,3.5634329213529086e-09,3.5634015746893238e-09,3.5633702283627116e-09,3.563338882357289e-09,3.563307536671741e-09,3.5632761913135135e-09,3.5632448462761926e-09,3.5632135015672364e-09,3.5631821571856716e-09,3.5631508130483096e-09,3.5631194692927353e-09,3.5630881257981033e-09,3.563056782626728e-09,3.5630254398326533e-09,3.562994097359391e-09,3.56296275520977e-09,3.5629314133923588e-09,3.5629000718224128e-09,3.562868730636385e-09,3.5628373896921766e-09,3.5628060491471743e-09,3.562774708930853e-09,3.562743369028157e-09,3.5627120294563547e-09,3.56268069011793e-09,3.5626493511775194e-09,3.5626180125660717e-09,3.5625866742010097e-09,3.5625553361585522e-09,3.562523998510069e-09,3.5624926611800737e-09,3.5624613241082333e-09,3.5624299873349546e-09,3.5623986509714575e-09,3.562367314922565e-09,3.56233597913385e-09,3.5623046436684476e-09,3.5622733085059985e-09,3.5622419736662198e-09,3.5622106391481994e-09,3.5621793049661066e-09,3.5621479711684542e-09,3.562116637691792e-09,3.5620853045292227e-09,3.5620539716702197e-09,3.5620226391633526e-09,3.561991306967703e-09,3.5619599751087726e-09,3.561928643498849e-09,3.561897312205188e-09,3.561865981286131e-09,3.5618346507021466e-09,3.5618033204467877e-09,3.561771990517259e-09,3.5617406608997973e-09,3.56170933166179e-09,3.561678002610877e-09,3.5616466739469604e-09,3.5616153455401413e-09,3.5615840174538232e-09,3.5615526897497156e-09,3.561521362293159e-09,3.5614900352344413e-09,3.5614587084971457e-09,3.56142738202359e-09,3.5613960558623143e-09,3.5613647300939065e-09,3.5613334046342343e-09,3.5613020794407373e-09,3.561270754636521e-09,3.5612394300773502e-09,3.561208105851608e-09,3.561176781930849e-09,3.5611454583484445e-09,3.561114135138523e-09,3.5610828122708397e-09,3.561051489629962e-09,3.561020167379213e-09,3.5609888454742337e-09,3.56095752381089e-09,3.560926202527433e-09,3.560894881506267e-09,3.560863560871271e-09,3.560832240557764e-09,3.5608009204918858e-09,3.5607696007833353e-09,3.5607382814549553e-09,3.5607069624217324e-09,3.560675643718453e-09,3.5606443252692853e-09,3.5606130072081006e-09,3.560581689397291e-09,3.5605503719679465e-09,3.5605190547997686e-09,3.5604877380122075e-09,3.5604564214809483e-09,3.5604251053412226e-09,3.5603937894577005e-09,3.5603624739479932e-09,3.560331158706317e-09,3.560299843836393e-09,3.5602685292314136e-09,3.560237215011123e-09,3.5602059011293133e-09,3.5601745875596564e-09,3.5601432743019864e-09,3.560111961375608e-09,3.560080648695499e-09,3.560049336400472e-09,3.5600180243586592e-09,3.5599867126942086e-09,3.559955401295215e-09,3.559924090283597e-09,3.559892779592875e-09,3.5598614692326397e-09,3.5598301591435086e-09,3.559798849321195e-09,3.559767539943079e-09,3.5597362308413423e-09,3.5597049220187025e-09,3.5596736135127425e-09,3.5596423053107636e-09,3.559610997506628e-09,3.559579690034061e-09,3.559548382869604e-09,3.5595170759682116e-09,3.559485769447706e-09,3.5594544632582596e-09,3.5594231573201827e-09,3.559391851771267e-09,3.5593605464671453e-09,3.559329241551067e-09,3.5592979369587983e-09,3.55926663261464e-09,3.5592353286523452e-09,3.55920402502801e-09,3.559172721648416e-09,3.559141418653971e-09,3.5591101159931506e-09,3.5590788135786385e-09,3.5590475115708304e-09,3.5590162098019273e-09,3.558984908352766e-09,3.5589536072212763e-09,3.558922306476236e-09,3.558891006051622e-09,3.5588597059093086e-09,3.558828406124585e-09,3.55879710667932e-09,3.5587658074605703e-09,3.5587345086415016e-09,3.558703210075205e-09,3.5586719119145402e-09,3.5586406140684077e-09,3.558609316532127e-09,3.5585780192243447e-09,3.5585467223305104e-09,3.558515425688274e-09,3.558484129347134e-09,3.5584528333554704e-09,3.5584215377291667e-09,3.5583902424322435e-09,3.558358947464528e-09,3.5583276528236184e-09,3.558296358437361e-09,3.5582650643679015e-09,3.55823377068694e-09,3.5582024772470803e-09,3.5581711841282097e-09,3.558139891392898e-09,3.558108598986866e-09,3.558077306899669e-09,3.558046015069212e-09,3.5580147237131734e-09,3.557983432587854e-09,3.557952141782536e-09,3.557920851237777e-09,3.557889561074352e-09,3.5578582712283854e-09,3.5578269817075536e-09,3.5577956924377107e-09,3.557764403557115e-09,3.5577331149360728e-09,3.557701826630809e-09,3.557670538715023e-09,3.5576392510517596e-09,3.557607963771259e-09,3.557576676742001e-09,3.5575453901077977e-09,3.557514103718792e-09,3.557482817660669e-09,3.5574515319262104e-09,3.5574202465833846e-09,3.557388961549472e-09,3.5573576768458737e-09,3.557326392391773e-09,3.5572951083436515e-09,3.5572638245916736e-09,3.5572325410785243e-09,3.5572012579650363e-09,3.5571699753135246e-09,3.5571386927759666e-09,3.557107410562784e-09,3.5570761286759467e-09,3.5570448471887504e-09,3.5570135660106914e-09,3.556982285061506e-09,3.556951004525255e-09,3.556919724304565e-09,3.556888444396648e-09,3.5568571648133555e-09,3.5568258855433e-09,3.5567946065998887e-09,3.5567633279125553e-09,3.5567320496128855e-09,3.5567007715850057e-09,3.556669493854501e-09,3.5566382165228087e-09,3.556606939507066e-09,3.5565756628069256e-09,3.556544386414124e-09,3.556513110364266e-09,3.5564818346231896e-09,3.556450559202991e-09,3.556419284121059e-09,3.5563880092711108e-09,3.5563567347525795e-09,3.5563254605509113e-09,3.556294186734612e-09,3.556262913182901e-09,3.556231639944903e-09,3.556200367034658e-09,3.5561690944428946e-09,3.5561378221704755e-09,3.5561065502680646e-09,3.556075278704298e-09,3.5560440074514134e-09,3.5560127364559085e-09,3.555981465894831e-09,3.5559501955813e-09,3.555918925554592e-09,3.5558876559023794e-09,3.5558563865113922e-09,3.5558251174422482e-09,3.5557938487704773e-09,3.555762580406773e-09,3.555731312367683e-09,3.5557000446488715e-09,3.555668777239592e-09,3.5556375100972154e-09,3.5556062433297594e-09,3.555574976841328e-09,3.555543710711611e-09,3.5555124449040726e-09,3.5554811793611234e-09,3.5554499141923366e-09,3.5554186493512366e-09,3.5553873848228563e-09,3.5553561206569196e-09,3.5553248567766705e-09,3.555293593150097e-09,3.5552623299094897e-09,3.5552310669229807e-09,3.5551998042617166e-09,3.5551685419212766e-09,3.5551372798873476e-09,3.555106018250629e-09,3.5550747568571172e-09,3.555043495856097e-09,3.555012235115038e-09,3.5549809747636674e-09,3.554949714655478e-09,3.554918454878608e-09,3.5548871954785545e-09,3.5548559363972864e-09,3.5548246776552557e-09,3.5547934192559442e-09,3.5547621611469963e-09,3.554730903348293e-09,3.5546996458168687e-09,3.554668388601531e-09,3.5546371317010956e-09,3.554605875119927e-09,3.5545746189224574e-09,3.554543363006966e-09,3.554512107390419e-09,3.5544808521631792e-09,3.554449597247233e-09,3.554418342597112e-09,3.5543870882487414e-09,3.5543558342369663e-09,3.5543245805993154e-09,3.554293327180722e-09,3.5542620741169925e-09,3.554230821479414e-09,3.5541995691300466e-09,3.554168317094576e-09,3.5541370653699135e-09,3.5541058139855712e-09,3.55407456292073e-09,3.554043312166758e-09,3.5540120616784556e-09,3.5539808115086197e-09,3.553949561651881e-09,3.5539183121792278e-09,3.5538870630263116e-09,3.5538558141321432e-09,3.5538245656294146e-09,3.553793317368182e-09,3.5537620694367883e-09,3.5537308218891575e-09,3.553699574599158e-09,3.553668327709135e-09,3.55363708104221e-09,3.553605834750186e-09,3.5535745888083534e-09,3.5535433431189446e-09,3.553512097817335e-09,3.5534808528358955e-09,3.553449608165408e-09,3.5534183637551924e-09,3.5533871196603525e-09,3.5533558759594316e-09,3.5533246324971764e-09,3.5532933894305513e-09,3.5532621466113914e-09,3.553230904118185e-09,3.5531996620210515e-09,3.5531684201685087e-09,3.5531371786954194e-09,3.553105937487925e-09,3.553074696603473e-09,3.5530434560755633e-09,3.553012215824574e-09,3.5529809758917253e-09,3.5529497362832714e-09,3.552918497063175e-09,3.552887258080098e-09,3.552856019398586e-09,3.5528247810736295e-09,3.5527935431290635e-09,3.552762305432248e-09,3.55273106806607e-09,3.5526998310632416e-09,3.5526685943384515e-09,3.5526373579893833e-09,3.5526061219646605e-09,3.5525748862607444e-09,3.552543650868192e-09,3.552512415748852e-09,3.552481180997116e-09,3.5524499465129925e-09,3.552418712320905e-09,3.552387478541372e-09,3.5523562449664616e-09,3.552325011823197e-09,3.5522937790038874e-09,3.5522625464995047e-09,3.552231314331077e-09,3.5522000824037684e-09,3.5521688508546238e-09,3.552137619625387e-09,3.552106388717968e-09,3.5520751581254048e-09,3.552043927802381e-09,3.5520126977848555e-09,3.5519814681518412e-09,3.551950238780264e-09,3.551919009818706e-09,3.5518877810782935e-09,3.5518565527220768e-09,3.55182532468229e-09,3.5517940969574356e-09,3.551762869558431e-09,3.5517316424232235e-09,3.5517004156918286e-09,3.5516691892027103e-09,3.5516379630950497e-09,3.5516067373046968e-09,3.5515755118343527e-09,3.5515442865950576e-09,3.5515130617036606e-09,3.5514818372202295e-09,3.55145061302982e-09,3.551419389099365e-09,3.551388165484168e-09,3.5513569421980216e-09,3.5513257192897934e-09,3.5512944967025634e-09,3.5512632743598414e-09,3.5512320524047764e-09,3.5512008307850338e-09,3.551169609482641e-09,3.5511383885095374e-09,3.5511071678166586e-09,3.5510759474674836e-09,3.551044727434831e-09,3.551013507646774e-09,3.550982288283168e-09,3.5509510691394266e-09,3.5509198503961227e-09,3.550888631962618e-09,3.550857413858534e-09,3.5508261960032137e-09,3.5507949785384614e-09,3.550763761325656e-09,3.550732544491159e-09,3.5507013279768946e-09,3.5506701117760163e-09,3.5506388959105718e-09,3.550607680365341e-09,3.550576465067577e-09,3.5505452501615964e-09,3.5505140355623085e-09,3.55048282122026e-09,3.5504516072682453e-09,3.5504203936297224e-09,3.550389180245601e-09,3.5503579671871264e-09,3.550326754420636e-09,3.5502955420203423e-09,3.5502643299879936e-09,3.5502331182794737e-09,3.550201906825404e-09,3.550170695746856e-09,3.550139484957144e-09,3.550108274536568e-09,3.550077064359059e-09,3.5500458545594155e-09,3.5500146450786117e-09,3.5499834359143765e-09,3.5499522270739718e-09,3.5499210185501493e-09,3.5498898103469748e-09,3.5498586024096883e-09,3.5498273948411466e-09,3.5497961875358865e-09,3.549764980531923e-09,3.5497337738739597e-09,3.5497025676095526e-09,3.5496713616522317e-09,3.549640156018541e-09,3.5496089507006784e-09,3.549577745638808e-09,3.5495465409586654e-09,3.5495153366034445e-09,3.549484132492862e-09,3.5494529287721025e-09,3.549421725376294e-09,3.54939052229356e-09,3.5493593195149257e-09,3.549328117009428e-09,3.5492969148711407e-09,3.54926571306652e-09,3.549234511557468e-09,3.549203310389961e-09,3.5491721095478727e-09,3.5491409090259433e-09,3.5491097088165297e-09,3.549078508874132e-09,3.5490473093132917e-09,3.549016110040383e-09,3.5489849111007297e-09,3.548953712432183e-09,3.5489225140804592e-09,3.5488913160510516e-09,3.5488601183347574e-09,3.548828921010957e-09,3.5487977240003486e-09,3.5487665272445704e-09,3.548735330870174e-09,3.548704134758036e-09,3.5486729389651993e-09,3.5486417435753953e-09,3.5486105484768672e-09,3.548579353694133e-09,3.5485481592408924e-09,3.5485169651037314e-09,3.5484857712093492e-09,3.5484545777158456e-09,3.548423384527098e-09,3.5483921916113797e-09,3.5483609990858325e-09,3.548329806869364e-09,3.548298614902142e-09,3.5482674234451864e-09,3.5482362321233425e-09,3.548205041127701e-09,3.548173850512923e-09,3.5481426602255816e-09,3.5481114701663797e-09,3.548080280417285e-09,3.548049091103236e-09,3.5480179019834973e-09,3.547986713277866e-09,3.5479555249394248e-09,3.547924336882609e-09,3.547893149131779e-09,3.5478619617000706e-09,3.5478307745819144e-09,3.547799587783337e-09,3.5477684012583443e-09,3.5477372151322977e-09,3.5477060292402204e-09,3.547674843729235e-09,3.547643658543476e-09,3.5476124736749095e-09,3.5475812890452917e-09,3.547550104819897e-09,3.5475189208343592e-09,3.5474877371760236e-09,3.5474565539075162e-09,3.5474253708883277e-09,3.547394188249162e-09,3.5473630059430956e-09,3.547331823949176e-09,3.5473006422249023e-09,3.5472694608760636e-09,3.5472382797827497e-09,3.547207099063123e-09,3.547175918602272e-09,3.547144738457907e-09,3.547113558615475e-09,3.5470823791150367e-09,3.547051199926616e-09,3.5470200210478928e-09,3.5469888425734314e-09,3.546957664341268e-09,3.5469264864426748e-09,3.546895308845949e-09,3.546864131639207e-09,3.546832954711525e-09,3.5468017781442656e-09,3.5467706018370556e-09,3.546739425905345e-09,3.5467082502369847e-09,3.546677074947571e-09,3.5466458999128498e-09,3.546614725270453e-09,3.546583550872292e-09,3.5465523767990656e-09,3.546521203106641e-09,3.5464900297496978e-09,3.5464588566295844e-09,3.5464276838373667e-09,3.546396511362859e-09,3.5463653392754774e-09,3.546334167494279e-09,3.5463029959572654e-09,3.5462718247345393e-09,3.5462406538552384e-09,3.5462094833644484e-09,3.54617831318294e-09,3.546147143339619e-09,3.5461159737109773e-09,3.5460848044906503e-09,3.5460536355828297e-09,3.5460224669398844e-09,3.545991298601409e-09,3.545960130589498e-09,3.545928962906693e-09,3.5458977955888456e-09,3.5458666285999993e-09,3.5458354619402393e-09,3.545804295598051e-09,3.545773129576754e-09,3.545741963871274e-09,3.5457107984781333e-09,3.545679633423502e-09,3.545648468668697e-09,3.545617304157444e-09,3.545586139987112e-09,3.545554976117229e-09,3.545523812668372e-09,3.5454926495284842e-09,3.5454614866077762e-09,3.545430324100919e-09,3.5453991618887745e-09,3.54536800000979e-09,3.5453368384516056e-09,3.5453056772180967e-09,3.5452745162923506e-09,3.545243355623113e-09,3.5452121952840385e-09,3.54518103524153e-09,3.545149875594376e-09,3.5451187162730326e-09,3.545087557271924e-09,3.5450563985215832e-09,3.5450252401604317e-09,3.544994082118933e-09,3.544962924324336e-09,3.5449317669210244e-09,3.544900609836236e-09,3.54486945300427e-09,3.544838296535698e-09,3.5448071403305207e-09,3.5447759844493724e-09,3.5447448289606737e-09,3.5447136737809275e-09,3.5446825188563044e-09,3.544651364316606e-09,3.5446202100892098e-09,3.544589056134837e-09,3.544557902664927e-09,3.5445267494003194e-09,3.544495596419259e-09,3.5444644437962978e-09,3.5444332914159917e-09,3.544402139426249e-09,3.5443709877565186e-09,3.5443398364023433e-09,3.54430868531564e-09,3.5442775345967114e-09,3.544246384203391e-09,3.5442152340841865e-09,3.54418408434742e-09,3.5441529348570797e-09,3.5441217857376e-09,3.5440906368834158e-09,3.544059488404591e-09,3.544028340186042e-09,3.5439971922877903e-09,3.5439660447982546e-09,3.543934897602e-09,3.543903750727668e-09,3.5438726040981622e-09,3.5438414578518776e-09,3.543810311921584e-09,3.543779166312265e-09,3.543748020936137e-09,3.543716875900806e-09,3.5436857312502173e-09,3.54365458685623e-09,3.5436234427844775e-09,3.5435922991024272e-09,3.5435611557393998e-09,3.5435300126187685e-09,3.5434988698152068e-09,3.5434677273456357e-09,3.543436585169179e-09,3.5434054433894472e-09,3.54337430193823e-09,3.543343160718773e-09,3.543312019914986e-09,3.54328087942092e-09,3.5432497392453927e-09,3.5432185993192424e-09,3.543187459718198e-09,3.543156320479155e-09,3.543125181579486e-09,3.5430940429885475e-09,3.5430629047170695e-09,3.543031766767767e-09,3.5430006290542575e-09,3.542969491743418e-09,3.5429383547371604e-09,3.542907217979583e-09,3.5428760815872707e-09,3.542844945553194e-09,3.542813809830148e-09,3.5427826743752963e-09,3.5427515392950194e-09,3.5427204044738213e-09,3.5426892700391113e-09,3.5426581359131233e-09,3.542627002053216e-09,3.542595868571625e-09,3.5425647354124094e-09,3.5425336025621432e-09,3.542502470031192e-09,3.5424713377644516e-09,3.542440205873453e-09,3.5424090743164888e-09,3.5423779430071058e-09,3.542346812012917e-09,3.542315681397923e-09,3.5422845511081913e-09,3.542253421059419e-09,3.5422222913960748e-09,3.5421911620647768e-09,3.5421600330462262e-09,3.542128904350475e-09,3.5420977759737195e-09,3.5420666478466178e-09,3.5420355200422696e-09,3.5420043926409824e-09,3.54197326547323e-09,3.541942138670366e-09,3.541911012199022e-09,3.5418798860391167e-09,3.5418487602071074e-09,3.5418176346873427e-09,3.541786509438322e-09,3.5417553845678705e-09,3.5417242600138896e-09,3.541693135777412e-09,3.541662011859518e-09,3.541630888191671e-09,3.5415997649091995e-09,3.5415686419022176e-09,3.541537519197752e-09,3.5415063968717793e-09,3.541475274797778e-09,3.5414441531020346e-09,3.5414130317283944e-09,3.541381910615174e-09,3.54135078988503e-09,3.5413196694026527e-09,3.5412885493134867e-09,3.5412574295462263e-09,3.5412263101182195e-09,3.5411951909755793e-09,3.5411640720648545e-09,3.5411329535888685e-09,3.5411018354219003e-09,3.5410707174996675e-09,3.5410395998888487e-09,3.5410084826026024e-09,3.540977365607926e-09,3.54094624900499e-09,3.5409151326774743e-09,3.5408840166530457e-09,3.5408529009652895e-09,3.540821785656645e-09,3.5407906706531617e-09,3.540759555968664e-09,3.5407284415445275e-09,3.5406973275104993e-09,3.5406662137954167e-09,3.5406351003381642e-09,3.5406039872700068e-09,3.540572874433432e-09,3.540541761917505e-09,3.5405106497855472e-09,3.540479537972279e-09,3.5404484264125995e-09,3.540417315238286e-09,3.5403862043179784e-09,3.5403550937920484e-09,3.5403239834983912e-09,3.5402928736234425e-09,3.5402617640440156e-09,3.5402306547121354e-09,3.540199545709594e-09,3.540168437079491e-09,3.5401373287695143e-09,3.540106220788708e-09,3.5400751130525876e-09,3.5400440056264434e-09,3.5400128985274483e-09,3.539981791821092e-09,3.5399506854241005e-09,3.539919579343215e-09,3.5398884735273747e-09,3.539857368095113e-09,3.539826262972196e-09,3.5397951581577386e-09,3.5397640536835476e-09,3.5397329494328943e-09,3.539701845514368e-09,3.5396707419218744e-09,3.5396396387120835e-09,3.5396085358188502e-09,3.5395774332163514e-09,3.53954633092626e-09,3.5395152291927894e-09,3.539484127579852e-09,3.539453026275776e-09,3.5394219252205958e-09,3.539390824557869e-09,3.539359724223062e-09,3.5393286241128327e-09,3.5392975243490436e-09,3.5392664249378953e-09,3.5392353258667364e-09,3.5392042271240737e-09,3.5391731286898373e-09,3.5391420306024857e-09,3.53911093282277e-09,3.539079835285183e-09,3.5390487381130206e-09,3.5390176412147187e-09,3.538986544718445e-09,3.538955448449883e-09,3.5389243524991357e-09,3.538893256841258e-09,3.5388621615350347e-09,3.538831066629791e-09,3.5387999720232973e-09,3.538768877672641e-09,3.538737783700674e-09,3.538706690097853e-09,3.5386755966991613e-09,3.538644503666135e-09,3.538613410869415e-09,3.5385823184194034e-09,3.5385512263552266e-09,3.538520134617608e-09,3.5384890431898145e-09,3.538457952005073e-09,3.5384268612039604e-09,3.5383957707403623e-09,3.53836468055695e-09,3.5383335907203273e-09,3.538302501187774e-09,3.5382714119878704e-09,3.5382403231059707e-09,3.5382092344853906e-09,3.5381781462666184e-09,3.5381470583443516e-09,3.538115970682276e-09,3.5380848833924952e-09,3.5380537963215057e-09,3.5380227096691543e-09,3.5379916233377402e-09,3.5379605373213336e-09,3.5379294516202084e-09,3.5378983661700987e-09,3.5378672811087804e-09,3.5378361963687953e-09,3.5378051119208624e-09,3.5377740278217045e-09,3.5377429440310324e-09,3.537711860550142e-09,3.5376807774016022e-09,3.537649694579944e-09,3.5376186120830855e-09,3.5375875298259607e-09,3.5375564479408998e-09,3.5375253663152153e-09,3.5374942850828466e-09,3.5374632041683274e-09,3.537432123563125e-09,3.537401043263795e-09,3.5373699632309666e-09,3.537338883584525e-09,3.53730780427104e-09,3.5372767252709105e-09,3.5372456465685267e-09,3.5372145681952225e-09,3.5371834901360758e-09,3.537152412363475e-09,3.537121334937071e-09,3.5370902578417937e-09,3.537059180995752e-09,3.5370281045312453e-09,3.536997028382812e-09,3.536965952578512e-09,3.536934877075261e-09,3.5369038018170044e-09,3.53687272690546e-09,3.536841652356477e-09,3.5368105780567935e-09,3.536779504152552e-09,3.5367484305588602e-09,3.5367173572159574e-09,3.5366862842487906e-09,3.5366552116030273e-09,3.5366241392708365e-09,3.5365930672573775e-09,3.53656199566329e-09,3.536530924239973e-09,3.5364998531257186e-09,3.5364687823948333e-09,3.536437711971437e-09,3.536406641872052e-09,3.536375572089138e-09,3.536344502639384e-09,3.536313433507525e-09,3.5362823646890456e-09,3.536251296123398e-09,3.536220227924883e-09,3.536189160048181e-09,3.5361580925002997e-09,3.536127025269106e-09,3.536095958346343e-09,3.5360648916855264e-09,3.536033825398982e-09,3.5360027593747487e-09,3.535971693724099e-09,3.535940628401811e-09,3.5359095633901718e-09,3.535878498703533e-09,3.535847434265458e-09,3.535816370195823e-09,3.5357853064111556e-09,3.535754243006213e-09,3.5357231798401217e-09,3.535692117052708e-09,3.5356610545721404e-09,3.5356299924261926e-09,3.535598930581028e-09,3.5355678690008715e-09,3.535536807749697e-09,3.5355057469005334e-09,3.535474686275154e-09,3.5354436260297847e-09,3.5354125660510956e-09,3.535381506433687e-09,3.535350447153058e-09,3.535319388178717e-09,3.5352883295354354e-09,3.535257271146622e-09,3.535226213066421e-09,3.535195155371554e-09,3.5351640979761154e-09,3.5351330409153385e-09,3.535101984174194e-09,3.535070927729395e-09,3.5350398716241806e-09,3.53500881585216e-09,3.5349777603618945e-09,3.5349467052250678e-09,3.5349156503895168e-09,3.534884595889251e-09,3.5348535416868993e-09,3.534822487744991e-09,3.5347914341801575e-09,3.534760380930637e-09,3.5347293279346024e-09,3.534698275264377e-09,3.534667222971464e-09,3.5346361709837723e-09,3.5346051192613577e-09,3.5345740678624365e-09,3.5345430168058734e-09,3.534511966105741e-09,3.5344809157262067e-09,3.5344498656129144e-09,3.5344188158732894e-09,3.5343877664533325e-09,3.5343567173578594e-09,3.5343256685011943e-09,3.534294620042099e-09,3.5342635718825305e-09,3.534232524021833e-09,3.5342014764386264e-09,3.534170429238004e-09,3.534139382295134e-09,3.5341083356677726e-09,3.5340772894207093e-09,3.5340462434357873e-09,3.5340151977821822e-09,3.5339841524503773e-09,3.5339531074682725e-09,3.533922062804826e-09,3.5338910183987964e-09,3.5338599743818707e-09,3.5338289306126997e-09,3.533797887165104e-09,3.5337668440901867e-09,3.5337358013440772e-09,3.5337047588931426e-09,3.5336737167131076e-09,3.533642674920147e-09,3.533611633394655e-09,3.5335805922253976e-09,3.533549551369971e-09,3.5335185108574804e-09,3.533487470637858e-09,3.5334564307605536e-09,3.5334253911206947e-09,3.53339435180621e-09,3.5333633128736146e-09,3.5333322742566655e-09,3.5333012359887914e-09,3.533270198006482e-09,3.533239160284779e-09,3.533208122865233e-09,3.5331770857650707e-09,3.533146049050875e-09,3.5331150126694014e-09,3.533083976596959e-09,3.5330529408421825e-09,3.5330219053411714e-09,3.5329908702317472e-09,3.5329598354662846e-09,3.5329288009718604e-09,3.5328977668026304e-09,3.5328667329452983e-09,3.5328356994316155e-09,3.5328046662090035e-09,3.5327736332883658e-09,3.532742600701963e-09,3.5327115684334027e-09,3.532680536495342e-09,3.532649504871544e-09,3.532618473565621e-09,3.5325874425067682e-09,3.5325564117689613e-09,3.532525381406663e-09,3.5324943513660646e-09,3.5324633215764296e-09,3.5324322921014247e-09,3.532401263013369e-09,3.5323702341753793e-09,3.5323392057072563e-09,3.5323081775782496e-09,3.5322771497416724e-09,3.5322461221831937e-09,3.532215094997536e-09,3.5321840680728406e-09,3.5321530415325605e-09,3.5321220152752245e-09,3.5320909893488393e-09,3.532059963712809e-09,3.532028938467148e-09,3.5319979135044555e-09,3.5319668888602797e-09,3.5319358644772105e-09,3.5319048404137113e-09,3.531873816722409e-09,3.5318427932898345e-09,3.5318117701726477e-09,3.53178074743826e-09,3.5317497249438827e-09,3.531718702850224e-09,3.531687681058984e-09,3.531656659609266e-09,3.531625638468853e-09,3.5315946176317642e-09,3.5315635971594056e-09,3.5315325768936754e-09,3.5315015570233934e-09,3.5314705374725694e-09,3.531439518216577e-09,3.531408499319202e-09,3.53137748065456e-09,3.5313464623521284e-09,3.5313154443158497e-09,3.531284426589824e-09,3.531253409191513e-09,3.531222392086332e-09,3.5311913753208904e-09,3.5311603589344007e-09,3.53112934280282e-09,3.5310983270568345e-09,3.5310673115531897e-09,3.5310362964157134e-09,3.5310052816170408e-09,3.5309742671409003e-09,3.5309432529870592e-09,3.5309122391300064e-09,3.5308812255383396e-09,3.530850212323562e-09,3.530819199417023e-09,3.5307881867727436e-09,3.5307571745180182e-09,3.530726162588569e-09,3.530695150980925e-09,3.5306641396707392e-09,3.530633128622904e-09,3.530602117947598e-09,3.5305711076032474e-09,3.5305400975766753e-09,3.5305090877946123e-09,3.5304780783930872e-09,3.5304470693210273e-09,3.5304160605549027e-09,3.530385052123129e-09,3.530354044001515e-09,3.5303230361234555e-09,3.530292028636921e-09,3.530261021446726e-09,3.530230014576634e-09,3.530199007973388e-09,3.5301680017361866e-09,3.530136995770178e-09,3.5301059901787087e-09,3.5300749849141115e-09,3.5300439799546026e-09,3.530012975333047e-09,3.5299819710113186e-09,3.52995096700689e-09,3.52991996331821e-09,3.529888959962981e-09,3.5298579568424213e-09,3.529826954117463e-09,3.5297959517099795e-09,3.5297649496094065e-09,3.529733947844225e-09,3.5297029463976016e-09,3.5296719452382737e-09,3.529640944417718e-09,3.529609943874167e-09,3.5295789436783923e-09,3.5295479438001244e-09,3.529516944248605e-09,3.5294859450054296e-09,3.5294549461064356e-09,3.5294239474853486e-09,3.529392949124514e-09,3.529361951138109e-09,3.5293309534782942e-09,3.529299956145941e-09,3.5292689590592964e-09,3.529237962364309e-09,3.529206965967473e-09,3.5291759699005796e-09,3.529144974154012e-09,3.5291139787149786e-09,3.529082983600823e-09,3.5290519887203713e-09,3.529020994188154e-09,3.528989999964584e-09,3.528959006131297e-09,3.5289280125390426e-09,3.5288970193251257e-09,3.5288660264376643e-09,3.528835033845428e-09,3.528804041530882e-09,3.5287730495906467e-09,3.528742057962767e-09,3.5287110666520914e-09,3.5286800756589547e-09,3.528649084924353e-09,3.528618094565511e-09,3.5285871045236097e-09,3.528556114795086e-09,3.528525125378314e-09,3.5284941362326344e-09,3.5284631474058894e-09,3.5284321588937726e-09,3.528401170755795e-09,3.5283701829350414e-09,3.5283391954331023e-09,3.5283082082642966e-09,3.5282772213981153e-09,3.5282462347893266e-09,3.528215248569613e-09,3.5281842626702144e-09,3.528153277025972e-09,3.5281222916656118e-09,3.5280913067096325e-09,3.5280603220646537e-09,3.5280293377429966e-09,3.527998353740377e-09,3.527967370074323e-09,3.5279363866256606e-09,3.527905403532397e-09,3.527874420756588e-09,3.527843438275436e-09,3.527812456182588e-09,3.527781474391612e-09,3.5277504928241185e-09,3.5277195116706835e-09,3.5276885308379374e-09,3.5276575503011345e-09,3.527626570092863e-09,3.5275955901451666e-09,3.5275646105810404e-09,3.5275336313341906e-09,3.527502652404305e-09,3.527471673816329e-09,3.527440695520551e-09,3.527409717522333e-09,3.5273787398506406e-09,3.5273477624247408e-09,3.52731678532945e-09,3.5272858086196732e-09,3.5272548322268136e-09,3.527223856151132e-09,3.5271928803791834e-09,3.527161904916855e-09,3.527130929772275e-09,3.5270999549707855e-09,3.5270689804744848e-09,3.527038006297636e-09,3.5270070324432653e-09,3.5269760588341493e-09,3.526945085532537e-09,3.526914112560227e-09,3.526883139878307e-09,3.5268521676031917e-09,3.5268211956415734e-09,3.5267902240048215e-09,3.5267592526936257e-09,3.526728281679586e-09,3.526697310923553e-09,3.5266663405502985e-09,3.5266353704317233e-09,3.5266044006296635e-09,3.5265734311408338e-09,3.5265424619725945e-09,3.5265114931948324e-09,3.526480524659799e-09,3.5264495565008433e-09,3.5264185886599927e-09,3.5263876210816015e-09,3.5263566538775696e-09,3.5263256869299628e-09,3.5262947202896288e-09,3.5262637539673044e-09,3.5262327880279935e-09,3.5262018224086436e-09,3.5261708571305656e-09,3.5261398921335574e-09,3.526108927408978e-09,3.526077962997548e-09,3.526046998962773e-09,3.5260160352435534e-09,3.5259850717775192e-09,3.5259541086809978e-09,3.52592314585242e-09,3.5258921833380066e-09,3.525861221132492e-09,3.525830259322892e-09,3.525799297785811e-09,3.5257683366098577e-09,3.525737375772049e-09,3.525706415217487e-09,3.5256754549253894e-09,3.525644495017472e-09,3.5256135354132986e-09,3.525582576066692e-09,3.525551617037065e-09,3.5255206583241793e-09,3.5254896999910188e-09,3.5254587419383387e-09,3.5254277842389097e-09,3.525396826866313e-09,3.525365869765328e-09,3.5253349130258854e-09,3.5253039565939776e-09,3.525273000425338e-09,3.5252420445347382e-09,3.525211089053639e-09,3.5251801338992752e-09,3.5251491790524258e-09,3.5251182245316025e-09,3.525087270301612e-09,3.5250563163463064e-09,3.525025362766389e-09,3.524994409440799e-09,3.5249634564814945e-09,3.5249325038555555e-09,3.5249015515529706e-09,3.52487059958116e-09,3.524839647904967e-09,3.5248086965430227e-09,3.5247777455069063e-09,3.5247467947108836e-09,3.5247158442859456e-09,3.5246848941911963e-09,3.524653944356539e-09,3.5246229948953757e-09,3.5245920457133995e-09,3.524561096826489e-09,3.5245301482522535e-09,3.5244992000922064e-09,3.524468252228326e-09,3.5244373046864627e-09,3.524406357386561e-09,3.52437541044961e-09,3.5243444637844554e-09,3.5243135174920336e-09,3.5242825715179755e-09,3.524251625792503e-09,3.5242206803869975e-09,3.5241897353781983e-09,3.5241587906581663e-09,3.52412784627119e-09,3.5240969021198713e-09,3.5240659583704625e-09,3.5240350149413152e-09,3.5240040718439973e-09,3.52397312896536e-09,3.5239421864908382e-09,3.523911244315293e-09,3.523880302446424e-09,3.5238493608438454e-09,3.523818419561989e-09,3.5237874786497863e-09,3.5237565380673787e-09,3.5237255977345575e-09,3.523694657786101e-09,3.52366371808802e-09,3.5236327787708056e-09,3.5236018397633958e-09,3.523570901089824e-09,3.523539962656739e-09,3.5235090245728866e-09,3.5234780867721137e-09,3.5234471493348204e-09,3.523416212236359e-09,3.5233852753852845e-09,3.5233543388649524e-09,3.523323402724739e-09,3.5232924668324303e-09,3.5232615312461245e-09,3.523230596047219e-09,3.5231996610928538e-09,3.5231687265273215e-09,3.5231377922876017e-09,3.5231068582866165e-09,3.5230759245963794e-09,3.5230449913025125e-09,3.523014058314501e-09,3.5229831256426667e-09,3.522952193285053e-09,3.5229212612429843e-09,3.522890329535686e-09,3.5228593980684776e-09,3.5228284668982778e-09,3.522797536116838e-09,3.5227666056048596e-09,3.5227356754808956e-09,3.522704745655017e-09,3.522673816143625e-09,3.5226428869699175e-09,3.5226119580978905e-09,3.522581029537664e-09,3.522550101278212e-09,3.5225191733395004e-09,3.5224882457296393e-09,3.5224573183735126e-09,3.522426391394285e-09,3.522395464678514e-09,3.5223645383359882e-09,3.522333612217857e-09,3.52230268651039e-09,3.5222717611210387e-09,3.522240836043628e-09,3.5222099112865907e-09,3.522178986845112e-09,3.5221480626628217e-09,3.522117138854763e-09,3.5220862153600324e-09,3.5220552922002207e-09,3.522024369340672e-09,3.521993446736105e-09,3.521962524490274e-09,3.5219316025241583e-09,3.5219006808848075e-09,3.5218697595935385e-09,3.52183883864236e-09,3.5218079180143365e-09,3.5217769976258346e-09,3.521746077573981e-09,3.5217151578166254e-09,3.5216842383798084e-09,3.5216533193193987e-09,3.5216224005719578e-09,3.5215914821523827e-09,3.521560563982552e-09,3.52152964612479e-09,3.521498728566209e-09,3.5214678114024097e-09,3.5214368944927812e-09,3.5214059779494635e-09,3.5213750617436963e-09,3.5213441458555772e-09,3.5213132302825395e-09,3.52128231500525e-09,3.5212514000473954e-09,3.5212204853567965e-09,3.5211895709638365e-09,3.5211586570040657e-09,3.5211277433181764e-09,3.521096829892892e-09,3.521065916828716e-09,3.5210350040345335e-09,3.521004091625291e-09,3.5209731795228018e-09,3.5209422676798643e-09,3.5209113562199176e-09,3.520880445076392e-09,3.520849534182673e-09,3.5208186236668068e-09,3.520787713471978e-09,3.520756803594053e-09,3.5207258940225266e-09,3.5206949847766335e-09,3.5206640758044267e-09,3.5206331671726883e-09,3.5206022588570777e-09,3.5205713508734097e-09,3.5205404432115385e-09,3.5205095358580005e-09,3.520478628830635e-09,3.520447722053729e-09,3.5204168156550453e-09,3.5203859095730857e-09,3.5203550037399285e-09,3.5203240982808992e-09,3.520293193147762e-09,3.520262288322046e-09,3.520231383736923e-09,3.5202004795477175e-09,3.520169575678955e-09,3.5201386721200803e-09,3.5201077688752738e-09,3.520076865953572e-09,3.5200459633658457e-09,3.5200150609990596e-09,3.519984159009186e-09,3.5199532573456987e-09,3.5199223559978696e-09,3.5198914549914295e-09,3.5198605542866754e-09,3.519829653878343e-09,3.519798753740679e-09,3.5197678539064203e-09,3.5197369544598894e-09,3.5197060553269667e-09,3.519675156499094e-09,3.5196442580299577e-09,3.519613359848231e-09,3.5195824619460005e-09,3.5195515643772204e-09,3.5195206670818765e-09,3.5194897701561115e-09,3.519458873552529e-09,3.519427977202692e-09,3.519397081234023e-09,3.5193661855161883e-09,3.5193352901161182e-09,3.5193043950393307e-09,3.519273500333018e-09,3.5192426059544277e-09,3.5192117118722264e-09,3.519180818124443e-09,3.51914992471176e-09,3.5191190315961217e-09,3.5190881388351776e-09,3.519057246361003e-09,3.519026354193592e-09,3.5189954622724864e-09,3.518964570740741e-09,3.5189336795092675e-09,3.5189027886065697e-09,3.5188718979430194e-09,3.518841007655669e-09,3.5188101177035434e-09,3.5187792280657802e-09,3.5187483387438432e-09,3.5187174497470743e-09,3.518686560988063e-09,3.5186556725348837e-09,3.5186247844970458e-09,3.518593896689295e-09,3.518563009250171e-09,3.5185321221553533e-09,3.518501235303683e-09,3.51847034874977e-09,3.518439462548177e-09,3.5184085766412165e-09,3.5183776911038877e-09,3.518346805914736e-09,3.5183159210003504e-09,3.5182850364090047e-09,3.5182541521321304e-09,3.5182232681342534e-09,3.518192384492597e-09,3.518161501167153e-09,3.5181306181576574e-09,3.5180997353975482e-09,3.5180688530186137e-09,3.5180379709556714e-09,3.5180070891537533e-09,3.517976207736145e-09,3.5179453266197636e-09,3.5179144458196427e-09,3.5178835653061527e-09,3.5178526851451124e-09,3.5178218052396477e-09,3.517790925746543e-09,3.5177600465309713e-09,3.5177291676398654e-09,3.5176982889915634e-09,3.51766741072749e-09,3.5176365327151293e-09,3.5176056550200058e-09,3.5175747776335923e-09,3.5175439005994928e-09,3.517513023840325e-09,3.5174821474585446e-09,3.5174512713696963e-09,3.5174203956285392e-09,3.517389520221598e-09,3.517358645122156e-09,3.5173277703387227e-09,3.5172968958809843e-09,3.5172660217231833e-09,3.5172351478671175e-09,3.5172042742725657e-09,3.5171734009871313e-09,3.5171425280397486e-09,3.517111655460484e-09,3.5170807832241777e-09,3.517049911219378e-09,3.5170190396035313e-09,3.5169881682861196e-09,3.516957297262999e-09,3.516926426573694e-09,3.5168955561437024e-09,3.5168646860772595e-09,3.5168338163391114e-09,3.516802946913842e-09,3.516772077804482e-09,3.516741209024116e-09,3.516710340539308e-09,3.5166794723844166e-09,3.5166486045417317e-09,3.516617737025166e-09,3.5165868698291893e-09,3.516556002870139e-09,3.5165251362349823e-09,3.5164942699195123e-09,3.516463403972431e-09,3.516432538316372e-09,3.5164016729981494e-09,3.516370807998717e-09,3.5163399432551315e-09,3.5163090788874374e-09,3.5162782147622e-09,3.5162473510444984e-09,3.516216487661153e-09,3.5161856244750946e-09,3.5161547616866236e-09,3.5161238991592227e-09,3.516093036998327e-09,3.516062175114471e-09,3.5160313135210772e-09,3.516000452309914e-09,3.5159695913380447e-09,3.5159387307635465e-09,3.515907870505447e-09,3.515877010559297e-09,3.5158461509383897e-09,3.5158152916465298e-09,3.5157844326483355e-09,3.5157535739091075e-09,3.5157227155438085e-09,3.515691857432431e-09,3.51566099970079e-09,3.515630142280516e-09,3.5155992851821693e-09,3.5155684283968834e-09,3.5155375718559217e-09,3.5155067156426266e-09,3.515475859761774e-09,3.515445004179186e-09,3.5154141489695055e-09,3.5153832940759075e-09,3.5153524394981164e-09,3.5153215852458614e-09,3.5152907312891522e-09,3.5152598776005095e-09,3.515229024295339e-09,3.515198171296448e-09,3.515167318601365e-09,3.5151364662333062e-09,3.5151056141887375e-09,3.5150747623996663e-09,3.515043910957555e-09,3.5150130597904568e-09,3.5149822090153316e-09,3.5149513585519426e-09,3.5149205083804834e-09,3.5148896585564455e-09,3.5148588089700984e-09,3.5148279596933136e-09,3.5147971107970415e-09,3.514766262282526e-09,3.514735414006126e-09,3.514704566071154e-09,3.5146737184666374e-09,3.514642871150129e-09,3.514612024092745e-09,3.5145811774394405e-09,3.514550331058321e-09,3.514519485013713e-09,3.514488639280604e-09,3.514457793855512e-09,3.5144269487522205e-09,3.514396103901914e-09,3.514365259455304e-09,3.514334415279108e-09,3.514303571384528e-09,3.5142727278557717e-09,3.5142418846306995e-09,3.514211041738126e-09,3.5141801990500046e-09,3.5141493567297753e-09,3.514118514842735e-09,3.514087673212698e-09,3.514056831897233e-09,3.5140259909278595e-09,3.5139951502488335e-09,3.5139643098226294e-09,3.5139334697574463e-09,3.513902630015975e-09,3.5138717905209227e-09,3.5138409513558543e-09,3.5138101125639085e-09,3.5137792740846908e-09,3.513748435930595e-09,3.5137175980242913e-09,3.5136867605084176e-09,3.513655923291486e-09,3.513625086411669e-09,3.5135942497979956e-09,3.513563413554979e-09,3.513532577618407e-09,3.513501741952484e-09,3.51347090662875e-09,3.51344007158202e-09,3.5134092369025867e-09,3.5133784025430436e-09,3.51334756848186e-09,3.513316734698767e-09,3.5132859012778467e-09,3.51325506809984e-09,3.513224235285297e-09,3.5131934028127414e-09,3.5131625705393072e-09,3.513131738675281e-09,3.5131009071474163e-09,3.5130700758663606e-09,3.5130392449051682e-09,3.5130084142930366e-09,3.5129775839517234e-09,3.5129467539944996e-09,3.5129159242878002e-09,3.5128850949696553e-09,3.5128542659278483e-09,3.512823437229205e-09,3.512792608856454e-09,3.512761780789186e-09,3.512730953040457e-09,3.5127001256136403e-09,3.5126692984927465e-09,3.5126384716344444e-09,3.5126076451365047e-09,3.5125768189445885e-09,3.5125459930676485e-09,3.512515167526766e-09,3.5124843422566212e-09,3.512453517333221e-09,3.5124226927356297e-09,3.512391868441683e-09,3.5123610444721687e-09,3.5123302208208388e-09,3.5122993974257058e-09,3.5122685744330263e-09,3.512237751666539e-09,3.5122069292627513e-09,3.5121761071922223e-09,3.5121452854218515e-09,3.512114463914455e-09,3.512083642792122e-09,3.5120528219132347e-09,3.5120220014213493e-09,3.5119911812706548e-09,3.511960361400083e-09,3.5119295418570444e-09,3.5118987225615744e-09,3.511867903640874e-09,3.511837085035567e-09,3.5118062667486514e-09,3.5117754487206914e-09,3.5117446310613723e-09,3.511713813659815e-09,3.5116829966346005e-09,3.511652179921331e-09,3.511621363520994e-09,3.5115905474384392e-09,3.511559731676115e-09,3.5115289161666167e-09,3.5114981009688253e-09,3.511467286147396e-09,3.5114364716445953e-09,3.5114056574566836e-09,3.511374843571064e-09,3.5113440300196356e-09,3.5113132167709584e-09,3.511282403847226e-09,3.5112515912300305e-09,3.5112207788805384e-09,3.511189966893207e-09,3.511159155224622e-09,3.5111283438356552e-09,3.511097532815404e-09,3.511066722097872e-09,3.5110359116996573e-09,3.5110051016104197e-09,3.5109742917493367e-09,3.5109434822973656e-09,3.510912673142009e-09,3.510881864320438e-09,3.510851055768953e-09,3.5108202475497853e-09,3.510789439669407e-09,3.5107586321092534e-09,3.5107278248470064e-09,3.5106970179071452e-09,3.5106662112312626e-09,3.5106354049304414e-09,3.5106045988624783e-09,3.510573793220404e-09,3.5105429878007497e-09,3.5105121828881697e-09,3.5104813781521372e-09,3.510450573665356e-09,3.5104197695791296e-09,3.5103889658086875e-09,3.510358162324925e-09,3.510327359108203e-09,3.5102965562637097e-09,3.510265753739671e-09,3.510234951527318e-09,3.510204149637366e-09,3.5101733480554133e-09,3.5101425467256924e-09,3.5101117457921042e-09,3.5100809452260737e-09,3.5100501449053474e-09,3.5100193448995225e-09,3.509988545199868e-09,3.50995774575457e-09,3.5099269467286222e-09,3.5098961479242685e-09,3.5098653494868914e-09,3.509834551365197e-09,3.509803753585301e-09,3.509772956100353e-09,3.509742158940439e-09,3.5097113619649077e-09,3.509680565417765e-09,3.5096497691257187e-09,3.5096189732258637e-09,3.509588177628542e-09,3.509557382361118e-09,3.509526587406886e-09,3.509495792767654e-09,3.5094649983978772e-09,3.509434204305609e-09,3.509403410604783e-09,3.5093726171509703e-09,3.509341824013329e-09,3.509311031254842e-09,3.5092802387701246e-09,3.5092494466431074e-09,3.509218654865159e-09,3.5091878633667644e-09,3.509157072123648e-09,3.509126281261375e-09,3.509095490651328e-09,3.509064700356779e-09,3.509033910435111e-09,3.509003120787075e-09,3.5089723315015234e-09,3.5089415424543383e-09,3.50891075379356e-09,3.5088799654579575e-09,3.5088491774345626e-09,3.508818389716463e-09,3.50878760230037e-09,3.50875681523113e-09,3.5087260284546467e-09,3.5086952419948883e-09,3.5086644558260894e-09,3.508633669944644e-09,3.5086028844384523e-09,3.5085720992615013e-09,3.5085413143198103e-09,3.5085105297515708e-09,3.508479745498557e-09,3.5084489615034977e-09,3.508418177827012e-09,3.5083873945292852e-09,3.508356611469589e-09,3.5083258288004713e-09,3.5082950464453762e-09,3.508264264384127e-09,3.50823348267137e-09,3.508202701262e-09,3.508171920167253e-09,3.5081411393287185e-09,3.5081103587976964e-09,3.508079578647982e-09,3.5080487988031442e-09,3.508018019219501e-09,3.507987240005182e-09,3.507956461117436e-09,3.5079256825045003e-09,3.5078949042447566e-09,3.507864126286476e-09,3.507833348651068e-09,3.507802571344809e-09,3.5077717942803032e-09,3.50774101759506e-09,3.507710241184293e-09,3.5076794651089736e-09,3.5076486893679225e-09,3.5076179138729596e-09,3.5075871386796323e-09,3.5075563637741606e-09,3.507525589256493e-09,3.507494815020968e-09,3.5074640411644164e-09,3.5074332676220766e-09,3.507402494400199e-09,3.5073717214925422e-09,3.5073409488440506e-09,3.5073101765357133e-09,3.5072794045034626e-09,3.5072486328472807e-09,3.5072178615145245e-09,3.5071870904335934e-09,3.5071563196618546e-09,3.5071255492074045e-09,3.507094779133347e-09,3.507064009374557e-09,3.5070332399262535e-09,3.5070024707645974e-09,3.5069717019500875e-09,3.5069409334503024e-09,3.5069101652446826e-09,3.50687939736951e-09,3.506848629746779e-09,3.506817862508078e-09,3.506787095585545e-09,3.5067563289168566e-09,3.5067255626242835e-09,3.5066947966180587e-09,3.5066640309417434e-09,3.506633265529066e-09,3.5066025004263668e-09,3.5065717356319587e-09,3.5065409712145904e-09,3.5065102071147957e-09,3.50647944333295e-09,3.506448679860602e-09,3.5064179166797808e-09,3.5063871538360917e-09,3.506356391270959e-09,3.506325629045238e-09,3.5062948671456953e-09,3.506264105538265e-09,3.5062333442947997e-09,3.506202583339028e-09,3.506171822703505e-09,3.506141062325639e-09,3.5061103023142823e-09,3.506079542617003e-09,3.5060487832482434e-09,3.5060180241809374e-09,3.505987265432529e-09,3.5059565069947264e-09,3.5059257488302008e-09,3.5058949909532048e-09,3.505864233459356e-09,3.505833476280211e-09,3.5058027194197474e-09,3.505771962870109e-09,3.5057412066405744e-09,3.5057104506552098e-09,3.5056796949950702e-09,3.505648939630218e-09,3.5056181846635197e-09,3.5055874299981186e-09,3.5055566756615756e-09,3.505525921562747e-09,3.5054951678370994e-09,3.5054644144335988e-09,3.5054336612851667e-09,3.5054029084472003e-09,3.5053721559903714e-09,3.50534140384204e-09,3.505310652015565e-09,3.505279900434934e-09,3.505249149243269e-09,3.505218398356132e-09,3.5051876477291696e-09,3.5051568974692804e-09,3.505126147526098e-09,3.5050953979162448e-09,3.505064648585763e-09,3.505033899587566e-09,3.50500315084491e-09,3.504972402456201e-09,3.504941654406487e-09,3.5049109066755063e-09,3.5048801592492673e-09,3.5048494120781358e-09,3.504818665279486e-09,3.504787918786243e-09,3.504757172621566e-09,3.504726426779486e-09,3.504695681227922e-09,3.5046649359627323e-09,3.50463419105067e-09,3.5046034464421832e-09,3.504572702161233e-09,3.5045419582039754e-09,3.504511214494729e-09,3.5044804711344527e-09,3.50444972811519e-09,3.504418985409341e-09,3.5043882430248665e-09,3.504357500924986e-09,3.504326759102648e-09,3.504296017652632e-09,3.504265276444703e-09,3.50423453557771e-09,3.504203795011958e-09,3.5041730548179524e-09,3.504142314884262e-09,3.5041115752439615e-09,3.504080835982888e-09,3.504050097062325e-09,3.504019358431091e-09,3.5039886201220613e-09,3.5039578821238988e-09,3.5039271444432007e-09,3.503896407078042e-09,3.503865670034226e-09,3.5038349332462043e-09,3.503804196772346e-09,3.5037734606735003e-09,3.503742724880264e-09,3.5037119894083897e-09,3.503681254213577e-09,3.5036505193107487e-09,3.503619784744051e-09,3.5035890505178043e-09,3.503558316557125e-09,3.503527582912961e-09,3.5034968495701614e-09,3.5034661166098013e-09,3.503435383973203e-09,3.503404651651054e-09,3.50337391966438e-09,3.50334318796599e-09,3.5033124565751672e-09,3.50328172550504e-09,3.503250994763056e-09,3.5032202642987333e-09,3.503189534104977e-09,3.503158804288353e-09,3.5031280748036706e-09,3.5030973455537144e-09,3.503066616736465e-09,3.5030358881796315e-09,3.503005159935574e-09,3.5029744319686585e-09,3.5029437043454724e-09,3.5029129770534626e-09,3.5028822500550626e-09,3.5028515233818823e-09,3.5028207970328737e-09,3.502790070963888e-09,3.502759345193603e-09,3.502728619717789e-09,3.5026978946480588e-09,3.502667169870557e-09,3.502636445397618e-09,3.5026057212461473e-09,3.5025749974235385e-09,3.5025442738987173e-09,3.5025135507119312e-09,3.5024828278003403e-09,3.5024521051383896e-09,3.502421382801484e-09,3.502390660844056e-09,3.5023599391942376e-09,3.502329217810774e-09,3.502298496794844e-09,3.5022677760153405e-09,3.5022370556309906e-09,3.5022063355579155e-09,3.502175615800197e-09,3.5021448963512476e-09,3.502114177210041e-09,3.502083458403911e-09,3.502052739919543e-09,3.502022021732683e-09,3.5019913038605163e-09,3.50196058631232e-09,3.501929869085556e-09,3.5018991521560055e-09,3.5018684355393484e-09,3.5018377192336256e-09,3.5018070032125972e-09,3.501776287514936e-09,3.501745572108954e-09,3.5017148570021e-09,3.501684142280502e-09,3.501653427868002e-09,3.5016227137070856e-09,3.5015919998999917e-09,3.501561286425388e-09,3.5015305732539952e-09,3.5014998604106374e-09,3.5014691478785394e-09,3.5014384356656736e-09,3.501407723722481e-09,3.5013770121035727e-09,3.501346300816822e-09,3.5013155898512118e-09,3.501284879197563e-09,3.5012541688586763e-09,3.501223458845166e-09,3.5011927491314658e-09,3.5011620397744513e-09,3.50113133070758e-09,3.501100621945267e-09,3.50106991349706e-09,3.5010392053534508e-09,3.501008497473777e-09,3.5009777899679156e-09,3.5009470827767264e-09,3.500916375883078e-09,3.5008856693083106e-09,3.500854963061855e-09,3.500824257031034e-09,3.500793551353212e-09,3.5007628459925373e-09,3.5007321409417375e-09,3.5007014361986228e-09,3.5006707318424437e-09,3.5006400277611905e-09,3.5006093239663015e-09,3.500578620475671e-09,3.500547917283707e-09,3.5005172144294413e-09,3.5004865119582026e-09,3.5004558097751114e-09,3.5004251079121593e-09,3.5003944063484763e-09,3.500363705133846e-09,3.5003330042410338e-09,3.500302303633005e-09,3.500271603350307e-09,3.5002409033821076e-09,3.5002102037308397e-09,3.500179504400412e-09,3.5001488053712934e-09,3.500118106619123e-09,3.500087408250165e-09,3.500056710198226e-09,3.5000260123861453e-09,3.4999953149415082e-09,3.499964617735192e-09,3.499933920924888e-09,3.499903224355911e-09,3.4998725281231244e-09,3.4998418322486358e-09,3.4998111366403586e-09,3.499780441385434e-09,3.4997497464412754e-09,3.499719051813783e-09,3.4996883574931473e-09,3.4996576634815046e-09,3.499626969741914e-09,3.4995962763675875e-09,3.499565583252965e-09,3.499534890512661e-09,3.499504198026556e-09,3.499473505915182e-09,3.4994428141138057e-09,3.4994121226371957e-09,3.4993814314604642e-09,3.499350740560086e-09,3.49932005004195e-09,3.4992893598066935e-09,3.499258669882987e-09,3.4992279802452556e-09,3.499197290952379e-09,3.4991666019556533e-09,3.499135913235443e-09,3.499105224880834e-09,3.499074536846412e-09,3.4990438491226405e-09,3.499013161711494e-09,3.4989824746099796e-09,3.498951787825816e-09,3.4989211013856823e-09,3.4988904152344635e-09,3.498859729361931e-09,3.4988290438353336e-09,3.4987983586223295e-09,3.4987676737290965e-09,3.4987369890940903e-09,3.4987063048185825e-09,3.4986756208610037e-09,3.4986449372291872e-09,3.498614253917852e-09,3.4985835708827296e-09,3.4985528881922372e-09,3.4985222058217248e-09,3.4984915237509027e-09,3.498460842001987e-09,3.498430160561425e-09,3.49839947943835e-09,3.4983687985812585e-09,3.4983381180761355e-09,3.4983074378833204e-09,3.4982767579516713e-09,3.4982460783639694e-09,3.4982153991141038e-09,3.4981847201879093e-09,3.4981540415656736e-09,3.498123363250773e-09,3.4980926852657604e-09,3.4980620075848227e-09,3.4980313302226635e-09,3.4980006531701907e-09,3.4979699764195623e-09,3.497939299969469e-09,3.497908623864229e-09,3.497877948069123e-09,3.497847272599486e-09,3.497816597438092e-09,3.497785922580667e-09,3.4977552480471464e-09,3.4977245738246272e-09,3.4976938999274022e-09,3.4976632263290653e-09,3.4976325530393644e-09,3.4976018800745316e-09,3.4975712074174716e-09,3.497540535061472e-09,3.4975098629665175e-09,3.4974791912518565e-09,3.497448519781384e-09,3.4974178486277804e-09,3.4973871778306182e-09,3.497356507375164e-09,3.497325837218211e-09,3.497295167393078e-09,3.4972644978333093e-09,3.49723382856684e-09,3.497203159668181e-09,3.497172491028564e-09,3.497141822698342e-09,3.497111154750246e-09,3.497080487108474e-09,3.497049819783465e-09,3.497019152732727e-09,3.4969884859192017e-09,3.4969578194731328e-09,3.4969271533876754e-09,3.4968964876546763e-09,3.496865822155132e-09,3.4968351570279384e-09,3.4968044921518306e-09,3.4967738276465872e-09,3.496743163398375e-09,3.4967124995164794e-09,3.496681835951707e-09,3.4966511726976547e-09,3.4966205097027724e-09,3.496589847086756e-09,3.496559184711726e-09,3.496528522725104e-09,3.4964978610420714e-09,3.4964671996730924e-09,3.4964365386011283e-09,3.4964058778592654e-09,3.4963752174282455e-09,3.4963445573205573e-09,3.496313897500214e-09,3.4962832379576235e-09,3.4962525788021925e-09,3.4962219199419034e-09,3.496191261334482e-09,3.4961606030967643e-09,3.4961299451783832e-09,3.4960992875195003e-09,3.4960686302269757e-09,3.4960379731831843e-09,3.4960073165496885e-09,3.4959766602357967e-09,3.495946004139909e-09,3.4959153484171616e-09,3.495884693005883e-09,3.495854037929107e-09,3.495823383090794e-09,3.49579272865188e-09,3.4957620744348067e-09,3.4957314205907645e-09,3.4957007670083836e-09,3.4956701137771967e-09,3.495639460883497e-09,3.49560880831236e-09,3.495578156026754e-09,3.4955475040406797e-09,3.495516852356751e-09,3.495486201021101e-09,3.4954555500054127e-09,3.49542489930637e-09,3.4953942488790143e-09,3.495363598764392e-09,3.495332948958335e-09,3.495302299504451e-09,3.4952716503631147e-09,3.4952410015474328e-09,3.4952103530445976e-09,3.4951797047840506e-09,3.4951490568996706e-09,3.4951184093256455e-09,3.4950877620141254e-09,3.4950571150666226e-09,3.495026468430771e-09,3.494995822069222e-09,3.494965176038078e-09,3.4949345302863445e-09,3.494903884880293e-09,3.494873239759466e-09,3.494842594980424e-09,3.494811950540767e-09,3.494781306425886e-09,3.4947506626041736e-09,3.4947200191067746e-09,3.4946893758616135e-09,3.494658732977272e-09,3.494628090367851e-09,3.494597448051257e-09,3.4945668060671713e-09,3.4945361645131132e-09,3.494505523191216e-09,3.494474882162344e-09,3.4944442414665785e-09,3.494413601057333e-09,3.4943829610234756e-09,3.494352321302236e-09,3.4943216818201907e-09,3.4942910427820855e-09,3.494260403925104e-09,3.494229765366138e-09,3.4941991271941453e-09,3.494168489313587e-09,3.4941378517339515e-09,3.4941072145006143e-09,3.494076577578505e-09,3.4940459409825872e-09,3.494015304690415e-09,3.4939846687112053e-09,3.4939540330487597e-09,3.493923397693523e-09,3.4938927625916004e-09,3.4938621278709276e-09,3.493831493485932e-09,3.493800859391608e-09,3.4937702255804844e-09,3.493739592108011e-09,3.4937089589514003e-09,3.493678326112516e-09,3.4936476936098266e-09,3.493617061390507e-09,3.49358642941723e-09,3.493555797858908e-09,3.4935251665793156e-09,3.493494535645144e-09,3.493463904937352e-09,3.4934332746317617e-09,3.493402644615323e-09,3.4933720148383498e-09,3.4933413853609925e-09,3.4933107562457286e-09,3.493280127448674e-09,3.4932494989861524e-09,3.4932188708430863e-09,3.4931882429671635e-09,3.4931576154205702e-09,3.493126988222652e-09,3.493096361328531e-09,3.4930657347349634e-09,3.4930351084672125e-09,3.4930044824476902e-09,3.4929738568046257e-09,3.492943231422409e-09,3.4929126065320837e-09,3.4928819818290462e-09,3.4928513574484893e-09,3.492820733321327e-09,3.49279010950104e-09,3.492759486049063e-09,3.4927288629308842e-09,3.4926982400520067e-09,3.492667617486664e-09,3.492636995293302e-09,3.4926063734237135e-09,3.492575751832448e-09,3.492545130603006e-09,3.4925145096543415e-09,3.4924838890249154e-09,3.4924532686276463e-09,3.49242264865133e-09,3.492392028906788e-09,3.492361409473754e-09,3.492330790406804e-09,3.4923001716523687e-09,3.492269553263612e-09,3.492238935116918e-09,3.492208317256626e-09,3.492177699744198e-09,3.4921470825677353e-09,3.4921164657023524e-09,3.492085849162816e-09,3.49205523286077e-09,3.4920246169306773e-09,3.491994001238324e-09,3.491963385812368e-09,3.4919327708082465e-09,3.4919021560759627e-09,3.4918715417256105e-09,3.4918409276036177e-09,3.49181031388794e-09,3.491779700460468e-09,3.491749087313053e-09,3.491718474512285e-09,3.4916878620339353e-09,3.4916572497872072e-09,3.491626637875876e-09,3.491596026265001e-09,3.4915654150368812e-09,3.491534804111866e-09,3.4915041934983665e-09,3.491473583213228e-09,3.4914429732312523e-09,3.4914123635684388e-09,3.4913817542077806e-09,3.491351145175021e-09,3.49132053644497e-09,3.491289928035664e-09,3.491259319946379e-09,3.4912287121827836e-09,3.4911981047014484e-09,3.4911674975465915e-09,3.4911368906277168e-09,3.4911062840950092e-09,3.4910756778842656e-09,3.491045071956633e-09,3.491014466333993e-09,3.490983861038104e-09,3.4909532560743723e-09,3.4909226514210953e-09,3.490892047016143e-09,3.490861442986246e-09,3.4908308392539344e-09,3.4908002358454012e-09,3.4907696327139595e-09,3.490739029867992e-09,3.490708427339545e-09,3.4906778252078443e-09,3.490647223382841e-09,3.4906166218736724e-09,3.4905860205960243e-09,3.490555419696191e-09,3.4905248190822642e-09,3.4904942188402744e-09,3.490463618873173e-09,3.49043301922019e-09,3.490402419884552e-09,3.490371820862995e-09,3.490341222142621e-09,3.4903106237372487e-09,3.490280025638359e-09,3.490249427863216e-09,3.4902188303745717e-09,3.4901882332090903e-09,3.4901576363608082e-09,3.490127039855484e-09,3.490096443636827e-09,3.4900658476762925e-09,3.4900352520865976e-09,3.4900046567775453e-09,3.489974061806327e-09,3.4899434671584754e-09,3.489912872807314e-09,3.4898822787214656e-09,3.4898516849534457e-09,3.4898210915569218e-09,3.4897904984796776e-09,3.489759905708184e-09,3.489729313180915e-09,3.4896987209996674e-09,3.489668129105052e-09,3.4896375375430045e-09,3.489606946260484e-09,3.489576355362169e-09,3.4895457647741787e-09,3.4895151745154317e-09,3.4894845845734477e-09,3.489453994955978e-09,3.4894234056088557e-09,3.489392816587792e-09,3.4893622278784606e-09,3.4893316394227204e-09,3.489301051336113e-09,3.489270463567012e-09,3.489239876097613e-09,3.489209288954164e-09,3.4891787021305353e-09,3.4891481156125852e-09,3.4891175294170254e-09,3.4890869434661593e-09,3.4890563578288944e-09,3.4890257725577863e-09,3.4889951876149456e-09,3.488964602963521e-09,3.4889340185269133e-09,3.488903434511032e-09,3.4888728508175053e-09,3.4888422673761294e-09,3.4888116842887844e-09,3.4887811014685045e-09,3.4887505190255914e-09,3.4887199368329253e-09,3.4886893550036934e-09,3.4886587734729554e-09,3.4886281922706494e-09,3.4885976113920065e-09,3.488567030778192e-09,3.488536450524659e-09,3.4885058705870695e-09,3.4884752909500126e-09,3.488444711624515e-09,3.4884141326243103e-09,3.4883835538664736e-09,3.48835297547891e-09,3.488322397348076e-09,3.4882918195336285e-09,3.4882612420828774e-09,3.4882306648831674e-09,3.4882000880708744e-09,3.488169511572365e-09,3.4881389353839882e-09,3.4881083594978145e-09,3.488077783924061e-09,3.488047208601409e-09,3.4880166336532153e-09,3.487986059017736e-09,3.487955484698678e-09,3.487924910660156e-09,3.487894336910402e-09,3.4878637635445026e-09,3.4878331904724606e-09,3.4878026178203584e-09,3.487772045364699e-09,3.48774147323556e-09,3.4877109013495485e-09,3.487680329796014e-09,3.4876497586285654e-09,3.4876191877447114e-09,3.4875886171832676e-09,3.4875580469232844e-09,3.4875274769875176e-09,3.4874969073388387e-09,3.487466337963008e-09,3.487435768955169e-09,3.487405200261839e-09,3.487374631872634e-09,3.4873440637361684e-09,3.487313495981333e-09,3.4872829285534174e-09,3.487252361449273e-09,3.4872217946388535e-09,3.487191228093096e-09,3.487160661909822e-09,3.487130096015011e-09,3.48709953045448e-09,3.487068965193837e-09,3.4870384002485672e-09,3.487007835616019e-09,3.4869772713016857e-09,3.4869467072942284e-09,3.4869161435991972e-09,3.486885580217653e-09,3.4868550171574937e-09,3.486824454421494e-09,3.4867938919459687e-09,3.4867633298194432e-09,3.4867327679434567e-09,3.486702206435059e-09,3.4866716452444245e-09,3.4866410843670915e-09,3.4866105238039303e-09,3.4865799635360735e-09,3.48654940359557e-09,3.4865188439926795e-09,3.486488284658442e-09,3.4864577255864447e-09,3.4864271668391985e-09,3.4863966084405713e-09,3.486366050322035e-09,3.4863354925679935e-09,3.486304935122702e-09,3.486274377990532e-09,3.486243821173544e-09,3.4862132646710705e-09,3.4861827084763705e-09,3.4861521525591867e-09,3.4861215969813595e-09,3.4860910417208996e-09,3.4860604867691365e-09,3.486029932064836e-09,3.485999377743813e-09,3.485968823701735e-09,3.48593827000937e-09,3.4859077166293877e-09,3.4858771635616426e-09,3.4858466108081814e-09,3.485816058288202e-09,3.4857855060952582e-09,3.4857549542146765e-09,3.485724402713129e-09,3.485693851519643e-09,3.4856633005940385e-09,3.485632749987128e-09,3.485602199690827e-09,3.4855716497407435e-09,3.4855411001023854e-09,3.485510550782837e-09,3.4854800019191825e-09,3.4854494532211034e-09,3.4854189048191987e-09,3.4853883566890787e-09,3.485357808925293e-09,3.4853272614711976e-09,3.4852967143072146e-09,3.4852661674830896e-09,3.4852356209707124e-09,3.4852050747398284e-09,3.4851745288527737e-09,3.4851439832760324e-09,3.4851134379587765e-09,3.485082893005359e-09,3.4850523483309104e-09,3.4850218039735256e-09,3.48499125994869e-09,3.4849607162364554e-09,3.4849301728298866e-09,3.484899629753505e-09,3.4848690869737255e-09,3.484838544474938e-09,3.4848080023449738e-09,3.484777460515226e-09,3.484746918941043e-09,3.4847163778314285e-09,3.4846858369406075e-09,3.4846552963720876e-09,3.484624756105826e-09,3.4845942161519298e-09,3.4845636765146444e-09,3.484533137218474e-09,3.484502598206111e-09,3.484472059505802e-09,3.4844415211220504e-09,3.484410983044496e-09,3.4843804452170982e-09,3.4843499077938176e-09,3.4843193706637447e-09,3.4842888338213243e-09,3.4842582972465345e-09,3.48422776104128e-09,3.4841972251446987e-09,3.4841666894928513e-09,3.4841361542299563e-09,3.484105619326086e-09,3.4840750846801927e-09,3.4840445503464717e-09,3.484014016298996e-09,3.483983482575063e-09,3.4839529491660603e-09,3.483922416036961e-09,3.483891883392839e-09,3.483861350925794e-09,3.4838308187775978e-09,3.483800286929607e-09,3.483769755392092e-09,3.4837392241901016e-09,3.4837086932985422e-09,3.4836781627091366e-09,3.4836476324448345e-09,3.4836171024840125e-09,3.4835865728361614e-09,3.4835560434942575e-09,3.4835255144531768e-09,3.483494985738364e-09,3.483464457332481e-09,3.4834339292053273e-09,3.4834034014040064e-09,3.4833728740747884e-09,3.483342346914335e-09,3.4833118200723203e-09,3.4832812934887014e-09,3.4832507672583176e-09,3.483220241349979e-09,3.483189715765407e-09,3.4831591904838813e-09,3.4831286655144702e-09,3.483098140852634e-09,3.4830676164300285e-09,3.4830370923580447e-09,3.4830065686017006e-09,3.4829760451958486e-09,3.4829455220432277e-09,3.4829149992416895e-09,3.4828844767781774e-09,3.4828539546029076e-09,3.4828234327322855e-09,3.482792911207149e-09,3.4827623899839487e-09,3.4827318690726506e-09,3.482701348472981e-09,3.482670828198088e-09,3.4826403082245542e-09,3.4826097885601965e-09,3.4825792692047225e-09,3.482548750173975e-09,3.4825182314547173e-09,3.482487713036912e-09,3.4824571949509527e-09,3.4824266771811464e-09,3.4823961597287784e-09,3.4823656425712474e-09,3.4823351256638855e-09,3.4823046091195518e-09,3.482274092898729e-09,3.4822435769703083e-09,3.482213061300325e-09,3.482182546014455e-09,3.482152031050979e-09,3.4821215163281044e-09,3.482091001909805e-09,3.4820604878082565e-09,3.482029974081542e-09,3.4819994606610875e-09,3.481968947544683e-09,3.4819384347372674e-09,3.4819079222456943e-09,3.4818774100685855e-09,3.4818468980971138e-09,3.481816386542114e-09,3.481785875264501e-09,3.481755364332516e-09,3.4817248537090114e-09,3.4816943433867203e-09,3.4816638334205937e-09,3.481633323733371e-09,3.4816028143655466e-09,3.481572305258883e-09,3.4815417965134115e-09,3.481511288081709e-09,3.4814807799629068e-09,3.4814502721178772e-09,3.48141976459874e-09,3.481389257405804e-09,3.481358750531624e-09,3.4813282439681174e-09,3.4812977377272897e-09,3.48126723179821e-09,3.481236726165124e-09,3.481206220861759e-09,3.481175715865297e-09,3.4811452111414523e-09,3.4811147067731245e-09,3.481084202689683e-09,3.4810536989244696e-09,3.4810231954275352e-09,3.4809926922856375e-09,3.4809621894957718e-09,3.4809316869877012e-09,3.4809011847482116e-09,3.4808706828594214e-09,3.480840181264193e-09,3.4808096799944326e-09,3.4807791790474115e-09,3.480748678405647e-09,3.4807181780814945e-09,3.4806876780680125e-09,3.4806571783702665e-09,3.48062667892043e-09,3.4805961797947286e-09,3.480565681026399e-09,3.480535182581505e-09,3.4805046844272413e-09,3.4804741865720146e-09,3.480443689061763e-09,3.4804131918585697e-09,3.480382694952338e-09,3.480352198371176e-09,3.4803217020992264e-09,3.480291206149077e-09,3.4802607104804585e-09,3.4802302151715282e-09,3.4801997201367524e-09,3.480169225422766e-09,3.4801387309565974e-09,3.4801082368093624e-09,3.4800777429777283e-09,3.4800472495140377e-09,3.4800167563597156e-09,3.479986263526716e-09,3.4799557709958043e-09,3.4799252787866762e-09,3.4798947868742694e-09,3.479864295281968e-09,3.479833803944473e-09,3.4798033129769225e-09,3.4797728222995113e-09,3.479742331925964e-09,3.4797118418858912e-09,3.4796813521506557e-09,3.4796508627335058e-09,3.4796203736308963e-09,3.479589884858568e-09,3.4795593964332164e-09,3.4795289082498246e-09,3.479498420333939e-09,3.4794679327987162e-09,3.479437445532347e-09,3.4794069587396747e-09,3.479376472130994e-09,3.4793459858205878e-09,3.4793154998268e-09,3.4792850141538928e-09,3.47925452873231e-09,3.4792240436790604e-09,3.479193558968184e-09,3.4791630745595912e-09,3.479132590400961e-09,3.479102106537426e-09,3.4790716230306113e-09,3.479041139847213e-09,3.479010656926181e-09,3.478980174380485e-09,3.4789496921238784e-09,3.4789192101916154e-09,3.4788887286623763e-09,3.4788582473512225e-09,3.4788277663416435e-09,3.478797285650016e-09,3.4787668052733146e-09,3.478736325211173e-09,3.4787058454760907e-09,3.4786753660376226e-09,3.4786448869073677e-09,3.4786144080680587e-09,3.4785839295200757e-09,3.478553451460006e-09,3.4785229735765506e-09,3.4784924960286703e-09,3.4784620187802878e-09,3.4784315417788463e-09,3.4784010651409028e-09,3.478370588820816e-09,3.4783401128033503e-09,3.4783096370615445e-09,3.4782791616705166e-09,3.4782486865966917e-09,3.4782182118388425e-09,3.478187737408975e-09,3.4781572632030945e-09,3.4781267893787314e-09,3.4780963158574273e-09,3.478065842647099e-09,3.478035369726721e-09,3.4780048971397725e-09,3.4779744248435374e-09,3.4779439528888945e-09,3.4779134812390262e-09,3.477883009842565e-09,3.477852538809373e-09,3.4778220680626547e-09,3.477791597682183e-09,3.477761127591842e-09,3.4777306577344588e-09,3.4777001882670685e-09,3.4776697191137744e-09,3.477639250274018e-09,3.477608781675646e-09,3.477578313589068e-09,3.4775478456715103e-09,3.4775173780685892e-09,3.477486910786067e-09,3.4774564438168177e-09,3.477425977147236e-09,3.477395510791501e-09,3.4773650447421386e-09,3.4773345789672304e-09,3.4773041135348276e-09,3.4772736483903184e-09,3.477243183599695e-09,3.477212719070302e-09,3.4771822548955573e-09,3.4771517910389348e-09,3.477121327473753e-09,3.4770908642641323e-09,3.477060401335984e-09,3.4770299387267036e-09,3.4769994764173427e-09,3.4769690144193615e-09,3.4769385527366598e-09,3.476908091361453e-09,3.476877630294536e-09,3.4768471694938855e-09,3.4768167091290512e-09,3.4767862489993943e-09,3.4767557891906885e-09,3.4767253296817108e-09,3.4766948704853345e-09,3.4766644116011655e-09,3.4766339530250924e-09,3.476603494676487e-09,3.4765730367306125e-09,3.4765425790516726e-09,3.4765121217238067e-09,3.4764816647086714e-09,3.4764512079422295e-09,3.4764207515414868e-09,3.476390295574672e-09,3.47635983980383e-09,3.4763293843443318e-09,3.476298929141623e-09,3.476268474252521e-09,3.4762380197315367e-09,3.476207565464203e-09,3.4761771115578223e-09,3.4761466579465856e-09,3.4761162046677147e-09,3.4760857516684572e-09,3.4760552989733405e-09,3.4760248465689794e-09,3.4759943945396003e-09,3.475963942807129e-09,3.475933491330928e-09,3.475903040165568e-09,3.4758725893608786e-09,3.4758421388895124e-09,3.475811688686479e-09,3.475781238832961e-09,3.475750789245848e-09,3.4757203400137725e-09,3.475689891098207e-09,3.4756594424870632e-09,3.4756289941870528e-09,3.475598546194092e-09,3.4755680985468517e-09,3.475537651121821e-09,3.4755072040449306e-09,3.4754767572419624e-09,3.4754463107483523e-09,3.4754158646167842e-09,3.475385418769567e-09,3.4753549732765724e-09,3.475324528034347e-09,3.4752940831677757e-09,3.4752636386003164e-09,3.47523319435651e-09,3.4752027503614103e-09,3.475172306676411e-09,3.475141863365468e-09,3.4751114203478933e-09,3.4750809776592362e-09,3.4750505352717474e-09,3.4750200931627532e-09,3.4749896513736303e-09,3.474959209865443e-09,3.474928768719439e-09,3.474898327899561e-09,3.474867887328731e-09,3.47483744712251e-09,3.4748070072127674e-09,3.474776567623472e-09,3.4747461283653788e-09,3.474715689398366e-09,3.4746852507451423e-09,3.474654812400017e-09,3.47462437425907e-09,3.4745939365175385e-09,3.474563499081086e-09,3.4745330619329627e-09,3.4745026251466438e-09,3.4744721886416176e-09,3.474441752438259e-09,3.474411316581707e-09,3.4743808810397023e-09,3.474350445806605e-09,3.474320010811421e-09,3.474289576181128e-09,3.4742591418700037e-09,3.4742287078512815e-09,3.4741982741782624e-09,3.474167840795077e-09,3.4741374077222693e-09,3.4741069749768757e-09,3.4740765425197584e-09,3.4740461104089695e-09,3.4740156785862116e-09,3.4739852470776268e-09,3.473954815866311e-09,3.473924384942874e-09,3.4738939543669444e-09,3.473863524113082e-09,3.4738330941729894e-09,3.473802664625543e-09,3.4737722353044895e-09,3.473741806297539e-09,3.4737113775569336e-09,3.4736809492641635e-09,3.4736505212407574e-09,3.4736200934809903e-09,3.4735896660333345e-09,3.4735592388388035e-09,3.473528812014529e-09,3.473498385449247e-09,3.4734679592386547e-09,3.4734375333386415e-09,3.4734071077610827e-09,3.4733766824872134e-09,3.473346257499618e-09,3.4733158328074175e-09,3.4732854085001356e-09,3.4732549844690976e-09,3.4732245607752446e-09,3.4731941373903973e-09,3.473163714294796e-09,3.473133291474427e-09,3.4731028690043323e-09,3.4730724468212233e-09,3.473042024964241e-09,3.4730116033903808e-09,3.472981182183435e-09,3.4729507612689908e-09,3.4729203406656015e-09,3.4728899203615814e-09,3.4728595003263473e-09,3.4728290806304828e-09,3.472798661210044e-09,3.472768242161158e-09,3.4727378234143385e-09,3.47270740497798e-09,3.472676986857599e-09,3.472646569052115e-09,3.472616151580753e-09,3.47258573439027e-09,3.472555317507617e-09,3.472524900886023e-09,3.472494484625512e-09,3.4724640687964158e-09,3.472433653161617e-09,3.4724032378306573e-09,3.472372822810866e-09,3.472342408217937e-09,3.4723119939436443e-09,3.4722815798599384e-09,3.4722511660271e-09,3.472220752576747e-09,3.4721903394919763e-09,3.4721599266392487e-09,3.4721295140626324e-09,3.472099101842358e-09,3.4720686898975753e-09,3.472038278311508e-09,3.4720078670259454e-09,3.471977456048167e-09,3.471947045383085e-09,3.4719166349753853e-09,3.4718862248705273e-09,3.4718558150786518e-09,3.4718254056601506e-09,3.4717949965387686e-09,3.471764587713939e-09,3.471734179230743e-09,3.471703771079013e-09,3.471673363188609e-09,3.471642955617805e-09,3.4716125483187092e-09,3.471582141386146e-09,3.4715517347622146e-09,3.471521328433611e-09,3.4714909224024617e-09,3.471460516709811e-09,3.4714301113119475e-09,3.4713997061877987e-09,3.471369301381851e-09,3.471338896936825e-09,3.471308492808024e-09,3.4712780889229596e-09,3.4712476853357153e-09,3.471217282122555e-09,3.4711868792270887e-09,3.4711564766150035e-09,3.471126074316295e-09,3.471095672338912e-09,3.4710652706839807e-09,3.471034869347491e-09,3.471004468420008e-09,3.470974067673688e-09,3.470943667202721e-09,3.470913267103106e-09,3.4708828672941397e-09,3.4708524677803203e-09,3.4708220685765824e-09,3.4707916697218667e-09,3.4707612711780282e-09,3.470730872902172e-09,3.4707004749781097e-09,3.470670077307771e-09,3.470639679980422e-09,3.4706092829879773e-09,3.4705788862874335e-09,3.4705484898955195e-09,3.470518093833183e-09,3.4704876980739205e-09,3.4704573026451094e-09,3.4704269075140117e-09,3.470396512697242e-09,3.4703661181982215e-09,3.4703357240056624e-09,3.4703053301294487e-09,3.470274936550954e-09,3.4702445433393056e-09,3.4702141503856666e-09,3.470183757738451e-09,3.4701533654369053e-09,3.470122973415236e-09,3.4700925817542498e-09,3.470062190353815e-09,3.470031799252621e-09,3.470001408413036e-09,3.46997101794088e-09,3.469940627756033e-09,3.4699102378986824e-09,3.469879848390653e-09,3.469849459162114e-09,3.469819070256098e-09,3.4697886816459796e-09,3.4697582933514813e-09,3.4697279054239725e-09,3.4696975176911e-09,3.469667130328282e-09,3.4696367432731545e-09,3.4696063565253587e-09,3.4695759701057612e-09,3.469545583985243e-09,3.469515198173756e-09,3.4694848126577164e-09,3.469454427436227e-09,3.46942404256771e-09,3.4693936579891214e-09,3.4693632737345922e-09,3.469332889769102e-09,3.4693025060899204e-09,3.469272122731906e-09,3.4692417396598482e-09,3.469211356966774e-09,3.469180974522985e-09,3.4691505923947926e-09,3.4691202105615845e-09,3.4690898290399406e-09,3.469059447943332e-09,3.4690290671911864e-09,3.4689986866586954e-09,3.468968306441931e-09,3.4689379265289317e-09,3.4689075469148812e-09,3.468877167613469e-09,3.468846788589196e-09,3.4688164099228596e-09,3.4687860316601054e-09,3.468755653615346e-09,3.4687252758488817e-09,3.468694898425319e-09,3.4686645212890917e-09,3.468634144483695e-09,3.468603767961655e-09,3.4685733917771324e-09,3.4685430158736615e-09,3.4685126403100135e-09,3.4684822650666886e-09,3.468451890071878e-09,3.4684215154393666e-09,3.4683911411266865e-09,3.468360767122485e-09,3.4683303933500286e-09,3.4683000200577494e-09,3.4682696469155808e-09,3.468239274101968e-09,3.4682089016024784e-09,3.468178529456039e-09,3.468148157620788e-09,3.4681177860902126e-09,3.468087414865115e-09,3.468057043922382e-09,3.468026673311981e-09,3.4679963029745474e-09,3.467965932963435e-09,3.4679355632396893e-09,3.46790519388407e-09,3.467874824789826e-09,3.4678444560590476e-09,3.467814087632036e-09,3.4677837195014692e-09,3.4677533516898357e-09,3.467722984200465e-09,3.4676926170169424e-09,3.4676622501334824e-09,3.467631883533094e-09,3.4676015172306415e-09,3.4675711512888833e-09,3.4675407856381573e-09,3.4675104203138414e-09,3.4674800553129944e-09,3.467449690612601e-09,3.4674193261564975e-09,3.467388962080908e-09,3.467358598337632e-09,3.4673282349049875e-09,3.467297871747171e-09,3.467267508901234e-09,3.46723714635214e-09,3.4672067841281948e-09,3.4671764221766408e-09,3.4671460605596123e-09,3.4671156992763536e-09,3.467085338354536e-09,3.4670549776357133e-09,3.4670246173096072e-09,3.4669942572731745e-09,3.466963897546933e-09,3.4669335383088088e-09,3.466903179245081e-09,3.46687282041005e-09,3.4668424618803323e-09,3.466812103725152e-09,3.466781745848502e-09,3.4667513882844076e-09,3.466721031040014e-09,3.4666906742106728e-09,3.466660317575165e-09,3.4666299612566374e-09,3.4665996052437724e-09,3.466569249541066e-09,3.4665388941169434e-09,3.466508539035511e-09,3.466478184277569e-09,3.466447829812748e-09,3.466417475661274e-09,3.466387121823429e-09,3.4663567682597963e-09,3.466326415047861e-09,3.4662960620983927e-09,3.4662657094812833e-09,3.4662353571905024e-09,3.4662050051788676e-09,3.4661746534833395e-09,3.466144302133408e-09,3.466113951083649e-09,3.466083600319445e-09,3.4660532499021526e-09,3.4660228997049497e-09,3.4659925498216035e-09,3.4659622003283913e-09,3.465931851143192e-09,3.465901502265328e-09,3.4658711536436765e-09,3.4658408053258416e-09,3.4658104573275226e-09,3.4657801096510066e-09,3.4657497623551248e-09,3.4657194153423708e-09,3.465689068634559e-09,3.4656587222364535e-09,3.4656283761588983e-09,3.4655980303681944e-09,3.4655676849187713e-09,3.4655373397438095e-09,3.4655069949239746e-09,3.465476650396773e-09,3.4654463061153445e-09,3.4654159621954527e-09,3.46538561859785e-09,3.465355275289979e-09,3.4653249322571427e-09,3.465294589547664e-09,3.465264247146776e-09,3.4652339050486067e-09,3.4652035632864156e-09,3.465173221808115e-09,3.465142880654627e-09,3.465112539841731e-09,3.465082199317428e-09,3.4650518591394072e-09,3.4650215192286105e-09,3.4649911796366877e-09,3.4649608404985525e-09,3.464930501539103e-09,3.4649001628713885e-09,3.4648698245248114e-09,3.4648394864990625e-09,3.464809148833947e-09,3.464778811427848e-09,3.46474847433181e-09,3.4647181375467353e-09,3.4646878010710327e-09,3.464657464937638e-09,3.4646271290490232e-09,3.4645967934956063e-09,3.4645664582613343e-09,3.4645361234081316e-09,3.4645057887417054e-09,3.4644754543760003e-09,3.4644451203916482e-09,3.4644147867058658e-09,3.4643844533122112e-09,3.4643541201731356e-09,3.4643237874051282e-09,3.4642934549403537e-09,3.4642631227833213e-09,3.4642327909617178e-09,3.4642024594031833e-09,3.4641721281938435e-09,3.464141797288894e-09,3.464111466680805e-09,3.464081136486894e-09,3.4640508065210884e-09,3.4640204768570092e-09,3.4639901474703735e-09,3.4639598184520425e-09,3.463929489707703e-09,3.4638991613090807e-09,3.4638688332121672e-09,3.4638385054120974e-09,3.4638081779072893e-09,3.463777850733701e-09,3.4637475238568585e-09,3.4637171973093908e-09,3.4636868710386146e-09,3.4636565451013303e-09,3.463626219424624e-09,3.4635958941034387e-09,3.4635655691673345e-09,3.4635352444720185e-09,3.463504920069161e-09,3.4634745959945885e-09,3.4634442722194997e-09,3.4634139487585224e-09,3.46338362560913e-09,3.4633533027435706e-09,3.463322980211849e-09,3.4632926580208238e-09,3.4632623361037522e-09,3.4632320145144473e-09,3.4632016932282317e-09,3.4631713722468296e-09,3.4631410515911837e-09,3.4631107311764305e-09,3.463080411123259e-09,3.463050091379808e-09,3.4630197719492717e-09,3.4629894528263286e-09,3.4629591340137304e-09,3.4629288155096665e-09,3.462898497307629e-09,3.462868179423231e-09,3.462837861842933e-09,3.462807544557804e-09,3.462777227586688e-09,3.462746910949702e-09,3.4627165945592273e-09,3.462686278539012e-09,3.4626559628317282e-09,3.4626256474286453e-09,3.462595332314303e-09,3.462565017537986e-09,3.462534703064391e-09,3.4625043889082026e-09,3.462474075042842e-09,3.4624437615033537e-09,3.4624134482782187e-09,3.4623831353367425e-09,3.4623528227252937e-09,3.4623225104129822e-09,3.4622921984151264e-09,3.4622618867209625e-09,3.4622315753419457e-09,3.4622012642827637e-09,3.4621709534880326e-09,3.462140643041458e-09,3.462110332895601e-09,3.4620800230711493e-09,3.4620497135010513e-09,3.462019404302506e-09,3.4619890953872712e-09,3.461958786773435e-09,3.461928478483269e-09,3.461898170507782e-09,3.461867862846854e-09,3.461837555486035e-09,3.4618072484253554e-09,3.46177694166031e-09,3.461746635228092e-09,3.4617163291164163e-09,3.4616860233201284e-09,3.461655717825739e-09,3.461625412638129e-09,3.4615951077654155e-09,3.4615648033411228e-09,3.4615344990856618e-09,3.461504195130853e-09,3.4614738914993354e-09,3.461443588175014e-09,3.461413285147895e-09,3.4613829824482047e-09,3.4613526800498974e-09,3.4613223779667074e-09,3.461292076220935e-09,3.461261774772639e-09,3.4612314736143402e-09,3.4612011727767837e-09,3.461170872214542e-09,3.4611405719866667e-09,3.4611102720575646e-09,3.461079972427564e-09,3.461049673094528e-09,3.4610193741046964e-09,3.4609890753698434e-09,3.4609587769788303e-09,3.460928478915805e-09,3.460898181164341e-09,3.46086788372819e-09,3.4608375867070705e-09,3.460807289878072e-09,3.460776993288056e-09,3.4607466970887795e-09,3.460716401191459e-09,3.460686105614234e-09,3.4606558103959495e-09,3.4606255154618516e-09,3.460595220801741e-09,3.4605649264501545e-09,3.4605346324134293e-09,3.460504338695957e-09,3.4604740452541495e-09,3.460443752118301e-09,3.460413459322608e-09,3.4603831668450432e-09,3.4603528746686336e-09,3.4603225828013446e-09,3.4602922912382008e-09,3.4602620000107794e-09,3.4602317090414074e-09,3.460201418373812e-09,3.460171127997966e-09,3.4601408379949523e-09,3.4601105482783043e-09,3.460080258879432e-09,3.4600499697935845e-09,3.4600196810215094e-09,3.459989392565542e-09,3.4599591043791275e-09,3.4599288165325455e-09,3.4598985289949833e-09,3.4598682417565577e-09,3.4598379548421074e-09,3.4598076682310743e-09,3.4597773818925716e-09,3.4597470959027354e-09,3.45971681020064e-09,3.4596865248355426e-09,3.4596562397483487e-09,3.4596259549934788e-09,3.459595670567858e-09,3.4595653864108487e-09,3.459535102597042e-09,3.4595048190848887e-09,3.4594745358543236e-09,3.459444252947156e-09,3.459413970346338e-09,3.459383688079089e-09,3.4593534061117905e-09,3.459323124454732e-09,3.459292843105673e-09,3.4592625620497988e-09,3.4592322812570553e-09,3.4592020008449745e-09,3.459171720706635e-09,3.459141440863492e-09,3.4591111613613075e-09,3.4590808821824877e-09,3.45905060330906e-09,3.459020324723624e-09,3.458990046469177e-09,3.4589597685238245e-09,3.4589294908870604e-09,3.458899213572098e-09,3.4588689365506977e-09,3.4588386598615583e-09,3.4588083834471215e-09,3.458778107359686e-09,3.458747831578905e-09,3.4587175561101957e-09,3.4586872809167494e-09,3.4586570060649544e-09,3.45862673149706e-09,3.458596457203901e-09,3.458566183302967e-09,3.4585359096263676e-09,3.458505636331109e-09,3.4584753633352537e-09,3.4584450906763658e-09,3.45841481829898e-09,3.4583845461982523e-09,3.458354274476957e-09,3.4583240030047635e-09,3.458293731824023e-09,3.4582634609476807e-09,3.4582331903611126e-09,3.4582029201381777e-09,3.4581726502382775e-09,3.45814238063819e-09,3.4581121113531966e-09,3.458081842323154e-09,3.458051573661534e-09,3.4580213052509285e-09,3.45799103720186e-09,3.457960769584458e-09,3.4579305021663687e-09,3.457900235046703e-09,3.4578699681852247e-09,3.4578397016798364e-09,3.4578094354976452e-09,3.4577791695995373e-09,3.457748904025961e-09,3.4577186387342127e-09,3.4576883737970418e-09,3.4576581090658268e-09,3.457627844707595e-09,3.4575975806801676e-09
15,6.098728279158976e-63,7.837512521821864e-62,2.6676110171554755e-61,6.229056282076137e-61,8.463286808986796e-61,1.7768866245331992e-60,3.1219239836017093e-60,4.9496428481130414e-60,7.338555798048906e-60,1.0368697733757183e-59,1.4120391890378595e-59,1.8673949800504174e-59,2.4109536143322477e-59,3.050709456536026e-59,3.7946309633936127e-59,4.650659262544292e-59,5.6267082976403424e-59,6.730665969131663e-59,7.970395868715505e-59,9.35373932915861e-59,1.088851759783859e-58,1.2582534008465547e-58,1.444357606689132e-58,1.6479417403741855e-58,1.8697819565831182e-58,2.1106533634909352e-58,2.371330167416732e-58,2.6525858007270596e-58,2.955193034075489e-58,3.2799240743232126e-58,3.627550649252982e-58,3.9988440807888685e-58,4.394575347750317e-58,4.815515139609612e-58,5.2624339022739245e-58,5.7361018769928575e-58,6.237289133357875e-58,6.76676559730416e-58,7.325301074467742e-58,7.913665270168684e-58,8.532627805979354e-58,9.182958233731047e-58,9.865426047231806e-58,1.0580800691944232e-57,1.1329851573427347e-57,1.2113348063847896e-57,1.2932059507843865e-57,1.3786755227254256e-57,1.4678204525020314e-57,1.5607176688389481e-57,1.657444099174954e-57,1.7580766698699043e-57,1.8626923064242186e-57,1.9713679335927994e-57,2.084180475540411e-57,2.2012068559293845e-57,2.322523998028742e-57,2.4482088247598223e-57,2.578338258774659e-57,2.7129892225017585e-57,2.852238638173879e-57,2.99616342788058e-57,3.1448405135692805e-57,3.2983468171138866e-57,3.4567592602663027e-57,3.620154764749049e-57,3.7886102521965207e-57,3.962202644207537e-57,4.141008862347697e-57,4.3251058281377745e-57,4.514570463085144e-57,4.7094796886721763e-57,4.9099104263624006e-57,5.115939597602587e-57,5.327644123835109e-57,5.545100926493798e-57,5.768386926984276e-57,5.997579046746453e-57,6.232754207174591e-57,6.473989329680018e-57,6.721361335673374e-57,6.9749471465441e-57,7.234823683685405e-57,7.501067868507683e-57,7.773756622398836e-57,8.052966866747984e-57,8.338775522952985e-57,8.631259512403349e-57,8.930495756492779e-57,9.23656117660908e-57,9.549532694139198e-57,9.869487230482973e-57,1.019650170701432e-56,1.0530653045135314e-56,1.0872018166234711e-56,1.1220673991680545e-56,1.1576697442887555e-56,1.1940165441229876e-56,1.231115490810763e-56,1.2689742764885042e-56,1.307600593297957e-56,1.3470021333772643e-56,1.3871865888635817e-56,1.428161651897735e-56,1.469935014617395e-56,1.5125143691610271e-56,1.5559074076683683e-56,1.6001218222777225e-56,1.6451653051277862e-56,1.6910455483569918e-56,1.7377702441040604e-56,1.7853470845092264e-56,1.833783761713396e-56,1.8830879678502627e-56,1.93326739506218e-56,1.984329735486198e-56,2.0362826812640014e-56,2.0891339245308315e-56,2.1428911574277724e-56,2.197562072092686e-56,2.2531543606622786e-56,2.3096757152797627e-56,2.3671338280797108e-56,2.425536391204155e-56,2.484891096793697e-56,2.5452056369824614e-56,2.606487703911151e-56,2.6687449897213494e-56,2.731985186546899e-56,2.7962159865294983e-56,2.861445081810024e-56,2.9276801645237318e-56,2.994928926808992e-56,3.0631990608103264e-56,3.132498258659298e-56,3.2028342124974194e-56,3.2742146144649406e-56,3.346647156702468e-56,3.420139531345715e-56,3.494699430531922e-56,3.570334546405864e-56,3.6470525711018114e-56,3.7248611967586044e-56,3.8037681155185575e-56,3.883781019515156e-56,3.9649076008929147e-56,4.047155551786619e-56,4.130532564337526e-56,4.215046330683819e-56,4.30070454296432e-56,4.387514893318151e-56,4.475485073884326e-56,4.56462277680012e-56,4.654935694206973e-56,4.74643151824406e-56,4.839117941047763e-56,4.933002654761588e-56,5.028093351515566e-56,5.124397723457632e-56,5.221923462722542e-56,5.32067826144618e-56,5.420669811773132e-56,5.521905805838125e-56,5.624393935782933e-56,5.728141893746609e-56,5.83315737186925e-56,5.939448062284766e-56,6.047021657136952e-56,6.155885848561195e-56,6.266048328703444e-56,6.377516789690233e-56,6.490298923671249e-56,6.604402422783241e-56,6.71983497915697e-56,6.836604284941409e-56,6.954718032271359e-56,7.074183913289344e-56,7.195009620129428e-56,7.317202844932343e-56,7.440771279837955e-56,7.565722616985171e-56,7.692064548515171e-56,7.819804766559031e-56,7.948950963266236e-56,8.0795108307660015e-56,8.21149206120301e-56,8.34490234671775e-56,8.479749379438814e-56,8.616040851516295e-56,8.75378445508434e-56,8.892987882285185e-56,9.033658825253615e-56,9.17580497613054e-56,9.319434027059147e-56,9.464553670171959e-56,9.61117159761184e-56,9.759295501512666e-56,9.908933074021628e-56,1.0060092007268984e-55,1.0212779993397588e-55,1.0367004724545488e-55,1.0522773892856925e-55,1.0680095190461807e-55,1.0838976309502205e-55,1.0999424942131728e-55,1.1161448780466095e-55,1.1325055516655686e-55,1.1490252842843228e-55,1.1657048451164045e-55,1.1825450033754474e-55,1.199546528275459e-55,1.2167101890301164e-55,1.234036754854464e-55,1.2515269949606712e-55,1.2691816785632623e-55,1.2870015748774134e-55,1.3049874531163273e-55,1.3231400824927192e-55,1.3414602322217631e-55,1.3599486715164115e-55,1.378606169591866e-55,1.3974334956607352e-55,1.4164314189371396e-55,1.4356007086358167e-55,1.454942133969647e-55,1.4744564641534304e-55,1.4941444684004897e-55,1.51400691592569e-55,1.5340445759415263e-55,1.554258217662346e-55,1.5746486103028148e-55,1.5952165230761633e-55,1.6159627251967885e-55,1.6368879858779873e-55,1.6579930743341105e-55,1.6792787597786295e-55,1.7007458114254735e-55,1.7223949984888465e-55,1.7442270901832658e-55,1.7662428557211e-55,1.7884430643174034e-55,1.8108284851857832e-55,1.833399887539782e-55,1.8561580405946248e-55,1.879103713561939e-55,1.9022376756575038e-55,1.925560696094782e-55,1.949073544087054e-55,1.972776988849134e-55,1.9966717995947657e-55,2.0207587455367193e-55,2.0450385958905424e-55,2.0695121198693722e-55,2.0941800866866282e-55,2.119043265556827e-55,2.1441024256943672e-55,2.1693583363117977e-55,2.1948117666246896e-55,2.220463485846305e-55,2.246314263190019e-55,2.2723648678690032e-55,2.2986160690995413e-55,2.3250686360941738e-55,2.3517233380668265e-55,2.3785809442309295e-55,2.4056422238011797e-55,2.4329079459916305e-55,2.460378880015757e-55,2.488055795087076e-55,2.5159394604193227e-55,2.5440306452281775e-55,2.5723301187246967e-55,2.6008386501252963e-55,2.6295570086427398e-55,2.658485963491839e-55,2.6876262838858654e-55,2.7169787390386518e-55,2.7465440981640575e-55,2.7763231304766955e-55,2.806316605189735e-55,2.836525291517059e-55,2.866949958672738e-55,2.8975913758717313e-55,2.9284503123265595e-55,2.9595275372517073e-55,2.9908238198613222e-55,3.022339929368696e-55,3.0540766349879577e-55,3.0860347059328182e-55,3.1182149114178525e-55,3.1506180206566955e-55,3.1832448028636124e-55,3.216096027251175e-55,3.249172463035347e-55,3.282474879427906e-55,3.3160040456439135e-55,3.349760730897362e-55,3.383745704400933e-55,3.417959735369912e-55,3.452403593018547e-55,3.487078046559355e-55,3.521983865207516e-55,3.5571218181753486e-55,3.592492674679686e-55,3.6280972039318776e-55,3.6639361751465134e-55,3.700010357537051e-55,3.736320520318345e-55,3.772867432702967e-55,3.809651863907034e-55,3.846674583141437e-55,3.883936359623292e-55,3.921437962565265e-55,3.9591801611805346e-55,3.997163724683689e-55,4.0353894222884705e-55,4.0738580232088524e-55,4.112570296658622e-55,4.151527011851311e-55,4.190728938001586e-55,4.230176844322689e-55,4.2698715000292825e-55,4.3098136743356494e-55,4.35000413645401e-55,4.390443655600282e-55,4.431133000986371e-55,4.472072941827841e-55,4.513264247337943e-55,4.55470768673015e-55,4.5964040292195026e-55,4.638354044018837e-55,4.680558500343188e-55,4.7230181674054054e-55,4.765733814421268e-55,4.808706210602341e-55,4.8519361251642506e-55,4.89542432731867e-55,4.9391715862826075e-55,4.9831786712675125e-55,5.0274463514889414e-55,5.071975396161055e-55,5.116766574495167e-55,5.161820655706928e-55,5.207138409011229e-55,5.2527206036198254e-55,5.298568008747091e-55,5.344681393607641e-55,5.391061527416478e-55,5.437709179385206e-55,5.484625118730275e-55,5.5318101146622944e-55,5.5792649364004814e-55,5.6269903531535916e-55,5.6749871341379025e-55,5.723256048567294e-55,5.771797865654743e-55,5.820613354614804e-55,5.869703284661843e-55,5.919068425009424e-55,5.968709544870038e-55,6.018627413459342e-55,6.068822799991673e-55,6.119296473680609e-55,6.170049203738115e-55,6.221081759380687e-55,6.27239490982052e-55,6.323989424271216e-55,6.375866071947941e-55,6.428025622065198e-55,6.480468843834436e-55,6.53319650647278e-55,6.586209379191939e-55,6.639508231206812e-55,6.693093831731783e-55,6.746966949978706e-55,6.801128355163495e-55,6.85557881649869e-55,6.910319103199339e-55,6.965349984480416e-55,7.020672229553372e-55,7.076286607634001e-55,7.13219388793379e-55,7.18839483967037e-55,7.244890232053326e-55,7.301680834298683e-55,7.358767415621695e-55,7.416150745235286e-55,7.473831592351951e-55,7.53181072618968e-55,7.590088915958173e-55,7.648666930872188e-55,7.707545540148947e-55,7.766725512996942e-55,7.826207618633919e-55,7.885992626272416e-55,7.946081305127335e-55,8.006474424410542e-55,8.067172753339089e-55,8.128177061123202e-55,8.189488116979545e-55,8.251106690124164e-55,8.313033549765239e-55,8.375269465122998e-55,8.43781520540453e-55,8.50067153982875e-55,8.563839237608595e-55,8.6273190679577e-55,8.691111800089516e-55,8.755218203217178e-55,8.819639046556863e-55,8.884375099320713e-55,8.949427130724956e-55,9.014795909981384e-55,9.080482206304009e-55,9.146486788906943e-55,9.212810427003788e-55,9.279453889811396e-55,9.346417946539757e-55,9.41370336640591e-55,9.481310918620232e-55,9.549241372400016e-55,9.617495496958592e-55,9.686074061509054e-55,9.754977835267319e-55,9.82420758744354e-55,9.893764087253729e-55,9.963648103912273e-55,1.0033860406635595e-54,1.0104401764630968e-54,1.0175272947119217e-54,1.0246474723307764e-54,1.0318007862415595e-54,1.0389873133653545e-54,1.0462071306238102e-54,1.0534603149381579e-54,1.0607469432298415e-54,1.0680670924201622e-54,1.0754208394309296e-54,1.0828082611829867e-54,1.0902294345980588e-54,1.0976844365973476e-54,1.1051733441023719e-54,1.1126962340344366e-54,1.120253183315247e-54,1.1278442688659112e-54,1.1354695676076808e-54,1.1431291564622135e-54,1.1508231123507666e-54,1.158551512194778e-54,1.1663144329157288e-54,1.1741119514348844e-54,1.1819441446736253e-54,1.1898110895534723e-54,1.197712862995789e-54,1.2056495419219416e-54,1.2136212032532767e-54,1.2216279239112695e-54,1.2296697808170468e-54,1.2377468508926082e-54,1.2458592110585876e-54,1.2540069382371862e-54,1.2621901093490859e-54,1.2704088013163396e-54,1.2786630910595546e-54,1.2869530555008124e-54,1.2952787715612014e-54,1.3036403161620932e-54,1.3120377662249056e-54,1.320471198670834e-54,1.3289406904217858e-54,1.3374463183993493e-54,1.345988159524134e-54,1.3545662907176805e-54,1.3631807889016845e-54,1.371831730997366e-54,1.3805191939262045e-54,1.389243254609544e-54,1.3980039899686824e-54,1.4068014769253894e-54,1.4156357924005867e-54,1.4245070133157908e-54,1.4334152165928345e-54,1.4423604791524603e-54,1.4513428779164077e-54,1.4603624898061274e-54,1.469419391742634e-54,1.4785136606478575e-54,1.4876453734430395e-54,1.4968146070492053e-54,1.506021438388321e-54,1.5152659443812045e-54,1.524548201949782e-54,1.5338682880148246e-54,1.543226279498575e-54,1.5526222533216035e-54,1.5620562864059372e-54,1.571528455672681e-54,1.5810388380434079e-54,1.590587510439133e-54,1.6001745497814883e-54,1.609800032991736e-54,1.619464036991633e-54,1.6291666387018822e-54,1.6389079150446664e-54,1.6486879429410168e-54,1.6585067993119996e-54,1.668364561079511e-54,1.6782613051647783e-54,1.6881971084891833e-54,1.698172047974491e-54,1.7081862005415523e-54,1.7182396431121718e-54,1.7283324526073084e-54,1.7384647059484998e-54,1.7486364800574277e-54,1.75884785185514e-54,1.769098898263109e-54,1.7793896962027134e-54,1.7897203225956995e-54,1.8000908543632637e-54,1.8105013684268346e-54,1.8209519417074427e-54,1.8314426511271861e-54,1.8419735736064775e-54,1.8525447860675002e-54,1.8631563654313485e-54,1.8738083886194088e-54,1.8845009325529686e-54,1.8952340741540904e-54,1.906007890343397e-54,1.9168224580426247e-54,1.927677854173224e-54,1.9385741556564222e-54,1.949511439413551e-54,1.9604897823662924e-54,1.9715092614359763e-54,1.9825699535436227e-54,1.9936719356112264e-54,2.0048152845597646e-54,2.016000077310757e-54,2.027226390785784e-54,2.0384943019055442e-54,2.049803887592191e-54,2.0611552247669143e-54,2.0725483903509273e-54,2.0839834612656468e-54,2.0954605144329074e-54,2.1069796267737754e-54,2.1185408752090882e-54,2.130144336661469e-54,2.1417900880512992e-54,2.153478206300561e-54,2.1652087683306335e-54,2.176981851062103e-54,2.1887975314173025e-54,2.200655886317025e-54,2.21255699268325e-54,2.2245009274371278e-54,2.2364877674996023e-54,2.248517589792282e-54,2.26059047123722e-54,2.272706488755354e-54,2.2848657192675695e-54,2.2970682396961326e-54,2.309314126962004e-54,2.3216034579865848e-54,2.3339363096911337e-54,2.3463127589971505e-54,2.3587328828261457e-54,2.3711967580995275e-54,2.3837044617386247e-54,2.3962560706650236e-54,2.408851661799706e-54,2.4214913120645246e-54,2.434175098380605e-54,2.446903097669248e-54,2.4596753868519627e-54,2.4724920428503478e-54,2.485353142585572e-54,2.498258762979088e-54,2.511208980952087e-54,2.5242038734265172e-54,2.5372435173233078e-54,2.5503279895642133e-54,2.56345736707042e-54,2.5766317267629688e-54,2.589851145563823e-54,2.603115700394165e-54,2.6164254681749813e-54,2.629780525828326e-54,2.6431809502754567e-54,2.6566268184372424e-54,2.6701182072358904e-54,2.6836551935923006e-54,2.697237854428142e-54,2.710866266664637e-54,2.72454050722246e-54,2.738260653024378e-54,2.7520267809913035e-54,2.765838968043956e-54,2.7796972911044256e-54,2.793601827094054e-54,2.807552652933839e-54,2.821549845545427e-54,2.8355934818504804e-54,2.8496836387700133e-54,2.8638203932257425e-54,2.878003822138946e-54,2.8922340024310184e-54,2.9065110110229846e-54,2.9208349248369096e-54,2.935205820793445e-54,2.9496237758148694e-54,2.964088866821661e-54,2.978601170735722e-54,2.993160764478443e-54,3.007767724971131e-54,3.0224221291354e-54,3.037124053892207e-54,3.051873576163082e-54,3.066670772869703e-54,3.081515720933593e-54,3.09640849727554e-54,3.111349178817089e-54,3.126337842480299e-54,3.141374565185829e-54,3.156459423855383e-54,3.171592495410294e-54,3.186773856771916e-54,3.202003584861664e-54,3.217281756600732e-54,3.2326084489114936e-54,3.247983738714331e-54,3.2634077029307655e-54,3.278880418482543e-54,3.294401962290244e-54,3.3099724112763816e-54,3.3255918423618705e-54,3.34126033246805e-54,3.3569779585158725e-54,3.372744797427849e-54,3.388560926124364e-54,3.404426421527701e-54,3.420341360558107e-54,3.436305820138069e-54,3.4523198771883937e-54,3.4683836086310833e-54,3.4844970913870955e-54,3.5006604023773824e-54,3.516873618524219e-54,3.5331368167482477e-54,3.5494500739711806e-54,3.565813467114592e-54,3.5822270730995e-54,3.598690968847832e-54,3.615205231280431e-54,3.631769937319023e-54,3.648385163884978e-54,3.6650509878996216e-54,3.681767486284306e-54,3.6985347359603796e-54,3.715352813849536e-54,3.732221796872812e-54,3.7491417619524014e-54,3.766112786008422e-54,3.783134945963112e-54,3.8002083187377494e-54,3.8173329812533523e-54,3.8345090104322556e-54,3.851736483194992e-54,3.8690154764634053e-54,3.886346067158504e-54,3.903728332201958e-54,3.921162348514855e-54,3.938648193018922e-54,3.9561859426355097e-54,3.973775674286712e-54,3.9914174648920536e-54,4.0091113913749414e-54,4.026857530655641e-54,4.0446559596555294e-54,4.0625067552963717e-54,4.080409994499715e-54,4.098365754186446e-54,4.11637411127822e-54,4.1344351426964953e-54,4.152548925362435e-54,4.1707155361975396e-54,4.18893505212396e-54,4.2072075500617435e-54,4.225533106933323e-54,4.243911799659984e-54,4.262343705162742e-54,4.2808289003633904e-54,4.299367462182632e-54,4.317959467542692e-54,4.336604993364582e-54,4.3553041165696614e-54,4.374056914079043e-54,4.3928634628150806e-54,4.411723839698122e-54,4.4306381216499645e-54,4.449606385592766e-54,4.4686287084465726e-54,4.487705167133668e-54,4.506835838575194e-54,4.526020799692015e-54,4.545260127406655e-54,4.5645538986403e-54,4.583902190313713e-54,4.6033050793483446e-54,4.622762642665363e-54,4.6422749571874135e-54,4.661842099834392e-54,4.6814641475288486e-54,4.701141177191503e-54,4.7208732657443474e-54,4.740660490108554e-54,4.760502927205086e-54,4.78040065395611e-54,4.800353747281908e-54,4.820362284104712e-54,4.8404263413460664e-54,4.860545995926551e-54,4.8807213247685116e-54,4.900952404792728e-54,4.921239312920753e-54,4.9415821260742167e-54,4.9619809211741676e-54,4.982435775142236e-54,5.002946764899563e-54,5.023513967367613e-54,5.044137459468174e-54,5.064817318122046e-54,5.0855536202508984e-54,5.10634644277657e-54,5.127195862620037e-54,5.148101956703308e-54,5.169064801946285e-54,5.190084475272218e-54,5.211161053601125e-54,5.232294613854402e-54,5.253485232954732e-54,5.274732987821929e-54,5.296037955378295e-54,5.317400212545319e-54,5.338819836244596e-54,5.360296903396401e-54,5.381831490922918e-54,5.403423675745445e-54,5.425073534785238e-54,5.446781144963954e-54,5.468546583202964e-54,5.490369926423669e-54,5.512251251547642e-54,5.534190635495575e-54,5.556188155189361e-54,5.578243887550456e-54,5.60035790949989e-54,5.622530297960185e-54,5.644761129851613e-54,5.667050482095259e-54,5.689398431614154e-54,5.711805055328184e-54,5.734270430158856e-54,5.756794633028301e-54,5.779377740857479e-54,5.802019830568781e-54,5.824720979081731e-54,5.847481263319217e-54,5.870300760201116e-54,5.893179546651155e-54,5.916117699588292e-54,5.93911529593609e-54,5.962172412614135e-54,5.985289126544464e-54,6.008465514648999e-54,6.03170165384902e-54,6.054997621065188e-54,6.078353493219519e-54,6.101769347233024e-54,6.125245260028598e-54,6.148781308525138e-54,6.17237756964591e-54,6.196034120311359e-54,6.219751037444147e-54,6.243528397963581e-54,6.267366278793284e-54,6.291264756852897e-54,6.315223909064731e-54,6.339243812350122e-54,6.363324543630457e-54,6.387466179826828e-54,6.411668797861279e-54,6.435932474653869e-54,6.460257287127659e-54,6.484643312202827e-54,6.509090626801166e-54,6.533599307844521e-54,6.558169432254573e-54,6.582801076950847e-54,6.607494318856177e-54,6.632249234892151e-54,6.657065901979396e-54,6.681944397040504e-54,6.706884796995668e-54,6.731887178766725e-54,6.75695161927562e-54,6.782078195441761e-54,6.807266984188906e-54,6.832518062437274e-54,6.857831507108338e-54,6.88320739512423e-54,6.908645803404982e-54,6.934146808873838e-54,6.959710488450365e-54,6.985336919057313e-54,7.01102617761459e-54,7.036778341045253e-54,7.06259348626931e-54,7.08847169020954e-54,7.114413029786387e-54,7.140417581921242e-54,7.166485423535917e-54,7.192616631552463e-54,7.218811282890159e-54,7.245069454472089e-54,7.271391223219482e-54,7.297776666054022e-54,7.324225859896882e-54,7.35073888166871e-54,7.37731580829171e-54,7.403956716686819e-54,7.430661683775107e-54,7.457430786478832e-54,7.484264101718919e-54,7.511161706417053e-54,7.53812367749473e-54,7.565150091873055e-54,7.592241026473308e-54,7.619396558217261e-54,7.64661676402488e-54,7.673901720819976e-54,7.70125150552263e-54,7.728666195054425e-54,7.756145866336058e-54,7.783690596290034e-54,7.811300461837385e-54,7.838975539899749e-54,7.866715907397959e-54,7.894521641254321e-54,7.922392818388743e-54,7.950329515724221e-54,7.978331810180914e-54,8.006399778680901e-54,8.034533498145838e-54,8.062733045496185e-54,8.09099849765374e-54,8.119329931540015e-54,8.147727424078205e-54,8.17619105218596e-54,8.20472089278774e-54,8.233317022801927e-54,8.26197951915362e-54,8.290708458762683e-54,8.31950391854945e-54,8.348365975436027e-54,8.377294706344193e-54,8.406290188194661e-54,8.435352497910224e-54,8.46448171241072e-54,8.49367790861932e-54,8.522941163455123e-54,8.552271553840736e-54,8.581669156697605e-54,8.611134048947094e-54,8.640666307510639e-54,8.670266009309266e-54,8.699933231264185e-54,8.729668050298044e-54,8.759470543331759e-54,8.78934078728503e-54,8.819278859082276e-54,8.849284835643318e-54,8.879358793888439e-54,8.909500810740457e-54,8.939710963121065e-54,8.9699893279505e-54,9.000335982151149e-54,9.030751002643874e-54,9.061234466350246e-54,9.091786450191306e-54,9.122407031088909e-54,9.153096285964515e-54,9.183854291740252e-54,9.214681125334279e-54,9.245576863672855e-54,9.27654158367411e-54,9.307575362260247e-54,9.338678276352315e-54,9.369850402872297e-54,9.401091818740665e-54,9.43240260087935e-54,9.463782826210437e-54,9.495232571654615e-54,9.526751914133555e-54,9.558340930567557e-54,9.589999697879218e-54,9.621728292990745e-54,9.653526792822284e-54,9.685395274295147e-54,9.717333814330575e-54,9.749342489851103e-54,9.781421377777228e-54,9.813570555030465e-54,9.845790098532817e-54,9.878080085205127e-54,9.910440591969795e-54,9.942871695746499e-54,9.975373473457492e-54,1.0007946002025021e-53,1.0040589358368012e-53,1.0073303619411037e-53,1.0106088862073365e-53,1.0138945163276872e-53,1.0171872599941762e-53,1.0204871248991857e-53,1.0237941187348427e-53,1.0271082491931266e-53,1.0304295239661471e-53,1.0337579507463359e-53,1.037093537225577e-53,1.0404362910960192e-53,1.0437862200496992e-53,1.0471433317791296e-53,1.0505076339761545e-53,1.0538791343330562e-53,1.0572578405418287e-53,1.06064376029469e-53,1.064036901283913e-53,1.0674372712013434e-53,1.0708448777394518e-53,1.0742597285902125e-53,1.0776818314457006e-53,1.0811111939980288e-53,1.0845478239395927e-53,1.0879917289622697e-53,1.0914429167583634e-53,1.0949013950199558e-53,1.0983671714391736e-53,1.1018402537082136e-53,1.1053206495191412e-53,1.1088083665640313e-53,1.112303412535306e-53,1.115805795124802e-53,1.1193155220247788e-53,1.1228326009273685e-53,1.1263570395247548e-53,1.1298888455089212e-53,1.1334280265723172e-53,1.1369745904067461e-53,1.1405285447046665e-53,1.1440898971579378e-53,1.1476586554588152e-53,1.151234827299449e-53,1.1548184203720142e-53,1.158409442368548e-53,1.162007900981299e-53,1.165613803902381e-53,1.1692271588238867e-53,1.1728479734380055e-53,1.176476255436766e-53,1.1801120125122308e-53,1.1837552523569709e-53,1.1874059826627101e-53,1.1910642111217823e-53,1.1947299454263555e-53,1.198403193268398e-53,1.2020839623401655e-53,1.2057722603339312e-53,1.2094680949414496e-53,1.2131714738552817e-53,1.2168824047674688e-53,1.2206008953699159e-53,1.2243269533549762e-53,1.2280605864146693e-53,1.2318018022412553e-53,1.2355506085267361e-53,1.2393070129634174e-53,1.2430710232433446e-53,1.2468426470585716e-53,1.2506218921014036e-53,1.2544087660639037e-53,1.258203276638263e-53,1.2620054315164615e-53,1.2658152383908657e-53,1.2696327049536567e-53,1.2734578388966571e-53,1.277290647912088e-53,1.2811311396921978e-53,1.550547974213767e-18,3.1224050290207077e-18,4.715958500870646e-18,6.331608844690294e-18,7.969769111484162e-18,9.630864644794504e-18,1.1315332937782786e-17,1.3023623610614386e-17,1.475619847991231e-17,1.6513531700274555e-17,1.8296109963542988e-17,2.0104432745463922e-17,2.1939012592226173e-17,2.380037544137261e-17,2.5689060973090317e-17,2.7605622988961124e-17,2.955062981613307e-17,3.152466473547417e-17,3.352832643278366e-17,3.556222947252874e-17,3.76270047938802e-17,3.9723300229079234e-17,4.185178104437363e-17,4.4013130503933797e-17,4.620805045730712e-17,4.8437261951106377e-17,5.0701505865729555e-17,5.3001543578024136e-17,5.533815765089125e-17,5.771215255092243e-17,6.012435539529181e-17,6.257561672909847e-17,6.506681133458246e-17,6.759883907361438e-17,7.017262576502448e-17,7.278912409833741e-17,7.544931458572887e-17,7.815420655390806e-17,8.090483917792811e-17,8.370228255891882e-17,8.654763884791201e-17,8.94420434180047e-17,9.238666608727505e-17,9.538271239498044e-17,9.843142493371771e-17,1.0153408474038414e-16,1.0469201274893221e-16,1.0790657130810107e-16,1.11179165767472e-16,1.145112461354154e-16,1.1790430881269915e-16,1.2135989840573938e-16,1.2487960962372907e-16,1.284650892641578e-16,1.3211803829145386e-16,1.3584021401381618e-16,1.3963343236359879e-16,1.4349957028696713e-16,1.4744056824885105e-16,1.5145843285966093e-16,1.5555523963060693e-16,1.5973313586491016e-16,1.6399434369262712e-16,1.6834116325745106e-16,1.7277597606415276e-16,1.773012484961434e-16,1.81919535513113e-16,1.8663348453948196e-16,1.9144583955493609e-16,1.963594453993594e-16,2.0137725230508034e-16,2.0650232067034163e-16,2.117378260888792e-16,2.170870646515112e-16,2.225534585367747e-16,2.281405619088627e-16,2.3385206714241706e-16,2.396918113951605e-16,2.4566378355091344e-16,2.517721315570927e-16,2.5802117018274124e-16,2.644153892249704e-16,2.709594621938377e-16,2.7765825550799534e-16,2.8451683823591677e-16,2.9154049242014934e-16,2.98734724025139e-16,3.061052745521873e-16,3.136581333686828e-16,3.213995508025172e-16,3.293360520567388e-16,3.374744520040037e-16,3.4582187092528427e-16,3.543857512627516e-16,3.6317387546256805e-16,3.7219438498981224e-16,3.8145580060481843e-16,3.9096704399810534e-16,4.007374608891079e-16,4.10776845704081e-16,4.210954679579969e-16,4.3170410047715765e-16,4.4261404961141167e-16,4.538371875987596e-16,4.653859872602646e-16,4.772735592199463e-16,4.89513691863015e-16,5.021208942661292e-16,5.151104423564046e-16,5.284984285809772e-16,5.423018153971011e-16,5.565384929241585e-16,5.712273411333114e-16,5.863882969897547e-16,6.020424270057658e-16,6.18212005710783e-16,6.349206005991901e-16,6.521931641772767e-16,6.700561337986399e-16,6.885375400536569e-16,7.076671245652326e-16,7.274764681393654e-16,7.479991303291329e-16,7.692708015934994e-16,7.91329469372994e-16,8.142155995625682e-16,8.379723350420044e-16,8.626457131290846e-16,8.882849040543124e-16,9.14942472821483e-16,9.426746671238573e-16,9.71541734333624e-16,1.0016082709822569e-15,1.0329436086106642e-15,1.0656222403961497e-15,1.0997242935769218e-15,1.1353360534012587e-15,1.1725505451504632e-15,1.2114681817374031e-15,1.252197485493991e-15,1.2948558940574477e-15,1.339570661783597e-15,1.3864798698957055e-15,1.4357335606738062e-15,1.4874950134601334e-15,1.5419421831806177e-15,1.5992693255513463e-15,1.6596888372658353e-15,1.7234333443860217e-15,1.79075807805859e-15,1.861943583766004e-15,1.9372988188654933e-15,2.0171647035058266e-15,2.101918202565494e-15,2.1919770315579765e-15,2.287805098178225e-15,2.3899188141832235e-15,2.498894440713531e-15,2.6153766653914404e-15,2.7400886534252693e-15,2.8738438698927787e-15,3.0175600395312873e-15,3.172275697829638e-15,3.3391698985244375e-15,3.5195857850301803e-15,3.715058916741785e-15,3.9273514788460455e-15,4.15849381444077e-15,4.410835125380068e-15,4.687105727995552e-15,4.990493970216877e-15,5.324741886145195e-15,5.69426498059527e-15,6.10430334045705e-15,6.561113767420914e-15,6.920481624285366e-15,6.92048162428684e-15,6.920481624288863e-15,6.920481624297809e-15,7.477120272599866e-15,8.105079111748473e-15,8.81726290379689e-15,9.62964030315452e-15,1.0562155954478153e-14,1.1639973577607549e-14,1.2895193189360158e-14,1.436925835068288e-14,1.611638481925792e-14,1.8208529901085692e-14,2.0742731051887716e-14,2.385217040225857e-14,2.7723235955280727e-14,3.262248468209216e-14,3.894041166634615e-14,4.726414977598168e-14,5.850505037997087e-14,7.41217007742172e-14,9.65357089184413e-14,1.299224906579893e-13,1.8176416314551706e-13,2.659535256176335e-13,4.089750166666817e-13,6.617350554096409e-13,1.1208067923874331e-12,1.1655574166945505e-12,2.0687282527656743e-12,4.026333744671405e-12,1.1758376804351401e-11,7.070172166933729e-11,5.703212376119233e-10,4.203269747008833e-09,5.7515344579016135e-09,4.08982366183765e-08,1.8018220136525424e-07,5.795618569577686e-07,1.412857573240579e-06,2.7021367971160934e-06,4.230070522545211e-06,5.663508354701981e-06,6.745813783273334e-06,7.383117580133531e-06,7.6134951648779775e-06,7.5362889627544935e-06,7.257452502743946e-06,6.8635807175210295e-06,6.4160833918272275e-06,5.954606092582629e-06,5.5028688213372535e-06,5.073953135371087e-06,4.674233108908701e-06,4.30603174881019e-06,3.969322714505411e-06,3.6627853980894006e-06,3.3844443541565744e-06,3.1320491261144176e-06,2.9032945611833795e-06,2.695944121148708e-06,2.5078947052870513e-06,2.3372065729460557e-06,2.1821127703572533e-06,2.04101684130077e-06,1.9124841557693157e-06,1.7952300768014526e-06,1.6881068860845343e-06,1.5900905895761328e-06,1.500268233223688e-06,1.4178260584385605e-06,1.3420386452762932e-06,1.2722590828837773e-06,1.2079101444383688e-06,1.1484764096766321e-06,1.0934972613822062e-06,1.0425606758756298e-06,9.95297727831444e-07,9.513777329155027e-07,9.10503957306142e-07,8.724098292248699e-07,8.368555939043142e-07,8.036253597431638e-07,7.725244889495626e-07,7.43377291509092e-07,7.160249860819093e-07,6.903238957640358e-07,6.661438504899693e-07,6.433667713779884e-07,6.218854151910595e-07,6.016022598815829e-07,5.824285144780123e-07,5.642832386032691e-07,5.47092558765902e-07,5.307889700607953e-07,5.15310713405691e-07,5.006012195451961e-07,4.866086121649779e-07,4.732852633831826e-07,4.605873956655434e-07,4.4847472496233677e-07,4.369101404437995e-07,4.2585941679155216e-07,4.152909554538519e-07,4.051755517165406e-07,3.9548618476674055e-07,3.8619782832512323e-07,3.7728727958556895e-07,3.687330046324492e-07,3.6051499847063063e-07,3.5261465829179553e-07,3.4501466850858985e-07,3.376988964083954e-07,3.306522973356887e-07,3.238608284476331e-07,3.173113701912505e-07,3.109916547418e-07,3.0489020072299033e-07,2.989962535962426e-07,2.932997311815004e-07,2.8779117381393056e-07,2.824616987109293e-07,2.773029581407029e-07,2.7230710105651653e-07,2.6746673786535667e-07,2.627749080565841e-07,2.582250504257903e-07,2.5381097566406e-07,2.495268411067498e-07,2.453671274479676e-07,2.413266172486088e-07,2.3740037509445215e-07,2.3358372924693925e-07,2.2987225467645478e-07,2.2626175734552855e-07,2.2274825965772565e-07,2.1932798695692961e-07,2.159973550063868e-07,2.1275295835960723e-07,2.0959155955046062e-07,2.065100790470787e-07,2.0350558589818725e-07,2.0057528902486936e-07,1.977165291045597e-07,1.9492677100350285e-07,1.9220359671316387e-07,1.895446987599255e-07,1.8694787403778906e-07,1.8441101805389836e-07,1.8193211953319842e-07,1.7950925537479365e-07,1.7714058593010474e-07,1.7482435056711413e-07,1.725588635169593e-07,1.7034250997699186e-07,1.6817374244821656e-07,1.6605107729838416e-07,1.6397309152487277e-07,1.619384197170091e-07,1.599457511932734e-07,1.5799382730571212e-07,1.560814389028491e-07,1.5420742393436453e-07,1.5237066519878713e-07,1.5057008820823223e-07,1.4880465918194347e-07,1.4707338314626088e-07,1.4537530214010327e-07,1.4370949351927286e-07,1.420750683512927e-07,1.4047116989632044e-07,1.388969721698607e-07,1.3735167858049883e-07,1.3583452063964083e-07,1.3434475673750875e-07,1.328816709823298e-07,1.3144457209920466e-07,1.300327923846412e-07,1.2864568671341622e-07,1.2728263159518168e-07,1.2594302427785242e-07,1.2462628189465902e-07,1.2333184065297292e-07,1.2205915506272973e-07,1.2080769720158806e-07,1.195769560141324e-07,1.1836643664607436e-07,1.1717565980828226e-07,1.1600416117087111e-07,1.1485149078520153e-07,1.1371721253241909e-07,1.1260090359789698e-07,1.115021539663763e-07,1.104205659462786e-07,1.0935575370606772e-07,1.0830734283954638e-07,1.0727496994368104e-07,1.0625828222254921e-07,1.052569370991765e-07,1.0427060184925202e-07,1.0329895325430536e-07,1.023416772594109e-07,1.0139846865415175e-07,1.0046903076326633e-07,9.955307515107899e-08,9.86503213367442e-08,9.776049652348272e-08,9.688333533621162e-08,9.601857957224682e-08,9.516597796031523e-08,9.432528592968439e-08,9.349626539003189e-08,9.267868451425199e-08,9.187231753966971e-08,9.107694456690168e-08,9.02923513731846e-08,8.951832922936871e-08,8.875467472601919e-08,8.800118960452915e-08,8.725768059503574e-08,8.652395926270692e-08,8.579984185406972e-08,8.508514915529105e-08,8.437970635392869e-08,8.368334289872626e-08,8.299589237817826e-08,8.23171923944804e-08,8.164708443866377e-08,8.098541377831652e-08,8.033202934616893e-08,7.968678363148946e-08,7.904953257574958e-08,7.842013547315133e-08,7.779845487385493e-08,7.718435649022936e-08,7.65777091052427e-08,7.597838448669103e-08,7.538625730314578e-08,7.480120504093774e-08,7.422310792878341e-08,7.365184885655801e-08,7.308731330583993e-08,7.252938927641848e-08,7.197796722033738e-08,7.143293997192689e-08,7.089420268447309e-08,7.036165277108061e-08,6.983518983857953e-08,6.931471563412265e-08,6.880013398549994e-08,6.82913507479586e-08,6.778827375047182e-08,6.729081274462213e-08,6.679887935525978e-08,6.631238703119165e-08,6.583125099834119e-08,6.535538821699985e-08,6.488471733434484e-08,6.441915864262379e-08,6.395863404053969e-08,6.350306698987147e-08,6.305238247801988e-08,6.26065069802718e-08,6.21653684224961e-08,6.172889614607482e-08,6.129702087388682e-08,6.086967467631413e-08,6.044679093816021e-08,6.002830432750259e-08,5.961415076547512e-08,5.9204267395263254e-08,5.8798592554538705e-08,5.839706574655065e-08,5.7999627611614685e-08,5.7606219904454926e-08,5.7216785462508077e-08,5.683126818685516e-08,5.644961301299096e-08,5.607176588897649e-08,5.569767375185988e-08,5.5327284508438476e-08,5.496054700778041e-08,5.459741102295117e-08,5.423782723067204e-08,5.388174719070847e-08,5.352912332641015e-08,5.317990890386593e-08,5.283405801569053e-08,5.2491525562608107e-08,5.215226723421019e-08,5.181623949349433e-08,5.1483399558399426e-08,5.115370538747099e-08,5.082711566251585e-08,5.050358977441486e-08,5.018308780664584e-08,4.9865570521454175e-08,4.9550999345088735e-08,4.923933635525388e-08,4.893054426445574e-08,4.8624586410168664e-08,4.8321426740184376e-08,4.802102979902217e-08,4.77233607180698e-08,4.742838520206473e-08,4.713606951728942e-08,4.684638048090767e-08,4.6559285448709346e-08,4.6274752305912854e-08,4.5992749455089676e-08,4.5713245805930656e-08,4.54362107665673e-08,4.5161614230540524e-08,4.488942657204517e-08,4.4619618631245615e-08,4.4352161709994254e-08,4.4087027558275056e-08,4.382418836864417e-08,4.3563616766977655e-08,4.3305285802973706e-08,4.304916894291291e-08,4.279524006243104e-08,4.25434734369131e-08,4.22938437351633e-08,4.20463260115705e-08,4.180089569907845e-08,4.155752860141737e-08,4.131620088706799e-08,4.107688908192968e-08,4.083957006245471e-08,4.0604221049561974e-08,4.037081960267753e-08,4.0139343612319284e-08,3.990977129428079e-08,3.9682081185877867e-08,3.945625213696915e-08,3.923226330585262e-08,3.901009415375276e-08,3.878972443878841e-08,3.857113421163875e-08,3.835430380908781e-08,3.81392138497499e-08,3.792584522876697e-08,3.771417911326727e-08,3.750419693691355e-08,3.729588039583976e-08,3.708921144385091e-08,3.688417228787377e-08,3.668074538362666e-08,3.6478913431261466e-08,3.627865937126389e-08,3.6079966380224764e-08,3.588281786677529e-08,3.5687197467637004e-08,3.5493089043844415e-08,3.530047667686314e-08,3.510934466476044e-08,3.491967751889529e-08,3.473145995988131e-08,3.454467691399222e-08,3.43593135108213e-08,3.41753550789921e-08,3.39927871422168e-08,3.381159541797093e-08,3.363176581217078e-08,3.345328441799573e-08,3.32761375111696e-08,3.31003115482569e-08,3.2925793163053746e-08,3.2752569163850596e-08,3.258062653037138e-08,3.2409952411780946e-08,3.2240534123434804e-08,3.207235914398423e-08,3.190541511331396e-08,3.173968982955436e-08,3.1575171246670005e-08,3.141184747252714e-08,3.1249706765542314e-08,3.108873753292015e-08,3.09289283283044e-08,3.077026784923359e-08,3.061274493524407e-08,3.045634856532688e-08,3.030106785599031e-08,3.0146892059231304e-08,2.999381056014487e-08,2.984181287479041e-08,2.969088864930903e-08,2.9541027656185507e-08,2.9392219793722996e-08,2.9244455083429215e-08,2.9097723668579243e-08,2.8952015811979026e-08,2.880732189465046e-08,2.8663632413437304e-08,2.8520937979633693e-08,2.8379229318142477e-08,2.8238497263992327e-08,2.8098732761888e-08,2.7959926864521656e-08,2.782207073044181e-08,2.768515562351002e-08,2.754917291049912e-08,2.7414114059296978e-08,2.7279970639029383e-08,2.714673431672099e-08,2.7014396856884652e-08,2.688295012008245e-08,2.675238606129881e-08,2.662269672851906e-08,2.649387426179397e-08,2.6365910892300744e-08,2.623879893950699e-08,2.6112530811158775e-08,2.5987099001936445e-08,2.5862496092132988e-08,2.5738714745540465e-08,2.5615747710157973e-08,2.5493587815477788e-08,2.537222797198899e-08,2.525166116977097e-08,2.5131880477584904e-08,2.5012879041690665e-08,2.4894650084891326e-08,2.477718690532967e-08,2.466048287552087e-08,2.4544531441234178e-08,2.4429326121072128e-08,2.4314860504452905e-08,2.4201128251761036e-08,2.4088123092216497e-08,2.3975838823976843e-08,2.386426931274532e-08,2.375340849093616e-08,2.3643250356787803e-08,2.353378897337005e-08,2.3425018467861453e-08,2.3316933030677655e-08,2.320952691457733e-08,2.3102794433928162e-08,2.2996729963797233e-08,2.2891327939230817e-08,2.2786582854488915e-08,2.2682489262015578e-08,2.2579041772105855e-08,2.2476235051883833e-08,2.2374063824562837e-08,2.2272522868812927e-08,2.217160701793701e-08,2.2071311159346968e-08,2.1971630233753003e-08,2.1872559234398625e-08,2.1774093206264517e-08,2.167622724624188e-08,2.1578956501285063e-08,2.148227616856282e-08,2.1386181494593813e-08,2.1290667774661557e-08,2.119573035203189e-08,2.1101364617398244e-08,2.1007566009073783e-08,2.0914330010495073e-08,2.0821652152514643e-08,2.072952800975917e-08,2.0637953202031004e-08,2.0546923393097466e-08,2.0456434290254998e-08,2.0366481643922857e-08,2.02770612469171e-08,2.0188168934069145e-08,2.0099800581494743e-08,2.001195210640693e-08,1.992461946626195e-08,1.9837798658812685e-08,1.975148572071661e-08,1.9665676728262713e-08,1.9580367795929625e-08,1.949555507614982e-08,1.9411234759004713e-08,1.932740307182131e-08,1.9244056278770797e-08,1.9161190679626613e-08,1.9078802610662757e-08,1.8996888443336434e-08,1.8915444584087302e-08,1.883446747400611e-08,1.8753953588140906e-08,1.8673899435619377e-08,1.8594301558611662e-08,1.8515156532622064e-08,1.8436460965193105e-08,1.835821149691687e-08,1.8280404799452872e-08,1.820303757626559e-08,1.8126106561993186e-08,1.8049608521504167e-08,1.7973540251083748e-08,1.789789857598922e-08,1.7822680351673783e-08,1.7747882462900402e-08,1.767350182357047e-08,1.7599535375866787e-08,1.7525980091111295e-08,1.745283296794198e-08,1.7380091032992873e-08,1.730775134005433e-08,1.723581097061805e-08,1.716426703260095e-08,1.709311666031244e-08,1.7022357014368428e-08,1.6951985281346345e-08,1.6881998673488206e-08,1.681239442818177e-08,1.674316980801019e-08,1.6674322100171692e-08,1.660584861678962e-08,1.6537746693543544e-08,1.647001369101439e-08,1.640264699262705e-08,1.6335644005568435e-08,1.6269002160155807e-08,1.6202718909818734e-08,1.6136791730313313e-08,1.6071218120356843e-08,1.6005995600388252e-08,1.594112171304318e-08,1.5876594022565818e-08,1.581241011471993e-08,1.5748567596406653e-08,1.568506409581106e-08,1.562189726154482e-08,1.5559064763357594e-08,1.5496564290827234e-08,1.5434393553842608e-08,1.5372550282184457e-08,1.53110322254407e-08,1.52498371526354e-08,1.5188962852226122e-08,1.5128407131310206e-08,1.5068167816437786e-08,1.50082427524435e-08,1.4948629803146067e-08,1.4889326850217735e-08,1.4830331793610805e-08,1.4771642551082206e-08,1.471325705827181e-08,1.4655173268329198e-08,1.4597389151795545e-08,1.453990269641202e-08,1.4482711906790505e-08,1.442581480468079e-08,1.436920942819572e-08,1.4312893832095577e-08,1.4256866087399545e-08,1.4201124281366098e-08,1.4145666517329666e-08,1.4090490914131334e-08,1.4035595606601592e-08,1.3980978744941498e-08,1.3926638494749666e-08,1.3872573036821327e-08,1.3818780567031894e-08,1.376525929593443e-08,1.3712007449199362e-08,1.365902326690857e-08,1.3606305003535892e-08,1.3553850927931458e-08,1.3501659323102408e-08,1.3449728486046344e-08,1.339805672770297e-08,1.3346642372690707e-08,1.3295483759342549e-08,1.3244579239370696e-08,1.3193927177862344e-08,1.3143525953123087e-08,1.3093373956577005e-08,1.3043469592526576e-08,1.2993811278277196e-08,1.2944397443430502e-08,1.2895226530589776e-08,1.284629699466066e-08,1.2797607303050293e-08,1.2749155934873029e-08,1.2700941381817052e-08,1.2652962147489358e-08,1.2605216747195027e-08,1.2557703708117177e-08,1.2510421569052617e-08,1.2463368880317006e-08,1.2416544203593815e-08,1.2369946111937201e-08,1.2323573189615793e-08,1.2277424031997618e-08,1.2231497245235634e-08,1.2185791446581161e-08,1.2140305263990442e-08,1.2095037336153267e-08,1.2049986312287283e-08,1.200515085205088e-08,1.1960529625561554e-08,1.1916121313101672e-08,1.1871924605060391e-08,1.1827938202444559e-08,1.1784160815667057e-08,1.174059116525405e-08,1.1697227981559992e-08,1.1654070004633105e-08,1.1611115984150187e-08,1.1568364679198307e-08,1.1525814858518678e-08,1.1483465300128931e-08,1.1441314791373541e-08,1.1399362128642541e-08,1.1357606117570618e-08,1.1316045572686418e-08,1.1274679317800552e-08,1.1233506185177492e-08,1.119252501600711e-08,1.1151734660218796e-08,1.1111133976277753e-08,1.107072183123026e-08,1.1030497100590941e-08,1.0990458668141526e-08,1.0950605426339138e-08,1.0910936275512592e-08,1.0871450124228279e-08,1.0832145889062074e-08,1.0793022495027121e-08,1.075407887462464e-08,1.0715313968384147e-08,1.0676726724611352e-08,1.0638316099341532e-08,1.0600081056352894e-08,1.0562020566954797e-08,1.0524133609948941e-08,1.048641917162396e-08,1.0448876245794553e-08,1.0411503833432284e-08,1.037430094284417e-08,1.033726658951936e-08,1.0300399796111609e-08,1.0263699592315133e-08,1.0227165014888054e-08,1.0190795107218432e-08,1.0154588920382045e-08,1.0118545511593257e-08,1.0082663944929826e-08,1.0046943291411816e-08,1.0011382628533627e-08,9.975981040400449e-09,9.940737617719478e-09,9.905651457670504e-09,9.870721663873691e-09,9.835947346223704e-09,9.801327621077897e-09,9.766861610917308e-09,9.732548444563002e-09,9.698387256836595e-09,9.664377188871417e-09,9.630517387694137e-09,9.596807006307128e-09,9.563245203884365e-09,9.529831145271154e-09,9.496564001273013e-09,9.463442948389473e-09,9.430467169000042e-09,9.39763585109426e-09,9.36494818841926e-09,9.332403380159633e-09,9.300000631289304e-09,9.267739151874975e-09,9.235618158105833e-09,9.203636871042075e-09,9.1717945173289e-09,9.140090328924334e-09,9.108523543099651e-09,9.077093402277495e-09,9.04579915415067e-09,9.014640051573551e-09,8.98361535246658e-09,8.952724319867584e-09,8.921966221825218e-09,8.891340331371746e-09,8.860845926474162e-09,8.830482290081147e-09,8.800248709831542e-09,8.770144478486655e-09,8.740168893260169e-09,8.710321256373192e-09,8.680600874595631e-09,8.651007059514991e-09,8.621539127025145e-09,8.59219639804797e-09,8.562978197812064e-09,8.533883856145e-09,8.504912707306069e-09,8.476064090056123e-09,8.44733734750638e-09,8.418731827187701e-09,8.39024688098435e-09,8.361881865020823e-09,8.333636139795853e-09,8.305509070051738e-09,8.277500024513991e-09,8.249608376280032e-09,8.221833502524526e-09,8.194174784705257e-09,8.166631608058633e-09,8.139203362042169e-09,8.111889440084161e-09,8.084689239584322e-09,8.05760216177247e-09,8.030627611912678e-09,8.00376499916916e-09,7.977013736730105e-09,7.950373241234404e-09,7.923842933261884e-09,7.89742223727755e-09,7.871110581223584e-09,7.844907397012967e-09,7.818812120076233e-09,7.792824189478383e-09,7.766943048054342e-09,7.741168142035163e-09,7.715498921402225e-09,7.689934839547704e-09,7.6644753533875e-09,7.639119923329125e-09,7.613868013236981e-09,7.58871909154718e-09,7.563672629622809e-09,7.538728099953714e-09,7.513884979880655e-09,7.48914274995698e-09,7.46450089408482e-09,7.4399588995953475e-09,7.415516257056327e-09,7.391172460218401e-09,7.366927006041638e-09,7.3427793946388315e-09,7.3187291293515285e-09,7.29477571657127e-09,7.270918665819574e-09,7.247157489700721e-09,7.223491703825945e-09,7.199920826887672e-09,7.176444380558445e-09,7.153061889518014e-09,7.129772881403533e-09,7.1065768867667335e-09,7.083473439091742e-09,7.060462074935498e-09,7.037542333445813e-09,7.014713756774981e-09,6.991975889846566e-09,6.969328280445221e-09,6.946770479140508e-09,6.924302039135968e-09,6.901922516756319e-09,6.879631470734143e-09,6.857428462534691e-09,6.83531305636788e-09,6.813284819125546e-09,6.791343320370504e-09,6.769488132240382e-09,6.747718829503273e-09,6.726034989547091e-09,6.704436192278215e-09,6.682922020205969e-09,6.661492058337612e-09,6.640145894245949e-09,6.618883117959509e-09,6.597703322016568e-09,6.576606101369341e-09,6.555591053463453e-09,6.534657778182925e-09,6.5138058777185806e-09,6.4930349568210225e-09,6.472344622441258e-09,6.451734484013307e-09,6.431204153266782e-09,6.410753244168731e-09,6.390381373261069e-09,6.370088159051186e-09,6.349873222587817e-09,6.329736186882976e-09,6.309676677429196e-09,6.289694321865492e-09,6.269788750084297e-09,6.249959594124722e-09,6.230206488197224e-09,6.210529068711395e-09,6.1909269741855415e-09,6.171399845324694e-09,6.151947324899314e-09,6.132569057810006e-09,6.1132646910093804e-09,6.094033873551538e-09,6.074876256579595e-09,6.055791493192663e-09,6.036779238572474e-09,6.017839149958402e-09,5.998970886515976e-09,5.98017410941337e-09,5.961448481850026e-09,5.942793668948606e-09,5.924209337645623e-09,5.905695157003734e-09,5.887250797944289e-09,5.8688759332454654e-09,5.850570237707442e-09,5.832333387777689e-09,5.814165061975924e-09,5.79606494046214e-09,5.778032705581883e-09,5.7600680412112764e-09,5.7421706331387215e-09,5.724340168836467e-09,5.70657633787039e-09,5.688878831310406e-09,5.671247342086734e-09,5.653681564806819e-09,5.636181195927271e-09,5.70151137122023e-09,5.794044120182106e-09,5.899781546249935e-09,6.011907758191104e-09,6.127029000286493e-09,6.243432344542264e-09,6.360243954971714e-09,6.477012557079004e-09,6.593500750612316e-09,6.709579789194601e-09,6.825176355750349e-09,6.9402455962476334e-09,7.054757444030469e-09,7.168689678925917e-09,7.282024401052291e-09,7.394746235071534e-09,7.506841413030721e-09,7.61829730143224e-09,7.729102153580795e-09,7.839244977265457e-09,7.94871545901256e-09,8.05750391833512e-09,8.165601277099972e-09,8.272999035455646e-09,8.379689252441259e-09,8.485664528706934e-09,8.590917989378803e-09,8.695443268731221e-09,8.799234493455423e-09,8.902286269119656e-09,9.004593663803633e-09,9.106152194200605e-09,9.206957810106603e-09,9.307006881050554e-09,9.406296181987227e-09,9.504822878491457e-09,9.602584514684853e-09,9.699578999295504e-09,9.795804591780612e-09,9.891259891698572e-09,9.985943824581552e-09,1.0079855628396876e-08,1.0172994845950331e-08,1.0265361308853742e-08,1.0356955128534355e-08,1.044777668475812e-08,1.0537826615043058e-08,1.0627105803824372e-08,1.0715615371690105e-08,1.0803356666786363e-08,1.0890331254694145e-08,1.0976540908401573e-08,1.1061987599822506e-08,1.1146673490905367e-08,1.1230600925148605e-08,1.1313772419223236e-08,1.1396190654669718e-08,1.1477858470419004e-08,1.1558778855042855e-08,1.1638954939384113e-08,1.1718389989983335e-08,1.179708740146271e-08,1.1875050690535548e-08,1.1952283488692123e-08,1.202878953722365e-08,1.2104572680590363e-08,1.2179636860518607e-08,1.2253986110596748e-08,1.2327624550859536e-08,1.2400556382616214e-08,1.2472785883275437e-08,1.2544317402030078e-08,1.2615155354141683e-08,1.268530421775111e-08,1.2754768527611742e-08,1.2823552874803378e-08,1.2891661897148575e-08,1.2959100279969225e-08,1.3025872750075585e-08,1.3091984073440556e-08,1.3157439050381195e-08,1.3222242513185155e-08,1.3286399322782649e-08,1.3349914365897601e-08,1.341279255179131e-08,1.3475038808680967e-08,1.3536658082972012e-08,1.3597655334813307e-08,1.3658035536756744e-08,1.3717803670820568e-08,1.377696472642174e-08,1.3835523697807696e-08,1.3893485582637664e-08,1.3950855379490654e-08,1.400763808607787e-08,1.4063838697275074e-08,1.4119462204228234e-08,1.4174513590245837e-08,1.4228997832356447e-08,1.428291989814947e-08,1.4336284744024395e-08,1.4389097314680173e-08,1.4441362541312283e-08,1.4493085340171893e-08,1.4544270611881966e-08,1.4594923240313499e-08,1.4645048090090747e-08,1.4694650008671825e-08,1.4743733821701013e-08,1.479230433448176e-08,1.4840366330345172e-08,1.488792457024208e-08,1.493498379033561e-08,1.4981548704177085e-08,1.5027623999269768e-08,1.507321433818116e-08,1.511832435692804e-08,1.516295866495179e-08,1.520712184375328e-08,1.5250818448562834e-08,1.5294053004340774e-08,1.5336830008204238e-08,1.5379153928360697e-08,1.5421029203041132e-08,1.5462460240678034e-08,1.550345141948512e-08,1.5544007086906807e-08,1.558413156036853e-08,1.562382912540029e-08,1.566310403636082e-08,1.5701960516192153e-08,1.574040275651606e-08,1.577843491717659e-08,1.581606112346556e-08,1.585328547399544e-08,1.5890112030210272e-08,1.5926544823238086e-08,1.5962587851486126e-08,1.599824508067624e-08,1.6033520444583767e-08,1.6068417843915644e-08,1.6102941147178595e-08,1.613709419041427e-08,1.6170880776844735e-08,1.6204304677353324e-08,1.62373696303136e-08,1.6270079341414498e-08,1.630243748414794e-08,1.633444769986856e-08,1.636611359754616e-08,1.639743875396918e-08,1.642842671386771e-08,1.645908099016191e-08,1.64894050647288e-08,1.651940238436818e-08,1.6549076367880527e-08,1.6578430401327674e-08,1.660746783903911e-08,1.663619200439952e-08,1.6664606190214722e-08,1.6692713657688265e-08,1.672051763755173e-08,1.6748021329710654e-08,1.6775227903782056e-08,1.6802140497799392e-08,1.6828762223743483e-08,1.6855096159247774e-08,1.6881145354420314e-08,1.6906912828599994e-08,1.693240157286442e-08,1.6957614547969355e-08,1.6982554688005867e-08,1.7007224895008804e-08,1.7031628043908478e-08,1.705576698221523e-08,1.7079644527831232e-08,1.710326347149554e-08,1.7126626575324377e-08,1.714973657495902e-08,1.7172596177813634e-08,1.7195208064036445e-08,1.72175748869728e-08,1.7239699274425663e-08,1.726158382585837e-08,1.7283231115117946e-08,1.7304643690122797e-08,1.7325824071855568e-08,1.7346774757429607e-08,1.7367498216700763e-08,1.7387996895649037e-08,1.740827321400187e-08,1.742832956743742e-08,1.7448168326655496e-08,1.7467791837783355e-08,1.7487202423064222e-08,1.750640238049917e-08,1.7525393984998308e-08,1.7544179485911378e-08,1.7562761111153344e-08,1.7581141065263775e-08,1.759932152923801e-08,1.761730466133199e-08,1.7635092597679764e-08,1.765268745170044e-08,1.7670091315009093e-08,1.768730625675979e-08,1.7704334324880666e-08,1.7721177545790028e-08,1.773783792415664e-08,1.7754317444156195e-08,1.777061806856843e-08,1.778674173953981e-08,1.7802690377173218e-08,1.7818465884717735e-08,1.783407014404146e-08,1.784950501551144e-08,1.786477234072701e-08,1.7879873941625075e-08,1.7894811620858698e-08,1.7909587162020552e-08,1.792420232941427e-08,1.7938658868812616e-08,1.7952958507348594e-08,1.7967102953721777e-08,1.7981093898276783e-08,1.799493301346072e-08,1.800862195382628e-08,1.8022162355373364e-08,1.8035555837982963e-08,1.8048804004541773e-08,1.806190843879616e-08,1.8074870708870504e-08,1.8087692365617544e-08,1.810037494325722e-08,1.8112919959608343e-08,1.812532891613244e-08,1.8137603298443283e-08,1.8149744575675674e-08,1.8161754200303167e-08,1.8173633611208946e-08,1.8185384232046635e-08,1.8197007469729678e-08,1.8208504714143697e-08,1.8219877343045244e-08,1.823112671924724e-08,1.8242254188646503e-08,1.8253261084656796e-08,1.8264148724867938e-08,1.827491841444311e-08,1.828557144284012e-08,1.8296109085845666e-08,1.8306532606446036e-08,1.8316843251924858e-08,1.8327042257165356e-08,1.833713084529889e-08,1.8347110223565162e-08,1.8356981587473588e-08,1.8366746119195234e-08,1.837640498805601e-08,1.838595935147217e-08,1.839541035290158e-08,1.840475912371568e-08,1.841400678399709e-08,1.8423154440882216e-08,1.843220318961071e-08,1.8441154113544094e-08,1.8450008284234127e-08,1.8458766761227687e-08,1.846743059337809e-08,1.847600081768237e-08,1.8484478459208505e-08,1.8492864532974593e-08,1.8501160042098103e-08,1.8509365979068894e-08,1.8517483326263338e-08,1.8525513053666512e-08,1.8533456122276724e-08,1.8541313482164867e-08,1.8549086072279565e-08,1.8556774822488185e-08,1.856438065159545e-08,1.8571904469502013e-08,1.857934717422488e-08,1.8586709655885612e-08,1.8593992794104742e-08,1.860119745901537e-08,1.8608324511206828e-08,1.8615374802348212e-08,1.8622349173432155e-08,1.8629248457664823e-08,1.8636073478694843e-08,1.8642825050977722e-08,1.8649503980275057e-08,1.8656111063545802e-08,1.8662647088943442e-08,1.8669112836116353e-08,1.8675509075948478e-08,1.8681836571137133e-08,1.8688096075807208e-08,1.869428833605607e-08,1.8700414090003966e-08,1.870647406728373e-08,1.8712468989837212e-08,1.8718399571208497e-08,1.8724266517788334e-08,1.873007052769236e-08,1.8735812291849668e-08,1.8741492493329644e-08,1.8747111808126363e-08,1.875267090308282e-08,1.875817044012077e-08,1.876361107419511e-08,1.87689934504412e-08,1.8774318208879587e-08,1.877958598185554e-08,1.8784797394853518e-08,1.878995306666178e-08,1.8795053609186328e-08,1.8800099627208503e-08,1.8805091720194403e-08,1.8810030479702367e-08,1.881491649116479e-08,1.8819750333644285e-08,1.882453258008453e-08,1.8829263796884574e-08,1.883394454425817e-08,1.883857537649187e-08,1.8843156841668392e-08,1.8847689481751118e-08,1.8852173832887187e-08,1.8856610425351196e-08,1.8860999783552747e-08,1.8865342426043094e-08,1.886963886612619e-08,1.887388961079356e-08,1.8878095162006853e-08,1.8882256016008035e-08,1.8886372663670607e-08,1.8890445590467344e-08,1.8894475276559036e-08,1.889846219658657e-08,1.8902406820689822e-08,1.8906309613526603e-08,1.8910171033500792e-08,1.891399153545417e-08,1.891777156898766e-08,1.8921511578436274e-08,1.8925212003403508e-08,1.8928873279056036e-08,1.8932495834536425e-08,1.893608009552863e-08,1.8939626482277054e-08,1.894313541150511e-08,1.8946607294382633e-08,1.895004253810799e-08,1.8953441544159577e-08,1.8956804711124158e-08,1.8960132432555643e-08,1.896342509746459e-08,1.8966683091656815e-08,1.896990679572473e-08,1.897309658617255e-08,1.8976252835642275e-08,1.897937591240719e-08,1.898246618088635e-08,1.8985524001683057e-08,1.8988549730994606e-08,1.8991543721344834e-08,1.8994506320483906e-08,1.8997437874847876e-08,1.9000338725260854e-08,1.900320920795938e-08,1.9006049657955342e-08,1.90088604039148e-08,1.9011641772740425e-08,1.901439408666866e-08,1.9017117664160514e-08,1.901981282289426e-08,1.9022479874096176e-08,1.902511912619003e-08,1.9027730886138956e-08,1.9030315453693995e-08,1.903287312878701e-08,1.903540420728885e-08,1.9037908979942553e-08,1.904038773603878e-08,1.904284076243549e-08,1.904526834108882e-08,1.9047670751783295e-08,1.905004827259436e-08,1.9052401173628873e-08,1.905472972700886e-08,1.9057034200285544e-08,1.905931485797078e-08,1.9061571961745307e-08,1.9063805770332286e-08,1.9066016539579134e-08,1.9068204522808562e-08,1.9070369970170114e-08,1.90725131293912e-08,1.9074634245307895e-08,1.9076733559747602e-08,1.907881131253578e-08,1.9080867740856297e-08,1.9082903078406662e-08,1.9084917557236128e-08,1.908691140646231e-08,1.908888485273008e-08,1.909083812019162e-08,1.9092771430424448e-08,1.9094685002608003e-08,1.9096579054097202e-08,1.90984537991791e-08,1.910030944955212e-08,1.9102146215277157e-08,1.9103964303837897e-08,1.910576392043425e-08,1.9107545268013406e-08,1.910930854729182e-08,1.911105395678194e-08,1.911278169281481e-08,1.9114491949590905e-08,1.911618491912562e-08,1.911786079150434e-08,1.9119519754258008e-08,1.91211619929639e-08,1.91227876921682e-08,1.912439703308457e-08,1.9125990195256426e-08,1.912756735738226e-08,1.912912869410768e-08,1.9130674379775735e-08,1.9132204586328387e-08,1.9133719483834207e-08,1.9135219240493422e-08,1.9136704022658392e-08,1.913817399485392e-08,1.913962931953313e-08,1.9141070158398346e-08,1.9142496669927824e-08,1.9143909011973195e-08,1.914530734002956e-08,1.9146691807358377e-08,1.914806256779572e-08,1.9149419770351183e-08,1.9150763564597746e-08,1.915209409796182e-08,1.915341151569438e-08,1.915471596270123e-08,1.9156007580975937e-08,1.9157286511691792e-08,1.9158552894154633e-08,1.9159806866769505e-08,1.91610485648689e-08,1.916227812498936e-08,1.9163495677996792e-08,1.916470135723418e-08,1.916589529291787e-08,1.9167077613369482e-08,1.9168248447875794e-08,1.916940792168713e-08,1.9170556158064498e-08,1.917169328379795e-08,1.9172819419230554e-08,1.9173934685313373e-08,1.917503920121497e-08,1.9176133085155788e-08,1.9177216454157367e-08,1.9178289423375126e-08,1.9179352107356604e-08,1.9180404618671773e-08,1.9181447070189172e-08,1.918247957123907e-08,1.9183502231468864e-08,1.918451515908596e-08,1.9185518460957543e-08,1.918651224325642e-08,1.9187496610119543e-08,1.9188471665215493e-08,1.9189437510732883e-08,1.9190394247847927e-08,1.919134197666875e-08,1.9192280796173566e-08,1.9193210804239323e-08,1.9194132097730683e-08,1.9195044772373566e-08,1.9195948921945678e-08,1.919684464189618e-08,1.919773202397687e-08,1.9198611159770204e-08,1.9199482139895757e-08,1.920034505399241e-08,1.9201199990831747e-08,1.9202047037791305e-08,1.9202886281547293e-08,1.9203717807908856e-08,1.9204541701552608e-08,1.9205358046478164e-08,1.9206166925227515e-08,1.9206968420645155e-08,1.920776261441582e-08,1.9208549584873565e-08,1.920932941220596e-08,1.921010217577588e-08,1.9210867951843858e-08,1.9211626817469717e-08,1.9212378849721322e-08,1.9213124121897337e-08,1.9213862709152694e-08,1.9214594684937268e-08,1.9215320121952753e-08,1.9216039091924298e-08,1.9216751665924494e-08,1.921745791428638e-08,1.9218157906475467e-08,1.9218851711236715e-08,1.9219539396552276e-08,1.92202210297296e-08,1.9220896677017752e-08,1.922156640437738e-08,1.922223027684957e-08,1.922288835896069e-08,1.9223540713802006e-08,1.9224187404658907e-08,1.9224828493701382e-08,1.922546404246241e-08,1.922609411176957e-08,1.9226718761829152e-08,1.9227338051952745e-08,1.9227952041485407e-08,1.9228560788597893e-08,1.9229164350625843e-08,1.9229762784635634e-08,1.92303561471074e-08,1.9230944493561573e-08,1.923152787935858e-08,1.923210635909423e-08,1.923267998616658e-08,1.9233248814039717e-08,1.9233812895625025e-08,1.9234372282833273e-08,1.9234927027337925e-08,1.9235477180148254e-08,1.9236022791805014e-08,1.9236563911993216e-08,1.9237100590334005e-08,1.9237632875557184e-08,1.9238160815904114e-08,1.9238684458963654e-08,1.9239203852005613e-08,1.9239719041759256e-08,1.9240230074401617e-08,1.924073699560386e-08,1.9241239850573873e-08,1.9241738683900655e-08,1.9242233539813445e-08,1.9242724462011292e-08,1.9243211493691383e-08,1.9243694677598226e-08,1.9244174056062106e-08,1.9244649670772487e-08,1.92451215632003e-08,1.924558977417505e-08,1.924605434413583e-08,1.9246515313088995e-08,1.9246972720593826e-08,1.924742660576648e-08,1.9247877007098098e-08,1.9248323963273716e-08,1.924876751259743e-08,1.924920769117417e-08,1.9249644536706554e-08,1.925007808576703e-08,1.9250508374543077e-08,1.9250935438782493e-08,1.925135931503531e-08,1.9251780036871105e-08,1.925219763896905e-08,1.9252612156004757e-08,1.9253023621900948e-08,1.9253432070139423e-08,1.9253837533850975e-08,1.9254240045894573e-08,1.9254639638638146e-08,1.9255036344067054e-08,1.9255430194192644e-08,1.9255821221024026e-08,1.9256209453680142e-08,1.9256594923955895e-08,1.9256977662082656e-08,1.925735769822528e-08,1.9257735061974166e-08,1.9258109782695985e-08,1.9258481889391904e-08,1.925885141076767e-08,1.9259218375267585e-08,1.9259582810667402e-08,1.925994474534899e-08,1.9260304206443108e-08,1.9260661221515323e-08,1.9261015816690683e-08,1.9261368018799626e-08,1.9261717854518402e-08,1.9262065349412855e-08,1.9262410529125828e-08,1.9262753419527073e-08,1.926309404550253e-08,1.9263432432012416e-08,1.9263768603600157e-08,1.9264102584545092e-08,1.926443439913407e-08,1.9264764071491842e-08,1.926509162403305e-08,1.9265417080652692e-08,1.926574046437148e-08,1.9266061797942367e-08,1.926638110361412e-08,1.9266698404245666e-08,1.926701372156775e-08,1.9267327077318363e-08,1.926763849314718e-08,1.9267947989982476e-08,1.9268255589413018e-08,1.9268561311745967e-08,1.9268865178210116e-08,1.9269167208916725e-08,1.926946742404326e-08,1.9269765843324168e-08,1.927006248677903e-08,1.9270357373782767e-08,1.9270650523624888e-08,1.9270941955376692e-08,1.9271231688145142e-08,1.9271519740415518e-08,1.92718061302835e-08,1.9272090876287316e-08,1.9272373996490824e-08,1.9272655508765558e-08,1.9272935430733465e-08,1.927321377988701e-08,1.927349057314953e-08,1.9273765828297795e-08,1.9274039561922266e-08,1.9274311790617464e-08,1.927458253095431e-08,1.9274851799031932e-08,1.9275119611572238e-08,1.9275385984315163e-08,1.9275650932892943e-08,1.9275914472982366e-08,1.927617662021672e-08,1.9276437389649112e-08,1.9276696796929152e-08,1.927695485634954e-08,1.927721158307438e-08,1.9277466991528788e-08,1.9277721096817447e-08,1.9277973912437526e-08,1.927822545288304e-08,1.9278475732135123e-08,1.927872476384117e-08,1.9278972561758687e-08,1.927921914027253e-08,1.92794645117338e-08,1.9279708689729483e-08,1.927995168733034e-08,1.928019351757865e-08,1.928043419361725e-08,1.928067372733648e-08,1.9280912131515498e-08,1.928114941895751e-08,1.9281385601669343e-08,1.9281620691811944e-08,1.9281854701219984e-08,1.9282087641992517e-08,1.9282319525529617e-08,1.928255036379457e-08,1.9282780168311244e-08,1.928300895026365e-08,1.9283236720582916e-08,1.9283463490941775e-08,1.928368927203777e-08,1.9283914074946708e-08,1.928413790997333e-08,1.9284360787839858e-08,1.9284582719279017e-08,1.9284803714468238e-08,1.9285023783872557e-08,1.928524293766256e-08,1.9285461185711254e-08,1.9285678538027587e-08,1.9285895004465354e-08,1.9286110594712275e-08,1.9286325318413756e-08,1.9286539184278557e-08,1.9286752203276902e-08,1.9286964383949676e-08,1.92871757354901e-08,1.928738626688814e-08,1.9287595987368013e-08,1.9287804905691227e-08,1.9288013030686202e-08,1.928822037105251e-08,1.9288426935275305e-08,1.9288632732084326e-08,1.9288837769877774e-08,1.9289042057455884e-08,1.9289245601787237e-08,1.928944841186574e-08,1.9289650495094368e-08,1.92898518605372e-08,1.9290052515597974e-08,1.929025246783845e-08,1.9290451725124347e-08,1.9290650295093184e-08,1.9290848185125974e-08,1.929104540295333e-08,1.9291241955509037e-08,1.9291437850737228e-08,1.929163309566802e-08,1.9291827696685763e-08,1.9292021661838512e-08,1.9292214997910384e-08,1.9292407711789002e-08,1.92925998096991e-08,1.9292791298692145e-08,1.9292982185688575e-08,1.9293172477212008e-08,1.929336217966471e-08,1.9293551299608245e-08,1.92937398433208e-08,1.9293927817012022e-08,1.9294115227394327e-08,1.9294302079881372e-08,1.929448838163641e-08,1.9294674138120197e-08,1.929485935528846e-08,1.9295044039119134e-08,1.9295228195456636e-08,1.9295411830073326e-08,1.9295594948318344e-08,1.9295777556837436e-08,1.9295959659975375e-08,1.929614126445321e-08,1.9296322374717985e-08,1.9296502997036355e-08,1.9296683136340467e-08,1.929686279777055e-08,1.9297041986967817e-08,1.9297220708955643e-08,1.929739896898227e-08,1.929757677159169e-08,1.9297754122250816e-08,1.9297931025787296e-08,1.929810748728265e-08,1.9298283511240694e-08,1.92984591026026e-08,1.9298634266072632e-08,1.9298809006593028e-08,1.9298983328507075e-08,1.9299157236583922e-08,1.929933073521203e-08,1.92995038285561e-08,1.9299676521814244e-08,1.929984881906511e-08,1.9300020724502783e-08,1.9300192242186813e-08,1.930036337701239e-08,1.9300534132837218e-08,1.9300704513507008e-08,1.930087452359839e-08,1.930104416711542e-08,1.9301213447966087e-08,1.9301382370122393e-08,1.93015509375134e-08,1.93017191540245e-08,1.930188702322966e-08,1.93020545494536e-08,1.9302221736210436e-08,1.93023885872095e-08,1.9302555106332286e-08,1.9302721296793467e-08,1.930288716241688e-08,1.9303052706663363e-08,1.930321793226753e-08,1.930338284454514e-08,1.9303547445921077e-08,1.9303711739841192e-08,1.9303875729677295e-08,1.9304039418729514e-08,1.930420281027585e-08,1.9304365907511016e-08,1.930452871389987e-08,1.9304691232473388e-08,1.9304853466311615e-08,1.93050154178687e-08,1.9305177091789893e-08,1.930533849027155e-08,1.9305499616299455e-08,1.930566047292176e-08,1.9305821063043855e-08,1.930598138964775e-08,1.930614145570569e-08,1.930630126380347e-08,1.9306460816896374e-08,1.930662011776549e-08,1.930677916917268e-08,1.9306937973902553e-08,1.9307096534551623e-08,1.9307254853841484e-08,1.930741293438269e-08,1.930757077877722e-08,1.9307728389662644e-08,1.930788576952027e-08,1.9308042920962215e-08,1.9308199846441983e-08,1.9308356548407552e-08,1.9308513029339426e-08,1.930866929164228e-08,1.9308825337700576e-08,1.9308981169846555e-08,1.9309136790388074e-08,1.9309292202030022e-08,1.9309447406473672e-08,1.930960240623528e-08,1.9309757203545462e-08,1.930991180061433e-08,1.931006619966204e-08,1.9310220402688218e-08,1.9310374412062982e-08,1.9310528229803756e-08,1.9310681858001482e-08,1.931083529872578e-08,1.9310988553971485e-08,1.931114162592529e-08,1.931129451671084e-08,1.9311447227742354e-08,1.931159976157219e-08,1.9311752119657024e-08,1.9311904304131395e-08,1.9312056316889583e-08,1.9312208159805158e-08,1.9312359834705074e-08,1.9312511343469235e-08,1.931266268780343e-08,1.931281386962918e-08,1.9312964890708154e-08,1.9313115752775444e-08,1.9313266457469003e-08,1.931341700671203e-08,1.9313567402030468e-08,1.9313717645142104e-08,1.9313867737550733e-08,1.931401768103014e-08,1.9314167477411874e-08,1.931431712813436e-08,1.9314466634750208e-08,1.9314615998809718e-08,1.9314765221941756e-08,1.931491430564884e-08,1.9315063251510778e-08,1.9315212060889337e-08,1.9315360735359204e-08,1.931550927637076e-08,1.931565768534899e-08,1.9315805963776547e-08,1.931595411306187e-08,1.9316102134576156e-08,1.9316250029100293e-08,1.931639779932432e-08,1.931654544591158e-08,1.931669297025201e-08,1.9316840373636975e-08,1.9316987657414143e-08,1.9317134823037725e-08,1.9317281871455422e-08,1.9317428804104756e-08,1.931757562260005e-08,1.931772232745158e-08,1.93178689201821e-08,1.931801540222815e-08,1.9318161774647235e-08,1.9318308038668067e-08,1.9318454195449485e-08,1.93186002462353e-08,1.931874619199458e-08,1.931889203394004e-08,1.9319037773314328e-08,1.9319183411141807e-08,1.9319328948508204e-08,1.9319474386560987e-08,1.931961972628751e-08,1.9319764968831254e-08,1.9319910115046164e-08,1.9320055166318907e-08,1.9320200123523097e-08,1.9320344987700702e-08,1.932048975985381e-08,1.932063444091167e-08,1.9320779031833543e-08,1.9320923533733886e-08,1.932106794765088e-08,1.932121227425158e-08,1.932135651464195e-08,1.9321500669749122e-08,1.9321644740375894e-08,1.9321788727661505e-08,1.9321932632398998e-08,1.9322076455698174e-08,1.9322220198009777e-08,1.932236386039277e-08,1.9322507443772084e-08,1.9322650948974548e-08,1.9322794376817947e-08,1.9322937728215295e-08,1.9323081003835805e-08,1.93232242046166e-08,1.932336733135098e-08,1.932351038493419e-08,1.9323653366081625e-08,1.932379627590046e-08,1.9323939114450412e-08,1.9324081882919176e-08,1.932422458194097e-08,1.932436721236271e-08,1.932450977487411e-08,1.9324652270258787e-08,1.93247946992267e-08,1.9324937062471905e-08,1.9325079360715242e-08,1.9325221594656046e-08,1.9325363765235603e-08,1.9325505872848812e-08,1.9325647918030164e-08,1.932578990161375e-08,1.9325931824284556e-08,1.9326073686638987e-08,1.932621548971442e-08,1.9326357233449088e-08,1.93264989189502e-08,1.9326640546791918e-08,1.9326782117333937e-08,1.9326923631537955e-08,1.9327065089908176e-08,1.932720649292813e-08,1.9327347841468364e-08,1.932748913581704e-08,1.932763037662192e-08,1.932777156451971e-08,1.932791270007106e-08,1.9328053783818752e-08,1.9328194816328316e-08,1.9328335798094458e-08,1.9328476729762075e-08,1.9328617612082393e-08,1.9328758445039845e-08,1.9328899229451562e-08,1.9329039965734106e-08,1.9329180654860486e-08,1.9329321296681635e-08,1.9329461892004522e-08,1.9329602441208137e-08,1.932974294483771e-08,1.9329883403580042e-08,1.9330023817713176e-08,1.9330164187786008e-08,1.933030451435313e-08,1.9330444797680024e-08,1.9330585038389157e-08,1.933072523708413e-08,1.9330865393736045e-08,1.933100550905969e-08,1.9331145583483837e-08,1.9331285617810063e-08,1.9331425611769724e-08,1.9331565566112794e-08,1.9331705481381774e-08,1.9331845357780934e-08,1.9331985195846226e-08,1.9332124995949575e-08,1.9332264758520614e-08,1.9332404483949932e-08,1.933254417267102e-08,1.9332683825005088e-08,1.9332823441386296e-08,1.933296302215554e-08,1.933310256768497e-08,1.9333242078406365e-08,1.933338155467361e-08,1.9333520996805146e-08,1.933366040551099e-08,1.933379978053662e-08,1.9333939122424375e-08,1.9334078431745112e-08,1.9334217708657525e-08,1.933435695361924e-08,1.933449616691873e-08,1.9334635348917098e-08,1.9334774500297626e-08,1.9334913620609933e-08,1.9335052710577128e-08,1.933519177053703e-08,1.9335330800756593e-08,1.9335469801590905e-08,1.9335608773350282e-08,1.9335747716316653e-08,1.933588663081271e-08,1.9336025517138542e-08,1.9336164375817006e-08,1.9336303207017793e-08,1.9336442010570753e-08,1.9336580787372603e-08,1.933671953740454e-08,1.9336858260730582e-08,1.933699695788224e-08,1.933713562912631e-08,1.9337274275018543e-08,1.9337412895228178e-08,1.933755149037441e-08,1.9337690060672875e-08,1.9337828606407966e-08,1.9337967127902233e-08,1.9338105625275508e-08,1.933824409877894e-08,1.93383825487393e-08,1.933852097537088e-08,1.9338659378847353e-08,1.9338797759558737e-08,1.9338936117664965e-08,1.9339074453381432e-08,1.933921276697817e-08,1.9339351058990102e-08,1.9339489329020524e-08,1.9339627577554018e-08,1.9339765805153796e-08,1.933990401136705e-08,1.9340042197208418e-08,1.934018036210447e-08,1.9340318506643558e-08,1.934045663134178e-08,1.9340594735903797e-08,1.934073282057529e-08,1.934087088569892e-08,1.934100893143847e-08,1.9341146957843264e-08,1.93412849658303e-08,1.9341422955013716e-08,1.9341560925677194e-08,1.9341698878052487e-08,1.934183681186189e-08,1.9341974727570948e-08,1.934211262592463e-08,1.9342250506243487e-08,1.9342388369134546e-08,1.934252621507665e-08,1.9342664043906742e-08,1.9342801855770806e-08,1.9342939650925183e-08,1.9343077429197575e-08,1.9343215191053326e-08,1.934335293663911e-08,1.934349066644934e-08,1.934362838005499e-08,1.9343766078157585e-08,1.934390376040839e-08,1.934404142757594e-08,1.9344179079092458e-08,1.9344316715519233e-08,1.9344454336922813e-08,1.9344591943499456e-08,1.934472953537819e-08,1.9344867112738834e-08,1.93450046760835e-08,1.9345142225085206e-08,1.9345279759958984e-08,1.934541728096864e-08,1.93455547881177e-08,1.9345692281615887e-08,1.9345829761477595e-08,1.9345967227928413e-08,1.9346104680849153e-08,1.934624212089473e-08,1.9346379547676103e-08,1.9346516961578052e-08,1.934665436252222e-08,1.934679175102688e-08,1.9346929127006636e-08,1.9347066490904614e-08,1.934720384223009e-08,1.934734118178789e-08,1.934747850898405e-08,1.934761582427818e-08,1.934775312778564e-08,1.9347890419624338e-08,1.9348027699892903e-08,1.9348164968994136e-08,1.934830222651061e-08,1.9348439473044958e-08,1.9348576708228673e-08,1.934871393269127e-08,1.934885114593497e-08,1.9348988348422595e-08,1.934912554049538e-08,1.934926272172796e-08,1.9349399892802937e-08,1.9349537053209458e-08,1.9349674203292523e-08,1.934981134349096e-08,1.934994847340415e-08,1.9350085593559666e-08,1.9350222703469293e-08,1.9350359803680236e-08,1.9350496894084804e-08,1.935063397521351e-08,1.935077104659448e-08,1.9350908108272062e-08,1.9351045161128196e-08,1.935118220448351e-08,1.935131923865785e-08,1.9351456263799894e-08,1.9351593279897878e-08,1.9351730287408602e-08,1.9351867285792683e-08,1.935200427591498e-08,1.935214125694986e-08,1.9352278229417613e-08,1.9352415193400326e-08,1.9352552148963622e-08,1.9352689096162064e-08,1.9352826034854392e-08,1.9352962965619968e-08,1.9353099888678897e-08,1.935323680335852e-08,1.9353373710086097e-08,1.9353510608935035e-08,1.9353647500245207e-08,1.9353784383811625e-08,1.935392125958143e-08,1.9354058127635753e-08,1.935419498813438e-08,1.9354331841464634e-08,1.9354468687154237e-08,1.9354605525590095e-08,1.9354742356962138e-08,1.9354879180882508e-08,1.9355015997691626e-08,1.9355152807454392e-08,1.93552896102992e-08,1.9355426406084185e-08,1.9355563195056786e-08,1.935569997720924e-08,1.9355836752410757e-08,1.9355973521131865e-08,1.9356110283224944e-08,1.9356247038750997e-08,1.935638378777013e-08,1.935652053009004e-08,1.93566572662358e-08,1.935679399605342e-08,1.9356930719591007e-08,1.9357067436909898e-08,1.9357204148159388e-08,1.9357340853260712e-08,1.9357477552596598e-08,1.935761424551143e-08,1.9357750932486905e-08,1.9357887613869567e-08,1.9358024289078046e-08,1.9358160958422037e-08,1.93582976220827e-08,1.935843428010989e-08,1.9358570932365674e-08,1.935870757905346e-08,1.9358844220181875e-08,1.9358980855928707e-08,1.935911748633065e-08,1.9359254111051168e-08,1.9359390730683407e-08,1.9359527344703434e-08,1.9359663953029232e-08,1.935980055657268e-08,1.935993715482484e-08,1.9360073748216382e-08,1.9360210336160715e-08,1.9360346919133246e-08,1.9360483497039897e-08,1.9360620070108806e-08,1.9360756638094862e-08,1.9360893201157473e-08,1.936102975941224e-08,1.9361166313080196e-08,1.9361302861640273e-08,1.93614394054736e-08,1.9361575944554645e-08,1.936171247900314e-08,1.936184900915379e-08,1.9361985534666652e-08,1.9362122055624707e-08,1.9362258571765647e-08,1.9362395083403733e-08,1.936253159085488e-08,1.936266809361906e-08,1.9362804592268187e-08,1.93629410863026e-08,1.9363077576189544e-08,1.9363214061958202e-08,1.9363350543136824e-08,1.9363487020383857e-08,1.9363623493162632e-08,1.9363759961772242e-08,1.9363896426396178e-08,1.9364032887086234e-08,1.9364169343710407e-08,1.936430579632763e-08,1.9364442244929297e-08,1.9364578689545216e-08,1.936471513032135e-08,1.936485156679615e-08,1.9364987999812056e-08,1.9365124428862084e-08,1.9365260853827755e-08,1.936539727503173e-08,1.9365533692726235e-08,1.9365670106392808e-08,1.936580651660793e-08,1.9365942923341217e-08,1.9366079325947647e-08,1.9366215725236738e-08,1.9366352120580145e-08,1.9366488512768868e-08,1.9366624901007227e-08,1.9366761285717293e-08,1.9366897666922704e-08,1.936703404465157e-08,1.9367170418898985e-08,1.9367306789981945e-08,1.936744315768735e-08,1.9367579521733233e-08,1.9367715882377515e-08,1.9367852239986544e-08,1.9367988594297934e-08,1.936812494507977e-08,1.9368261292785523e-08,1.9368397637005403e-08,1.936853397801187e-08,1.9368670316115128e-08,1.9368806650750106e-08,1.9368942982550375e-08,1.936907931087956e-08,1.9369215636057368e-08,1.936935195805818e-08,1.9369488277312707e-08,1.936962459321528e-08,1.9369760905905592e-08,1.9369897215759506e-08,1.9370033522908383e-08,1.93701698270633e-08,1.9370306128259346e-08,1.93704424265148e-08,1.9370578721537184e-08,1.937071501359841e-08,1.9370851303125766e-08,1.937098758972938e-08,1.9371123873520827e-08,1.9371260154207436e-08,1.9371396432361915e-08,1.9371532707430194e-08,1.937166898000988e-08,1.9371805249888987e-08,1.9371941516897956e-08,1.9372077781040075e-08,1.9372214042336684e-08,1.937235030096041e-08,1.9372486557151908e-08,1.9372622810651568e-08,1.93727590612254e-08,1.9372895309166133e-08,1.9373031554392154e-08,1.937316779739251e-08,1.937330403747326e-08,1.9373440275230702e-08,1.937357651021395e-08,1.937371274260051e-08,1.9373848972361527e-08,1.9373985199610614e-08,1.9374121424496316e-08,1.9374257646824866e-08,1.9374393866649537e-08,1.9374530084001874e-08,1.9374666298899103e-08,1.937480251164492e-08,1.9374938722017462e-08,1.937507492961619e-08,1.9375211134825382e-08,1.9375347337543163e-08,1.9375483538086383e-08,1.9375619736497472e-08,1.9375755932465252e-08,1.937589212582514e-08,1.9376028317071282e-08,1.93761645060177e-08,1.9376300692677095e-08,1.9376436876592456e-08,1.937657305838549e-08,1.9376709238146402e-08,1.9376845415379977e-08,1.9376981590358204e-08,1.9377117763422027e-08,1.937725393395204e-08,1.937739010222534e-08,1.9377526268561197e-08,1.937766243276965e-08,1.937779859446803e-08,1.937793475398603e-08,1.9378070911292634e-08,1.9378207066480052e-08,1.9378343219759436e-08,1.9378479370903228e-08,1.9378615520022402e-08,1.937875166666429e-08,1.9378887811389733e-08,1.9379023954104068e-08,1.9379160094703825e-08,1.9379296232953522e-08,1.9379432369127442e-08,1.9379568503260645e-08,1.9379704635310038e-08,1.937984076555519e-08,1.9379976893829083e-08,1.9380113020189932e-08,1.9380249144340762e-08,1.9380385266019143e-08,1.9380521385900064e-08,1.9380657503693244e-08,1.9380793619850876e-08,1.9380929733709224e-08,1.9381065845642924e-08,1.93812019556333e-08,1.9381338063920857e-08,1.9381474169920972e-08,1.9381610274286122e-08,1.93817463763793e-08,1.9381882476666113e-08,1.9382018575005352e-08,1.9382154671382998e-08,1.9382290766223547e-08,1.938242685882001e-08,1.9382562949437168e-08,1.9382699038260107e-08,1.938283512521841e-08,1.938297121024241e-08,1.9383107293700624e-08,1.9383243375052054e-08,1.93833794544936e-08,1.9383515532131367e-08,1.9383651608204727e-08,1.938378768214223e-08,1.9383923754264448e-08,1.9384059824579655e-08,1.9384195893003542e-08,1.9384331959787842e-08,1.938446802467259e-08,1.9384604087758143e-08,1.9384740149053295e-08,1.9384876208820205e-08,1.9385012266547698e-08,1.938514832248526e-08,1.9385284376608863e-08,1.9385420429029318e-08,1.9385556479651173e-08,1.938569252885944e-08,1.9385828575895554e-08,1.938596462125682e-08,1.938610066495476e-08,1.938623670721287e-08,1.938637274744345e-08,1.9386508785947445e-08,1.938664482272847e-08,1.938678085780516e-08,1.938691689106031e-08,1.9387052923007372e-08,1.938718895293782e-08,1.9387324981118935e-08,1.9387461007727483e-08,1.938759703294085e-08,1.9387733056220497e-08,1.9387869078039755e-08,1.9388005097914394e-08,1.938814111642888e-08,1.9388277133048624e-08,1.9388413147964226e-08,1.9388549161273635e-08,1.938868517282134e-08,1.938882118306803e-08,1.9388957191343305e-08,1.93890931979921e-08,1.9389229203049824e-08,1.938936520647344e-08,1.938950120838396e-08,1.9389637208563014e-08,1.9389773207383584e-08,1.938990920437433e-08,1.9390045199664216e-08,1.939018119366384e-08,1.9390317185777293e-08,1.939045317659386e-08,1.9390589165894876e-08,1.939072515323973e-08,1.9390861139306172e-08,1.9390997123766486e-08,1.939113310639888e-08,1.9391269087437872e-08,1.9391405066806817e-08,1.9391541044724625e-08,1.9391677021035718e-08,1.9391812996082813e-08,1.939194896960797e-08,1.939208494124293e-08,1.93922209113276e-08,1.9392356880179408e-08,1.9392492847537703e-08,1.939262881301822e-08,1.939276477728517e-08,1.9392900739989895e-08,1.939303670085661e-08,1.9393172660500207e-08,1.939330861832265e-08,1.939344457488387e-08,1.9393580529659876e-08,1.939371648318162e-08,1.9393852435174582e-08,1.9393988385391654e-08,1.9394124334452552e-08,1.9394260281639926e-08,1.939439622732558e-08,1.939453217177569e-08,1.939466811478317e-08,1.9394804055987796e-08,1.9394939995690657e-08,1.9395075933906185e-08,1.9395211870953112e-08,1.9395347806459977e-08,1.93954837401865e-08,1.939561967250017e-08,1.9395755603291916e-08,1.9395891532928215e-08,1.9396027460769074e-08,1.939616338711977e-08,1.9396299312016858e-08,1.939643523541735e-08,1.9396571157638245e-08,1.9396707078090738e-08,1.93968429970825e-08,1.9396978914613906e-08,1.939711483072899e-08,1.939725074574303e-08,1.939738665895073e-08,1.9397522570717802e-08,1.9397658481025898e-08,1.939779438990239e-08,1.9397930297318273e-08,1.9398066203536237e-08,1.9398202108294993e-08,1.9398338011689883e-08,1.939847391330274e-08,1.939860981352701e-08,1.9398745712305513e-08,1.9398881609672067e-08,1.9399017505514894e-08,1.939915340027586e-08,1.9399289293680104e-08,1.9399425185586087e-08,1.9399561076101864e-08,1.9399696965158247e-08,1.9399832852863407e-08,1.939996873878826e-08,1.9400104623338344e-08,1.9400240506593017e-08,1.9400376388302074e-08,1.9400512268615197e-08,1.940064814749167e-08,1.9400784025281852e-08,1.940091990161675e-08,1.940105577655684e-08,1.9401191649907023e-08,1.9401327521744434e-08,1.9401463392343916e-08,1.9401599261845332e-08,1.9401735129807107e-08,1.9401870995919213e-08,1.940200686082647e-08,1.9402142724329938e-08,1.940227858671901e-08,1.9402414447727316e-08,1.940255030707542e-08,1.9402686164962615e-08,1.9402822021795668e-08,1.940295787693022e-08,1.9403093730978672e-08,1.940322958338893e-08,1.940336543438099e-08,1.9403501284266913e-08,1.9403637132552394e-08,1.9403772978738133e-08,1.9403908824260675e-08,1.9404044668760243e-08,1.940418051149448e-08,1.9404316353009988e-08,1.9404452193116168e-08,1.940458803180684e-08,1.9404723869060865e-08,1.9404859705265617e-08,1.940499553979992e-08,1.9405131372978712e-08,1.94052672047711e-08,1.94054030352017e-08,1.9405538864643315e-08,1.940567469250541e-08,1.9405810519141915e-08,1.9405946344491497e-08,1.9406082168085587e-08,1.9406217990360817e-08,1.94063538112817e-08,1.940648963081921e-08,1.9406625449073654e-08,1.9406761266258384e-08,1.940689708182452e-08,1.9407032895993622e-08,1.940716870915906e-08,1.9407304520619967e-08,1.9407440330774268e-08,1.9407576139541685e-08,1.9407711947295633e-08,1.940784775341123e-08,1.9407983558086062e-08,1.940811936180607e-08,1.9408255163864446e-08,1.9408390964616085e-08,1.9408526764283496e-08,1.940866256231012e-08,1.9408798359058805e-08,1.940893415432216e-08,1.940906994837768e-08,1.9409205741053318e-08,1.940934153247197e-08,1.9409477322519698e-08,1.94096131115412e-08,1.940974889893483e-08,1.94098846849432e-08,1.941002046961872e-08,1.9410156253260346e-08,1.941029203564161e-08,1.9410427816369223e-08,1.941056359608678e-08,1.941069937448075e-08,1.9410835151238187e-08,1.941097092663099e-08,1.9411106701001147e-08,1.941124247403084e-08,1.9411378245350686e-08,1.9411514015938704e-08,1.9411649784735003e-08,1.941178555218676e-08,1.9411921318598016e-08,1.9412057083437725e-08,1.9412192847014634e-08,1.9412328609203464e-08,1.9412464370073553e-08,1.9412600129630582e-08,1.941273588784295e-08,1.9412871644739816e-08,1.941300740028856e-08,1.941314315449451e-08,1.9413278907718066e-08,1.941341465936427e-08,1.9413550409956872e-08,1.941368615922683e-08,1.9413821906940312e-08,1.941395765334224e-08,1.9414093398421816e-08,1.9414229142141467e-08,1.941436488486959e-08,1.9414500626015103e-08,1.9414636366193895e-08,1.9414772104725478e-08,1.9414907841915114e-08,1.941504357782891e-08,1.941517931239237e-08,1.9415315046028306e-08,1.941545077802446e-08,1.9415586508679946e-08,1.941572223835318e-08,1.9415857966714468e-08,1.9415993693454857e-08,1.941612941890201e-08,1.9416265143317765e-08,1.941640086652708e-08,1.9416536588049456e-08,1.9416672308297145e-08,1.9416808027505985e-08,1.941694374540366e-08,1.9417079462077983e-08,1.9417215177444254e-08,1.9417350891507193e-08,1.9417486604205367e-08,1.9417622315329383e-08,1.9417758025153985e-08,1.9417893733709932e-08,1.94180294410431e-08,1.9418165146943486e-08,1.941830085158853e-08,1.9418436554868482e-08,1.94185722571631e-08,1.9418707958181503e-08,1.9418843657672174e-08,1.9418979355805765e-08,1.94191150526109e-08,1.9419250748099966e-08,1.9419386442332772e-08,1.941952213501848e-08,1.941965782698974e-08,1.9419793517381546e-08,1.9419929206756833e-08,1.942006489484104e-08,1.9420200581367425e-08,1.942033626691957e-08,1.942047195084659e-08,1.9420607633480102e-08,1.942074331506984e-08,1.9420878995406372e-08,1.9421014674140685e-08,1.9421150351637324e-08,1.9421286028081638e-08,1.9421421702939684e-08,1.9421557376837134e-08,1.9421693049391346e-08,1.9421828720725566e-08,1.9421964390695597e-08,1.942210005915416e-08,1.9422235726232492e-08,1.9422371392430463e-08,1.9422507057041683e-08,1.9422642720257804e-08,1.9422778382530283e-08,1.9422914043260888e-08,1.9423049702958635e-08,1.9423185361087982e-08,1.9423321017928562e-08,1.9423456673800774e-08,1.9423592328230205e-08,1.9423727981117718e-08,1.9423863632831734e-08,1.9423999283221806e-08,1.9424134932617277e-08,1.9424270580437638e-08,1.9424406227279414e-08,1.9424541872575136e-08,1.9424677516846362e-08,1.942481315957522e-08,1.9424948801300715e-08,1.942508444143797e-08,1.942522008057227e-08,1.9425355718195204e-08,1.9425491354764743e-08,1.942562698983188e-08,1.9425762623859686e-08,1.9425898256329476e-08,1.9426033887441457e-08,1.9426169517310323e-08,1.9426305145936586e-08,1.9426440773237064e-08,1.9426576399580388e-08,1.9426712024364946e-08,1.9426847648162423e-08,1.9426983270435323e-08,1.942711889166828e-08,1.9427254511333313e-08,1.9427390129718948e-08,1.942752574678398e-08,1.9427661362784865e-08,1.9427796977741415e-08,1.9427932590885216e-08,1.9428068202942343e-08,1.9428203813902655e-08,1.9428339423602457e-08,1.9428475032097797e-08,1.9428610638981382e-08,1.9428746244540705e-08,1.9428881848877967e-08,1.9429017452187676e-08,1.9429153053960493e-08,1.9429288654411703e-08,1.9429424253887225e-08,1.9429559851789776e-08,1.9429695448745404e-08,1.942983104413297e-08,1.9429966638231966e-08,1.9430102231369374e-08,1.943023782296662e-08,1.9430373413213624e-08,1.9430509002514446e-08,1.9430644590261248e-08,1.9430780176677173e-08,1.9430915762140304e-08,1.943105134595604e-08,1.943118692885188e-08,1.9431322510477575e-08,1.9431458090841766e-08,1.9431593669647464e-08,1.9431729247180322e-08,1.943186482360538e-08,1.9432000398596693e-08,1.943213597223355e-08,1.9432271545004433e-08,1.943240711615988e-08,1.9432542686336625e-08,1.943267825487199e-08,1.9432813822161035e-08,1.94329493882239e-08,1.9433084953413185e-08,1.9433220516926016e-08,1.943335607946536e-08,1.943349164081761e-08,1.943362720077219e-08,1.9433762759261075e-08,1.9433898316439966e-08,1.943403387231018e-08,1.9434169426881677e-08,1.9434304980467402e-08,1.943444053279831e-08,1.9434576083563717e-08,1.943471163340198e-08,1.943484718196784e-08,1.9434982728989664e-08,1.9435118274703074e-08,1.9435253819153377e-08,1.943538936260937e-08,1.9435524904128503e-08,1.9435660444766148e-08,1.9435795984135947e-08,1.9435931522495384e-08,1.9436067059321656e-08,1.9436202594890986e-08,1.9436338129170395e-08,1.9436473662481483e-08,1.9436609194224812e-08,1.9436744724963332e-08,1.9436880254452676e-08,1.9437015782373343e-08,1.9437151309319775e-08,1.943728683472703e-08,1.9437422359165325e-08,1.9437557882011506e-08,1.9437693403914904e-08,1.943782892450439e-08,1.9437964443811618e-08,1.9438099961541753e-08,1.9438235478053538e-08,1.943837099325409e-08,1.943850650749343e-08,1.9438642020094204e-08,1.9438777531532198e-08,1.943891304205556e-08,1.9439048550968024e-08,1.9439184057998747e-08,1.943931956465596e-08,1.9439455070029315e-08,1.9439590574108303e-08,1.9439726076576943e-08,1.9439861577826702e-08,1.9439997078205708e-08,1.9440132576916536e-08,1.9440268074380547e-08,1.9440403570611193e-08,1.9440539065555755e-08,1.9440674559264337e-08,1.9440810051678894e-08,1.9440945543104957e-08,1.944108103297266e-08,1.9441216521783983e-08,1.944135200942831e-08,1.9441487495466233e-08,1.944162298025657e-08,1.9441758463801114e-08,1.9441893946135304e-08,1.944202942710531e-08,1.9442164906859108e-08,1.944230038534447e-08,1.9442435862485623e-08,1.9442571338743613e-08,1.9442706813687454e-08,1.944284228738037e-08,1.944297775952541e-08,1.944311323064598e-08,1.944324870052984e-08,1.9443384169115423e-08,1.9443519636443167e-08,1.944365510250913e-08,1.944379056709454e-08,1.9443926030334786e-08,1.94440614923503e-08,1.9444196953372668e-08,1.9444332412636106e-08,1.9444467870948726e-08,1.9444603328141052e-08,1.944473878383336e-08,1.9444874238516516e-08,1.9445009691927393e-08,1.9445145143739357e-08,1.9445280594339444e-08,1.9445416043655244e-08,1.944555149170605e-08,1.944568693853906e-08,1.9445822384337938e-08,1.9445957828635217e-08,1.944609327184654e-08,1.944622871362679e-08,1.9446364154133567e-08,1.9446499593617026e-08,1.9446635031602427e-08,1.944677046829076e-08,1.9446905903747353e-08,1.9447041337756692e-08,1.9447176770651445e-08,1.9447312202570043e-08,1.9447447632939535e-08,1.9447583062331182e-08,1.9447718490436847e-08,1.944785391727592e-08,1.9447989342910237e-08,1.9448124766946425e-08,1.944826019005248e-08,1.9448395611581204e-08,1.9448531032107072e-08,1.9448666451067832e-08,1.9448801869098814e-08,1.9448937285817263e-08,1.944907270102658e-08,1.9449208114978172e-08,1.9449343527583694e-08,1.9449478938827924e-08,1.9449614348938043e-08,1.9449749757826867e-08,1.9449885165681516e-08,1.9450020572290272e-08,1.9450155977658423e-08,1.9450291381766946e-08,1.9450426784336292e-08,1.945056218580805e-08,1.9450697586108315e-08,1.9450832984845382e-08,1.9450968382357852e-08,1.9451103778842265e-08,1.9451239174143307e-08,1.945137456810953e-08,1.945150996057898e-08,1.945164535222327e-08,1.945178074245355e-08,1.9451916130961674e-08,1.945205151834501e-08,1.945218690449182e-08,1.945232228941663e-08,1.9452457672990925e-08,1.94525930553045e-08,1.9452728436395452e-08,1.9452863816459304e-08,1.9452999195267553e-08,1.9453134572843034e-08,1.9453269948878993e-08,1.945340532365341e-08,1.945354069743117e-08,1.9453676069636722e-08,1.9453811440920605e-08,1.945394681089943e-08,1.9454082179339496e-08,1.9454217546787693e-08,1.9454352912627357e-08,1.9454488277624594e-08,1.9454623641121488e-08,1.945475900322565e-08,1.9454894364360567e-08,1.945502972393927e-08,1.9455165082255278e-08,1.9455300439348443e-08,1.9455435795438047e-08,1.945557115028552e-08,1.9455706503550835e-08,1.945584185590637e-08,1.9455977206672348e-08,1.9456112556490355e-08,1.945624790502055e-08,1.9456383251959054e-08,1.945651859796254e-08,1.9456653942446363e-08,1.945678928590366e-08,1.9456924628085898e-08,1.9457059968847957e-08,1.9457195308534924e-08,1.9457330646967632e-08,1.9457465984119624e-08,1.9457601319713234e-08,1.945773665440456e-08,1.9457871987914054e-08,1.9458007320002784e-08,1.9458142650568536e-08,1.9458277980185213e-08,1.945841330849387e-08,1.9458548635353e-08,1.9458683961131657e-08,1.9458819285407574e-08,1.945895460840229e-08,1.945908993013198e-08,1.945922525063731e-08,1.9459360570083648e-08,1.9459495888061875e-08,1.945963120500524e-08,1.9459766520807752e-08,1.945990183494783e-08,1.946003714832602e-08,1.946017245995856e-08,1.9460307770312153e-08,1.9460443079425964e-08,1.9460578387209213e-08,1.9460713694071942e-08,1.946084899942143e-08,1.946098430350935e-08,1.946111960632753e-08,1.9461254907906703e-08,1.946139020844231e-08,1.9461525507779113e-08,1.9461660805574844e-08,1.9461796102362804e-08,1.94619313974989e-08,1.946206669180181e-08,1.9462201984564344e-08,1.9462337276081145e-08,1.9462472566357957e-08,1.9462607855348062e-08,1.946274314331984e-08,1.9462878429666986e-08,1.946301371508901e-08,1.9463148998983367e-08,1.9463284281627567e-08,1.9463419563010113e-08,1.9463554843516673e-08,1.946369012264039e-08,1.9463825400121617e-08,1.9463960676458023e-08,1.9464095951792767e-08,1.9464231225886828e-08,1.946436649867965e-08,1.9464501769960188e-08,1.9464637039974836e-08,1.9464772309054783e-08,1.9464907576580283e-08,1.946504284277774e-08,1.9465178107724942e-08,1.9465313371370637e-08,1.9465448633926624e-08,1.9465583895118518e-08,1.9465719155063966e-08,1.946585441407464e-08,1.946598967137076e-08,1.9466124927839662e-08,1.9466260182698357e-08,1.946639543633937e-08,1.9466530688678368e-08,1.9466665940064102e-08,1.946680118988271e-08,1.9466936438734427e-08,1.94670716860725e-08,1.946720693214754e-08,1.9467342176989796e-08,1.9467477420503655e-08,1.9467612662755005e-08,1.9467747904059273e-08,1.9467883143790608e-08,1.9468018382318358e-08,1.946815361985619e-08,1.9468288855829416e-08,1.9468424090569278e-08,1.9468559324331495e-08,1.9468694556808e-08,1.9468829788144215e-08,1.946896501801852e-08,1.9469100246423966e-08,1.9469235473551196e-08,1.946937069970079e-08,1.946950592434846e-08,1.9469641147869413e-08,1.946977636991601e-08,1.9469911591034527e-08,1.9470046810640712e-08,1.9470182028990335e-08,1.9470317246093128e-08,1.9470452461918036e-08,1.9470587676496065e-08,1.9470722889809805e-08,1.947085810209647e-08,1.947099331291022e-08,1.947112852270841e-08,1.9471263731325865e-08,1.9471398938569512e-08,1.9471534144232662e-08,1.947166934869034e-08,1.9471804551870666e-08,1.9471939753807417e-08,1.947207495476042e-08,1.9472210154184214e-08,1.947234535232482e-08,1.947248054953073e-08,1.947261574517262e-08,1.947275093953146e-08,1.94728861326588e-08,1.947302132459305e-08,1.947315651546934e-08,1.9473291704879512e-08,1.94734268929687e-08,1.9473562079902106e-08,1.9473697265480698e-08,1.947383244977431e-08,1.9473967632805794e-08,1.947410281460789e-08,1.9474237995378353e-08,1.94743731746204e-08,1.9474508352739985e-08,1.9474643529540143e-08,1.9474778705290857e-08,1.9474913879793653e-08,1.947504905302503e-08,1.9475184225024576e-08,1.9475319395448422e-08,1.947545456464004e-08,1.947558973285268e-08,1.9475724899537657e-08,1.9475860065211244e-08,1.947599522962674e-08,1.9476130392420634e-08,1.9476265554077084e-08,1.947640071449038e-08,1.947653587360095e-08,1.947667103146693e-08,1.9476806188405883e-08,1.9476941343732965e-08,1.9477076497864338e-08,1.9477211650937704e-08,1.9477346802445647e-08,1.947748195273887e-08,1.9477617102077358e-08,1.9477752249329483e-08,1.947788739612148e-08,1.947802254162485e-08,1.947815768560318e-08,1.9478292828287067e-08,1.9478427970107822e-08,1.9478563110709626e-08,1.947869824955131e-08,1.9478833387675964e-08,1.9478968524131562e-08,1.9479103659120473e-08,1.947923879301432e-08,1.9479373925707252e-08,1.9479509057142545e-08,1.947964418734392e-08,1.947977931628573e-08,1.9479914444166772e-08,1.948004957044435e-08,1.9480184695832807e-08,1.9480319819694988e-08,1.9480454942272576e-08,1.948059006360132e-08,1.9480725184018943e-08,1.948086030281015e-08,1.948099542068697e-08,1.948113053727114e-08,1.9481265652290874e-08,1.9481400766354977e-08,1.948153587889757e-08,1.948167099012154e-08,1.9481806100118093e-08,1.9481941209070852e-08,1.9482076316522024e-08,1.9482211422990555e-08,1.9482346527964933e-08,1.948248163194282e-08,1.948261673467457e-08,1.94827518362224e-08,1.948288693641365e-08,1.948302203537734e-08,1.9483157133124377e-08,1.9483292229244256e-08,1.948342732443921e-08,1.9483562418313415e-08,1.9483697511004734e-08,1.948383260213101e-08,1.948396769217295e-08,1.948410278077787e-08,1.9484237868380987e-08,1.948437295448188e-08,1.948450803956627e-08,1.9484643123133336e-08,1.948477820572202e-08,1.9484913286735533e-08,1.9485048366815123e-08,1.948518344561192e-08,1.948531852288371e-08,1.948545359882588e-08,1.9485588673867342e-08,1.9485723747612334e-08,1.9485858820105566e-08,1.948599389104627e-08,1.948612896078507e-08,1.948626402959051e-08,1.9486399097158747e-08,1.9486534163363782e-08,1.9486669228010362e-08,1.948680429144129e-08,1.9486939353531523e-08,1.9487074414816672e-08,1.9487209474456967e-08,1.9487344532867926e-08,1.9487479590256062e-08,1.9487614646449303e-08,1.9487749701352924e-08,1.948788475495464e-08,1.9488019807099832e-08,1.9488154857944182e-08,1.9488289907487434e-08,1.9488424955779234e-08,1.948856000280512e-08,1.9488695048587483e-08,1.9488830093141042e-08,1.9488965136352818e-08,1.9489100178389422e-08,1.948923521949599e-08,1.9489370259249656e-08,1.9489505297826488e-08,1.9489640334703265e-08,1.9489775370366088e-08,1.9489910405204087e-08,1.9490045438373477e-08,1.9490180470390115e-08,1.9490315501088154e-08,1.949045053052063e-08,1.9490585558670846e-08,1.949072058561216e-08,1.9490855611566635e-08,1.9490990636215455e-08,1.949112565970342e-08,1.9491260681603216e-08,1.9491395702215684e-08,1.9491530721565536e-08,1.9491665739953017e-08,1.94918007567789e-08,1.9491935772344374e-08,1.9492070786964182e-08,1.9492205800013496e-08,1.9492340811806888e-08,1.949247582262987e-08,1.9492610832002178e-08,1.9492745840358023e-08,1.9492880847434817e-08,1.949301585293507e-08,1.949315085722156e-08,1.9493285860526903e-08,1.9493420862289092e-08,1.949355586282271e-08,1.9493690862297632e-08,1.9493825859797833e-08,1.9493960856533358e-08,1.9494095852164216e-08,1.9494230846368225e-08,1.9494365839645102e-08,1.9494500831354645e-08,1.9494635821801553e-08,1.9494770811005966e-08,1.949490579917565e-08,1.9495040785876252e-08,1.9495175771290626e-08,1.9495310755641884e-08,1.9495445738459936e-08,1.949558072033535e-08,1.9495715700727907e-08,1.9495850680095717e-08,1.9495985657960946e-08,1.949612063482346e-08,1.9496255610422208e-08,1.9496390584374333e-08,1.9496525557180135e-08,1.9496660528715937e-08,1.9496795499314564e-08,1.9496930468377585e-08,1.94970654361956e-08,1.9497200402747395e-08,1.9497335368413083e-08,1.949747033272666e-08,1.949760529549729e-08,1.949774025728027e-08,1.949787521779196e-08,1.949801017673917e-08,1.949814513442848e-08,1.949828009119194e-08,1.949841504670562e-08,1.9498550000896522e-08,1.949868495394203e-08,1.9498819905392535e-08,1.94989548555439e-08,1.9499089804815852e-08,1.9499224752410705e-08,1.9499359698787663e-08,1.9499494643909063e-08,1.9499629588073942e-08,1.9499764530954556e-08,1.9499899472390983e-08,1.9500034412481213e-08,1.9500169351357912e-08,1.9500304288974518e-08,1.950043922531957e-08,1.950057416076745e-08,1.9500709094594582e-08,1.950084402722646e-08,1.9500978958904983e-08,1.9501113889124886e-08,1.9501248817916987e-08,1.950138374548536e-08,1.9501518672016177e-08,1.9501653597047988e-08,1.9501788521081557e-08,1.9501923443564695e-08,1.950205836483462e-08,1.9502193285075612e-08,1.9502328203801458e-08,1.9502463121254712e-08,1.9502598037493646e-08,1.9502732952473038e-08,1.9502867866432076e-08,1.9503002778886834e-08,1.9503137690018824e-08,1.950327260020188e-08,1.9503407509143498e-08,1.9503542416566317e-08,1.950367732270371e-08,1.950381222792144e-08,1.950394713159319e-08,1.9504082033950556e-08,1.9504216935076705e-08,1.9504351834928228e-08,1.9504486733521724e-08,1.9504621631157442e-08,1.9504756527519126e-08,1.950489142225824e-08,1.9505026316109788e-08,1.95051612085041e-08,1.9505296099586345e-08,1.9505430989443227e-08,1.9505565878003393e-08,1.950570076533453e-08,1.9505835651616633e-08,1.9505970536382648e-08,1.950610541990128e-08,1.950624030216816e-08,1.9506375183178915e-08,1.9506510063230497e-08,1.950664494173593e-08,1.9506779819171396e-08,1.9506914695420703e-08,1.9507049570153983e-08,1.950718444391933e-08,1.9507319316169827e-08,1.9507454187148634e-08,1.9507589057123058e-08,1.95077239255616e-08,1.9507858793050826e-08,1.9507993658960133e-08,1.9508128523598594e-08,1.9508263386891083e-08,1.9508398249070822e-08,1.9508533110369915e-08,1.9508667969909353e-08,1.9508802828233464e-08,1.9508937685621534e-08,1.9509072541784027e-08,1.95092073966643e-08,1.950934225040471e-08,1.9509477102572258e-08,1.9509611953669812e-08,1.950974680357825e-08,1.950988165215176e-08,1.9510016499206523e-08,1.9510151345062845e-08,1.951028618966102e-08,1.9510421033255168e-08,1.9510555875282534e-08,1.9510690716052096e-08,1.9510825555828065e-08,1.951096039404238e-08,1.95110952313767e-08,1.95112300674457e-08,1.951136490197501e-08,1.951149973524742e-08,1.9511634567544654e-08,1.9511769398296063e-08,1.9511904228070763e-08,1.951203905626026e-08,1.951217388356724e-08,1.9512308709184236e-08,1.951244353364401e-08,1.951257835715509e-08,1.9512713179363037e-08,1.951284800008123e-08,1.9512982819535844e-08,1.9513117637688028e-08,1.9513252454903976e-08,1.951338727090065e-08,1.951352208560371e-08,1.9513656898728925e-08,1.9513791710637238e-08,1.9513926521300046e-08,1.951406133093794e-08,1.9514196139037896e-08,1.9514330945920905e-08,1.951446575159124e-08,1.9514600555910868e-08,1.9514735359385943e-08,1.951487016154545e-08,1.9515004962416243e-08,1.9515139761752205e-08,1.9515274559840237e-08,1.9515409356792453e-08,1.9515544152514666e-08,1.9515678945948575e-08,1.951581373898386e-08,1.9515948530804864e-08,1.951608332167096e-08,1.951621811096023e-08,1.951635289895215e-08,1.9516487686095176e-08,1.9516622471860393e-08,1.951675725622141e-08,1.951689203923295e-08,1.9517026820944945e-08,1.951716160144383e-08,1.9517296380563308e-08,1.951743115847343e-08,1.9517565935458446e-08,1.9517700710983372e-08,1.9517835485445365e-08,1.9517970258289267e-08,1.951810503026978e-08,1.9518239800997044e-08,1.95183745705787e-08,1.951850933876043e-08,1.9518644105328438e-08,1.9518778870725203e-08,1.951891363513714e-08,1.9519048398031935e-08,1.9519183159449373e-08,1.9519317920107425e-08,1.9519452679304465e-08,1.9519587437601377e-08,1.951972219451931e-08,1.951985694988889e-08,1.9519991703967136e-08,1.9520126456826487e-08,1.952026120875621e-08,1.9520395959147114e-08,1.9520530708199362e-08,1.9520665456160742e-08,1.952080020274351e-08,1.952093494813177e-08,1.9521069692202493e-08,1.9521204435018535e-08,1.952133917682589e-08,1.9521473917015685e-08,1.9521608656044443e-08,1.9521743394068806e-08,1.952187813060375e-08,1.9522012866314562e-08,1.9522147600334292e-08,1.952228233308704e-08,1.952241706459839e-08,1.952255179486693e-08,1.9522686524171475e-08,1.9522821251914783e-08,1.952295597838904e-08,1.9523090703721492e-08,1.9523225427665937e-08,1.9523360150396908e-08,1.952349487190934e-08,1.9523629592105075e-08,1.9523764311007957e-08,1.9523899028626707e-08,1.9524033745329933e-08,1.9524168460544715e-08,1.952430317475915e-08,1.95244378873924e-08,1.9524572598771895e-08,1.9524707308934532e-08,1.9524842017894782e-08,1.9524976725824015e-08,1.952511143220226e-08,1.952524613726112e-08,1.9525380841085575e-08,1.9525515543743205e-08,1.9525650245098526e-08,1.952578494521576e-08,1.9525919644214498e-08,1.9526054341836792e-08,1.952618903814753e-08,1.9526323733501746e-08,1.9526458427325894e-08,1.9526593119904064e-08,1.9526727811114104e-08,1.9526862501143204e-08,1.952699719023364e-08,1.9527131877945344e-08,1.9527266564209512e-08,1.952740124951644e-08,1.9527535933233212e-08,1.952767061572781e-08,1.952780529725875e-08,1.9527939977285126e-08,1.9528074656041912e-08,1.9528209333563247e-08,1.952834400982675e-08,1.9528478684396303e-08,1.952861335834919e-08,1.952874803108618e-08,1.9528882702284907e-08,1.9529017372274906e-08,1.95291520409839e-08,1.9529286708444835e-08,1.9529421374585383e-08,1.9529556039471726e-08,1.9529690703123436e-08,1.9529825365802842e-08,1.9529960027014145e-08,1.9530094686954828e-08,1.953022934559354e-08,1.9530364002983317e-08,1.953049865915978e-08,1.9530633314324398e-08,1.9530767967990195e-08,1.9530902620643103e-08,1.9531037271799926e-08,1.9531171921656973e-08,1.9531306570291494e-08,1.9531441217640642e-08,1.953157586403599e-08,1.953171050895788e-08,1.953184515276824e-08,1.953197979505604e-08,1.9532114436432077e-08,1.95322490762906e-08,1.9532383714942506e-08,1.9532518352267472e-08,1.9532652988412452e-08,1.9532787623532288e-08,1.9532922257349532e-08,1.9533056889547538e-08,1.9533191520899453e-08,1.9533326150727486e-08,1.9533460779523605e-08,1.9533595406876543e-08,1.9533730032893666e-08,1.9533864657706632e-08,1.9533999281207948e-08,1.9534133903729757e-08,1.953426852503747e-08,1.953440314479811e-08,1.9534537763384547e-08,1.9534672380644312e-08,1.953480699664146e-08,1.9534941611477737e-08,1.9535076224965264e-08,1.9535210837132555e-08,1.953534544820158e-08,1.953548005786233e-08,1.9535614666340702e-08,1.9535749273488956e-08,1.953588387946928e-08,1.9536018484444436e-08,1.953615308790808e-08,1.9536287690128914e-08,1.953642229137378e-08,1.9536556891330457e-08,1.953669148977471e-08,1.953682608701927e-08,1.9536960683237682e-08,1.9537095278176888e-08,1.9537229871755885e-08,1.9537364463913204e-08,1.9537499054804284e-08,1.9537633644664347e-08,1.9537768233028407e-08,1.9537902820129898e-08,1.9538037405948588e-08,1.953817199085545e-08,1.9538306574162227e-08,1.9538441156294074e-08,1.953857573725338e-08,1.953871031713374e-08,1.9538844895478987e-08,1.9538979472830087e-08,1.953911404893699e-08,1.9539248623518826e-08,1.9539383197087636e-08,1.9539517769343727e-08,1.953965234032827e-08,1.953978690992008e-08,1.9539921478254068e-08,1.954005604559549e-08,1.954019061137333e-08,1.9540325176201222e-08,1.9540459739757875e-08,1.9540594301822455e-08,1.954072886258536e-08,1.95408634221919e-08,1.954099798074738e-08,1.9541132537748348e-08,1.9541267093713262e-08,1.9541401648257143e-08,1.9541536201563694e-08,1.9541670753507064e-08,1.954180530430453e-08,1.9541939853741082e-08,1.9542074402271677e-08,1.954220894951532e-08,1.9542343495226578e-08,1.9542478039692914e-08,1.9542612582769008e-08,1.9542747124730932e-08,1.9542881665686267e-08,1.954301620545485e-08,1.9543150743962448e-08,1.954328528091981e-08,1.954341981655847e-08,1.954355435098055e-08,1.9543688884148954e-08,1.9543823416340582e-08,1.9543957946957843e-08,1.9544092476207262e-08,1.954422700440498e-08,1.954436153131614e-08,1.9544496056998672e-08,1.9544630581314975e-08,1.954476510449231e-08,1.954489962648375e-08,1.954503414714949e-08,1.9545168666560747e-08,1.9545303184662488e-08,1.9545437701524947e-08,1.954557221713273e-08,1.954570673179264e-08,1.954584124518416e-08,1.9545975757070928e-08,1.9546110267686407e-08,1.9546244777336926e-08,1.9546379285746793e-08,1.9546513792602057e-08,1.9546648298496806e-08,1.954678280291093e-08,1.9546917305978833e-08,1.9547051807901957e-08,1.9547186308742324e-08,1.954732080808968e-08,1.9547455306429365e-08,1.954758980322536e-08,1.9547724298917794e-08,1.9547858793298734e-08,1.9547993286544157e-08,1.954812777822036e-08,1.954826226879309e-08,1.9548396758108015e-08,1.9548531246414353e-08,1.954866573345802e-08,1.954880021901184e-08,1.954893470356657e-08,1.9549069186877783e-08,1.9549203668652028e-08,1.9549338149509233e-08,1.9549472628752193e-08,1.9549607106807202e-08,1.9549741583504503e-08,1.9549876058984383e-08,1.9550010533272332e-08,1.9550145006102422e-08,1.9550279478159386e-08,1.955041394862508e-08,1.9550548417829325e-08,1.955068288587773e-08,1.955081735249514e-08,1.9550951818226265e-08,1.9551086282510378e-08,1.955122074576372e-08,1.9551355207794746e-08,1.9551489668528845e-08,1.955162412811469e-08,1.9551758586350336e-08,1.955189304306672e-08,1.9552027498800998e-08,1.9552161952986532e-08,1.9552296406244357e-08,1.9552430858038053e-08,1.9552565308485793e-08,1.955269975765799e-08,1.9552834205556265e-08,1.955296865229089e-08,1.9553103097997794e-08,1.9553237542193882e-08,1.955337198517688e-08,1.9553506427145688e-08,1.955364086754835e-08,1.9553775306664138e-08,1.9553909744508028e-08,1.9554044181184677e-08,1.9554178616847212e-08,1.9554313051018212e-08,1.9554447483876546e-08,1.9554581915480377e-08,1.955471634614714e-08,1.955485077528737e-08,1.9554985203121995e-08,1.9555119629753065e-08,1.9555254055057873e-08,1.955538847914072e-08,1.955552290229067e-08,1.955565732386584e-08,1.9555791744279658e-08,1.9555926163428085e-08,1.955606058154308e-08,1.9556194998193473e-08,1.9556329413791654e-08,1.9556463827888618e-08,1.9556598240691045e-08,1.955673265229406e-08,1.9556867062554923e-08,1.955700147163848e-08,1.955713587946953e-08,1.9557270286054323e-08,1.9557404691316347e-08,1.9557539095684274e-08,1.9557673498459593e-08,1.955780789998143e-08,1.955794230029525e-08,1.955807669927839e-08,1.955821109700299e-08,1.9558345493604876e-08,1.955847988886103e-08,1.9558614283038934e-08,1.9558748675831673e-08,1.9558883067371187e-08,1.9559017457616467e-08,1.955915184664793e-08,1.9559286234310104e-08,1.9559420620890183e-08,1.955955500646477e-08,1.9559689390538617e-08,1.9559823773319615e-08,1.955995815480348e-08,1.9560092535345063e-08,1.9560226914311266e-08,1.9560361292107746e-08,1.9560495668596133e-08,1.9560630043818884e-08,1.956076441783102e-08,1.9560898790557194e-08,1.9561033162393097e-08,1.956116753284198e-08,1.9561301902075255e-08,1.9561436269739553e-08,1.956157063648141e-08,1.9561705001705652e-08,1.9561839365637407e-08,1.9561973728411745e-08,1.9562108090104733e-08,1.9562242450298075e-08,1.9562376809259613e-08,1.9562511166968343e-08,1.956264552342348e-08,1.956277987888003e-08,1.956291423283064e-08,1.9563048585529534e-08,1.956318293699276e-08,1.956331728722674e-08,1.9563451636408076e-08,1.956358598432945e-08,1.9563720331009133e-08,1.9563854676189762e-08,1.956398902011764e-08,1.9564123362785626e-08,1.9564257704132085e-08,1.9564392044289313e-08,1.9564526383453047e-08,1.9564660721052487e-08,1.9564795057386175e-08,1.9564929392735697e-08,1.9565063726977287e-08,1.956519805958846e-08,1.9565332390973534e-08,1.9565466721079836e-08,1.956560104992535e-08,1.956573537743424e-08,1.956586970412305e-08,1.9566004029393833e-08,1.956613835341067e-08,1.9566272676272536e-08,1.9566406997573428e-08,1.956654131768836e-08,1.956667563695672e-08,1.956680995455249e-08,1.95669442708804e-08,1.9567078586047926e-08,1.9567212899913334e-08,1.9567347212771944e-08,1.9567481524089573e-08,1.9567615834154546e-08,1.9567750142967498e-08,1.9567884450420655e-08,1.9568018756729745e-08,1.956815306187102e-08,1.956828736571937e-08,1.9568421668624183e-08,1.9568555970218377e-08,1.9568690270263317e-08,1.956882456905705e-08,1.9568958866597997e-08,1.9569093162944672e-08,1.9569227458071237e-08,1.9569361751942568e-08,1.9569496044449047e-08,1.9569630335754633e-08,1.956976462579801e-08,1.9569898914564998e-08,1.9570033202391548e-08,1.9570167489007436e-08,1.9570301774317762e-08,1.9570436058491347e-08,1.957057034102412e-08,1.957070462231969e-08,1.9570838902329212e-08,1.9570973181049797e-08,1.957110745860433e-08,1.9571241735162875e-08,1.957137601018389e-08,1.957151028422325e-08,1.957164455701276e-08,1.9571778828566594e-08,1.9571913098852636e-08,1.957204736756806e-08,1.9572181635353656e-08,1.9572315901630986e-08,1.957245016665151e-08,1.9572584430656487e-08,1.9572718693160633e-08,1.9572852954675507e-08,1.957298721498041e-08,1.9573121474028742e-08,1.957325573153871e-08,1.9573389987784175e-08,1.9573524242672068e-08,1.957365849646357e-08,1.9573792749196285e-08,1.9573927000693694e-08,1.9574061250680526e-08,1.9574195499420863e-08,1.957432974718655e-08,1.957446399347183e-08,1.957459823871775e-08,1.957473248272384e-08,1.9574866725513212e-08,1.9575000966707954e-08,1.957513520684363e-08,1.9575269445535977e-08,1.9575403682884236e-08,1.9575537919126695e-08,1.9575672154353346e-08,1.9575806388036706e-08,1.9575940620525227e-08,1.9576074852019423e-08,1.9576209082261543e-08,1.957634331125256e-08,1.9576477538719237e-08,1.9576611765092104e-08,1.9576745990055468e-08,1.957688021372451e-08,1.9577014436337685e-08,1.9577148657505465e-08,1.9577282877462154e-08,1.9577417096399312e-08,1.9577551314253473e-08,1.9577685530454364e-08,1.9577819745360694e-08,1.957795395905596e-08,1.957808817145997e-08,1.9578222382724733e-08,1.9578356592920875e-08,1.9578490801611695e-08,1.9578625009322156e-08,1.9578759215566135e-08,1.9578893420487383e-08,1.9579027624128453e-08,1.9579161826457337e-08,1.9579296027626937e-08,1.95794302275561e-08,1.9579564426194402e-08,1.9579698623914212e-08,1.9579832820146798e-08,1.957996701507012e-08,1.958010120898788e-08,1.9580235401408142e-08,1.9580369592740123e-08,1.9580503782914928e-08,1.9580637971856e-08,1.9580772159123158e-08,1.958090634522871e-08,1.9581040530059895e-08,1.9581174713963963e-08,1.958130889641644e-08,1.9581443077812742e-08,1.9581577257714887e-08,1.9581711436358615e-08,1.958184561404653e-08,1.9581979790469327e-08,1.9582113965294085e-08,1.9582248138988865e-08,1.9582382311361545e-08,1.9582516482834444e-08,1.9582650652686546e-08,1.9582784821272308e-08,1.9582918988541307e-08,1.9583053154984157e-08,1.9583187319796847e-08,1.9583321483434996e-08,1.9583455645865786e-08,1.9583589807263685e-08,1.9583723967393027e-08,1.958385812604167e-08,1.9583992283382273e-08,1.9584126439762598e-08,1.9584260594598533e-08,1.958439474847051e-08,1.9584528900813387e-08,1.9584663051934837e-08,1.9584797201730738e-08,1.9584931350605784e-08,1.958506549808878e-08,1.9585199644466252e-08,1.9585333789389573e-08,1.9585467932965697e-08,1.9585602075591185e-08,1.958573621690451e-08,1.9585870356691562e-08,1.958600449552571e-08,1.9586138633154738e-08,1.9586272769226037e-08,1.958640690435887e-08,1.9586541037927705e-08,1.9586675170205753e-08,1.9586809301570762e-08,1.9586943431709853e-08,1.958707756025254e-08,1.958721168759066e-08,1.9587345813680012e-08,1.958747993852851e-08,1.9587614062130812e-08,1.958774818440344e-08,1.958788230575692e-08,1.9588016425944267e-08,1.958815054456801e-08,1.9588284662145e-08,1.9588418778161665e-08,1.9588552893007524e-08,1.9588687006611658e-08,1.9588821118873577e-08,1.9588955229948944e-08,1.9589089339794367e-08,1.9589223448457193e-08,1.958935755585138e-08,1.9589491661941397e-08,1.958962576705298e-08,1.9589759870652135e-08,1.9589893973230825e-08,1.9590028074312594e-08,1.959016217454374e-08,1.959029627311568e-08,1.9590430370430196e-08,1.95905644665139e-08,1.959069856132983e-08,1.9590832654899533e-08,1.959096674746727e-08,1.9591100838533943e-08,1.959123492836373e-08,1.9591369016862866e-08,1.959150310418211e-08,1.9591637190517375e-08,1.9591771275418954e-08,1.959190535922927e-08,1.9592039441744332e-08,1.959217352287227e-08,1.9592307602646895e-08,1.9592441681141928e-08,1.959257575872008e-08,1.9592709834960566e-08,1.9592843910045586e-08,1.9592977983862658e-08,1.959311205616901e-08,1.959324612724006e-08,1.95933801970111e-08,1.9593514265820893e-08,1.9593648333399365e-08,1.9593782399802307e-08,1.959391646461479e-08,1.9594050528446762e-08,1.9594184590812488e-08,1.9594318651835666e-08,1.959445271160361e-08,1.9594586770126787e-08,1.9594720827489202e-08,1.9594854883588117e-08,1.959498893864989e-08,1.9595122992542316e-08,1.9595257044678583e-08,1.959539109574863e-08,1.9595525145810243e-08,1.959565919442762e-08,1.9595793241996045e-08,1.9595927288016913e-08,1.9596061332829042e-08,1.9596195376637407e-08,1.9596329418906812e-08,1.9596463459925666e-08,1.959659749998287e-08,1.9596731538523176e-08,1.9596865575792768e-08,1.9596999611810478e-08,1.9597133646620405e-08,1.9597267680140222e-08,1.959740171259474e-08,1.9597535743694595e-08,1.9597669773545128e-08,1.9597803802078045e-08,1.9597937829336647e-08,1.9598071855380295e-08,1.9598205880130717e-08,1.9598339903917367e-08,1.959847392618479e-08,1.959860794720042e-08,1.9598741967258927e-08,1.9598875985816684e-08,1.9599010003082573e-08,1.95991440191373e-08,1.9599278034270012e-08,1.9599412047807242e-08,1.9599546060076786e-08,1.9599680071123825e-08,1.9599814080930557e-08,1.9599948089457658e-08,1.960008209665838e-08,1.9600216103021977e-08,1.9600350107872855e-08,1.960048411143008e-08,1.9600618113739732e-08,1.9600752114690867e-08,1.9600886114454776e-08,1.9601020113055027e-08,1.96011541106032e-08,1.9601288106956846e-08,1.960142210175085e-08,1.960155609530628e-08,1.9601690087660584e-08,1.9601824078580222e-08,1.9601958068375473e-08,1.9602092057079908e-08,1.960222604445991e-08,1.9602360030775627e-08,1.960249401560991e-08,1.9602627999168658e-08,1.9602761981748293e-08,1.9602895962796828e-08,1.960302994287879e-08,1.960316392170451e-08,1.9603297899249586e-08,1.9603431875309586e-08,1.960356585006953e-08,1.9603699823665986e-08,1.9603833795933476e-08,1.9603967766869187e-08,1.9604101736638052e-08,1.9604235704990317e-08,1.9604369672220494e-08,1.96045036382418e-08,1.960463760331598e-08,1.9604771566823588e-08,1.9604905529150057e-08,1.960503949017247e-08,1.9605173450278785e-08,1.960530740887543e-08,1.960544136613964e-08,1.9605575322161733e-08,1.960570927693577e-08,1.9605843230421132e-08,1.9605977182996842e-08,1.9606111134367383e-08,1.9606245084058202e-08,1.9606379032872567e-08,1.9606512980209904e-08,1.9606646926175257e-08,1.9606780871207245e-08,1.9606914815069494e-08,1.9607048757525302e-08,1.9607182698824575e-08,1.960731663864224e-08,1.960745057707154e-08,1.9607584514430243e-08,1.960771845050969e-08,1.960785238534667e-08,1.9607986319094816e-08,1.96081202514194e-08,1.9608254182494215e-08,1.9608388112320004e-08,1.9608522041185823e-08,1.960865596851946e-08,1.960878989460437e-08,1.960892381967818e-08,1.9609057743206896e-08,1.9609191665550605e-08,1.960932558664408e-08,1.960945950661569e-08,1.9609593425180203e-08,1.960972734275719e-08,1.9609861258667524e-08,1.9609995173495436e-08,1.9610129087037423e-08,1.961026299964785e-08,1.9610396910712962e-08,1.9610530820807833e-08,1.9610664729648248e-08,1.9610798637270824e-08,1.9610932543487283e-08,1.961106644863224e-08,1.9611200352261617e-08,1.961133425474189e-08,1.9611468155835576e-08,1.9611602055601194e-08,1.9611735954154235e-08,1.9611869851458336e-08,1.9612003747470714e-08,1.9612137642303646e-08,1.9612271535949226e-08,1.961240542858215e-08,1.9612539319995214e-08,1.961267321006366e-08,1.9612807098656875e-08,1.9612940985883643e-08,1.961307487222776e-08,1.9613208757005993e-08,1.961334264061148e-08,1.96134765230615e-08,1.961361040418484e-08,1.9613744284304902e-08,1.961387816296955e-08,1.9614012040331556e-08,1.9614145916457633e-08,1.961427979133472e-08,1.9614413664906218e-08,1.9614547537317413e-08,1.9614681408418096e-08,1.9614815278286472e-08,1.9614949146861604e-08,1.9615083014167408e-08,1.96152168805668e-08,1.961535074568251e-08,1.9615484609533087e-08,1.961561847190685e-08,1.961575233313917e-08,1.961588619302762e-08,1.9616020051654903e-08,1.9616153909293384e-08,1.9616287765423133e-08,1.9616421620622007e-08,1.9616555474174646e-08,1.9616689326398524e-08,1.9616823177887516e-08,1.961695702777341e-08,1.9617090876648126e-08,1.9617224724054184e-08,1.9617358570379762e-08,1.9617492415567007e-08,1.9617626259217202e-08,1.9617760101950623e-08,1.9617893943081573e-08,1.9618027782961763e-08,1.9618161621609722e-08,1.9618295458968146e-08,1.961842929502037e-08,1.9618563129920023e-08,1.9618696963817804e-08,1.9618830796214578e-08,1.9618964627631334e-08,1.961909845752208e-08,1.961923228618332e-08,1.9619366113569432e-08,1.9619499939718527e-08,1.9619633764929235e-08,1.9619767588839787e-08,1.961990141142946e-08,1.9620035232846427e-08,1.9620169052767036e-08,1.9620302871437707e-08,1.9620436688859857e-08,1.9620570504990656e-08,1.962070431996084e-08,1.962083813388933e-08,1.9620971946275547e-08,1.9621105757454552e-08,1.9621239567436676e-08,1.9621373376121262e-08,1.9621507183524012e-08,1.962164098993939e-08,1.9621774794970923e-08,1.9621908598930696e-08,1.9622042401311358e-08,1.9622176202460815e-08,1.9622310002465122e-08,1.962244380108328e-08,1.9622577598791516e-08,1.9622711395277994e-08,1.9622845190235044e-08,1.962297898365738e-08,1.9623112776167794e-08,1.962324656731805e-08,1.962338035715624e-08,1.9623514145866172e-08,1.9623647933572994e-08,1.9623781719647795e-08,1.9623915504663256e-08,1.962404928834026e-08,1.9624183070786897e-08,1.9624316852018066e-08,1.9624450631974646e-08,1.9624584410954844e-08,1.962471818830516e-08,1.9624851964603024e-08,1.9624985739800592e-08,1.9625119513532372e-08,1.962525328606777e-08,1.9625387057281546e-08,1.9625520827729886e-08,1.9625654596702956e-08,1.9625788363918546e-08,1.9625922130139702e-08,1.962605589511738e-08,1.9626189658714816e-08,1.9626323421173624e-08,1.962645718265694e-08,1.962659094269488e-08,1.9626724701450012e-08,1.9626858459256578e-08,1.9626992215752862e-08,1.9627125970751567e-08,1.9627259724514794e-08,1.962739347698844e-08,1.9627527228508175e-08,1.9627660978455227e-08,1.9627794727226644e-08,1.962792847465616e-08,1.9628062221052275e-08,1.962819596596198e-08,1.962832970966262e-08,1.962846345231033e-08,1.962859719359443e-08,1.9628730933797927e-08,1.962886467252905e-08,1.9628998409993347e-08,1.962913214628427e-08,1.9629265881489766e-08,1.9629399615245265e-08,1.9629533348067594e-08,1.962966707943428e-08,1.962980080943821e-08,1.9629934538699094e-08,1.9630068266305084e-08,1.9630201992573635e-08,1.9630335717892344e-08,1.963046944194419e-08,1.9630603164602938e-08,1.9630736886207653e-08,1.9630870606267115e-08,1.9631004325360367e-08,1.9631138042889275e-08,1.963127175934007e-08,1.963140547442294e-08,1.9631539188213314e-08,1.9631672900798934e-08,1.9631806612123627e-08,1.9631940322172837e-08,1.9632074031015366e-08,1.963220773883981e-08,1.963234144522175e-08,1.9632475150397055e-08,1.963260885432685e-08,1.9632742556919324e-08,1.9632876258458235e-08,1.9633009958613736e-08,1.9633143657476632e-08,1.9633277355142872e-08,1.963341105152287e-08,1.9633544746643207e-08,1.9633678440772787e-08,1.9633812133277248e-08,1.9633945824921326e-08,1.963407951511258e-08,1.963421320397899e-08,1.963434689166396e-08,1.9634480578328996e-08,1.96346142634444e-08,1.9634747947624207e-08,1.963488163024571e-08,1.963501531150824e-08,1.963514899167603e-08,1.9635282670543945e-08,1.9635416348458383e-08,1.963555002486764e-08,1.9635683700029588e-08,1.9635817373930774e-08,1.9635951046829377e-08,1.963608471824945e-08,1.963621838867201e-08,1.9636352057582475e-08,1.9636485725260722e-08,1.9636619391701996e-08,1.9636753056885118e-08,1.9636886720799878e-08,1.9637020383738227e-08,1.9637154045445255e-08,1.9637287705640094e-08,1.963742136457348e-08,1.9637555022261515e-08,1.9637688678758536e-08,1.9637822333926487e-08,1.9637955987901838e-08,1.9638089640588048e-08,1.9638223292065204e-08,1.963835694250153e-08,1.9638490591487376e-08,1.9638624239210734e-08,1.9638757885841866e-08,1.9638891530994244e-08,1.9639025174953854e-08,1.9639158817648655e-08,1.9639292459123947e-08,1.9639426099729588e-08,1.9639559738681506e-08,1.9639693376467003e-08,1.9639827012924684e-08,1.963996064833249e-08,1.96400942824181e-08,1.9640227915154575e-08,1.9640361546622682e-08,1.964049517691858e-08,1.9640628805936564e-08,1.9640762433930033e-08,1.964089606041662e-08,1.964102968601397e-08,1.9641163309883986e-08,1.964129693290965e-08,1.964143055385631e-08,1.9641564174157354e-08,1.964169779349763e-08,1.9641831411220494e-08,1.964196502769417e-08,1.964209864304451e-08,1.9642232257356528e-08,1.9642365870174756e-08,1.9642499481722892e-08,1.964263309203952e-08,1.9642766701077796e-08,1.9642900308900724e-08,1.9643033915749547e-08,1.964316752100041e-08,1.9643301124777515e-08,1.964343472761017e-08,1.964356832919788e-08,1.964370192957702e-08,1.9643835528973658e-08,1.964396912667126e-08,1.964410272352774e-08,1.9644236318912917e-08,1.964436991304906e-08,1.9644503505822538e-08,1.9644637097436925e-08,1.964477068776177e-08,1.964490427740679e-08,1.9645037865314195e-08,1.9645171452234947e-08,1.964530503757469e-08,1.964543862172247e-08,1.9645572204559488e-08,1.9645705786158103e-08,1.9645839366510496e-08,1.9645972945814257e-08,1.9646106524034214e-08,1.9646240100676612e-08,1.9646373676367825e-08,1.964650725080771e-08,1.9646640823722632e-08,1.9646774395570492e-08,1.96469079659868e-08,1.9647041535009264e-08,1.9647175102939137e-08,1.9647308669881822e-08,1.9647442235292854e-08,1.9647575799729607e-08,1.9647709362918226e-08,1.9647842924609318e-08,1.9647976485233604e-08,1.964811004440541e-08,1.964824360266381e-08,1.9648377159365903e-08,1.9648510714777523e-08,1.964864426895489e-08,1.9648777821928086e-08,1.9648911373711457e-08,1.9649044924110127e-08,1.9649178473359237e-08,1.9649312021354544e-08,1.9649445568207604e-08,1.9649579113934367e-08,1.964971265815325e-08,1.9649846201064133e-08,1.964997974307443e-08,1.9650113283584864e-08,1.9650246822848326e-08,1.9650380361112432e-08,1.9650513898114793e-08,1.9650647433594017e-08,1.9650780968161184e-08,1.9650914501153817e-08,1.9651048032904263e-08,1.9651181563499944e-08,1.9651315092704146e-08,1.965144862071253e-08,1.965158214747584e-08,1.9651715673247824e-08,1.965184919780602e-08,1.965198272082983e-08,1.9652116242651398e-08,1.9652249763459885e-08,1.9652383282786005e-08,1.9652516800815887e-08,1.9652650317773504e-08,1.9652783833318873e-08,1.9652917347676446e-08,1.9653050860753515e-08,1.9653184372522648e-08,1.9653317883363116e-08,1.9653451392678544e-08,1.9653584900923058e-08,1.9653718407832274e-08,1.9653851913411416e-08,1.9653985418043103e-08,1.9654118921485952e-08,1.965425242380022e-08,1.965438592455251e-08,1.9654519424200488e-08,1.965465292232455e-08,1.965478641920514e-08,1.965491991481601e-08,1.965505340918325e-08,1.96551869025463e-08,1.9655320394553776e-08,1.9655453885483603e-08,1.9655587374901552e-08,1.9655720863036613e-08,1.9655854350199314e-08,1.9655987836140133e-08,1.965612132082507e-08,1.9656254803979423e-08,1.9656388285885804e-08,1.9656521766565626e-08,1.9656655246121607e-08,1.9656788724291352e-08,1.965692220121591e-08,1.9657055676984167e-08,1.965718915143853e-08,1.9657322624917792e-08,1.9657456096851228e-08,1.9657589567532855e-08,1.9657723037233164e-08,1.965785650542146e-08,1.9657989972487218e-08,1.9658123438242223e-08,1.9658256902972755e-08,1.9658390366479027e-08,1.9658523828767368e-08,1.9658657289539966e-08,1.9658790749054502e-08,1.9658924207309616e-08,1.96590576643423e-08,1.965919112022952e-08,1.9659324574774358e-08,1.9659458028230643e-08,1.9659591480334035e-08,1.965972493114231e-08,1.9659858380803375e-08,1.9659991829004902e-08,1.9660125276078255e-08,1.9660258721882464e-08,1.966039216668826e-08,1.9660525610023957e-08,1.9660659052117157e-08,1.966079249290469e-08,1.9660925932504023e-08,1.966105937083992e-08,1.966119280794834e-08,1.9661326243990657e-08,1.9661459678905537e-08,1.9661593112277837e-08,1.966172654440481e-08,1.9661859975268603e-08,1.966199340490407e-08,1.966212683327023e-08,1.966226026069735e-08,1.9662393686832544e-08,1.9662527111807122e-08,1.9662660535173875e-08,1.966279395735321e-08,1.9662927378225677e-08,1.9663060798186362e-08,1.966319421664808e-08,1.966332763383156e-08,1.9663461050028482e-08,1.9663594464998178e-08,1.9663727878433966e-08,1.9663861290651294e-08,1.9663994701591535e-08,1.9664128111585455e-08,1.966426152001119e-08,1.9664394927235674e-08,1.9664528333450957e-08,1.9664661738193378e-08,1.9664795141681886e-08,1.9664928543843315e-08,1.966506194491286e-08,1.966519534466029e-08,1.9665328743418454e-08,1.9665462140761314e-08,1.9665595536752853e-08,1.966572893148105e-08,1.9665862325007086e-08,1.9665995717545837e-08,1.9666129108588155e-08,1.9666262498425314e-08,1.9666395886956647e-08,1.9666529274207887e-08,1.9666662660318416e-08,1.9666796045306053e-08,1.9666929428881283e-08,1.9667062811259497e-08,1.966719619233566e-08,1.966732957212762e-08,1.96674629509627e-08,1.9667596328403794e-08,1.9667729704485125e-08,1.9667863079325824e-08,1.966799645289197e-08,1.9668129825342636e-08,1.9668263196709312e-08,1.966839656658022e-08,1.9668529935520207e-08,1.9668663303101228e-08,1.9668796669493836e-08,1.966893003439373e-08,1.966906339828355e-08,1.9669196761020095e-08,1.9669330122231343e-08,1.966946348208452e-08,1.966959684080202e-08,1.966973019824085e-08,1.9669863554450955e-08,1.9669996909403115e-08,1.967013026310576e-08,1.9670263615533775e-08,1.9670396966971467e-08,1.967053031716575e-08,1.9670663665852335e-08,1.9670797013332794e-08,1.967093035953845e-08,1.9671063704661414e-08,1.9671197048637262e-08,1.96713303912739e-08,1.9671463732553473e-08,1.9671597072799616e-08,1.9671730411792534e-08,1.9671863749597333e-08,1.967199708586235e-08,1.9672130420842213e-08,1.967226375457697e-08,1.967239708697602e-08,1.967253041824386e-08,1.967266374829618e-08,1.9672797077077105e-08,1.967293040455367e-08,1.9673063730945008e-08,1.9673197056281673e-08,1.9673330380101588e-08,1.9673463702600706e-08,1.9673597024201163e-08,1.9673730344043132e-08,1.9673863662875273e-08,1.967399698046948e-08,1.9674130296980723e-08,1.967426361212009e-08,1.9674396925941827e-08,1.967453023860902e-08,1.967466354998487e-08,1.967479686007342e-08,1.96749301690664e-08,1.9675063476883218e-08,1.9675196783541282e-08,1.9675330088557114e-08,1.967546339242417e-08,1.96755966950896e-08,1.9675729996479113e-08,1.967586329656151e-08,1.9675996595471238e-08,1.9676129893033376e-08,1.96762631895214e-08,1.967639648504504e-08,1.9676529779278018e-08,1.9676663071983867e-08,1.967679636347423e-08,1.9676929653928482e-08,1.967706294290733e-08,1.9677196230979986e-08,1.9677329517457093e-08,1.9677462802703355e-08,1.9677596086700303e-08,1.967772936947686e-08,1.9677862651037965e-08,1.9677995931263996e-08,1.9678129210213448e-08,1.967826248799127e-08,1.9678395764523338e-08,1.9678529039768646e-08,1.9678662313738646e-08,1.9678795586538782e-08,1.9678928858099956e-08,1.9679062128431824e-08,1.967919539764744e-08,1.967932866557941e-08,1.967946193236505e-08,1.967959519797203e-08,1.9679728462026887e-08,1.9679861724859833e-08,1.9679994986720343e-08,1.968012824716491e-08,1.968026150628614e-08,1.9680394764211037e-08,1.9680528020831718e-08,1.9680661276221157e-08,1.968079453034476e-08,1.9680927783417404e-08,1.968106103520216e-08,1.9681194285665317e-08,1.9681327534853903e-08,1.9681460782808216e-08,1.968159402951603e-08,1.9681727274931178e-08,1.9681860519164687e-08,1.9681993761970102e-08,1.968212700363538e-08,1.9682260244098597e-08,1.9682393483318025e-08,1.9682526721335104e-08,1.9682659958326005e-08,1.9682793193814137e-08,1.968292642805602e-08,1.9683059661126236e-08,1.9683192892931886e-08,1.9683326123432228e-08,1.968345935311588e-08,1.9683592581387204e-08,1.9683725808401503e-08,1.9683859034190347e-08,1.9683992258763387e-08,1.968412548177675e-08,1.9684258703716126e-08,1.9684391924532136e-08,1.968452514414712e-08,1.9684658362585507e-08,1.968479157967774e-08,1.9684924795226893e-08,1.9685058009644932e-08,1.9685191222792855e-08,1.9685324434761526e-08,1.96854576453346e-08,1.9685590854630495e-08,1.9685724062809643e-08,1.968585726969656e-08,1.968599047533754e-08,1.9686123679722633e-08,1.9686256882834433e-08,1.968639008475806e-08,1.9686523285599253e-08,1.968665648489627e-08,1.968678968293713e-08,1.9686922880056152e-08,1.9687056075699855e-08,1.968718927042843e-08,1.968732246355784e-08,1.9687455655759083e-08,1.9687588846620682e-08,1.968772203604669e-08,1.9687855224436342e-08,1.9687988411411986e-08,1.9688121597158062e-08,1.968825478164915e-08,1.96883879649276e-08,1.9688521146984636e-08,1.9688654327980032e-08,1.968878750750954e-08,1.9688920686031124e-08,1.9689053863047477e-08,1.9689187039079654e-08,1.9689320213605296e-08,1.9689453386904236e-08,1.9689586558913178e-08,1.9689719729739857e-08,1.968985289948634e-08,1.9689986067693214e-08,1.9690119234791482e-08,1.9690252400656895e-08,1.969038556540026e-08,1.9690518728766223e-08,1.9690651890966414e-08,1.9690785052085497e-08,1.9690918211736887e-08,1.969105137011821e-08,1.9691184527270012e-08,1.9691317683184544e-08,1.9691450837874214e-08,1.9691583991306046e-08,1.969171714336388e-08,1.9691850294286705e-08,1.9691983444119623e-08,1.9692116592569863e-08,1.969224973977854e-08,1.969238288571844e-08,1.969251603065696e-08,1.9692649174153998e-08,1.9692782316390797e-08,1.969291545733278e-08,1.9693048597002743e-08,1.9693181735592873e-08,1.9693314872806956e-08,1.969344800875116e-08,1.9693581143513814e-08,1.969371427699831e-08,1.969384740926401e-08,1.969398054027064e-08,1.9694113670242173e-08,1.9694246798804986e-08,1.9694379926131388e-08,1.96945130524435e-08,1.9694646177381866e-08,1.969477930097324e-08,1.9694912423278875e-08,1.969504554438457e-08,1.9695178664274692e-08,1.9695311782852783e-08,1.969544490023008e-08,1.969557801634294e-08,1.9695711131230524e-08,1.9695844244927428e-08,1.9695977357438708e-08,1.9696110468572656e-08,1.9696243578479114e-08,1.969637668709269e-08,1.969650979448708e-08,1.9696642900681297e-08,1.9696776005588646e-08,1.969690910926529e-08,1.9697042211649043e-08,1.9697175312854584e-08,1.9697308412839554e-08,1.969744151153368e-08,1.9697574609010858e-08,1.9697707705300606e-08,1.9697840800576172e-08,1.9697973894320074e-08,1.969810698712335e-08,1.9698240078670292e-08,1.9698373168788965e-08,1.96985062575436e-08,1.9698639345121864e-08,1.9698772431378713e-08,1.969890551660285e-08,1.9699038600672967e-08,1.9699171683265746e-08,1.9699304764852852e-08,1.9699437845216257e-08,1.9699570924040193e-08,1.96997040016534e-08,1.969983707801071e-08,1.9699970153296434e-08,1.9700103227671522e-08,1.970023630057081e-08,1.9700369372023927e-08,1.9700502442066306e-08,1.970063551121402e-08,1.9700768578864474e-08,1.9700901645544307e-08,1.970103471073317e-08,1.9701167774925495e-08,1.97013008376467e-08,1.970143389911034e-08,1.970156695934437e-08,1.9701700018572663e-08,1.970183307627513e-08,1.970196613305081e-08,1.970209918825895e-08,1.970223224226845e-08,1.9702365295034136e-08,1.9702498346629258e-08,1.970263139691048e-08,1.970276444596151e-08,1.970289749372781e-08,1.9703030540366006e-08,1.970316358591724e-08,1.970329662990703e-08,1.9703429672734864e-08,1.9703562714583446e-08,1.9703695754946656e-08,1.970382879404277e-08,1.9703961832130706e-08,1.9704094868747864e-08,1.9704227904404155e-08,1.9704360938398544e-08,1.9704493971124092e-08,1.97046270030226e-08,1.9704760033420062e-08,1.9704893062584527e-08,1.970502609041594e-08,1.9705159117331177e-08,1.9705292142631343e-08,1.9705425167087675e-08,1.970555819004344e-08,1.9705691211982246e-08,1.970582423251582e-08,1.9705957251703077e-08,1.9706090269609128e-08,1.9706223286394415e-08,1.970635630199854e-08,1.9706489316409854e-08,1.9706622329428128e-08,1.9706755341176563e-08,1.9706888351669243e-08,1.9707021361101335e-08,1.970715436929461e-08,1.970728737626748e-08,1.9707420381830625e-08,1.9707553386155515e-08,1.9707686389186046e-08,1.9707819390977285e-08,1.97079523918353e-08,1.9708085391179437e-08,1.9708218389295132e-08,1.9708351386390013e-08,1.9708484382023538e-08,1.9708617376423372e-08,1.9708750369751035e-08,1.9708883361763243e-08,1.970901635268148e-08,1.9709149342217844e-08,1.9709282330634578e-08,1.970941531768658e-08,1.9709548303384485e-08,1.9709681287790905e-08,1.970981427104351e-08,1.970994725300706e-08,1.9710080233994756e-08,1.9710213213534833e-08,1.9710346191999797e-08,1.9710479169312674e-08,1.971061214530059e-08,1.9710745119541153e-08,1.9710878092892467e-08,1.9711011065090198e-08,1.9711144035960698e-08,1.9711277005706252e-08,1.9711409973941156e-08,1.971154294093751e-08,1.9711675907014312e-08,1.9711808871282518e-08,1.97119418348833e-08,1.971207479730903e-08,1.9712207758173703e-08,1.9712340717892022e-08,1.9712473676422367e-08,1.9712606633568504e-08,1.971273958948238e-08,1.9712872544098795e-08,1.971300549751528e-08,1.9713138449691817e-08,1.9713271400612008e-08,1.9713404350316937e-08,1.9713537299041258e-08,1.9713670246229034e-08,1.9713803192078446e-08,1.971393613678479e-08,1.9714069080380322e-08,1.9714202022624073e-08,1.9714334963615436e-08,1.971446790334639e-08,1.9714600841736334e-08,1.97147337790147e-08,1.9714866715343774e-08,1.9714999649990033e-08,1.971513258354501e-08,1.9715265515719302e-08,1.971539844702896e-08,1.9715531376711612e-08,1.971566430525759e-08,1.971579723288248e-08,1.9715930159325177e-08,1.9716063084314582e-08,1.971619600804147e-08,1.9716328930434575e-08,1.9716461851559426e-08,1.9716594771643167e-08,1.971672769041604e-08,1.9716860607793384e-08,1.971699352397058e-08,1.9717126438961932e-08,1.9717259352656967e-08,1.9717392265393326e-08,1.971752517661377e-08,1.9717658086820214e-08,1.9717790995010127e-08,1.9717923902505615e-08,1.9718056808719486e-08,1.9718189713951798e-08,1.971832261797033e-08,1.9718455520509013e-08,1.9718588421716436e-08,1.9718721322003992e-08,1.9718854221049062e-08,1.9718987118597277e-08,1.971912001485879e-08,1.9719252910030434e-08,1.971938580375001e-08,1.9719518696368923e-08,1.971965158772079e-08,1.9719784478183068e-08,1.9719917366936285e-08,1.9720050254801884e-08,1.972018314143354e-08,1.9720316026594322e-08,1.972044891051694e-08,1.9720581792970855e-08,1.972071467449191e-08,1.9720847554888447e-08,1.97209804338929e-08,1.9721113311557744e-08,1.9721246187990285e-08,1.97213790631268e-08,1.9721511937350634e-08,1.972164481007789e-08,1.972177768189181e-08,1.9721910552667466e-08,1.9722043421730104e-08,1.9722176289731325e-08,1.9722309156192858e-08,1.9722442021781404e-08,1.972257488572481e-08,1.9722707748534768e-08,1.972284061024734e-08,1.9722973470574036e-08,1.9723106329618863e-08,1.9723239187776468e-08,1.972337204459674e-08,1.9723504900230702e-08,1.9723637754321616e-08,1.9723770607215174e-08,1.972390345887438e-08,1.9724036309226487e-08,1.972416915838077e-08,1.972430200626803e-08,1.972443485296188e-08,1.972456769835025e-08,1.972470054254301e-08,1.97248333854615e-08,1.9724966227109176e-08,1.972509906746111e-08,1.9725231906705966e-08,1.9725364744651843e-08,1.9725497581691637e-08,1.972563041717326e-08,1.9725763251375336e-08,1.9725896084466364e-08,1.972602891635183e-08,1.9726161746937074e-08,1.97262945761987e-08,1.972642740423086e-08,1.972656023130302e-08,1.972669305686497e-08,1.9726825881253623e-08,1.9726958704354947e-08,1.9727091526371176e-08,1.9727224347266426e-08,1.9727357166901718e-08,1.9727489984932703e-08,1.9727622801750276e-08,1.9727755617314873e-08,1.9727888431993146e-08,1.972802124514885e-08,1.9728154057181827e-08,1.9728286867718248e-08,1.9728419677179476e-08,1.9728552485394934e-08,1.9728685292351122e-08,1.9728818098061927e-08,1.972895090258356e-08,1.9729083705855624e-08,1.972921650791539e-08,1.972934930868765e-08,1.9729482108334557e-08,1.9729614906696378e-08,1.9729747703799415e-08,1.9729880499531785e-08,1.973001329413759e-08,1.973014608774099e-08,1.9730278879852693e-08,1.973041167086429e-08,1.97305444605267e-08,1.9730677248903784e-08,1.9730810036111108e-08,1.9730942822284393e-08,1.973107560719635e-08,1.9731208390613366e-08,1.9731341172762328e-08,1.9731473953702078e-08,1.9731606733699692e-08,1.9731739512313128e-08,1.9731872289800335e-08,1.97320050659618e-08,1.9732137841027628e-08,1.973227061454367e-08,1.9732403386830312e-08,1.9732536157805735e-08,1.9732668927524416e-08,1.9732801695952248e-08,1.9732934463323833e-08,1.9733067229398403e-08,1.9733199994237664e-08,1.9733332758093646e-08,1.9733465520465633e-08,1.9733598281576682e-08,1.973373104150478e-08,1.9733863800136173e-08,1.973399655749699e-08,1.973412931364853e-08,1.9734262068518574e-08,1.9734394822444054e-08,1.973452757512603e-08,1.973466032633674e-08,1.9734793076240365e-08,1.9734925824996492e-08,1.9735058572937866e-08,1.9735191319170888e-08,1.97353240641222e-08,1.973545680809696e-08,1.97355895506528e-08,1.973572229216698e-08,1.973585503216093e-08,1.9735987771185986e-08,1.9736120508751464e-08,1.97362532451391e-08,1.973638598021871e-08,1.9736518714011093e-08,1.9736651446771807e-08,1.9736784178085915e-08,1.9736916908146487e-08,1.9737049637020213e-08,1.97371823646592e-08,1.9737315091003815e-08,1.9737447816413987e-08,1.9737580540334665e-08,1.9737713263258686e-08,1.9737845984926954e-08,1.9737978705134088e-08,1.9738111424369433e-08,1.9738244142040612e-08,1.9738376858467282e-08,1.973850957366558e-08,1.9738642287669357e-08,1.9738775000434717e-08,1.9738907712228023e-08,1.9739040422513224e-08,1.9739173131558727e-08,1.9739305839348373e-08,1.9739438546037906e-08,1.9739571251591337e-08,1.9739703955596304e-08,1.9739836658443206e-08,1.9739969359584816e-08,1.9740102059991475e-08,1.9740234759098134e-08,1.9740367457266963e-08,1.9740500154110313e-08,1.9740632849395454e-08,1.974076554356662e-08,1.9740898236456584e-08,1.9741030928155074e-08,1.9741163618563895e-08,1.9741296307843953e-08,1.9741428996057243e-08,1.9741561682790623e-08,1.974169436827636e-08,1.9741827052559526e-08,1.9741959735863244e-08,1.974209241762776e-08,1.9742225098090615e-08,1.9742357777265587e-08,1.974249045528326e-08,1.9742623132269167e-08,1.9742755807799395e-08,1.9742888482194616e-08,1.974302115525664e-08,1.974315382713426e-08,1.9743286497760594e-08,1.974341916714662e-08,1.974355183526906e-08,1.9743684502176833e-08,1.9743817167845523e-08,1.9743949832271143e-08,1.9744082495419265e-08,1.9744215157277657e-08,1.974434781812268e-08,1.9744480477570194e-08,1.9744613136047558e-08,1.974474579304672e-08,1.9744878448784042e-08,1.974501110327858e-08,1.9745143756527085e-08,1.9745276408611153e-08,1.9745409059391476e-08,1.9745541708823696e-08,1.974567435720691e-08,1.9745807004569437e-08,1.9745939650639588e-08,1.974607229531393e-08,1.9746204938889874e-08,1.9746337581000874e-08,1.9746470221889043e-08,1.9746602861535263e-08,1.9746735499930548e-08,1.9746868137078097e-08,1.9747000773007063e-08,1.9747133407848774e-08,1.974726604133446e-08,1.9747398673559868e-08,1.9747531304562798e-08,1.9747663934608687e-08,1.9747796563108136e-08,1.974792919051408e-08,1.9748061816519302e-08,1.974819444128595e-08,1.9748327064814244e-08,1.974845968709569e-08,1.9748592308481537e-08,1.9748724928564228e-08,1.9748857547408473e-08,1.974899016472458e-08,1.9749122780821192e-08,1.9749255395871888e-08,1.9749388009656435e-08,1.974952062221e-08,1.974965323337777e-08,1.974978584330974e-08,1.974991845197488e-08,1.975005105877852e-08,1.9750183664980795e-08,1.9750316270014165e-08,1.975044887398517e-08,1.9750581476483417e-08,1.975071407775426e-08,1.9750846677883363e-08,1.9750979276653976e-08,1.9751111874188666e-08,1.9751244470618676e-08,1.9751377065673595e-08,1.9751509659498228e-08,1.9751642252314167e-08,1.9751774843667485e-08,1.9751907433927154e-08,1.9752040022927382e-08,1.975217261060173e-08,1.9752305197036217e-08,1.975243778226056e-08,1.9752570366168932e-08,1.9752702948906936e-08,1.9752835530542298e-08,1.9752968110694297e-08,1.975310068965951e-08,1.975323326763253e-08,1.9753365843706277e-08,1.9753498418947397e-08,1.9753630992906504e-08,1.975376356567073e-08,1.9753896137195957e-08,1.9754028707463945e-08,1.9754161276368323e-08,1.9754293844158055e-08,1.9754426410709864e-08,1.9754558976004753e-08,1.975469154008774e-08,1.975482410320162e-08,1.9754956664678602e-08,1.9755089224999604e-08,1.9755221784189056e-08,1.9755354342333836e-08,1.9755486898991576e-08,1.9755619454426184e-08,1.9755752008915973e-08,1.9755884561834113e-08,1.9756017113310668e-08,1.9756149663784926e-08,1.975628221302036e-08,1.9756414761130702e-08,1.975654730795349e-08,1.9756679853526192e-08,1.9756812398001005e-08,1.975694494048753e-08,1.9757077482321955e-08,1.975721002288979e-08,1.975734256227124e-08,1.9757475100421724e-08,1.9757607637232976e-08,1.9757740172813588e-08,1.975787270719952e-08,1.975800524029124e-08,1.975813777218246e-08,1.975827030283202e-08,1.9758402832270357e-08,1.975853536052008e-08,1.975866788746994e-08,1.9758800413196172e-08,1.975893293782908e-08,1.9759065461164738e-08,1.9759197982567892e-08,1.9759330503355342e-08,1.9759463022877417e-08,1.975959554139457e-08,1.975972805849518e-08,1.97598605743151e-08,1.9759993088846018e-08,1.9760125602178506e-08,1.9760258114273154e-08,1.9760390625149273e-08,1.9760523135103827e-08,1.9760655643653302e-08,1.976078815094928e-08,1.976092065684086e-08,1.9761053161749883e-08,1.976118566525171e-08,1.9761318167403346e-08,1.9761450668420385e-08,1.976158316823182e-08,1.9761715666660355e-08,1.9761848163894982e-08,1.976198065989227e-08,1.9762113154654036e-08,1.9762245648122775e-08,1.9762378140399582e-08,1.976251063145176e-08,1.9762643121279287e-08,1.9762775609814343e-08,1.9762908097113783e-08,1.9763040583221686e-08,1.9763173068005776e-08,1.976330555153431e-08,1.97634380338014e-08,1.9763570514905452e-08,1.9763702995040224e-08,1.976383547371586e-08,1.976396795110401e-08,1.976410042733968e-08,1.9764232902570047e-08,1.976436537624983e-08,1.9764497848646827e-08,1.9764630320116154e-08,1.976476279038008e-08,1.976489525938563e-08,1.976502772688092e-08,1.976516019316321e-08,1.9765292658242488e-08,1.976542512209713e-08,1.9765557584697312e-08,1.9765690046048953e-08,1.976582250662505e-08,1.9765954965509466e-08,1.9766087423306913e-08,1.976621987972027e-08,1.9766352334911318e-08,1.9766484788911583e-08,1.976661724148237e-08,1.9766749692958978e-08,1.9766882143165843e-08,1.976701459235557e-08,1.9767147040094213e-08,1.9767279486587004e-08,1.976741193183846e-08,1.976754437601798e-08,1.9767676818899113e-08,1.976780926048163e-08,1.9767941700796398e-08,1.9768074139879503e-08,1.9768206577678268e-08,1.9768339014240405e-08,1.9768471449634182e-08,1.9768603883713357e-08,1.976873631657648e-08,1.9768868748373098e-08,1.9769001178742878e-08,1.9769133607992652e-08,1.976926603597757e-08,1.9769398462914088e-08,1.9769530888426574e-08,1.9769663312527043e-08,1.9769795735520688e-08,1.9769928157465163e-08,1.977006057800393e-08,1.9770192997384683e-08,1.9770325415469094e-08,1.9770457832269005e-08,1.9770590247860502e-08,1.977072266218969e-08,1.9770855075286478e-08,1.977098748712936e-08,1.9771119898012883e-08,1.977125230760544e-08,1.977138471576318e-08,1.977151712263353e-08,1.9771649528358507e-08,1.977178193290219e-08,1.977191433606423e-08,1.9772046738010084e-08,1.9772179138783183e-08,1.977231153826205e-08,1.9772443936514546e-08,1.9772576333486773e-08,1.977270872935344e-08,1.977284112377502e-08,1.977297351712297e-08,1.977310590919461e-08,1.9773238300307016e-08,1.9773370690151355e-08,1.9773503078742177e-08,1.977363546585194e-08,1.977376785173549e-08,1.9773900236340235e-08,1.97740326197501e-08,1.9774165001879426e-08,1.977429738283715e-08,1.9774429762521644e-08,1.9774562141216585e-08,1.9774694518421468e-08,1.977482689448367e-08,1.977495926934304e-08,1.977509164287094e-08,1.977522401519201e-08,1.9775356386248792e-08,1.9775488756056242e-08,1.9775621124546437e-08,1.977575349164672e-08,1.977588585781328e-08,1.9776018222934526e-08,1.9776150586519563e-08,1.9776282949054057e-08,1.9776415309648496e-08,1.9776547669560414e-08,1.9776680028293818e-08,1.9776812385769008e-08,1.9776944741967613e-08,1.9777077097191433e-08,1.9777209450932795e-08,1.9777341803304033e-08,1.9777474154479488e-08,1.9777606504686166e-08,1.9777738853727653e-08,1.9777871201337374e-08,1.9778003547659063e-08,1.9778135892958018e-08,1.9778268236744024e-08,1.9778400579391214e-08,1.9778532920746596e-08,1.977866526046872e-08,1.9778797599360735e-08,1.9778929937059244e-08,1.9779062273493847e-08,1.9779194608677645e-08,1.9779326942612224e-08,1.9779459275243084e-08,1.977959160670248e-08,1.977972393694029e-08,1.9779856266031118e-08,1.977998859397387e-08,1.978012091991419e-08,1.9780253245204154e-08,1.978038556915368e-08,1.9780517891919018e-08,1.9780650213728863e-08,1.978078253407671e-08,1.978091485316085e-08,1.97810471710473e-08,1.9781179487853458e-08,1.9781311803252855e-08,1.9781444117391748e-08,1.9781576430275027e-08,1.9781708741850193e-08,1.978184105256989e-08,1.978197336174867e-08,1.9782105669728082e-08,1.9782237976473912e-08,1.9782370282077308e-08,1.9782502586349276e-08,1.978263488947508e-08,1.9782767191234448e-08,1.978289949178647e-08,1.978303179135452e-08,1.9783164089462067e-08,1.978329638644191e-08,1.9783428681947735e-08,1.9783560976310318e-08,1.9783693269777527e-08,1.9783825561668064e-08,1.9783957852310697e-08,1.978409014170853e-08,1.9784222430174455e-08,1.9784354716534678e-08,1.9784487002277314e-08,1.9784619286770084e-08,1.9784751569987788e-08,1.9784883851961723e-08,1.9785016132750828e-08,1.9785148412293564e-08,1.9785280690622177e-08,1.9785412967875423e-08,1.9785545243758162e-08,1.9785677518506254e-08,1.9785809791834773e-08,1.978594206414495e-08,1.978607433503179e-08,1.978620660465328e-08,1.978633887312563e-08,1.978647114017075e-08,1.9786603406109678e-08,1.978673567078028e-08,1.9786867934265004e-08,1.978700019651377e-08,1.9787132457509914e-08,1.978726471728698e-08,1.9787396975841553e-08,1.978752923335648e-08,1.9787661489095153e-08,1.9787793743929048e-08,1.9787925997485306e-08,1.978805824985657e-08,1.9788190500986583e-08,1.978832275087694e-08,1.978845499954611e-08,1.9788587247343686e-08,1.9788719493508585e-08,1.9788851738631082e-08,1.9788983982344764e-08,1.978911622481688e-08,1.978924846632524e-08,1.9789380706362197e-08,1.9789512944630992e-08,1.9789645182164838e-08,1.978977741846292e-08,1.9789909653762423e-08,1.9790041887816515e-08,1.9790174120387972e-08,1.9790306351973995e-08,1.9790438582109408e-08,1.9790570811079023e-08,1.9790703038721724e-08,1.979083526526644e-08,1.9790967490606464e-08,1.9791099714800093e-08,1.9791231937481788e-08,1.9791364158990253e-08,1.9791496379501972e-08,1.979162859878026e-08,1.9791760816608403e-08,1.9791893033105533e-08,1.979202524855366e-08,1.979215746260016e-08,1.9792289675605723e-08,1.9792421887185692e-08,1.9792554097507754e-08,1.9792686306623468e-08,1.9792818514504705e-08,1.9792950721168627e-08,1.979308292644747e-08,1.9793215130877138e-08,1.9793347333911504e-08,1.9793479535872318e-08,1.9793611736606212e-08,1.9793743935883755e-08,1.9793876134042668e-08,1.9794008330779685e-08,1.9794140526543526e-08,1.9794272720792393e-08,1.9794404913858296e-08,1.9794537105635134e-08,1.9794669296447797e-08,1.9794801486030115e-08,1.9794933674104092e-08,1.9795065861020148e-08,1.979519804662431e-08,1.979533023103625e-08,1.9795462414355016e-08,1.9795594596400967e-08,1.9795726777342907e-08,1.9795858956828073e-08,1.9795991135013026e-08,1.9796123312232537e-08,1.9796255487985077e-08,1.9796387662565697e-08,1.9796519835871188e-08,1.9796652007854414e-08,1.9796784178689554e-08,1.979691634827808e-08,1.979704851664468e-08,1.9797180684240404e-08,1.97973128502182e-08,1.9797445014986903e-08,1.9797577178619334e-08,1.979770934079677e-08,1.9797841501868744e-08,1.9797973661746576e-08,1.979810582023446e-08,1.9798237977472536e-08,1.979837013348488e-08,1.9798502288580093e-08,1.97986344422068e-08,1.979876659456353e-08,1.979889874576604e-08,1.9799030895583473e-08,1.9799163044258494e-08,1.979929519170118e-08,1.97994273378383e-08,1.97995594828394e-08,1.9799691626452468e-08,1.979982376893069e-08,1.9799955910160577e-08,1.980008805021526e-08,1.9800220189135855e-08,1.980035232666314e-08,1.980048446290794e-08,1.9800616597906072e-08,1.980074873131489e-08,1.9800880863856608e-08,1.9801012995149946e-08,1.9801145125402592e-08,1.9801277253826428e-08,1.9801409381196273e-08,1.9801541507537318e-08,1.9801673632638796e-08,1.9801805756757038e-08,1.9801937879383237e-08,1.9802070001000402e-08,1.9802202121193245e-08,1.9802334240153135e-08,1.9802466357828685e-08,1.980259847430113e-08,1.9802730589646163e-08,1.980286270382435e-08,1.980299481644688e-08,1.980312692798556e-08,1.980325903817579e-08,1.9803391147140003e-08,1.980352325496373e-08,1.980365536170822e-08,1.9803787467047358e-08,1.9803919571255938e-08,1.9804051674164094e-08,1.9804183775958577e-08,1.9804315876275374e-08,1.980444797543764e-08,1.9804580073365407e-08,1.980471217010818e-08,1.9804844265799618e-08,1.9804976360133514e-08,1.980510845338661e-08,1.980524054514213e-08,1.980537263570151e-08,1.9805504725028683e-08,1.9805636813099307e-08,1.9805768899917887e-08,1.980590098540136e-08,1.9806033069781386e-08,1.980616515293952e-08,1.980629723507996e-08,1.980642931576798e-08,1.980656139469835e-08,1.9806693472900448e-08,1.9806825549898816e-08,1.9806957625662037e-08,1.9807089699686654e-08,1.980722177244347e-08,1.9807353844488186e-08,1.9807485915559377e-08,1.9807617985084996e-08,1.980775005313875e-08,1.9807882120300298e-08,1.9808014186378475e-08,1.980814625102512e-08,1.980827831459093e-08,1.9808410376714372e-08,1.9808542437648707e-08,1.9808674497361985e-08,1.9808806555832966e-08,1.980893861330147e-08,1.980907066957095e-08,1.9809202724596913e-08,1.9809334778116622e-08,1.980946683046224e-08,1.980959888163495e-08,1.980973093143983e-08,1.980986297992104e-08,1.980999502738296e-08,1.98101270735725e-08,1.981025911869779e-08,1.9810391162346678e-08,1.9810523204771073e-08,1.9810655246028323e-08,1.981078728610938e-08,1.9810919324836055e-08,1.9811051362398107e-08,1.9811183398886962e-08,1.981131543410948e-08,1.9811447467880272e-08,1.9811579500393416e-08,1.9811711531963458e-08,1.9811843562355588e-08,1.9811975591238868e-08,1.9812107618858127e-08,1.9812239645362002e-08,1.981237167062056e-08,1.9812503694599334e-08,1.9812635717292943e-08,1.9812767738719604e-08,1.981289975848545e-08,1.9813031777579594e-08,1.9813163795593962e-08,1.9813295812110985e-08,1.9813427827481194e-08,1.981355984168482e-08,1.9813691854657903e-08,1.9813823866230364e-08,1.981395587656832e-08,1.981408788585796e-08,1.9814219893735474e-08,1.981435190062645e-08,1.9814483906142933e-08,1.9814615910320975e-08,1.9814747913346708e-08,1.9814879915147466e-08,1.9815011915632302e-08,1.981514391491632e-08,1.9815275912881104e-08,1.9815407909668072e-08,1.9815539905205528e-08,1.9815671899478224e-08,1.9815803892535627e-08,1.9815935884334848e-08,1.9816067874955992e-08,1.9816199864099706e-08,1.981633185223845e-08,1.9816463839161803e-08,1.981659582469907e-08,1.981672780913666e-08,1.9816859792122656e-08,1.9816991774093066e-08,1.9817123754878645e-08,1.9817255734644248e-08,1.981738771292925e-08,1.981751969008162e-08,1.981765166592731e-08,1.981778364037139e-08,1.9817915613716827e-08,1.9818047585776928e-08,1.9818179556667515e-08,1.9818311526302736e-08,1.9818443494459266e-08,1.9818575461886226e-08,1.9818707427821098e-08,1.9818839392535124e-08,1.981897135602956e-08,1.9819103318214287e-08,1.9819235279215516e-08,1.9819367238989487e-08,1.9819499197596098e-08,1.9819631155038598e-08,1.9819763111063405e-08,1.981989506594422e-08,1.9820027019533447e-08,1.9820158971982078e-08,1.9820290923303018e-08,1.9820422873344534e-08,1.982055482225929e-08,1.9820686769643125e-08,1.9820818716060065e-08,1.9820950661221275e-08,1.9821082605216842e-08,1.982121454797443e-08,1.982134648900144e-08,1.982147842864765e-08,1.9821610367455378e-08,1.9821742305006722e-08,1.9821874241354415e-08,1.9822006176519088e-08,1.9822138110440905e-08,1.9822270043274494e-08,1.9822401974668953e-08,1.9822533904425688e-08,1.9822665833350666e-08,1.9822797761182588e-08,1.98229296876404e-08,1.9823061612965432e-08,1.9823193536969245e-08,1.9823325459856804e-08,1.9823457381394453e-08,1.9823589301826533e-08,1.9823721220898043e-08,1.9823853138693213e-08,1.9823985055524563e-08,1.9824116970897123e-08,1.982424888499648e-08,1.982438079787099e-08,1.9824512709854046e-08,1.9824644619867217e-08,1.9824776529343303e-08,1.9824908437507593e-08,1.9825040344422764e-08,1.982517224991979e-08,1.9825304154180532e-08,1.9825436057233137e-08,1.9825567959073935e-08,1.982569985980375e-08,1.9825831759205425e-08,1.9825963657536476e-08,1.9826095554565456e-08,1.982622745046152e-08,1.9826359344874008e-08,1.9826491238266265e-08,1.9826623130195163e-08,1.9826755020919987e-08,1.9826886910472194e-08,1.9827018798754225e-08,1.982715068575198e-08,1.9827282571536193e-08,1.982741445613256e-08,1.9827546339614662e-08,1.9827678221917547e-08,1.9827810102769203e-08,1.9827941982471982e-08,1.9828073860872024e-08,1.982820573798238e-08,1.9828337613902837e-08,1.982846948887724e-08,1.9828601362314198e-08,1.9828733234422747e-08,1.9828865105297503e-08,1.9828996975093344e-08,1.9829128843649778e-08,1.982926071103214e-08,1.9829392577117095e-08,1.982952444213412e-08,1.9829656305813224e-08,1.9829788168157912e-08,1.9829920029047636e-08,1.9830051889170867e-08,1.9830183747703294e-08,1.9830315605092684e-08,1.9830447461249677e-08,1.9830579315401935e-08,1.983071116891152e-08,1.9830843021542814e-08,1.9830974872963533e-08,1.983110672287205e-08,1.983123857168596e-08,1.9831370419257095e-08,1.9831502265554995e-08,1.9831634110165043e-08,1.9831765954048208e-08,1.9831897796669604e-08,1.9832029638078503e-08,1.983216147825499e-08,1.9832293317336724e-08,1.9832425155044836e-08,1.9832556991462868e-08,1.9832688826722635e-08,1.9832820660736516e-08,1.983295249350314e-08,1.9833084325193964e-08,1.9833216155471838e-08,1.9833347984724672e-08,1.9833479812649044e-08,1.983361163927106e-08,1.9833743464795283e-08,1.9833875289061958e-08,1.9834007111941826e-08,1.9834138933633273e-08,1.983427075419924e-08,1.9834402573373447e-08,1.9834534391706425e-08,1.983466620879133e-08,1.9834798024296436e-08,1.9834929838578638e-08,1.9835061651641092e-08,1.983519346370534e-08,1.983532527456485e-08,1.983545708415157e-08,1.9835588892455255e-08,1.9835720699220463e-08,1.9835852504871466e-08,1.983598430931216e-08,1.9836116112522736e-08,1.9836247914455876e-08,1.9836379715257876e-08,1.983651151469234e-08,1.983664331304982e-08,1.983677510997955e-08,1.9836906905753133e-08,1.983703870057386e-08,1.9837170493939136e-08,1.983730228601963e-08,1.9837434076956193e-08,1.9837565866813075e-08,1.983769765538018e-08,1.983782944272193e-08,1.9837961228863494e-08,1.983809301366039e-08,1.983822479733934e-08,1.9838356579722018e-08,1.9838488360740286e-08,1.983862014061988e-08,1.9838751919110217e-08,1.983888369655439e-08,1.9839015472728262e-08,1.983914724704629e-08,1.9839279020702682e-08,1.983941079320701e-08,1.9839542564430685e-08,1.9839674334375854e-08,1.9839806102869424e-08,1.9839937870352566e-08,1.9840069636603854e-08,1.9840201401619116e-08,1.9840333165405187e-08,1.984046492781946e-08,1.9840596689285028e-08,1.98407284494093e-08,1.984086020826231e-08,1.9840991965574883e-08,1.9841123722190877e-08,1.984125547761521e-08,1.984138723149776e-08,1.984151898419811e-08,1.9841650735744595e-08,1.9841782486299724e-08,1.9841914235358175e-08,1.9842045983213638e-08,1.9842177729847342e-08,1.984230947513889e-08,1.984244121940233e-08,1.9842572962263617e-08,1.984270470391741e-08,1.984283644439675e-08,1.9842968183191416e-08,1.9843099921109624e-08,1.9843231657832563e-08,1.9843363393464794e-08,1.9843495127611694e-08,1.9843626860683425e-08,1.984375859236814e-08,1.9843890322856733e-08,1.9844022052170625e-08,1.98441537803165e-08,1.9844285507138766e-08,1.9844417232786584e-08,1.9844548957117936e-08,1.9844680680362467e-08,1.984481240227284e-08,1.9844944123166007e-08,1.984507584262938e-08,1.984520756053502e-08,1.9845339277508947e-08,1.984547099332745e-08,1.9845602707834408e-08,1.9845734421155054e-08,1.9845866133225923e-08,1.9845997844057807e-08,1.9846129553771578e-08,1.9846261262149724e-08,1.984639296916264e-08,1.984652467510004e-08,1.984665637972817e-08,1.9846788083154804e-08,1.9846919785371542e-08,1.9847051486288162e-08,1.9847183186272502e-08,1.984731488480087e-08,1.984744658209872e-08,1.9847578278151443e-08,1.9847709972983067e-08,1.9847841666580994e-08,1.9847973358953122e-08,1.9848105050127953e-08,1.9848236740037813e-08,1.9848368428740736e-08,1.984850011627641e-08,1.9848631802562364e-08,1.9848763487511515e-08,1.9848895171504645e-08,1.984902685400349e-08,1.984915853525773e-08,1.984929021530508e-08,1.9849421894212596e-08,1.9849553571766234e-08,1.984968524811954e-08,1.984981692320856e-08,1.9849948597148383e-08,1.98500802697876e-08,1.985021194117573e-08,1.9850343611445962e-08,1.9850475280397193e-08,1.985060694816373e-08,1.985073861467843e-08,1.9850870279988446e-08,1.985100194404393e-08,1.9851133606824488e-08,1.985126526857106e-08,1.9851396928919282e-08,1.9851528588075884e-08,1.9851660245950712e-08,1.9851791902835283e-08,1.985192355822017e-08,1.985205521248872e-08,1.9852186865562496e-08,1.985231851734461e-08,1.985245016787445e-08,1.9852581817152253e-08,1.9852713465240526e-08,1.9852845112139667e-08,1.9852976757868877e-08,1.9853108402266648e-08,1.985324004538664e-08,1.9853371687250626e-08,1.9853503327917897e-08,1.985363496736666e-08,1.9853766605562127e-08,1.9853898241923824e-08,1.9854029877666466e-08,1.9854161512217597e-08,1.9854293145478588e-08,1.9854424777519633e-08,1.9854556408384093e-08,1.9854688037940327e-08,1.9854819666301812e-08,1.9854951293408612e-08,1.9855082919164266e-08,1.9855214543741836e-08,1.9855346167174227e-08,1.9855477789327333e-08,1.9855609410399077e-08,1.9855741030132343e-08,1.985587264868231e-08,1.985600426604707e-08,1.9856135882236317e-08,1.9856267497048722e-08,1.9856399110868203e-08,1.9856530723307923e-08,1.9856662334437313e-08,1.985679394432756e-08,1.985692555296215e-08,1.9857057159908626e-08,1.9857188766134608e-08,1.9857320371436405e-08,1.9857451975155202e-08,1.9857583577676703e-08,1.9857715178921916e-08,1.985784677872216e-08,1.985797837740217e-08,1.9858109975005917e-08,1.9858241571383874e-08,1.9858373166508262e-08,1.9858504760360182e-08,1.9858636353128637e-08,1.9858767944682305e-08,1.985889953487262e-08,1.985903112379495e-08,1.9859162711523513e-08,1.9859294298023146e-08,1.9859425883315937e-08,1.9859557467264645e-08,1.9859689050206184e-08,1.9859820631951406e-08,1.9859952212543018e-08,1.9860083791629502e-08,1.986021536958616e-08,1.9860346946276587e-08,1.9860478521721253e-08,1.9860610095916982e-08,1.9860741668853706e-08,1.986087324073366e-08,1.9861004811251516e-08,1.9861136380540823e-08,1.9861267948645267e-08,1.986139951545626e-08,1.9861531081063474e-08,1.986166264560059e-08,1.9861794208737446e-08,1.9861925770738515e-08,1.9862057331389753e-08,1.986218889094754e-08,1.9862320449176035e-08,1.9862452006088375e-08,1.9862583561947624e-08,1.9862715116430627e-08,1.9862846669717e-08,1.9862978221894128e-08,1.9863109772780523e-08,1.9863241322450165e-08,1.986337287078471e-08,1.9863504417930373e-08,1.986363596384269e-08,1.986376750853061e-08,1.9863899052059326e-08,1.986403059455893e-08,1.9864162135519048e-08,1.9864293675403878e-08,1.9864425214120325e-08,1.9864556751469698e-08,1.9864688287528434e-08,1.9864819822374337e-08,1.986495135608345e-08,1.9865082888468792e-08,1.9865214419625004e-08,1.986534594955511e-08,1.9865477478200864e-08,1.9865609005685605e-08,1.9865740531840642e-08,1.9865872056916716e-08,1.9866003580686165e-08,1.9866135103237323e-08,1.9866266624546912e-08,1.986639814477443e-08,1.986652966363205e-08,1.9866661181370026e-08,1.9866792698028703e-08,1.9866924213097526e-08,1.986705572730539e-08,1.986718723997103e-08,1.9867318751449505e-08,1.986745026157864e-08,1.9867581770598234e-08,1.9867713278530358e-08,1.9867844784927978e-08,1.9867976290357212e-08,1.9868107794634477e-08,1.986823929770352e-08,1.9868370799626897e-08,1.9868502300085024e-08,1.9868633799253698e-08,1.986876529723354e-08,1.9868896793958906e-08,1.9869028289690165e-08,1.986915978393489e-08,1.986929127720323e-08,1.98694227690149e-08,1.9869554259064913e-08,1.986968574836299e-08,1.9869817236478734e-08,1.9869948723586827e-08,1.987008020926171e-08,1.9870211693646523e-08,1.9870343176911012e-08,1.9870474658879144e-08,1.9870606139737295e-08,1.9870737619168652e-08,1.9870869097819197e-08,1.987100057496332e-08,1.9871132050784068e-08
16,0.0,0.0,0.0,0.0,0.0,0.0,0.0,0.0,0.0,0.0,0.0,0.0,0.0,0.0,0.0,0.0,0.0,0.0,0.0,0.0,0.0,0.0,0.0,0.0,0.0,0.0,0.0,0.0,0.0,0.0,0.0,0.0,0.0,0.0,0.0,0.0,0.0,0.0,0.0,0.0,0.0,0.0,0.0,0.0,0.0,0.0,0.0,0.0,0.0,0.0,0.0,0.0,0.0,0.0,0.0,0.0,0.0,0.0,0.0,0.0,0.0,0.0,0.0,0.0,0.0,0.0,0.0,0.0,0.0,0.0,0.0,0.0,0.0,0.0,0.0,0.0,0.0,0.0,0.0,0.0,0.0,0.0,0.0,0.0,0.0,0.0,0.0,0.0,0.0,0.0,0.0,0.0,0.0,0.0,0.0,0.0,0.0,0.0,0.0,0.0,0.0,0.0,0.0,0.0,0.0,0.0,0.0,0.0,0.0,0.0,0.0,0.0,0.0,0.0,0.0,0.0,0.0,0.0,0.0,0.0,0.0,0.0,0.0,0.0,0.0,0.0,0.0,0.0,0.0,0.0,0.0,0.0,0.0,0.0,0.0,0.0,0.0,0.0,0.0,0.0,0.0,0.0,0.0,0.0,0.0,0.0,0.0,0.0,0.0,0.0,0.0,0.0,0.0,0.0,0.0,0.0,0.0,0.0,0.0,0.0,0.0,0.0,0.0,0.0,0.0,0.0,0.0,0.0,0.0,0.0,0.0,0.0,0.0,0.0,0.0,0.0,0.0,0.0,0.0,0.0,0.0,0.0,0.0,0.0,0.0,0.0,0.0,0.0,0.0,0.0,0.0,0.0,0.0,0.0,0.0,0.0,0.0,0.0,0.0,0.0,0.0,0.0,0.0,0.0,0.0,0.0,0.0,0.0,0.0,0.0,0.0,0.0,0.0,0.0,0.0,0.0,0.0,0.0,0.0,0.0,0.0,0.0,0.0,0.0,0.0,0.0,0.0,0.0,0.0,0.0,0.0,0.0,0.0,0.0,0.0,0.0,0.0,0.0,0.0,0.0,0.0,0.0,0.0,0.0,0.0,0.0,0.0,0.0,0.0,0.0,0.0,0.0,0.0,0.0,0.0,0.0,0.0,0.0,0.0,0.0,0.0,0.0,0.0,0.0,0.0,0.0,0.0,0.0,0.0,0.0,0.0,0.0,0.0,0.0,0.0,0.0,0.0,0.0,0.0,0.0,0.0,0.0,0.0,0.0,0.0,0.0,0.0,0.0,0.0,0.0,0.0,0.0,0.0,0.0,0.0,0.0,0.0,0.0,0.0,0.0,0.0,0.0,0.0,0.0,0.0,0.0,0.0,0.0,0.0,0.0,0.0,0.0,0.0,0.0,0.0,0.0,0.0,0.0,0.0,0.0,0.0,0.0,0.0,0.0,0.0,0.0,0.0,0.0,0.0,0.0,0.0,0.0,0.0,0.0,0.0,0.0,0.0,0.0,0.0,0.0,0.0,0.0,0.0,0.0,0.0,0.0,0.0,0.0,0.0,0.0,0.0,0.0,0.0,0.0,0.0,0.0,0.0,0.0,0.0,0.0,0.0,0.0,0.0,0.0,0.0,0.0,0.0,0.0,0.0,0.0,0.0,0.0,0.0,0.0,0.0,0.0,0.0,0.0,0.0,0.0,0.0,0.0,0.0,0.0,0.0,0.0,0.0,0.0,0.0,0.0,0.0,0.0,0.0,0.0,0.0,0.0,0.0,0.0,0.0,0.0,0.0,0.0,0.0,0.0,0.0,0.0,0.0,0.0,0.0,0.0,0.0,0.0,0.0,0.0,0.0,0.0,0.0,0.0,0.0,0.0,0.0,0.0,0.0,0.0,0.0,0.0,0.0,0.0,0.0,0.0,0.0,0.0,0.0,0.0,0.0,0.0,0.0,0.0,0.0,0.0,0.0,0.0,0.0,0.0,0.0,0.0,0.0,0.0,0.0,0.0,0.0,0.0,0.0,0.0,0.0,0.0,0.0,0.0,0.0,0.0,0.0,0.0,0.0,0.0,0.0,0.0,0.0,0.0,0.0,0.0,0.0,0.0,0.0,0.0,0.0,0.0,0.0,0.0,0.0,0.0,0.0,0.0,0.0,0.0,0.0,0.0,0.0,0.0,0.0,0.0,0.0,0.0,0.0,0.0,0.0,0.0,0.0,0.0,0.0,0.0,0.0,0.0,0.0,0.0,0.0,0.0,0.0,0.0,0.0,0.0,0.0,0.0,0.0,0.0,0.0,0.0,0.0,0.0,0.0,0.0,0.0,0.0,0.0,0.0,0.0,0.0,0.0,0.0,0.0,0.0,0.0,0.0,0.0,0.0,0.0,0.0,0.0,0.0,0.0,0.0,0.0,0.0,0.0,0.0,0.0,0.0,0.0,0.0,0.0,0.0,0.0,0.0,0.0,0.0,0.0,0.0,0.0,0.0,0.0,0.0,0.0,0.0,0.0,0.0,0.0,0.0,0.0,0.0,0.0,0.0,0.0,0.0,0.0,0.0,0.0,0.0,0.0,0.0,0.0,0.0,0.0,0.0,0.0,0.0,0.0,0.0,0.0,0.0,0.0,0.0,0.0,0.0,0.0,0.0,0.0,0.0,0.0,0.0,0.0,0.0,0.0,0.0,0.0,0.0,0.0,0.0,0.0,0.0,0.0,0.0,0.0,0.0,0.0,0.0,0.0,0.0,0.0,0.0,0.0,0.0,0.0,0.0,0.0,0.0,0.0,0.0,0.0,0.0,0.0,0.0,0.0,0.0,0.0,0.0,0.0,0.0,0.0,0.0,0.0,0.0,0.0,0.0,0.0,0.0,0.0,0.0,0.0,0.0,0.0,0.0,0.0,0.0,0.0,0.0,0.0,0.0,0.0,0.0,0.0,0.0,0.0,0.0,0.0,0.0,0.0,0.0,0.0,0.0,0.0,0.0,0.0,0.0,0.0,0.0,0.0,0.0,0.0,0.0,0.0,0.0,0.0,0.0,0.0,0.0,0.0,0.0,0.0,0.0,0.0,0.0,0.0,0.0,0.0,0.0,0.0,0.0,0.0,0.0,0.0,0.0,0.0,0.0,0.0,0.0,0.0,0.0,0.0,0.0,0.0,0.0,0.0,0.0,0.0,0.0,0.0,0.0,0.0,0.0,0.0,0.0,0.0,0.0,0.0,0.0,0.0,0.0,0.0,0.0,0.0,0.0,0.0,0.0,0.0,0.0,0.0,0.0,0.0,0.0,0.0,0.0,0.0,0.0,0.0,0.0,0.0,0.0,0.0,0.0,0.0,0.0,0.0,0.0,0.0,0.0,0.0,0.0,0.0,0.0,0.0,0.0,0.0,0.0,0.0,0.0,0.0,0.0,0.0,0.0,0.0,0.0,0.0,0.0,0.0,0.0,0.0,0.0,0.0,0.0,0.0,0.0,0.0,0.0,0.0,0.0,0.0,0.0,0.0,0.0,0.0,0.0,0.0,0.0,0.0,0.0,0.0,0.0,0.0,0.0,0.0,0.0,0.0,0.0,0.0,0.0,0.0,0.0,0.0,0.0,0.0,0.0,0.0,0.0,0.0,0.0,0.0,0.0,0.0,0.0,0.0,0.0,0.0,0.0,0.0,0.0,0.0,0.0,0.0,0.0,0.0,0.0,0.0,0.0,0.0,0.0,0.0,0.0,0.0,0.0,0.0,0.0,0.0,0.0,0.0,0.0,0.0,0.0,0.0,0.0,0.0,0.0,0.0,0.0,0.0,0.0,0.0,0.0,0.0,0.0,0.0,0.0,0.0,0.0,0.0,0.0,0.0,0.0,0.0,0.0,0.0,0.0,0.0,0.0,0.0,0.0,0.0,0.0,0.0,0.0,0.0,0.0,0.0,0.0,0.0,0.0,0.0,0.0,0.0,0.0,0.0,0.0,0.0,0.0,0.0,0.0,0.0,0.0,0.0,0.0,0.0,0.0,0.0,0.0,0.0,0.0,0.0,0.0,0.0,0.0,0.0,0.0,0.0,0.0,0.0,0.0,0.0,0.0,0.0,0.0,0.0,0.0,0.0,0.0,0.0,0.0,0.0,0.0,0.0,0.0,0.0,0.0,0.0,0.0,0.0,0.0,0.0,0.0,0.0,0.0,0.0,0.0,0.0,0.0,0.0,0.0,0.0,0.0,0.0,0.0,0.0,0.0,0.0,0.0,0.0,0.0,0.0,0.0,0.0,0.0,0.0,0.0,0.0,0.0,0.0,0.0,0.0,0.0,0.0,0.0,0.0,0.0,0.0,0.0,0.0,0.0,0.0,0.0,0.0,0.0,0.0,0.0,0.0,0.0,0.0,0.0,0.0,0.0,0.0,0.0,0.0,0.0,0.0,0.0,0.0,0.0,0.0,0.0,0.0,0.0,0.0,0.0,6.262467822492061e-25,1.7461529810257885e-24,3.089797316223248e-24,4.426793854388683e-24,5.6441630329220885e-24,6.705722148669472e-24,7.614167677027823e-24,8.388483630820516e-24,9.052301177643589e-24,9.628510046714211e-24,1.0137131592004311e-23,1.059478301793277e-23,1.1014852849436051e-23,1.1407944477889135e-23,1.1782376455736031e-23,1.2144647486892981e-23,1.249983319886753e-23,1.2851909512821583e-23,1.320400918286496e-23,1.3558622002936495e-23,1.3917749498767642e-23,1.428302376148297e-23,1.465579846794837e-23,1.503721853648505e-23,1.5428273468375883e-23,1.5829838274539804e-23,1.6242704971318876e-23,1.6667606917308318e-23,1.710523771770307e-23,1.755626600110655e-23,1.802134707265221e-23,1.8501132168560997e-23,1.8996275955821768e-23,1.950744261185557e-23,2.0035310915939122e-23,2.0580578558192288e-23,2.1143965880980852e-23,2.17262192032965e-23,2.2328113850164893e-23,2.295045699419658e-23,2.3594090290722945e-23,2.4259892637331817e-23,2.494878267378992e-23,2.566172146623057e-23,2.6399715191607052e-23,2.716381790877954e-23,2.795513443736477e-23,2.877482336599859e-23,2.9624100212748364e-23,3.050424075009585e-23,3.1416584525472104e-23,3.2362538584738586e-23,3.334358151607053e-23,3.4361267202070604e-23,3.541723013784571e-23,3.6513189394738567e-23,3.76509540256868e-23,3.8832428426179213e-23,4.005961809173628e-23,4.1334635770520633e-23,4.265970803693871e-23,4.4037182318574313e-23,4.5469534408038414e-23,4.695937650827965e-23,4.8509465836911864e-23,5.0122713849320946e-23,5.180219611515246e-23,5.355116292514142e-23,5.537305064924246e-23,5.72714939424892e-23,5.92503388539283e-23,6.131365690877813e-23,6.346576025237182e-23,6.571121794275475e-23,6.805487348853089e-23,7.05018637390268e-23,7.305763924253648e-23,7.5727986200507e-23,7.851905015849185e-23,8.143736158370398e-23,8.448986350106036e-23,8.768394137087724e-23,9.102745541075994e-23,9.45287755863472e-23,9.819681951669714e-23,1.0204109356280042e-22,1.0607173740369296e-22,1.102995724258906e-22,1.1473615429215744e-22,1.1939383009278673e-22,1.2428580052723708e-22,1.2942618760932499e-22,1.3483010844394133e-22,1.4051375568651265e-22,1.464944853592769e-22,1.5279091277702616e-22,1.5942301741930635e-22,1.6641225769030478e-22,1.7378169658440703e-22,1.8155613945238354e-22,1.897622851403774e-22,1.984288919715808e-22,2.0758696019270942e-22,2.172699327167705e-22,2.2751391621348504e-22,2.3835792485408167e-22,2.498441493152561e-22,2.6201825396013658e-22,2.749297055115183e-22,2.886321369460904e-22,3.0318375083586315e-22,3.1864776694042606e-22,3.3509291945715034e-22,3.525940101210958e-22,3.7123252419116712e-22,3.9109731730140604e-22,4.122853823289363e-22,4.349027067399936e-22,4.590652323635073e-22,4.848999312864854e-22,5.12546012821413e-22,5.421562854651004e-22,5.738986776389813e-22,6.079579691379037e-22,6.445377344764091e-22,6.838625454889089e-22,7.261804664278154e-22,7.717658825989912e-22,8.209227345401015e-22,8.739881554976861e-22,9.313366825951229e-22,9.933850262327501e-22,1.0605975494465426e-21,1.1334925537314808e-21,1.21264951905446e-21,1.298717377859917e-21,1.3924242450938523e-21,1.4945884484687699e-21,1.6061314960442434e-21,1.728093092493869e-21,1.8616486528927905e-21,2.008129772466613e-21,2.1690482131060414e-21,2.3461240871561846e-21,2.5413190656269023e-21,2.756875620123865e-21,2.9953635341670664e-21,3.259735201990348e-21,3.5533915872542284e-21,3.880261159909151e-21,4.244894692961192e-21,4.652579516620367e-21,5.109477739863915e-21,5.622794119719208e-21,6.200980765787922e-21,6.853987818492606e-21,7.593571780778325e-21,8.433676509210142e-21,9.390906250093489e-21,1.0485115911467576e-20,1.1740151499393842e-20,1.3184784040703351e-20,1.4853894354551486e-20,1.678998516801316e-20,1.9045123315863937e-20,2.1683451077602195e-20,2.4784456364707638e-20,2.8447262782387393e-20,3.2796301917915996e-20,3.798887560983213e-20,4.4225326808763746e-20,5.176284679213488e-20,6.093440510772691e-20,7.217497743754495e-20,8.60582949043103e-20,9.786297052264479e-20,9.786297052269377e-20,9.786297052276114e-20,9.78629705230591e-20,1.1870557512249061e-19,1.4468492092420123e-19,1.7776138087075123e-19,2.2049288424964638e-19,2.764195184120159e-19,3.506059914435214e-19,4.504600068243692e-19,5.870372598285088e-19,7.771913846985394e-19,1.0472155092257353e-18,1.4391900649084326e-18,2.0223956605074927e-18,2.9145462956921917e-18,4.322813034596616e-18,6.626470498694827e-18,1.0549755444733724e-17,1.7555632667593385e-17,3.074670889316708e-17,5.715334296391967e-17,1.1383449912186195e-16,2.45402760236792e-16,5.779646675668215e-16,1.495655804192877e-15,4.24311153558938e-15,1.2998466100507105e-14,1.3969435916685869e-14,4.616634053704052e-14,1.498084177620824e-13,4.729918881225703e-13,1.421028925262286e-12,3.993072566440188e-12,1.0321150444990348e-11,1.3569708297023188e-11,3.1266693087552676e-11,6.340968898911371e-11,1.1523001963627931e-10,1.892097645934661e-10,2.843494198721334e-10,3.9686691442756186e-10,5.214909652980114e-10,6.525303145768273e-10,7.846131518663316e-10,9.131686975666142e-10,1.0346715292050096e-09,1.1466766126850237e-09,1.2477097947031067e-09,1.337088173578822e-09,1.41472722935915e-09,1.4809667504063336e-09,1.5364281259048356e-09,1.5819042315054324e-09,1.6182780037144232e-09,1.6464642600683078e-09,1.6673694837720147e-09,1.6818650851127268e-09,1.6907705662474788e-09,1.6948438430503289e-09,1.6947766564131968e-09,1.6911935356552401e-09,1.6846531806352036e-09,1.6756514324117781e-09,1.6646252286129527e-09,1.6519571079777044e-09,1.6379799535964005e-09,1.6229817571782465e-09,1.6072102555549094e-09,1.5908773415408625e-09,1.5741631886876507e-09,1.557220056892124e-09,1.5401757654130576e-09,1.5231368338268429e-09,1.5061913010259674e-09,1.4894112386720528e-09,1.4728549793207757e-09,1.4565690817047302e-09,1.4405900562331299e-09,1.424945873775367e-09,1.4096572799750267e-09,1.3947389361190424e-09,1.380200406279151e-09,1.3660470086725318e-09,1.3522805477231159e-09,1.3388999416761665e-09,1.325901759055151e-09,1.3132806757829139e-09,1.3010298635366037e-09,1.2891413185240797e-09,1.2776061388706096e-09,1.2664147577523128e-09,1.2555571384806186e-09,1.2450229369973505e-09,1.2348016364328622e-09,1.224882657882938e-09,1.215255450885967e-09,1.2059095666650702e-09,1.1968347167760597e-09,1.1880208193973314e-09,1.1794580352346217e-09,1.1711367946780671e-09,1.1630478176606613e-09,1.155182127421274e-09,1.1475310592335605e-09,1.1400862649465525e-09,1.1328397141604498e-09,1.1257836925691455e-09,1.118910798175552e-09,1.1122139356187215e-09,1.1056863092234526e-09,1.0993214149254467e-09,1.093113031432816e-09,1.0870552108206797e-09,1.0811422687487684e-09,1.075368774457134e-09,1.0697295406698343e-09,1.0642196135094535e-09,1.0588342624983434e-09,1.0535689707259617e-09,1.0484194252182214e-09,1.0433815075722893e-09,1.0384512848574076e-09,1.0336250008334923e-09,1.028899067478321e-09,1.0242700568514703e-09,1.0197346932871243e-09,1.0152898459199724e-09,1.010932521547143e-09,1.0066598578157768e-09,1.0024691167237317e-09,9.983576784496099e-10,9.943230354672281e-10,9.903627869685238e-10,9.864746335512584e-10,9.82656372197168e-10,9.789058914933091e-10,9.75221167113188e-10,9.716002575315286e-10,9.680412999564799e-10,9.64542506491057e-10,9.6110216048721e-10,9.577186130995135e-10,9.54390280020192e-10,9.511156383896364e-10,9.478932238676711e-10,9.447216278727438e-10,9.41599494947343e-10,9.385255202883553e-10,9.35498447384928e-10,9.32517065795502e-10,9.295802090473737e-10,9.266867526276287e-10,9.23835612091268e-10,9.210257412710495e-10,9.182561305721493e-10,9.155258053646593e-10,9.128338244439587e-10,9.101792785866596e-10,9.075612891703103e-10,9.049790068631131e-10,9.024316103857498e-10,8.99918305325477e-10,8.974383230257455e-10,8.949909195066374e-10,8.925753744606949e-10,8.901909902859284e-10,8.878370911687077e-10,8.85513022212886e-10,8.832181486079572e-10,8.80951854835724e-10,8.787135439185052e-10,8.765026366993306e-10,8.743185711576577e-10,8.721608017556912e-10,8.700287988139591e-10,8.679220479173303e-10,8.658400493469164e-10,8.637823175374098e-10,8.617483805588034e-10,8.597377796216549e-10,8.577500686028403e-10,8.557848135928542e-10,8.538415924636275e-10,8.519199944537704e-10,8.500196197702743e-10,8.481400792107124e-10,8.462809937982884e-10,8.444419944334258e-10,8.426227215593486e-10,8.408228248414976e-10,8.390419628629206e-10,8.372798028226233e-10,8.355360202641693e-10,8.33810298791278e-10,8.321023298165017e-10,8.304118123023906e-10,8.287384525328925e-10,8.27081963871224e-10,8.254420665376925e-10,8.238184874093124e-10,8.222109597971355e-10,8.206192232575564e-10,8.190430234003783e-10,8.17482111706885e-10,8.159362453496022e-10,8.144051870269666e-10,8.128887047953064e-10,8.113865719144852e-10,8.098985666941572e-10,8.084244723470756e-10,8.06964076851894e-10,8.055171728044809e-10,8.040835573033619e-10,8.026630318092955e-10,8.012554020299138e-10,7.998604777975653e-10,7.984780729578687e-10,7.971080052572997e-10,7.957500962358594e-10,7.944041711305532e-10,7.930700587641892e-10,7.917475914578139e-10,7.904366049403758e-10,7.891369382392576e-10,7.878484336175593e-10,7.865709364848237e-10,7.853042953006679e-10,7.840483615067814e-10,7.828029894506961e-10,7.815680363095135e-10,7.80343362016554e-10,7.791288291950921e-10,7.779243030904517e-10,7.767296515049803e-10,7.755447447299518e-10,7.743694554891291e-10,7.732036588799398e-10,7.720472323107411e-10,7.709000554560872e-10,7.697620101850305e-10,7.686329805223616e-10,7.675128525892417e-10,7.66401514563805e-10,7.652988566212301e-10,7.642047708908413e-10,7.631191514201093e-10,7.620418941135717e-10,7.609728967047252e-10,7.599120587047564e-10,7.588592813673086e-10,7.578144676463275e-10,7.567775221595808e-10,7.557483511528009e-10,7.547268624592679e-10,7.5371296546501e-10,7.527065710833556e-10,7.517075917097063e-10,7.507159411913686e-10,7.497315348060116e-10,7.48754289219737e-10,7.477841224618608e-10,7.468209538958755e-10,7.458647041895711e-10,7.449152952879383e-10,7.439726503891432e-10,7.43036693916242e-10,7.421073514898958e-10,7.411845499050744e-10,7.402682171087506e-10,7.393582821719722e-10,7.384546752718215e-10,7.375573276664539e-10,7.366661716690879e-10,7.357811406409189e-10,7.349021689490424e-10,7.340291919686505e-10,7.33162146045325e-10,7.323009684828419e-10,7.314455975228415e-10,7.305959723385337e-10,7.297520329958049e-10,7.289137204470819e-10,7.28080976515494e-10,7.272537438765512e-10,7.264319660426462e-10,7.256155873403931e-10,7.248045529042183e-10,7.239988086597825e-10,7.231983013036258e-10,7.224029782947228e-10,7.216127878340207e-10,7.208276788577512e-10,7.200476010187612e-10,7.192725046775606e-10,7.185023408849868e-10,7.177370613722826e-10,7.169766185371499e-10,7.162209654371521e-10,7.15470055766548e-10,7.147238438573621e-10,7.139822846620017e-10,7.132453337384287e-10,7.125129472486072e-10,7.117850819424261e-10,7.110616951468024e-10,7.10342744758427e-10,7.096281892300108e-10,7.089179875666809e-10,7.08212099311179e-10,7.075104845348621e-10,7.068131038344374e-10,7.061199183106047e-10,7.054308895785676e-10,7.047459797387056e-10,7.040651513876973e-10,7.033883675924187e-10,7.027155918942279e-10,7.020467882987444e-10,7.013819212636041e-10,7.007209556946714e-10,7.000638569412095e-10,6.994105907823961e-10,6.987611234246788e-10,6.981154214936225e-10,6.974734520280514e-10,6.968351824707779e-10,6.962005806657391e-10,6.955696148497285e-10,6.949422536448217e-10,6.943184660540753e-10,6.936982214576385e-10,6.930814896012411e-10,6.924682405918077e-10,6.918584449006096e-10,6.912520733450134e-10,6.9064909708934e-10,6.900494876398916e-10,6.894532168370889e-10,6.888602568543843e-10,6.882705801884438e-10,6.876841596573068e-10,6.871009683943076e-10,6.865209798449676e-10,6.859441677590791e-10,6.853705061892648e-10,6.847999694851187e-10,6.842325322887659e-10,6.836681695307163e-10,6.831068564255281e-10,6.825485684678567e-10,6.819932814281799e-10,6.814409713485042e-10,6.808916145385463e-10,6.803451875722423e-10,6.798016672836055e-10,6.792610307625042e-10,6.787232553524713e-10,6.781883186450529e-10,6.776561984759339e-10,6.771268729261947e-10,6.766003203145735e-10,6.760765191919702e-10,6.755554483454216e-10,6.750370867865593e-10,6.745214137561132e-10,6.740084087137664e-10,6.734980513405471e-10,6.729903215326824e-10,6.724851994000365e-10,6.719826652607785e-10,6.714826996426082e-10,6.709852832779308e-10,6.704903970991541e-10,6.699980222389398e-10,6.695081400253634e-10,6.69020731979933e-10,6.685357798170582e-10,6.680532654373829e-10,6.675731709281366e-10,6.670954785603277e-10,6.666201707852509e-10,6.661472302336568e-10,6.656766397117651e-10,6.652083821998653e-10,6.647424408505959e-10,6.64278798985323e-10,6.63817440090912e-10,6.633583478239128e-10,6.629015059988142e-10,6.624468985934357e-10,6.619945097431816e-10,6.61544323741016e-10,6.610963250335143e-10,6.606504982212172e-10,6.602068280534906e-10,6.597652994285034e-10,6.593258973957186e-10,6.588886071447526e-10,6.584534140096965e-10,6.580203034667513e-10,6.575892611300358e-10,6.571602727541758e-10,6.567333242297088e-10,6.563084015782056e-10,6.558854909592007e-10,6.554645786598452e-10,6.550456510975166e-10,6.546286948182944e-10,6.542136964942131e-10,6.538006429214242e-10,6.533895210202213e-10,6.529803178359791e-10,6.525730205296537e-10,6.521676163825401e-10,6.517640927943608e-10,6.513624372813372e-10,6.509626374705554e-10,6.505646811073969e-10,6.501685560469848e-10,6.497742502558575e-10,6.493817518092433e-10,6.489910488908172e-10,6.486021297908517e-10,6.482149829056328e-10,6.478295967353665e-10,6.474459598833218e-10,6.470640610542587e-10,6.466838890556085e-10,6.463054327920398e-10,6.459286812690077e-10,6.455536235862926e-10,6.451802489418372e-10,6.448085466284291e-10,6.444385060328802e-10,6.440701166350929e-10,6.437033680061275e-10,6.433382498081582e-10,6.429747517932559e-10,6.426128638021509e-10,6.422525757635641e-10,6.418938776928973e-10,6.415367596914524e-10,6.411812119456955e-10,6.408272247250172e-10,6.404747883829392e-10,6.40123893354748e-10,6.397745301567596e-10,6.394266893857352e-10,6.390803617174993e-10,6.387355379070132e-10,6.383922087868947e-10,6.380503652661432e-10,6.377099983287032e-10,6.373710990368446e-10,6.37033658524345e-10,6.366976679996426e-10,6.363631187439241e-10,6.360300021104312e-10,6.356983095230955e-10,6.353680324757153e-10,6.350391625352497e-10,6.347116913315073e-10,6.343856105712008e-10,6.340609120210787e-10,6.337375875175129e-10,6.33415628962485e-10,6.330950283234324e-10,6.327757776328588e-10,6.324578689873212e-10,6.321412945468263e-10,6.318260465334179e-10,6.315121172321027e-10,6.311994989882231e-10,6.308881842100428e-10,6.305781653629616e-10,6.302694349750486e-10,6.299619856322189e-10,6.296558099778115e-10,6.293509007132454e-10,6.29047250597929e-10,6.287448524483093e-10,6.284436991337065e-10,6.281437835821298e-10,6.278450987754723e-10,6.275476377498879e-10,6.272513935957973e-10,6.269563594558279e-10,6.266625285267086e-10,6.2636989405619e-10,6.260784493450906e-10,6.257881877421453e-10,6.254991026528611e-10,6.252111875271309e-10,6.249244358668672e-10,6.246388412235207e-10,6.243543971945868e-10,6.240710974311748e-10,6.237889356263597e-10,6.235079055233348e-10,6.23228000911781e-10,6.229492156284931e-10,6.226715435538081e-10,6.223949786180211e-10,6.221195147922982e-10,6.21845146093962e-10,6.21571866583111e-10,6.212996703666968e-10,6.210285515937417e-10,6.207585044547889e-10,6.20489523183782e-10,6.202216020570987e-10,6.199547353931406e-10,6.196889175505002e-10,6.194241429295888e-10,6.19160405970435e-10,6.188977011556663e-10,6.186360230040005e-10,6.183753660788426e-10,6.181157249777203e-10,6.178570943387576e-10,6.175994688381259e-10,6.173428431910095e-10,6.170872121482555e-10,6.168325705009315e-10,6.165789130744556e-10,6.163262347322123e-10,6.160745303732912e-10,6.158237949330179e-10,6.155740233816102e-10,6.15325210726099e-10,6.150773520064732e-10,6.148304423005206e-10,6.145844767174236e-10,6.143394504014274e-10,6.140953585302989e-10,6.138521963158382e-10,6.136099590025529e-10,6.133686418685771e-10,6.131282402220121e-10,6.128887494064076e-10,6.126501647949687e-10,6.124124817953758e-10,6.121756958441064e-10,6.119398024097402e-10,6.117047969910563e-10,6.114706751181564e-10,6.11237432351324e-10,6.110050642809325e-10,6.107735665272448e-10,6.105429347389735e-10,6.103131645964315e-10,6.100842518066451e-10,6.098561921063429e-10,6.096289812605545e-10,6.094026150629495e-10,6.091770893357121e-10,6.089523999269664e-10,6.087285427141443e-10,6.085055136012644e-10,6.082833085195975e-10,6.080619234272524e-10,6.078413543091668e-10,6.076215971754982e-10,6.074026480645186e-10,6.071845030395521e-10,6.06967158189239e-10,6.067506096281433e-10,6.065348534960888e-10,6.063198859577423e-10,6.061057032030495e-10,6.058923014461775e-10,6.056796769264147e-10,6.054678259066496e-10,6.052567446740702e-10,6.050464295397539e-10,6.048368768387717e-10,6.046280829289772e-10,6.044200441926903e-10,6.04212757032864e-10,6.040062178778542e-10,6.038004231778056e-10,6.035953694063344e-10,6.033910530564298e-10,6.031874706460417e-10,6.029846187147298e-10,6.027824938228649e-10,6.025810925531697e-10,6.02380411509691e-10,6.021804473176982e-10,6.019811966232623e-10,6.017826560937615e-10,6.015848224174407e-10,6.013876923031955e-10,6.011912624791417e-10,6.00995529694905e-10,6.008004907198359e-10,6.006061423435675e-10,6.004124813751476e-10,6.002195046430975e-10,6.000272089959264e-10,5.998355913007231e-10,5.996446484432175e-10,5.994543773315713e-10,5.992647748890328e-10,5.990758380589272e-10,5.988875638033115e-10,5.986999491024452e-10,5.985129909549299e-10,5.983266863766622e-10,5.981410324028635e-10,5.97956026086061e-10,5.97771664496765e-10,5.975879447223139e-10,5.974048638680533e-10,5.972224190562832e-10,5.9704060742831e-10,5.968594261399762e-10,5.966788723650118e-10,5.9649894329418e-10,5.963196361344023e-10,5.961409481093736e-10,5.959628764592469e-10,5.957854184397383e-10,5.956085713248427e-10,5.954323324025321e-10,5.95256698977029e-10,5.950816683678873e-10,5.949072379130396e-10,5.947334049630833e-10,5.945601668850152e-10,5.943875210609747e-10,5.942154648882927e-10,5.940439957799897e-10,5.938731111635572e-10,5.937028084811416e-10,5.935330851898884e-10,5.933639387623505e-10,5.931953666845399e-10,5.930273664573532e-10,5.928599355958986e-10,5.926930716296812e-10,5.925267721020584e-10,5.923610345707799e-10,5.921958566054337e-10,5.920312357944295e-10,5.91867169735557e-10,5.917036560407482e-10,5.915406923369828e-10,5.913782762633877e-10,5.912164054725641e-10,5.910550776306892e-10,5.908942904170308e-10,5.907340415239489e-10,5.90574328656083e-10,5.904151495318517e-10,5.902565018815863e-10,5.900983834490312e-10,5.899407919895153e-10,5.897837252722534e-10,5.896271810777155e-10,5.89471157198568e-10,5.893156514411113e-10,5.891606616223073e-10,5.890061855718919e-10,5.88852221130838e-10,5.886987661528525e-10,5.885458185028364e-10,5.883933760580306e-10,5.882414367062507e-10,5.880899983482903e-10,5.879390588938672e-10,5.877886162679099e-10,5.876386684034811e-10,5.874892132460749e-10,5.873402487522198e-10,5.871917728897086e-10,5.870437836366624e-10,5.868962789826621e-10,5.867492569281035e-10,5.866027154838645e-10,5.864566526717962e-10,5.863110665242729e-10,5.861659550841421e-10,5.860213164046657e-10,5.858771485500089e-10,5.857334495934877e-10,5.855902176206083e-10,5.854474507249045e-10,5.853051470117327e-10,5.851633045954068e-10,5.85021921601253e-10,5.848809961622782e-10,5.847405264242293e-10,5.846005105409604e-10,5.84460946676572e-10,5.843218330045192e-10,5.841831677081166e-10,5.840449489797857e-10,5.839071750217001e-10,5.837698440455375e-10,5.83632954271716e-10,5.834965039309033e-10,5.833604912627788e-10,5.832249145146459e-10,5.830897719443329e-10,5.829550618183041e-10,5.82820782413177e-10,5.8268693201248e-10,5.825535089097415e-10,5.824205114071869e-10,5.822879378156139e-10,5.821557864537487e-10,5.820240556497171e-10,5.818927437404398e-10,5.817618490722997e-10,5.816313699977994e-10,5.815013048787585e-10,5.813716520861568e-10,5.812424099976444e-10,5.811135770007435e-10,5.809851514901753e-10,5.808571318687056e-10,5.807295165481593e-10,5.806023039471271e-10,5.804754924933924e-10,5.803490806218366e-10,5.802230667753448e-10,5.800974494046651e-10,5.79972226968345e-10,5.798474216656468e-10,5.797229874741869e-10,5.795989410649326e-10,5.794752831584693e-10,5.793520125466783e-10,5.792291277731893e-10,5.791066273556242e-10,5.789845098139073e-10,5.788627736742861e-10,5.787414174702448e-10,5.786204397423461e-10,5.784998390389079e-10,5.783796139148484e-10,5.782597629324177e-10,5.781402846609191e-10,5.780211776763428e-10,5.779024405620301e-10,5.777840719080158e-10,5.776660703113632e-10,5.775484343759438e-10,5.774311627122005e-10,5.773142539375459e-10,5.771977066771801e-10,5.770815195610824e-10,5.76965691226861e-10,5.768502203182681e-10,5.767351054859822e-10,5.766203453871436e-10,5.765059386846256e-10,5.763918840496411e-10,5.762781801582932e-10,5.76164825692861e-10,5.760518193423571e-10,5.759391598021124e-10,5.758268457740563e-10,5.757148759656726e-10,5.756032490908123e-10,5.754919638697551e-10,5.753810190282748e-10,5.752704132987475e-10,5.751601454192001e-10,5.750502141339361e-10,5.74940618192982e-10,5.748313563524443e-10,5.747224273739328e-10,5.746138300252692e-10,5.74505563080128e-10,5.743976253172493e-10,5.742900155222812e-10,5.74182732485325e-10,5.740757750030638e-10,5.739691418774371e-10,5.738628319154302e-10,5.737568439314532e-10,5.736511767431712e-10,5.735458291756098e-10,5.734408000571809e-10,5.733360882234154e-10,5.732316925147087e-10,5.731276117771105e-10,5.730238448616847e-10,5.729203906247494e-10,5.728172479281683e-10,5.727144156387407e-10,5.726118926289081e-10,5.725096777759109e-10,5.724077699623376e-10,5.723061680756344e-10,5.722048710085622e-10,5.721038776591776e-10,5.720031869299255e-10,5.719027977286493e-10,5.718027089684777e-10,5.717029195669255e-10,5.71603428446564e-10,5.715042345353059e-10,5.714053367655971e-10,5.713067340738265e-10,5.712084254025837e-10,5.711104096987537e-10,5.710126859137322e-10,5.709152530045013e-10,5.708181099310721e-10,5.707212556596304e-10,5.706246891594884e-10,5.705284094070446e-10,5.704324153811586e-10,5.703367060660082e-10,5.702412804493674e-10,5.701461375257956e-10,5.700512762923436e-10,5.69956695751184e-10,5.69862394908432e-10,5.69768372775366e-10,5.52617568053531e-10,5.446474792859393e-10,5.413142296338571e-10,5.40307824769179e-10,5.404583442748982e-10,5.411739541848814e-10,5.421556505675033e-10,5.432526678327346e-10,5.443892521217118e-10,5.455275947884142e-10,5.466490749694433e-10,5.477447690358985e-10,5.488106492360247e-10,5.49845154793296e-10,5.508479632106728e-10,5.518193687030465e-10,5.527599677498505e-10,5.536704999978615e-10,5.545517677577795e-10,5.554045952773659e-10,5.562298081417047e-10,5.5702822287977e-10,5.578006417505093e-10,5.585478501596035e-10,5.592706154296174e-10,5.599696862665779e-10,5.606457925872427e-10,5.61299645547833e-10,5.619319376737827e-10,5.625433430667656e-10,5.631345176379792e-10,5.637060993783633e-10,5.642587086404717e-10,5.647929484428583e-10,5.653094047809863e-10,5.658086469442947e-10,5.662912278506386e-10,5.667576843772156e-10,5.672085376957444e-10,5.676442936211988e-10,5.680654429488194e-10,5.684724617937544e-10,5.68865811949643e-10,5.692459412173645e-10,5.696132837545718e-10,5.699682604141903e-10,5.703112790822195e-10,5.706427350104111e-10,5.70963011145473e-10,5.712724784590386e-10,5.715714962682408e-10,5.718604125514549e-10,5.721395642618755e-10,5.724092776348772e-10,5.726698684896671e-10,5.729216425253376e-10,5.731648956106393e-10,5.73399914069438e-10,5.736269749588599e-10,5.738463463419872e-10,5.740582875556271e-10,5.742630494692953e-10,5.744608747411788e-10,5.746519980647978e-10,5.748366464140853e-10,5.750150392783721e-10,5.751873888929014e-10,5.753539004636796e-10,5.755147723862666e-10,5.756701964587633e-10,5.758203580888423e-10,5.759654364964016e-10,5.76105604907749e-10,5.762410307485025e-10,5.763718758259396e-10,5.764982965147806e-10,5.766204439238912e-10,5.767384640729264e-10,5.768524980538733e-10,5.769626821928328e-10,5.770691482034508e-10,5.771720233388727e-10,5.772714305376125e-10,5.773674885655615e-10,5.774603121528886e-10,5.775500121267017e-10,5.776366955418144e-10,5.777204658042124e-10,5.778014227933044e-10,5.778796629787405e-10,5.779552795344031e-10,5.780283624482724e-10,5.780989986295052e-10,5.781672720114007e-10,5.7823326365137e-10,5.78297051827644e-10,5.783587121335027e-10,5.784183175661583e-10,5.784759386166599e-10,5.785316433536437e-10,5.785854975049773e-10,5.786375645380281e-10,5.786879057359194e-10,5.787365802717243e-10,5.787836452806328e-10,5.788291559293791e-10,5.788731654824029e-10,5.78915725369006e-10,5.789568852434045e-10,5.789966930471503e-10,5.790351950672656e-10,5.790724359931231e-10,5.791084589702916e-10,5.791433056552029e-10,5.791770162647754e-10,5.792096296267212e-10,5.792411832268758e-10,5.79271713255656e-10,5.793012546521641e-10,5.793298411484865e-10,5.793575053094735e-10,5.793842785744048e-10,5.794101912955519e-10,5.794352727753052e-10,5.794595513027656e-10,5.794830541886199e-10,5.795058077989669e-10,5.795278375882821e-10,5.795491681303642e-10,5.795698231492309e-10,5.795898255484286e-10,5.796091974396417e-10,5.796279601699397e-10,5.796461343472865e-10,5.796637398692898e-10,5.796807959437653e-10,5.796973211153581e-10,5.797133332876412e-10,5.797288497454591e-10,5.79743887176575e-10,5.797584616921222e-10,5.797725888468551e-10,5.797862836584023e-10,5.797995606258049e-10,5.798124337476873e-10,5.798249165395556e-10,5.79837022050555e-10,5.798487628797548e-10,5.79860151191848e-10,5.798711987320825e-10,5.798819168409716e-10,5.798923164682647e-10,5.799024081866551e-10,5.799122022049856e-10,5.799217083799966e-10,5.79930936230109e-10,5.799398949461045e-10,5.799485934027251e-10,5.79957040169773e-10,5.799652435228284e-10,5.799732114531419e-10,5.799809516777866e-10,5.799884716490601e-10,5.799957785637943e-10,5.800028793718689e-10,5.800097807860326e-10,5.800164892882224e-10,5.800230111391156e-10,5.80029352385022e-10,5.800355188658392e-10,5.800415162217688e-10,5.800473499009493e-10,5.800530251650068e-10,5.800585470965072e-10,5.800639206050313e-10,5.800691504327393e-10,5.800742411606356e-10,5.800791972138204e-10,5.800840228672429e-10,5.800887222506307e-10,5.800932993535964e-10,5.800977580305549e-10,5.801021020056304e-10,5.801063348766113e-10,5.801104601198005e-10,5.80114481094095e-10,5.801184010448944e-10,5.801222231084968e-10,5.801259503152548e-10,5.80129585593779e-10,5.801331317740786e-10,5.801365915912149e-10,5.80139967688485e-10,5.801432626205794e-10,5.801464788567503e-10,5.801496187836168e-10,5.801526847082508e-10,5.801556788604573e-10,5.801586033960429e-10,5.801614603990687e-10,5.801642518842395e-10,5.801669797994017e-10,5.801696460279406e-10,5.801722523907991e-10,5.801748006488258e-10,5.801772925046548e-10,5.80179729604896e-10,5.801821135419609e-10,5.801844458558992e-10,5.801867280362999e-10,5.801889615239391e-10,5.801911477124472e-10,5.801932879498066e-10,5.801953835404807e-10,5.801974357463523e-10,5.801994457881232e-10,5.802014148470684e-10,5.80203344066213e-10,5.802052345516692e-10,5.802070873739425e-10,5.802089035690374e-10,5.802106841397525e-10,5.80212430056747e-10,5.802141422596588e-10,5.80215821658125e-10,5.802174691328643e-10,5.802190855366245e-10,5.80220671695022e-10,5.802222284077478e-10,5.802237564493132e-10,5.802252565696359e-10,5.802267294952721e-10,5.802281759299528e-10,5.802295965554776e-10,5.802309920324254e-10,5.802323630008146e-10,5.802337100809137e-10,5.802350338737773e-10,5.802363349618455e-10,5.80237613909907e-10,5.802388712654797e-10,5.8024010755922e-10,5.802413233054615e-10,5.802425190032138e-10,5.802436951363925e-10,5.802448521741078e-10,5.802459905715876e-10,5.802471107702938e-10,5.802482131986657e-10,5.802492982722923e-10,5.802503663944276e-10,5.802514179565473e-10,5.802524533384187e-10,5.802534729087589e-10,5.80254477025717e-10,5.802554660367126e-10,5.802564402792937e-10,5.802574000811994e-10,5.802583457607421e-10,5.802592776272191e-10,5.802601959809532e-10,5.80261101113786e-10,5.802619933094175e-10,5.802628728434799e-10,5.802637399838913e-10,5.802645949910939e-10,5.802654381183258e-10,5.80266269611753e-10,5.802670897108859e-10,5.802678986486003e-10,5.802686966513993e-10,5.802694839397141e-10,5.802702607279983e-10,5.802710272249259e-10,5.802717836336784e-10,5.802725301519051e-10,5.80273266972134e-10,5.8027399428183e-10,5.802747122634586e-10,5.802754210948417e-10,5.802761209491393e-10,5.802768119951371e-10,5.802774943971168e-10,5.802781683153762e-10,5.802788339060636e-10,5.802794913214341e-10,5.802801407099027e-10,5.802807822162456e-10,5.802814159815516e-10,5.802820421435513e-10,5.802826608365578e-10,5.80283272191656e-10,5.802838763367282e-10,5.802844733966119e-10,5.80285063493188e-10,5.802856467454131e-10,5.802862232694591e-10,5.802867931787968e-10,5.802873565842152e-10,5.80287913593992e-10,5.802884643139397e-10,5.802890088473986e-10,5.802895472954219e-10,5.802900797567254e-10,5.802906063278933e-10,5.802911271033074e-10,5.802916421753211e-10,5.8029215163423e-10,5.802926555683965e-10,5.802931540641486e-10,5.802936472061378e-10,5.802941350772575e-10,5.802946177584063e-10,5.802950953289617e-10,5.802955678665727e-10,5.802960354473146e-10,5.80296498145672e-10,5.802969560346343e-10,5.802974091856432e-10,5.802978576688385e-10,5.80298301552824e-10,5.802987409048749e-10,5.802991757909534e-10,5.802996062757335e-10,5.803000324226273e-10,5.803004542938004e-10,5.803008719502576e-10,5.803012854518183e-10,5.803016948571889e-10,5.803021002239582e-10,5.803025016086492e-10,5.803028990667273e-10,5.80303292652639e-10,5.803036824198578e-10,5.803040684208454e-10,5.803044507071464e-10,5.803048293293799e-10,5.803052043372555e-10,5.80305575779638e-10,5.80305943704481e-10,5.803063081589211e-10,5.803066691893245e-10,5.803070268412515e-10,5.803073811593433e-10,5.8030773218766e-10,5.803080799694676e-10,5.803084245472712e-10,5.80308765962914e-10,5.803091042575503e-10,5.803094394715764e-10,5.80309771644803e-10,5.803101008163545e-10,5.803104270248076e-10,5.80310750308054e-10,5.803110707034085e-10,5.803113882474972e-10,5.803117029764887e-10,5.80312014925949e-10,5.803123241308478e-10,5.803126306257386e-10,5.803129344445084e-10,5.803132356206093e-10,5.80313534186934e-10,5.80313830175901e-10,5.803141236194252e-10,5.803144145489974e-10,5.803147029955798e-10,5.803149889896775e-10,5.803152725613233e-10,5.803155537402693e-10,5.803158325557294e-10,5.803161090363765e-10,5.803163832107183e-10,5.803166551066046e-10,5.803169247516465e-10,5.803171921729753e-10,5.803174573973146e-10,5.80317720451268e-10,5.803179813607901e-10,5.80318240151526e-10,5.803184968489579e-10,5.803187514778257e-10,5.803190040628986e-10,5.803192546285043e-10,5.803195031984738e-10,5.803197497964547e-10,5.803199944458934e-10,5.803202371697219e-10,5.803204779906578e-10,5.803207169312565e-10,5.803209540132697e-10,5.803211892586906e-10,5.803214226890257e-10,5.803216543255155e-10,5.803218841891124e-10,5.803221123004931e-10,5.803223386800769e-10,5.803225633480304e-10,5.803227863242144e-10,5.803230076282947e-10,5.803232272796263e-10,5.803234452973255e-10,5.803236617003146e-10,5.80323876507265e-10,5.803240897365315e-10,5.803243014063353e-10,5.803245115346258e-10,5.803247201391197e-10,5.803249272373274e-10,5.803251328465238e-10,5.803253369837709e-10,5.803255396659788e-10,5.803257409097757e-10,5.803259407315743e-10,5.803261391476281e-10,5.803263361740016e-10,5.803265318265309e-10,5.803267261208567e-10,5.803269190724585e-10,5.803271106965985e-10,5.803273010083708e-10,5.803274900226719e-10,5.803276777542373e-10,5.803278642176292e-10,5.803280494271668e-10,5.803282333970405e-10,5.80328416141371e-10,5.803285976739516e-10,5.803287780084626e-10,5.803289571585448e-10,5.803291351374398e-10,5.803293119584012e-10,5.803294876344904e-10,5.80329662178608e-10,5.803298356035125e-10,5.803300079217719e-10,5.803301791458699e-10,5.803303492880472e-10,5.803305183605805e-10,5.803306863753797e-10,5.803308533443848e-10,5.803310192793152e-10,5.803311841916683e-10,5.803313480931077e-10,5.803315109947677e-10,5.803316729079211e-10,5.803318338436399e-10,5.803319938128263e-10,5.80332152826373e-10,5.803323108949189e-10,5.803324680290575e-10,5.803326242392119e-10,5.803327795357755e-10,5.803329339288159e-10,5.803330874286497e-10,5.80333240044897e-10,5.803333917876252e-10,5.803335426665309e-10,5.803336926911583e-10,5.803338418712418e-10,5.803339902160736e-10,5.803341377347498e-10,5.803342844369012e-10,5.803344303313949e-10,5.803345754272541e-10,5.803347197333313e-10,5.803348632584142e-10,5.803350060112247e-10,5.803351480003049e-10,5.803352892341671e-10,5.803354297211531e-10,5.803355694697211e-10,5.803357084879108e-10,5.803358467838621e-10,5.803359843656251e-10,5.803361212410993e-10,5.803362574181956e-10,5.803363929046027e-10,5.803365277080123e-10,5.803366618359766e-10,5.803367952959904e-10,5.803369280954768e-10,5.803370602417498e-10,5.803371917420528e-10,5.803373226035528e-10,5.803374528333251e-10,5.803375824382349e-10,5.803377114254655e-10,5.803378398017388e-10,5.803379675738198e-10,5.803380947483994e-10,5.803382213320906e-10,5.803383473314743e-10,5.803384727529657e-10,5.803385976029573e-10,5.803387218878079e-10,5.803388456137302e-10,5.803389687869464e-10,5.803390914135025e-10,5.803392134995696e-10,5.803393350512415e-10,5.803394560740929e-10,5.803395765741245e-10,5.803396965572618e-10,5.803398160289921e-10,5.803399349950323e-10,5.80340053461142e-10,5.803401714325801e-10,5.803402889149406e-10,5.803404059136356e-10,5.803405224340275e-10,5.803406384813733e-10,5.803407540609143e-10,5.80340869177816e-10,5.803409838371975e-10,5.803410980441134e-10,5.803412118035585e-10,5.803413251204932e-10,5.803414379997675e-10,5.803415504462376e-10,5.803416624647049e-10,5.803417740599084e-10,5.80341885236438e-10,5.80341995998996e-10,5.803421063521264e-10,5.803422163003576e-10,5.803423258481486e-10,5.803424349999334e-10,5.80342543760024e-10,5.803426521328479e-10,5.803427601226598e-10,5.803428677336468e-10,5.80342974969993e-10,5.803430818358763e-10,5.803431883353491e-10,5.803432944724924e-10,5.803434002513441e-10,5.803435056757482e-10,5.803436107496465e-10,5.803437154769654e-10,5.803438198614526e-10,5.803439239069373e-10,5.803440276171446e-10,5.803441309958006e-10,5.803442340465252e-10,5.803443367730001e-10,5.803444391787709e-10,5.803445412673875e-10,5.803446430423261e-10,5.803447445070361e-10,5.80344845664982e-10,5.803449465195288e-10,5.803450470740248e-10,5.803451473318031e-10,5.80345247296104e-10,5.803453469701862e-10,5.803454463572527e-10,5.803455454604665e-10,5.803456442829601e-10,5.803457428278397e-10,5.803458410981584e-10,5.803459390969583e-10,5.803460368272379e-10,5.803461342919352e-10,5.803462314940096e-10,5.803463284363444e-10,5.803464251218087e-10,5.803465215531866e-10,5.803466177333851e-10,5.803467136652663e-10,5.803468093512854e-10,5.803469047942993e-10,5.803469999969869e-10,5.803470949619896e-10,5.803471896919243e-10,5.803472841896267e-10,5.803473784573449e-10,5.803474724976128e-10,5.803475663130459e-10,5.803476599061156e-10,5.803477532792895e-10,5.803478464349688e-10,5.80347939375586e-10,5.80348032103492e-10,5.803481246210154e-10,5.803482169305685e-10,5.803483090345935e-10,5.803484009348803e-10,5.803484926339794e-10,5.803485841340561e-10,5.803486754373465e-10,5.803487665460242e-10,5.803488574622262e-10,5.803489481880728e-10,5.80349038725656e-10,5.803491290770707e-10,5.803492192442986e-10,5.803493092295216e-10,5.80349399034673e-10,5.803494886618215e-10,5.803495781127611e-10,5.803496673895025e-10,5.803497564940567e-10,5.803498454282279e-10,5.803499341938731e-10,5.803500227929713e-10,5.803501112273002e-10,5.803501994986834e-10,5.803502876089226e-10,5.803503755597859e-10,5.803504633530867e-10,5.80350550990669e-10,5.803506384739309e-10,5.803507258047516e-10,5.80350812984828e-10,5.803509000158122e-10,5.803509868992734e-10,5.803510736369995e-10,5.803511602305424e-10,5.803512466814615e-10,5.803513329913748e-10,5.803514191617301e-10,5.803515051942164e-10,5.803515910901996e-10,5.803516768513752e-10,5.803517624791398e-10,5.803518479749869e-10,5.803519333403196e-10,5.803520185766499e-10,5.803521036853845e-10,5.803521886679164e-10,5.803522735256595e-10,5.80352358260045e-10,5.803524428724004e-10,5.803525273639621e-10,5.803526117361434e-10,5.803526959902919e-10,5.803527801276856e-10,5.803528641496414e-10,5.803529480574044e-10,5.803530318521601e-10,5.803531155353628e-10,5.803531991081525e-10,5.80353282571725e-10,5.803533659272895e-10,5.803534491759766e-10,5.803535323191402e-10,5.803536153578693e-10,5.803536982932654e-10,5.803537811264753e-10,5.803538638586917e-10,5.803539464909688e-10,5.803540290245608e-10,5.80354111460347e-10,5.803541937995439e-10,5.803542760431452e-10,5.803543581924124e-10,5.803544402481287e-10,5.803545222114318e-10,5.80354604083346e-10,5.803546858648191e-10,5.80354767556872e-10,5.803548491607757e-10,5.803549306771472e-10,5.803550121070928e-10,5.803550934515441e-10,5.803551747114726e-10,5.80355255887938e-10,5.803553369816042e-10,5.803554179934517e-10,5.803554989245403e-10,5.80355579775662e-10,5.80355660547746e-10,5.80355741241579e-10,5.803558218581226e-10,5.803559023981269e-10,5.803559828625695e-10,5.803560632522929e-10,5.80356143568067e-10,5.803562238106168e-10,5.803563039809559e-10,5.803563840797857e-10,5.803564641079781e-10,5.803565440661626e-10,5.80356623955144e-10,5.803567037757826e-10,5.803567835287587e-10,5.803568632148891e-10,5.803569428349197e-10,5.803570223895278e-10,5.803571018794594e-10,5.80357181305436e-10,5.803572606681649e-10,5.803573399683517e-10,5.80357419206407e-10,5.803574983835803e-10,5.803575775002812e-10,5.803576565571829e-10,5.803577355548975e-10,5.80357814494169e-10,5.803578933756041e-10,5.803579721998554e-10,5.803580509675546e-10,5.803581296792769e-10,5.803582083357355e-10,5.803582869375287e-10,5.80358365485453e-10,5.803584439796227e-10,5.803585224209525e-10,5.803586008097803e-10,5.803586791471175e-10,5.803587574333518e-10,5.803588356689695e-10,5.803589138545835e-10,5.803589919907518e-10,5.803590700779762e-10,5.803591481169063e-10,5.803592261078984e-10,5.803593040517518e-10,5.803593819489129e-10,5.803594597996151e-10,5.803595376047586e-10,5.803596153647798e-10,5.803596930801834e-10,5.803597707512073e-10,5.803598483784787e-10,5.803599259625852e-10,5.803600035039897e-10,5.803600810030773e-10,5.803601584603973e-10,5.803602358763619e-10,5.803603132513832e-10,5.803603905861053e-10,5.80360467880679e-10,5.80360545135965e-10,5.803606223521728e-10,5.803606995297331e-10,5.803607766691026e-10,5.803608537707013e-10,5.803609308349462e-10,5.803610078621069e-10,5.803610848530153e-10,5.803611618075496e-10,5.803612387266087e-10,5.80361315610156e-10,5.803613924589611e-10,5.803614692732265e-10,5.803615460532859e-10,5.803616227996865e-10,5.803616995127332e-10,5.803617761928651e-10,5.803618528402201e-10,5.803619294553684e-10,5.803620060386127e-10,5.803620825903909e-10,5.803621591108979e-10,5.803622356005666e-10,5.803623120597145e-10,5.803623884888059e-10,5.803624648880351e-10,5.803625412578349e-10,5.803626175984553e-10,5.803626939100922e-10,5.803627701934039e-10,5.803628464485747e-10,5.8036292267586e-10,5.803629988754575e-10,5.803630750479766e-10,5.803631511935739e-10,5.803632273124155e-10,5.803633034050045e-10,5.803633794716151e-10,5.803634555125015e-10,5.803635315279433e-10,5.803636075182229e-10,5.803636834836327e-10,5.803637594243394e-10,5.803638353408411e-10,5.803639112333118e-10,5.803639871020141e-10,5.803640629473055e-10,5.803641387692747e-10,5.803642145682777e-10,5.803642903445349e-10,5.803643660979201e-10,5.803644418295729e-10,5.803645175392517e-10,5.803645932272328e-10,5.803646688937584e-10,5.803647445390565e-10,5.80364820163369e-10,5.803648957669026e-10,5.803649713500093e-10,5.803650469128398e-10,5.803651224556048e-10,5.803651979782103e-10,5.80365273481614e-10,5.803653489656516e-10,5.803654244305238e-10,5.803654998764784e-10,5.803655753037126e-10,5.803656507124657e-10,5.803657261029992e-10,5.803658014753976e-10,5.803658768299199e-10,5.803659521667675e-10,5.803660274861516e-10,5.803661027882948e-10,5.803661780733324e-10,5.803662533415154e-10,5.803663285929874e-10,5.803664038279542e-10,5.803664790466339e-10,5.803665542491705e-10,5.80366629435795e-10,5.803667046066563e-10,5.803667797619391e-10,5.803668549018324e-10,5.803669300265191e-10,5.803670051361501e-10,5.803670802309035e-10,5.80367155310919e-10,5.803672303765647e-10,5.803673054277262e-10,5.803673804646895e-10,5.803674554876108e-10,5.803675304966609e-10,5.803676054920021e-10,5.803676804737251e-10,5.803677554420955e-10,5.803678303972187e-10,5.803679053392345e-10,5.803679802683203e-10,5.803680551845758e-10,5.803681300882366e-10,5.803682049795121e-10,5.80368279858259e-10,5.803683547249327e-10,5.803684295794179e-10,5.803685044219679e-10,5.803685792527302e-10,5.803686540718235e-10,5.803687288793783e-10,5.803688036755608e-10,5.803688784604455e-10,5.80368953234227e-10,5.803690279970185e-10,5.803691027489512e-10,5.803691774901e-10,5.803692522206891e-10,5.803693269407655e-10,5.803694016504696e-10,5.803694763498386e-10,5.803695510390629e-10,5.803696257183693e-10,5.803697003877772e-10,5.803697750474071e-10,5.803698496973496e-10,5.803699243377569e-10,5.80369998968729e-10,5.803700735904035e-10,5.803701482028232e-10,5.803702228061379e-10,5.803702974004363e-10,5.803703719858367e-10,5.803704465624367e-10,5.803705211303568e-10,5.803705956896677e-10,5.803706702401577e-10,5.803707447826181e-10,5.803708193167741e-10,5.803708938427561e-10,5.803709683606293e-10,5.803710428705213e-10,5.803711173725928e-10,5.803711918667688e-10,5.803712663532365e-10,5.80371340832259e-10,5.803714153035428e-10,5.803714897673442e-10,5.80371564223861e-10,5.803716386730983e-10,5.803717131151593e-10,5.803717875501334e-10,5.803718619781278e-10,5.803719363991609e-10,5.80372010813335e-10,5.80372085220785e-10,5.803721596215643e-10,5.803722340157163e-10,5.803723084033853e-10,5.80372382784585e-10,5.803724571594288e-10,5.803725315279023e-10,5.803726058902412e-10,5.80372680246453e-10,5.803727545966222e-10,5.803728289408119e-10,5.803729032790809e-10,5.803729776114497e-10,5.803730519380929e-10,5.803731262591023e-10,5.803732005744088e-10,5.803732748841546e-10,5.803733491884148e-10,5.803734234871914e-10,5.803734977806608e-10,5.803735720688318e-10,5.803736463518963e-10,5.803737206296766e-10,5.80373794902341e-10,5.803738691699836e-10,5.803739434326523e-10,5.803740176903925e-10,5.80374091943311e-10,5.803741661913777e-10,5.803742404347076e-10,5.803743146733737e-10,5.803743889074681e-10,5.80374463137009e-10,5.803745373622359e-10,5.803746115828114e-10,5.803746857990324e-10,5.803747600108713e-10,5.803748342184553e-10,5.803749084217914e-10,5.80374982620969e-10,5.803750568160372e-10,5.803751310070279e-10,5.803752051940007e-10,5.803752793770156e-10,5.803753535562514e-10,5.803754277315937e-10,5.803755019030268e-10,5.803755760706729e-10,5.803756502346111e-10,5.803757243948411e-10,5.803757985516259e-10,5.80375872704642e-10,5.80375946854175e-10,5.80376021000253e-10,5.803760951427796e-10,5.803761692819764e-10,5.803762434178498e-10,5.803763175503612e-10,5.803763916797219e-10,5.803764658057949e-10,5.803765399286742e-10,5.803766140484277e-10,5.803766881650993e-10,5.803767622787111e-10,5.803768363893142e-10,5.803769104969183e-10,5.8037698460161e-10,5.803770587035482e-10,5.803771328024887e-10,5.803772068986189e-10,5.803772809919193e-10,5.803773550826685e-10,5.803774291705621e-10,5.80377503255794e-10,5.803775773383279e-10,5.803776514182463e-10,5.803777254956912e-10,5.803777995705619e-10,5.8037787364296e-10,5.803779477129546e-10,5.803780217804708e-10,5.803780958456341e-10,5.803781699085565e-10,5.803782439690097e-10,5.803783180271728e-10,5.803783920830758e-10,5.80378466136938e-10,5.803785401884177e-10,5.803786142377239e-10,5.803786882849594e-10,5.803787623300218e-10,5.803788363730221e-10,5.803789104139595e-10,5.80378984452897e-10,5.803790584898417e-10,5.803791325248409e-10,5.803792065578943e-10,5.803792805890627e-10,5.803793546183322e-10,5.803794286457546e-10,5.803795026713609e-10,5.803795766951821e-10,5.803796507172277e-10,5.80379724737699e-10,5.80379798756298e-10,5.803798727731519e-10,5.803799467884115e-10,5.803800208019882e-10,5.803800948139814e-10,5.80380168824378e-10,5.803802428332284e-10,5.803803168407291e-10,5.803803908465089e-10,5.803804648508038e-10,5.803805388536311e-10,5.803806128549927e-10,5.803806868549319e-10,5.8038076085348e-10,5.803808348506438e-10,5.803809088464453e-10,5.803809828409378e-10,5.803810568342262e-10,5.803811308262813e-10,5.803812048168848e-10,5.803812788063782e-10,5.803813527946221e-10,5.803814267815146e-10,5.803815007672196e-10,5.803815747517527e-10,5.803816487352892e-10,5.803817227175137e-10,5.8038179669866e-10,5.803818706786949e-10,5.803819446576682e-10,5.80382018635632e-10,5.803820926125223e-10,5.803821665883713e-10,5.803822405632303e-10,5.803823145371091e-10,5.803823885099758e-10,5.803824624819417e-10,5.803825364529773e-10,5.803826104230801e-10,5.80382684392302e-10,5.803827583608124e-10,5.8038283232831e-10,5.803829062949289e-10,5.803829802608853e-10,5.803830542258177e-10,5.803831281901909e-10,5.803832021535761e-10,5.803832761162059e-10,5.803833500782575e-10,5.803834240394679e-10,5.803834979998741e-10,5.803835719595773e-10,5.803836459185643e-10,5.803837198767671e-10,5.803837938345914e-10,5.803838677917367e-10,5.803839417482722e-10,5.803840157042282e-10,5.803840896593665e-10,5.803841636138548e-10,5.803842375680085e-10,5.803843115213751e-10,5.803843854741988e-10,5.803844594266489e-10,5.803845333785659e-10,5.803846073299383e-10,5.803846812808351e-10,5.803847552310699e-10,5.803848291808227e-10,5.803849031300962e-10,5.803849770790744e-10,5.803850510274628e-10,5.803851249755426e-10,5.803851989230722e-10,5.80385272870378e-10,5.803853468170866e-10,5.80385420763429e-10,5.803854947093798e-10,5.803855686549579e-10,5.80385642600176e-10,5.803857165450528e-10,5.803857904897929e-10,5.803858644341604e-10,5.803859383781905e-10,5.803860123219697e-10,5.803860862654429e-10,5.803861602086352e-10,5.803862341515132e-10,5.803863080941259e-10,5.803863820363461e-10,5.803864559784638e-10,5.803865299202134e-10,5.803866038617401e-10,5.803866778029408e-10,5.803867517440406e-10,5.803868256849264e-10,5.803868996257894e-10,5.803869735662964e-10,5.803870475068372e-10,5.803871214470207e-10,5.803871953870622e-10,5.803872693269521e-10,5.80387343266701e-10,5.803874172063103e-10,5.803874911459528e-10,5.803875650853366e-10,5.803876390247392e-10,5.803877129639319e-10,5.80387786903172e-10,5.803878608421564e-10,5.803879347810841e-10,5.803880087200953e-10,5.803880826588981e-10,5.803881565978337e-10,5.80388230536552e-10,5.803883044752229e-10,5.803883784140143e-10,5.803884523526678e-10,5.803885262914334e-10,5.803886002302415e-10,5.80388674168563e-10,5.803887481071268e-10,5.80388822045865e-10,5.803888959845032e-10,5.803889699230114e-10,5.803890438618173e-10,5.803891178005401e-10,5.803891917392733e-10,5.803892656780918e-10,5.803893396169264e-10,5.803894135560005e-10,5.80389487494971e-10,5.803895614342757e-10,5.803896353734119e-10,5.8038970931264e-10,5.80389783251958e-10,5.803898571913779e-10,5.803899311308728e-10,5.803900050703453e-10,5.803900790100691e-10,5.803901529501169e-10,5.80390226890111e-10,5.803903008302226e-10,5.803903747704752e-10,5.803904487110104e-10,5.80390522651687e-10,5.803905965924448e-10,5.803906705332877e-10,5.803907444742757e-10,5.803908184155903e-10,5.803908923569323e-10,5.803909662984822e-10,5.803910402403208e-10,5.803911141822007e-10,5.803911881242702e-10,5.803912620665396e-10,5.803913360090599e-10,5.803914099517044e-10,5.803914838945815e-10,5.803915578376771e-10,5.803916317808657e-10,5.803917057243953e-10,5.803917796681481e-10,5.803918536121344e-10,5.803919275563443e-10,5.803920015006605e-10,5.803920754453356e-10,5.803921493902701e-10,5.803922233354546e-10,5.803922972809057e-10,5.803923712266658e-10,5.803924451726636e-10,5.803925191190987e-10,5.803925930655779e-10,5.803926670123377e-10,5.803927409595414e-10,5.803928149068676e-10,5.803928888544414e-10,5.803929628023387e-10,5.803930367505653e-10,5.803931106990289e-10,5.803931846478168e-10,5.803932585969083e-10,5.803933325463784e-10,5.803934064962229e-10,5.803934804462348e-10,5.803935543967203e-10,5.803936283473701e-10,5.803937022981232e-10,5.803937762494496e-10,5.803938502010567e-10,5.803939241531577e-10,5.803939981054011e-10,5.803940720580472e-10,5.803941460110014e-10,5.803942199643871e-10,5.803942939180384e-10,5.80394367872031e-10,5.803944418264131e-10,5.803945157812791e-10,5.803945897363206e-10,5.803946636917372e-10,5.803947376474898e-10,5.803948116036384e-10,5.803948855603277e-10,5.803949595173704e-10,5.803950334747916e-10,5.803951074324229e-10,5.803951813904356e-10,5.803952553489737e-10,5.803953293077469e-10,5.803954032670523e-10,5.803954772265976e-10,5.803955511866306e-10,5.803956251471468e-10,5.803956991078699e-10,5.80395773069144e-10,5.803958470306709e-10,5.803959209925814e-10,5.803959949549769e-10,5.803960689178598e-10,5.803961428811428e-10,5.803962168448557e-10,5.80396290808972e-10,5.803963647734846e-10,5.803964387384753e-10,5.803965127036747e-10,5.803965866695166e-10,5.803966606357272e-10,5.803967346022138e-10,5.803968085691491e-10,5.803968825366533e-10,5.803969565044265e-10,5.803970304727799e-10,5.803971044416784e-10,5.803971784107561e-10,5.803972523804473e-10,5.803973263503917e-10,5.803974003210087e-10,5.803974742918557e-10,5.803975482631512e-10,5.803976222348874e-10,5.80397696207083e-10,5.803977701797169e-10,5.803978441529424e-10,5.803979181266485e-10,5.803979921006571e-10,5.803980660750935e-10,5.803981400501631e-10,5.803982140256986e-10,5.803982880015717e-10,5.803983619780082e-10,5.803984359547894e-10,5.803985099320435e-10,5.80398583909928e-10,5.803986578881344e-10,5.803987318669843e-10,5.803988058461273e-10,5.80398879825736e-10,5.803989538057703e-10,5.80399027786465e-10,5.803991017674819e-10,5.80399175748885e-10,5.803992497308821e-10,5.803993237135054e-10,5.803993976966166e-10,5.803994716802167e-10,5.803995456643073e-10,5.80399619648719e-10,5.803996936335979e-10,5.803997676191484e-10,5.803998416051676e-10,5.803999155917088e-10,5.803999895785856e-10,5.804000635661284e-10,5.80400137554014e-10,5.804002115425498e-10,5.80400285531631e-10,5.804003595211405e-10,5.804004335110874e-10,5.804005075014682e-10,5.804005814923732e-10,5.804006554839147e-10,5.804007294759593e-10,5.804008034683661e-10,5.804008774612818e-10,5.804009514546592e-10,5.804010254487506e-10,5.804010994431897e-10,5.804011734382749e-10,5.804012474337596e-10,5.804013214297397e-10,5.804013954261821e-10,5.804014694231584e-10,5.804015434207268e-10,5.804016174187787e-10,5.804016914173452e-10,5.80401765416426e-10,5.804018394160286e-10,5.804019134163218e-10,5.804019874171483e-10,5.804020614183252e-10,5.804021354200291e-10,5.804022094222101e-10,5.804022834250196e-10,5.804023574284843e-10,5.804024314324343e-10,5.804025054367725e-10,5.80402579441751e-10,5.804026534472807e-10,5.804027274533519e-10,5.804028014597089e-10,5.804028754666943e-10,5.80402949474339e-10,5.804030234823739e-10,5.804030974909401e-10,5.804031715002294e-10,5.804032455098841e-10,5.804033195200581e-10,5.804033935309186e-10,5.804034675423499e-10,5.804035415541601e-10,5.80403615566502e-10,5.804036895793615e-10,5.804037635927809e-10,5.804038376068782e-10,5.80403911621519e-10,5.804039856367547e-10,5.80404059652351e-10,5.804041336685872e-10,5.80404207685421e-10,5.804042817027935e-10,5.804043557205613e-10,5.804044297388825e-10,5.804045037577584e-10,5.804045777771633e-10,5.804046517972699e-10,5.804047258179536e-10,5.804047998392423e-10,5.804048738609753e-10,5.804049478830157e-10,5.804050219057205e-10,5.804050959289364e-10,5.804051699528937e-10,5.804052439772316e-10,5.804053180021456e-10,5.80405392027632e-10,5.804054660538031e-10,5.804055400803535e-10,5.80405614107625e-10,5.804056881352784e-10,5.804057621635434e-10,5.8040583619235e-10,5.804059102216924e-10,5.804059842517971e-10,5.804060582822601e-10,5.804061323132455e-10,5.804062063448338e-10,5.804062803769992e-10,5.804063544096865e-10,5.804064284430948e-10,5.804065024769329e-10,5.804065765113002e-10,5.804066505462518e-10,5.804067245819091e-10,5.804067986179731e-10,5.80406872654584e-10,5.804069466917768e-10,5.804070207294962e-10,5.804070947678746e-10,5.804071688067713e-10,5.804072428462236e-10,5.804073168862406e-10,5.804073909269575e-10,5.804074649681082e-10,5.804075390098178e-10,5.804076130520691e-10,5.804076870949146e-10,5.804077611383013e-10,5.804078351824433e-10,5.80407909226922e-10,5.804079832720067e-10,5.804080573176927e-10,5.8040813136412e-10,5.804082054109396e-10,5.804082794583261e-10,5.804083535062821e-10,5.80408427554819e-10,5.80408501603847e-10,5.804085756536678e-10,5.804086497038867e-10,5.804087237546408e-10,5.8040879780603e-10,5.804088718581501e-10,5.804089459107019e-10,5.804090199639447e-10,5.80409094017597e-10,5.804091680719964e-10,5.804092421268418e-10,5.804093161822243e-10,5.804093902382193e-10,5.804094642947142e-10,5.804095383519753e-10,5.804096124096228e-10,5.804096864678544e-10,5.80409760526681e-10,5.804098345860788e-10,5.804099086461167e-10,5.804099827066592e-10,5.804100567679209e-10,5.804101308296351e-10,5.804102048918702e-10,5.804102789548699e-10,5.804103530182755e-10,5.804104270824206e-10,5.804105011471917e-10,5.804105752123244e-10,5.804106492782157e-10,5.804107233446628e-10,5.804107974115615e-10,5.804108714790215e-10,5.804109455469972e-10,5.804110196156321e-10,5.804110936848099e-10,5.804111677547324e-10,5.804112418252522e-10,5.804113158961693e-10,5.804113899676666e-10,5.804114640399099e-10,5.804115381127709e-10,5.80411612186017e-10,5.804116862600212e-10,5.80411760334597e-10,5.804118344095823e-10,5.804119084853182e-10,5.804119825614762e-10,5.804120566383536e-10,5.804121307156747e-10,5.804122047937052e-10,5.804122788723192e-10,5.80412352951377e-10,5.804124270312041e-10,5.804125011114067e-10,5.804125751922024e-10,5.804126492737172e-10,5.804127233558518e-10,5.804127974383982e-10,5.804128715215159e-10,5.804129456052256e-10,5.804130196896923e-10,5.804130937747177e-10,5.804131678601501e-10,5.804132419462161e-10,5.804133160328348e-10,5.804133901202236e-10,5.804134642080006e-10,5.804135382963672e-10,5.80413612385317e-10,5.80413686474833e-10,5.804137605650968e-10,5.804138346557784e-10,5.804139087470344e-10,5.8041398283888e-10,5.80414056931324e-10,5.804141310245479e-10,5.804142051181743e-10,5.804142792123813e-10,5.804143533071658e-10,5.804144274025429e-10,5.804145014985003e-10,5.804145755951683e-10,5.80414649692416e-10,5.804147237902885e-10,5.80414797888558e-10,5.804148719874388e-10,5.804149460868922e-10,5.804150201869451e-10,5.804150942875308e-10,5.80415168388889e-10,5.804152424908697e-10,5.804153165933939e-10,5.804153906965315e-10,5.804154648002158e-10,5.804155389045397e-10,5.804156130092376e-10,5.804156871145486e-10,5.804157612205125e-10,5.804158353269834e-10,5.80415909434057e-10,5.804159835416861e-10,5.804160576500854e-10,5.804161317590416e-10,5.804162058685943e-10,5.804162799786161e-10,5.804163540891768e-10,5.804164282004102e-10,5.804165023123886e-10,5.804165764248748e-10,5.804166505377034e-10,5.804167246512151e-10,5.804167987653161e-10,5.804168728801473e-10,5.804169469955748e-10,5.804170211114368e-10,5.80417095227845e-10,5.804171693450281e-10,5.804172434626126e-10,5.804173175809505e-10,5.804173916997395e-10,5.804174658190936e-10,5.804175399391796e-10,5.804176140597277e-10,5.804176881804756e-10,5.804177623021905e-10,5.804178364246866e-10,5.804179105475541e-10,5.804179846710911e-10,5.804180587952019e-10,5.804181329198666e-10,5.804182070450866e-10,5.804182811710575e-10,5.804183552974558e-10,5.804184294244496e-10,5.80418503552008e-10,5.804185776801638e-10,5.804186518091027e-10,5.804187259385138e-10,5.804188000685752e-10,5.804188741992698e-10,5.804189483303271e-10,5.804190224620084e-10,5.804190965942679e-10,5.804191707270944e-10,5.804192448605501e-10,5.804193189947501e-10,5.804193931293895e-10,5.804194672645849e-10,5.804195414005623e-10,5.804196155369275e-10,5.804196896738963e-10,5.804197638114401e-10,5.804198379497546e-10,5.80419912088486e-10,5.804199862277544e-10,5.804200603678245e-10,5.804201345083136e-10,5.804202086494029e-10,5.804202827912192e-10,5.80420356933452e-10,5.804204310763078e-10,5.804205052196727e-10,5.804205793636983e-10,5.804206535082888e-10,5.804207276534982e-10,5.804208017992821e-10,5.80420875945827e-10,5.804209500927872e-10,5.804210242403093e-10,5.804210983884155e-10,5.804211725372793e-10,5.804212466867642e-10,5.804213208366558e-10,5.804213949873114e-10,5.804214691385498e-10,5.804215432902227e-10,5.804216174424455e-10,5.804216915954239e-10,5.80421765748986e-10,5.804218399029219e-10,5.804219140577616e-10,5.804219882129493e-10,5.804220623686938e-10,5.804221365251896e-10,5.804222106821272e-10,5.804222848396891e-10,5.804223589977959e-10,5.804224331565039e-10,5.80422507315793e-10,5.804225814756482e-10,5.804226556360965e-10,5.804227297971167e-10,5.804228039587053e-10,5.8042287812107e-10,5.804229522838705e-10,5.804230264474035e-10,5.804231006115157e-10,5.804231747760861e-10,5.804232489412412e-10,5.804233231069789e-10,5.804233972732734e-10,5.804234714403315e-10,5.804235456078297e-10,5.804236197761003e-10,5.804236939447785e-10,5.804237681140169e-10,5.804238422838566e-10,5.804239164542701e-10,5.804239906254695e-10,5.804240647970831e-10,5.804241389692559e-10,5.804242131421934e-10,5.804242873157266e-10,5.804243614896549e-10,5.804244356641863e-10,5.804245098394517e-10,5.8042458401535e-10,5.804246581916371e-10,5.804247323685248e-10,5.804248065461354e-10,5.804248807243296e-10,5.804249549031501e-10,5.804250290825515e-10,5.804251032625455e-10,5.804251774430907e-10,5.804252516240629e-10,5.804253258056295e-10,5.804253999877974e-10,5.804254741705896e-10,5.804255483539022e-10,5.804256225378146e-10,5.804256967222738e-10,5.80425770907503e-10,5.804258450933207e-10,5.804259192795919e-10,5.804259934664246e-10,5.804260676538274e-10,5.80426141841797e-10,5.804262160303743e-10,5.804262902193981e-10,5.804263644093273e-10,5.804264385996871e-10,5.804265127907839e-10,5.804265869824695e-10,5.804266611745893e-10,5.804267353674742e-10,5.804268095607656e-10,5.804268837546352e-10,5.804269579492219e-10,5.804270321444139e-10,5.804271063400327e-10,5.804271805362571e-10,5.804272547332031e-10,5.804273289305633e-10,5.804274031286978e-10,5.804274773273798e-10,5.804275515266858e-10,5.804276257265371e-10,5.80427699926856e-10,5.804277741276983e-10,5.804278483293582e-10,5.804279225314415e-10,5.804279967340557e-10,5.804280709374222e-10,5.804281451412454e-10,5.804282193457911e-10,5.804282935507711e-10,5.804283677563284e-10,5.804284419626466e-10,5.804285161694683e-10,5.804285903767297e-10,5.804286645846323e-10,5.804287387931026e-10,5.804288130023222e-10,5.804288872119585e-10,5.804289614223532e-10,5.804290356331849e-10,5.804291098447291e-10,5.804291840567265e-10,5.804292582694648e-10,5.804293324826233e-10,5.804294066965134e-10,5.804294809108582e-10,5.80429555125918e-10,5.804296293414311e-10,5.804297035576682e-10,5.804297777743359e-10,5.80429851991553e-10,5.804299262093596e-10,5.804300004277812e-10,5.804300746467658e-10,5.804301488665075e-10,5.804302230866798e-10,5.804302973075878e-10,5.804303715289589e-10,5.804304457510339e-10,5.804305199735373e-10,5.804305941966263e-10,5.804306684202791e-10,5.804307426446223e-10,5.80430816869689e-10,5.804308910950383e-10,5.804309653210799e-10,5.804310395478028e-10,5.804311137751167e-10,5.804311880030514e-10,5.804312622313912e-10,5.804313364602921e-10,5.804314106897982e-10,5.804314849200236e-10,5.804315591506925e-10,5.804316333819184e-10,5.804317076138924e-10,5.804317818462884e-10,5.804318560794447e-10,5.804319303130259e-10,5.804320045471803e-10,5.804320787820915e-10,5.804321530174325e-10,5.804322272533193e-10,5.80432301489981e-10,5.804323757270588e-10,5.80432449964691e-10,5.804325242030748e-10,5.804325984418446e-10,5.804326726813936e-10,5.804327469215177e-10,5.804328211622295e-10,5.804328954033781e-10,5.804329696451112e-10,5.804330438875179e-10,5.804331181303991e-10,5.804331923738318e-10,5.804332666180727e-10,5.804333408627017e-10,5.804334151080765e-10,5.804334893538331e-10,5.804335636001794e-10,5.804336378471377e-10,5.804337120948872e-10,5.804337863430092e-10,5.804338605918742e-10,5.804339348413662e-10,5.804340090913601e-10,5.804340833418504e-10,5.804341575928784e-10,5.80434231844474e-10,5.804343060966404e-10,5.804343803495419e-10,5.804344546030372e-10,5.804345288569479e-10,5.804346031116318e-10,5.804346773668901e-10,5.804347516225822e-10,5.804348258788405e-10,5.804349001356742e-10,5.804349743932439e-10,5.804350486510315e-10,5.80435122909614e-10,5.804351971687777e-10,5.804352714286541e-10,5.80435345688973e-10,5.804354199498765e-10,5.804354942113474e-10,5.804355684735706e-10,5.804356427362034e-10,5.804357169995723e-10,5.804357912635322e-10,5.804358655278984e-10,5.804359397930124e-10,5.804360140585613e-10,5.804360883248432e-10,5.804361625915319e-10,5.804362368589815e-10,5.804363111269868e-10,5.804363853955725e-10,5.804364596645508e-10,5.804365339341478e-10,5.804366082043022e-10,5.804366824751911e-10,5.804367567464739e-10,5.804368310183805e-10,5.804369052910654e-10,5.804369795641465e-10,5.804370538374671e-10,5.804371281118512e-10,5.804372023868129e-10,5.804372766623369e-10,5.80437350938248e-10,5.804374252147661e-10,5.804374994920898e-10,5.804375737697571e-10,5.804376480480202e-10,5.804377223268879e-10,5.804377966063108e-10,5.80437870886342e-10,5.804379451669407e-10,5.80438019448259e-10,5.804380937299936e-10,5.804381680124361e-10,5.804382422955094e-10,5.80438316578958e-10,5.804383908630062e-10,5.80438465147651e-10,5.804385394328923e-10,5.804386137186621e-10,5.80438688005041e-10,5.804387622919888e-10,5.804388365794719e-10,5.804389108677563e-10,5.80438985156583e-10,5.804390594459979e-10,5.804391337358305e-10,5.80439208026378e-10,5.804392823175179e-10,5.804393566092214e-10,5.804394309015053e-10,5.804395051943701e-10,5.804395794876851e-10,5.804396537815439e-10,5.804397280759994e-10,5.804398023711775e-10,5.804398766666669e-10,5.804399509629067e-10,5.804400252598003e-10,5.804400995571405e-10,5.804401738551964e-10,5.804402481538259e-10,5.804403224528582e-10,5.804403967524875e-10,5.804404710526888e-10,5.804405453534609e-10,5.804406196548411e-10,5.80440693956919e-10,5.804407682594466e-10,5.804408425626435e-10,5.804409168663378e-10,5.804409911705914e-10,5.804410654755614e-10,5.804411397809744e-10,5.804412140869449e-10,5.804412883935087e-10,5.804413627005563e-10,5.804414370082606e-10,5.804415113166934e-10,5.804415856255492e-10,5.804416599351366e-10,5.80441734245289e-10,5.804418085560186e-10,5.804418828673478e-10,5.804419571790711e-10,5.804420314915569e-10,5.804421058044411e-10,5.804421801180517e-10,5.804422544320653e-10,5.80442328746848e-10,5.804424030621659e-10,5.804424773779281e-10,5.8044255169427e-10,5.804426260111444e-10,5.804427003285401e-10,5.804427746465864e-10,5.8044284896522e-10,5.804429232845575e-10,5.804429976044845e-10,5.804430719249953e-10,5.80443146246092e-10,5.80443220567596e-10,5.80443294889772e-10,5.80443369212571e-10,5.80443443535778e-10,5.804435178595885e-10,5.804435921840974e-10,5.80443666509231e-10,5.804437408348929e-10,5.804438151610034e-10,5.804438894879269e-10,5.804439638153399e-10,5.804440381430776e-10,5.804441124714719e-10,5.804441868004384e-10,5.804442611300087e-10,5.804443354601004e-10,5.804444097907728e-10,5.804444841220392e-10,5.804445584540119e-10,5.804446327865626e-10,5.804447071196937e-10,5.804447814532524e-10,5.804448557873854e-10,5.804449301222374e-10,5.80445004457496e-10,5.804450787935085e-10,5.804451531300726e-10,5.8044522746707e-10,5.804453018047689e-10,5.804453761428659e-10,5.804454504817617e-10,5.804455248210996e-10,5.804455991609336e-10,5.804456735015044e-10,5.804457478424921e-10,5.804458221840427e-10,5.804458965261953e-10,5.804459708690609e-10,5.804460452125073e-10,5.804461195563483e-10,5.804461939009657e-10,5.804462682459686e-10,5.804463425917129e-10,5.804464169380192e-10,5.804464912847153e-10,5.804465656321662e-10,5.804466399800455e-10,5.804467143286227e-10,5.804467886777716e-10,5.804468630273985e-10,5.804469373777073e-10,5.80447011728585e-10,5.804470860800291e-10,5.804471604318808e-10,5.80447234784498e-10,5.80447309137729e-10,5.804473834914474e-10,5.804474578456002e-10,5.804475322004845e-10,5.804476065559224e-10,5.804476809118259e-10,5.804477552683966e-10,5.804478296254102e-10,5.804479039829741e-10,5.804479783411133e-10,5.804480526998558e-10,5.804481270592671e-10,5.804482014191353e-10,5.804482757797079e-10,5.804483501409155e-10,5.80448424502462e-10,5.804484988648666e-10,5.804485732275655e-10,5.804486475908285e-10,5.804487219546791e-10,5.804487963190627e-10,5.804488706841938e-10,5.804489450497679e-10,5.804490194158957e-10,5.804490937826005e-10,5.804491681498854e-10,5.804492425178593e-10,5.804493168864384e-10,5.804493912554341e-10,5.804494656251415e-10,5.804495399951973e-10,5.804496143660615e-10,5.804496887373413e-10,5.804497631091955e-10,5.804498374816365e-10,5.804499118546324e-10,5.804499862283273e-10,5.804500606023901e-10,5.804501349772136e-10,5.804502093524533e-10,5.804502837282697e-10,5.80450358104659e-10,5.80450432481831e-10,5.804505068594928e-10,5.804505812375276e-10,5.804506556161843e-10,5.804507299955517e-10,5.804508043755144e-10,5.804508787560075e-10,5.804509531369372e-10,5.804510275184332e-10,5.804511019006765e-10,5.804511762833292e-10,5.804512506665091e-10,5.804513250502579e-10,5.804513994345645e-10,5.80451473819525e-10,5.804515482049995e-10,5.804516225910474e-10,5.804516969778487e-10,5.80451771364967e-10,5.804518457528948e-10,5.80451920141183e-10,5.804519945300739e-10,5.804520689195072e-10,5.804521433096763e-10,5.804522177002435e-10,5.804522920915429e-10,5.804523664832663e-10,5.804524408755634e-10,5.804525152684316e-10,5.804525896618393e-10,5.804526640558077e-10,5.804527384505238e-10,5.804528128456302e-10,5.804528872413369e-10,5.804529616377502e-10,5.804530360345752e-10,5.80453110431977e-10,5.804531848300981e-10,5.804532592287756e-10,5.80453333628079e-10,5.804534080278465e-10,5.804534824280649e-10,5.804535568288387e-10,5.804536312303443e-10,5.804537056322712e-10,5.804537800348326e-10,5.804538544378501e-10,5.804539288416212e-10,5.804540032458144e-10,5.804540776505752e-10,5.804541520559074e-10,5.804542264618039e-10,5.804543008682628e-10,5.804543752752922e-10,5.804544496830087e-10,5.804545240911818e-10,5.804545985000608e-10,5.804546729095361e-10,5.804547473195165e-10,5.804548217298909e-10,5.804548961408594e-10,5.80454970552383e-10,5.804550449644761e-10,5.804551193772982e-10,5.80455193790531e-10,5.804552682043162e-10,5.804553426188522e-10,5.804554170337731e-10,5.804554914492491e-10,5.804555658653086e-10,5.804556402819739e-10,5.804557146993065e-10,5.804557891171052e-10,5.804558635354202e-10,5.804559379543622e-10,5.804560123738128e-10,5.804560867938243e-10,5.804561612143876e-10,5.804562356355425e-10,5.804563100573806e-10,5.804563844796348e-10,5.804564589025355e-10,5.804565333259561e-10,5.804566077500698e-10,5.804566821747414e-10,5.804567565999773e-10,5.804568310257938e-10,5.804569054519959e-10,5.804569798787749e-10,5.804570543062745e-10,5.804571287341943e-10,5.804572031628084e-10,5.804572775919896e-10,5.804573520215442e-10,5.804574264517243e-10,5.804575008824665e-10,5.804575753137525e-10,5.804576497456132e-10,5.804577241782269e-10,5.804577986111992e-10,5.804578730447785e-10,5.804579474790249e-10,5.804580219136716e-10,5.804580963488936e-10,5.804581707848602e-10,5.804582452209246e-10,5.804583196580009e-10,5.804583940956234e-10,5.804584685336522e-10,5.804585429722287e-10,5.804586174115954e-10,5.804586918515303e-10,5.804587662917552e-10,5.804588407328496e-10,5.804589151742835e-10,5.804589896161551e-10,5.804590640586845e-10,5.804591385018102e-10,5.804592129454906e-10,5.804592873897577e-10,5.804593618345802e-10,5.804594362800751e-10,5.804595107259501e-10,5.804595851725809e-10,5.804596596196282e-10,5.804597340672239e-10,5.80459808515383e-10,5.804598829643044e-10,5.804599574135767e-10,5.804600318635997e-10,5.804601063141708e-10,5.804601807651361e-10,5.804602552168302e-10,5.80460329668934e-10,5.804604041215709e-10,5.80460478574787e-10,5.804605530286823e-10,5.804606274830007e-10,5.804607019380399e-10,5.804607763935036e-10,5.804608508496684e-10,5.804609253064131e-10,5.804609997637506e-10,5.804610742216131e-10,5.804611486800291e-10,5.804612231390441e-10,5.804612975984112e-10,5.804613720585205e-10,5.804614465191631e-10,5.804615209804015e-10,5.804615954420408e-10,5.804616699043227e-10,5.804617443670773e-10,5.804618188305278e-10,5.804618932944048e-10,5.80461967758978e-10,5.804620422239659e-10,5.804621166896692e-10,5.804621911557589e-10,5.804622656225878e-10,5.80462340089961e-10,5.804624145577523e-10,5.804624890260546e-10,5.804625634951113e-10,5.804626379647172e-10,5.804627124348829e-10,5.804627869054535e-10,5.804628613766058e-10,5.80462935848498e-10,5.804630103209633e-10,5.804630847939274e-10,5.804631592672855e-10,5.804632337412279e-10,5.804633082156793e-10,5.804633826909494e-10,5.804634571665623e-10,5.804635316427451e-10,5.80463606119615e-10,5.804636805970892e-10,5.804637550750933e-10,5.804638295536374e-10,5.804639040326317e-10,5.804639785121578e-10,5.804640529922231e-10,5.804641274728518e-10,5.804642019540241e-10,5.80464276435769e-10,5.804643509180866e-10,5.804644254009349e-10,5.804644998843597e-10,5.804645743685352e-10,5.804646488532174e-10,5.804647233384992e-10,5.804647978241011e-10,5.804648723102824e-10,5.804649467972576e-10,5.80465021284566e-10,5.804650957724804e-10,5.804651702609341e-10,5.804652447499351e-10,5.804653192394819e-10,5.804653937296179e-10,5.804654682204487e-10,5.804655427118164e-10,5.804656172037918e-10,5.804656916961505e-10,5.804657661890468e-10,5.804658406824934e-10,5.804659151766676e-10,5.804659896712288e-10,5.804660641663381e-10,5.804661386621882e-10,5.804662131584128e-10,5.804662876551996e-10,5.804663621527005e-10,5.804664366506577e-10,5.804665111492934e-10,5.80466585648486e-10,5.804666601480504e-10,5.804667346481923e-10,5.804668091490564e-10,5.804668836503131e-10,5.804669581521343e-10,5.804670326546354e-10,5.804671071572897e-10,5.804671816607786e-10,5.804672561649015e-10,5.804673306694791e-10,5.804674051748071e-10,5.804674796805172e-10,5.804675541867826e-10,5.80467628693603e-10,5.804677032011109e-10,5.8046777770906e-10,5.804678522175453e-10,5.804679267266928e-10,5.804680012362368e-10,5.804680757465204e-10,5.804681502572265e-10,5.804682247686192e-10,5.804682992804341e-10,5.804683737929498e-10,5.804684483060101e-10,5.804685228194123e-10,5.804685973334278e-10,5.804686718479969e-10,5.804687463632907e-10,5.804688208789895e-10,5.804688953952489e-10,5.80468969912065e-10,5.804690444296323e-10,5.80469118947707e-10,5.804691934661716e-10,5.804692679853426e-10,5.80469342505067e-10,5.804694170251772e-10,5.804694915458349e-10,5.804695660672363e-10,5.804696405891782e-10,5.804697151116584e-10,5.804697896347431e-10,5.804698641581984e-10,5.804699386821844e-10,5.80470013206934e-10,5.80470087732011e-10,5.804701622576605e-10,5.804702367838618e-10,5.804703113107803e-10,5.804703858382399e-10,5.804704603661479e-10,5.804705348945611e-10,5.804706094235568e-10,5.804706839530996e-10,5.80470758483189e-10,5.804708330140213e-10,5.804709075452261e-10,5.804709820770067e-10,5.804710566095091e-10,5.804711311424517e-10,5.804712056758627e-10,5.804712802098268e-10,5.804713547444721e-10,5.804714292795442e-10,5.804715038153065e-10,5.80471578351466e-10,5.804716528881907e-10,5.804717274256035e-10,5.804718019634213e-10,5.804718765017823e-10,5.804719510407257e-10,5.80472025580213e-10,5.804721001203825e-10,5.80472174660973e-10,5.804722492020801e-10,5.804723237439049e-10,5.804723982862934e-10,5.804724728290865e-10,5.804725473724238e-10,5.804726219164912e-10,5.804726964609501e-10,5.804727710059359e-10,5.804728455514854e-10,5.804729200975721e-10,5.804729946442053e-10,5.804730691915692e-10,5.804731437394681e-10,5.804732182877161e-10,5.804732928367179e-10,5.804733673861657e-10,5.804734419361334e-10,5.804735164866686e-10,5.804735910377302e-10,5.804736655893536e-10,5.804737401416444e-10,5.804738146943548e-10,5.804738892476102e-10,5.804739638014285e-10,5.804740383557878e-10,5.804741129108656e-10,5.804741874663314e-10,5.80474262022456e-10,5.804743365791668e-10,5.804744111362934e-10,5.804744856941226e-10,5.804745602523644e-10,5.804746348111426e-10,5.804747093706106e-10,5.804747839304816e-10,5.804748584910666e-10,5.804749330520199e-10,5.804750076135228e-10,5.804750821755223e-10,5.804751567381447e-10,5.804752313015406e-10,5.804753058651945e-10,5.804753804294314e-10,5.8047545499439e-10,5.804755295599163e-10,5.804756041259754e-10,5.804756786926461e-10,5.804757532596934e-10,5.804758278273911e-10,5.804759023956777e-10,5.804759769644764e-10,5.80476051533676e-10,5.804761261034545e-10,5.804762006737801e-10,5.804762752447973e-10,5.804763498161864e-10,5.804764243881308e-10,5.804764989607667e-10,5.804765735337805e-10,5.804766481075505e-10,5.804767226818712e-10,5.804767972565737e-10,5.804768718318332e-10,5.804769464077988e-10,5.804770209841552e-10,5.804770955612007e-10,5.804771701386187e-10,5.80477244716797e-10,5.804773192952778e-10,5.804773938743675e-10,5.804774684541684e-10,5.804775430344948e-10,5.804776176152327e-10,5.804776921965289e-10,5.804777667783334e-10,5.804778413608685e-10,5.804779159439731e-10,5.804779905276093e-10,5.80478065111608e-10,5.80478139696171e-10,5.80478214281301e-10,5.804782888670983e-10,5.804783634532972e-10,5.804784380400559e-10,5.80478512627385e-10,5.804785872152021e-10,5.804786618038132e-10,5.804787363929288e-10,5.804788109825768e-10,5.804788855726151e-10,5.804789601632005e-10,5.80479034754403e-10,5.804791093461723e-10,5.804791839379036e-10,5.804792585306702e-10,5.804793331239933e-10,5.804794077180407e-10,5.80479482312454e-10,5.804795569073915e-10,5.804796315030901e-10,5.804797060992831e-10,5.804797806959417e-10,5.804798552930911e-10,5.804799298907575e-10,5.804800044889932e-10,5.804800790877115e-10,5.804801536869921e-10,5.804802282870099e-10,5.804803028874653e-10,5.804803774885682e-10,5.804804520900191e-10,5.804805266922267e-10,5.804806012949843e-10,5.804806758983461e-10,5.804807505021822e-10,5.80480825106356e-10,5.804808997111298e-10,5.804809743165917e-10,5.804810489224615e-10,5.804811235287254e-10,5.804811981358334e-10,5.804812727433803e-10,5.804813473516745e-10,5.80481421960435e-10,5.804814965695744e-10,5.804815711792488e-10,5.804816457894878e-10,5.80481720400451e-10,5.804817950117984e-10,5.804818696236409e-10,5.804819442361265e-10,5.804820188490917e-10,5.804820934626259e-10,5.804821680766752e-10,5.804822426912701e-10,5.804823173065438e-10,5.804823919221689e-10,5.804824665383793e-10,5.804825411552776e-10,5.804826157725956e-10,5.804826903906948e-10,5.804827650090898e-10,5.804828396280308e-10,5.804829142475199e-10,5.804829888675608e-10,5.80483063488304e-10,5.804831381094177e-10,5.804832127310811e-10,5.804832873533362e-10,5.804833619760702e-10,5.804834365993769e-10,5.804835112232306e-10,5.80483585847609e-10,5.804836604725053e-10,5.804837350979291e-10,5.804838097240808e-10,5.804838843506539e-10,5.804839589779002e-10,5.804840336055265e-10,5.804841082336821e-10,5.804841828624058e-10,5.804842574917064e-10,5.80484332121662e-10,5.804844067520064e-10,5.804844813828537e-10,5.804845560142552e-10,5.804846306462531e-10,5.804847052787639e-10,5.80484779911828e-10,5.804848545455077e-10,5.804849291796644e-10,5.804850038143342e-10,5.80485078449722e-10,5.804851530854784e-10,5.804852277217983e-10,5.804853023585895e-10,5.804853769959703e-10,5.804854516340661e-10,5.804855262726305e-10,5.804856009116366e-10,5.804856755513417e-10,5.804857501914094e-10,5.804858248320392e-10,5.804858994733624e-10,5.804859741150956e-10,5.804860487573604e-10,5.804861234001788e-10,5.804861980435425e-10,5.804862726871896e-10,5.80486347331753e-10,5.804864219768675e-10,5.804864966223617e-10,5.804865712684235e-10,5.8048664591502e-10,5.804867205621537e-10,5.804867952097955e-10,5.80486869857977e-10,5.804869445067095e-10,5.804870191561466e-10,5.804870938060014e-10,5.804871684563819e-10,5.804872431072903e-10,5.804873177587391e-10,5.804873924107435e-10,5.804874670634355e-10,5.804875417165159e-10,5.804876163702856e-10,5.804876910244573e-10,5.804877656791446e-10,5.804878403343854e-10,5.804879149901586e-10,5.804879896466354e-10,5.804880643035208e-10,5.804881389610403e-10,5.804882136189483e-10,5.804882882775753e-10,5.804883629366096e-10,5.80488437596199e-10,5.804885122563017e-10,5.804885869169696e-10,5.804886615783156e-10,5.804887362401784e-10,5.8048881090237e-10,5.804888855653271e-10,5.80488960228673e-10,5.804890348926859e-10,5.804891095571275e-10,5.804891842220746e-10,5.804892588875835e-10,5.804893335536033e-10,5.804894082203064e-10,5.80489482887573e-10,5.804895575552163e-10,5.80489632223439e-10,5.804897068921721e-10,5.804897815614369e-10,5.804898562312834e-10,5.804899309016212e-10,5.804900055724623e-10,5.804900802439342e-10,5.804901549158522e-10,5.804902295883484e-10,5.804903042613432e-10,5.804903789349185e-10,5.80490453609175e-10,5.804905282838325e-10,5.804906029590251e-10,5.804906776349199e-10,5.804907523113309e-10,5.804908269881345e-10,5.804909016655066e-10,5.804909763435465e-10,5.804910510220933e-10,5.804911257011364e-10,5.804912003806253e-10,5.804912750606374e-10,5.804913497413154e-10,5.804914244223985e-10,5.804914991040086e-10,5.804915737861453e-10,5.804916484690093e-10,5.804917231522037e-10,5.804917978359983e-10,5.804918725203665e-10,5.804919472053751e-10,5.804920218907567e-10,5.804920965768295e-10,5.804921712634365e-10,5.804922459504347e-10,5.804923206381013e-10,5.804923953262747e-10,5.804924700149686e-10,5.804925447041317e-10,5.804926193938145e-10,5.804926940841952e-10,5.804927687749329e-10,5.804928434663782e-10,5.804929181583572e-10,5.804929928507285e-10,5.804930675436215e-10,5.804931422370911e-10,5.804932169312177e-10,5.804932916257128e-10,5.804933663208631e-10,5.804934410164552e-10,5.804935157125966e-10,5.804935904092037e-10,5.804936651064201e-10,5.80493739804109e-10,5.804938145025217e-10,5.804938892014565e-10,5.804939639007754e-10,5.804940386006335e-10,5.804941133009466e-10,5.804941880018651e-10,5.804942627034669e-10,5.804943374056422e-10,5.804944121083437e-10,5.804944868114207e-10,5.804945615149918e-10,5.804946362191287e-10,5.804947109237916e-10,5.804947856291433e-10,5.804948603348489e-10,5.804949350410339e-10,5.804950097478663e-10,5.804950844552104e-10,5.804951591631031e-10,5.804952338714745e-10,5.80495308580444e-10,5.804953832899719e-10,5.804954580000053e-10,5.804955327105721e-10,5.804956074216407e-10,5.80495682133256e-10,5.804957568454019e-10,5.804958315582445e-10,5.804959062716165e-10,5.804959809853916e-10,5.804960556996836e-10,5.804961304146719e-10,5.804962051302039e-10,5.804962798460947e-10,5.804963545626879e-10,5.804964292796876e-10,5.804965039971702e-10,5.804965787152488e-10,5.804966534339527e-10,5.804967281530539e-10,5.804968028728322e-10,5.804968775929752e-10,5.804969523137439e-10,5.804970270350064e-10,5.804971017568725e-10,5.804971764790901e-10,5.804972512019249e-10,5.804973259253e-10,5.804974006493328e-10,5.804974753739005e-10,5.804975500988661e-10,5.804976248245037e-10,5.804976995506864e-10,5.804977742772415e-10,5.804978490045217e-10,5.804979237321186e-10,5.804979984602964e-10,5.804980731889397e-10,5.804981479181443e-10,5.804982226479128e-10,5.804982973780997e-10,5.804983721090847e-10,5.804984468404114e-10,5.804985215722663e-10,5.804985963047145e-10,5.804986710375923e-10,5.80498745771207e-10,5.804988205052399e-10,5.804988952399386e-10,5.804989699751727e-10,5.804990447109217e-10,5.804991194472594e-10,5.804991941840767e-10,5.804992689212764e-10,5.804993436591601e-10,5.804994183974056e-10,5.804994931363693e-10,5.804995678757462e-10,5.80499642615604e-10,5.804997173559829e-10,5.804997920968714e-10,5.804998668383476e-10,5.804999415804723e-10,5.805000163229987e-10,5.805000910660709e-10,5.805001658098125e-10,5.805002405539008e-10,5.805003152985048e-10,5.805003900436344e-10,5.805004647893416e-10,5.805005395357095e-10,5.805006142824741e-10,5.805006890297404e-10,5.805007637775347e-10,5.805008385260301e-10,5.805009132749058e-10,5.805009880242747e-10,5.805010627742148e-10,5.805011375246395e-10,5.805012122756128e-10,5.805012870272872e-10,5.805013617793218e-10,5.805014365319323e-10,5.805015112850695e-10,5.805015860388584e-10,5.805016607930525e-10,5.805017355478946e-10,5.805018103031284e-10,5.805018850588642e-10,5.805019598151607e-10,5.805020345719369e-10,5.805021093292777e-10,5.805021840871617e-10,5.805022588455769e-10,5.805023336044758e-10,5.805024083641043e-10,5.805024831240771e-10,5.805025578845751e-10,5.805026326456253e-10,5.805027074071583e-10,5.805027821692226e-10,5.805028569318933e-10,5.805029316950311e-10,5.80503006458798e-10,5.805030812230246e-10,5.805031559877761e-10,5.80503230753028e-10,5.805033055188367e-10,5.805033802851051e-10,5.80503455051997e-10,5.805035298195654e-10,5.805036045875064e-10,5.805036793559614e-10,5.80503754124929e-10,5.80503828894583e-10,5.805039036645914e-10,5.805039784351773e-10,5.805040532062497e-10,5.805041279778511e-10,5.805042027500038e-10,5.805042775226583e-10,5.805043522960516e-10,5.805044270698922e-10,5.805045018442812e-10,5.805045766190202e-10,5.805046513944789e-10,5.805047261703132e-10,5.805048009466416e-10,5.805048757235694e-10,5.805049505011025e-10,5.805050252790276e-10,5.805051000575081e-10,5.805051748364966e-10,5.805052496160146e-10,5.805053243962071e-10,5.805053991767805e-10,5.805054739578947e-10,5.80505548739527e-10,5.805056235217042e-10,5.805056983045252e-10,5.805057730878658e-10,5.805058478717351e-10,5.805059226560013e-10,5.805059974407819e-10,5.805060722260935e-10,5.805061470118938e-10,5.805062217982474e-10,5.8050629658528e-10,5.805063713726651e-10,5.805064461605628e-10,5.805065209491415e-10,5.805065957383136e-10,5.805066705278197e-10,5.805067453178531e-10,5.805068201084066e-10,5.805068948994732e-10,5.80506969691028e-10,5.805070444833355e-10,5.805071192760876e-10,5.805071940693598e-10,5.805072688632069e-10,5.805073436574187e-10,5.805074184521912e-10,5.80507493247707e-10,5.805075680435135e-10,5.805076428398483e-10,5.805077176367525e-10,5.805077924341473e-10,5.805078672322136e-10,5.805079420306396e-10,5.805080168295903e-10,5.805080916290648e-10,5.805081664290098e-10,5.805082412295294e-10,5.805083160306342e-10,5.805083908322344e-10,5.805084656345268e-10,5.805085404373103e-10,5.805086152404551e-10,5.805086900441283e-10,5.80508764848323e-10,5.805088396530748e-10,5.805089144583755e-10,5.805089892641878e-10,5.805090640704752e-10,5.805091388772977e-10,5.805092136846427e-10,5.805092884925068e-10,5.805093633010587e-10,5.805094381101692e-10,5.805095129197604e-10,5.805095877299444e-10,5.805096625404387e-10,5.805097373514611e-10,5.805098121629905e-10,5.805098869750124e-10,5.805099617876177e-10,5.805100366008884e-10,5.805101114145266e-10,5.805101862288232e-10,5.805102610436626e-10,5.805103358590232e-10,5.805104106748963e-10,5.805104854911181e-10,5.805105603080428e-10,5.805106351253407e-10,5.805107099431675e-10,5.805107847616519e-10,5.805108595805146e-10,5.805109344000416e-10,5.805110092201169e-10,5.805110840407235e-10,5.805111588616776e-10,5.805112336831495e-10,5.80511308505089e-10,5.805113833276374e-10,5.805114581508187e-10,5.805115329745276e-10,5.805116077986129e-10,5.805116826232223e-10,5.805117574485164e-10,5.805118322741969e-10,5.805119071005223e-10,5.805119819273709e-10,5.805120567547657e-10,5.805121315824876e-10,5.80512206410845e-10,5.805122812396132e-10,5.805123560688475e-10,5.805124308986948e-10,5.80512505729186e-10,5.805125805600347e-10,5.805126553914446e-10,5.805127302235106e-10,5.805128050561055e-10,5.805128798892186e-10,5.80512954722702e-10,5.80513029556787e-10,5.80513104391314e-10,5.805131792263267e-10,5.805132540619859e-10,5.805133288980416e-10,5.8051340373465e-10,5.805134785719051e-10,5.805135534097827e-10,5.805136282479487e-10,5.80513703086618e-10,5.805137779258203e-10,5.80513852765528e-10,5.805139276058157e-10,5.805140024467299e-10,5.805140772880186e-10,5.805141521299837e-10,5.805142269723435e-10,5.805143018151843e-10,5.80514376658528e-10,5.805144515023579e-10,5.805145263467684e-10,5.805146011916969e-10,5.805146760371203e-10,5.80514750883252e-10,5.805148257297718e-10,5.805149005767842e-10,5.80514975424443e-10,5.805150502724944e-10,5.805151251211555e-10,5.805151999703736e-10,5.805152748201328e-10,5.805153496701786e-10,5.805154245207953e-10,5.805154993719092e-10,5.805155742237213e-10,5.805156490759455e-10,5.805157239288054e-10,5.805157987820419e-10,5.805158736357971e-10,5.805159484902288e-10,5.805160233451755e-10,5.805160982004402e-10,5.805161730563094e-10,5.805162479126384e-10,5.805163227696947e-10,5.80516397627055e-10,5.80516472484928e-10,5.80516547343284e-10,5.805166222023927e-10,5.805166970618123e-10,5.805167719217914e-10,5.805168467823136e-10,5.805169216434744e-10,5.805169965051378e-10,5.805170713672008e-10,5.805171462297439e-10,5.805172210929731e-10,5.805172959565483e-10,5.80517370820808e-10,5.805174456854303e-10,5.805175205505834e-10,5.805175954162103e-10,5.805176702825443e-10,5.805177451493253e-10,5.805178200166895e-10,5.805178948844615e-10,5.805179697527019e-10,5.80518044621628e-10,5.805181194910371e-10,5.805181943607978e-10,5.805182692312592e-10,5.805183441022499e-10,5.805184189735896e-10,5.805184938456227e-10,5.805185687179979e-10,5.805186435908653e-10,5.805187184644449e-10,5.805187933385458e-10,5.805188682129738e-10,5.805189430879399e-10,5.805190179634283e-10,5.805190928394399e-10,5.805191677159818e-10,5.805192425929741e-10,5.805193174706792e-10,5.805193923489469e-10,5.805194672275504e-10,5.805195421067958e-10,5.805196169863773e-10,5.805196918665156e-10,5.805197667471816e-10,5.805198416283104e-10,5.805199165099919e-10,5.805199913922008e-10,5.805200662749535e-10,5.805201411582201e-10,5.805202160419747e-10,5.805202909264022e-10,5.805203658111917e-10,5.805204406966233e-10,5.805205155824341e-10,5.805205904689885e-10,5.805206653558261e-10,5.805207402431744e-10,5.805208151310485e-10,5.805208900194363e-10,5.805209649083265e-10,5.805210397978857e-10,5.805211146878123e-10,5.805211895782567e-10,5.805212644691782e-10,5.805213393606534e-10,5.8052141425279e-10,5.805214891453468e-10,5.80521564038496e-10,5.805216389321425e-10,5.805217138262178e-10,5.805217887207561e-10,5.80521863615794e-10,5.805219385115347e-10,5.805220134077314e-10,5.805220883045039e-10,5.805221632017825e-10,5.805222380994272e-10,5.805223129975922e-10,5.805223878962452e-10,5.805224627955778e-10,5.805225376954278e-10,5.805226125958366e-10,5.805226874965702e-10,5.805227623979634e-10,5.80522837299753e-10,5.805229122020016e-10,5.805229871047665e-10,5.805230620080515e-10,5.805231369118947e-10,5.805232118162385e-10,5.805232867212254e-10,5.8052336162676e-10,5.805234365325277e-10,5.805235114389155e-10,5.805235863459553e-10,5.805236612533878e-10,5.805237361614565e-10,5.80523811069866e-10,5.805238859788186e-10,5.805239608884152e-10,5.805240357983591e-10,5.805241107088281e-10,5.805241856199603e-10,5.805242605314658e-10,5.805243354434661e-10,5.805244103559809e-10,5.805244852690298e-10,5.80524560182566e-10,5.805246350967247e-10,5.805247100113291e-10,5.805247849264466e-10,5.805248598420412e-10,5.805249347581354e-10,5.805250096747622e-10,5.805250845918705e-10,5.80525159509668e-10,5.80525234427807e-10,5.805253093464659e-10,5.805253842658e-10,5.805254591855075e-10,5.805255341057005e-10,5.805256090264282e-10,5.80525683947854e-10,5.805257588695917e-10,5.80525833791832e-10,5.805259087146015e-10,5.805259836378766e-10,5.805260585616583e-10,5.805261334859113e-10,5.805262084108958e-10,5.80526283336251e-10,5.805263582620941e-10,5.805264331884499e-10,5.805265081152539e-10,5.805265830426035e-10,5.805266579705145e-10,5.80526732899041e-10,5.805268078281101e-10,5.805268827575242e-10,5.80526957687446e-10,5.805270326179115e-10,5.805271075487775e-10,5.805271824802329e-10,5.805272574122775e-10,5.805273323447961e-10,5.805274072779291e-10,5.805274822114438e-10,5.805275571454474e-10,5.805276320801213e-10,5.805277070151486e-10,5.805277819508413e-10,5.805278568870415e-10,5.805279318237267e-10,5.805280067607946e-10,5.805280816983501e-10,5.80528156636452e-10,5.80528231575028e-10,5.805283065140643e-10,5.805283814536636e-10,5.805284563936651e-10,5.805285313342593e-10,5.805286062753848e-10,5.805286812171885e-10,5.805287561593141e-10,5.805288311019956e-10,5.805289060451498e-10,5.805289809890032e-10,5.805290559332287e-10,5.805291308779059e-10,5.805292058231051e-10,5.805292807688021e-10,5.805293557149915e-10,5.80529430661884e-10,5.80529505609306e-10,5.80529580557e-10,5.805296555054074e-10,5.805297304541912e-10,5.805298054034206e-10,5.805298803533369e-10,5.805299553038004e-10,5.805300302546953e-10,5.805301052061365e-10,5.805301801579678e-10,5.805302551102206e-10,5.80530330063093e-10,5.805304050164427e-10,5.805304799703156e-10,5.805305549247836e-10,5.805306298796566e-10,5.805307048350448e-10,5.805307797909332e-10,5.805308547474954e-10,5.805309297044082e-10,5.805310046618296e-10,5.805310796198856e-10,5.805311545782886e-10,5.80531229537235e-10,5.805313044966924e-10,5.805313794567207e-10,5.805314544171695e-10,5.805315293782736e-10,5.805316043396496e-10,5.805316793016294e-10,5.805317542640903e-10,5.805318292272393e-10,5.80531904190733e-10,5.805319791548831e-10,5.805320541195456e-10,5.805321290847207e-10,5.805322040503243e-10,5.805322790165325e-10,5.805323539830953e-10,5.805324289502222e-10,5.805325039177765e-10,5.805325788857993e-10,5.805326538543436e-10,5.805327288233939e-10,5.805328037929241e-10,5.805328787630118e-10,5.80532953733628e-10,5.805330287048909e-10,5.805331036766653e-10,5.805331786489054e-10,5.805332536215121e-10,5.805333285945648e-10,5.805334035683288e-10,5.805334785424191e-10,5.805335535170604e-10,5.805336284922586e-10,5.805337034679203e-10,5.805337784442216e-10,5.805338534209147e-10,5.805339283980803e-10,5.805340033757685e-10,5.805340783539507e-10,5.805341533326086e-10,5.805342283118258e-10,5.805343032915038e-10,5.805343782717116e-10,5.80534453252389e-10,5.805345282335613e-10,5.805346032154374e-10,5.805346781977895e-10,5.805347531806437e-10,5.805348281638741e-10,5.805349031476547e-10,5.805349781318968e-10,5.805350531166414e-10,5.805351281020335e-10,5.80535203087789e-10,5.805352780742221e-10,5.805353530609425e-10,5.805354280481204e-10,5.805355030360804e-10,5.805355780243542e-10,5.80535653013267e-10,5.80535728002563e-10,5.805358029924506e-10,5.805358779829058e-10,5.805359529737055e-10,5.805360279651876e-10,5.805361029569862e-10,5.805361779492797e-10,5.805362529420912e-10,5.805363279353755e-10,5.805364029291398e-10,5.805364779234551e-10,5.805365529184246e-10,5.805366279137413e-10,5.805367029097143e-10,5.805367779060406e-10,5.805368529028747e-10,5.805369279002019e-10,5.805370028980334e-10,5.805370778965504e-10,5.805371528955302e-10,5.805372278949875e-10,5.805373028949778e-10,5.80537377895338e-10,5.805374528961959e-10,5.805375278975605e-10,5.805376028994011e-10,5.805376779017931e-10,5.805377529048089e-10,5.805378279081498e-10,5.80537902912027e-10,5.805379779164416e-10,5.805380529213222e-10,5.805381279266761e-10,5.805382029326905e-10,5.805382779391338e-10,5.805383529461755e-10,5.805384279535319e-10,5.805385029614034e-10,5.805385779698318e-10,5.805386529786871e-10,5.805387279882235e-10,5.805388029982861e-10,5.805388780086923e-10,5.805389530194401e-10,5.805390280308779e-10,5.805391030427568e-10,5.805391780550976e-10,5.805392530680073e-10,5.80539328081564e-10,5.805394030953898e-10,5.805394781098361e-10,5.805395531247366e-10,5.805396281401444e-10,5.805397031560624e-10,5.805397781724725e-10,5.80539853189541e-10,5.805399282068865e-10,5.805400032248502e-10,5.805400782433992e-10,5.805401532623198e-10,5.805402282817775e-10,5.805403033016908e-10,5.805403783223768e-10,5.805404533434313e-10,5.805405283647131e-10,5.805406033866335e-10,5.805406784090452e-10,5.805407534318944e-10,5.805408284552965e-10,5.805409034793581e-10,5.805409785038086e-10,5.80541053528742e-10,5.805411285543343e-10,5.805412035804028e-10,5.805412786068254e-10,5.805413536337569e-10,5.805414286611593e-10,5.805415036892318e-10,5.805415787176148e-10,5.805416537465516e-10,5.805417287759224e-10,5.805418038059234e-10,5.805418788362848e-10,5.805419538671719e-10,5.805420288986608e-10,5.80542103930588e-10,5.805421789631113e-10,5.80542253996002e-10,5.805423290293854e-10,5.805424040633015e-10,5.805424790978231e-10,5.805425541327173e-10,5.805426291682953e-10,5.805427042042483e-10,5.805427792406372e-10,5.805428542778142e-10,5.805429293152637e-10,5.805430043531503e-10,5.805430793917064e-10,5.805431544307572e-10,5.805432294702195e-10,5.805433045102878e-10,5.805433795506935e-10,5.805434545917506e-10,5.805435296331321e-10,5.805436046751055e-10,5.805436797175102e-10,5.805437547603852e-10,5.805438298037843e-10,5.805439048476665e-10,5.80543979892039e-10,5.805440549369348e-10,5.805441299824504e-10,5.805442050283567e-10,5.805442800747847e-10,5.805443551217092e-10,5.805444301690879e-10,5.805445052170631e-10,5.805445802654688e-10,5.805446553143358e-10,5.805447303637478e-10,5.805448054136189e-10,5.805448804639872e-10,5.805449555149972e-10,5.805450305662959e-10,5.805451056182986e-10,5.805451806706894e-10,5.805452557235293e-10,5.805453307769099e-10,5.805454058309125e-10,5.805454808852377e-10,5.80545555940245e-10,5.80545630995565e-10,5.805457060513242e-10,5.805457811076653e-10,5.805458561644741e-10,5.805459312219439e-10,5.805460062797599e-10,5.80546081338081e-10,5.805461563968824e-10,5.805462314563245e-10,5.805463065161309e-10,5.805463815765728e-10,5.805464566373599e-10,5.805465316986665e-10,5.805466067604553e-10,5.805466818227431e-10,5.805467568855149e-10,5.80546831948926e-10,5.805469070128573e-10,5.805469820771285e-10,5.80547057141889e-10,5.805471322071456e-10,5.805472072729278e-10,5.80547282339153e-10,5.80547357405917e-10,5.805474324731484e-10,5.805475075409059e-10,5.805475826092566e-10,5.805476576779975e-10,5.805477327472169e-10,5.805478078170333e-10,5.80547882887206e-10,5.805479579579112e-10,5.805480330290845e-10,5.805481081007829e-10,5.805481831731871e-10,5.805482582458581e-10,5.805483333190697e-10,5.805484083927247e-10,5.805484834669989e-10,5.805485585417098e-10,5.805486336168665e-10,5.805487086924957e-10,5.805487837686735e-10,5.805488588453164e-10,5.805489339225846e-10,5.805490090002035e-10,5.805490840785202e-10,5.805491591570505e-10,5.80549234236311e-10,5.805493093155934e-10,5.805493843957052e-10,5.805494594764768e-10,5.805495345575304e-10,5.805496096390825e-10,5.805496847211951e-10,5.805497598039142e-10,5.805498348869895e-10,5.805499099705528e-10,5.805499850546128e-10,5.805500601391432e-10,5.805501352241883e-10,5.805502103098844e-10,5.805502853958764e-10,5.80550360482243e-10,5.805504355692508e-10,5.805505106567714e-10,5.805505857447983e-10,5.805506608334646e-10,5.805507359223717e-10,5.805508110120045e-10,5.805508861020007e-10,5.805509611924882e-10,5.805510362834053e-10,5.80551111374857e-10,5.80551186466786e-10,5.805512615595219e-10,5.805513366524738e-10,5.805514117460689e-10,5.805514868399691e-10,5.805515619343907e-10,5.805516370292656e-10,5.805517121246437e-10,5.805517872205107e-10,5.805518623169872e-10,5.805519374140332e-10,5.805520125113964e-10,5.805520876094101e-10,5.805521627079205e-10,5.805522378067666e-10,5.805523129061995e-10,5.805523880060229e-10,5.805524631062625e-10,5.805525382070702e-10,5.805526133085208e-10,5.805526884103001e-10,5.805527635127233e-10,5.805528386156436e-10,5.805529137189147e-10,5.805529888227742e-10,5.805530639270009e-10,5.805531390319168e-10,5.805532141371448e-10,5.80553289242841e-10,5.805533643490329e-10,5.805534394557462e-10,5.805535145629783e-10,5.805535896706192e-10,5.805536647788108e-10,5.805537398874864e-10,5.805538149967178e-10,5.805538901064999e-10,5.805539652166236e-10,5.805540403272171e-10,5.805541154384844e-10,5.805541905501061e-10,5.805542656622073e-10,5.805543407749451e-10,5.805544158881676e-10,5.805544910017163e-10,5.805545661159492e-10,5.805546412304907e-10,5.805547163455194e-10,5.805547914610887e-10,5.805548665770668e-10,5.805549416935688e-10,5.805550168105552e-10,5.805550919281806e-10,5.805551670463066e-10,5.805552421647696e-10,5.805553172837364e-10,5.805553924033294e-10,5.805554675232856e-10,5.805555426436983e-10,5.80555617764697e-10,5.805556928860861e-10,5.805557680080047e-10,5.805558431303928e-10,5.805559182532303e-10,5.805559933767409e-10,5.805560685005795e-10,5.80556143625008e-10,5.805562187498765e-10,5.805562938751837e-10,5.805563690011501e-10,5.805564441276327e-10,5.805565192546872e-10,5.805565943820363e-10,5.805566695099581e-10,5.805567446382086e-10,5.805568197669616e-10,5.805568948961752e-10,5.80556970025885e-10,5.80557045156215e-10,5.805571202869743e-10,5.805571954183225e-10,5.80557270550002e-10,5.805573456821521e-10,5.805574208149486e-10,5.805574959482418e-10,5.805575710820158e-10,5.805576462161161e-10,5.805577213507065e-10,5.805577964857954e-10,5.805578716214492e-10,5.805579467574993e-10,5.805580218940454e-10,5.80558097031119e-10,5.805581721686517e-10,5.805582473068205e-10,5.805583224453115e-10,5.805583975842839e-10,5.805584727238942e-10,5.805585478638383e-10,5.805586230043456e-10,5.805586981452953e-10,5.805587732868618e-10,5.805588484289311e-10,5.805589235715006e-10,5.805589987144018e-10,5.805590738577787e-10,5.805591490016437e-10,5.805592241460066e-10,5.805592992909119e-10,5.805593744362457e-10,5.805594495821589e-10,5.805595247285035e-10,5.805595998752974e-10,5.805596750226354e-10,5.805597501703397e-10,5.805598253185992e-10,5.805599004673338e-10,5.805599756166916e-10,5.805600507664053e-10,5.805601259166152e-10,5.805602010672761e-10,5.805602762184467e-10,5.805603513700919e-10,5.805604265222433e-10,5.80560501674978e-10,5.805605768282669e-10,5.805606519818778e-10,5.805607271359609e-10,5.805608022905342e-10,5.805608774455969e-10,5.805609526011296e-10,5.805610277573238e-10,5.805611029139757e-10,5.805611780711597e-10,5.805612532286306e-10,5.805613283866079e-10,5.805614035450523e-10,5.805614787041596e-10,5.805615538636112e-10,5.805616290235293e-10,5.805617041840749e-10,5.805617793451206e-10,5.805618545064848e-10,5.805619296683509e-10,5.805620048306841e-10,5.805620799936707e-10,5.805621551569646e-10,5.805622303207555e-10,5.80562305485172e-10,5.805623806499471e-10,5.80562455815204e-10,5.805625309808911e-10,5.805626061471586e-10,5.805626813138583e-10,5.805627564811896e-10,5.805628316489042e-10,5.80562906817054e-10,5.805629819856698e-10,5.805630571547988e-10,5.80563132324553e-10,5.805632074946544e-10,5.80563282665254e-10,5.805633578363147e-10,5.805634330078303e-10,5.805635081798946e-10,5.80563583352502e-10,5.805636585255043e-10,5.805637336990256e-10,5.805638088729832e-10,5.805638840474128e-10,5.805639592224838e-10,5.805640343979555e-10,5.805641095738455e-10,5.805641847502268e-10,5.805642599270696e-10,5.805643351044601e-10,5.80564410282437e-10,5.805644854607562e-10,5.805645606397294e-10,5.805646358191263e-10,5.805647109990316e-10,5.805647861792854e-10,5.805648613601477e-10,5.805649365415535e-10,5.805650117232813e-10,5.805650869054278e-10,5.805651620881186e-10,5.805652372712673e-10,5.805653124549196e-10,5.805653876390356e-10,5.805654628236364e-10,5.805655380087066e-10,5.805656131943937e-10,5.805656883805739e-10,5.80565763567078e-10,5.805658387540882e-10,5.805659139415705e-10,5.805659891296175e-10,5.805660643182046e-10,5.805661395072243e-10,5.805662146966541e-10,5.805662898866888e-10,5.805663650772026e-10,5.805664402682366e-10,5.805665154595738e-10,5.805665906513684e-10,5.805666658436547e-10,5.805667410363658e-10,5.805668162296202e-10,5.805668914233767e-10,5.805669666175963e-10,5.805670418122674e-10,5.805671170075061e-10,5.805671922033331e-10,5.805672673994885e-10,5.805673425960869e-10,5.805674177933515e-10,5.805674929908111e-10,5.805675681888854e-10,5.805676433874448e-10,5.805677185865777e-10,5.805677937861177e-10,5.805678689860933e-10,5.805679441866063e-10,5.805680193875673e-10,5.80568094588983e-10,5.805681697909732e-10,5.805682449934776e-10,5.80568320196507e-10,5.805683953997967e-10,5.805684706036215e-10,5.805685458079459e-10,5.805686210127362e-10,5.805686962179676e-10,5.805687714237224e-10,5.805688466298992e-10,5.805689218366485e-10,5.805689970440387e-10,5.805690722518786e-10,5.805691474600477e-10,5.805692226687136e-10,5.805692978779652e-10,5.805693730875683e-10,5.805694482978507e-10,5.805695235084049e-10,5.805695987194485e-10,5.805696739309706e-10,5.805697491429835e-10,5.805698243554922e-10,5.805698995684328e-10,5.805699747818315e-10,5.805700499957463e-10,5.805701252101401e-10,5.805702004249934e-10,5.805702756403013e-10,5.805703508561423e-10,5.805704260724522e-10,5.80570501289258e-10,5.805705765066145e-10,5.805706517244193e-10,5.805707269427613e-10,5.805708021616156e-10,5.805708773807863e-10,5.805709526004437e-10,5.805710278207246e-10,5.805711030413988e-10,5.805711782625003e-10,5.805712534841086e-10,5.805713287061554e-10,5.805714039286863e-10,5.805714791516957e-10,5.805715543752834e-10,5.805716295993239e-10,5.805717048237992e-10,5.80571780048734e-10,5.805718552741625e-10,5.805719305000522e-10,5.805720057263999e-10,5.80572080953255e-10,5.805721561804933e-10,5.805722314082649e-10,5.805723066365306e-10,5.805723818652822e-10,5.805724570945339e-10,5.805725323243752e-10,5.805726075545574e-10,5.805726827852128e-10,5.805727580163871e-10,5.805728332480197e-10,5.805729084801128e-10,5.805729837129062e-10,5.805730589460932e-10,5.805731341797404e-10,5.805732094138759e-10,5.80573284648511e-10,5.805733598834407e-10,5.805734351189403e-10,5.805735103549853e-10,5.80573585591537e-10,5.805736608286031e-10,5.8057373606608e-10,5.805738113038692e-10,5.805738865421894e-10,5.805739617809804e-10,5.805740370202816e-10,5.805741122599804e-10,5.805741875001218e-10,5.805742627408162e-10,5.805743379819621e-10,5.805744132235809e-10,5.805744884656727e-10,5.805745637082212e-10,5.805746389512763e-10,5.805747141948997e-10,5.805747894388263e-10,5.805748646832294e-10,5.805749399282786e-10,5.80575015173674e-10,5.805750904197252e-10,5.805751656660642e-10,5.8057524091305e-10,5.805753161604622e-10,5.805753914082371e-10,5.805754666566128e-10,5.805755419053508e-10,5.805756171545788e-10,5.805756924042812e-10,5.805757676544606e-10,5.805758429051476e-10,5.805759181564054e-10,5.805759934080015e-10,5.805760686602183e-10,5.805761439127583e-10,5.805762191659124e-10,5.80576294419401e-10,5.805763696733706e-10,5.805764449277935e-10,5.805765201827185e-10,5.805765954382165e-10,5.805766706940147e-10,5.805767459503672e-10,5.805768212071921e-10,5.805768964645703e-10,5.805769717223444e-10,5.805770469806308e-10,5.805771222394884e-10,5.805771974986945e-10,5.805772727583539e-10,5.805773480184948e-10,5.805774232791216e-10,5.805774985402234e-10,5.805775738017928e-10,5.805776490637656e-10,5.805777243262723e-10,5.805777995893356e-10,5.805778748527983e-10,5.80577950116731e-10,5.805780253811222e-10,5.805781006461324e-10,5.805781759114926e-10,5.805782511773202e-10,5.805783264435936e-10,5.805784017103235e-10,5.805784769776164e-10,5.805785522453082e-10,5.805786275134594e-10,5.805787027821137e-10,5.805787780512246e-10,5.805788533208225e-10,5.805789285908865e-10,5.805790038615289e-10,5.805790791325654e-10,5.805791544040709e-10,5.805792296761789e-10,5.805793049486832e-10,5.805793802216069e-10,5.805794554949667e-10,5.805795307688332e-10,5.80579606043191e-10,5.805796813179772e-10,5.805797565932611e-10,5.805798318690057e-10,5.805799071452246e-10,5.80579982421949e-10,5.805800576991776e-10,5.805801329768024e-10,5.805802082549149e-10,5.805802835334628e-10,5.805803588125003e-10,5.805804340920291e-10,5.805805093720095e-10,5.805805846524606e-10,5.805806599333588e-10,5.805807352147648e-10,5.805808104966492e-10,5.80580885778987e-10,5.805809610618115e-10,5.805810363451397e-10,5.805811116290625e-10,5.805811869132907e-10,5.805812621981674e-10,5.805813374835019e-10,5.805814127692051e-10,5.805814880553089e-10,5.805815633419224e-10,5.805816386289741e-10,5.805817139165977e-10,5.80581789204745e-10,5.805818644932398e-10,5.805819397823271e-10,5.805820150719089e-10,5.805820903617796e-10,5.805821656521416e-10,5.8058224094297e-10,5.805823162343685e-10,5.805823915264169e-10,5.805824668188107e-10,5.805825421115605e-10,5.805826174046839e-10,5.80582692698478e-10,5.805827679925813e-10,5.805828432873213e-10,5.805829185823929e-10,5.805829938780688e-10,5.805830691740833e-10,5.805831444705634e-10,5.805832197675167e-10,5.805832950650786e-10,5.805833703629448e-10,5.805834456614674e-10,5.805835209602672e-10,5.805835962595611e-10,5.805836715593325e-10,5.805837468596022e-10,5.805838221603059e-10,5.805838974614891e-10,5.805839727631106e-10,5.805840480652758e-10,5.8058412336799e-10,5.805841986709941e-10,5.805842739745107e-10,5.805843492786484e-10,5.805844245831156e-10,5.805844998880323e-10,5.80584575193566e-10,5.805846504994227e-10,5.805847258059164e-10,5.805848011126422e-10,5.805848764198183e-10,5.805849517276983e-10,5.805850270358934e-10,5.805851023445681e-10,5.805851776536569e-10,5.805852529634025e-10,5.805853282734037e-10,5.805854035840927e-10,5.805854788951174e-10,5.805855542067276e-10,5.805856295187197e-10,5.805857048311132e-10,5.805857801439608e-10,5.805858554573348e-10,5.805859307712186e-10,5.805860060855877e-10,5.805860814003554e-10,5.805861567155657e-10,5.805862320312326e-10,5.805863073474806e-10,5.805863826641842e-10,5.805864579813766e-10,5.805865332989397e-10,5.805866086169695e-10,5.805866839354476e-10,5.80586759254379e-10,5.805868345739588e-10,5.805869098938586e-10,5.805869852142218e-10,5.805870605351769e-10,5.805871358564814e-10,5.805872111782505e-10,5.805872865005936e-10,5.805873618233611e-10,5.805874371466687e-10,5.805875124703739e-10,5.805875877946098e-10,5.805876631192429e-10,5.80587738444278e-10,5.805878137697485e-10,5.805878890957513e-10,5.80587964422169e-10,5.805880397492245e-10,5.805881150766176e-10,5.805881904045814e-10,5.805882657330572e-10,5.805883410619419e-10,5.805884163910165e-10,5.805884917207636e-10,5.805885670510162e-10,5.805886423816886e-10,5.805887177128877e-10,5.805887930444034e-10,5.805888683763909e-10,5.805889437090323e-10,5.80589019041805e-10,5.805890943753663e-10,5.805891697094472e-10,5.805892450438042e-10,5.805893203786744e-10,5.805893957140505e-10,5.805894710498028e-10,5.805895463860315e-10,5.805896217226949e-10,5.805896970598452e-10,5.805897723974553e-10,5.805898477355334e-10,5.8058992307408e-10,5.805899984132438e-10,5.805900737527055e-10,5.805901490925762e-10,5.805902244329688e-10,5.805902997739043e-10,5.805903751152374e-10,5.805904504570282e-10,5.805905257992749e-10,5.805906011419276e-10,5.805906764851183e-10,5.805907518289453e-10,5.805908271729739e-10,5.805909025175609e-10,5.805909778625366e-10,5.805910532081896e-10,5.805911285540768e-10,5.805912039004959e-10,5.805912792475609e-10,5.805913545951226e-10,5.805914299430257e-10,5.80591505291377e-10,5.805915806401473e-10,5.805916559893644e-10,5.805917313391615e-10,5.805918066893767e-10,5.805918820399679e-10,5.805919573910414e-10,5.805920327426212e-10,5.805921080946337e-10,5.805921834472632e-10,5.805922588001965e-10,5.805923341537271e-10,5.805924095072841e-10,5.805924848616089e-10,5.805925602163784e-10,5.805926355717549e-10,5.805927109276123e-10,5.805927862837972e-10,5.805928616403882e-10,5.805929369976275e-10,5.805930123553363e-10,5.805930877133587e-10,5.805931630718174e-10,5.805932384308216e-10,5.805933137901678e-10,5.805933891500594e-10,5.805934645103975e-10,5.805935398714e-10,5.805936152325964e-10,5.805936905944615e-10,5.805937659567808e-10,5.805938413194417e-10,5.805939166825661e-10,5.805939920460241e-10,5.805940674101107e-10,5.805941427747324e-10,5.805942181397279e-10,5.805942935051387e-10,5.805943688710012e-10,5.805944442372973e-10,5.805945196042514e-10,5.805945949715132e-10,5.805946703394227e-10,5.805947457079133e-10,5.805948210765913e-10,5.80594896445839e-10,5.805949718153729e-10,5.805950471855828e-10,5.805951225560248e-10,5.80595197926978e-10,5.805952732984871e-10,5.805953486703762e-10,5.805954240426943e-10,5.805954994156805e-10,5.805955747890656e-10,5.805956501629408e-10,5.805957255371173e-10,5.805958009117694e-10,5.805958762868854e-10,5.805959516624351e-10,5.805960270384592e-10,5.805961024149371e-10,5.805961777918942e-10,5.805962531692788e-10,5.805963285471501e-10,5.805964039254606e-10,5.805964793042176e-10,5.80596554683406e-10,5.805966300631188e-10,5.805967054432659e-10,5.805967808240733e-10,5.80596856205142e-10,5.805969315866603e-10,5.805970069687095e-10,5.805970823512382e-10,5.805971577341937e-10,5.805972331175648e-10,5.805973085013972e-10,5.805973838858505e-10,5.805974592706113e-10,5.805975346558588e-10,5.805976100415542e-10,5.805976854277871e-10,5.805977608145587e-10,5.80597836201772e-10,5.805979115892314e-10,5.8059798697718e-10,5.80598062365572e-10,5.805981377546223e-10,5.805982131439776e-10,5.80598288533851e-10,5.805983639240493e-10,5.805984393147889e-10,5.80598514705989e-10,5.805985900976382e-10,5.805986654897465e-10,5.805987408823384e-10,5.805988162753853e-10,5.805988916689013e-10,5.805989670628563e-10,5.805990424573277e-10,5.805991178522381e-10,5.805991932475961e-10,5.805992686433379e-10,5.805993440396032e-10,5.805994194364605e-10,5.805994948336325e-10,5.80599570231351e-10,5.805996456294575e-10,5.805997210279993e-10,5.805997964270295e-10,5.805998718266463e-10,5.805999472267026e-10,5.806000226270777e-10,5.806000980278895e-10,5.806001734291842e-10,5.806002488310996e-10,5.806003242333927e-10,5.806003996362077e-10,5.806004750394261e-10,5.806005504431921e-10,5.80600625847243e-10,5.806007012517409e-10,5.806007766566692e-10,5.80600852062042e-10,5.806009274678485e-10,5.806010028742006e-10,5.806010782809922e-10,5.806011536882525e-10,5.806012290960966e-10,5.806013045042621e-10,5.806013799128737e-10,5.806014553219817e-10,5.806015307315007e-10,5.806016061414772e-10,5.806016815519197e-10,5.806017569627905e-10,5.806018323742884e-10,5.806019077862447e-10,5.806019831985277e-10,5.806020586112218e-10,5.806021340244254e-10,5.806022094383371e-10,5.806022848524355e-10,5.806023602669526e-10,5.806024356820859e-10,5.806025110975777e-10,5.806025865136278e-10,5.806026619299865e-10,5.806027373469463e-10,5.806028127642422e-10,5.806028881820332e-10,5.806029636002355e-10,5.806030390188614e-10,5.806031144380623e-10,5.806031898576057e-10,5.806032652775998e-10,5.806033406980725e-10,5.806034161190098e-10,5.806034915403664e-10,5.80603566962355e-10,5.80603642384655e-10,5.806037178075428e-10,5.806037932308858e-10,5.80603868654563e-10,5.806039440788382e-10,5.8060401950339e-10,5.806040949283861e-10,5.8060417035385e-10,5.806042457797847e-10,5.80604321206189e-10,5.806043966331958e-10,5.806044720604969e-10,5.806045474882596e-10,5.806046229164601e-10,5.806046983452054e-10,5.806047737744595e-10,5.806048492039852e-10,5.806049246340281e-10,5.806050000642441e-10,5.806050754952138e-10,5.80605150926596e-10,5.806052263585997e-10,5.806053017910211e-10,5.806053772237051e-10,5.806054526569187e-10,5.806055280905634e-10,5.806056035246922e-10,5.80605678959239e-10,5.806057543943102e-10,5.806058298299338e-10,5.806059052658618e-10,5.80605980702253e-10,5.806060561391109e-10,5.806061315765731e-10,5.806062070143215e-10,5.8060628245248e-10,5.806063578910714e-10,5.806064333301567e-10,5.806065087698177e-10,5.806065842098079e-10,5.806066596503146e-10,5.806067350912144e-10,5.806068105326064e-10,5.806068859744384e-10,5.8060696141672e-10,5.80607036859446e-10,5.806071123026413e-10,5.806071877462805e-10,5.806072631903777e-10,5.806073386349103e-10,5.806074140798595e-10,5.80607489525391e-10,5.806075649712819e-10,5.806076404177826e-10,5.806077158645997e-10,5.806077913118529e-10,5.806078667595582e-10,5.806079422077155e-10,5.806080176563633e-10,5.80608093105429e-10,5.806081685548849e-10,5.806082440048931e-10,5.806083194554964e-10,5.806083949064999e-10,5.806084703578883e-10,5.806085458097927e-10,5.806086212620218e-10,5.806086967147142e-10,5.806087721678627e-10,5.806088476214527e-10,5.806089230754822e-10,5.806089985299856e-10,5.806090739850176e-10,5.806091494404426e-10,5.80609224896299e-10,5.806093003526197e-10,5.806093758095503e-10,5.806094512667602e-10,5.806095267245066e-10,5.806096021826112e-10,5.806096776411606e-10,5.806097531001607e-10,5.806098285596142e-10,5.806099040197208e-10,5.806099794802247e-10,5.806100549411866e-10,5.806101304024418e-10,5.806102058641513e-10,5.806102813264243e-10,5.806103567891265e-10,5.806104322522864e-10,5.806105077158176e-10,5.806105831798038e-10,5.806106586442134e-10,5.806107341087283e-10,5.806108095740505e-10,5.806108850398598e-10,5.806109605062257e-10,5.806110359729146e-10,5.806111114400555e-10,5.806111869076909e-10,5.806112623757249e-10,5.806113378442033e-10,5.806114133132044e-10,5.806114887825758e-10,5.806115642524116e-10,5.806116397228211e-10,5.806117151935587e-10,5.806117906648237e-10,5.806118661365271e-10,5.806119416086335e-10,5.806120170811846e-10,5.806120925542051e-10,5.80612168027623e-10,5.806122435015376e-10,5.806123189759747e-10,5.806123944507255e-10,5.806124699259611e-10,5.806125454017625e-10,5.806126208776523e-10,5.806126963542295e-10,5.806127718312211e-10,5.80612847308684e-10,5.806129227866038e-10,5.806129982649516e-10,5.806130737436886e-10,5.80613149222939e-10,5.80613224702631e-10,5.806133001827675e-10,5.806133756633753e-10,5.806134511445805e-10,5.806135266259978e-10,5.806136021079247e-10,5.806136775903495e-10,5.806137530733406e-10,5.806138285566417e-10,5.80613904040386e-10,5.806139795247558e-10,5.806140550093813e-10,5.806141304943439e-10,5.806142059798814e-10,5.806142814658664e-10,5.806143569523636e-10,5.806144324392924e-10,5.80614507926649e-10,5.806145834145366e-10,5.806146589024543e-10,5.806147343911408e-10,5.806148098802604e-10,5.806148853698632e-10,5.806149608599204e-10,5.806150363503611e-10,5.806151118412517e-10,5.806151873326178e-10,5.806152628243962e-10,5.806153383166417e-10,5.80615413809335e-10,5.806154893024946e-10,5.806155647961251e-10,5.806156402901694e-10,5.806157157846589e-10,5.806157912796944e-10,5.806158667751313e-10,5.806159422706319e-10,5.806160177669242e-10,5.806160932636455e-10,5.806161687609533e-10,5.806162442585948e-10,5.806163197566756e-10,5.80616395255155e-10,5.806164707541172e-10,5.806165462535206e-10,5.806166217533822e-10,5.806166972538691e-10,5.806167727547083e-10,5.80616848255979e-10,5.806169237576125e-10,5.806169992598301e-10,5.806170747624002e-10,5.806171502653505e-10,5.806172257688037e-10,5.806173012727266e-10,5.806173767770069e-10,5.806174522817664e-10,5.806175277869688e-10,5.80617603292612e-10,5.806176787986814e-10,5.806177543052086e-10,5.806178298121945e-10,5.806179053196343e-10,5.806179808274933e-10,5.806180563357923e-10,5.806181318445635e-10,5.806182073537261e-10,5.806182828633335e-10,5.80618358373368e-10,5.806184338838896e-10,5.806185093950058e-10,5.8061858490645e-10,5.806186604183013e-10,5.806187359306592e-10,5.806188114435831e-10,5.806188869567718e-10,5.806189624703855e-10,5.806190379846213e-10,5.806191134993118e-10,5.806191890144446e-10,5.806192645298678e-10,5.80619340045743e-10,5.806194155620777e-10,5.80619491078874e-10,5.806195665960989e-10,5.806196421137668e-10,5.806197176321384e-10,5.806197931506945e-10,5.806198686697823e-10,5.806199441892336e-10,5.806200197091353e-10,5.80620095229504e-10,5.806201707502144e-10,5.806202462714441e-10,5.806203217930998e-10,5.806203973153345e-10,5.806204728378747e-10,5.806205483608639e-10,5.806206238842923e-10,5.806206994082595e-10,5.806207749326336e-10,5.806208504574204e-10,5.806209259826334e-10,5.806210015082897e-10,5.806210770343594e-10,5.806211525608811e-10,5.806212280878726e-10,5.806213036152716e-10,5.806213791431282e-10,5.806214546715229e-10,5.806215302002455e-10,5.806216057294896e-10,5.806216812591523e-10,5.806217567893697e-10,5.806218323199221e-10,5.806219078508211e-10,5.806219833822384e-10,5.806220589141949e-10,5.806221344465052e-10,5.806222099793073e-10,5.80622285512507e-10,5.806223610461334e-10,5.806224365802184e-10,5.806225121147256e-10,5.806225876496685e-10,5.80622663185056e-10,5.80622738721047e-10,5.806228142574469e-10,5.80622889794168e-10,5.806229653313137e-10,5.806230408689423e-10,5.806231164070534e-10,5.806231919455202e-10,5.806232674844385e-10,5.806233430238371e-10,5.806234185636456e-10,5.806234941039026e-10,5.806235696445744e-10,5.806236451857671e-10,5.806237207272793e-10,5.806237962693259e-10,5.806238718117827e-10,5.806239473548525e-10,5.806240228983412e-10,5.806240984422581e-10,5.806241739864864e-10,5.806242495311596e-10,5.806243250762442e-10,5.806244006217924e-10,5.806244761677609e-10,5.806245517142056e-10,5.806246272610731e-10,5.80624702808525e-10,5.806247783562676e-10,5.806248539045027e-10,5.806249294532062e-10,5.806250050022892e-10,5.806250805518341e-10,5.806251561017978e-10,5.806252316522019e-10,5.806253072029962e-10,5.806253827541472e-10,5.806254583059114e-10,5.806255338582244e-10,5.806256094108071e-10,5.806256849639339e-10,5.80625760517104e-10,5.806258360710216e-10,5.806259116254132e-10,5.806259871802415e-10,5.806260627354784e-10,5.806261382913079e-10,5.806262138474353e-10,5.806262894039295e-10,5.806263649608829e-10,5.806264405184332e-10,5.806265160764642e-10,5.806265916348216e-10,5.806266671935832e-10,5.806267427529102e-10,5.806268183125166e-10,5.806268938726312e-10,5.806269694331426e-10,5.806270449938538e-10,5.806271205552615e-10,5.806271961171177e-10,5.806272716793994e-10,5.80627347242109e-10,5.806274228052566e-10,5.806274983688006e-10,5.806275739328268e-10,5.806276494972943e-10,5.806277250622492e-10,5.806278006276983e-10,5.806278761931454e-10,5.806279517593645e-10,5.80628027325973e-10,5.806281028930376e-10,5.806281784607092e-10,5.806282540286843e-10,5.806283295970918e-10,5.806284051659476e-10,5.806284807353416e-10,5.806285563050665e-10,5.806286318752223e-10,5.806287074458004e-10,5.806287830167846e-10,5.806288585884135e-10,5.806289341603127e-10,5.806290097326717e-10,5.80629085305468e-10,5.806291608787471e-10,5.806292364524195e-10,5.806293120265756e-10,5.806293876011059e-10,5.806294631760777e-10,5.806295387516306e-10,5.806296143275033e-10,5.806296899038676e-10,5.8062976548054e-10,5.806298410576966e-10,5.806299166354855e-10,5.806299922135259e-10,5.806300677919866e-10,5.806301433708807e-10,5.80630218950386e-10,5.806302945298337e-10,5.80630370110069e-10,5.806304456907328e-10,5.806305212718175e-10,5.806305968533299e-10,5.806306724353088e-10,5.806307480177254e-10,5.806308236005773e-10,5.806308991839692e-10,5.806309747677143e-10,5.80631050351961e-10,5.806311259365263e-10,5.806312015216599e-10,5.8063127710713e-10,5.806313526930083e-10,5.806314282793876e-10,5.806315038660766e-10,5.80631579453281e-10,5.806316550409062e-10,5.806317306289941e-10,5.806318062175129e-10,5.806318818064693e-10,5.806319573958594e-10,5.806320329856979e-10,5.806321085760923e-10,5.80632184166598e-10,5.806322597577435e-10,5.806323353492901e-10,5.806324109413067e-10,5.80632486533751e-10,5.806325621266293e-10,5.806326377199576e-10,5.806327133139213e-10,5.806327889081021e-10,5.806328645028252e-10,5.806329400978786e-10,5.806330156933695e-10,5.806330912894505e-10,5.806331668858344e-10,5.806332424823478e-10,5.806333180795668e-10,5.806333936772374e-10,5.806334692754787e-10,5.806335448741529e-10,5.806336204731108e-10,5.806336960726503e-10,5.806337716724956e-10,5.80633847272826e-10,5.806339228735319e-10,5.80633998474748e-10,5.806340740764236e-10,5.806341496785823e-10,5.806342252810149e-10,5.806343008839133e-10,5.806343764873869e-10,5.806344520912941e-10,5.806345276955176e-10,5.806346033001183e-10,5.806346789052649e-10,5.806347545107429e-10,5.806348301167662e-10,5.806349057231141e-10,5.806349813298945e-10,5.806350569371094e-10,5.806351325447625e-10,5.806352081528605e-10,5.806352837613111e-10,5.806353593704138e-10,5.806354349798538e-10,5.806355105898183e-10,5.806355862002307e-10,5.806356618109503e-10,5.806357374221621e-10,5.806358130337057e-10,5.806358886458269e-10,5.806359642582328e-10,5.806360398710935e-10,5.806361154843569e-10,5.806361910982024e-10,5.806362667124925e-10,5.806363423270581e-10,5.806364179421003e-10,5.806364935575293e-10,5.806365691734193e-10,5.806366447898187e-10,5.806367204066359e-10,5.806367960239553e-10,5.806368716415735e-10,5.806369472596032e-10,5.806370228782103e-10,5.806370984971082e-10,5.806371741164973e-10,5.806372497362792e-10,5.806373253564475e-10,5.806374009770944e-10,5.80637476598174e-10,5.806375522196899e-10,5.806376278418974e-10,5.806377034643274e-10,5.806377790872039e-10,5.806378547105628e-10,5.806379303342254e-10,5.806380059584019e-10,5.806380815830336e-10,5.806381572080064e-10,5.806382328333923e-10,5.806383084592247e-10,5.806383840856715e-10,5.806384597124116e-10,5.806385353395674e-10,5.806386109671971e-10,5.806386865951705e-10,5.806387622236315e-10,5.806388378525244e-10,5.806389134818134e-10,5.806389891115866e-10,5.806390647417e-10,5.806391403722973e-10,5.806392160033236e-10,5.806392916348138e-10,5.806393672667947e-10,5.80639442899115e-10,5.806395185318367e-10,5.806395941649865e-10,5.806396697983639e-10,5.806397454323753e-10,5.806398210668157e-10,5.806398967018011e-10,5.80639972336869e-10,5.806400479724678e-10,5.806401236086247e-10,5.806401992452119e-10,5.806402748823645e-10,5.806403505197986e-10,5.80640426157791e-10,5.806405017961158e-10,5.806405774348648e-10,5.806406530740117e-10,5.806407287136134e-10,5.806408043537029e-10,5.806408799942651e-10,5.806409556350711e-10,5.80641031276387e-10,5.806411069180775e-10,5.806411825601971e-10,5.806412582027984e-10,5.806413338459185e-10,5.806414094893725e-10,5.806414851333165e-10,5.806415607776479e-10,5.806416364224818e-10,5.806417120676027e-10,5.806417877131979e-10,5.80641863359228e-10,5.806419390057182e-10,5.806420146527253e-10,5.806420903001057e-10,5.806421659480049e-10,5.806422415961704e-10,5.806423172447969e-10,5.806423928938485e-10,5.806424685433162e-10,5.806425441932016e-10,5.806426198434603e-10,5.806426954942234e-10,5.806427711454203e-10,5.806428467971694e-10,5.80642922449224e-10,5.806429981014111e-10,5.806430737543005e-10,5.806431494076564e-10,5.80643225061426e-10,5.806433007153405e-10,5.806433763696582e-10,5.806434520247034e-10,5.806435276803328e-10,5.806436033362165e-10,5.806436789923836e-10,5.806437546491716e-10,5.806438303064716e-10,5.806439059640929e-10,5.806439816222342e-10,5.806440572806803e-10,5.806441329395778e-10,5.806442085989105e-10,5.806442842586667e-10,5.806443599189809e-10,5.806444355797473e-10,5.8064451124093e-10,5.806445869023897e-10,5.806446625643198e-10,5.806447382266921e-10,5.806448138894267e-10,5.806448895525328e-10,5.806449652161897e-10,5.806450408802574e-10,5.806451165448441e-10,5.806451922097163e-10,5.806452678750253e-10,5.806453435407972e-10,5.806454192070305e-10,5.806454948736269e-10,5.806455705406803e-10,5.806456462082482e-10,5.806457218762399e-10,5.80645797544521e-10,5.80645873213215e-10,5.806459488825104e-10,5.806460245522666e-10,5.80646100222276e-10,5.806461758926988e-10,5.806462515636275e-10,5.806463272349673e-10,5.806464029067086e-10,5.806464785788466e-10,5.806465542513887e-10,5.806466299241132e-10,5.80646705597589e-10,5.806467812715832e-10,5.806468569458367e-10,5.806469326205814e-10,5.806470082957832e-10,5.806470839714122e-10,5.806471596473743e-10,5.806472353237575e-10,5.806473110006783e-10,5.806473866779143e-10,5.806474623557235e-10,5.806475380338719e-10,5.806476137123848e-10,5.806476893913744e-10,5.806477650707991e-10,5.806478407505929e-10,5.806479164308344e-10,5.806479921114513e-10,5.806480677925237e-10,5.80648143474021e-10,5.806482191559164e-10,5.806482948382572e-10,5.80648370520995e-10,5.806484462041963e-10,5.806485218876798e-10,5.806485975717156e-10,5.806486732561958e-10,5.80648748941009e-10,5.806488246263231e-10,5.80648900311933e-10,5.806489759980948e-10,5.806490516847054e-10,5.806491273718697e-10,5.806492030593153e-10,5.806492787472394e-10,5.806493544355473e-10,5.806494301241892e-10,5.806495058133202e-10,5.806495815028508e-10,5.806496571928461e-10,5.806497328832464e-10,5.806498085739421e-10,5.806498842653324e-10,5.806499599570043e-10,5.806500356491118e-10,5.806501113416503e-10,5.806501870345651e-10,5.806502627279373e-10,5.806503384217339e-10,5.806504141159833e-10,5.806504898107088e-10,5.806505655057394e-10,5.806506412012498e-10,5.806507168971513e-10,5.806507925935306e-10,5.806508682903855e-10,5.806509439876434e-10,5.80651019685391e-10,5.806510953833826e-10,5.806511710819495e-10,5.806512467809291e-10,5.806513224803732e-10,5.80651398180232e-10,5.806514738802387e-10,5.806515495805685e-10,5.806516252815501e-10,5.806517009829482e-10,5.8065177668478e-10,5.806518523870693e-10,5.80651928089769e-10,5.806520037929801e-10,5.806520794964825e-10,5.806521552001873e-10,5.806522309045414e-10,5.806523066094e-10,5.806523823145996e-10,5.806524580202699e-10,5.806525337263243e-10,5.806526094328572e-10,5.806526851397472e-10,5.806527608471426e-10,5.806528365548804e-10,5.806529122630115e-10,5.806529879717196e-10,5.806530636807259e-10,5.806531393901171e-10,5.806532150999415e-10,5.806532908103897e-10,5.806533665208339e-10,5.806534422320936e-10,5.806535179437386e-10,5.806535936557803e-10,5.806536693681519e-10,5.806537450809361e-10,5.806538207941518e-10,5.806538965078013e-10,5.806539722219443e-10,5.806540479364587e-10,5.80654123651487e-10,5.806541993668909e-10,5.806542750827626e-10,5.806543507989241e-10,5.806544265156296e-10,5.806545022326182e-10,5.806545779500562e-10,5.806546536679355e-10,5.806547293862121e-10,5.806548051048811e-10,5.806548808239859e-10,5.806549565435414e-10,5.806550322635812e-10,5.806551079840708e-10,5.806551837048568e-10,5.806552594261077e-10,5.806553351477435e-10,5.8065541086976e-10,5.806554865922323e-10,5.806555623152766e-10,5.806556380385758e-10,5.806557137622337e-10,5.806557894863111e-10,5.806558652109001e-10,5.806559409358982e-10,5.806560166613549e-10,5.806560923871883e-10,5.806561681135401e-10,5.806562438402511e-10,5.806563195673256e-10,5.806563952946871e-10,5.806564710227376e-10,5.806565467510005e-10,5.806566224797332e-10,5.806566982088888e-10,5.806567739380189e-10,5.80656849667903e-10,5.806569253984111e-10,5.806570011293448e-10,5.806570768605497e-10,5.806571525922487e-10,5.806572283243594e-10,5.806573040568711e-10,5.806573797895287e-10,5.806574555228976e-10,5.806575312566806e-10,5.806576069908793e-10,5.806576827254957e-10,5.806577584606136e-10,5.806578341960733e-10,5.806579099319144e-10,5.806579856682191e-10,5.806580614049374e-10,5.806581371420595e-10,5.806582128796905e-10,5.806582886176339e-10,5.806583643561143e-10,5.806584400949642e-10,5.806585158341868e-10,5.806585915739083e-10,5.806586673140203e-10,5.806587430544813e-10,5.806588187953736e-10,5.8065889453674e-10,5.80658970278441e-10,5.806590460207854e-10,5.806591217635359e-10,5.806591975064954e-10,5.806592732498851e-10,5.806593489937043e-10,5.806594247380666e-10,5.806595004828726e-10,5.806595762280604e-10,5.806596519736451e-10,5.806597277194684e-10,5.806598034657735e-10,5.80659879212504e-10,5.806599549596621e-10,5.806600307072121e-10,5.806601064552275e-10,5.806601822035938e-10,5.806602579524514e-10,5.806603337016263e-10,5.80660409451252e-10,5.806604852014613e-10,5.806605609519511e-10,5.806606367028309e-10,5.806607124541768e-10,5.806607882060341e-10,5.806608639582706e-10,5.806609397109252e-10,5.806610154640144e-10,5.806610912174491e-10,5.806611669713808e-10,5.806612427256758e-10,5.806613184803232e-10,5.806613942354336e-10,5.806614699908661e-10,5.806615457468297e-10,5.806616215031839e-10,5.8066169725959e-10,5.806617730167521e-10,5.806618487743662e-10,5.806619245323707e-10,5.806620002907655e-10,5.806620760494446e-10,5.806621518086647e-10,5.806622275683119e-10,5.806623033283595e-10,5.80662379088833e-10,5.806624548496369e-10,5.806625306110148e-10,5.806626063727577e-10,5.806626821348794e-10,5.806627578972458e-10,5.80662833660335e-10,5.806629094238673e-10,5.806629851876186e-10,5.806630609518293e-10,5.80663136716495e-10,5.80663212481709e-10,5.806632882471957e-10,5.806633640131009e-10,5.806634397794357e-10,5.806635155461218e-10,5.806635913133312e-10,5.806636670808647e-10,5.806637428488248e-10,5.806638186172289e-10,5.806638943857943e-10,5.806639701549715e-10,5.806640459245871e-10,5.806641216946894e-10,5.806641974650703e-10,5.806642732359584e-10,5.806643490071647e-10,5.806644247788076e-10,5.806645005508944e-10,5.806645763234317e-10,5.806646520963294e-10,5.806647278696687e-10,5.806648036433835e-10,5.806648794175962e-10,5.806649551921584e-10,5.80665030967253e-10,5.806651067426503e-10,5.806651825182754e-10,5.806652582944813e-10,5.806653340711449e-10,5.806654098481869e-10,5.806654856256599e-10,5.806655614035279e-10,5.806656371818121e-10,5.806657129605822e-10,5.806657887396976e-10,5.806658645191499e-10,5.806659402991086e-10,5.806660160794291e-10,5.806660918601819e-10,5.806661676413586e-10,5.806662434229102e-10,5.806663192050423e-10,5.806663949874631e-10,5.806664707702962e-10,5.806665465535373e-10,5.806666223371872e-10,5.806666981212618e-10,5.806667739057361e-10,5.806668496906531e-10,5.806669254759629e-10,5.806670012616971e-10,5.806670770478767e-10,5.806671528344653e-10,5.806672286213976e-10,5.806673044089045e-10,5.806673801966692e-10,5.806674559848376e-10,5.80667531773435e-10,5.806676075624909e-10,5.806676833518933e-10,5.80667759141724e-10,5.806678349319525e-10,5.806679107226308e-10,5.806679865136893e-10,5.806680623051396e-10,5.806681380970701e-10,5.806682138893624e-10,5.806682896820951e-10,5.806683654752259e-10,5.806684412687854e-10,5.806685170627363e-10,5.806685928570692e-10,5.806686686519393e-10,5.806687444471175e-10,5.806688202427255e-10,5.806688960387242e-10,5.80668971835265e-10,5.806690476320637e-10,5.806691234293393e-10,5.806691992270504e-10,5.806692750251331e-10,5.806693508236245e-10,5.806694266224999e-10,5.806695024218127e-10,5.806695782215683e-10,5.806696540217651e-10,5.806697298223114e-10,5.806698056232395e-10,5.80669881424569e-10,5.806699572263262e-10,5.806700330285029e-10,5.806701088310753e-10,5.80670184633704e-10,5.806702604371105e-10,5.806703362409349e-10,5.806704120451415e-10,5.806704878497538e-10,5.806705636548231e-10,5.806706394602462e-10,5.806707152661111e-10,5.806707910723603e-10,5.806708668789587e-10,5.806709426859966e-10,5.80671018493488e-10,5.806710943013604e-10,5.806711701097303e-10,5.806712459184479e-10,5.806713217276023e-10,5.806713975371932e-10,5.806714733472253e-10,5.806715491575816e-10,5.806716249684818e-10,5.806717007797121e-10,5.806717765912991e-10,5.806718524032939e-10,5.806719282156812e-10,5.806720040282106e-10,5.806720798414482e-10,5.806721556552686e-10,5.806722314692921e-10,5.806723072837475e-10,5.806723830985842e-10,5.806724589137082e-10,5.806725347293001e-10,5.806726105453919e-10,5.806726863618962e-10,5.806727621787915e-10,5.806728379960733e-10,5.806729138138481e-10,5.80672989632041e-10,5.806730654505629e-10,5.806731412694784e-10,5.80673217088819e-10,5.806732929085628e-10,5.806733687287331e-10,5.806734445492504e-10,5.806735203703038e-10,5.806735961917797e-10,5.806736720137048e-10,5.806737478358846e-10,5.806738236585312e-10,5.80673899481567e-10,5.806739753049916e-10,5.80674051128816e-10,5.806741269530316e-10,5.806742027777565e-10,5.806742786028106e-10,5.806743544282784e-10,5.806744302541768e-10,5.806745060804451e-10,5.80674581907142e-10,5.806746577343254e-10,5.806747335618292e-10,5.806748093897904e-10,5.806748852180935e-10,5.806749610468859e-10,5.806750368760176e-10,5.806751127055077e-10,5.80675188535509e-10,5.80675264365837e-10,5.806753401965856e-10,5.806754160278171e-10,5.806754918594132e-10,5.806755676914253e-10,5.806756435237821e-10,5.806757193565787e-10,5.806757951897694e-10,5.806758710233744e-10,5.806759468574248e-10,5.806760226919979e-10,5.806760985267991e-10,5.806761743620952e-10,5.806762501978313e-10,5.806763260338972e-10,5.806764018703357e-10,5.806764777071874e-10,5.806765535444951e-10,5.806766293821601e-10,5.806767052202275e-10,5.806767810587105e-10,5.806768568975595e-10,5.806769327368516e-10,5.806770085765004e-10,5.806770844166463e-10,5.806771602571327e-10,5.806772360980545e-10,5.806773119393556e-10,5.806773877811614e-10,5.806774636232884e-10,5.80677539465881e-10,5.806776153089677e-10,5.806776911522583e-10,5.806777669961592e-10,5.80677842840284e-10,5.806779186848313e-10,5.806779945297317e-10,5.806780703750922e-10,5.806781462209484e-10,5.806782220670311e-10,5.806782979136718e-10,5.806783737607564e-10,5.806784496082631e-10,5.806785254562186e-10,5.806786013044492e-10,5.806786771530435e-10,5.806787530020607e-10,5.806788288514806e-10,5.806789047014377e-10,5.806789805516461e-10,5.806790564024154e-10,5.806791322534461e-10,5.806792081045753e-10,5.806792839563882e-10,5.80679359808629e-10,5.806794356614093e-10,5.806795115144686e-10,5.806795873678991e-10,5.806796632218037e-10,5.80679739076057e-10,5.806798149307904e-10,5.806798907858239e-10,5.806799666415085e-10,5.806800424974472e-10,5.806801183537181e-10
17,0.0,0.0,0.0,0.0,0.0,0.0,0.0,0.0,0.0,0.0,0.0,0.0,0.0,0.0,0.0,0.0,0.0,0.0,0.0,0.0,0.0,0.0,0.0,0.0,0.0,0.0,0.0,0.0,0.0,0.0,0.0,0.0,0.0,0.0,0.0,0.0,0.0,0.0,0.0,0.0,0.0,0.0,0.0,0.0,0.0,0.0,0.0,0.0,0.0,0.0,0.0,0.0,0.0,0.0,0.0,0.0,0.0,0.0,0.0,0.0,0.0,0.0,0.0,0.0,0.0,0.0,0.0,0.0,0.0,0.0,0.0,0.0,0.0,0.0,0.0,0.0,0.0,0.0,0.0,0.0,0.0,0.0,0.0,0.0,0.0,0.0,0.0,0.0,0.0,0.0,0.0,0.0,0.0,0.0,0.0,0.0,0.0,0.0,0.0,0.0,0.0,0.0,0.0,0.0,0.0,0.0,0.0,0.0,0.0,0.0,0.0,0.0,0.0,0.0,0.0,0.0,0.0,0.0,0.0,0.0,0.0,0.0,0.0,0.0,0.0,0.0,0.0,0.0,0.0,0.0,0.0,0.0,0.0,0.0,0.0,0.0,0.0,0.0,0.0,0.0,0.0,0.0,0.0,0.0,0.0,0.0,0.0,0.0,0.0,0.0,0.0,0.0,0.0,0.0,0.0,0.0,0.0,0.0,0.0,0.0,0.0,0.0,0.0,0.0,0.0,0.0,0.0,0.0,0.0,0.0,0.0,0.0,0.0,0.0,0.0,0.0,0.0,0.0,0.0,0.0,0.0,0.0,0.0,0.0,0.0,0.0,0.0,0.0,0.0,0.0,0.0,0.0,0.0,0.0,0.0,0.0,0.0,0.0,0.0,0.0,0.0,0.0,0.0,0.0,0.0,0.0,0.0,0.0,0.0,0.0,0.0,0.0,0.0,0.0,0.0,0.0,0.0,0.0,0.0,0.0,0.0,0.0,0.0,0.0,0.0,0.0,0.0,0.0,0.0,0.0,0.0,0.0,0.0,0.0,0.0,0.0,0.0,0.0,0.0,0.0,0.0,0.0,0.0,0.0,0.0,0.0,0.0,0.0,0.0,0.0,0.0,0.0,0.0,0.0,0.0,0.0,0.0,0.0,0.0,0.0,0.0,0.0,0.0,0.0,0.0,0.0,0.0,0.0,0.0,0.0,0.0,0.0,0.0,0.0,0.0,0.0,0.0,0.0,0.0,0.0,0.0,0.0,0.0,0.0,0.0,0.0,0.0,0.0,0.0,0.0,0.0,0.0,0.0,0.0,0.0,0.0,0.0,0.0,0.0,0.0,0.0,0.0,0.0,0.0,0.0,0.0,0.0,0.0,0.0,0.0,0.0,0.0,0.0,0.0,0.0,0.0,0.0,0.0,0.0,0.0,0.0,0.0,0.0,0.0,0.0,0.0,0.0,0.0,0.0,0.0,0.0,0.0,0.0,0.0,0.0,0.0,0.0,0.0,0.0,0.0,0.0,0.0,0.0,0.0,0.0,0.0,0.0,0.0,0.0,0.0,0.0,0.0,0.0,0.0,0.0,0.0,0.0,0.0,0.0,0.0,0.0,0.0,0.0,0.0,0.0,0.0,0.0,0.0,0.0,0.0,0.0,0.0,0.0,0.0,0.0,0.0,0.0,0.0,0.0,0.0,0.0,0.0,0.0,0.0,0.0,0.0,0.0,0.0,0.0,0.0,0.0,0.0,0.0,0.0,0.0,0.0,0.0,0.0,0.0,0.0,0.0,0.0,0.0,0.0,0.0,0.0,0.0,0.0,0.0,0.0,0.0,0.0,0.0,0.0,0.0,0.0,0.0,0.0,0.0,0.0,0.0,0.0,0.0,0.0,0.0,0.0,0.0,0.0,0.0,0.0,0.0,0.0,0.0,0.0,0.0,0.0,0.0,0.0,0.0,0.0,0.0,0.0,0.0,0.0,0.0,0.0,0.0,0.0,0.0,0.0,0.0,0.0,0.0,0.0,0.0,0.0,0.0,0.0,0.0,0.0,0.0,0.0,0.0,0.0,0.0,0.0,0.0,0.0,0.0,0.0,0.0,0.0,0.0,0.0,0.0,0.0,0.0,0.0,0.0,0.0,0.0,0.0,0.0,0.0,0.0,0.0,0.0,0.0,0.0,0.0,0.0,0.0,0.0,0.0,0.0,0.0,0.0,0.0,0.0,0.0,0.0,0.0,0.0,0.0,0.0,0.0,0.0,0.0,0.0,0.0,0.0,0.0,0.0,0.0,0.0,0.0,0.0,0.0,0.0,0.0,0.0,0.0,0.0,0.0,0.0,0.0,0.0,0.0,0.0,0.0,0.0,0.0,0.0,0.0,0.0,0.0,0.0,0.0,0.0,0.0,0.0,0.0,0.0,0.0,0.0,0.0,0.0,0.0,0.0,0.0,0.0,0.0,0.0,0.0,0.0,0.0,0.0,0.0,0.0,0.0,0.0,0.0,0.0,0.0,0.0,0.0,0.0,0.0,0.0,0.0,0.0,0.0,0.0,0.0,0.0,0.0,0.0,0.0,0.0,0.0,0.0,0.0,0.0,0.0,0.0,0.0,0.0,0.0,0.0,0.0,0.0,0.0,0.0,0.0,0.0,0.0,0.0,0.0,0.0,0.0,0.0,0.0,0.0,0.0,0.0,0.0,0.0,0.0,0.0,0.0,0.0,0.0,0.0,0.0,0.0,0.0,0.0,0.0,0.0,0.0,0.0,0.0,0.0,0.0,0.0,0.0,0.0,0.0,0.0,0.0,0.0,0.0,0.0,0.0,0.0,0.0,0.0,0.0,0.0,0.0,0.0,0.0,0.0,0.0,0.0,0.0,0.0,0.0,0.0,0.0,0.0,0.0,0.0,0.0,0.0,0.0,0.0,0.0,0.0,0.0,0.0,0.0,0.0,0.0,0.0,0.0,0.0,0.0,0.0,0.0,0.0,0.0,0.0,0.0,0.0,0.0,0.0,0.0,0.0,0.0,0.0,0.0,0.0,0.0,0.0,0.0,0.0,0.0,0.0,0.0,0.0,0.0,0.0,0.0,0.0,0.0,0.0,0.0,0.0,0.0,0.0,0.0,0.0,0.0,0.0,0.0,0.0,0.0,0.0,0.0,0.0,0.0,0.0,0.0,0.0,0.0,0.0,0.0,0.0,0.0,0.0,0.0,0.0,0.0,0.0,0.0,0.0,0.0,0.0,0.0,0.0,0.0,0.0,0.0,0.0,0.0,0.0,0.0,0.0,0.0,0.0,0.0,0.0,0.0,0.0,0.0,0.0,0.0,0.0,0.0,0.0,0.0,0.0,0.0,0.0,0.0,0.0,0.0,0.0,0.0,0.0,0.0,0.0,0.0,0.0,0.0,0.0,0.0,0.0,0.0,0.0,0.0,0.0,0.0,0.0,0.0,0.0,0.0,0.0,0.0,0.0,0.0,0.0,0.0,0.0,0.0,0.0,0.0,0.0,0.0,0.0,0.0,0.0,0.0,0.0,0.0,0.0,0.0,0.0,0.0,0.0,0.0,0.0,0.0,0.0,0.0,0.0,0.0,0.0,0.0,0.0,0.0,0.0,0.0,0.0,0.0,0.0,0.0,0.0,0.0,0.0,0.0,0.0,0.0,0.0,0.0,0.0,0.0,0.0,0.0,0.0,0.0,0.0,0.0,0.0,0.0,0.0,0.0,0.0,0.0,0.0,0.0,0.0,0.0,0.0,0.0,0.0,0.0,0.0,0.0,0.0,0.0,0.0,0.0,0.0,0.0,0.0,0.0,0.0,0.0,0.0,0.0,0.0,0.0,0.0,0.0,0.0,0.0,0.0,0.0,0.0,0.0,0.0,0.0,0.0,0.0,0.0,0.0,0.0,0.0,0.0,0.0,0.0,0.0,0.0,0.0,0.0,0.0,0.0,0.0,0.0,0.0,0.0,0.0,0.0,0.0,0.0,0.0,0.0,0.0,0.0,0.0,0.0,0.0,0.0,0.0,0.0,0.0,0.0,0.0,0.0,0.0,0.0,0.0,0.0,0.0,0.0,0.0,0.0,0.0,0.0,0.0,0.0,0.0,0.0,0.0,0.0,0.0,0.0,0.0,0.0,0.0,0.0,0.0,0.0,0.0,0.0,0.0,0.0,0.0,0.0,0.0,0.0,0.0,0.0,0.0,0.0,0.0,0.0,0.0,0.0,0.0,0.0,0.0,0.0,0.0,0.0,0.0,0.0,0.0,0.0,0.0,0.0,0.0,0.0,0.0,0.0,0.0,0.0,0.0,0.0,0.0,0.0,0.0,0.0,0.0,0.0,0.0,0.0,0.0,0.0,0.0,0.0,0.0,0.0,0.0,0.0,0.0,0.0,0.0,0.0,0.0,0.0,0.0,0.0,0.0,0.0,0.0,0.0,0.0,6.245163806107683e-27,1.264472907544021e-26,1.9196255423226492e-26,2.589850335479686e-26,3.2751225123922744e-26,3.975499437658295e-26,4.6911068319996765e-26,5.422127687921152e-26,6.16879340707557e-26,6.93137675589323e-26,7.710186302949065e-26,8.505562059970567e-26,9.317872098685496e-26,1.0147509957772456e-25,1.09948926894317e-25,1.1860459423869175e-25,1.27446703539955e-25,1.364800606173899e-25,1.4570967123199993e-25,1.5514073942594063e-25,1.647786677517606e-25,1.7462905907655809e-25,1.8469771971285402e-25,1.9499066368164246e-25,2.0551411795631717e-25,2.1627452857163046e-25,2.2727856750914283e-25,2.385331402940819e-25,2.5004539425607965e-25,2.6182272742160524e-25,2.73872798021012e-25,2.862035345954632e-25,2.9882314670709564e-25,3.1174013625524875e-25,3.2496330941291142e-25,3.3850178919638576e-25,3.5236502869664886e-25,3.665628249900962e-25,3.8110533376399625e-25,3.9600308468726394e-25,4.1126699756484883e-25,4.26908399314237e-25,4.429390418087831e-25,4.593711206345475e-25,4.762172948111264e-25,4.934907075311186e-25,5.112050079758906e-25,5.293743742706378e-25,5.480135376443416e-25,5.6713780786658075e-25,5.867631000372526e-25,6.069059628095727e-25,6.275836081332974e-25,6.488139426128364e-25,6.706156005769619e-25,6.930079789673183e-25,7.160112741588257e-25,7.396465208349644e-25,7.639356330454858e-25,7.88901447587979e-25,8.145677698618757e-25,8.409594223552661e-25,8.681022959332598e-25,8.960234041207823e-25,9.24750940566071e-25,9.543143399061444e-25,9.847443422584464e-25,1.0160730615897798e-24,1.0483340582163953e-24,1.0815624157327978e-24,1.1157948226681026e-24,1.1510696592017769e-24,1.1874270892966276e-24,1.2249091586332389e-24,1.2635598987612323e-24,1.303425437916597e-24,1.344554118989436e-24,1.3869966251677137e-24,1.4308061138275705e-24,1.4760383592790195e-24,1.5227519050411268e-24,1.571008226367056e-24,1.6208719038031992e-24,1.6724108086372805e-24,1.7256963011616697e-24,1.7808034427547896e-24,1.8378112228872053e-24,1.8968028022393073e-24,1.9578657732350094e-24,2.0210924394119044e-24,2.086580115179458e-24,2.1544314476591114e-24,2.224754762456179e-24,2.2976644353950285e-24,2.3732812924339598e-24,2.451733040194092e-24,2.5331547297708648e-24,2.6176892567735435e-24,2.7054879007776743e-24,2.7967109077855973e-24,2.8915281195556778e-24,2.9901196541253678e-24,3.092676642261776e-24,3.1994020250853566e-24,3.3105114186572526e-24,3.426234051937944e-24,3.5468137852272795e-24,3.672510216944204e-24,3.80359988750111e-24,3.940377589978435e-24,4.083157798407859e-24,4.232276225725503e-24,4.3880915247885854e-24,4.5509871474731955e-24,4.721373378632335e-24,4.899689563652781e-24,5.086406550659289e-24,5.2820293710059075e-24,5.4871001845860355e-24,5.70220151981154e-24,5.927959841983626e-24,6.165049488032912e-24,6.414197010662538e-24,6.676185980499598e-24,6.951862301492651e-24,7.24214010224632e-24,7.548008274626221e-24,7.870537740945091e-24,8.210889542612913e-24,8.570323856375877e-24,8.950210059933248e-24,9.352037986640773e-24,9.777430529998563e-24,1.0228157783378264e-23,1.0706152928883154e-23,1.1213530123278499e-23,1.1752604668361135e-23,1.2325915800144957e-23,1.2936252486383347e-23,1.358668268762884e-23,1.4280586614887833e-23,1.50216946098712e-23,1.5814130384684618e-23,1.666246049104666e-23,1.7571751048886634e-23,1.8547632957200525e-23,1.9596377043555656e-23,2.0724980892010787e-23,2.1941269434732704e-23,2.3254011814899027e-23,2.4673057547068922e-23,2.6209495640105956e-23,2.7875841138201307e-23,2.968625451806797e-23,3.16568006062265e-23,3.3805755217155325e-23,3.6153969649250907e-23,3.8725305626735076e-23,4.1547156394029115e-23,4.465107366027173e-23,4.807352522473001e-23,5.185681476141354e-23,5.605020389288206e-23,6.071128803133143e-23,6.590769243780238e-23,7.171917485824653e-23,7.824024776174518e-23,8.558346921523132e-23,9.388360046769006e-23,1.0330289569833602e-22,1.1403788286370177e-22,1.2632812558122562e-22,1.4046764157512346e-22,1.5681991918819605e-22,1.7583785943464698e-22,1.9116076977141457e-22,1.9116076977147767e-22,1.9116076977156461e-22,1.9116076977194912e-22,2.162549161562197e-22,2.45952982111613e-22,2.8137324027866514e-22,3.239732997349883e-22,3.7567843960839692e-22,4.390678751833613e-22,5.176506989671237e-22,6.162838189209516e-22,7.418208193859072e-22,9.041480636016525e-22,1.1178941888664675e-21,1.4053607766552684e-21,1.801781564933087e-21,2.365294582324188e-21,3.19715750884223e-21,4.485866531148963e-21,6.6160560707224245e-21,1.0460009378427651e-20,1.8289148025279866e-20,3.705130446658312e-20,9.219599101893437e-20,2.9644354633173716e-19,1.25255609438913e-18,6.788944797062212e-18,4.4706921585616814e-17,4.8627124105888725e-17,3.90458025241007e-16,2.980223048047144e-15,2.0838606749784435e-14,1.2496846374305043e-13,6.134795441266739e-13,2.389864980301181e-12,3.0971406755967036e-12,9.52743361361676e-12,2.1133336918527226e-11,3.7418001674429e-11,5.67542864076828e-11,7.745628840143928e-11,9.792288866950217e-11,1.1672783818183798e-10,1.328701563283169e-10,1.4587713285402352e-10,1.5571833881912203e-10,1.6264594276434777e-10,1.6704942333992596e-10,1.693557029907165e-10,1.6997247813687423e-10,1.6926184109000512e-10,1.6753185212027446e-10,1.6503747675516802e-10,1.6198576515371728e-10,1.5854249384153092e-10,1.548388751589052e-10,1.50977700989214e-10,1.4703868628552336e-10,1.4308297748301032e-10,1.3915688366617865e-10,1.3529492518611323e-10,1.315223028017223e-10,1.278568851771091e-10,1.2431080156796232e-10,1.2089171387415941e-10,1.1760382993390022e-10,1.1444870888057943e-10,1.114258998737288e-10,1.0853344755844774e-10,1.0576829106078396e-10,1.0312657800094544e-10,1.0060391071632045e-10,9.819553843340413e-11,9.589650637196504e-11,9.370177056100475e-11,9.160628538751562e-11,8.960506949008582e-11,8.769325450028271e-11,8.586612022490257e-11,8.411911915466814e-11,8.244789260716258e-11,8.084828034946599e-11,7.931632518366851e-11,7.784827366934762e-11,7.644057392764468e-11,7.508987127599752e-11,7.37930022874189e-11,7.254698774204617e-11,7.134902484409035e-11,7.019647898789646e-11,6.908687529969749e-11,6.801789012701949e-11,6.698734260475168e-11,6.599318639709068e-11,6.50335016829649e-11,6.410648743892905e-11,6.321045405033309e-11,6.23438162722029e-11,6.150508655131838e-11,6.069286871107855e-11,5.990585199794325e-11,5.914280548074654e-11,5.840257279368223e-11,5.7684067209456966e-11,5.698626702956527e-11,5.630821127426798e-11,5.564899566059286e-11,5.500776884648909e-11,5.4383728934741445e-11,5.377612020884537e-11,5.318423009880962e-11,5.260738635282482e-11,5.204495440602829e-11,5.1496334931755215e-11,5.096096156292743e-11,5.043829877196452e-11,4.992783989826129e-11,4.94291053129499e-11,4.894164071078938e-11,4.8465015520792144e-11,4.799882142631767e-11,4.754267098795126e-11,4.709619636018321e-11,4.66590480967633e-11,4.6230894036965284e-11,4.581141826799728e-11,4.540032015732833e-11,4.4997313450077404e-11,4.4602125427123813e-11,4.421449611912955e-11,4.3834177572257965e-11,4.3460933163142286e-11,4.30945369577088e-11,4.273477311255393e-11,4.238143531397776e-11,4.203432625420443e-11,4.169325714000775e-11,4.135804723317296e-11,4.102852341960777e-11,4.070451980492635e-11,4.0385877335872294e-11,4.0072443444434784e-11,3.976407171398017e-11,3.946062156549481e-11,3.916195796278522e-11,3.886795113501677e-11,3.857847631636696e-11,3.8293413499743904e-11,3.801264720634858e-11,3.7736066267085835e-11,3.746356361739528e-11,3.719503610410047e-11,3.693038430187973e-11,3.666951234082546e-11,3.64123277436843e-11,3.6158741271577235e-11,3.590866677868429e-11,3.566202107392226e-11,3.5418723791006426e-11,3.517869726485293e-11,3.494186641449647e-11,3.4708158632471304e-11,3.447750367937031e-11,3.4249833584782305e-11,3.402508255184102e-11,3.380318686793164e-11,3.358408481916691e-11,3.336771660926405e-11,3.3154024282551675e-11,3.294295165054935e-11,3.273444422212266e-11,3.252844913711176e-11,3.232491510301291e-11,3.2123792334746183e-11,3.192503249715122e-11,3.17285886501579e-11,3.1534415196554304e-11,3.134246783211238e-11,3.115270349794378e-11,3.096508033502508e-11,3.077955764076514e-11,3.059609582743935e-11,3.041465638247691e-11,3.023520183054013e-11,3.0057695697187555e-11,2.988210247396115e-11,2.9708387585236984e-11,2.953651735626202e-11,2.9366458982599004e-11,2.9198180500826166e-11,2.9031650760445637e-11,2.886683939708618e-11,2.870371680626492e-11,2.854225411930441e-11,2.838242317869312e-11,2.822419651582351e-11,2.8067547328504536e-11,2.7912449460648077e-11,2.7758877381221266e-11,2.7606806164821815e-11,2.745621147371438e-11,2.7307069538757785e-11,2.7159357142597576e-11,2.7013051602853227e-11,2.6868130756095557e-11,2.672457294215765e-11,2.6582356989453554e-11,2.644146220034865e-11,2.6301868337506096e-11,2.6163555610417523e-11,2.6026504662504156e-11,2.589069655896202e-11,2.5756112773990122e-11,2.5622735180278922e-11,2.5490546037011223e-11,2.535952797951483e-11,2.5229664008616414e-11,2.510093748075769e-11,2.4973332098149303e-11,2.4846831899336113e-11,2.4721421250519797e-11,2.459708483608052e-11,2.4473807650614824e-11,2.435157499090258e-11,2.4230372446777353e-11,2.4110185894937172e-11,2.3991001491226395e-11,2.3872805662497287e-11,2.3755585100323898e-11,2.3639326754291897e-11,2.3524017825300892e-11,2.340964575914884e-11,2.3296198240571302e-11,2.318366318729982e-11,2.3072028744268272e-11,2.296128327774891e-11,2.2851415370229773e-11,2.2742413815205885e-11,2.263426761175899e-11,2.252696596030108e-11,2.2420498256712387e-11,2.231485408853069e-11,2.221002322993737e-11,2.2105995637973077e-11,2.200276144756087e-11,2.1900310967592403e-11,2.1798634677560615e-11,2.1697723222478288e-11,2.1597567410105013e-11,2.1498158206610275e-11,2.1399486733322877e-11,2.13015442630941e-11,2.120432221697761e-11,2.1107812161032157e-11,2.1012005802877433e-11,2.091689498856977e-11,2.0822471700131836e-11,2.072872805183802e-11,2.063565628750858e-11,2.0543248778321398e-11,2.045149801937473e-11,2.0360396627351083e-11,2.0269937337942194e-11,2.0180113003200028e-11,2.0090916589180408e-11,2.000234117368913e-11,1.991437994384868e-11,1.9827026193715162e-11,1.9740273322176396e-11,1.965411483091409e-11,1.9568544322040505e-11,1.9483555496376552e-11,1.939914215129172e-11,1.931529817849841e-11,1.9232017563067794e-11,1.914929438023195e-11,1.9067122794994515e-11,1.898549705925701e-11,1.890441151054945e-11,1.8823860570252283e-11,1.8743838742733398e-11,1.8664340612432203e-11,1.8585360843014934e-11,1.8506894175943788e-11,1.8428935428888912e-11,1.8351479494324314e-11,1.8274521337692192e-11,1.8198055996594796e-11,1.812207857937118e-11,1.804658426339983e-11,1.7971568294218778e-11,1.789702598384986e-11,1.782295271004247e-11,1.774934391472072e-11,1.7676195103115965e-11,1.760350184228678e-11,1.7531259760202056e-11,1.7459464544534378e-11,1.738811194193927e-11,1.7317197756255632e-11,1.724671784832431e-11,1.7176668134567967e-11,1.710704458576373e-11,1.7037843226694222e-11,1.6969060134834156e-11,1.690069143940537e-11,1.6832733320667672e-11,1.676518200876452e-11,1.66980337832824e-11,1.6631284972043218e-11,1.656493195030703e-11,1.649897114033534e-11,1.6433399009787058e-11,1.6368212072202527e-11,1.630340688488507e-11,1.623898004942973e-11,1.617492820981087e-11,1.6111248052495812e-11,1.6047936305574438e-11,1.598498973777805e-11,1.5922405158052635e-11,1.5860179415096564e-11,1.5798309396255993e-11,1.5736792027224338e-11,1.5675624271327957e-11,1.56148031289873e-11,1.555432563695009e-11,1.549418886795526e-11,1.543438993002513e-11,1.5374925965842812e-11,1.5315794152318185e-11,1.525699170016507e-11,1.5198515853042565e-11,1.5140363887112283e-11,1.5082533111127195e-11,1.5025020865079983e-11,1.4967824520144312e-11,1.4910941478213828e-11,1.4854369171271624e-11,1.4798105061202268e-11,1.4742146639006753e-11,1.468649142458197e-11,1.4631136966203845e-11,1.457608084020017e-11,1.4521320650342085e-11,1.4466854027612977e-11,1.44126786297416e-11,1.4358792140792063e-11,1.4305192270795096e-11,1.4251876755353048e-11,1.419884335529598e-11,1.4146089856289294e-11,1.4093614068466586e-11,1.4041413826078542e-11,1.3989486987174971e-11,1.3937831433240768e-11,1.3886445068830656e-11,1.3835325821336481e-11,1.3784471640532287e-11,1.3733880498229228e-11,1.3683550388280037e-11,1.3633479326003147e-11,1.3583665347701184e-11,1.3534106510906342e-11,1.3484800893477452e-11,1.3435746593867173e-11,1.3386941730355897e-11,1.3338384441149262e-11,1.3290072883905794e-11,1.3242005235520349e-11,1.3194179691770744e-11,1.3146594467298521e-11,1.3099247795198603e-11,1.3052137926690037e-11,1.3005263131038736e-11,1.2958621695184163e-11,1.2912211923536529e-11,1.2866032137895622e-11,1.2820080676942803e-11,1.2774355896199123e-11,1.272885616779371e-11,1.2683579880167374e-11,1.2638525437961565e-11,1.2593691261701733e-11,1.254907578765511e-11,1.2504677467655176e-11,1.246049476880535e-11,1.2416526173244905e-11,1.2372770178314041e-11,1.232922529579763e-11,1.2285890052183482e-11,1.2242762988249549e-11,1.2199842659013404e-11,1.215712763342496e-11,1.2114616494339755e-11,1.2072307838144871e-11,1.2030200274701681e-11,1.1988292427452003e-11,1.194658293267272e-11,1.1905070439692341e-11,1.1863753610704089e-11,1.1822631120434976e-11,1.1781701656305475e-11,1.174096391801521e-11,1.1700416617273764e-11,1.1660058478173665e-11,1.1619888236444784e-11,1.1579904639625095e-11,1.1540106446910367e-11,1.1500492428931992e-11,1.146106136759741e-11,1.1421812056076676e-11,1.1382743298796967e-11,1.1343853910800649e-11,1.1305142718021687e-11,1.126660855712497e-11,1.1228250275346962e-11,1.1190066730074418e-11,1.1152056789334677e-11,1.1114219331170342e-11,1.1076553243730725e-11,1.1039057425059925e-11,1.1001730783046408e-11,1.0964572235275054e-11,1.0927580708953675e-11,1.0890755140750034e-11,1.0854094476704487e-11,1.0817597672089403e-11,1.0781263691490439e-11,1.074509150836683e-11,1.0709080105312036e-11,1.0673228473562097e-11,1.0637535613242028e-11,1.060200053310992e-11,1.0566622250483011e-11,1.0531399791143862e-11,1.04963321892038e-11,1.0461418487059427e-11,1.04266577352933e-11,1.0392048992563352e-11,1.035759132554189e-11,1.0323283808797111e-11,1.0289125524727647e-11,1.0255115563486217e-11,1.0221253022806025e-11,1.0187537008064026e-11,1.0153966632103032e-11,1.0120541015152388e-11,1.0087259284777497e-11,1.0054120575763405e-11,1.0021124030098967e-11,9.988268796859326e-12,9.955554032100223e-12,9.922978898740062e-12,9.89054256677643e-12,9.858244212796768e-12,9.82608302018209e-12,9.794058178955235e-12,9.762168885722454e-12,9.730414343547909e-12,9.698793761897905e-12,9.667306356851757e-12,9.635951350363485e-12,9.604727971211485e-12,9.573635453841193e-12,9.542673038998044e-12,9.511839973432179e-12,9.481135509873167e-12,9.450558907010936e-12,9.420109429371969e-12,9.389786347301429e-12,9.35958893682966e-12,9.329516479727004e-12,9.299568263316245e-12,9.269743580616046e-12,9.240041729951575e-12,9.21046201533265e-12,9.181003746057024e-12,9.151666236726377e-12,9.122448807252739e-12,9.093350782825402e-12,9.064371493867755e-12,9.035510275698493e-12,9.00676646895915e-12,8.97813941924251e-12,8.949628477120974e-12,8.921232998127711e-12,8.892952342603168e-12,8.864785875835342e-12,8.836732967786768e-12,8.808792993286012e-12,8.780965331647485e-12,8.753249367163048e-12,8.72564448842346e-12,8.69815008870914e-12,8.670765565840402e-12,8.643490321917044e-12,8.616323763848912e-12,8.589265302530273e-12,8.562314353386833e-12,8.535470336126416e-12,8.50873267476288e-12,8.482100797373093e-12,8.45557413650909e-12,8.429152128586205e-12,8.402834214222964e-12,8.376619838002548e-12,8.35050844875689e-12,8.32449949917116e-12,8.298592445829484e-12,8.272786749270855e-12,8.247081873929742e-12,8.22147728809762e-12,8.195972463795802e-12,8.170566876869193e-12,8.145260006833287e-12,8.120051337066508e-12,8.094940354351718e-12,8.069926549465484e-12,8.045009416448711e-12,8.02018845303214e-12,7.995463160457332e-12,7.970833043536545e-12,7.94629761041139e-12,7.92185637286535e-12,7.897508845904385e-12,7.873254548005042e-12,7.849093000946683e-12,7.825023729839143e-12,7.801046263032069e-12,7.777160132233574e-12,7.753364872233264e-12,7.729660021240678e-12,7.706045120426899e-12,7.682519714172832e-12,7.659083349959575e-12,7.635735578392026e-12,7.61247595310655e-12,7.589304030825328e-12,7.566219371094382e-12,7.543221536661421e-12,7.520310093062751e-12,7.497484608956184e-12,7.474744655719975e-12,7.452089807674784e-12,7.429519641944142e-12,7.407033738534687e-12,7.38463168023806e-12,7.362313052630897e-12,7.340077444046709e-12,7.317924445487837e-12,7.295853650790228e-12,7.273864656344539e-12,7.251957061263741e-12,7.230130467272626e-12,7.208384478742787e-12,7.186718702671948e-12,7.165132748496758e-12,7.14362622833198e-12,7.122198756763137e-12,7.100849950898997e-12,7.0795794303324086e-12,7.0583868171346065e-12,7.037271735732327e-12,7.016233813126385e-12,6.995272678646059e-12,6.974387963979113e-12,6.953579303205099e-12,6.932846332744325e-12,6.91218869132747e-12,6.89160602001503e-12,6.871097962125272e-12,6.850664163287494e-12,6.830304271339067e-12,6.810017936360981e-12,6.789804810649826e-12,6.769664548712317e-12,6.749596807197959e-12,6.729601244989694e-12,6.70967752294153e-12,6.6898253042085925e-12,6.670044253988513e-12,6.650334039638891e-12,6.630694330376628e-12,6.611124797675249e-12,6.591625115022786e-12,6.5721949578603824e-12,6.552834003690411e-12,6.5335419319967395e-12,6.514318424235919e-12,6.495163163803847e-12,6.476075836068187e-12,6.457056128332539e-12,6.438103729817584e-12,6.419218331556611e-12,6.4003996265584404e-12,6.3816473096696e-12,6.3629610776155374e-12,6.344340628939559e-12,6.325785663995635e-12,6.307295884984308e-12,6.288870995852738e-12,6.2705107022968945e-12,6.2522147120129736e-12,6.233982734196561e-12,6.215814479877386e-12,6.197709661822582e-12,6.17966799450328e-12,6.161689194093906e-12,6.143772978400995e-12,6.1259190669968584e-12,6.108127181078927e-12,6.090397043517222e-12,6.072728378757142e-12,6.055120912926732e-12,6.037574373715265e-12,6.0200884905598174e-12,6.002662994308705e-12,5.985297617452114e-12,5.967992094063288e-12,5.950746159732329e-12,5.933559551607967e-12,5.9164320083716866e-12,5.8993632701708415e-12,5.882353078819431e-12,5.8654011774684026e-12,5.848507310785825e-12,5.8316712248777835e-12,5.814892667502456e-12,5.798171387665835e-12,5.781507135884661e-12,5.7648996640940736e-12,5.748348725647347e-12,5.7318540753438866e-12,5.715415469352184e-12,5.699032665213387e-12,5.682705421859156e-12,5.666433499648067e-12,5.650216660219333e-12,5.634054666592155e-12,5.6179472831159706e-12,5.6018942754810905e-12,5.5858954106813195e-12,5.569950457043152e-12,5.554059184047185e-12,5.538221362825979e-12,5.522436765480346e-12,5.5067051654244386e-12,5.491026337440989e-12,5.475400057483649e-12,5.459826102758238e-12,5.444304251735221e-12,5.428834284107761e-12,5.413415980793885e-12,5.398049123876664e-12,5.382733496707599e-12,5.367468883767642e-12,5.3522550707817844e-12,5.3370918445797044e-12,5.3219789932557e-12,5.306916305989705e-12,5.291903573102905e-12,5.276940586162077e-12,5.262027137765337e-12,5.247163021689864e-12,5.232348032783681e-12,5.217581967067097e-12,5.202864621622357e-12,5.188195794676375e-12,5.173575285466957e-12,5.159002894420329e-12,5.14447842284306e-12,5.130001673409654e-12,5.1155724496023644e-12,5.101190556051353e-12,5.086855798423846e-12,5.072567983437327e-12,5.0583269187968726e-12,5.044132413265158e-12,5.029984276623908e-12,5.015882319642489e-12,5.001826354114939e-12,4.987816192822806e-12,4.973851649535138e-12,4.959932538997785e-12,4.946058676968627e-12,4.9322298800914265e-12,4.918445966113475e-12,4.904706753580351e-12,4.891012062111007e-12,4.877361712191703e-12,4.863755525316648e-12,4.8501933237550785e-12,4.8366749309075214e-12,4.823200170973985e-12,4.809768869104252e-12,4.796380851330246e-12,4.783035944609448e-12,4.769733976764011e-12,4.756474776525626e-12,4.743258173514957e-12,4.730083998196035e-12,4.716952081956398e-12,4.703862257049823e-12,4.6908143564824815e-12,4.6778082142130745e-12,4.664843665019829e-12,4.651920544610587e-12,4.6390386893887935e-12,4.626197936677301e-12,4.613398124609305e-12,4.60063909213622e-12,4.5879206789700425e-12,4.5752427256918644e-12,4.562605073698034e-12,4.5500075652675594e-12,4.537450043295464e-12,4.524932351538777e-12,4.512454334599732e-12,4.5000158377364675e-12,4.4876167071114554e-12,4.475256789581188e-12,4.462935932761647e-12,4.450653985103211e-12,4.43841079571763e-12,4.4262062145590995e-12,4.414040092267726e-12,4.401912280233097e-12,4.3898226305869086e-12,4.377770996194736e-12,4.365757234499714e-12,4.353781200517193e-12,4.34184274507962e-12,4.329941723086838e-12,4.318077990753344e-12,4.3062514051915295e-12,4.294461824333962e-12,4.282709106809105e-12,4.270993111915126e-12,4.259313699638403e-12,4.247670730633056e-12,4.2360640662670624e-12,4.224493568540969e-12,4.212959100136295e-12,4.2014605243994544e-12,4.1899977053114075e-12,4.178570507533579e-12,4.167178796364051e-12,4.155822437758908e-12,4.1445012983149954e-12,4.133215245255309e-12,4.121964146446703e-12,4.110747870475555e-12,4.0995662864143904e-12,4.088419264036299e-12,4.0773066737040526e-12,4.066228386423239e-12,4.055184273810576e-12,4.044174208026007e-12,4.0331980620178946e-12,4.022255709181985e-12,4.0113470235226035e-12,4.0004718796684516e-12,3.98963015284627e-12,3.9788217188852705e-12,3.96804645416931e-12,3.957304235674819e-12,3.946594940972384e-12,3.935918448177994e-12,3.925274636006433e-12,3.9146633837206895e-12,3.904084571173683e-12,3.893538078758848e-12,3.88302378744261e-12,3.872541578721804e-12,3.862091334670371e-12,3.851672937916934e-12,3.841286271582818e-12,3.830931219418049e-12,3.820607665622141e-12,3.810315494995177e-12,3.800054592847004e-12,3.789824844972551e-12,3.779626137832066e-12,3.769458358241315e-12,3.759321393675028e-12,3.749215131972818e-12,3.739139461612282e-12,3.729094271541844e-12,3.719079451241131e-12,3.70909489067098e-12,3.6991404802912504e-12,3.689216111080387e-12,3.679321674493492e-12,3.669457062508409e-12,3.6596221675669746e-12,3.649816882614063e-12,3.64004110106165e-12,3.630294716819483e-12,3.620577624293859e-12,3.610889718322399e-12,3.6012308942452186e-12,3.5916010478967935e-12,3.5820000755415124e-12,3.5724278739187513e-12,3.5628843402626547e-12,3.5533693722491586e-12,3.5438828679443837e-12,3.534424725972013e-12,3.524994845377784e-12,3.5155931256336322e-12,3.5062194667280275e-12,3.496873768973109e-12,3.4875559332332415e-12,3.478265860701717e-12,3.4690034531923653e-12,3.4597686127985475e-12,3.4505612420988363e-12,3.4413812440395743e-12,3.4322285221572962e-12,3.423102980269771e-12,3.4140045226689408e-12,3.404933054028305e-12,3.3958884794974152e-12,3.5649970027276545e-12,3.80000270819429e-12,4.0555253314828095e-12,4.310487552211385e-12,4.555336541101634e-12,4.7861059466086885e-12,5.001546627428405e-12,5.20171167652233e-12,5.387252885795516e-12,5.559071155663594e-12,5.71814439568756e-12,5.865444657408436e-12,6.001900058921625e-12,6.128379062714811e-12,6.245685771614305e-12,6.35456052398457e-12,6.455682914650174e-12,6.549675806229847e-12,6.637109624809578e-12,6.7185066013405305e-12,6.794344803574149e-12,6.865061896924283e-12,6.931058617086413e-12,6.992701958652186e-12,7.05032809480054e-12,7.104245046148455e-12,7.1547351179114974e-12,7.202057124926928e-12,7.246448421813932e-12,7.288126756135571e-12,7.327291958645903e-12,7.364127486020779e-12,7.398801828158572e-12,7.431469792703222e-12,7.462273676970964e-12,7.491344337276864e-12,7.518802165309561e-12,7.54475797881566e-12,7.569313834582548e-12,7.592563770990945e-12,7.614594485293774e-12,7.635485952006137e-12,7.65531198832734e-12,7.674140769233328e-12,7.692035298785439e-12,7.70905384022829e-12,7.725250308944175e-12,7.740674631359085e-12,7.755373072873383e-12,7.769388537727773e-12,7.782760842868653e-12,7.79552696829351e-12,7.807721286034373e-12,7.819375769521488e-12,7.830520185060627e-12,7.84118226699783e-12,7.851387877981291e-12,7.861161155692475e-12,7.870524647129609e-12,7.879499431585103e-12,7.888105233336427e-12,7.896360524795147e-12,7.904282621158235e-12,7.911887767065427e-12,7.91919121624494e-12,7.926207304434622e-12,7.932949516365883e-12,7.939430547277999e-12,7.945662359414623e-12,7.951656233945919e-12,7.95742281869442e-12,7.962972172081263e-12,7.968313803468514e-12,7.973456710450704e-12,7.978409413027178e-12,7.983179985416552e-12,7.987776084902098e-12,7.992204978984289e-12,7.996473570101146e-12,8.000588418650807e-12,8.004555764152979e-12,8.008381544941359e-12,8.012071416347525e-12,8.015630767570072e-12,8.019064737291283e-12,8.022378228170419e-12,8.02557592038313e-12,8.0286622840931e-12,8.031641591146301e-12,8.034517925908277e-12,8.03729519538667e-12,8.039977138658475e-12,8.042567335696995e-12,8.045069215588922e-12,8.047486064236423e-12,8.049821031557403e-12,8.052077138260251e-12,8.05425728210957e-12,8.056364243949777e-12,8.058400693244201e-12,8.060369193312523e-12,8.062272206295354e-12,8.064112097792566e-12,8.065891141241568e-12,8.067611522070365e-12,8.069275341604819e-12,8.07088462072459e-12,8.072441303439312e-12,8.073947260096757e-12,8.075404290581012e-12,8.076814127263983e-12,8.078178437833884e-12,8.079498827936415e-12,8.080776843784148e-12,8.082013974517241e-12,8.08321165454104e-12,8.084371265699963e-12,8.085494139378059e-12,8.086581558474416e-12,8.087634759346646e-12,8.088654933557651e-12,8.089643229662406e-12,8.09060075485198e-12,8.091528576524183e-12,8.092427723808074e-12,8.093299189011855e-12,8.09414392900695e-12,8.094962866572987e-12,8.09575689164636e-12,8.096526862558954e-12,8.097273607204956e-12,8.097997924171815e-12,8.098700583812548e-12,8.099382329242454e-12,8.100043877453487e-12,8.100685920112636e-12,8.101309124584411e-12,8.101914134777241e-12,8.10250157199539e-12,8.103072035761033e-12,8.10362610458693e-12,8.10416433674056e-12,8.104687270967267e-12,8.10519542718378e-12,8.105689307156348e-12,8.106169395145489e-12,8.106636158526959e-12,8.107090048396016e-12,8.107531500146175e-12,8.107960934021834e-12,8.108378755655937e-12,8.108785356587283e-12,8.109181114759888e-12,8.109566395008912e-12,8.109941549483544e-12,8.110306918159667e-12,8.11066282922265e-12,8.11100959949022e-12,8.111347534817246e-12,8.111676930484362e-12,8.111998071556561e-12,8.112311233251373e-12,8.11261668127906e-12,8.112914672179148e-12,8.113205453627713e-12,8.113489264798043e-12,8.113766336578673e-12,8.114036891924884e-12,8.11430114610429e-12,8.114559306986786e-12,8.114811575282299e-12,8.115058144821729e-12,8.115299202747764e-12,8.11553492978973e-12,8.115765500482639e-12,8.115991083362879e-12,8.11621184119616e-12,8.116427931164601e-12,8.11663950507736e-12,8.116846709541613e-12,8.117049686149705e-12,8.117248571655806e-12,8.117443498152955e-12,8.117634593210518e-12,8.11782198005195e-12,8.118005777701448e-12,8.11818610112074e-12,8.11836306137221e-12,8.118536765726336e-12,8.118707317817875e-12,8.118874817752524e-12,8.119039362244302e-12,8.119201044724716e-12,8.11935995545798e-12,8.119516181654666e-12,8.119669807573115e-12,8.119820914629072e-12,8.11996958147365e-12,8.12011588411887e-12,8.120259896012876e-12,8.12040168812589e-12,8.120541329040357e-12,8.120678885036714e-12,8.120814420167042e-12,8.12094799633739e-12,8.121079673375555e-12,8.121209509110542e-12,8.121337559438024e-12,8.121463878383942e-12,8.121588518176649e-12,8.121711529301071e-12,8.121832960562799e-12,8.121952859134129e-12,8.122071270647055e-12,8.122188239212227e-12,8.122303807468537e-12,8.122418016652416e-12,8.12253090663819e-12,8.1226425159863e-12,8.122752881988846e-12,8.122862040709957e-12,8.122970027032255e-12,8.12307687469527e-12,8.123182616334829e-12,8.12328728352005e-12,8.123390906792055e-12,8.123493515697867e-12,8.123595138817978e-12,8.123695803816503e-12,8.123795537464857e-12,8.123894365654623e-12,8.123992313452677e-12,8.124089405115684e-12,8.124185664121276e-12,8.124281113195036e-12,8.124375774335286e-12,8.12446966884038e-12,8.124562817326454e-12,8.124655239747774e-12,8.124746955441655e-12,8.124837983136155e-12,8.12492834095754e-12,8.12501804644632e-12,8.125107116614637e-12,8.125195567941369e-12,8.125283416372554e-12,8.12537067737381e-12,8.125457365918417e-12,8.125543496530313e-12,8.12562908327152e-12,8.125714139772928e-12,8.125798679254061e-12,8.125882714513065e-12,8.125966257965723e-12,8.126049321663415e-12,8.126131917269321e-12,8.126214056104828e-12,8.126295749146438e-12,8.126377007040155e-12,8.1264578401198e-12,8.126538258397987e-12,8.126618271591974e-12,8.126697889139282e-12,8.126777120191777e-12,8.126855973632724e-12,8.126934458084756e-12,8.127012581918117e-12,8.127090353255858e-12,8.127167779992986e-12,8.127244869792241e-12,8.127321630089458e-12,8.127398068117791e-12,8.127474190895759e-12,8.127550005245006e-12,8.127625517800804e-12,8.127700734994851e-12,8.127775663093767e-12,8.127850308184589e-12,8.127924676177316e-12,8.127998772829831e-12,8.12807260373188e-12,8.128146174331369e-12,8.128219489907207e-12,8.128292555614526e-12,8.128365376460468e-12,8.128437957319104e-12,8.128510302933349e-12,8.128582417924816e-12,8.128654306778075e-12,8.128725973874166e-12,8.128797423474395e-12,8.128868659726865e-12,8.128939686674197e-12,8.129010508254729e-12,8.129081128304708e-12,8.129151550563788e-12,8.129221778673694e-12,8.129291816187332e-12,8.129361666565526e-12,8.129431333185564e-12,8.12950081934287e-12,8.129570128247093e-12,8.129639263032628e-12,8.129708226751334e-12,8.12977702238924e-12,8.12984565285396e-12,8.129914120988988e-12,8.129982429566706e-12,8.130050581299082e-12,8.130118578812223e-12,8.130186424700866e-12,8.130254121504001e-12,8.130321671667912e-12,8.130389077607766e-12,8.130456341676001e-12,8.13052346617224e-12,8.130590453346723e-12,8.130657305398344e-12,8.13072402447151e-12,8.130790612681354e-12,8.130857072078445e-12,8.130923404674117e-12,8.130989612436752e-12,8.131055697295897e-12,8.131121661136494e-12,8.131187505803797e-12,8.13125323310775e-12,8.131318844818732e-12,8.131384342668897e-12,8.131449728356742e-12,8.131515003546228e-12,8.131580169867049e-12,8.13164522891407e-12,8.131710182258138e-12,8.13177503142708e-12,8.13183977792772e-12,8.131904423233847e-12,8.131968968791932e-12,8.132033416020372e-12,8.132097766310507e-12,8.13216202102308e-12,8.132226181505184e-12,8.132290249073268e-12,8.13235422499915e-12,8.132418110556361e-12,8.132481906991143e-12,8.132545615520914e-12,8.132609237343806e-12,8.13267277364343e-12,8.132736225559402e-12,8.13279959423396e-12,8.132862880775034e-12,8.132926086291626e-12,8.132989211855386e-12,8.133052258529403e-12,8.133115227334672e-12,8.133178119303805e-12,8.13324093543922e-12,8.133303676721775e-12,8.133366344137889e-12,8.133428938637597e-12,8.133491461157155e-12,8.133553912622912e-12,8.133616293940293e-12,8.133678606004368e-12,8.13374084969933e-12,8.13380302588618e-12,8.133865135416856e-12,8.133927179109755e-12,8.133989157826181e-12,8.134051072374678e-12,8.134112923530605e-12,8.134174712114346e-12,8.1342364388728e-12,8.134298104583366e-12,8.134359709987025e-12,8.134421255807482e-12,8.134482742821728e-12,8.134544171725776e-12,8.134605543218506e-12,8.134666858037864e-12,8.134728116814008e-12,8.134789320254783e-12,8.134850469039453e-12,8.134911563788603e-12,8.134972605158586e-12,8.135033593815598e-12,8.135094530371452e-12,8.135155415453187e-12,8.135216249715723e-12,8.135277033673403e-12,8.13533776796603e-12,8.135398453182642e-12,8.135459089901325e-12,8.135519678694332e-12,8.135580220123679e-12,8.135640714742657e-12,8.135701163105394e-12,8.135761565747103e-12,8.135821923205273e-12,8.135882236005353e-12,8.135942504655784e-12,8.136002729678014e-12,8.136062911586803e-12,8.136123050863152e-12,8.136183148009218e-12,8.136243203509514e-12,8.136303217843293e-12,8.136363191483636e-12,8.136423124893363e-12,8.136483018530698e-12,8.136542872867621e-12,8.136602688347145e-12,8.136662465398734e-12,8.136722204469346e-12,8.136781905991297e-12,8.136841570391272e-12,8.136901198090607e-12,8.136960789505271e-12,8.137020345046037e-12,8.137079865118507e-12,8.137139350124177e-12,8.137198800457646e-12,8.137258216515394e-12,8.13731759867128e-12,8.137376947298247e-12,8.13743626280365e-12,8.137495545539649e-12,8.137554795866688e-12,8.137614014183638e-12,8.137673200803706e-12,8.13773235609955e-12,8.137791480420073e-12,8.137850574110582e-12,8.137909637512213e-12,8.137968670961972e-12,8.138027674792809e-12,8.138086649322173e-12,8.138145594908197e-12,8.138204511843092e-12,8.138263400462718e-12,8.138322261072854e-12,8.138381093951075e-12,8.138439899473142e-12,8.138498677870724e-12,8.138557429469408e-12,8.13861615456957e-12,8.13867485344247e-12,8.138733526413311e-12,8.138792173742998e-12,8.13885079572405e-12,8.138909392630352e-12,8.138967964765412e-12,8.139026512347335e-12,8.139085035728466e-12,8.139143535051747e-12,8.139202010649401e-12,8.139260462769541e-12,8.139318891631945e-12,8.139377297575398e-12,8.139435680801638e-12,8.139494041474462e-12,8.139552380017157e-12,8.139610696578776e-12,8.139668991409012e-12,8.139727264730153e-12,8.139785516781694e-12,8.13984374780673e-12,8.13990195801172e-12,8.13996014763894e-12,8.140018316886257e-12,8.140076466037534e-12,8.140134595242151e-12,8.140192704733528e-12,8.140250794729722e-12,8.14030886543747e-12,8.140366917090772e-12,8.140424949866698e-12,8.140482963983364e-12,8.140540959633905e-12,8.14059893701599e-12,8.140656896328951e-12,8.140714837767317e-12,8.140772761522633e-12,8.140830667788655e-12,8.140888556751789e-12,8.140946428536021e-12,8.141004283444977e-12,8.141062121602136e-12,8.141119943185196e-12,8.141177748372949e-12,8.141235537343445e-12,8.141293310280625e-12,8.141351067337035e-12,8.141408808681434e-12,8.141466534486882e-12,8.141524244911097e-12,8.14158194012821e-12,8.141639620271523e-12,8.141697285560987e-12,8.141754936194878e-12,8.141812572195018e-12,8.141870193774717e-12,8.141927801152394e-12,8.141985394381537e-12,8.142042973631216e-12,8.1421005391366e-12,8.142158090909657e-12,8.14221562916208e-12,8.142273154037471e-12,8.142330665682792e-12,8.142388164228414e-12,8.142445649814515e-12,8.142503122583841e-12,8.1425605826683e-12,8.142618030203021e-12,8.142675465320652e-12,8.142732888158909e-12,8.142790298825742e-12,8.142847697466312e-12,8.142905084207421e-12,8.142962459192808e-12,8.143019822498371e-12,8.143077174279633e-12,8.143134514652379e-12,8.143191843735493e-12,8.143249161643055e-12,8.143306468493375e-12,8.143363764380083e-12,8.143421049461295e-12,8.14347832384462e-12,8.14353558761675e-12,8.143592840898551e-12,8.14365008381325e-12,8.14370731644919e-12,8.143764538939357e-12,8.143821751399192e-12,8.14387895388308e-12,8.143936146509265e-12,8.143993329400036e-12,8.144050502632038e-12,8.144107666315824e-12,8.144164820551158e-12,8.144221965445903e-12,8.144279101073994e-12,8.144336227562927e-12,8.144393344999666e-12,8.144450453476423e-12,8.14450755306748e-12,8.144564643871687e-12,8.144621725984693e-12,8.144678799496039e-12,8.144735864494477e-12,8.144792921072982e-12,8.144849969307473e-12,8.144907009289483e-12,8.144964041104411e-12,8.145021064833887e-12,8.145078080561913e-12,8.145135088378831e-12,8.14519208834861e-12,8.145249080570007e-12,8.145306065113e-12,8.145363042055545e-12,8.145420011476203e-12,8.145476973451734e-12,8.145533928056962e-12,8.145590875339836e-12,8.145647815429707e-12,8.1457047484607e-12,8.145761674329495e-12,8.145818593197852e-12,8.14587550513105e-12,8.145932410195602e-12,8.14598930845172e-12,8.14604620012484e-12,8.14610308508137e-12,8.146159963391444e-12,8.146216835178341e-12,8.146273700512736e-12,8.146330559454827e-12,8.146387412065673e-12,8.146444258419676e-12,8.14650109857167e-12,8.146557932571667e-12,8.146614760525115e-12,8.146671582587422e-12,8.146728398537448e-12,8.146785208599127e-12,8.14684201281466e-12,8.146898811265133e-12,8.14695560399453e-12,8.14701239106162e-12,8.147069172517747e-12,8.147125948417317e-12,8.147182718822855e-12,8.147239483738242e-12,8.147296243315741e-12,8.147352997553272e-12,8.147409746568018e-12,8.147466490290683e-12,8.147523228813653e-12,8.147579962253162e-12,8.147636690587605e-12,8.147693413855229e-12,8.147750132180323e-12,8.147806845567475e-12,8.147863554079803e-12,8.147920257755819e-12,8.147976956634235e-12,8.148033650801798e-12,8.148090340362724e-12,8.148147025164607e-12,8.148203705361845e-12,8.148260380999194e-12,8.148317052118208e-12,8.148373718712519e-12,8.148430380934583e-12,8.148487038772857e-12,8.148543692261333e-12,8.148600341461204e-12,8.148656986343801e-12,8.1487136270454e-12,8.148770263507982e-12,8.14882689588443e-12,8.148883524165144e-12,8.14894014839129e-12,8.14899676856301e-12,8.14905338477567e-12,8.149109997042287e-12,8.1491666054003e-12,8.149223209885226e-12,8.149279810581206e-12,8.149336407489824e-12,8.149393000575476e-12,8.149449589929738e-12,8.149506175590018e-12,8.149562757594203e-12,8.149619335969906e-12,8.149675910756205e-12,8.149732481909207e-12,8.149789049617424e-12,8.149845613845199e-12,8.149902174600585e-12,8.149958731925056e-12,8.150015285797837e-12,8.15007183637162e-12,8.15012838362274e-12,8.150184927544385e-12,8.150241468174849e-12,8.150298005581183e-12,8.150354539739762e-12,8.15041107079638e-12,8.150467598630419e-12,8.150524123352893e-12,8.150580644945661e-12,8.150637163582365e-12,8.150693679100442e-12,8.150750191606552e-12,8.150806701123379e-12,8.150863207631605e-12,8.150919711171685e-12,8.150976211965913e-12,8.15103270979657e-12,8.151089204769057e-12,8.151145696901082e-12,8.151202186237375e-12,8.151258672879436e-12,8.151315156667629e-12,8.151371637681931e-12,8.151428116043757e-12,8.15148459171598e-12,8.15154106472975e-12,8.151597535070282e-12,8.151654002817113e-12,8.151710467908754e-12,8.151766930463292e-12,8.151823390511245e-12,8.151879848034441e-12,8.151936302981053e-12,8.151992755515011e-12,8.152049205587307e-12,8.152105653272785e-12,8.152162098485498e-12,8.152218541269766e-12,8.15227498170386e-12,8.152331419753764e-12,8.152387855488338e-12,8.152444288929669e-12,8.15250072005178e-12,8.152557148891517e-12,8.15261357547411e-12,8.152669999809045e-12,8.152726421923048e-12,8.152782841623959e-12,8.152839259339544e-12,8.152895674889677e-12,8.152952088290247e-12,8.153008499528944e-12,8.153064908684588e-12,8.153121315737059e-12,8.15317772071051e-12,8.153234123620278e-12,8.153290524448813e-12,8.153346923271271e-12,8.153403320097657e-12,8.153459715075154e-12,8.153516107868453e-12,8.153572498727916e-12,8.153628887482449e-12,8.153685274461023e-12,8.153741659542561e-12,8.15379804267562e-12,8.15385442391972e-12,8.153910803293432e-12,8.15396718076578e-12,8.154023556429368e-12,8.154079930170124e-12,8.154136302191882e-12,8.154192672454634e-12,8.154249040753217e-12,8.154305407391062e-12,8.154361772324667e-12,8.154418135563986e-12,8.154474496945465e-12,8.15453085656916e-12,8.154587214520318e-12,8.154643570787898e-12,8.154699925346382e-12,8.154756278238589e-12,8.15481262944347e-12,8.154868978939993e-12,8.154925326880928e-12,8.154981673044682e-12,8.155038017763732e-12,8.155094360872158e-12,8.155150702373974e-12,8.155207042301545e-12,8.155263380663228e-12,8.155319717467719e-12,8.155376052610639e-12,8.155432386409014e-12,8.15548871848817e-12,8.155545049224765e-12,8.155601378310557e-12,8.155657706024211e-12,8.155714032243298e-12,8.155770356929559e-12,8.155826680221204e-12,8.15588300207897e-12,8.155939322553189e-12,8.155995641488072e-12,8.156051959038841e-12,8.156108275174289e-12,8.156164589961824e-12,8.156220903301653e-12,8.156277215250031e-12,8.15633352580463e-12,8.156389835056242e-12,8.156446142919204e-12,8.156502449461678e-12,8.156558754644863e-12,8.156615058371638e-12,8.15667136090091e-12,8.15672766213952e-12,8.156783962048484e-12,8.156840260559608e-12,8.156896557894768e-12,8.156952853950758e-12,8.157009148632879e-12,8.157065442107002e-12,8.157121734361259e-12,8.157178025367557e-12,8.157234315133531e-12,8.157290603666963e-12,8.15734689097542e-12,8.15740317697624e-12,8.15745946185234e-12,8.15751574552934e-12,8.157572028011691e-12,8.157628309375929e-12,8.157684589486562e-12,8.157740868427576e-12,8.15779714617294e-12,8.157853422459274e-12,8.157909697926e-12,8.157965972230958e-12,8.158022245395074e-12,8.158078517427136e-12,8.158134788323641e-12,8.15819105808619e-12,8.158247326699935e-12,8.158303594256444e-12,8.158359860708392e-12,8.158416126037587e-12,8.158472390020325e-12,8.158528653206654e-12,8.158584915306883e-12,8.158641176317224e-12,8.158697436267064e-12,8.158753695147453e-12,8.158809952987795e-12,8.158866209825066e-12,8.158922465571264e-12,8.158978720279479e-12,8.15903497395238e-12,8.159091226596535e-12,8.15914747823729e-12,8.159203728843964e-12,8.15925997844067e-12,8.159316227022183e-12,8.159372474590671e-12,8.159428721171347e-12,8.159484966743474e-12,8.159541211343138e-12,8.159597454959568e-12,8.159653697589896e-12,8.159709939252135e-12,8.159766179947224e-12,8.159822419678082e-12,8.159878658438057e-12,8.159934896221392e-12,8.159991133174927e-12,8.160047369091536e-12,8.160103604068051e-12,8.160159838106889e-12,8.160216071211896e-12,8.160272303399445e-12,8.160328534614143e-12,8.160384764944218e-12,8.160440994358056e-12,8.160497222859159e-12,8.160553450451604e-12,8.160609677120235e-12,8.160665902928823e-12,8.160722127925964e-12,8.16077835190747e-12,8.160834575096398e-12,8.160890797318624e-12,8.160947018659049e-12,8.161003239121337e-12,8.16105945870913e-12,8.161115677416341e-12,8.161171895264185e-12,8.161228112216455e-12,8.161284328324465e-12,8.161340543587947e-12,8.161396758003287e-12,8.16145297153793e-12,8.161509184273222e-12,8.161565396148629e-12,8.161621607182527e-12,8.161677817319849e-12,8.161734026613594e-12,8.161790235145402e-12,8.161846442855906e-12,8.1619026497351e-12,8.161958855778607e-12,8.162015061018294e-12,8.162071265444665e-12,8.162127469083681e-12,8.16218367188546e-12,8.162239873886506e-12,8.162296075082638e-12,8.162352275465933e-12,8.162408475056527e-12,8.162464673852388e-12,8.162520871843089e-12,8.162577068798216e-12,8.162633265223311e-12,8.162689460854866e-12,8.162745655712728e-12,8.1628018497847e-12,8.162858043085668e-12,8.162914235676984e-12,8.162970427431112e-12,8.1630266184138e-12,8.163082808764229e-12,8.163138998202714e-12,8.163195186843531e-12,8.163251374773355e-12,8.163307561938105e-12,8.163363748354711e-12,8.163419934018146e-12,8.163476118961097e-12,8.163532303115334e-12,8.163588486511175e-12,8.163644669195697e-12,8.163700851136242e-12,8.163757032328546e-12,8.163813212796923e-12,8.163869392508703e-12,8.16392557149507e-12,8.163981749680447e-12,8.164037927200626e-12,8.164094103996192e-12,8.164150280077546e-12,8.164206455444053e-12,8.164262630071011e-12,8.164318803950158e-12,8.164374977135908e-12,8.164431149659217e-12,8.16448732140996e-12,8.164543492452962e-12,8.164599662787456e-12,8.164655832368115e-12,8.164712001284691e-12,8.164768169495983e-12,8.16482433708832e-12,8.16488050389424e-12,8.164936669987747e-12,8.164992835394196e-12,8.165049000104316e-12,8.165105164108919e-12,8.165161327439816e-12,8.165217490036682e-12,8.165273651947861e-12,8.165329813168933e-12,8.165385973738898e-12,8.165442133629525e-12,8.165498292970256e-12,8.165554451481313e-12,8.16561060933033e-12,8.16566676647075e-12,8.16572292294259e-12,8.165779078727318e-12,8.165835233846582e-12,8.165891388296218e-12,8.165947542068807e-12,8.166003695170667e-12,8.16605984760265e-12,8.166115999464481e-12,8.166172150642398e-12,8.166228301081265e-12,8.166284450847115e-12,8.166340599949918e-12,8.166396748367453e-12,8.166452896255357e-12,8.166509043335821e-12,8.166565189797805e-12,8.166621335621456e-12,8.166677480704541e-12,8.166733625186264e-12,8.166789769027207e-12,8.166845912182158e-12,8.166902054762372e-12,8.166958196650235e-12,8.167014337873517e-12,8.167070478458231e-12,8.167126618402605e-12,8.167182757700223e-12,8.167238896356163e-12,8.167295034349703e-12,8.167351171722398e-12,8.167407308560641e-12,8.167463444647206e-12,8.167519580099453e-12,8.167575714877122e-12,8.167631849164537e-12,8.167687982699998e-12,8.167744115605967e-12,8.167800247836087e-12,8.167856379412574e-12,8.167912510416628e-12,8.167968640767877e-12,8.168024770496488e-12,8.168080899637015e-12,8.168137028110271e-12,8.168193155982194e-12,8.168249283313043e-12,8.168305409911664e-12,8.16836153588692e-12,8.168417661235008e-12,8.168473786103638e-12,8.16852991021304e-12,8.16858603369397e-12,8.168642156595939e-12,8.168698278834365e-12,8.16875440045981e-12,8.168810521458703e-12,8.168866641842467e-12,8.16892276160864e-12,8.168978880773715e-12,8.169034999310808e-12,8.169091117240177e-12,8.169147234546208e-12,8.169203351227567e-12,8.169259467308609e-12,8.169315582783966e-12,8.16937169763558e-12,8.169427812004856e-12,8.16948392564602e-12,8.16954003863603e-12,8.16959615106492e-12,8.169652262858124e-12,8.16970837406309e-12,8.16976448466061e-12,8.169820594662229e-12,8.169876704211019e-12,8.169932812993978e-12,8.169988921173117e-12,8.170045028756378e-12,8.170101135724557e-12,8.170157242095392e-12,8.170213347869929e-12,8.170269453039107e-12,8.170325557611708e-12,8.170381661588711e-12,8.170437765062532e-12,8.17049386798414e-12,8.170549970168025e-12,8.170606071861828e-12,8.17066217294394e-12,8.170718273327587e-12,8.170774373116304e-12,8.170830472307811e-12,8.170886571017996e-12,8.170942669005026e-12,8.170998766412881e-12,8.1710548632233e-12,8.171110959447038e-12,8.17116705511148e-12,8.171223150162973e-12,8.171279244602221e-12,8.171335338461665e-12,8.171391431729278e-12,8.17144752437762e-12,8.171503616468103e-12,8.171559707969859e-12,8.171615798875569e-12,8.171671889201146e-12,8.171727979071024e-12,8.171784068232545e-12,8.171840156791726e-12,8.171896244887565e-12,8.171952332247522e-12,8.172008419195925e-12,8.172064505413048e-12,8.172120591052028e-12,8.172176676237682e-12,8.172232760765974e-12,8.172288844653679e-12,8.172344927957862e-12,8.172401010663832e-12,8.1724570927113e-12,8.172513174393436e-12,8.17256925547483e-12,8.172625335992985e-12,8.172681415965251e-12,8.1727374952025e-12,8.172793573818882e-12,8.172849652042892e-12,8.172905729524554e-12,8.172961806437938e-12,8.173017882905946e-12,8.173073958790841e-12,8.173130034081581e-12,8.173186108812805e-12,8.173242182845382e-12,8.173298256300552e-12,8.173354329170557e-12,8.173410401590043e-12,8.17346647331822e-12,8.173522544575526e-12,8.173578615155384e-12,8.173634685306963e-12,8.173690754735778e-12,8.173746823608013e-12,8.173802891888976e-12,8.173858959597512e-12,8.173915026725747e-12,8.173971093287157e-12,8.174027159427323e-12,8.174083224954402e-12,8.17413928989817e-12,8.174195354309048e-12,8.174251418131713e-12,8.174307481395748e-12,8.17436354405164e-12,8.174419606136626e-12,8.17447566754786e-12,8.174531728498949e-12,8.174587788778123e-12,8.174643848489959e-12,8.174699907550598e-12,8.174755966120254e-12,8.174812024113342e-12,8.174868081660603e-12,8.174924138512022e-12,8.174980194947078e-12,8.175036250674732e-12,8.175092305834591e-12,8.175148360426268e-12,8.175204414450926e-12,8.175260467902344e-12,8.17531652089912e-12,8.17537257322525e-12,8.175428625081939e-12,8.175484676274197e-12,8.175540727015181e-12,8.175596777058054e-12,8.175652826548926e-12,8.175708875584556e-12,8.175764923949036e-12,8.175820971879737e-12,8.175877019126683e-12,8.175933065790129e-12,8.1759891120092e-12,8.176045157580202e-12,8.176101202679475e-12,8.17615724706967e-12,8.176213290933263e-12,8.176269334189557e-12,8.176325377017743e-12,8.176381419187591e-12,8.17643746068019e-12,8.176493501819944e-12,8.17654954229282e-12,8.176605582193929e-12,8.176661621548775e-12,8.176717660317624e-12,8.176773698652828e-12,8.17682973629953e-12,8.176885773577775e-12,8.176941810116401e-12,8.176997846095184e-12,8.177053881515014e-12,8.177109916370437e-12,8.177165950651778e-12,8.177221984269611e-12,8.177278017429743e-12,8.17733405019136e-12,8.177390082248522e-12,8.177446113745834e-12,8.177502144683416e-12,8.177558175170832e-12,8.177614205094879e-12,8.177670234404843e-12,8.17772626310541e-12,8.17778229123363e-12,8.177838318920093e-12,8.177894345943688e-12,8.177950372435422e-12,8.178006398445964e-12,8.1780624237897e-12,8.178118448579502e-12,8.1781744728157e-12,8.178230496524945e-12,8.178286519623478e-12,8.178342542187283e-12,8.178398564188063e-12,8.178454585547422e-12,8.178510606433547e-12,8.178566626761696e-12,8.178622646532847e-12,8.178678665747856e-12,8.178734684304467e-12,8.17879070239452e-12,8.178846719931989e-12,8.17890273691386e-12,8.17895875334276e-12,8.179014769257669e-12,8.179070784604296e-12,8.179126799517734e-12,8.179182813707838e-12,8.179238827350702e-12,8.17929484056731e-12,8.179350853098592e-12,8.179406865050892e-12,8.179462876478098e-12,8.179518887380489e-12,8.179574897681648e-12,8.17963090744525e-12,8.179686916655352e-12,8.179742925365553e-12,8.179798933571936e-12,8.179854941117587e-12,8.17991094822707e-12,8.179966954667137e-12,8.180022960386049e-12,8.180078965739386e-12,8.180134970500792e-12,8.180190974829259e-12,8.180246978466734e-12,8.180302981590963e-12,8.180358984146271e-12,8.180414986209361e-12,8.18047098766301e-12,8.18052698855609e-12,8.18058298891966e-12,8.180638988828309e-12,8.180694988052227e-12,8.180750986731983e-12,8.18080698484149e-12,8.18086298241441e-12,8.180918979572755e-12,8.18097497616197e-12,8.18103097220115e-12,8.181086967567877e-12,8.181142962376448e-12,8.181198956742002e-12,8.181254950445128e-12,8.181310943706296e-12,8.181366936306529e-12,8.181422928423677e-12,8.181478920056043e-12,8.181534910996521e-12,8.181590901501866e-12,8.181646891338666e-12,8.181702880616509e-12,8.181758869397767e-12,8.181814857690877e-12,8.181870845429021e-12,8.181926832623813e-12,8.181982819259308e-12,8.182038805335579e-12,8.18209479090031e-12,8.182150775752144e-12,8.18220676022495e-12,8.18226274409891e-12,8.18231872731386e-12,8.182374709990693e-12,8.182430692221609e-12,8.182486673782582e-12,8.182542654899103e-12,8.182598635547716e-12,8.18265461545293e-12,8.18271059493623e-12,8.18276657372903e-12,8.182822552145529e-12,8.182878529848748e-12,8.182934507001646e-12,8.182990483603776e-12,8.183046459656633e-12,8.183102435148252e-12,8.183158410198964e-12,8.183214384711533e-12,8.18327035856063e-12,8.183326331842588e-12,8.183382304698409e-12,8.183438277011078e-12,8.183494248676214e-12,8.183550219870879e-12,8.183606190417804e-12,8.183662160419977e-12,8.183718129995928e-12,8.183774098905002e-12,8.183830067398706e-12,8.18388603520722e-12,8.183942002453402e-12,8.183997969118395e-12,8.184053935370823e-12,8.184109900953832e-12,8.184165865916745e-12,8.184221830405888e-12,8.184277794467333e-12,8.184333757974635e-12,8.184389720934584e-12,8.184445683346979e-12,8.184501645084224e-12,8.18455760625051e-12,8.184613567013828e-12,8.184669527206942e-12,8.184725486868311e-12,8.18478144587071e-12,8.184837404442241e-12,8.184893362348387e-12,8.184949319827615e-12,8.185005276786121e-12,8.185061233147476e-12,8.185117188906416e-12,8.185173144065021e-12,8.185229098687686e-12,8.18528505286674e-12,8.185341006489293e-12,8.185396959452825e-12,8.185452911871349e-12,8.185508863705144e-12,8.18556481514895e-12,8.185620765911735e-12,8.185676716232428e-12,8.185732665919895e-12,8.185788615041215e-12,8.18584456357875e-12,8.185900511573459e-12,8.18595645908067e-12,8.186012406015222e-12,8.186068352393447e-12,8.186124298222846e-12,8.186180243505078e-12,8.186236188359528e-12,8.186292132689719e-12,8.186348076325968e-12,8.186404019420913e-12,8.186459961927595e-12,8.186515903971074e-12,8.186571845563762e-12,8.186627786572942e-12,8.186683726926049e-12,8.186739666821223e-12,8.186795606177326e-12,8.186851544994757e-12,8.186907483081175e-12,8.186963420687276e-12,8.187019357845541e-12,8.187075294348026e-12,8.187131230301952e-12,8.187187165842941e-12,8.18724310071217e-12,8.187299035019112e-12,8.187354968890638e-12,8.187410902244472e-12,8.187466834919212e-12,8.187522767046148e-12,8.187578698608425e-12,8.187634629639866e-12,8.187690560223167e-12,8.187746490260917e-12,8.187802419794722e-12,8.18785834863483e-12,8.18791427700771e-12,8.187970204870718e-12,8.188026132177613e-12,8.188082058827884e-12,8.188137984930552e-12,8.188193910496378e-12,8.188249835504064e-12,8.188305760064918e-12,8.188361684106832e-12,8.188417607650151e-12,8.188473530569526e-12,8.188529452753703e-12,8.188585374476588e-12,8.188641295615641e-12,8.188697216353358e-12,8.18875313641378e-12,8.188809055947561e-12,8.188864974943882e-12,8.188920893498412e-12,8.188976811367829e-12,8.189032728817167e-12,8.189088645581589e-12,8.189144561849427e-12,8.189200477559661e-12,8.18925639270358e-12,8.18931230745268e-12,8.189368221513666e-12,8.189424134992391e-12,8.189480047962123e-12,8.18953596039111e-12,8.189591872248006e-12,8.189647783681478e-12,8.189703694466553e-12,8.189759604681475e-12,8.189815514367179e-12,8.189871423619433e-12,8.189927332200836e-12,8.189983240240516e-12,8.19003914773937e-12,8.190095054660296e-12,8.190150961104229e-12,8.19020686696194e-12,8.190262772272253e-12,8.19031867703636e-12,8.190374581359615e-12,8.190430485029672e-12,8.190486388146718e-12,8.190542290698584e-12,8.190598192728568e-12,8.190654094195196e-12,8.190709995254459e-12,8.190765895592484e-12,8.19082179541141e-12,8.190877694713877e-12,8.19093359358961e-12,8.190989491794986e-12,8.191045389451616e-12,8.191101286558954e-12,8.191157183122618e-12,8.191213079092448e-12,8.191268974677444e-12,8.191324869584527e-12,8.19138076392156e-12,8.191436657759273e-12,8.191492551168698e-12,8.191548443926627e-12,8.191604336225704e-12,8.191660227865151e-12,8.191716119083284e-12,8.191772009658671e-12,8.191827899667856e-12,8.191883789149326e-12,8.191939678037445e-12,8.19199556651981e-12,8.19205145431921e-12,8.192107341575766e-12,8.19216322830233e-12,8.192219114479593e-12,8.192275000155673e-12,8.192330885239223e-12,8.192386769881917e-12,8.192442653888501e-12,8.192498537310404e-12,8.192554420314825e-12,8.192610302655381e-12,8.192666184572691e-12,8.192722065975448e-12,8.192777946681087e-12,8.192833826966744e-12,8.19288970669624e-12,8.192945585777045e-12,8.193001464304123e-12,8.193057342244571e-12,8.193113219686978e-12,8.193169096566065e-12,8.19322497302132e-12,8.193280848945369e-12,8.193336724185648e-12,8.193392598880501e-12,8.193448473159104e-12,8.193504346913022e-12,8.193560219983124e-12,8.193616092641083e-12,8.193671964742468e-12,8.193727836172655e-12,8.193783707183155e-12,8.19383957752701e-12,8.193895447433166e-12,8.193951316685097e-12,8.194007185499883e-12,8.19406305376351e-12,8.194118921373333e-12,8.194174788582887e-12,8.194230655096328e-12,8.194286521065344e-12,8.194342386598248e-12,8.194398251608807e-12,8.194454115948022e-12,8.194509979738541e-12,8.194565842985266e-12,8.194621705818179e-12,8.194677568083576e-12,8.194733429681764e-12,8.194789290762795e-12,8.194845151280799e-12,8.194901011385474e-12,8.19495687081282e-12,8.19501272968737e-12,8.195068588023202e-12,8.195124445801728e-12,8.195180303152328e-12,8.195236159832115e-12,8.19529201596662e-12,8.195347871555126e-12,8.195403726614844e-12,8.195459581274444e-12,8.195515435243328e-12,8.19557128867088e-12,8.195627141548714e-12,8.195682993887278e-12,8.195738845673835e-12,8.195794697015521e-12,8.19585054780416e-12,8.195906398078133e-12,8.195962247664818e-12,8.196018096725121e-12,8.196073945234795e-12,8.196129793206971e-12,8.196185640594974e-12,8.19624148757966e-12,8.19629733404726e-12,8.196353179939e-12,8.196409025298504e-12,8.196464870096702e-12,8.196520714377276e-12,8.196576557963235e-12,8.196632401020532e-12,8.196688243581105e-12,8.19674408554148e-12,8.196799926962489e-12,8.196855767826748e-12,8.196911608277558e-12,8.19696744816268e-12,8.197023287506371e-12,8.197079126227767e-12,8.19713496435796e-12,8.197190802009278e-12,8.19724663923866e-12,8.197302475863957e-12,8.19735831175718e-12,8.197414147182726e-12,8.197469982058275e-12,8.197525816502214e-12,8.197581650404502e-12,8.197637483649697e-12,8.197693316319189e-12,8.197749148579562e-12,8.197804980165497e-12,8.197860811328134e-12,8.197916641840029e-12,8.197972471791077e-12,8.198028301309024e-12,8.198084130190178e-12,8.198139958228853e-12,8.198195786014885e-12,8.198251613399961e-12,8.198307440078497e-12,8.198363266274641e-12,8.198419091909589e-12,8.19847491698033e-12,8.198530741477707e-12,8.198586565560453e-12,8.198642388972803e-12,8.198698211843753e-12,8.198754034160148e-12,8.19880985593168e-12,8.198865677311067e-12,8.198921498055243e-12,8.198977318309169e-12,8.1990331380473e-12,8.199088957076599e-12,8.199144775576107e-12,8.199200593530813e-12,8.199256410928386e-12,8.199312227809648e-12,8.199368044261879e-12,8.199423860059125e-12,8.19947967529204e-12,8.199535490121908e-12,8.199591304260306e-12,8.199647117870387e-12,8.199702930918796e-12,8.19975874355863e-12,8.199814555532715e-12,8.199870366921892e-12,8.199926177925484e-12,8.199981988252718e-12,8.200037798049064e-12,8.20009360740562e-12,8.200149416093337e-12,8.200205224260927e-12,8.200261031822936e-12,8.200316838893021e-12,8.200372645400136e-12,8.200428451394492e-12,8.200484256828944e-12,8.200540061844813e-12,8.200595866194543e-12,8.200651669977549e-12,8.200707473215043e-12,8.200763276029577e-12,8.200819078327807e-12,8.200874879947802e-12,8.200930681153776e-12,8.200986481816529e-12,8.201042281807253e-12,8.201098081237353e-12,8.201153880247084e-12,8.201209678705623e-12,8.201265476460831e-12,8.20132127391439e-12,8.201377070630463e-12,8.201432866792551e-12,8.201488662525351e-12,8.201544457610344e-12,8.201600252174173e-12,8.201656046165101e-12,8.20171183961137e-12,8.201767632515059e-12,8.20182342486295e-12,8.20187921666679e-12,8.201935007912925e-12,8.201990798603301e-12,8.202046588885819e-12,8.202102378515722e-12,8.20215816770802e-12,8.202213956351955e-12,8.202269744351166e-12,8.202325531806107e-12,8.202381318712101e-12,8.20243710505351e-12,8.202492890981532e-12,8.202548676253017e-12,8.20260446112084e-12,8.202660245305206e-12,8.202716028931321e-12,8.202771812026134e-12,8.202827594558864e-12,8.202883376703038e-12,8.202939158165783e-12,8.202994939069826e-12,8.203050719562264e-12,8.203106499507431e-12,8.203162278778119e-12,8.203218057508853e-12,8.203273835807034e-12,8.203329613600564e-12,8.203385390691758e-12,8.203441167249891e-12,8.20349694337172e-12,8.2035527189451e-12,8.203608494005988e-12,8.20366426851943e-12,8.203720042487163e-12,8.203775815883802e-12,8.203831588623113e-12,8.20388736081785e-12,8.20394313248049e-12,8.20399890362973e-12,8.204054674179104e-12,8.204110444201402e-12,8.204166213651345e-12,8.20422198268483e-12,8.20427775118219e-12,8.204333519039915e-12,8.204389286327984e-12,8.204445053058024e-12,8.204500819234974e-12,8.204556584883265e-12,8.204612349883235e-12,8.204668114576969e-12,8.204723878608773e-12,8.204779642209957e-12,8.204835405267456e-12,8.204891167671548e-12,8.204946929661925e-12,8.205002690971003e-12,8.2050584517349e-12,8.205114212056127e-12,8.205169971848475e-12,8.205225730968434e-12,8.205281489565674e-12,8.205337247716248e-12,8.205393005200594e-12,8.205448762275733e-12,8.20550451878429e-12,8.205560274776813e-12,8.205616030193883e-12,8.20567178497492e-12,8.205727539173696e-12,8.205783292995537e-12,8.205839046150035e-12,8.205894798715869e-12,8.205950550878414e-12,8.206006302391791e-12,8.206062053465038e-12,8.206117803877958e-12,8.206173553745376e-12,8.206229303198809e-12,8.20628505204328e-12,8.206340800237912e-12,8.20639654793401e-12,8.206452295069657e-12,8.206508041780068e-12,8.206563787826647e-12,8.206619533454428e-12,8.206675278430088e-12,8.206731022967857e-12,8.206786766854847e-12,8.206842510312455e-12,8.206898253100284e-12,8.206953995458737e-12,8.20700973717881e-12,8.207065478448589e-12,8.207121219083479e-12,8.207176959273663e-12,8.207232698805975e-12,8.207288437762582e-12,8.20734417619052e-12,8.207399914089921e-12,8.207455651426533e-12,8.207511388351707e-12,8.207567124618268e-12,8.207622860461e-12,8.207678595658931e-12,8.207734330411157e-12,8.207790064500612e-12,8.20784579804581e-12,8.207901531029733e-12,8.207957263557708e-12,8.208012995637806e-12,8.20806872695419e-12,8.208124457805158e-12,8.208180188186484e-12,8.208235918030816e-12,8.208291647361104e-12,8.208347376009936e-12,8.208403104095383e-12,8.208458831659385e-12,8.208514558781768e-12,8.208570285253223e-12,8.20862601116212e-12,8.208681736650542e-12,8.20873746147301e-12,8.208793185886722e-12,8.208848909636332e-12,8.20890463283668e-12,8.208960355622057e-12,8.209016077754658e-12,8.209071799312457e-12,8.209127520461465e-12,8.209183240951803e-12,8.209238960875136e-12,8.209294680386743e-12,8.209350399201153e-12,8.209406117617317e-12,8.209461835491213e-12,8.20951755282629e-12,8.209573269500524e-12,8.209628985631227e-12,8.209684701286202e-12,8.209740416331394e-12,8.209796130799364e-12,8.20985184489081e-12,8.209907558297686e-12,8.209963271281622e-12,8.210018983570238e-12,8.210074695325826e-12,8.210130406556619e-12,8.210186117407488e-12,8.21024182754842e-12,8.210297537268224e-12,8.210353246479145e-12,8.21040895509461e-12,8.210464663086566e-12,8.210520370518976e-12,8.21057607739233e-12,8.210631783710694e-12,8.210687489602627e-12,8.210743194957547e-12,8.210798899647682e-12,8.21085460393538e-12,8.210910307678686e-12,8.210966010765924e-12,8.2110217132939e-12,8.211077415281196e-12,8.211133116838213e-12,8.211188817577591e-12,8.211244517933036e-12,8.211300217745707e-12,8.211355917121363e-12,8.211411615845157e-12,8.211467314030536e-12,8.211523011663916e-12,8.211578708877382e-12,8.21163440542463e-12,8.21169010153697e-12,8.211745797113902e-12,8.211801492024135e-12,8.2118571865119e-12,8.21191288034501e-12,8.211968573757741e-12,8.212024266494004e-12,8.21207995882064e-12,8.21213565058503e-12,8.21219134180017e-12,8.212247032344881e-12,8.21230272236658e-12,8.212358411827047e-12,8.21241410087009e-12,8.212469789217317e-12,8.212525477064237e-12,8.212581164512784e-12,8.21263685127683e-12,8.21269253724501e-12,8.212748223037104e-12,8.21280390827902e-12,8.212859592966363e-12,8.212915276969286e-12,8.212970960448625e-12,8.213026643547443e-12,8.213082325937948e-12,8.213138007793323e-12,8.213193689119064e-12,8.213249369893464e-12,8.213305050137118e-12,8.213360729826128e-12,8.213416409086057e-12,8.213472087682642e-12,8.213527765822187e-12,8.213583443459212e-12,8.21363912041311e-12,8.213694796831304e-12,8.213750472714527e-12,8.213806148077312e-12,8.213861822856423e-12,8.213917497112648e-12,8.213973170824486e-12,8.214028843960799e-12,8.214084516710988e-12,8.214140188897972e-12,8.214195860547728e-12,8.214251531538167e-12,8.214307202084367e-12,8.214362872099106e-12,8.214418541557028e-12,8.214474210474777e-12,8.214529878850689e-12,8.214585546594836e-12,8.214641213762851e-12,8.214696880404195e-12,8.214752546614024e-12,8.214808212077632e-12,8.214863877127086e-12,8.214919541692741e-12,8.214975205618478e-12,8.215030869106026e-12,8.215086532047275e-12,8.215142194307948e-12,8.215197856047088e-12,8.215253517234901e-12,8.215309177879311e-12,8.215364837999719e-12,8.215420497671536e-12,8.215476156702689e-12,8.215531815263953e-12,8.215587473213505e-12,8.215643130616089e-12,8.215698787574497e-12,8.215754443893574e-12,8.215810099655935e-12,8.215865754888413e-12,8.21592140950243e-12,8.215977063634678e-12,8.216032717342023e-12,8.21608837038901e-12,8.216144023010383e-12,8.21619967507949e-12,8.216255326604308e-12,8.216310977610229e-12,8.216366627935577e-12,8.21642227785486e-12,8.21647792710207e-12,8.21653357591331e-12,8.216589224057473e-12,8.216644871795655e-12,8.216700518970535e-12,8.21675616550134e-12,8.216811811491375e-12,8.216867456904307e-12,8.216923101733909e-12,8.216978746073463e-12,8.217034389887159e-12,8.217090033251876e-12,8.217145676080619e-12,8.217201318375536e-12,8.217256960128788e-12,8.217312601225499e-12,8.217368241847109e-12,8.217423881963236e-12,8.217479521412941e-12,8.21753516033533e-12,8.217590798811132e-12,8.217646436776638e-12,8.217702074169479e-12,8.2177577109231e-12,8.21781334731349e-12,8.217868983098701e-12,8.217924618152064e-12,8.217980252719053e-12,8.218035886753727e-12,8.218091520262082e-12,8.218147153191256e-12,8.218202785578167e-12,8.218258417438465e-12,8.21831404885245e-12,8.218369679726237e-12,8.218425310069244e-12,8.218480939755359e-12,8.218536568898825e-12,8.21859219760845e-12,8.21864782564776e-12,8.218703453284071e-12,8.21875908035982e-12,8.218814706778933e-12,8.218870332766176e-12,8.2189259580681e-12,8.218981582999524e-12,8.219037207290108e-12,8.21909283098405e-12,8.21914845425535e-12,8.219204076862842e-12,8.219259698927091e-12,8.219315320464496e-12,8.219370941565123e-12,8.219426562130953e-12,8.219482182022273e-12,8.219537801515332e-12,8.219593420330836e-12,8.219649038732373e-12,8.219704656580287e-12,8.219760273749755e-12,8.219815890510536e-12,8.219871506622473e-12,8.219927122288144e-12,8.219982737405445e-12,8.22003835191472e-12,8.220093965957761e-12,8.22014957946091e-12,8.22020519241335e-12,8.220260804700965e-12,8.22031641659331e-12,8.220372027975547e-12,8.220427638749524e-12,8.220483248873163e-12,8.220538858582292e-12,8.220594467729428e-12,8.220650076256408e-12,8.220705684314872e-12,8.220761291731331e-12,8.220816898596788e-12,8.22087250491789e-12,8.220928110711336e-12,8.220983716045104e-12,8.221039320751057e-12,8.221094925007208e-12,8.221150528770033e-12,8.221206131825149e-12,8.221261734542597e-12,8.221317336518175e-12,8.221372937943643e-12,8.2214285388351e-12,8.221484139155451e-12,8.221539739072683e-12,8.221595338343536e-12,8.22165093707139e-12,8.221706535252878e-12,8.221762132900633e-12,8.221817730094975e-12,8.221873326772086e-12,8.221928922791324e-12,8.221984518371829e-12,8.222040113248963e-12,8.222095707759154e-12,8.22215130161168e-12,8.222206894927694e-12,8.222262487709532e-12,8.222318079937993e-12,8.222373671723388e-12,8.222429262816527e-12,8.222484853504868e-12,8.222540443540824e-12,8.222596033038407e-12,8.222651621992895e-12,8.222707210562774e-12,8.22276279853979e-12,8.222818385817178e-12,8.222873972599452e-12,8.222929558945452e-12,8.222985144756956e-12,8.223040730009091e-12,8.223096314615117e-12,8.223151898676293e-12,8.223207482328724e-12,8.223263065317697e-12,8.22331864773626e-12,8.22337422961638e-12,8.223429810937002e-12,8.223485391785123e-12,8.223540972048021e-12,8.223596551774013e-12,8.223652131091175e-12,8.223707709679102e-12,8.223763287902367e-12,8.22381886543929e-12,8.223874442451139e-12,8.223930018903242e-12,8.223985594938886e-12,8.22404117030587e-12,8.224096745250788e-12,8.224152319549013e-12,8.224207893303499e-12,8.224263466526693e-12,8.224319039179284e-12,8.224374611288353e-12,8.22443018298348e-12,8.224485754007543e-12,8.224541324512292e-12,8.224596894585504e-12,8.224652463991061e-12,8.22470803286507e-12,8.224763601312594e-12,8.224819169207022e-12,8.224874736608109e-12,8.22493030338376e-12,8.22498586953107e-12,8.225041435128379e-12,8.225097000299206e-12,8.225152564828117e-12,8.22520812886926e-12,8.225263692279805e-12,8.225319255284238e-12,8.225374817642439e-12,8.22543037945952e-12,8.225485940739482e-12,8.225541501469577e-12,8.22559706166253e-12,8.22565262131117e-12,8.225708180513e-12,8.225763739084807e-12,8.225819297214513e-12,8.225874854834241e-12,8.225930411864672e-12,8.22598596822085e-12,8.226041524056903e-12,8.226097079343288e-12,8.226152634093885e-12,8.226208188415717e-12,8.226263742084093e-12,8.226319295200414e-12,8.22637484790783e-12,8.226430399947784e-12,8.22648595143572e-12,8.22654150239281e-12,8.226597052834839e-12,8.226652602817355e-12,8.226708152172612e-12,8.226763700960253e-12,8.226819249248163e-12,8.226874796954554e-12,8.226930344108119e-12,8.226985890718257e-12,8.227041436798416e-12,8.227096982429866e-12,8.227152527408445e-12,8.227208071900973e-12,8.227263615826525e-12,8.227319159296052e-12,8.227374702227947e-12,8.227430244612568e-12,8.227485786466231e-12,8.227541327647586e-12,8.227596868297777e-12,8.22765240852085e-12,8.227707948091378e-12,8.227763487221507e-12,8.227819025809822e-12,8.227874563707022e-12,8.227930101111998e-12,8.227985637981312e-12,8.228041174290502e-12,8.228096710063436e-12,8.22815224543061e-12,8.228207780110649e-12,8.228263314274534e-12,8.228318847978812e-12,8.22837438101506e-12,8.228429913527316e-12,8.228485445622412e-12,8.228540976835442e-12,8.228596507834492e-12,8.228652038279209e-12,8.228707568072446e-12,8.22876309730893e-12,8.228818626165909e-12,8.228874154497234e-12,8.228929682080418e-12,8.22898520934409e-12,8.229040735897137e-12,8.229096261822675e-12,8.229151787273392e-12,8.229207312205796e-12,8.229262836596601e-12,8.229318360455532e-12,8.229373883772063e-12,8.229429406627882e-12,8.229484928799991e-12,8.229540450581904e-12,8.229595971711828e-12,8.229651492289073e-12,8.22970701232831e-12,8.229762531968352e-12,8.229818050915201e-12,8.229873569461445e-12,8.229929087451699e-12,8.229984604774284e-12,8.230040121679345e-12,8.230095637934348e-12,8.23015115362269e-12,8.230206668781835e-12,8.230262183487218e-12,8.230317697550753e-12,8.230373211185662e-12,8.230428724181786e-12,8.230484236743575e-12,8.23053974876849e-12,8.230595260282108e-12,8.230650771213399e-12,8.230706281615455e-12,8.230761791492711e-12,8.230817300676539e-12,8.230872809455482e-12,8.230928317666831e-12,8.230983825367322e-12,8.231039332399846e-12,8.23109483896198e-12,8.231150344908781e-12,8.23120585041911e-12,8.231261355287285e-12,8.231316859712932e-12,8.231372363490247e-12,8.231427866840713e-12,8.231483369519086e-12,8.231538871788844e-12,8.231594373506657e-12,8.23164987457299e-12,8.231705375068112e-12,8.231760875168249e-12,8.231816374710816e-12,8.23187187371419e-12,8.231927372054793e-12,8.231982869876684e-12,8.23203836729016e-12,8.232093864170451e-12,8.232149360465727e-12,8.23220485609581e-12,8.232260351201517e-12,8.232315845731483e-12,8.232371339905706e-12,8.23242683337929e-12,8.232482326322889e-12,8.232537818821367e-12,8.232593310803964e-12,8.232648802231834e-12,8.23270429309993e-12,8.232759783344704e-12,8.232815273030093e-12,8.232870762156012e-12,8.232926250742869e-12,8.232981738784687e-12,8.23303722629069e-12,8.233092713266937e-12,8.233148199667008e-12,8.233203685559338e-12,8.23325917104466e-12,8.233314655949237e-12,8.2333701403454e-12,8.233425624018162e-12,8.233481107167247e-12,8.233536589952557e-12,8.233592072027404e-12,8.233647553603731e-12,8.23370303461341e-12,8.233758515078223e-12,8.233813994991307e-12,8.23386947438281e-12,8.233924953343964e-12,8.233980431743776e-12,8.234035909641713e-12,8.234091386862273e-12,8.234146863529036e-12,8.23420233965214e-12,8.234257815354943e-12,8.234313290391257e-12,8.234368764884821e-12,8.234424238964981e-12,8.234479712374982e-12,8.234535185244057e-12,8.234590657689533e-12,8.234646129514116e-12,8.234701600896215e-12,8.234757071727878e-12,8.234812541886909e-12,8.23486801152236e-12,8.234923480729786e-12,8.234978949278326e-12,8.235034417297214e-12,8.235089884856242e-12,8.235145351579037e-12,8.235200817962795e-12,8.235256283867807e-12,8.2353117491617e-12,8.235367214049755e-12,8.235422678268994e-12,8.235478141944566e-12,8.23553360508478e-12,8.235589067774982e-12,8.235644529836699e-12,8.235699991345068e-12,8.235755452391774e-12,8.235810912783655e-12,8.23586637276337e-12,8.235921832108946e-12,8.235977291008602e-12,8.236032749266035e-12,8.236088207086616e-12,8.23614366436312e-12,8.236199120938179e-12,8.236254577017383e-12,8.236310032549925e-12,8.236365487672564e-12,8.236420942139368e-12,8.236476396069775e-12,8.236531849455069e-12,8.23658730245136e-12,8.2366427548673e-12,8.236698206624427e-12,8.236753657950924e-12,8.236809108730194e-12,8.2368645588418e-12,8.236920008411716e-12,8.23697545757636e-12,8.23703090620266e-12,8.237086354260596e-12,8.237141801823067e-12,8.237197248705352e-12,8.237252695029007e-12,8.237308140966822e-12,8.237363586190359e-12,8.237419030888646e-12,8.237474475046213e-12,8.23752991878592e-12,8.237585361973106e-12,8.237640804542059e-12,8.23769624653304e-12,8.237751688000569e-12,8.237807128925507e-12,8.237862569303143e-12,8.237918009287334e-12,8.23797344858073e-12,8.238028887358186e-12,8.238084325719063e-12,8.23813976345582e-12,8.238195200581106e-12,8.23825063717874e-12,8.238306073325233e-12,8.238361508830962e-12,8.238416943901704e-12,8.238472378310562e-12,8.238527812196118e-12,8.238583245634068e-12,8.238638678424645e-12,8.238694110667511e-12,8.238749542386608e-12,8.23880497356334e-12,8.238860404295977e-12,8.238915834385741e-12,8.238971263907184e-12,8.239026693013902e-12,8.239082121585661e-12,8.239137549508602e-12,8.239192976878562e-12,8.239248403845842e-12,8.23930383015306e-12,8.239359255895412e-12,8.239414681107064e-12,8.239470105770163e-12,8.239525529891541e-12,8.239580953594535e-12,8.239636376749272e-12,8.239691799212515e-12,8.239747221286247e-12,8.239802642736417e-12,8.239858063622657e-12,8.239913483980625e-12,8.239968903780964e-12,8.240024323051491e-12,8.240079741866174e-12,8.240135160033115e-12,8.24019057766272e-12,8.240245994753192e-12,8.240301411302722e-12,8.240356827433346e-12,8.240412242903848e-12,8.240467657909907e-12,8.240523072403786e-12,8.240578486249964e-12,8.240633899673603e-12,8.240689312450043e-12,8.240744724679164e-12,8.240800136470791e-12,8.24085554760656e-12,8.240910958327435e-12,8.240966368374382e-12,8.24102177787436e-12,8.241077186796498e-12,8.241132595236622e-12,8.241188003290072e-12,8.241243410595761e-12,8.241298817377296e-12,8.2413542237494e-12,8.241409629593155e-12,8.241465034885272e-12,8.241520439684238e-12,8.241575843812156e-12,8.24163124747563e-12,8.241686650625733e-12,8.241742053202528e-12,8.241797455130495e-12,8.241852856541241e-12,8.241908257410252e-12,8.24196365784195e-12,8.242019057605082e-12,8.242074456826611e-12,8.242129855615074e-12,8.24218525373711e-12,8.242240651472745e-12,8.242296048663742e-12,8.242351445197314e-12,8.242406841189661e-12,8.242462236756523e-12,8.242517631663483e-12,8.242573026144316e-12,8.242628419949064e-12,8.242683813366383e-12,8.242739206064578e-12,8.242794598262492e-12,8.242849990045806e-12,8.242905381268937e-12,8.242960771855148e-12,8.243016161897403e-12,8.243071551379734e-12,8.243126940452576e-12,8.243182328999706e-12,8.243237716990534e-12,8.243293104308265e-12,8.243348491101205e-12,8.243403877357625e-12,8.243459263168139e-12,8.243514648321992e-12,8.243570032951032e-12,8.243625417057026e-12,8.24368080058327e-12,8.243736183737723e-12,8.243791566326906e-12,8.243846948361767e-12,8.24390232974124e-12,8.243957710583193e-12,8.244013090933689e-12,8.244068470754026e-12,8.24412384960934e-12,8.24417922827614e-12,8.244234606419239e-12,8.244289984145223e-12,8.244345361198562e-12,8.24440073769407e-12,8.244456113816041e-12,8.244511489347095e-12,8.24456686427646e-12,8.244622238626598e-12,8.244677612418013e-12,8.244732985686215e-12,8.244788358362885e-12,8.244843730517898e-12,8.244899102267962e-12,8.244954473393426e-12,8.245009844057404e-12,8.245065214031785e-12,8.245120583626619e-12,8.24517595268176e-12,8.24523132124136e-12,8.245286689201091e-12,8.245342056473074e-12,8.245397423239044e-12,8.24545278957561e-12,8.245508155264065e-12,8.24556352032066e-12,8.245618885040474e-12,8.245674249135258e-12,8.245729612835475e-12,8.245784975944341e-12,8.245840338392275e-12,8.245895700284889e-12,8.245951061651958e-12,8.246006422612288e-12,8.246061782915616e-12,8.246117142644191e-12,8.246172501899807e-12,8.246227860564256e-12,8.246283218713156e-12,8.24633857629596e-12,8.246393933338508e-12,8.246449289941853e-12,8.24650464585586e-12,8.246560001268088e-12,8.246615356242871e-12,8.246670710580956e-12,8.246726064555654e-12,8.246781417810832e-12,8.246836770520695e-12,8.246892122695755e-12,8.246947474335438e-12,8.247002825554345e-12,8.247058176106972e-12,8.247113526113449e-12,8.247168875626028e-12,8.247224224543595e-12,8.247279572937835e-12,8.247334920806675e-12,8.2473902681098e-12,8.247445614856984e-12,8.247500961051809e-12,8.247556306845747e-12,8.247611652003383e-12,8.24766699672525e-12,8.247722340772754e-12,8.2477776842804e-12,8.247833027263329e-12,8.247888369727485e-12,8.24794371174324e-12,8.24799905309705e-12,8.248054393884038e-12,8.248109734139123e-12,8.248165073890047e-12,8.248220413081156e-12,8.24827575173884e-12,8.248331089912248e-12,8.248386427495383e-12,8.248441764514916e-12,8.248497101116746e-12,8.24855243706516e-12,8.248607772476917e-12,8.248663107301823e-12,8.248718441616803e-12,8.248773775521379e-12,8.248829108834745e-12,8.248884441528649e-12,8.248939773804514e-12,8.248995105402338e-12,8.249050436473292e-12,8.249105767123595e-12,8.24916109713099e-12,8.249216426592022e-12,8.249271755520731e-12,8.24932708390792e-12,8.249382411574395e-12,8.24943773896279e-12,8.249493065826895e-12,8.249548392034278e-12,8.249603717720297e-12,8.249659042855278e-12,8.249714367452754e-12,8.24976969148301e-12,8.249825014973242e-12,8.24988033793149e-12,8.249935660465546e-12,8.249990982371678e-12,8.250046303731043e-12,8.250101624530772e-12,8.25015694479264e-12,8.250212264531282e-12,8.250267583829487e-12,8.250322902487152e-12,8.250378220703945e-12,8.25043353828136e-12,8.25048885530004e-12,8.250544171791717e-12,8.250599487730594e-12,8.250654803252854e-12,8.250710118145002e-12,8.250765432555775e-12,8.250820746316288e-12,8.250876059677464e-12,8.250931372390464e-12,8.250986684582993e-12,8.251041996205638e-12,8.25109730731876e-12,8.251152617985991e-12,8.251207928093309e-12,8.251263237510698e-12,8.251318546555726e-12,8.251373854949941e-12,8.251429162895502e-12,8.251484470223407e-12,8.25153977697778e-12,8.251595083212712e-12,8.251650388884047e-12,8.251705694128247e-12,8.251760998848936e-12,8.251816302909276e-12,8.251871606462481e-12,8.251926909445916e-12,8.251982211885911e-12,8.252037513824244e-12,8.252092815183732e-12,8.252148115976098e-12,8.252203416292546e-12,8.252258716005702e-12,8.252314015208385e-12,8.252369313839875e-12,8.252424611966807e-12,8.252479909656032e-12,8.2525352066996e-12,8.252590503207856e-12,8.252645799290453e-12,8.25270109481907e-12,8.252756389701634e-12,8.252811684066601e-12,8.25286697798524e-12,8.25292227135367e-12,8.252977564138495e-12,8.253032856314587e-12,8.25308814794575e-12,8.253143439128659e-12,8.253198729672232e-12,8.253254019672384e-12,8.2533093091208e-12,8.253364598169916e-12,8.253419886536925e-12,8.253475174396527e-12,8.253530461749698e-12,8.253585748634922e-12,8.253641034864736e-12,8.25369632066141e-12,8.253751605922233e-12,8.25380689053179e-12,8.25386217470046e-12,8.253917458305116e-12,8.253972741362643e-12,8.254028023823313e-12,8.254083305742528e-12,8.25413858722926e-12,8.254193868048947e-12,8.254249148453635e-12,8.254304428311362e-12,8.254359707531402e-12,8.254414986191979e-12,8.254470264352782e-12,8.254525542057084e-12,8.254580819098056e-12,8.254636095688686e-12,8.254691371670818e-12,8.254746647119926e-12,8.254801921984291e-12,8.254857196353187e-12,8.254912470138293e-12,8.254967743526564e-12,8.255023016361389e-12,8.255078288541947e-12,8.255133560186367e-12,8.255188831234932e-12,8.255244101801068e-12,8.255299371928991e-12,8.255354641544672e-12,8.255409910617571e-12,8.255465179028925e-12,8.255520446873834e-12,8.255575714194243e-12,8.255630980974934e-12,8.25568624732968e-12,8.25574151301293e-12,8.255796778109527e-12,8.255852042749373e-12,8.255907306836005e-12,8.255962570393167e-12,8.256017833364389e-12,8.256073095843003e-12,8.256128357809737e-12,8.256183619207138e-12,8.256238880064504e-12,8.256294140359217e-12,8.25634940012011e-12,8.25640465934087e-12,8.256459918147528e-12,8.25651517640841e-12,8.256570434026446e-12,8.256625691097526e-12,8.256680947747494e-12,8.256736203863052e-12,8.256791459315324e-12,8.256846714348234e-12,8.256901968748255e-12,8.256957222570543e-12,8.257012475897857e-12,8.25706772875567e-12,8.257122980975444e-12,8.257178232756601e-12,8.25723348387888e-12,8.257288734523114e-12,8.257343984603888e-12,8.25739923419352e-12,8.257454483113793e-12,8.257509731556045e-12,8.2575649794569e-12,8.257620226918719e-12,8.257675473837172e-12,8.257730720118882e-12,8.257785965965462e-12,8.257841211276501e-12,8.257896455931484e-12,8.257951700185083e-12,8.258006943750804e-12,8.258062186803842e-12,8.258117429274443e-12,8.258172671220237e-12,8.25822791265168e-12,8.258283153459586e-12,8.258338393925163e-12,8.25839363371239e-12,8.258448872956731e-12,8.258504111701557e-12,8.258559349833848e-12,8.258614587577344e-12,8.258669824701735e-12,8.258725061378011e-12,8.258780297527443e-12,8.258835533119451e-12,8.25889076821504e-12,8.258946002731298e-12,8.259001236598769e-12,8.259056470038105e-12,8.259111702816545e-12,8.259166935189216e-12,8.259222166935745e-12,8.259277398104689e-12,8.259332628724952e-12,8.25938785879721e-12,8.259443088366788e-12,8.259498317489423e-12,8.259553545966806e-12,8.259608773921187e-12,8.259664001434298e-12,8.25971922827934e-12,8.25977445457107e-12,8.25982968031564e-12,8.259884905556037e-12,8.259940130355155e-12,8.259995354516908e-12,8.260050578114754e-12,8.260105801172602e-12,8.260161023820813e-12,8.260216245817257e-12,8.260271467252712e-12,8.260326688169082e-12,8.26038190851597e-12,8.260437128336218e-12,8.260492347748535e-12,8.260547566489311e-12,8.260602784728328e-12,8.260658002422868e-12,8.260713219668199e-12,8.260768436287247e-12,8.260823652449406e-12,8.260878867970193e-12,8.260934082934518e-12,8.260989297381484e-12,8.261044511252428e-12,8.261099724615091e-12,8.261154937438576e-12,8.261210149725439e-12,8.261265361444274e-12,8.261320572771199e-12,8.261375783419194e-12,8.261430993527612e-12,8.261486203115132e-12,8.26154141213136e-12,8.261596620605933e-12,8.261651828594659e-12,8.26170703600591e-12,8.261762242949575e-12,8.261817449299562e-12,8.2618726551101e-12,8.261927860364312e-12,8.261983065095253e-12,8.262038269239064e-12,8.26209347291369e-12,8.262148676150616e-12,8.262203878746412e-12,8.262259080786476e-12,8.262314282269037e-12,8.26236948333988e-12,8.262424683738933e-12,8.26247988363283e-12,8.262535082964738e-12,8.262590281752076e-12,8.262645480017461e-12,8.262700677729943e-12,8.26275587505203e-12,8.262811071779751e-12,8.262866267983447e-12,8.262921463517972e-12,8.262976658648952e-12,8.263031853131867e-12,8.263087047059186e-12,8.263142240486417e-12,8.263197433444794e-12,8.263252625762512e-12,8.263307817549594e-12,8.263363008797381e-12,8.263418199505565e-12,8.263473389778864e-12,8.263528579408958e-12,8.263583768500232e-12,8.263638957059267e-12,8.263694145088727e-12,8.263749332661125e-12,8.263804519691309e-12,8.263859706186766e-12,8.263914892041853e-12,8.26397007735768e-12,8.264025262131333e-12,8.264080446337505e-12,8.264135630030515e-12,8.264190813290768e-12,8.26424599588382e-12,8.26430117793229e-12,8.264356359551815e-12,8.264411540691628e-12,8.264466721137044e-12,8.264521901054179e-12,8.264577080421394e-12,8.264632259246077e-12,8.264687437497044e-12,8.264742615386556e-12,8.264797792668937e-12,8.264852969411544e-12,8.264908145655124e-12,8.264963321232859e-12,8.265018496298806e-12,8.26507367099235e-12,8.265128844974225e-12,8.265184018410667e-12,8.265239191345829e-12,8.265294363721476e-12,8.26534953565891e-12,8.265404706938746e-12,8.2654598776794e-12,8.265515047881124e-12,8.265570217499668e-12,8.265625386623628e-12,8.265680555243253e-12,8.265735723307163e-12,8.265790890958867e-12,8.265846058047557e-12,8.265901224475244e-12,8.265956390364352e-12,8.26601155571423e-12,8.266066720548915e-12,8.266121884857791e-12,8.26617704862644e-12,8.266232211809821e-12,8.266287374475292e-12,8.266342536597664e-12,8.26639769817111e-12,8.266452859333654e-12,8.266508019974298e-12,8.26656318005398e-12,8.266618339642137e-12,8.266673498531656e-12,8.266728656888354e-12,8.266783814692177e-12,8.266838971941945e-12,8.266894128688111e-12,8.26694928500054e-12,8.267004440656792e-12,8.267059595885198e-12,8.267114750575594e-12,8.267169904733829e-12,8.267225058346663e-12,8.26728021128972e-12,8.267335363826231e-12,8.26739051571856e-12,8.267445667070024e-12,8.267500817979717e-12,8.267555968248319e-12,8.267611118085934e-12,8.267666267401964e-12,8.267721416177253e-12,8.267776564295985e-12,8.267831711870696e-12,8.267886858863152e-12,8.267942005380652e-12,8.267997151438635e-12,8.268052296964584e-12,8.268107441845433e-12,8.268162586189674e-12,8.268217730108959e-12,8.268272873395547e-12,8.268328016230602e-12,8.26838315853177e-12,8.268438300308546e-12,8.268493441405713e-12,8.268548582043264e-12,8.268603722063346e-12,8.268658861506726e-12,8.268714000471286e-12,8.268769138993996e-12,8.268824276858184e-12,8.26887941420697e-12,8.268934551122762e-12,8.268989687499641e-12,8.269044823337998e-12,8.269099958525637e-12,8.269155093239373e-12,8.269210227349561e-12,8.269265360903488e-12,8.269320493999113e-12,8.26937562647643e-12,8.26943075843169e-12,8.269485889943585e-12,8.269541020986014e-12,8.26959615132477e-12,8.26965128110719e-12,8.269706410367557e-12,8.269761539072938e-12,8.269816667285778e-12,8.269871795035074e-12,8.269926922141474e-12,8.269982048820617e-12,8.270037174872776e-12,8.270092300357028e-12,8.27014742529085e-12,8.27020254966111e-12,8.270257673530591e-12,8.270312796865968e-12,8.270367919646528e-12,8.27042304202523e-12,8.270478163768448e-12,8.270533284949304e-12,8.27058840569255e-12,8.270643525796082e-12,8.270698645428013e-12,8.270753764560033e-12,8.27080888316075e-12,8.270864001049303e-12,8.270919118436137e-12,8.27097423527494e-12,8.271029351708353e-12,8.271084467520923e-12,8.271139582875127e-12,8.271194697591e-12,8.271249811765407e-12,8.271304925522641e-12,8.271360038735615e-12,8.271415151267624e-12,8.271470263310916e-12,8.27152537478658e-12,8.271580485868124e-12,8.271635596259318e-12,8.271690706105777e-12,8.271745815386798e-12,8.27180092430385e-12,8.27185603252681e-12,8.271911140242745e-12,8.271966247438181e-12,8.272021354184773e-12,8.27207646038575e-12,8.27213156595396e-12,8.27218667096032e-12,8.272241775547689e-12,8.272296879476111e-12,8.272351982984024e-12,8.272407085839293e-12,8.272462188168314e-12,8.27251728992829e-12,8.272572391285424e-12,8.27262749204626e-12,8.27268259232844e-12,8.272737691988778e-12,8.272792791071185e-12,8.272847889738565e-12,8.272902987842413e-12,8.272958085294773e-12,8.273013182331156e-12,8.273068278847972e-12,8.273123374700423e-12,8.273178470142784e-12,8.27323356491822e-12,8.27328865913892e-12,8.27334375296004e-12,8.273398846253088e-12,8.273453938865838e-12,8.273509030959253e-12,8.273564122515181e-12,8.273619213536875e-12,8.273674304022152e-12,8.273729393936713e-12,8.273784483449164e-12,8.27383957245812e-12,8.273894660800266e-12,8.273949748687886e-12,8.27400483591009e-12,8.27405992262683e-12,8.274115008808979e-12,8.274170094415278e-12,8.274225179509651e-12,8.274280264074289e-12,8.274335348128621e-12,8.27439043163733e-12,8.274445514585811e-12,8.274500597107869e-12,8.274555678984143e-12,8.274610760416737e-12,8.274665841209921e-12,8.274720921629184e-12,8.274776001342396e-12,8.274831080514586e-12,8.274886159156695e-12,8.27494123725352e-12,8.274996314813927e-12,8.275051391938248e-12,8.275106468421474e-12,8.275161544372105e-12,8.275216619751652e-12,8.275271694622021e-12,8.275326769063684e-12,8.275381842891946e-12,8.275436916247403e-12,8.275491989046337e-12,8.275547061251e-12,8.27560213287526e-12,8.275657203949396e-12,8.275712274622378e-12,8.275767344721412e-12,8.275822414321348e-12,8.275877483375921e-12,8.275932551785459e-12,8.275987619663082e-12,8.276042686982204e-12,8.276097753881958e-12,8.27615282025144e-12,8.276207886113611e-12,8.276262951297933e-12,8.276318016055002e-12,8.276373080185292e-12,8.276428143739612e-12,8.27648320675384e-12,8.27653826923226e-12,8.276593331209388e-12,8.276648392643022e-12,8.276703453626135e-12,8.276758514104391e-12,8.276813573836859e-12,8.276868633106849e-12,8.276923691938098e-12,8.276978750151634e-12,8.277033807909825e-12,8.277088865007842e-12,8.277143921584855e-12,8.277198977725092e-12,8.277254033208677e-12,8.277309088154103e-12,8.277364142680004e-12,8.277419196558362e-12,8.277474249890276e-12,8.27752930268348e-12,8.277584354956084e-12,8.277639406674286e-12,8.27769445793041e-12,8.277749508605612e-12,8.277804558743157e-12,8.277859608314999e-12,8.277914657338925e-12,8.277969705839304e-12,8.278024753784004e-12,8.278079801308363e-12,8.27813484818419e-12,8.278189894521361e-12,8.278244940440916e-12,8.278299985719538e-12,8.278355030443028e-12,8.27841007464456e-12,8.278465118442844e-12,8.278520161561343e-12,8.278575204134644e-12,8.278630246181321e-12,8.278685287694061e-12,8.278740328656702e-12,8.278795369050054e-12,8.278850409075065e-12,8.278905448454252e-12,8.278960487277576e-12,8.279015525563992e-12,8.279070563267942e-12,8.279125600459732e-12,8.279180637149079e-12,8.279235673381773e-12,8.279290709099354e-12,8.279345744151846e-12,8.279400778671128e-12,8.279455812672574e-12,8.279510846060268e-12,8.279565878961659e-12,8.279620911390489e-12,8.279675943250857e-12,8.279730974649574e-12,8.27978600541534e-12,8.279841035632708e-12,8.279896065423481e-12,8.27995109456084e-12,8.280006123276683e-12,8.280061151452073e-12,8.280116179076976e-12,8.280171206067426e-12,8.280226232499418e-12,8.280281258429034e-12,8.280336283788321e-12,8.28039130857612e-12,8.280446332860175e-12,8.280501356537906e-12,8.280556379730271e-12,8.280611402401638e-12,8.280666424659503e-12,8.280721446249462e-12,8.280776467329807e-12,8.280831487850054e-12,8.280886507969505e-12,8.280941527444454e-12,8.280996546347645e-12,8.28105156471619e-12,8.281106582547648e-12,8.281161599825327e-12,8.281216616704936e-12,8.281271633065007e-12,8.281326648710725e-12,8.281381663971958e-12,8.28143667860208e-12,8.281491692644207e-12,8.28154670627849e-12,8.281601719407854e-12,8.281656731935084e-12,8.281711743962852e-12,8.281766755357589e-12,8.281821766157604e-12,8.28187677649344e-12,8.281931786279379e-12,8.281986795530539e-12,8.282041804309978e-12,8.282096812480286e-12,8.28215182011281e-12,8.282206827207853e-12,8.282261833884143e-12,8.282316839906657e-12,8.28237184539184e-12,8.282426850437247e-12,8.282481854823598e-12,8.282536858698764e-12,8.282591862035969e-12,8.282646864887916e-12,8.2827018671375e-12,8.282756868957021e-12,8.282811870067533e-12,8.282866870709e-12,8.282921870797839e-12,8.282976870479568e-12,8.283031869502185e-12,8.283086868101836e-12,8.283141866161785e-12,8.283196863697054e-12,8.283251860630387e-12,8.283306857099149e-12,8.283361852920993e-12,8.283416848246394e-12,8.283471842977857e-12,8.283526837139404e-12,8.283581830778466e-12,8.283636823880115e-12,8.283691816426758e-12,8.283746808464529e-12,8.283801799990168e-12,8.283856791075464e-12,8.283911781635227e-12,8.283966771618335e-12,8.284021760971054e-12,8.28407674973811e-12,8.284131738118179e-12,8.28418672583067e-12,8.284241713037033e-12,8.284296699744382e-12,8.284351685882391e-12,8.284406671583863e-12,8.284461656663127e-12,8.284516641182932e-12,8.284571625170673e-12,8.284626608620966e-12,8.284681591510602e-12,8.284736573899224e-12,8.284791555725154e-12,8.284846537020525e-12,8.284901517760277e-12,8.284956497954257e-12,8.285011477751508e-12,8.28506645699709e-12,8.285121435698635e-12,8.285176413769183e-12,8.285231391346447e-12,8.285286368347276e-12,8.28534134480569e-12,8.285396320833553e-12,8.285451296217347e-12,8.28550627119436e-12,8.285561245470827e-12,8.28561621917711e-12,8.285671192557098e-12,8.2857261652543e-12,8.285781137511775e-12,8.2858361091416e-12,8.28589108030322e-12,8.285946050972875e-12,8.286001020986806e-12,8.286055990599762e-12,8.286110959530144e-12,8.286165927922383e-12,8.2862208957841e-12,8.286275863091754e-12,8.28633082983851e-12,8.286385796087446e-12,8.286440761900494e-12,8.286495727072614e-12,8.286550691817772e-12,8.28660565591178e-12,8.286660619476392e-12,8.28671558249285e-12,8.286770544976839e-12,8.286825507051024e-12,8.286880468566754e-12,8.286935429515576e-12,8.286990389958341e-12,8.28704534976211e-12,8.28710030902808e-12,8.287155267756846e-12,8.287210225930808e-12,8.28726518360367e-12,8.28732014082426e-12,8.287375097387025e-12,8.287430053429545e-12,8.287485008956079e-12,8.28753996392529e-12,8.2875949183436e-12,8.287649872331973e-12,8.287704825727578e-12,8.28775977865854e-12,8.287814730916581e-12,8.28786968264454e-12,8.28792463387775e-12,8.28797958451725e-12,8.288034534758633e-12,8.288089484473802e-12,8.288144433536407e-12,8.288199381944293e-12,8.288254329953204e-12,8.288309277379088e-12,8.288364224241687e-12,8.288419170616481e-12,8.288474116554908e-12,8.288529061798619e-12,8.288584006582847e-12,8.288638950792952e-12,8.288693894473335e-12,8.288748837630098e-12,8.288803780238976e-12,8.288858722422462e-12,8.288913663912122e-12,8.288968604945133e-12,8.289023545501829e-12,8.28907848543211e-12,8.28913342484664e-12,8.289188363693965e-12,8.289243302202529e-12,8.289298240080791e-12,8.289353177212773e-12,8.289408113911992e-12,8.289463050076126e-12,8.289517985648988e-12,8.289572920729814e-12,8.289627855385601e-12,8.289682789423372e-12,8.289737722909896e-12,8.289792655982435e-12,8.289847588492422e-12,8.289902520362975e-12,8.2899574517017e-12,8.290012382486394e-12,8.290067312854895e-12,8.290122242553117e-12,8.290177171744113e-12,8.290232100359595e-12,8.290287028526287e-12,8.290341956058088e-12,8.290396883068943e-12,8.290451809622964e-12,8.290506735592556e-12,8.290561661093935e-12,8.29061658596625e-12,8.290671510293873e-12,8.290726434115196e-12,8.290781357466353e-12,8.290836280197628e-12,8.29089120252125e-12,8.290946124222646e-12,8.291001045339977e-12,8.29105596612768e-12,8.291110886211395e-12,8.291165805721449e-12,8.291220724817013e-12,8.291275643367891e-12,8.291330561322269e-12,8.291385478819324e-12,8.291440395657404e-12,8.29149531207429e-12,8.29155022782431e-12,8.291605143107145e-12,8.291660057803817e-12,8.29171497194529e-12,8.291769885567594e-12,8.291824798647651e-12,8.291879711179495e-12,8.291934623191391e-12,8.291989534760798e-12,8.292044445713373e-12,8.29209935614601e-12,8.29215426604274e-12,8.292209175365868e-12,8.292264084231916e-12,8.292318992505442e-12,8.29237390022372e-12,8.292428807426168e-12,8.292483714075978e-12,8.292538620184084e-12,8.292593525860929e-12,8.292648430845977e-12,8.292703335453287e-12,8.292758239439568e-12,8.292813142857365e-12,8.292868045765584e-12,8.292922948230551e-12,8.292977850034732e-12,8.293032751430315e-12,8.293087652161543e-12,8.293142552310283e-12,8.293197451985053e-12,8.293252351101612e-12,8.293307249802219e-12,8.29336214786028e-12,8.29341704538172e-12,8.293471942361013e-12,8.293526838904175e-12,8.293581734815768e-12,8.293636630293327e-12,8.293691525125523e-12,8.293746419427299e-12,8.293801313196694e-12,8.293856206425017e-12,8.293911099108077e-12,8.293965991365738e-12,8.294020883093355e-12,8.294075774175599e-12,8.29413066471542e-12,8.294185554719425e-12,8.294240444209939e-12,8.294295333130265e-12,8.294350221536439e-12,8.294405109388845e-12,8.294459996720355e-12,8.294514883600059e-12,8.294569769859691e-12,8.294624655576474e-12,8.294679540820364e-12,8.294734425432585e-12,8.294789309530597e-12,8.294844193084823e-12,8.294899076113842e-12,8.29495395876137e-12,8.295008840705389e-12,8.295063722146023e-12,8.295118603016994e-12,8.295173483432482e-12,8.2952283632806e-12,8.29528324255031e-12,8.295338121274766e-12,8.295392999493437e-12,8.29544787716296e-12,8.295502754387398e-12,8.295557630968606e-12,8.295612507160334e-12,8.295667382618293e-12,8.295722257705119e-12,8.295777131913752e-12,8.295832005832936e-12,8.295886879333193e-12,8.295941752144866e-12,8.295996624419169e-12,8.296051496207799e-12,8.296106367545667e-12,8.296161238245719e-12,8.296216108399822e-12,8.29627097802382e-12,8.296325847098486e-12,8.296380715649691e-12,8.296435583776517e-12,8.296490451222744e-12,8.296545318039366e-12,8.296600184443817e-12,8.296655050312674e-12,8.296709915660843e-12,8.29676478058113e-12,8.296819644779373e-12,8.296874508607842e-12,8.296929371807736e-12,8.296984234470353e-12,8.297039096549e-12,8.297093958127315e-12,8.297148819151703e-12,8.29720367987258e-12,8.297258539855516e-12,8.297313399408915e-12,8.297368258288703e-12,8.29742311665466e-12,8.297477974457977e-12,8.297532831728389e-12,8.297587688462672e-12,8.29764254474195e-12,8.297697400551799e-12,8.297752255689493e-12,8.297807110412217e-12,8.29786196459671e-12,8.297916818130632e-12,8.297971671202006e-12,8.298026523661149e-12,8.298081375523558e-12,8.298136226912946e-12,8.298191077872603e-12,8.298245928178913e-12,8.298300778060827e-12,8.298355627405833e-12,8.298410476111497e-12,8.298465324354741e-12,8.298520171977152e-12,8.298575019200135e-12,8.298629865759681e-12,8.298684711764953e-12,8.298739557239009e-12,8.298794402194228e-12,8.2988492466365e-12,8.298904090485797e-12,8.298958933838676e-12,8.299013776652345e-12,8.299068618972577e-12,8.299123460806004e-12,8.299178301995853e-12,8.299233142624234e-12,8.299287982858432e-12,8.299342822452388e-12,8.299397661509933e-12,8.299452500132774e-12,8.299507338213136e-12,8.29956217564366e-12,8.299617012675368e-12,8.29967184903611e-12,8.299726684862417e-12,8.29978152019018e-12,8.299836354922195e-12,8.299891189138821e-12,8.299946022819827e-12,8.300000856069381e-12,8.30005568879622e-12,8.300110520868622e-12,8.300165352422985e-12,8.300220183537003e-12,8.300275014017962e-12,8.300329843942299e-12,8.300384673402005e-12,8.30043950225742e-12,8.300494330600746e-12,8.300549158393903e-12,8.300603985625647e-12,8.30065881245172e-12,8.300713638627189e-12,8.300768464338579e-12,8.300823289477288e-12,8.300878114045484e-12,8.300932938200285e-12,8.300987761842552e-12,8.301042584997111e-12,8.301097407485899e-12,8.301152229496866e-12,8.30120705085772e-12,8.301261871683635e-12,8.301316691963823e-12,8.301371511708997e-12,8.301426331017493e-12,8.301481149744996e-12,8.301535968005665e-12,8.30159078562117e-12,8.30164560268554e-12,8.30170041932633e-12,8.30175523544104e-12,8.301810051015675e-12,8.301864865937502e-12,8.301919680322541e-12,8.301974494179585e-12,8.302029307550824e-12,8.302084120328502e-12,8.302138932570537e-12,8.302193744313432e-12,8.302248555492467e-12,8.302303366246796e-12,8.302358176342016e-12,8.302412985898874e-12,8.302467795028452e-12,8.302522603512828e-12,8.302577411511935e-12,8.302632218948493e-12,8.302687025940045e-12,8.302741832404582e-12,8.30279663834467e-12,8.302851443638005e-12,8.302906248390427e-12,8.30296105260137e-12,8.303015856286042e-12,8.303070659476021e-12,8.303125462090459e-12,8.303180264233607e-12,8.303235065796909e-12,8.303289866804076e-12,8.303344667315848e-12,8.303399467203975e-12,8.303454266604531e-12,8.303509065459625e-12,8.303563863880427e-12,8.303618661673261e-12,8.303673458931587e-12,8.303728255629452e-12,8.303783051815089e-12,8.303837847457619e-12,8.303892642571801e-12,8.303947437223931e-12,8.304002231388775e-12,8.304057024895892e-12,8.304111817867323e-12,8.304166610295753e-12,8.304221402195502e-12,8.304276193549742e-12,8.304330984494083e-12,8.30438577488363e-12,8.304440564772319e-12,8.304495353976451e-12,8.30455014266869e-12,8.304604930799996e-12,8.304659718532615e-12,8.304714505625412e-12,8.30476929216903e-12,8.30482407828323e-12,8.304878863869216e-12,8.304933648801056e-12,8.304988433208247e-12,8.305043217066754e-12,8.305098000512415e-12,8.305152783289811e-12,8.305207565549647e-12,8.305262347370782e-12,8.305317128562842e-12,8.30537190921571e-12,8.305426689299349e-12,8.305481468910343e-12,8.305536247954153e-12,8.30559102656747e-12,8.305645804575316e-12,8.305700582003983e-12,8.305755358889593e-12,8.305810135257292e-12,8.305864911195291e-12,8.305919686494538e-12,8.305974461274639e-12,8.306029235494244e-12,8.306084009163928e-12,8.306138782340934e-12,8.306193555032563e-12,8.306248327119938e-12,8.306303098691515e-12,8.306357869704156e-12,8.306412640165178e-12,8.306467410208998e-12,8.306522179656146e-12,8.306576948520665e-12,8.30663171685148e-12,8.306686484634647e-12,8.3067412519356e-12,8.30679601876702e-12,8.306850784959988e-12,8.306905550746434e-12,8.306960315950572e-12,8.30701508064249e-12,8.307069844697166e-12,8.307124608312836e-12,8.307179371430618e-12,8.307234133897806e-12,8.307288895783084e-12,8.307343657177725e-12,8.307398418023085e-12,8.307453178339662e-12,8.307507938115396e-12,8.307562697353804e-12,8.307617456044556e-12,8.307672214304378e-12,8.307726972029383e-12,8.307781729111032e-12,8.307836485673159e-12,8.307891241687551e-12,8.307945997233121e-12,8.308000752283378e-12,8.30805550675948e-12,8.308110260654066e-12,8.308165014100058e-12,8.308219767007176e-12,8.308274519402142e-12,8.308329271140625e-12,8.308384022327121e-12,8.308438772978087e-12,8.308493523056331e-12,8.308548272645824e-12,8.308603021711943e-12,8.308657770231746e-12,8.3087125181917e-12,8.30876726568177e-12,8.308822012714533e-12,8.308876759100235e-12,8.308931504919344e-12,8.308986250345181e-12,8.309040995024727e-12,8.309095739265322e-12,8.309150482973354e-12,8.309205226212465e-12,8.309259968864007e-12,8.309314710950246e-12,8.309369452538158e-12,8.309424193571571e-12,8.309478934052146e-12,8.309533674058608e-12,8.309588413557886e-12,8.309643152557163e-12,8.3096978908578e-12,8.309752628662499e-12,8.309807365949538e-12,8.30986210268842e-12,8.309916838866329e-12,8.30997157453847e-12,8.31002630963303e-12,8.3100810442623e-12,8.310135778471326e-12,8.31019051212618e-12,8.310245245129692e-12,8.310299977609885e-12,8.310354709640421e-12,8.310409441040852e-12,8.310464172044962e-12,8.310518902369678e-12,8.310573632164742e-12,8.310628361422591e-12,8.310683090155084e-12,8.31073781836427e-12,8.310792546001015e-12,8.310847273089344e-12,8.310901999672351e-12,8.310956725719591e-12,8.311011451214245e-12,8.311066176161e-12,8.311120900603161e-12,8.311175624512352e-12,8.311230347892545e-12,8.31128507079017e-12,8.311339793136481e-12,8.311394514987836e-12,8.311449236330971e-12,8.311503957012594e-12,8.311558677168262e-12,8.311613396900363e-12,8.311668116026878e-12,8.31172283458581e-12,8.311777552629276e-12,8.311832270112993e-12,8.311886987066928e-12,8.311941703476863e-12,8.311996419431045e-12,8.312051134832165e-12,8.31210584966641e-12,8.31216056395307e-12,8.312215277708714e-12,8.312269990928291e-12,8.31232470359288e-12,8.312379415748025e-12,8.312434127292585e-12,8.31248883834479e-12,8.312543548879193e-12,8.31259825887867e-12,8.312652968360233e-12,8.31270767739624e-12,8.312762385790956e-12,8.312817093649739e-12,8.312871801003199e-12,8.312926507813197e-12,8.312981214063022e-12,8.31303591995327e-12,8.313090625239392e-12,8.313145329985148e-12,8.313200034203517e-12,8.313254737898446e-12,8.313309440928784e-12,8.313364143493932e-12,8.3134188455736e-12,8.313473547135928e-12,8.313528248190909e-12,8.313582948668958e-12,8.313637648489191e-12,8.313692347820766e-12,8.313747046606622e-12,8.31380174488407e-12,8.313856442564262e-12,8.313911139695828e-12,8.313965836344647e-12,8.31402053243867e-12,8.314075227996881e-12,8.314129923015222e-12,8.314184617486532e-12,8.314239311445783e-12,8.314294004936395e-12,8.314348697768738e-12,8.314403390061088e-12,8.314458081950744e-12,8.314512773210419e-12,8.314567464070106e-12,8.314622154249003e-12,8.31467684402258e-12,8.31473153322189e-12,8.314786221807565e-12,8.314840909943497e-12,8.314895597474657e-12,8.314950284476739e-12,8.315004970939336e-12,8.315059656879821e-12,8.315114342294618e-12,8.315169027249286e-12,8.315223711577868e-12,8.315278395468414e-12,8.315333078716705e-12,8.315387761536686e-12,8.315442443713911e-12,8.315497125363254e-12,8.31555180645872e-12,8.315606487044564e-12,8.315661167162708e-12,8.31571584662448e-12,8.31577052560686e-12,8.31582520405885e-12,8.315879882025932e-12,8.31593455940327e-12,8.315989236277763e-12,8.316043912684124e-12,8.316098588463711e-12,8.316153263697634e-12,8.316207938402514e-12,8.316262612575197e-12,8.316317286220761e-12,8.316371959325674e-12,8.316426631842257e-12,8.316481303868612e-12,8.316535975423285e-12,8.316590646386046e-12,8.31664531681485e-12,8.316699986698525e-12,8.316754656146846e-12,8.316809324979124e-12,8.316863993269765e-12,8.31691866100459e-12,8.31697332819295e-12,8.317027994913752e-12,8.31708266104538e-12,8.317137326631424e-12,8.317191991708152e-12,8.317246656235902e-12,8.317301320239046e-12,8.317355983701046e-12,8.317410646713862e-12,8.31746530912409e-12,8.317519971002487e-12,8.317574632440236e-12,8.317629293289786e-12,8.317683953562097e-12,8.317738613282314e-12,8.317793272485667e-12,8.317847931165739e-12,8.31790258928294e-12,8.317957246882933e-12,8.318011903939584e-12,8.318066560468979e-12,8.318121216485318e-12,8.318175871990686e-12,8.31823052690636e-12,8.318285181293872e-12,8.318339835126371e-12,8.31839448843412e-12,8.318449141224919e-12,8.318503793463183e-12,8.318558445171966e-12,8.318613096325744e-12,8.318667746971584e-12,8.3187223970921e-12,8.31877704665846e-12,8.318831695700995e-12,8.318886344231808e-12,8.318940992322069e-12,8.318995639759273e-12,8.319050286786101e-12,8.319104933272901e-12,8.319159579149151e-12,8.319214224441176e-12,8.319268869226036e-12,8.319323513444191e-12,8.319378157214175e-12,8.319432800486189e-12,8.319487443127442e-12,8.319542085331623e-12,8.319596727009222e-12,8.319651368030582e-12,8.31970600853066e-12,8.319760648490936e-12,8.319815287987097e-12,8.319869927085184e-12,8.319924565553198e-12,8.319979203403276e-12,8.320033840649979e-12,8.320088477505193e-12,8.320143113721476e-12,8.320197749515099e-12,8.32025238467239e-12,8.320307019396377e-12,8.320361653492192e-12,8.320416287047526e-12,8.32047092007386e-12,8.320525552663104e-12,8.320580184601731e-12,8.320634816135659e-12,8.320689447001865e-12,8.320744077351772e-12,8.320798707166863e-12,8.320853336477188e-12,8.320907965223922e-12,8.320962593441395e-12,8.321017221107257e-12,8.321071848285797e-12,8.321126474993898e-12,8.321181101036768e-12,8.32123572657842e-12,8.321290351693864e-12,8.321344976175316e-12,8.321399600112372e-12,8.321454223611356e-12,8.321508846482321e-12,8.321563468934645e-12,8.3216180906805e-12,8.321672711881224e-12,8.321727332718273e-12,8.32178195291488e-12,8.321836572581105e-12,8.321891191675861e-12,8.32194581037036e-12,8.32200042837757e-12,8.322055046014177e-12,8.322109663010562e-12,8.322164279565276e-12,8.322218895518894e-12,8.322273510895622e-12,8.322328125722176e-12,8.322382740064434e-12,8.322437353897586e-12,8.322491967216909e-12,8.322546579940132e-12,8.322601192117848e-12,8.322655803755852e-12,8.3227104149343e-12,8.322765025579964e-12,8.322819635700478e-12,8.32287424521802e-12,8.322928854203032e-12,8.322983462632504e-12,8.32303807052902e-12,8.32309267801824e-12,8.323147284861793e-12,8.32320189117685e-12,8.323256497048656e-12,8.323311102296338e-12,8.323365707013383e-12,8.323420311266108e-12,8.323474914954624e-12,8.32352951816984e-12,8.323584120793593e-12,8.323638722933492e-12,8.323693324488995e-12,8.323747925464413e-12,8.323802525885467e-12,8.323857125808672e-12,8.32391172517851e-12,8.323966324123565e-12,8.324020922450171e-12,8.32407552031125e-12,8.324130117675197e-12,8.324184714471034e-12,8.324239310525309e-12,8.324293906190413e-12,8.324348501357771e-12,8.324403095956102e-12,8.324457690068427e-12,8.324512283536423e-12,8.324566876471788e-12,8.324621469005512e-12,8.324676060772531e-12,8.324730652241476e-12,8.32478524320384e-12,8.324839833501182e-12,8.324894423303742e-12,8.324949012594449e-12,8.325003601292734e-12,8.32505818946099e-12,8.325112777072439e-12,8.325167364167134e-12,8.32522195072865e-12,8.325276536750236e-12,8.325331122248774e-12,8.325385707320607e-12,8.325440291737472e-12,8.325494875580752e-12,8.325549458930617e-12,8.325604041800329e-12,8.325658624090932e-12,8.32571320584324e-12,8.325767787053974e-12,8.32582236769003e-12,8.325876947845608e-12,8.325931527587366e-12,8.325986106614097e-12,8.326040685168683e-12,8.326095263132314e-12,8.326149840716861e-12,8.326204417609318e-12,8.326258994011001e-12,8.326313570010418e-12,8.326368145500384e-12,8.326422720369586e-12,8.326477294696338e-12,8.326531868451398e-12,8.326586441661668e-12,8.326641014420395e-12,8.32669558661685e-12,8.326750158216246e-12,8.326804729298812e-12,8.32685929987043e-12,8.326913869885749e-12,8.32696843948338e-12,8.327023008434522e-12,8.327077576945273e-12,8.327132144604041e-12,8.327186711953568e-12,8.327241278752838e-12,8.327295845125011e-12,8.327350410974815e-12,8.327404976192939e-12,8.327459540840408e-12,8.327514105086141e-12,8.327568668797672e-12,8.327623231870558e-12,8.32767779439109e-12,8.327732356440086e-12,8.32778691786884e-12,8.327841478821627e-12,8.327896039230145e-12,8.327950599249408e-12,8.32800515854284e-12,8.328059717447829e-12,8.328114275822065e-12,8.328168833568359e-12,8.32822339078223e-12,8.328277947369045e-12,8.328332503548791e-12,8.328387059242764e-12,8.328441614341135e-12,8.328496168865448e-12,8.328550722859757e-12,8.328605276297884e-12,8.32865982933725e-12,8.328714381738096e-12,8.328768933739888e-12,8.328823485291368e-12,8.328878036115448e-12,8.328932586479676e-12,8.328987136187716e-12,8.329041685513245e-12,8.329096234139323e-12,8.329150782275999e-12,8.329205329938056e-12,8.32925987700707e-12,8.329314423525731e-12,8.329368969656095e-12,8.329423515213324e-12,8.32947806025945e-12,8.329532604647986e-12,8.329587148520883e-12,8.329641691862937e-12,8.329696234644291e-12,8.3297507769098e-12,8.32980531863107e-12,8.329859859838315e-12,8.329914400485533e-12,8.329968940617825e-12,8.330023480202892e-12,8.330078019242176e-12,8.330132557725414e-12,8.330187095730068e-12,8.330241633177369e-12,8.330296170228665e-12,8.33035070661615e-12,8.330405242454242e-12,8.33045977781215e-12,8.330514312651046e-12,8.330568846932088e-12,8.33062338064566e-12,8.330677913830407e-12,8.330732446596982e-12,8.33078697871949e-12,8.330841510336222e-12,8.330896041400397e-12,8.330950571995028e-12,8.331005102105429e-12,8.331059631674472e-12,8.331114160560833e-12,8.331168688924946e-12,8.33122321675058e-12,8.331277744188293e-12,8.33133227097687e-12,8.331386797280459e-12,8.331441322945596e-12,8.331495848145254e-12,8.33155037280943e-12,8.331604896932558e-12,8.331659420520351e-12,8.33171394359588e-12,8.33176846613436e-12,8.331822988151088e-12,8.331877509615173e-12,8.3319320305932e-12,8.331986551019603e-12,8.332041070905178e-12,8.332095590203996e-12,8.332150109016261e-12,8.332204627392958e-12,8.332259145133188e-12,8.332313662397744e-12,8.332368179084348e-12,8.33242269521924e-12,8.332477210849836e-12,8.332531726031845e-12,8.332586240672012e-12,8.33264075467442e-12,8.33269526813218e-12,8.332749781069467e-12,8.332804293595924e-12,8.332858805530093e-12,8.332913316977839e-12,8.332967827857282e-12,8.333022338262808e-12,8.333076848008122e-12,8.33313135722466e-12,8.33318586587886e-12,8.333240373993065e-12,8.33329488155331e-12,8.333349388655882e-12,8.333403895201935e-12,8.333458401216815e-12,8.333512906803942e-12,8.333567411757826e-12,8.333621916170018e-12,8.333676420072534e-12,8.333730923418665e-12,8.33378542621917e-12,8.333839928499169e-12,8.333894430229039e-12,8.333948931547066e-12,8.334003432330627e-12,8.334057932486116e-12,8.334112432080962e-12,8.33416693118069e-12,8.334221429921896e-12,8.334275927937747e-12,8.334330425403372e-12,8.334384922444077e-12,8.334439418878214e-12,8.334493914860694e-12,8.33454841019505e-12,8.334602905107617e-12,8.334657399396947e-12,8.334711893178727e-12,8.334766386399484e-12,8.334820879067766e-12,8.334875371288482e-12,8.334929862891302e-12,8.334984353955484e-12,8.335038844508405e-12,8.335093334530393e-12,8.335147823996984e-12,8.33520231305593e-12,8.335256801479362e-12,8.335311289469629e-12,8.33536577692034e-12,8.335420263747189e-12,8.335474750151068e-12,8.335529235888796e-12,8.335583721091574e-12,8.335638205766075e-12,8.335692689926181e-12,8.335747173553845e-12,8.33580165675847e-12,8.335856139319936e-12,8.335910621348443e-12,8.335965102837361e-12,8.336019583850648e-12,8.336074064373472e-12,8.336128544236637e-12,8.336183023600386e-12,8.336237502240024e-12,8.336291980553942e-12,8.336346458310149e-12,8.336400935657272e-12,8.336455412436306e-12,8.336509888551633e-12,8.33656436418563e-12,8.336618839269652e-12,8.336673313840537e-12,8.336727787857986e-12,8.336782261388021e-12,8.336836734456118e-12,8.336891206892663e-12,8.336945678793023e-12,8.33700015017569e-12,8.337054621132277e-12,8.337109091432949e-12,8.337163561175257e-12,8.337218030364852e-12,8.337272499055354e-12,8.337326967298282e-12,8.33738143491961e-12,8.337435902050977e-12,8.337490368611036e-12,8.337544834660863e-12,8.337599300173012e-12,8.337653765151989e-12,8.337708229588254e-12,8.337762693501838e-12,8.337817156882749e-12,8.337871619729374e-12,8.33792608202756e-12,8.337980543772258e-12,8.338035005076975e-12,8.338089465783984e-12,8.338143926068699e-12,8.338198385722605e-12,8.338252844834504e-12,8.338307303412227e-12,8.338361761454425e-12,8.338416218994614e-12,8.338470675975576e-12,8.338525132379139e-12,8.338579588328055e-12,8.338634043833981e-12,8.338688498785356e-12,8.338742953139748e-12,8.338797407019233e-12,8.338851860273346e-12,8.338906313001467e-12,8.33896076519576e-12,8.339015216852528e-12,8.3390696679731e-12,8.33912411856942e-12,8.339178568695409e-12,8.339233018240755e-12,8.339287467244747e-12,8.339341915722884e-12,8.339396363784134e-12,8.339450811186584e-12,8.339505258116153e-12,8.339559704446718e-12,8.339614150244846e-12,8.339668595510629e-12,8.339723040240571e-12,8.339777484578878e-12,8.33983192835824e-12,8.339886371605228e-12,8.339940814200901e-12,8.339995256271969e-12,8.340049697889699e-12,8.340104138963684e-12,8.34015857950833e-12,8.340213019460121e-12,8.340267458880609e-12,8.34032189775706e-12,8.340376335845372e-12,8.340430773662835e-12,8.340485210976473e-12,8.340539647829994e-12,8.340594084054983e-12,8.340648519752126e-12,8.340702954956625e-12,8.340757389579456e-12,8.34081182367093e-12,8.34086625728496e-12,8.340920690310505e-12,8.340975122807056e-12,8.341029554865538e-12,8.341083986299646e-12,8.34113841726082e-12,8.341192847681003e-12,8.341247277532939e-12,8.341301706851933e-12,8.341356135650187e-12,8.341410563884242e-12,8.341464991613878e-12,8.341519418866914e-12,8.341573845487036e-12,8.341628271596002e-12,8.341682697273688e-12,8.34173712214777e-12,8.341791546656063e-12,8.341845970614108e-12,8.34190039405767e-12,8.341954816968671e-12,8.342009239339592e-12,8.342063661126784e-12,8.342118082432442e-12,8.342172503205953e-12,8.342226923439523e-12,8.342281343151648e-12,8.342335762441993e-12,8.342390181036397e-12,8.34244459913231e-12,8.342499016739751e-12,8.342553433894381e-12,8.34260785041463e-12,8.342662266408797e-12,8.342716681991121e-12,8.342771096904373e-12,8.34282551120193e-12,8.342879925064043e-12,8.342934338393654e-12,8.342988751237438e-12,8.343043163528745e-12,8.343097575282932e-12,8.343151986562487e-12,8.343206397001905e-12,8.343260807149665e-12,8.34331521675354e-12,8.343369625846435e-12,8.343424034410055e-12,8.343478442399978e-12,8.343532849860768e-12,8.343587256807192e-12,8.343641663198388e-12,8.343696069072832e-12,8.343750474413619e-12,8.343804879233243e-12,8.343859283540988e-12,8.343913687291195e-12,8.343968090515148e-12,8.344022493266347e-12,8.344076895461098e-12,8.344131296838463e-12,8.344185697939286e-12,8.344240098496732e-12,8.344294498617713e-12,8.344348898133257e-12,8.344403297099129e-12,8.344457695511923e-12,8.344512093408806e-12,8.344566490773626e-12,8.344620887614299e-12,8.344675284052725e-12,8.344729679890393e-12,8.344784075189541e-12,8.344838469888285e-12,8.344892864159746e-12,8.344947257829634e-12,8.345001650921323e-12,8.345056043523326e-12,8.345110435606486e-12,8.34516482709805e-12,8.34521921807557e-12,8.34527360852124e-12,8.345327998435803e-12,8.345382387795645e-12,8.34543677664227e-12,8.345491164962263e-12,8.345545552755605e-12,8.345599939994472e-12,8.345654326702183e-12,8.345708712896841e-12,8.345763098524154e-12,8.345817483612129e-12,8.345871868158365e-12,8.345926252203252e-12,8.345980635826327e-12,8.346035018826494e-12,8.346089401274248e-12,8.346143783224967e-12,8.346198164739098e-12,8.346252545592794e-12,8.34630692589598e-12,8.346361305794436e-12,8.34641568517414e-12,8.346470064013394e-12,8.346524442208779e-12,8.346578819882307e-12,8.34663319703809e-12,8.346687573667236e-12,8.346741949757522e-12,8.346796325311374e-12,8.346850700522912e-12,8.346905075016145e-12,8.346959449039252e-12,8.347013822470292e-12,8.347068195375667e-12,8.347122567768315e-12,8.347176939550253e-12,8.347231310859112e-12,8.347285681622843e-12,8.347340051945144e-12,8.347394421647866e-12,8.34744879081526e-12,8.347503159449188e-12,8.347557527619185e-12,8.347611895232264e-12,8.347666262288388e-12,8.347720628800202e-12,8.34777499478252e-12,8.347829360213729e-12,8.347883725113404e-12,8.347938089509553e-12,8.34799245334216e-12,8.348046816651693e-12,8.348101179499529e-12,8.348155541737746e-12,8.348209903492312e-12,8.348264264703762e-12,8.348318625460917e-12,8.348372985609654e-12,8.348427345154882e-12,8.34848170422186e-12,8.348536062834247e-12,8.348590420845707e-12,8.34864477835792e-12,8.348699135314102e-12,8.348753491719114e-12,8.348807847604188e-12,8.348862202947207e-12,8.348916557760417e-12,8.348970912035025e-12,8.349025265891972e-12,8.349079619195066e-12,8.349133971885276e-12,8.349188324023127e-12,8.349242675666939e-12,8.34929702680196e-12,8.349351377345936e-12,8.34940572736677e-12,8.349460076882309e-12,8.349514425842692e-12,8.349568774275767e-12,8.34962312215941e-12,8.349677469565357e-12,8.349731816354224e-12,8.349786162678486e-12,8.349840508454951e-12,8.349894853813822e-12,8.349949198628226e-12,8.350003542904205e-12,8.350057886548329e-12,8.350112229665226e-12,8.3501665722333e-12,8.350220914287004e-12,8.350275255791191e-12,8.350329596790572e-12,8.350383937243433e-12,8.350438277266222e-12,8.350492616653466e-12,8.35054695554777e-12,8.350601293924452e-12,8.350655631730696e-12,8.350709969017679e-12,8.35076430576181e-12,8.35081864196924e-12,8.350872977612074e-12,8.350927312660487e-12,8.350981647301779e-12,8.3510359814901e-12,8.351090315023957e-12,8.351144648102674e-12,8.351198980361149e-12,8.351253312315634e-12,8.351307643762478e-12,8.351361974668973e-12,8.351416305027575e-12,8.35147063496217e-12,8.35152496426437e-12,8.351579292980294e-12,8.351633621181486e-12,8.351687948961146e-12,8.351742276238654e-12,8.351796602904571e-12,8.351850929017906e-12,8.351905254687581e-12,8.351959579712328e-12,8.352013904245742e-12,8.352068228225022e-12,8.352122551510015e-12,8.3521768744304e-12,8.352231196837013e-12,8.352285518700941e-12,8.35233984002758e-12,8.352394160817559e-12,8.352448481048535e-12,8.352502800774783e-12,8.352557119975733e-12,8.352611438682003e-12,8.352665756893158e-12,8.352720074258528e-12,8.352774391333016e-12,8.35282870783344e-12,8.352883023823922e-12,8.352937339398326e-12,8.352991654348756e-12,8.353045968756585e-12,8.353100282648958e-12,8.35315459607403e-12,8.353208908897804e-12,8.353263221180332e-12,8.353317532923586e-12,8.353371844106036e-12,8.353426154913499e-12,8.353480465064568e-12,8.35353477469948e-12,8.353589083804183e-12,8.3536433924161e-12,8.353697700457629e-12,8.353752008004837e-12,8.35380631496731e-12,8.353860621410332e-12,8.353914927425629e-12,8.353969232817558e-12,8.354023537722754e-12,8.354077841999046e-12,8.354132145782217e-12,8.354186449174e-12,8.354240751894776e-12,8.354295054079458e-12,8.354349355729331e-12,8.35440365697288e-12,8.35445795732821e-12,8.354512257406179e-12,8.354566556947264e-12,8.354620855941119e-12,8.3546751544006e-12,8.354729452349906e-12,8.354783749763773e-12,8.354838046655428e-12,8.354892343081858e-12,8.354946638921893e-12,8.355000934272378e-12,8.355055229016287e-12,8.355109523318344e-12,8.355163817012329e-12,8.355218110163083e-12,8.355272402818307e-12,8.355326694863886e-12,8.355380986431551e-12,8.355435277454778e-12,8.35548956796739e-12,8.355543857948846e-12,8.355598147392287e-12,8.355652436311495e-12,8.355706724705081e-12,8.355761012648092e-12,8.355815299838143e-12,8.35586958663303e-12,8.355923872879633e-12,8.355978158616004e-12,8.356032443819048e-12,8.356086728489416e-12,8.356141012634694e-12,8.356195296398375e-12,8.35624957946808e-12,8.356303862086081e-12,8.356358144101993e-12,8.356412425584452e-12,8.356466706647493e-12,8.356520987082743e-12,8.35657526676835e-12,8.356629546128491e-12,8.356683824957559e-12,8.356738103352965e-12,8.35679238121336e-12,8.356846658441318e-12,8.356900935240954e-12,8.356955211421355e-12,8.35700948709941e-12,8.35706376220899e-12,8.35711803684405e-12,8.357172310960844e-12,8.357226584583252e-12,8.357280857561227e-12,8.357335130033814e-12,8.357389402073431e-12,8.357443673582937e-12,8.357497944473437e-12,8.357552214793771e-12,8.357606484659734e-12,8.357660753926547e-12,8.357715022742292e-12,8.357769290949058e-12,8.357823558615685e-12,8.35787782576333e-12,8.35793209238045e-12,8.357986358474079e-12,8.358040623975393e-12,8.358094889104293e-12,8.358149153636698e-12,8.358203417704642e-12,8.35825768124519e-12,8.358311944164131e-12,8.358366206600104e-12,8.358420468428624e-12,8.358474729833908e-12,8.35852899059353e-12,8.358583250843783e-12,8.358637510541116e-12,8.358691769818871e-12,8.358746028567816e-12,8.358800286673839e-12,8.358854544280769e-12,8.358908801325429e-12,8.358963057856928e-12,8.359017313915917e-12,8.359071569428647e-12,8.359125824464452e-12,8.359180078878488e-12,8.359234332735062e-12,8.359288586171563e-12,8.359342838982112e-12,8.359397091287845e-12,8.35945134304639e-12,8.359505594238399e-12,8.359559844935364e-12,8.35961409509685e-12,8.359668344732998e-12,8.359722594028931e-12,8.35977684263698e-12,8.359831090724932e-12,8.35988533832272e-12,8.359939585299495e-12,8.359993831798746e-12,8.360048077784067e-12,8.360102323175064e-12,8.360156568029265e-12,8.360210812356572e-12,8.36026505628364e-12,8.360319299584149e-12,8.360373542339605e-12,8.360427784597518e-12,8.36048202626313e-12,8.360536267436032e-12,8.360590508079314e-12,8.36064474816294e-12,8.360698987756529e-12,8.360753226756576e-12,8.360807465267029e-12,8.360861703241303e-12,8.360915940709398e-12,8.360970177688218e-12,8.36102441407138e-12,8.361078649904359e-12,8.361132885201856e-12,8.36118711982322e-12,8.36124135406492e-12,8.36129558777044e-12,8.361349821025018e-12,8.361404053505172e-12,8.361458285528893e-12,8.361512517106594e-12,8.361566748151719e-12,8.361620978769485e-12,8.361675208751091e-12,8.361729438294747e-12,8.361783667230013e-12,8.36183789563545e-12,8.36189212348993e-12,8.361946350826807e-12,8.362000577677175e-12,8.362054804024834e-12,8.362109029710166e-12,8.362163254926894e-12,8.362217479566382e-12,8.362271703678865e-12,8.36232592729947e-12,8.362380150453332e-12,8.362434373006588e-12,8.362488595072042e-12,8.362542816579953e-12,8.362597037606992e-12,8.362651258003746e-12,8.362705477902846e-12,8.362759697271486e-12,8.362813916129964e-12,8.362868134533161e-12,8.36292235235539e-12,8.362976569710273e-12,8.363030786426692e-12,8.36308500262838e-12,8.363139218300536e-12,8.363193433433194e-12,8.363247648028192e-12,8.36330186205143e-12,8.363356075598005e-12,8.363410288619286e-12,8.363464501199088e-12,8.363518713159004e-12,8.363572924373704e-12,8.363627135265757e-12,8.363681345639984e-12,8.363735555483476e-12,8.363789764589606e-12,8.363843973151595e-12,8.363898181397562e-12,8.36395238922019e-12,8.364006596384688e-12,8.36406080292131e-12,8.364115009067974e-12,8.364169214746172e-12,8.364223419813095e-12,8.36427762441261e-12,8.364331828396384e-12,8.364386031868346e-12,8.364440234815376e-12,8.364494437228754e-12,8.36454863920694e-12,8.3646028406692e-12,8.364657041597348e-12,8.364711241883513e-12,8.364765441664021e-12,8.364819640939375e-12,8.36487383962958e-12,8.364928037752726e-12,8.36498223543379e-12,8.365036432568846e-12,8.365090629243318e-12,8.36514482528808e-12,8.365199020806462e-12,8.36525321582211e-12,8.365307410331248e-12,8.365361604260758e-12,8.365415797688517e-12,8.36546999065205e-12,8.36552418307206e-12,8.365578374872487e-12,8.365632566132983e-12,8.365686756982631e-12,8.365740947325057e-12,8.36579513702445e-12,8.365849326181329e-12,8.365903514856672e-12,8.365957702997162e-12,8.366011890588621e-12,8.366066077628868e-12,8.366120264125363e-12,8.366174449916432e-12,8.366228635408085e-12,8.366282820432848e-12,8.366337004819277e-12,8.366391188711274e-12,8.366445372100745e-12,8.3664995549614e-12,8.366553737223462e-12,8.366607918955106e-12,8.366662100232743e-12,8.366716280907058e-12,8.366770461152746e-12,8.366824640810548e-12,8.366878819895265e-12,8.366932998483291e-12,8.36698717654482e-12,8.367041354042524e-12,8.367095531023617e-12,8.367149707439546e-12,8.36720388334833e-12,8.367258058720532e-12,8.367312233549916e-12,8.367366407856769e-12,8.3674205816235e-12,8.367474754882987e-12,8.367528927512392e-12,8.36758309970556e-12,8.36763727137617e-12,8.367691442454143e-12,8.367745613057052e-12,8.367799783040493e-12,8.367853952583344e-12,8.367908121616165e-12,8.367962290206636e-12,8.368016458165712e-12,8.368070625636171e-12,8.368124792546638e-12,8.36817895885811e-12,8.368233124694951e-12,8.368287289980532e-12,8.368341454762382e-12,8.368395619005273e-12,8.368449782617561e-12,8.368503945906664e-12,8.368558108559682e-12,8.368612270687908e-12,8.368666432291863e-12,8.36872059333455e-12,8.368774753867778e-12,8.368828913873598e-12,8.368883073376548e-12,8.36893723237803e-12,8.368991390773931e-12,8.369045548676588e-12,8.369099706025429e-12,8.369153862882406e-12,8.369208019252857e-12,8.369262175074489e-12,8.369316330409961e-12,8.369370485093361e-12,8.369424639356211e-12,8.369478793079934e-12,8.369532946301544e-12,8.369587098991365e-12,8.369641250947193e-12,8.369695402312604e-12,8.369749553310177e-12,8.369803703768388e-12,8.369857853708884e-12,8.369912003140136e-12,8.369966152037581e-12,8.370020300464699e-12,8.370074448277453e-12,8.370128595394395e-12,8.370182742146191e-12,8.37023688842568e-12,8.37029103411749e-12,8.370345179320667e-12,8.370399323957902e-12,8.370453468113277e-12,8.370507611690915e-12,8.3705617547911e-12,8.370615897309194e-12,8.370670039279749e-12,8.370724180831045e-12,8.370778321759916e-12,8.370832462142532e-12,8.370886601998737e-12,8.370940741465384e-12,8.37099488009984e-12,8.371049018490197e-12,8.371103156318474e-12,8.371157293610374e-12,8.371211430296554e-12,8.371265566451635e-12,8.371319702087174e-12,8.37137383720166e-12,8.371427971836477e-12,8.371482105902519e-12,8.371536239505447e-12,8.37159037255028e-12,8.371644505106432e-12,8.371698637030016e-12,8.37175276851121e-12,8.371806899368113e-12,8.371861029707157e-12,8.371915159541242e-12,8.371969288830295e-12,8.372023417568606e-12,8.37207754578515e-12,8.372131673490516e-12,8.3721858007149e-12,8.372239927431606e-12,8.372294053529016e-12,8.372348179131216e-12,8.372402304175068e-12,8.372456428665925e-12,8.372510552644754e-12,8.372564676211604e-12,8.37261879912381e-12,8.372672921467131e-12,8.372727043280392e-12,8.37278116462718e-12,8.372835285441611e-12,8.372889405750476e-12,8.37294352550321e-12,8.372997644793954e-12,8.373051763511932e-12,8.373105881658565e-12,8.373159999184357e-12,8.373214116371883e-12,8.373268232882877e-12,8.373322348901077e-12,8.37337646438981e-12,8.373430579032114e-12,8.373484693386973e-12,8.373538807357662e-12,8.37359292080783e-12,8.373647033613731e-12,8.373701145946705e-12,8.373755257745964e-12,8.373809368999e-12,8.373863479535665e-12,8.373917589750314e-12,8.373971699423455e-12,8.374025808575296e-12,8.374079917197667e-12,8.374134025347053e-12,8.374188132909043e-12,8.374242239917903e-12,8.37429634642772e-12,8.374350452402557e-12,8.374404557841833e-12,8.374458662815934e-12,8.37451276718648e-12,8.37456687111267e-12,8.374620974469981e-12,8.374675077269132e-12,8.374729179594069e-12,8.374783281379227e-12,8.374837382571573e-12,8.374891483252519e-12,8.374945583447876e-12,8.374999683048397e-12,8.375053782279966e-12,8.3751078809757e-12,8.37516197899943e-12,8.375216076497604e-12,8.375270173471529e-12,8.375324270012137e-12,8.375378366034641e-12,8.37543246151111e-12,8.375486556437357e-12,8.375540650708544e-12,8.3755947444988e-12,8.375648837768676e-12,8.375702930510056e-12,8.3757570227035e-12,8.375811114409061e-12,8.375865205529733e-12,8.375919296184745e-12,8.37597338623015e-12,8.376027475777412e-12,8.37608156490997e-12,8.37613565342154e-12,8.376189741382177e-12,8.376243828849686e-12,8.376297915850423e-12,8.376352002298205e-12,8.376406088219432e-12,8.376460173624443e-12,8.376514258453956e-12,8.376568342801032e-12,8.376622426592441e-12,8.376676509800249e-12,8.376730592517105e-12,8.376784674640159e-12,8.37683875631023e-12,8.376892837435329e-12,8.376946917775114e-12,8.377000997819723e-12,8.377055077367888e-12,8.377109156366823e-12,8.377163234817417e-12,8.377217312648636e-12,8.377271390041516e-12,8.377325466905207e-12,8.37737954323799e-12,8.377433619042675e-12,8.37748769426073e-12,8.37754176906582e-12,8.377595843296791e-12,8.3776499169824e-12,8.3777039900122e-12,8.377758062732461e-12,8.377812134940022e-12,8.377866206491189e-12,8.37792027753356e-12,8.377974348078734e-12,8.378028418193415e-12,8.378082487670253e-12,8.378136556629741e-12,8.378190625064183e-12,8.378244692924165e-12,8.378298760338571e-12,8.37835282715392e-12,8.378406893450068e-12,8.378460959240605e-12,8.378515024316094e-12,8.378569089008289e-12,8.378623153186332e-12,8.378677216893132e-12,8.378731279966715e-12,8.378785342575444e-12,8.3788394045913e-12,8.37889346609265e-12,8.378947527088276e-12,8.379001587580927e-12,8.379055647506746e-12,8.379109706926949e-12,8.379163765783267e-12,8.379217824169935e-12,8.379271881985461e-12,8.379325939359908e-12,8.379379996123942e-12,8.379434052225076e-12,8.379488107920217e-12,8.379542163117547e-12,8.379596217753006e-12,8.379650271877996e-12,8.379704325466464e-12,8.379758378522839e-12,8.379812431096714e-12,8.379866483098849e-12,8.379920534517063e-12,8.379974585470296e-12,8.380028635862604e-12,8.380082685738206e-12,8.380136735093659e-12,8.380190783891935e-12,8.380244832283982e-12,8.380298880054904e-12,8.380352927297228e-12,8.380406974004935e-12,8.380461020187907e-12,8.380515065840975e-12,8.380569110967366e-12,8.380623155578791e-12,8.380677199647473e-12,8.380731243197233e-12,8.38078528624436e-12,8.380839328754978e-12,8.380893370693408e-12,8.380947412215854e-12,8.381001453101492e-12,8.381055493452755e-12,8.381109533285095e-12,8.381163572626058e-12,8.381217611387787e-12,8.38127164963331e-12,8.381325687336378e-12,8.381379724544225e-12,8.381433761194717e-12,8.381487797308164e-12,8.38154183293925e-12,8.381595868005431e-12,8.381649902561819e-12,8.381703936580863e-12,8.381757970081922e-12,8.381812003044532e-12,8.38186603546033e-12,8.381920067428178e-12,8.381974098798583e-12,8.382028129656372e-12,8.382082159964534e-12,8.382136189842711e-12,8.382190219081831e-12,8.38224424783923e-12,8.38229827608273e-12,8.382352303772545e-12,8.382406330924872e-12,8.38246035753977e-12,8.382514383642909e-12,8.382568409234472e-12,8.38262243432232e-12,8.382676458840199e-12,8.38273048281005e-12,8.382784506240872e-12,8.382838529156982e-12,8.382892551549449e-12,8.382946573403994e-12,8.383000594482406e-12,8.383054615283167e-12,8.383108635571362e-12,8.383162655306512e-12,8.383216674517428e-12,8.383270693221903e-12,8.383324711365926e-12,8.383378728996049e-12,8.383432746087696e-12,8.383486762601259e-12,8.383540778607788e-12,8.383594794120772e-12,8.383648809085177e-12,8.383702823582218e-12,8.383756837506397e-12,8.38381085092138e-12,8.383864863826391e-12,8.38391887622543e-12,8.38397288803584e-12,8.384026899415182e-12,8.38408091020471e-12,8.38413492043295e-12,8.38418893012909e-12,8.38424293928635e-12,8.384296947727253e-12,8.384350955848915e-12,8.384404963567713e-12,8.38445897061333e-12,8.384512977144014e-12,8.384566983127373e-12,8.384620988494163e-12,8.384674993377673e-12,8.384728997795931e-12,8.384783001687569e-12,8.38483700504119e-12,8.384891007849053e-12,8.384945010188717e-12,8.384999012006255e-12,8.385053013240763e-12,8.385107013931347e-12,8.385161014108468e-12,8.38521501375769e-12,8.385269012888085e-12,8.385323011443324e-12,8.385377009561684e-12,8.385431007165532e-12,8.385485004272382e-12,8.385539000738011e-12,8.38559299671642e-12,8.385646992151648e-12,8.385700987052082e-12,8.385754981416407e-12,8.385808975240488e-12,8.385862968607351e-12,8.38591696139168e-12,8.385970953648275e-12,8.386024945395057e-12,8.386078936587492e-12,8.386132927262356e-12,8.386186917474525e-12,8.386240907088516e-12,8.386294896212821e-12,8.386348884759656e-12,8.386402872834192e-12,8.38645686033968e-12,8.386510847281498e-12,8.38656483376758e-12,8.386618819665341e-12,8.386672805048493e-12,8.38672678995288e-12,8.386780774304036e-12,8.386834758132316e-12,8.38688874138915e-12,8.386942724134552e-12,8.386996706350255e-12,8.387050688039946e-12,8.38710466923038e-12,8.387158649974966e-12,8.38721263006422e-12,8.387266609688662e-12,8.38732058881007e-12,8.387374567346937e-12,8.387428545330615e-12,8.387482522793027e-12,8.387536499765398e-12,8.387590476170983e-12,8.387644452048628e-12,8.387698427399564e-12,8.3877524021999e-12,8.387806376500233e-12,8.387860350231356e-12,8.387914323496158e-12,8.387968296201216e-12,8.388022268382792e-12,8.388076240031317e-12,8.388130211212261e-12,8.388184181807492e-12,8.388238151919704e-12,8.38829212156547e-12,8.388346090535286e-12,8.388400059128239e-12,8.388454027064772e-12,8.388507994490602e-12,8.388561961339171e-12,8.388615927708869e-12,8.38866989360878e-12,8.38872385885544e-12,8.388777823681173e-12,8.388831788010633e-12,8.388885751820703e-12,8.388939715137172e-12,8.38899367782879e-12,8.389047639967714e-12,8.389101601595242e-12,8.389155562684458e-12,8.389209523342175e-12,8.389263483366346e-12,8.389317442966315e-12,8.38937140194498e-12,8.389425360177162e-12,8.389479318077279e-12,8.389533275468675e-12,8.38958723242307e-12,8.389641188765764e-12,8.389695144555536e-12,8.38974909986204e-12,8.389803054613046e-12,8.389857008885023e-12,8.389910962547973e-12,8.389964915866979e-12,8.39001886854427e-12,8.390072820654971e-12
18,6.544392253244181e-43,2.8859979360557036e-42,6.037695340121054e-42,9.919680990685251e-42,1.1639292601206902e-41,1.9141144622662846e-41,2.4763777232365245e-41,3.046967625751325e-41,3.6399579151980707e-41,4.2524470790018245e-41,4.88070980905269e-41,5.521625052829305e-41,6.172680074893963e-41,6.831861135532818e-41,7.497555013381478e-41,8.16846920683979e-41,8.843568023036843e-41,9.522021448002104e-41,1.0203164231043845e-40,1.08864631328258e-40,1.157149069842012e-40,1.2257904253015655e-40,1.2945429073547186e-40,1.3633844906271232e-40,1.432297516146436e-40,1.5012678254220247e-40,1.570284066256288e-40,1.6393371364733715e-40,1.708419737818511e-40,1.7775260184048397e-40,1.8466512860177975e-40,1.915791778275042e-40,1.984944478358576e-40,2.0541069672620485e-40,2.1232773053485985e-40,2.192453937286559e-40,2.2616356159743897e-40,2.3308213413964485e-40,2.400010311710887e-40,2.4692018839441202e-40,2.5383955425515303e-40,2.607590874113796e-40,2.676787547128867e-40,2.7459852958064445e-40,2.8151839070145066e-40,2.8843832098261203e-40,2.9535830672166077e-40,3.0227833693225605e-40,3.091984027988129e-40,3.1611849725718118e-40,3.2303861464454545e-40,3.2995875041390146e-40,3.3687890092547043e-40,3.437990632582047e-40,3.5071923506973424e-40,3.5763941448173375e-40,3.6455959998741026e-40,3.71479790381424e-40,3.7839998469263705e-40,3.853201821464851e-40,3.922403821205923e-40,3.991605841149091e-40,4.060807877289184e-40,4.130009926437043e-40,4.199211985974491e-40,4.268414053877548e-40,4.33761612848065e-40,4.406818208460176e-40,4.4760202927619875e-40,4.5452223805020715e-40,4.614424471021758e-40,4.6836265637536325e-40,4.752828658274197e-40,4.822030754218075e-40,4.891232851325474e-40,4.960434949341267e-40,5.029637048094789e-40,5.098839147443779e-40,5.168041247276082e-40,5.2372433474778306e-40,5.306445448004151e-40,5.3756475487724595e-40,5.444849649729459e-40,5.514051750850864e-40,5.583253852099403e-40,5.652455953451426e-40,5.721658054883998e-40,5.790860156395314e-40,5.860062257950032e-40,5.929264359552879e-40,5.998466461188299e-40,6.0676685628581126e-40,6.136870664553534e-40,6.2060727662526155e-40,6.275274867985652e-40,6.3444769697269066e-40,6.413679071486967e-40,6.482881173257974e-40,6.552083275029445e-40,6.621285376808504e-40,6.6904874785921825e-40,6.759689580392224e-40,6.828891682187365e-40,6.898093783989807e-40,6.967295885767426e-40,7.0364979875943944e-40,7.1057000893817616e-40,7.1749021911774835e-40,7.244104292994206e-40,7.3133063948115875e-40,7.382508496645896e-40,7.451710598464144e-40,7.520912700296203e-40,7.590114802126355e-40,7.659316903969182e-40,7.728519005823556e-40,7.797721107657597e-40,7.866923209504986e-40,7.936125311365546e-40,8.005327413226663e-40,8.074529515078843e-40,8.14373161692679e-40,8.212933718784225e-40,8.282135820637234e-40,8.351337922508319e-40,8.42054002436242e-40,8.489742126231214e-40,8.558944228104035e-40,8.628146329969545e-40,8.697348431855127e-40,8.766550533739889e-40,8.835752635617227e-40,8.904954737503465e-40,8.974156839408601e-40,9.04335894130228e-40,9.112561043184388e-40,9.181763145085987e-40,9.250965246981255e-40,9.320167348890698e-40,9.38936945079388e-40,9.458571552694808e-40,9.527773654595162e-40,9.596975756499693e-40,9.666177858411338e-40,9.735379960330378e-40,9.804582062260654e-40,9.873784164173763e-40,9.94298626609946e-40,1.0012188368040673e-39,1.008139046996935e-39,1.0150592571915105e-39,1.0219794673854606e-39,1.0288996775792246e-39,1.0358198877748408e-39,1.0427400979707657e-39,1.0496603081653352e-39,1.0565805183613474e-39,1.063500728555064e-39,1.0704209387513951e-39,1.0773411489471392e-39,1.0842613591434838e-39,1.0911815693404932e-39,1.0981017795361448e-39,1.1050219897323117e-39,1.1119421999286452e-39,1.1188624101263544e-39,1.1257826203229095e-39,1.1327028305230392e-39,1.1396230407191098e-39,1.1465432509180769e-39,1.1534634611156153e-39,1.1603836713162044e-39,1.1673038815150952e-39,1.1742240917131153e-39,1.1811443019119694e-39,1.1880645121125598e-39,1.1949847223119193e-39,1.2019049325135743e-39,1.2088251427151893e-39,1.2157453529172587e-39,1.2226655631205446e-39,1.229585773323791e-39,1.2365059835263561e-39,1.2434261937305104e-39,1.2503464039340786e-39,1.2572666141368068e-39,1.2641868243413963e-39,1.2711070345447362e-39,1.2780272447493123e-39,1.2849474549523652e-39,1.291867665157152e-39,1.298787875361108e-39,1.3057080855661134e-39,1.3126282957731305e-39,1.3195485059778584e-39,1.3264687161829334e-39,1.3333889263889787e-39,1.3403091365957499e-39,1.3472293468028076e-39,1.3541495570069685e-39,1.3610697672146513e-39,1.3679899774225677e-39,1.3749101876292884e-39,1.3818303978376075e-39,1.3887506080451316e-39,1.3956708182543926e-39,1.4025910284630682e-39,1.4095112386715275e-39,1.4164314488786224e-39,1.423351659088402e-39,1.4302718692975981e-39,1.4371920795076561e-39,1.4441122897179167e-39,1.4510324999288503e-39,1.4579527101377057e-39,1.4648729203504343e-39,1.4717931305625514e-39,1.4787133407747664e-39,1.4856335509887183e-39,1.492553761203042e-39,1.4994739714155965e-39,1.50639418162767e-39,1.513314391841177e-39,1.520234602054253e-39,1.527154812268077e-39,1.53407502248309e-39,1.5409952326979825e-39,1.5479154429128216e-39,1.5548356531284438e-39,1.5617558633433628e-39,1.5686760735582538e-39,1.5755962837745967e-39,1.5825164939915803e-39,1.5894367042083597e-39,1.5963569144243877e-39,1.603277124641278e-39,1.6101973348591318e-39,1.617117545075868e-39,1.624037755293642e-39,1.6309579655104684e-39,1.637878175728844e-39,1.6447983859473293e-39,1.65171859616595e-39,1.6586388063852983e-39,1.6655590166036793e-39,1.672479226824117e-39,1.6793994370419344e-39,1.6863196472635497e-39,1.6932398574822586e-39,1.7001600677032253e-39,1.7070802779230445e-39,1.7140004881437652e-39,1.720920698365086e-39,1.7278409085871736e-39,1.7347611188086284e-39,1.7416813290296294e-39,1.7486015392528577e-39,1.7555217494763677e-39,1.7624419596993056e-39,1.7693621699244622e-39,1.7762823801488886e-39,1.7832025903725597e-39,1.7901228005974602e-39,1.7970430108223558e-39,1.8039632210474977e-39,1.8108834312736067e-39,1.8178036414987414e-39,1.8247238517241903e-39,1.8316440619504382e-39,1.83856427217605e-39,1.8454844824026438e-39,1.8524046926294496e-39,1.859324902855808e-39,1.866245113082919e-39,1.8731653233096936e-39,1.8800855335387292e-39,1.8870057437672522e-39,1.8939259539956427e-39,1.9008461642245083e-39,1.9077663744536466e-39,1.9146865846818114e-39,1.9216067949111464e-39,1.9285270051411846e-39,1.9354472153710756e-39,1.9423674256022462e-39,1.9492876358321905e-39,1.9562078460636528e-39,1.9631280562941944e-39,1.9700482665250244e-39,1.9769684767572188e-39,1.9838886869890316e-39,1.990808897222134e-39,1.9977291074542267e-39,2.0046493176867552e-39,2.0115695279190906e-39,2.0184897381519095e-39,2.0254099483858988e-39,2.032330158619452e-39,2.039250368854572e-39,2.0461705790887644e-39,2.0530907893241416e-39,2.0600109995586e-39,2.066931209794693e-39,2.0738514200317873e-39,2.0807716302665266e-39,2.0876918405027853e-39,2.0946120507384287e-39,2.1015322609759655e-39,2.1084524712127867e-39,2.1153726814495113e-39,2.122292891686465e-39,2.1292131019248396e-39,2.1361333121643042e-39,2.1430535224024664e-39,2.1499737326396537e-39,2.1568939428788475e-39,2.163814153118459e-39,2.1707343633565627e-39,2.1776545735966916e-39,2.1845747838357866e-39,2.191494994077333e-39,2.1984152043181224e-39,2.2053354145606102e-39,2.2122556248025143e-39,2.2191758350448598e-39,2.2260960452883098e-39,2.233016255529853e-39,2.2399364657730798e-39,2.2468566760145278e-39,2.2537768862576955e-39,2.2606970965006512e-39,2.2676173067446878e-39,2.2745375169875384e-39,2.2814577272332618e-39,2.2883779374771743e-39,2.2952981477227884e-39,2.302218357968792e-39,2.3091385682136727e-39,2.31605877845808e-39,2.322978988703548e-39,2.329899198949714e-39,2.336819409197553e-39,2.343739619443588e-39,2.3506598296899215e-39,2.3575800399373118e-39,2.3645002501833392e-39,2.3714204604298006e-39,2.378340670677572e-39,2.3852608809255133e-39,2.3921810911732654e-39,2.3991013014204374e-39,2.4060215116689878e-39,2.4129417219163817e-39,2.4198619321661563e-39,2.4267821424159557e-39,2.4337023526659055e-39,2.4406225629163342e-39,2.447542773167112e-39,2.4544629834176792e-39,2.461383193667438e-39,2.468303403918593e-39,2.475223614168598e-39,2.482143824421325e-39,2.4890640346727278e-39,2.495984244925391e-39,2.5029044551770597e-39,2.5098246654301518e-39,2.5167448756838722e-39,2.523665085937308e-39,2.5305852961923216e-39,2.5375055064465625e-39,2.5444257167002546e-39,2.5513459269557626e-39,2.5582661372112142e-39,2.5651863474652296e-39,2.5721065577225896e-39,2.5790267679781583e-39,2.585946978233454e-39,2.5928671884898097e-39,2.5997873987458923e-39,2.6067076090036324e-39,2.6136278192597685e-39,2.6205480295182446e-39,2.6274682397757628e-39,2.634388450033443e-39,2.6413086602909182e-39,2.6482288705493558e-39,2.6551490808082955e-39,2.662069291066329e-39,2.6689895013273322e-39,2.6759097115859923e-39,2.6828299218452417e-39,2.6897501321050897e-39,2.6966703423668686e-39,2.7035905526270654e-39,2.7105107628876097e-39,2.7174309731489002e-39,2.7243511834088468e-39,2.731271393669504e-39,2.7381916039312097e-39,2.7451118141929674e-39,2.7520320244562096e-39,2.7589522347201376e-39,2.7658724449835054e-39,2.7727926552471224e-39,2.7797128655100488e-39,2.7866330757725275e-39,2.7935532860378535e-39,2.8004734963010843e-39,2.8073937065665314e-39,2.814313916831717e-39,2.8212341270968562e-39,2.828154337363501e-39,2.835074547628514e-39,2.8419947578958037e-39,2.848914968162072e-39,2.8558351784283562e-39,2.8627553886959156e-39,2.869675598963563e-39,2.8765958092306127e-39,2.8835160194987795e-39,2.8904362297661287e-39,2.8973564400356104e-39,2.9042766503044878e-39,2.9111968605747075e-39,2.9181170708447047e-39,2.925037281113248e-39,2.931957491382226e-39,2.9388777016518825e-39,2.945797911922762e-39,2.9527181221920595e-39,2.959638332462812e-39,2.96655854273338e-39,2.973478753005471e-39,2.9803989632774845e-39,2.9873191735485466e-39,2.9942393838203323e-39,3.001159594092203e-39,3.0080798043655306e-39,3.015000014638704e-39,3.021920224912183e-39,3.0288404351858504e-39,3.035760645459392e-39,3.042680855732818e-39,3.049601066006021e-39,3.056521276281013e-39,3.0634414865555414e-39,3.070361696831348e-39,3.077281907107114e-39,3.084202117382617e-39,3.0911223276579014e-39,3.0980425379356044e-39,3.1049627482110906e-39,3.111882958488485e-39,3.1188031687669695e-39,3.1257233790435096e-39,3.1326435893218814e-39,3.139563799598872e-39,3.146484009877025e-39,3.153404220155837e-39,3.1603244304347693e-39,3.167244640714954e-39,3.174164850994714e-39,3.181085061273262e-39,3.188005271552794e-39,3.1949254818334275e-39,3.201845692114838e-39,3.2087659023972366e-39,3.2156861126781545e-39,3.22260632295946e-39,3.229526533241989e-39,3.236446743523665e-39,3.2433669538053805e-39,3.25028716408816e-39,3.2572073743712294e-39,3.2641275846547647e-39,3.271047794938029e-39,3.277968005222115e-39,3.284888215506716e-39,3.291808425790429e-39,3.298728636073787e-39,3.305648846358936e-39,3.312569056644079e-39,3.319489266928681e-39,3.326409477214588e-39,3.333329687497563e-39,3.340249897784524e-39,3.3471701080690275e-39,3.354090318355576e-39,3.361010528642895e-39,3.3679307389291706e-39,3.3748509492154856e-39,3.3817711595039265e-39,3.3886913697906043e-39,3.3956115800787784e-39,3.402531790367555e-39,3.409452000656142e-39,3.416372210945831e-39,3.423292421235551e-39,3.430212631525251e-39,3.4371328418145954e-39,3.444053052104486e-39,3.450973262393753e-39,3.457893472684188e-39,3.464813682973922e-39,3.471733893264861e-39,3.478654103555635e-39,3.485574313847335e-39,3.492494524140033e-39,3.4994147344326436e-39,3.506334944725033e-39,3.513255155018781e-39,3.520175365311402e-39,3.527095575604607e-39,3.5340157858993874e-39,3.540935996192373e-39,3.547856206487077e-39,3.5547764167796806e-39,3.561696627076664e-39,3.5686168373723126e-39,3.5755370476687667e-39,3.582457257964862e-39,3.589377468260537e-39,3.596297678556573e-39,3.60321788885322e-39,3.610138099149624e-39,3.617058309446363e-39,3.623978519743741e-39,3.630898730041888e-39,3.637818940338602e-39,3.644739150637675e-39,3.6516593609367476e-39,3.658579571234156e-39,3.66549978153306e-39,3.672419991832122e-39,3.6793402021305356e-39,3.686260412430521e-39,3.693180622731105e-39,3.7001008330306285e-39,3.707021043331256e-39,3.713941253632489e-39,3.720861463933247e-39,3.727781674234994e-39,3.734701884536624e-39,3.741622094838465e-39,3.748542305139169e-39,3.755462515442215e-39,3.7623827257443155e-39,3.769302936046386e-39,3.776223146349583e-39,3.783143356652573e-39,3.7900635669568664e-39,3.7969837772613127e-39,3.803903987564288e-39,3.8108241978695806e-39,3.8177444081742565e-39,3.824664618479367e-39,3.831584828785837e-39,3.838505039090191e-39,3.845425249396019e-39,3.8523454597020706e-39,3.8592656700098735e-39,3.866185880316474e-39,3.873106090623574e-39,3.880026300931377e-39,3.886946511240051e-39,3.893866721547614e-39,3.900786931855871e-39,3.9077071421644607e-39,3.9146273524734054e-39,3.921547562783207e-39,3.928467773092622e-39,3.935387983402463e-39,3.942308193712462e-39,3.949228404022233e-39,3.9561486143331686e-39,3.963068824642688e-39,3.969989034954741e-39,3.9769092452667944e-39,3.9838294555783454e-39,3.99074966588954e-39,3.997669876201628e-39,4.004590086513136e-39,4.011510296826484e-39,4.018430507138799e-39,4.025350717451707e-39,4.0322709277665144e-39,4.039191138079789e-39,4.046111348393622e-39,4.0530315587075556e-39,4.059951769022655e-39,4.066871979336235e-39,4.073792189651544e-39,4.0807123999659194e-39,4.087632610281097e-39,4.09455282059871e-39,4.1014730309130996e-39,4.108393241228332e-39,4.115313451545294e-39,4.1222336618610556e-39,4.129153872179364e-39,4.1360740824958346e-39,4.142994292814713e-39,4.149914503131434e-39,4.156834713449453e-39,4.163754923767798e-39,4.170675134088257e-39,4.177595344407006e-39,4.1845155547255404e-39,4.191435765044272e-39,4.198355975365685e-39,4.205276185685527e-39,4.212196396005515e-39,4.21911660632561e-39,4.226036816647336e-39,4.2329570269672646e-39,4.2398772372896873e-39,4.2467974476118426e-39,4.253717657934421e-39,4.26063786825798e-39,4.267558078579992e-39,4.274478288903304e-39,4.2813984992244543e-39,4.288318709548917e-39,4.295238919872465e-39,4.3021591301966095e-39,4.30907934052375e-39,4.3159995508475934e-39,4.322919761173779e-39,4.3298399714981714e-39,4.336760181822448e-39,4.3436803921458666e-39,4.350600602472978e-39,4.3575208127981484e-39,4.3644410231245855e-39,4.371361233452692e-39,4.378281443780568e-39,4.385201654107619e-39,4.392121864435678e-39,4.3990420747626016e-39,4.405962285092491e-39,4.412882495421205e-39,4.419802705749014e-39,4.426722916078178e-39,4.433643126408002e-39,4.4405633367380636e-39,4.447483547067236e-39,4.454403757398669e-39,4.4613239677283415e-39,4.46824417805728e-39,4.4751643883874886e-39,4.482084598719311e-39,4.4890048090503655e-39,4.4959250193820464e-39,4.502845229713852e-39,4.50976544004781e-39,4.5166856503802544e-39,4.52360586071259e-39,4.530526071045611e-39,4.537446281380147e-39,4.5443664917130334e-39,4.551286702046482e-39,4.558206912380849e-39,4.56512712271448e-39,4.57204733304931e-39,4.578967543385046e-39,4.585887753720059e-39,4.5928079640563305e-39,4.59972817439353e-39,4.606648384731469e-39,4.6135685950672263e-39,4.62048880540565e-39,4.627409015744152e-39,4.6343292260825933e-39,4.641249436418604e-39,4.648169646757573e-39,4.655089857097562e-39,4.662010067435574e-39,4.668930277774542e-39,4.6758504881134056e-39,4.6827706984521006e-39,4.689690908792118e-39,4.696611119133115e-39,4.7035313294725567e-39,4.7104515398116477e-39,4.717371750152972e-39,4.724291960491284e-39,4.731212170833144e-39,4.738132381175448e-39,4.745052591518793e-39,4.751972801860215e-39,4.758893012202055e-39,4.765813222546245e-39,4.772733432888998e-39,4.779653643231333e-39,4.786573853573818e-39,4.793494063917696e-39,4.800414274261637e-39,4.807334484607593e-39,4.8142546949523204e-39,4.821174905296787e-39,4.8280951156418995e-39,4.835015325989451e-39,4.8419355363339074e-39,4.848855746681227e-39,4.855775957027684e-39,4.8626961673725553e-39,4.869616377718885e-39,4.8765365880675635e-39,4.883456798414741e-39,4.8903770087624595e-39,4.8972972191077573e-39,4.904217429455294e-39,4.911137639804153e-39,4.918057850151011e-39,4.924978060500587e-39,4.931898270848873e-39,4.9388184811969816e-39,4.945738691545711e-39,4.95265890189617e-39,4.9595791122471304e-39,4.966499322596502e-39,4.973419532948193e-39,4.980339743299806e-39,4.987259953650695e-39,4.994180164002056e-39,5.001100374354333e-39,5.0080205847073446e-39,5.014940795060893e-39,5.0218610054123554e-39,5.028781215766507e-39,5.0357014261199457e-39,5.042621636472762e-39,5.0495418468259275e-39,5.056462057180555e-39,5.063382267534038e-39,5.070302477887909e-39,5.0772226882428724e-39,5.0841428985987504e-39,5.0910631089550996e-39,5.097983319311271e-39,5.104903529667944e-39,5.111823740024787e-39,5.118743950380607e-39,5.125664160738624e-39,5.132584371097489e-39,5.1395045814535455e-39,5.1464247918112676e-39,5.1533450021678125e-39,5.160265212525562e-39,5.167185422883224e-39,5.174105633242445e-39,5.181025843601599e-39,5.187946053960814e-39,5.194866264320623e-39,5.2017864746811916e-39,5.208706685040948e-39,5.215626895402044e-39,5.222547105762352e-39,5.229467316123573e-39,5.236387526484736e-39,5.2433077368463625e-39,5.250227947208204e-39,5.2571481575712716e-39,5.2640683679336625e-39,5.270988578296744e-39,5.277908788659701e-39,5.2848289990208614e-39,5.291749209385669e-39,5.2986694197494716e-39,5.3055896301114665e-39,5.3125098404765217e-39,5.3194300508413994e-39,5.3263502612085427e-39,5.333270471572747e-39,5.340190681937563e-39,5.3471108923037585e-39,5.3540311026700105e-39,5.3609513130381306e-39,5.3678715234030833e-39,5.374791733770431e-39,5.38171194413751e-39,5.388632154504746e-39,5.395552364871614e-39,5.402472575239604e-39,5.409392785607956e-39,5.416312995976481e-39,5.4232332063454023e-39,5.430153416712826e-39,5.437073627081968e-39,5.443993837451366e-39,5.450914047822078e-39,5.457834258191556e-39,5.464754468562951e-39,5.4716746789334844e-39,5.478594889302838e-39,5.4855150996740255e-39,5.492435310045931e-39,5.499355520418515e-39,5.506275730791391e-39,5.5131959411625335e-39,5.520116151535053e-39,5.527036361909496e-39,5.533956572281431e-39,5.540876782653423e-39,5.547796993028426e-39,5.55471720340121e-39,5.5616374137776956e-39,5.5685576241502425e-39,5.575477834525282e-39,5.5823980449004685e-39,5.5893182552767466e-39,5.59623846565148e-39,5.603158676027693e-39,5.610078886404969e-39,5.616999096779372e-39,5.62391930715641e-39,5.630839517533358e-39,5.6377597279123675e-39,5.644679938288782e-39,5.651600148667684e-39,5.6585203590461185e-39,5.6654405694237056e-39,5.672360779803174e-39,5.6792809901810585e-39,5.6862012005584915e-39,5.693121410939196e-39,5.700041621319331e-39,5.706961831698445e-39,5.7138820420774994e-39,5.720802252460802e-39,5.727722462841359e-39,5.734642673221549e-39,5.7415628836034764e-39,5.748483093983848e-39,5.7554033043657356e-39,5.762323514748489e-39,5.7692437251307786e-39,5.776163935513603e-39,5.783084145896931e-39,5.7900043562792246e-39,5.796924566662315e-39,5.80384477704701e-39,5.810764987429765e-39,5.817685197812488e-39,5.824605408196845e-39,5.8315256185808945e-39,5.8384458289655165e-39,5.845366039350761e-39,5.852286249736176e-39,5.8592064601234894e-39,5.8661266705087515e-39,5.8730468808966505e-39,5.879967091283292e-39,5.886887301668756e-39,5.893807512056464e-39,5.90072772244386e-39,5.907647932831024e-39,5.914568143218842e-39,5.921488353607627e-39,5.928408563996068e-39,5.935328774383609e-39,5.942248984774116e-39,5.9491691951641e-39,5.956089405553526e-39,5.963009615942706e-39,5.969929826333613e-39,5.976850036724059e-39,5.983770247114427e-39,5.990690457504337e-39,5.997610667897133e-39,6.00453087828916e-39,6.011451088680888e-39,6.018371299073797e-39,6.025291509466845e-39,6.032211719858554e-39,6.039131930251567e-39,6.046052140645151e-39,6.052972351038595e-39,6.059892561433446e-39,6.066812771827225e-39,6.073732982220653e-39,6.080653192615603e-39,6.087573403009534e-39,6.094493613404162e-39,6.101413823799614e-39,6.108334034195281e-39,6.11525424459256e-39,6.122174454987722e-39,6.129094665385003e-39,6.13601487578127e-39,6.142935086178697e-39,6.14985529657611e-39,6.156775506972968e-39,6.163695717370161e-39,6.170615927770203e-39,6.177536138168774e-39,6.184456348568191e-39,6.191376558966496e-39,6.198296769367077e-39,6.205216979766661e-39,6.212137190166643e-39,6.219057400567798e-39,6.225977610969102e-39,6.232897821368671e-39,6.239818031770531e-39,6.246738242172349e-39,6.253658452573027e-39,6.260578662976684e-39,6.267498873378795e-39,6.274419083780217e-39,6.281339294183165e-39,6.28825950458632e-39,6.295179714987847e-39,6.30209992539198e-39,6.309020135796489e-39,6.315940346199808e-39,6.322860556604388e-39,6.329780767009472e-39,6.336700977414087e-39,6.343621187820408e-39,6.35054139822497e-39,6.357461608631937e-39,6.364381819037255e-39,6.371302029441831e-39,6.378222239847799e-39,6.38514245025255e-39,6.392062660659018e-39,6.398982871067168e-39,6.405903081475868e-39,6.412823291882782e-39,6.419743502291627e-39,6.426663712698852e-39,6.433583923106257e-39,6.440504133516994e-39,6.447424343925538e-39,6.454344554335725e-39,6.461264764745819e-39,6.468184975154913e-39,6.475105185565818e-39,6.482025395975922e-39,6.488945606386397e-39,6.49586581679679e-39,6.502786027207132e-39,6.509706237618934e-39,6.516626448030704e-39,6.523546658442793e-39,6.530466868855618e-39,6.537387079268965e-39,6.544307289681894e-39,6.551227500094799e-39,6.558147710508354e-39,6.565067920922728e-39,6.57198813133542e-39,6.57890834175053e-39,6.585828552166405e-39,6.592748762581101e-39,6.599668972994847e-39,6.60658918341157e-39,6.613509393828406e-39,6.62042960424423e-39,6.627349814659412e-39,6.634270025075368e-39,6.641190235492514e-39,6.648110445910357e-39,6.655030656327763e-39,6.661950866745102e-39,6.668871077163105e-39,6.675791287582289e-39,6.682711498000429e-39,6.689631708420705e-39,6.696551918839486e-39,6.703472129258915e-39,6.710392339679394e-39,6.717312550099226e-39,6.724232760520172e-39,6.731152970941391e-39,6.73807318136124e-39,6.744993391781685e-39,6.751913602203621e-39,6.758833812625733e-39,6.765754023047561e-39,6.772674233470773e-39,6.779594443893279e-39,6.786514654316828e-39,6.793434864739423e-39,6.800355075163013e-39,6.807275285586132e-39,6.814195496011051e-39,6.821115706435382e-39,6.828035916858625e-39,6.83495612728296e-39,6.841876337708952e-39,6.848796548133591e-39,6.855716758559005e-39,6.862636968985255e-39,6.869557179412378e-39,6.876477389838179e-39,6.883397600264244e-39,6.890317810690073e-39,2.78881767707218e-20,3.1235055332744494e-20,3.2177218475564525e-20,3.289818422938832e-20,3.361375274537359e-20,3.4345807439072824e-20,3.5097139467597014e-20,3.5868669425953443e-20,3.6661145433412336e-20,3.747531302323333e-20,3.8311934499748494e-20,3.917179330014663e-20,4.0055696712796904e-20,4.0964478294096527e-20,4.189900014739992e-20,4.286015510887085e-20,4.384886887314531e-20,4.486610208545192e-20,4.591285242512354e-20,4.699015670232196e-20,4.809909298709417e-20,4.9240782788067216e-20,5.041639329620784e-20,5.162713970764408e-20,5.287428763850142e-20,5.415915564424253e-20,5.548311785479605e-20,5.68476067371701e-20,5.825411599637408e-20,5.970420362604157e-20,6.11994951216149e-20,6.274168686430946e-20,6.433254969226309e-20,6.5973932668498e-20,6.766776706128119e-20,6.941607054818715e-20,7.122095166378798e-20,7.308461450026198e-20,7.500936368371558e-20,7.699760964103696e-20,7.905187417824415e-20,8.117479638968435e-20,8.336913892143636e-20,8.563779461211812e-20,8.798379353665377e-20,9.041031048064758e-20,9.292067287438954e-20,9.551836921874115e-20,9.820705803615091e-20,1.0099057738423654e-19,1.0387295497113528e-19,1.0685841891460849e-19,1.0995140919120344e-19,1.1315658982586512e-19,1.1647886187322909e-19,1.1992337724980984e-19,1.234955534786893e-19,1.2720108941496293e-19,1.310459820226995e-19,1.350365442843056e-19,1.3917942432636225e-19,1.434816258546528e-19,1.4795052999680112e-19,1.5259391866705993e-19,1.5741999956109916e-19,1.6243743291829865e-19,1.6765536018476246e-19,1.7308343473291167e-19,1.787318547938798e-19,1.8461139879348393e-19,1.9073346327712932e-19,1.9711010363986973e-19,2.0375407789409925e-19,2.106788937270013e-19,2.1789885912443446e-19,2.254291368637032e-19,2.3328580320510197e-19,2.4148591114482527e-19,2.5004755862673355e-19,2.5898996214246145e-19,2.6833353620360357e-19,2.7809997920455104e-19,2.883123662515685e-19,2.9899524959217164e-19,3.101747673395988e-19,3.218787612556597e-19,3.341369044453711e-19,3.469808398862307e-19,3.604443308262476e-19,3.745634241875642e-19,3.8937662823475883e-19,4.049251059006421e-19,4.212528853124929e-19,4.384070892358109e-19,4.564381853337022e-19,4.75400259358161e-19,4.953513136247848e-19,5.163535934005681e-19,5.384739440945455e-19,5.617842025627448e-19,5.863616261183076e-19,6.122893633557616e-19,6.396569713334983e-19,6.685609842374636e-19,6.991055392628272e-19,7.314030661630945e-19,7.655750477323278e-19,8.01752859379807e-19,8.400786970359554e-19,8.807066037904337e-19,9.238036070435513e-19,9.69550979523197e-19,1.0181456392545088e-18,1.0698017056905111e-18,1.1247522315346983e-18,1.1832511324697317e-18,1.245575340188042e-18,1.312027207725936e-18,1.382937200246742e-18,1.4586669092713088e-18,1.5396124340456488e-18,1.6262081801753755e-18,1.7189311333983565e-18,1.818305675133657e-18,1.924909017006709e-18,2.0393773436674064e-18,2.1624127675881763e-18,2.2947912164226347e-18,2.4373713934607794e-18,2.591104975156485e-18,2.7570482378211216e-18,2.9363753385621703e-18,3.1303935150743692e-18,3.340560516242148e-18,3.5685046315596644e-18,3.8160477555465324e-18,4.0852320044379745e-18,4.378350501102023e-18,4.6979830628679276e-18,5.04703767160886e-18,5.428798781178258e-18,5.846983732225449e-18,6.3058088074695854e-18,6.810066784446172e-18,7.36521824176149e-18,7.977499369578291e-18,8.654049649649094e-18,9.403063536911582e-18,1.0233971235475546e-17,1.1157654870040279e-17,1.2186707880511831e-17,1.3335747404625357e-17,1.4621791882798687e-17,1.6064719283137098e-17,1.7687825416752216e-17,1.951850708357704e-17,2.1589101645947957e-17,2.3937923599304648e-17,2.6610550516929722e-17,2.9661426384183865e-17,3.3155871176072304e-17,3.7172613497601525e-17,4.180700088113393e-17,4.7175093763755773e-17,5.341891969561597e-17,6.071326186028682e-17,6.927449199437668e-17,7.937214916424011e-17,9.134423767698768e-17,1.0561760733944562e-16,1.2273534457766285e-16,1.4339393158601186e-16,1.684941597695466e-16,1.9921162967702017e-16,2.3709547902971965e-16,2.6914392230410336e-16,2.6914392230423717e-16,2.69143922304421e-16,2.691439223052339e-16,3.2612645434041943e-16,3.965001668721457e-16,4.862296645175545e-16,6.020775284438219e-16,7.534987035295257e-16,9.540837560212503e-16,1.2237283357104635e-15,1.5921282066536304e-15,2.1045585205755564e-15,2.8316846141467647e-15,3.8866993666951256e-15,5.456223882818555e-15,7.858008096444285e-15,1.1652948361625223e-14,1.7872174683875548e-14,2.849850099778999e-14,4.755724821557214e-14,8.369424490443704e-14,1.567775172501384e-13,3.1598552638594146e-13,6.934835222350664e-13,1.6770382091162887e-12,4.508755727780107e-12,1.348759819711366e-11,4.426977357676632e-11,4.84194735877283e-11,1.7208388279185353e-10,6.050975402916767e-10,2.039549715260796e-09,6.388310821100217e-09,1.8422679322139854e-08,4.898944415904593e-08,6.586106334373207e-08,1.5798059228830073e-07,3.3694268443294034e-07,6.372773758066369e-07,1.066704797238942e-06,1.5921101478358462e-06,2.150370861924634e-06,2.674453470177275e-06,3.115228875947699e-06,3.4493233144333736e-06,3.675217569074933e-06,3.8046447977002364e-06,3.854774924882235e-06,3.843218360922304e-06,3.785611875380153e-06,3.694846867908799e-06,3.581120451429153e-06,3.4523054772803847e-06,3.3143879385075697e-06,3.1718680104568797e-06,3.028093425276407e-06,2.8855244025338717e-06,2.745939825772181e-06,2.6105963171407613e-06,2.4803507153264334e-06,2.355754498781414e-06,2.2371267850198555e-06,2.1246109453885443e-06,2.0182186337568986e-06,1.9178640908514924e-06,1.8233908888902881e-06,1.7345927650332384e-06,1.651229809274341e-06,1.573040987069409e-06,1.499753762341855e-06,1.431091423346179e-06,1.3667785888753726e-06,1.3065452748232229e-06,1.250129824989493e-06,1.1972809496291166e-06,1.1477590670857398e-06,1.1013371050410243e-06,1.05780088716186e-06,1.0169492052576037e-06,9.785936569939437e-07,9.425583125631407e-07,9.086792602787825e-07,8.768040704879496e-07,8.467912080957711e-07,8.185094172832877e-07,7.918370962913974e-07,7.666616756330677e-07,7.428790095070595e-07,7.203927875341839e-07,6.991139714950536e-07,6.789602602465107e-07,6.59855584599934e-07,6.417296329053376e-07,6.24517407420893e-07,6.081588108580279e-07,5.92598262282585e-07,5.777843411013083e-07,5.636694577783042e-07,5.502095498153026e-07,5.373638014259438e-07,5.250943854000954e-07,5.133662255977633e-07,5.02146778621282e-07,4.914058332239323e-07,4.8111532612649e-07,4.712491729147271e-07,4.617831128999689e-07,4.526945666933073e-07,4.4396250564039555e-07,4.3556733189446974e-07,4.2749076849220116e-07,4.197157584084429e-07,4.122263719312539e-07,4.050077216241758e-07,3.980458842350546e-07,3.9132782896349734e-07,3.8484135154880967e-07,3.785750136845942e-07,3.725180872995478e-07,3.6666050330443624e-07,3.609928044113853e-07,3.5550610170284505e-07,3.5019203460590443e-07,3.4504273401371605e-07,3.400507882668697e-07,3.352092117740149e-07,3.305114160394105e-07,3.259511829017841e-07,3.2152263980629355e-07,3.172202369370944e-07,3.1303872605352876e-07,3.0897314091257366e-07,3.0501877911800014e-07,3.0117118531101144e-07,2.9742613556621203e-07,2.937796229289216e-07,2.9022784397226045e-07,2.867671863178807e-07,2.8339421703206475e-07,2.801056718251063e-07,2.768984450106881e-07,2.7376958014559793e-07,2.707162613118604e-07,2.677358049861607e-07,2.6482565245521194e-07,2.61983362731845e-07,2.592066059474645e-07,2.5649315715940144e-07,2.5384089057969765e-07,2.512477741553827e-07,2.487118645056579e-07,2.4623130218267596e-07,2.438043072137494e-07,2.4142917493008694e-07,2.39104272054198e-07,2.3682803301973173e-07,2.3459895652109218e-07,2.3241560225888995e-07,2.302765878913295e-07,2.281805861578443e-07,2.2612632217093625e-07,2.2411257086932293e-07,2.2213815461024603e-07,2.2020194091078363e-07,2.1830284029914464e-07,2.1643980430256057e-07,2.146118235380092e-07,2.128179259102978e-07,2.11057174909752e-07,2.0932866799990886e-07,2.076315350917662e-07,2.0596493710088156e-07,2.0432806457919165e-07,2.0272013641939015e-07,2.0114039862585242e-07,1.995881231483864e-07,1.980626067767054e-07,1.9656317009032478e-07,1.9508915646094878e-07,1.9363993110483517e-07,1.922148801821943e-07,1.9081340994006613e-07,1.8943494589727742e-07,1.8807893206940936e-07,1.867448302300685e-07,1.8543211920637878e-07,1.8414029421006606e-07,1.8286886619787432e-07,1.8161736126239415e-07,1.8038532005075356e-07,1.791722972098738e-07,1.7797786085862698e-07,1.7680159207798354e-07,1.756430844352389e-07,1.745019435142729e-07,1.7337778648032792e-07,1.7227024165283142e-07,1.7117894810931378e-07,1.7010355529222576e-07,1.6904372263963668e-07,1.6799911923925314e-07,1.6696942347905295e-07,1.6595432272805368e-07,1.649535130240531e-07,1.639666987758867e-07,1.6299359247516194e-07,1.6203391442436368e-07,1.6108739247095652e-07,1.6015376175663256e-07,1.592327644735767e-07,1.5832414963138137e-07,1.5742767283558736e-07,1.5654309606544264e-07,1.556701874770868e-07,1.548087211969349e-07,1.5395847713480436e-07,1.531192407978692e-07,1.5229080311548788e-07,1.514729602678261e-07,1.506655135217385e-07,1.4986826907665304e-07,1.4908103790629618e-07,1.4830363561730157e-07,1.4753588230970315e-07,1.4677760243053213e-07,1.460286246563835e-07,1.452887817643085e-07,1.4455791050201748e-07,1.438358514766358e-07,1.4312244904149801e-07,1.4241755118560266e-07,1.4172100942733067e-07,1.4103267871428484e-07,1.403524173247048e-07,1.3968008677254708e-07,1.3901555171324363e-07,1.3835867985766268e-07,1.377093418868232e-07,1.3706741136637415e-07,1.3643276467250623e-07,1.3580528090542663e-07,1.35184841821851e-07,1.3457133175832097e-07,1.339646375664322e-07,1.3336464853899242e-07,1.3277125634650497e-07,1.321843549785953e-07,1.3160384067363706e-07,1.3102961186705447e-07,1.304615691286386e-07,1.2989961510945757e-07,1.2934365448637957e-07,1.2879359391047456e-07,1.2824934195696043e-07,1.2771080907382715e-07,1.271779075343283e-07,1.26650551395072e-07,1.261286564451306e-07,1.256121401637658e-07,1.251009216830846e-07,1.2459492174142183e-07,1.2409406264602775e-07,1.235982682344507e-07,1.231074638362735e-07,1.226215762371294e-07,1.2214053364465246e-07,1.2166426565321786e-07,1.2119270320977562e-07,1.207257785822897e-07,1.2026342532919428e-07,1.1980557826680245e-07,1.193521734420657e-07,1.1890314810243569e-07,1.1845844066594729e-07,1.1801799070070316e-07,1.1758173888826048e-07,1.1714962700857376e-07,1.167215979063878e-07,1.1629759547032991e-07,1.1587756460845834e-07,1.1546145123081641e-07,1.1504920221718296e-07,1.1464076540062845e-07,1.1423608954680376e-07,1.1383512433246117e-07,1.1343782032567898e-07,1.1304412896314477e-07,1.1265400253531172e-07,1.1226739416708935e-07,1.1188425779717765e-07,1.1150454816325258e-07,1.1112822078184106e-07,1.1075523193487986e-07,1.1038553865098938e-07,1.1001909869155752e-07,1.0965587053315182e-07,1.0929581335371381e-07,1.0893888701706195e-07,1.085850520609929e-07,1.082342696781416e-07,1.0788650170806352e-07,1.0754171062109387e-07,1.0719985950369907e-07,1.0686091204996002e-07,1.0652483254668471e-07,1.0619158586114026e-07,1.0586113743055311e-07,1.0553345324889393e-07,1.0520849985837388e-07,1.0488624433612195e-07,1.045666542836824e-07,1.0424969781909757e-07,1.0393534356126911e-07,1.0362356062846952e-07,1.0331431861947382e-07,1.0300758761264235e-07,1.027033381487722e-07,1.024015412275078e-07,1.0210216829739218e-07,1.0180519124526535e-07,1.0151058238947456e-07,1.0121831447274535e-07,1.0092836065136697e-07,1.0064069448929394e-07,1.0035528994990125e-07,1.0007212138887113e-07,9.979116354572425e-08,9.951239153823225e-08,9.923578085452915e-08,9.89613073457626e-08,9.868894722013573e-08,9.841867703720588e-08,9.815047369912887e-08,9.788431444500177e-08,9.76201768484057e-08,9.73580388060079e-08,9.7097878534439e-08,9.683967456462529e-08,9.65834057351138e-08,9.632905118822711e-08,9.607659036270654e-08,9.58260029897316e-08,9.557726908725887e-08,9.533036895563215e-08,9.508528317134145e-08,9.484199258343475e-08,9.460047830827092e-08,9.436072172481108e-08,9.412270447021716e-08,9.388640843532759e-08,9.365181576041659e-08,9.341890883081758e-08,9.318767027269565e-08,9.295808294896296e-08,9.273012995543722e-08,9.250379461679118e-08,9.227906048250002e-08,9.205591132365541e-08,9.183433112847296e-08,9.161430409853438e-08,9.139581464712405e-08,9.117884739402905e-08,9.096338716126394e-08,9.074941897267994e-08,9.053692804731258e-08,9.032589979928613e-08,9.011631983184484e-08,8.990817393645701e-08,8.970144808854177e-08,8.949612844503868e-08,8.929220134057839e-08,8.908965328626333e-08,8.888847096598503e-08,8.868864123300368e-08,8.849015110840993e-08,8.829298777760295e-08,8.80971385879928e-08,8.790259104723269e-08,8.770933281912739e-08,8.751735172229852e-08,8.732663572765526e-08,8.713717295561304e-08,8.694895167437695e-08,8.67619602970326e-08,8.657618737969999e-08,8.639162161951305e-08,8.620825185194727e-08,8.602606704835048e-08,8.584505631625703e-08,8.566520889368537e-08,8.548651415003822e-08,8.530896158268903e-08,8.513254081584704e-08,8.495724159790854e-08,8.478305380049111e-08,8.460996741539037e-08,8.44379725535158e-08,8.426705944475556e-08,8.409721843273162e-08,8.392843997545779e-08,8.376071464343313e-08,8.359403311706856e-08,8.342838618675105e-08,8.326376475009466e-08,8.310015980926886e-08,8.293756247267452e-08,8.277596395011017e-08,8.261535555295555e-08,8.245572869271086e-08,8.229707487912282e-08,8.213938571866407e-08,8.198265291376359e-08,8.182686826230668e-08,8.167202365333134e-08,8.151811106806325e-08,8.136512257841052e-08,8.121305034550671e-08,8.106188661689528e-08,8.091162372859089e-08,8.076225410114782e-08,8.061377023963263e-08,8.046616473192076e-08,8.03194302479423e-08,8.017355953833587e-08,8.002854543358035e-08,7.988438084260833e-08,7.974105875185016e-08,7.959857222404116e-08,7.945691439807139e-08,7.931607848635452e-08,7.91760577756043e-08,7.903684562384309e-08,7.889843546128275e-08,7.876082078852381e-08,7.862399517573396e-08,7.848795226173979e-08,7.835268575284355e-08,7.821818942225194e-08,7.808445710914434e-08,7.795148271770593e-08,7.781926021639186e-08,7.768778363698133e-08,7.755704707380363e-08,7.742704468300901e-08,7.729777068129547e-08,7.716921934589704e-08,7.704138501326389e-08,7.691426207837818e-08,7.678784499409927e-08,7.666212827025105e-08,7.653710647321193e-08,7.641277422498255e-08,7.628912620232943e-08,7.6166157135863e-08,7.604386181085121e-08,7.592223506439014e-08,7.580127178617115e-08,7.568096691740531e-08,7.55613154502152e-08,7.544231242677894e-08,7.532395293869208e-08,7.520623212776421e-08,7.508914518204981e-08,7.497268734043768e-08,7.48568538863747e-08,7.474164015093641e-08,7.462704151106958e-08,7.451305338920262e-08,7.439967125282569e-08,7.428689061378025e-08,7.417470702778045e-08,7.406311609358824e-08,7.395211345305967e-08,7.384169478992326e-08,7.373185583037846e-08,7.362259234081424e-08,7.351390012947723e-08,7.340577504443845e-08,7.329821297326399e-08,7.319120984293373e-08,7.308476161953721e-08,7.297886430770191e-08,7.287351394887749e-08,7.276870662313228e-08,7.266443844718923e-08,7.256070557435394e-08,7.24575041942491e-08,7.235483053188463e-08,7.225268084806675e-08,7.215105143810337e-08,7.20499386322871e-08,7.19493387939245e-08,7.18492483220631e-08,7.174966364713635e-08,7.165058123332957e-08,7.155199757748523e-08,7.145390920772845e-08,7.135631268584832e-08,7.12592046031027e-08,7.116258158282246e-08,7.106644027895074e-08,7.097077737607209e-08,7.087558958802361e-08,7.078087365984997e-08,7.068662636456314e-08,7.05928445047435e-08,7.049952491122053e-08,7.040666444425921e-08,7.031425999174346e-08,7.022230846888006e-08,7.013080681863114e-08,7.003975201120374e-08,6.994914104375406e-08,6.985897093962586e-08,6.976923874870981e-08,6.967994154656397e-08,6.959107643523978e-08,6.950264054095336e-08,6.941463101681133e-08,6.932704503912048e-08,6.923987980941836e-08,6.915313255346129e-08,6.906680052140138e-08,6.898088098652736e-08,6.889537124664517e-08,6.881026862197517e-08,6.872557045624058e-08,6.864127411575384e-08,6.855737698946666e-08,6.847387648841261e-08,6.839077004618525e-08,6.830805511753975e-08,6.822572917988862e-08,6.814378973102488e-08,6.806223429024372e-08,6.79810603976937e-08,6.79002656144263e-08,6.781984752184823e-08,6.773980372189591e-08,6.766013183572558e-08,6.758082950541039e-08,6.750189439189212e-08,6.742332417648178e-08,6.734511655887816e-08,6.726726925814626e-08,6.71897800119778e-08,6.711264657697276e-08,6.7035866728136e-08,6.695943825877118e-08,6.688335898029272e-08,6.680762672167291e-08,6.67322393303478e-08,6.665719467055022e-08,6.658249062418812e-08,6.65081250902751e-08,6.643409598495879e-08,6.636040124137877e-08,6.628703880875059e-08,6.621400665336802e-08,6.614130275761645e-08,6.606892512012113e-08,6.599687175551132e-08,6.592514069433242e-08,6.585372998245152e-08,6.57826376819066e-08,6.571186186981723e-08,6.564140063841256e-08,6.557125209513855e-08,6.550141436235684e-08,6.54318855771405e-08,6.536266389133514e-08,6.529374747114344e-08,6.52251344973295e-08,6.515682316467526e-08,6.50888116821005e-08,6.502109827250184e-08,6.495368117266047e-08,6.488655863284067e-08,6.481972891720325e-08,6.475319030255813e-08,6.468694107979279e-08,6.462097955265228e-08,6.455530403822144e-08,6.448991286553595e-08,6.44248043773168e-08,6.435997692881849e-08,6.429542888752489e-08,6.423115863357549e-08,6.416716455936593e-08,6.410344506946905e-08,6.403999858042904e-08,6.397682352087382e-08,6.391391833129513e-08,6.38512814639462e-08,6.378891138231932e-08,6.372680656181403e-08,6.36649654891118e-08,6.360338666230537e-08,6.354206859056594e-08,6.348100979409854e-08,6.342020880426798e-08,6.335966416308627e-08,6.329937442319731e-08,6.323933814898618e-08,6.317955391424847e-08,6.312002030369824e-08,6.30607359124896e-08,6.300169934601083e-08,6.294290921987182e-08,6.288436415953293e-08,6.282606280088549e-08,6.276800378957434e-08,6.271018578117294e-08,6.265260744075934e-08,6.259526744325745e-08,6.253816447304731e-08,6.248129722456079e-08,6.242466440085674e-08,6.23682647146178e-08,6.231209688783223e-08,6.225615965149139e-08,6.2200451745721e-08,6.214497191965904e-08,6.208971893114138e-08,6.20346915474769e-08,6.197988854408085e-08,6.192530870517346e-08,6.187095082340998e-08,6.181681370081825e-08,6.176289614695526e-08,6.170919698007106e-08,6.165571502665548e-08,6.160244912141229e-08,6.154939810738492e-08,6.149656083554748e-08,6.144393616481801e-08,6.139152296212835e-08,6.133932010252128e-08,6.128732646851175e-08,6.123554095048972e-08,6.118396244648235e-08,6.113258986217326e-08,6.10814221107176e-08,6.103045811284065e-08,6.097969679606401e-08,6.092913709678383e-08,6.08787779573455e-08,6.082861832749416e-08,6.077865716460243e-08,6.072889343275647e-08,6.067932610312789e-08,6.062995415399148e-08,6.058077657051629e-08,6.053179234476307e-08,6.048300047539626e-08,6.04343999681203e-08,6.038598983506577e-08,6.033776909523417e-08,6.028973677390581e-08,6.0241891903318e-08,6.019423352182178e-08,6.014676067417469e-08,6.009947241190502e-08,6.0052367792419e-08,6.000544587960365e-08,5.995870574332748e-08,5.991214645988218e-08,5.986576711147968e-08,5.981956678658139e-08,5.977354457932862e-08,5.972769959026019e-08,5.968203092505e-08,5.963653769639231e-08,5.959121902182448e-08,5.954607402501544e-08,5.9501101835327475e-08,5.9456301587833156e-08,5.941167242304516e-08,5.93672134872051e-08,5.932292393209072e-08,5.9278802914876436e-08,5.9234849598270345e-08,5.919106315034076e-08,5.914744274450795e-08,5.910398755947665e-08,5.906069677937962e-08,5.9017569593218364e-08,5.8974605195772005e-08,5.893180278630412e-08,5.8889161569706334e-08,5.884668075559605e-08,5.880435955892884e-08,5.876219719897534e-08,5.872019290082086e-08,5.867834589395223e-08,5.863665541287745e-08,5.8595120696846364e-08,5.855374098998957e-08,5.8512515541058955e-08,5.847144360361218e-08,5.843052443592625e-08,5.8389757300734383e-08,5.8349141465672957e-08,5.830867620289276e-08,5.8268360788617054e-08,5.822819450401524e-08,5.8188176634591176e-08,5.8148306470634134e-08,5.8108583306235415e-08,5.806900644020155e-08,5.80295751756249e-08,5.799028881985647e-08,5.795114668428604e-08,5.7912148084770366e-08,5.787329234142085e-08,5.783457877880974e-08,5.7796006724935125e-08,5.775757551218959e-08,5.771928447727674e-08,5.768113296044852e-08,5.764312030646453e-08,5.760524586376863e-08,5.756750898473055e-08,5.752990902592826e-08,5.749244534746095e-08,5.7455117313645357e-08,5.74179242923912e-08,5.738086565544624e-08,5.734394077834937e-08,5.730714904039776e-08,5.727049265187225e-08,5.723396569478077e-08,5.719756973055568e-08,5.71613044195319e-08,5.712516919387369e-08,5.708916345925898e-08,5.705328662119195e-08,5.7017538088068384e-08,5.6981917271630235e-08,5.6946423587097976e-08,5.691105645310359e-08,5.687581529186541e-08,5.684069952884181e-08,5.680570859293335e-08,5.677084191639642e-08,5.6736098934705805e-08,5.670147908675338e-08,5.6666981814643166e-08,5.6632606563773055e-08,5.659835278276042e-08,5.6564219923364343e-08,5.65302074405849e-08,5.649631479289856e-08,5.6462541441357135e-08,5.6428886850435557e-08,5.6395350487559744e-08,5.6361931823336135e-08,5.6328630331407665e-08,5.629544548821942e-08,5.626237677379738e-08,5.622942367068611e-08,5.6196585664355383e-08,5.616386224334329e-08,5.6131252899107384e-08,5.609875712611658e-08,5.606637442152556e-08,5.603410428541173e-08,5.6001946220775204e-08,5.5969899733264076e-08,5.593796433148308e-08,5.590613952670331e-08,5.587442483305463e-08,5.5842819767332465e-08,5.5811323849099466e-08,5.577993660052216e-08,5.574865754655141e-08,5.5717486214820404e-08,5.568642213539847e-08,5.565546484132878e-08,5.5624613867896423e-08,5.5593868753239195e-08,5.5563229037971755e-08,5.553269426508699e-08,5.550226398066568e-08,5.547193773263295e-08,5.5441715071974216e-08,5.5411595551544425e-08,5.5381578727159306e-08,5.535166415692273e-08,5.532185140145863e-08,5.5292140023714985e-08,5.526252958902453e-08,5.5233019665172696e-08,5.520360982223572e-08,5.5174299632757085e-08,5.5145088671504126e-08,5.511597651562055e-08,5.5086962744483155e-08,5.5058046939810223e-08,5.5029228685665543e-08,5.5000507568180115e-08,5.4971883175844705e-08,5.494335509946061e-08,5.491492293188044e-08,5.48865862681965e-08,5.4858344705805646e-08,5.483019784417871e-08,5.480214528469301e-08,5.477418663125464e-08,5.4746321489756534e-08,5.471854946812949e-08,5.469087017665151e-08,5.466328322720536e-08,5.4635788234166565e-08,5.460838481353941e-08,5.4581072584065885e-08,5.455385116591002e-08,5.452672018145715e-08,5.4499679254837524e-08,5.447272801281081e-08,5.444586608352861e-08,5.441909309730839e-08,5.4392408686269686e-08,5.4365812484674825e-08,5.283021646282917e-08,5.208423865650311e-08,5.177252639092699e-08,5.167980749741617e-08,5.169598006915355e-08,5.176531146344736e-08,5.1859643727869624e-08,5.1964779523003466e-08,5.2073586010314334e-08,5.21825039749319e-08,5.228978125654565e-08,5.239457893339041e-08,5.249651913515294e-08,5.2595456293308645e-08,5.2691361425778804e-08,5.278426359983019e-08,5.28742203187316e-08,5.296130253875306e-08,5.304558708781008e-08,5.3127152830107137e-08,5.3206078726272617e-08,5.328244285470422e-08,5.3356321920746126e-08,5.342779101362458e-08,5.349692349089615e-08,5.356379092852568e-08,5.3628463104933606e-08,5.36910080040804e-08,5.375149182807355e-08,5.3809979017087606e-08,5.386653227176136e-08,5.3921212579118244e-08,5.3974079239560644e-08,5.402518989603866e-08,5.4074600563814324e-08,5.4122365660825526e-08,5.416853803969146e-08,5.4213169019395276e-08,5.425630841735343e-08,5.429800458279149e-08,5.433830442898907e-08,5.4377253465775704e-08,5.441489583383557e-08,5.445127433615325e-08,5.448643047145916e-08,5.452040446659872e-08,5.455323530883831e-08,5.458496077769793e-08,5.461561747641749e-08,5.464524086353205e-08,5.467386528350795e-08,5.470152399695634e-08,5.472824921060526e-08,5.4754072106693115e-08,5.477902287181424e-08,5.4803130725223104e-08,5.482642394654502e-08,5.484892990305883e-08,5.487067507630636e-08,5.4891685088145175e-08,5.4911984726361355e-08,5.493159796942552e-08,5.495054801096089e-08,5.496885728332471e-08,5.4986547481038745e-08,5.500363958325371e-08,5.502015387578036e-08,5.503610997258757e-08,5.5051526836718114e-08,5.5066422800640874e-08,5.508081558605338e-08,5.5094722323238727e-08,5.5108159569635984e-08,5.512114332828023e-08,5.5133689065222675e-08,5.514581172729868e-08,5.515752575806001e-08,5.516884511465009e-08,5.517978328325589e-08,5.5190353294566795e-08,5.520056773843587e-08,5.521043877840859e-08,5.521997816566416e-08,5.522919725258425e-08,5.5238107005843805e-08,5.524671801908552e-08,5.5255040525419415e-08,5.526308440922535e-08,5.527085921783013e-08,5.527837417268743e-08,5.528563818025188e-08,5.529265984249623e-08,5.529944746713912e-08,5.530600907748075e-08,5.531235242197204e-08,5.5318484983437156e-08,5.5324413988093714e-08,5.5330146414042906e-08,5.533568899986611e-08,5.534104825261607e-08,5.534623045564051e-08,5.535124167622914e-08,5.5356087772925645e-08,5.5360774402599315e-08,5.5365307027351046e-08,5.5369690921149395e-08,5.5373931176147216e-08,5.53780327091095e-08,5.538200026713973e-08,5.538583843365847e-08,5.53895516339485e-08,5.539314414060051e-08,5.5396620078650524e-08,5.5399983430808075e-08,5.540323804220071e-08,5.54063876251771e-08,5.5409435763835386e-08,5.541238591845815e-08,5.541524142973039e-08,5.5418005522973393e-08,5.5420681311945126e-08,5.5423271802820484e-08,5.542577989788064e-08,5.5428208399059845e-08,5.543056001143939e-08,5.5432837346586223e-08,5.543504292577584e-08,5.543717918315899e-08,5.543924846869987e-08,5.5441253051145455e-08,5.544319512081821e-08,5.544507679234483e-08,5.5446900107277856e-08,5.5448667036513895e-08,5.54503794830542e-08,5.545203928396392e-08,5.5453648212919375e-08,5.5455207982316364e-08,5.545672024541193e-08,5.5458186598385935e-08,5.5459608582299214e-08,5.5460987685027753e-08,5.546232534310647e-08,5.546362294349559e-08,5.5464881825319005e-08,5.546610328152037e-08,5.5467288560459416e-08,5.546843886747567e-08,5.546955536637899e-08,5.547063918088646e-08,5.547169139601996e-08,5.547271305945143e-08,5.5473705182799285e-08,5.547466874290292e-08,5.5475604682940926e-08,5.547651391374344e-08,5.547739731482154e-08,5.5478255735470715e-08,5.547908999583388e-08,5.547990088792369e-08,5.548068917656744e-08,5.54814556003823e-08,5.5482200872670005e-08,5.548292568230286e-08,5.548363069454419e-08,5.548431655198901e-08,5.548498387515996e-08,5.548563326342229e-08,5.548626529564284e-08,5.548688053095799e-08,5.548747950940481e-08,5.5488062752655034e-08,5.548863076454852e-08,5.548918403179902e-08,5.548972302458139e-08,5.549024819705951e-08,5.5490759987985506e-08,5.5491258821203227e-08,5.549174510619682e-08,5.5492219238563864e-08,5.549268160049827e-08,5.549313256126747e-08,5.549357247767723e-08,5.5494001694449925e-08,5.549442054468712e-08,5.549482935026518e-08,5.54952284221999e-08,5.5495618061075125e-08,5.54959985573369e-08,5.549637019170757e-08,5.549673323546465e-08,5.549708795081559e-08,5.549743459118365e-08,5.549777340151408e-08,5.549810461858075e-08,5.549842847125476e-08,5.549874518079343e-08,5.5499054961059825e-08,5.5499358018842137e-08,5.549965455406061e-08,5.549994476000125e-08,5.5500228823551315e-08,5.550050692542917e-08,5.550077924038187e-08,5.5501045937399616e-08,5.550130717990612e-08,5.550156312596254e-08,5.550181392844312e-08,5.550205973520817e-08,5.5502300689293846e-08,5.5502536929057026e-08,5.5502768588347023e-08,5.550299579663965e-08,5.550321867925122e-08,5.550343735741586e-08,5.550365194842798e-08,5.5503862565806555e-08,5.550406931940639e-08,5.550427231555127e-08,5.550447165715234e-08,5.550466744382076e-08,5.5504859771983675e-08,5.5505048734994703e-08,5.550523442323056e-08,5.5505416924202235e-08,5.550559632264525e-08,5.5505772700617665e-08,5.550594613757691e-08,5.550611671049959e-08,5.550628449394833e-08,5.550644956013162e-08,5.550661197901623e-08,5.5506771818384075e-08,5.550692914391327e-08,5.550708401925092e-08,5.5507236506071135e-08,5.5507386664158494e-08,5.550753455145158e-08,5.5507680224105635e-08,5.550782373658714e-08,5.550796514170581e-08,5.550810449065292e-08,5.5508241833050614e-08,5.550837721705953e-08,5.550851068938936e-08,5.550864229532594e-08,5.550877207883088e-08,5.550890008253611e-08,5.5509026347834324e-08,5.550915091487785e-08,5.550927382263824e-08,5.550939510896027e-08,5.550951481055367e-08,5.55096329630796e-08,5.550974960117947e-08,5.5509864758468355e-08,5.550997846760663e-08,5.551009076031857e-08,5.55102016674209e-08,5.551031121886481e-08,5.5510419443741016e-08,5.551052637031467e-08,5.5510632026099793e-08,5.551073643779379e-08,5.5510839631378734e-08,5.5510941632112496e-08,5.551104246456062e-08,5.551114215260576e-08,5.551124071949425e-08,5.551133818783389e-08,5.551143457961699e-08,5.5511529916257046e-08,5.5511624218587195e-08,5.551171750688287e-08,5.55118098009019e-08,5.5511901119857034e-08,5.5511991482475355e-08,5.551208090699498e-08,5.551216941116994e-08,5.5512257012312094e-08,5.551234372727978e-08,5.55124295725129e-08,5.551251456401406e-08,5.5512598717391246e-08,5.551268204791008e-08,5.5512764570371075e-08,5.5512846299264125e-08,5.551292724871482e-08,5.551300743249003e-08,5.551308686403555e-08,5.551316555646845e-08,5.551324352258784e-08,5.551332077489227e-08,5.551339732558268e-08,5.551347318657025e-08,5.5513548369489786e-08,5.55136228857042e-08,5.5513696746318036e-08,5.551376996217278e-08,5.55138425438683e-08,5.551391450176838e-08,5.551398584599665e-08,5.551405658645575e-08,5.551412673281911e-08,5.5514196294558566e-08,5.5514265280929454e-08,5.551433370099129e-08,5.551440156360506e-08,5.551446887744664e-08,5.5514535650986336e-08,5.5514601892541274e-08,5.551466761026099e-08,5.551473281208955e-08,5.551479750583002e-08,5.551486169911956e-08,5.551492539943736e-08,5.551498861411484e-08,5.551505135033187e-08,5.5515113615121405e-08,5.551517541539222e-08,5.551523675789725e-08,5.5515297649267076e-08,5.5515358095999524e-08,5.551541810447058e-08,5.551547768093103e-08,5.551553683151244e-08,5.551559556223436e-08,5.551565387899672e-08,5.551571178759441e-08,5.5515769293712355e-08,5.551582640293347e-08,5.551588312073456e-08,5.5515939452493765e-08,5.551599540349722e-08,5.5516050978929684e-08,5.551610618388781e-08,5.551616102337567e-08,5.551621550231152e-08,5.551626962552771e-08,5.5516323397771535e-08,5.551637682370728e-08,5.551642990792926e-08,5.551648265494594e-08,5.551653506917662e-08,5.551658715498771e-08,5.551663891666535e-08,5.551669035842512e-08,5.551674148441344e-08,5.551679229871131e-08,5.55168428053213e-08,5.551689300819498e-08,5.551694291121204e-08,5.551699251820333e-08,5.551704183292866e-08,5.5517090859092535e-08,5.551713960032631e-08,5.551718806022534e-08,5.551723624232146e-08,5.5517284150085217e-08,5.551733178695442e-08,5.5517379156296616e-08,5.5517426261432064e-08,5.5517473105635155e-08,5.551751969212368e-08,5.5517566024076146e-08,5.5517612104620014e-08,5.551765793683707e-08,5.551770352376244e-08,5.551774886837548e-08,5.5517793973650024e-08,5.551783884248954e-08,5.551788347774363e-08,5.5517927882257766e-08,5.551797205879751e-08,5.5518016010116564e-08,5.551805973891419e-08,5.5518103247845676e-08,5.5518146539575024e-08,5.551818961668174e-08,5.551823248171938e-08,5.551827513723627e-08,5.5518317585685894e-08,5.5518359829541604e-08,5.551840187123369e-08,5.551844371312661e-08,5.551848535758349e-08,5.551852680694715e-08,5.551856806349918e-08,5.551860912950733e-08,5.55186500072356e-08,5.5518690698824664e-08,5.551873120648495e-08,5.551877153236106e-08,5.551881167857261e-08,5.55188516472111e-08,5.551889144033982e-08,5.5518931059997425e-08,5.551897050819431e-08,5.5519009786917234e-08,5.5519048898126244e-08,5.5519087843758053e-08,5.551912662571583e-08,5.551916524589077e-08,5.5519203706152036e-08,5.551924200832794e-08,5.5519280154240834e-08,5.551931814568248e-08,5.5519355984423835e-08,5.551939367221452e-08,5.551943121077813e-08,5.551946860181962e-08,5.5519505847033815e-08,5.551954294807993e-08,5.551957990659273e-08,5.5519616724202615e-08,5.5519653402513956e-08,5.5519689943106634e-08,5.5519726347549486e-08,5.5519762617385726e-08,5.5519798754142714e-08,5.551983475932871e-08,5.5519870634435164e-08,5.55199063809324e-08,5.5519942000279354e-08,5.5519977493906744e-08,5.5520012863227933e-08,5.5520048109665474e-08,5.552008323459372e-08,5.552011823937767e-08,5.552015312539299e-08,5.5520187893949375e-08,5.552022254638034e-08,5.5520257083991545e-08,5.552029150807354e-08,5.552032581990025e-08,5.5520360020734684e-08,5.552039411181911e-08,5.5520428094379674e-08,5.552046196965018e-08,5.5520495738818254e-08,5.552052940308118e-08,5.552056296360993e-08,5.552059642154657e-08,5.552062977807752e-08,5.5520663034297006e-08,5.552069619134007e-08,5.552072925031793e-08,5.552076221231237e-08,5.5520795078429555e-08,5.552082784972178e-08,5.552086052725516e-08,5.552089311207173e-08,5.55209256052201e-08,5.5520958007692275e-08,5.552099032054112e-08,5.552102254470304e-08,5.552105468119728e-08,5.552108673099654e-08,5.552111869504282e-08,5.5521150574336096e-08,5.5521182369793736e-08,5.5521214082299455e-08,5.5521245712873245e-08,5.552127726237235e-08,5.5521308731704796e-08,5.552134012175096e-08,5.5521371433395545e-08,5.552140266751318e-08,5.5521433824952526e-08,5.55214649065725e-08,5.552149591320104e-08,5.552152684570089e-08,5.552155770485821e-08,5.552158849149522e-08,5.552161920641645e-08,5.5521649850414405e-08,5.552168042428743e-08,5.552171092879852e-08,5.55217413647188e-08,5.552177173280645e-08,5.552180203380973e-08,5.5521832268472246e-08,5.552186243752669e-08,5.55218925416981e-08,5.5521922581705714e-08,5.552195255825948e-08,5.552198247202631e-08,5.552201232376185e-08,5.55220421141211e-08,5.5522071843782166e-08,5.55221015134163e-08,5.552213112368485e-08,5.552216067525159e-08,5.552219016875339e-08,5.55222196048293e-08,5.552224898411587e-08,5.552227830723741e-08,5.552230757481688e-08,5.552233678745212e-08,5.552236594578048e-08,5.5522395050419374e-08,5.552242410189329e-08,5.552245310081823e-08,5.5522482047804244e-08,5.552251094337656e-08,5.5522539788111326e-08,5.552256858261148e-08,5.552259732736078e-08,5.552262602294429e-08,5.552265466990267e-08,5.552268326877388e-08,5.552271182008133e-08,5.552274032435138e-08,5.552276878210296e-08,5.552279719384766e-08,5.552282556009365e-08,5.552285388133885e-08,5.552288215808352e-08,5.5522910390807335e-08,5.552293858000182e-08,5.552296672614573e-08,5.552299482972304e-08,5.552302289117816e-08,5.552305091098989e-08,5.552307888961487e-08,5.552310682750313e-08,5.552313472510365e-08,5.5523162582856856e-08,5.552319040119266e-08,5.552321818056518e-08,5.552324592139773e-08,5.552327362410463e-08,5.5523301289107155e-08,5.552332891682963e-08,5.5523356507668596e-08,5.552338406204374e-08,5.552341158035963e-08,5.552343906298971e-08,5.5523466510329764e-08,5.552349392278074e-08,5.552352130071292e-08,5.5523548644508325e-08,5.5523575954544134e-08,5.552360323119543e-08,5.552363047481806e-08,5.552365768578979e-08,5.552368486446498e-08,5.552371201119746e-08,5.552373912632989e-08,5.552376621021124e-08,5.5523793263189493e-08,5.5523820285601435e-08,5.5523847277782346e-08,5.552387424006747e-08,5.5523901172781407e-08,5.552392807624773e-08,5.552395495079103e-08,5.552398179672527e-08,5.5524008614366884e-08,5.55240354040282e-08,5.55240621660095e-08,5.552408890062188e-08,5.5524115608162544e-08,5.552414228892771e-08,5.552416894321041e-08,5.5524195571302025e-08,5.552422217349007e-08,5.552424875004524e-08,5.552427530127171e-08,5.5524301827479696e-08,5.552432832885834e-08,5.552435480572466e-08,5.552438125834275e-08,5.552440768697671e-08,5.552443409188659e-08,5.5524460473402316e-08,5.552448683168933e-08,5.552451316700345e-08,5.552453947962194e-08,5.5524565769795037e-08,5.552459203776695e-08,5.552461828378047e-08,5.552464450807992e-08,5.5524670710899754e-08,5.5524696892470374e-08,5.5524723053043874e-08,5.552474919289271e-08,5.552477531211901e-08,5.552480141101858e-08,5.552482748980942e-08,5.552485354872238e-08,5.552487958796681e-08,5.5524905607760574e-08,5.552493160831434e-08,5.552495758983785e-08,5.552498355254188e-08,5.552500949660964e-08,5.552503542229155e-08,5.55250613297621e-08,5.552508721925064e-08,5.552511309089817e-08,5.5525138944919066e-08,5.552516478153489e-08,5.552519060090428e-08,5.5525216403210737e-08,5.552524218867413e-08,5.5525267957458904e-08,5.552529370975463e-08,5.552531944573698e-08,5.552534516558061e-08,5.552537086947986e-08,5.552539655763679e-08,5.5525422230132325e-08,5.5525447887187745e-08,5.552547352897272e-08,5.552549915565164e-08,5.552552476736797e-08,5.5525550364333354e-08,5.55255759466852e-08,5.552560151457876e-08,5.552562706818288e-08,5.552565260762009e-08,5.5525678133089185e-08,5.552570364469758e-08,5.552572914264796e-08,5.552575462706738e-08,5.5525780098104315e-08,5.5525805555888206e-08,5.552583100058813e-08,5.552585643233757e-08,5.552588185127718e-08,5.552590725754595e-08,5.552593265130218e-08,5.552595803266911e-08,5.552598340175079e-08,5.55260087587042e-08,5.5526034103663e-08,5.552605943676108e-08,5.552608475812279e-08,5.552611006787873e-08,5.552613536612323e-08,5.5526160653047746e-08,5.552618592874767e-08,5.552621119333453e-08,5.552623644693141e-08,5.552626168963707e-08,5.552628692162416e-08,5.552631214298513e-08,5.552633735381647e-08,5.552636255424063e-08,5.552638774438391e-08,5.552641292433731e-08,5.55264380942624e-08,5.552646325420106e-08,5.552648840429956e-08,5.55265135446451e-08,5.552653867540671e-08,5.5526563796607e-08,5.5526588908381154e-08,5.552661401083447e-08,5.552663910404523e-08,5.552666418811952e-08,5.5526689263244574e-08,5.552671432941064e-08,5.552673938674907e-08,5.552676443535378e-08,5.552678947532729e-08,5.5526814506798035e-08,5.552683952977734e-08,5.5526864544381406e-08,5.552688955074395e-08,5.552691454892866e-08,5.552693953902692e-08,5.552696452111009e-08,5.55269894952907e-08,5.552701446161656e-08,5.5527039420215865e-08,5.5527064371174965e-08,5.552708931456039e-08,5.552711425042167e-08,5.552713917890199e-08,5.552716410005144e-08,5.552718901397451e-08,5.552721392070147e-08,5.552723882032005e-08,5.5527263712934634e-08,5.552728859859563e-08,5.5527313477400285e-08,5.552733834942516e-08,5.552736321472255e-08,5.5527388073373914e-08,5.552741292545319e-08,5.552743777102734e-08,5.552746261017171e-08,5.552748744286221e-08,5.5527512269347685e-08,5.5527537089610025e-08,5.552756190371466e-08,5.552758671171559e-08,5.552761151370653e-08,5.552763630973626e-08,5.5527661099869275e-08,5.5527685884171386e-08,5.552771066269167e-08,5.552773543551639e-08,5.552776020270371e-08,5.552778496437411e-08,5.552780972043263e-08,5.552783447104238e-08,5.5527859216180587e-08,5.552788395604193e-08,5.552790869062523e-08,5.552793341995834e-08,5.552795814411717e-08,5.5527982863159045e-08,5.552800757711951e-08,5.5528032286086526e-08,5.552805699006006e-08,5.552808168917515e-08,5.5528106383459366e-08,5.552813107287189e-08,5.552815575758999e-08,5.552818043763967e-08,5.552820511307054e-08,5.552822978385462e-08,5.552825445007998e-08,5.552827911182541e-08,5.552830376913113e-08,5.5528328422027434e-08,5.552835307057399e-08,5.5528377714805265e-08,5.552840235475072e-08,5.552842699051769e-08,5.5528451622050515e-08,5.552847624953402e-08,5.552850087293355e-08,5.552852549229026e-08,5.5528550107656573e-08,5.552857471907461e-08,5.5528599326584936e-08,5.552862393017888e-08,5.552864853003251e-08,5.55286731260173e-08,5.5528697718333074e-08,5.5528722306882675e-08,5.5528746891821315e-08,5.552877147312984e-08,5.5528796050828126e-08,5.552882062500762e-08,5.5528845195686714e-08,5.5528869762918964e-08,5.552889432667075e-08,5.552891888703968e-08,5.552894344404849e-08,5.55289679977548e-08,5.5528992548146424e-08,5.552901709528102e-08,5.5529041639187053e-08,5.552906617993429e-08,5.552909071751656e-08,5.552911525199211e-08,5.5529139783373864e-08,5.5529164311647065e-08,5.5529188836955175e-08,5.5529213359285726e-08,5.552923787864924e-08,5.552926239504447e-08,5.55292869085949e-08,5.5529311419282974e-08,5.5529335927094897e-08,5.552936043212744e-08,5.552938493440527e-08,5.552940943393857e-08,5.552943393075823e-08,5.552945842489375e-08,5.5529482916372046e-08,5.552950740518083e-08,5.552953189142795e-08,5.5529556375103616e-08,5.552958085623257e-08,5.5529605334873865e-08,5.552962981099131e-08,5.5529654284643957e-08,5.552967875584436e-08,5.5529703224499653e-08,5.552972769091358e-08,5.552975215495731e-08,5.55297766166604e-08,5.552980107605073e-08,5.5529825533148665e-08,5.5529849987973926e-08,5.552987444054361e-08,5.552989889091642e-08,5.5529923339094076e-08,5.5529947785087934e-08,5.552997222882129e-08,5.5529996670552124e-08,5.5530021110175863e-08,5.553004554770985e-08,5.5530069983186857e-08,5.5530094416619864e-08,5.553011884804212e-08,5.553014327748756e-08,5.553016770493788e-08,5.5530192130434554e-08,5.5530216553993135e-08,5.553024097563922e-08,5.553026539539776e-08,5.5530289813275056e-08,5.5530314229298194e-08,5.553033864348093e-08,5.5530363055842726e-08,5.553038746641009e-08,5.5530411875191363e-08,5.553043628221819e-08,5.553046068750317e-08,5.553048509105885e-08,5.5530509492910205e-08,5.553053389307258e-08,5.5530558291563697e-08,5.553058268839579e-08,5.5530607083580486e-08,5.5530631477196704e-08,5.5530655869170956e-08,5.5530680259558245e-08,5.553070464837505e-08,5.553072903563614e-08,5.553075342136335e-08,5.5530777805546783e-08,5.5530802188239976e-08,5.553082656944078e-08,5.5530850949163734e-08,5.5530875327426355e-08,5.553089970423317e-08,5.553092407962796e-08,5.55309484536413e-08,5.5530972826199074e-08,5.553099719741125e-08,5.553102156721357e-08,5.5531045935655656e-08,5.5531070302751504e-08,5.553109466851456e-08,5.553111903295537e-08,5.553114339609324e-08,5.553116775792546e-08,5.553119211848568e-08,5.553121647778452e-08,5.553124083583195e-08,5.5531265192625865e-08,5.553128954821221e-08,5.553131390257532e-08,5.553133825573424e-08,5.55313626076763e-08,5.553138695843413e-08,5.553141130805451e-08,5.553143565652251e-08,5.5531460003842145e-08,5.5531484350022904e-08,5.553150869509006e-08,5.553153303904849e-08,5.5531557381915944e-08,5.5531581723685785e-08,5.5531606064379954e-08,5.5531630404007675e-08,5.553165474257308e-08,5.553167908009767e-08,5.5531703416586327e-08,5.553172775204447e-08,5.553175208638331e-08,5.5531776419828094e-08,5.553180075227517e-08,5.5531825083740944e-08,5.5531849414228425e-08,5.5531873743753234e-08,5.5531898072350727e-08,5.553192239997384e-08,5.553194672665861e-08,5.553197105247407e-08,5.553199537730642e-08,5.553201970121346e-08,5.553204402424045e-08,5.553206834637367e-08,5.553209266762513e-08,5.553211698800182e-08,5.5532141307525925e-08,5.55321656261749e-08,5.553218994396699e-08,5.5532214260934746e-08,5.5532238577066004e-08,5.5532262892369606e-08,5.5532287206861975e-08,5.553231152053626e-08,5.5532335833411686e-08,5.5532360145463926e-08,5.553238445675723e-08,5.5532408767272555e-08,5.553243307702275e-08,5.553245738601225e-08,5.553248169423685e-08,5.553250600170202e-08,5.553253030843328e-08,5.5532554614453326e-08,5.55325789197195e-08,5.5532603224268114e-08,5.553262752810135e-08,5.5532651831207536e-08,5.553267613363136e-08,5.553270043536035e-08,5.5532724736439055e-08,5.553274903679737e-08,5.5532773336477104e-08,5.553279763549278e-08,5.553282193384587e-08,5.553284623153843e-08,5.553287052858792e-08,5.553289482497529e-08,5.553291912072824e-08,5.5532943415846044e-08,5.5532967710353035e-08,5.553299200424273e-08,5.5533016297573755e-08,5.553304059023553e-08,5.553306488229934e-08,5.553308917375152e-08,5.5533113464615476e-08,5.553313775488899e-08,5.553316204458348e-08,5.553318633370358e-08,5.553321062225019e-08,5.553323491023059e-08,5.553325919764962e-08,5.553328348455454e-08,5.553330777090134e-08,5.5533332056670394e-08,5.5533356341894347e-08,5.5533380626581936e-08,5.553340491072779e-08,5.553342919440329e-08,5.5533453477492365e-08,5.5533477760081046e-08,5.553350204216532e-08,5.553352632370296e-08,5.553355060476042e-08,5.553357488532458e-08,5.553359916537742e-08,5.553362344497239e-08,5.5533647724063407e-08,5.553367200266535e-08,5.55336962807912e-08,5.5533720558447065e-08,5.553374483563146e-08,5.553376911235191e-08,5.553379338860311e-08,5.553381766440465e-08,5.553384193979842e-08,5.553386621469371e-08,5.553389048914472e-08,5.5533914763137906e-08,5.5533939036755754e-08,5.5533963309888444e-08,5.5533987582591404e-08,5.5534011854849506e-08,5.5534036126674285e-08,5.553406039810525e-08,5.5534084669108574e-08,5.553410893970262e-08,5.553413320990375e-08,5.553415747968227e-08,5.5534181749068095e-08,5.5534206018090565e-08,5.553423028667074e-08,5.553425455485854e-08,5.553427882265542e-08,5.553430309012573e-08,5.553432735715383e-08,5.5534351623797065e-08,5.553437589008181e-08,5.5534400155972556e-08,5.5534424421493715e-08,5.5534448686643636e-08,5.5534472951428307e-08,5.553449721584958e-08,5.553452147991718e-08,5.553454574362235e-08,5.553457000697532e-08,5.553459426997345e-08,5.5534618532618e-08,5.553464279492064e-08,5.5534667056882124e-08,5.553469131849807e-08,5.553471557983122e-08,5.5534739840777914e-08,5.553476410137219e-08,5.5534788361656294e-08,5.5534812621601825e-08,5.553483688122879e-08,5.553486114053326e-08,5.5534885399519395e-08,5.553490965825435e-08,5.553493391660367e-08,5.553495817463964e-08,5.553498243236754e-08,5.553500668978108e-08,5.553503094689026e-08,5.5535055203697145e-08,5.5535079460199534e-08,5.553510371640491e-08,5.553512797231414e-08,5.553515222796733e-08,5.553517648334796e-08,5.553520073837787e-08,5.55352249931644e-08,5.553524924765676e-08,5.5535273501821386e-08,5.5535297755701996e-08,5.553532200930051e-08,5.553534626266927e-08,5.553537051570433e-08,5.5535394768471046e-08,5.553541902096325e-08,5.553544327318461e-08,5.553546752515211e-08,5.553549177684231e-08,5.553551602825788e-08,5.553554027941335e-08,5.5535564530305387e-08,5.5535588780924226e-08,5.553561303129887e-08,5.553563728141586e-08,5.553566153127313e-08,5.553568578088017e-08,5.553571003029394e-08,5.553573427940385e-08,5.553575852825723e-08,5.55357827769164e-08,5.5535807025267274e-08,5.5535831273448167e-08,5.5535855521323115e-08,5.553587976895989e-08,5.5535904016413015e-08,5.55359282635977e-08,5.5535952510521256e-08,5.5535976757209756e-08,5.553600100365673e-08,5.5536025249840825e-08,5.553604949588608e-08,5.553607374169474e-08,5.5536097987283375e-08,5.553612223265981e-08,5.5536146477744776e-08,5.553617072258929e-08,5.553619496729108e-08,5.5536219211701336e-08,5.5536243455897726e-08,5.553626769993129e-08,5.5536291943748504e-08,5.5536316187340093e-08,5.553634043072698e-08,5.5536364673847015e-08,5.55363889167553e-08,5.5536413159448034e-08,5.5536437401985524e-08,5.553646164426422e-08,5.553648588638272e-08,5.553651012824849e-08,5.553653436997418e-08,5.5536558611431277e-08,5.553658285269324e-08,5.5536607093745696e-08,5.5536631334598854e-08,5.553665557524962e-08,5.553667981570327e-08,5.553670405602491e-08,5.5536728296135075e-08,5.5536752536043097e-08,5.5536776775775e-08,5.553680101530621e-08,5.553682525465011e-08,5.553684949378776e-08,5.553687373273447e-08,5.5536897971447e-08,5.5536922210019256e-08,5.553694644836027e-08,5.55369706865154e-08,5.553699492445148e-08,5.5537019162234615e-08,5.553704339983122e-08,5.553706763729853e-08,5.5537091874529326e-08,5.553711611164597e-08,5.553714034851956e-08,5.553716458521519e-08,5.553718882173155e-08,5.5537213058070416e-08,5.553723729423073e-08,5.5537261530263076e-08,5.553728576607665e-08,5.553731000175563e-08,5.553733423721984e-08,5.5537358472561466e-08,5.553738270767382e-08,5.553740694262003e-08,5.5537431177444e-08,5.5537455412052484e-08,5.553747964654839e-08,5.553750388082463e-08,5.5537528114925284e-08,5.553755234891134e-08,5.553757658269502e-08,5.553760081635367e-08,5.553762504978104e-08,5.553764928306367e-08,5.553767351616477e-08,5.553769774916093e-08,5.553772198195435e-08,5.553774621453625e-08,5.553777044704924e-08,5.553779467935745e-08,5.553781891150106e-08,5.553784314349317e-08,5.553786737531706e-08,5.553789160703799e-08,5.5537915838548516e-08,5.5537940069986234e-08,5.553796430118993e-08,5.5537988532239936e-08,5.553801276313646e-08,5.553803699387724e-08,5.5538061224458834e-08,5.553808545484301e-08,5.553810968511919e-08,5.553813391531371e-08,5.5538158145294534e-08,5.5538182375125074e-08,5.553820660480651e-08,5.553823083438337e-08,5.553825506381087e-08,5.553827929306611e-08,5.5538303522152016e-08,5.553832775108445e-08,5.553835197992072e-08,5.553837620856505e-08,5.553840043707483e-08,5.5538424665471985e-08,5.55384488936778e-08,5.553847312174031e-08,5.553849734966178e-08,5.5538521577453536e-08,5.5538545805076655e-08,5.553857003256864e-08,5.5538594259915986e-08,5.553861848708431e-08,5.5538642714148596e-08,5.553866694107154e-08,5.5538691167853246e-08,5.553871539449531e-08,5.553873962095415e-08,5.553876384731262e-08,5.553878807353279e-08,5.553881229961659e-08,5.5538836525562225e-08,5.5538860751389197e-08,5.553888497707324e-08,5.5538909202674403e-08,5.553893342806459e-08,5.553895765332444e-08,5.553898187850236e-08,5.553900610349032e-08,5.553903032833233e-08,5.553905455305357e-08,5.553907877765266e-08,5.553910300209855e-08,5.5539127226417256e-08,5.553915145060444e-08,5.5539175674681434e-08,5.553919989864885e-08,5.553922412243736e-08,5.553924834614577e-08,5.5539272569672776e-08,5.55392967929955e-08,5.5539321016269245e-08,5.5539345239396484e-08,5.553936946244535e-08,5.553939368530496e-08,5.553941790805179e-08,5.5539442130663336e-08,5.553946635317247e-08,5.5539490575528225e-08,5.553951479775304e-08,5.553953901985952e-08,5.553956324188001e-08,5.553958746371644e-08,5.553961168542924e-08,5.553963590700824e-08,5.553966012846708e-08,5.553968434985987e-08,5.553970857111716e-08,5.553973279224964e-08,5.5539757013206896e-08,5.5539781234034865e-08,5.553980545478513e-08,5.553982967536414e-08,5.553985389586408e-08,5.5539878116192976e-08,5.553990233642803e-08,5.553992655656819e-08,5.55399507765225e-08,5.553997499640573e-08,5.5539999216114087e-08,5.554002343569704e-08,5.5540047655180744e-08,5.554007187456876e-08,5.554009609383386e-08,5.554012031298076e-08,5.5540144532000754e-08,5.554016875089635e-08,5.554019296968859e-08,5.554021718828765e-08,5.554024140684057e-08,5.554026562525319e-08,5.554028984349813e-08,5.554031406162716e-08,5.554033827968215e-08,5.5540362497565526e-08,5.5540386715375185e-08,5.554041093309937e-08,5.554043515062313e-08,5.554045936808097e-08,5.554048358536101e-08,5.55405078025968e-08,5.554053201964248e-08,5.554055623657094e-08,5.554058045338064e-08,5.554060467007096e-08,5.554062888664048e-08,5.554065310313886e-08,5.5540677319524347e-08,5.554070153574266e-08,5.554072575183752e-08,5.554074996786749e-08,5.554077418378398e-08,5.554079839954156e-08,5.5540822615216564e-08,5.554084683073327e-08,5.55408710461335e-08,5.554089526147251e-08,5.554091947664471e-08,5.554094369175935e-08,5.55409679066985e-08,5.554099212151654e-08,5.554101633620528e-08,5.5541040550838205e-08,5.554106476530382e-08,5.5541088979624066e-08,5.554111319386123e-08,5.5541137408037014e-08,5.5541161622096243e-08,5.5541185836040084e-08,5.554121004987085e-08,5.554123426353267e-08,5.5541258477071214e-08,5.554128269055863e-08,5.554130690392302e-08,5.554133111718113e-08,5.554135533027793e-08,5.554137954331207e-08,5.5541403756182986e-08,5.5541427968991796e-08,5.554145218170088e-08,5.554147639427617e-08,5.5541500606713985e-08,5.554152481901776e-08,5.5541549031212873e-08,5.554157324334179e-08,5.554159745535394e-08,5.5541621667206447e-08,5.554164587894843e-08,5.554167009056188e-08,5.5541694302132374e-08,5.5541718513532066e-08,5.5541742724867323e-08,5.554176693605404e-08,5.554179114711999e-08,5.554181535805999e-08,5.554183956889113e-08,5.5541863779636185e-08,5.5541887990260424e-08,5.554191220076881e-08,5.554193641116561e-08,5.554196062145203e-08,5.5541984831680234e-08,5.55420090418071e-08,5.554203325176023e-08,5.5542057461605775e-08,5.554208167132341e-08,5.554210588096662e-08,5.554213009054325e-08,5.5542154299990964e-08,5.554217850928338e-08,5.5542202718503883e-08,5.554222692761847e-08,5.5542251136626917e-08,5.5542275345445566e-08,5.554229955418497e-08,5.554232376285703e-08,5.5542347971371736e-08,5.554237217977718e-08,5.5542396388131145e-08,5.554242059632173e-08,5.5542444804397323e-08,5.554246901241097e-08,5.554249322032918e-08,5.5542517428080126e-08,5.554254163572332e-08,5.554256584324881e-08,5.554259005067245e-08,5.5542614258030256e-08,5.554263846528046e-08,5.554266267243925e-08,5.554268687942756e-08,5.554271108634087e-08,5.5542735293162796e-08,5.554275949987148e-08,5.554278370642379e-08,5.554280791286805e-08,5.554283211920886e-08,5.554285632543701e-08,5.5542880531599537e-08,5.5542904737665554e-08,5.554292894364495e-08,5.5542953149483976e-08,5.554297735513127e-08,5.554300156071055e-08,5.554302576616381e-08,5.5543049971573845e-08,5.554307417681902e-08,5.554309838196436e-08,5.5543122587006706e-08,5.554314679198725e-08,5.5543170996798865e-08,5.554319520155933e-08,5.5543219406152646e-08,5.55432436106599e-08,5.554326781505413e-08,5.5543292019334146e-08,5.554331622357272e-08,5.554334042764145e-08,5.554336463158824e-08,5.554338883544389e-08,5.5543413039195595e-08,5.554343724282852e-08,5.554346144640831e-08,5.5543485649837995e-08,5.55435098531478e-08,5.5543534056361e-08,5.554355825951542e-08,5.554358246250886e-08,5.5543606665395405e-08,5.554363086817992e-08,5.55436550708448e-08,5.554367927343302e-08,5.554370347589656e-08,5.554372767825412e-08,5.5543751880504335e-08,5.5543776082694807e-08,5.5543800284731316e-08,5.554382448665916e-08,5.554384868847265e-08,5.554387289019026e-08,5.55438970917953e-08,5.5543921293352334e-08,5.5543945494728846e-08,5.554396969600984e-08,5.554399389719856e-08,5.5544018098332045e-08,5.554404229930624e-08,5.554406650017264e-08,5.5544090700932085e-08,5.554411490158772e-08,5.55441391021147e-08,5.554416330260772e-08,5.55441875029356e-08,5.554421170314953e-08,5.5544235903276355e-08,5.554426010334947e-08,5.554428430326936e-08,5.55443085031225e-08,5.5544332702819914e-08,5.5544356902466766e-08,5.55443811019651e-08,5.554440530135015e-08,5.554442950063687e-08,5.5544453699797736e-08,5.55444778989134e-08,5.554450209786394e-08,5.554452629671027e-08,5.554455049545853e-08,5.554457469410071e-08,5.554459889265524e-08,5.5544623091084716e-08,5.5544647289454864e-08,5.5544671487679295e-08,5.554469568578255e-08,5.5544719883836296e-08,5.5544744081732806e-08,5.554476827957807e-08,5.554479247733047e-08,5.5544816674912596e-08,5.5544840872444744e-08,5.554486506986701e-08,5.5544889267138316e-08,5.5544913464301296e-08,5.554493766134292e-08,5.554496185829946e-08,5.5544986055141846e-08,5.554501025193345e-08,5.5545034448625875e-08,5.5545058645153256e-08,5.5545082841576584e-08,5.554510703795063e-08,5.5545131234227795e-08,5.5545155430340275e-08,5.554517962640682e-08,5.5545203822363795e-08,5.554522801816053e-08,5.554525221390669e-08,5.554527640949581e-08,5.554530060502726e-08,5.554532480040699e-08,5.554534899572906e-08,5.554537319094275e-08,5.5545397386005695e-08,5.5545421581027263e-08,5.554544577587746e-08,5.554546997062352e-08,5.5545494165313e-08,5.554551835990743e-08,5.5545542554342724e-08,5.554556674867259e-08,5.55455909428973e-08,5.554561513707562e-08,5.5545639331138664e-08,5.554566352504483e-08,5.554568771885877e-08,5.554571191255933e-08,5.5545736106213883e-08,5.554576029970578e-08,5.5545784493090434e-08,5.55458086863738e-08,5.554583287954722e-08,5.5545857072665465e-08,5.5545881265627215e-08,5.554590545848358e-08,5.5545929651234956e-08,5.55459538438884e-08,5.5545978036502044e-08,5.5546002228946574e-08,5.554602642128916e-08,5.554605061352502e-08,5.5546074805659375e-08,5.554609899768661e-08,5.554612318965207e-08,5.554614738151006e-08,5.554617157327594e-08,5.5546195764877375e-08,5.554621995638241e-08,5.554624414778089e-08,5.554626833907771e-08,5.554629253025394e-08,5.554631672138714e-08,5.554634091242884e-08,5.554636510335153e-08,5.554638929417525e-08,5.554641348488979e-08,5.55464376755107e-08,5.554646186596293e-08,5.554648605631652e-08,5.554651024658814e-08,5.554653443673198e-08,5.554655862677387e-08,5.5546582816705886e-08,5.554660700659073e-08,5.554663119636372e-08,5.5546655386032354e-08,5.55466795755643e-08,5.5546703764972054e-08,5.5546727954303645e-08,5.554675214358539e-08,5.554677633273622e-08,5.554680052170214e-08,5.554682471059776e-08,5.554684889938749e-08,5.5546873088121764e-08,5.554689727675284e-08,5.5546921465231806e-08,5.554694565359296e-08,5.5546969841909054e-08,5.554699403006468e-08,5.5547018218169304e-08,5.554704240612278e-08,5.554706659396634e-08,5.554709078175381e-08,5.554711496939782e-08,5.554713915680859e-08,5.554716334424225e-08,5.554718753163352e-08,5.554721171885089e-08,5.554723590599151e-08,5.554726009302194e-08,5.554728427993846e-08,5.554730846673807e-08,5.554733265349161e-08,5.554735684008606e-08,5.554738102657803e-08,5.554740521296144e-08,5.554742939924078e-08,5.55474535854822e-08,5.554747777158117e-08,5.5547501957598995e-08,5.554752614352507e-08,5.554755032927676e-08,5.554757451493081e-08,5.554759870048112e-08,5.554762288592137e-08,5.554764707127011e-08,5.554767125656454e-08,5.5547695441707725e-08,5.5547719626738566e-08,5.5547743811726135e-08,5.554776799654723e-08,5.554779218127102e-08,5.554781636588273e-08,5.554784055045034e-08,5.554786473486025e-08,5.5547888919149636e-08,5.5547913103403953e-08,5.554793728749767e-08,5.5547961471492505e-08,5.5547985655429026e-08,5.5548009839208356e-08,5.554803402289483e-08,5.554805820644877e-08,5.554808238992308e-08,5.554810657328525e-08,5.554813075655789e-08,5.554815493971816e-08,5.5548179122829806e-08,5.5548203305785773e-08,5.554822748862765e-08,5.554825167136494e-08,5.554827585405071e-08,5.5548300036645417e-08,5.554832421907747e-08,5.5548348401464e-08,5.554837258374491e-08,5.5548396765867215e-08,5.554842094787932e-08,5.554844512984002e-08,5.5548469311694806e-08,5.55484934933757e-08,5.554851767505978e-08,5.5548541856555384e-08,5.55485660379421e-08,5.554859021927608e-08,5.554861440046117e-08,5.55486385815519e-08,5.5548662762526655e-08,5.554868694339743e-08,5.5548711124164807e-08,5.5548735304824005e-08,5.554875948537808e-08,5.5548783665822765e-08,5.554880784615949e-08,5.5548832026450764e-08,5.5548856206591565e-08,5.554888038667384e-08,5.5548904566651634e-08,5.5548928746481514e-08,5.554895292620766e-08,5.554897710582707e-08,5.5549001285334503e-08,5.5549025464793793e-08,5.5549049644102537e-08,5.554907382336528e-08,5.554909800246718e-08,5.5549122181457376e-08,5.55491463603496e-08,5.554917053912967e-08,5.55491947178736e-08,5.5549218896455156e-08,5.5549243074925244e-08,5.554926725334901e-08,5.5549291431667525e-08,5.5549315609826884e-08,5.5549339787883196e-08,5.554936396588457e-08,5.5549388143797886e-08,5.554941232153956e-08,5.5549436499182486e-08,5.5549460676767325e-08,5.5549484854246404e-08,5.5549509031635824e-08,5.554953320892024e-08,5.554955738609891e-08,5.554958156316358e-08,5.554960574007435e-08,5.554962991688099e-08,5.554965409358889e-08,5.554967827020674e-08,5.554970244669546e-08,5.5549726623087815e-08,5.5549750799365226e-08,5.55497749755917e-08,5.554979915171931e-08,5.5549823327701587e-08,5.5549847503569086e-08,5.554987167932518e-08,5.5549895854975404e-08,5.5549920030527205e-08,5.554994420593043e-08,5.554996838133166e-08,5.55499925565786e-08,5.555001673177063e-08,5.555004090685822e-08,5.5550065081795e-08,5.5550089256684675e-08,5.5550113431410626e-08,5.555013760603158e-08,5.5550161780592556e-08,5.55501859550566e-08,5.5550210129361425e-08,5.5550234303571175e-08,5.5550258477719244e-08,5.55502826517098e-08,5.555030682565516e-08,5.555033099948566e-08,5.555035517322554e-08,5.555037934684837e-08,5.555040352032613e-08,5.555042769368329e-08,5.555045186700973e-08,5.5550476040177516e-08,5.5550500213223476e-08,5.5550524386224974e-08,5.5550548559077017e-08,5.555057273187037e-08,5.555059690451004e-08,5.555062107704386e-08,5.5550645249530885e-08,5.555066942188442e-08,5.555069359408901e-08,5.555071776620893e-08,5.555074193821725e-08,5.555076611017348e-08,5.555079028197355e-08,5.5550814453723607e-08,5.555083862532254e-08,5.555086279686382e-08,5.555088696825488e-08,5.55509111395905e-08,5.555093531076824e-08,5.555095948189111e-08,5.555098365286971e-08,5.555100782378394e-08,5.555103199455578e-08,5.555105616526667e-08,5.5551080335822886e-08,5.555110450626101e-08,5.555112867660207e-08,5.5551152846846065e-08,5.555117701697713e-08,5.5551201187061794e-08,5.5551225356992803e-08,5.5551249526872005e-08,5.5551273696602705e-08,5.555129786627174e-08,5.555132203578525e-08,5.555134620519423e-08,5.555137037449289e-08,5.555139454372424e-08,5.555141871289308e-08,5.5551442881862897e-08,5.5551467050762306e-08,5.555149121958957e-08,5.555151538831558e-08,5.555153955695004e-08,5.5551563725421955e-08,5.555158789377982e-08,5.555161206204437e-08,5.555163623024711e-08,5.555166039830116e-08,5.555168456624209e-08,5.555170873413318e-08,5.555173290186667e-08,5.555175706955399e-08,5.5551781237084297e-08,5.555180540450851e-08,5.5551829571884686e-08,5.555185373910924e-08,5.555187790621748e-08,5.555190207327743e-08,5.555192624018581e-08,5.5551950406978953e-08,5.555197457372518e-08,5.555199874030054e-08,5.5552022906834394e-08,5.555204707326429e-08,5.555207123959266e-08,5.555209540576729e-08,5.555211957183611e-08,5.5552143737830094e-08,5.555216790369132e-08,5.555219206943522e-08,5.555221623514601e-08,5.555224040069134e-08,5.555226456618441e-08,5.555228873150818e-08,5.555231289673125e-08,5.555233706185991e-08,5.555236122695409e-08,5.5552385391873176e-08,5.555240955674063e-08,5.555243372151897e-08,5.555245788616946e-08,5.555248205067999e-08,5.55525062150815e-08,5.555253037937189e-08,5.555255454355247e-08,5.555257870767986e-08,5.555260287170525e-08,5.5552627035574376e-08,5.5552651199400263e-08,5.555267536312133e-08,5.555269952668886e-08,5.555272369014521e-08,5.555274785349908e-08,5.5552772016797115e-08,5.555279617987238e-08,5.555282034291256e-08,5.555284450584777e-08,5.5552868668725854e-08,5.5552892831453424e-08,5.555291699407809e-08,5.555294115659409e-08,5.555296531906077e-08,5.555298948136837e-08,5.555301364361905e-08,5.555303780576904e-08,5.5553061967761186e-08,5.555308612970166e-08,5.5553110291489484e-08,5.555313445322522e-08,5.555315861479958e-08,5.555318277632801e-08,5.5553206937744724e-08,5.555323109905343e-08,5.555325526020289e-08,5.55532794212566e-08,5.555330358219813e-08,5.555332774308989e-08,5.5553351903811475e-08,5.55533760644466e-08,5.555340022504104e-08,5.555342438547009e-08,5.5553448545684484e-08,5.555347270595426e-08,5.5553496866116627e-08,5.55535210261691e-08,5.555354518605652e-08,5.555356934584751e-08,5.555359350560492e-08,5.555361766518644e-08,5.555364182466636e-08,5.5553665984049366e-08,5.555369014332347e-08,5.5553714302498306e-08,5.555373846156438e-08,5.555376262057498e-08,5.5553786779429666e-08,5.555381093821666e-08,5.5553835096916967e-08,5.555385925545264e-08,5.555388341388631e-08,5.555390757221963e-08,5.5553931730458725e-08,5.555395588857516e-08,5.5553980046596496e-08,5.5554004204512436e-08,5.5554028362309494e-08,5.55540525200702e-08,5.555407667771895e-08,5.555410083526545e-08,5.555412499265659e-08,5.555414914998611e-08,5.555417330721547e-08,5.555419746433514e-08,5.555422162135278e-08,5.5554245778264305e-08,5.555426993503461e-08,5.5554294091684994e-08,5.555431824823809e-08,5.5554342404734734e-08,5.5554366561040544e-08,5.555439071729579e-08,5.555441487347427e-08,5.555443902950424e-08,5.555446318547562e-08,5.555448734134165e-08,5.5554511497043066e-08,5.555453565264903e-08,5.555455980814745e-08,5.555458396353992e-08,5.5554608118838575e-08,5.555463227407136e-08,5.5554656429157925e-08,5.5554680584172684e-08,5.5554704739050985e-08,5.555472889382381e-08,5.5554753048535644e-08,5.555477720310055e-08,5.555480135755497e-08,5.555482551191029e-08,5.5554849666127765e-08,5.555487382026754e-08,5.5554897974355605e-08,5.555492212828672e-08,5.555494628216339e-08,5.5554970435932535e-08,5.555499458959701e-08,5.5555018743165965e-08,5.555504289657158e-08,5.5555067049930946e-08,5.555509120312971e-08,5.5555115356270466e-08,5.555513950925341e-08,5.555516366219062e-08,5.5555187815014626e-08,5.555521196768918e-08,5.5555236120260235e-08,5.555526027271278e-08,5.555528442504233e-08,5.5555308577290086e-08,5.555533272944068e-08,5.555535688152823e-08,5.5555381033512854e-08,5.5555405185396894e-08,5.555542933717653e-08,5.555545348880246e-08,5.555547764035388e-08,5.5555501791816306e-08,5.555552594311835e-08,5.55555500943261e-08,5.555557424546907e-08,5.555559839652067e-08,5.5555622547456396e-08,5.555564669824375e-08,5.555567084900508e-08,5.5555694999634165e-08,5.5555719150077137e-08,5.55557433004396e-08,5.555576745070243e-08,5.555579160086674e-08,5.555581575091066e-08,5.555583990085089e-08,5.5555864050692216e-08,5.555588820047111e-08,5.5555912350146145e-08,5.555593649972185e-08,5.5555960649144496e-08,5.555598479846001e-08,5.5556008947719006e-08,5.555603309681848e-08,5.555605724587333e-08,5.555608139481513e-08,5.555610554360383e-08,5.5556129692334896e-08,5.555615384089965e-08,5.555617798943514e-08,5.555620213782156e-08,5.5556226286080664e-08,5.5556250434286264e-08,5.555627458233474e-08,5.5556298730278925e-08,5.555632287812424e-08,5.555634702591209e-08,5.55563711735971e-08,5.555639532111948e-08,5.555641946860129e-08,5.555644361591939e-08,5.555646776318756e-08,5.555649191034737e-08,5.555651605734234e-08,5.5556540204290905e-08,5.555656435108872e-08,5.5556588497823114e-08,5.555661264445007e-08,5.5556636790944095e-08,5.5556660937365765e-08,5.555668508368534e-08,5.55567092298937e-08,5.555673337594606e-08,5.555675752195784e-08,5.555678166787659e-08,5.555680581366314e-08,5.555682995929869e-08,5.555685410488402e-08,5.555687825035555e-08,5.5556902395690066e-08,5.55569265409507e-08,5.5556950686063113e-08,5.555697483106807e-08,5.5556998975965826e-08,5.5557023120766275e-08,5.55570472654965e-08,5.5557071410085534e-08,5.555709555460954e-08,5.55571196990505e-08,5.555714384331307e-08,5.5557167987562545e-08,5.5557192131617823e-08,5.555721627556605e-08,5.555724041941248e-08,5.555726456314095e-08,5.55572887068254e-08,5.5557312850359635e-08,5.5557336993789816e-08,5.555736113711211e-08,5.555738528033393e-08,5.555740942348854e-08,5.555743356654915e-08,5.55574577094553e-08,5.555748185230005e-08,5.555750599497203e-08,5.555753013761414e-08,5.555755428010072e-08,5.5557578422485295e-08,5.555760256476768e-08,5.555762670694091e-08,5.555765084905207e-08,5.5557674990994246e-08,5.555769913288913e-08,5.555772327463219e-08,5.5557747416272094e-08,5.5557771557806364e-08,5.555779569930298e-08,5.5557819840674614e-08,5.555784398187166e-08,5.5557868122984636e-08,5.5557892264037745e-08,5.555791640499045e-08,5.555794054582915e-08,5.5557964686517857e-08,5.555798882710184e-08,5.555801296763844e-08,5.555803710801523e-08,5.555806124827591e-08,5.5558085388433855e-08,5.555810952847811e-08,5.555813366844857e-08,5.555815780829479e-08,5.555818194803776e-08,5.555820608773378e-08,5.555823022724391e-08,5.5558254366725093e-08,5.555827850603921e-08,5.555830264525575e-08,5.555832678435974e-08,5.55583509234117e-08,5.5558375062305564e-08,5.555839920114482e-08,5.555842333983455e-08,5.5558447478418006e-08,5.555847161690134e-08,5.555849575526707e-08,5.555851989352671e-08,5.55585440317367e-08,5.555856816978659e-08,5.5558592307739336e-08,5.555861644563594e-08,5.555864058337315e-08,5.5558664721009744e-08,5.555868885859072e-08,5.5558712996061825e-08,5.555873713345025e-08,5.555876127069512e-08,5.55587854077984e-08,5.5558809544793086e-08,5.5558833681732943e-08,5.55588578185233e-08,5.555888195523257e-08,5.5558906091798226e-08,5.555893022831687e-08,5.5558954364687005e-08,5.5558978500950116e-08,5.555900263711033e-08,5.5559026773163114e-08,5.555905090911242e-08,5.555907504495477e-08,5.555909918073402e-08,5.555912331636868e-08,5.5559147451942613e-08,5.555917158742509e-08,5.555919572278118e-08,5.555921985797469e-08,5.555924399307281e-08,5.555926812806165e-08,5.5559292262948185e-08,5.5559316397778606e-08,5.5559340532454894e-08,5.55593646670214e-08,5.555938880154114e-08,5.555941293590129e-08,5.555943707015094e-08,5.555946120429953e-08,5.55594853383565e-08,5.555950947234166e-08,5.5559533606184935e-08,5.555955773991241e-08,5.555958187355171e-08,5.5559606007070286e-08,5.555963014047888e-08,5.555965427378017e-08,5.555967840698069e-08,5.5559702540116746e-08,5.5559726673099365e-08,5.555975080600157e-08,5.5559774938787424e-08,5.555979907150415e-08,5.555982320411744e-08,5.5559847336624357e-08,5.5559871469028644e-08,5.5559895601272345e-08,5.555991973341548e-08,5.5559943865502316e-08,5.5559967997435e-08,5.5559992129307156e-08,5.55600162610737e-08,5.556004039267043e-08,5.556006452418242e-08,5.5560088655592355e-08,5.5560112786887763e-08,5.556013691808114e-08,5.5560161049228236e-08,5.5560185180205815e-08,5.556020931109072e-08,5.5560233441903866e-08,5.556025757255793e-08,5.5560281703114714e-08,5.5560305833618073e-08,5.5560329963869534e-08,5.556035409415844e-08,5.5560378224335476e-08,5.5560402354359316e-08,5.5560426484272307e-08,5.556045061414958e-08,5.55604747439274e-08,5.556049887351073e-08,5.556052300308601e-08,5.556054713248122e-08,5.556057126173381e-08,5.556059539091098e-08,5.556061951999137e-08,5.556064364896702e-08,5.5560667777842214e-08,5.5560691906609533e-08,5.5560716035307714e-08,5.556074016383896e-08,5.5560764292329706e-08,5.556078842066686e-08,5.556081254889322e-08,5.5560836677016386e-08,5.556086080509668e-08,5.556088493300501e-08,5.556090906086831e-08,5.5560933188618507e-08,5.556095731621179e-08,5.55609814437511e-08,5.556100557113931e-08,5.556102969840956e-08,5.5561053825580326e-08,5.556107795268357e-08,5.556110207963704e-08,5.556112620653477e-08,5.5561150333284084e-08,5.556117445997445e-08,5.556119858656108e-08,5.556122271305489e-08,5.556124683942694e-08,5.5561270965697985e-08,5.5561295091871094e-08,5.5561319217871184e-08,5.556134334382446e-08,5.5561367469662847e-08,5.5561391595408317e-08,5.556141572099315e-08,5.556143984650279e-08,5.55614639718747e-08,5.556148809718705e-08,5.556151222235042e-08,5.5561536347449344e-08,5.55615604723978e-08,5.556158459728979e-08,5.556160872201869e-08,5.5561632846700493e-08,5.5561656971272445e-08,5.556168109569041e-08,5.556170521998997e-08,5.556172934424643e-08,5.556175346839136e-08,5.556177759243128e-08,5.556180171631255e-08,5.5561825840098056e-08,5.556184996383602e-08,5.556187408747064e-08,5.556189821098149e-08,5.55619223343332e-08,5.5561946457585946e-08,5.556197058071799e-08,5.5561994703824177e-08,5.556201882675777e-08,5.556204294958937e-08,5.556206707235674e-08,5.556209119502949e-08,5.5562115317590575e-08,5.5562139440036845e-08,5.556216356234349e-08,5.556218768453647e-08,5.556221180661446e-08,5.556223592858828e-08,5.556226005045504e-08,5.5562284172217835e-08,5.556230829388014e-08,5.5562332415421e-08,5.556235653687103e-08,5.556238065827357e-08,5.556240477955391e-08,5.55624289007413e-08,5.556245302174563e-08,5.5562477142650415e-08,5.556250126352576e-08,5.556252538422296e-08,5.5562549504832905e-08,5.5562573625326036e-08,5.5562597745710244e-08,5.55626218659855e-08,5.5562645986163636e-08,5.5562670106283755e-08,5.556269422628917e-08,5.5562718346204814e-08,5.5562742465957036e-08,5.55627665855984e-08,5.556279070513141e-08,5.556281482461138e-08,5.5562838943931214e-08,5.5562863063144426e-08,5.556288718230696e-08,5.5562911301306395e-08,5.556293542020259e-08,5.5562959539042566e-08,5.556298365774227e-08,5.556300777637945e-08,5.5563031894906177e-08,5.5563056013270165e-08,5.55630801315352e-08,5.556310424974259e-08,5.5563128367794875e-08,5.556315248574563e-08,5.556317660362615e-08,5.5563200721270846e-08,5.5563224838898444e-08,5.5563248956447143e-08,5.5563273073858795e-08,5.55632971912245e-08,5.5563321308428445e-08,5.556334542552479e-08,5.556336954251673e-08,5.5563393659444745e-08,5.5563417776226634e-08,5.5563441892897694e-08,5.5563466009497697e-08,5.556349012594186e-08,5.556351424233604e-08,5.556353835858438e-08,5.556356247476761e-08,5.556358659080188e-08,5.556361070677465e-08,5.556363482263936e-08,5.5563658938328095e-08,5.556368305393117e-08,5.556370716942567e-08,5.556373128487149e-08,5.556375540016146e-08,5.556377951534641e-08,5.556380363042464e-08,5.556382774546269e-08,5.556385186037711e-08,5.5563875975134045e-08,5.556390008983305e-08,5.556392420442386e-08,5.556394831885353e-08,5.556397243317707e-08,5.556399654745232e-08,5.556402066162384e-08,5.5564044775675445e-08,5.5564068889642525e-08,5.5564093003442e-08,5.556411711712874e-08,5.556414123077477e-08,5.5564165344242564e-08,5.5564189457606676e-08,5.5564213570867925e-08,5.556423768407588e-08,5.5564261797172546e-08,5.5564285910128917e-08,5.5564310022964215e-08,5.556433413570031e-08,5.5564358248330355e-08,5.556438236085108e-08,5.556440647332903e-08,5.5564430585635495e-08,5.556445469784652e-08,5.5564478810007444e-08,5.5564502922023555e-08,5.556452703390423e-08,5.556455114568331e-08,5.556457525739622e-08,5.5564599368959964e-08,5.556462348046319e-08,5.556464759180656e-08,5.556467170305181e-08,5.55646958142317e-08,5.5564719925258704e-08,5.556474403617724e-08,5.556476814699611e-08,5.556479225770835e-08,5.556481636835749e-08,5.5564840478854655e-08,5.556486458923387e-08,5.556488869956206e-08,5.5564912809785646e-08,5.556493691985706e-08,5.5564961029816446e-08,5.5564985139729176e-08,5.556500924948479e-08,5.55650333591239e-08,5.5565057468659746e-08,5.5565081578085995e-08,5.5565105687406914e-08,5.55651297966738e-08,5.556515390583134e-08,5.556517801481621e-08,5.5565202123761334e-08,5.5565226232564206e-08,5.556525034125098e-08,5.556527444983601e-08,5.5565298558308477e-08,5.556532266667802e-08,5.556534677497942e-08,5.556537088312728e-08,5.5565394991170606e-08,5.5565419099108406e-08,5.556544320693864e-08,5.556546731471659e-08,5.5565491422336374e-08,5.5565515529881316e-08,5.5565539637334514e-08,5.55655637446341e-08,5.5565587851877486e-08,5.556561195896893e-08,5.556563606595148e-08,5.5565660172872536e-08,5.556568427963674e-08,5.556570838634908e-08,5.556573249289765e-08,5.5565756599336285e-08,5.556578070565339e-08,5.5565804811889127e-08,5.55658289180849e-08,5.556585302408388e-08,5.5565877129985e-08,5.5565901235835434e-08,5.556592534158536e-08,5.556594944722485e-08,5.556597355277727e-08,5.5565997658166224e-08,5.556602176348322e-08,5.5566045868704345e-08,5.5566069973805915e-08,5.5566094078753225e-08,5.556611818360368e-08,5.556614228834845e-08,5.556616639303116e-08,5.556619049755231e-08,5.5566214601965006e-08,5.556623870631979e-08,5.556626281051151e-08,5.5566286914665214e-08,5.556631101871017e-08,5.556633512259783e-08,5.5566359226378894e-08,5.556638333010216e-08,5.556640743366859e-08,5.5566431537177546e-08,5.556645564052101e-08,5.556647974382529e-08,5.5566503846944956e-08,5.556652794997459e-08,5.556655205295311e-08,5.556657615581652e-08,5.5566600258531994e-08,5.556662436113879e-08,5.556664846362984e-08,5.5566672566072614e-08,5.5566696668414676e-08,5.556672077064351e-08,5.5566744872708245e-08,5.556676897467308e-08,5.556679307653222e-08,5.5566817178327516e-08,5.5566841279963966e-08,5.556686538150228e-08,5.5566889482941405e-08,5.556691358425525e-08,5.5566937685537116e-08,5.556696178670038e-08,5.556698588775265e-08,5.556700998864707e-08,5.5567034089435835e-08,5.5567058190140436e-08,5.556708229074272e-08,5.5567106391052306e-08,5.5567130491410074e-08,5.556715459166773e-08,5.5567178691872136e-08,5.556720279191217e-08,5.556722689183888e-08,5.556725099173142e-08,5.5567275091494516e-08,5.55672991911237e-08,5.5567323290630634e-08,5.556734739002195e-08,5.556737148931498e-08,5.556739558847815e-08,5.556741968754303e-08,5.556744378656089e-08,5.5567467885434904e-08,5.556749198423548e-08,5.5567516082865726e-08,5.5567540181458774e-08,5.55675642799449e-08,5.5567588378344974e-08,5.5567612476611656e-08,5.5567636574706946e-08,5.5567660672711346e-08,5.556768477065671e-08,5.55677088684476e-08,5.5567732966098707e-08,5.556775706372299e-08,5.556778116120509e-08,5.556780525864635e-08,5.556782935595717e-08,5.556785345310929e-08,5.556787755014861e-08,5.556790164708577e-08,5.556792574397691e-08,5.5567949840707985e-08,5.556797393731824e-08,5.556799803385125e-08,5.556802213025453e-08,5.556804622656173e-08,5.556807032275213e-08,5.556809441883478e-08,5.556811851485329e-08,5.556814261070256e-08,5.556816670645922e-08,5.556819080215551e-08,5.556821489770308e-08,5.556823899321965e-08,5.5568263088551974e-08,5.556828718377513e-08,5.556831127889365e-08,5.5568335373908304e-08,5.5568359468866654e-08,5.5568383563663625e-08,5.55684076583507e-08,5.556843175295181e-08,5.556845584742184e-08,5.556847994179285e-08,5.556850403606298e-08,5.5568528130214945e-08,5.556855222425334e-08,5.556857631818e-08,5.5568600412058504e-08,5.556862450579004e-08,5.556864859945929e-08,5.556867269296352e-08,5.556869678636141e-08,5.556872087965766e-08,5.556874497285758e-08,5.556876906599063e-08,5.556879315896326e-08,5.556881725181629e-08,5.5568841344567145e-08,5.5568865437226264e-08,5.556888952977019e-08,5.5568913622209705e-08,5.556893771456704e-08,5.556896180679483e-08,5.556898589890597e-08,5.556900999096311e-08,5.556903408286332e-08,5.556905817465924e-08,5.556908226632682e-08,5.556910635790127e-08,5.5569130449423196e-08,5.5569154540818145e-08,5.5569178632070395e-08,5.5569202723269044e-08,5.556922681430088e-08,5.556925090523093e-08,5.55692749961063e-08,5.556929908682962e-08,5.5569323177442953e-08,5.5569347267953395e-08,5.5569371358354985e-08,5.556939544857113e-08,5.5569419538793916e-08,5.556944362891761e-08,5.556946771888281e-08,5.556949180874808e-08,5.556951589850286e-08,5.55695399881523e-08,5.5569564077680744e-08,5.55695881671033e-08,5.5569612256422644e-08,5.556963634568344e-08,5.5569660434800334e-08,5.5569684523807536e-08,5.556970861269835e-08,5.556973270148264e-08,5.5569756790167406e-08,5.5569780878788176e-08,5.5569804967258684e-08,5.556982905566472e-08,5.5569853143919676e-08,5.556987723206005e-08,5.5569901320099566e-08,5.5569925408024294e-08,5.556994949589705e-08,5.556997358362339e-08,5.556999767126741e-08,5.557002175875687e-08,5.557004584619987e-08,5.557006993348934e-08,5.557009402067904e-08,5.557011810774859e-08,5.5570142194725244e-08,5.5570166281634055e-08,5.557019036842831e-08,5.557021445504904e-08,5.5570238541637306e-08,5.557026262806753e-08,5.5570286714430845e-08,5.55703108006546e-08,5.557033488675446e-08,5.5570358972757825e-08,5.5570383058642844e-08,5.557040714446862e-08,5.5570431230195976e-08,5.557045531576194e-08,5.55704794012356e-08,5.5570503486589404e-08,5.557052757183406e-08,5.557055165698842e-08,5.5570575742018135e-08,5.557059982692873e-08,5.557062391176011e-08,5.557064799645593e-08,5.5570672081057615e-08,5.557069616553909e-08,5.5570720249927234e-08,5.557074433425356e-08,5.55707684184253e-08,5.557079250249317e-08,5.557081658650195e-08,5.557084067039835e-08,5.5570864754140477e-08,5.557088883778526e-08,5.557091292136357e-08,5.557093700482977e-08,5.557096108816937e-08,5.557098517137145e-08,5.5571009254464184e-08,5.5571033337488667e-08,5.557105742036376e-08,5.5571081503128615e-08,5.557110558578142e-08,5.557112966838826e-08,5.5571153750825484e-08,5.557117783316862e-08,5.557120191542101e-08,5.557122599759648e-08,5.557125007961246e-08,5.557127416156883e-08,5.557129824341887e-08,5.5571322325112975e-08,5.5571346406743044e-08,5.5571370488255077e-08,5.5571394569657234e-08,5.5571418650926135e-08,5.557144273208656e-08,5.55714668131864e-08,5.55714908941233e-08,5.5571514975007125e-08,5.5571539055780645e-08,5.5571563136404326e-08,5.5571587216911354e-08,5.557161129732745e-08,5.5571635377673425e-08,5.557165945785782e-08,5.557168353797383e-08,5.557170761795254e-08,5.557173169782527e-08,5.5571755777572183e-08,5.557177985723075e-08,5.557180393676171e-08,5.5571828016248124e-08,5.557185209562131e-08,5.5571876174836054e-08,5.557190025394456e-08,5.5571924332922024e-08,5.557194841181652e-08,5.557197249064788e-08,5.5571996569383966e-08,5.557202064801003e-08,5.557204472647595e-08,5.5572068804822825e-08,5.557209288306829e-08,5.5572116961206656e-08,5.557214103928611e-08,5.5572165117201685e-08,5.557218919498792e-08,5.557221327270333e-08,5.557223735030516e-08,5.557226142780437e-08,5.557228550517419e-08,5.557230958245822e-08,5.55723336596474e-08,5.557235773671446e-08,5.557238181367355e-08,5.5572405890515334e-08,5.5572429967252e-08,5.5572454043880974e-08,5.5572478120457975e-08,5.557250219692359e-08,5.5572526273236204e-08,5.5572550349438075e-08,5.557257442558395e-08,5.55725985016244e-08,5.5572622577502844e-08,5.5572646653326535e-08,5.557267072900186e-08,5.557269480455263e-08,5.55727188800144e-08,5.557274295540041e-08,5.557276703063479e-08,5.557279110580553e-08,5.55728151808183e-08,5.5572839255748465e-08,5.557286333056045e-08,5.5572887405285285e-08,5.55729114798464e-08,5.557293555432715e-08,5.557295962869878e-08,5.557298370300618e-08,5.557300777720441e-08,5.557303185125238e-08,5.557305592523847e-08,5.5573079999117964e-08,5.5573104072839484e-08,5.557312814651296e-08,5.5573152220013347e-08,5.557317629341853e-08,5.5573200366697174e-08,5.5573224439874e-08,5.557324851295484e-08,5.557327258588998e-08,5.557329665880403e-08,5.557332073154951e-08,5.557334480418588e-08,5.5573368876730964e-08,5.557339294913763e-08,5.557341702150161e-08,5.557344109372271e-08,5.557346516587595e-08,5.557348923792742e-08,5.5573513309862564e-08,5.557353738170826e-08,5.557356145342916e-08,5.5573585524994616e-08,5.5573609596499815e-08,5.557363366784598e-08,5.557365773914201e-08,5.557368181029056e-08,5.5573705881317665e-08,5.5573729952229994e-08,5.5573754023031884e-08,5.557377809374215e-08,5.557380216438398e-08,5.557382623487194e-08,5.557385030525956e-08,5.5573874375581435e-08,5.5573898445739884e-08,5.557392251578422e-08,5.557394658571694e-08,5.557397065555714e-08,5.5573994725332e-08,5.5574018794955804e-08,5.557404286446223e-08,5.557406693385927e-08,5.557409100320435e-08,5.5574115072393086e-08,5.557413914146549e-08,5.557416321043798e-08,5.557418727928947e-08,5.5574211348038357e-08,5.557423541673702e-08,5.5574259485268635e-08,5.55742835537104e-08,5.5574307622040086e-08,5.557433169030211e-08,5.557435575841767e-08,5.5574379826461306e-08,5.557440389435366e-08,5.557442796212879e-08,5.557445202980623e-08,5.5574476097359315e-08,5.557450016481762e-08,5.557452423216847e-08,5.557454829941266e-08,5.557457236653589e-08,5.557459643361575e-08,5.5574620500525186e-08,5.557464456732838e-08,5.557466863403011e-08,5.5574692700610214e-08,5.557471676708216e-08,5.557474083346779e-08,5.557476489972934e-08,5.5574788965914145e-08,5.5574813031967225e-08,5.557483709791075e-08,5.557486116373924e-08,5.5574885229467505e-08,5.557490929506582e-08,5.55749333605879e-08,5.5574957426045154e-08,5.557498149134912e-08,5.557500555653948e-08,5.5575029621611836e-08,5.557505368663196e-08,5.557507775148734e-08,5.5575101816249244e-08,5.557512588089207e-08,5.557514994542488e-08,5.5575174009857315e-08,5.557519807417468e-08,5.55752221384497e-08,5.55752462025922e-08,5.557527026663376e-08,5.5575294330508485e-08,5.557531839433583e-08,5.557534245800703e-08,5.557536652156294e-08,5.557539058502752e-08,5.557541464841457e-08,5.5575438711649415e-08,5.557546277477941e-08,5.5575486837801806e-08,5.5575510900714385e-08,5.557553496356566e-08,5.557555902626298e-08,5.557558308885183e-08,5.5575607151335656e-08,5.557563121371496e-08,5.557565527602161e-08,5.5575679338218966e-08,5.5575703400309586e-08,5.557572746224767e-08,5.5575751524079737e-08,5.557577558579914e-08,5.557579964739918e-08,5.557582370890273e-08,5.557584777034412e-08,5.5575871831620656e-08,5.5575895892787e-08,5.5575919953892054e-08,5.557594401491656e-08,5.557596807576393e-08,5.5575992136507716e-08,5.5576016197137865e-08,5.557604025765856e-08,5.557606431805701e-08,5.5576088378423373e-08,5.5576112438651295e-08,5.5576136498771994e-08,5.5576160558800604e-08,5.55761846186659e-08,5.5576208678434726e-08,5.557623273816753e-08,5.557625679771792e-08,5.5576280857155915e-08,5.5576304916501843e-08,5.5576328975730385e-08,5.5576353034895e-08,5.557637709389959e-08,5.557640115279522e-08,5.557642521158374e-08,5.557644927024329e-08,5.5576473328813594e-08,5.557649738729112e-08,5.557652144565305e-08,5.557654550396082e-08,5.557656956215103e-08,5.557659362017939e-08,5.557661767809938e-08,5.557664173590989e-08,5.557666579362384e-08,5.557668985123359e-08,5.557671390873489e-08,5.557673796610773e-08,5.557676202338125e-08,5.5576786080544006e-08,5.557681013759441e-08,5.557683419459198e-08,5.5576858251487804e-08,5.55768823082668e-08,5.5576906364957207e-08,5.557693042147058e-08,5.557695447787642e-08,5.557697853416832e-08,5.557700259034623e-08,5.5577026646429417e-08,5.5577050702450324e-08,5.557707475831188e-08,5.557709881411296e-08,5.55771228698061e-08,5.557714692539334e-08,5.557717098086905e-08,5.5577195036180114e-08,5.557721909143997e-08,5.557724314654591e-08,5.5577267201541376e-08,5.557729125647036e-08,5.5577315311247286e-08,5.5577339365961274e-08,5.5577363420575425e-08,5.5577387475080924e-08,5.5577411529424336e-08,5.557743558365761e-08,5.557745963776443e-08,5.557748369178998e-08,5.5577507745740355e-08,5.557753179958698e-08,5.5577555853277516e-08,5.5577579906860914e-08,5.557760396038438e-08,5.557762801375865e-08,5.557765206706284e-08,5.5577676120260784e-08,5.557770017335585e-08,5.557772422628041e-08,5.557774827913127e-08,5.5577772331839864e-08,5.5577796384421494e-08,5.5577820436921933e-08,5.5577844489355874e-08,5.557786854162812e-08,5.557789259380332e-08,5.5577916645915307e-08,5.5577940697917466e-08,5.5577964749812284e-08,5.55779888015494e-08,5.5578012853205727e-08,5.557803690472611e-08,5.557806095612882e-08,5.557808500745831e-08,5.557810905864454e-08,5.557813310972987e-08,5.557815716074644e-08,5.5578181211686224e-08,5.557820526244471e-08,5.557822931308599e-08,5.557825336362657e-08,5.557827741405143e-08,5.557830146438699e-08,5.557832551464774e-08,5.5578349564752996e-08,5.557837361479892e-08,5.557839766469745e-08,5.557842171447423e-08,5.557844576413601e-08,5.557846981368029e-08,5.5578493863132e-08,5.557851791247516e-08,5.55785419617033e-08,5.5578566010882896e-08,5.557859005991204e-08,5.5578614108819825e-08,5.5578638157664385e-08,5.557866220635589e-08,5.5578686254967886e-08,5.5578710303487343e-08,5.557873435190172e-08,5.557875840013127e-08,5.557878244826903e-08,5.5578806496292574e-08,5.557883054426632e-08,5.5578854592095125e-08,5.5578878639849666e-08,5.5578902687451e-08,5.5578926734943635e-08,5.557895078238002e-08,5.55789748297053e-08,5.557899887685891e-08,5.5579022923925623e-08,5.557904697087094e-08,5.5579071017770484e-08,5.55790950644947e-08,5.557911911110729e-08,5.5579143157599314e-08,5.557916720405842e-08,5.557919125034123e-08,5.557921529652853e-08,5.557923934261533e-08,5.557926338863154e-08,5.557928743453671e-08,5.557931148029082e-08,5.55793355259263e-08,5.557935957150532e-08,5.557938361692283e-08,5.5579407662282096e-08,5.5579431707482965e-08,5.55794557525798e-08,5.557947979755569e-08,5.557950384248135e-08,5.5579527887271635e-08,5.5579551931979404e-08,5.557957597654219e-08,5.557960002097812e-08,5.557962406535932e-08,5.557964810962165e-08,5.5579672153724006e-08,5.557969619777191e-08,5.557972024171913e-08,5.5579744285502576e-08,5.5579768329232784e-08,5.5579792372798144e-08,5.557981641624619e-08,5.55798404596461e-08,5.5579864502941306e-08,5.55798885460668e-08,5.557991258908944e-08,5.557993663200555e-08,5.557996067481383e-08,5.557998471751409e-08,5.558000876009127e-08,5.558003280261877e-08,5.5580056845050675e-08,5.5580080887320036e-08,5.558010492951672e-08,5.558012897154742e-08,5.5580153013484e-08,5.558017705531342e-08,5.558020109701717e-08,5.558022513862345e-08,5.558024918012412e-08,5.5580273221528566e-08,5.55802972628203e-08,5.558032130399285e-08,5.5580345345106064e-08,5.558036938606311e-08,5.5580393426951703e-08,5.5580417467687914e-08,5.558044150838517e-08,5.558046554890194e-08,5.558048958930753e-08,5.55805136296077e-08,5.558053766979532e-08,5.558056170987578e-08,5.558058574989032e-08,5.55806097897518e-08,5.55806338295057e-08,5.55806578691366e-08,5.558068190867111e-08,5.5580705948143954e-08,5.5580729987475645e-08,5.558075402672593e-08,5.5580778065859646e-08,5.5580802104859724e-08,5.558082614373113e-08,5.5580850182489845e-08,5.5580874221197545e-08,5.558089825978138e-08,5.558092229827255e-08,5.558094633665209e-08,5.5580970374874836e-08,5.558099441299153e-08,5.558101845099045e-08,5.5581042488932405e-08,5.558106652676739e-08,5.5581090564507605e-08,5.558111460207708e-08,5.558113863958644e-08,5.5581162676946705e-08,5.5581186714182724e-08,5.5581210751307604e-08,5.558123478832442e-08,5.558125882524789e-08,5.558128286205949e-08,5.558130689880076e-08,5.5581330935447695e-08,5.558135497189386e-08,5.558137900826398e-08,5.558140304456789e-08,5.558142708072868e-08,5.558145111681526e-08,5.558147515274043e-08,5.558149918856249e-08,5.5581523224320216e-08,5.558154725991685e-08,5.558157129540407e-08,5.558159533083318e-08,5.558161936610564e-08,5.558164340126628e-08,5.558166743631517e-08,5.558169147126391e-08,5.5581715506095925e-08,5.5581739540851515e-08,5.558176357547929e-08,5.5581787609996874e-08,5.5581811644394605e-08,5.5581835678677563e-08,5.5581859712857534e-08,5.558188374692141e-08,5.558190778092619e-08,5.558193181477353e-08,5.558195584851109e-08,5.5581979882192204e-08,5.5582003915719536e-08,5.558202794912924e-08,5.558205198243708e-08,5.5582076015693534e-08,5.5582100048778966e-08,5.558212408175208e-08,5.5582148114621294e-08,5.5582172147382194e-08,5.5582196180027976e-08,5.558222021255108e-08,5.558224424503943e-08,5.558226827737042e-08,5.558229230958465e-08,5.558231634168933e-08,5.5582340373666054e-08,5.5582364405543227e-08,5.5582388437327424e-08,5.558241246903732e-08,5.558243650064797e-08,5.558246053209408e-08,5.558248456343179e-08,5.558250859466921e-08,5.5582532625763184e-08,5.55825566567712e-08,5.5582580687697785e-08,5.5582604718502866e-08,5.558262874923008e-08,5.558265277980782e-08,5.558267681026957e-08,5.558270084067234e-08,5.558272487091449e-08,5.558274890109754e-08,5.5582772931169314e-08,5.558279696112772e-08,5.558282099093325e-08,5.5582845020620517e-08,5.5582869050214016e-08,5.558289307968411e-08,5.558291710902912e-08,5.558294113828045e-08,5.558296516739155e-08,5.558298919641574e-08,5.558301322533797e-08,5.558303725420558e-08,5.558306128290602e-08,5.55830853115097e-08,5.558310933999381e-08,5.558313336842859e-08,5.558315739670685e-08,5.558318142486023e-08,5.558320545290635e-08,5.55832294808422e-08,5.558325350866218e-08,5.558327753643319e-08,5.558330156410223e-08,5.5583325591585317e-08,5.558334961902488e-08,5.558337364631518e-08,5.558339767347381e-08,5.5583421700578695e-08,5.5583445727589485e-08,5.5583469754461216e-08,5.558349378124064e-08,5.558351780786874e-08,5.5583541834362287e-08,5.558356586077889e-08,5.5583589887079455e-08,5.558361391327264e-08,5.558363793938412e-08,5.558366196535504e-08,5.558368599121672e-08,5.558371001696797e-08,5.55837340426627e-08,5.558375806819581e-08,5.5583782093619666e-08,5.558380611897811e-08,5.558383014417214e-08,5.558385416926791e-08,5.5583878194253895e-08,5.5583902219154176e-08,5.558392624391593e-08,5.558395026861436e-08,5.558397429312827e-08,5.558399831756326e-08,5.558402234188178e-08,5.558404636614784e-08,5.5584070390250227e-08,5.55840944142936e-08,5.558411843822594e-08,5.558414246205518e-08,5.5584166485744374e-08,5.5584190509357775e-08,5.558421453281335e-08,5.5584238556176146e-08,5.5584262579406264e-08,5.558428660251089e-08,5.558431062551245e-08,5.5584334648405134e-08,5.55843586711793e-08,5.558438269385742e-08,5.5584406716435965e-08,5.558443073894775e-08,5.558445476135382e-08,5.5584478783635056e-08,5.5584502805764884e-08,5.55845268277627e-08,5.5584550849717896e-08,5.5584574871505616e-08,5.5584598893198396e-08,5.5584622914797406e-08,5.5584646936272756e-08,5.558467095768238e-08,5.5584694978945656e-08,5.5584719000088784e-08,5.5584743021125285e-08,5.558476704205104e-08,5.558479106285707e-08,5.558481508356919e-08,5.5584839104160564e-08,5.55848631246452e-08,5.558488714501157e-08,5.558491116526454e-08,5.558493518546918e-08,5.558495920555859e-08,5.558498322553443e-08,5.558500724535963e-08,5.5585031265095026e-08,5.558505528470238e-08,5.558507930419835e-08,5.558510332363027e-08,5.558512734290667e-08,5.558515136212853e-08,5.5585175381171123e-08,5.558519940008846e-08,5.5585223418988996e-08,5.558524743771504e-08,5.55852714563744e-08,5.5585295474883916e-08,5.558531949331436e-08,5.558534351165384e-08,5.558536752983201e-08,5.5585391547959424e-08,5.558541556591506e-08,5.558543958375908e-08,5.558546360149641e-08,5.5585487619115854e-08,5.558551163661521e-08,5.5585535654022276e-08,5.5585559671364634e-08,5.558558368855038e-08,5.558560770567507e-08,5.5585631722638844e-08,5.5585655739496786e-08,5.5585679756239935e-08,5.558570377287611e-08,5.558572778945597e-08,5.55857518059185e-08,5.558577582225762e-08,5.558579983849921e-08,5.558582385458724e-08,5.5585847870566024e-08,5.558587188643328e-08,5.558589590218359e-08,5.55859199178394e-08,5.558594393342174e-08,5.5585967948842904e-08,5.55859919641603e-08,5.558601597937733e-08,5.558603999447498e-08,5.558606400945727e-08,5.5586088024375193e-08,5.558611203915961e-08,5.558613605386596e-08,5.558616006840335e-08,5.558618408283266e-08,5.558620809717121e-08,5.558623211137395e-08,5.558625612552778e-08,5.558628013957708e-08,5.5586304153465704e-08,5.558632816719228e-08,5.558635218086951e-08,5.5586376194415594e-08,5.558640020784116e-08,5.558642422117869e-08,5.558644823444915e-08,5.558647224754115e-08,5.5586496260556955e-08,5.5586520273446296e-08,5.558654428622795e-08,5.558656829890641e-08,5.558659231146955e-08,5.5586616323972874e-08,5.55866403362962e-08,5.558666434854405e-08,5.5586688360707855e-08,5.558671237272448e-08,5.558673638463923e-08,5.558676039643075e-08,5.558678440819782e-08,5.558680841981494e-08,5.55868324312302e-08,5.5586856442582286e-08,5.558688045382331e-08,5.55869044649303e-08,5.5586928475947446e-08,5.558695248690296e-08,5.5586976497712555e-08,5.558700050840725e-08,5.558702451904305e-08,5.5587048529559925e-08,5.558707253992109e-08,5.558709655017433e-08,5.558712056030977e-08,5.5587144570387334e-08,5.558716858029644e-08,5.558719259010992e-08,5.558721659979486e-08,5.558724060940805e-08,5.558726461886819e-08,5.558728862822562e-08,5.558731263750651e-08,5.5587336646658034e-08,5.55873606557298e-08,5.558738466464939e-08,5.558740867345563e-08,5.558743268216522e-08,5.558745669079405e-08,5.558748069927587e-08,5.558750470770444e-08,5.5587528715984546e-08,5.558755272413538e-08,5.558757673226515e-08,5.5587600740211795e-08,5.558762474803151e-08,5.558764875579596e-08,5.558767276344486e-08,5.558769677095955e-08,5.5587720778396946e-08,5.558774478567142e-08,5.5587768792886055e-08,5.558779279993249e-08,5.55878168069002e-08,5.558784081373516e-08,5.558786482045267e-08,5.558788882706697e-08,5.5587912833569716e-08,5.5587936839956014e-08,5.558796084623899e-08,5.5587984852454245e-08,5.558800885852296e-08,5.55880328644888e-08,5.5588056870345503e-08,5.558808087607505e-08,5.558810488172833e-08,5.558812888724857e-08,5.558815289264942e-08,5.558817689794823e-08,5.55882009031305e-08,5.5588224908200895e-08,5.558824891320647e-08,5.558827291803272e-08,5.558829692282001e-08,5.55883209274596e-08,5.558834493197506e-08,5.5588368936390535e-08,5.558839294073713e-08,5.55884169449202e-08,5.558844094904676e-08,5.5588464953008796e-08,5.5588488956839656e-08,5.558851296058796e-08,5.558853696421614e-08,5.558856096778687e-08,5.558858497120048e-08,5.558860897450397e-08,5.5588632977694454e-08,5.5588656980818207e-08,5.558868098378996e-08,5.558870498669679e-08,5.5588728989444956e-08,5.558875299208605e-08,5.5588776994617814e-08,5.558880099703845e-08,5.558882499934351e-08,5.5588849001587085e-08,5.5588873003723555e-08,5.558889700570113e-08,5.558892100756545e-08,5.558894500932144e-08,5.558896901097456e-08,5.558899301250378e-08,5.5589017013932346e-08,5.5589041015243005e-08,5.5589065016449545e-08,5.55890890175823e-08,5.558911301856913e-08,5.558913701944153e-08,5.558916102023224e-08,5.558918502087063e-08,5.558920902140798e-08,5.5589233021830806e-08,5.558925702214927e-08,5.558928102242444e-08,5.5589305022515066e-08,5.558932902251169e-08,5.558935302238172e-08,5.558937702217839e-08,5.558940102184791e-08,5.55894250213896e-08,5.5589449020817816e-08,5.5589473020148324e-08,5.558949701936311e-08,5.558952101850738e-08,5.558954501749405e-08,5.558956901643398e-08,5.55895930151775e-08,5.5589617013882874e-08,5.5589641012327464e-08,5.558966501077074e-08,5.5589689009154216e-08,5.5589713007360625e-08,5.558973700545514e-08,5.558976100346209e-08,5.5589785001395524e-08,5.558980899917433e-08,5.5589832996838926e-08,5.5589856994395005e-08,5.558988099183379e-08,5.558990498916845e-08,5.5589928986440754e-08,5.5589952983540355e-08,5.5589976980488205e-08,5.559000097737954e-08,5.5590024974160534e-08,5.5590048970837955e-08,5.5590072967451313e-08,5.5590096963873963e-08,5.559012096025817e-08,5.559014495649169e-08,5.559016895261375e-08,5.5590192948605285e-08,5.5590216944500916e-08,5.559024094027738e-08,5.5590264936046794e-08,5.559028893161605e-08,5.5590312927121584e-08,5.5590336922456385e-08,5.559036091768997e-08,5.559038491280278e-08,5.559040890780428e-08,5.5590432902696474e-08,5.559045689751396e-08,5.559048089224903e-08,5.5590504886812737e-08,5.559052888131895e-08,5.5590552875716025e-08,5.5590576869951e-08,5.5590600864107116e-08,5.559062485811969e-08,5.5590648851994745e-08,5.5590672845786875e-08,5.5590696839515305e-08,5.559072083308089e-08,5.559074482658473e-08,5.5590768819976594e-08,5.559079281321417e-08,5.5590816806373e-08,5.5590840799383446e-08,5.559086479234255e-08,5.55908887851348e-08,5.559091277780936e-08,5.559093677037525e-08,5.5590960762838394e-08,5.559098475520149e-08,5.559100874742678e-08,5.5591032739559675e-08,5.559105673158052e-08,5.559108072350841e-08,5.559110471534782e-08,5.5591128707029306e-08,5.5591152698589166e-08,5.5591176690099634e-08,5.5591200681454466e-08,5.559122467269776e-08,5.5591248663874934e-08,5.5591272654937666e-08,5.5591296645839825e-08,5.559132063669266e-08,5.5591344627374165e-08,5.559136861794531e-08,5.559139260842338e-08,5.559141659876304e-08,5.559144058900208e-08,5.5591464579129416e-08,5.5591488569192874e-08,5.55915125591506e-08,5.5591536548944964e-08,5.5591560538637e-08,5.559158452825965e-08,5.5591608517728964e-08,5.5591632507077896e-08,5.55916564963472e-08,5.559168048547674e-08,5.559170447450543e-08,5.559172846341644e-08,5.559175245220665e-08,5.559177644094162e-08,5.559180042951534e-08,5.559182441801109e-08,5.55918484063792e-08,5.5591872394620254e-08,5.559189638280508e-08,5.559192037088915e-08,5.559194435888389e-08,5.559196834670861e-08,5.559199233444978e-08,5.559201632202944e-08,5.559204030949933e-08,5.5592064296852986e-08,5.559208828409538e-08,5.559211227127154e-08,5.559213625831625e-08,5.559216024528074e-08,5.559218423208657e-08,5.559220821877441e-08,5.5592232205400084e-08,5.5592256191919906e-08,5.5592280178326285e-08,5.559230416457029e-08,5.5592328150703074e-08,5.5592352136727984e-08,5.5592376122663606e-08,5.5592400108462914e-08,5.559242409415211e-08,5.559244807974604e-08,5.5592472065216115e-08,5.559249605062438e-08,5.559252003586773e-08,5.559254402100011e-08,5.5592568006066154e-08,5.5592591990975045e-08,5.559261597579423e-08,5.5592639960491165e-08,5.559266394511685e-08,5.559268792963481e-08,5.559271191404703e-08,5.5592735898299496e-08,5.559275988243815e-08,5.559278386646401e-08,5.5592807850381475e-08,5.559283183420795e-08,5.5592855817904686e-08,5.559287980151953e-08,5.5592903785002374e-08,5.559292776836563e-08,5.559295175163707e-08,5.5592975734757257e-08,5.5592999717787396e-08,5.5593023700702266e-08,5.55930476835507e-08,5.5593071666248554e-08,5.5593095648833287e-08,5.55931196312988e-08,5.559314361366233e-08,5.5593167595911115e-08,5.559319157805303e-08,5.55932155601149e-08,5.559323954208684e-08,5.559326352389417e-08,5.559328750559107e-08,5.559331148717277e-08,5.559333546864696e-08,5.559335945000528e-08,5.559338343130679e-08,5.559340741249017e-08,5.559343139357726e-08,5.559345537448706e-08,5.559347935529731e-08,5.55935033359848e-08,5.559352731661984e-08,5.5593551297099077e-08,5.5593575277461704e-08,5.5593599257759474e-08,5.55936232379482e-08,5.5593647217974186e-08,5.559367119789522e-08,5.5593695177696534e-08,5.559371915744257e-08,5.559374313701781e-08,5.559376711649062e-08,5.559379109589417e-08,5.559381507514578e-08,5.5593839054284905e-08,5.559386303329772e-08,5.55938870122262e-08,5.559391099103047e-08,5.559393496976865e-08,5.5593958948365386e-08,5.5593982926832486e-08,5.559400690518395e-08,5.559403088343236e-08,5.55940548616159e-08,5.55940788396425e-08,5.5594102817564506e-08,5.5594126795365554e-08,5.5594150773047216e-08,5.559417475063748e-08,5.559419872813853e-08,5.559422270549782e-08,5.559424668275442e-08,5.559427065988931e-08,5.5594294636906826e-08,5.559431861386456e-08,5.559434259068297e-08,5.559436656736889e-08,5.5594390543945805e-08,5.55944145204065e-08,5.559443849677828e-08,5.559446247306769e-08,5.5594486449200065e-08,5.559451042527874e-08,5.559453440122445e-08,5.559455837706962e-08,5.5594582352757646e-08,5.559460632837803e-08,5.559463030390265e-08,5.559465427926557e-08,5.559467825449708e-08,5.559470222963644e-08,5.559472620465877e-08,5.55947501795713e-08,5.5594774154371076e-08,5.5594798129058404e-08,5.559482210362929e-08,5.559484607813336e-08,5.5594870052526916e-08,5.5594894026762186e-08,5.5594918000893325e-08,5.559494197490692e-08,5.559496594883651e-08,5.559498992267549e-08,5.559501389638304e-08,5.559503786995989e-08,5.55950618434644e-08,5.559508581685515e-08,5.5595109790145044e-08,5.55951337632689e-08,5.559515773627561e-08,5.559518170916941e-08,5.5595205681936735e-08,5.55952296546131e-08,5.559525362718134e-08,5.559527759963435e-08,5.559530157196461e-08,5.5595325544212564e-08,5.55953495163833e-08,5.5595373488393585e-08,5.559539746027797e-08,5.5595421432113674e-08,5.559544540374579e-08,5.5595469375308013e-08,5.559549334675947e-08,5.5595517318128434e-08,5.559554128936331e-08,5.55955652604737e-08,5.5595589231487654e-08,5.559561320238289e-08,5.559563717315813e-08,5.559566114384961e-08,5.559568511444006e-08,5.559570908493541e-08,5.559573305524809e-08,5.559575702546421e-08,5.5595780995579074e-08,5.559580496557515e-08,5.5595828935450384e-08,5.559585290522567e-08,5.559587687487056e-08,5.559590084443388e-08,5.559592481393674e-08,5.559594878331963e-08,5.559597275253916e-08,5.559599672165307e-08,5.55960206906932e-08,5.559604465957939e-08,5.5596068628415066e-08,5.559609259707611e-08,5.5596116565627646e-08,5.559614053406709e-08,5.559616450239875e-08,5.559618847062333e-08,5.5596212438721177e-08,5.559623640670026e-08,5.5596260374581104e-08,5.559628434235093e-08,5.5596308310000495e-08,5.559633227753391e-08,5.559635624496778e-08,5.559638021229182e-08,5.559640417950551e-08,5.5596428146631866e-08,5.55964521136396e-08,5.559647608055143e-08,5.5596500047364326e-08,5.559652401401143e-08,5.559654798054887e-08,5.559657194702453e-08,5.5596595913357207e-08,5.5596619879564246e-08,5.559664384566751e-08,5.5596667811649014e-08,5.559669177752045e-08,5.5596715743276067e-08,5.559673970895558e-08,5.5596763674515006e-08,5.5596787639948314e-08,5.5596811605265154e-08,5.559683557047199e-08,5.559685953556607e-08,5.5596883500539705e-08,5.5596907465413395e-08,5.5596931430141356e-08,5.5596955394776805e-08,5.559697935930726e-08,5.5597003323726175e-08,5.559702728804102e-08,5.5597051252283606e-08,5.559707521636669e-08,5.559709918033804e-08,5.559712314421176e-08,5.559714710796888e-08,5.559717107160303e-08,5.559719503520238e-08,5.559721899866016e-08,5.55972429620035e-08,5.55972669252382e-08,5.5597290888365685e-08,5.559731485132528e-08,5.559733881420307e-08,5.559736277699123e-08,5.559738673967421e-08,5.559741070225813e-08,5.559743466471095e-08,5.5597458626999885e-08,5.559748258919536e-08,5.5597506551276366e-08,5.559753051325443e-08,5.5597554475095807e-08,5.559757843681696e-08,5.559760239845001e-08,5.559762635996311e-08,5.5597650321362924e-08,5.55976742826492e-08,5.5597698243818734e-08,5.5597722204885256e-08,5.559774616586979e-08,5.559777012668717e-08,5.559779408739222e-08,5.559781804804209e-08,5.5597842008537935e-08,5.5597865968981756e-08,5.559788992924951e-08,5.559791388946184e-08,5.559793784954457e-08,5.559796180948257e-08,5.5597985769345015e-08,5.5598009729063815e-08,5.559803368867396e-08,5.559805764817001e-08,5.559808160755914e-08,5.559810556684107e-08,5.559812952604381e-08,5.5598153485093405e-08,5.559817744407594e-08,5.559820140289685e-08,5.5598225361653424e-08,5.5598249320250084e-08,5.559827327873996e-08,5.5598297237106927e-08,5.559832119537342e-08,5.559834515355785e-08,5.559836911157676e-08,5.559839306950756e-08,5.559841702732798e-08,5.5598440985059375e-08,5.559846494265438e-08,5.559848890015042e-08,5.559851285756408e-08,5.559853681482686e-08,5.5598560771970554e-08,5.559858472900638e-08,5.559860868592994e-08,5.5598632642745656e-08,5.559865659944629e-08,5.559868055601115e-08,5.5598704512483546e-08,5.559872846887142e-08,5.559875242512278e-08,5.55987763812607e-08,5.5598800337283765e-08,5.559882429323761e-08,5.559884824904417e-08,5.5598872204734844e-08,5.559889616030448e-08,5.559892011575634e-08,5.5598944071126444e-08,5.559896802636032e-08,5.5598991981476876e-08,5.559901593649223e-08,5.5599039891390113e-08,5.559906384617948e-08,5.5599087800853305e-08,5.559911175545373e-08,5.559913570991149e-08,5.5599159664258525e-08,5.559918361853471e-08,5.559920757267445e-08,5.5599231526684674e-08,5.5599255480574346e-08,5.5599279434359455e-08,5.559930338803765e-08,5.5599327341590595e-08,5.559935129503976e-08,5.559937524837308e-08,5.559939920159641e-08,5.559942315471788e-08,5.55994471077377e-08,5.5599471060620495e-08,5.559949501339491e-08,5.5599518966046966e-08,5.559954291859111e-08,5.55995668710322e-08,5.559959082335141e-08,5.559961477556105e-08,5.5599638727650415e-08,5.559966267963795e-08,5.5599686631517736e-08,5.559971058327676e-08,5.5599734534928546e-08,5.559975848647672e-08,5.5599782437955816e-08,5.5599806389269786e-08,5.5599830340525853e-08,5.559985429166732e-08,5.5599878242663063e-08,5.5599902193525644e-08,5.559992614428681e-08,5.5599950094921045e-08,5.5599974045482705e-08,5.559999799594609e-08,5.560002194625675e-08,5.5600045896496964e-08,5.560006984662791e-08,5.560009379659344e-08,5.560011774645348e-08,5.560014169619772e-08,5.5600165645860383e-08,5.5600189595471433e-08,5.560021354492743e-08,5.560023749423493e-08,5.560026144339901e-08,5.5600285392514436e-08,5.56003093414722e-08,5.5600333290365235e-08,5.560035723910125e-08,5.5600381187771204e-08,5.5600405136285816e-08,5.5600429084685516e-08,5.56004530329761e-08,5.560047698119643e-08,5.5600500929252916e-08,5.5600524877255324e-08,5.560054882508565e-08,5.560057277281229e-08,5.560059672042524e-08,5.560062066793877e-08,5.560064461532829e-08,5.56006685626076e-08,5.5600692509765435e-08,5.560071645683326e-08,5.5600740403816114e-08,5.5600764350628296e-08,5.5600788297344307e-08,5.5600812243993494e-08,5.56008361904875e-08,5.560086013686431e-08,5.5600884083170495e-08,5.560090802932453e-08,5.5600931975415895e-08,5.5600955921319006e-08,5.560097986710573e-08,5.560100381285438e-08,5.560102775844264e-08,5.560105170392265e-08,5.5601075649273297e-08,5.56010995945693e-08,5.560112353968609e-08,5.560114748476195e-08,5.560117142967966e-08,5.560119537452407e-08,5.5601219319228126e-08,5.5601243263799495e-08,5.560126720825298e-08,5.560129115261573e-08,5.5601315096876323e-08,5.560133904103297e-08,5.5601362985051195e-08,5.560138692895175e-08,5.560141087273614e-08,5.5601434816441805e-08,5.560145876003559e-08,5.560148270352025e-08,5.56015066468616e-08,5.560153059009321e-08,5.5601554533201894e-08,5.5601578476198034e-08,5.560160241913702e-08,5.560162636191548e-08,5.560165030458367e-08,5.560167424717908e-08,5.560169818962295e-08,5.5601722131954976e-08,5.5601746074205257e-08,5.5601770016330435e-08,5.5601793958368805e-08,5.5601817900269896e-08,5.560184184208141e-08,5.560186578375707e-08,5.560188972530036e-08,5.560191366672173e-08,5.560193760804732e-08,5.560196154925123e-08,5.5601985490389343e-08,5.560200943137932e-08,5.560203337228668e-08,5.5602057313097264e-08,5.5602081253781076e-08,5.5602105194260926e-08,5.56021291346905e-08,5.560215307502464e-08,5.560217701523082e-08,5.560220095534438e-08,5.560222489529794e-08,5.5602248835139463e-08,5.56022727749254e-08,5.560229671449689e-08,5.560232065405968e-08,5.560234459352255e-08,5.560236853281514e-08,5.5602392472012415e-08,5.5602416411105413e-08,5.5602440350059505e-08,5.560246428890435e-08,5.5602488227627254e-08,5.5602512166242466e-08,5.560253610474662e-08,5.5602560043136586e-08,5.5602583981417604e-08,5.56026079196324e-08,5.5602631857682305e-08,5.5602655795602375e-08,5.560267973342591e-08,5.560270367116119e-08,5.5602727608764036e-08,5.560275154625296e-08,5.5602775483624575e-08,5.560279942086673e-08,5.5602823358019107e-08,5.560284729511128e-08,5.560287123201151e-08,5.560289516882563e-08,5.560291910550225e-08,5.560294304213439e-08,5.560296697858389e-08,5.560299091493901e-08,5.560301485123974e-08,5.56030387874386e-08,5.560306272348584e-08,5.560308665941762e-08,5.560311059521993e-08,5.560313453090442e-08,5.5603158466511306e-08,5.560318240199328e-08,5.560320633733604e-08,5.560323027257242e-08,5.560325420770556e-08,5.5603278142717026e-08,5.560330207766561e-08,5.560332601245269e-08,5.56033499471686e-08,5.560337388163172e-08,5.5603397816079725e-08,5.560342175040834e-08,5.560344568467105e-08,5.560346961882624e-08,5.560349355282474e-08,5.560351748669445e-08,5.560354142050893e-08,5.560356535421141e-08,5.560358928775446e-08,5.560361322117533e-08,5.5603637154512315e-08,5.5603661087698086e-08,5.560368502079642e-08,5.56037089537775e-08,5.5603732886708215e-08,5.560375681944202e-08,5.560378075212696e-08,5.560380468470059e-08,5.560382861712012e-08,5.560385254942524e-08,5.5603876481579086e-08,5.560390041367481e-08,5.560392434567824e-08,5.560394827754183e-08,5.560397220927466e-08,5.560399614089683e-08,5.56040200723949e-08,5.5604044003841056e-08,5.5604067935126926e-08,5.560409186635949e-08,5.560411579751582e-08,5.5604139728474236e-08,5.560416365935115e-08,5.5604187590062735e-08,5.5604211520726604e-08,5.5604235451204344e-08,5.560425938158959e-08,5.560428331188785e-08,5.560430724204708e-08,5.560433117208522e-08,5.560435510207514e-08,5.560437903193279e-08,5.560440296168922e-08,5.5604426891278107e-08,5.56044508207605e-08,5.5604474750132807e-08,5.560449867937899e-08,5.560452260852156e-08,5.560454653754458e-08,5.560457046646473e-08,5.560459439525933e-08,5.560461832394911e-08,5.560464225252129e-08,5.5604666180974115e-08,5.5604690109303244e-08,5.560471403754402e-08,5.5604737965661486e-08,5.5604761893725493e-08,5.560478582162061e-08,5.560480974939456e-08,5.5604833677080005e-08,5.560485760465813e-08,5.5604881532111655e-08,5.5604905459438426e-08,5.5604929386653866e-08,5.560495331380689e-08,5.560497724079928e-08,5.5605001167689406e-08,5.5605025094457937e-08,5.5605049021142074e-08,5.560507294773526e-08,5.560509687420996e-08,5.560512080050759e-08,5.5605144726696856e-08,5.560516865277136e-08,5.560519257879556e-08,5.560521650465609e-08,5.56052404304261e-08,5.560526435603645e-08,5.560528828156266e-08,5.560531220697453e-08,5.5605336132271456e-08,5.56053600574527e-08,5.560538398253165e-08,5.560540790749577e-08,5.560543183235042e-08,5.560545575708453e-08,5.5605479681727054e-08,5.5605503606246526e-08,5.560552753065043e-08,5.5605551454917534e-08,5.5605575379092086e-08,5.5605599303197154e-08,5.5605623227142986e-08,5.5605647151001164e-08,5.5605671074727556e-08,5.560569499833108e-08,5.560571892183494e-08,5.5605742845262846e-08,5.560576676857409e-08,5.5605790691725977e-08,5.560581461475957e-08,5.560583853768512e-08,5.560586246055207e-08,5.560588638328041e-08,5.560591030591501e-08,5.56059342284215e-08,5.560595815084148e-08,5.560598207309171e-08,5.56060059952303e-08,5.560602991724369e-08,5.560605383914122e-08,5.560607776091506e-08,5.56061016826095e-08,5.5606125604182446e-08,5.560614952564158e-08,5.560617344703226e-08,5.5606197368267686e-08,5.560622128938537e-08,5.560624521040122e-08,5.560626913129239e-08,5.560629305206478e-08,5.5606316972729596e-08,5.560634089327422e-08,5.5606364813759076e-08,5.560638873412874e-08,5.560641265434542e-08,5.5606436574435816e-08,5.560646049442917e-08,5.560648441438784e-08,5.560650833414664e-08,5.560653225378419e-08,5.560655617335694e-08,5.560658009278576e-08,5.5606604012134656e-08,5.5606627931321043e-08,5.560665185044271e-08,5.560667576941049e-08,5.560669968827818e-08,5.560672360701859e-08,5.5606747525637676e-08,5.560677144418151e-08,5.560679536257437e-08,5.560681928085071e-08,5.560684319902399e-08,5.560686711708585e-08,5.560689103502336e-08,5.560691495290333e-08,5.56069388706236e-08,5.560696278827576e-08,5.560698670581138e-08,5.560701062319346e-08,5.560703454051146e-08,5.560705845765629e-08,5.560708237468733e-08,5.560710629160758e-08,5.5607130208421514e-08,5.5607154125123355e-08,5.56071780417601e-08,5.56072019582343e-08,5.56072258745961e-08,5.560724979084167e-08,5.560727370699728e-08,5.56072976230597e-08,5.5607321538952555e-08,5.560734545474678e-08,5.560736937034455e-08,5.5607393285918975e-08,5.560741720136946e-08,5.560744111676132e-08,5.5607465032023506e-08,5.5607488947114866e-08,5.5607512862116256e-08,5.560753677699659e-08,5.560756069177133e-08,5.5607584606423746e-08,5.560760852098283e-08,5.56076324354604e-08,5.5607656349781065e-08,5.5607680263986025e-08,5.56077041780844e-08,5.5607728092116875e-08,5.5607752005981625e-08,5.5607775919721154e-08,5.560779983333928e-08,5.560782374685823e-08,5.560784766030022e-08,5.560787157359124e-08,5.560789548678712e-08,5.56079193998529e-08,5.5607943312814835e-08,5.560796722566134e-08,5.560799113839388e-08,5.5608015051008965e-08,5.560803896351484e-08,5.5608062875907576e-08,5.560808678818503e-08,5.560811070034203e-08,5.560813461237719e-08,5.560815852434055e-08,5.5608182436160885e-08,5.560820634791633e-08,5.560823025951454e-08,5.560825417099644e-08,5.560827808236388e-08,5.560830199361523e-08,5.560832590476757e-08,5.560834981579496e-08,5.560837372668861e-08,5.5608397637503276e-08,5.560842154824331e-08,5.560844545886107e-08,5.560846936933674e-08,5.5608493279724074e-08,5.5608517189957356e-08,5.560854110007936e-08,5.5608565010087887e-08,5.560858891998044e-08,5.560861282975811e-08,5.5608636739425896e-08,5.5608660649007215e-08,5.560868455845494e-08,5.560870846778407e-08,5.5608732377002214e-08,5.560875628615846e-08,5.5608780195145235e-08,5.5608804104044295e-08,5.560882801280134e-08,5.560885192144565e-08,5.5608875829974215e-08,5.560889973839002e-08,5.5608923646753294e-08,5.560894755499062e-08,5.5608971463114555e-08,5.56089953710732e-08,5.560901927892096e-08,5.5609043186691106e-08,5.56090670943421e-08,5.5609091001880834e-08,5.560911490927924e-08,5.560913881656553e-08,5.5609162723732026e-08,5.560918663067237e-08,5.560921053761519e-08,5.560923444445549e-08,5.560925835121567e-08,5.560928225781895e-08,5.560930616431082e-08,5.56093300707057e-08,5.560935397696664e-08,5.560937788311406e-08,5.56094017891712e-08,5.5609425695091084e-08,5.560944960089849e-08,5.560947350663266e-08,5.560949741221347e-08,5.560952131770715e-08,5.560954522308292e-08,5.560956912832944e-08,5.5609593033461255e-08,5.5609616938485145e-08,5.56096408433818e-08,5.5609664748176875e-08,5.56096886528825e-08,5.560971255742916e-08,5.5609736461872986e-08,5.5609760366246554e-08,5.5609784270387545e-08,5.5609808174489076e-08,5.560983207846865e-08,5.5609855982340554e-08,5.560987988610016e-08,5.5609903789742403e-08,5.560992769324855e-08,5.560995159666258e-08,5.5609975499962794e-08,5.560999940314709e-08,5.56100233062214e-08,5.5610047209230834e-08,5.5610071112055013e-08,5.5610095014779613e-08,5.56101189174095e-08,5.5610142819961296e-08,5.5610166722355044e-08,5.5610190624636156e-08,5.561021452685674e-08,5.5610238428904334e-08,5.561026233079992e-08,5.5610286232625256e-08,5.561031013433722e-08,5.561033403595544e-08,5.561035793744978e-08,5.561038183882934e-08,5.561040574012075e-08,5.561042964116068e-08,5.561045354219519e-08,5.561047744311001e-08,5.5610501343919475e-08,5.5610525244617753e-08,5.5610549145183465e-08,5.561057304563602e-08,5.561059694598296e-08,5.561062084620545e-08,5.561064474632081e-08,5.56106686463231e-08,5.561069254621506e-08,5.5610716446002726e-08,5.561074034566538e-08,5.561076424521568e-08,5.561078814468018e-08,5.561081204401854e-08,5.5610835943116525e-08,5.5610859842215684e-08,5.5610883741194414e-08,5.5610907640102296e-08,5.561093153886342e-08,5.561095543750304e-08,5.561097933601904e-08,5.561100323442948e-08,5.5611027132725344e-08,5.561105103090987e-08,5.561107492903817e-08,5.561109882702378e-08,5.561112272489196e-08,5.5611146622615645e-08,5.561117052027158e-08,5.56111944177825e-08,5.561121831515945e-08,5.5611242212441354e-08,5.561126610961606e-08,5.56112900066499e-08,5.561131390357645e-08,5.5611337800391137e-08,5.5611361697090785e-08,5.5611385593666845e-08,5.5611409490137324e-08,5.5611433386495975e-08,5.561145728274347e-08,5.561148117886696e-08,5.561150507487654e-08,5.561152897078147e-08,5.5611552866555745e-08,5.5611576762212966e-08,5.5611600657752265e-08,5.561162455318995e-08,5.561164844856326e-08,5.56116723437828e-08,5.561169623887844e-08,5.561172013387684e-08,5.5611744028802574e-08,5.5611767923556554e-08,5.5611791818189435e-08,5.5611815712763765e-08,5.561183960723023e-08,5.5611863501579084e-08,5.561188739576415e-08,5.5611911289839895e-08,5.561193518380775e-08,5.561195907766344e-08,5.5611982971402705e-08,5.561200686502531e-08,5.561203075861669e-08,5.561205465201399e-08,5.5612078545323637e-08,5.561210243849284e-08,5.561212633154958e-08,5.56121502245013e-08,5.561217411730529e-08,5.5612198010020055e-08,5.561222190261437e-08,5.561224579513524e-08,5.561226968750418e-08,5.561229357975617e-08,5.5612317471892604e-08,5.561234136394539e-08,5.561236525587442e-08,5.5612389147676684e-08,5.561241303936099e-08,5.5612436930931066e-08,5.561246082237808e-08,5.561248471371214e-08,5.561250860494413e-08,5.561253249604826e-08,5.561255638704183e-08,5.5612580277951666e-08,5.5612604168713765e-08,5.561262805938238e-08,5.56126519499325e-08,5.561267584040187e-08,5.5612699730723673e-08,5.561272362090006e-08,5.561274751098554e-08,5.561277140099019e-08,5.5612795290851276e-08,5.561281918061142e-08,5.561284307024681e-08,5.561286695975971e-08,5.561289084916477e-08,5.5612914738449764e-08,5.561293862762212e-08,5.561296251667791e-08,5.5612986405666557e-08,5.5613010294533625e-08,5.561303418325043e-08,5.5613058071844847e-08,5.561308196033988e-08,5.561310584873135e-08,5.561312973698349e-08,5.5613153625123665e-08,5.5613177513162156e-08,5.561320140107614e-08,5.561322528887789e-08,5.561324917655688e-08,5.561327306414516e-08,5.561329695158279e-08,5.561332083893541e-08,5.561334472616575e-08,5.5613368613331615e-08,5.561339250037907e-08,5.561341638730809e-08,5.561344027407986e-08,5.561346416073907e-08,5.561348804727566e-08,5.5613511933706e-08,5.5613535820014474e-08,5.561355970621997e-08,5.5613583592304696e-08,5.561360747831994e-08,5.561363136417522e-08,5.561365524993282e-08,5.561367913558214e-08,5.56137030211009e-08,5.561372690651031e-08,5.561375079179975e-08,5.5613774676972864e-08,5.561379856201762e-08,5.561382244692065e-08,5.561384633176324e-08,5.561387021652586e-08,5.56138941011211e-08,5.561391798563632e-08,5.5613941869908285e-08,5.561396575416592e-08,5.561398963832075e-08,5.561401352235649e-08,5.561403740627159e-08,5.561406129011924e-08,5.5614085173808416e-08,5.5614109057358235e-08,5.561413294080213e-08,5.561415682417861e-08,5.5614180707455135e-08,5.561420459058064e-08,5.561422847358369e-08,5.561425235651086e-08,5.561427623927237e-08,5.5614300121938764e-08,5.5614324004479125e-08,5.561434788683465e-08,5.561437176914812e-08,5.561439565135615e-08,5.5614419533444544e-08,5.561444341541557e-08,5.5614467297270346e-08,5.5614491178998694e-08,5.5614515060623306e-08,5.5614538942136394e-08,5.561456282355204e-08,5.561458670486887e-08,5.561461058593209e-08,5.5614634466988416e-08,5.5614658347910394e-08,5.561468222872704e-08,5.561470610948033e-08,5.5614729990079244e-08,5.5614753870557106e-08,5.5614777750928335e-08,5.561480163121241e-08,5.5614825511352784e-08,5.561484939137298e-08,5.5614873271275855e-08,5.561489715105137e-08,5.561492103078118e-08,5.561494491034127e-08,5.561496878979369e-08,5.561499266913133e-08,5.5615016548371655e-08,5.5615040427480586e-08,5.561506430649173e-08,5.561508818536513e-08,5.561511206412783e-08,5.561513594282321e-08,5.561515982136177e-08,5.561518369980627e-08,5.561520757809355e-08,5.56152314562828e-08,5.561525533441878e-08,5.561527921237852e-08,5.56153030902228e-08,5.561532696795104e-08,5.561535084561708e-08,5.561537472301245e-08,5.5615398600406884e-08,5.5615422477683894e-08,5.561544635483764e-08,5.561547023187654e-08,5.5615494108810465e-08,5.561551798562681e-08,5.5615541862333925e-08,5.5615565738953975e-08,5.561558961543568e-08,5.5615613491820475e-08,5.5615637368058785e-08,5.5615661244220014e-08,5.5615685120235184e-08,5.561570899612934e-08,5.561573287192401e-08,5.561575674757022e-08,5.561578062312477e-08,5.5615804498559566e-08,5.5615828373887766e-08,5.561585224910134e-08,5.5615876124199124e-08,5.561589999918313e-08,5.561592387405533e-08,5.561594774884972e-08,5.5615971623430265e-08,5.561599549795631e-08,5.561601937236001e-08,5.5616043246659856e-08,5.561606712084205e-08,5.5616090994910264e-08,5.56161148688649e-08,5.5616138742772116e-08,5.5616162616492045e-08,5.561618649013331e-08,5.5616210363627863e-08,5.5616234237005796e-08,5.561625811031934e-08,5.5616281983475245e-08,5.561630585642104e-08,5.5616329729341043e-08,5.561635360214781e-08,5.561637747488184e-08,5.5616401347499044e-08,5.561642521995813e-08,5.5616449092346054e-08,5.561647296458175e-08,5.56164968367148e-08,5.5616520708717245e-08,5.561654458062943e-08,5.561656845243239e-08,5.561659232413601e-08,5.56166161956753e-08,5.561664006711216e-08,5.561666393847687e-08,5.561668780972668e-08,5.561671168082348e-08,5.5616735551787536e-08,5.561675942267184e-08,5.5616783293411056e-08,5.561680716406987e-08,5.561683103457976e-08,5.5616854904971127e-08,5.5616878775252624e-08,5.561690264542021e-08,5.5616926515475265e-08,5.561695038538877e-08,5.5616974255258195e-08,5.5616998124983987e-08,5.561702199462217e-08,5.5617045864149126e-08,5.561706973352078e-08,5.561709360279825e-08,5.561711747192734e-08,5.5617141340989375e-08,5.561716520988611e-08,5.561718907867684e-08,5.5617212947343534e-08,5.561723681594403e-08,5.561726068443149e-08,5.561728455275277e-08,5.561730842097557e-08,5.561733228906833e-08,5.561735615705376e-08,5.561738002495071e-08,5.561740389272583e-08,5.5617427760409854e-08,5.56174516279385e-08,5.5617475495341437e-08,5.561749936267778e-08,5.561752322985774e-08,5.5617547096933584e-08,5.561757096388741e-08,5.561759483071079e-08,5.5617618697434666e-08,5.561764256404247e-08,5.561766643053731e-08,5.561769029700121e-08,5.561771416328129e-08,5.5617738029450546e-08,5.561776189552308e-08,5.561778576144082e-08,5.561780962726567e-08,5.561783349298445e-08,5.561785735856002e-08,5.561788122401857e-08,5.5617905089362586e-08,5.561792895465059e-08,5.56179528197802e-08,5.561797668478979e-08,5.561800054969853e-08,5.5618024414465056e-08,5.561804827913402e-08,5.5618072143687584e-08,5.5618096008114575e-08,5.5618119872442834e-08,5.5618143736628964e-08,5.5618167600718796e-08,5.561819146469124e-08,5.5618215328559476e-08,5.5618239192329295e-08,5.561826305595757e-08,5.5618286919461544e-08,5.561831078284796e-08,5.561833464605555e-08,5.561835850921432e-08,5.561838237225642e-08,5.5618406235218746e-08,5.56184300979585e-08,5.5618453960614564e-08,5.56184778231944e-08,5.561850168565835e-08,5.561852554805209e-08,5.561854941028438e-08,5.5618573272442525e-08,5.5618597134451655e-08,5.5618620996345197e-08,5.561864485811526e-08,5.56186687197759e-08,5.5618692581340984e-08,5.561871644280344e-08,5.561874030409195e-08,5.5618764165293934e-08,5.561878802636019e-08,5.561881188731165e-08,5.561883574816606e-08,5.5618859608933575e-08,5.561888346955483e-08,5.5618907330079796e-08,5.561893119047806e-08,5.5618955050782145e-08,5.5618978910927815e-08,5.5619002770973045e-08,5.561902663090358e-08,5.5619050490727756e-08,5.561907435046917e-08,5.5619098210073384e-08,5.56191220695904e-08,5.561914592894533e-08,5.561916978819168e-08,5.5619193647322836e-08,5.5619217506334746e-08,5.561924136522983e-08,5.561926522399027e-08,5.561928908266041e-08,5.5619312941216596e-08,5.561933679969621e-08,5.561936065802281e-08,5.5619384516139546e-08,5.5619408374232875e-08,5.561943223221479e-08,5.561945609008202e-08,5.561947994774302e-08,5.561950380528388e-08,5.561952766280442e-08,5.561955152025531e-08,5.561957537753536e-08,5.5619599234656944e-08,5.561962309172612e-08,5.561964694870613e-08,5.561967080553542e-08,5.561969466227738e-08,5.561971851886683e-08,5.561974237535043e-08,5.561976623171929e-08,5.561979008797226e-08,5.561981394415205e-08,5.5619837800222044e-08,5.561986165617654e-08,5.5619885511965756e-08,5.5619909367650394e-08,5.561993322323101e-08,5.5619957078672944e-08,5.561998093398248e-08,5.562000478921705e-08,5.562002864432811e-08,5.562005249935614e-08,5.562007635422301e-08,5.562010020897732e-08,5.562012406362799e-08,5.56201479181752e-08,5.562017177258432e-08,5.56201956268905e-08,5.562021948111162e-08,5.5620243335210555e-08,5.5620267189155434e-08,5.562029104298102e-08,5.562031489674343e-08,5.562033875040017e-08,5.56203626038927e-08,5.5620386457264544e-08,5.562041031054206e-08,5.5620434163702415e-08,5.562045801673956e-08,5.562048186965149e-08,5.562050572244252e-08,5.5620529575041136e-08,5.562055342762558e-08,5.56205772801231e-08,5.5620601132457226e-08,5.5620624984692985e-08,5.562064883682381e-08,5.562067268884135e-08,5.5620696540711676e-08,5.5620720392467755e-08,5.562074424414279e-08,5.56207680956692e-08,5.56207919471246e-08,5.562081579843967e-08,5.562083964961974e-08,5.562086350070036e-08,5.562088735166701e-08,5.562091120250342e-08,5.562093505322933e-08,5.5620958903825135e-08,5.562098275431678e-08,5.562100660468871e-08,5.562103045493992e-08,5.562105430507955e-08,5.5621078155099055e-08,5.5621102005012276e-08,5.5621125854766996e-08,5.562114970444788e-08,5.562117355401608e-08,5.562119740344107e-08,5.5621221252776555e-08,5.562124510195563e-08,5.562126895105857e-08,5.5621292800055546e-08,5.562131664897597e-08,5.562134049773621e-08,5.562136434639815e-08,5.5621388194932004e-08,5.562141204332062e-08,5.562143589161655e-08,5.5621459739789394e-08,5.5621483587858346e-08,5.5621507435807145e-08,5.5621531283596636e-08,5.5621555131360543e-08,5.5621578978963965e-08,5.562160282645264e-08,5.562162667382878e-08,5.5621650521075135e-08,5.562167436821673e-08,5.5621698215242715e-08,5.5621722062166525e-08,5.562174590898555e-08,5.562176975565698e-08,5.562179360222856e-08,5.562181744867374e-08,5.562184129502063e-08,5.5621865141270564e-08,5.562188898739719e-08,5.5621912833427816e-08,5.56219366792883e-08,5.562196052508201e-08,5.5621984370756255e-08,5.562200821632669e-08,5.562203206178181e-08,5.562205590703007e-08,5.562207975213685e-08,5.562210359719971e-08,5.562212744214293e-08,5.562215128697491e-08,5.5622175131701e-08,5.5622198976309065e-08,5.562222282082956e-08,5.5622246665195956e-08,5.562227050937391e-08,5.5622294353508474e-08,5.5622318197552504e-08,5.562234204145722e-08,5.562236588526306e-08,5.562238972893767e-08,5.5622413572518055e-08,5.562243741596167e-08,5.562246125931222e-08,5.56224851025243e-08,5.562250894561323e-08,5.562253278863574e-08,5.562255663150101e-08,5.5622580474242676e-08,5.562260431687196e-08,5.562262815944634e-08,5.56226520017721e-08,5.562267584410727e-08,5.562269968631313e-08,5.562272352840046e-08,5.562274737033933e-08,5.562277121216107e-08,5.56227950538718e-08,5.562281889547166e-08,5.562284273697641e-08,5.5622866578348364e-08,5.562289041963542e-08,5.562291426079403e-08,5.56229381018537e-08,5.562296194275493e-08,5.5622985783575316e-08,5.562300962424046e-08,5.562303346479521e-08,5.562305730524566e-08,5.562308114557257e-08,5.562310498577407e-08,5.5623128825865285e-08,5.562315266584755e-08,5.562317650573596e-08,5.562320034551785e-08,5.5623224185144726e-08,5.562324802467109e-08,5.56232718640686e-08,5.5623295703341463e-08,5.562331954250499e-08,5.562334338160482e-08,5.562336722053463e-08,5.562339105933089e-08,5.562341489801102e-08,5.562343873660294e-08,5.562346257507865e-08,5.562348641344896e-08,5.562351025169146e-08,5.5623534089849436e-08,5.562355792787134e-08,5.562358176575863e-08,5.562360560349105e-08,5.562362944119117e-08,5.562365327871097e-08,5.562367711613166e-08,5.562370095343585e-08,5.5623724790485716e-08,5.562374862752623e-08,5.5623772464513857e-08,5.5623796301390314e-08,5.5623820138100144e-08,5.562384397471907e-08,5.56238678112215e-08,5.5623891647598415e-08,5.5623915483779796e-08,5.562393931993556e-08,5.5623963155970126e-08,5.562398699189334e-08,5.562401082769955e-08,5.5624034663415474e-08,5.562405849899021e-08,5.562408233443742e-08,5.562410616978386e-08,5.562413000501107e-08,5.562415384012124e-08,5.562417767514134e-08,5.5624201510014714e-08,5.5624225344809316e-08,5.5624249179469876e-08,5.5624273014002904e-08,5.562429684844374e-08,5.5624320682764544e-08,5.562434451694179e-08,5.5624368351011566e-08,5.56243921849835e-08,5.562441601881077e-08,5.5624439852593176e-08,5.562446368625732e-08,5.5624487519741834e-08,5.5624511353112845e-08,5.562453518636935e-08,5.562455901955348e-08,5.562458285262614e-08,5.562460668557586e-08,5.5624630518400235e-08,5.562465435105261e-08,5.5624678183610796e-08,5.56247020160567e-08,5.5624725848387596e-08,5.5624749680594156e-08,5.562477351270312e-08,5.5624797344672326e-08,5.562482117655285e-08,5.562484500828284e-08,5.562486883991015e-08,5.5624892671471024e-08,5.562491650287685e-08,5.562494033415614e-08,5.562496416533615e-08,5.562498799642708e-08,5.562501182739188e-08,5.562503565824314e-08,5.562505948898261e-08,5.5625083319587146e-08,5.562510715009431e-08,5.5625130980476296e-08,5.562515481071705e-08,5.562517864085741e-08,5.562520247085459e-08,5.562522630076964e-08,5.562525013056093e-08,5.562527396012404e-08,5.562529778967445e-08,5.562532161912317e-08,5.56253454484473e-08,5.5625369277645587e-08,5.562539310668927e-08,5.562541693565664e-08,5.562544076450822e-08,5.5625464593242665e-08,5.562548842186172e-08,5.562551225033995e-08,5.5625536078752024e-08,5.562555990702847e-08,5.562558373518272e-08,5.562560756316459e-08,5.562563139112723e-08,5.562565521898102e-08,5.562567904666266e-08,5.562570287423752e-08,5.562572670170917e-08,5.5625750529109974e-08,5.562577435634569e-08,5.562579818347078e-08,5.562582201048222e-08,5.56258458373575e-08,5.562586966415172e-08,5.5625893490800907e-08,5.5625917317337527e-08,5.562594114376884e-08,5.562596497000181e-08,5.5625988796183496e-08,5.562601262225498e-08,5.562603644823538e-08,5.5626060274054046e-08,5.5626084099784265e-08,5.5626107925372214e-08,5.562613175084893e-08,5.562615557622031e-08,5.5626179401487223e-08,5.562620322662055e-08,5.562622705164884e-08,5.56262508765447e-08,5.562627470135242e-08,5.56262985260234e-08,5.562632235061827e-08,5.562634617505989e-08,5.562636999932749e-08,5.5626393823532886e-08,5.5626417647634286e-08,5.562644147160723e-08,5.5626465295470785e-08,5.5626489119215326e-08,5.562651294284264e-08,5.562653676637375e-08,5.562656058976931e-08,5.562658441302618e-08,5.5626608236193754e-08,5.5626632059230295e-08,5.5626655882157635e-08,5.562667970497139e-08,5.562670352765792e-08,5.56267273502819e-08,5.562675117274777e-08,5.5626774995098164e-08,5.562679881733102e-08,5.5626822639448097e-08,5.562684646144878e-08,5.56268702833346e-08,5.562689410510983e-08,5.5626917926762374e-08,5.562694174830426e-08,5.562696556974042e-08,5.562698939105715e-08,5.562701321223912e-08,5.5627037033354365e-08,5.562706085430559e-08,5.5627084675137536e-08,5.562710849585829e-08,5.562713231647989e-08,5.562715613696193e-08,5.5627179957333214e-08,5.5627203777582844e-08,5.562722759773057e-08,5.562725141774939e-08,5.562727523764921e-08,5.562729905745183e-08,5.5627322877122584e-08,5.5627346696686456e-08,5.5627370516129095e-08,5.5627394335461336e-08,5.562741815467193e-08,5.562744197375875e-08,5.562746579276428e-08,5.5627489611623585e-08,5.562751343037354e-08,5.562753724899827e-08,5.562756106754973e-08,5.5627584885936965e-08,5.5627608704228156e-08,5.5627632522410226e-08,5.562765634046435e-08,5.562768015839795e-08,5.562770397621088e-08,5.5627727793916956e-08,5.5627751611511866e-08,5.5627775429003194e-08,5.5627799246359135e-08,5.562782306359052e-08,5.562784688070044e-08,5.5627870697700144e-08,5.562789451458584e-08,5.5627918331351415e-08,5.5627942147893006e-08,5.562796596442608e-08,5.562798978085167e-08,5.562801359714925e-08,5.5628037413331996e-08,5.5628061229409024e-08,5.562808504535579e-08,5.562810886119131e-08,5.562813267690705e-08,5.562815649248457e-08,5.5628180307954926e-08,5.5628204123325005e-08,5.5628227938568585e-08,5.56282517537243e-08,5.562827556874293e-08,5.5628299383653653e-08,5.562832319845695e-08,5.562834701315243e-08,5.562837082770612e-08,5.562839464218597e-08,5.5628418456522536e-08,5.562844227072842e-08,5.5628466084816417e-08,5.562848989878344e-08,5.56285137125495e-08,5.5628537526293846e-08,5.5628561339975054e-08,5.562858515347742e-08,5.5628608966868425e-08,5.562863278013477e-08,5.5628656593245456e-08,5.5628680406261015e-08,5.5628704219187516e-08,5.562872803199826e-08,5.562875184468764e-08,5.56287756572534e-08,5.56287994697287e-08,5.562882328209128e-08,5.562884709431321e-08,5.562887090641053e-08,5.562889471839877e-08,5.5628918530270466e-08,5.562894234203136e-08,5.562896615365359e-08,5.5628989965199325e-08,5.562901377663675e-08,5.562903758796899e-08,5.5629061399136276e-08,5.5629085210205326e-08,5.562910902115123e-08,5.5629132831977655e-08,5.5629156642683064e-08,5.562918045326878e-08,5.5629204263767536e-08,5.562922807412637e-08,5.562925188436911e-08,5.562927569450339e-08,5.5629299504510294e-08,5.5629323314405364e-08,5.562934712421148e-08,5.562937093387096e-08,5.562939474343109e-08,5.562941855285259e-08,5.56294423621831e-08,5.562946617137786e-08,5.562948998044084e-08,5.5629513789419046e-08,5.562953759825446e-08,5.5629561406981085e-08,5.5629585215610224e-08,5.562960902411289e-08,5.562963283250035e-08,5.5629656640753735e-08,5.5629680448897584e-08,5.5629704256923986e-08,5.56297280648349e-08,5.5629751872640466e-08,5.5629775680367793e-08,5.562979948792214e-08,5.562982329538695e-08,5.5629847102746966e-08,5.562987090996429e-08,5.562989471705491e-08,5.562991852403267e-08,5.5629942330908704e-08,5.5629966137653275e-08,5.562998994427962e-08,5.563001375079066e-08,5.5630037557175643e-08,5.5630061363455874e-08,5.563008516960028e-08,5.563010897565681e-08,5.563013278158239e-08,5.5630156587392685e-08,5.5630180393083943e-08,5.5630204198686535e-08,5.563022800414609e-08,5.5630251809510195e-08,5.5630275614782655e-08,5.563029941987499e-08,5.563032322491697e-08,5.563034702978533e-08,5.5630370834544255e-08,5.5630394639165406e-08,5.5630418443691736e-08,5.56304422481262e-08,5.563046605239001e-08,5.563048985658347e-08,5.563051366067417e-08,5.563053746465153e-08,5.563056126852938e-08,5.5630585072245604e-08,5.5630608875835606e-08,5.563063267931581e-08,5.563065648267445e-08,5.563068028595928e-08,5.5630704089080875e-08,5.563072789213116e-08,5.5630751695023535e-08,5.56307754977029e-08,5.5630799300352353e-08,5.5630823102893404e-08,5.563084690535815e-08,5.56308707076682e-08,5.563089450985148e-08,5.563091831193606e-08,5.56309421138935e-08,5.5630965915755135e-08,5.563098971746415e-08,5.563101351913715e-08,5.563103732064466e-08,5.563106112201716e-08
19,2.765544312389184e-69,4.58475760983453e-68,1.7306204653626027e-67,4.362535674282634e-67,9.537792156321289e-67,1.8460765188262297e-66,3.2711180168941946e-66,5.426839204125595e-66,8.552411377005992e-66,1.2931624032958897e-65,1.8896219526364786e-65,2.682919969456979e-65,3.7168119640364337e-65,5.0408379860539405e-65,6.710652454334198e-65,8.788355112763651e-65,1.1342823405821178e-64,1.4450046405400557e-64,1.8193460301084774e-64,2.266428538309678e-64,2.7961864393171887e-64,3.419400208921007e-64,4.1477305849174294e-64,4.993752714428488e-64,5.970990371160004e-64,7.09395022662272e-64,8.378156162010978e-64,9.840183606690754e-64,1.149769389336039e-63,1.3369468620444696e-63,1.547544401255345e-63,1.7836745274531394e-63,2.0475720931671014e-63,2.3415977153200304e-63,2.6682412054886217e-63,3.0301249978639615e-63,3.430007574718762e-63,3.870786889283136e-63,4.355503785690094e-63,4.887345416392693e-63,5.469648656532633e-63,6.105903515627339e-63,6.799756546342557e-63,7.555014250359002e-63,8.375646481868439e-63,9.265789847679323e-63,1.0229751105120432e-62,1.1272010557111869e-62,1.2397225444574183e-62,1.3610233336124107e-62,1.4916055515467036e-62,1.631990036591281e-62,1.782716675302578e-62,1.9443447403787827e-62,2.1174532284372347e-62,2.3026411974683577e-62,2.5005281041251673e-62,2.711754140691769e-62,2.936980571894714e-62,3.1768900714383513e-62,3.4321870582929022e-62,3.7035980328152384e-62,3.991871912548953e-62,4.297780367936383e-62,4.622118157583825e-62,4.9657034635808025e-62,5.329378226303173e-62,5.714008479221778e-62,6.120484683371387e-62,6.549722061602199e-62,7.002660932660408e-62,7.480267044989664e-62,7.983531910329204e-62,8.513473137104672e-62,9.071134763582528e-62,9.65758759082315e-62,1.0273929515322152e-61,1.0921285861657207e-61,1.160080971456911e-61,1.2313682251152392e-61,1.3061113072658696e-61,1.3844340536035323e-61,1.466463208539797e-61,1.5523284583243085e-61,1.6421624641263955e-61,1.7361008951178188e-61,1.8342824615254348e-61,1.936848947655088e-61,2.043945244903455e-61,2.1557193847414913e-61,2.2723225716791873e-61,2.3939092162119076e-61,2.5206369677281085e-61,2.6526667474266272e-61,2.790162781180306e-61,2.933292632384613e-61,3.0822272348199905e-61,3.2371409254260266e-61,3.398211477121818e-61,3.56562013154588e-61,3.7395516318410685e-61,3.920194255338402e-61,4.107739846277208e-61,4.302383848501349e-61,4.5043253380915085e-61,4.71376705601964e-61,4.930915440770688e-61,5.1559806609218214e-61,5.389176647724718e-61,5.630721127655286e-61,5.880835654945952e-61,6.139745644103225e-61,6.407680402385152e-61,6.684873162231308e-61,6.971561113787918e-61,7.267985437256551e-61,7.574391335349732e-61,7.89102806560823e-61,8.218148972830604e-61,8.556011521356882e-61,8.904877327398168e-61,9.265012191372697e-61,9.636686130090153e-61,1.0020173409101773e-60,1.0415752574868908e-60,1.082370648695338e-60,1.1244322350274717e-60,1.1677891747248464e-60,1.212471066986662e-60,1.2585079551931319e-60,1.3059303301099088e-60,1.3547691330920965e-60,1.4050557592977396e-60,1.4568220608916534e-60,1.510100350235561e-60,1.5649234031039422e-60,1.621324461872229e-60,1.6793372387144197e-60,1.7389959187916828e-60,1.8003351634492947e-60,1.8633901134095163e-60,1.9281963919444797e-60,1.9947901080734884e-60,2.0632078597443554e-60,2.1334867370041573e-60,2.2056643251945535e-60,2.2797787081100717e-60,2.3558684711865925e-60,2.4339727046652482e-60,2.5141310067659185e-60,2.5963834868544283e-60,2.6807707686089563e-60,2.767333993181472e-60,2.8561148223649657e-60,2.947155441748172e-60,3.0404985638713796e-60,3.1361874313915515e-60,3.234265820216621e-60,3.334778042686111e-60,3.4377689506902265e-60,3.5432839388316664e-60,3.6513689475779554e-60,3.762070466385529e-60,3.875435536857951e-60,3.9915117558737384e-60,4.1103472787283456e-60,4.2319908222600334e-60,4.3564916680005563e-60,4.4838996652856123e-60,4.6142652344030186e-60,4.747639369687079e-60,4.884073642689582e-60,5.02362020526184e-60,5.166331792682779e-60,5.312261726805201e-60,5.46146391913227e-60,5.613992873959367e-60,5.7699036914648e-60,5.929252070840768e-60,6.092094313388126e-60,6.258487325624719e-60,6.428488622392265e-60,6.602156329942083e-60,6.779549189071881e-60,6.960726558171434e-60,7.145748416367463e-60,7.334675366588087e-60,7.527568638646326e-60,7.724490092372183e-60,7.925502220653487e-60,8.130668152546983e-60,8.340051656345807e-60,8.553717142677741e-60,8.771729667576417e-60,8.994154935545212e-60,9.221059302657567e-60,9.452509779605172e-60,9.688574034799872e-60,9.929320397397444e-60,1.0174817860410918e-59,1.0425136083746163e-59,1.0680345397285207e-59,1.0940516803909895e-59,1.1205721982607885e-59,1.147603329152726e-59,1.1751523770945417e-59,1.203226714644996e-59,1.2318337831912532e-59,1.2609810932541074e-59,1.2906762247937813e-59,1.3209268275151335e-59,1.35174062117066e-59,1.383125395867388e-59,1.4150890123633414e-59,1.4476394023807197e-59,1.4807845689057887e-59,1.5145325864877284e-59,1.5488916015444412e-59,1.5838698326706341e-59,1.6194755709321048e-59,1.6557171801761205e-59,1.6926030973250395e-59,1.7301418326857114e-59,1.7683419702498678e-59,1.8072121679909178e-59,1.846761158172778e-59,1.8869977476446182e-59,1.9279308181475098e-59,1.9695693266078045e-59,2.0119223054462524e-59,2.0549988628754796e-59,2.0988081831960987e-59,2.1433595271026297e-59,2.188662231978638e-59,2.234725712200913e-59,2.2815594594346134e-59,2.3291730429355123e-59,2.3775761098487376e-59,2.4267783855078654e-59,2.4767896737277413e-59,2.527619857114016e-59,2.5792788973522333e-59,2.6317768355087703e-59,2.6851237923328243e-59,2.7393299685423495e-59,2.794405645138649e-59,2.850361183689551e-59,2.9072070266306277e-59,2.9649536975668225e-59,3.023611801562382e-59,3.083192025438667e-59,3.1437051380780005e-59,3.2051619907082413e-59,3.2675735172051305e-59,3.3309507343896347e-59,3.395304742321245e-59,3.4606467245878213e-59,3.526987948614094e-59,3.5943397659422905e-59,3.662713612533668e-59,3.7321210090621504e-59,3.8025735612169895e-59,3.8740829599789605e-59,3.946660981928369e-59,4.020319489533271e-59,4.095070431448309e-59,4.170925842802543e-59,4.247897845492783e-59,4.325998648478623e-59,4.405240548075255e-59,4.485635928251534e-59,4.567197260903491e-59,4.64993710617508e-59,4.733868112723923e-59,4.819003018030472e-59,4.905354648678179e-59,4.992935920652117e-59,5.0817598396280105e-59,5.171839501265836e-59,5.263188091493793e-59,5.355818886805726e-59,5.449745254549797e-59,5.544980653221354e-59,5.641538632742067e-59,5.739432834764103e-59,5.838676992952765e-59,5.9392849332736945e-59,6.041270574288231e-59,6.1446479274384905e-59,6.249431097339888e-59,6.355634282064496e-59,6.463271773434909e-59,6.572357957304814e-59,6.682907313863905e-59,6.794934417900492e-59,6.908453939114789e-59,7.023480642391228e-59,7.140029388086287e-59,7.258115132327482e-59,7.3777529272895655e-59,7.4989579214770205e-59,7.621745360028128e-59,7.746130584980577e-59,7.872129035584314e-59,7.999756248552768e-59,8.129027858378447e-59,8.259959597604446e-59,8.392567297117901e-59,8.526866886423141e-59,8.662874393947537e-59,8.800605947293846e-59,8.94007777356794e-59,9.081306199623114e-59,9.224307652364051e-59,9.369098659033743e-59,9.515695847488657e-59,9.664115946486825e-59,9.814375785971208e-59,9.966492297350883e-59,1.0120482513790857e-58,1.02763635704851e-58,1.0434152704950568e-58,1.0593867257302522e-58,1.0755524670530229e-58,1.0919142490803456e-58,1.1084738367722187e-58,1.1252330054630838e-58,1.1421935408874914e-58,1.1593572392093693e-58,1.176725907050578e-58,1.1943013615176685e-58,1.2120854302316206e-58,1.2300799513542813e-58,1.248286773618421e-58,1.2667077563528983e-58,1.2853447695140728e-58,1.304199693710506e-58,1.323274420234941e-58,1.3425708510874398e-58,1.3620908990076573e-58,1.3818364875003724e-58,1.4018095508626845e-58,1.4220120342152471e-58,1.4424458935276866e-58,1.4631130956455089e-58,1.484015618320566e-58,1.5051554502377101e-58,1.5265345910427648e-58,1.5481550513685023e-58,1.57001885286629e-58,1.5921280282288311e-58,1.614484621224592e-58,1.6370906867167568e-58,1.659948290699165e-58,1.683059510319507e-58,1.7064264339075123e-58,1.7300511610039008e-58,1.753935802387168e-58,1.7780824801008246e-58,1.8024933274808434e-58,1.827170489185419e-58,1.852116121220171e-58,1.877332390965979e-58,1.9028214772061823e-58,1.928585570157017e-58,1.954626871490864e-58,1.9809475943662813e-58,2.0075499634557018e-58,2.0344362149718274e-58,2.061608596693558e-58,2.0890693679981443e-58,2.1168207998826104e-58,2.1448651749956596e-58,2.173204787663097e-58,2.2018419439140433e-58,2.2307789615117137e-58,2.260018169976743e-58,2.289561910617694e-58,2.319412536556794e-58,2.3495724127552978e-58,2.3800439160450066e-58,2.4108294351508428e-58,2.441931370723466e-58,2.473352135358929e-58,2.505094153633702e-58,2.537159862127623e-58,2.5695517094504016e-58,2.602272156269589e-58,2.63532367534105e-58,2.6687087515281346e-58,2.7024298818365168e-58,2.7364895754393768e-58,2.7708903536981837e-58,2.8056347501999912e-58,2.84072531077611e-58,2.8761645935333405e-58,2.911955168877772e-58,2.948099619546538e-58,2.9846005406275567e-58,3.0214605395942966e-58,3.058682236328331e-58,3.096268263142135e-58,3.1342212648175403e-58,3.172543898617391e-58,3.2112388343276195e-58,3.2503087542731086e-58,3.28975635334836e-58,3.329584339043755e-58,3.369795431472388e-58,3.4103923633985436e-58,3.451377880260101e-58,3.492754740200359e-58,3.534525714089079e-58,3.576693585553553e-58,3.619261151003696e-58,3.662231219658367e-58,3.705606613574243e-58,3.749390167665916e-58,3.7935847297413615e-58,3.838193160519592e-58,3.88321833366611e-58,3.928663135812128e-58,3.9745304665834586e-58,4.02082323862903e-58,4.0675443776416065e-58,4.11469682239209e-58,4.162283524750823e-58,4.2103074497161736e-58,4.258771575433624e-58,4.307678893237438e-58,4.357032407658705e-58,4.4068351364684965e-58,4.4570901106907786e-58,4.507800374638271e-58,4.558968985931756e-58,4.610599015530621e-58,4.662693547756915e-58,4.7152556803257436e-58,4.768288524361349e-58,4.821795204436239e-58,4.8757788585872734e-58,4.9302426383478656e-58,4.985189708770481e-58,5.0406232484568584e-58,5.096546449576997e-58,5.152962517900518e-58,5.2098746728248385e-58,5.267286147395072e-58,5.3252001883343765e-58,5.383620056069127e-58,5.442549024752773e-58,5.501990382294024e-58,5.5619474303836526e-58,5.622423484517487e-58,5.683421874023943e-58,5.7449459420895804e-58,5.806999045786236e-58,5.869584556093111e-58,5.9327058579320676e-58,5.996366350176012e-58,6.060569445697669e-58,6.125318571371273e-58,6.19061716812083e-58,6.256468690923897e-58,6.322876608860213e-58,6.389844405118e-58,6.457375577029737e-58,6.525473636095868e-58,6.594142108008724e-58,6.663384532685213e-58,6.733204464284309e-58,6.80360547122736e-58,6.874591136239157e-58,6.946165056367425e-58,7.01833084300273e-58,7.091092121910705e-58,7.164452533253665e-58,7.238415731617341e-58,7.312985386040548e-58,7.388165180029715e-58,7.463958811596397e-58,7.540369993280164e-58,7.61740245216234e-58,7.695059929909337e-58,7.773346182786783e-58,7.852264981683846e-58,7.931820112149933e-58,8.012015374406595e-58,8.09285458337668e-58,8.174341568719725e-58,8.256480174839207e-58,8.339274260927352e-58,8.422727700970544e-58,8.506844383798218e-58,8.591628213079485e-58,8.677083107376464e-58,8.763213000148467e-58,8.850021839789555e-58,8.937513589644463e-58,9.025692228044147e-58,9.114561748322149e-58,9.204126158847723e-58,9.29438948303644e-58,9.38535575939881e-58,9.477029041540861e-58,9.569413398200582e-58,9.662512913279918e-58,9.756331685855884e-58,9.850873830213334e-58,9.946143475872259e-58,1.0042144767600205e-57,1.013888186545513e-57,1.0236358944793387e-57,1.0334580196307735e-57,1.0433549826048404e-57,1.0533272055440509e-57,1.0633751121319094e-57,1.0734991275949179e-57,1.0836996787054268e-57,1.0939771937833476e-57,1.1043321026992867e-57,1.1147648368764615e-57,1.1252758292946235e-57,1.135865514489776e-57,1.1465343285601281e-57,1.157282709165666e-57,1.1681110955320584e-57,1.1790199284526471e-57,1.190009650291924e-57,1.2010807049856214e-57,1.2122335380458391e-57,1.2234685965621207e-57,1.2347863292038866e-57,1.2461871862232749e-57,1.2576716194578672e-57,1.2692400823323915e-57,1.280893029861222e-57,1.2926309186521898e-57,1.3044542069069283e-57,1.3163633544249798e-57,1.328358822605715e-57,1.3404410744497958e-57,1.3526105745641062e-57,1.3648677891615928e-57,1.3772131860648103e-57,1.3896472347084962e-57,1.4021704061422766e-57,1.4147831730318035e-57,1.427486009661785e-57,1.4402793919406114e-57,1.4531637973983752e-57,1.466139705193528e-57,1.479207596112863e-57,1.4923679525737813e-57,1.5056212586294837e-57,1.5189679999677378e-57,1.5324086639163737e-57,1.5459437394434177e-57,1.5595737171602546e-57,1.5732990893249636e-57,1.5871203498445505e-57,1.6010379942755233e-57,1.615052519827589e-57,1.6291644253676234e-57,1.6433742114190797e-57,1.6576823801663292e-57,1.6720894354564786e-57,1.6865958828021395e-57,1.7012022293835941e-57,1.7159089840510793e-57,1.7307166573272146e-57,1.7456257614097616e-57,1.7606368101730122e-57,1.7757503191719724e-57,1.7909668056427995e-57,1.8062867885063094e-57,1.8217107883704217e-57,1.8372393275323272e-57,1.8528729299803168e-57,1.8686121213970397e-57,1.8844574291611783e-57,1.9004093823511063e-57,1.9164685117450618e-57,1.9326353498258287e-57,1.9489104307813606e-57,1.9652942905077308e-57,1.9817874666127805e-57,1.9983904984163876e-57,2.0151039269535833e-57,2.031928294978511e-57,2.0488641469644176e-57,2.0659120291065546e-57,2.0830724893267013e-57,2.10034607727224e-57,2.1177333443210753e-57,2.1352348435824755e-57,2.152851129899393e-57,2.1705827598540554e-57,2.1884302917653034e-57,2.2063942856931285e-57,2.2244753034430207e-57,2.2426739085655674e-57,2.2609906663593017e-57,2.279426143874405e-57,2.2979809099141898e-57,2.316655535036593e-57,2.3354505915582275e-57,2.3543666535553336e-57,2.3734042968667756e-57,2.3925640990957416e-57,2.4118466396139603e-57,2.4312524995607931e-57,2.450782261849601e-57,2.4704365111654983e-57,2.490215833971998e-57,2.5101208185107683e-57,2.5301520548044957e-57,2.5503101346597905e-57,2.5705956516681353e-57,2.591009201209956e-57,2.6115513804563383e-57,2.632222788370879e-57,2.653024025711301e-57,2.673955695033735e-57,2.695018400694782e-57,2.7162127488511e-57,2.737539347465158e-57,2.758998806305597e-57,2.7805917369500193e-57,2.802318752787433e-57,2.824180469020072e-57,2.8461775026678104e-57,2.86831047256574e-57,2.8905799993711673e-57,2.912986705564519e-57,2.9355312154496036e-57,2.958214155160441e-57,2.9810361526584166e-57,3.003997837737475e-57,3.027099842025327e-57,3.0503427989884675e-57,3.0737273439291833e-57,3.097254113993695e-57,3.1209237481686026e-57,3.14473688728955e-57,3.16869417403772e-57,3.192796252946335e-57,3.217043770399591e-57,3.241437374636554e-57,3.2659777157554267e-57,3.290665445711274e-57,3.315501218322463e-57,3.340485689271137e-57,3.3656195161047705e-57,3.3909033582407317e-57,3.416337876965457e-57,3.4419237354397893e-57,3.467661598699301e-57,3.493552133657055e-57,3.519596009105946e-57,3.545793895720953e-57,3.5721464660619235e-57,3.5986543945742906e-57,3.625318357594111e-57,3.652139033345325e-57,3.679117101948537e-57,3.7062532454184906e-57,3.733548147667348e-57,3.7610024945094855e-57,3.788616973658709e-57,3.816392274735662e-57,3.8443290892663823e-57,3.8724281106870734e-57,3.900690034344402e-57,3.92911555749963e-57,3.957705379329177e-57,3.986460200928735e-57,4.0153807253101554e-57,4.044467657414096e-57,4.073721704100842e-57,4.1031435741595133e-57,4.132733978309077e-57,4.16249362919955e-57,4.192423241413621e-57,4.222523531471078e-57,4.2527952178294985e-57,4.283239020886384e-57,4.3138556629822984e-57,4.3446458684037164e-57,4.375610363380572e-57,4.406749876096119e-57,4.4380651366829855e-57,4.469556877227073e-57,4.5012258317714347e-57,4.5330727363154133e-57,4.5650983288212e-57,4.597303349211341e-57,4.629688539373757e-57,4.662254643162822e-57,4.695002406404137e-57,4.7279325768912387e-57,4.7610459043936236e-57,4.7943431406571256e-57,4.8278250394018436e-57,4.8614923563318316e-57,4.895345849131508e-57,4.929386277469317e-57,4.9636144030032717e-57,4.9980309893778645e-57,5.032636802227961e-57,5.0674326091829116e-57,5.102419179867019e-57,5.137597285904826e-57,5.17296770091572e-57,5.208531200525968e-57,5.244288562362578e-57,5.280240566061305e-57,5.316387993264939e-57,5.352731627626582e-57,5.389272254814374e-57,5.426010662508088e-57,5.462947640408365e-57,5.500083980233926e-57,5.537420475723283e-57,5.574957922641955e-57,5.612697118778478e-57,5.650638863950873e-57,5.688783960007534e-57,5.727133210828138e-57,5.765687422328132e-57,5.804447402458572e-57,5.843413961210124e-57,5.882587910615047e-57,5.921970064746924e-57,5.961561239726312e-57,6.001362253721625e-57,6.041373926949202e-57,6.081597081679163e-57,6.122032542231497e-57,6.162681134988837e-57,6.203543688385615e-57,6.244621032919455e-57,6.28591400115298e-57,6.327423427707803e-57,6.369150149277245e-57,6.41109500462192e-57,6.453258834573763e-57,6.495642482035326e-57,6.538246791988214e-57,6.581072611489781e-57,6.624120789676892e-57,6.667392177768929e-57,6.71088762906854e-57,6.754607998964442e-57,6.798554144933815e-57,6.842726926542275e-57,6.887127205450272e-57,6.931755845411767e-57,6.976613712276489e-57,7.021701673995952e-57,7.067020600617854e-57,7.112571364294586e-57,7.158354839287428e-57,7.204371901958527e-57,7.250623430782592e-57,7.297110306347079e-57,7.343833411350403e-57,7.39079363060967e-57,7.43799185105364e-57,7.485428961738032e-57,7.533105853834089e-57,7.581023420645186e-57,7.629182557590806e-57,7.677584162228294e-57,7.726229134237037e-57,7.775118375433969e-57,7.824252789770258e-57,7.873633283332375e-57,7.92326076434408e-57,7.973136143172947e-57,8.023260332327181e-57,8.073634246463994e-57,8.12425880237908e-57,8.175134919026703e-57,8.226263517506186e-57,8.277645521075044e-57,8.329281855138823e-57,8.381173447269891e-57,8.433321227191629e-57,8.485726126794734e-57,8.538389080131472e-57,8.591311023419987e-57,8.644492895045681e-57,8.697935635565925e-57,8.751640187705653e-57,8.805607496370592e-57,8.859838508636106e-57,8.914334173759341e-57,8.969095443177798e-57,9.024123270510925e-57,9.07941861155776e-57,9.134982424311199e-57,9.190815668949735e-57,9.246919307840354e-57,9.303294305547084e-57,9.359941628823043e-57,9.416862246621907e-57,9.47405713009633e-57,9.531527252594055e-57,9.589273589675633e-57,9.647297119098346e-57,9.705598820829276e-57,9.764179677046222e-57,9.823040672133013e-57,9.882182792694098e-57,9.941607027540506e-57,1.0001314367707812e-56,1.006130580644421e-56,1.0121582339226513e-56,1.0182144963747738e-56,1.0242994679932552e-56,1.0304132489927658e-56,1.036555939811131e-56,1.042727641109419e-56,1.0489284537720993e-56,1.055158478906535e-56,1.061417817844736e-56,1.067706572142226e-56,1.0740248435788047e-56,1.0803727341584872e-56,1.0867503461097293e-56,1.0931577818861338e-56,1.0995951441659537e-56,1.1060625358526322e-56,1.1125600600752812e-56,1.1190878201882505e-56,1.1256459197718354e-56,1.1322344626322741e-56,1.1388535528018698e-56,1.145503294539345e-56,1.1521837923301173e-56,1.1588951508859287e-56,1.1656374751464536e-56,1.172410870277615e-56,1.1792154416730864e-56,1.1860512949538907e-56,1.1929185359692873e-56,1.1998172707961324e-56,1.2067476057396158e-56,1.2137096473330983e-56,1.220703502338887e-56,1.227729277747459e-56,1.2347870807790404e-56,1.2418770188823182e-56,1.2489991997358403e-56,1.2561537312476048e-56,1.2633407215550886e-56,1.2705602790260657e-56,1.2778125122584108e-56,1.2850975300807807e-56,1.2924154415509876e-56,1.2997663559593506e-56,1.3071503828255733e-56,1.3145676319022643e-56,1.3220182131720155e-56,1.3295022368491062e-56,1.3370198133800112e-56,1.3445710534430752e-56,1.352156067948511e-56,1.3597749680394104e-56,1.367427865090616e-56,1.3751148707106046e-56,1.3828360967396893e-56,1.390591655252249e-56,1.3983816585556684e-56,1.406206219190849e-56,1.4140654499324019e-56,1.4219594637887562e-56,1.4298883740024945e-56,1.4378522940508915e-56,1.4458513376452433e-56,1.4538856187312302e-56,1.4619552514906803e-56,1.4700603503392754e-56,1.4782010299280866e-56,1.4863774051443621e-56,1.4945895911106998e-56,1.5028377031851831e-56,1.5111218569625338e-56,1.5194421682732957e-56,1.5277987531846791e-56,1.5361917280003737e-56,1.5446212092611288e-56,1.5530873137446216e-56,1.561590158465931e-56,1.5701298606764647e-56,1.578706537867475e-56,1.5873203077657646e-56,1.5959712883372677e-56,1.6046595977857887e-56,1.6133853545537785e-56,1.6221486773218272e-56,1.6309496850097275e-56,1.6397884967762547e-56,1.648665232018962e-56,1.657580010375008e-56,1.6665329517207203e-56,1.6755241761728071e-56,1.6845538040877723e-56,1.693621956061665e-56,1.7027287529311718e-56,1.7118743157734453e-56,1.7210587659067092e-56,1.7302822248894881e-56,1.7395448145216614e-56,1.7488466568445147e-56,1.758187874140459e-56,1.7675685889339927e-56,1.776988923990672e-56,1.7864490023188172e-56,1.7959489471689687e-56,1.805488882033116e-56,1.815068930647477e-56,1.8246892169895253e-56,1.8343498652804598e-56,1.8440509999841677e-56,1.853792745808973e-56,1.8635752277059535e-56,1.8733985708695153e-56,1.883262900738372e-56,1.89316834299632e-56,1.903115023569803e-56,1.9131030686305735e-56,1.923132604594732e-56,1.9332037581246494e-56,1.9433166561257838e-56,1.9534714257501285e-56,1.9636681943942636e-56,1.9739070897010745e-56,1.9841882395594127e-56,1.9945117721028417e-56,2.0048778157130142e-56,2.0152864990164359e-56,2.025737950886506e-56,2.036232300443474e-56,2.046769677055401e-56,2.057350210335887e-56,2.067974030147157e-56,2.078641266598239e-56,2.0893520500460055e-56,2.1001065110954167e-56,2.110904780599076e-56,2.1217469896578787e-56,2.132633269622222e-56,2.143563752089295e-56,2.1545385689064317e-56,2.165557852169545e-56,2.176621734223899e-56,2.18773034766348e-56,2.1988838253333003e-56,2.2100823003260743e-56,2.2213259059865e-56,2.23261477590748e-56,2.2439490439334716e-56,2.2553288441590706e-56,2.2667543109296208e-56,2.278225578840869e-56,2.2897427827402597e-56,2.301306057726026e-56,2.312915539147741e-56,2.3245713626068555e-56,2.3362736639560883e-56,2.3480225793002213e-56,2.3598182449978007e-56,2.371660797656964e-56,2.383550374140316e-56,2.3954871115626324e-56,2.4074711472908955e-56,2.4195026189460787e-56,2.4315816644024455e-56,2.4437084217859963e-56,2.4558830294789697e-56,2.4681056261156854e-56,2.4803763505839916e-56,2.492695342027359e-56,2.505062739842492e-56,2.517478683681402e-56,2.5299433134499595e-56,2.5424567693099125e-56,2.555019191677204e-56,2.5676307212230686e-56,2.580291498874979e-56,2.593001665815236e-56,2.6057613634823362e-56,2.61857073357006e-56,2.631429918029627e-56,2.6443390590679674e-56,2.6572982991473104e-56,2.670307780987954e-56,2.6833676475671494e-56,1.2577372868885082e-36,6.816655673630906e-36,2.0880800642574588e-35,4.845456030232651e-35,9.513210959978627e-35,1.6698430718157771e-34,2.705078935700812e-34,4.1261376159858025e-34,6.006393436039968e-34,8.423756847920728e-34,1.1461033962186561e-33,1.5206340286090333e-33,1.9753549099400385e-33,2.5202764360053564e-33,3.166081388766051e-33,3.9241762116010826e-33,4.806744379007535e-33,5.826802116664021e-33,6.998256792154608e-33,8.335968330091813e-33,9.855814022348097e-33,1.1574757113524034e-32,1.3510919549001587e-32,1.5683659281059936e-32,1.8113652539292828e-32,2.0822981485851029e-32,2.3835227694255813e-32,2.717557191284836e-32,3.087090060039948e-32,3.494991975200416e-32,3.9443276568165634e-32,4.4383689558936925e-32,4.98060877183078e-32,5.574775945180013e-32,6.224851199273188e-32,6.935084210005776e-32,7.710011889351716e-32,8.554477975028341e-32,9.473654026201422e-32,1.0473061933256323e-31,1.1558598058528352e-31,1.2736559134543706e-31,1.401367005684908e-31,1.5397113719982142e-31,1.6894563057645963e-31,1.8514215461798758e-31,2.0264829770264514e-31,2.2155766028732598e-31,2.4197028250779215e-31,2.639931041895822e-31,2.8774045991241505e-31,3.133346120031543e-31,3.409063245866719e-31,3.7059548210248754e-31,4.025517560002518e-31,4.369353236617341e-31,4.739176439643416e-31,5.1368229430414935e-31,5.564258743392686e-31,6.023589822010858e-31,6.51707269456175e-31,7.047125816907593e-31,7.616341922382016e-31,8.227501372850116e-31,8.883586613787379e-31,9.587797832309199e-31,1.0343569926683407e-30,1.1154590906468081e-30,1.2024821854143666e-30,1.295851859208663e-30,1.3960255213103373e-30,1.5034949648658744e-30,1.618789146659129e-30,1.7424772109693645e-30,1.8751717808293846e-30,2.0175325424149934e-30,2.170270150986223e-30,2.3341504897943155e-30,2.5099993167035293e-30,2.6987073369950367e-30,2.9012357449699442e-30,3.1186222816029695e-30,3.35198786067904e-30,3.602543821641736e-30,3.871599873873852e-30,4.160572804406105e-30,4.470996029213879e-30,4.804530077429095e-30,5.162974108099248e-30,5.548278570721197e-30,5.962559133837228e-30,6.408112020706218e-30,6.887430907681637e-30,7.403225559706336e-30,7.958442398572092e-30,8.556287223640791e-30,9.200250331985155e-30,9.894134315846895e-30,1.0642084850457589e-29,1.144862482526003e-29,1.2318692217105724e-29,1.325768215593934e-29,1.4271493692775357e-29,1.536658184756072e-29,1.6550015592117913e-29,1.7829542512310626e-29,1.9213660995676836e-29,2.0711700908126894e-29,2.233391385839243e-29,2.4091574304628772e-29,2.5997092937345005e-29,2.806414398069357e-29,3.030780829484078e-29,3.2744734441313854e-29,3.539332019754685e-29,3.827391738423826e-29,4.140906330904691e-29,4.482374264382521e-29,4.854568415344705e-29,5.260569739840606e-29,5.703805536006229e-29,6.188092990984059e-29,6.717688818982373e-29,7.297345932570258e-29,7.932378249484277e-29,8.628734927178889e-29,9.39308554310944e-29,1.0232918007638797e-28,1.11566513174833e-28,1.2173765641755424e-28,1.3294952693446713e-28,1.4532289893273571e-28,1.5899442500759926e-28,1.7411898694784867e-28,1.9087243564254864e-28,2.0945479158650515e-28,2.30093991973715e-28,2.530502880816831e-28,2.78621418366452e-28,3.0714870939640704e-28,3.3902428970488464e-28,3.74699642431867e-28,4.146957732904545e-28,4.596153335479153e-28,5.101571167188964e-28,5.6713344688285685e-28,6.314911016129788e-28,7.0433657081635325e-28,7.869666540055104e-28,8.809056553857053e-28,9.879507655094046e-28,1.110227642549702e-27,1.2502587554798602e-27,1.4110477659713085e-27,1.5961841602254556e-27,1.8099735705206277e-27,2.0576008507059794e-27,2.345335130396173e-27,2.680788963713471e-27,3.0732475818465714e-27,3.53408953691011e-27,4.0773272300194945e-27,4.7203057244746854e-27,5.4846119731209794e-27,6.39726576231391e-27,7.492290677856967e-27,8.812801762984913e-27,1.0413801550135186e-26,1.2365955798849641e-26,1.4760736781142318e-26,1.7717494225585745e-26,2.139327166449672e-26,2.5996575889619995e-26,3.1806905050949264e-26,3.920276991344267e-26,4.5453653012534226e-26,4.5453653012560537e-26,4.545365301259672e-26,4.5453653012756766e-26,5.687701753188108e-26,7.182141897682835e-26,9.159084057251024e-26,1.1805768498629538e-25,1.5395429102594115e-25,2.0333620687812461e-25,2.7233429606409756e-25,3.7040334044024716e-25,5.124454619453123e-25,7.225174280842567e-25,1.0404924613973443e-24,1.5344171727086732e-24,2.3242522072346734e-24,3.629303774787178e-24,5.867231732130621e-24,9.870694449937377e-24,1.739228770696304e-23,3.2347391379415856e-23,6.4123756766879e-23,1.3715131826409698e-22,3.215230097090782e-22,8.45586355500059e-22,2.637338115360962e-21,1.2188494537286885e-20,1.4541193354984545e-19,1.590319560534134e-19,5.928499355585002e-18,2.7002513844948394e-16,1.3081291018142667e-14,5.898194644435872e-13,2.139691226321365e-11,5.419690287946901e-10,7.799273273272951e-10,1.771464450938554e-08,1.520055572900578e-07,7.690564097787035e-07,2.5929000604418357e-06,6.397009445391201e-06,1.2490270860391835e-05,2.0545630612697803e-05,2.985192613188125e-05,3.9658442097226204e-05,4.9378721507553234e-05,5.8639329627110904e-05,6.724602410105715e-05,7.512804580848342e-05,8.228913942020724e-05,8.877275271915309e-05,9.464000086377821e-05,9.995680626967197e-05,0.0001047869669970439,0.00010918881869510653,0.00011321397071891672,0.0001169071792688607,0.00012030679909159054,0.0001234454904377775,0.00012635100022498116,0.00012904692090980041,0.00013155338001526155,0.00013388764158841346,0.00013606461658298175,0.0001380972874220709,0.00013999705587953914,0.00014177402478888378,0.00014343722405930868,0.00014499479071481132,0.0001464541115707397,0.00014782193595483845,0.00014910446469215937,0.00015030742048309788,0.00015143610383450818,0.00015249543787105018,0.00015349000465271752,0.00015442407504824503,0.00015530163373654016,0.00015612640053899612,0.00015690184898203992,0.00015763122275886288,0.00015831755058138427,0.00015896365977347143,0.00015957218886146542,0.00016014559933773576,0.00016068618672034838,0.0001611960909936794,0.00016167730648862424,0.00016213169123994886,0.0001625609758511109,0.00016296677188554668,0.0001633505798006683,0.0001637137964394389,0.00016405772209190475,0.00016438356714182614,0.0001646924583103228,0.00016498544451264968,0.00016526350234303053,0.0001655275412031784,0.00016577840809165273,0.0001660168920699989,0.00016624372842330808,0.00016645960253145367,0.000166665153468078,0.00016686097734314179,0.00016704763040593736,0.00016722563192222818,0.0001673954668429012,0.00016755758827435234,0.00016771241976922332,0.0001678603574449497,0.00016800177194617675,0.00016813701026029747,0.0001682663973974545,0.00016839023794494067,0.0001685088175053133,0.00016862240402688522,0.000168731249034702,0.0001688355887697101,0.00016893564524284643,0.00016903162721086751,0.00016912373107948607,0.00016921214173995142,0.00016929703334364434,0.00016937857001991173,0.0001694569065411611,0.00016953218893951913,0.0001696045550787076,0.00016967413518450349,0.00016974105233704981,0.00016980542292805537,0.000169867357085138,0.0001699269590664366,0.00016998432762716764,0.00017003955636080102,0.00017009273401618144,0.00017014394479297353,0.00017019326861662765,0.00017024078139461126,0.000170286555255392,0.00017033065877109207,0.00017037315716541765,0.00017041411250767692,0.00017045358389402717,0.000170491627616824,0.00017052829732301108,0.00017056364416210296,0.00017059771692498407,0.00017063056217351288,0.000170662224362271,0.00017069274595247463,0.00017072216751874223,0.0001707505278495063,0.00017077786404112196,0.00017080421158620915,0.00017082960445676914,0.00017085407518220263,0.00017087765492287602,0.00017090037353913848,0.00017092225965642914,0.00017094334072659554,0.00017096364308560871,0.00017098319200809618,0.00017100201175858842,0.00017102012564015981,0.0001710375560400953,0.00017105432447316873,0.00017107045162249943,0.0001710859573781612,0.0001711008608737393,0.00017111518052091395,0.00017112893404218105,0.00017114213850185812,0.00017115481033545295,0.0001711669653775056,0.0001711786188880041,0.00017118978557742075,0.00017120047963048595,0.0001712107147287601,0.00017122050407207095,0.00017122986039887946,0.0001712387960056478,0.0001712473227652523,0.00017125545214448866,0.00017126319522074574,0.00017127056269788032,0.0001712775649213144,0.00017128421189243744,0.00017129051328232465,0.00017129647844481624,0.00017130211642899253,0.00017130743599104892,0.00017131244560570605,0.00017131715347696447,0.00017132156754854692,0.000171325695513717,0.0001713295448247882,0.00017133312270207636,0.00017133643614259777,0.0001713394919283346,0.00017134229663404187,0.0001713448566349273,0.0001713471781138257,0.0001713492670681407,0.00017135112931647304,0.00017135277050501013,0.00017135419611358804,0.0001713554114615641,0.00017135642171339888,0.00017135723188404072,0.00017135784684408218,0.00017135827132468742,0.00017135850992240704,0.00017135856710364587,0.00017135844720911944,0.00017135815445801805,0.00017135769295207405,0.00017135706667943025,0.00017135627951838728,0.00017135533524099736,0.00017135423751648893,0.00017135298991464526,0.00017135159590895852,0.00017135005887969907,0.00017134838211696084,0.00017134656882340736,0.00017134462211704717,0.0001713425450339367,0.00017134034053068226,0.00017133801148690444,0.00017133556070761025,0.00017133299092548517,0.00017133030480308026,0.00017132750493494513,0.00017132459384966772,0.00017132157401187305,0.0001713184478241129,0.00017131521762870608,0.00017131188570953263,0.000171308454293714,0.00017130492555332677,0.00017130130160695984,0.0001712975845212906,0.00017129377631254443,0.0001712898789479766,0.00017128589434725324,0.00017128182438379502,0.00017127767088609785,0.000171273435638983,0.00017126912038483046,0.00017126472682475117,0.00017126025661974082,0.00017125571139177588,0.0001712510927248845,0.00017124640216619816,0.00017124164122694698,0.00017123681138342335,0.00017123191407793795,0.00017122695071973334,0.00017122192268585206,0.00017121683132200572,0.00017121167794340272,0.00017120646383555417,0.00017120119025504702,0.00017119585843031223,0.00017119046956234646,0.00017118502482542933,0.00017117952536781293,0.00017117397231238994,0.00017116836675734262,0.00017116270977677358,0.00017115700242131715,0.00017115124571873404,0.00017114544067448363,0.00017113958827228855,0.00017113368947467377,0.0001711277452234948,0.00017112175644045126,0.0001711157240275835,0.00017110964886775382,0.00017110353182512455,0.00017109737374560336,0.00017109117545728992,0.00017108493777091098,0.00017107866148023896,0.00017107234736249733,0.00017106599617875174,0.00017105960867430295,0.00017105318557906425,0.00017104672760791202,0.0001710402354610535,0.00017103370982435878,0.00017102715136971055,0.00017102056075531875,0.00017101393862605164,0.00017100728561372748,0.00017100060233742628,0.00017099388940377904,0.00017098714740726423,0.0001709803769304569,0.00017097357854433342,0.00017096675280851685,0.0001709599002715229,0.0001709530214710365,0.00017094611693413655,0.00017093918717753465,0.00017093223270781433,0.0001709252540216398,0.00017091825160599948,0.0001709112259383993,0.0001709041774870738,0.00017089710671120675,0.00017089001406108724,0.00017088289997836928,0.0001708757648961879,0.00017086860923941095,0.0001708614334247507,0.00017085423786098833,0.00017084702294913176,0.0001708397890825649,0.00017083253664722283,0.00017082526602176805,0.0001708179775777057,0.00017081067167956266,0.00017080334868502418,0.00017079600894508395,0.000170788652804171,0.0001707812806003036,0.00017077389266521127,0.00017076648932446423,0.00017075907089760643,0.0001707516376982835,0.0001707441900343473,0.0001707367282079744,0.00017072925251583043,0.00017072176324911434,0.0001707142606937026,0.00017070674513025805,0.00017069921683432292,0.00017069167607644602,0.00017068412312225032,0.00017067655823255418,0.00017066898166345868,0.00017066139366644873,0.00017065379448847202,0.00017064618437203944,0.00017063856355531082,0.0001706309322721783,0.0001706232907523508,0.00017061563922143473,0.00017060797790101836,0.00017060030700874658,0.0001705926267583969,0.0001705849373599549,0.00017057723901969023,0.0001705695319402265,0.00017056181632060728,0.00017055409235637632,0.00017054636023962954,0.00017053862015907752,0.00017053087230014375,0.00017052311684500154,0.00017051535397260954,0.00017050758385884061,0.0001704998066764626,0.00017049202259526554,0.0001704842317820593,0.00017047643440077376,0.00017046863061249008,0.00017046082057549258,0.00017045300444532135,0.00017044518237484485,0.0001704373545142881,0.00017042952101127914,0.00017042168201091145,0.00017041383765577692,0.00017040598808601345,0.0001703981334393714,0.00017039027385122195,0.0001703824094546215,0.0001703745403803545,0.00017036666675696363,0.00017035878871080344,0.00017035090636606688,0.0001703430198448326,0.0001703351292671064,0.0001703272347508447,0.00017031933641199176,0.00017031143436455187,0.00017030352872056355,0.00017029561959018262,0.00017028770708168975,0.00017027979130154072,0.00017027187235438127,0.00017026395034309996,0.00017025602536883193,0.00017024809753100396,0.0001702401669274018,0.0001702322336541224,0.00017022429780565233,0.00017021635947489427,0.00017020841875316776,0.00017020047573028816,0.00017019253049454166,0.00017018458313271083,0.0001701766337301698,0.0001701686823708159,0.00017016072913714797,0.00017015277411028634,0.00017014481736998517,0.00017013685899465051,0.00017012889906138623,0.00017012093764603214,0.000170112974823108,0.00017010501066589838,0.00017009704524646973,0.00017008907863568583,0.00017008111090317696,0.00017007314211746498,0.00017006517234589643,0.000170057201654698,0.00017004923010897937,0.00017004125777276253,0.00017003328470899481,0.0001700253109795724,0.00017001733664534987,0.00017000936176616072,0.0001700013864008274,0.00016999341060721588,0.00016998543444218423,0.00016997745796167146,0.00016996948122063854,0.00016996150427314805,0.00016995352717234964,0.0001699455499705003,0.00016993757271897912,0.00016992959546829499,0.000169921618268109,0.00016991364116724633,0.00016990566421370664,0.00016989768745468347,0.00016988971093657027,0.00016988173470497894,0.00016987375880475394,0.00016986578327996693,0.00016985780817395762,0.0001698498335293288,0.0001698418593879559,0.0001698338857910068,0.00016982591277894422,0.0001698179403915504,0.00016980996866792982,0.00016980199764651357,0.00016979402736506152,0.00016978605786073246,0.00016977808917000852,0.0001697701213287622,0.00016976215437224966,0.00016975418833512374,0.00016974622325142903,0.00016973825915461677,0.00016973029607761448,0.00016972233405268674,0.00016971437311166608,0.00016970641328572508,0.0001696984546055363,0.00016969049710122884,0.00016968254080240578,0.00016967458573816416,0.00016966663193708405,0.00016965867942725122,0.00016965072823624483,0.00016964277839117174,0.00016963482991864533,0.0001696268828448363,0.00016961893719540612,0.0001696109929956161,0.00016960305027024825,0.00016959510904363613,0.0001695871693396822,0.00016957923118186813,0.0001695712945932673,0.00016956335959647807,0.0001695554262137494,0.00016954749446690734,0.00016953956437738087,0.00016953163596621497,0.00016952370925405033,0.00016951578426117935,0.00016950786100748818,0.00016949993951253178,0.0001694920197954527,0.00016948410187510668,0.00016947618576993546,0.0001694682714980635,0.00016946035907728176,0.00016945244852499585,0.0001694445398583806,0.0001694366330941829,0.00016942872824887638,0.0001694208253386154,0.00016941292437925462,0.0001694050253863029,0.000169397128375044,0.00016938923336039282,0.000169381340356999,0.0001693734493791978,0.0001693655604411036,0.00016935767355650893,0.00016934978873892477,0.00016934190600160012,0.00016933402535752295,0.00016932614681942277,0.00016931827039975064,0.00016931039611071703,0.00016930252396426434,0.00016929465397213275,0.00016928678614574542,0.00016927892049638718,0.00016927105703501376,0.00016926319577238226,0.00016925533671901415,0.00016924747988522455,0.00016923962528106676,0.00016923177291643305,0.00016922392280094712,0.00016921607494404725,0.00016920822935494984,0.0001692003860426692,0.00016919254501600282,0.00016918470628357902,0.00016917686985378454,0.0001691690357348784,0.00016916120393486634,0.00016915337446158488,0.00016914554732268164,0.00016913772252563183,0.0001691299000777225,0.00016912207998607965,0.00016911426225759806,0.00016910644689906908,0.00016909863391706314,0.00016909082331804408,0.0001690830151082543,0.00016907520929379465,0.00016906740588059014,0.00016905960487442718,0.00016905180628093032,0.00016904401010557372,0.00016903621635368192,0.00016902842503041274,0.00016902063614081405,0.00016901284968975214,0.00016900506568197067,0.00016899728412206376,0.00016898950501449843,0.000168981728363617,0.00016897395417358357,0.00016896618244847397,0.00016895841319221412,0.0001689506464086086,0.00016894288210133503,0.00016893512027395138,0.0001689273609298627,0.00016891960407240607,0.00016891184970477353,0.00016890409783003156,0.00016889634845114124,0.0001688886015709488,0.00016888085719218458,0.00016887311531747605,0.0001688653759493332,0.00016885763909017386,0.00016884990474229624,0.00016884217290790018,0.0001688344435890834,0.00016882671678784857,0.00016881899250608816,0.000168811270745624,0.00016880355150811937,0.0001687958347952076,0.00016878812060840535,0.00016878040894916337,0.00016877269981876305,0.00016876499321847062,0.00016875728914945515,0.00016874958761277324,0.00016874188860941633,0.00016873419214028827,0.0001687264982062094,0.0001687188068079111,0.0001687111179460549,0.0001687034316212262,0.00016869574783393427,0.00016868806658457865,0.00016868038787351913,0.0001686727117010293,0.00016866503806731853,0.0001686573669725174,0.00016864969841667908,0.0001686420323998005,0.00016863436892179087,0.00016862670798247856,0.00016861904958171445,0.00016861139371918536,0.00016860374039454865,0.00016859608960740187,0.00016858844135727606,0.00016858079564364078,0.0001685731524658825,0.00016856551182336385,0.00016855787371537347,0.00016855023814115114,0.0001685426050998537,0.0001685349745906072,0.00016852734661245786,0.0001685197211644604,0.00016851209824554302,0.00016850447785460757,0.0001684968599905119,0.00016848924465204764,0.00016848163183796376,0.00016847402154696059,0.0001684664137776674,0.00016845880852873481,0.00016845120579869708,0.00016844360558605713,0.00016843600788925685,0.0001684284127067738,0.00016842082003695443,0.00016841322987813176,0.00016840564222859084,0.00016839805708657404,0.00016839047445029788,0.00016838289431792529,0.0001683753166875726,0.00016836774155732127,0.00016836016892524008,0.00016835259878932547,0.00016834503114755,0.00016833746599784555,0.00016832990333811324,0.00016832234316621112,0.0001683147854799726,0.00016830723027712986,0.00016829967755554578,0.0001682921273129067,0.00016828457954688516,0.00016827703425516892,0.00016826949143537622,0.00016826195108509743,0.00016825441320190502,0.00016824687778333895,0.0001682393448269125,0.00016823181433008882,0.00016822428629033383,0.0001682167607050549,0.0001682092375716603,0.00016820171688749702,0.00016819419864993088,0.00016818668285626675,0.00016817916950377844,0.0001681716585897637,0.00016816415011144492,0.0001681566440660451,0.0001681491404507395,0.00016814163926270922,0.00016813414049909146,0.0001681266441570246,0.00016811915023358606,0.00016811165872588444,0.00016810416963090955,0.000168096682945783,0.00016808919866747796,0.00016808171679299575,0.00016807423731931396,0.0001680667602433971,0.00016805928556216937,0.00016805181327255288,0.00016804434337145278,0.0001680368758557452,0.00016802941072229958,0.00016802194796796383,0.000168014487589568,0.00016800702958392244,0.00016799957394784016,0.00016799212067807485,0.0001679846697714377,0.00016797722122464235,0.00016796977503445146,0.00016796233119757378,0.0001679548897107403,0.00016794745057058615,0.00016794001377384163,0.00016793257931716057,0.00016792514719720348,0.0001679177174106045,0.00016791028995399895,0.00016790286482399418,0.00016789544201719654,0.00016788802153020363,0.0001678806033595848,0.00016787318750192373,0.00016786577395379586,0.00016785836271170752,0.00016785095377220752,0.00016784354713181827,0.0001678361427871006,0.0001678287407345269,0.00016782134097060921,0.00016781394349183997,0.000167806548294702,0.00016779915537563775,0.00016779176473111438,0.00016778437635759543,0.0001677769902515846,0.00016776960640947468,0.00016776222482769234,0.00016775484550269107,0.00016774746843084586,0.00016774009360859943,0.000167732721032344,0.0001677253506984615,0.000167717982603371,0.0001677106167434301,0.00016770325311504474,0.00016769589171457958,0.0001676885325383984,0.0001676811755828633,0.00016767382084433198,0.00016766646823112083,0.00016765911791512102,0.00016765176980512424,0.0001676444238975534,0.0001676370801887173,0.00016762973867491513,0.00016762239935248319,0.00016761506221774983,0.00016760772726702745,0.0001676003944966287,0.00016759306390285605,0.00016758573548203355,0.0001675784092304594,0.00016757108514443736,0.0001675637632202703,0.00016755644345424332,0.00016754912584265478,0.0001675418103817914,0.0001675344970679447,0.00016752718589740164,0.0001675198768664394,0.00016751256997133673,0.0001675052652084272,0.00016749796257395163,0.00016749066206419758,0.00016748336367543133,0.00016747606740393376,0.00016746877324598248,0.00016746148119780997,0.00016745419125576905,0.0001674469034161074,0.00016743961767507867,0.0001674323340289547,0.000167425052474011,0.00016741777300652966,0.00016741049562277462,0.0001674032203190162,0.00016739594709153406,0.00016738867593658985,0.0001673814068504618,0.00016737413982941617,0.00016736687486973626,0.0001673596119676913,0.00016735235111956114,0.00016734509232161024,0.00016733783557012035,0.00016733058086137878,0.00016732332819163818,0.0001673160775572107,0.00016730882895434908,0.000167301582379352,0.00016729433782850322,0.00016728709529805776,0.0001672798547843679,0.00016727261628367158,0.00016726537979230464,0.00016725814530649857,0.00016725091282257333,0.00016724368233682224,0.00016723645384555697,0.00016722922734507402,0.00016722200283166981,0.00016721478030165662,0.00016720755975133472,0.00016720034117702727,0.00016719312457504114,0.00016718590994169592,0.00016717869727330106,0.00016717148656617952,0.00016716427781666917,0.00016715707102107742,0.00016714986617573528,0.00016714266327699329,0.00016713546232117638,0.000167128263304619,0.00016712106622368154,0.00016711387107471397,0.00016710667785401815,0.00016709948655797545,0.00016709229718294753,0.00016708510972528046,0.00016707792418137584,0.00016707074054754702,0.00016706355882019328,0.0001670563789956328,0.00016704920107032603,0.00016704202504061864,0.00016703485090289915,0.0001670276786535124,0.00016702050828893078,0.00016701333980551961,0.0001670061731996873,0.00016699900846781505,0.00016699184560633288,0.00016699052087591187,0.00016698915428674927,0.00016698776602336053,0.00016698636638086753,0.00016698496054984733,0.0001669835511418898,0.0001669821394652693,0.00016698072617049784,0.0001669793115771553,0.00016697789583928373,0.00016697647902901984,0.00016697506117878733,0.0001669736423025073,0.0001669722224061885,0.00016697080149314316,0.00016696937956650374,0.00016696795663036402,0.00016696653269025126,0.00016696510775326493,0.0001669636818280387,0.0001669622549246476,0.00016696082705447453,0.00016695939823006432,0.00016695796846499426,0.00016695653777373915,0.00016695510617154315,0.0001669536736743148,0.0001669522402985137,0.000166950806061073,0.00016694937097928576,0.00016694793507074696,0.0001669464983532675,0.00016694506084482405,0.00016694362256348518,0.00016694218352736158,0.0001669407437545736,0.00016693930326318465,0.00016693786207117248,0.00016693642019640866,0.00016693497765659293,0.00016693353446925298,0.00016693209065174325,0.00016693064622115144,0.00016692920119435448,0.00016692775558796295,0.00016692630941831437,0.00016692486270145857,0.0001669234154531539,0.0001669219676888692,0.0001669205194237541,0.00016691907067264237,0.00016691762145006002,0.00016691617177021096,0.0001669147216469771,0.00016691327109391588,0.00016691182012426142,0.00016691036875093052,0.0001669089169865177,0.0001669074648433012,0.00016690601233324676,0.00016690455946800038,0.0001669031062589073,0.00016690165271700326,0.0001669001988530363,0.00016689874467744808,0.0001668972902003901,0.00016689583543173247,0.0001668943803810646,0.0001668929250577016,0.0001668914694706889,0.000166890013628811,0.000166888557540586,0.00016688710121429427,0.00016688564465795492,0.0001668841878793756,0.00016688273088606885,0.00016688127368538633,0.0001668798162844173,0.00016687835869004788,0.00016687690090893637,0.00016687544294755266,0.00016687398481216037,0.00016687252650882605,0.00016687106804341966,0.00016686960942162633,0.00016686815064897547,0.00016686669173078956,0.000166865232672243,0.0001668637734783334,0.00016686231415390234,0.00016686085470363362,0.00016685939513207013,0.00016685793544359714,0.0001668564756424615,0.00016685501573277252,0.00016685355571850944,0.00016685209560349942,0.0001668506353914972,0.0001668491750860909,0.00016684771469075628,0.00016684625420886935,0.00016684479364368336,0.00016684333299834723,0.00016684187227591424,0.00016684041147932934,0.00016683895061143196,0.000166837489675004,0.00016683602867267436,0.00016683456760703793,0.00016683310648058246,0.00016683164529571602,0.00016683018405475478,0.00016682872275998218,0.00016682726141355013,0.00016682580001757855,0.00016682433857409269,0.00016682287708506266,0.0001668214155523858,0.00016681995397791827,0.00016681849236339675,0.0001668170307105728,0.0001668155690211057,0.00016681410729658952,0.0001668126455385813,0.00016681118374858202,0.00016680972192804262,0.00016680826007837535,0.0001668067982009127,0.00016680533629697555,0.00016680387436783967,0.00016680241241473224,0.00016680095043882586,0.00016679948844124985,0.00016679802642320614,0.00016679656438562613,0.0001667951023296178,0.0001667936402561685,0.0001667921781662456,0.00016679071606079906,0.00016678925394071828,0.00016678779180689083,0.0001667863296601579,0.00016678486750132924,0.00016678340533120119,0.00016678194315053533,0.00016678048096006954,0.00016677901876053098,0.00016677755655261265,0.00016677609433697653,0.00016677463211426963,0.00016677316988511845,0.00016677170765012875,0.00016677024540987743,0.00016676878316487212,0.00016676732091580035,0.00016676585866311715,0.00016676439640733316,0.00016676293414896555,0.00016676147188849613,0.00016676000962636487,0.00016675854736303427,0.00016675708509893527,0.00016675562283449772,0.00016675416057012856,0.0001667526983063011,0.00016675123604323116,0.00016674977378138857,0.00016674831152109753,0.00016674684926274455,0.00016674538700663712,0.00016674392475314321,0.0001667424625024702,0.00016674100025502678,0.0001667395380111158,0.00016673807577096385,0.00016673661353488347,0.0001667351513031216,0.00016673368907597303,0.00016673222685364766,0.00016673076463640524,0.0001667293024245046,0.00016672784021818597,0.00016672637801759565,0.0001667249158229999,0.00016672345363460703,0.00016672199145260265,0.00016672052927724646,0.0001667190671086517,0.0001667176049470597,0.00016671614279259564,0.00016671468064547508,0.00016671321850584303,0.00016671175637386659,0.00016671029424971946,0.0001667088321335437,0.00016670737002549504,0.00016670590792566714,0.00016670444583431206,0.00016670298375151866,0.00016670152167738586,0.0001667000596120598,0.00016669859755568184,0.00016669713550835307,0.00016669567347020445,0.0001666942114413335,0.00016669274942188468,0.00016669128741195313,0.0001666898254116291,0.00016668836342104154,0.00016668690144025698,0.00016668543946938473,0.0001666839775085238,0.00016668251555792456,0.00016668105361748804,0.00016667959168723285,0.0001666781297673374,0.00016667666785787888,0.00016667520595894402,0.0001666737440706099,0.00016667228219293995,0.0001666708203260299,0.00016666935846994393,0.00016666789662474817,0.00016666643479050752,0.00016666497296730066,0.00016666351115518396,0.00016666204935421438,0.00016666058756454913,0.00016665912578617926,0.0001666576640190512,0.00016665620226334195,0.00016665474051906474,0.0001666532787862853,0.00016665181706506605,0.00016665035535545804,0.00016664889365751567,0.00016664743197125363,0.00016664597029675097,0.00016664450863419116,0.000166643046983496,0.0001666415853445404,0.00016664012371737845,0.0001666386621023245,0.0001666372004992974,0.0001666357389082187,0.0001666342773293253,0.0001666328157625559,0.000166631354208053,0.00016662989266569162,0.00016662843113557753,0.00016662696961776635,0.000166625508112185,0.000166624046619042,0.00016662258513838472,0.00016662112367000635,0.00016661966221410588,0.00016661820077067086,0.00016661673933974545,0.00016661527792137794,0.00016661381651548058,0.0001666123551222004,0.00016661089374162813,0.00016660943237368497,0.00016660797101842158,0.00016660650967586406,0.0001666050483460333,0.00016660358702895288,0.00016660212572471014,0.00016660066443323826,0.00016659920315454998,0.00016659774188877976,0.00016659628063584863,0.00016659481939583924,0.00016659335816877614,0.00016659189695454707,0.00016659043575337028,0.00016658897456514748,0.00016658751338987144,0.0001665860522276866,0.00016658459107850223,0.00016658312994241733,0.00016658166881929287,0.0001665802077094055,0.0001665787466126242,0.00016657728552898772,0.00016657582445850675,0.0001665743634012021,0.00016657290235698888,0.00016657144132608257,0.0001665699803083916,0.00016656851930392305,0.00016656705831272784,0.0001665655973348095,0.0001665641363701694,0.00016656267541883082,0.00016656121448078756,0.00016655975355609742,0.0001665582926447518,0.0001665568317468043,0.00016655537086224657,0.00016655390999103267,0.00016655244913321135,0.0001665509882887587,0.00016654952745778385,0.000166548066640221,0.0001665466058361456,0.0001665451450455165,0.00016654368426836824,0.0001665422235046261,0.00016654076275469956,0.0001665393020183401,0.00016653784129520816,0.00016653638058571998,0.0001665349198897414,0.00016653345920730964,0.00016653199853845817,0.00016653053788317105,0.00016652907724145981,0.00016652761661346534,0.00016652615599893012,0.00016652469539801048,0.000166523234810743,0.00016652177423715644,0.0001665203136772062,0.00016651885313093056,0.00016651739259836387,0.0001665159320794665,0.00016651447157424164,0.00016651301108273035,0.00016651155060493054,0.00016651009014083826,0.000166508629690464,0.0001665071692538662,0.00016650570883092273,0.0001665042484217876,0.0001665027880264035,0.00016650132764479814,0.00016649986727696825,0.00016649840692291692,0.00016649694658264376,0.00016649548625624643,0.0001664940259435436,0.00016649256564448155,0.00016649110535947058,0.0001664896450883349,0.00016648818483099085,0.0001664867245874981,0.00016648526435785228,0.00016648380414188536,0.00016648234393996396,0.00016648088375191794,0.00016647942357791087,0.00016647796341762711,0.00016647650327117743,0.00016647504313843994,0.00016647358301985005,0.00016647212291516129,0.00016647066282442707,0.00016646920274781103,0.00016646774268495995,0.00016646628263599465,0.00016646482260099154,0.00016646336257989682,0.00016646190257279644,0.0001664604425796729,0.00016645898260042683,0.00016645752263517272,0.00016645606268391664,0.00016645460274714092,0.00016645314282399753,0.00016645168291458396,0.0001664502230194875,0.00016644876313793327,0.0001664473032706038,0.0001664458434171774,0.0001664443835779229,0.0001664429237532513,0.00016644146394204014,0.00016644000414483596,0.00016643854436186505,0.00016643708459216793,0.00016643562483711915,0.0001664341650959954,0.0001664327053685203,0.00016643124565559686,0.00016642978595704015,0.00016642832627220707,0.00016642686660154235,0.0001664254069449101,0.00016642394730129282,0.00016642248767284734,0.0001664210280585124,0.0001664195684582467,0.00016641810887207828,0.00016641664929998199,0.00016641518974199224,0.00016641373019816782,0.00016641227066836463,0.00016641081115271723,0.00016640935165112742,0.0001664078921636158,0.00016640643269044613,0.0001664049732313973,0.00016640351378624556,0.00016640205435542466,0.0001664005949386959,0.00016639913553609248,0.00016639767614761984,0.00016639621677328186,0.00016639475741318422,0.00016639329806739694,0.00016639183873550696,0.0001663903794176684,0.00016638892011422568,0.00016638746082495696,0.000166386001549861,0.00016638454228894167,0.00016638308304220116,0.00016638162380964308,0.00016638016459127002,0.00016637870538708532,0.00016637724619706802,0.0001663757870212449,0.0001663743278594742,0.00016637286871205387,0.0001663714095791853,0.0001663699504601059,0.00016636849135530062,0.00016636703226493663,0.00016636557318812297,0.00016636411412597327,0.00016636265507802576,0.00016636119604429884,0.00016635973702479488,0.0001663582780195165,0.000166356819028466,0.00016635536005164573,0.00016635390108934656,0.00016635244214074278,0.0001663509832065561,0.00016634952428632878,0.00016634806538025218,0.00016634660648913002,0.00016634514761123073,0.00016634368874831495,0.00016634222989972145,0.0001663407710653262,0.0001663393122456436,0.00016633785343976007,0.0001663363946482771,0.00016633493587092592,0.0001663334771078191,0.00016633201835824647,0.00016633055962355755,0.00016632910090166444,0.00016632764219562862,0.0001663261835037113,0.00016632472482619586,0.0001663232661640003,0.00016632180751499265,0.00016632034888039356,0.00016631889026230324,0.00016631743165625244,0.00016631597306456707,0.00016631451448698373,0.0001663130559238575,0.0001663115973750428,0.0001663101388402358,0.00016630868031998738,0.0001663072218138828,0.00016630576332255734,0.0001663043048444219,0.00016630284638120103,0.0001663013879324481,0.0001662999294980394,0.0001662984710780743,0.00016629701267190583,0.00016629555428026118,0.0001662940959027738,0.00016629263753964826,0.00016629117919091858,0.00016628972085651854,0.00016628826253644737,0.00016628680423072393,0.00016628534593925653,0.00016628388766208428,0.00016628242940076803,0.00016628097115228255,0.00016627951291809542,0.00016627805469825548,0.00016627659649273236,0.00016627513830146332,0.00016627368012418745,0.0001662722219613872,0.0001662707638130873,0.0001662693056791554,0.00016626784755979887,0.00016626638945476258,0.0001662649313647795,0.00016626347328834183,0.00016626201522444844,0.00016626055717650995,0.00016625909914305573,0.00016625764112243642,0.00016625618311713757,0.00016625472512667467,0.00016625326714884674,0.00016625180918706164,0.0001662503512396292,0.0001662488933065425,0.0001662474353876686,0.00016624597748325564,0.00016624451959326323,0.00016624306171754544,0.00016624160385619478,0.00016624014600918186,0.0001662386881765031,0.00016623723035798831,0.00016623577255418716,0.00016623431476466626,0.00016623285698942326,0.00016623139922798867,0.00016622994148158318,0.00016622848374936783,0.00016622702603147832,0.0001662255683279388,0.00016622411063886168,0.00016622265296421676,0.0001662211953045704,0.0001662197376588143,0.00016621828002709378,0.0001662168224100544,0.00016621536480743949,0.00016621390721890112,0.00016621244964494964,0.00016621099208492674,0.00016620953453859075,0.00016620807700722643,0.00016620661949046388,0.00016620516198779384,0.00016620370449984875,0.00016620224702636535,0.0001662007895673269,0.0001661993321224823,0.00016619787469241941,0.00016619641727633018,0.00016619495987441472,0.00016619350248671188,0.00016619204511369407,0.00016619058775517754,0.00016618913041103567,0.00016618767308127167,0.00016618621576588394,0.00016618475846473806,0.00016618330117810988,0.00016618184390585386,0.00016618038664795463,0.00016617892940446903,0.0001661774721753698,0.00016617601496044662,0.00016617455776014002,0.00016617310057397367,0.000166171643402189,0.00016617018624479957,0.0001661687291017814,0.00016616727197313425,0.00016616581485888622,0.00016616435775973251,0.00016616290067426154,0.0001661614436009202,0.0001661599865442121,0.00016615852950183506,0.00016615707247393633,0.00016615561546061105,0.00016615415846209738,0.00016615270147437853,0.0001661512445026192,0.0001661497875467427,0.00016614833060529466,0.00016614687367814742,0.0001661454167654241,0.00016614395986720774,0.00016614250298322092,0.00016614104611366906,0.0001661395892588646,0.00016613813241768023,0.0001661366755876904,0.00016613521877610875,0.00016613376197871805,0.00016613230519594476,0.00016613084842720098,0.0001661293916728348,0.00016612793493279805,0.00016612647820721805,0.00016612502149612645,0.00016612356479933196,0.00016612210811813268,0.0001661206514500011,0.00016611919479635778,0.00016611773815554596,0.0001661162815306825,0.00016611482492071792,0.00016611336832397493,0.00016611191174230308,0.00016611045517600002,0.00016610899862313825,0.000166107542084852,0.00016610608556075866,0.00016610462905109236,0.00016610317255607004,0.00016610171607466087,0.00016610025960537254,0.00016609880315329213,0.00016609734671561117,0.0001660958902923263,0.00016609443388350355,0.00016609297749042948,0.00016609152111029065,0.00016609006474448265,0.0001660886083932165,0.00016608715205599262,0.00016608569573460923,0.0001660842394266118,0.00016608278313453139,0.00016608132685546253,0.00016607987059066815,0.00016607841434009414,0.00016607695810473002,0.00016607550188310545,0.0001660740456758581,0.00016607258948298612,0.0001660711333045265,0.0001660696771392543,0.00016606822098805916,0.00016606676485277753,0.00016606530873196267,0.00016606385262555177,0.000166062396533459,0.00016606094045585533,0.00016605948439260502,0.00016605802834570273,0.00016605657231114044,0.00016605511629068243,0.00016605366028495382,0.00016605220429371132,0.0001660507483183052,0.00016604929235560908,0.00016604783640703047,0.00016604638047353317,0.00016604492455491043,0.00016604346865020742,0.0001660420127607944,0.0001660405568836726,0.0001660391010226944,0.0001660376451757391,0.00016603618934400282,0.00016603473352373545,0.00016603327771983842,0.00016603182193027078,0.0001660303661551466,0.00016602891039565437,0.00016602745465143503,0.00016602599891743635,0.00016602454319993883,0.0001660230874968859,0.00016602163180847525,0.0001660201761342009,0.00016601872047208703,0.00016601726482687998,0.00016601580919714442,0.00016601435358037011,0.0001660128979781257,0.00016601144239021426,0.00016600998681761482,0.00016600853125886973,0.0001660070757161498,0.0001660056201869898,0.00016600416467117633,0.00016600270916974338,0.00016600125368458954,0.00016599979821204074,0.0001659983427539093,0.00016599688730880812,0.00016599543187948844,0.00016599397646533773,0.00016599252106486346,0.00016599106567946096,0.0001659896103078672,0.0001659881549500209,0.00016598669960709328,0.00016598524427863064,0.00016598378896447296,0.00016598233366486108,0.0001659808783795862,0.0001659794231140793,0.0001659779678577774,0.00016597651261579085,0.00016597505738816945,0.0001659736021756847,0.00016597214697675313,0.00016597069179233775,0.0001659692366222558,0.00016596778146654644,0.00016596632632609308,0.00016596487119938046,0.00016596341608657287,0.00016596196098428814,0.00016596050590158895,0.00016595905083242226,0.00016595759578160775,0.00016595614074105123,0.0001659546857142728,0.00016595323070298944,0.0001659517757060499,0.00016595032072335575,0.00016594886575608362,0.0001659474108022166,0.00016594595586506743,0.00016594450093973892,0.000165943046027624,0.0001659415911343753,0.00016594013625251283,0.00016593868138350875,0.0001659372265274514,0.00016593577168890278,0.00016593431686561788,0.0001659328620557303,0.0001659314072598548,0.00016592995247897695,0.00016592849771231388,0.0001659270429607282,0.00016592558822507882,0.00016592413350173443,0.00016592267879672482,0.0001659212241017715,0.00016591976942145992,0.00016591831475598596,0.00016591686010480978,0.0001659154054680064,0.00016591395084564144,0.00016591249624069672,0.00016591104164526664,0.00016590958706930853,0.00016590813250337146,0.00016590667795568837,0.00016590522341933484,0.00016590376889774006,0.00016590231439215592,0.0001659008598992752,0.00016589940542037065,0.00016589795095439864,0.00016589649650563596,0.000165895042070324,0.00016589358764951633,0.00016589213324171758,0.0001658906788497468,0.00016588922447239175,0.0001658877701099482,0.00016588631576030665,0.00016588486142591043,0.00016588340710522935,0.00016588195279949178,0.0001658804985114305,0.00016587904423458102,0.00016587758997156787,0.0001658761357236154,0.00016587468149269945,0.00016587322727330128,0.0001658717730682966,0.00016587031888033965,0.00016586886470535013,0.00016586741054383863,0.00016586595639673076,0.0001658645022640283,0.00016586304814572691,0.00016586159404182536,0.00016586013995465126,0.00016585868587966926,0.00016585723181898864,0.00016585577777268023,0.00016585432373895063,0.0001658528697214821,0.0001658514157182852,0.00016584996173020944,0.00016584850776423687,0.00016584705380402002,0.000165845599858571,0.00016584414592751926,0.00016584269201080681,0.00016584123810869003,0.00016583978422129363,0.0001658383303491623,0.00016583687649009173,0.00016583542264546415,0.00016583396881590721,0.00016583251500735594,0.00016583106120575348,0.00016582960741873666,0.00016582815364655452,0.00016582669988859575,0.00016582524614523959,0.00016582379241587185,0.0001658223386996823,0.00016582088499908612,0.00016581943131285264,0.00016581797764105328,0.00016581652398365567,0.00016581507034014144,0.00016581361671143843,0.00016581216309705736,0.00016581070949726477,0.0001658092559121348,0.00016580780234114572,0.00016580634878496063,0.0001658048952427736,0.00016580344171498746,0.00016580198820180102,0.00016580053470286935,0.00016579908121828929,0.00016579762774810575,0.00016579617429260846,0.00016579472085206172,0.00016579326742278922,0.00016579181401025746,0.00016579036061207487,0.00016578890722829227,0.00016578745385892042,0.00016578600050364608,0.0001657845471640089,0.00016578309383783547,0.00016578164052604894,0.0001657801872286635,0.00016577873394567726,0.00016577728067758386,0.00016577582742283696,0.00016577437418028053,0.00016577292095529064,0.0001657714677422006,0.00016577001454560718,0.00016576856136341216,0.00016576710819561576,0.00016576565504221725,0.00016576420190346687,0.00016576274877890787,0.00016576129566956693,0.00016575984257420756,0.00016575838949292517,0.00016575693642590056,0.00016575548337406393,0.0001657540303353948,0.00016575257731154478,0.00016575112430212247,0.0001657496713086345,0.00016574821832979238,0.0001657467653635674,0.00016574531241157474,0.00016574385947415164,0.00016574240655149055,0.000165740953642845,0.00016573950074853718,0.0001657380478679723,0.00016573659500251505,0.00016573514215129624,0.00016573368931449648,0.00016573223649239444,0.00016573078368454068,0.00016572933089105906,0.00016572787811228973,0.00016572642535425742,0.0001657249726039635,0.0001657235198682877,0.00016572206714678418,0.0001657206144398345,0.00016571916174712035,0.00016571770906712022,0.00016571625640319495,0.00016571480375370952,0.00016571335111512897,0.00016571189849474505,0.0001657104458896652,0.0001657089932977103,0.0001657075407203378,0.00016570608815717012,0.00016570463560839605,0.00016570318307322852,0.00016570173055348934,0.00016570027804845073,0.00016569882555695408,0.0001656973730798982,0.00016569592061744907,0.00016569446816903243,0.0001656930157355458,0.00016569156331623628,0.0001656901109131107,0.000165688658522712,0.00016568720614662787,0.0001656857537846397,0.00016568430143681448,0.0001656828491038403,0.0001656813967859807,0.00016567994448187724,0.00016567849219077815,0.00016567703991557844,0.00016567558765464852,0.0001656741354080566,0.00016567268317701847,0.0001656712309592611,0.00016566977875589429,0.00016566832656473112,0.00016566687439014516,0.00016566542223026663,0.0001656639700844837,0.0001656625179530787,0.00016566106583633115,0.0001656596137334609,0.0001656581616460688,0.0001656567095729456,0.00016565525751424684,0.00016565380546900297,0.00016565235343798444,0.00016565090141788344,0.000165649449415972,0.00016564799742795468,0.00016564654545507293,0.00016564509349632897,0.0001656436415522398,0.00016564218962228166,0.00016564073770659925,0.00016563928580541916,0.00016563783391861442,0.00016563638204619718,0.00016563493018562523,0.00016563347833987175,0.00016563202651039813,0.0001656305746955306,0.00016562912289504368,0.000165627671109545,0.00016562621933504388,0.00016562476757875304,0.0001656233158358199,0.00016562186410678913,0.00016562041239433591,0.00016561896069489023,0.00016561750900950236,0.00016561605733937093,0.0001656146056816494,0.000165613154039408,0.00016561170241195783,0.00016561025079865524,0.00016560879919957412,0.00016560734761490915,0.00016560589604455592,0.00016560444448907792,0.00016560299294742843,0.00016560154141739893,0.00016560008990463442,0.0001655986384061264,0.00016559718692294153,0.00016559573545033905,0.00016559428399511185,0.00016559283255411855,0.00016559138112858253,0.00016558992971795383,0.0001655884783201575,0.00016558702693729536,0.00016558557556861135,0.0001655841242132357,0.0001655826728732389,0.00016558122154693904,0.0001655797702328008,0.00016557831893578983,0.00016557686765311268,0.00016557541638489062,0.0001655739651273246,0.00016557251388767206,0.00016557106266257252,0.00016556961145076728,0.00016556816025446378,0.00016556670907237522,0.0001655652579048728,0.00016556380675168155,0.00016556235561288526,0.00016556090448807676,0.00016555945337797104,0.0001655580022820637,0.00016555655120077732,0.00016555510013416527,0.0001655536490816164,0.00016555219804328803,0.0001655507470196651,0.00016554929600711072,0.00016554784501199554,0.00016554639403234896,0.00016554494306585888,0.00016554349211447153,0.0001655420411769773,0.0001655405902538897,0.00016553913934492663,0.00016553768844640516,0.00016553623756643555,0.00016553478670084458,0.00016553333584944278,0.00016553188501274217,0.00016553043419030027,0.0001655289833821053,0.00016552753258840621,0.00016552608180899183,0.00016552463104385157,0.0001655231802906112,0.00016552172955055212,0.0001655202788284862,0.00016551882811802448,0.00016551737742232536,0.00016551592674364664,0.000165514476079325,0.000165513025429433,0.0001655115747909871,0.00016551012417025508,0.00016550867356352687,0.0001655072229712874,0.00016550577239327177,0.00016550432182878318,0.0001655028712792246,0.00016550142074458894,0.00016549997022404953,0.00016549851971792937,0.00016549706922695042,0.00016549561874953703,0.00016549416828649886,0.00016549271783803673,0.00016549126740375135,0.00016548981698043594,0.00016548836657463557,0.0001654869161836196,0.00016548546580380478,0.00016548401544225062,0.00016548256509058096,0.00016548111475707332,0.00016547966443777897,0.00016547821412948142,0.00016547676383746665,0.00016547531356130986,0.00016547386329954645,0.0001654724130525667,0.00016547096282193869,0.00016546951260009235,0.00016546806239312582,0.0001654666122000764,0.00016546516202050636,0.00016546371185931506,0.00016546226171356112,0.00016546081157734334,0.00016545936145972293,0.00016545791135620658,0.00016545646126362636,0.00016545501118554994,0.0001654535611222724,0.00016545211107290715,0.00016545066104106112,0.00016544921102360733,0.0001654477610207546,0.00016544631102902976,0.00016544486105466675,0.00016544341109197262,0.00016544196114629935,0.0001654405112112096,0.0001654390612943277,0.00016543761139136312,0.00016543616150322104,0.00016543471162942135,0.00016543326177017554,0.00016543181192514198,0.0001654303620905641,0.00016542891227140953,0.0001654274624669145,0.00016542601267578516,0.00016542456289945562,0.0001654231131371684,0.00016542166339021154,0.00016542021365762935,0.00016541876394208764,0.00016541731423806903,0.00016541586455105626,0.0001654144148783516,0.00016541296522212982,0.00016541151557825434,0.0001654100659489447,0.0001654086163308265,0.00016540716673037051,0.00016540571714035495,0.00016540426756831312,0.00016540281801064003,0.00016540136846735225,0.00016539991893842567,0.0001653984694240254,0.0001653970199210915,0.00016539557043521446,0.0001653941209611966,0.0001653926715040871,0.00016539122205837744,0.0001653897726304581,0.00016538832321655612,0.00016538687381417293,0.00016538542442889672,0.00016538397505459524,0.00016538252569773791,0.00016538107635573693,0.00016537962702499988,0.00016537817771079808,0.00016537672840857655,0.00016537527912451088,0.00016537382985381697,0.0001653723805986248,0.00016537093135430403,0.00016536948212681434,0.00016536803291664802,0.00016536658371542042,0.0001653651345312576,0.00016536368536170377,0.00016536223620610405,0.00016536078706549,0.0001653593379359268,0.0001653578888240077,0.0001653564397214605,0.00016535499063788947,0.00016535354156864833,0.0001653520925137179,0.00016535064347324374,0.00016534919444747943,0.0001653477454387416,0.00016534629644171197,0.00016534484745486377,0.00016534339848611244,0.00016534194953172183,0.00016534050059169243,0.00016533905166319572,0.00016533760274916223,0.00016533615385090476,0.00016533470496830785,0.00016533325610041674,0.00016533180724385749,0.00016533035840435192,0.00016532890957851484,0.0001653274607650388,0.00016532601196872875,0.0001653245631866683,0.00016532311441885158,0.00016532166566459285,0.00016532021692606123,0.0001653187682012951,0.00016531731949102912,0.00016531587079729373,0.00016531442211574244,0.0001653129734485696,0.00016531152479575312,0.00016531007615727369,0.00016530862753577806,0.00016530717892630838,0.00016530573033109226,0.00016530428175021118,0.00016530283318359835,0.00016530138463025033,0.00016529993609157287,0.00016529848756407438,0.00016529703905526227,0.00016529559056058457,0.00016529414207691444,0.000165292693610955,0.0001652912451599586,0.00016528979672253384,0.0001652883482986756,0.00016528689989036308,0.00016528545149595189,0.00016528400311585648,0.00016528255474869283,0.00016528110639456696,0.00016527965805753617,0.00016527820973179659,0.00016527676142338182,0.00016527531313363495,0.0001652738648533572,0.00016527241658840694,0.00016527096833467625,0.00016526952009883854,0.00016526807187630077,0.00016526662366850398,0.00016526517547346746,0.00016526372729422413,0.0001652622791295126,0.00016526083097853102,0.0001652593828393546,0.00016525793471792473,0.0001652564866106097,0.0001652550385180864,0.00016525359043948604,0.00016525214237165546,0.0001652506943185932,0.00016524924627980744,0.00016524779825846498,0.0001652463502516122,0.00016524490225627332,0.0001652434542781247,0.0001652420063114663,0.00016524055836196293,0.00016523911042501662,0.00016523766250067361,0.00016523621459429074,0.0001652347666992298,0.00016523331882152884,0.0001652318709583547,0.00016523042310809716,0.00016522897527053874,0.00016522752744741018,0.00016522607963841056,0.00016522463184395392,0.00016522318406404248,0.00016522173629744216,0.0001652202885493618,0.00016521884081117014,0.00016521739308855192,0.00016521594538306585,0.00016521449769158557,0.000165213050011729,0.00016521160234929028,0.00016521015469843958,0.00016520870705978403,0.00016520725944045188,0.0001652058118321301,0.00016520436424176364,0.00016520291666123003,0.0001652014690992439,0.00016520002155159274,0.00016519857401828934,0.00016519712649929643,0.0001651956789949244,0.0001651942315020637,0.00016519278402322854,0.0001651913365616622,0.00016518988911487384,0.00016518844167921849,0.00016518699425772322,0.00016518554685308954,0.00016518409946073882,0.00016518265208525604,0.00016518120472397963,0.00016517975737384487,0.00016517831004107702,0.00016517686271917334,0.00016517541541511137,0.00016517396812571567,0.0001651725208514743,0.00016517107358802875,0.00016516962634202098,0.00016516817911217687,0.00016516673189471338,0.00016516528468844016,0.00016516383749662708,0.00016516239031910205,0.00016516094315586905,0.00016515949601022956,0.00016515804887949037,0.00016515660175930551,0.00016515515465400472,0.00016515370756259036,0.00016515226048835572,0.0001651508134254028,0.0001651493663797963,0.00016514791934536973,0.0001651464723245514,0.00016514502531931753,0.00016514357832980627,0.000165142131355963,0.0001651406843961239,0.00016513923744790167,0.0001651377905142184,0.00016513634359772384,0.00016513489669547145,0.0001651334498084888,0.00016513200293174018,0.00016513055607275315,0.00016512910922534968,0.00016512766239447252,0.000165126215578388,0.00016512476877755323,0.00016512332199090975,0.00016512187521702733,0.00016512042845810907,0.00016511898171373286,0.00016511753498370604,0.00016511608826798608,0.00016511464156348653,0.00016511319487270122,0.00016511174820002078,0.00016511030154149828,0.00016510885489834858,0.0001651074082673379,0.00016510596164814574,0.00016510451504420597,0.00016510306845739415,0.00016510162188258752,0.00016510017532188627,0.0001650987287752778,0.00016509728224773924,0.0001650958357327869,0.00016509438922958169,0.0001650929427435019,0.0001650914962717749,0.00016509004981089408,0.00016508860336755322,0.00016508715693892164,0.0001650857105217193,0.00016508426411807436,0.0001650828177321608,0.00016508137136058462,0.00016507992500378136,0.0001650784786608776,0.00016507703232973434,0.0001650755860128719,0.00016507413970921373,0.00016507269342366963,0.00016507124715038138,0.00016506980089045327,0.00016506835464508222,0.0001650669084168664,0.0001650654622029876,0.0001650640160031677,0.00016506256981795806,0.00016506112364448106,0.00016505967748460228,0.0001650582313377937,0.00016505678520729983,0.00016505533909599705,0.00016505389299680158,0.000165052446912884,0.00016505100083952554,0.00016504955478386274,0.0001650481087419989,0.00016504666271421504,0.00016504521669803783,0.00016504377069975946,0.00016504232471252795,0.00016504087874319004,0.00016503943278687748,0.00016503798684516763,0.00016503654091828626,0.0001650350950017989,0.00016503364910329203,0.00016503220322002635,0.00016503075735010893,0.00016502931149436,0.0001650278656535915,0.00016502641982395948,0.0001650249740112812,0.00016502352821353428,0.00016502208242966015,0.00016502063665718318,0.00016501919090224163,0.00016501774516149612,0.00016501629943492426,0.00016501485372348674,0.00016501340802457305,0.0001650119623410088,0.00016501051667179047,0.00016500907101688666,0.00016500762537357335,0.00016500617974734238,0.00016500473413560304,0.00016500328853867016,0.00016500184295542477,0.00016500039738693954,0.0001649989518291808,0.00016499750629026512,0.00016499606076496515,0.00016499461525321368,0.00016499316975269099,0.00016499172426969605,0.00016499027880108476,0.00016498883334687206,0.00016498738790691255,0.00016498594248250361,0.00016498449706824064,0.00016498305167170346,0.00016498160629010213,0.00016498016092160794,0.00016497871556438545,0.00016497727022420577,0.00016497582489608732,0.00016497437958522328,0.00016497293428545005,0.00016497148900249472,0.00016497004373437803,0.00016496859848010479,0.0001649671532413726,0.0001649657080133303,0.00016496426280314592,0.0001649628176071978,0.00016496137242515274,0.00016495992725751042,0.00016495848210302744,0.00016495703696406565,0.00016495559183670307,0.00016495414672598884,0.00016495270163059296,0.0001649512565461923,0.00016494981147915843,0.00016494836642326843,0.0001649469213808847,0.00016494547635672718,0.00016494403134363156,0.00016494258634511827,0.00016494114136358018,0.0001649396963965621,0.0001649382514449144,0.00016493680650634686,0.00016493536158254793,0.00016493391666991071,0.00016493247177121035,0.00016493102689039483,0.0001649295820238856,0.00016492813716834285,0.00016492669232656974,0.00016492524750268207,0.00016492380268965412,0.00016492235789122264,0.00016492091311034985,0.00016491946834053345,0.00016491802358815848,0.00016491657884730592,0.00016491513412357421,0.00016491368941135077,0.00016491224471358286,0.00016491080003292534,0.00016490935536282185,0.0001649079107109238,0.00016490646607330856,0.00016490502144717557,0.00016490357683475297,0.00016490213223989636,0.00016490068765943303,0.00016489924309323657,0.0001648977985379465,0.00016489635399753608,0.00016489490947458476,0.00016489346496521308,0.00016489202047060506,0.0001648905759868917,0.00016488913152089884,0.00016488768706940653,0.0001648862426320508,0.00016488479820931225,0.0001648833537978463,0.00016488190940393318,0.0001648804650243265,0.00016487902065904527,0.00016487757630764414,0.00016487613196679532,0.00016487468764401605,0.0001648732433354416,0.0001648717990412891,0.0001648703547612887,0.00016486891049577029,0.00016486746624196294,0.00016486602200266418,0.0001648645777768814,0.00016486313356907896,0.00016486168937509515,0.00016486024519555797,0.00016485880103012785,0.0001648573568800115,0.00016485591274053286,0.0001648544686146316,0.00016485302450383084,0.00016485158040700098,0.00016485013632489535,0.000164848692256383,0.00016484724820604144,0.0001648458041695788,0.0001648443601461694,0.0001648429161384895,0.00016484147214496572,0.0001648400281660477,0.00016483858419802884,0.0001648371402448474,0.0001648356963058769,0.00016483425238320712,0.00016483280847603426,0.0001648313645814537,0.00016482992069799483,0.00016482847683036545,0.00016482703298187595,0.00016482558914568879,0.00016482414532393362,0.00016482270151354936,0.00016482125771738186,0.0001648198139384152,0.000164818370174546,0.00016481692642146548,0.0001648154826860355,0.000164814038961762,0.00016481259525452595,0.00016481115156200302,0.00016480970788089057,0.0001648082642164546,0.00016480682057401445,0.00016480537693831698,0.00016480393331319844,0.00016480248970656067,0.0001648010461126075,0.000164799602533377,0.00016479815896894713,0.00016479671541955466,0.0001647952718810951,0.00016479382836018152,0.00016479238485347898,0.00016479094136132748,0.0001647894978834768,0.00016478805441597677,0.00016478661096511413,0.0001647851675271387,0.00016478372410271355,0.00016478228069682915,0.0001647808373048562,0.00016477939392718237,0.0001647779505641267,0.0001647765072146337,0.0001647750638764466,0.00016477362055540803,0.00016477217724917396,0.0001647707339535739,0.00016476929067606595,0.00016476784741243118,0.00016476640416353231,0.00016476496092541077,0.000164763517704716,0.0001647620744993585,0.0001647606313041829,0.00016475918812670977,0.00016475774496317654,0.00016475630181122733,0.00016475485867678598,0.00016475341555600528,0.0001647519724510974,0.0001647505293591222,0.00016474908628191635,0.00016474764321818247,0.00016474620016913955,0.00016474475713113262,0.00016474331411056364,0.00016474187110486209,0.00016474042811347902,0.00016473898513324543,0.00016473754216657553,0.0001647360992176564,0.00016473465627965628,0.00016473321335591458,0.00016473177044976436,0.00016473032755832362,0.00016472888467796478,0.000164727441812073,0.00016472599896458058,0.0001647245561251013,0.00016472311330490523,0.00016472167049924716,0.00016472022770490293,0.00016471878492752267,0.00016471734216383182,0.00016471589941516844,0.00016471445668080184,0.00016471301396067838,0.0001647115712551403,0.00016471012856388373,0.0001647086858872617,0.00016470724322522367,0.0001647058005739458,0.00016470435793975656,0.0001647029153170962,0.00016470147270882944,0.00016470003011744713,0.000164698587540352,0.00016469714497766502,0.00016469570242979062,0.00016469425989281975,0.000164692817373039,0.00016469137486390875,0.00016468993237266612,0.0001646884898960722,0.00016468704743342983,0.00016468560498553598,0.00016468416254790234,0.00016468272012810318,0.0001646812777229652,0.0001646798353286839,0.0001646783929487683,0.0001646769505865063,0.00016467550823842062,0.0001646740659017336,0.0001646726235783101,0.00016467118127326075,0.0001646697389822095,0.00016466829670265428,0.00016466685443749396,0.00016466541218579926,0.00016466396994847522,0.00016466252772547567,0.00016466108551745773,0.000164659643326651,0.00016465820115013985,0.0001646567589876018,0.0001646553168385533,0.0001646538747052301,0.00016465243258575058,0.000164650990481285,0.00016464954838780172,0.00016464810630839575,0.00016464666424574373,0.00016464522219803598,0.00016464378016497206,0.00016464233814642403,0.00016464089614176013,0.0001646394541540748,0.0001646380121745228,0.0001646365702123002,0.00016463512826142844,0.00016463368632482845,0.00016463224440533834,0.00016463080249676,0.00016462936060601313,0.0001646279187295779,0.000164626476864803,0.00016462503501391774,0.00016462359318063382,0.00016462215136108082,0.00016462070955329186,0.00016461926776294467,0.00016461782598339313,0.00016461638421870663,0.00016461494246757826,0.00016461350073154353,0.00016461205901217055,0.00016461061730806755,0.0001646091756139254,0.00016460773393725314,0.00016460629227601774,0.00016460485062542386,0.00016460340899183178,0.00016460196736983498,0.00016460052576512712,0.00016459908417473942,0.0001645976425952696,0.00016459620103176188,0.000164594759485272,0.0001645933179518879,0.00016459187643321055,0.00016459043492574277,0.00016458899343565564,0.00016458755195661315,0.00016458611049464727,0.00016458466904421812,0.00016458322761083152,0.00016458178618876195,0.00016458034478422686,0.0001645789033910089,0.00016457746201451316,0.0001645760206498749,0.00016457457930186805,0.0001645731379655738,0.00016457169664650624,0.00016457025534253973,0.00016456881405245796,0.00016456737277625725,0.00016456593151482367,0.00016456449026424193,0.00016456304903090727,0.00016456160780874688,0.00016456016660347378,0.0001645587254099404,0.00016455728423375902,0.00016455584307186572,0.00016455440192470017,0.00016455296078953888,0.00016455151966617335,0.0001645500785627709,0.0001645486374716176,0.00016454719639282314,0.00016454575532812867,0.00016454431427694063,0.00016454287324358839,0.00016454143222501886,0.00016453999122014771,0.00016453855022690954,0.00016453710925071863,0.0001645356682892885,0.00016453422733894518,0.00016453278640603735,0.0001645313454839136,0.00016452990457917617,0.00016452846368885697,0.00016452702280948204,0.00016452558194720177,0.0001645241410999991,0.00016452270026358207,0.00016452125944441104,0.00016451981864011638,0.00016451837784668151,0.00016451693707148933,0.00016451549630681024,0.00016451405555636768,0.0001645126148200712,0.00016451117410107806,0.0001645097333963541,0.00016450829270414695,0.00016450685202792133,0.00016450541136683611,0.00016450397071570149,0.0001645025300824833,0.0001645010894604162,0.00016449964885654353,0.00016449820826666835,0.00016449676769057786,0.0001644953271245263,0.00016449388657704644,0.00016449244604066975,0.00016449100551766698,0.0001644895650102768,0.00016448812451922361,0.00016448668404285362,0.0001644852435811541,0.00016448380313402038,0.00016448236269812783,0.00016448092227633657,0.00016447948187194912,0.00016447804147818319,0.00016447660109870858,0.00016447516073641273,0.0001644737203887926,0.00016447228005536828,0.00016447083973328378,0.0001644693994325564,0.00016446795914197226,0.0001644665188656379,0.00016446507860081849,0.0001644636383530697,0.00016446219811945748,0.00016446075790033308,0.00016445931769228016,0.0001644578775016693,0.00016445643732251964,0.0001644549971574283,0.00016445355700979154,0.00016445211687329323,0.00016445067675393757,0.0001644492366456663,0.00016444779655510182,0.00016444635647534512,0.0001644449164103407,0.00016444347635975265,0.00016444203632671493,0.00016444059630741636,0.00016443915630284453,0.00016443771630928107,0.0001644362763339241,0.00016443483637171866,0.00016443339642002887,0.00016443195648625376,0.00016443051657327214,0.00016442907666505794,0.00016442763677128552,0.0001644261968920673,0.0001644247570307615,0.00016442331718320886,0.0001644218773457111,0.00016442043752674208,0.00016441899772182508,0.00016441755793081806,0.00016441611815428165,0.00016441467839168412,0.0001644132386436429,0.00016441179890691216,0.00016441035918754755,0.00016440891948021582,0.00016440747978609325,0.0001644060401098489,0.00016440460044767115,0.00016440316079954136,0.00016440172116508338,0.0001644002815459324,0.0001643988419405168,0.00016439740234939186,0.0001643959627733632,0.0001643945232075325,0.0001643930836564799,0.00016439164411953414,0.00016439020459985108,0.0001643887650918693,0.00016438732559784485,0.0001643858861184327,0.00016438444665320322,0.00016438300720219879,0.00016438156776774483,0.00016438012834840273,0.00016437868894289366,0.0001643772495487568,0.00016437581017413044,0.00016437437081042757,0.00016437293145944983,0.00016437149212523226,0.00016437005280255996,0.0001643686134942285,0.0001643671742037097,0.00016436573492689116,0.00016436429566454278,0.00016436285641645973,0.00016436141718214118,0.00016435997795963576,0.0001643585387539112,0.0001643570995605514,0.00016435566038322405,0.00016435422122025437,0.00016435278206898522,0.00016435134293446113,0.0001643499038145469,0.0001643484647085487,0.0001643470256187568,0.0001643455865416367,0.0001643441474757183,0.0001643427084270894,0.00016434126938968065,0.00016433983036676607,0.0001643383913581409,0.00016433695236314728,0.00016433551338596638,0.00016433407441949983,0.00016433263547062528,0.00016433119653323897,0.0001643297576133152,0.00016432831870410373,0.0001643268798096719,0.00016432544093210867,0.00016432400206874305,0.0001643225632205145,0.00016432112438758523,0.00016431968556754076,0.0001643182467613078,0.0001643168079668989,0.0001643153691865637,0.0001643139304202465,0.00016431249166814953,0.00016431105293324326,0.00016430961421083626,0.0001643081755017139,0.00016430673681003832,0.00016430529813221218,0.0001643038594661473,0.00016430242081349444,0.0001643009821758623,0.00016429954355497273,0.0001642981049436895,0.00016429666634827018,0.00016429522777198816,0.0001642937892084971,0.00016429235065898426,0.00016429091212329547,0.00016428947360279657,0.00016428803509653384,0.00016428659660410252,0.00016428515812342504,0.00016428371965692998,0.00016428228120437491,0.0001642808427690193,0.00016427940434790957,0.00016427796593823155,0.0001642765275461008,0.00016427508916460568,0.00016427365079781954,0.000164272212448226,0.00016427077411001426,0.00016426933578973687,0.00016426789747925387,0.00016426645918555583,0.00016426502090749958,0.0001642635826405859,0.00016426214439105142,0.00016426070615577774,0.00016425926793434137,0.00016425782972441253,0.0001642563915285263,0.0001642549533502961,0.0001642535151825776,0.00016425207703259372,0.0001642506388935278,0.00016424920076899075,0.00016424776266221164,0.0001642463245662132,0.0001642448864872074,0.000164243448419955,0.00016424201036709663,0.00016424057233017442,0.0001642391343055221,0.00016423769629504364,0.0001642362582990197,0.00016423482032040131,0.00016423338235221706,0.00016423194439743654,0.00016423050645860028,0.00016422906853679365,0.00016422763062591864,0.00016422619272978968,0.00016422475484991015,0.00016422331698235905,0.00016422187913162317,0.00016422044129534868,0.00016421900347336386,0.00016421756566523674,0.00016421612786921032,0.00016421469008963185,0.00016421325232189807,0.000164211814567135,0.0001642103768308849,0.00016420893910357927,0.000164207501395671,0.00016420606370220106,0.0001642046260227538,0.00016420318835829427,0.0001642017507044649,0.0001642003130675637,0.00016419887544491703,0.00016419743783661173,0.00016419600024232143,0.00016419456265996923,0.00016419312509120533,0.00016419168753966583,0.00016419024999968465,0.00016418881247810553,0.0001641873749662303,0.00016418593747157223,0.0001641844999910017,0.00016418306252445698,0.0001641816250724351,0.00016418018763208423,0.0001641787502098466,0.00016417731279829017,0.00016417587540381668,0.00016417443802347795,0.00016417300065739608,0.00016417156330147362,0.0001641701259610957,0.00016416868863902126,0.00016416725132996273,0.0001641658140323991,0.00016416437674887,0.0001641629394800188,0.00016416150222808796,0.0001641600649904598,0.00016415862776361555,0.00016415719055413967,0.00016415575335962677,0.00016415431617925068,0.00016415287901355577,0.00016415144186029197,0.0001641500047223747,0.0001641485675985536,0.0001641471304855177,0.00016414569339155178,0.00016414425630722828,0.00016414281924086657,0.0001641413821882958,0.00016413994515041217,0.00016413850812351078,0.00016413707111411315,0.00016413563411584223,0.00016413419713450726,0.00016413276016744556,0.00016413132321433592,0.000164129886276194,0.00016412844935231988,0.0001641270124393624,0.00016412557554397112,0.00016412413866222157,0.00016412270179184387,0.00016412126493894406,0.00016411982810000275,0.0001641183912723029,0.00016411695445911774,0.00016411551765890212,0.00016411408087507355,0.0001641126441077057,0.00016411120735477323,0.00016410977061308215,0.0001641083338882036,0.00016410689717615064,0.00016410546048061688,0.00016410402379579857,0.0001641025871279029,0.00016410115047421297,0.000164099713834625,0.00016409827720946898,0.00016409684059841547,0.00016409540400164958,0.00016409396741665105,0.00016409253084815687,0.00016409109429130786,0.0001640896577478589,0.0001640882212198609,0.0001640867847095106,0.00016408534821282306,0.00016408391173056228,0.0001640824752623695,0.0001640810388054837,0.00016407960236570064,0.00016407816594040636,0.00016407672952589836,0.00016407529312886264,0.00016407385674631431,0.00016407242037770587,0.00016407098402262892,0.0001640695476796478,0.0001640681113530991,0.00016406667504144075,0.00016406523874291793,0.0001640638024596449,0.0001640623661908802,0.00016406092993638042,0.00016405949369579834,0.00016405805746703213,0.00016405662125536084,0.00016405518505647093,0.0001640537488724551,0.00016405231270044497,0.00016405087654254913,0.00016404944039901713,0.0001640480042694287,0.00016404656815743746,0.0001640451320593938,0.00016404369597260724,0.00016404225990290723,0.00016404082384480873,0.00016403938780093258,0.0001640379517751413,0.00016403651576229073,0.0001640350797635042,0.00016403364377941452,0.00016403220780940363,0.00016403077185009793,0.00016402933590877378,0.0001640278999810096,0.00016402646406534228,0.0001640250281671626,0.0001640235922827449,0.0001640221564093268,0.00016402072055893125,0.00016401928471428053,0.00016401784888417717,0.00016401641307113246,0.00016401497727269675,0.0001640135414842872,0.00016401210570968455,0.00016401066995463823,0.0001640092342080665,0.00016400779848008346,0.00016400636276853937,0.00016400492706948594,0.0001640034913840477,0.0001640020557128275,0.00016400062005557327,0.00016399918441255712,0.0001639977487816674,0.00016399631316866975,0.0001639948775659748,0.00016399344198035176,0.0001639920064092332,0.00016399057085223889,0.00016398913530578127,0.00016398769977745914,0.0001639862642597083,0.0001639848287565474,0.00016398339327086385,0.00016398195779618958,0.00016398052233853672,0.00016397908689574952,0.000163977651466859,0.00016397621604991445,0.0001639747806497797,0.0001639733452609412,0.00016397190988883318,0.00016397047452816862,0.00016396903918159978,0.0001639676038484657,0.00016396616853060054,0.00016396473322663385,0.0001639632979364492,0.00016396186266440864,0.00016396042740305066,0.0001639589921565812,0.00016395755692353567,0.00016395612170797357,0.0001639546865047881,0.000163953251317726,0.00016395181614216412,0.0001639503809834183,0.00016394894583632842,0.0001639475107062149,0.00016394607558735256,0.00016394464048608142,0.0001639432053955892,0.00016394177031958153,0.00016394033526063228,0.00016393890021666535,0.0001639374651831242,0.00016393603016421338,0.0001639345951594576,0.00016393316017205244,0.00016393172519827288,0.00016393029023526576,0.00016392885528625922,0.00016392742035259184,0.00016392598543633799,0.00016392455053385553,0.00016392311564647326,0.00016392168076850063,0.00016392024590885926,0.00016391881106313485,0.00016391737622913313,0.00016391594140868264,0.00016391450660278945,0.00016391307181158415,0.00016391163703670934,0.00016391020227651102,0.00016390876753099188,0.00016390733279962423,0.0001639058980825624,0.00016390446337956766,0.00016390302869048417,0.00016390159401651207,0.00016390015935588133,0.00016389872470598744,0.00016389729007132314,0.00016389585545001768,0.00016389442084762968,0.000163892986258995,0.0001638915516799794,0.00016389011711954754,0.00016388868257221847,0.00016388724803975436,0.00016388581352159181,0.00016388437901790798,0.0001638829445279237,0.00016388151004927977,0.00016388007558536298,0.00016387864113463557,0.00016387720670163646,0.00016387577228317026,0.0001638743378789738,0.00016387290348585782,0.0001638714691101879,0.00016387003474876478,0.00016386860039824464,0.00016386716606526491,0.000163865731746484,0.00016386429743886895,0.00016386286314752155,0.0001638614288678289,0.0001638599946025807,0.0001638585603549375,0.0001638571261210451,0.00016385569189843248,0.00016385425769307,0.00016385282350161548,0.0001638513893222644,0.0001638499551647483,0.0001638485210162122,0.00016384708688026755,0.0001638456527603373,0.00016384421865111285,0.00016384278455939532,0.0001638413504819478,0.000163839916418556,0.0001638384823670128,0.00016383704833193273,0.00016383561431137288,0.0001638341803029635,0.00016383274631169797,0.00016383131233130302,0.0001638298783675172,0.00016382844441547372,0.00016382701048024925,0.00016382557655653308,0.0001638241426470985,0.00016382270875601288,0.00016382127487796127,0.00016381984101425758,0.00016381840716136567,0.0001638169733256433,0.00016381553950400323,0.00016381410569667063,0.00016381267189960754,0.00016381123811776418,0.00016380980435316847,0.0001638083705999208,0.00016380693686103472,0.0001638055031396246,0.0001638040694324336,0.00016380263573593392,0.00016380120205356698,0.0001637997683861086,0.0001637983347316742,0.00016379690109503947,0.0001637954674730618,0.00016379403386128412,0.00016379260026817672,0.0001637911666888637,0.00016378973312374437,0.00016378829956964242,0.00016378686603003915,0.00016378543250663397,0.00016378399899838543,0.0001637825655038843,0.00016378113202362524,0.00016377969855772988,0.00016377826510222143,0.000163776831664786,0.00016377539824090364,0.00016377396482800485,0.0001637725314314571,0.00016377109805093274,0.00016376966468426376,0.000163768231329473,0.0001637667979914618,0.00016376536466491075,0.00016376393135568586,0.00016376249806020467,0.00016376106477650976,0.0001637596315097658,0.00016375819825739654,0.0001637567650187825,0.00016375533179440453,0.00016375389858172104,0.00016375246538587337,0.00016375103220493328,0.00016374959903492912,0.0001637481658789682,0.0001637467327399972,0.00016374529961553686,0.00016374386650170174,0.00016374243340514498,0.00016374100032340638,0.00016373956725560264,0.00016373813420219463,0.0001637367011630061,0.00016373526813484717,0.00016373383512107784,0.00016373240212540045,0.00016373096914000686,0.00016372953617094883,0.0001637281032166843,0.00016372667027629223,0.0001637252373505302,0.0001637238044386795,0.0001637223715388278,0.00016372093865593676,0.00016371950578715182,0.0001637180729325193,0.00016371664009208567,0.00016371520726269647,0.00016371377445058692,0.00016371234165069867,0.00016371090886426617,0.0001637094760947933,0.00016370804333645797,0.00016370661059506955,0.00016370517786804526,0.00016370374515254556,0.0001637023124542163,0.00016370087976682663,0.00016369944709707524,0.00016369801444167875,0.00016369658180143522,0.00016369514917386732,0.00016369371655650927,0.00016369228395869884,0.00016369085137465345,0.00016368941880140627,0.00016368798624203314,0.00016368655369713588,0.00016368512116520187,0.00016368368865083083,0.00016368225614868083,0.00016368082366001756,0.0001636793911863896,0.00016367795872974968,0.00016367652628669553,0.00016367509385786078,0.0001636736614405464,0.00016367222904073057,0.00016367079665513017,0.00016366936428093942,0.00016366793192419237,0.0001636664995776479,0.0001636650672453992,0.00016366363493036074,0.00016366220262952868,0.00016366077033991004,0.00016365933806756705,0.000163657905806454,0.0001636564735630343,0.00016365504132984375,0.0001636536091154599,0.0001636521769142234,0.00016365074472391903,0.00016364931254831183,0.00016364788038938422,0.0001636464482447335,0.0001636450161147726,0.00016364358399561146,0.00016364215189025642,0.00016364071979949743,0.0001636392877263534,0.00016363785566699047,0.00016363642362171222,0.00016363499158817576,0.00016363355957183025,0.00016363212756926622,0.00016363069558043811,0.0001636292636068121,0.0001636278316430118,0.00016362639969404028,0.0001636249677596125,0.00016362353584234256,0.00016362210393918296,0.00016362067204894284,0.0001636192401726225,0.00016361780832146365,0.0001636163764753933,0.00016361494464307562,0.00016361351282175588,0.00016361208101803992,0.00016361064922895894,0.0001636092174497493,0.00016360778568602963,0.00016360635393807986,0.00016360492220531873,0.00016360349048721596,0.0001636020587828532,0.00016360062709399708,0.00016359919541884121,0.00016359776375436577,0.00016359633210625394,0.00016359490047028694,0.00016359346885236195,0.00016359203724446207,0.00016359060565072838,0.00016358917407001742,0.00016358774250503096,0.00016358631095803985,0.0001635848794243439,0.00016358344790196277,0.0001635820163965509,0.00016358058490768612,0.00016357915342774088,0.00016357772196416872,0.0001635762905110112,0.00016357485907335552,0.00016357342765300066,0.00016357199624721637,0.00016357056485523307,0.00016356913347397812,0.00016356770210992246,0.0001635662707609402,0.0001635648394243988,0.0001635634081033548,0.00016356197679585265,0.00016356054550319935,0.00016355911422472717,0.0001635576829578227,0.00016355625170895354,0.00016355482047327092,0.00016355338924911047,0.0001635519580416244,0.00016355052684374579,0.0001635490956646835,0.00016354766449993278,0.00016354623334922168,0.0001635448022125651,0.0001635433710870014,0.00016354193997887494,0.00016354050888508153,0.00016353907780427017,0.00016353764673905546,0.0001635362156875835,0.00016353478464990824,0.00016353335362707215,0.00016353192261882207,0.00016353049162506542,0.00016352906064188663,0.00016352762967537142,0.00016352619872033516,0.00016352476778294734,0.00016352333685973005,0.00016352190595029142,0.0001635204750544774,0.00016351904417046814,0.0001635176133037863,0.0001635161824519721,0.00016351475161412269,0.00016351332078952036,0.00016351188997960396,0.00016351045918369143,0.00016350902840051268,0.00016350759763280698,0.00016350616687988575,0.00016350473613797745,0.00016350330541317414,0.00016350187470245883,0.00016350044400712812,0.0001634990133251943,0.00016349758265408367,0.00016349615199847038,0.00016349472135908561,0.00016349329073072122,0.00016349186012010018,0.00016349042952331359,0.00016348899893761537,0.00016348756836875126,0.00016348613781422546,0.00016348470727367486,0.00016348327674733747,0.0001634818462398454,0.00016348041573975645,0.000163478985253435,0.0001634775547843051,0.00016347612432886658,0.0001634746938878874,0.00016347326346101716,0.00016347183304902448,0.00016347040265120598,0.00016346897226735406,0.00016346754189468203,0.0001634661115384566,0.00016346468119657952,0.00016346325086938405,0.00016346182055630693,0.0001634603902569697,0.00016345895996923212,0.00016345752969826715,0.00016345609943891324,0.00016345466919630224,0.00016345323896834976,0.0001634518087542348,0.00016345037855462492,0.00016344894836599832,0.00016344751819387433,0.0001634460880344091,0.0001634446578919682,0.00016344322776006362,0.00016344179764512975,0.00016344036754386426,0.0001634389374575454,0.00016343750738461184,0.0001634360773234189,0.0001634346472769139,0.00016343321724845983,0.0001634317872298447,0.00016343035722826766,0.0001634289272385032,0.00016342749726491962,0.00016342606730637642,0.00016342463736147513,0.00016342320743135773,0.00016342177751249573,0.00016342034760738128,0.0001634189177195512,0.0001634174878450449,0.00016341605798548167,0.00016341462814018127,0.00016341319830806276,0.0001634117684911221,0.00016341033868905581,0.00016340890889950653,0.00016340747912576715,0.000163406049365438,0.0001634046196200886,0.00016340318988799582,0.00016340176016743118,0.00016340033046377276,0.00016339890077416615,0.00016339747109577732,0.00016339604143192273,0.0001633946117849838,0.0001633931821516389,0.00016339175253004496,0.00016339032292288924,0.00016338889333103264,0.0001633874637551277,0.00016338603419352346,0.0001633846046437217,0.0001633831751106609,0.00016338174559186176,0.0001633803160875391,0.00016337888659375275,0.0001633774571178129,0.0001633760276552036,0.00016337459820589984,0.00016337316876890708,0.00016337173934907043,0.00016337030994064444,0.00016336888054628462,0.00016336745116897437,0.00016336602180327492,0.00016336459245236973,0.0001633631631158212,0.00016336173379491648,0.00016336030448822246,0.0001633588751929221,0.00016335744591508,0.00016335601664817868,0.00016335458739563053,0.00016335315815978123,0.00016335172893860859,0.00016335029973056905,0.00016334887053454385,0.0001633474413558808,0.000163346012189073,0.00016334458303820916,0.00016334315390133808,0.00016334172477979668,0.00016334029567127703,0.00016333886657806282,0.00016333743749532217,0.00016333600842710134,0.00016333457937600673,0.00016333315033898574,0.00016333172131758125,0.00016333029230886182,0.000163328863311684,0.00016332743432796173,0.00016332600535848323,0.00016332457640632088,0.00016332314746901516,0.0001633217185454818,0.00016332028963611417,0.00016331886073797205,0.0001633174318574018,0.00016331600299221042,0.00016331457413903993,0.00016331314530038435,0.0001633117164756291,0.0001633102876662348,0.0001633088588697884,0.000163307430086788,0.00016330600131871833,0.00016330457256482308,0.00016330314382568666,0.00016330171510056324,0.0001633002863896162,0.00016329885768958708,0.0001632974290038797,0.0001632960003350051,0.0001632945716804832,0.0001632931430370602,0.0001632917144076645,0.0001632902857956306,0.00016328885719464864,0.00016328742861024267,0.00016328600004098524,0.0001632845714847365,0.00016328314294083803,0.00016328171441364704,0.0001632802858980084,0.0001632788573996155,0.000163277428913794,0.00016327600044275153,0.0001632745719846195,0.0001632731435440041,0.00016327171511595873,0.00016327028670212236,0.00016326885829984818,0.00016326742991183503,0.0001632660015404949,0.00016326457318061635,0.0001632631448347949,0.00016326171650614748,0.00016326028818808958,0.00016325885988802632,0.00016325743160142993,0.00016325600333010358,0.00016325457507255717,0.00016325314682851972,0.00016325171860081587,0.000163250290382173,0.00016324886218128083,0.00016324743399463585,0.00016324600582111654,0.00016324457766364543,0.0001632431495164367,0.00016324172138544653,0.00016324029326625345,0.00016323886516089175,0.00016323743707015448,0.00016323600899246176,0.0001632345809299592,0.00016323315288444177,0.00016323172485020453,0.00016323029683326575,0.00016322886882702957,0.00016322744083719292,0.0001632260128625009,0.0001632245849022055,0.00016322315695628946,0.00016322172902358162,0.00016322030110263835,0.00016321887319859055,0.00016321744530827575,0.00016321601742958215,0.00016321458956837124,0.00016321316172167725,0.00016321173388934087,0.00016321030607025058,0.00016320887826278013,0.00016320745047200013,0.0001632060226960107,0.00016320459493419435,0.0001632031671831792,0.00016320173944922613,0.00016320031172998862,0.00016319888402438273,0.00016319745633371177,0.00016319602865686808,0.00016319460099078112,0.00016319317334226863,0.00016319174570693932,0.0001631903180858983,0.00016318889047668188,0.00016318746288386936,0.000163186035303081,0.00016318460773908535,0.00016318318018968738,0.00016318175265387662,0.0001631803251331691,0.00016317889762581422,0.00016317747013261058,0.00016317604265349178,0.0001631746151892702,0.00016317318773539325,0.00016317176029927944,0.0001631703328773271,0.00016316890546905325,0.0001631674780757607,0.00016316605069668339,0.00016316462333037824,0.0001631631959792143,0.00016316176864035058,0.00016316034131704668,0.00016315891400790113,0.00016315748671334965,0.00016315605943253815,0.00016315463216711753,0.00016315320491403773,0.0001631517776724856,0.00016315035044772011,0.00016314892323753406,0.00016314749604197254,0.00016314606885726687,0.00016314464169014093,0.00016314321453628615,0.00016314178739717242,0.0001631403602723486,0.0001631389331612307,0.00016313750606461818,0.000163136078978309,0.00016313465190757884,0.00016313322485060736,0.00016313179781114715,0.00016313037078233189,0.00016312894377048268,0.00016312751677320815,0.00016312608978907405,0.0001631246628172726,0.00016312323586224598,0.00016312180892114967,0.00016312038199420672,0.00016311895508142523,0.00016311752818009748,0.0001631161012956112,0.00016311467442526649,0.00016311324756889328,0.0001631118207264229,0.00016311039389598007,0.00016310896707976623,0.00016310754027758735,0.00016310611349217689,0.00016310468672091894,0.00016310325996388928,0.0001631018332217424,0.00016310040649307334,0.0001630989797758034,0.0001630975530759944,0.0001630961263904759,0.00016309469971625737,0.00016309327305465298,0.00016309184641121168,0.00016309041978163966,0.0001630889931664961,0.0001630875665655901,0.00016308613997972706,0.00016308471340342113,0.00016308328684302244,0.00016308186029678846,0.00016308043376366812,0.00016307900724797338,0.00016307758074572115,0.00016307615425330727,0.000163074727779504,0.0001630733013200133,0.0001630718748736935,0.00016307044844204985,0.00016306902202194593,0.0001630675956190548,0.00016306616923031467,0.00016306474285571844,0.00016306331649641083,0.00016306189015010067,0.00016306046381704017,0.000163059037498558,0.00016305761119094386,0.00016305618489809582,0.00016305475862254796,0.00016305333236113552,0.00016305190611387525,0.0001630504798801452,0.00016304905366022006,0.00016304762745447272,0.00016304620126406726,0.00016304477508726268,0.0001630433489247099,0.00016304192277655946,0.00016304049663924344,0.00016303907051563212,0.0001630376444067327,0.00016303621831075253,0.00016303479223304495,0.0001630333661693233,0.00016303194012010677,0.00016303051408542537,0.00016302908806397462,0.00016302766205394828,0.00016302623606109703,0.0001630248100795181,0.00016302338411205942,0.00016302195815857032,0.00016302053221939206,0.00016301910629774034,0.00016301768038681013,0.00016301625449274446,0.00016301482861287285,0.000163013402744633,0.0001630119768931784,0.00016301055105307665,0.00016300912522667152,0.00016300769941445764,0.00016300627361942764,0.000163004847838673,0.00016300342207318226,0.0001630019963201818,0.0001630005705792722,0.00016299914485232769,0.0001629977191422722,0.0001629962934463006,0.00016299486776152598,0.0001629934420933197,0.00016299201643699764,0.00016299059079468884,0.00016298916516614782,0.00016298773955538798,0.00016298631395672162,0.00016298488837422962,0.00016298346280685773,0.00016298203725207577,0.00016298061170892767,0.00016297918618301518,0.00016297776067063823,0.00016297633516966704,0.00016297490968283863,0.00016297348421014297,0.00016297205875448183,0.0001629706333112829,0.00016296920788389868,0.00016296778247110579,0.00016296635707037239,0.0001629649316858345,0.00016296350631500437,0.00016296208095584747,0.00016296065560903776,0.00016295923028063138,0.0001629578049668187,0.0001629563796667134,0.00016295495438116675,0.00016295352910856458,0.00016295210384815673,0.00016295067860458084,0.00016294925337226185,0.00016294782815636256,0.00016294640295535612,0.0001629449777687904,0.00016294355259700578,0.00016294212743837795,0.00016294070229376883,0.00016293927716371415,0.00016293785204425903,0.0001629364269414437,0.00016293500185337795,0.0001629335767768368,0.00016293215171704398,0.00016293072666965383,0.0001629293016353985,0.00016292787661509038,0.00016292645161340445,0.00016292502662489938,0.00016292360165077335,0.00016292217668733837,0.0001629207517401642,0.0001629193268050519,0.00016291790188665222,0.00016291647698246206,0.00016291505208926755,0.00016291362721035352,0.00016291220234925522,0.00016291077750100222,0.00016290935266763477,0.00016290792784466802,0.0001629065030397586,0.00016290507824914244,0.000162903653473355,0.00016290222870718614,0.0001629008039591741,0.00016289937922448017,0.00016289795450345296,0.00016289652979424032,0.00016289510509934373,0.00016289368042101695,0.00016289225575742577,0.0001628908311048774,0.0001628894064695748,0.000162887981845354,0.00016288655723821642,0.00016288513264489492,0.00016288370806649493,0.00016288228349871893,0.00016288085894657068,0.00016287943440700787,0.00016287800988373205,0.00016287658537560758,0.0001628751608784232,0.00016287373639601845,0.0001628723119306663,0.00016287088747627855,0.00016286946303553353,0.00016286803861217513,0.00016286661419962777,0.0001628651898045337,0.00016286376542399176,0.00016286234105399058,0.00016286091669785263,0.00016285949235951214,0.00016285806803480817,0.00016285664372420986,0.00016285521942763315,0.00016285379514513509,0.00016285237087760186,0.00016285094662067418,0.0001628495223769743,0.00016284809815072333,0.0001628466739364328,0.00016284524973955646,0.00016284382555595799,0.00016284240138639004,0.0001628409772319201,0.00016283955309089488,0.00016283812896377502,0.00016283670485005825,0.00016283528075065773,0.00016283385666595094,0.000162832432592479,0.0001628310085359121,0.00016282958449102619,0.00016282816046288054,0.00016282673644461238,0.000162825312444808,0.0001628238884592006,0.00016282246448750788,0.00016282104053012212,0.00016281961658681443,0.0001628181926549909,0.00016281676873995186,0.0001628153448388916,0.00016281392095280578,0.00016281249708009375,0.00016281107321867484,0.0001628096493733244,0.00016280822554040644,0.0001628068017220874,0.00016280537791934206,0.00016280395413181194,0.0001628025303587137,0.00016280110659619608,0.00016279968284872742,0.00016279825911437242,0.00016279683539432627,0.00016279541169116619,0.00016279398800196775,0.00016279256432741827,0.0001627911406639203,0.00016278971701434172,0.00016278829337808986,0.00016278686975957084,0.000162785446152308,0.0001627840225614588,0.00016278259898571014,0.00016278117542413434,0.0001627797518766206,0.0001627783283422769,0.00016277690482219392,0.00016277548131396786,0.0001627740578190029,0.00016277263434353012,0.00016277121088022334,0.00016276978742846843,0.0001627683639928937,0.00016276694056930138,0.00016276551716298598,0.00016276409377034961,0.00016276267038921568,0.0001627612470252677,0.00016275982367544223,0.0001627584003366721,0.00016275697701485342,0.00016275555370737164,0.00016275413041402705,0.00016275270713435113,0.0001627512838692181,0.00016274986061624072,0.00016274843737849155,0.00016274701415485253,0.00016274559094604804,0.00016274416775161873,0.0001627427445709341,0.00016274132140482546,0.00016273989824979422,0.0001627384751117386,0.0001627370519878188,0.00016273562887490572,0.00016273420577877213,0.00016273278269719968,0.00016273135962933155,0.00016272993657209719,0.00016272851353264786,0.00016272709050750325,0.00016272566749618328,0.00016272424449887644,0.00016272282151600124,0.00016272139854805348,0.00016271997558983813,0.00016271855264852876,0.00016271712972179924,0.00016271570680916034,0.00016271428391179018,0.00016271286102786963,0.0001627114381571486,0.00016271001529844244,0.00016270859245326325,0.00016270716962548824,0.00016270574681170817,0.0001627043240115253,0.0001627029012274194,0.00016270147845609588,0.00016270005569719815,0.000162698632953207,0.00016269721022135958,0.00016269578750608595,0.0001626943648051995,0.0001626929421155526,0.00016269151944300634,0.00016269009678156654,0.00016268867413430884,0.00016268725150149257,0.00016268582888528816,0.0001626844062837312,0.00016268298369537143,0.00016268156112196562,0.0001626801385635441,0.00016267871601835559,0.00016267729348905168,0.00016267587097250498,0.00016267444846963745,0.00016267302597766935,0.00016267160350317845,0.000162670181042072,0.00016266875859565483,0.00016266733615980807,0.00016266591374083393,0.00016266449133685063,0.00016266306894689887,0.00016266164657104216,0.00016266022420971112,0.00016265880185888177,0.00016265737952169185,0.00016265595720318016,0.00016265453489481716,0.0001626531126029801,0.00016265169032655356,0.00016265026806088018,0.0001626488458084698,0.0001626474235718355,0.00016264600134832397,0.00016264457914138674,0.00016264315695003402,0.00016264173477089153,0.00016264031260617467,0.0001626388904554927,0.00016263746831721452,0.00016263604619489423,0.00016263462408668656,0.0001626332019925832,0.00016263177990951517,0.0001626303578435585,0.0001626289357917029,0.0001626275137514254,0.00016262609172839625,0.0001626246697187919,0.00016262324772330452,0.00016262182574057116,0.00016262040377362086,0.0001626189818179983,0.00016261755988091444,0.0001626161379561655,0.00016261471604591283,0.00016261329414639348,0.00016261187226412438,0.00016261045039299925,0.00016260902853603617,0.0001626076066928459,0.00016260618486542788,0.00016260476305022888,0.00016260334125196415,0.00016260191946674245,0.00016260049769708555,0.00016259907594237167,0.00016259765420137499,0.00016259623247448103,0.0001625948107621445,0.00016259338906317295,0.00016259196737765063,0.00016259054570372223,0.00016258912404358786,0.0001625877023985725,0.00016258628077006255,0.00016258485915690313,0.00016258343755395712,0.00016258201596847942,0.00016258059439629548,0.00016257917283722158,0.0001625777512930757,0.00016257632976042445,0.00016257490824406765,0.0001625734867423841,0.00016257206525466475,0.00016257064378104858,0.00016256922232213658,0.00016256780087638563,0.00016256637944539118,0.0001625649580283224,0.00016256353662582663,0.00016256211523764976,0.00016256069385993822,0.00016255927249669803,0.0001625578511477321,0.00016255642981528805,0.00016255500849580534,0.0001625535871914319,0.00016255216590129083,0.00016255074462248988,0.00016254932336054955,0.0001625479021093341,0.0001625464808764394,0.0001625450596584943,0.00016254363844919324,0.0001625422172577545,0.00016254079607789325,0.00016253937491446713,0.00016253795376335413,0.0001625365326251689,0.00016253511150414468,0.00016253369039369523,0.00016253226930110156,0.000162530848222629,0.00016252942715808092,0.00016252800610806558,0.00016252658507276004,0.00016252516405053307,0.00016252374303978454,0.00016252232204581418,0.0001625209010630902,0.0001625194800974099,0.00016251805914562452,0.00016251663820821878,0.00016251521728478835,0.00016251379637216202,0.00016251237547418123,0.00016251095459106555,0.00016250953372124203,0.0001625081128681469,0.00016250669202916363,0.00016250527120427756,0.00016250385039394324,0.0001625024295967722,0.000162501008811502,0.00016249958804344784,0.00016249816728905163,0.00016249674654820413,0.00016249532582197397,0.00016249390511019411,0.00016249248440973818,0.00016249106372481588,0.0001624896430521135,0.0001624882223970178,0.00016248680175583464,0.0001624853811276509,0.00016248396051502488,0.0001624825399129003,0.0001624811193245882,0.00016247969875335508,0.00016247827819925714,0.00016247685765568158,0.000162475437127388,0.0001624740166138655,0.0001624725961131624,0.0001624711756239503,0.00016246975515290605,0.00016246833469394945,0.00016246691425004394,0.00016246549382004194,0.00016246407340378532,0.00016246265300190162,0.00016246123261122466,0.00016245981223869291,0.0001624583918781756,0.0001624569715301806,0.00016245555119858847,0.00016245413088053877,0.0001624527105773614,0.00016245129028315082,0.00016244987000544375,0.0001624484497472368,0.00016244702950042803,0.00016244560926766108,0.0001624441890503888,0.00016244276884604548,0.0001624413486528994,0.0001624399284759389,0.00016243850831343837,0.000162437088161849,0.000162435668025011,0.000162434247904913,0.00016243282779877192,0.00016243140770716283,0.00016242998762652094,0.00016242856756341667,0.00016242714751363424,0.00016242572747893842,0.00016242430745605447,0.0001624228874497915,0.00016242146745720516,0.0001624200474766376,0.00016241862751138755,0.00016241720755844996,0.00016241578762198443,0.00016241436769980888,0.00016241294779093066,0.00016241152789441614,0.0001624101080141359,0.0001624086881446029,0.00016240726829136413,0.00016240584845343323,0.00016240442862423094,0.00016240300881343832,0.0001624015890176849,0.00016240016923285515,0.00016239874946231552,0.00016239732970740593,0.00016239590996452633,0.000162394490238892,0.00016239307052435555,0.0001623916508272673,0.00016239023114246467,0.00016238881147302448,0.00016238739181814626,0.00016238597217689812,0.00016238455254987663,0.0001623831329372362,0.00016238171333824626,0.00016238029375090443,0.0001623788741797168,0.0001623774546221795,0.0001623760350787046,0.00016237461555026716,0.00016237319603385443,0.00016237177653296873,0.00016237035704664543,0.000162368937573866,0.00016236751811558173,0.00016236609867151,0.00016236467923879647,0.00016236325982417528,0.00016236184041952762,0.00016236042103114372,0.00016235900165766445,0.0001623575822975674,0.00016235616294913753,0.00016235474361799912,0.00016235332429763254,0.00016235190499464916,0.00016235048570693267,0.00016234906643167773,0.00016234764717106215,0.00016234622792140834,0.0001623448086885734,0.00016234338946981983,0.0001623419702652903,0.00016234055107224369,0.00016233913189573316,0.0001623377127306516,0.00016233629358246242,0.00016233487444819393,0.00016233345532789696,0.00016233203622179605,0.00016233061712999958,0.0001623291980494081,0.00016232777898272788,0.00016232635993294076,0.00016232494089738454,0.00016232352187588848,0.0001623221028678756,0.00016232068387481168,0.00016231926489524757,0.00016231784593020835,0.00016231642697884401,0.00016231500803936787,0.00016231358911612977,0.00016231217020713353,0.00016231075131057133,0.00016230933243054698,0.0001623079135640241,0.00016230649471176775,0.0001623050758732966,0.00016230365704489674,0.00016230223823489223,0.00016230081943810937,0.00016229940065626172,0.00016229798188639903,0.00016229656313141154,0.00016229514439158508,0.0001622937256660626,0.0001622923069538231,0.00016229088825598875,0.00016228946956986946,0.00016228805090058617,0.00016228663224158164,0.00016228521360175314,0.0001622837949717273,0.0001622823763646115,0.00016228095776518785,0.000162279539176802,0.00016227812060642545,0.0001622767020501489,0.00016227528350663608,0.0001622738649749846,0.00016227244646002992,0.00016227102795939708,0.00016226960947267636,0.0001622681910003651,0.00016226677254179442,0.00016226535409440325,0.00016226393566481435,0.0001622625172517094,0.000162261098849469,0.00016225968046128323,0.00016225826208676606,0.00016225684372351708,0.00016225542537914343,0.0001622540070445375,0.0001622525887263891,0.00016225117042233865,0.0001622497521335922,0.00016224833385798876,0.00016224691559691315,0.00016224549734389238,0.0001622440791101568,0.00016224266088773302,0.00016224124268293143,0.0001622398244916218,0.0001622384063150651,0.00016223698815249314,0.00016223557000398926,0.0001622341518674551,0.00016223273374326463,0.00016223131563665935,0.00016222989754098943,0.00016222847945944157,0.00016222706139492048,0.0001622256433425651,0.00016222422530624448,0.00016222280728555902,0.0001622213892773099,0.00016221997128037821,0.00016221855330054448,0.000162217135331891,0.00016221571737732538,0.0001622142994394951,0.00016221288151382744,0.00016221146360441684,0.0001622100457055405,0.00016220862782402302,0.00016220720995704287,0.00016220579210400281,0.00016220437426458346,0.00016220295643863285,0.00016220153862821934,0.00016220012083084705,0.00016219870304762208,0.00016219728527736048,0.0001621958675198929,0.00016219444977927017,0.00016219303205337039,0.0001621916143378679,0.00016219019663912544,0.0001621887789544579,0.00016218736128123642,0.00016218594362224693,0.00016218452598026372,0.00016218310834879992,0.00016218169073488865,0.00016218027313500105,0.00016217885554820955,0.0001621774379770268,0.00016217602041937546,0.00016217460287577885,0.00016217318534354286,0.0001621717678250293,0.00016217035032364152,0.00016216893283585343,0.00016216751535965687,0.00016216609790003386,0.0001621646804550083,0.00016216326302220232,0.00016216184560522578,0.00016216042820169522,0.00016215901081259503,0.00016215759343821658,0.00016215617607453326,0.00016215475872787623,0.00016215334139342466,0.00016215192407398484,0.0001621505067695016,0.0001621490894759125,0.0001621476721957805,0.000162146254928466,0.00016214483767856982,0.00016214342044123338,0.0001621420032209111,0.0001621405860146256,0.0001621391688226557,0.0001621377516447243,0.0001621363344782894,0.00016213491732708154,0.00016213350018814978,0.00016213208306610456,0.0001621306659585146,0.00016212924886208294,0.00016212783177945887,0.00016212641471100313,0.0001621249976596322,0.0001621235806223456,0.00016212216359891613,0.00016212074658825316,0.00016211932959314245,0.00016211791261208633,0.00016211649564414117,0.00016211507869098025,0.00016211366174900656,0.0001621122448242793,0.00016211082791367688,0.0001621094110143278,0.00016210799413186587,0.00016210657726215628,0.0001621051604071974,0.00016210374356394986,0.00016210232673453487,0.00016210090991888463,0.0001620994931201613,0.0001620980763356287,0.00016209665956530168,0.00016209524280878755,0.00016209382606526874,0.00016209240933683645,0.00016209099262079533,0.00016208957591995195,0.0001620881592336926,0.00016208674256044763,0.00016208532590353188,0.00016208390925942845,0.0001620824926296333,0.00016208107601127232,0.0001620796594093533,0.00016207824282145968,0.00016207682624826204,0.0001620754096885134,0.00016207399314301256,0.0001620725766113779,0.0001620711600918954,0.00016206974358521728,0.00016206832709574995,0.00016206691062033775,0.00016206549415917043,0.00016206407771187804,0.00016206266127889537,0.00016206124485671652,0.00016205982844908753,0.00016205841205461428,0.00016205699567804443,0.00016205557931491492,0.00016205416296649383,0.0001620527466285869,0.00016205133030742776,0.00016204991400067277,0.00016204849770522602,0.00016204708142364226,0.0001620456651591767,0.0001620442489084807,0.00016204283267217678,0.0001620414164467537,0.0001620400002388129,0.0001620385840444587,0.0001620371678616529,0.0001620357516953173,0.00016203433554312744,0.00016203291940586014,0.00016203150328101886,0.0001620300871710472,0.0001620286710724121,0.00016202725498963571,0.00016202583892203936,0.00016202442286868883,0.0001620230068289344,0.0001620215908004955,0.00016202017478877633,0.0001620187587906855,0.00016201734280729132,0.00016201592683832056,0.00016201451088229357,0.00016201309493902127,0.00016201167901157683,0.00016201026309767394,0.0001620088471984274,0.000162007431313648,0.00016200601543986065,0.0001620045995817058,0.00016200318373881992,0.00016200176790993832,0.000162000352095421,0.0001619989362935796,0.0001619975205040793,0.00016199610473129186,0.00016199468896922062,0.0001619932732224101,0.0001619918574890491,0.00016199044177236835,0.00016198902606724352,0.0001619876103751961,0.00016198619470017477,0.00016198477904040375,0.0001619833633935226,0.00016198194776104944,0.0001619805321424539,0.00016197911653804587,0.00016197770094773624,0.00016197628537179134,0.00016197486980719313,0.00016197345425662815,0.000161972038722902,0.00016197062320281354,0.0001619692076970914,0.00016196779220369647,0.00016196637672331247,0.00016196496125797874,0.00016196354580788453,0.00016196213036959463,0.0001619607149454416,0.00016195929953473486,0.00016195788414120736,0.00016195646876215604,0.00016195505339715565,0.00016195363804716805,0.00016195222271002236,0.00016195080738661346,0.0001619493920775344,0.0001619479767831355,0.0001619465615010901,0.00016194514623107432,0.00016194373097799252,0.00016194231573976535,0.00016194090051191082,0.00016193948530355683,0.0001619380701067564,0.00016193665492393009,0.00016193523975343348,0.00016193382459833326,0.00016193240945805329,0.00016193099433086265,0.00016192957921821354,0.0001619281641200626,0.00016192674903437495,0.0001619253339620057,0.00016192391890277057,0.00016192250386180127,0.00016192108883385966,0.00016191967381950717,0.000161918258819532,0.00016191684383426528,0.00016191542886227997,0.00016191401390543294,0.00016191259896082105,0.00016191118402727957,0.00016190976910827147,0.0001619083542063077,0.00016190693931807947,0.0001619055244416829,0.00016190410958178114,0.0001619026947323317,0.00016190127990065226,0.00016189986508287162,0.0001618984502791856,0.00016189703548928728,0.0001618956207131238,0.00016189420595196568,0.00016189279120519128,0.000161891376471687,0.0001618899617522392,0.00016188854704728345,0.0001618871323566982,0.00016188571767936395,0.00016188430301601432,0.00016188288836654655,0.00016188147372976075,0.00016188005910743383,0.0001618786444981081,0.00016187722990212663,0.00016187581532345365,0.00016187440075858395,0.00016187298620486964,0.0001618715716670183,0.00016187015714404682,0.00016186874263460693,0.0001618673281398442,0.00016186591365898348,0.0001618644991923924,0.00016186308473778972,0.00016186167029769066,0.00016186025587245267,0.0001618588414615769,0.00016185742706463537,0.00016185601268175781,0.00016185459831343448,0.00016185318395848638,0.00016185176961953002,0.00016185035529350857,0.00016184894098107951,0.00016184752668268543,0.00016184611239788678,0.00016184469812481313,0.0001618432838685237,0.00016184186962629513,0.00016184045539733612,0.00016183904118263252,0.00016183762698261705,0.0001618362127921028,0.00016183479861741262,0.0001618333844568978,0.00016183197031022307,0.00016183055617728623,0.0001618291420617371,0.0001618277279584206,0.00016182631386786077,0.00016182489979088137,0.00016182348572722362,0.00016182207167868713,0.00016182065764736226,0.00016181924362887568,0.00016181782962470368,0.0001618164156338807,0.00016181500165870407,0.0001618135876979161,0.00016181217374981434,0.00016181075981626107,0.00016180934589676502,0.00016180793199143192,0.00016180651810044646,0.00016180510422290483,0.00016180369035768497,0.0001618022765096879,0.00016180086267585634,0.00016179944885264178,0.00016179803504591888,0.0001617966212497419,0.0001617952074713712,0.0001617937937036846,0.00016179237995104923,0.00016179096621448427,0.00016178955248975159,0.00016178813878085947,0.00016178672508585076,0.00016178531140499498,0.0001617838977378423,0.00016178248408448614,0.00016178107044323073,0.00016177965681836654,0.00016177824320503273,0.0001617768296085078,0.00016177541602326124,0.00016177400245483714,0.00016177258890026568,0.00016177117536021846,0.00016176976183355187,0.0001617683483191826,0.00016176693482198692,0.00016176552133739024,0.00016176410786671098,0.0001617626944087732,0.00016176128096628722,0.00016175986753700668,0.00016175845412003307,0.00016175704071946963,0.00016175562733321855,0.00016175421396084956,0.0001617528006024447,0.00016175138725787238,0.00016174997392748257,0.00016174856061250815,0.00016174714731041266,0.00016174573402071701,0.00016174432074652902,0.00016174290748635053,0.00016174149424047068,0.00016174008100605118,0.00016173866778776319,0.00016173725458368311,0.00016173584139417746,0.00016173442821900474,0.00016173301505612492,0.00016173160190868186,0.00016173018877554878,0.00016172877565578822,0.00016172736255042525,0.00016172594945883034,0.0001617245363814306,0.00016172312331584854,0.0001617217102660498,0.00016172029723020582,0.00016171888420595884,0.00016171747119712393,0.00016171605820341733,0.00016171464522418891,0.00016171323225852764,0.00016171181930659992,0.00016171040636942896,0.00016170899344583438,0.0001617075805364916,0.000161706167640985,0.00016170475475894722,0.00016170334189032464,0.00016170192903715213,0.00016170051619783917,0.00016169910337307994,0.00016169769056209197,0.00016169627776467359,0.0001616948649817448,0.00016169345221270963,0.00016169203945822793,0.0001616906267170825,0.00016168921398972312,0.00016168780127689527,0.00016168638857781508,0.00016168497589216885,0.00016168356321811782,0.00016168215056115443,0.00016168073791500548,0.000161679325283022,0.0001616779126670286,0.0001616765000663435,0.00016167508747897533,0.00016167367490646292,0.00016167226234574232,0.0001616708497981007,0.00016166943726697022,0.0001616680247473441,0.0001616666122415368,0.00016166519975289992,0.00016166378727794375,0.000161662374817148,0.0001616609623685565,0.00016165954993046077,0.00016165813750885927,0.00016165672510343748,0.00016165531271381987,0.00016165390033452792,0.00016165248797195825,0.0001616510756205207,0.0001616496632857383,0.00016164825096236343,0.000161646838655433,0.0001616454263626803,0.00016164401408380854,0.00016164260181644171,0.00016164118956609987,0.00016163977732642506,0.00016163836510421785,0.00016163695289556283,0.0001616355407009396,0.00016163412851957044,0.0001616327163529766,0.00016163130420027011,0.0001616298920620293,0.0001616284799365918,0.00016162706782352128,0.0001616256557278534,0.0001616242436453482,0.0001616228315740664,0.00016162141951937996,0.00016162000747897172,0.00016161859545009433,0.00016161718343765696,0.0001616157714362477,0.00016161435945330726,0.0001616129474846637,0.00016161153552562797,0.0001616101235833537,0.00016160871165499566,0.0001616072997416159,0.00016160588783878998,0.00016160447595393556,0.00016160306407886685,0.00016160165222055451,0.0001616002403738652,0.00016159882854292027,0.00016159741672709427,0.0001615960049256962,0.00016159459313702302,0.00016159318136171573,0.00016159176959989796,0.000161590357853695,0.0001615889461217989,0.00016158753440406067,0.00016158612269840829,0.00016158471100673368,0.00016158329932884134,0.00016158188766674084,0.00016158047601861174,0.0001615790643850501,0.00016157765276547081,0.00016157624115662608,0.00016157482956467782,0.00016157341798659703,0.00016157200642018027,0.0001615705948701027,0.00016156918333394833,0.00016156777181000265,0.00016156636030084776,0.00016156494880413278,0.00016156353732291374,0.00016156212585440702,0.00016156071440121388,0.0001615593029632216,0.00016155789153976543,0.00016155648012938456,0.000161555068733514,0.00016155365734882966,0.00016155224598033866,0.00016155083462408734,0.00016154942328089258,0.00016154801195258938,0.0001615466006436603,0.0001615451893449984,0.00016154377805940864,0.00016154236678873437,0.0001615409555308284,0.0001615395442897845,0.00016153813306271463,0.0001615367218462333,0.00016153531064977587,0.00016153389946123106,0.00016153248828598653,0.00016153107712813848,0.0001615296659832861,0.00016152825485187097,0.00016152684373597497,0.00016152543263398667,0.00016152402154659732,0.00016152261047277174,0.000161521199412935,0.00016151978836726098,0.00016151837733531337,0.00016151696631460193,0.0001615155553110267,0.00016151414432248463,0.00016151273334690297,0.00016151132238393905,0.00016150991143615035,0.00016150850050248225,0.0001615070895830198,0.00016150567867861804,0.00016150426778684237,0.00016150285690597006,0.00016150144604378628,0.00016150003519401304,0.00016149862435972158,0.00016149721353543548,0.00016149580272924516,0.00016149439193594681,0.00016149298115325278,0.00016149157038393365,0.00016149015963086685,0.00016148874889202776,0.0001614873381681725,0.0001614859274586057,0.00016148451676091638,0.00016148310607796786,0.00016148169541065847,0.00016148028475691448,0.00016147887411658435,0.00016147746349084042,0.00016147605287609903,0.00016147464227827415,0.00016147323169203966,0.00016147182112803435,0.00016147041057222697,0.00016146900003084964,0.0001614675895007177,0.00016146617898429562,0.00016146476848440748,0.0001614633579994759,0.0001614619475251349,0.0001614605370648081,0.00016145912662119581,0.00016145771619206688,0.00016145630577533307,0.00016145489537483778,0.00016145348498685172,0.00016145207461314062,0.00016145066424969875,0.00016144925390522264,0.00016144784357099472,0.00016144643325069052,0.0001614450229468242,0.00016144361265692635,0.00016144220238344331,0.0001614407921206883,0.00016143938187069577,0.000161437971636305,0.0001614365614169588,0.00016143515121151876,0.00016143374102066082,0.00016143233084031696,0.00016143092067668358,0.00016142951052357092,0.00016142810038230466,0.0001614266902600459,0.00016142528014987976,0.00016142387005688163,0.0001614224599739758,0.000161421049909357,0.00016141963985759464,0.00016141822981830618,0.00016141681979455337,0.00016141540978523215,0.00016141399978615413,0.00016141258980209686,0.0001614111798314567,0.00016140976987801992,0.00016140835993811768,0.00016140695001214283,0.0001614055401008671,0.00016140413020313107,0.0001614027203196688,0.0001614013104496991,0.0001613999005944114,0.00016139849075263985,0.00016139708092521862,0.00016139567111211152,0.000161394261313583,0.0001613928515276308,0.00016139144175629147,0.0001613900319953951,0.00016138862225186236,0.00016138721252273612,0.00016138580280622813,0.00016138439310334148,0.00016138298341508058,0.0001613815737416939,0.0001613801640821821,0.00016137875443368542,0.0001613773448020433,0.00016137593518367958,0.00016137452557980477,0.00016137311598827275,0.00016137170640946396,0.00016137029684485388,0.0001613688872980961,0.0001613674777650428,0.00016136606824611368,0.00016136465873741766,0.00016136324924570684,0.0001613618397667377,0.00016136043030447785,0.00016135902085445502,0.00016135761141848,0.00016135620199669563,0.00016135479258895456,0.00016135338319466034,0.00016135197381445394,0.00016135056444793971,0.00016134915509591577,0.00016134774575666147,0.00016134633643187168,0.00016134492712126727,0.00016134351782603562,0.0001613421085435863,0.00016134069927260122,0.0001613392900182735,0.00016133788077644711,0.00016133647154976534,0.00016133506233755038,0.00016133365313857601,0.00016133224395140184,0.00016133083477843987,0.0001613294256221694,0.00016132801648018223,0.00016132660735185386,0.00016132519823435046,0.00016132378913236267,0.00016132238004315348,0.0001613209709688397,0.00016131956190697933,0.000161318152862392,0.00016131674383167816,0.00016131533481570563,0.00016131392581389615,0.00016131251682661218,0.0001613111078513635,0.00016130969889070556,0.00016130828994398303,0.00016130688100852143,0.00016130547208963457,0.00016130406318495545,0.00016130265429365598,0.00016130124541694372,0.0001612998365545413,0.00016129842770579815,0.0001612970188714806,0.0001612956100480128,0.00016129420123856764,0.0001612927924455619,0.00016129138366725306,0.00016128997490194783,0.00016128856614611482,0.00016128715740923712,0.00016128574868678715,0.00016128433997552653,0.0001612829312801498,0.00016128152259665293,0.00016128011393011513,0.00016127870527468481,0.0001612772966355701,0.00016127588800978035,0.00016127447939869746,0.00016127307080210035,0.00016127166221727756,0.00016127025364863178,0.00016126884509411448,0.00016126743655301787,0.00016126602802585008,0.00016126461951324397,0.00016126321101137995,0.00016126180252614832,0.00016126039405231865,0.00016125898559264095,0.00016125757714929457,0.00016125616871708647,0.0001612547603023028,0.00016125335190155142,0.0001612519435146614,0.00016125053514127292,0.00016124912678185224,0.00016124771843357245,0.0001612463101021219,0.00016124490178465276,0.00016124349348133602,0.00016124208519051924,0.0001612406769125842,0.0001612392686519066,0.00016123786040434386,0.0001612364521757031,0.00016123504395568674,0.00016123363575029133,0.00016123222755567312,0.00016123081937594613,0.00016122941121358031,0.00016122800306386112,0.00016122659492856303,0.00016122518680673406,0.00016122377869941612,0.00016122237060490168,0.00016122096252253282,0.00016121955445669384,0.00016121814640491984,0.00016121673836673223,0.00016121533033976388,0.0001612139223299542,0.0001612125143347826,0.00016121110635410293,0.00016120969838652932,0.0001612082904307297,0.00016120688249120257,0.00016120547456454468,0.0001612040666528594,0.00016120265875456787,0.0001612012508703795,0.00016119984300017813,0.0001611984351442105,0.0001611970273019576,0.0001611956194736784,0.00016119421165941518,0.00016119280385953335,0.0001611913960741626,0.0001611899883003703,0.00016118858054223285,0.00016118717279521499,0.00016118576506470852,0.00016118435734841687,0.00016118294964613793,0.00016118154195790614,0.0001611801342828558,0.00016117872662246507,0.00016117731897720474,0.00016117591134390068,0.00016117450372225248,0.0001611730961151431,0.00016117168852367033,0.0001611702809446781,0.00016116887338205583,0.0001611674658332341,0.00016116605829841595,0.000161164650777697,0.00016116324327104285,0.0001611618357781444,0.0001611604282976079,0.0001611590208322854,0.0001611576133811609,0.0001611562059438334,0.0001611547985174858,0.00016115339110837296,0.0001611519837116881,0.00016115057633069146,0.0001611491689636625,0.0001611477616105984,0.00016114635427158996,0.0001611449469429091,0.0001611435396288812,0.00016114213232881958,0.00016114072504579775,0.00016113931777654092,0.00016113791051920707,0.00016113650327613302,0.00016113509604694567,0.0001611336888332879,0.00016113228163356792,0.00016113087444811494,0.00016112946728323962,0.0001611280601255693,0.00016112665298112708,0.00016112524584878173,0.00016112383873288883,0.00016112243163084444,0.00016112102454173948,0.0001611196174678739,0.00016111821040794738,0.0001611168033605668,0.00016111539632860197,0.00016111398931051605,0.00016111258230395775,0.00016111117531374382,0.0001611097683359587,0.00016110836137236205,0.00016110695442365838,0.00016110554748893522,0.0001611041405678772,0.00016110273366160707,0.0001611013267685798,0.00016109991988807662,0.00016109851302413794,0.00016109710617361614,0.00016109569933444638,0.00016109429251625438,0.0001610928857077211,0.0001610914789136155,0.00016109007213301258,0.00016108866536638069,0.0001610872586139134,0.00016108585187673917,0.00016108444515221636,0.00016108303844165293,0.00016108163174525066,0.00016108022506253176,0.0001610788183909192,0.0001610774117375003,0.00016107600509717086,0.00016107459846967208,0.00016107319185408182,0.00016107178525509447,0.00016107037866990923,0.00016106897209557282,0.000161067565538737,0.00016106615899802156,0.0001610647524687649,0.00016106334595347705,0.0001610619394509509,0.00016106053296291057,0.00016105912648895824,0.00016105772002747895,0.0001610563135879212,0.0001610549071561061,0.000161053500738554,0.00016105209433441402,0.00016105068794415912,0.00016104928156893797,0.00016104787520759852,0.0001610464688597591,0.00016104506252647555,0.00016104365620675385,0.00016104224990103064,0.00016104084360898257,0.00016103943733037,0.00016103803106637336,0.0001610366248161837,0.00016103521857841849,0.00016103381235524117,0.0001610324061533927,0.00016103099995890086,0.0001610295937786584,0.00016102818760990208,0.00016102678145699976,0.00016102537531850967,0.00016102396919451985,0.0001610225630840694,0.00016102115698757668,0.00016101975090483623,0.00016101834483269725,0.00016101693877629018,0.00016101553273400662,0.00016101412670744796,0.00016101272069213746,0.00016101131469258183,0.00016100990870817545,0.00016100850273663084,0.0001610070967787015,0.0001610056908362684,0.00016100428490732662,0.00016100287899233656,0.0001610014730912792,0.00016100006720476444,0.00016099866133171962,0.00016099725547249173,0.00016099584962708105,0.0001609944437962069,0.00016099303797926652,0.00016099163217579137,0.0001609902263871857,0.00016098882061272484,0.0001609874148524715,0.00016098600910538122,0.00016098460336939815,0.00016098319764972004,0.0001609817919445253,0.0001609803862523821,0.00016097898057172765,0.0001609775749083488,0.00016097616925940362,0.0001609747636211239,0.00016097335799645642,0.0001609719523859637,0.00016097054679231816,0.00016096914121236562,0.00016096773564600023,0.000160966330093451,0.00016096492455503476,0.0001609635190306887,0.0001609621135153935,0.00016096070801887053,0.00016095930253470314,0.00016095789706604404,0.00016095649161117632,0.00016095508616976586,0.00016095368074434474,0.000160952275331356,0.0001609508699326621,0.00016094946454558182,0.00016094805917472098,0.00016094665381790146,0.0001609452484750751,0.00016094384314444433,0.00016094243782841243,0.00016094103252698117,0.00016093962723982372,0.0001609382219665565,0.00016093681670773877,0.00016093541146286429,0.00016093400623120856,0.00016093260101432324,0.00016093119581116254,0.00016092979062013984,0.00016092838544507848,0.00016092698028272274,0.00016092557513460942,0.00016092416999844146,0.0001609227648782054,0.00016092135977377296,0.00016091995468190624,0.00016091854960199303,0.00016091714453781694,0.0001609157394867495,0.0001609143344502584,0.00016091292942821793,0.00016091152441982098,0.00016091011942563906,0.00016090871444535525,0.00016090730947919713,0.0001609059045240397,0.00016090449958340155,0.00016090309465880876,0.00016090168974869715,0.0001609002848515599,0.00016089887996777804,0.00016089747509947724,0.00016089607024490207,0.0001608946654035915,0.00016089326057683442,0.00016089185576391118,0.00016089045096539322,0.00016088904617942687,0.00016088764140961451,0.0001608862366520153,0.0001608848319087792,0.00016088342717654225,0.000160882022458581,0.00016088061775474118,0.00016087921306743685,0.00016087780839396418,0.00016087640373488126,0.00016087499908929722,0.0001608735944581214,0.0001608721898401974,0.00016087078523660406,0.00016086938064433106,0.0001608679760686889,0.0001608665715059919,0.00016086516695687804,0.00016086376242271269,0.0001608623579021728,0.00016086095339586844,0.00016085954890364052,0.00016085814442621003,0.00016085673996434768,0.00016085533551321308,0.00016085393107399037,0.00016085252665188788,0.00016085112224175282,0.00016084971785302308,0.0001608483134723556,0.00016084690910501316,0.00016084550475184124,0.00016084410041303487,0.00016084269608539165,0.00016084129177429833,0.0001608398874785631,0.0001608384831963355,0.00016083707892520772,0.00016083567466726337,0.00016083427042533075,0.00016083286619788506,0.000160831461982111,0.0001608300577832101,0.00016082865359721282,0.00016082724942574207,0.00016082584527242087,0.00016082444112872782,0.0001608230369985182,0.00016082163288253925,0.0001608202287806518,0.0001608188246928392,0.00016081742061967936,0.00016081601655976917,0.00016081461251364043,0.00016081320848050155,0.00016081180446036422,0.00016081040046229286,0.00016080899647194242,0.00016080759249663393,0.00016080618853471,0.00016080478458374434,0.0001608033806491105,0.00016080197672870477,0.00016080057282182665,0.00016079916892723065,0.0001607977650483804,0.00016079636118372415,0.0001607949573332101,0.00016079355349739525,0.00016079214967147683,0.0001607907458627275,0.00016078934206752344,0.00016078793828622768,0.000160786534517873,0.0001607851307644647,0.000160783727024037,0.00016078232329892723,0.00016078091958744714,0.00016077951588722676,0.00016077811220332203,0.00016077670853220205,0.000160775304877541,0.0001607739012358295,0.0001607724976044376,0.00016077109399059367,0.0001607696903908099,0.00016076828680505287,0.00016076688323000306,0.00016076547967811434,0.00016076407613359778,0.00016076267260316176,0.00016076126908707347,0.00016075986558500088,0.00016075846209631905,0.00016075705862168043,0.0001607556551607432,0.0001607542517120348,0.00016075284827868705,0.00016075144485819696,0.0001607500414535881,0.00016074863806060292,0.00016074723468353848,0.00016074583132071876,0.00016074442797091046,0.00016074302463706415,0.000160741621315774,0.00016074021800875968,0.00016073881471514675,0.00016073741143546623,0.00016073600816989502,0.00016073460491807746,0.00016073320168004938,0.00016073179845387092,0.0001607303952473576,0.00016072899205126276,0.0001607275888695427,0.00016072618570121404,0.00016072478254687414,0.00016072337940650544,0.00016072197627991266,0.0001607205731633861,0.00016071917006500096,0.0001607177669784946,0.0001607163639077545,0.00016071496085100573,0.00016071355780530153,0.0001607121547760272,0.00016071075176633153,0.00016070934876525228,0.0001607079457781033,0.00016070654280236782,0.00016070513984066447,0.00016070373689551048,0.00016070233396163052,0.00016070093104395965,0.00016069952813947634,0.00016069812524989024,0.0001606967223727719,0.00016069531950925375,0.00016069391665871722,0.00016069251382504034,0.00016069111100462983,0.00016068970819561304,0.0001606883054005013,0.00016068690262159376,0.00016068549985762622,0.00016068409710560686,0.00016068269436927683,0.00016068129164480903,0.00016067988893628504,0.0001606784862419253,0.0001606770835611829,0.00016067568089435643,0.00016067427824126355,0.00016067287560368406,0.00016067147297593265,0.00016067007036380307,0.000160668667763882,0.00016066726517779633,0.0001606658626079802,0.00016066446005085047,0.00016066305750962482,0.00016066165497954257,0.00016066025246635142,0.0001606588499665297,0.0001606574474812021,0.00016065604500692257,0.00016065464254651454,0.00016065324010292725,0.00016065183767244312,0.0001606504352566958,0.00016064903285441554,0.00016064763046455118,0.00016064622808900902,0.00016064482572599787,0.00016064342337926058,0.00016064202104713567,0.0001606406187260717,0.00016063921642138975,0.00016063781412995913,0.00016063641185287477,0.00016063500959063694,0.00016063360734139748,0.00016063220510620203,0.00016063080288478837,0.0001606294006723711,0.00016062799847793715,0.00016062659629714862,0.00016062519412923332,0.00016062379197757237,0.00016062238983845757,0.00016062098771282943,0.00016061958560276585,0.00016061818350677937,0.00016061678142461502,0.00016061537935299871,0.0001606139772977798,0.0001606125752568523,0.0001606111732289882,0.00016060977121663646,0.00016060836921722222,0.0001606069672317001,0.00016060556526084665,0.00016060416330286327,0.00016060276136042347,0.0001606013594308411,0.00016059995751532016,0.00016059855561308483,0.00016059715372369884,0.00016059575184991236,0.0001605943499905497,0.00016059294814523074,0.00016059154631759036,0.00016059014449996693,0.00016058874269640527,0.000160587340904702,0.0001605859391332181,0.0001605845373737336,0.00016058313562598153,0.00016058173389219726,0.0001605803321696619,0.00016057893046377318,0.00016057752876940672,0.00016057612709096845,0.00016057472542642805,0.0001605733237763307,0.00016057192213981427,0.00016057052051607587,0.00016056911890553426,0.00016056771731231387,0.00016056631573140929,0.00016056491416562775,0.00016056351261367036,0.00016056211107462936,0.00016056070954785525,0.00016055930803680798,0.00016055790653857172,0.00016055650505494888,0.00016055510358395825,0.00016055370212946117,0.0001605523006880299,0.00016055089926051214,0.00016054949784638324,0.00016054809644422486,0.00016054669505728564,0.00016054529368262978,0.00016054389232467847,0.00016054249098023388,0.00016054108964967852,0.00016053968833327088,0.00016053828703096294,0.00016053688574363598,0.0001605354844688324,0.00016053408320780855,0.00016053268195839813,0.00016053128072521304,0.00016052987951149157,0.00016052847830631313,0.00016052707711472166,0.0001605256759370503,0.00016052427477864057,0.00016052287363449728,0.0001605214724987253,0.000160520071374098,0.00016051867026668426,0.00016051726917570155,0.00016051586809500104,0.00016051446702661018,0.00016051306597422306,0.0001605116649341186,0.00016051026391013262,0.0001605088628995783,0.00016050746190279458,0.00016050606092000655,0.00016050465994867002,0.00016050325899087022,0.00016050185804707926,0.0001605004571200841,0.0001604990562063611,0.00016049765530589744,0.00016049625442076133,0.0001604948535504838,0.0001604934526918364,0.0001604920518475034,0.000160490651015277,0.00016048925019952965,0.00016048784939758917,0.0001604864486088468,0.00016048504783339876,0.0001604836470731349,0.00016048224632604253,0.0001604808455911516,0.00016047944487051086,0.00016047804416608727,0.00016047664347582186,0.00016047524279637752,0.00016047384213024548,0.00016047244148093622,0.0001604710408458529,0.00016046964022341811,0.00016046823961501054,0.00016046683902099586,0.00016046543844143094,0.00016046403787612262,0.00016046263732924927,0.00016046123679031753,0.00016045983626365696,0.00016045843575369679,0.0001604570352567186,0.00016045563477293224,0.0001604542343030162,0.0001604528338487744,0.00016045143340844492,0.0001604500329800523,0.00016044863256745614,0.00016044723216614138,0.00016044583178022423,0.00016044443140932125,0.00016044303105145852,0.00016044163070740643,0.00016044023037813034,0.000160438830062409,0.0001604374297614983,0.00016043602947389806,0.0001604346292003688,0.00016043322894107237,0.00016043182869548414,0.0001604304284640588,0.0001604290282459466,0.00016042762804432332,0.0001604262278541766,0.00016042482767773892,0.00016042342751682116,0.00016042202736838449,0.00016042062723616246,0.00016041922711552978,0.00016041782700828146,0.00016041642691266912,0.00016041502683357913,0.00016041362676731983,0.00016041222671573773,0.00016041082667983962,0.0001604094266564118,0.00016040802664743457,0.0001604066266516794,0.0001604052266700568,0.00016040382670493613,0.00016040242674837004,0.00016040102680844773,0.00016039962688229218,0.0001603982269698893,0.00016039682707219555,0.00016039542718787212,0.0001603940273173829,0.00016039262746009243,0.0001603912276159663,0.00016038982778769455,0.0001603884279723737,0.00016038702817156958,0.00016038562838368024,0.0001603842286085687,0.0001603828288478445,0.00016038142909988854,0.0001603800293689878,0.00016037862964915918,0.00016037722994346638,0.0001603758302509543,0.00016037443057238972,0.00016037303091299846,0.0001603716312690698,0.00016037023163485066,0.00016036883201477468,0.00016036743240828202,0.00016036603281515384,0.000160364633236025,0.00016036323366925496,0.00016036183411856632,0.00016036043458606583,0.0001603590350632033,0.0001603576355527507,0.0001603562360576899,0.00016035483657546017,0.0001603534371080608,0.00016035203765331766,0.0001603506382137091,0.00016034923878664338,0.000160347839374825,0.000160346439977361,0.0001603450405909359,0.00016034364122080016,0.00016034224186498526,0.00016034084252297817,0.00016033944319124218,0.00016033804388121723,0.00016033664457770452,0.00016033524528892185,0.00016033384601420417,0.0001603324467553447,0.00016033104751041422,0.00016032964827911416,0.00016032824906148308,0.00016032684985645162,0.00016032545066632352,0.0001603240514883671,0.00016032265232503707,0.00016032125317453938,0.0001603198540405938,0.00016031845491828529,0.00016031705581231418,0.00016031565671992978,0.00016031425764079894,0.00016031285857595628,0.00016031145952555113,0.00016031006048883336,0.00016030866146553028,0.00016030726245486141,0.00016030586345751557,0.00016030446447637858,0.0001603030655082427,0.0001603016665547403,0.00016030026761573284,0.00016029886869016143,0.00016029746977543996,0.00016029607087784158,0.00016029467199514858,0.0001602932731263574,0.0001602918742698252,0.0001602904754272544,0.00016028907659795176,0.0001602876777832258,0.0001602862789806422,0.00016028488019306477,0.00016028348142045645,0.00016028208266409598,0.00016028068391668002,0.00016027928518695314,0.00016027788647016486,0.0001602764877672634,0.00016027508908644125,0.00016027369041325,0.00016027229175018956,0.00016027089310078428,0.0001602694944682336,0.00016026809584810813,0.00016026669724197924,0.00016026529865017028,0.0001602639000770793,0.00016026250151251245,0.0001602611029621435,0.00016025970442544972,0.00016025830590264285,0.0001602569073922621,0.00016025550889726592,0.000160254110416768,0.00016025271194937011,0.00016025131349600168,0.00016024991505667733,0.000160248516629578,0.00016024711821828022,0.000160245719818669,0.00016024432143396317,0.00016024292306388558,0.00016024152470626635,0.0001602401263627997,0.0001602387280348576,0.00016023732972033483,0.0001602359314185641,0.00016023453313236983,0.00016023313485591235,0.000160231736593507,0.00016023033834867262,0.00016022894011762378,0.00016022754190032665,0.00016022614369443118,0.00016022474550212806,0.00016022334732413923,0.00016022194916057365,0.0001602205510141402,0.00016021915288033916,0.00016021775476018953,0.00016021635665390132,0.0001602149585619765,0.0001602135604828634,0.00016021216241906948,0.00016021076436751239,0.00016020936633191337,0.00016020796830939094,0.00016020657029778898,0.0001602051723024384,0.00016020377432152916,0.00016020237635356688,0.00016020097839787017,0.00016019958045666738,0.00016019818252927572,0.00016019678461542765,0.00016019538671665568,0.00016019398883055524,0.0001601925909590174,0.0001601911931027653,0.00016018979525940418,0.00016018839743159232,0.00016018699961569007,0.00016018560181407497,0.00016018420403295862,0.000160182806259673,0.0001601814084994201,0.00016018001075356446,0.000160178613022083,0.0001601772153068113,0.00016017581760307037,0.00016017441991320893,0.0001601730222372706,0.0001601716245751833,0.0001601702269284596,0.0001601688292926116,0.00016016743167180346,0.00016016603406529252,0.00016016463647593423,0.00016016323889477704,0.00016016184132707238,0.00016016044377653428,0.00016015904623934845,0.0001601576487152142,0.0001601562512024078,0.00016015485370628952,0.0001601534562237439,0.0001601520587549697,0.00016015066130124493,0.00016014926385923738,0.00016014786643291505,0.00016014646902021308,0.000160145071620781,0.00016014367424003068,0.00016014227686938934,0.00016014087951223842,0.00016013948216746923,0.00016013808483926733,0.00016013668752328194,0.00016013529022282082,0.00016013389293585933,0.00016013249566217009,0.00016013109840168227,0.0001601297011560461,0.0001601283039236796,0.00016012690670608886,0.00016012550950083811,0.00016012411231055087,0.0001601227151318652,0.0001601213179691574,0.0001601199208237847,0.00016011852368910654,0.0001601171265674957,0.00016011572946060857,0.0001601143323671164,0.0001601129352876927,0.00016011153822222284,0.0001601101411694246,0.0001601087441316051,0.00016010734710907826,0.00016010595009877143,0.00016010455310316374,0.00016010315612111209,0.00016010175915270522,0.00016010036219890063,0.00016009896525579607,0.00016009756832894697,0.00016009617141596135,0.00016009477451699451,0.00016009337763179155,0.00016009198076048572,0.0001600905839029934,0.0001600891870590124,0.00016008779022926028,0.0001600863934131217,0.00016008499661017542,0.00016008359982129655,0.0001600822030474084,0.00016008080628447202,0.00016007940953819693,0.00016007801280593467,0.00016007661608728513,0.00016007521938153697,0.00016007382269096057,0.0001600724260139274,0.00016007102935111571,0.0001600696327013045,0.00016006823606610004,0.00016006683944497688,0.00016006544283652245,0.00016006404624286955,0.0001600626496625938,0.00016006125309640727,0.0001600598565438097,0.00016005846000533025,0.00016005706348118463,0.00016005566696881726,0.00016005427047209334,0.0001600528739888197,0.0001600514775199528,0.00016005008106240016,0.0001600486846215655,0.00016004728819338254,0.00016004589177868344,0.0001600444953784954,0.000160043098992401,0.00016004170262039793,0.00016004030626182267,0.00016003890991667108,0.0001600375135847397,0.00016003611726774137,0.00016003472096510707,0.00016003332467660558,0.00016003192840160826,0.0001600305321403459,0.0001600291358931879,0.00016002773966629065,0.00016002634344677042,0.00016002494724069903,0.0001600235510491225,0.00016002215487129605,0.00016002075870676015,0.00016001936255691064,0.00016001796642054432,0.0001600165702982964,0.00016001517419119045,0.0001600137780973906,0.00016001238201654783,0.0001600109859500845,0.00016000958989590124,0.00016000819385672538,0.00016000679783091077,0.0001600054018184779,0.00016000400581932353,0.00016000260983558317,0.00016000121386318484,0.00015999981790623154,0.00015999842196398657,0.00015999702603569546,0.00015999563012153269,0.00015999423422608547,0.00015999283833909077,0.0001599914424627085,0.00015999004660392666,0.00015998865075865433,0.0001599872549277294,0.00015998585911294075,0.00015998446331084437,0.00015998306752097326,0.0001599816717449141,0.00015998027598296098,0.00015997888023531432,0.0001599774844999699,0.00015997608877832005,0.00015997469307194072,0.00015997329737982033,0.00015997190170117165,0.00015997050603636773,0.0001599691103851742,0.0001599677147490466,0.00015996631912441151,0.00015996492351327496,0.00015996352791518455,0.0001599621323338677,0.00015996073676534454,0.00015995934121106132,0.00015995794567080093,0.00015995655014459738,0.0001599551546325571,0.00015995375913253532,0.00015995236364777017,0.0001599509681768454,0.00015994957271929763,0.00015994817727627857,0.00015994678184683695,0.00015994538642955504,0.0001599439910279344,0.00015994259563917012,0.00015994120026553233,0.00015993980490430166,0.00015993840955797967,0.000159937014226427,0.0001599356189068533,0.00015993422360268596,0.00015993282831202037,0.00015993143303392926,0.00015993003777033766,0.00015992864252046082,0.00015992724728555404,0.00015992585206406638,0.00015992445685646952,0.00015992306166266824,0.00015992166648197146,0.0001599202713129992,0.00015991887616116445,0.0001599174810215439,0.00015991608589512493,0.0001599146907840147,0.00015991329568740273,0.00015991190060446372,0.0001599105055343911,0.00015990911047916823,0.00015990771543779067,0.00015990632041022683,0.00015990492539709456,0.0001599035303970854,0.00015990213541198844,0.0001599007404391444,0.00015989934548096786,0.000159897950536522,0.00015989655560605346,0.00015989516068787098,0.00015989376578502676,0.00015989237089486681,0.00015989097601696323,0.00015988958115673078,0.0001598881863064388,0.00015988679147331306,0.00015988539665358752,0.00015988400184898231,0.0001598826070569539,0.00015988121227726836,0.0001598798175146667,0.00015987842276314493,0.0001598770280246498,0.0001598756332997781,0.0001598742385878665,0.00015987284389230418,0.00015987144921122693,0.00015987005454356728,0.0001598686598900215,0.00015986726524782816,0.0001598658706222097,0.00015986447600775555,0.00015986308140955967,0.0001598616868308566,0.00015986029226093733,0.00015985889770436657,0.00015985750315929183,0.0001598561086302264,0.00015985471411565207,0.00015985331961376823,0.0001598519251264426,0.00015985053065169783,0.00015984913619289403,0.0001598477417431802,0.00015984634731025185,0.00015984495289216786
20,8.842502939975214e-24,2.2312153422844643e-23,3.7045452149082184e-23,5.281322759923885e-23,6.946596512927969e-23,8.679456871592545e-23,1.0466152380908824e-22,1.2295865737493266e-22,1.4159974934494946e-22,1.6051600621671546e-22,1.7965248996655412e-22,1.9896529457768622e-22,2.184193088793016e-22,2.379864404285323e-22,2.576442030421761e-22,2.7737459183406096e-22,2.9716318613218957e-22,3.1699843336894536e-22,3.3687107698218486e-22,3.5677369900789624e-22,3.767003541833814e-22,3.9664627711353295e-22,4.166076478394225e-22,4.365814040741598e-22,4.565650907965479e-22,4.76556739752569e-22,4.965547728988322e-22,5.165579250004308e-22,5.365651816067239e-22,5.56575729334804e-22,5.765889159914374e-22,5.966042186483977e-22,6.166212180043942e-22,6.366395778523145e-22,6.566590286042575e-22,6.76679354094799e-22,6.967003809914936e-22,7.1672197031972705e-22,7.367440106282204e-22,7.567664125582116e-22,7.767891044530539e-22,7.968120288615836e-22,8.168351397107212e-22,8.368584000500377e-22,8.568817802691843e-22,8.769052566081345e-22,8.969288100235196e-22,9.169524252454698e-22,9.369760900247727e-22,9.569997945448605e-22,9.770235309292137e-22,9.97047292859794e-22,1.0170710752822451e-21,1.0370948741373586e-21,1.057118686162734e-21,1.0771425087489393e-21,1.0971663398077955e-21,1.1171901776576698e-21,1.1372140209553626e-21,1.1572378686239176e-21,1.1772617197936383e-21,1.1972855737723238e-21,1.2173094299939498e-21,1.2373332880290486e-21,1.257357147509198e-21,1.2773810081500517e-21,1.2974048697252467e-21,1.3174287320506807e-21,1.3374525949745209e-21,1.3574764583779701e-21,1.37750032216644e-21,1.3975241862638535e-21,1.4175480506128958e-21,1.4375719151604392e-21,1.4575957798632756e-21,1.4776196446945512e-21,1.4976435096279003e-21,1.5176673746482089e-21,1.5376912397347639e-21,1.5577151048709444e-21,1.5777389700540859e-21,1.5977628352751881e-21,1.6177867005164203e-21,1.637810565784144e-21,1.657834431069791e-21,1.677858296370072e-21,1.6978821616822345e-21,1.7179060270040384e-21,1.73792989233718e-21,1.757953757673418e-21,1.7779776230148908e-21,1.7980014883610904e-21,1.8180253537105427e-21,1.8380492190663856e-21,1.8580730844251143e-21,1.8780969497821936e-21,1.8981208151418473e-21,1.918144680502885e-21,1.9381685458686813e-21,1.958192411235083e-21,1.978216276600413e-21,1.998240141969772e-21,2.0182640073398556e-21,2.038287872711203e-21,2.058311738083322e-21,2.0783356034588275e-21,2.0983594688297438e-21,2.1183833342041595e-21,2.138407199576565e-21,2.1584310649494703e-21,2.1784549303228365e-21,2.1984787956973503e-21,2.2185026610786662e-21,2.2385265264548472e-21,2.2585503918371904e-21,2.278574257219949e-21,2.2985981226040777e-21,2.31862198798843e-21,2.3386458533735823e-21,2.3586697187544152e-21,2.3786935841353707e-21,2.3987174495175597e-21,2.4187413148999307e-21,2.4387651802833196e-21,2.4587890456729618e-21,2.478812911062715e-21,2.498836776453043e-21,2.5188606418448837e-21,2.538884507236686e-21,2.5589083726292604e-21,2.5789322380276118e-21,2.598956103421795e-21,2.6189799688207903e-21,2.6390038342169268e-21,2.659027699608514e-21,2.679051565005072e-21,2.6990754304025355e-21,2.7190992958013202e-21,2.739123161200505e-21,2.7591470265999293e-21,2.7791708920008577e-21,2.799194757406328e-21,2.8192186228082422e-21,2.8392424882112733e-21,2.8592663536143203e-21,2.8792902190226327e-21,2.899314084423309e-21,2.9193379498288586e-21,2.9393618152351127e-21,2.959385680642133e-21,2.9794095460498145e-21,2.999433411458292e-21,3.019457276867214e-21,3.0394811422771294e-21,3.0595050076918e-21,3.07952887310696e-21,3.0995527385234482e-21,3.119576603936111e-21,3.139600469353741e-21,3.159624334768236e-21,3.1796482001829003e-21,3.199672065598606e-21,3.219695931014807e-21,3.239719796431952e-21,3.2597436618499176e-21,3.279767527272492e-21,3.2997913926917954e-21,3.319815258115674e-21,3.3398391235366396e-21,3.3598629889626183e-21,3.379886854388252e-21,3.399910719815193e-21,3.419934585239632e-21,3.4399584506638344e-21,3.4599823160927715e-21,3.480006181518962e-21,3.5000300469496716e-21,3.520053912380719e-21,3.5400777778124646e-21,3.56010164324505e-21,3.5801255086784744e-21,3.600149374112931e-21,3.620173239547432e-21,3.6401971049834205e-21,3.660220970419504e-21,3.680244835853433e-21,3.7002687012884275e-21,3.720292566723275e-21,3.740316432162306e-21,3.760340297602136e-21,3.780364163042918e-21,3.800388028481218e-21,3.820411893923329e-21,3.840435759366613e-21,3.8604596248103795e-21,3.880483490254966e-21,3.9005073556999075e-21,3.920531221146205e-21,3.940555086592687e-21,3.960578952039899e-21,3.9806028174877754e-21,4.000626682936894e-21,4.0206505483861695e-21,4.040674413835995e-21,4.0606982792908755e-21,4.080722144742381e-21,4.10074601019764e-21,4.120769875654056e-21,4.140793741111329e-21,4.160817606569191e-21,4.1808414720248645e-21,4.200865337483816e-21,4.220889202944328e-21,4.2409130684046005e-21,4.2609369338627614e-21,4.28096079932537e-21,4.3009846647915995e-21,4.321008530255085e-21,4.341032395716929e-21,4.3610562611764205e-21,4.381080126639962e-21,4.40110399210111e-21,4.4211278575653784e-21,4.441151723028251e-21,4.461175588494054e-21,4.4811994539583335e-21,4.501223319425834e-21,4.5212471848972985e-21,4.5412710503662995e-21,4.561294915838482e-21,4.581318781309391e-21,4.601342646783452e-21,4.6213665122560754e-21,4.64139037773169e-21,4.661414243210722e-21,4.6814381086878056e-21,4.701461974162987e-21,4.7214858396414994e-21,4.7415097051237645e-21,4.7615335706036734e-21,4.78155743608701e-21,4.801581301568677e-21,4.8216051670484126e-21,4.8416290325320056e-21,4.8616528980130346e-21,4.88167676349281e-21,4.9017006289805816e-21,4.9217244944664134e-21,4.941748359950935e-21,4.961772225438668e-21,4.9817960909242716e-21,5.0018199564134775e-21,5.021843821901068e-21,5.0418676873868016e-21,5.061891552875607e-21,5.081915418367976e-21,5.1019392838582796e-21,5.12196314935222e-21,5.141987014849297e-21,5.162010880344601e-21,5.182034745837742e-21,5.202058611334795e-21,5.222082476834791e-21,5.242106342337728e-21,5.262130207838808e-21,5.282154073338643e-21,5.302177938841732e-21,5.322201804347675e-21,5.3422256698519446e-21,5.362249535350091e-21,5.382273400851897e-21,5.402297266351256e-21,5.422321131854113e-21,5.4423449973596825e-21,5.462368862868554e-21,5.482392728371755e-21,5.5024165938777334e-21,5.522440459386501e-21,5.5424643248984376e-21,5.562488190408878e-21,5.58251205591786e-21,5.602535921429624e-21,5.622559786944751e-21,5.6425836524583366e-21,5.662607517974793e-21,5.682631383490166e-21,5.702655249008154e-21,5.7226791145248324e-21,5.74270298004414e-21,5.76272684556644e-21,5.782750711087542e-21,5.802774576611566e-21,5.822798442133895e-21,5.8428223076596826e-21,5.862846173183692e-21,5.8828700387065546e-21,5.902893904232211e-21,5.922917769756199e-21,5.942941635279213e-21,5.9629655008092075e-21,5.982989366333756e-21,6.0030132318613186e-21,6.023037097391043e-21,6.043060962924324e-21,6.06308482845619e-21,6.083108693990684e-21,6.103132559523826e-21,6.123156425056016e-21,6.143180290590439e-21,6.163204156124416e-21,6.1832280216602165e-21,6.203251887199351e-21,6.223275752737459e-21,6.243299618277951e-21,6.263323483817405e-21,6.283347349359471e-21,6.303371214900435e-21,6.3233950804439985e-21,6.343418945986215e-21,6.3634428115275075e-21,6.3834666770711985e-21,6.403490542614015e-21,6.423514408159711e-21,6.443538273703865e-21,6.463562139251035e-21,6.483586004796673e-21,6.503609870345155e-21,6.5236337358925594e-21,6.543657601442354e-21,6.5636814669913864e-21,6.5837053325427676e-21,6.6037291980934115e-21,6.623753063646407e-21,6.643776929202455e-21,6.663800794757148e-21,6.683824660314638e-21,6.703848525870562e-21,6.7238723914296214e-21,6.743896256990801e-21,6.763920122551253e-21,6.783943988114626e-21,6.80396785367634e-21,6.823991719237217e-21,6.844015584800934e-21,6.864039450359893e-21,6.884063315921109e-21,6.904087181481442e-21,6.924111047048006e-21,6.944134912613179e-21,6.964158778177963e-21,6.98418264374445e-21,7.004206509314563e-21,7.024230374883105e-21,7.044254240454267e-21,7.064278106024681e-21,7.084301971597259e-21,7.104325837168974e-21,7.124349702743323e-21,7.144373568320134e-21,7.164397433895625e-21,7.184421299470494e-21,7.204445165048033e-21,7.224469030628116e-21,7.244492896206822e-21,7.264516761785028e-21,7.284540627365496e-21,7.304564492944802e-21,7.324588358526486e-21,7.344612224107714e-21,7.364636089687567e-21,7.384659955270293e-21,7.404683820852044e-21,7.42470768643623e-21,7.444731552023012e-21,7.464755417608576e-21,7.484779283196684e-21,7.504803148783741e-21,7.524827014370184e-21,7.544850879962501e-21,7.56487474555372e-21,7.584898611147482e-21,7.60492247673997e-21,7.62494634233538e-21,7.644970207929338e-21,7.664994073522575e-21,7.68501793911842e-21,7.705041804713584e-21,7.725065670310642e-21,7.745089535910772e-21,7.765113401512674e-21,7.785137267113681e-21,7.805161132714781e-21,7.825184998317289e-21,7.845208863916405e-21,7.865232729517639e-21,7.885256595118342e-21,7.905280460723754e-21,7.925304326329002e-21,7.945328191933001e-21,7.965352057536515e-21,7.985375923143024e-21,8.005399788750902e-21,8.02542365436196e-21,8.045447519971314e-21,8.065471385583309e-21,8.085495251194748e-21,8.105519116805583e-21,8.125542982418498e-21,8.145566848027568e-21,8.165590713641982e-21,8.185614579255624e-21,8.205638444871872e-21,8.225662310487303e-21,8.245686176104783e-21,8.265710041721549e-21,8.285733907340293e-21,8.30575777295902e-21,8.325781638579529e-21,8.345805504199752e-21,8.365829369821584e-21,8.38585323544313e-21,8.405877101069775e-21,8.425900966692966e-21,8.445924832321528e-21,8.465948697943415e-21,8.485972563572936e-21,8.505996429199322e-21,8.52602029483397e-21,8.546044160464349e-21,8.566068026097656e-21,8.586091891726853e-21,8.606115757358598e-21,8.62613962299203e-21,8.64616348862255e-21,8.666187354255054e-21,8.68621121988431e-21,8.706235085520852e-21,8.72625895116027e-21,8.746282816801203e-21,8.766306682439183e-21,8.786330548079019e-21,8.806354413715715e-21,8.826378279359625e-21,8.846402145001008e-21,8.86642601064964e-21,8.886449876289457e-21,8.90647374193161e-21,8.926497607575707e-21,8.946521473221836e-21,8.966545338865077e-21,8.986569204515423e-21,9.00659307016253e-21,9.026616935811864e-21,9.046640801458222e-21,9.066664667106653e-21,9.086688532757034e-21,9.106712398409538e-21,9.126736264058501e-21,9.146760129710364e-21,9.166783995363406e-21,9.186807861019404e-21,9.206831726676813e-21,9.226855592331968e-21,9.246879457988308e-21,9.266903323647249e-21,9.286927189308117e-21,9.306951054965905e-21,9.326974920625568e-21,9.346998786281804e-21,9.367022651945621e-21,9.387046517612406e-21,9.407070383280452e-21,9.427094248945211e-21,9.447118114612281e-21,9.467141980276351e-21,9.487165845947401e-21,9.507189711615502e-21,9.527213577280523e-21,9.547237442952889e-21,9.567261308621968e-21,9.587285174292934e-21,9.607309039966594e-21,9.627332905636728e-21,9.647356771308965e-21,9.667380636983326e-21,9.687404502654346e-21,9.707428368332617e-21,9.72745223400832e-21,9.747476099685434e-21,9.767499965365086e-21,9.787523831041426e-21,9.807547696720222e-21,9.827571562400231e-21,9.847595428078451e-21,9.867619293762665e-21,9.887643159449361e-21,9.907667025133246e-21,9.927690890819405e-21,9.947714756507126e-21,9.967738622192174e-21,9.987762487878962e-21,1.0007786353568171e-20,1.0027810219253866e-20,1.0047834084942142e-20,1.0067857950632316e-20,1.0087881816323794e-20,1.0107905682012916e-20,1.0127929547703961e-20,1.0147953413392317e-20,1.0167977279087783e-20,1.0188001144784771e-20,1.0208025010483979e-20,1.0228048876180206e-20,1.0248072741878213e-20,1.026809660757396e-20,1.0288120473271337e-20,1.0308144338966016e-20,1.0328168204666928e-20,1.0348192070365688e-20,1.0368215936070974e-20,1.0388239801773847e-20,1.0408263667478128e-20,1.042828753318506e-20,1.0448311398888475e-20,1.0468335264594211e-20,1.0488359130297257e-20,1.050838299600211e-20,1.0528406861704137e-20,1.0548430727417657e-20,1.0568454593123825e-20,1.0588478458831898e-20,1.0608502324542057e-20,1.0628526190253976e-20,1.0648550055963212e-20,1.0668573921678952e-20,1.0688597787392352e-20,1.0708621653107129e-20,1.0728645518824296e-20,1.0748669384543189e-20,1.0768693250259663e-20,1.0788717115982611e-20,1.0808740981698007e-20,1.0828764847419945e-20,1.0848788713139525e-20,1.0868812578860806e-20,1.0888836444579517e-20,1.0908860310304845e-20,1.0928884176027771e-20,1.0948908041747458e-20,1.0968931907474276e-20,1.0988955773202396e-20,1.100897963892852e-20,1.1029003504656802e-20,1.1049027370386013e-20,1.1069051236117584e-20,1.108907510184645e-20,1.110909896757766e-20,1.112912283331078e-20,1.1149146699041038e-20,1.1169170564772886e-20,1.1189194430507312e-20,1.1209218296247724e-20,1.1229242161981028e-20,1.1249266027716725e-20,1.1269289893454164e-20,1.1289313759197455e-20,1.1309337624934112e-20,1.1329361490672494e-20,1.1349385356412718e-20,1.1369409222158933e-20,1.1389433087898829e-20,1.1409456953640771e-20,1.1429480819384174e-20,1.1449504685129718e-20,1.1469528550876961e-20,1.1489552416621716e-20,1.1509576282368258e-20,1.1529600148116793e-20,1.1549624013863053e-20,1.15696478796111e-20,1.158967174536062e-20,1.1609695611112436e-20,1.1629719476865856e-20,1.1649743342621388e-20,1.1669767208378691e-20,1.1689791074133335e-20,1.1709814939890075e-20,1.1729838805648599e-20,1.1749862671404388e-20,1.1769886537162318e-20,1.1789910402922187e-20,1.1809934268679398e-20,1.1829958134442764e-20,1.1849982000203877e-20,1.1870005865963101e-20,1.1890029731727959e-20,1.1910053597485847e-20,1.1930077463250294e-20,1.1950101329016682e-20,1.1970125194784162e-20,1.1990149060549771e-20,1.2010172926317336e-20,1.2030196792082413e-20,1.2050220657849203e-20,1.2070244523618066e-20,1.2090268389388533e-20,1.2110292255160951e-20,1.2130316120935186e-20,1.2150339986707395e-20,1.2170363852484755e-20,1.2190387718260486e-20,1.2210411584037446e-20,1.2230435449812958e-20,1.2250459315593426e-20,1.2270483181368186e-20,1.2290507047148529e-20,1.2310530912926819e-20,1.2330554778707066e-20,1.2350578644488709e-20,1.2370602510268196e-20,1.2390626376049644e-20,1.2410650241833143e-20,1.2430674107617973e-20,1.2450697973404294e-20,1.2470721839192931e-20,1.2490745704979275e-20,1.2510769570767357e-20,1.2530793436553437e-20,1.2550817302344832e-20,1.2570841168134229e-20,1.2590865033925063e-20,1.2610888899718536e-20,1.2630912765513314e-20,1.2650936631305958e-20,1.2670960497100522e-20,1.2690984362892394e-20,1.2711008228686551e-20,1.2731032094482422e-20,1.2751055960276274e-20,1.2771079826074893e-20,1.2791103691872261e-20,1.2811127557670875e-20,1.283115142346814e-20,1.2851175289266345e-20,1.2871199155066724e-20,1.2891223020868605e-20,1.2911246886669093e-20,1.2931270752474859e-20,1.2951294618278225e-20,1.2971318484083745e-20,1.2991342349887037e-20,1.301136621569553e-20,1.3031390081502338e-20,1.3051413947310576e-20,1.3071437813117307e-20,1.3091461678928967e-20,1.3111485544738852e-20,1.3131509410550489e-20,1.3151533276360269e-20,1.3171557142175148e-20,1.3191581007988065e-20,1.3211604873802858e-20,1.3231628739619133e-20,1.3251652605434234e-20,1.3271676471250286e-20,1.3291700337068176e-20,1.3311724202887805e-20,1.3331748068705283e-20,1.3351771934528543e-20,1.3371795800349675e-20,1.3391819666172677e-20,1.3411843531997097e-20,1.3431867397823228e-20,1.3451891263647335e-20,1.3471915129473183e-20,1.3491938995300738e-20,1.3511962861130644e-20,1.3531986726957622e-20,1.3552010592790568e-20,1.357203445861804e-20,1.3592058324450262e-20,1.3612082190280815e-20,1.3632106056116616e-20,1.3652129921946998e-20,1.36721537877756e-20,1.3692177653609277e-20,1.3712201519441007e-20,1.3732225385274265e-20,1.3752249251109823e-20,1.377227311694631e-20,1.3792296982784756e-20,1.381232084862505e-20,1.3832344714463454e-20,1.385236858030369e-20,1.3872392446145123e-20,1.3892416311985212e-20,1.391244017782689e-20,1.393246404367345e-20,1.3952487909514673e-20,1.397251177536136e-20,1.399253564120594e-20,1.4012559507055407e-20,1.4032583372903857e-20,1.405260723875334e-20,1.407263110460464e-20,1.4092654970450958e-20,1.4112678836301664e-20,1.413270270215126e-20,1.4152726568006068e-20,1.4172750433858934e-20,1.4192774299713206e-20,1.4212798165565402e-20,1.4232822031419957e-20,1.4252845897275447e-20,1.4272869763132966e-20,1.429289362898863e-20,1.4312917494849455e-20,1.433294136070877e-20,1.4352965226569404e-20,1.4372989092432048e-20,1.439301295829245e-20,1.4413036824154573e-20,1.4433060690021818e-20,1.4453084555883788e-20,1.447310842175095e-20,1.4493132287616343e-20,1.4513156153483314e-20,1.4533180019352057e-20,1.4553203885215866e-20,1.4573227751087715e-20,1.459325161695778e-20,1.4613275482829337e-20,1.4633299348699594e-20,1.4653323214571112e-20,1.467334708044418e-20,1.4693370946319207e-20,1.4713394812192615e-20,1.4733418678071244e-20,1.4753442543947517e-20,1.4773466409826167e-20,1.4793490275705954e-20,1.4813514141583792e-20,1.4833538007463958e-20,1.4853561873345e-20,1.4873585739224626e-20,1.489360960510602e-20,1.4913633470989353e-20,1.4933657336873627e-20,1.4953681202756463e-20,1.4973705068637735e-20,1.4993728934523547e-20,1.501375280040796e-20,1.5033776666293985e-20,1.505380053218162e-20,1.5073824398071002e-20,1.509384826395849e-20,1.5113872129847565e-20,1.513389599573827e-20,1.5153919861630266e-20,1.5173943727524537e-20,1.519396759341704e-20,1.521399145931064e-20,1.5234015325206595e-20,1.5254039191103695e-20,1.5274063056998974e-20,1.5294086922896143e-20,1.5314110788794766e-20,1.533413465469566e-20,1.5354158520597262e-20,1.5374182386500832e-20,1.5394206252402118e-20,1.5414230118306022e-20,1.5434253984207545e-20,1.545427785011145e-20,1.547430171601325e-20,1.5494325581916467e-20,1.551434944782154e-20,1.5534373313728358e-20,1.5554397179633312e-20,1.5574421045542922e-20,1.5594444911450894e-20,1.5614468777361373e-20,1.5634492643269427e-20,1.565451650918247e-20,1.5674540375093776e-20,1.5694564241007316e-20,1.5714588106921463e-20,1.5734611972837913e-20,1.5754635838755316e-20,1.577465970467442e-20,1.5794683570592184e-20,1.581470743651156e-20,1.5834731302429344e-20,1.5854755168349017e-20,1.5874779034269487e-20,1.5894802900189168e-20,1.5914826766112915e-20,1.5934850632035257e-20,1.5954874497959392e-20,1.597489836388547e-20,1.5994922229812134e-20,1.6014946095737656e-20,1.603496996166496e-20,1.605499382759061e-20,1.6075017693521277e-20,1.609504155945315e-20,1.6115065425380793e-20,1.6135089291313182e-20,1.6155113157246065e-20,1.6175137023181172e-20,1.619516088911194e-20,1.6215184755046914e-20,1.623520862098384e-20,1.625523248692166e-20,1.627525635285607e-20,1.6295280218794236e-20,1.6315304084734257e-20,1.6335327950669466e-20,1.635535181660667e-20,1.6375375682547754e-20,1.6395399548490808e-20,1.641542341442956e-20,1.6435447280369605e-20,1.6455471146314067e-20,1.6475495012260604e-20,1.649551887820206e-20,1.651554274414528e-20,1.6535566610092914e-20,1.6555590476045213e-20,1.657561434199353e-20,1.6595638207942998e-20,1.661566207389691e-20,1.6635685939849455e-20,1.6655709805797505e-20,1.6675733671750102e-20,1.6695757537704095e-20,1.6715781403656923e-20,1.6735805269611374e-20,1.6755829135567287e-20,1.677585300152733e-20,1.6795876867483476e-20,1.681590073343749e-20,1.6835924599396554e-20,1.685594846535974e-20,1.6875972331318987e-20,1.689599619727923e-20,1.691602006323857e-20,1.6936043929199386e-20,1.695606779516189e-20,1.697609166112567e-20,1.6996115527096767e-20,1.7016139393063344e-20,1.703616325902643e-20,1.7056187124996097e-20,1.707621099096738e-20,1.7096234856940408e-20,1.7116258722909116e-20,1.7136282588879233e-20,1.715630645485082e-20,1.7176330320825015e-20,1.7196354186799372e-20,1.721637805277591e-20,1.723640191874728e-20,1.7256425784721302e-20,1.727644965070226e-20,1.7296473516678787e-20,1.7316497382656686e-20,1.7336521248630868e-20,1.7356545114611556e-20,1.7376568980594327e-20,1.7396592846578127e-20,1.7416616712564126e-20,1.7436640578545516e-20,1.7456664444528398e-20,1.7476688310512763e-20,1.7496712176498655e-20,1.751673604248604e-20,1.7536759908469414e-20,1.755678377445393e-20,1.7576807640445686e-20,1.7596831506433768e-20,1.761685537242244e-20,1.7636879238413514e-20,1.765690310440082e-20,1.7676926970394137e-20,1.769695083638913e-20,1.7716974702380626e-20,1.773699856837328e-20,1.7757022434372845e-20,1.7777046300368576e-20,1.7797070166365776e-20,1.7817094032359007e-20,1.7837117898358982e-20,1.785714176436046e-20,1.7877165630358777e-20,1.7897189496362327e-20,1.7917213362368808e-20,1.7937237228376248e-20,1.7957261094380042e-20,1.7977284960385054e-20,1.7997308826391685e-20,1.801733269239422e-20,1.8037356558403292e-20,1.8057380424414115e-20,1.8077404290421186e-20,1.809742815642458e-20,1.8117452022428845e-20,1.8137475888439782e-20,1.8157499754452745e-20,1.8177523620466983e-20,1.8197547486477385e-20,1.821757135248894e-20,1.8237595218502308e-20,1.825761908451694e-20,1.8277642950532913e-20,1.829766681655056e-20,1.8317690682569563e-20,1.8337714548590494e-20,1.8357738414612355e-20,1.8377762280635634e-20,1.8397786146655773e-20,1.8417810012676452e-20,1.8437833878699393e-20,1.845785774472344e-20,1.8477881610743828e-20,1.849790547676487e-20,1.8517929342787993e-20,1.853795320881806e-20,1.855797707484419e-20,1.8578000940871195e-20,1.8598024806905716e-20,1.8618048672936346e-20,1.86380725389631e-20,1.8658096404990438e-20,1.867812027102039e-20,1.8698144137056275e-20,1.8718168003088985e-20,1.873819186912263e-20,1.875821573515764e-20,1.8778239601194774e-20,1.879826346722745e-20,1.881828733326742e-20,1.8838311199308692e-20,1.885833506534614e-20,1.8878358931384466e-20,1.8898382797425036e-20,1.891840666346643e-20,1.8938430529504703e-20,1.8958454395549236e-20,1.897847826159513e-20,1.8998502127642677e-20,1.9018525993686557e-20,1.9038549859731337e-20,1.9058573725778503e-20,1.907859759182641e-20,1.9098621457870888e-20,1.9118645323916714e-20,1.9138669189968987e-20,1.9158693056017173e-20,1.9178716922067767e-20,1.9198740788118944e-20,1.9218764654177256e-20,1.9238788520231536e-20,1.9258812386282424e-20,1.927883625233957e-20,1.9298860118398357e-20,1.9318883984453446e-20,1.9338907850515014e-20,1.9358931716573294e-20,1.9378955582637645e-20,1.9398979448698705e-20,1.941900331475595e-20,1.9439027180813783e-20,1.945905104687913e-20,1.947907491294036e-20,1.9499098779003206e-20,1.9519122645072538e-20,1.9539146511138034e-20,1.955917037720023e-20,1.9579194243269286e-20,1.959921810933383e-20,1.961924197540539e-20,1.9639265841478733e-20,1.9659289707552697e-20,1.9679313573628366e-20,1.9699337439695697e-20,1.9719361305769423e-20,1.973938517184409e-20,1.9759409037920603e-20,1.977943290399375e-20,1.9799456770067826e-20,1.9819480636143604e-20,1.983950450222543e-20,1.9859528368304164e-20,1.987955223437907e-20,1.9899576100460528e-20,1.9919599966548726e-20,1.9939623832632806e-20,1.9959647698713225e-20,1.9979671564795105e-20,3.5586125172865713e-17,7.375750799684807e-17,1.1322880272486654e-16,1.537958116736203e-16,1.9534297065174161e-16,2.3779434667720064e-16,2.811012673321937e-16,3.252343817236964e-16,3.701780868302357e-16,4.1592659692585614e-16,4.624811746784047e-16,5.098481839837694e-16,5.58037723622961e-16,6.070626711146789e-16,6.569380160398787e-16,7.076803975139077e-16,7.593077855646263e-16,8.118392639301139e-16,8.652948843443967e-16,9.1969557124889e-16,9.750630621267167e-16,1.0314198730705653e-15,1.0887892823038695e-15,1.1471953265634097e-15,1.206662806790459e-15,1.2672173006590637e-15,1.3288851802297548e-15,1.3916936335501629e-15,1.4556706893984359e-15,1.520845244628108e-15,1.587247093757623e-15,1.6549069605784647e-15,1.7238565316467751e-15,1.794128491589467e-15,1.8657565602020963e-15,1.9387755313502987e-15,2.013221313710795e-15,2.0891309734084174e-15,2.1665427786191812e-15,2.245496246222508e-15,2.326032190595771e-15,2.4081927746538874e-15,2.4920215632451177e-15,2.577563579022778e-15,2.664865360920929e-15,2.7539750253704964e-15,2.8449423304012036e-15,2.937818742783687e-15,3.032657508376004e-15,3.129513725848754e-15,3.228444423973989e-15,3.3295086426746473e-15,3.432767518043409e-15,3.538284371553003e-15,3.646124803694306e-15,3.7563567922927555e-15,3.8690507957712345e-15,3.9842798616426255e-15,4.102119740535454e-15,4.2226490060747586e-15,4.345949180961858e-15,4.472104869619265e-15,4.601203897791536e-15,4.7333374595181545e-15,4.868600271924443e-15,5.007090738304578e-15,5.14891112000476e-15,5.2941677176486125e-15,5.442971062286068e-15,5.5954361170839386e-15,5.751682490225876e-15,5.911834659730344e-15,6.07602221094994e-15,6.2443800875689996e-15,6.417048856975593e-15,6.594174990948155e-15,6.775911162666127e-15,6.962416561128664e-15,7.153857224146442e-15,7.350406391159974e-15,7.55224487723138e-15,7.759561469661088e-15,7.972553348791934e-15,8.191426534684557e-15,8.416396361479888e-15,8.647687981408088e-15,8.885536900557808e-15,9.130189548691147e-15,9.381903885572895e-15,9.64095004648431e-15,9.907611029811065e-15,1.0182183429834627e-14,1.0464978218117518e-14,1.0756321577158963e-14,1.1056555790309428e-14,1.1366040192274884e-14,1.1685152184915745e-14,1.2014288323455272e-14,1.2353865478665524e-14,1.2704322081085526e-14,1.3066119453878254e-14,1.3439743241521973e-14,1.3825704942192036e-14,1.4224543552409433e-14,1.4636827333330037e-14,1.506315570892597e-14,1.5504161307279336e-14,1.5960512157281792e-14,1.6432914054214164e-14,1.6922113108994034e-14,1.7428898497329164e-14,1.7954105426623637e-14,1.849861834027443e-14,1.9063374380973885e-14,1.9649367136843547e-14,2.025765069668198e-14,2.088934404334199e-14,2.154563581730176e-14,2.2227789485905754e-14,2.2937148957554926e-14,2.3675144684377594e-14,2.444330030168799e-14,2.5243239857875858e-14,2.6076695694379823e-14,2.6945517042123627e-14,2.785167940838366e-14,2.879729483659117e-14,2.978462313119708e-14,3.0816084150588384e-14,3.189427128333917e-14,3.302196623695067e-14,3.420215528400357e-14,3.543804712849865e-14,3.67330925754416e-14,3.809100620984065e-14,3.951579031754421e-14,4.1011761310370506e-14,4.2583578952219e-14,4.4236278722076323e-14,4.59753076947286e-14,4.7806564371545775e-14,4.9736442952946594e-14,5.177188261238281e-14,5.3920422410352107e-14,5.619026257788669e-14,5.859033300421512e-14,6.113036988540669e-14,6.382100163276063e-14,6.667384530506548e-14,6.970161502204873e-14,7.291824404243503e-14,7.633902245562858e-14,7.998075274874598e-14,8.386192588019817e-14,8.800292092925263e-14,9.24262319125898e-14,9.715672598268201e-14,1.0222193797228368e-13,1.0765240715487323e-13,1.1348206319123025e-13,1.1974866957881135e-13,1.2649433457958374e-13,1.3376610166383376e-13,1.4161663409076805e-13,1.5010501151633763e-13,1.592976606976596e-13,1.6926944776329116e-13,1.801049665744001e-13,1.919000670285419e-13,2.0476367963115792e-13,2.188200095359407e-13,2.342111963515841e-13,2.5110056797253013e-13,2.6967666138839957e-13,2.901582465676857e-13,3.0588207276030685e-13,3.0588207276037173e-13,3.0588207276046054e-13,3.0588207276085413e-13,3.3026273192646815e-13,3.574272157660058e-13,3.87735851671718e-13,4.2165977481301736e-13,4.597851235906648e-13,5.028388358371746e-13,5.51730619858282e-13,6.076144869970331e-13,6.71977741573589e-13,7.467706913233389e-13,8.34598521931643e-13,9.390101596833231e-13,1.0649420967661117e-12,1.2194163313699472e-12,1.4126672280689014e-12,1.659996782199531e-12,1.985053776705103e-12,2.4255008853741723e-12,3.043617969661781e-12,3.946598856562689e-12,5.326841872635742e-12,7.544401177522378e-12,1.1299064042312838e-11,1.7991770246163834e-11,3.0481871793850574e-11,3.080270351919769e-11,5.7338918763089264e-11,1.0891161165475637e-10,2.1327616793081585e-10,4.2302494891013684e-10,8.220548660458032e-10,1.5065515336859984e-09,1.6623121084582171e-09,2.9127246675884974e-09,4.297551880146675e-09,5.680461288681276e-09,6.813928203830391e-09,7.485490043625288e-09,7.625861183589304e-09,7.312966969105581e-09,6.698602463056386e-09,5.934643290689338e-09,5.135642281770119e-09,4.372807947203963e-09,3.6827527977974033e-09,3.0791891155852537e-09,2.5625353659976125e-09,2.1264224991680757e-09,1.7616327184035397e-09,1.4582903064935482e-09,1.2069775103323705e-09,9.992314264478255e-10,8.277033816577978e-10,6.861453939074425e-10,5.693162741225101e-10,4.728575623288326e-10,3.9316529619852414e-10,3.272701192343122e-10,2.7273090356460904e-10,2.2754321542882596e-10,1.9006204632266115e-10,1.5893738927785628e-10,1.330609605191228e-10,1.1152237387348243e-10,9.357321577274694e-11,7.859766016607703e-11,6.608846243320119e-11,5.5627358809154976e-11,4.686906423857107e-11,3.95282045757369e-11,3.336863948446937e-11,2.819473245928284e-11,2.3844206799949067e-11,2.0182293830476414e-11,1.709693467205592e-11,1.4494841596330683e-11,1.2298261315039189e-11,1.0442312019140987e-11,8.87278987031439e-12,7.544360023636273e-12,6.419062967865818e-12,5.465079727981752e-12,4.655709828017002e-12,3.968524329668097e-12,3.384663108196214e-12,2.8882511028671047e-12,2.465912820277249e-12,2.106368077345159e-12,1.800094996958556e-12,1.539048744234795e-12,1.3164265175054148e-12,1.1264709676223114e-12,9.643055816187998e-13,8.257966846118489e-13,7.074376338217533e-13,6.062515356502066e-13,5.197094406352491e-13,4.4566148615127847e-13,3.8227888197726924e-13,3.280049858004694e-13,2.8151400701792534e-13,2.416761188094655e-13,2.0752795889055136e-13,1.7824766609358566e-13,1.5313373838007293e-13,1.315871135757527e-13,1.1309597010906025e-13,9.72228257301917e-14,8.359357907856246e-14,7.18881953335726e-14,6.183278417429652e-14,5.319285774706673e-14,4.576758945382336e-14,3.9384922190507254e-14,3.389739805717427e-14,2.917860124910642e-14,2.512012242926094e-14,2.1628966866872857e-14,1.8625340436369553e-14,1.6040757537759174e-14,1.3816423437500237e-14,1.1901850655876015e-14,1.0253675072228357e-14,8.834642534730635e-15,7.612741103885175e-15,6.560457742656659e-15,5.654141393104008e-15,4.8734570388245695e-15,4.200917612937013e-15,3.621482533027251e-15,3.12221328360643e-15,2.691977859387554e-15,2.3211970732635926e-15,2.001626744274972e-15,1.7261706473459318e-15,1.4887198434450044e-15,1.2840146396912283e-15,1.1075259674362504e-15,9.553534262347527e-16,8.241376355085494e-16,7.109848721840652e-16,6.134022607231725e-16,5.292420285116632e-16,4.566535508561272e-16,3.940420905489432e-16,3.400332922764162e-16,2.9344262464580043e-16,2.5324907691161063e-16,2.1857251495366257e-16,1.8865418490021092e-16,1.6283992490160616e-16,1.4056570713223338e-16,1.213451851735851e-16,1.0475896748053278e-16,9.044537668859647e-17,7.809248817178582e-17,6.743127007373923e-17,5.82296718819049e-17,5.0287529935604884e-17,4.343217658808136e-17,3.7514655530248214e-17,3.240645932140752e-17,2.7996716873620305e-17,2.4189768643538497e-17,2.0903075941477137e-17,1.8065418196471685e-17,1.5615338412896627e-17,1.3499802564568372e-17,1.1673043413799866e-17,1.009556332506752e-17,8.73327416067828e-18,7.556755372637113e-18,6.540614015182027e-18,5.662932648003063e-18,4.904793036805251e-18,4.2498652254557404e-18,3.6840529915309335e-18,3.1951879354244794e-18,2.772765520599032e-18,2.4077173027928867e-18,2.0922143788797844e-18,1.819497769744075e-18,1.5837320408617194e-18,1.3798789727471914e-18,1.2035885310137525e-18,1.0511047640453598e-18,9.191845818625595e-19,8.05027650783745e-19,7.062158807778956e-19,6.20661191354435e-19,5.46560422345577e-19,4.823564108834801e-19,4.2670439079315806e-19,3.7844298558065707e-19,3.3656916663247825e-19,3.002166337963646e-19,2.68637150446714e-19,2.4118442880626186e-19,2.173002166873527e-19,1.9650228480501377e-19,1.7837405472541243e-19,1.6255564323062044e-19,1.487361295037352e-19,1.366468780520516e-19,1.2605577309815878e-19,1.1676223994273104e-19,1.085929457827176e-19,1.0139808719559394e-19,9.50481841761726e-20,8.943131153333175e-20,8.44507079852835e-20,8.002271132789028e-20,7.607497521883374e-20,7.254492911140514e-20,6.937844817060807e-20,6.652870450843779e-20,6.39551750041904e-20,6.16227843507364e-20,5.95011648630451e-20,5.756401714786651e-20,5.578855786137299e-20,5.4155042668858276e-20,5.2646354191289955e-20,5.124764603522345e-20,4.994603527150637e-20,4.87303367784907e-20,4.7590833723621994e-20,4.651907926230857e-20,4.550772520234698e-20,4.4550373961344526e-20,4.3641450640314415e-20,4.277609247444591e-20,4.195005329282845e-20,4.115962094912751e-20,4.0401545951419226e-20,3.9672979765738485e-20,3.897142148627695e-20,3.8294671714992834e-20,3.7640792694153433e-20,3.700807382010479e-20,3.639500182234937e-20,3.580023495823087e-20,3.5222580691555084e-20,3.466097637884548e-20,3.41144725413904e-20,3.358221839529174e-20,3.3063449311242806e-20,3.255747595721375e-20,3.206367488762611e-20,3.158148038721448e-20,3.111037739850744e-20,3.0649895384121706e-20,3.0199603001084373e-20,2.975910347895492e-20,2.932803059688943e-20,2.8906045190538565e-20,2.849283211526925e-20,2.808809759517485e-20,2.769156691777246e-20,2.730298242169874e-20,2.6922101738924136e-20,2.6548696259122778e-20,2.6182549786035725e-20,2.5823457358701073e-20,2.5471224216873112e-20,2.5125664892681327e-20,2.4786602410913142e-20,2.4453867581851045e-20,2.4127298379015155e-20,2.3806739385879116e-20,2.3492041304397785e-20,2.3183060522900904e-20,2.2879658721038448e-20,2.2581702528331922e-20,2.2289063207354224e-20,2.2001616375423644e-20,2.1719241751470766e-20,2.1441822930701122e-20,2.1169247171659337e-20,2.0901405210673652e-20,2.0638191090035398e-20,2.037950199990893e-20,2.0125238133728675e-20,1.9875302553153795e-20,1.962960106709735e-20,1.9388042117116895e-20,1.9150536669771388e-20,1.891699811913432e-20,1.8687342192655418e-20,1.8461486866155074e-20,1.8239352280978713e-20,1.802086066832131e-20,1.7805936275495117e-20,1.7594505298123666e-20,1.7386495814674234e-20,1.7181837725931036e-20,1.6980462693679425e-20,1.678230408755644e-20,1.6587296930196012e-20,1.6395377845336172e-20,1.6206485010964314e-20,1.602055811123211e-20,1.5837538291433316e-20,1.5657368115472716e-20,1.5479991523535778e-20,1.530535379353494e-20,1.51334015015532e-20,1.496408248494271e-20,1.4797345807806424e-20,1.4633141724115877e-20,1.4471421648327874e-20,1.4312138119203738e-20,1.415524477263913e-20,1.4000696308215124e-20,1.3848448462650533e-20,1.369845798131153e-20,1.355068259023365e-20,1.3405080970599212e-20,1.3261612733816115e-20,1.3120238395704107e-20,1.2980919353503702e-20,1.2843617862541645e-20,1.2708297013988055e-20,1.2574920712696989e-20,1.2443453656797138e-20,1.2313861316893977e-20,1.2186109916109512e-20,1.2060166411130698e-20,1.1935998473887676e-20,1.1813574472561964e-20,1.1692863454205495e-20,1.1573835129179538e-20,1.1456459852423291e-20,1.1340708608455822e-20,1.1226552995774342e-20,1.111396521126559e-20,1.1002918036089704e-20,1.0893384820588522e-20,1.0785339470841197e-20,1.0678756434943593e-20,1.0573610690077241e-20,1.0469877729256409e-20,1.0367533549318627e-20,1.0266554638664852e-20,1.0166917965461914e-20,1.0068600966257088e-20,9.971581534795312e-21,9.875838011276583e-21,9.781349171744945e-21,9.688094217849054e-21,9.596052766859595e-21,9.505204842029694e-21,9.41553086309937e-21,9.327011637038367e-21,9.239628349292119e-21,9.153362554792772e-21,9.068196169448746e-21,8.984111462485093e-21,8.90109104785821e-21,8.81911787608691e-21,8.738175227667866e-21,8.658246704448682e-21,8.579316223467464e-21,8.50136800894144e-21,8.424386586126504e-21,8.348356774224872e-21,8.273263679952508e-21,8.199092691005862e-21,8.125829470299584e-21,8.05345994965187e-21,7.981970323699784e-21,7.911347044498128e-21,7.84157681565163e-21,7.772646586941483e-21,7.704543549245909e-21,7.637255128842911e-21,7.570768982691749e-21,7.505072993455633e-21,7.44015526454717e-21,7.376004115609113e-21,7.312608077730066e-21,7.249955889092406e-21,7.188036490640414e-21,7.126839021663477e-21,7.06635281555327e-21,7.006567396396623e-21,6.947472473987884e-21,6.889057940774677e-21,6.831313867662111e-21,6.7742305005586374e-21,6.717798256556582e-21,6.662007720664956e-21,6.60684964204227e-21,6.552314930848494e-21,6.498394655382318e-21,6.445080037972368e-21,6.39236245245582e-21,6.3402334210779815e-21,6.288684611252376e-21,6.2377078331089326e-21,6.187295036308362e-21,6.13743830699348e-21,6.088129865908218e-21,6.039362064854641e-21,5.991127384540355e-21,5.943418432041831e-21,5.896227938196756e-21,5.84954875515605e-21,5.803373854178424e-21,5.757696323505818e-21,5.7125093653701724e-21,5.6678062943421244e-21,5.623580535140199e-21,5.579825620437788e-21,5.5365351884199976e-21,5.4937029815583054e-21,5.4513228439601185e-21,5.409388719712033e-21,5.367894650853147e-21,5.326834775614299e-21,5.2862033265432294e-21,5.245994628797007e-21,5.2062030983238805e-21,5.166823240195207e-21,5.12784964690115e-21,5.08927699695104e-21,5.051100052868839e-21,5.013313660079584e-21,4.975912744894598e-21,4.9388923134597026e-21,4.902247450089957e-21,4.865973315866632e-21,4.830065147236174e-21,4.794518254582052e-21,4.7593280209451885e-21,4.724489900703559e-21,4.689999418253131e-21,4.655852166776814e-21,4.62204380699074e-21,4.5885700659291505e-21,4.5554267357900856e-21,4.522609672663183e-21,4.4901147955671394e-21,4.4579380852132306e-21,4.426075582929818e-21,4.394523389613834e-21,4.363277664646747e-21,4.3323346249355e-21,4.3016905438604856e-21,4.271341750252009e-21,4.241284627382477e-21,4.211515612337808e-21,4.1820311946237615e-21,4.15282791556753e-21,4.123902367333456e-21,4.09525119205841e-21,4.066871080937192e-21,4.03875877339809e-21,4.0109110565634974e-21,3.9833247637427755e-21,3.955996774710979e-21,3.928924013769333e-21,3.902103449725514e-21,3.875532094905373e-21,3.849207004460626e-21,3.823125275670763e-21,3.797284047218559e-21,3.771680498490208e-21,3.746311848859696e-21,3.7211753571247304e-21,3.696268320722303e-21,3.671588075295777e-21,3.647131993729861e-21,3.6228974859561736e-21,3.598881998037435e-21,3.575083011612837e-21,3.551498043392343e-21,3.5281246446075814e-21,3.504960400442705e-21,3.4820029292331814e-21,3.459249882360645e-21,3.43669894343031e-21,3.414347827817945e-21,3.392194282191556e-21,3.370236083916102e-21,3.34847104072392e-21,3.3268969900440257e-21,3.3055117987235732e-21,3.2843133622597535e-21,3.2632996048782826e-21,3.2424684784326962e-21,3.221817962412276e-21,3.2013460633954965e-21,3.1810508144384555e-21,3.160930275163624e-21,3.1409825306492213e-21,3.1212056915646297e-21,3.1015978935754258e-21,3.0821572970249722e-21,3.0628820863669533e-21,3.0437704701843428e-21,3.0248206803339044e-21,3.00603097190429e-21,2.9873996226937773e-21,2.9689249331329034e-21,2.9506052256385058e-21,2.932438844349957e-21,2.9144241548757034e-21,2.8965595439474587e-21,2.87884341910112e-21,2.8612742082803157e-21,2.8438503596446223e-21,2.8265703411624644e-21,2.8094326404970452e-21,2.7924357643860874e-21,2.775578238829454e-21,2.7588586082594672e-21,2.742275435635445e-21,2.7258273020479202e-21,2.7095128065249987e-21,2.6933305656001694e-21,2.6772792133275793e-21,2.6613574007161945e-21,2.645563795701746e-21,2.6298970827908545e-21,2.6143559628657528e-21,2.5989391528951836e-21,2.5836453858148686e-21,2.5684734101094805e-21,2.5534219898617668e-21,2.5384899042050115e-21,2.523675947314092e-21,2.5089789281267294e-21,2.4943976701689406e-21,2.4799310112989027e-21,2.465577803561884e-21,2.4513369128118918e-21,2.4372072188169663e-21,2.4231876147720268e-21,2.4092770073792546e-21,2.3954743163717145e-21,2.381778474515788e-21,2.368188427345768e-21,2.354703133054749e-21,2.3413215622693483e-21,2.3280426978908775e-21,2.3148655349183236e-21,2.3017890802362677e-21,2.2888123525835196e-21,2.275934382207444e-21,2.263154210833818e-21,2.250470891455193e-21,2.2378834882083478e-21,2.225391076224166e-21,2.2129927413625635e-21,2.200687580245013e-21,2.1884746999779688e-21,2.176353218063465e-21,2.16432226223998e-21,2.1523809703578595e-21,2.1405284901757322e-21,2.1287639793714436e-21,2.117086605276884e-21,2.105495544770426e-21,2.0939899841843867e-21,2.0825691191581817e-21,2.0712321545049952e-21,2.059978304116811e-21,2.0488067908057538e-21,2.0377168462331127e-21,2.0267077107362225e-21,2.0157786332481956e-21,2.0049288711798934e-21,1.9941576903133277e-21,1.983464364657851e-21,1.9728481764133715e-21,1.9623084157094303e-21,1.9518443807147004e-21,1.941455377383498e-21,1.9311407194358655e-21,1.920899728084632e-21,1.9107317321879516e-21,1.9006360680139125e-21,1.8906120791158827e-21,1.8806591163148142e-21,1.8707765375661602e-21,1.8609637078694055e-21,1.8512199991735113e-21,1.8415447903079142e-21,1.8319374668881866e-21,1.8223974212242794e-21,1.81292405218373e-21,1.8035167652092985e-21,1.794174972168339e-21,1.7848980912980374e-21,1.7756855471008487e-21,1.7665367702706026e-21,1.757451197640037e-21,1.7484282720552345e-21,1.7394674423082185e-21,1.7305681632190628e-21,1.721729895274302e-21,1.712952104758812e-21,1.7042342636356485e-21,1.6955758494634588e-21,1.6869763453327557e-21,1.6784352397679629e-21,1.6699520267382902e-21,1.6615262055204515e-21,1.65315728066602e-21,1.6448447618925632e-21,1.6365881640783641e-21,1.6283870071517082e-21,1.6202408161216257e-21,1.6121491208522337e-21,1.6041114561289213e-21,1.5961273615738757e-21,1.588196381559041e-21,1.5803180651743084e-21,1.5724919661658757e-21,1.5647176428493428e-21,1.556994658165526e-21,1.549322579450545e-21,1.5417009785041478e-21,1.5341294314756171e-21,1.5266075189448365e-21,1.519134825655731e-21,1.5117109406154415e-21,1.5043354569946766e-21,1.4970079720874107e-21,1.4897280872833157e-21,1.4824954079789294e-21,1.4753095435412003e-21,1.468170107274084e-21,1.4610767163980664e-21,1.4540289919286347e-21,1.4470265586918722e-21,1.4400690452577202e-21,1.4331560839104292e-21,1.4262873105823025e-21,1.4194623648374922e-21,1.4126808897454032e-21,1.4059425320847867e-21,1.3992469419769717e-21,1.3925937730133624e-21,1.385982682252201e-21,1.379413330081419e-21,1.3728853802287545e-21,1.3663984997302894e-21,1.3599523588776556e-21,1.3535466311864738e-21,1.3471809933322936e-21,1.3408551251711717e-21,1.334568709640351e-21,1.3283214327781077e-21,1.3221129836319948e-21,1.3159430543002137e-21,1.3098113398163648e-21,1.3037175381485103e-21,1.2976613502154771e-21,1.2916424797609847e-21,1.2856606333916741e-21,1.2797155204975962e-21,1.2738068532743819e-21,1.26793434664161e-21,1.2620977182552286e-21,1.2562966884203436e-21,1.250530980142611e-21,1.2448003189591754e-21,1.2391044331547336e-21,1.2334430534494016e-21,1.2278159131495967e-21,1.2222227480682377e-21,1.2166632965052972e-21,1.2111372991953753e-21,1.2056444993162894e-21,1.2001846424466515e-21,1.1947574765303206e-21,1.1893627518680686e-21,1.1840002210797482e-21,1.1786696390812069e-21,1.1733707630584621e-21,1.168103352459132e-21,1.1628671689181308e-21,1.157661976329417e-21,1.1524875406936413e-21,1.147343630216788e-21,1.14223001519817e-21,1.1371464680731304e-21,1.13209276329298e-21,1.1270686774569399e-21,1.1220739891508434e-21,1.1171084789923707e-21,1.1121719295837501e-21,1.1072641255102365e-21,1.1023848532965123e-21,1.0975339014070756e-21,1.0927110602203371e-21,1.0879161219895985e-21,1.0831488808628906e-21,1.0784091328373448e-21,1.0736966756947116e-21,1.069011309071818e-21,1.0643528343852984e-21,1.059721054861497e-21,1.055115775422348e-21,1.0505368027622998e-21,1.045983945288911e-21,1.0414570131076282e-21,1.0369558179844583e-21,1.0324801733737931e-21,1.0280298943840472e-21,1.0236047977836263e-21,1.0192047018856562e-21,1.0148294266285764e-21,1.0104787935550326e-21,1.0061526257239027e-21,1.0018507477922224e-21,9.975729859189238e-22,9.933191677784623e-22,9.890891225745067e-22,9.848826809594852e-22,9.806996750927233e-22,9.7653993856455e-22,9.724033064095229e-22,9.682896150900739e-22,9.641987024792776e-22,9.601304281274471e-22,9.56084614626962e-22,9.520610916556707e-22,9.480597087794251e-22,9.44080312811286e-22,9.401227504993784e-22,9.361868695023718e-22,9.322725186390913e-22,9.283795479624007e-22,9.245078087795353e-22,9.206571536437292e-22,9.168274363622152e-22,9.130185119581666e-22,9.092302366780714e-22,9.054624679759244e-22,9.017150644923107e-22,8.979878860624221e-22,8.94280793688837e-22,8.905936495404157e-22,8.869263169363163e-22,8.83278660330886e-22,8.796505453099089e-22,8.76041838610848e-22,8.724524080256954e-22,8.688821224710121e-22,8.653308519392387e-22,8.617984675073092e-22,8.582848413166754e-22,8.54789846543479e-22,8.513133574667436e-22,8.478552493524384e-22,8.444153984911929e-22,8.409936822003319e-22,8.375899788044134e-22,8.342041676285365e-22,8.308361289738904e-22,8.274857441217069e-22,8.241528953273256e-22,8.2083746579149615e-22,8.1753933967769165e-22,8.142584020783709e-22,8.109945390283676e-22,8.077476374760756e-22,8.045175852889775e-22,8.01304271230658e-22,7.981075849699763e-22,7.949274170650641e-22,7.917636589351805e-22,7.886162029018195e-22,7.854849421167509e-22,7.823697706095428e-22,7.792705832481623e-22,7.761872757238741e-22,7.731197446065866e-22,7.700678872315303e-22,7.670316017969993e-22,7.640107872557163e-22,7.610053434036791e-22,7.580151708155804e-22,7.550401708589561e-22,7.5208024567130705e-22,7.491352981598215e-22,7.462052320006623e-22,7.432899516205619e-22,7.403893622057239e-22,7.375033696753328e-22,7.346318806889094e-22,7.317748026301993e-22,7.289320436089109e-22,7.261035124563069e-22,7.2328911869742765e-22,7.204887725694073e-22,7.1770238501302715e-22,7.1492986764564575e-22,7.12171132770974e-22,7.094260933805377e-22,7.066946631298722e-22,7.039767563182864e-22,7.012722879363719e-22,6.985811736177984e-22,6.959033296354912e-22,6.932386729256745e-22,6.905871210202261e-22,6.879485921162296e-22,6.853230049992507e-22,6.827102791310074e-22,6.801103345366641e-22,6.77523091865369e-22,6.749484723477397e-22,6.723863978626238e-22,6.698367908341575e-22,6.672995742882678e-22,6.647746718190946e-22,6.622620076146569e-22,1.2358989424641292e-21,1.5280169447666711e-21,1.6778660071665477e-21,1.755715424007402e-21,1.797077982822657e-21,1.8199162572489217e-21,1.833319943067312e-21,1.841890248778039e-21,1.8479572249993336e-21,1.852701609962162e-21,1.8567225159281083e-21,1.860324706954137e-21,1.8636639728658085e-21,1.8668206906504368e-21,1.8698370453907253e-21,1.8727358623606727e-21,1.8755301347881502e-21,1.878227844167802e-21,1.880834399087431e-21,1.8833538693865165e-21,1.885789610951094e-21,1.8881445823412754e-21,1.8904215055768056e-21,1.89262294810786e-21,1.8947513649643563e-21,1.896809120773051e-21,1.898798501589735e-21,1.900721721610908e-21,1.9025809272669517e-21,1.9043782000442707e-21,1.9061155586042078e-21,1.907794960594092e-21,1.9094183042618116e-21,1.9109874300016576e-21,1.912504121832415e-21,1.913970108834053e-21,1.9153870665896578e-21,1.9167566185790955e-21,1.9180803375533855e-21,1.9193597469195223e-21,1.9205963220647026e-21,1.9217914916640413e-21,1.9229466390216534e-21,1.9240631033031732e-21,1.9251421808101844e-21,1.926185126203743e-21,1.927193153709604e-21,1.9281674382926033e-21,1.929109116806087e-21,1.930019289130537e-21,1.9308990192715184e-21,1.9317493364318766e-21,1.9325712360668597e-21,1.9333656809104676e-21,1.934133601976181e-21,1.9348758995317107e-21,1.935593444047855e-21,1.93628707712669e-21,1.936957612401579e-21,1.93760583641424e-21,1.938232509471687e-21,1.9388383664715123e-21,1.939424117713285e-21,1.9399904496774044e-21,1.9405380257953124e-21,1.9410674871858054e-21,1.9415794533738397e-21,1.942074522989923e-21,1.9425532744478573e-21,1.9430162666026754e-21,1.943464039388075e-21,1.943897114438401e-21,1.944315995683544e-21,1.9447211699377197e-21,1.9451131074549042e-21,1.945492262493278e-21,1.945859073820679e-21,1.946213965248775e-21,1.946557346120709e-21,1.9468896117984304e-21,1.947211144123957e-21,1.94752231187524e-21,1.9478234712033288e-21,1.9481149660569834e-21,1.948397128591273e-21,1.9486702795629927e-21,1.9489347287202928e-21,1.9491907751690527e-21,1.949438707736209e-21,1.9496788053159106e-21,1.949911337206867e-21,1.950136563437246e-21,1.9503547350811153e-21,1.9505660945620256e-21,1.9507708759476913e-21,1.950969305234655e-21,1.951161600625647e-21,1.9513479727902353e-21,1.951528625129344e-21,1.951703754020662e-21,1.9518735490578898e-21,1.9520381932857175e-21,1.95219786342331e-21,1.952352730080732e-21,1.952502957970018e-21,1.952648706108277e-21,1.95279012800991e-21,1.952927371883492e-21,1.9530605808056764e-21,1.953189892903799e-21,1.9533154415247015e-21,1.9534373554005918e-21,1.9535557588048035e-21,1.9536707717119427e-21,1.953782509940655e-21,1.9538910853009114e-21,1.953996605730605e-21,1.9540991754305404e-21,1.954198894992337e-21,1.954295861527141e-21,1.9543901687801066e-21,1.954481907251791e-21,1.9545711643096872e-21,1.9546580242955302e-21,1.9547425686311347e-21,1.9548248759195347e-21,1.9549050220423502e-21,1.9549830802559585e-21,1.9550591212798366e-21,1.955133213386489e-21,1.9552054224859534e-21,1.9552758122086365e-21,1.955344443983766e-21,1.955411377112006e-21,1.9554766688518984e-21,1.9555403744743533e-21,1.9556025473430576e-21,1.955663238976616e-21,1.9557224991133732e-21,1.9557803757740958e-21,1.955836915320292e-21,1.9558921625132054e-21,1.955946160569054e-21,1.9559989512122996e-21,1.9560505747280472e-21,1.9561010700120977e-21,1.9561504746188418e-21,1.9561988248085077e-21,1.956246155592097e-21,1.9562925007746902e-21,1.9563378929974e-21,1.95638236377785e-21,1.9564259435495404e-21,1.956468661700424e-21,1.9565105466042023e-21,1.9565516256639284e-21,1.9565919253400512e-21,1.9566314711842586e-21,1.956670287871719e-21,1.9567083992319662e-21,1.9567458282769132e-21,1.9567825972304452e-21,1.9568187275551964e-21,1.956854239979358e-21,1.9568891545206386e-21,1.956923490517301e-21,1.9569572666417533e-21,1.9569905009314167e-21,1.9570232108068364e-21,1.9570554130959483e-21,1.957087124051841e-21,1.957118359376947e-21,1.9571491342355997e-21,1.9571794632781156e-21,1.9572093606583096e-21,1.9572388400477028e-21,1.9572679146551155e-21,1.95729659724051e-21,1.9573249001331326e-21,1.9573528352438614e-21,1.9573804140808214e-21,1.9574076477635792e-21,1.9574345470377533e-21,1.9574611222847256e-21,1.957487383536717e-21,1.9575133404887682e-21,1.957539002508749e-21,1.9575643786520112e-21,1.9575894776680256e-21,1.957614308014712e-21,1.9576388778654046e-21,1.9576631951211993e-21,1.9576872674187348e-21,1.9577111021398297e-21,1.957734706420686e-21,1.9577580871597555e-21,1.9577812510270847e-21,1.957804204468959e-21,1.957826953720135e-21,1.957849504808982e-21,1.9578718635637258e-21,1.9578940356201912e-21,1.9579160264291098e-21,1.957937841261097e-21,1.9579594852141423e-21,1.9579809632182658e-21,1.958002280042501e-21,1.958023440300085e-21,1.9580444484528753e-21,1.9580653088182076e-21,1.958086025572293e-21,1.9581066027557985e-21,1.9581270442762948e-21,1.958147353919433e-21,1.9581675353471134e-21,1.958187592100966e-21,1.9582075276100296e-21,1.9582273451930305e-21,1.958247048062407e-21,1.958266639328049e-21,1.958286122000202e-21,1.958305498993582e-21,1.9583247731303367e-21,1.9583439471430356e-21,1.9583630236777403e-21,1.958382005297288e-21,1.9584008944836962e-21,1.9584196936400044e-21,1.9584384050958982e-21,1.9584570311088945e-21,1.958475573863244e-21,1.9584940354774306e-21,1.9585124180036025e-21,1.9585307234304324e-21,1.9585489536856586e-21,1.9585671106374397e-21,1.958585196097428e-21,1.9586032118210494e-21,1.958621159508972e-21,1.9586390408133972e-21,1.9586568573371464e-21,1.958674610632473e-21,1.9586923022019385e-21,1.9587099335076843e-21,1.9587275059681934e-21,1.958745020956018e-21,1.9587624798063723e-21,1.9587798838128918e-21,1.958797234233895e-21,1.958814532288419e-21,1.9588317791601303e-21,1.958848976000143e-21,1.9588661239226506e-21,1.958883224011448e-21,1.958900277322229e-21,1.958917284875701e-21,1.9589342476659288e-21,1.9589511666580052e-21,1.958968042789776e-21,1.9589848769739906e-21,1.9590016700954387e-21,1.9590184230143816e-21,1.9590351365699018e-21,1.959051811575561e-21,1.959068448823093e-21,1.9590850490826027e-21,1.959101613103143e-21,1.9591181416127533e-21,1.959134635321452e-21,1.9591510949193304e-21,1.959167521076672e-21,1.9591839144482794e-21,1.9592002756698046e-21,1.9592166053608706e-21,1.9592329041262248e-21,1.959249172551431e-21,1.95926541121018e-21,1.959281620660543e-21,1.9592978014444294e-21,1.959313954092601e-21,1.9593300791204072e-21,1.95934617703257e-21,1.959362248316927e-21,1.9593782934533126e-21,1.9593943129080067e-21,1.959410307136083e-21,1.959426276581353e-21,1.959442221677979e-21,1.9594581428463957e-21,1.9594740405003133e-21,1.9594899150423323e-21,1.9595057668652433e-21,1.9595215963529074e-21,1.959537403880359e-21,1.959553189813534e-21,1.9595689545102796e-21,1.959584698319574e-21,1.959600421583134e-21,1.9596161246342466e-21,1.959631807799245e-21,1.9596474713977684e-21,1.959663115741226e-21,1.9596787411348578e-21,1.959694347875967e-21,1.9597099362570723e-21,1.9597255065629767e-21,1.9597410590734667e-21,1.959756594061802e-21,1.9597721117963328e-21,1.9597876125348403e-21,1.9598030965364613e-21,1.95981856405609e-21,1.959834015335379e-21,1.9598494506167943e-21,1.9598648701360435e-21,1.959880274124247e-21,1.9598956628081504e-21,1.9599110364099838e-21,1.959926395146063e-21,1.9599417392326537e-21,1.959957068877509e-21,1.9599723842855582e-21,1.9599876856580022e-21,1.960002973192792e-21,1.9600182470833588e-21,1.9600335075194806e-21,1.9600487546882663e-21,1.9600639887727697e-21,1.9600792099523823e-21,1.9600944184036173e-21,1.960109614299763e-21,1.9601247978108574e-21,1.960139969103416e-21,1.9601551283428308e-21,1.9601702756888048e-21,1.960185411300136e-21,1.9602005353324085e-21,1.9602156479384047e-21,1.9602307492684777e-21,1.960245839470323e-21,1.960260918688202e-21,1.9602759870667385e-21,1.9602910447468024e-21,1.9603060918622746e-21,1.9603211285507042e-21,1.9603361549464233e-21,1.9603511711802246e-21,1.960366177381293e-21,1.96038117367853e-21,1.960396160193208e-21,1.9604111370502046e-21,1.9604261043689055e-21,1.960441062271827e-21,1.960456010875191e-21,1.9604709502957596e-21,1.9604858806428426e-21,1.9605008020309543e-21,1.960515714569817e-21,1.96053061836642e-21,1.9605455135312635e-21,1.960560400168513e-21,1.9605752783811504e-21,1.9605901482719755e-21,1.9606050099408334e-21,1.9606198634871385e-21,1.9606347090097333e-21,1.960649546603717e-21,1.9606643763640645e-21,1.9606791983795577e-21,1.9606940127509304e-21,1.9607088195681908e-21,1.9607236189150232e-21,1.960738410887688e-21,1.960753195566407e-21,1.960767973040359e-21,1.9607827433915515e-21,1.9607975066993457e-21,1.9608122630575358e-21,1.9608270125417978e-21,1.9608417552300538e-21,1.960856491210961e-21,1.9608712205487735e-21,1.9608859433276403e-21,1.9609006596261685e-21,1.9609153695102956e-21,1.9609300730556547e-21,1.960944770341639e-21,1.9609594614357188e-21,1.9609741464102125e-21,1.960988825345414e-21,1.9610034982887787e-21,1.961018165319235e-21,1.961032826504506e-21,1.961047481910751e-21,1.961062131603889e-21,1.961076775648267e-21,1.961091414107261e-21,1.961106047045498e-21,1.9611206745238613e-21,1.961135296604892e-21,1.9611499133490822e-21,1.9611645248137893e-21,1.9611791310604573e-21,1.9611937321497923e-21,1.9612083281352124e-21,1.9612229190760897e-21,1.9612375050284414e-21,1.9612520860478244e-21,1.961266662189043e-21,1.9612812335053873e-21,1.961295800049701e-21,1.9613103618789893e-21,1.9613249190440493e-21,1.961339471593013e-21,1.9613540195791792e-21,1.961368563052818e-21,1.961383102063773e-21,1.9613976366611116e-21,1.9614121668933616e-21,1.9614266928085863e-21,1.9614412144540288e-21,1.9614557318768066e-21,1.961470245122903e-21,1.9614847542394305e-21,1.9614992592686502e-21,1.9615137602532147e-21,1.961528257244702e-21,1.961542750281985e-21,1.961557239406387e-21,1.961571724669344e-21,1.961586206101853e-21,1.9616006837500612e-21,1.9616151576548447e-21,1.9616296278567326e-21,1.961644094395831e-21,1.9616585573117478e-21,1.961673016643636e-21,1.961687472427328e-21,1.9617019247092302e-21,1.9617163735200722e-21,1.9617308189017463e-21,1.961745260889224e-21,1.9617596995112213e-21,1.9617741348207415e-21,1.9617885668361774e-21,1.9618029955993544e-21,1.9618174211462484e-21,1.961831843506273e-21,1.9618462627225544e-21,1.9618606788227767e-21,1.9618750918427565e-21,1.961889501814482e-21,1.961903908777304e-21,1.9619183127500777e-21,1.961932713785212e-21,1.961947111883961e-21,1.961961507094377e-21,1.9619758994445087e-21,1.9619902889555077e-21,1.9620046756785305e-21,1.962019059631171e-21,1.9620334408219504e-21,1.9620478193239795e-21,1.962062195142977e-21,1.9620765683098688e-21,1.9620909388491778e-21,1.9621053067900367e-21,1.962119672162733e-21,1.962134034988999e-21,1.962148395299661e-21,1.962162753114927e-21,1.9621771084765695e-21,1.962191461393498e-21,1.9622058118957196e-21,1.9622201600096383e-21,1.9622345057593272e-21,1.9622488491758953e-21,1.9622631902766346e-21,1.962277529089305e-21,1.962291865635751e-21,1.9623061999392713e-21,1.962320532023883e-21,1.962334861912694e-21,1.962349189628391e-21,1.9623635151943867e-21,1.9623778386327197e-21,1.962392159950042e-21,1.9624064791979724e-21,1.9624207963836247e-21,1.962435111527946e-21,1.962449424652222e-21,1.9624637357780416e-21,1.962478044928558e-21,1.962492352119424e-21,1.9625066573706416e-21,1.9625209607033612e-21,1.9625352621354344e-21,1.962549561688734e-21,1.9625638593754335e-21,1.9625781552294144e-21,1.962592449279281e-21,1.962606741510341e-21,1.9626210319553483e-21,1.96263532064866e-21,1.9626496075843104e-21,1.962663892784605e-21,1.9626781762888817e-21,1.962692458080986e-21,1.9627067381947924e-21,1.962721016647568e-21,1.962735293457386e-21,1.9627495686385316e-21,1.9627638422078644e-21,1.9627781141831585e-21,1.962792384579647e-21,1.9628066534135458e-21,1.962820920700671e-21,1.962835186458367e-21,1.962849450696532e-21,1.962863713434795e-21,1.962877974688199e-21,1.9628922344762655e-21,1.9629064928018165e-21,1.962920749687695e-21,1.9629350051469527e-21,1.962949259193644e-21,1.9629635118407702e-21,1.9629777631025986e-21,1.962992012987445e-21,1.9630062615196565e-21,1.963020508711471e-21,1.9630347545697996e-21,1.9630489991104872e-21,1.9630632423498333e-21,1.963077484295861e-21,1.9630917249677476e-21,1.9631059643804933e-21,1.9631202025340222e-21,1.963134439444361e-21,1.9631486751285437e-21,1.963162909592621e-21,1.9631771428510894e-21,1.9631913749158115e-21,1.9632056058010663e-21,1.963219835512625e-21,1.9632340640697467e-21,1.963248291481852e-21,1.9632625177596964e-21,1.963276742909719e-21,1.963290966944647e-21,1.963305189876514e-21,1.963319411716044e-21,1.9633336324737693e-21,1.963347852161491e-21,1.9633620707867795e-21,1.9633762883613577e-21,1.963390504895491e-21,1.963404720398562e-21,1.9634189348807977e-21,1.963433148354065e-21,1.96344736082362e-21,1.9634615723037347e-21,1.963475782801579e-21,1.9634899923262736e-21,1.9635042008873605e-21,1.9635184084939836e-21,1.9635326151549536e-21,1.963546820872458e-21,1.9635610256690398e-21,1.9635752295686137e-21,1.963589432536024e-21,1.9636036346021375e-21,1.9636178357740834e-21,1.9636320360593222e-21,1.9636462354637572e-21,1.9636604340347284e-21,1.9636746317301308e-21,1.9636888285585247e-21,1.9637030245421477e-21,1.9637172196900624e-21,1.963731414008787e-21,1.963745607505238e-21,1.9637598001896697e-21,1.963773992067521e-21,1.963788183143234e-21,1.9638023734351046e-21,1.9638165629740248e-21,1.9638307516969367e-21,1.963844939651913e-21,1.9638591268418627e-21,1.9638733132795233e-21,1.96388749896828e-21,1.9639016839154237e-21,1.963915868126435e-21,1.9639300516076165e-21,1.9639442343674247e-21,1.9639584163997252e-21,1.96397259773545e-21,1.9639867783672327e-21,1.964000958317455e-21,1.964015137561954e-21,1.9640293161171453e-21,1.964043494005366e-21,1.9640576712147072e-21,1.9640718477481433e-21,1.9640860236303695e-21,1.9641001988560823e-21,1.964114373434838e-21,1.9641285473699945e-21,1.96414272066507e-21,1.9641568933356885e-21,1.964171065401809e-21,1.9641852368194433e-21,1.964199407621286e-21,1.9642135778126412e-21,1.9642277473981602e-21,1.9642419163705707e-21,1.9642560847623377e-21,1.964270252564902e-21,1.9642844197814593e-21,1.964298586421691e-21,1.964312752473024e-21,1.9643269179642584e-21,1.9643410828755894e-21,1.964355247240013e-21,1.9643694110499887e-21,1.9643835743106822e-21,1.9643977370170514e-21,1.964411899187979e-21,1.9644260608218155e-21,1.9644402219229988e-21,1.964454382495578e-21,1.9644685425558333e-21,1.9644827020994433e-21,1.9644968611127064e-21,1.9645110196140487e-21,1.9645251776081838e-21,1.9645393351000566e-21,1.9645534920921367e-21,1.9645676485898265e-21,1.964581804577565e-21,1.964595960098408e-21,1.9646101151390242e-21,1.9646242696972864e-21,1.9646384237792792e-21,1.964652577375681e-21,1.964666730520685e-21,1.9646808832041856e-21,1.9646950354206166e-21,1.9647091871754432e-21,1.964723338481622e-21,1.964737489329339e-21,1.964751639751236e-21,1.964765789713334e-21,1.9647799392396904e-21,1.9647940883220293e-21,1.964808237000111e-21,1.9648223852296447e-21,1.9648365330337604e-21,1.9648506804145327e-21,1.964864827363658e-21,1.9648789738877342e-21,1.964893120039083e-21,1.9649072657596744e-21,1.964921411072542e-21,1.9649355559788762e-21,1.964949700486507e-21,1.964963844617689e-21,1.964977988329151e-21,1.9649921316377816e-21,1.9650062745707853e-21,1.9650204171158326e-21,1.965034559277565e-21,1.9650487010492527e-21,1.9650628424478236e-21,1.96507698345493e-21,1.965091124097138e-21,1.9651052643791724e-21,1.9651194042936495e-21,1.9651335438246988e-21,1.965147683010569e-21,1.9651618218362647e-21,1.9651759603176682e-21,1.9651900984305707e-21,1.965204236183379e-21,1.9652183735930467e-21,1.9652325106483646e-21,1.9652466473640143e-21,1.965260783742966e-21,1.9652749197760863e-21,1.965289055470088e-21,1.9653031908288938e-21,1.9653173258523367e-21,1.9653314605446383e-21,1.965345594855292e-21,1.9653597288890785e-21,1.9653738625984716e-21,1.965387995985116e-21,1.9654021290436707e-21,1.9654162617915522e-21,1.965430394221445e-21,1.96544452633716e-21,1.965458658140444e-21,1.9654727896244897e-21,1.9654869208061828e-21,1.965501051685812e-21,1.965515182298108e-21,1.965529312556978e-21,1.96554344252311e-21,1.9655575721515312e-21,1.96557170152266e-21,1.9655858306041858e-21,1.9655999593812534e-21,1.9656140878667947e-21,1.965628216063509e-21,1.965642343961723e-21,1.9656564715827446e-21,1.9656705988961028e-21,1.9656847259510825e-21,1.9656988527357632e-21,1.965712979196906e-21,1.9657271054088314e-21,1.9657412313588114e-21,1.965755357047623e-21,1.9657694824324644e-21,1.9657836075368253e-21,1.9657977323802364e-21,1.9658118569583163e-21,1.9658259812630063e-21,1.9658401053033798e-21,1.9658542290725462e-21,1.965868352563642e-21,1.9658824758133496e-21,1.965896598764563e-21,1.9659107214990224e-21,1.965924843973715e-21,1.9659389661880152e-21,1.965953088148563e-21,1.9659672098559774e-21,1.9659813313109848e-21,1.965995452485943e-21,1.9660095734588413e-21,1.9660236941344437e-21,1.96603781460569e-21,1.9660519347939065e-21,1.9660660547675608e-21,1.9660801744946776e-21,1.9660942939642524e-21,1.966108413209601e-21,1.9661225322196334e-21,1.9661366510056017e-21,1.966150769527136e-21,1.9661648878219778e-21,1.966179005880947e-21,1.96619312371976e-21,1.9662072413120732e-21,1.9662213586708973e-21,1.9662354757943167e-21,1.9662495927040158e-21,1.9662637093772817e-21,1.966277825830066e-21,1.9662919420514452e-21,1.9663060580159675e-21,1.9663201737873194e-21,1.966334289341166e-21,1.9663484046665557e-21,1.966362519745308e-21,1.9663766346319724e-21,1.966390749299641e-21,1.9664048637234537e-21,1.966418977943931e-21,1.9664330919572187e-21,1.966447205755082e-21,1.9664613193384915e-21,1.9664754327084333e-21,1.9664895458657212e-21,1.9665036587887984e-21,1.9665177715224088e-21,1.966531884047016e-21,1.966545996362795e-21,1.9665601084879827e-21,1.9665742203877004e-21,1.9665883320820775e-21,1.966602443563704e-21,1.966616554765736e-21,1.966630665847355e-21,1.966644776722005e-21,1.966658887394165e-21,1.9666729978651545e-21,1.96668710813321e-21,1.9667012181979007e-21,1.96671532805467e-21,1.9667294377256603e-21,1.9667435471982467e-21,1.9667576564670263e-21,1.966771765475038e-21,1.9667858743595515e-21,1.9667999830470897e-21,1.966814091535927e-21,1.9668281998326843e-21,1.9668423079343892e-21,1.966856415847626e-21,1.9668705235809874e-21,1.966884631111672e-21,1.9668987384522066e-21,1.966912845602644e-21,1.9669269525638537e-21,1.96694105934155e-21,1.9669551659272882e-21,1.9669692723265128e-21,1.966983378537249e-21,1.966997484559302e-21,1.967011590398371e-21,1.9670256960486284e-21,1.967039801518461e-21,1.9670539068044908e-21,1.9670680119054524e-21,1.967082116825188e-21,1.9670962215633142e-21,1.967110326120033e-21,1.9671244304929478e-21,1.9671385346801037e-21,1.9671526387177353e-21,1.9671667425533135e-21,1.9671808462104983e-21,1.9671949496894037e-21,1.967209052990378e-21,1.967223156116968e-21,1.967237259054754e-21,1.9672513618253125e-21,1.967265464420195e-21,1.9672795668397155e-21,1.9672936690843917e-21,1.9673077711498248e-21,1.9673218730516407e-21,1.9673359748013957e-21,1.9673500763474664e-21,1.967364177745187e-21,1.9673782789505077e-21,1.9673923799841464e-21,1.967406480846574e-21,1.967420581538263e-21,1.9674346820571785e-21,1.9674487824081633e-21,1.967462882581647e-21,1.967476982590168e-21,1.9674910824330667e-21,1.967505182109056e-21,1.967519281609546e-21,1.9675333809544406e-21,1.9675474801281764e-21,1.9675615791349242e-21,1.9675756779604575e-21,1.9675897766176314e-21,1.9676038751265267e-21,1.967617973471823e-21,1.9676320716506557e-21,1.967646169661462e-21,1.967660267511876e-21,1.967674365199173e-21,1.9676884627293654e-21,1.967702560089667e-21,1.9677166572887765e-21,1.967730754325312e-21,1.9677448511968835e-21,1.967758947908208e-21,1.967773044458434e-21,1.9677871408445405e-21,1.967801237008369e-21,1.9678153330764468e-21,1.9678294289823093e-21,1.9678435247305346e-21,1.967857620317776e-21,1.967871715747429e-21,1.9678858110345345e-21,1.96789990614674e-21,1.967914001100271e-21,1.9679280959297483e-21,1.9679421905646566e-21,1.9679562850332793e-21,1.9679703793571214e-21,1.967984473522361e-21,1.9679985675328446e-21,1.9680126613870487e-21,1.9680267550928824e-21,1.9680408486329153e-21,1.96805494201453e-21,1.9680690352491334e-21,1.968083128328366e-21,1.968097221250797e-21,1.9681113140222872e-21,1.9681254066343503e-21,1.9681394990945553e-21,1.9681535913835256e-21,1.9681676835353674e-21,1.9681817755347185e-21,1.968195867384002e-21,1.9682099590826717e-21,1.968224050624373e-21,1.9682381420067553e-21,1.9682522332432504e-21,1.968266324341325e-21,1.9682804152731684e-21,1.968294506054782e-21,1.968308596685738e-21,1.9683226871544176e-21,1.9683367774831125e-21,1.968350867661241e-21,1.9683649577102415e-21,1.9683790475879084e-21,1.9683931373125695e-21,1.9684072268903134e-21,1.9684213163186646e-21,1.9684354055950547e-21,1.9684494947272956e-21,1.968463583700041e-21,1.9684776725251266e-21,1.9684917612013604e-21,1.9685058497382453e-21,1.96851993812848e-21,1.9685340264043866e-21,1.9685481144955876e-21,1.9685622024439098e-21,1.9685762902374865e-21,1.968590377886194e-21,1.9686044653851355e-21,1.9686185527396104e-21,1.968632639948362e-21,1.9686467270094138e-21,1.9686608139240578e-21,1.9686749006923886e-21,1.9686889873392817e-21,1.968703073835954e-21,1.968717160168398e-21,1.968731246353106e-21,1.968745332392337e-21,1.9687594182803124e-21,1.968773504055976e-21,1.9687875896494825e-21,1.9688016751080328e-21,1.9688157604265032e-21,1.9688298455791256e-21,1.968843930600569e-21,1.9688580154808176e-21,1.9688721002084564e-21,1.9688861848112114e-21,1.9689002692593744e-21,1.9689143535598002e-21,1.968928437718894e-21,1.968942521736015e-21,1.9689566056094242e-21,1.9689706893402747e-21,1.9689847729232133e-21,1.968998856368577e-21,1.969012939697787e-21,1.969027022856282e-21,1.9690411058734227e-21,1.9690551887388855e-21,1.9690692714988995e-21,1.969083354087501e-21,1.969097436535456e-21,1.9691115188308877e-21,1.969125600979304e-21,1.969139683000951e-21,1.969153764875525e-21,1.969167846610511e-21,1.969181928214414e-21,1.9691960096672334e-21,1.969210090985466e-21,1.9692241721840527e-21,1.9692382532149465e-21,1.9692523341053215e-21,1.9692664148541812e-21,1.969280495498367e-21,1.9692945759676514e-21,1.9693086562947445e-21,1.969322736491909e-21,1.9693368165378365e-21,1.9693508964450987e-21,1.969364976210209e-21,1.9693790558359212e-21,1.9693931353215395e-21,1.9694072146710114e-21,1.969421293877606e-21,1.969435372946257e-21,1.969449451872955e-21,1.9694635306572642e-21,1.9694776093051706e-21,1.9694916878153358e-21,1.9695057661829844e-21,1.96951984444361e-21,1.9695339225354305e-21,1.9695480004776397e-21,1.969562078292801e-21,1.9695761559620763e-21,1.969590233497278e-21,1.9696043108935306e-21,1.9696183881536074e-21,1.9696324653133526e-21,1.9696465422941014e-21,1.9696606191364835e-21,1.9696746958423326e-21,1.9696887724068624e-21,1.9697028488342934e-21,1.9697169251249936e-21,1.969731001276473e-21,1.9697450772909044e-21,1.9697591531684418e-21,1.9697732289322136e-21,1.969787304569883e-21,1.9698013800346897e-21,1.9698154553888365e-21,1.9698295306016426e-21,1.9698436056514018e-21,1.969857680563901e-21,1.9698717553385256e-21,1.969885830004249e-21,1.969899904500411e-21,1.969913978863005e-21,1.9699280530874432e-21,1.969942127176258e-21,1.969956201136368e-21,1.9699702749541598e-21,1.969984348629787e-21,1.969998422171271e-21,1.9700124955756152e-21,1.9700265688358523e-21,1.970040641967282e-21,1.97005471496218e-21,1.9700687878185516e-21,1.970082860540344e-21,1.970096933158836e-21,1.9701110056104477e-21,1.9701250779217858e-21,1.970139150127639e-21,1.970153222159583e-21,1.97016729409896e-21,1.9701813658654514e-21,1.970195437497447e-21,1.9702095090261985e-21,1.9702235804004822e-21,1.970237651624415e-21,1.970251722712338e-21,1.9702657936604398e-21,1.970279864453569e-21,1.970293935165255e-21,1.970308005736384e-21,1.9703220761762555e-21,1.9703361464892273e-21,1.9703502166277828e-21,1.970364286620531e-21,1.9703783565247618e-21,1.970392426252562e-21,1.9704064958475823e-21,1.9704205653406492e-21,1.9704346346971383e-21,1.9704487039142194e-21,1.9704627730005408e-21,1.970476841921214e-21,1.9704909107065503e-21,1.9705049793546015e-21,1.9705190478990535e-21,1.97053311627947e-21,1.9705471845511494e-21,1.9705612526621633e-21,1.970575320675045e-21,1.9705893885158683e-21,1.970603456226225e-21,1.9706175237974622e-21,1.9706315912341994e-21,1.9706456585344683e-21,1.9706597257015862e-21,1.9706737927720273e-21,1.9706878596976366e-21,1.970701926485892e-21,1.9707159931493105e-21,1.970730059674079e-21,1.9707441260675417e-21,1.9707581923172293e-21,1.970772258432467e-21,1.9707863243873746e-21,1.970800390235589e-21,1.970814455923901e-21,1.9708285214784766e-21,1.970842586878282e-21,1.9708566521635093e-21,1.9708707173126652e-21,1.970884782358448e-21,1.970898847238114e-21,1.970912912021828e-21,1.9709269766364476e-21,1.970941041117012e-21,1.970955105463363e-21,1.9709691696758226e-21,1.9709832337527423e-21,1.970997297723884e-21,1.971011361535022e-21,1.9710254252365828e-21,1.971039488779653e-21,1.9710535522176617e-21,1.9710676154886433e-21,1.9710816786292428e-21,1.9710957416637137e-21,1.971109804537839e-21,1.971123867311202e-21,1.9711379299210193e-21,1.9711519923923973e-21,1.9711660547601903e-21,1.971180116973402e-21,1.971194179076152e-21,1.9712082410092024e-21,1.971222302816781e-21,1.971236364480795e-21,1.9712504260452043e-21,1.9712644874521825e-21,1.9712785486969353e-21,1.971292609860919e-21,1.971306670865311e-21,1.97132073173397e-21,1.97133479247322e-21,1.9713488530731e-21,1.971362913571804e-21,1.9713769739053742e-21,1.9713910341540432e-21,1.9714050942247104e-21,1.971419154162521e-21,1.9714332139675976e-21,1.9714472736385606e-21,1.971461333172987e-21,1.9714753925483586e-21,1.971489451816345e-21,1.971503510991809e-21,1.9715175699979254e-21,1.97153162887093e-21,1.971545687610897e-21,1.97155974624528e-21,1.97157380474557e-21,1.9715878630991438e-21,1.9716019213071343e-21,1.9716159793788095e-21,1.97163003734689e-21,1.9716440951558925e-21,1.9716581528387135e-21,1.9716722104079885e-21,1.9716862678171465e-21,1.9717003250945186e-21,1.9717143822401352e-21,1.971728439260658e-21,1.9717424961351288e-21,1.971756552882505e-21,1.9717706094957592e-21,1.9717846659551147e-21,1.971798722302817e-21,1.971812778517595e-21,1.9718268345996326e-21,1.9718408905491362e-21,1.9718549463404995e-21,1.9718690020217515e-21,1.9718830575713474e-21,1.9718971129884942e-21,1.9719111682739e-21,1.9719252234372543e-21,1.97193927846492e-21,1.9719533333908443e-21,1.971967388142133e-21,1.971981442763024e-21,1.971995497283777e-21,1.9720095516394954e-21,1.9720236058567495e-21,1.972037659949116e-21,1.9720517139165872e-21,1.9720657677400003e-21,1.9720798214353816e-21,1.9720938749986617e-21,1.9721079284432135e-21,1.972121981768154e-21,1.9721360349340326e-21,1.9721500879972244e-21,1.9721641408992e-21,1.9721781936268992e-21,1.972192246269604e-21,1.9722062987704257e-21,1.9722203511693206e-21,1.9722344034015232e-21,1.9722484555116283e-21,1.9722625074856e-21,1.9722765593426922e-21,1.972290611053522e-21,1.972304662630297e-21,1.9723187140808148e-21,1.972332765423729e-21,1.972346816601469e-21,1.9723608676492765e-21,1.9723749185605556e-21,1.97238896934374e-21,1.972403020029368e-21,1.9724170705788254e-21,1.9724311209967922e-21,1.972445171252545e-21,1.9724592213747123e-21,1.9724732713922316e-21,1.972487321250037e-21,1.9725013710034567e-21,1.9725154205975066e-21,1.972529470076814e-21,1.9725435194409427e-21,1.9725575686378692e-21,1.9725716177320248e-21,1.9725856666648912e-21,1.9725997154639338e-21,1.9726137641448216e-21,1.9726278127096177e-21,1.9726418611415964e-21,1.9726559094434985e-21,1.972669957611552e-21,1.9726840056456127e-21,1.9726980535576946e-21,1.972712101297318e-21,1.9727261489482186e-21,1.9727401964551235e-21,1.9727542438029966e-21,1.972768291022172e-21,1.9727823381358247e-21,1.97279638508768e-21,1.9728104319343212e-21,1.972824478669863e-21,1.972838525225173e-21,1.9728525716808776e-21,1.9728666179696386e-21,1.972880664170268e-21,1.9728947101981475e-21,1.9729087560942012e-21,1.972922801858306e-21,1.9729368474908637e-21,1.972950892988865e-21,1.9729649383824266e-21,1.9729789836472177e-21,1.9729930287517823e-21,1.9730070737201784e-21,1.973021118587967e-21,1.9730351633255534e-21,1.9730492079069516e-21,1.973063252376476e-21,1.9730772966896336e-21,1.9730913408723293e-21,1.9731053849542232e-21,1.9731194288749762e-21,1.97313347269766e-21,1.973147516354591e-21,1.9731615598765614e-21,1.9731756032588906e-21,1.9731896465438058e-21,1.9732036896668973e-21,1.9732177326404892e-21,1.9732317755014173e-21,1.9732458182611457e-21,1.9732598608879096e-21,1.973273903383466e-21,1.9732879457477714e-21,1.9733019879487198e-21,1.973316030012516e-21,1.9733300719812743e-21,1.9733441138130873e-21,1.9733581555175204e-21,1.973372197062779e-21,1.97338623850593e-21,1.9734002797882742e-21,1.9734143209694784e-21,1.9734283620261024e-21,1.973442402938986e-21,1.973456443706772e-21,1.9734704843299634e-21,1.973484524824706e-21,1.973498565214241e-21,1.9735126054701253e-21,1.9735266455666796e-21,1.9735406855324858e-21,1.9735547253576325e-21,1.973568765090994e-21,1.9735828046594757e-21,1.9735968441230035e-21,1.973610883433618e-21,1.973624922608285e-21,1.9736389616424694e-21,1.973653000546392e-21,1.9736670393340056e-21,1.9736810779839217e-21,1.9736951165002667e-21,1.9737091548848637e-21,1.97372319313815e-21,1.9737372312900307e-21,1.9737512693163826e-21,1.9737653071746114e-21,1.973779344902974e-21,1.973793382489728e-21,1.9738074199661607e-21,1.9738214573354496e-21,1.9738354945643e-21,1.973849531634469e-21,1.9738635685957353e-21,1.973877605427594e-21,1.9738916421303067e-21,1.973905678655509e-21,1.9739197150661137e-21,1.9739337513702975e-21,1.9739477875159013e-21,1.9739618235297565e-21,1.973975859445966e-21,1.973989895199481e-21,1.9740039308178733e-21,1.9740179663329213e-21,1.9740320017239548e-21,1.974046036950527e-21,1.974060072045555e-21,1.9740741070048272e-21,1.9740881418367643e-21,1.9741021765621622e-21,1.9741162111565893e-21,1.9741302456304363e-21,1.9741442799361676e-21,1.974158314130538e-21,1.9741723482028527e-21,1.9741863821415248e-21,1.9742004159213223e-21,1.9742144495695806e-21,1.9742284830890447e-21,1.97424251647431e-21,1.9742565497533117e-21,1.9742705829080305e-21,1.9742846159434602e-21,1.9742986488282803e-21,1.974312681534382e-21,1.9743267141306572e-21,1.9743407465863165e-21,1.9743547789471027e-21,1.9743688111438046e-21,1.974382843214234e-21,1.9743968751556587e-21,1.974410906992123e-21,1.974424938662441e-21,1.9744389702332725e-21,1.9744530016380418e-21,1.974467032924089e-21,1.9744810640759962e-21,1.9744950950916964e-21,1.9745091260141793e-21,1.974523156769777e-21,1.974537187385174e-21,1.9745512178786356e-21,1.974565248242295e-21,1.9745792784682167e-21,1.974593308593681e-21,1.974607338562343e-21,1.9746213683937377e-21,1.974635398098148e-21,1.974649427699581e-21,1.9746634571385523e-21,1.974677486447161e-21,1.974691515626233e-21,1.9747055446660453e-21,1.9747195735919576e-21,1.974733602376548e-21,1.9747476310296694e-21,1.9747616595514645e-21,1.9747756879684645e-21,1.974789716227348e-21,1.974803744353285e-21,1.974817772343212e-21,1.974831800207996e-21,1.9748458279371882e-21,1.9748598555699876e-21,1.9748738830276277e-21,1.974887910360732e-21,1.9749019375700936e-21,1.9749159646781793e-21,1.9749299916237937e-21,1.974944018437563e-21,1.9749580451192646e-21,1.97497207167034e-21,1.974986098078193e-21,1.9750001243952277e-21,1.9750141505479728e-21,1.975028176563468e-21,1.975042202459434e-21,1.9750562282537726e-21,1.9750702538903185e-21,1.9750842794175397e-21,1.9750983047850256e-21,1.9751123300525415e-21,1.975126355164595e-21,1.975140380140314e-21,1.9751544049894322e-21,1.975168429695416e-21,1.9751824543053153e-21,1.975196478749651e-21,1.975210503063469e-21,1.9752245272501422e-21,1.9752385513047247e-21,1.975252575239259e-21,1.9752665990309543e-21,1.975280622717718e-21,1.9752946462506584e-21,1.975308669642645e-21,1.9753226929356467e-21,1.975336716067806e-21,1.9753507390995048e-21,1.9753647620078596e-21,1.975378784747039e-21,1.9753928073866002e-21,1.9754068298923333e-21,1.975420852241074e-21,1.9754348744565934e-21,1.975448896530672e-21,1.9754629184855434e-21,1.9754769403047536e-21,1.9754909620234227e-21,1.9755049836144914e-21,1.975519005039775e-21,1.975533026333941e-21,1.975547047529377e-21,1.9755610685989143e-21,1.9755750895025588e-21,1.9755891103085997e-21,1.97560313098062e-21,1.9756171514900168e-21,1.9756311718998284e-21,1.975645192148095e-21,1.9756592122922627e-21,1.975673232278025e-21,1.975687252159833e-21,1.9757012719090443e-21,1.9757152914999234e-21,1.9757293109961596e-21,1.9757433303234083e-21,1.9757573495197817e-21,1.9757713686124247e-21,1.975785387579763e-21,1.9757994063843778e-21,1.9758134250569837e-21,1.975827443598889e-21,1.9758414620426887e-21,1.9758554803498362e-21,1.9758694984952688e-21,1.9758835165166245e-21,1.9758975344024448e-21,1.975911552190269e-21,1.9759255698138856e-21,1.9759395873044832e-21,1.9759536046656038e-21,1.975967621892593e-21,1.975981639017978e-21,1.9759956559806917e-21,1.976009672812336e-21,1.9760236895126886e-21,1.9760377060860354e-21,1.9760517225647652e-21,1.9760657388758176e-21,1.976079755056772e-21,1.97609377110551e-21,1.9761077870246617e-21,1.9761218028109754e-21,1.9761358184913677e-21,1.9761498340387212e-21,1.9761638494626523e-21,1.9761778647198012e-21,1.976191879850602e-21,1.976205894848906e-21,1.9762199097180684e-21,1.9762339244463536e-21,1.976247939079139e-21,1.976261953587914e-21,1.9762759679578417e-21,1.97628998219991e-21,1.9763039963069143e-21,1.9763180102897096e-21,1.976332024103882e-21,1.9763460377911068e-21,1.9763600513593773e-21,1.9763740647827923e-21,1.9763880780765377e-21,1.976402091236259e-21,1.9764161042979324e-21,1.9764301172233986e-21,1.9764441300186953e-21,1.9764581426635083e-21,1.9764721551657394e-21,1.97648616755343e-21,1.976500179840969e-21,1.9765141919825776e-21,1.9765282039462633e-21,1.9765422157982233e-21,1.976556227517924e-21,1.9765702391350207e-21,1.9765842506218567e-21,1.9765982619495797e-21,1.976612273138455e-21,1.9766262842303443e-21,1.9766402951587885e-21,1.9766543059866503e-21,1.9766683166569123e-21,1.9766823271921354e-21,1.97669633762439e-21,1.9767103479025306e-21,1.9767243579749042e-21,1.976738367989638e-21,1.976752377909485e-21,1.97676638765768e-21,1.976780397290506e-21,1.9767944067882325e-21,1.9768084161500655e-21,1.9768224253737217e-21,1.976836434498976e-21,1.9768504434617277e-21,1.976864452294315e-21,1.9768784609934263e-21,1.976892469561502e-21,1.9769064780368692e-21,1.9769204863585556e-21,1.9769344945628363e-21,1.976948502643497e-21,1.976962510551844e-21,1.9769765183329943e-21,1.976990525983152e-21,1.977004533499124e-21,1.977018540891271e-21,1.9770325481814087e-21,1.9770465553128858e-21,1.977060562308428e-21,1.977074569208535e-21,1.9770885759408045e-21,1.9771025825461604e-21,1.977116589016298e-21,1.9771305953895564e-21,1.97714460160146e-21,1.977158607672272e-21,1.9771726136519994e-21,1.9771866194677335e-21,1.9772006251558867e-21,1.9772146307393134e-21,1.977228636160645e-21,1.977242641457179e-21,1.9772566466073586e-21,1.977270651639777e-21,1.977284656536638e-21,1.977298661310502e-21,1.97731266594955e-21,1.9773266704892503e-21,1.977340674867416e-21,1.9773546791091102e-21,1.9773686832195856e-21,1.977382687229536e-21,1.97739669111568e-21,1.9774106948372886e-21,1.9774246984607087e-21,1.9774387019534026e-21,1.977452705283227e-21,1.977466708478005e-21,1.9774807115729856e-21,1.9774947145353473e-21,1.977508717326869e-21,1.9775227200483394e-21,1.9775367225904865e-21,1.9775507249992264e-21,1.9775647273059868e-21,1.9775787294558012e-21,1.9775927314805253e-21,1.9776067333671693e-21,1.977620735122816e-21,1.9776347367479565e-21,1.9776487382393275e-21,1.9776627395998473e-21,1.977676740826101e-21,1.977690741918556e-21,1.977704742914311e-21,1.9777187437520368e-21,1.9777327444855803e-21,1.9777467450871896e-21,1.9777607455327095e-21,1.9777747458472846e-21,1.977788746029779e-21,1.9778027460762995e-21,1.977816746024687e-21,1.9778307458140767e-21,1.9778447455078617e-21,1.9778587450357354e-21,1.9778727444292296e-21,1.977886743695021e-21,1.9779007428254972e-21,1.9779147418641185e-21,1.9779287407373923e-21,1.9779427394761764e-21,1.9779567381172918e-21,1.9779707366267623e-21,1.9779847349726646e-21,1.977998733188736e-21,1.9780127313019106e-21,1.9780267292941516e-21,1.9780407271157838e-21,1.978054724809305e-21,1.97806872239906e-21,1.9780827198568177e-21,1.9780967171916508e-21,1.978110714394773e-21,1.9781247114666596e-21,1.9781387084008545e-21,1.9781527051757603e-21,1.9781667018197236e-21,1.9781806983357754e-21,1.9781946947286896e-21,1.9782086909767644e-21,1.9782226870981845e-21,1.978236683081658e-21,1.9782506789662823e-21,1.9782646747220364e-21,1.9782786703229852e-21,1.9782926657866156e-21,1.978306661115892e-21,1.978320656312044e-21,1.9783346513811855e-21,1.978348646293239e-21,1.9783626411341756e-21,1.978376635814691e-21,1.97839063039281e-21,1.978404624840141e-21,1.9784186191291636e-21,1.9784326133199917e-21,1.978446607345595e-21,1.9784606012399824e-21,1.978474595028988e-21,1.978488588690892e-21,1.978502582189743e-21,1.9785165755631215e-21,1.9785305688300614e-21,1.9785445619355297e-21,1.9785585549438962e-21,1.978572547815771e-21,1.9785865405637913e-21,1.9786005331730942e-21,1.9786145256284183e-21,1.9786285179433037e-21,1.9786425101692634e-21,1.9786565022334736e-21,1.9786704941555385e-21,1.9786844859821367e-21,1.9786984776514383e-21,1.9787124692159487e-21,1.978726460620458e-21,1.9787404518937127e-21,1.9787544430687357e-21,1.9787684340966226e-21,1.978782424967124e-21,1.9787964157180938e-21,1.978810406334144e-21,1.9788243968491032e-21,1.9788383872031997e-21,1.978852377457777e-21,1.9788663675544344e-21,1.9788803575468104e-21,1.9788943473815833e-21,1.9789083371142495e-21,1.978922326684503e-21,1.9789363161526544e-21,1.978950305466254e-21,1.9789642946724572e-21,1.978978283725058e-21,1.9789922726717782e-21,1.979006261458996e-21,1.979020250107448e-21,1.9790342386288314e-21,1.9790482270232757e-21,1.979062215282091e-21,1.979076203443423e-21,1.9790901914450776e-21,1.97910417934607e-21,1.9791181670908637e-21,1.979132154729444e-21,1.9791461422073873e-21,1.9791601295544218e-21,1.979174116766238e-21,1.9791881038693278e-21,1.9792020908656843e-21,1.9792160776760227e-21,1.9792300643752116e-21,1.9792440509621962e-21,1.979258037420085e-21,1.979272023754692e-21,1.979286009923887e-21,1.9792999959573813e-21,1.9793139818656633e-21,1.979327967668825e-21,1.9793419533142116e-21,1.979355938824081e-21,1.9793699242341e-21,1.979383909482698e-21,1.9793978946343774e-21,1.9794118796250268e-21,1.9794258644835017e-21,1.979439849243512e-21,1.9794538338453406e-21,1.9794678183085982e-21,1.9794818026748683e-21,1.9794957868815653e-21,1.9795097709515717e-21,1.9795237549239398e-21,1.97953773872702e-21,1.979551722435776e-21,1.9795657060141635e-21,1.9795796894629574e-21,1.9795936727515813e-21,1.9796076559094183e-21,1.979621638953568e-21,1.9796356218503072e-21,1.97964960460788e-21,1.979663587276594e-21,1.979677569779173e-21,1.979691552181327e-21,1.979705534414597e-21,1.979719516519761e-21,1.9797334984988567e-21,1.9797474803882943e-21,1.9797614621051946e-21,1.9797754437220835e-21,1.979789425216939e-21,1.9798034065679834e-21,1.9798173877682436e-21,1.9798313688337026e-21,1.9798453497645338e-21,1.9798593305617517e-21,1.979873311257598e-21,1.97988729182433e-21,1.9799012722299e-21,1.9799152525401078e-21,1.9799292327193542e-21,1.979943212739629e-21,1.9799571926252168e-21,1.9799711723807105e-21,1.9799851520339667e-21,1.9799991314876334e-21,1.980013110850599e-21,1.980027090083015e-21,1.980041069211395e-21,1.980055048181867e-21,1.9800690270228347e-21,1.9800830057309543e-21,1.980096984339319e-21,1.9801109627861607e-21,1.9801249411295487e-21,1.980138919344207e-21,1.9801528973972137e-21,1.980166875349823e-21,1.9801808531438033e-21,1.980194830837922e-21,1.9802088083679837e-21,1.980222785800874e-21,1.9802367630983244e-21,1.9802507402635526e-21,1.9802647172661653e-21,1.9802786941432563e-21,1.9802926708850974e-21,1.980306647527858e-21,1.9803206240016423e-21,1.9803346003554886e-21,1.9803485766150595e-21,1.980362552708512e-21,1.9803765286078375e-21,1.9803905044686646e-21,1.9804044801970426e-21,1.9804184557919273e-21,1.9804324312206565e-21,1.980446406523703e-21,1.9804603817368165e-21,1.9804743567778715e-21,1.9804883316903292e-21,1.9805023064754695e-21,1.9805162811278537e-21,1.9805302556527813e-21,1.980544230044105e-21,1.9805582043334454e-21,1.9805721784619304e-21,1.9805861524813706e-21,1.980600126380351e-21,1.9806141001135396e-21,1.9806280737179622e-21,1.9806420471937906e-21,1.980656020544595e-21,1.9806699937546152e-21,1.9806839668390465e-21,1.9806979397924934e-21,1.980711912607168e-21,1.9807258853306146e-21,1.980739857918329e-21,1.9807538303768688e-21,1.9807678026756835e-21,1.980781774868591e-21,1.9807957469337828e-21,1.9808097188648807e-21,1.980823690666078e-21,1.9808376623369305e-21,1.9808516338548773e-21,1.980865605233884e-21,1.9808795764863583e-21,1.980893547636201e-21,1.980907518604401e-21,1.980921489474357e-21,1.980935460228557e-21,1.9809494308277613e-21,1.9809634013226455e-21,1.98097737168609e-21,1.9809913418843996e-21,1.9810053119574434e-21,1.9810192818977707e-21,1.9810332517074135e-21,1.98104722139116e-21,1.981061190967953e-21,1.9810751603896814e-21,1.9810891296991346e-21,1.9811030988606836e-21,1.981117067890629e-21,1.9811310368146676e-21,1.9811450055840186e-21,1.9811589742192286e-21,1.9811729427271522e-21,1.9811869110854883e-21,1.981200879328581e-21,1.9812148474706125e-21,1.9812288154526418e-21,1.9812427833334526e-21,1.9812567510813697e-21,1.9812707186983345e-21,1.981284686190674e-21,1.9812986535178984e-21,1.981312620748824e-21,1.981326587816741e-21,1.981340554780915e-21,1.9813545215833062e-21,1.9813684882894382e-21,1.9813824548599185e-21,1.9813964212743473e-21,1.9814103875587096e-21,1.981424353703916e-21,1.981438319708334e-21,1.9814522855954415e-21,1.981466251356207e-21,1.981480217009954e-21,1.9814941825348418e-21,1.981508147931353e-21,1.981522113197607e-21,1.9815360783047267e-21,1.9815500432982808e-21,1.9815640081706393e-21,1.9815779728813336e-21,1.98159193746537e-21,1.981605901942963e-21,1.981619866298183e-21,1.9816338305152395e-21,1.981647794577576e-21,1.981661758554331e-21,1.981675722384953e-21,1.9816896860375024e-21,1.9817036495736225e-21,1.9817176129817623e-21,1.9817315762635506e-21,1.9817455394055284e-21,1.9817595024171666e-21,1.981773465302226e-21,1.98178742808093e-21,1.9818013907296586e-21,1.9818153532508854e-21,1.9818293156128973e-21,1.9818432778443383e-21,1.9818572399725728e-21,1.9818712019382046e-21,1.9818851638083035e-21,1.9818991255434282e-21,1.981913087119367e-21,1.981927048592561e-21,1.9819410098994206e-21,1.981954971118911e-21,1.9819689321832453e-21,1.9819828931034583e-21,1.9819968539232983e-21,1.9820108145821596e-21,1.9820247751103033e-21,1.9820387355118907e-21,1.9820526958094912e-21,1.982066655978545e-21,1.982080615983952e-21,1.982094575895032e-21,1.982108535641716e-21,1.9821224952901305e-21,1.9821364548052824e-21,1.9821504141558233e-21,1.9821643734093836e-21,1.9821783325058007e-21,1.9821922914957846e-21,1.9822062503538637e-21,1.9822202090649662e-21,1.9822341676647135e-21,1.982248126134588e-21,1.982262084471891e-21,1.982276042647979e-21,1.9822900007305222e-21,1.9823039586906832e-21,1.982317916503787e-21,1.9823318741593546e-21,1.982345831716501e-21,1.982359789138264e-21,1.98237374641004e-21,1.9823877035698627e-21,1.9824016605742275e-21,1.9824156174459055e-21,1.982429574186654e-21,1.9824435308006017e-21,1.9824574873048142e-21,1.982471443657105e-21,1.9824853999021438e-21,1.982499356029047e-21,1.9825133119839432e-21,1.9825272678597278e-21,1.982541223555002e-21,1.98255517911781e-21,1.9825691345522696e-21,1.9825830898489413e-21,1.9825970450501327e-21,1.9826110000948525e-21,1.98262495500884e-21,1.9826389097913953e-21,1.982652864445589e-21,1.9826668189916308e-21,1.982680773413566e-21,1.9826947276759966e-21,1.9827086818339622e-21,1.9827226358210215e-21,1.9827365897216482e-21,1.9827505434628118e-21,1.9827644970750113e-21,1.9827784505587687e-21,1.9827924039093288e-21,1.982806357154303e-21,1.9828203102311717e-21,1.98283426321208e-21,1.9828482160349286e-21,1.9828621687282572e-21,1.98287612129092e-21,1.982890073762731e-21,1.9829040260913687e-21,1.9829179782500723e-21,1.9829319302901078e-21,1.9829458822263353e-21,1.9829598340340585e-21,1.9829737857070464e-21,1.9829877372234636e-21,1.983001688608797e-21,1.9830156398971796e-21,1.983029591024697e-21,1.9830435420146678e-21,1.9830574928752074e-21,1.9830714436009477e-21,1.9830853942136772e-21,1.9830993446852275e-21,1.9831132950276325e-21,1.9831272452730594e-21,1.983141195341164e-21,1.9831551453233672e-21,1.983169095138962e-21,1.9831830448283518e-21,1.983196994382923e-21,1.9832109438386123e-21,1.983224893132159e-21,1.9832388423253833e-21,1.9832527913619638e-21,1.9832667402677066e-21,1.983280689045735e-21,1.9832946376861737e-21,1.983308586195852e-21,1.9833225346073396e-21,1.9833364828559563e-21,1.9833504309799123e-21,1.9833643790011734e-21,1.983378326860566e-21,1.983392274592144e-21,1.9834062222223596e-21,1.9834201697193438e-21,1.9834341170981563e-21,1.9834480643256653e-21,1.9834620114010894e-21,1.9834759583441426e-21,1.983489905185735e-21,1.9835038518719348e-21,1.9835177984413004e-21,1.9835317448580595e-21,1.9835456911785077e-21,1.9835596373424264e-21,1.9835735833761206e-21,1.9835875292806537e-21,1.9836014750528657e-21,1.9836154206958677e-21,1.9836293662079095e-21,1.9836433116134395e-21,1.983657256866526e-21,1.9836712020142553e-21,1.983685147039635e-21,1.9836990919227323e-21,1.9837130366422196e-21,1.98372698123685e-21,1.983740925699133e-21,1.9837548700326334e-21,1.983768814264072e-21,1.9837827583371895e-21,1.9837967022773933e-21,1.9838106461206007e-21,1.983824589801922e-21,1.9838385333503453e-21,1.983852476771119e-21,1.9838664200683294e-21,1.9838803632558196e-21,1.9838943062915135e-21,1.9839082491903843e-21,1.983922191969481e-21,1.9839361346082096e-21,1.983950077113872e-21,1.983964019488759e-21,1.983977961736277e-21,1.9839919038767937e-21,1.9840058458590987e-21,1.984019787725089e-21,1.9840337294543792e-21,1.9840476710748147e-21,1.9840616125659918e-21,1.9840755539254183e-21,1.9840894951572613e-21,1.984103436225961e-21,1.984117377166985e-21,1.9841313180064567e-21,1.984145258687806e-21,1.984159199264217e-21,1.9841731397102876e-21,1.98418707998854e-21,1.9842010201488952e-21,1.9842149601804254e-21,1.9842289000770366e-21,1.9842428398446587e-21,1.9842567795161246e-21,1.984270719020736e-21,1.984284658401445e-21,1.984298597672445e-21,1.9843125367813353e-21,1.9843264757644163e-21,1.9843404146484232e-21,1.984354353316607e-21,1.9843682919367406e-21,1.9843822304234744e-21,1.984396168752291e-21,1.984410106946931e-21,1.984424045052043e-21,1.9844379830307818e-21,1.9844519208274512e-21,1.9844658585495363e-21,1.984479796098908e-21,1.9844937334963656e-21,1.9845076707803355e-21,1.9845216079398463e-21,1.984535544969055e-21,1.9845494818703763e-21,1.9845634186412168e-21,1.9845773553021137e-21,1.9845912917969643e-21,1.98460522819955e-21,1.9846191644440835e-21,1.9846331005555676e-21,1.9846470365376434e-21,1.9846609724251956e-21,1.9846749081443497e-21,1.984688843768574e-21,1.98470277925894e-21,1.984716714587317e-21,1.9847306498165703e-21,1.984744584888238e-21,1.9847585198234093e-21,1.9847724546313152e-21,1.9847863893309824e-21,1.9848003238752214e-21,1.9848142583174825e-21,1.9848281926050236e-21,1.984842126789249e-21,1.984856060844313e-21,1.984869994776683e-21,1.9848839285685163e-21,1.9848978622331643e-21,1.9849117957717146e-21,1.984925729141867e-21,1.9849396624160243e-21,1.9849535955533843e-21,1.9849675285681186e-21,1.9849814614208242e-21,1.9849953941611218e-21,1.9850093267525814e-21,1.985023259240125e-21,1.98503719157218e-21,1.9850511237987546e-21,1.9850650558682628e-21,1.985078987836248e-21,1.9850929196411403e-21,1.9851068513491593e-21,1.985120782924236e-21,1.9851347143414477e-21,1.9851486456208988e-21,1.9851625768068915e-21,1.9851765078585216e-21,1.9851904387804897e-21,1.9852043695417543e-21,1.9852183001784255e-21,1.985232230718257e-21,1.985246161129839e-21,1.9852600914002363e-21,1.985274021509273e-21,1.985287951492365e-21,1.985301881336583e-21,1.9853158110971588e-21,1.98532974068749e-21,1.985343670150435e-21,1.98535759950729e-21,1.985371528740283e-21,1.9853854578396932e-21,1.9853993868042228e-21,1.9854133156179043e-21,1.9854272442968553e-21,1.985441172840956e-21,1.9854551012554654e-21,1.985469029538719e-21,1.9854829576931826e-21,1.985496885720259e-21,1.985510813608431e-21,1.985524741374723e-21,1.985538669044481e-21,1.9855525965741112e-21,1.9855665239818345e-21,1.9855804512135214e-21,1.985594378319438e-21,1.9856083053396667e-21,1.9856222321872405e-21,1.9856361589152737e-21,1.9856500855067646e-21,1.98566401196706e-21,1.9856779382945616e-21,1.9856918644967765e-21,1.9857057905965677e-21,1.9857197165611273e-21,1.98573364240536e-21,1.9857475680851574e-21,1.985761493631589e-21,1.985775419047195e-21,1.985789344362929e-21,1.9858032695170026e-21,1.9858171945405153e-21,1.9858311194658856e-21,1.9858450442286627e-21,1.9858589688612978e-21,1.9858728933932702e-21,1.98588681777502e-21,1.9859007420512874e-21,1.985914666195098e-21,1.9859285901756073e-21,1.98594251403043e-21,1.985956437783388e-21,1.985970361376622e-21,1.985984284842546e-21,1.9859982081986518e-21,1.9860121313505296e-21,1.9860260544229055e-21,1.9860399773807816e-21,1.9860539001908587e-21,1.986067822904736e-21,1.986081745456321e-21,1.98609566787709e-21,1.9861095901691192e-21,1.9861235123538405e-21,1.9861374343864065e-21,1.9861513562856858e-21,1.9861652780748007e-21,1.9861791997050908e-21,1.98619312123765e-21,1.986207042616617e-21,1.9862209638893053e-21,1.9862348850064027e-21,1.9862488060195153e-21,1.9862627269016117e-21,1.9862766476133377e-21,1.9862905682062203e-21,1.9863044886674924e-21,1.986318409031559e-21,1.986332329236594e-21,1.9863462493126112e-21,1.986360169257495e-21,1.9863740891103068e-21,1.9863880088230925e-21,1.9864019283761275e-21,1.986415847826742e-21,1.986429767145624e-21,1.986443686302524e-21,1.9864576053291233e-21,1.9864715242596354e-21,1.98648544306057e-21,1.9864993617245393e-21,1.9865132802697213e-21,1.9865271986498214e-21,1.9865411168953708e-21,1.9865550350497432e-21,1.9865689530302828e-21,1.986582870884653e-21,1.9865967886089964e-21,1.986610706234034e-21,1.9866246237260533e-21,1.9866385410685082e-21,1.9866524582714984e-21,1.986666375348769e-21,1.986680292295454e-21,1.9866942091103612e-21,1.986708125832184e-21,1.9867220423862272e-21,1.9867359588164225e-21,1.9867498751476822e-21,1.986763791327878e-21,1.9867777073602122e-21,1.9867916232657485e-21,1.9868055390636155e-21,1.9868194547063552e-21,1.986833370245488e-21,1.9868472856241152e-21,1.9868612008770246e-21,1.98687511602325e-21,1.986889031012567e-21,1.986902945870016e-21,1.986916860601645e-21,1.986930775202739e-21,1.98694468969798e-21,1.9869586040375355e-21,1.9869725182400516e-21,1.9869864323440944e-21,1.9870003463194453e-21,1.98701426013761e-21,1.987028173822592e-21,1.9870420874120862e-21,1.9870560008415653e-21,1.9870699141348567e-21,1.9870838273005918e-21,1.987097740334221e-21,1.9871116532375483e-21,1.9871255660414714e-21,1.9871394787133777e-21,1.9871533912173263e-21,1.987167303629174e-21,1.9871812158900892e-21,1.9871951280150897e-21,1.9872090400131383e-21,1.9872229518768138e-21,1.9872368636131063e-21,1.9872507752406583e-21,1.987264686711223e-21,1.9872785980525414e-21,1.9872925092641583e-21,1.9873064203455903e-21,1.9873203313274915e-21,1.987334242149383e-21,1.9873481528602525e-21,1.9873620634482514e-21,1.9873759738792878e-21,1.9873898842098263e-21,1.9874037943835728e-21,1.9874177044255852e-21,1.987431614363413e-21,1.9874455241421837e-21,1.987459433822485e-21,1.9874733433392167e-21,1.9874872527242433e-21,1.9875011619699353e-21,1.98751507110021e-21,1.9875289801390223e-21,1.987542888995813e-21,1.987556797726603e-21,1.987570706360323e-21,1.9875846148670077e-21,1.987598523240828e-21,1.987612431496504e-21,1.9876263395893513e-21,1.9876402475712397e-21,1.9876541554298943e-21,1.98766806315028e-21,1.9876819707133642e-21,1.987695878152324e-21,1.987709785460891e-21,1.987723692665359e-21,1.9877375997075353e-21,1.9877515066194617e-21,1.9877654134282275e-21,1.9877793200754077e-21,1.987793226631247e-21,1.9878071330559613e-21,1.9878210393212646e-21,1.9878349454563288e-21,1.987848851490247e-21,1.987862757364123e-21,1.9878766631366548e-21,1.9878905687451103e-21,1.9879044742618934e-21,1.9879183796038687e-21,1.9879322848258514e-21,1.987946189949372e-21,1.987960094937921e-21,1.9879739997722175e-21,1.9879879044755604e-21,1.9880018090440443e-21,1.9880157135152743e-21,1.988029617860244e-21,1.9880435220711663e-21,1.988057426118723e-21,1.9880713300402124e-21,1.988085233832653e-21,1.9880991375187425e-21,1.9881130410456507e-21,1.988126944446414e-21,1.988140847721593e-21,1.9881547508567816e-21,1.98816865390435e-21,1.988182556815519e-21,1.98819645959328e-21,1.988210362212113e-21,1.9882242647016415e-21,1.988238167073441e-21,1.9882520693177267e-21,1.9882659713254677e-21,1.988279873291458e-21,1.9882937751316832e-21,1.9883076768727744e-21,1.9883215784506584e-21,1.9883354798941057e-21,1.988349381249461e-21,1.9883632824621066e-21,1.98837718352929e-21,1.9883910844567307e-21,1.988404985249504e-21,1.988418885916577e-21,1.988432786440795e-21,1.988446686839686e-21,1.988460587142565e-21,1.9884744872943026e-21,1.9884883873357955e-21,1.9885022872098093e-21,1.988516186994142e-21,1.9885300866486127e-21,1.9885439861844177e-21,1.9885578855751536e-21,1.988571784798926e-21,1.9885856839012693e-21,1.988599582901443e-21,1.9886134817445646e-21,1.9886273804348e-21,1.9886412790459393e-21,1.9886551775058465e-21,1.9886690758723356e-21,1.9886829740960885e-21,1.988696872159492e-21,1.9887107700891722e-21,1.988724667892486e-21,1.988738565599381e-21,1.9887524631469048e-21,1.9887663605558147e-21,1.9887802578516045e-21,1.9887941550046472e-21,1.9888080520338567e-21,1.988821948926597e-21,1.9888358456893613e-21,1.9888497423474505e-21,1.9888636388381497e-21,1.988877535208527e-21,1.9888914314747118e-21,1.9889053275866844e-21,1.988919223613022e-21,1.9889331194644e-21,1.9889470151845135e-21,1.9889609107759745e-21,1.988974806238648e-21,1.988988701601347e-21,1.9890025968024024e-21,1.989016491871948e-21,1.98903038682317e-21,1.989044281630677e-21,1.989058176312411e-21,1.989072070867912e-21,1.9890859652869705e-21,1.9890998595721176e-21,1.9891137537242082e-21,1.9891276477812823e-21,1.989141541684329e-21,1.989155435483506e-21,1.989169329119057e-21,1.9891832226247187e-21,1.9891971160042425e-21,1.9892110092592093e-21,1.9892249024072065e-21,1.9892387953946534e-21,1.989252688245452e-21,1.989266580968327e-21,1.989280473570309e-21,1.9892943660373296e-21,1.9893082583760955e-21,1.9893221505988948e-21,1.9893360426791756e-21,1.9893499346235727e-21,1.9893638264687175e-21,1.989377718155457e-21,1.9893916097131098e-21,1.9894055011290847e-21,1.9894193924226616e-21,1.9894332836188127e-21,1.989447174672194e-21,1.989461065575679e-21,1.989474956379881e-21,1.989488847019443e-21,1.989502737532363e-21,1.989516627945377e-21,1.9895305182025443e-21,1.9895444083282037e-21,1.9895582983258588e-21,1.989572188193196e-21,1.9895860778852083e-21,1.9895999675130683e-21,1.9896138570149036e-21,1.989627746357522e-21,1.9896416355748663e-21,1.989655524659504e-21,1.989669413614837e-21,1.9896833024333805e-21,1.989697191121999e-21,1.9897110796826926e-21,1.9897249681425287e-21,1.989738856450283e-21,1.9897527446265018e-21,1.9897666326677844e-21,1.9897805205797066e-21,1.989794408365882e-21,1.9898082960471092e-21,1.989822183573179e-21,1.9898360709941672e-21,1.989849958260291e-21,1.9898638453917962e-21,1.9898777323965573e-21,1.9898916192682016e-21,1.989905506040879e-21,1.989919392661003e-21,1.989933279165853e-21,1.989947165513143e-21,1.9899610517658003e-21,1.9899749378613378e-21,1.9899888238318556e-21,1.9900027096648956e-21,1.990016595375721e-21,1.990030480980085e-21,1.9900443664496553e-21,1.9900582517516024e-21,1.9900721369657094e-21,1.990086022022014e-21,1.990099906971286e-21,1.990113791771184e-21,1.9901276764327276e-21,1.990141560969415e-21,1.990155445370325e-21,1.990169329669633e-21,1.99018321384306e-21,1.990197097856392e-21,1.990210981748008e-21,1.99022486550218e-21,1.9902387491256028e-21,1.9902526326286403e-21,1.99026651599202e-21,1.9902803992186757e-21,1.9902942823314505e-21,1.9903081652983934e-21,1.9903220481428012e-21,1.9903359308494516e-21,1.9903498134350194e-21,1.9903636959163826e-21,1.9903775782412422e-21,1.9903914604373572e-21,1.990405342532167e-21,1.9904192244935786e-21,1.990433106298446e-21,1.9904469879789664e-21,1.990460869553052e-21,1.9904747509946345e-21,1.9904886322952902e-21,1.9905025134488527e-21,1.9905163944711502e-21,1.9905302753865372e-21,1.990544156147072e-21,1.9905580367767818e-21,1.9905719172735867e-21,1.9905857976757596e-21,1.99059967791236e-21,1.99061355802716e-21,1.9906274380204575e-21,1.990641317901905e-21,1.990655197624451e-21,1.990669077243873e-21,1.9906829567343372e-21,1.9906968360669533e-21,1.9907107152945173e-21,1.9907245943861314e-21,1.9907384733459806e-21,1.9907523521615845e-21,1.990766230846902e-21,1.9907801094292936e-21,1.9907939878498174e-21,1.990807866171792e-21,1.9908217443620125e-21,1.990835622397839e-21,1.9908495002987713e-21,1.990863378079888e-21,1.990877255752062e-21,1.9908911332632743e-21,1.9909050106670245e-21,1.990918887923673e-21,1.9909327650521002e-21,1.9909466420393575e-21,1.99096051890785e-21,1.9909743956354253e-21,1.9909882722689257e-21,1.99100214876917e-21,1.9910160251107124e-21,1.9910299013233385e-21,1.9910437773919245e-21,1.991057653345099e-21,1.9910715291938354e-21,1.9910854049195593e-21,1.991099280514681e-21,1.9911131559493604e-21,1.9911270312474466e-21,1.99114090641948e-21,1.991154781461614e-21,1.9911686564024185e-21,1.9911825311802918e-21,1.991196405816465e-21,1.9912102803436076e-21,1.9912241547375272e-21,1.991238029004057e-21,1.991251903129169e-21,1.991265777136168e-21,1.9912796510203424e-21,1.991293524767148e-21,1.9913073983840174e-21,1.9913212718652445e-21,1.9913351452180955e-21,1.9913490184409587e-21,1.9913628915654584e-21,1.9913767645585766e-21,1.9913906373958968e-21,1.991404510101536e-21,1.9914183827070634e-21,1.991432255184027e-21,1.991446127500137e-21,1.9914599997165294e-21,1.9914738717797164e-21,1.9914877437034157e-21,1.99150161550852e-21,1.9915154872013077e-21,1.991529358739546e-21,1.9915432301733504e-21,1.9915571014472918e-21,1.9915709726068e-21,1.9915848436305368e-21,1.991598714536552e-21,1.991612585280135e-21,1.9916264559093723e-21,1.9916403264082814e-21,1.991654196802581e-21,1.9916680670660665e-21,1.9916819371753506e-21,1.991695807181002e-21,1.9917096770578387e-21,1.9917235467755015e-21,1.991737416398062e-21,1.9917512858535528e-21,1.991765155185914e-21,1.991779024377673e-21,1.9917928934433382e-21,1.991806762385406e-21,1.9918206311766533e-21,1.9918344998875306e-21,1.991848368433696e-21,1.991862236849193e-21,1.991876105144911e-21,1.9918899732923933e-21,1.991903841347963e-21,1.9919177092537162e-21,1.991931577052583e-21,1.9919454447248005e-21,1.991959312262657e-21,1.991973179681493e-21,1.991987046960529e-21,1.9920009140822695e-21,1.9920147811021904e-21,1.9920286479617562e-21,1.9920425147250903e-21,1.9920563813368224e-21,1.9920702478091706e-21,1.9920841141494004e-21,1.9920979803576313e-21,1.9921118464453085e-21,1.9921257124263632e-21,1.9921395782511036e-21,1.9921534439500694e-21,1.992167309543929e-21,1.9921811749755988e-21,1.9921950402740694e-21,1.9922089054407356e-21,1.992222770486438e-21,1.9922366354269324e-21,1.9922505002130887e-21,1.9922643648632593e-21,1.9922782293834785e-21,1.9922920938064533e-21,1.992305958071377e-21,1.9923198222011706e-21,1.9923336862061468e-21,1.9923475500738485e-21,1.99236141381491e-21,1.992375277459192e-21,1.9923891409404755e-21,1.99240300430136e-21,1.992416867531212e-21,1.9924307306538733e-21,1.9924445936249707e-21,1.9924584564869447e-21,1.9924723191934856e-21,1.992486181765899e-21,1.9925000442141087e-21,1.992513906523285e-21,1.9925277687104817e-21,1.9925416307678966e-21,1.9925554926962267e-21,1.9925693544875574e-21,1.9925832161860974e-21,1.9925970777197917e-21,1.9926109391236464e-21,1.992624800402376e-21,1.992638661543206e-21,1.9926525225536887e-21,1.9926663834478558e-21,1.992680244202578e-21,1.9926941048455726e-21,1.992707965345139e-21,1.992721825714837e-21,1.9927356859505006e-21,1.992749546060393e-21,1.9927634060285097e-21,1.9927772658844008e-21,1.9927911256360856e-21,1.9928049852323553e-21,1.9928188446947522e-21,1.9928327040227463e-21,1.9928465632530453e-21,1.992860422320238e-21,1.9928742812662566e-21,1.992888140076795e-21,1.992901998756192e-21,1.9929158573101823e-21,1.9929297157309302e-21,1.9929435740593396e-21,1.9929574322440494e-21,1.9929712903029275e-21,1.9929851481993368e-21,1.9929990060000636e-21,1.9930128636436954e-21,1.993026721153426e-21,1.9930405785432125e-21,1.9930544358209616e-21,1.993068292943397e-21,1.9930821499382145e-21,1.9930960068033e-21,1.9931098635385256e-21,1.993123720170165e-21,1.9931375766459156e-21,1.9931514329920104e-21,1.993165289210075e-21,1.993179145300806e-21,1.9931930012823648e-21,1.9932068571334482e-21,1.993220712855879e-21,1.993234568423183e-21,1.9932484238606464e-21,1.993262279167605e-21,1.9932761343376878e-21,1.9932899893845706e-21,1.9933038443284214e-21,1.9933176991103308e-21,1.993331553761145e-21,1.9933454083098965e-21,1.9933592627437554e-21,1.993373117008974e-21,1.9933869711471123e-21,1.9934008251528524e-21,1.993414679027947e-21,1.9934285327645825e-21,1.993442386416132e-21,1.9934562399208185e-21,1.9934700932956273e-21,1.9934839465507227e-21,1.993497799644287e-21,1.9935116526150095e-21,1.993525505497775e-21,1.9935393582074494e-21,1.993553210785861e-21,1.9935670632439784e-21,1.9935809155672332e-21,1.993594767786114e-21,1.993608619845473e-21,1.9936224717750735e-21,1.9936363235749795e-21,1.9936501752340597e-21,1.993664026774584e-21,1.9936778781941108e-21,1.993691729479711e-21,1.993705580667373e-21,1.99371943171936e-21,1.993733282611e-21,1.9937471333729845e-21,1.9937609840052393e-21,1.9937748345137227e-21,1.9937886848957918e-21,1.9938025351478508e-21,1.993816385258622e-21,1.9938302352448964e-21,1.9938440851004542e-21,1.993857934823778e-21,1.993871784449558e-21,1.9938856339499478e-21,1.9938994833150574e-21,1.9939133325624042e-21,1.9939271816399285e-21,1.9939410305893087e-21,1.993954879405446e-21,1.9939687280881037e-21,1.993982576649972e-21,1.9939964251084744e-21,1.994010273407874e-21,1.9940241216054578e-21,1.9940379696735972e-21,1.9940518176136864e-21,1.9940656654224874e-21,1.994079513068697e-21,1.994093360618475e-21,1.9941072080121004e-21,1.9941210552755494e-21,1.994134902433681e-21,1.994148749436454e-21,1.9941625963366462e-21,1.9941764431115132e-21,1.994190289756203e-21,1.994204136241656e-21,1.9942179825960878e-21,1.994231828809952e-21,1.9942456749102034e-21,1.9942595209006808e-21,1.9942733667631614e-21,1.9942872124692934e-21,1.9943010580463305e-21,1.9943149035222698e-21,1.994328748844956e-21,1.9943425940598605e-21,1.9943564391463475e-21,1.9943702841067665e-21,1.9943841289021875e-21,1.9943979735877906e-21,1.9944118181240356e-21,1.9944256625210065e-21,1.9944395068034004e-21,1.994453350980442e-21,1.994467194997756e-21,1.994481038891327e-21,1.9944948826817007e-21,1.9945087263424327e-21,1.9945225698735574e-21,1.99453641324692e-21,1.9945502565068484e-21,1.994564099620922e-21,1.9945779426008633e-21,1.994591785471363e-21,1.9946056281922293e-21,1.994619470787645e-21,1.9946333132773615e-21,1.9946471556548196e-21,1.994660997861125e-21,1.9946748399334025e-21,1.994688681880243e-21,1.994702523693283e-21,1.9947163653883087e-21,1.994730206972565e-21,1.9947440484009733e-21,1.9947578897277053e-21,1.9947717309026462e-21,1.9947855719405753e-21,1.9947994128459616e-21,1.994813253615425e-21,1.9948270942647552e-21,1.994840934785566e-21,1.9948547751727286e-21,1.9948686154645693e-21,1.994882455602461e-21,1.9948962956047655e-21,1.994910135502808e-21,1.9949239752458498e-21,1.9949378148760357e-21,1.9949516543863705e-21,1.994965493768899e-21,1.9949793329781837e-21,1.994993172067122e-21,1.9950070110240778e-21,1.9950208498848356e-21,1.995034688595337e-21,1.9950485271963586e-21,1.9950623656426875e-21,1.9950762039586426e-21,1.9950900421755304e-21,1.995103880261344e-21,1.9951177181817465e-21,1.995131555985109e-21,1.9951453936515434e-21,1.9951592312245777e-21,1.9951730686299313e-21,1.9951869059040587e-21,1.9952007430418946e-21,1.9952145800939002e-21,1.99522841697726e-21,1.9952422537388883e-21,1.995256090375471e-21,1.995269926904948e-21,1.995283763302994e-21,1.9952975995478648e-21,1.9953114356572142e-21,1.995325271666923e-21,1.995339107516816e-21,1.995352943266752e-21,1.995366778858419e-21,1.995380614323571e-21,1.9953944496514368e-21,1.995408284883725e-21,1.9954221199719417e-21,1.9954359549455823e-21,1.9954497897686422e-21,1.9954636244522114e-21,1.9954774590372102e-21,1.995491293486268e-21,1.9955051277773963e-21,1.995518961969668e-21,1.9955327960371024e-21,1.9955466299432892e-21,1.9955604637521243e-21,1.9955742973991434e-21,1.9955881309124525e-21,1.995601964331015e-21,1.995615797622658e-21,1.995629630749051e-21,1.9956434637506256e-21,1.9956572966228626e-21,1.995671129366561e-21,1.9956849619811996e-21,1.995698794458143e-21,1.9957126268396935e-21,1.995726459100473e-21,1.99574029119937e-21,1.9957541231898166e-21,1.9957679550186915e-21,1.995781786726307e-21,1.9957956183053528e-21,1.9958094497453524e-21,1.99582328106238e-21,1.995837112252078e-21,1.9958509433192068e-21,1.995864774254942e-21,1.995878605055614e-21,1.9958924357548066e-21,1.9959062662974808e-21,1.995920096734303e-21,1.9959339270162556e-21,1.9959477572099024e-21,1.995961587231827e-21,1.9959754171235584e-21,1.9959892468878165e-21,1.996003076520703e-21,1.9960169060244948e-21,1.99603073542441e-21,1.996044564668983e-21,1.9960583937853916e-21,1.9960722227640216e-21,1.99608605162041e-21,1.9960998803747408e-21,1.9961137089807198e-21,1.9961275374735282e-21,1.996141365832229e-21,1.996155194047303e-21,1.996169022122222e-21,1.9961828500646226e-21,1.996196677911922e-21,1.996210505620708e-21,1.9962243332097575e-21,1.9962381606674873e-21,1.996251987968842e-21,1.996265815142218e-21,1.9962796421809988e-21,1.9962934691200738e-21,1.9963072959316014e-21,1.9963211226213317e-21,1.9963349491464773e-21,1.996348775569932e-21,1.9963626018416636e-21,1.99637642797433e-21,1.996390253976972e-21,1.9964040798507044e-21,1.9964179056041533e-21,1.9964317312267287e-21,1.9964455567418573e-21,1.9964593821357124e-21,1.996473207347962e-21,1.9964870324496864e-21,1.9965008574468606e-21,1.9965146822944934e-21,1.9965285070333924e-21,1.9965423316121492e-21,1.9965561560656913e-21,1.996569980415142e-21,1.996583804605335e-21,1.996597628665974e-21,1.9966114526269242e-21,1.9966252764308106e-21,1.9966391001031266e-21,1.9966529236457775e-21,1.9966667470633223e-21,1.996680570347235e-21,1.996694393520714e-21,1.99670821655396e-21,1.9967220394577577e-21,1.9967358622251387e-21,1.996749684860501e-21,1.9967635073700762e-21,1.9967773297457027e-21,1.996791152021396e-21,1.9968049741398244e-21,1.996818796128557e-21,1.9968326180180646e-21,1.9968464397522308e-21,1.9968602613526453e-21,1.996874082827557e-21,1.996887904206779e-21,1.9969017254209727e-21,1.996915546503874e-21,1.9969293674601218e-21,1.9969431882878777e-21,1.996957008983118e-21,1.9969708295410137e-21,1.9969846500120046e-21,1.9969984703264576e-21,1.997012290506893e-21,1.9970261105581413e-21,1.9970399304687227e-21,1.9970537502563368e-21,1.9970675699233343e-21,1.9970813894812828e-21,1.9970952089155347e-21,1.9971090281882857e-21,1.9971228473328645e-21,1.9971366663529523e-21,1.9971504852245355e-21,1.997164303979593e-21,1.9971781226215926e-21,1.99719194112649e-21,1.9972057595209703e-21,1.99721957776219e-21,1.9972333958712943e-21,1.9972472138788293e-21,1.9972610317279934e-21,1.997274849476853e-21,1.9972886670956234e-21,1.9973024845817328e-21,1.997316301914169e-21,1.997330119111958e-21,1.9973439361892265e-21,1.9973577531288563e-21,1.9973715699305768e-21,1.9973853866113838e-21,1.9973992031456117e-21,1.9974130195635142e-21,1.997426835856193e-21,1.9974406520506624e-21,1.9974544680829938e-21,1.997468283992966e-21,1.997482099767861e-21,1.997495915447764e-21,1.997509730971424e-21,1.9975235463571064e-21,1.9975373616141125e-21,1.9975511767418504e-21,1.997564991736167e-21,1.9975788066360927e-21,1.9975926214111995e-21,1.997606436012484e-21,1.9976202505228816e-21,1.9976340648803205e-21,1.9976478790957604e-21,1.997661693214398e-21,1.9976755072118127e-21,1.9976893210636407e-21,1.9977031347956372e-21,1.997716948374306e-21,1.997730761809246e-21,1.9977445751331585e-21,1.9977583883246476e-21,1.9977722013874496e-21,1.9977860143373455e-21,1.9977998271399443e-21,1.9978136398130908e-21,1.9978274523568186e-21,1.997841264801017e-21,1.9978550770866365e-21,1.9978688892429914e-21,1.9978827012944417e-21,1.997896513186033e-21,1.997910324954876e-21,1.997924136594172e-21,1.9979379481172293e-21,1.9979517594946806e-21,1.997965570769681e-21,1.9979793818722504e-21,1.9979931928626886e-21,1.998007003719895e-21,1.998020814480483e-21,1.9980346250811697e-21,1.998048435581215e-21,1.998062245951392e-21,1.998076056195396e-21,1.998089866293822e-21,1.9981036762812344e-21,1.9981174861117643e-21,1.9981312958231767e-21,1.998145105391087e-21,1.9981589148215163e-21,1.9981727241262907e-21,1.9981865333017506e-21,1.9982003423433824e-21,1.9982141512628877e-21,1.9982279600593592e-21,1.998241768750868e-21,1.9982555773160017e-21,1.998269385741913e-21,1.9982831940152023e-21,1.9982970021469067e-21,1.9983108101871076e-21,1.9983246180652483e-21,1.998338425821874e-21,1.998352233458852e-21,1.9983660409583833e-21,1.9983798483539214e-21,1.998393655598801e-21,1.9984074627087938e-21,1.998421269690826e-21,1.9984350765434147e-21,1.9984488832608527e-21,1.9984626898580826e-21,1.9984764963196164e-21,1.99849030265346e-21,1.9985041088534344e-21,1.9985179149219672e-21,1.9985317208964416e-21,1.9985455267379915e-21,1.998559332448492e-21,1.9985731380061392e-21,1.998586943445384e-21,1.9986007487456676e-21,1.998614553915349e-21,1.9986283589825543e-21,1.998642163893525e-21,1.9986559687079535e-21,1.998669773352054e-21,1.998683577858555e-21,1.9986973822887974e-21,1.9987111865530807e-21,1.9987249907125632e-21,1.99873879472002e-21,1.9987525986154575e-21,1.9987664023930315e-21,1.9987802060115238e-21,1.998794009534909e-21,1.9988078128924794e-21,1.998821616120495e-21,1.9988354192209022e-21,1.9988492221877662e-21,1.9988630250193904e-21,1.998876827731585e-21,1.9988906303399076e-21,1.9989044327929e-21,1.998918235144252e-21,1.998932037337671e-21,1.9989458394037595e-21,1.9989596413378307e-21,1.9989734431437633e-21,1.9989872448523567e-21,1.9990010464263205e-21,1.9990148478635413e-21,1.9990286491792104e-21,1.9990424503401005e-21,1.9990562513714523e-21,1.9990700522735535e-21,1.9990838530418973e-21,1.999097653690001e-21,1.999111454230177e-21,1.9991252546106925e-21,1.9991390548661827e-21,1.9991528549977287e-21,1.9991666549948317e-21,1.9991804548592648e-21,1.999194254621323e-21,1.9992080542400996e-21,1.9992218537477956e-21,1.9992356530921042e-21,1.99924945230885e-21,1.9992632514070056e-21,1.999277050361678e-21,1.999290849221917e-21,1.999304647955622e-21,1.999318446531039e-21,1.9993322449476456e-21,1.9993460432696627e-21,1.999359841450884e-21,1.9993736394962426e-21,1.9993874374246896e-21,1.9994012352491434e-21,1.999415032904697e-21,1.9994288304504902e-21,1.999442627857731e-21,1.999456425137523e-21,1.9994702222914396e-21,1.999484019313312e-21,1.9994978162339903e-21,1.9995116129860025e-21,1.9995254096289578e-21,1.999539206157888e-21,1.999553002535098e-21,1.999566798788385e-21,1.9995805949048026e-21,1.9995943909418054e-21,1.9996081868260744e-21,1.9996219825284096e-21,1.9996357781278923e-21,1.9996495735985122e-21,1.9996633689262115e-21,1.9996771641360177e-21,1.9996909592446225e-21,1.999704754203578e-21,1.999718549029792e-21,1.999732343757559e-21,1.999746138349632e-21,1.9997599327867825e-21,1.9997737270959414e-21,1.9997875212715574e-21,1.9998013153482708e-21,1.9998151092622672e-21,1.9998289030544738e-21,1.9998426967077234e-21,1.999856490253871e-21,1.9998702836461837e-21,1.9998840769132716e-21,1.9998978700712062e-21,1.9999116630879988e-21,1.9999254559927842e-21,1.999939248745171e-21,1.9999530413663832e-21,1.9999668338660564e-21,1.9999806262532252e-21,1.9999944184903276e-21,2.0000082106306836e-21,2.00002200262033e-21,2.000035794468881e-21,2.0000495862402995e-21,2.000063377840481e-21,2.0000771693021957e-21,2.0000909606654386e-21,2.0001047518974644e-21,2.000118542985329e-21,2.000132333963895e-21,2.0001461247825596e-21,2.0001599155010234e-21,2.000173706057672e-21,2.0001874965025828e-21,2.0002012868058532e-21,2.0002150769752787e-21,2.0002288670199822e-21,2.0002426569340227e-21,2.0002564467160854e-21,2.000270236373059e-21,2.000284025924534e-21,2.0002978153267344e-21,2.000311604603929e-21,2.000325393752151e-21,2.000339182761889e-21,2.000352971662414e-21,2.0003667604197694e-21,2.0003805490432787e-21,2.000394337542808e-21,2.0004081259091785e-21,2.0004219141451043e-21,2.000435702278327e-21,2.000449490243339e-21,2.0004632781191082e-21,2.0004770658445516e-21,2.0004908534328225e-21,2.00050464089868e-21,2.0005184282588604e-21,2.000532215458682e-21,2.0005460025614328e-21,2.0005597895029546e-21,2.0005735763037703e-21,2.0005873629911626e-21,2.0006011495439595e-21,2.0006149359978655e-21,2.0006287222960274e-21,2.000642508465032e-21,2.0006562945035013e-21,2.0006700804379788e-21,2.000683866219473e-21,2.0006976518974916e-21,2.000711437419113e-21,2.0007252228130705e-21,2.0007390080789144e-21,2.0007527932145297e-21,2.0007665782187796e-21,2.0007803631217617e-21,2.0007941478972213e-21,2.0008079325161716e-21,2.000821717004539e-21,2.0008355013639466e-21,2.0008492855999562e-21,2.0008630696983668e-21,2.0008768536732587e-21,2.0008906375147145e-21,2.0009044212308847e-21,2.0009182048391443e-21,2.0009319882973283e-21,2.0009457716247643e-21,2.0009595548390057e-21,2.000973337900214e-21,2.0009871208379007e-21,2.0010009036446043e-21,2.0010146863249896e-21,2.001028468915155e-21,2.0010422513342605e-21,2.0010560336324773e-21,2.0010698157932978e-21,2.001083597845268e-21,2.0010973797603604e-21,2.0011111615358215e-21,2.0011249431798683e-21,2.0011387247024736e-21,2.001152506092838e-21,2.001166287376961e-21,2.0011800685051544e-21,2.0011938495411133e-21,2.0012076303983406e-21,2.0012214111680134e-21,2.0012351917227125e-21,2.001248972210334e-21,2.0012627525982784e-21,2.0012765328189306e-21,2.0012903129102257e-21,2.001304092885104e-21,2.0013178727524023e-21,2.00133165246508e-21,2.0013454320462542e-21,2.0013592114998615e-21,2.001372990821141e-21,2.001386770016529e-21,2.001400549110907e-21,2.0014143280400042e-21,2.0014281068165216e-21,2.0014418854951174e-21,2.0014556640448083e-21,2.0014694424693266e-21,2.0014832207919865e-21,2.001496998938879e-21,2.0015107769984753e-21,2.0015245549058392e-21,2.001538332683863e-21,2.001552110320786e-21,2.001565887837689e-21,2.0015796652209976e-21,2.0015934425337235e-21,2.001607219666697e-21,2.001620996697378e-21,2.0016347735644814e-21,2.001648550308125e-21,2.0016623269160717e-21,2.0016761033957633e-21,2.001689879746368e-21,2.0017036559883532e-21,2.0017174321180052e-21,2.0017312080844162e-21,2.0017449839522226e-21,2.0017587596904102e-21,2.0017725352708464e-21,2.001786310740693e-21,2.0018000860623473e-21,2.0018138612397353e-21,2.0018276363039414e-21,2.0018414112657892e-21,2.001855186069142e-21,2.0018689607714667e-21,2.00188273534455e-21,2.001896509762701e-21,2.0019102840702564e-21,2.00192405822751e-21,2.0019378322900156e-21,2.001951606191495e-21,2.001965379959386e-21,2.001979153599401e-21,2.001992927114739e-21,2.0020067005068417e-21,2.0020204737556143e-21,2.002034246885284e-21,2.0020480198851238e-21,2.002061792766625e-21,2.0020755655315073e-21,2.0020893381402686e-21,2.002103110613633e-21,2.0021168829936e-21,2.002130655218317e-21,2.002144427313939e-21,2.002158199305981e-21,2.0021719711673526e-21,2.0021857428711127e-21,2.002199514480319e-21,2.0022132859265645e-21,2.002227057244173e-21,2.0022408284421958e-21,2.002254599496185e-21,2.002268370426274e-21,2.0022821412274844e-21,2.0022959119259053e-21,2.002309682498631e-21,2.0023234529125814e-21,2.002337223201983e-21,2.0023509933864088e-21,2.0023647634174588e-21,2.0023785333142632e-21,2.002392303099977e-21,2.0024060727395124e-21,2.0024198422559667e-21,2.0024336116399084e-21,2.0024473808883895e-21,2.002461150040639e-21,2.0024749190350168e-21,2.002488687918457e-21,2.0025024566636215e-21,2.0025162252710873e-21,2.0025299937803183e-21,2.002543762166449e-21,2.002557530435579e-21,2.002571298543221e-21,2.0025850665364005e-21,2.0025988343719043e-21,2.0026126020786104e-21,2.0026263696538597e-21,2.0026401371002967e-21,2.0026539044426906e-21,2.0026676716447424e-21,2.0026814387350904e-21,2.0026952056690107e-21,2.002708972470139e-21,2.00272273917047e-21,2.0027365057441864e-21,2.002750272187922e-21,2.0027640384732645e-21,2.0027778046293623e-21,2.002791570658479e-21,2.0028053365711247e-21,2.002819102340283e-21,2.0028328679805402e-21,2.0028466335009788e-21,2.0028603988853993e-21,2.0028741641687593e-21,2.0028879292921437e-21,2.002901694285904e-21,2.00291545917797e-21,2.00292922391352e-21,2.0029429885328124e-21,2.002956753016391e-21,2.002970517393805e-21,2.002984281644428e-21,2.00299804576893e-21,2.0030118097365808e-21,2.0030255735739413e-21,2.003039337280949e-21,2.003053100861327e-21,2.003066864323031e-21,2.0030806276457905e-21,2.003094390855807e-21,2.0031081539257256e-21,2.003121916861531e-21,2.003135679678529e-21,2.0031494423445044e-21,2.0031632048935716e-21,2.003176967311258e-21,2.0031907296254356e-21,2.003204491787474e-21,2.0032182538208674e-21,2.0032320157190433e-21,2.0032457774942196e-21,2.0032595391385477e-21,2.0032733006557754e-21,2.0032870620624795e-21,2.003300823352427e-21,2.0033145844827434e-21,2.003328345484129e-21,2.0033421063547273e-21,2.0033558670981288e-21,2.0033696277100686e-21,2.0033833882246902e-21,2.0033971486055323e-21,2.003410908866139e-21,2.0034246689604214e-21,2.0034384289317006e-21,2.003452188767685e-21,2.0034659485091854e-21,2.0034797080955133e-21,2.0034934675494836e-21,2.0035072269011787e-21,2.0035209861258757e-21,2.0035347451917835e-21,2.0035485041315256e-21,2.0035622629390345e-21,2.003576021648453e-21,2.0035897801955785e-21,2.0036035386183548e-21,2.003617296936494e-21,2.0036310551022025e-21,2.0036448131381004e-21,2.003658571036615e-21,2.0036723288220004e-21,2.0036860864704967e-21,2.0036998440164388e-21,2.003713601415939e-21,2.003727358675516e-21,2.003741115804314e-21,2.003754872808609e-21,2.0037686297105292e-21,2.00378238645766e-21,2.0037961430799346e-21,2.0038098995670764e-21,2.003823655921612e-21,2.0038374121580517e-21,2.0038511682781413e-21,2.0038649242520326e-21,2.0038786801019793e-21,2.0038924358171222e-21,2.0039061913992646e-21,2.0039199468822212e-21,2.003933702220932e-21,2.0039474574188835e-21,2.0039612124883794e-21,2.003974967425878e-21,2.0039887222478176e-21,2.004002476957448e-21,2.004016231512322e-21,2.0040299859706235e-21,2.00404374028829e-21,2.004057494482929e-21,2.0040712485230626e-21,2.0040850024585747e-21,2.004098756274504e-21,2.004112509932639e-21,2.0041262634502025e-21,2.004140016850133e-21,2.0041537701177102e-21,2.004167523258018e-21,2.0041812762680576e-21,2.004195029148765e-21,2.0042087818974695e-21,2.004222534543595e-21,2.0042362870608948e-21,2.0042500394221985e-21,2.004263791658625e-21,2.004277543763037e-21,2.0042912957552812e-21,2.004305047628705e-21,2.0043187993634816e-21,2.00433255095782e-21,2.0043463024450198e-21,2.0043600538024577e-21,2.004373805036903e-21,2.0043875561120287e-21,2.004401307054044e-21,2.0044150578671764e-21,2.004428808542028e-21,2.0044425590996793e-21,2.0044563095315153e-21,2.004470059831679e-21,2.0044838099968056e-21,2.0044975600495057e-21,2.0045113099929e-21,2.0045250597794003e-21,2.0045388094291116e-21,2.0045525589856192e-21,2.004566308360318e-21,2.004580057630308e-21,2.004593806772159e-21,2.004607555801786e-21,2.004621304689428e-21,2.004635053440662e-21,2.0046488020722952e-21,2.0046625505702417e-21,2.004676298934915e-21,2.0046900471860822e-21,2.004703795315441e-21,2.0047175433248078e-21,2.0047312911642717e-21,2.004745038884733e-21,2.0047587864807975e-21,2.0047725339447272e-21,2.0047862812733544e-21,2.0048000284805224e-21,2.004813775548206e-21,2.004827522504626e-21,2.0048412693609773e-21,2.0048550160838047e-21,2.00486876264859e-21,2.0048825090875158e-21,2.004896255419058e-21,2.0049100015979232e-21,2.0049237476828247e-21,2.0049374936026977e-21,2.0049512393950873e-21,2.0049649850581154e-21,2.0049787305947964e-21,2.004992476005603e-21,2.0050062212782212e-21,2.0050199664186564e-21,2.0050337114377415e-21,2.0050474563278412e-21,2.0050612010847523e-21,2.005074945709581e-21,2.0050886902132806e-21,2.0051024345886823e-21,2.0051161788367965e-21,2.0051299229693053e-21,2.0051436669688656e-21,2.0051574108496843e-21,2.0051711546085014e-21,2.0051848982066997e-21,2.0051986416783843e-21,2.0052123850492642e-21,2.005226128273568e-21,2.0052398713609255e-21,2.005253614324398e-21,2.0052673571528283e-21,2.005281099853778e-21,2.0052948424236786e-21,2.0053085848846446e-21,2.0053223272123077e-21,2.0053360694031654e-21,2.00534981146207e-21,2.0053635533931185e-21,2.0053772951951746e-21,2.0053910368633808e-21,2.005404778409185e-21,2.0054185198072883e-21,2.0054322610872192e-21,2.0054460022426966e-21,2.0054597432693462e-21,2.005473484171556e-21,2.0054872249673697e-21,2.0055009656077056e-21,2.0055147061190064e-21,2.0055284465089587e-21,2.0055421867679954e-21,2.0055559268919023e-21,2.0055696669310998e-21,2.005583406824081e-21,2.0055971465869517e-21,2.0056108862228983e-21,2.005624625733014e-21,2.005638365081726e-21,2.0056521043191633e-21,2.0056658434402343e-21,2.0056795824369e-21,2.005693321311799e-21,2.005707060047323e-21,2.0057207986232045e-21,2.0057345370819083e-21,2.0057482754091324e-21,2.005762013614173e-21,2.005775751674815e-21,2.005789489603284e-21,2.0058032274160124e-21,2.0058169650949632e-21,2.0058307026449226e-21,2.0058444400648576e-21,2.0058581773529706e-21,2.0058719145180514e-21,2.005885651570934e-21,2.0058993884641696e-21,2.0059131252272666e-21,2.0059268618947603e-21,2.0059405984096463e-21,2.0059543348296295e-21,2.0059680710842024e-21,2.005981807242534e-21,2.0059955432622e-21,2.006009279133284e-21,2.0060230148970073e-21,2.0060367505143908e-21,2.006050486004429e-21,2.006064221364579e-21,2.006077956599151e-21,2.0060916917072506e-21,2.0061054267053656e-21,2.0061191615517507e-21,2.0061328962937013e-21,2.0061466308798993e-21,2.006160365364141e-21,2.0061740996924787e-21,2.006187833893773e-21,2.0062015679615415e-21,2.0062153019068804e-21,2.006229035740303e-21,2.0062427694144635e-21,2.0062565029737483e-21,2.0062702364054228e-21,2.0062839697208242e-21,2.006297702893693e-21,2.0063114359458603e-21,2.006325168885959e-21,2.006338901674256e-21,2.006352634331068e-21,2.006366366860508e-21,2.0063800992618752e-21,2.0063938315364206e-21,2.00640756368073e-21,2.0064212956828614e-21,2.0064350275674004e-21,2.0064487593390606e-21,2.0064624909675873e-21,2.0064762224675914e-21,2.0064899538362135e-21,2.0065036851010657e-21,2.0065174162167846e-21,2.006531147202002e-21,2.0065448780531805e-21,2.0065586087726604e-21,2.006572339380286e-21,2.006586069845496e-21,2.0065998001792446e-21,2.006613530390631e-21,2.0066272604697063e-21,2.0066409904225416e-21,2.0066547202450463e-21,2.0066684499603457e-21,2.0066821795298073e-21,2.0066959089712477e-21,2.0067096383076123e-21,2.0067233675017746e-21,2.006737096556535e-21,2.006750825478164e-21,2.0067645542755456e-21,2.0067782829470654e-21,2.0067920114827973e-21,2.0068057398941476e-21,2.0068194681746295e-21,2.0068331963282294e-21,2.0068469243585007e-21,2.00686065226605e-21,2.006874380031021e-21,2.0068881076688722e-21,2.0069018351729203e-21,2.0069155625507467e-21,2.0069292898042896e-21,2.006943016924569e-21,2.0069567439174517e-21,2.006970470776514e-21,2.00698419751351e-21,2.0069979241241977e-21,2.0070116506012286e-21,2.0070253769522447e-21,2.0070391031803146e-21,2.007052829303278e-21,2.007066555267782e-21,2.0070802811347746e-21,2.0070940068716654e-21,2.007107732460794e-21,2.007121457908746e-21,2.007135183234872e-21,2.0071489084241955e-21,2.007162633506523e-21,2.007176358469417e-21,2.0071900832793174e-21,2.0072038079850807e-21,2.0072175325641457e-21,2.0072312569839253e-21,2.0072449812783405e-21,2.0072587054427328e-21,2.007272429496107e-21,2.007286153455098e-21,2.007299877261346e-21,2.007313600917968e-21,2.0073273244286037e-21,2.007341047846436e-21,2.0073547711094088e-21,2.0073684942717303e-21,2.0073822172797954e-21,2.0073959401846382e-21,2.0074096629371982e-21,2.007423385559639e-21,2.0074371080547256e-21,2.0074508304455298e-21,2.0074645526785958e-21,2.0074782748155176e-21,2.0074919967902946e-21,2.007505718640926e-21,2.0075194403628304e-21,2.0075331619635004e-21,2.0075468834281583e-21,2.0075606047654404e-21,2.0075743259697164e-21,2.007588047057213e-21,2.0076017680320662e-21,2.007615488845351e-21,2.007629209538374e-21,2.007642930129895e-21,2.0076566505676906e-21,2.007670370874326e-21,2.0076840910764743e-21,2.0076978111264856e-21,2.007711531076874e-21,2.007725250855403e-21,2.0077389705025516e-21,2.0077526900639e-21,2.0077664094699587e-21,2.0077801287483247e-21,2.007793847888761e-21,2.007807566934192e-21,2.007821285812615e-21,2.007835004603478e-21,2.00784872323909e-21,2.0078624417693053e-21,2.0078761601540913e-21,2.0078898783995487e-21,2.0079035965123975e-21,2.0079173145091624e-21,2.007931032383613e-21,2.007944750134536e-21,2.0079584677413174e-21,2.0079721852166116e-21,2.0079859025618825e-21,2.00799961979734e-21,2.0080133369045124e-21,2.008027053885385e-21,2.0080407707203104e-21,2.008054487427054e-21,2.0080682039998073e-21,2.00808192044425e-21,2.0080956367919556e-21,2.008109352983015e-21,2.0081230690469417e-21,2.008136785005073e-21,2.0081505008119982e-21,2.008164216491176e-21,2.008177932059309e-21,2.0081916474912492e-21,2.008205362809939e-21,2.008219077985567e-21,2.0082327930452565e-21,2.008246507963685e-21,2.0082602227419685e-21,2.0082739373865557e-21,2.0082876519117096e-21,2.008301366303371e-21,2.008315080593945e-21,2.008328794734719e-21,2.0083425087640598e-21,2.0083562226741702e-21,2.008369936447098e-21,2.0083836500393206e-21,2.0083973635393562e-21,2.0084110769199074e-21,2.0084247901631368e-21,2.0084385032898124e-21,2.008452216260221e-21,2.0084659291023838e-21,2.008479641849268e-21,2.0084933544090746e-21,2.008507066899603e-21,2.0085207792684596e-21,2.0085344914757606e-21,2.0085482035643687e-21,2.0085619155299907e-21,2.008575627352335e-21,2.0085893390471703e-21,2.0086030506076232e-21,2.008616762043869e-21,2.0086304733517293e-21,2.0086441845295632e-21,2.0086578955815793e-21,2.0086716065319285e-21,2.0086853173233073e-21,2.008699027976236e-21,2.0087127385107116e-21,2.0087264489302072e-21,2.008740159209759e-21,2.0087538693596825e-21,2.008767579379089e-21,2.0087812892597494e-21,2.00879499902522e-21,2.008808708692354e-21,2.008822418185386e-21,2.0088361275654694e-21,2.0088498368025855e-21,2.008863545950096e-21,2.0088772549292974e-21,2.008890963790792e-21,2.008904672556789e-21,2.0089183812003685e-21,2.0089320896936152e-21,2.008945798056133e-21,2.008959506280585e-21,2.00897321437382e-21,2.008986922359113e-21,2.0090006302087675e-21,2.0090143379140388e-21,2.009028045495002e-21,2.0090417529531958e-21,2.009055460277189e-21,2.009069167501813e-21,2.009082874569665e-21,2.009096581532399e-21,2.0091102882866618e-21,2.0091239949688576e-21,2.0091377015183734e-21,2.009151407966249e-21,2.0091651142883516e-21,2.009178820457393e-21,2.0091925264886284e-21,2.0092062324245293e-21,2.0092199382317767e-21,2.009233643884191e-21,2.0092473494034106e-21,2.0092610548097158e-21,2.00927476006583e-21,2.0092884652078845e-21,2.009302170218796e-21,2.0093158751375163e-21,2.0093295798794332e-21,2.0093432845293264e-21,2.0093569890514793e-21,2.0093706934214653e-21,2.0093843976632747e-21,2.009398101753146e-21,2.009411805746275e-21,2.009425509622994e-21,2.0094392133555942e-21,2.009452916949581e-21,2.009466620416003e-21,2.009480323748268e-21,2.0094940269859323e-21,2.0095077300687314e-21,2.0095214330568912e-21,2.009535135937482e-21,2.0095488386408866e-21,2.0095625412343136e-21,2.0095762436685478e-21,2.0095899460122268e-21,2.0096036481857393e-21,2.009617350241875e-21,2.0096310521843404e-21,2.0096447539834165e-21,2.009658455649781e-21,2.009672157224229e-21,2.0096858586601474e-21,2.0096995599733298e-21,2.0097132611268537e-21,2.0097269621563883e-21,2.009740663058172e-21,2.0097543638246367e-21,2.009768064467102e-21,2.0097817649783854e-21,2.009795465366129e-21,2.0098091656187702e-21,2.0098228657476114e-21,2.0098365657445485e-21,2.009850265609869e-21,2.0098639653411696e-21,2.009877664957787e-21,2.0098913644399164e-21,2.0099050638281814e-21,2.009918763055208e-21,2.0099324621497895e-21,2.0099461611293248e-21,2.0099598599840237e-21,2.0099735587041404e-21,2.0099872572873148e-21,2.010000955743159e-21,2.010014654099549e-21,2.0100283522996853e-21,2.0100420503783323e-21,2.0100557483237135e-21,2.0100694461566893e-21,2.0100831438736158e-21,2.010096841460083e-21,2.0101105388806796e-21,2.0101242361755754e-21,2.010137933340752e-21,2.0101516304141082e-21,2.010165327329942e-21,2.010179024129477e-21,2.0101927207742117e-21,2.0102064173075602e-21,2.0102201137119557e-21,2.010233809985967e-21,2.010247506131122e-21,2.010261202153079e-21,2.010274898045724e-21,2.0102885938128406e-21,2.010302289446704e-21,2.010315984964038e-21,2.0103296803483885e-21,2.0103433756023537e-21,2.0103570707145092e-21,2.010370765710027e-21,2.010384460601618e-21,2.0103981553389654e-21,2.0104118499623188e-21,2.0104255444460764e-21,2.0104392387967787e-21,2.0104529330263587e-21,2.010466627148821e-21,2.010480321140715e-21,2.010494014977979e-21,2.0105077086839347e-21,2.0105214022647246e-21,2.0105350957478834e-21,2.0105487890877782e-21,2.0105624823110614e-21,2.0105761753971446e-21,2.010589868369713e-21,2.010603561182028e-21,2.0106172538670133e-21,2.010630946416353e-21,2.0106446388355382e-21,2.0106583311211444e-21,2.01067202329736e-21,2.010685715339295e-21,2.010699407253403e-21,2.010713099065539e-21,2.0107267907241952e-21,2.0107404822523523e-21,2.0107541736580022e-21,2.0107678649294235e-21,2.0107815560693628e-21,2.0107952470840963e-21,2.0108089379661675e-21,2.0108226287503532e-21,2.010836319405846e-21,2.010850009909086e-21,2.0108637002770786e-21,2.01087739052623e-21,2.010891080690855e-21,2.0109047706788397e-21,2.0109184605341356e-21,2.0109321502882705e-21,2.0109458398955754e-21,2.0109595293949444e-21,2.0109732187371187e-21,2.010986907978855e-21,2.0110005970696063e-21,2.011014286038381e-21,2.0110279748717723e-21,2.0110416635719217e-21,2.0110553521652433e-21,2.011069040608853e-21,2.0110827289227227e-21,2.011096417113695e-21,2.011110105176833e-21,2.0111237931060273e-21,2.0111374809383542e-21,2.011151168616633e-21,2.0111648561916557e-21,2.0111785436366438e-21,2.0111922309304682e-21,2.011205918123619e-21,2.0112196051549624e-21,2.011233292057469e-21,2.011246978832813e-21,2.011260665484528e-21,2.011274352008006e-21,2.0112880384307356e-21,2.0113017246974894e-21,2.0113154108359722e-21,2.011329096844361e-21,2.011342782738845e-21,2.0113564685157104e-21,2.0113701541323625e-21,2.0113838396291325e-21,2.011397524949554e-21,2.0114112101936966e-21,2.011424895303302e-21,2.0114385803156432e-21,2.0114522651909214e-21,2.0114659499049258e-21,2.0114796345036054e-21,2.011493318969694e-21,2.0115070033124195e-21,2.0115206875216674e-21,2.01153437161402e-21,2.011548055595885e-21,2.0115617394246634e-21,2.0115754231242798e-21,2.0115891066993897e-21,2.011602790173011e-21,2.0116164734874237e-21,2.0116301566670995e-21,2.011643839713528e-21,2.0116575226400484e-21,2.011671205459761e-21,2.011684888128807e-21,2.0116985706803454e-21,2.0117122530939672e-21,2.011725935384885e-21,2.0117396175463256e-21,2.011753299579391e-21,2.011766981481678e-21,2.0117806632581654e-21,2.011794344906406e-21,2.0118080264259845e-21,2.0118217078133354e-21,2.011835389067154e-21,2.0118490702160586e-21,2.011862751220322e-21,2.0118764321240825e-21,2.0118901128748853e-21,2.0119037934950947e-21,2.0119174739866956e-21,2.0119311543492475e-21,2.0119448345913013e-21,2.0119585146983824e-21,2.0119721946660073e-21,2.0119858745249052e-21,2.0119995542781215e-21,2.012013233897549e-21,2.01202691337254e-21,2.012040592733802e-21,2.0120542719435214e-21,2.012067951026607e-21,2.0120816299811604e-21,2.0120953088062443e-21,2.012108987502187e-21,2.012122666071957e-21,2.0121363445290868e-21,2.01215002284593e-21,2.0121637010323863e-21,2.012177379092206e-21,2.012191057052859e-21,2.0122047348535783e-21,2.0122184125410516e-21,2.0122320900836065e-21,2.012245767497933e-21,2.0122594447840964e-21,2.012273121941188e-21,2.0122867990054608e-21,2.0123004759348474e-21,2.012314152735999e-21,2.0123278293791126e-21,2.0123415058959755e-21,2.012355182304522e-21,2.0123688585820074e-21,2.0123825347320634e-21,2.0123962107387317e-21,2.012409886617488e-21,2.0124235623651056e-21,2.0124372379203235e-21,2.0124509134129735e-21,2.0124645887846495e-21,2.0124782640462537e-21,2.0124919391555368e-21,2.0125056141377416e-21,2.012519289001778e-21,2.0125329637251843e-21,2.0125466383206823e-21,2.0125603128017135e-21,2.0125739871405193e-21,2.0125876613520068e-21,2.01260133545894e-21,2.012615009414581e-21,2.0126286832570027e-21,2.0126423569689823e-21,2.0126560305437995e-21,2.0126697039903084e-21,2.0126833773114987e-21,2.0126970504965005e-21,2.0127107235603576e-21,2.0127243965099653e-21,2.0127380693061693e-21,2.0127517419795354e-21,2.0127654145500607e-21,2.0127790869242893e-21,2.0127927592121474e-21,2.0128064313673177e-21,2.0128201033987755e-21,2.012833775302025e-21,2.0128474470751405e-21,2.012861118707112e-21,2.0128747902236874e-21,2.0128884616120994e-21,2.012902132870459e-21,2.0129158040033342e-21,2.0129294750357866e-21,2.0129431458989957e-21,2.0129568166424867e-21,2.0129704872688504e-21,2.0129841577869467e-21,2.012997828151302e-21,2.0130114983889237e-21,2.0130251685286745e-21,2.0130388385059558e-21,2.0130525083340564e-21,2.0130661780582897e-21,2.0130798476543027e-21,2.0130935171337987e-21,2.013107186480047e-21,2.013120855696966e-21,2.0131345248001388e-21,2.0131481936978103e-21,2.0131618625276974e-21,2.013175531226585e-21,2.0131891998025924e-21,2.013202868251223e-21,2.01321653656122e-21,2.0132302047438454e-21,2.013243872802789e-21,2.0132575407278348e-21,2.0132712085285794e-21,2.013284876200791e-21,2.013298543747622e-21,2.013312211171414e-21,2.013325878460643e-21,2.0133395456232524e-21,2.013353212672664e-21,2.013366879587782e-21,2.0133805463031552e-21,2.0133942129545612e-21,2.013407879474987e-21,2.013421545891345e-21,2.0134352121610776e-21,2.013448878298335e-21,2.013462544302134e-21,2.0134762101818963e-21,2.0134898759335014e-21,2.013503541558996e-21,2.0135172070890208e-21,2.0135308724735847e-21,2.0135445377284474e-21,2.0135582028380422e-21,2.013571867845834e-21,2.013585532708022e-21,2.0135991974304984e-21,2.013612862035516e-21,2.0136265265156754e-21,2.0136401908527926e-21,2.0136538550662937e-21,2.0136675191517452e-21,2.01368118310933e-21,2.013694846933074e-21,2.013708510633422e-21,2.0137221742070095e-21,2.0137358376538254e-21,2.0137495009669154e-21,2.0137631641520316e-21,2.013776827213898e-21,2.0137904901387462e-21,2.0138041529336313e-21,2.0138178155979606e-21,2.013831478141859e-21,2.0138451405853508e-21,2.0138588028778846e-21,2.0138724650371816e-21,2.013886127077125e-21,2.013899789012982e-21,2.013913450788431e-21,2.0139271124311267e-21,2.0139407739776865e-21,2.013954435399451e-21,2.0139680966910394e-21,2.0139817578263507e-21,2.013995418836128e-21,2.014009079721354e-21,2.014022740479844e-21,2.0140364011084858e-21,2.0140500616078802e-21,2.014063722026844e-21,2.0140773822708667e-21,2.01409104240236e-21,2.014104702390612e-21,2.0141183622523813e-21,2.014132021990818e-21,2.0141456815814198e-21,2.0141593410587375e-21,2.014173000404603e-21,2.0141866596450915e-21,2.0142003187354944e-21,2.014213977696942e-21,2.014227636529909e-21,2.0142412952518428e-21,2.0142549538394373e-21,2.0142686122926448e-21,2.0142822706146536e-21,2.0142959288091564e-21,2.0143095868707534e-21,2.0143232448043695e-21,2.014336902617006e-21,2.014350560293598e-21,2.0143642178443195e-21,2.0143778752846233e-21,2.0143915325772748e-21,2.0144051897539567e-21,2.0144188467997645e-21,2.0144325037369635e-21,2.0144461605268656e-21,2.014459817170666e-21,2.0144734736998654e-21,2.014487130120387e-21,2.0145007863954753e-21,2.0145144425506876e-21,2.014528098571761e-21,2.0145417544598748e-21,2.01455541022291e-21,2.014569065855293e-21,2.014582721360124e-21,2.0145963767351697e-21,2.014610032010861e-21,2.0146236871529232e-21,2.0146373421465526e-21,2.0146509970069593e-21,2.014664651748752e-21,2.0146783063682875e-21,2.014691960844862e-21,2.0147056151955572e-21,2.014719269424812e-21,2.0147329235201743e-21,2.0147465774885936e-21,2.014760231324547e-21,2.014773885045966e-21,2.0147875386178654e-21,2.0148011920786318e-21,2.014814845407325e-21,2.014828498636608e-21,2.014842151734672e-21,2.014855804702973e-21,2.0148694575180957e-21,2.0148831102063215e-21,2.0148967627621603e-21,2.014910415194321e-21,2.014924067493985e-21,2.0149377196723636e-21,2.014951371718966e-21,2.0149650236630278e-21,2.0149786754530078e-21,2.0149923271246435e-21,2.015005978671758e-21,2.0150196300811244e-21,2.0150332813656162e-21,2.0150469325191945e-21,2.0150605835434917e-21,2.0150742344314805e-21,2.0150878851756768e-21,2.0151015358231364e-21,2.015115186362333e-21,2.0151288367425954e-21,2.0151424870141128e-21,2.01515613708506e-21,2.0151697870851657e-21,2.0151834369632973e-21,2.015197086711174e-21,2.015210736326941e-21,2.0152243858417253e-21,2.0152380352031847e-21,2.015251684422882e-21,2.015265333518757e-21,2.015278982514337e-21,2.015292631389247e-21,2.0153062801160456e-21,2.0153199287095566e-21,2.0153335771971152e-21,2.0153472255282078e-21,2.015360873741392e-21,2.0153745218209067e-21,2.0153881697315074e-21,2.015401817556055e-21,2.015415465257016e-21,2.0154291128272642e-21,2.0154427602679926e-21,2.0154564075794644e-21,2.0154700547559657e-21,2.0154837018112968e-21,2.015497348740126e-21,2.0155109955502155e-21,2.0155246422414254e-21,2.0155382887257385e-21,2.0155519351424594e-21,2.0155655814205e-21,2.0155792275759663e-21,2.0155928736324656e-21,2.015606519537663e-21,2.0156201653121312e-21,2.015633810962595e-21,2.0156474565012045e-21,2.015661101894283e-21,2.0156747471569514e-21,2.015688392289625e-21,2.015702037286953e-21,2.0157156821955813e-21,2.015729326944861e-21,2.015742971569948e-21,2.015756616067424e-21,2.0157702604466166e-21,2.0157839046880236e-21,2.0157975488107674e-21,2.0158111927921412e-21,2.015824836648528e-21,2.0158384804030357e-21,2.0158521240064212e-21,2.0158657674930962e-21,2.015879410827245e-21,2.015893054043069e-21,2.015906697166111e-21,2.0159203401260847e-21,2.015933982956888e-21,2.0159476256588635e-21,2.0159612682643135e-21,2.0159749106521822e-21,2.0159885529758013e-21,2.016002195170109e-21,2.016015837232483e-21,2.016029479166092e-21,2.016043120977088e-21,2.016056762659134e-21,2.016070404215449e-21,2.01608404566046e-21,2.0160976869636356e-21,2.0161113281493234e-21,2.0161249691882178e-21,2.016138610121611e-21,2.0161522509077636e-21,2.0161658915629364e-21,2.0161795320991507e-21,2.0161931724877793e-21,2.0162068127618395e-21,2.0162204529045998e-21,2.016234092924668e-21,2.016247732816821e-21,2.0162613725793305e-21,2.0162750122156303e-21,2.0162886517254472e-21,2.0163022911275634e-21,2.0163159303460706e-21,2.0163295694707904e-21,2.016343208463325e-21,2.0163568473331665e-21,2.016370486074551e-21,2.0163841246876523e-21,2.0163977631743487e-21,2.0164114015707074e-21,2.016425039798255e-21,2.016438677917816e-21,2.0164523158916812e-21,2.016465953737013e-21,2.0164795914824926e-21,2.0164932290758046e-21,2.016506866486291e-21,2.0165205038205523e-21,2.0165341410269108e-21,2.0165477781298483e-21,2.0165614151038994e-21,2.0165750519245976e-21,2.0165886886431654e-21,2.0166023252117293e-21,2.0166159616595805e-21,2.0166295979701322e-21,2.0166432341670856e-21,2.0166568702392474e-21,2.0166705061927715e-21,2.0166841419899015e-21,2.0166977776656208e-21,2.016711413238081e-21,2.0167250486828582e-21,2.0167386839776515e-21,2.016752319134756e-21,2.0167659541832072e-21,2.0167795890866316e-21,2.016793223882294e-21,2.016806858530485e-21,2.0168204930484718e-21,2.0168341274416026e-21,2.016847761706979e-21,2.0168613958463984e-21,2.0168750298424656e-21,2.0168886637505164e-21,2.016902297514212e-21,2.0169159311668095e-21,2.0169295646924055e-21,2.0169431980673622e-21,2.0169568313264934e-21,2.0169704644385005e-21,2.0169840974497364e-21,2.0169977303042466e-21,2.0170113630363433e-21,2.017024995635086e-21,2.0170386281338702e-21,2.017052260505368e-21,2.0170658927208202e-21,2.017079524816437e-21,2.0170931567763016e-21,2.0171067886127852e-21,2.0171204203360607e-21,2.0171340519276292e-21,2.0171476834049295e-21,2.0171613147315044e-21,2.0171749459235455e-21,2.017188577015578e-21,2.0172022079558522e-21,2.017215838774809e-21,2.0172294694618846e-21,2.01724310001212e-21,2.01725673044345e-21,2.017270360745823e-21,2.017283990921755e-21,2.017297621017693e-21,2.0173112509463727e-21,2.017324880749852e-21,2.0173385104357503e-21,2.0173521399711216e-21,2.0173657693920565e-21,2.0173793986893798e-21,2.0173930278429425e-21,2.0174066568671058e-21,2.017420285764433e-21,2.0174339145667494e-21,2.017447543217149e-21,2.017461171736181e-21,2.0174748001357047e-21,2.0174884283919263e-21,2.017502056529888e-21,2.0175156845403112e-21,2.0175293124156588e-21,2.017542940173389e-21,2.017556567787521e-21,2.017570195284227e-21,2.0175838226517095e-21,2.017597449897519e-21,2.0176110770259503e-21,2.0176247040102258e-21,2.0176383308618204e-21,2.0176519575843826e-21,2.01766558414263e-21,2.0176792106109987e-21,2.017692836950138e-21,2.0177064631815452e-21,2.0177200892238682e-21,2.017733715157092e-21,2.017747340983744e-21,2.017760966682097e-21,2.017774592278641e-21,2.017788217720866e-21,2.0178018430585934e-21,2.0178154682489516e-21,2.017829093311693e-21,2.017842718241579e-21,2.0178563430469267e-21,2.017869967735595e-21,2.0178835923034157e-21,2.0178972167104455e-21,2.017910841005216e-21,2.0179244651604182e-21,2.0179380891888008e-21,2.0179517130991032e-21,2.0179653368976847e-21,2.017978960550858e-21,2.017992584086983e-21,2.018006207488594e-21,2.0180198307748955e-21,2.018033453908361e-21,2.018047076922282e-21,2.018060699808509e-21,2.018074322572044e-21,2.018087945226716e-21,2.0181015677409582e-21,2.018115190143327e-21,2.018128812390733e-21,2.0181424345143543e-21,2.018156056510488e-21,2.018169678376552e-21,2.018183300113082e-21,2.0181969217114933e-21,2.0182105431956306e-21,2.018224164553345e-21,2.018237785805657e-21,2.0182514069077355e-21,2.018265027828088e-21,2.0182786486729055e-21,2.0182922693931344e-21,2.018305889985535e-21,2.0183195103982534e-21,2.018333130679658e-21,2.0183467508872792e-21,2.0183603709940144e-21,2.0183739909409512e-21,2.018387610735592e-21,2.018401230437857e-21,2.0184148500279432e-21,2.0184284694699143e-21,2.018442088800009e-21,2.018455707980888e-21,2.0184693270387044e-21,2.0184829459701747e-21,2.0184965647730335e-21,2.0185101834720866e-21,2.0185238020470834e-21,2.0185374204933552e-21,2.0185510387838444e-21,2.0185646569528315e-21,2.018578275000407e-21,2.018591892906536e-21,2.018605510675643e-21,2.018619128339204e-21,2.018632745871105e-21,2.0186463632927833e-21,2.0186599805618123e-21,2.018673597704065e-21,2.018687214725589e-21,2.01870083162533e-21,2.01871444838495e-21,2.0187280650240332e-21,2.0187416815519704e-21,2.0187552979489195e-21,2.018768914195671e-21,2.0187825303123066e-21,2.0187961463312807e-21,2.0188097622282227e-21,2.0188233779692162e-21,2.0188369935793782e-21,2.018850609074084e-21,2.0188642244399174e-21,2.0188778396733404e-21,2.0188914547737396e-21,2.0189050697430822e-21,2.018918684540722e-21,2.0189322992686322e-21,2.0189459138847247e-21,2.018959528345973e-21,2.0189731426884847e-21,2.018986756910341e-21,2.0190003710047542e-21,2.019013984954367e-21,2.0190275987761484e-21,2.0190412124893977e-21,2.0190548260566054e-21,2.0190684395216436e-21,2.0190820528444557e-21,2.019095666028837e-21,2.0191092790939154e-21,2.019122892032207e-21,2.0191365048344093e-21,2.0191501175122926e-21,2.0191637300536954e-21,2.0191773424732035e-21,2.0191909547633726e-21,2.0192045669227274e-21,2.01921817895631e-21,2.0192317908596327e-21,2.019245402641124e-21,2.0192590142697503e-21,2.0192726257942806e-21,2.0192862371930447e-21,2.0192998484484274e-21,2.019313459589981e-21,2.0193270705814078e-21,2.019340681467612e-21,2.0193542922312e-21,2.019367902889178e-21,2.019381513394023e-21,2.0193951237816543e-21,2.0194087340340756e-21,2.0194223441414916e-21,2.0194359541351927e-21,2.019449563995889e-21,2.0194631737355402e-21,2.0194767833452553e-21,2.0194903928020903e-21,2.019504002183289e-21,2.0195176114101066e-21,2.019531220510556e-21,2.0195448294848512e-21,2.019558438323618e-21,2.019572047039918e-21,2.0195856556291753e-21,2.0195992640976633e-21,2.0196128724456223e-21,2.0196264806469353e-21,2.0196400887298585e-21,2.0196536966791267e-21,2.0196673045103805e-21,2.0196809122248433e-21,2.0196945198069337e-21,2.019708127272363e-21,2.0197217345795507e-21,2.0197353417865038e-21,2.019748948863563e-21,2.0197625558199358e-21,2.019776162648284e-21,2.0197897692976877e-21,2.019803375804219e-21,2.019816982223904e-21,2.019830588513566e-21,2.0198441946786636e-21,2.019857800721302e-21,2.0198714066353823e-21,2.0198850124367424e-21,2.0198986180892974e-21,2.0199122235725124e-21,2.0199258289694818e-21,2.0199394342532855e-21,2.0199530393949732e-21,2.019966644419366e-21,2.0199802493071442e-21,2.0199938540793103e-21,2.0200074587118906e-21,2.020021063229951e-21,2.020034667607297e-21,2.020048271852572e-21,2.020061875998035e-21,2.0200754799925928e-21,2.0200890838554153e-21,2.0201026875915274e-21,2.0201162912352302e-21,2.020129894675352e-21,2.0201434980597172e-21,2.0201571013083404e-21,2.020170704427637e-21,2.020184307400309e-21,2.0201979102450183e-21,2.0202115129647194e-21,2.0202251155589657e-21,2.0202387180383137e-21,2.020252320380209e-21,2.020265922611243e-21,2.0202795247075443e-21,2.0202931266866294e-21,2.0203067285122374e-21,2.0203203302322695e-21,2.0203339318008848e-21,2.0203475332449044e-21,2.020361134567582e-21,2.0203747357588115e-21,2.020388336817182e-21,2.0204019377499407e-21,2.020415538559828e-21,2.020429139254336e-21,2.020442739826792e-21,2.0204563402491532e-21,2.0204699405526293e-21,2.0204835407212864e-21,2.020497140756525e-21,2.020510740668652e-21,2.020524340482764e-21,2.0205379401378664e-21,2.0205515396555754e-21,2.020565139045578e-21,2.0205787383238792e-21,2.020592337473961e-21,2.020605936502522e-21,2.0206195353968178e-21,2.0206331341805967e-21,2.02064673282596e-21,2.0206603313332933e-21,2.0206739296901074e-21,2.020687527967466e-21,2.020701126080307e-21,2.020714724074894e-21,2.020728321941939e-21,2.0207419196017287e-21,2.0207555171949007e-21,2.020769114697039e-21,2.0207827120739396e-21,2.0207963092944084e-21,2.020809906401599e-21,2.0208235033801816e-21,2.0208371002270245e-21,2.0208506968993786e-21,2.0208642934962708e-21,2.020877889962682e-21,2.0208914863036324e-21,2.0209050825170734e-21,2.020918678617105e-21,2.0209322745751015e-21,2.020945870399621e-21,2.02095946610423e-21,2.020973061679971e-21,2.0209866571265876e-21,2.0210002524618746e-21,2.021013847651021e-21,2.0210274427340642e-21,2.021041037679642e-21,2.0210546324904575e-21,2.021068227187615e-21,2.021081821754702e-21,2.021095416178332e-21,2.0211090104789897e-21,2.02112260466309e-21,2.021136198703293e-21,2.0211497926562752e-21,2.02116338648017e-21,2.021176980140679e-21,2.021190573674636e-21,2.021204167082403e-21,2.021217760386764e-21,2.0212313535664933e-21,2.021244946614477e-21,2.021258539529759e-21,2.0212721322859623e-21,2.021285724926792e-21,2.0212993174424122e-21,2.0213129098307096e-21,2.02132650208687e-21,2.021340094225917e-21,2.0213536862235454e-21,2.0213672781096464e-21,2.0213808698481257e-21,2.0213944614669167e-21,2.0214080529869665e-21,2.021421644356592e-21,2.0214352355932192e-21,2.021448826711507e-21,2.021462417717977e-21,2.0214760085910336e-21,2.0214895993372685e-21,2.021503189959303e-21,2.0215167804422396e-21,2.0215303708094857e-21,2.0215439610426047e-21,2.0215575511345605e-21,2.0215711411087236e-21,2.0215847309391355e-21,2.021598320661268e-21,2.0216119102519416e-21,2.021625499650863e-21,2.0216390889810588e-21,2.0216526781920642e-21,2.0216662672704878e-21,2.021679856216732e-21,2.0216934450127852e-21,2.021707033704232e-21,2.0217206222682256e-21,2.02173421070434e-21,2.021747799013238e-21,2.0217613871802146e-21,2.021774975248978e-21,2.0217885631789974e-21,2.0218021509774532e-21,2.021815738616613e-21,2.021829326183568e-21,2.0218429136271546e-21,2.0218565009113416e-21,2.021870088073186e-21,2.0218836751155492e-21,2.021897262055322e-21,2.021910848840316e-21,2.021924435500781e-21,2.021938022034836e-21,2.021951608430044e-21,2.0219651947188533e-21,2.0219787808625925e-21,2.0219923668814e-21,2.0220059527786593e-21,2.022019538501746e-21,2.0220331241340235e-21,2.0220467096426482e-21,2.022060295038346e-21,2.0220738802804316e-21,2.0220874654112246e-21,2.0221010503985784e-21,2.0221146352621167e-21,2.022128220004088e-21,2.02214180462519e-21,2.022155389109365e-21,2.0221689734719863e-21,2.0221825576984446e-21,2.022196141812402e-21,2.022209725788335e-21,2.0222233096589463e-21,2.022236893381637e-21,2.0222504769433268e-21,2.022264060408454e-21,2.0222776437540474e-21,2.0222912269639326e-21,2.022304810051079e-21,2.022318393008908e-21,2.022331975838536e-21,2.0223455585524005e-21,2.0223591411281394e-21,2.0223727235626632e-21,2.0223863058858307e-21,2.022399888073594e-21,2.022413470137013e-21,2.0224270520751855e-21,2.0224406338788913e-21,2.0224542155860625e-21,2.0224677971426135e-21,2.0224813785718663e-21,2.0224949598722668e-21,2.0225085410463925e-21,2.0225221220927816e-21,2.02253570301236e-21,2.0225492838080656e-21,2.0225628644728825e-21,2.0225764450128017e-21,2.022590025431943e-21,2.022603605721747e-21,2.0226171858733375e-21,2.022630765925817e-21,2.022644345823865e-21,2.02265792559309e-21,2.0226715052374503e-21,2.0226850847638022e-21,2.0226986641501466e-21,2.022712243412272e-21,2.0227258225435764e-21,2.0227394015559996e-21,2.0227529804338236e-21,2.0227665591822503e-21,2.0227801378149076e-21,2.0227937163111672e-21,2.022807294684821e-21,2.0228208729289386e-21,2.022834451048456e-21,2.022848029038125e-21,2.0228616068958684e-21,2.022875184646612e-21,2.0228887622527323e-21,2.022902339735553e-21,2.022915917085728e-21,2.0229294943333442e-21,2.0229430714259305e-21,2.022956648402934e-21,2.0229702252563324e-21,2.0229838019761496e-21,2.0229973785663262e-21,2.0230109550269644e-21,2.0230245313645527e-21,2.023038107579079e-21,2.0230516836725265e-21,2.0230652596282265e-21,2.0230788354517438e-21,2.0230924111453605e-21,2.023105986715084e-21,2.0231195621587705e-21,2.02313313747277e-21,2.0231467125972595e-21,2.0231602876574676e-21,2.023173862594343e-21,2.0231874373977773e-21,2.0232010120750262e-21,2.0232145866304778e-21,2.0232281610505785e-21,2.0232417353470828e-21,2.0232553095138e-21,2.0232688835407305e-21,2.0232824574457567e-21,2.0232960312322457e-21,2.023309604886425e-21,2.023323178428639e-21,2.02333675183243e-21,2.0233503251137042e-21,2.023363898272397e-21,2.023377471309439e-21,2.0233910442040583e-21,2.0234046169958357e-21,2.0234181896449536e-21,2.0234317621585207e-21,2.023445334543852e-21,2.0234589067992606e-21,2.023472478880264e-21,2.023486050886443e-21,2.023499622796925e-21,2.023513194543748e-21,2.0235267661666675e-21,2.023540337657577e-21,2.02355390899905e-21,2.0235674802245846e-21,2.0235810513386717e-21,2.0235946223259554e-21,2.023608193183512e-21,2.02362176390946e-21,2.023635334523232e-21,2.023648905011348e-21,2.0236624753584284e-21,2.023676045574347e-21,2.0236896156666922e-21,2.0237031856319485e-21,2.0237167554722703e-21,2.0237303251736317e-21,2.0237438947706607e-21,2.0237574642439152e-21,2.0237710335978208e-21,2.0237846027960605e-21,2.0237981718772984e-21,2.0238117408276374e-21,2.0238253096490496e-21,2.0238388783412644e-21,2.0238524469032347e-21,2.0238660153557795e-21,2.0238795836674297e-21,2.023893151851999e-21,2.0239067199139795e-21,2.023920287842108e-21,2.023933855645711e-21,2.0239474233385207e-21,2.0239609908865318e-21,2.023974558316972e-21,2.0239881256078015e-21,2.0240016927854912e-21,2.024015259825634e-21,2.0240288267296553e-21,2.0240423935246523e-21,2.0240559601773316e-21,2.0240695267061917e-21,2.0240830931202284e-21,2.0240966594007045e-21,2.024110225555343e-21,2.024123791571854e-21,2.0241373574653387e-21,2.0241509232312195e-21,2.0241644888704662e-21,2.0241780543896704e-21,2.0241916198023917e-21,2.0242051850559175e-21,2.024218750198178e-21,2.024232315219458e-21,2.024245880099394e-21,2.0242594448458036e-21,2.0242730094667563e-21,2.0242865739700094e-21,2.0243001383363534e-21,2.024313702575565e-21,2.0243272666878487e-21,2.0243408306673542e-21,2.0243543945266757e-21,2.024367958248448e-21,2.0243815218585204e-21,2.0243950853334658e-21,2.0244086486823305e-21,2.024422211902752e-21,2.0244357750111554e-21,2.024449337977916e-21,2.0244629008287758e-21,2.024476463567969e-21,2.0244900261426736e-21,2.0245035886282703e-21,2.024517150954394e-21,2.024530713157684e-21,2.024544275221404e-21,2.0245578371702692e-21,2.0245713990066116e-21,2.024584960684243e-21,2.0245985222616365e-21,2.024612083719805e-21,2.0246256450529668e-21,2.0246392062675595e-21,2.0246527673306643e-21,2.0246663282603322e-21,2.0246798890670055e-21,2.024693449743914e-21,2.0247070103178972e-21,2.024720570738152e-21,2.0247341310573255e-21,2.0247476912258223e-21,2.024761251212289e-21,2.0247748111207717e-21,2.0247883709069026e-21,2.0248019305886917e-21,2.024815490122344e-21,2.02482904952248e-21,2.0248426088066874e-21,2.0248561679567953e-21,2.0248697269920143e-21,2.024883285879722e-21,2.0248968446864846e-21,2.0249104033374332e-21,2.0249239618515235e-21
21,1.0703261781447939e-84,1.7756532300090645e-83,6.703517005810747e-83,1.6899337290545635e-82,3.694894153686202e-82,7.151898020545475e-82,1.2673056423824583e-81,2.1025339362557743e-81,3.313551049814131e-81,5.01032352242441e-81,7.321400365250515e-81,1.039519449219068e-80,1.4401259169754301e-80,1.9531563823328148e-80,2.600177223233058e-80,3.405252508858539e-80,4.395072805563742e-80,5.5990845839688255e-80,7.049620231954609e-80,8.782028646148773e-80,1.0834806353567537e-79,1.324972910368299e-79,1.6071983863280223e-79,1.9350301148241925e-79,2.3137087626411912e-79,2.7488558929623616e-79,3.246487262332529e-79,3.813026127935673e-79,4.4553165613364784e-79,5.180636765027295e-79,5.996712388226898e-79,6.911729840197221e-79,7.934349598198968e-79,9.073719508966691e-79,1.0339488082091256e-78,1.1741817774490189e-78,1.3291398265216219e-78,1.4999459720223355e-78,1.6877786045777343e-78,1.8938728132068056e-78,2.1195217085007764e-78,2.36607774476377e-78,2.6349540410239923e-78,2.9276257009187686e-78,3.245631131660891e-78,3.590573361691063e-78,3.9641213574769735e-78,4.368011339214628e-78,4.804048095498097e-78,5.274106296937749e-78,5.780131808885871e-78,6.324143003047456e-78,6.908232068367991e-78,7.534566320569857e-78,8.205389511150454e-78,8.923023135126765e-78,9.68986773814271e-78,1.050840422233252e-77,1.1381195151575082e-77,1.2310886055678675e-77,1.3300206733607452e-77,1.4351972556059612e-77,1.5469085766802617e-77,1.6654536783667326e-77,1.791140549781051e-77,1.9242862573186865e-77,2.0652170744020747e-77,2.2142686112299373e-77,2.371785944394952e-77,2.5381237464171613e-77,2.713646415211137e-77,2.8987282034449776e-77,3.0937533478205146e-77,3.2991161982731753e-77,3.515221347080231e-77,3.742483757891032e-77,3.981328894636407e-77,4.2321928504402145e-77,4.495522476311628e-77,4.771775509879882e-77,5.061420703978942e-77,5.364937955129562e-77,5.682818431995829e-77,6.015564703740785e-77,6.3636908682285104e-77,6.727722680230621e-77,7.108197679516135e-77,7.505665318829903e-77,7.920687091824305e-77,8.353836660880912e-77,8.805699984859715e-77,9.276875446776979e-77,9.767973981333437e-77,1.0279619202479563e-76,1.081244753077286e-76,1.1367108320677093e-76,1.1944263987914546e-76,1.254459013647678e-76,1.316877568581422e-76,1.3817522997714069e-76,1.449154800335259e-76,1.5191580329955647e-76,1.591836342759999e-76,1.6672654695921822e-76,1.74552256105776e-76,1.8266861849790743e-76,1.9108363420771465e-76,1.9980544785971992e-76,2.0884234989353583e-76,2.1820277782527334e-76,2.2789531750827504e-76,2.379287043932769e-76,2.4831182478701626e-76,2.590537171089999e-76,2.701635731519593e-76,2.816507393354685e-76,2.935247179637053e-76,3.05795168477852e-76,3.184719087128466e-76,3.315649161484811e-76,3.450843291622796e-76,3.590404482826267e-76,3.734437374360147e-76,3.8830482520071644e-76,4.036345060534223e-76,4.1944374161672214e-76,4.3574366190917874e-76,4.525455665907926e-76,4.698609262062238e-76,4.8770138343395275e-76,5.0607875432810094e-76,5.250050295600895e-76,5.444923756639712e-76,5.64553136278022e-76,5.851998333810204e-76,6.064451685384969e-76,6.283020241382626e-76,6.507834646295903e-76,6.739027377589017e-76,6.976732758086881e-76,7.221086968348513e-76,7.472228058963032e-76,7.730295962940251e-76,7.995432508039372e-76,8.267781429056734e-76,8.547488380208703e-76,8.834700947371052e-76,9.129568660435421e-76,9.432243005570406e-76,9.742877437519944e-76,1.0061627391877228e-75,1.0388650297355556e-75,1.0724105588039957e-75,1.106815471566125e-75,1.1420961161821598e-75,1.178269045022436e-75,1.2153510158939898e-75,1.2533589932552057e-75,1.2923101494484093e-75,1.3322218659086158e-75,1.3731117343888394e-75,1.4149975581817199e-75,1.4578973533302134e-75,1.5018293498515006e-75,1.546811992949127e-75,1.592863944230617e-75,1.6400040829188558e-75,1.688251507073085e-75,1.7376255347942978e-75,1.7881457054452693e-75,1.839831780849714e-75,1.8927037465211603e-75,1.9467818128573413e-75,2.0020864163524218e-75,2.0586382208162965e-75,2.1164581185668064e-75,2.1755672316473325e-75,2.2359869130245314e-75,2.297738747801695e-75,2.360844554418065e-75,2.4253263858534294e-75,2.4912065308321187e-75,2.558507515018853e-75,2.6272521022343254e-75,2.697463295635522e-75,2.769164338934448e-75,2.84237871758572e-75,2.9171301599815106e-75,2.9934426386653424e-75,3.0713403715105066e-75,3.1508478229257195e-75,3.231989705043863e-75,3.314790978922667e-75,3.399276855734895e-75,3.4854727979557033e-75,3.573404520564126e-75,3.6630979922243394e-75,3.754579436487741e-75,3.847875332964788e-75,3.943012418531488e-75,4.040017688505804e-75,4.138918397842525e-75,4.239742062305054e-75,4.342516459669059e-75,4.44726963090626e-75,4.554029881334945e-75,4.6628257818527e-75,4.773686170088835e-75,4.886640151587258e-75,5.001717100991533e-75,5.118946663227662e-75,5.238358754678318e-75,5.359983564372156e-75,5.483851555132712e-75,5.609993464792075e-75,5.738440307353064e-75,5.869223374147366e-75,6.002374235020623e-75,6.137924739526383e-75,6.275907018066523e-75,6.416353483094088e-75,6.559296830251168e-75,6.704770039567924e-75,6.852806376626696e-75,7.003439393712185e-75,7.156702931008277e-75,7.312631117740273e-75,7.471258373363244e-75,7.632619408698987e-75,7.796749227133955e-75,7.96368312577206e-75,8.133456696582228e-75,8.30610582758392e-75,8.481666703990899e-75,8.660175809390017e-75,8.841669926885014e-75,9.026186140267788e-75,9.213761835176133e-75,9.404434700252838e-75,9.598242728280417e-75,9.795224217380713e-75,9.99541777213518e-75,1.0198862304751128e-74,1.0405597036232034e-74,1.0615661497485622e-74,1.0829095530543026e-74,1.1045939289656176e-74,1.1266233242465136e-74,1.1490018171166992e-74,1.171733517363945e-74,1.194822566459493e-74,1.2182731376758105e-74,1.2420894361968684e-74,1.2662756992353137e-74,1.2908361961476967e-74,1.3157752285481369e-74,1.341097130420643e-74,1.3668062682386734e-74,1.3929070410738823e-74,1.4194038807129766e-74,1.4463012517715108e-74,1.473603651811174e-74,1.5013156114468284e-74,1.5294416944658724e-74,1.557986497939932e-74,1.5869546523406721e-74,1.6163508216513395e-74,1.6461797034804413e-74,1.6764460291760735e-74,1.7071545639394053e-74,1.7383101069401804e-74,1.7699174914227216e-74,1.801981584830219e-74,1.8345072889077252e-74,1.867499539821962e-74,1.9009633082698918e-74,1.9349035995944504e-74,1.9693254538965503e-74,2.004233946148861e-74,2.0396341863058597e-74,2.075531319419088e-74,2.1119305257490285e-74,2.1488370208785944e-74,2.186256055821304e-74,2.2241929171391663e-74,2.2626529270522023e-74,2.301641443549753e-74,2.3411638605049377e-74,2.3812256077851316e-74,2.4218321513653285e-74,2.4629889934379518e-74,2.5047016725267333e-74,2.54697576359545e-74,2.5898168781660814e-74,2.633230664420584e-74,2.677222807322297e-74,2.721799028721478e-74,2.7669650874668385e-74,2.812726779521421e-74,2.859089938069628e-74,2.9060604336267035e-74,2.953644174156566e-74,3.0018471051747366e-74,3.0506752098695928e-74,3.1001345091997084e-74,3.1502310620161687e-74,3.200970965167789e-74,3.2523603536148306e-74,3.3044054005348626e-74,3.3571123174412864e-74,3.4104873542811237e-74,3.46453679956203e-74,3.519266980446965e-74,3.5746842628719906e-74,3.6307950516574625e-74,3.687605790614671e-74,3.745122962657479e-74,3.8033530899121295e-74,3.8623027338262345e-74,3.921978495281065e-74,3.982387014697375e-74,4.043534972149338e-74,4.105429087471243e-74,4.168076120364343e-74,4.231482870515629e-74,4.2956561776945895e-74,4.360602921875006e-74,4.426330023334395e-74,4.492844442767439e-74,4.5601531813966515e-74,4.6282632810760624e-74,4.697181824406477e-74,4.766915934837926e-74,4.837472776786138e-74,4.908859555730072e-74,4.981083518333646e-74,5.054151952541465e-74,5.128072187702746e-74,5.20285159466099e-74,5.278497585879046e-74,5.355017615538069e-74,5.432419179642891e-74,5.510709816143085e-74,5.589897105031448e-74,5.669988668448303e-74,5.7509921707995325e-74,5.832915318859897e-74,5.915765861881431e-74,5.999551591694087e-74,6.0842803428284156e-74,6.169959992603664e-74,6.256598461261202e-74,6.344203712037986e-74,6.432783751305809e-74,6.5223466286612125e-74,6.612900437034711e-74,6.704453312802986e-74,6.797013435892707e-74,6.890589029886073e-74,6.985188362127177e-74,7.08081974383736e-74,7.177491530212852e-74,7.275212120532662e-74,7.37398995826397e-74,7.4738335311801e-74,7.574751371450587e-74,7.676752055757593e-74,7.779844205403229e-74,7.884036486411825e-74,7.989337609630445e-74,8.095756330853473e-74,8.203301450905628e-74,8.31198181576562e-74,8.421806316664665e-74,8.53278389018807e-74,8.64492351839452e-74,8.758234228906462e-74,8.872725095028343e-74,8.988405235846334e-74,9.105283816326635e-74,9.223370047437613e-74,9.34267318623729e-74,9.463202535999733e-74,9.584967446291236e-74,9.707977313106054e-74,9.832241578955326e-74,9.95776973296981e-74,1.0084571311008248e-73,1.0212655895775482e-73,1.034203311689673e-73,1.0472712651052609e-73,1.0604704222076725e-73,1.0738017601036204e-73,1.0872662606376222e-73,1.1008649103992393e-73,1.114598700735177e-73,1.1284686277585107e-73,1.1424756923609894e-73,1.1566209002206873e-73,1.1709052618154773e-73,1.1853297924317694e-73,1.1998955121733472e-73,1.2146034459762686e-73,1.2294546236133865e-73,1.2444500797106486e-73,1.2595908537532518e-73,1.2748779900975194e-73,1.2903125379810841e-73,1.3058955515332849e-73,1.3216280897862012e-73,1.3375112166833383e-73,1.3535460010919582e-73,1.3697335168112362e-73,1.3860748425842984e-73,1.4025710621079485e-73,1.419223264042865e-73,1.4360325420247967e-73,1.4529999946723433e-73,1.4701267256007048e-73,1.487413843428523e-73,1.5048624617916203e-73,1.5224736993504465e-73,1.540248679801277e-73,1.5581885318872598e-73,1.5762943894064544e-73,1.5945673912251095e-73,1.6130086812859348e-73,1.631619408619166e-73,1.650400727349972e-73,1.6693537967145926e-73,1.6884797810634677e-73,1.7077798498779488e-73,1.727255177775314e-73,1.7469069445226557e-73,1.766736335044374e-73,1.7867445394340002e-73,1.80693275296353e-73,1.8273021760951966e-73,1.8478540144877062e-73,1.8685894790113975e-73,1.889509785754478e-73,1.9106161560355057e-73,1.931909816412102e-73,1.9533919986926693e-73,1.975063939943745e-73,1.9969268825021592e-73,2.0189820739859478e-73,2.0412307673020687e-73,2.0636742206581616e-73,2.0863136975723008e-73,2.1091504668822463e-73,2.1321858027563627e-73,2.155420984704004e-73,2.1788572975844284e-73,2.202496031617466e-73,2.226338482393425e-73,2.2503859508836017e-73,2.274639743448841e-73,2.2991011718532243e-73,2.323771553267305e-73,2.3486522102870155e-73,2.373744470934328e-73,2.3990496686759476e-73,2.4245691424247847e-73,2.450304236558798e-73,2.476256300923437e-73,2.502426690845506e-73,2.5288167671423485e-73,2.555427896131122e-73,2.582261449641467e-73,2.609318805022279e-73,2.6366013451495826e-73,2.6641104584424492e-73,2.6918475388705423e-73,2.7198139859618427e-73,2.7480112048151287e-73,2.7764406061083575e-73,2.8051036061090217e-73,2.83400162668565e-73,2.863136095313437e-73,2.8925084450887804e-73,2.9221201147381486e-73,2.9519725486234096e-73,2.98206719675862e-73,3.0124055148155046e-73,3.0429889641328814e-73,3.073819011730875e-73,3.1048971303155444e-73,3.136224798290175e-73,3.1678034997689885e-73,3.19963472457996e-73,3.23171996828218e-73,3.264060732167952e-73,3.296658523281739e-73,3.3295148544188533e-73,3.362631244146131e-73,3.396009216803548e-73,3.429650302518777e-73,3.463556037213351e-73,3.497727962616458e-73,3.5321676262712615e-73,3.566876581547749e-73,3.601856387646844e-73,3.6371086096192394e-73,3.6726348183656275e-73,3.708436590650828e-73,3.744515509116176e-73,3.7808731622838355e-73,3.8175111445695003e-73,3.854431056292966e-73,3.8916345036829506e-73,3.929123098893695e-73,3.966898460008067e-73,4.004962211052275e-73,4.043315982004052e-73,4.081961408799388e-73,4.120900133346118e-73,4.160133803531689e-73,4.199664073234211e-73,4.2394926023290874e-73,4.279621056701167e-73,4.320051108252161e-73,4.360784434915858e-73,4.40182272065702e-73,4.4431676554944574e-73,4.4848209354993764e-73,4.5267842628104977e-73,4.569059345641789e-73,4.6116478982959243e-73,4.6545516411646453e-73,4.697772300748619e-73,4.741311609661619e-73,4.7851713066399525e-73,4.829353136553462e-73,4.8738588504161015e-73,4.918690205392522e-73,4.963848964807763e-73,5.009336898162037e-73,5.0551557811320353e-73,5.101307395586877e-73,5.147793529595516e-73,5.1946159774324403e-73,5.2417765395967606e-73,5.2892770228115934e-73,5.337119240037806e-73,5.3853050104839974e-73,5.4338361596169775e-73,5.4827145191661845e-73,5.5319419271354034e-73,5.5815202278207317e-73,5.631451271802867e-73,5.681736915972937e-73,5.732379023532411e-73,5.783379464001891e-73,5.834740113241227e-73,5.886462853444747e-73,5.938549573162548e-73,5.99100216730101e-73,6.043822537135067e-73,6.097012590321119e-73,6.150574240905687e-73,6.204509409327643e-73,6.258820022432547e-73,6.313508013488016e-73,6.368575322181433e-73,6.424023894636781e-73,6.479855683421679e-73,6.536072647558111e-73,6.592676752530825e-73,6.64966997029618e-73,6.707054279291557e-73,6.76483166444605e-73,6.823004117185857e-73,6.881573635450472e-73,6.940542223694404e-73,6.999911892900751e-73,7.059684660590681e-73,7.119862550831838e-73,7.180447594245421e-73,7.241441828018809e-73,7.302847295912067e-73,7.364666048272102e-73,7.426900142033349e-73,7.489551640735904e-73,7.552622614527952e-73,7.616115140177183e-73,7.680031301084947e-73,7.744373187287289e-73,7.809142895467019e-73,7.874342528969067e-73,7.939974197800445e-73,8.006040018641477e-73,8.072542114863358e-73,8.139482616524532e-73,8.206863660389786e-73,8.274687389933494e-73,8.342955955348626e-73,8.411671513568388e-73,8.480836228255937e-73,8.550452269821943e-73,8.620521815441445e-73,8.691047049052304e-73,8.76203016136622e-73,8.833473349883117e-73,8.90537881889685e-73,8.977748779501011e-73,9.05058544960464e-73,9.123891053935897e-73,9.19766782405367e-73,9.271917998354178e-73,9.346643822087304e-73,9.421847547353074e-73,9.497531433126349e-73,9.573697745248084e-73,9.650348756451127e-73,9.727486746359225e-73,9.805114001498172e-73,9.883232815307023e-73,9.961845488141792e-73,1.0040954327291237e-72,1.012056164698349e-72,1.020066976839324e-72,1.0281281019648007e-72,1.0362397735844704e-72,1.0444022259057662e-72,1.0526156938337012e-72,1.0608804129730974e-72,1.0691966196287275e-72,1.0775645508063957e-72,1.0859844442138838e-72,1.0944565382616566e-72,1.1029810720645733e-72,1.11155828544095e-72,1.1201884189152687e-72,1.1288717137185285e-72,1.137608411788349e-72,1.146398755771616e-72,1.155242989023377e-72,1.1641413556088568e-72,1.1730941003039233e-72,1.1821014685970318e-72,1.1911637066880687e-72,1.2002810614915002e-72,1.2094537806350028e-72,1.2186821124628153e-72,1.2279663060343825e-72,1.2373066111268754e-72,1.2467032782347752e-72,1.256156558571387e-72,1.2656667040704895e-72,1.2752339673854577e-72,1.2848586018917543e-72,1.2945408616871165e-72,1.3042810015921586e-72,1.3140792771521367e-72,1.3239359446366321e-72,1.33385126104162e-72,1.3438254840895932e-72,1.3538588722306326e-72,1.3639516846433145e-72,1.3741041812355842e-72,1.3843166226458352e-72,1.3945892702431836e-72,1.4049223861294253e-72,1.4153162331379715e-72,1.4257710748372534e-72,1.4362871755297388e-72,1.4468648002532105e-72,1.4575042147826177e-72,1.4682056856290017e-72,1.4789694800423644e-72,1.48979586601111e-72,1.5006851122638925e-72,1.5116374882697327e-72,1.5226532642396188e-72,1.5337327111267247e-72,1.544876100628005e-72,1.5560837051829855e-72,1.5673557979786705e-72,1.5786926529459785e-72,1.5900945447633152e-72,1.6015617488569648e-72,1.6130945414015554e-72,1.6246931993206882e-72,1.6363580002886515e-72,1.6480892227306908e-72,1.6598871458238353e-72,1.6717520494981122e-72,1.6836842144376531e-72,1.6956839220797427e-72,1.7077514546186407e-72,1.7198870950040513e-72,1.732091126942634e-72,1.7443638348995122e-72,1.7567055040979315e-72,1.769116420521804e-72,1.7815968709147443e-72,1.794147142782013e-72,1.8067675243909352e-72,1.8194583047727488e-72,1.8322197737213314e-72,1.8450522217963085e-72,1.8579559403232013e-72,1.8709312213926203e-72,1.8839783578640255e-72,1.8970976433643287e-72,1.910289372289319e-72,1.923553839805806e-72,1.9368913418504252e-72,1.9503021751311447e-72,1.963786637128862e-72,1.9773450260975797e-72,1.990977641066463e-72,2.004684781837738e-72,2.018466748991367e-72,2.0323238438826614e-72,2.0462563686453866e-72,2.060264626191099e-72,2.0743489202104178e-72,2.0885095551748537e-72,2.102746836335487e-72,2.1170610697265554e-72,2.1314525621643638e-72,2.1459216212479528e-72,2.1604685553618914e-72,2.175093673674738e-72,2.189797286141537e-72,2.204579703504172e-72,2.2194412372917108e-72,2.234382199822151e-72,2.2494029042023528e-72,2.26450366432959e-72,2.2796847948923236e-72,2.2949466113700895e-72,2.3102894300356946e-72,2.3257135679555563e-72,2.3412193429897293e-72,2.3568070737941726e-72,2.372477079819239e-72,2.38822968131462e-72,2.4040651993251487e-72,2.4199839556952074e-72,2.435986273069435e-72,2.452072474890395e-72,2.468242885403506e-72,2.484497829655328e-72,2.5008376334951247e-72,2.5172626235745923e-72,2.5337731273511266e-72,2.55036947308654e-72,2.56705198984853e-72,2.5838210075118296e-72,2.600676856758509e-72,2.617619869079055e-72,2.6346503767733044e-72,2.6517687129504263e-72,2.6689752115314105e-72,2.686270207248545e-72,2.7036540356463014e-72,2.7211270330836553e-72,2.738689536731924e-72,2.756341884578063e-72,2.774084415426289e-72,2.791917468894969e-72,2.8098413854211646e-72,2.8278565062606856e-72,2.8459631734874133e-72,2.864161729996288e-72,2.882452519500586e-72,2.900835886537845e-72,2.9193121764654404e-72,2.937881735467016e-72,2.956544910546276e-72,2.975302049535418e-72,2.994153501088993e-72,3.0130996146899283e-72,3.0321407406482325e-72,3.0512772301014095e-72,3.0705094350152393e-72,3.089837708186293e-72,3.1092624032407075e-72,3.1287838746374313e-72,3.1484024776641413e-72,3.168118568445031e-72,3.1879325039355734e-72,3.2078446419276127e-72,3.2278553410454217e-72,3.247964960752986e-72,3.268173861347883e-72,3.288482403967593e-72,3.3088909505872715e-72,3.329399864021427e-72,3.350009507924444e-72,3.3707202467924214e-72,3.391532445961456e-72,3.412446471612772e-72,3.4334626907683997e-72,3.454581471295881e-72,3.4758031819077126e-72,3.4971281921619676e-72,3.518556872461387e-72,3.540089594058889e-72,3.561726729054396e-72,3.583468650395935e-72,3.605315731882958e-72,3.6272683481632615e-72,3.649326874737427e-72,3.671491687958213e-72,3.6937631650290485e-72,3.7161416840108965e-72,3.738627623816018e-72,3.7612213642130487e-72,3.78392328582735e-72,3.8067337701391874e-72,3.82965319948939e-72,3.852681957073908e-72,3.8758204269507756e-72,3.899068994035489e-72,3.922428044107205e-72,3.9458979638039323e-72,3.9694791406285136e-72,3.993171962944906e-72,4.016976819981862e-72,4.0408941018332764e-72,4.064924199458792e-72,4.089067504681837e-72,4.113324410196422e-72,4.137695309562741e-72,4.1621805972101326e-72,4.1867806684368453e-72,4.2114959194109035e-72,4.23632674717285e-72,4.2612735496338236e-72,4.286336725577642e-72,4.31151667466267e-72,4.336813797420131e-72,4.3622284952568726e-72,4.3877611704553346e-72,4.413412226174039e-72,4.4391820664489483e-72,4.465071096194551e-72,4.49107972120241e-72,4.5172083481474e-72,4.543457384581186e-72,4.569827238938034e-72,4.596318320533266e-72,4.6229310395667e-72,4.649665807120149e-72,4.676523035160316e-72,4.70350313653812e-72,4.730606524991729e-72,4.757833615143545e-72,4.785184822506319e-72,4.812660563478163e-72,4.840261255347976e-72,4.867987316293849e-72,4.895839165383176e-72,4.92381722257583e-72,4.951921908723397e-72,4.980153645571821e-72,5.008512855755093e-72,5.036999962808246e-72,5.065615391155252e-72,5.094359566122666e-72,5.123232913928301e-72,5.152235861687835e-72,5.181368837416779e-72,5.210632270029214e-72,5.240026589337784e-72,5.269552226057619e-72,5.299209611801949e-72,5.328999179089427e-72,5.358921361337133e-72,5.388976592869234e-72,5.41916530891287e-72,5.449487945600128e-72,5.479944939968809e-72,5.510536729962819e-72,5.541263754433493e-72,5.572126453141675e-72,5.603125266755113e-72,5.634260636849874e-72,5.66553300591717e-72,5.696942817354474e-72,5.72849051547147e-72,5.760176545493102e-72,5.792001353556373e-72,5.823965386710868e-72,5.856069092923219e-72,5.888312921073946e-72,5.920697320960738e-72,5.953222743297701e-72,5.98588963971764e-72,6.018698462771517e-72,6.051649665930317e-72,6.084743703580866e-72,6.117981031039472e-72,6.15136210453527e-72,6.184887381224115e-72,6.21855731918368e-72,6.252372377416467e-72,6.286333015847858e-72,6.320439695330211e-72,6.354692877642024e-72,6.389093025487131e-72,6.423640602497924e-72,6.458336073233644e-72,6.493179903185086e-72,6.528172558772338e-72,6.563314507343794e-72,6.598606217180402e-72,6.634048157494991e-72,6.669640798434623e-72,6.705384611077595e-72,6.741280067437539e-72,6.777327640463613e-72,6.813527804039413e-72,6.849881032986709e-72,6.88638780306143e-72,6.923048590960318e-72,6.959863874318779e-72,6.996834131707918e-72,7.033959842645307e-72,7.071241487583454e-72,7.108679547919394e-72,7.146274505990644e-72,7.184026845082006e-72,7.22193704941902e-72,7.26000560417021e-72,7.298232995450867e-72,7.336619710326057e-72,7.375166236801185e-72,7.413873063832308e-72,7.452740681322401e-72,7.491769580128834e-72,7.530960252051004e-72,7.570313189843721e-72,7.609828887209636e-72,7.649507838805927e-72,7.689350540242962e-72,7.729357488079448e-72,7.769529179835525e-72,7.809866113980206e-72,7.850368789939302e-72,7.891037708095256e-72,7.931873369790848e-72,7.972876277320411e-72,8.014046933941772e-72,8.05538584386921e-72,8.096893512277474e-72,8.13857044530274e-72,8.180417150040864e-72,8.22243413454994e-72,8.264621907854943e-72,8.306980979937254e-72,8.349511861747643e-72,8.392215065200211e-72,8.435091103175368e-72,8.478140489517406e-72,8.521363739043425e-72,8.564761367530454e-72,8.60833389173203e-72,8.652081829363573e-72,8.696005699115355e-72,8.740106020647013e-72,8.78438331458992e-72,8.828838102545835e-72,8.873470907091934e-72,8.918282251777281e-72,8.963272661124958e-72,9.008442660634147e-72,9.053792776777799e-72,9.099323537005668e-72,9.145035469750936e-72,9.190929104414036e-72,9.237004971381536e-72,9.283263602017255e-72,9.329705528662392e-72,9.376331284642439e-72,9.423141404264478e-72,9.470136422811149e-72,9.517316876558094e-72,9.564683302757858e-72,9.612236239645485e-72,9.659976226446644e-72,9.70790380336836e-72,9.756019511607064e-72,9.804323893342977e-72,9.852817491747908e-72,9.901500850978767e-72,9.95037451618181e-72,9.999439033496278e-72,1.0048694950048976e-71,1.009814281395954e-71,1.0147783174336904e-71,1.0197616581287678e-71,1.0247643585909434e-71,1.0297864740289092e-71,1.0348280597513688e-71,1.0398891711666034e-71,5.8239557820025385e-46,6.089214102642529e-46,6.358035868866083e-46,6.6352674378578976e-46,6.9221253555737145e-46,7.219759679563095e-46,7.529275305009874e-46,7.851749102510827e-46,8.188245215583288e-46,8.539828710569298e-46,8.907577811930731e-46,9.292594962717244e-46,9.696016945425888e-46,1.0119024278382995e-45,1.0562850086211254e-45,1.1028788618946806e-45,1.1518203581536506e-45,1.2032536412599584e-45,1.2573314642145272e-45,1.3142160445499577e-45,1.3740799501754812e-45,1.4371070259820915e-45,1.5034933710780876e-45,1.5734483763319183e-45,1.647195831905272e-45,1.7249751147320038e-45,1.8070424660139057e-45,1.8936723695337337e-45,1.9851590419639583e-45,2.081818047330867e-45,2.1839880492010766e-45,2.292032713359374e-45,2.4063427780934967e-45,2.527338307580317e-45,2.6554711478195187e-45,2.7912276041766313e-45,2.935131365067636e-45,3.0877466934472575e-45,3.24968191613969e-45,3.421593239470961e-45,3.604188925471366e-45,3.7982338649403526e-45,4.004554589049935e-45,4.2240447647303093e-45,4.457671224536585e-45,4.7064805874445445e-45,4.971606533040448e-45,5.2542777992673526e-45,5.55582698109061e-45,5.87770021738469e-45,6.22146786275553e-45,6.588836252293088e-45,6.981660680573761e-45,7.401959730947492e-45,7.851931105398253e-45,8.333969126057411e-45,8.850684098513031e-45,9.404923751592902e-45,9.999796992555958e-45,1.0638700249599897e-44,1.1325346704824255e-44,1.2063798760528663e-44,1.2858504123545097e-44,1.3714335948083243e-44,1.4636637520458409e-44,1.5631272050122836e-44,1.6704678190372038e-44,1.7863932005265465e-44,1.9116816182065107e-44,2.0471897416147789e-44,2.193861299804207e-44,2.352736778859799e-44,2.5249642927032463e-44,2.7118117802269106e-44,2.9146807033736943e-44,3.135121445456205e-44,3.374850637294787e-44,3.6357706716541942e-44,3.9199917042491703e-44,4.22985648242626e-44,4.567968394627539e-44,4.937223190492442e-44,5.340844889925812e-44,5.782426478130144e-44,6.265976074425611e-44,6.795969368638729e-44,7.377409244290991e-44,8.015893649362662e-44,8.717692946378077e-44,9.48983816979061e-44,1.0340221850011319e-43,1.1277713334278473e-43,1.2312290852872002e-43,1.3455192954903858e-43,1.4719092377710342e-43,1.6118295936256295e-43,1.766897463397932e-43,1.9389428927929166e-43,2.1300394935961174e-43,2.3425398419987373e-43,2.579116457496806e-43,2.8428093131313528e-43,3.1370810001100127e-43,3.465880878412255e-43,3.833719793535572e-43,4.245757238438691e-43,4.707903199324263e-43,5.226937356093716e-43,5.810648832091555e-43,6.4680003189790445e-43,7.209321169646905e-43,8.046534983540242e-43,8.993428340158413e-43,1.0065968722065968e-42,1.1282681358081236e-42,1.2665096788205552e-42,1.4238283499749083e-42,1.6031483118280732e-42,1.8078869504723805e-42,2.042045789876938e-42,2.310319619359644e-42,2.6182277812104764e-42,2.972272488143932e-42,3.380130192611134e-42,3.850883477574329e-42,4.395302757662111e-42,5.026189376333104e-42,5.758794591482732e-42,6.611332633020472e-42,7.605610716484602e-42,8.767804907520226e-42,1.0129418436793316e-41,1.1728468983270492e-41,1.3610964256595306e-41,1.5832741813866431e-41,1.846177066665675e-41,2.1581040471960219e-41,2.5292201157021673e-41,2.972016463745799e-41,3.5018944877220043e-41,4.137909837488954e-41,4.903724177087692e-41,5.828827701717311e-41,6.950116183244326e-41,8.313934401632935e-41,9.978736076290996e-41,1.201856280485342e-40,1.4527616676596848e-40,1.7626301192820389e-40,2.14692444485776e-40,2.62560139278565e-40,3.224550809429531e-40,3.977540197312081e-40,4.928858498662634e-40,6.136933821610525e-40,7.679317341555878e-40,9.65959769114043e-40,1.2217064227956212e-39,1.5540315961219935e-39,1.988658156160773e-39,2.560937851932621e-39,3.319846114582175e-39,4.333805297976366e-39,5.6992560689144144e-39,7.55340339127538e-39,1.0093375264481619e-38,1.3605349109453236e-38,1.8509365189854002e-38,2.542915472319394e-38,3.5302415095046037e-38,4.95574561589811e-38,7.040047408337952e-38,1.0129031198234778e-37,1.4773664453963862e-37,2.186667346702838e-37,2.913254250903799e-37,2.9132542509068857e-37,2.9132542509111313e-37,2.9132542509299008e-37,4.443667013346458e-37,6.8959414235942314e-37,1.0914516753507762e-36,1.764923058941157e-36,2.9215235638671973e-36,4.96168095225825e-36,8.667651679490469e-36,1.5621223388002864e-35,2.914475659041992e-35,5.651606627539715e-35,1.1444005436107415e-34,2.4331319608873543e-34,5.46715541588432e-34,1.3083868101675978e-33,3.36619232221602e-33,9.41512307127658e-33,2.9029710492380795e-32,1.003358243402903e-31,3.968254103460338e-31,1.8413629239494904e-30,1.0332043462392696e-29,7.282548888510801e-29,6.8989562782094e-28,1.1011155650457365e-26,5.08949230947221e-25,6.297309479508489e-25,9.864624042827146e-23,1.913382809046958e-20,3.743691915349002e-18,6.125445998777943e-16,7.0192892676639e-14,4.8372399287821105e-12,9.46578336914e-12,4.810375083183218e-10,8.086618072930154e-09,7.088704049631085e-08,3.70379090051564e-07,1.2841053460976873e-06,3.2456340716469e-06,6.468105809482703e-06,1.0808135821248434e-05,1.586009190431795e-05,2.1142527415802924e-05,2.623968949466832e-05,3.086097968366778e-05,3.48415438942387e-05,3.811631928225701e-05,4.0688826109732285e-05,4.260435696681009e-05,4.3930193397020825e-05,4.474233783291007e-05,4.511727571810584e-05,4.512726366356303e-05,4.483793639270961e-05,4.430736187925521e-05,4.3585955162997406e-05,4.2716868744685045e-05,4.173662064507493e-05,4.067581592014018e-05,3.955987816292575e-05,3.8409745456084025e-05,3.724250834283634e-05,3.6071981047994436e-05,3.4909204962308e-05,3.37628875865806e-05,3.2639782169229014e-05,3.1545014056316505e-05,3.048235985624713e-05,2.9454485239819984e-05,2.8463146729908912e-05,2.7509362308857832e-05,2.65935551370758e-05,2.5715674167256387e-05,2.4875294966479483e-05,2.4071703641543225e-05,2.3303966375008628e-05,2.2570986749105598e-05,2.1871552735735408e-05,2.1204374968873028e-05,2.0568117691843244e-05,1.9961423565005113e-05,1.938293335129187e-05,1.8831301344401397e-05,1.83052072730685e-05,1.7803365301322783e-05,1.7324530650681872e-05,1.686750428187127e-05,1.643113600667879e-05,1.6014326338200677e-05,1.561602733524036e-05,1.5235242654708241e-05,1.487102698590393e-05,1.4522485013448872e-05,1.4188770025608159e-05,1.3869082264862393e-05,1.3562667099188374e-05,1.326881307610997e-05,1.2986849910575233e-05,1.271614644553766e-05,1.2456108616961419e-05,1.2206177446776419e-05,1.1965827082552399e-05,1.1734562896237175e-05,1.1511919653532729e-05,1.1297459757544556e-05,1.1090771575247548e-05,1.0891467843062747e-05,1.0699184158217093e-05,1.051357755075749e-05,1.0334325137132681e-05,1.0161122852417055e-05,9.99368425857753e-06,9.831739425801483e-06,9.675033883699696e-06,9.523327639014542e-06,9.376394256207887e-06,9.234019997797702e-06,9.096003020678443e-06,8.962152625626955e-06,8.832288556094525e-06,8.706240343883902e-06,8.583846698170849e-06,8.464954935501448e-06,8.349420447770337e-06,8.237106205745708e-06,8.127882295860516e-06,8.021625487883622e-06,7.918218831245838e-06,7.81755127857484e-06,7.719517333802584e-06,7.6240167238749105e-06,7.530954091717456e-06,7.44023870977393e-06,7.3517842119183125e-06,7.265508343053623e-06,7.1813327248555955e-06,7.099182636441133e-06,7.0189868093830986e-06,6.940677235561981e-06,6.864188987306325e-06,6.789460048816745e-06,6.716431158173086e-06,6.645045659085949e-06,6.575249362050602e-06,6.5069904136064065e-06,6.4402191740742e-06,6.3748881022194425e-06,6.310951647145918e-06,6.248366146743131e-06,6.187089731777045e-06,6.127082235870252e-06,6.068305110794412e-06,6.0107213465210295e-06,5.954295396056025e-06,5.898993104293309e-06,5.844781641216772e-06,5.791629438675803e-06,5.7395061306998684e-06,5.68838249722925e-06,5.638230410766656e-06,5.589022786238057e-06,5.540733533132676e-06,5.493337510622718e-06,5.446810484857886e-06,5.401129088576123e-06,5.356270782870505e-06,5.312213820893094e-06,5.26893721344046e-06,5.226420696344202e-06,5.184644699489517e-06,5.143590317422076e-06,5.103239281411712e-06,5.063573932895993e-06,5.024577198264763e-06,4.986232564866176e-06,4.948524058174392e-06,4.91143622006536e-06,4.874954088138336e-06,4.839063176004591e-06,4.803749454514803e-06,4.768999333883362e-06,4.734799646624178e-06,4.701137631250023e-06,4.668000916780331e-06,4.635377507904068e-06,4.603255770828921e-06,4.571624419761429e-06,4.54047250398772e-06,4.5097893955674885e-06,4.479564777423486e-06,4.44978863223336e-06,4.420451231421068e-06,4.391543124970564e-06,4.3630551313952355e-06,4.334978328450915e-06,4.307304043879037e-06,4.280023846715464e-06,4.2531295391532195e-06,4.226613148284465e-06,4.200466918573261e-06,4.174683304472824e-06,4.149254963384232e-06,4.124174748825685e-06,4.099435703991728e-06,4.07503105544031e-06,4.050954207140942e-06,4.027198734679527e-06,4.003758379711566e-06,3.9806270446929965e-06,3.9577987875712614e-06,3.935267817104918e-06,3.913028487918865e-06,3.891075296044743e-06,3.869402874467143e-06,3.848005988933663e-06,3.826879533846962e-06,3.806018528329089e-06,3.7854181125288512e-06,3.7650735438117007e-06,3.7449801933679958e-06,3.7251335428601095e-06,3.705529180883722e-06,3.6861628001560338e-06,3.667030194401843e-06,3.648127255210186e-06,3.6294499693565113e-06,3.6109944160678714e-06,3.5927567643493905e-06,3.5747332704111634e-06,3.556920275245282e-06,3.5393142022379013e-06,3.5219115548672557e-06,3.5047089144146697e-06,3.487702937878195e-06,3.4708903559020638e-06,3.4542679706944274e-06,3.4378326542312625e-06,3.4215813461408996e-06,3.405511052067225e-06,3.3896188417961095e-06,3.3739018476822406e-06,3.3583572628400535e-06,3.342982339594955e-06,3.327774388057716e-06,3.312730774395131e-06,3.2978489195724152e-06,3.2831262978148503e-06,3.2685604353094907e-06,3.254148908845219e-06,3.2398893445476013e-06,3.225779416651822e-06,3.2118168462401074e-06,3.1979994000741523e-06,3.1843248895699754e-06,3.170791169540915e-06,3.157396137158403e-06,3.144137731037202e-06,3.131013930083011e-06,3.118022752573927e-06,3.1051622552092865e-06,3.0924305321646175e-06,3.0798257142037314e-06,3.067345967839335e-06,3.0549894944608374e-06,3.0427545294891946e-06,3.030639341596667e-06,3.0186422319521847e-06,3.0067615334122364e-06,2.99499560984861e-06,2.9833428554005263e-06,2.971801693731062e-06,2.96037057752339e-06,2.9490479875652566e-06,2.9378324323814896e-06,2.9267224473950194e-06,2.9157165944080447e-06,2.9048134609943483e-06,2.8940116600685725e-06,2.8833098290781184e-06,2.8727066295961992e-06,2.8622007468067072e-06,2.851790888968204e-06,2.8414757869216102e-06,2.8312541935215907e-06,2.821124883267945e-06,2.8110866518239844e-06,2.801138315498892e-06,2.791278710878415e-06,2.781506694321087e-06,2.7718211416233576e-06,2.762220947549689e-06,2.7527050254862425e-06,2.743272306998314e-06,2.7339217414857007e-06,2.724652295794079e-06,2.7154629539176656e-06,2.7063527165170137e-06,2.6973206007226946e-06,2.6883656397294956e-06,2.6794868824273336e-06,2.6706833931892067e-06,2.661954251496443e-06,2.6532985516297787e-06,2.6447154024063133e-06,2.6362039268458834e-06,2.6277632619583196e-06,2.6193925584075797e-06,2.6110909802465766e-06,2.6028577047189975e-06,2.594691921863726e-06,2.5865928344791085e-06,2.5785596576454127e-06,2.570591618703137e-06,2.5626879568191406e-06,2.5548479228962914e-06,2.547070779322793e-06,2.539355799703592e-06,2.5317022686892163e-06,2.5241094817959476e-06,2.5165767451314388e-06,2.5091033752462468e-06,2.501688698924768e-06,2.494332053005656e-06,2.48703278416699e-06,2.4797902487849198e-06,2.472603812733886e-06,2.4654728512001147e-06,2.458396748530888e-06,2.4513748980898284e-06,2.4444067020348213e-06,2.437491571174159e-06,2.430628924904743e-06,2.423818190922693e-06,2.4170588051432816e-06,2.4103502115575876e-06,2.4036918620627595e-06,2.397083216364289e-06,2.390523741789011e-06,2.3840129131835407e-06,2.377550212770726e-06,2.3711351300376114e-06,2.364767161576837e-06,2.358445810994944e-06,2.3521705887790053e-06,2.3459410121767037e-06,2.3397566050841214e-06,2.333616897930109e-06,2.327521427568729e-06,2.3214697371673974e-06,2.3154613760989806e-06,2.3094958998375446e-06,2.3035728698607845e-06,2.297691853545651e-06,2.2918524240662454e-06,2.286054160311118e-06,2.2802966467694082e-06,2.2745794734345954e-06,2.268902235761443e-06,2.2632645345342778e-06,2.2576659757563732e-06,2.2521061706407946e-06,2.2465847354401073e-06,2.2411012914433855e-06,2.235655464824357e-06,2.230246886617578e-06,2.224875192609825e-06,2.2195400232770743e-06,2.2142410236871802e-06,2.208977843468088e-06,2.2037501367135147e-06,2.1985575618958607e-06,2.193399781825936e-06,2.188276463563297e-06,2.1831872783569925e-06,2.1781319016001994e-06,2.1731100127256416e-06,2.1681212951708087e-06,2.1631654363134597e-06,2.1582421274000134e-06,2.1533510635013483e-06,2.148491943438538e-06,2.143664469735037e-06,2.1388683485648176e-06,2.1341032896837703e-06,2.1293690063666805e-06,2.124665215413972e-06,2.1199916370070296e-06,2.1153479947296233e-06,2.110734015481126e-06,2.1061494294468252e-06,2.1015939700302686e-06,2.0970673738276074e-06,2.0925693805504185e-06,2.0880997329973506e-06,2.0836581770503712e-06,2.079244461541439e-06,2.07485833826753e-06,2.07049956194253e-06,2.0661678901309627e-06,2.061863083249028e-06,2.0575849044941373e-06,2.0533331197766757e-06,2.049107497761602e-06,2.044907809745726e-06,2.0407338296610436e-06,2.036585334037836e-06,2.032462101955618e-06,2.0283639150049107e-06,2.024290557266491e-06,2.020241815298365e-06,2.0162174780260843e-06,2.012217336768014e-06,2.0082411851970227e-06,2.0042888193027556e-06,2.0003600373195035e-06,1.996454639778225e-06,1.992572429406122e-06,1.9887132111253726e-06,1.984876792009453e-06,1.981062981263294e-06,1.977271590188704e-06,1.973502432161989e-06,1.969755322597797e-06,1.966030078924903e-06,1.962326520554974e-06,1.958644468878566e-06,1.9549837471976957e-06,1.951344180745087e-06,1.9477255966078513e-06,1.9441278237490782e-06,1.94055069296207e-06,1.936994036848737e-06,1.933457689796261e-06,1.9299414879464214e-06,1.9264452691807154e-06,1.922968873096418e-06,1.919512140981294e-06,1.9160749157947675e-06,1.9126570421433245e-06,1.9092583662605008e-06,1.9058787359878188e-06,1.9025180007422972e-06,1.8991760115154603e-06,1.895852620839778e-06,1.8925476827703672e-06,1.8892610528685717e-06,1.8859925881778852e-06,1.8827421472134833e-06,1.8795095899381503e-06,1.8762947777397498e-06,1.8730975734079955e-06,1.8699178411544638e-06,1.8667554465404712e-06,1.8636102564959592e-06,1.8604821392920954e-06,1.8573709645253914e-06,1.8542766030955416e-06,1.851198927189001e-06,1.848137810298806e-06,1.845093127123416e-06,1.8420647536829432e-06,1.8390525671595358e-06,1.8360564459748013e-06,1.833076269745045e-06,1.8301119192709565e-06,1.8271632765267952e-06,1.8242302246417846e-06,1.8213126478878179e-06,1.8184104316583175e-06,1.8155234624686873e-06,1.8126516279254472e-06,1.8097948167409e-06,1.806952918674857e-06,1.8041258245769943e-06,1.8013134263346274e-06,1.7985156168641942e-06,1.7957322901089302e-06,1.7929633410306566e-06,1.7902086655954754e-06,1.787468160729269e-06,1.7847417243636852e-06,1.7820292553855243e-06,1.7793306536349575e-06,1.7766458198984048e-06,1.7739746558844825e-06,1.7713170642347185e-06,1.7686729484895724e-06,1.7660422131011694e-06,1.7634247633829913e-06,1.7608205055777778e-06,1.7582293467485737e-06,1.755651194836972e-06,1.7530859586358734e-06,1.7505335477540362e-06,1.7479938726766057e-06,1.7454668446580775e-06,1.742952375788186e-06,1.740450378954876e-06,1.7379607678446767e-06,1.7354834569071154e-06,1.7330183614041325e-06,1.7305653973280268e-06,1.7281244814413294e-06,1.7256955312432643e-06,1.7232784649999638e-06,1.7208732016975983e-06,1.7184796610353865e-06,1.7160977634356585e-06,1.7137274300310708e-06,1.7113685826569566e-06,1.7090211438314865e-06,1.7066850367650254e-06,1.7043601853371854e-06,1.702046514117959e-06,1.699743948308115e-06,1.6974524138085278e-06,1.6951718371261623e-06,1.6929021454252196e-06,1.690643266501689e-06,1.6883951287874714e-06,1.6861576613179866e-06,1.6839307937676432e-06,1.6817144563957555e-06,1.6795085800742553e-06,1.677313096264189e-06,1.675127937016989e-06,1.6729530349600877e-06,1.6707883233088348e-06,1.6686337358310364e-06,1.6664892068844545e-06,1.6643546713592274e-06,1.662230064705826e-06,1.6601153229186988e-06,1.6580103825372228e-06,1.6559151806317753e-06,1.6538296548079523e-06,1.651753743173228e-06,1.6496873843797033e-06,1.6476305175721584e-06,1.6455830824261154e-06,1.6435450190971246e-06,1.6415162682454966e-06,1.6394967710177178e-06,1.6374864690529717e-06,1.635485304470637e-06,1.6334932198673577e-06,1.6315101583120001e-06,1.6295360633317469e-06,1.6275708789343844e-06,1.6256145495668947e-06,1.6236670201366646e-06,1.6217282359972643e-06,1.619798142949161e-06,1.6178766872358756e-06,1.615963815520556e-06,1.6140594749113849e-06,1.6121636129364217e-06,1.6102761775471784e-06,1.6083971171126934e-06,1.6065263804169881e-06,1.6046639166438664e-06,1.6028096753985997e-06,1.6009636066799442e-06,1.5991256608808727e-06,1.5972957887909919e-06,1.5954739415889963e-06,1.5936600708374357e-06,1.5918541284838688e-06,1.5900560668504466e-06,1.588265838639002e-06,1.586483396917066e-06,1.5847086951209497e-06,1.5829416870511877e-06,1.5811823268706339e-06,1.579430569093817e-06,1.577686368597374e-06,1.5759496805885314e-06,1.5742204606409223e-06,1.5724986646637998e-06,1.57078424891404e-06,1.5690771699609479e-06,1.5673773847299511e-06,1.5656848504735465e-06,1.5639995247633117e-06,1.5623213655006995e-06,1.5606503309069059e-06,1.558986379520545e-06,1.5573294701926395e-06,1.5556795620889886e-06,1.5540366146852693e-06,1.5524005877633114e-06,1.550771441398399e-06,1.5491491359763443e-06,1.5475336321769145e-06,1.5459248909776551e-06,1.544322873644782e-06,1.5427275417325149e-06,1.5411388570858294e-06,1.539556781827533e-06,1.5379812783576808e-06,1.5364123093819713e-06,1.534849837852148e-06,1.533293827004385e-06,1.5317442403470168e-06,1.530201041655265e-06,1.5286641949709577e-06,1.5271336645928393e-06,1.5256094150913703e-06,1.524091411291379e-06,1.5225796182767115e-06,1.5210740013789212e-06,1.5195745261864228e-06,1.518081158533865e-06,1.5165938645179575e-06,1.5151126104607763e-06,1.5136373629349186e-06,1.5121680887557166e-06,1.5107047549732983e-06,1.5092473288757616e-06,1.5077957779863178e-06,1.506350070054788e-06,1.5049101730778598e-06,1.50347605526389e-06,1.502047685050524e-06,1.5006250310954716e-06,1.4992080623003024e-06,1.4977967477633997e-06,1.4963910568095555e-06,1.4949909589782397e-06,1.4935964240233082e-06,1.4922074219156543e-06,1.490823922833132e-06,1.4894458971606445e-06,1.4880733154918655e-06,1.4867061486318755e-06,1.4853443675806412e-06,1.4839879435433277e-06,1.4826368479241633e-06,1.481291052326859e-06,1.4799505285499168e-06,1.4786152485891724e-06,1.4772851846177166e-06,1.4759603090393524e-06,1.474640594413556e-06,1.4733260134925026e-06,1.4720165392268386e-06,1.4707121447426054e-06,1.4694128033502723e-06,1.468118488545287e-06,1.4668291740029649e-06,1.4655448335781407e-06,1.464265441297804e-06,1.4629909713721951e-06,1.4617213981791392e-06,1.4604566962754975e-06,1.4591968403818415e-06,1.4579418053995905e-06,1.4566915663900196e-06,1.4554460985809922e-06,1.4542053773767532e-06,1.4529693783349462e-06,1.4517380771817476e-06,1.4505114497995231e-06,1.449289472237649e-06,1.4480721206999781e-06,1.4468593715529297e-06,1.4456512013112436e-06,1.4444475866559928e-06,1.4432485044022852e-06,1.4420539315477864e-06,1.4408638452166654e-06,1.4396782226926273e-06,1.4384970414076723e-06,1.4373202789426181e-06,1.436147913019975e-06,1.4349799215114545e-06,1.433816282432964e-06,1.4326569739409858e-06,1.4315019743361062e-06,1.4303512620585648e-06,1.429204815687953e-06,1.4280626139416139e-06,1.4269246356779632e-06,1.4257908598826132e-06,1.4246612656912148e-06,1.4235358323566644e-06,1.422414539277937e-06,1.4212973659775124e-06,1.4201842921165178e-06,1.419075297468869e-06,1.4179703619594232e-06,1.416869465627977e-06,1.4157725886449446e-06,1.4146797113042356e-06,1.413590814026809e-06,1.412505877353999e-06,1.4114248819523355e-06,1.4103478086109582e-06,1.4092746382354492e-06,1.4082053518586032e-06,1.4071399306308575e-06,1.4060783558090976e-06,1.4050206087784613e-06,1.4039666710370847e-06,1.4029165242076643e-06,1.4018701500119713e-06,1.400827530294419e-06,1.3997886470110474e-06,1.3987534822286499e-06,1.3977220181193698e-06,1.396694236971382e-06,1.3956701211837578e-06,1.3946496532713773e-06,1.3936328158388201e-06,1.3926195916046666e-06,1.3916099633996788e-06,1.3906039141471863e-06,1.3896014268876548e-06,1.3886024847574995e-06,1.3876070709953375e-06,1.386615168949224e-06,1.385626762058889e-06,1.3846418338737637e-06,1.383660368036868e-06,1.3826823482910497e-06,1.3817077584777831e-06,1.38073658253624e-06,1.3797688920141312e-06,1.3788044960106568e-06,1.3778434662765782e-06,1.3768857871362164e-06,1.37593144299908e-06,1.3749804183677799e-06,1.3740326978457436e-06,1.373088266126744e-06,1.3721471079938156e-06,1.3712092083208762e-06,1.3702745520706915e-06,1.3693431242992378e-06,1.368414910146912e-06,1.3674898948435747e-06,1.3665680637063364e-06,1.3656494021361368e-06,1.3647338956226667e-06,1.363821529739236e-06,1.362912290144782e-06,1.3620061625819908e-06,1.3611031328753045e-06,1.3602031869333346e-06,1.3593063107551077e-06,1.3584124904068032e-06,1.3575217120434175e-06,1.3566339618968312e-06,1.35574922628154e-06,1.3548674915909925e-06,1.3539887442914724e-06,1.3531129709426022e-06,1.3522401581691452e-06,1.3513702926722436e-06,1.3505033612326048e-06,1.3496393507069254e-06,1.3487782480300728e-06,1.347920040206949e-06,1.3470647143183333e-06,1.3462122575208457e-06,1.3453626570402815e-06,1.3445159001789807e-06,1.3436719743087563e-06,1.3428308668756792e-06,1.3419925653951236e-06,1.341157057454433e-06,1.340324330708545e-06,1.339494372884832e-06,1.3386671717803886e-06,1.3378427152556567e-06,1.3370209912481966e-06,1.336201987754095e-06,1.3353856928433758e-06,1.3345720946505426e-06,1.3337611813718423e-06,1.3329529412837601e-06,1.3321473627108423e-06,1.331344434056931e-06,1.3305441437747026e-06,1.3297464803935974e-06,1.3289514325025534e-06,1.3281589887560154e-06,1.327369137868773e-06,1.3265818686176348e-06,1.3257971698430674e-06,1.3250150304450984e-06,1.3242354393878745e-06,1.3234583856932175e-06,1.3226838584448678e-06,1.3219118467843622e-06,1.3211423399142258e-06,1.3203753270978641e-06,1.3196107976523735e-06,1.3188487409561348e-06,1.3180891464475762e-06,1.3173320036184003e-06,1.3165773020185096e-06,1.3158250312575391e-06,1.3150751809992211e-06,1.3143277409565936e-06,1.3135827009084176e-06,1.312840050685169e-06,1.3120997801701316e-06,1.3113618793075057e-06,1.310626338083319e-06,1.309893146548261e-06,1.3091622947953094e-06,1.3084337729884448e-06,1.3077075713286876e-06,1.3069836800747733e-06,1.3062620895307226e-06,1.3055427900685555e-06,1.304825772096901e-06,1.3041110260802955e-06,1.303398542530114e-06,1.302688312013433e-06,1.3026473089312144e-06,1.302616855076549e-06,1.3025918182811779e-06,1.3025696362725005e-06,1.3025490297580893e-06,1.3025293520738892e-06,1.3025102729703383e-06,1.3024916216330775e-06,1.3024733079118215e-06,1.3024552825777597e-06,1.302437517217593e-06,1.3024199940490272e-06,1.302402700758192e-06,1.3023856278824845e-06,1.3023687674830664e-06,1.3023521124713897e-06,1.3023356562672268e-06,1.3023193926243286e-06,1.3023033155414943e-06,1.30228741921639e-06,1.3022716980210122e-06,1.3022561464884133e-06,1.302240759304723e-06,1.302225531303841e-06,1.3022104574636033e-06,1.3021955329025525e-06,1.3021807528770135e-06,1.3021661127782792e-06,1.30215160812988e-06,1.302137234584665e-06,1.3021229879223884e-06,1.3021088640465334e-06,1.3020948589818185e-06,1.3020809688714637e-06,1.3020671899740628e-06,1.3020535186613775e-06,1.3020399514151285e-06,1.3020264848243673e-06,1.3020131155830096e-06,1.3019998404867975e-06,1.301986656430798e-06,1.301973560407068e-06,1.301960549501509e-06,1.3019476208917967e-06,1.301934771844678e-06,1.3019219997134326e-06,1.3019093019355442e-06,1.3018966760303204e-06,1.301884119596678e-06,1.3018716303105983e-06,1.3018592059229556e-06,1.3018468442575252e-06,1.3018345432086676e-06,1.3018223007392573e-06,1.3018101148785748e-06,1.3017979837203617e-06,1.3017859054210082e-06,1.3017738781973617e-06,1.3017619003251025e-06,1.3017499701368076e-06,1.3017380860202715e-06,1.3017262464167208e-06,1.3017144498190963e-06,1.3017026947707392e-06,1.301690979863311e-06,1.3016793037356097e-06,1.301667665071941e-06,1.3016560626007836e-06,1.3016444950932193e-06,1.3016329613616202e-06,1.3016214602583684e-06,1.3016099906744822e-06,1.301598551538461e-06,1.3015871418149507e-06,1.3015757605037482e-06,1.3015644066381798e-06,1.3015530792847307e-06,1.3015417775413512e-06,1.3015305005367295e-06,1.301519247429059e-06,1.3015080174052565e-06,1.30149680968002e-06,1.3014856234946871e-06,1.301474458116479e-06,1.3014633128375994e-06,1.3014521869746712e-06,1.3014410798673903e-06,1.3014299908782236e-06,1.301418919391384e-06,1.3014078648121567e-06,1.3013968265663284e-06,1.3013858040991862e-06,1.3013747968752171e-06,1.3013638043772038e-06,1.3013528261056933e-06,1.3013418615784177e-06,1.301330910329586e-06,1.3013199719096592e-06,1.3013090458843558e-06,1.3012981318342991e-06,1.3012872293546852e-06,1.3012763380545877e-06,1.3012654575565088e-06,1.3012545874960096e-06,1.301243727521146e-06,1.301232877292102e-06,1.301222036480909e-06,1.3012112047706097e-06,1.3012003818554475e-06,1.301189567440059e-06,1.3011787612393479e-06,1.3011679629779306e-06,1.3011571723902122e-06,1.301146389219378e-06,1.3011356132177593e-06,1.301124844146029e-06,1.3011140817732378e-06,1.301103325876302e-06,1.3010925762400075e-06,1.3010818326561897e-06,1.3010710949243712e-06,1.3010603628506213e-06,1.301049636247827e-06,1.3010389149352638e-06,1.3010281987385167e-06,1.301017487489139e-06,1.3010067810245392e-06,1.3009960791875496e-06,1.3009853818265724e-06,1.3009746887953076e-06,1.3009639999523698e-06,1.3009533151611769e-06,1.3009426342898557e-06,1.300931957211841e-06,1.3009212838031492e-06,1.3009106139456955e-06,1.3008999475248468e-06,1.3008892844298267e-06,1.300878624554035e-06,1.300867967794168e-06,1.3008573140506516e-06,1.300846663227264e-06,1.3008360152310047e-06,1.3008253699722104e-06,1.3008147273641836e-06,1.3008040873232697e-06,1.3007934497687177e-06,1.3007828146225004e-06,1.3007721818091465e-06,1.3007615512558968e-06,1.3007509228924186e-06,1.300740296650758e-06,1.300729672465333e-06,1.3007190502723126e-06,1.3007084300115164e-06,1.300697811623296e-06,1.300687195050526e-06,1.3006765802381893e-06,1.3006659671330255e-06,1.300655355683386e-06,1.3006447458396475e-06,1.3006341375537488e-06,1.3006235307793104e-06,1.3006129254715423e-06,1.3006023215876593e-06,1.3005917190845813e-06,1.3005811179226962e-06,1.3005705180626058e-06,1.300559919466825e-06,1.3005493220987281e-06,1.3005387259233602e-06,1.300528130905848e-06,1.30051753701406e-06,1.3005069442162103e-06,1.3004963524811564e-06,1.3004857617793988e-06,1.3004751720820254e-06,1.3004645833616029e-06,1.300453995590958e-06,1.3004434087442476e-06,1.3004328227965622e-06,1.3004222377237591e-06,1.3004116535018375e-06,1.3004010701085205e-06,1.3003904875218538e-06,1.3003799057205783e-06,1.3003693246846751e-06,1.3003587443937339e-06,1.3003481648290283e-06,1.3003375859716753e-06,1.300327007804016e-06,1.3003164303085794e-06,1.3003058534686447e-06,1.3002952772681276e-06,1.3002847016912053e-06,1.3002741267227783e-06,1.300263552347792e-06,1.3002529785528643e-06,1.3002424053239162e-06,1.3002318326474048e-06,1.3002212605105613e-06,1.3002106889010943e-06,1.3002001178067455e-06,1.30018954721603e-06,1.3001789771174887e-06,1.3001684075004246e-06,1.3001578383541805e-06,1.3001472696684063e-06,1.300136701433372e-06,1.3001261336392288e-06,1.3001155662767826e-06,1.3001049993370567e-06,1.3000944328124795e-06,1.3000838666932355e-06,1.3000733009706921e-06,1.3000627356375616e-06,1.3000521706861447e-06,1.3000416061090398e-06,1.3000310418990258e-06,1.300020478049066e-06,1.3000099145525037e-06,1.299999351402752e-06,1.2999887885933773e-06,1.299978226118249e-06,1.2999676639714263e-06,1.2999571021471032e-06,1.299946540639564e-06,1.2999359794440771e-06,1.2999254185548272e-06,1.2999148579659073e-06,1.2999042976732096e-06,1.2998937376715617e-06,1.2998831779563823e-06,1.2998726185232116e-06,1.299862059367595e-06,1.2998515004853373e-06,1.2998409418719753e-06,1.2998303835237014e-06,1.2998198254376156e-06,1.299809267609007e-06,1.2997987100329428e-06,1.2997881527058781e-06,1.299777595626352e-06,1.2997670387900786e-06,1.2997564821928515e-06,1.2997459258329452e-06,1.299735369706497e-06,1.2997248138112273e-06,1.29971425814306e-06,1.2997037026996478e-06,1.2996931474783312e-06,1.2996825924756405e-06,1.2996720376901806e-06,1.299661483119499e-06,1.2996509287594227e-06,1.2996403746086956e-06,1.2996298206646693e-06,1.2996192669251286e-06,1.2996087133879783e-06,1.2995981600501993e-06,1.2995876069105394e-06,1.2995770539673725e-06,1.299566501217947e-06,1.2995559486604243e-06,1.299545396292976e-06,1.2995348441136108e-06,1.2995242921206065e-06,1.299513740312568e-06,1.2995031886871817e-06,1.2994926372426386e-06,1.2994820859781008e-06,1.2994715348912462e-06,1.2994609839809879e-06,1.299450433245769e-06,1.2994398826831815e-06,1.2994293322931745e-06,1.2994187820735038e-06,1.2994082320225474e-06,1.2993976821398683e-06,1.2993871324233904e-06,1.2993765828723478e-06,1.2993660334843708e-06,1.2993554842600974e-06,1.2993449351972874e-06,1.2993343862948789e-06,1.2993238375516355e-06,1.2993132889665234e-06,1.2993027405376721e-06,1.2992921922655055e-06,1.2992816441481345e-06,1.2992710961844763e-06,1.2992605483738262e-06,1.2992500007150765e-06,1.2992394532071701e-06,1.2992289058492512e-06,1.2992183586402253e-06,1.299207811579516e-06,1.2991972646660536e-06,1.2991867178992834e-06,1.2991761712781788e-06,1.2991656248014967e-06,1.2991550784686522e-06,1.2991445322786153e-06,1.2991339862312932e-06,1.2991234403253361e-06,1.2991128945604626e-06,1.2991023489355433e-06,1.2990918034500072e-06,1.2990812581025346e-06,1.2990707128953122e-06,1.299060167825777e-06,1.2990496228906829e-06,1.299039078092361e-06,1.2990285334290864e-06,1.2990179889004121e-06,1.2990074445058848e-06,1.2989969002447245e-06,1.2989863561163027e-06,1.2989758121209992e-06,1.2989652682563359e-06,1.2989547245227386e-06,1.2989441809198663e-06,1.2989336374473447e-06,1.298923094104199e-06,1.2989125508901427e-06,1.2989020078048026e-06,1.2988914648473357e-06,1.2988809220172115e-06,1.29887037931415e-06,1.2988598367375766e-06,1.2988492942869608e-06,1.298838751961802e-06,1.2988282097619787e-06,1.2988176676862163e-06,1.2988071257349826e-06,1.2987965839074458e-06,1.2987860422032959e-06,1.2987755006220201e-06,1.2987649591631362e-06,1.2987544178262492e-06,1.2987438766115386e-06,1.2987333355172615e-06,1.2987227945425693e-06,1.2987122536900198e-06,1.2987017129578425e-06,1.298691172345081e-06,1.2986806318517171e-06,1.2986700914772728e-06,1.2986595512201965e-06,1.2986490110826585e-06,1.2986384710630606e-06,1.2986279311622298e-06,1.2986173913774405e-06,1.2986068517091713e-06,1.2985963121561013e-06,1.2985857727210603e-06,1.2985752334018547e-06,1.2985646941985578e-06,1.2985541551119862e-06,1.298543616139214e-06,1.2985330772807814e-06,1.2985225385369183e-06,1.2985119999068872e-06,1.2985014613909729e-06,1.2984909229887469e-06,1.298480384699143e-06,1.2984698465226878e-06,1.2984593084590835e-06,1.298448770511548e-06,1.2984382326735904e-06,1.2984276949456644e-06,1.2984171573316905e-06,1.2984066198258064e-06,1.29839608243264e-06,1.2983855451495906e-06,1.298375007978308e-06,1.2983644709214685e-06,1.298353933970723e-06,1.2983433971297035e-06,1.2983328603998462e-06,1.298322323773874e-06,1.2983117872614895e-06,1.2983012508572516e-06,1.2982907145588428e-06,1.2982801783725658e-06,1.2982696422968788e-06,1.2982591063268448e-06,1.2982485704654121e-06,1.2982380347113895e-06,1.29822749905724e-06,1.2982169635182325e-06,1.2982064280864784e-06,1.2981958927615034e-06,1.2981853575432616e-06,1.2981748224313274e-06,1.2981642874257472e-06,1.298153752526765e-06,1.2981432177330385e-06,1.2981326830454132e-06,1.2981221484629691e-06,1.298111613985613e-06,1.2981010796150445e-06,1.2980905453494837e-06,1.2980800111871243e-06,1.2980694771308779e-06,1.2980589431788529e-06,1.2980484093310989e-06,1.2980378755874071e-06,1.2980273419477056e-06,1.2980168084125145e-06,1.2980062749821832e-06,1.2979957416535516e-06,1.2979852084275367e-06,1.2979746753064648e-06,1.2979641422885086e-06,1.2979536093735706e-06,1.2979430765614743e-06,1.2979325438520504e-06,1.2979220112451597e-06,1.297911478740718e-06,1.2979009463385067e-06,1.2978904140382652e-06,1.2978798818400113e-06,1.2978693497425686e-06,1.2978588177478967e-06,1.2978482858573672e-06,1.2978377540652694e-06,1.2978272223749738e-06,1.2978166907875503e-06,1.297806159296399e-06,1.2977956279094576e-06,1.2977850966231941e-06,1.2977745654376298e-06,1.2977640343526445e-06,1.297753503368118e-06,1.297742972483929e-06,1.2977324416999649e-06,1.2977219110181738e-06,1.297711380432489e-06,1.2977008499479841e-06,1.2976903195611746e-06,1.2976797892734207e-06,1.297669259090277e-06,1.2976587289992597e-06,1.2976481990128528e-06,1.2976376691262115e-06,1.2976271393382655e-06,1.2976166096526798e-06,1.2976060800626833e-06,1.2975955505725437e-06,1.2975850211801682e-06,1.2975744918863098e-06,1.2975639626856456e-06,1.2975534335878947e-06,1.297542904577837e-06,1.297532375677467e-06,1.2975218468741195e-06,1.2975113181697501e-06,1.2975007895708867e-06,1.2974902610619886e-06,1.297479732651839e-06,1.2974692043554357e-06,1.2974586761404483e-06,1.2974481480235558e-06,1.2974376200027786e-06,1.2974270920805339e-06,1.2974165642557282e-06,1.2974060365260879e-06,1.2973955088954274e-06,1.2973849813607245e-06,1.2973744539264281e-06,1.2973639265810274e-06,1.2973533993368179e-06,1.2973428721905123e-06,1.2973323451411766e-06,1.2973218181893587e-06,1.2973112913303999e-06,1.2973007645693832e-06,1.2972902379036132e-06,1.2972797113345044e-06,1.2972691848621776e-06,1.2972586584861052e-06,1.2972481322061784e-06,1.2972376060225013e-06,1.2972270799342745e-06,1.297216553941752e-06,1.2972060280560807e-06,1.2971955022553921e-06,1.2971849765501894e-06,1.2971744509407278e-06,1.2971639254267396e-06,1.2971534000077084e-06,1.2971428746816575e-06,1.2971323494520271e-06,1.2971218243188658e-06,1.2971112992812478e-06,1.2971007743405217e-06,1.2970902494948097e-06,1.29707972474932e-06,1.297069200093129e-06,1.2970586755188735e-06,1.2970481510511924e-06,1.297037626679416e-06,1.2970271023915116e-06,1.2970165782053784e-06,1.297006054117501e-06,1.2969955301118385e-06,1.2969850062130335e-06,1.2969744824087641e-06,1.29696395869894e-06,1.2969534350825408e-06,1.2969429115613232e-06,1.2969323881348866e-06,1.2969218648021691e-06,1.2969113415637633e-06,1.2969008184193792e-06,1.296890295368973e-06,1.2968797724112687e-06,1.296869249550144e-06,1.2968587267824516e-06,1.29684820410809e-06,1.296837681523664e-06,1.2968271590379157e-06,1.2968166366447e-06,1.2968061143450026e-06,1.296795592138888e-06,1.2967850700271964e-06,1.2967745480096011e-06,1.2967640260901726e-06,1.2967535042608676e-06,1.296742982522632e-06,1.2967324608801234e-06,1.296721939331478e-06,1.29671141787409e-06,1.296700896511615e-06,1.2966903752392738e-06,1.296679854055248e-06,1.2966693329687676e-06,1.2966588119771353e-06,1.2966482910766696e-06,1.2966377702718114e-06,1.2966272495606675e-06,1.2966167289430972e-06,1.296606208417224e-06,1.2965956879872463e-06,1.296585167647295e-06,1.2965746473988016e-06,1.2965641272419372e-06,1.2965536071801344e-06,1.2965430872120495e-06,1.296532567336672e-06,1.2965220475540324e-06,1.2965115278640354e-06,1.2965010082657374e-06,1.2964904887610443e-06,1.296479969348883e-06,1.296469450029144e-06,1.296458930802177e-06,1.2964484116677126e-06,1.2964378926242612e-06,1.2964273736749195e-06,1.2964168548162555e-06,1.296406336049956e-06,1.2963958173760836e-06,1.296385298794466e-06,1.2963747803050534e-06,1.296364261907986e-06,1.2963537436082758e-06,1.2963432253957403e-06,1.2963327072590662e-06,1.2963221892307617e-06,1.296311671294223e-06,1.2963011534504496e-06,1.29629063570007e-06,1.2962801180448524e-06,1.296269600455683e-06,1.2962590829698688e-06,1.296248565586801e-06,1.2962380482959945e-06,1.2962275310964792e-06,1.296217013989118e-06,1.2962064969744723e-06,1.2961959800504948e-06,1.2961854632187019e-06,1.2961749464813008e-06,1.2961644298301099e-06,1.2961539132476076e-06,1.2961433967858298e-06,1.2961328804143302e-06,1.2961223641361527e-06,1.2961118479470452e-06,1.296101331849481e-06,1.2960908158430688e-06,1.2960802999287574e-06,1.296069784106685e-06,1.2960592683755105e-06,1.296048752744538e-06,1.2960382371955459e-06,1.2960277217387566e-06,1.2960172063621222e-06,1.2960066910882197e-06,1.2959961759093633e-06,1.295985660813508e-06,1.2959751458139494e-06,1.2959646309127606e-06,1.2959541160960846e-06,1.295943601372064e-06,1.2959330867378965e-06,1.2959225721953085e-06,1.2959120577457966e-06,1.295901543381908e-06,1.2958910290928447e-06,1.295880514915338e-06,1.2958700008290794e-06,1.2958594868340303e-06,1.2958489729306359e-06,1.2958384591282059e-06,1.29582794540636e-06,1.2958174317752003e-06,1.2958069182362085e-06,1.2957964047857544e-06,1.2957858914368281e-06,1.295775378171696e-06,1.295764865008588e-06,1.2957543519265052e-06,1.295743838934576e-06,1.295733326032389e-06,1.295722813227066e-06,1.2957123005079797e-06,1.295701787879737e-06,1.2956912753422726e-06,1.295680762895856e-06,1.2956702505316324e-06,1.2956597382559744e-06,1.2956492260822094e-06,1.2956387139998047e-06,1.2956282020083348e-06,1.2956176901071104e-06,1.295607178297412e-06,1.2955966665782428e-06,1.2955861549639185e-06,1.2955756434255843e-06,1.2955651319759124e-06,1.2955546206194126e-06,1.2955441093543087e-06,1.2955335981903667e-06,1.295523087104958e-06,1.2955125761082347e-06,1.2955020652072225e-06,1.2954915544003444e-06,1.2954810436806472e-06,1.295470533058116e-06,1.2954600225110253e-06,1.2954495120672211e-06,1.2954390017113207e-06,1.295428491451987e-06,1.2954179812621355e-06,1.2954074711771866e-06,1.295396961182281e-06,1.2953864512782914e-06,1.295375941473831e-06,1.2953654317662264e-06,1.2953549221190304e-06,1.2953444125775844e-06,1.2953339031269808e-06,1.295323393768692e-06,1.2953128844990153e-06,1.2953023753037502e-06,1.2952918662170404e-06,1.2952813572285938e-06,1.2952708483202623e-06,1.2952603395033325e-06,1.2952498307764006e-06,1.295239322146514e-06,1.2952288136031416e-06,1.295218305161966e-06,1.2952077968051614e-06,1.295197288531178e-06,1.2951867803475014e-06,1.2951762722677742e-06,1.2951657642654913e-06,1.2951552563537523e-06,1.29514474852249e-06,1.2951342407915906e-06,1.2951237331566438e-06,1.2951132256068003e-06,1.2951027181521646e-06,1.2950922107836338e-06,1.2950817035007255e-06,1.2950711963118697e-06,1.295060689213852e-06,1.2950501822054222e-06,1.2950396752883956e-06,1.2950291684612243e-06,1.2950186617630548e-06,1.2950081551177024e-06,1.2949976485620064e-06,1.2949871420963505e-06,1.2949766357262748e-06,1.2949661294403425e-06,1.2949556232455235e-06,1.2949451171404541e-06,1.2949346111254214e-06,1.2949241052068255e-06,1.2949135993736849e-06,1.2949030936272162e-06,1.2948925879429459e-06,1.2948820823863354e-06,1.294871576913679e-06,1.2948610715597295e-06,1.2948505662660767e-06,1.2948400610581105e-06,1.2948295559482655e-06,1.2948190509281628e-06,1.294808545997114e-06,1.294798041163616e-06,1.2947875364130683e-06,1.294777031769447e-06,1.2947665271973067e-06,1.294756022706753e-06,1.2947455183386175e-06,1.2947350140388314e-06,1.2947245098180495e-06,1.2947140056769057e-06,1.2947035016483124e-06,1.29469299771607e-06,1.2946824938666659e-06,1.2946719901045968e-06,1.2946614864369084e-06,1.2946509828580066e-06,1.2946404793740672e-06,1.2946299759913005e-06,1.2946194726834715e-06,1.2946089694941496e-06,1.2945984663635366e-06,1.2945879633247295e-06,1.294577460379128e-06,1.2945669575228204e-06,1.2945564547564134e-06,1.2945459520803094e-06,1.2945354495160724e-06,1.2945249470065747e-06,1.2945144446237743e-06,1.2945039422993685e-06,1.2944934400928098e-06,1.2944829379540898e-06,1.2944724359079864e-06,1.2944619339635287e-06,1.2944514320968426e-06,1.2944409303170977e-06,1.294430428616778e-06,1.2944199270267315e-06,1.294409425519813e-06,1.2943989241036628e-06,1.294388422767444e-06,1.2943779215315414e-06,1.2943674203871818e-06,1.2943569193364831e-06,1.2943464183642073e-06,1.2943359174880174e-06,1.2943254166968791e-06,1.2943149159995946e-06,1.2943044154159333e-06,1.2942939148992332e-06,1.2942834144684073e-06,1.2942729141323034e-06,1.294262413905197e-06,1.2942519137472294e-06,1.2942414136791498e-06,1.294230913720121e-06,1.294220413840704e-06,1.2942099140445664e-06,1.2941994143383808e-06,1.2941889147221746e-06,1.2941784151959121e-06,1.2941679157595584e-06,1.2941574164299168e-06,1.2941469171742652e-06,1.2941364180078287e-06,1.2941259189310997e-06,1.2941154199311509e-06,1.2941049210345498e-06,1.2940944222269321e-06,1.2940839235144127e-06,1.2940734249474444e-06,1.2940629264079559e-06,1.2940524279609976e-06,1.294041929603899e-06,1.294031431336283e-06,1.2940209331599622e-06,1.294010435075833e-06,1.2939999370878728e-06,1.293989439180084e-06,1.2939789413625021e-06,1.2939684436396638e-06,1.2939579460543894e-06,1.2939474485051677e-06,1.293936951047184e-06,1.2939264536821924e-06,1.2939159564058618e-06,1.2939054592207785e-06,1.2938949621226605e-06,1.2938844651055514e-06,1.2938739681869084e-06,1.2938634713578729e-06,1.2938529746189283e-06,1.2938424779698424e-06,1.2938319814069215e-06,1.2938214849368163e-06,1.2938109885559815e-06,1.2938004922663676e-06,1.2937899960684844e-06,1.2937794999585957e-06,1.2937690039414603e-06,1.2937585080112963e-06,1.2937480121709538e-06,1.2937375164219399e-06,1.2937270207616721e-06,1.2937165251909012e-06,1.2937060297099228e-06,1.293695534320859e-06,1.2936850390256387e-06,1.2936745437976315e-06,1.2936640486763692e-06,1.2936535536445567e-06,1.2936430587026114e-06,1.2936325638505357e-06,1.2936220690861042e-06,1.2936115744204536e-06,1.2936010798378486e-06,1.2935905853449684e-06,1.2935800909419159e-06,1.2935695966286901e-06,1.2935591024088116e-06,1.2935486082711498e-06,1.2935381142073748e-06,1.2935276202562647e-06,1.2935171263769183e-06,1.2935066326024989e-06,1.2934961389179132e-06,1.293485645323124e-06,1.2934751518181103e-06,1.2934646584046741e-06,1.2934541650795875e-06,1.2934436718501999e-06,1.293433178707552e-06,1.2934226856523996e-06,1.2934121926860282e-06,1.2934016998151232e-06,1.2933912070251357e-06,1.2933807143280077e-06,1.2933702217208291e-06,1.2933597292145398e-06,1.2933492367998323e-06,1.2933387444620638e-06,1.2933282522128828e-06,1.293317760054704e-06,1.2933072679889334e-06,1.2932967760101732e-06,1.2932862841207327e-06,1.2932757923164011e-06,1.293265300606918e-06,1.2932548089860592e-06,1.293244317455143e-06,1.293233826016158e-06,1.2932233346658783e-06,1.293212843405174e-06,1.2932023522364965e-06,1.2931918612034221e-06,1.2931813702119733e-06,1.293170879311901e-06,1.2931603884999619e-06,1.2931498977789063e-06,1.293139407146451e-06,1.2931289165916049e-06,1.2931184261386424e-06,1.293107935775708e-06,1.2930974454773347e-06,1.2930869552961667e-06,1.2930764652112966e-06,1.2930659752070052e-06,1.293055485293815e-06,1.2930449954689717e-06,1.2930345057338654e-06,1.2930240160828138e-06,1.2930135265289508e-06,1.2930030370670342e-06,1.2929925476887129e-06,1.292982058400436e-06,1.2929715692034294e-06,1.2929610800935307e-06,1.2929505910772623e-06,1.2929401021491247e-06,1.2929296133236616e-06,1.2929191245758908e-06,1.2929086359172814e-06,1.292898147346216e-06,1.2928876588632124e-06,1.2928771704732669e-06,1.2928666821782267e-06,1.2928561939683005e-06,1.292845705838071e-06,1.2928352178084308e-06,1.292824729867639e-06,1.2928142420161679e-06,1.2928037542627759e-06,1.2927932665910664e-06,1.2927827790090766e-06,1.2927722915009684e-06,1.2927618040983694e-06,1.292751316787729e-06,1.2927408295646573e-06,1.2927303424312142e-06,1.29271985538938e-06,1.2927093684335174e-06,1.2926988815752304e-06,1.292688394805765e-06,1.2926779081262107e-06,1.2926674215296349e-06,1.2926569350215166e-06,1.2926464485780086e-06,1.292635962251657e-06,1.292625476011408e-06,1.292614989866229e-06,1.29260450380894e-06,1.2925940178432443e-06,1.2925835319653577e-06,1.2925730461763332e-06,1.2925625604778202e-06,1.2925520748688867e-06,1.2925415893496343e-06,1.2925311039016778e-06,1.292520618546498e-06,1.2925101332946456e-06,1.2924996481340918e-06,1.2924891630631235e-06,1.2924786780861742e-06,1.2924681931744223e-06,1.2924577083799165e-06,1.2924472236676701e-06,1.2924367390415814e-06,1.2924262545209967e-06,1.2924157700800782e-06,1.2924052857264914e-06,1.2923948014688416e-06,1.2923843172865594e-06,1.2923738332018384e-06,1.2923633492097303e-06,1.292352865305526e-06,1.292342381489783e-06,1.2923318977639294e-06,1.2923214141272113e-06,1.2923109305836755e-06,1.2923004471257538e-06,1.2922899637375554e-06,1.2922794804597727e-06,1.2922689972707204e-06,1.2922585141781047e-06,1.2922480311476588e-06,1.2922375482284716e-06,1.2922270653978284e-06,1.2922165826645896e-06,1.2922061000247907e-06,1.2921956174634051e-06,1.2921851349956681e-06,1.292174652616044e-06,1.2921641703183602e-06,1.2921536881174543e-06,1.292143206001232e-06,1.2921327239586144e-06,1.292122242025462e-06,1.2921117601815943e-06,1.2921012784278739e-06,1.2920907967368547e-06,1.292080315160984e-06,1.2920698336760086e-06,1.292059352272789e-06,1.2920488709672668e-06,1.2920383897501875e-06,1.2920279086242075e-06,1.2920174275873372e-06,1.2920069466402115e-06,1.2919964657798555e-06,1.2919859850114618e-06,1.2919755043313512e-06,1.2919650237426128e-06,1.2919545432455883e-06,1.2919440628359197e-06,1.29193358251471e-06,1.2919231022854698e-06,1.291912622121926e-06,1.2919021420700988e-06,1.291891662115758e-06,1.291881182242187e-06,1.2918707024634453e-06,1.2918602227708108e-06,1.2918497431679795e-06,1.2918392636529242e-06,1.2918287841990732e-06,1.291818304864942e-06,1.2918078256204158e-06,1.2917973464641287e-06,1.2917868673998112e-06,1.2917763884242119e-06,1.2917659095372802e-06,1.2917554307407934e-06,1.2917449520332474e-06,1.2917344734145632e-06,1.2917239948675841e-06,1.2917135164015336e-06,1.2917030380512341e-06,1.2916925597704951e-06,1.2916820815821507e-06,1.29167160350247e-06,1.2916611255122715e-06,1.2916506476120392e-06,1.2916401697802528e-06,1.2916296920621622e-06,1.2916192144309774e-06,1.2916087368901744e-06,1.2915982594378915e-06,1.2915877820690613e-06,1.2915773047938334e-06,1.291566827612119e-06,1.2915563505180099e-06,1.291545873513834e-06,1.2915353966047446e-06,1.2915249197793945e-06,1.2915144430436042e-06,1.2915039663989053e-06,1.2914934898423298e-06,1.2914830133507468e-06,1.2914725369714557e-06,1.2914620606847273e-06,1.2914515844646236e-06,1.2914411083621795e-06,1.2914306323168858e-06,1.2914201563885582e-06,1.2914096805486378e-06,1.2913992047739343e-06,1.2913887291025832e-06,1.2913782535315412e-06,1.2913677780502183e-06,1.2913573026614067e-06,1.2913468273765101e-06,1.2913363521407968e-06,1.291325876998301e-06,1.2913154019421296e-06,1.291304926969057e-06,1.2912944521144719e-06,1.2912839773571851e-06,1.2912735026544963e-06,1.2912630280719416e-06,1.2912525535770058e-06,1.2912420791468468e-06,1.2912316048071785e-06,1.2912211305601963e-06,1.291210656399489e-06,1.2912001823510433e-06,1.2911897083923403e-06,1.2911792345248554e-06,1.2911687607235448e-06,1.2911582870333593e-06,1.2911478134132324e-06,1.2911373399018125e-06,1.291126866452629e-06,1.2911163931207035e-06,1.2911059198750805e-06,1.2910954467223025e-06,1.29108497365887e-06,1.2910745006863362e-06,1.2910640278022212e-06,1.2910535549793824e-06,1.2910430822537236e-06,1.2910326096197124e-06,1.2910221370680385e-06,1.2910116646090145e-06,1.2910011922371697e-06,1.2909907199618617e-06,1.2909802477761016e-06,1.2909697756992214e-06,1.2909593036913873e-06,1.2909488317921105e-06,1.2909383599819667e-06,1.2909278882766614e-06,1.2909174166463042e-06,1.2909069451068897e-06,1.2908964736341238e-06,1.2908860022747064e-06,1.2908755309764934e-06,1.2908650597938238e-06,1.2908545887007487e-06,1.2908441176973407e-06,1.2908336467834407e-06,1.2908231759602496e-06,1.2908127052056448e-06,1.2908022345600332e-06,1.2907917639858522e-06,1.290781293519589e-06,1.2907708231214147e-06,1.2907603528375182e-06,1.2907498826406477e-06,1.2907394125127565e-06,1.290728942494215e-06,1.2907184725407237e-06,1.2907080026990273e-06,1.290697532950377e-06,1.2906870632688978e-06,1.2906765936926319e-06,1.290666124188678e-06,1.2906556548016445e-06,1.2906451854969609e-06,1.2906347162900367e-06,1.2906242471474288e-06,1.2906137781121546e-06,1.290603309187835e-06,1.2905928403138143e-06,1.290582371548841e-06,1.2905719028751916e-06,1.2905614342881107e-06,1.2905509657950472e-06,1.2905404973675401e-06,1.29053002905334e-06,1.2905195607925918e-06,1.2905090926546607e-06,1.2904986246060451e-06,1.290488156646611e-06,1.2904776887773329e-06,1.2904672210001236e-06,1.2904567533316866e-06,1.2904462857335757e-06,1.2904358181948227e-06,1.290425350772578e-06,1.2904148834398151e-06,1.290404416196618e-06,1.2903939490224884e-06,1.2903834819386002e-06,1.290373014954454e-06,1.2903625480692429e-06,1.2903520812760092e-06,1.2903416145504263e-06,1.290331147933817e-06,1.2903206814017311e-06,1.2903102149447108e-06,1.2902997485974594e-06,1.2902892823389475e-06,1.2902788161691169e-06,1.2902683500830185e-06,1.290257884096292e-06,1.290247418194798e-06,1.2902369523838262e-06,1.2902264866780468e-06,1.2902160210460758e-06,1.2902055555037592e-06,1.2901950900509341e-06,1.2901846246874838e-06,1.2901741594325153e-06,1.2901636942501963e-06,1.2901532291566016e-06,1.2901427641523385e-06,1.2901322992369356e-06,1.2901218344031347e-06,1.2901113696610993e-06,1.2901009049856184e-06,1.2900904404309077e-06,1.2900799759641126e-06,1.2900695115625957e-06,1.290059047274817e-06,1.2900485830808987e-06,1.2900381189708407e-06,1.290027654944559e-06,1.2900171910163703e-06,1.290006727174396e-06,1.2899962634216473e-06,1.2899857997480817e-06,1.2899753361544796e-06,1.28996487267019e-06,1.28995440925323e-06,1.2899439459472374e-06,1.2899334827618928e-06,1.2899230196307614e-06,1.2899125565961085e-06,1.2899020936283028e-06,1.2898916307755633e-06,1.2898811680046928e-06,1.2898707053260997e-06,1.2898602427254754e-06,1.289849780224742e-06,1.2898393178147984e-06,1.2898288554898289e-06,1.2898183932359004e-06,1.2898079310959921e-06,1.289797469043856e-06,1.2897870070843417e-06,1.2897765452112395e-06,1.2897660834017268e-06,1.2897556216847145e-06,1.2897451600565852e-06,1.2897346985403094e-06,1.289724237114469e-06,1.2897137757576365e-06,1.289703314510758e-06,1.2896928533326833e-06,1.2896823922643657e-06,1.289671931272551e-06,1.2896614703575196e-06,1.2896510095581174e-06,1.289640548826254e-06,1.2896300882056145e-06,1.2896196276757521e-06,1.289609167224995e-06,1.2895987068517508e-06,1.2895882465685658e-06,1.289577786373262e-06,1.2895673262688256e-06,1.2895568662552594e-06,1.289546406323649e-06,1.2895359465116397e-06,1.2895254867568513e-06,1.2895150271003811e-06,1.289504567553488e-06,1.289494108093589e-06,1.289483648703459e-06,1.2894731894249811e-06,1.2894627302159883e-06,1.289452271080903e-06,1.289441812071237e-06,1.2894313531269137e-06,1.2894208942981356e-06,1.2894104355261463e-06,1.2893999768740143e-06,1.2893895183112268e-06,1.2893790598378793e-06,1.2893686014537562e-06,1.2893581431610533e-06,1.2893476849373161e-06,1.2893372268006922e-06,1.289326768774655e-06,1.289316310841199e-06,1.2893058529739298e-06,1.2892953951948366e-06,1.2892849375233412e-06,1.2892744799263645e-06,1.289264022437085e-06,1.2892535650362432e-06,1.2892431077016908e-06,1.289232650478427e-06,1.2892221933194517e-06,1.2892117362751988e-06,1.289201279322705e-06,1.2891908224655005e-06,1.2891803656721133e-06,1.2891699089905404e-06,1.2891594524115167e-06,1.289148995907756e-06,1.2891385394706587e-06,1.2891280831238212e-06,1.2891176268660125e-06,1.289107170697317e-06,1.2890967146415004e-06,1.2890862586791834e-06,1.2890758027789164e-06,1.28906534697198e-06,1.2890548912512116e-06,1.289044435640374e-06,1.2890339800968693e-06,1.2890235246644646e-06,1.2890130692986858e-06,1.289002614016992e-06,1.288992158833769e-06,1.2889817037498864e-06,1.2889712487650287e-06,1.28896079386721e-06,1.2889503390390726e-06,1.2889398843018143e-06,1.2889294296745633e-06,1.2889189751360402e-06,1.288908520693656e-06,1.288898066311032e-06,1.2888876120425454e-06,1.2888771578435147e-06,1.288866703749776e-06,1.2888562497487024e-06,1.2888457958436332e-06,1.2888353420268945e-06,1.288824888288189e-06,1.2888144346434118e-06,1.2888039810895358e-06,1.2887935276251232e-06,1.288783074249901e-06,1.288772620941577e-06,1.2887621677181594e-06,1.2887517146113524e-06,1.288741261592685e-06,1.2887308086708933e-06,1.288720355822643e-06,1.2887099030456045e-06,1.2886994503645881e-06,1.2886889977931393e-06,1.288678545294234e-06,1.2886680928830627e-06,1.2886576405595463e-06,1.2886471883596459e-06,1.2886367362364923e-06,1.2886262841840172e-06,1.2886158322411432e-06,1.2886053803877809e-06,1.288594928598585e-06,1.2885844769219745e-06,1.28857402533746e-06,1.288563573821317e-06,1.2885531223889897e-06,1.2885426710705868e-06,1.2885322198415744e-06,1.2885217687051655e-06,1.2885113176550033e-06,1.2885008666756443e-06,1.2884904157853028e-06,1.2884799649761824e-06,1.2884695142837558e-06,1.288459063665749e-06,1.288448613130056e-06,1.288438162685376e-06,1.2884277123504732e-06,1.2884172621049905e-06,1.2884068119469496e-06,1.288396361880277e-06,1.2883859118841942e-06,1.2883754619721993e-06,1.2883650121405039e-06,1.2883545624124842e-06,1.2883441128089914e-06,1.288333663278808e-06,1.2883232138448184e-06,1.2883127644729654e-06,1.2883023152148199e-06,1.2882918660421815e-06,1.2882814169571345e-06,1.2882709679417234e-06,1.2882605190415195e-06,1.2882500702069771e-06,1.2882396214875075e-06,1.2882291728480438e-06,1.2882187242999237e-06,1.288208275844754e-06,1.2881978274505407e-06,1.2881873791720803e-06,1.2881769309895695e-06,1.288166482889352e-06,1.2881560348773307e-06,1.2881455869593878e-06,1.2881351391077408e-06,1.288124691364462e-06,1.2881142437148896e-06,1.2881037961513906e-06,1.2880933486560675e-06,1.2880829012733017e-06,1.2880724539789405e-06,1.2880620067728397e-06,1.288051559661947e-06,1.2880411126273707e-06,1.2880306656895553e-06,1.2880202188412238e-06,1.2880097720821803e-06,1.2879993253927103e-06,1.2879888788125063e-06,1.2879784323228882e-06,1.28796798592608e-06,1.2879575396139966e-06,1.2879470933944148e-06,1.287936647238185e-06,1.2879262012039654e-06,1.2879157552539634e-06,1.2879053093876902e-06,1.2878948635884112e-06,1.2878844179016087e-06,1.287873972304604e-06,1.2878635267974856e-06,1.2878530813791787e-06,1.287842636059107e-06,1.2878321907981802e-06,1.2878217456511765e-06,1.2878113005979505e-06,1.2878008556252691e-06,1.2877904107198894e-06,1.2877799659235019e-06,1.2877695212001207e-06,1.2877590765872485e-06,1.2877486320403785e-06,1.287738187600869e-06,1.2877277432544169e-06,1.287717298993865e-06,1.2877068548314798e-06,1.2876964107321637e-06,1.2876859667477517e-06,1.2876755228520445e-06,1.2876650790426287e-06,1.2876546353231673e-06,1.2876441916846115e-06,1.2876337481440862e-06,1.2876233046732205e-06,1.2876128613084974e-06,1.2876024180403326e-06,1.2875919748374522e-06,1.2875815317459275e-06,1.287571088720797e-06,1.2875606457790965e-06,1.28755020295496e-06,1.2875397601966169e-06,1.2875293175294783e-06,1.2875188749708448e-06,1.2875084325030048e-06,1.2874979901321046e-06,1.2874875478415423e-06,1.2874771056435697e-06,1.2874666635121196e-06,1.2874562214672313e-06,1.2874457795374169e-06,1.2874353376968713e-06,1.287424895921357e-06,1.2874144542312452e-06,1.2874040126562323e-06,1.2873935711455563e-06,1.287383129726217e-06,1.287372688419596e-06,1.2873622471787232e-06,1.2873518060497935e-06,1.2873413649899213e-06,1.2873309240396546e-06,1.2873204831584077e-06,1.2873100423675049e-06,1.2872996016860684e-06,1.2872891610667603e-06,1.2872787205648808e-06,1.2872682801520812e-06,1.287257839808096e-06,1.2872473995490735e-06,1.2872369594028479e-06,1.2872265193464925e-06,1.2872160793790639e-06,1.2872056394763105e-06,1.2871951996669578e-06,1.2871847599696393e-06,1.2871743203562904e-06,1.2871638808355067e-06,1.2871534413793152e-06,1.2871430020370175e-06,1.28713256278541e-06,1.28712212362182e-06,1.2871116845497273e-06,1.2871012455449049e-06,1.2870908066528445e-06,1.2870803678500333e-06,1.2870699291365684e-06,1.2870594905093306e-06,1.2870490519441852e-06,1.287038613495469e-06,1.2870281751352645e-06,1.2870177368651841e-06,1.2870072986832379e-06,1.286996860591797e-06,1.286986422570849e-06,1.2869759846405943e-06,1.2869655467939111e-06,1.2869551090630178e-06,1.2869446714178768e-06,1.286934233862997e-06,1.2869237963959342e-06,1.2869133590253974e-06,1.2869029217176123e-06,1.286892484493808e-06,1.2868820473650038e-06,1.2868716103230101e-06,1.2868611733733315e-06,1.2868507365077507e-06,1.2868402997593166e-06,1.286829863097073e-06,1.2868194265150361e-06,1.2868089900325296e-06,1.2867985536381947e-06,1.2867881173353288e-06,1.2867776810971049e-06,1.2867672449519376e-06,1.2867568088953404e-06,1.2867463729424474e-06,1.2867359370873794e-06,1.2867255013092079e-06,1.2867150655973158e-06,1.2867046299856601e-06,1.2866941944982214e-06,1.2866837590855331e-06,1.2866733237630418e-06,1.2866628885085907e-06,1.2866524533427636e-06,1.2866420182870883e-06,1.2866315833264639e-06,1.2866211484296157e-06,1.2866107136462219e-06,1.2866002789293462e-06,1.2865898443214637e-06,1.2865794098058026e-06,1.2865689753584824e-06,1.2865585410175598e-06,1.2865481068214976e-06,1.286537672660003e-06,1.2865272385608804e-06,1.2865168045811714e-06,1.2865063706790154e-06,1.2864959368691218e-06,1.286485503152095e-06,1.2864750695296183e-06,1.2864646359720383e-06,1.2864542025271372e-06,1.286443769170824e-06,1.2864333359055468e-06,1.2864229027295138e-06,1.2864124696141843e-06,1.2864020366049612e-06,1.2863916036747454e-06,1.286381170828316e-06,1.2863707381018219e-06,1.2863603054617303e-06,1.2863498729108644e-06,1.2863394404515334e-06,1.2863290080760914e-06,1.2863185757682314e-06,1.2863081435702042e-06,1.2862977114650625e-06,1.286287279422648e-06,1.2862768474968806e-06,1.2862664156572833e-06,1.286255983910066e-06,1.2862455522266208e-06,1.2862351206550055e-06,1.2862246891800944e-06,1.2862142577646935e-06,1.2862038264631046e-06,1.286193395248157e-06,1.2861829641028066e-06,1.2861725330699042e-06,1.286162102121628e-06,1.2861516712739207e-06,1.2861412405056013e-06,1.2861308098298726e-06,1.2861203792374265e-06,1.286109948737058e-06,1.2860995183023183e-06,1.2860890879795152e-06,1.2860786577500473e-06,1.2860682276099572e-06,1.2860577975363374e-06,1.2860473675466247e-06,1.2860369376710973e-06,1.2860265078603847e-06,1.2860160781386035e-06,1.286005648529875e-06,1.2859952190133481e-06,1.285984789562822e-06,1.2859743602027316e-06,1.285963930961502e-06,1.285953501764098e-06,1.2859430726919802e-06,1.2859326437107909e-06,1.2859222147972974e-06,1.285911785992313e-06,1.2859013572721305e-06,1.2858909286464746e-06,1.2858805001100345e-06,1.2858700716624295e-06,1.2858596433061417e-06,1.2858492150389755e-06,1.2858387868635026e-06,1.2858283587793194e-06,1.2858179307587641e-06,1.2858075028476586e-06,1.2857970750057464e-06,1.2857866472537846e-06,1.2857762196097554e-06,1.2857657920548738e-06,1.2857553645900602e-06,1.2857449372181814e-06,1.2857345099110027e-06,1.2857240827139731e-06,1.2857136555798471e-06,1.2857032285608928e-06,1.2856928016337097e-06,1.28568237479328e-06,1.2856719480453304e-06,1.2856615213574721e-06,1.2856510947843716e-06,1.2856406683031575e-06,1.285630241886343e-06,1.2856198155592599e-06,1.2856093893456401e-06,1.2855989632204145e-06,1.2855885371634823e-06,1.2855781111883216e-06,1.2855676853318417e-06,1.2855572595624653e-06,1.2855468338620616e-06,1.2855364082516225e-06,1.2855259827244104e-06,1.2855155572869735e-06,1.285505131938994e-06,1.2854947066851733e-06,1.2854842815417069e-06,1.285473856487433e-06,1.2854634315200732e-06,1.285453006636133e-06,1.2854425818517607e-06,1.2854321571533346e-06,1.2854217325493695e-06,1.285411308010679e-06,1.2854008835596047e-06,1.285390459215618e-06,1.2853800349654981e-06,1.2853696108071543e-06,1.2853591867396287e-06,1.2853487627583629e-06,1.285338338885766e-06,1.2853279150578582e-06,1.2853174913411015e-06,1.2853070676922683e-06,1.2852966441325332e-06,1.2852862206823682e-06,1.2852757972970214e-06,1.2852653740264526e-06,1.2852549508452381e-06,1.2852445277342461e-06,1.2852341047095305e-06,1.285223681797962e-06,1.2852132589715561e-06,1.2852028362160782e-06,1.2851924135726198e-06,1.2851819909930867e-06,1.2851715685068844e-06,1.2851611461046601e-06,1.2851507237974087e-06,1.285140301596543e-06,1.2851298794919477e-06,1.285119457445247e-06,1.2851090355107812e-06,1.2850986136737975e-06,1.2850881918996494e-06,1.2850777702342957e-06,1.285067348638665e-06,1.28505692715395e-06,1.2850465057586546e-06,1.2850360844281847e-06,1.285025663199013e-06,1.2850152420787802e-06,1.2850048210391755e-06,1.2849944000918203e-06,1.2849839792113976e-06,1.2849735584425298e-06,1.2849631377394079e-06,1.2849527171456447e-06,1.284942296621214e-06,1.284931876205862e-06,1.284921455858229e-06,1.2849110356233083e-06,1.284900615456079e-06,1.2848901953956363e-06,1.284879775406881e-06,1.284869355524238e-06,1.2848589357121887e-06,1.2848485160105705e-06,1.2848380964040325e-06,1.2848276768838187e-06,1.284817257449842e-06,1.2848068381085227e-06,1.2847964188315628e-06,1.2847859996652257e-06,1.2847755805655676e-06,1.2847651615739174e-06,1.2847547426530744e-06,1.2847443238435704e-06,1.284733905123262e-06,1.284723486495349e-06,1.2847130679401304e-06,1.2847026494560984e-06,1.2846922311023248e-06,1.2846818128229965e-06,1.2846713946189345e-06,1.284660976502738e-06,1.2846505584700778e-06,1.2846401405522878e-06,1.2846297227272858e-06,1.2846193049872428e-06,1.2846088873172171e-06,1.2845984697563403e-06,1.2845880522881015e-06,1.2845776348859388e-06,1.2845672175957447e-06,1.2845568003694084e-06,1.2845463832547021e-06,1.2845359662301441e-06,1.2845255492706298e-06,1.2845151324206274e-06,1.284504715665554e-06,1.2844942989743856e-06,1.2844838823938076e-06,1.2844734659067021e-06,1.284463049484052e-06,1.2844526331792254e-06,1.2844422169362897e-06,1.2844318007822198e-06,1.2844213847163298e-06,1.2844109687614645e-06,1.2844005528956743e-06,1.2843901371063065e-06,1.28437972141841e-06,1.2843693058258972e-06,1.284358890291239e-06,1.2843484748720524e-06,1.2843380595193822e-06,1.2843276442841855e-06,1.284317229136116e-06,1.2843068140736466e-06,1.2842963990696654e-06,1.2842859841858936e-06,1.2842755693683038e-06,1.2842651546333155e-06,1.2842547399971661e-06,1.284244325465054e-06,1.2842339110250182e-06,1.284223496676982e-06,1.2842130824201795e-06,1.284202668230543e-06,1.2841922541288055e-06,1.284181840138843e-06,1.2841714262115742e-06,1.2841610123735787e-06,1.28415059864569e-06,1.284140185009844e-06,1.2841297714625927e-06,1.2841193579832243e-06,1.2841089446442155e-06,1.2840985313644677e-06,1.2840881181736818e-06,1.284077705052046e-06,1.2840672920398017e-06,1.284056879115679e-06,1.2840464662822497e-06,1.2840360535148424e-06,1.2840256408594078e-06,1.2840152282727735e-06,1.2840048157737387e-06,1.2839944033868038e-06,1.2839839910663586e-06,1.2839735788557872e-06,1.283963166711312e-06,1.283952754680755e-06,1.283942342714283e-06,1.283931930840449e-06,1.2839215190567467e-06,1.2839111073858666e-06,1.2839006958002776e-06,1.283890284307089e-06,1.2838798728794116e-06,1.2838694615693404e-06,1.28385905034028e-06,1.2838486391731738e-06,1.2838382281215457e-06,1.2838278172061853e-06,1.283817406311257e-06,1.2838069955066703e-06,1.283796584793222e-06,1.283786174195267e-06,1.2837757636826592e-06,1.2837653532287208e-06,1.2837549428946632e-06,1.2837445326481476e-06,1.283734122488171e-06,1.2837237124187544e-06,1.2837133024360408e-06,1.2837028925445352e-06,1.2836924827207214e-06,1.2836820730084438e-06,1.2836716633690774e-06,1.2836612538111315e-06,1.283650844368458e-06,1.283640435013421e-06,1.2836300257458968e-06,1.2836196165631768e-06,1.2836092074770567e-06,1.2835987984762015e-06,1.283588389564637e-06,1.283577980748157e-06,1.2835675719913086e-06,1.283557163327345e-06,1.283546754751282e-06,1.2835363462860013e-06,1.2835259378912362e-06,1.28351552958335e-06,1.2835051213670714e-06,1.283494713239265e-06,1.2834843052002795e-06,1.2834738972669138e-06,1.2834634894287572e-06,1.2834530816765487e-06,1.2834426739925375e-06,1.2834322664355505e-06,1.2834218589434632e-06,1.2834114515293668e-06,1.2834010442223864e-06,1.2833906369848263e-06,1.28338022983694e-06,1.2833698228037755e-06,1.2833594158556544e-06,1.2833490089980682e-06,1.2833386022295829e-06,1.2833281955466047e-06,1.2833177889350022e-06,1.2833073824306582e-06,1.2832969760016745e-06,1.2832865696745761e-06,1.2832761634372313e-06,1.2832657572704615e-06,1.2832553512107496e-06,1.2832449452425747e-06,1.2832345393609973e-06,1.2832241335825306e-06,1.2832137278816997e-06,1.2832033222477968e-06,1.2831929167248565e-06,1.2831825112689893e-06,1.2831721059038799e-06,1.2831617006280667e-06,1.2831512954367803e-06,1.2831408903602481e-06,1.2831304853471541e-06,1.2831200804472034e-06,1.2831096756162824e-06,1.2830992708976058e-06,1.2830888662423506e-06,1.2830784616799052e-06,1.2830680572253772e-06,1.2830576528594868e-06,1.2830472485890071e-06,1.2830368444150816e-06,1.2830264403203254e-06,1.2830160363113665e-06,1.2830056323738864e-06,1.2829952285241284e-06,1.282984824761682e-06,1.2829744210880613e-06,1.2829640175246669e-06,1.2829536140376346e-06,1.2829432106326204e-06,1.282932807339736e-06,1.2829224041329077e-06,1.2829120009971574e-06,1.2829015979442946e-06,1.2828911949860087e-06,1.2828807921347852e-06,1.2828703893389678e-06,1.2828599866438252e-06,1.2828495840730503e-06,1.2828391815807332e-06,1.2828287791754403e-06,1.282818376856082e-06,1.282807974632531e-06,1.2827975724979147e-06,1.282787170449246e-06,1.282776768471543e-06,1.2827663665823474e-06,1.282755964779946e-06,1.2827455630878727e-06,1.2827351614847703e-06,1.2827247599503135e-06,1.2827143585286987e-06,1.2827039571699843e-06,1.2826935559035991e-06,1.282683154747451e-06,1.2826727536596163e-06,1.2826623526874378e-06,1.2826519517720706e-06,1.28264155096401e-06,1.2826311502550534e-06,1.2826207496126153e-06,1.2826103490818464e-06,1.2825999486401714e-06,1.282589548284532e-06,1.2825791479980882e-06,1.282568747799108e-06,1.2825583477137964e-06,1.2825479476904794e-06,1.2825375477813974e-06,1.2825271479372296e-06,1.2825167481841195e-06,1.2825063485453583e-06,1.282495948970551e-06,1.2824855495045964e-06,1.2824751501096015e-06,1.2824647508046597e-06,1.282454351600912e-06,1.2824439524718988e-06,1.2824335534313334e-06,1.2824231544812817e-06,1.2824127556430655e-06,1.282402356866298e-06,1.282391958172413e-06,1.282381559579793e-06,1.2823711610963484e-06,1.2823607626778955e-06,1.282350364352063e-06,1.2823399661297234e-06,1.2823295679825203e-06,1.282319169942891e-06,1.2823087719938078e-06,1.282298374134036e-06,1.2822879763604752e-06,1.2822775786603706e-06,1.2822671810652142e-06,1.2822567835416664e-06,1.2822463860979188e-06,1.2822359887740457e-06,1.282225591500793e-06,1.2822151943538193e-06,1.2822047972972454e-06,1.2821944003280554e-06,1.2821840034532097e-06,1.2821736066412393e-06,1.2821632099376649e-06,1.282152813323169e-06,1.2821424167983503e-06,1.2821320203608865e-06,1.2821216239957177e-06,1.2821112277148237e-06,1.2821008315444579e-06,1.282090435443664e-06,1.2820800394619454e-06,1.2820696435363648e-06,1.2820592477212996e-06,1.282048851994094e-06,1.2820384563542939e-06,1.2820280608055219e-06,1.2820176653271211e-06,1.2820072699657245e-06,1.2819968746675347e-06,1.2819864794788692e-06,1.2819760843784114e-06,1.2819656893670735e-06,1.2819552944151404e-06,1.2819448995616492e-06,1.281934504826494e-06,1.2819241101714604e-06,1.2819137155855681e-06,1.281903321087128e-06,1.2818929266808334e-06,1.2818825323829225e-06,1.2818721381744093e-06,1.2818617440298538e-06,1.2818513499969186e-06,1.281840956058205e-06,1.2818305622076968e-06,1.2818201684493578e-06,1.2818097747669297e-06,1.2817993811814609e-06,1.2817889876839335e-06,1.2817785942503677e-06,1.2817682009407254e-06,1.2817578076868147e-06,1.2817474145488077e-06,1.281737021496523e-06,1.2817266285364425e-06,1.2817162356417726e-06,1.2817058428597227e-06,1.2816954501441118e-06,1.2816850575369876e-06,1.281674665019051e-06,1.2816642725880396e-06,1.2816538802512445e-06,1.2816434880036657e-06,1.2816330958210468e-06,1.28162270375141e-06,1.2816123117664587e-06,1.2816019198497488e-06,1.281591528045434e-06,1.2815811363280865e-06,1.2815707446779886e-06,1.281560353118877e-06,1.2815499616395882e-06,1.2815395702647913e-06,1.2815291789950665e-06,1.2815187878156967e-06,1.2815083967036604e-06,1.2814980056991918e-06,1.2814876147735095e-06,1.2814772239532642e-06,1.2814668331965345e-06,1.2814564425482013e-06,1.281446051988604e-06,1.2814356615169857e-06,1.2814252711357478e-06,1.2814148808425224e-06,1.281404490638616e-06,1.2813941005058213e-06,1.2813837104783812e-06,1.2813733205212091e-06,1.2813629306469434e-06,1.2813525408704275e-06,1.2813421512075314e-06,1.2813317616294508e-06,1.2813213721416895e-06,1.281310982741719e-06,1.2813005934095062e-06,1.2812902041870056e-06,1.2812798150552861e-06,1.2812694259876233e-06,1.281259037032281e-06,1.281248648167749e-06,1.2812382593900386e-06,1.2812278706961933e-06,1.2812174820758524e-06,1.2812070935603692e-06,1.281196705138584e-06,1.2811863167978007e-06,1.2811759285533105e-06,1.2811655403997797e-06,1.2811551523354145e-06,1.2811447643577093e-06,1.2811343764515118e-06,1.2811239886549463e-06,1.2811136009367834e-06,1.2811032133122587e-06,1.2810928257605708e-06,1.2810824382969686e-06,1.2810720509232917e-06,1.2810616636364502e-06,1.281051276462899e-06,1.281040889376256e-06,1.2810305023570257e-06,1.2810201154473737e-06,1.2810097286076577e-06,1.280999341856833e-06,1.2809889552227971e-06,1.2809785686683876e-06,1.2809681822016998e-06,1.2809577958273358e-06,1.2809474095408056e-06,1.2809370233177126e-06,1.2809266372107008e-06,1.2809162511877697e-06,1.2809058652383389e-06,1.2808954794014349e-06,1.2808850936500585e-06,1.2808747079642578e-06,1.2808643224310185e-06,1.2808539369253584e-06,1.2808435515108835e-06,1.2808331662058547e-06,1.2808227809924655e-06,1.280812395837631e-06,1.2808020107686718e-06,1.2807916258272137e-06,1.2807812409330502e-06,1.28077085615934e-06,1.2807604714905335e-06,1.2807500868981028e-06,1.2807397023901733e-06,1.2807293179711042e-06,1.2807189336390805e-06,1.2807085493960418e-06,1.280698165226729e-06,1.280687781172844e-06,1.2806773971795131e-06,1.2806670132956934e-06,1.2806566295027742e-06,1.280646245798062e-06,1.2806358621555791e-06,1.280625478630313e-06,1.2806150951675244e-06,1.2806047117962676e-06,1.2805943285374763e-06,1.280583945344314e-06,1.2805735622602956e-06,1.2805631792698446e-06,1.2805527963659171e-06,1.2805424135344046e-06,1.2805320308105442e-06,1.2805216481543936e-06,1.2805112656052725e-06,1.2805008831249725e-06,1.280490500732631e-06,1.2804801184234667e-06,1.2804697362108106e-06,1.2804593540847107e-06,1.2804489720443056e-06,1.2804385901211783e-06,1.2804282082613428e-06,1.280417826495231e-06,1.2804074448122497e-06,1.2803970632417636e-06,1.2803866817468062e-06,1.2803763003545227e-06,1.2803659190314546e-06,1.2803555378160438e-06,1.2803451566709447e-06,1.2803347756346925e-06,1.2803243946658622e-06,1.2803140138103039e-06,1.2803036330187194e-06,1.2802932523179812e-06,1.2802828717266474e-06,1.280272491229695e-06,1.2802621107942404e-06,1.280251730450599e-06,1.2802413501953954e-06,1.2802309700517198e-06,1.2802205899926244e-06,1.280210209997502e-06,1.2801998300896636e-06,1.2801894502788368e-06,1.2801790705799916e-06,1.2801686909668101e-06,1.2801583114488804e-06,1.2801479319850455e-06,1.2801375526398352e-06,1.2801271733813355e-06,1.2801167941936713e-06,1.2801064150900514e-06,1.2800960360777592e-06,1.2800856571577525e-06,1.280075278341919e-06,1.2800648996182905e-06,1.2800545209868768e-06,1.2800441424438807e-06,1.2800337639903996e-06,1.2800233856246955e-06,1.2800130073456687e-06,1.2800026291619941e-06,1.2799922510608479e-06,1.2799818730234122e-06,1.2799714950821879e-06,1.2799611172236401e-06,1.2799507394879674e-06,1.2799403618377905e-06,1.2799299842432752e-06,1.279919606769237e-06,1.2799092293759824e-06,1.2798988520763396e-06,1.2798884748661589e-06,1.279878097746751e-06,1.279867720712489e-06,1.279857343746319e-06,1.2798469668727098e-06,1.2798365900805507e-06,1.2798262134026724e-06,1.2798158368159761e-06,1.2798054603185637e-06,1.279795083887331e-06,1.2797847075683431e-06,1.2797743313384538e-06,1.279763955173473e-06,1.2797535791214424e-06,1.2797432031581558e-06,1.279732827261698e-06,1.279722451468932e-06,1.2797120757465722e-06,1.2797017001147211e-06,1.2796913245962615e-06,1.279680949163318e-06,1.2796705737980125e-06,1.2796601985435237e-06,1.279649823375729e-06,1.2796394482815217e-06,1.279629073331316e-06,1.279618698432113e-06,1.2796083236100588e-06,1.2795979488898976e-06,1.2795875742332102e-06,1.2795771996892453e-06,1.2795668252345462e-06,1.2795564508675601e-06,1.2795460765723705e-06,1.2795357023823095e-06,1.2795253282833238e-06,1.2795149542583385e-06,1.2795045803433455e-06,1.279494206493083e-06,1.279483832749032e-06,1.2794734590759725e-06,1.2794630855106258e-06,1.2794527120145783e-06,1.2794423386079071e-06,1.2794319653200247e-06,1.279421592112491e-06,1.2794112189948224e-06,1.2794008459414174e-06,1.2793904729982454e-06,1.2793801001430183e-06,1.2793697273773262e-06,1.2793593546720151e-06,1.2793489820628604e-06,1.2793386095645019e-06,1.2793282371343109e-06,1.279317864794079e-06,1.2793074925663206e-06,1.2792971204274936e-06,1.27928674835204e-06,1.2792763763648912e-06,1.2792660044716528e-06,1.2792556326587343e-06,1.2792452609606182e-06,1.2792348893545684e-06,1.2792245178082906e-06,1.2792141463832265e-06,1.2792037750440146e-06,1.279193403793564e-06,1.279183032608828e-06,1.2791726615150742e-06,1.279162290524562e-06,1.2791519196297772e-06,1.279141548820479e-06,1.2791311781002772e-06,1.279120807470055e-06,1.2791104369010126e-06,1.2791000664487873e-06,1.2790896960807092e-06,1.279079325778118e-06,1.279068955579868e-06,1.2790585854836052e-06,1.2790482154736814e-06,1.2790378455357156e-06,1.279027475705233e-06,1.2790171059437201e-06,1.2790067362936105e-06,1.2789963667289912e-06,1.2789859972356849e-06,1.2789756278510965e-06,1.2789652585565753e-06,1.2789548893476173e-06,1.2789445202277162e-06,1.278934151178511e-06,1.2789237822371491e-06,1.2789134133897118e-06,1.2789030446074393e-06,1.278892675912854e-06,1.2788823073272438e-06,1.278871938832665e-06,1.278861570401023e-06,1.2788512020804617e-06,1.2788408338531745e-06,1.278830465712793e-06,1.2788200976625942e-06,1.2788097297013682e-06,1.2787993618059635e-06,1.2787889940007556e-06,1.278778626312514e-06,1.2787682586847573e-06,1.2787578911612105e-06,1.2787475237308019e-06,1.2787371563867775e-06,1.2787267891347435e-06,1.2787164219693783e-06,1.278706054876903e-06,1.2786956878932194e-06,1.2786853209976306e-06,1.2786749541905387e-06,1.2786645874722356e-06,1.2786542208199206e-06,1.2786438542787022e-06,1.2786334878119244e-06,1.2786231214285938e-06,1.2786127551540606e-06,1.2786023889461361e-06,1.2785920228469376e-06,1.2785816568377364e-06,1.2785712908979792e-06,1.2785609250684925e-06,1.2785505593042706e-06,1.2785401936537224e-06,1.278529828093091e-06,1.2785194626282003e-06,1.2785090972410493e-06,1.2784987319138802e-06,1.2784883667142015e-06,1.27847800160018e-06,1.2784676365503838e-06,1.2784572715870241e-06,1.2784469067144725e-06,1.2784365419217948e-06,1.2784261772422983e-06,1.2784158126372738e-06,1.278405448115913e-06,1.2783950836894143e-06,1.2783847193719079e-06,1.2783743551387556e-06,1.2783639909945655e-06,1.278353626919823e-06,1.2783432629577528e-06,1.2783328990846196e-06,1.2783225352801282e-06,1.2783121715879255e-06,1.2783018079556471e-06,1.2782914444128153e-06,1.2782810809806288e-06,1.2782707176373092e-06,1.2782603543611768e-06,1.27824999119614e-06,1.2782396280984054e-06,1.2782292651148283e-06,1.2782189021913099e-06,1.2782085393899848e-06,1.2781981766698178e-06,1.2781878140148493e-06,1.2781774514523153e-06,1.2781670889965522e-06,1.2781567266301498e-06,1.2781463643561351e-06,1.2781360021463233e-06,1.2781256400225126e-06,1.2781152779903943e-06,1.2781049160717972e-06,1.2780945542390228e-06,1.278084192494258e-06,1.278073830820478e-06,1.2780634692572082e-06,1.2780531077797511e-06,1.2780427463877367e-06,1.2780323850918393e-06,1.2780220238531005e-06,1.2780116627077401e-06,1.278001301653737e-06,1.2779909407099242e-06,1.2779805798542965e-06,1.2779702190782546e-06,1.2779598583890354e-06,1.2779494978679392e-06,1.2779391373697695e-06,1.2779287769572015e-06,1.2779184166102726e-06,1.277908056376851e-06,1.2778976962353701e-06,1.2778873361514271e-06,1.27787697616564e-06,1.2778666162800618e-06,1.2778562564904696e-06,1.2778458967930398e-06,1.277835537181113e-06,1.277825177667483e-06,1.2778148182390893e-06,1.277804458874074e-06,1.2777940996135334e-06,1.2777837404269662e-06,1.2777733813570548e-06,1.2777630223457557e-06,1.2777526634230866e-06,1.277742304580729e-06,1.2777319458382223e-06,1.2777215872120334e-06,1.2777112286681406e-06,1.2777008701922278e-06,1.2776905118251944e-06,1.2776801535641832e-06,1.2776697953536192e-06,1.2776594372476212e-06,1.2776490792030767e-06,1.277638721256785e-06,1.2776283634217973e-06,1.277618005678341e-06,1.2776076480208271e-06,1.2775972904270672e-06,1.2775869329438531e-06,1.2775765755557715e-06,1.2775662182438412e-06,1.2775558610301583e-06,1.277545503900535e-06,1.2775351468644675e-06,1.2775247899171324e-06,1.277514433039592e-06,1.2775040762786478e-06,1.277493719599232e-06,1.2774833629892801e-06,1.27747300648609e-06,1.2774626500385477e-06,1.2774522937132332e-06,1.277441937477568e-06,1.2774315813296198e-06,1.2774212252694728e-06,1.2774108692757096e-06,1.2774005133942145e-06,1.2773901576025375e-06,1.2773798018909371e-06,1.2773694462782446e-06,1.2773590907511154e-06,1.2773487353099506e-06,1.2773383799622701e-06,1.277328024706214e-06,1.2773176695411531e-06,1.2773073144387354e-06,1.2772969594430022e-06,1.2772866045164228e-06,1.277276249703683e-06,1.2772658949795972e-06,1.2772555403413455e-06,1.277245185787779e-06,1.2772348313057199e-06,1.277224476935174e-06,1.2772141226583174e-06,1.2772037684686107e-06,1.277193414360885e-06,1.2771830603455255e-06,1.2771727064176644e-06,1.2771623525679898e-06,1.2771519988164377e-06,1.2771416451579492e-06,1.2771312915652674e-06,1.2771209380824802e-06,1.2771105846877466e-06,1.2771002313904774e-06,1.277089878176235e-06,1.2770795250264352e-06,1.2770691719748918e-06,1.2770588190268963e-06,1.27704846614476e-06,1.2770381133771375e-06,1.2770277606957384e-06,1.2770174080806943e-06,1.2770070555735873e-06,1.2769967031563507e-06,1.276986350826367e-06,1.2769759985853283e-06,1.2769656464667674e-06,1.2769552943879289e-06,1.27694494239483e-06,1.2769345905122355e-06,1.2769242387148696e-06,1.276913887008222e-06,1.2769035353898137e-06,1.2768931838651867e-06,1.2768828324292528e-06,1.2768724810804917e-06,1.2768621297987668e-06,1.2768517786221432e-06,1.276841427535489e-06,1.2768310765411893e-06,1.2768207256351973e-06,1.276810374814768e-06,1.2768000240643642e-06,1.2767896734214727e-06,1.2767793228487153e-06,1.2767689723832243e-06,1.2767586220099664e-06,1.2767482717229454e-06,1.2767379215270298e-06,1.2767275713967311e-06,1.2767172213719609e-06,1.2767068714249167e-06,1.2766965215871581e-06,1.2766861718118346e-06,1.2766758221454175e-06,1.2766654725640444e-06,1.2766551230769662e-06,1.2766447736728682e-06,1.2766344243398475e-06,1.276624075099248e-06,1.276613725975404e-06,1.2766033769089154e-06,1.2765930279518372e-06,1.2765826790663487e-06,1.2765723302841e-06,1.2765619815968004e-06,1.2765516329943888e-06,1.2765412844850788e-06,1.2765309360433062e-06,1.2765205876872129e-06,1.2765102394423053e-06,1.276499891279929e-06,1.276489543211858e-06,1.2764791952330795e-06,1.276468847335861e-06,1.2764584995346312e-06,1.2764481518271658e-06,1.2764378041963688e-06,1.2764274566661614e-06,1.2764171092191311e-06,1.2764067618666435e-06,1.2763964145961995e-06,1.2763860673953337e-06,1.276375720302917e-06,1.2763653732983646e-06,1.276355026361105e-06,1.2763446795151476e-06,1.276334332777764e-06,1.2763239861248782e-06,1.2763136395431925e-06,1.2763032930521117e-06,1.2762929466578939e-06,1.276282600365218e-06,1.2762722541622031e-06,1.2762619080306925e-06,1.276251562006504e-06,1.2762412160716638e-06,1.2762308702277537e-06,1.2762205244462128e-06,1.2762101787799437e-06,1.2761998331963097e-06,1.2761894876951032e-06,1.2761791422691205e-06,1.2761687969534421e-06,1.2761584517064535e-06,1.276148106547437e-06,1.2761377614979192e-06,1.2761274165185964e-06,1.2761170716324688e-06,1.2761067268363893e-06,1.276096382139666e-06,1.2760860375319045e-06,1.276075692992773e-06,1.2760653485660916e-06,1.2760550042047613e-06,1.2760446599334301e-06,1.2760343157690896e-06,1.2760239716971193e-06,1.276013627706345e-06,1.2760032837886435e-06,1.2759929399827427e-06,1.2759825962487593e-06,1.2759722526163654e-06,1.2759619090713525e-06,1.2759515656234329e-06,1.2759412222559161e-06,1.2759308789852763e-06,1.275920535776552e-06,1.2759101926591094e-06,1.275899849651761e-06,1.275889506732398e-06,1.275879163912216e-06,1.2758688211699786e-06,1.2758584784974276e-06,1.2758481359083786e-06,1.275837793408606e-06,1.2758274510202685e-06,1.2758171087256082e-06,1.2758067665167556e-06,1.275796424396619e-06,1.2757860823438177e-06,1.2757757404043547e-06,1.275765398562361e-06,1.2757550567935004e-06,1.2757447151158282e-06,1.2757343735249184e-06,1.2757240320313536e-06,1.2757136906176387e-06,1.275703349287371e-06,1.2756930080513295e-06,1.2756826669039954e-06,1.2756723258496526e-06,1.2756619848828807e-06,1.2756516440048567e-06,1.2756413031920354e-06,1.2756309624689875e-06,1.275620621853901e-06,1.2756102813288663e-06,1.2755999408702962e-06,1.2755896004994226e-06,1.275579260240354e-06,1.2755689200474618e-06,1.2755585799606509e-06,1.275548239969635e-06,1.2755379000589507e-06,1.275527560223783e-06,1.2755172204956863e-06,1.2755068808373896e-06,1.2754965412900433e-06,1.2754862018198156e-06,1.275475862442741e-06,1.2754655231452563e-06,1.2754551839607205e-06,1.2754448448533094e-06,1.2754345058349022e-06,1.2754241668863066e-06,1.2754138280270952e-06,1.2754034892747645e-06,1.2753931505914696e-06,1.2753828119961365e-06,1.2753724735112431e-06,1.2753621350891454e-06,1.2753517967834616e-06,1.2753414585614108e-06,1.275331120436028e-06,1.2753207823965572e-06,1.275310444441028e-06,1.2753001065898022e-06,1.2752897687903743e-06,1.2752794311055904e-06,1.2752690935101088e-06,1.2752587559957439e-06,1.2752484185837268e-06,1.2752380812321364e-06,1.2752277439840996e-06,1.27521740680762e-06,1.275207069717419e-06,1.2751967327192018e-06,1.2751863958015964e-06,1.275176058980095e-06,1.2751657222676864e-06,1.2751553856231002e-06,1.2751450490898735e-06,1.2751347126202797e-06,1.2751243762555348e-06,1.2751140399865872e-06,1.275103703808007e-06,1.275093367719671e-06,1.275083031713108e-06,1.2750726957778473e-06,1.275062359951051e-06,1.2750520242098195e-06,1.27504168853885e-06,1.2750313529806133e-06,1.2750210175136177e-06,1.2750106821367006e-06,1.2750003468418083e-06,1.2749900116172165e-06,1.2749796764995904e-06,1.2749693414752032e-06,1.2749590065395395e-06,1.2749486716682568e-06,1.2749383369066577e-06,1.2749280022377103e-06,1.2749176676536101e-06,1.2749073331637762e-06,1.2748969987602228e-06,1.2748866644206806e-06,1.2748763301945067e-06,1.2748659960499461e-06,1.274855661994979e-06,1.2748453280117498e-06,1.2748349941334284e-06,1.2748246603283455e-06,1.2748143266309755e-06,1.2748039930254038e-06,1.2747936595044052e-06,1.2747833260788676e-06,1.2747729927361865e-06,1.2747626594820929e-06,1.2747523263161408e-06,1.2747419932441636e-06,1.274731660233236e-06,1.2747213273370656e-06,1.274710994529599e-06,1.2747006618072995e-06,1.2746903291796316e-06,1.274679996641021e-06,1.2746696641810615e-06,1.2746593318168456e-06,1.2746489995278616e-06,1.2746386673376659e-06,1.2746283352361318e-06,1.27461800322643e-06,1.2746076713023635e-06,1.274597339475837e-06,1.2745870077248906e-06,1.2745766760435188e-06,1.2745663444698362e-06,1.2745560129878851e-06,1.2745456815979638e-06,1.2745353502727871e-06,1.274525019061054e-06,1.2745146879315807e-06,1.2745043568949642e-06,1.2744940259480116e-06,1.2744836950863951e-06,1.2744733643160028e-06,1.2744630336063541e-06,1.2744527029956828e-06,1.2744423724707794e-06,1.2744320420587898e-06,1.274421711710046e-06,1.2744113814703111e-06,1.2744010513222775e-06,1.2743907212555176e-06,1.27438039126422e-06,1.274370061380542e-06,1.2743597315838788e-06,1.2743494018758246e-06,1.2743390722565179e-06,1.2743287427062636e-06,1.2743184132641288e-06,1.2743080839105405e-06,1.2742977546442765e-06,1.2742874254648354e-06,1.2742770963586443e-06,1.2742667673416716e-06,1.2742564384124188e-06,1.2742461095907687e-06,1.274235780857756e-06,1.2742254522139415e-06,1.2742151236640039e-06,1.2742047951978683e-06,1.274194466800426e-06,1.274184138515549e-06,1.274173810320332e-06,1.2741634821931137e-06,1.2741531541433903e-06,1.274142826211329e-06,1.2741324983658352e-06,1.2741221706109896e-06,1.274111842945407e-06,1.2741015153749013e-06,1.2740911878597943e-06,1.2740808604460054e-06,1.2740705331209696e-06,1.2740602058770503e-06,1.2740498787454372e-06,1.2740395516973618e-06,1.2740292247066687e-06,1.2740188978368845e-06,1.2740085710569099e-06,1.2739982443584925e-06,1.2739879177525086e-06,1.2739775912162667e-06,1.2739672647908006e-06,1.2739569384539716e-06,1.2739466122057209e-06,1.2739362860543335e-06,1.27392595998328e-06,1.2739156339942825e-06,1.2739053080970301e-06,1.2738949822646711e-06,1.2738846565253803e-06,1.2738743308975195e-06,1.2738640053582223e-06,1.2738536799075268e-06,1.27384335454101e-06,1.2738330292606082e-06,1.2738227040690315e-06,1.2738123789747285e-06,1.2738020539650792e-06,1.2737917290448148e-06,1.273781404214987e-06,1.273771079449807e-06,1.2737607547700213e-06,1.273750430182965e-06,1.2737401056756094e-06,1.2737297812867566e-06,1.2737194569853492e-06,1.2737091327751352e-06,1.273698808656363e-06,1.2736884846195518e-06,1.2736781606516652e-06,1.2736678367943244e-06,1.2736575130047647e-06,1.2736471893036397e-06,1.2736368656898547e-06,1.273626542165883e-06,1.2736162187549634e-06,1.2736058954078765e-06,1.273595572169118e-06,1.2735852490192869e-06,1.2735749259398844e-06,1.273564602968188e-06,1.273554280064899e-06,1.2735439572469428e-06,1.273533634517955e-06,1.2735233118995654e-06,1.273512989370752e-06,1.273502666938625e-06,1.273492344583131e-06,1.2734820223013593e-06,1.27347170010691e-06,1.2734613780209637e-06,1.273451056023121e-06,1.2734407340926124e-06,1.2734304122682131e-06,1.2734200905160874e-06,1.273409768851599e-06,1.2733994472730302e-06,1.2733891258093285e-06,1.2733788044194432e-06,1.273368483132852e-06,1.2733581619419463e-06,1.2733478408283826e-06,1.273337519785262e-06,1.2733271988531307e-06,1.2733168780051696e-06,1.2733065572260258e-06,1.2732962365354672e-06,1.2732859159334472e-06,1.2732755954409635e-06,1.2732652750249355e-06,1.2732549547095682e-06,1.2732446344860964e-06,1.2732343143361295e-06,1.273223994289598e-06,1.2732136743285692e-06,1.273203354438228e-06,1.2731930346235129e-06,1.2731827149282383e-06,1.2731723953248535e-06,1.2731620758068862e-06,1.2731517563805728e-06,1.2731414370341392e-06,1.2731311177622607e-06,1.2731207985984254e-06,1.2731104795022926e-06,1.273100160511294e-06,1.2730898416143221e-06,1.2730795228081122e-06,1.2730692040951106e-06,1.2730588854636019e-06,1.2730485669198125e-06,1.2730382484676236e-06,1.273027930078399e-06,1.2730176117958122e-06,1.273007293606249e-06,1.2729969754863831e-06,1.272986657473941e-06,1.2729763395375455e-06,1.2729660216824545e-06,1.2729557039145854e-06,1.2729453862677058e-06,1.2729350687025241e-06,1.2729247512276812e-06,1.2729144338164204e-06,1.2729041165091384e-06,1.2728937992753786e-06,1.2728834821488384e-06,1.2728731651114385e-06,1.2728628481398225e-06,1.272852531257855e-06,1.2728422144910919e-06,1.27283189780354e-06,1.272821581210026e-06,1.2728112646779718e-06,1.2728009482629266e-06,1.2727906319375925e-06,1.272780315705818e-06,1.2727699995299341e-06,1.2727596834717223e-06,1.2727493674961626e-06,1.2727390516057825e-06,1.2727287357871785e-06,1.2727184200584345e-06,1.2727081044358623e-06,1.272697788906249e-06,1.2726874734427952e-06,1.2726771580904403e-06,1.2726668428045463e-06,1.2726565276285803e-06,1.2726462125388383e-06,1.272635897543397e-06,1.2726255826110766e-06,1.2726152677781496e-06,1.2726049530225624e-06,1.2725946383711183e-06,1.2725843238156109e-06,1.2725740093255768e-06,1.2725636949287495e-06,1.2725533806416255e-06,1.2725430664201326e-06,1.2725327522836022e-06,1.2725224382592378e-06,1.2725121242993796e-06,1.2725018104521323e-06,1.2724914966964667e-06,1.2724811830033101e-06,1.272470869396772e-06,1.2724605559053906e-06,1.2724502424989187e-06,1.272439929180835e-06,1.2724296159505313e-06,1.2724193028083327e-06,1.2724089897607976e-06,1.2723986767762286e-06,1.272388363873693e-06,1.2723780510837307e-06,1.2723677383665962e-06,1.272357425761819e-06,1.2723471132393844e-06,1.2723368008047615e-06,1.2723264884657091e-06,1.2723161762102464e-06,1.272305864041709e-06,1.2722955519564486e-06,1.2722852399610698e-06,1.2722749280583438e-06,1.2722646162231693e-06,1.2722543044966638e-06,1.2722439928409809e-06,1.2722336812927053e-06,1.2722233698022078e-06,1.2722130584316436e-06,1.2722027471501194e-06,1.272192435955577e-06,1.2721821248508897e-06,1.2721718138343501e-06,1.272161502887228e-06,1.272151192047878e-06,1.272140881295974e-06,1.2721305706387389e-06,1.2721202600645918e-06,1.272109949558454e-06,1.2720996391548882e-06,1.27208932882759e-06,1.2720790185922628e-06,1.2720687084559443e-06,1.272058398416021e-06,1.2720480884668767e-06,1.2720377785805563e-06,1.2720274687894637e-06,1.2720171590795094e-06,1.2720068494594582e-06,1.2719965399479257e-06,1.271986230523724e-06,1.2719759211918191e-06,1.2719656119262421e-06,1.271955302747637e-06,1.2719449936517956e-06,1.2719346846706069e-06,1.2719243757571569e-06,1.2719140669488267e-06,1.271903758236052e-06,1.2718934496121917e-06,1.271883141076402e-06,1.27187283262219e-06,1.2718625242575133e-06,1.271852215964929e-06,1.2718419077546114e-06,1.271831599671704e-06,1.271821291663139e-06,1.2718109837244448e-06,1.271800675889186e-06,1.2717903681269368e-06,1.271780060476044e-06,1.271769752910444e-06,1.2717594454143867e-06,1.2717491380290312e-06,1.2717388307321768e-06,1.27172852350164e-06,1.2717182163800976e-06,1.27170790934864e-06,1.2716976024057972e-06,1.2716872955481714e-06,1.271676988782078e-06,1.2716666820902898e-06,1.271656375495032e-06,1.271646068988196e-06,1.271635762575073e-06,1.2716254562522465e-06,1.2716151500152145e-06,1.2716048438699923e-06,1.2715945377912334e-06,1.2715842318216456e-06,1.2715739259406767e-06,1.271563620125663e-06,1.2715533144184123e-06,1.2715430088028673e-06,1.2715327032728174e-06,1.2715223978060148e-06,1.2715120924542496e-06,1.2715017871923659e-06,1.2714914820168312e-06,1.2714811769290072e-06,1.2714708719319706e-06,1.2714605670292483e-06,1.2714502621832912e-06,1.2714399574460111e-06,1.2714296528005704e-06,1.2714193482434107e-06,1.2714090437831276e-06,1.2713987394064435e-06,1.2713884351116304e-06,1.271378130890066e-06,1.271367826752729e-06,1.271357522727669e-06,1.2713472187902233e-06,1.2713369149375152e-06,1.271326611187483e-06,1.2713163075162647e-06,1.2713060039213017e-06,1.2712957004205236e-06,1.2712853969940075e-06,1.2712750936737279e-06,1.2712647904439102e-06,1.2712544872817333e-06,1.271244184229698e-06,1.2712338812443101e-06,1.271223578347884e-06,1.2712132755423378e-06,1.2712029728433602e-06,1.2711926702366814e-06,1.2711823677118423e-06,1.2711720652815828e-06,1.2711617629460841e-06,1.2711514606926477e-06,1.271141158540553e-06,1.271130856467106e-06,1.2711205544789673e-06,1.2711102525560211e-06,1.2710999507459421e-06,1.2710896490190183e-06,1.271079347384766e-06,1.2710690458133126e-06,1.2710587443503206e-06,1.2710484429821664e-06,1.2710381417018866e-06,1.271027840509918e-06,1.2710175394094729e-06,1.2710072383713123e-06,1.270996937418202e-06,1.270986636586631e-06,1.2709763358148173e-06,1.2709660351489837e-06,1.2709557345809872e-06,1.2709454340771427e-06,1.2709351336556156e-06,1.270924833334625e-06,1.2709145330949313e-06,1.2709042329615373e-06,1.2708939329272753e-06,1.2708836329676927e-06,1.2708733330988842e-06,1.2708630333179461e-06,1.2708527336131531e-06,1.2708424340101876e-06,1.270832134495707e-06,1.2708218350696395e-06,1.2708115357097702e-06,1.2708012364600876e-06,1.2707909372987936e-06,1.2707806382076315e-06,1.2707703392276541e-06,1.2707600403311713e-06,1.270749741523196e-06,1.2707394427938972e-06,1.2707291441651382e-06,1.2707188456047161e-06,1.2707085471648177e-06,1.2706982488005342e-06,1.270687950527498e-06,1.2706776523184952e-06,1.27066735422067e-06,1.2706570561898504e-06,1.2706467582478708e-06,1.2706364603918784e-06,1.2706261626364601e-06,1.2706158649557718e-06,1.2706055673840023e-06,1.2705952698929712e-06,1.2705849725009428e-06,1.2705746752034388e-06,1.2705643779915071e-06,1.2705540808680466e-06,1.2705437838362789e-06,1.2705334868875595e-06,1.270523190022562e-06,1.2705128932277881e-06,1.2705025965192126e-06,1.270492299906403e-06,1.270482003399425e-06,1.2704717069898806e-06,1.270461410640621e-06,1.2704511144041201e-06,1.2704408182502175e-06,1.270430522177545e-06,1.2704202261992385e-06,1.2704099302905166e-06,1.270399634486051e-06,1.270389338774133e-06,1.2703790431496377e-06,1.270368747613591e-06,1.2703584521703015e-06,1.2703481568086521e-06,1.2703378615401073e-06,1.2703275663587434e-06,1.2703172712692002e-06,1.2703069762696646e-06,1.270296681332174e-06,1.2702863864858135e-06,1.2702760917291286e-06,1.2702657970783667e-06,1.2702555025078696e-06,1.2702452080329888e-06,1.2702349136474722e-06,1.2702246193303826e-06,1.270214325121704e-06,1.2702040309769955e-06,1.2701937369512376e-06,1.270183443020054e-06,1.2701731491377606e-06,1.2701628553711541e-06,1.2701525616746773e-06,1.2701422680835259e-06,1.2701319745678668e-06,1.2701216811320729e-06,1.270111387806902e-06,1.2701010945446024e-06,1.2700908013979085e-06,1.2700805083398221e-06,1.2700702153688464e-06,1.2700599224894317e-06,1.2700496297028288e-06,1.2700393369972687e-06,1.270029044361138e-06,1.2700187518328261e-06,1.2700084593722657e-06,1.2699981670214277e-06,1.2699878747575164e-06,1.2699775825840613e-06,1.2699672904981304e-06,1.2699569984767338e-06,1.2699467065476758e-06,1.2699364147126248e-06,1.2699261229601318e-06,1.2699158313150923e-06,1.2699055397585843e-06,1.2698952482904633e-06,1.2698849569140226e-06,1.269874665619232e-06,1.2698643743969172e-06,1.269854083285629e-06,1.2698437922595416e-06,1.2698335013178842e-06,1.2698232104684097e-06,1.269812919709907e-06,1.2698026290196893e-06,1.2697923384282896e-06,1.2697820479117025e-06,1.2697717575089555e-06,1.2697614671932946e-06,1.2697511769580678e-06,1.2697408868218184e-06,1.2697305967479402e-06,1.2697203067603983e-06,1.2697100168828798e-06,1.26969972711578e-06,1.2696894374111794e-06,1.2696791478035517e-06,1.2696688582892505e-06,1.2696585688540705e-06,1.2696482794884403e-06,1.269637990240712e-06,1.2696277010668266e-06,1.2696174119883026e-06,1.2696071229967777e-06,1.2695968340910743e-06,1.2695865452758182e-06,1.2695762565280231e-06,1.269565967897974e-06,1.2695556793412443e-06,1.2695453908615047e-06,1.269535102486908e-06,1.2695248141967089e-06,1.269514526000548e-06,1.2695042378556205e-06,1.2694939498165493e-06,1.2694836619050124e-06,1.2694733740623447e-06,1.2694630863077303e-06,1.2694527986516141e-06,1.2694425110754872e-06,1.2694322235667573e-06,1.2694219361615711e-06,1.269411648847455e-06,1.2694013615986637e-06,1.269391074443019e-06,1.269380787394975e-06,1.2693705004343197e-06,1.2693602135652423e-06,1.2693499267619073e-06,1.2693396400719187e-06,1.2693293534647258e-06,1.2693190669531365e-06,1.2693087805134357e-06,1.2692984941804084e-06,1.2692882079327554e-06,1.269277921758488e-06,1.2692676356814781e-06,1.2692573496799615e-06,1.2692470637840848e-06,1.269236777978028e-06,1.2692264922545955e-06,1.2692162066070355e-06,1.269205921063402e-06,1.2691956355839293e-06,1.2691853502087844e-06,1.2691750649308734e-06,1.269164779702492e-06,1.269154494593752e-06,1.2691442095802904e-06,1.269133924632274e-06,1.269123639774052e-06,1.2691133550153805e-06,1.2691030703301688e-06,1.2690927857562071e-06,1.2690825012489326e-06,1.2690722168543859e-06,1.2690619325351324e-06,1.269051648313474e-06,1.2690413641836246e-06,1.2690310801388238e-06,1.2690207961833956e-06,1.2690105123184576e-06,1.269000228538724e-06,1.2689899448297177e-06,1.2689796612240024e-06,1.2689693777034865e-06,1.2689590942711785e-06,1.2689488109341025e-06,1.2689385276704672e-06,1.2689282445056312e-06,1.2689179614325781e-06,1.2689076784439795e-06,1.268897395546713e-06,1.2688871127386927e-06,1.268876829999284e-06,1.2688665473772523e-06,1.2688562648138223e-06,1.2688459823544877e-06,1.2688356999894586e-06,1.2688254177077128e-06,1.2688151354967926e-06,1.2688048533974575e-06,1.2687945713624644e-06,1.2687842894397167e-06,1.2687740076139008e-06,1.2687637258646701e-06,1.268753444207827e-06,1.2687431626166964e-06,1.2687328811337344e-06,1.2687225997391211e-06,1.2687123184338969e-06,1.268702037198135e-06,1.2686917560684921e-06,1.2686814750079704e-06,1.2686711940561531e-06,1.2686609131915065e-06,1.2686506324144213e-06,1.268640351726462e-06,1.26863007112846e-06,1.26861979059799e-06,1.2686095101546123e-06,1.2685992298199303e-06,1.2685889495746797e-06,1.2685786694176114e-06,1.2685683893445213e-06,1.268558109366077e-06,1.2685478294717503e-06,1.268537549668942e-06,1.2685272699515633e-06,1.268516990306653e-06,1.2685067107656828e-06,1.268496431314205e-06,1.2684861519391542e-06,1.2684758726702444e-06,1.2684655934854878e-06,1.2684553143904018e-06,1.2684450353815009e-06,1.2684347564318905e-06,1.2684244776018844e-06,1.2684141988540147e-06,1.268403920200624e-06,1.268393641620361e-06,1.268383363134227e-06,1.268373084744277e-06,1.2683628064443037e-06,1.2683525282268906e-06,1.2683422501001785e-06,1.2683319720446566e-06,1.2683216940974227e-06,1.2683114162110161e-06,1.2683011384498544e-06,1.2682908607460246e-06,1.2682805831944919e-06,1.2682703056850427e-06,1.2682600282419127e-06,1.2682497509155855e-06,1.2682394736777339e-06,1.2682291965186857e-06,1.268218919431899e-06,1.268208642452428e-06,1.268198365563048e-06,1.2681880887608e-06,1.2681778120492662e-06,1.2681675354236298e-06,1.2681572588653028e-06,1.2681469824223064e-06,1.268136706085047e-06,1.2681264298128393e-06,1.2681161536288138e-06,1.268105877530145e-06,1.2680956014994875e-06,1.2680853255918871e-06,1.2680750497413802e-06,1.2680647739964807e-06,1.2680544983400188e-06,1.268044222780788e-06,1.2680339473031207e-06,1.2680236719170533e-06,1.2680133965756517e-06,1.2680031213603716e-06,1.2679928462133287e-06,1.267982571180323e-06,1.2679722962314084e-06,1.2679620213757114e-06,1.2679517466076837e-06,1.2679414719279057e-06,1.2679311973212207e-06,1.2679209227903028e-06,1.26791064837311e-06,1.2679003740215069e-06,1.2678900997585556e-06,1.2678798256053022e-06,1.2678695515265461e-06,1.2678592775502963e-06,1.2678490036736933e-06,1.2678387298735234e-06,1.2678284561416794e-06,1.2678181825200827e-06,1.2678079089657972e-06,1.2677976354999446e-06,1.267787362141675e-06,1.2677770888579002e-06,1.2677668156782627e-06,1.2677565425612617e-06,1.2677462695564005e-06,1.2677359966431888e-06,1.2677257238173588e-06,1.2677154510765284e-06,1.2677051784196785e-06,1.2676949058617052e-06,1.2676846333845638e-06,1.2676743609962853e-06,1.2676640886883114e-06,1.2676538164593408e-06,1.2676435443387619e-06,1.2676332723112149e-06,1.267623000345361e-06,1.2676127284872855e-06,1.26760245671756e-06,1.2675921850170782e-06,1.267581913406069e-06,1.2675716419046412e-06,1.2675613704657972e-06,1.267551099140458e-06,1.267540827903073e-06,1.2675305567469238e-06,1.2675202856902244e-06,1.2675100147179464e-06,1.2674997438338207e-06,1.2674894730183744e-06,1.2674792022886812e-06,1.2674689316694495e-06,1.2674586611351058e-06,1.2674483906711103e-06,1.2674381203135567e-06,1.2674278500480993e-06,1.267417579857548e-06,1.2674073097680438e-06,1.267397039762315e-06,1.2673867698475085e-06,1.2673765000256986e-06,1.267366230267774e-06,1.267355960619569e-06,1.2673456910461186e-06,1.2673354215678295e-06,1.2673251521842613e-06,1.2673148828660134e-06,1.26730461363161e-06,1.267294344476423e-06,1.2672840754337832e-06,1.267273806468512e-06,1.2672635376128996e-06,1.2672532688453457e-06,1.2672430001678769e-06,1.2672327315784932e-06,1.2672224630587684e-06,1.2672121946357458e-06,1.2672019262880076e-06,1.2671916580489675e-06,1.267181389901076e-06,1.2671711218203907e-06,1.2671608538260643e-06,1.2671505859207963e-06,1.2671403181256775e-06,1.2671300504189756e-06,1.2671197827990556e-06,1.267109515257995e-06,1.267099247815958e-06,1.2670889804621678e-06,1.267078713189712e-06,1.2670684460107527e-06,1.267058178899219e-06,1.2670479118990187e-06,1.2670376449875346e-06,1.2670273781439324e-06,1.2670171114090725e-06,1.2670068447529722e-06,1.2669965781901517e-06,1.266986311698516e-06,1.2669760452934854e-06,1.2669657789745663e-06,1.2669555127646544e-06,1.266945246643956e-06,1.26693498061256e-06,1.266924714667632e-06,1.2669144488031916e-06,1.266904183034467e-06,1.2668939173418904e-06,1.2668836517457892e-06,1.2668733862417548e-06,1.2668631208184006e-06,1.26685285549971e-06,1.266842590260244e-06,1.2668323251108266e-06,1.2668220600306222e-06,1.2668117950559279e-06,1.266801530169237e-06,1.2667912653754254e-06,1.2667810006654301e-06,1.2667707360450349e-06,1.266760471511496e-06,1.2667502070523917e-06,1.266739942672418e-06,1.2667296784035322e-06,1.2667194142228925e-06,1.2667091501318325e-06,1.2666988861276897e-06,1.2666886222135985e-06,1.2666783583641834e-06,1.266668094606532e-06,1.2666578309306434e-06,1.2666475673708216e-06,1.2666373038947977e-06,1.266627040511716e-06,1.2666167771912004e-06,1.266606513978399e-06,1.2665962508563662e-06,1.266585987802657e-06,1.26657572483574e-06,1.2665654619792798e-06,1.2665551992089917e-06,1.2665449365293583e-06,1.2665346739149287e-06,1.266524411413575e-06,1.266514148997057e-06,1.2665038866505852e-06,1.2664936244098428e-06,1.2664833622580156e-06,1.2664731002006656e-06,1.2664628382197737e-06,1.2664525763329792e-06,1.2664423145147322e-06,1.2664320527977865e-06,1.2664217911772262e-06,1.2664115296462748e-06,1.266401268200207e-06,1.2663910068225501e-06,1.2663807455524154e-06,1.2663704843674193e-06,1.2663602232753108e-06,1.266349962274117e-06,1.2663397013530626e-06,1.2663294405108582e-06,1.2663191797697197e-06,1.2663089191131032e-06,1.2662986585490515e-06,1.2662883980762437e-06,1.2662781376694678e-06,1.2662678773623678e-06,1.2662576171523077e-06,1.2662473570300822e-06,1.2662370969983617e-06,1.2662268370448914e-06,1.2662165771672326e-06,1.2662063173970607e-06,1.2661960576909303e-06,1.2661857980817844e-06,1.2661755385564569e-06,1.2661652791384412e-06,1.266155019790571e-06,1.2661447605238342e-06,1.2661345013668433e-06,1.266124242306788e-06,1.2661139833264612e-06,1.266103724436975e-06,1.2660934656344492e-06,1.2660832069211336e-06,1.26607294829636e-06,1.2660626897620704e-06,1.266052431296422e-06,1.2660421729188083e-06,1.2660319146496702e-06,1.2660216564657292e-06,1.2660113983723098e-06,1.2660011403545787e-06,1.2659908824175447e-06,1.2659806245759384e-06,1.2659703668312226e-06,1.2659601091584062e-06,1.2659498515744492e-06,1.2659395940742972e-06,1.2659293366850406e-06,1.2659190793871365e-06,1.2659088221773925e-06,1.265898565062868e-06,1.26588830802779e-06,1.2658780510786522e-06,1.2658677942197723e-06,1.2658575374536487e-06,1.2658472807634607e-06,1.265837024146847e-06,1.2658267676393566e-06,1.265816511225886e-06,1.2658062548740127e-06,1.265795998649834e-06,1.2657857424958137e-06,1.2657754864294423e-06,1.2657652304388091e-06,1.2657549745461374e-06,1.2657447187473147e-06,1.2657344630297268e-06,1.2657242074039139e-06,1.2657139518695948e-06,1.2657036964119702e-06,1.265693441037296e-06,1.2656831857441535e-06,1.265672930569807e-06,1.265662675476295e-06,1.2656524204676302e-06,1.2656421655495664e-06,1.265631910724524e-06,1.2656216559821422e-06,1.265611401335844e-06,1.2656011467646255e-06,1.2655908922600537e-06,1.2655806378471964e-06,1.2655703835442448e-06,1.2655601293272708e-06,1.2655498751824187e-06,1.2655396211435397e-06,1.2655293671667834e-06,1.2655191133052344e-06,1.2655088595308176e-06,1.2654986058449373e-06,1.2654883522454275e-06,1.2654780987318296e-06,1.2654678453133934e-06,1.2654575919855885e-06,1.265447338740366e-06,1.2654370855834517e-06,1.2654268325179438e-06,1.2654165795429808e-06,1.265406326650497e-06,1.2653960738457694e-06,1.2653858211280198e-06,1.2653755684886172e-06,1.2653653159404082e-06,1.265355063472825e-06,1.2653448110883506e-06,1.2653345588157376e-06,1.265324306629556e-06,1.2653140545106634e-06,1.2653038024930969e-06,1.2652935505698178e-06,1.2652832987310332e-06,1.2652730469849878e-06,1.2652627953261473e-06,1.2652525437571237e-06,1.26524229226139e-06,1.2652320408571892e-06,1.2652217895471019e-06,1.265211538327496e-06,1.2652012871953015e-06,1.2651910361514868e-06,1.2651807851995235e-06,1.2651705343309263e-06,1.2651602835646394e-06,1.2651500328784947e-06,1.2651397822772915e-06,1.265129531764231e-06,1.2651192813361145e-06,1.2651090309793839e-06,1.2650987807307218e-06,1.2650885305703963e-06,1.2650782804926322e-06,1.265068030504617e-06,1.2650577806094435e-06,1.2650475307695809e-06,1.2650372810308153e-06,1.2650270313812043e-06,1.2650167818183274e-06,1.2650065323414182e-06,1.2649962829769663e-06,1.2649860336875655e-06,1.264975784477029e-06,1.2649655353513838e-06,1.2649552863086607e-06,1.26494503736197e-06,1.2649347885264328e-06,1.2649245397703933e-06,1.264914291104492e-06,1.264904042521786e-06,1.2648937940388834e-06,1.2648835456466867e-06,1.26487329733286e-06,1.2648630491109241e-06,1.2648528009772861e-06,1.2648425529326933e-06,1.264832304978542e-06,1.2648220571082214e-06,1.264811809313668e-06,1.264801561630324e-06,1.2647913140360885e-06,1.264781066505233e-06,1.264770819080328e-06,1.2647605717182915e-06,1.2647503244716959e-06,1.2647400772890118e-06,1.2647298302018257e-06,1.2647195832175574e-06,1.264709336305449e-06,1.264699089494588e-06,1.2646888427707675e-06,1.2646785961359575e-06,1.2646683495868702e-06,1.2646581031242575e-06,1.264647856735758e-06,1.2646376104524877e-06,1.2646273642392128e-06,1.2646171181341982e-06,1.2646068720973534e-06,1.2645966261688784e-06,1.2645863803272102e-06,1.2645761345772616e-06,1.2645658889107231e-06,1.264555643319752e-06,1.2645453978396792e-06,1.264535152437358e-06,1.2645249071223348e-06,1.26451466188608e-06,1.2645044167482834e-06,1.2644941716926255e-06,1.264483926712607e-06,1.2644736818379225e-06,1.2644634370534429e-06,1.264453192355995e-06,1.2644429477462106e-06,1.2644327032231068e-06,1.264422458789231e-06,1.2644122144535404e-06,1.2644019701976258e-06,1.2643917260180382e-06,1.2643814819372326e-06,1.264371237944454e-06,1.264360994041739e-06,1.2643507502084916e-06,1.2643405064786205e-06,1.2643302628381965e-06,1.2643200192898377e-06,1.2643097758317852e-06,1.2642995324492713e-06,1.2642892891651038e-06,1.2642790459710958e-06,1.2642688028604392e-06,1.2642585598405832e-06,1.2642483169069455e-06,1.264238074062645e-06,1.2642278312904372e-06,1.2642175886190993e-06,1.2642073460353089e-06,1.2641971035220267e-06,1.2641868611069013e-06,1.2641766187878696e-06,1.2641663765602216e-06,1.264156134417386e-06,1.2641458923604959e-06,1.2641356503970188e-06,1.2641254085183915e-06,1.2641151667295123e-06,1.2641049250273622e-06,1.2640946834092954e-06,1.2640844418748835e-06,1.2640742004389065e-06,1.2640639590898282e-06,1.264053717832707e-06,1.2640434766618436e-06,1.2640332355757735e-06,1.2640229945811735e-06,1.2640127536737312e-06,1.2640025128582473e-06,1.2639922721258335e-06,1.2639820314798008e-06,1.2639717909255544e-06,1.2639615504573977e-06,1.2639513100730808e-06,1.2639410697592457e-06,1.2639308295557135e-06,1.2639205894170315e-06,1.2639103493674722e-06,1.2639001094202405e-06,1.263889869570462e-06,1.2638796298036433e-06,1.2638693901309293e-06,1.2638591505301568e-06,1.2638489110106357e-06,1.2638386715972638e-06,1.2638284322536894e-06,1.2638181929967672e-06,1.2638079538507476e-06,1.2637977147903517e-06,1.263787475819036e-06,1.2637772369226633e-06,1.2637669980888142e-06,1.2637567593609652e-06,1.2637465207368427e-06,1.2637362822137295e-06,1.2637260437519306e-06,1.2637158053978017e-06,1.2637055671108345e-06,1.2636953289310227e-06,1.263685090820361e-06,1.2636748528153417e-06,1.2636646148995488e-06,1.2636543770708493e-06,1.263644139311986e-06,1.2636339016630046e-06,1.2636236640777512e-06,1.2636134266056087e-06,1.2636031892181572e-06,1.2635929519188654e-06,1.2635827147021258e-06,1.2635724775789094e-06,1.263562240542851e-06,1.2635520035980795e-06,1.2635417667326053e-06,1.263531529943208e-06,1.2635212932664178e-06,1.2635110566715444e-06,1.2635008201444202e-06,1.2634905837240957e-06,1.2634803473937335e-06,1.2634701111333674e-06,1.2634598749786714e-06,1.2634496388903342e-06,1.2634394029224098e-06,1.2634291670445494e-06,1.2634189312227834e-06,1.2634086955090098e-06,1.2633984598825576e-06,1.2633882243511497e-06,1.2633779888827013e-06,1.263367753530997e-06,1.2633575182366795e-06,1.2633472830503023e-06,1.2633370479346e-06,1.2633268129195327e-06,1.2633165780005165e-06,1.2633063431725718e-06,1.2632961084233163e-06,1.2632858737574115e-06,1.263275639175765e-06,1.2632654046937519e-06,1.2632551703019612e-06,1.263244935999253e-06,1.2632347017706122e-06,1.2632244676297673e-06,1.2632142335752854e-06,1.2632039996217512e-06,1.263193765755961e-06,1.2631835319822363e-06,1.263173298296357e-06,1.2631630646747489e-06,1.2631528311621053e-06,1.2631425977364389e-06,1.263132364381815e-06,1.2631221311320814e-06,1.2631118979697554e-06,1.2631016648824022e-06,1.2630914318887584e-06,1.2630811989717573e-06,1.2630709661535554e-06,1.2630607334139598e-06,1.263050500771874e-06,1.263040268226442e-06,1.2630300357728606e-06,1.2630198034005201e-06,1.2630095711198468e-06,1.262999338906738e-06,1.2629891067975064e-06,1.2629788747634577e-06,1.2629686428105322e-06,1.2629584109520196e-06,1.2629481792204846e-06,1.2629379475498037e-06,1.2629277159603804e-06,1.262917484465544e-06,1.2629072530497752e-06,1.2628970217427116e-06,1.2628867905233833e-06,1.2628765593673186e-06,1.2628663283428947e-06,1.262856097362332e-06,1.2628458664646305e-06,1.2628356356795102e-06,1.2628254049751018e-06,1.2628151743545625e-06,1.262804943833015e-06,1.2627947133987712e-06,1.2627844830568208e-06,1.262774252799706e-06,1.2627640226304555e-06,1.26275379255037e-06,1.2627435625562387e-06,1.2627333326301002e-06,1.262723102814622e-06,1.2627128730946392e-06,1.2627026434551002e-06,1.262692413893488e-06,1.262682184428374e-06,1.262671955052101e-06,1.2626617257653006e-06,1.2626514965741816e-06,1.262641267461041e-06,1.26263103841345e-06,1.2626208094878272e-06,1.262610580638634e-06,1.2626003518881923e-06,1.262590123196721e-06,1.2625798946229736e-06,1.262569666129156e-06,1.262559437698679e-06,1.2625492093516683e-06,1.2625389811089448e-06,1.2625287529558448e-06,1.2625185248978922e-06,1.2625082969299867e-06,1.2624980690346856e-06,1.262487841232749e-06,1.2624776135306579e-06,1.2624673859134132e-06,1.2624571583798956e-06,1.262446930938576e-06,1.2624367035635482e-06,1.2624264762976608e-06,1.262416249102245e-06,1.2624060220545436e-06,1.2623957950527048e-06,1.2623855681419629e-06,1.2623753412992684e-06,1.2623651145424378e-06,1.2623548878919716e-06,1.2623446613364102e-06,1.262334434844149e-06,1.262324208439956e-06,1.2623139821433932e-06,1.2623037559383716e-06,1.262293529809679e-06,1.262283303785235e-06,1.2622730778379568e-06,1.2622628519806645e-06,1.2622526261842943e-06,1.2622424005119518e-06,1.2622321749003803e-06,1.2622219493762457e-06,1.2622117239577654e-06,1.2622014986270605e-06,1.2621912734018442e-06,1.2621810482409388e-06,1.2621708231590214e-06,1.262160598176707e-06,1.2621503732899758e-06,1.2621401484905546e-06,1.2621299237833494e-06,1.2621196991388456e-06,1.2621094746020012e-06,1.2620992501279462e-06,1.2620890257262639e-06,1.262078801448868e-06,1.2620685772456495e-06,1.2620583531533957e-06,1.2620481291207902e-06,1.2620379052072979e-06,1.2620276813734963e-06,1.2620174576166384e-06,1.262007233958914e-06,1.2619970103922994e-06,1.261986786886462e-06,1.2619765634760164e-06,1.2619663401493614e-06,1.2619561169339296e-06,1.2619458938031194e-06,1.2619356707597807e-06,1.2619254478095145e-06,1.2619152249439237e-06,1.2619050021683197e-06,1.2618947794770288e-06,1.2618845568787194e-06,1.2618743343648675e-06,1.2618641119415676e-06,1.2618538896085494e-06,1.2618436673677693e-06,1.2618334452046125e-06,1.2618232231339386e-06,1.2618130011255106e-06,1.2618027792294343e-06,1.261792557424318e-06,1.261782335697202e-06,1.2617721140553472e-06,1.261761892506019e-06,1.261751671051039e-06,1.2617414496831912e-06,1.2617312283816994e-06,1.261721007188893e-06,1.2617107860789023e-06,1.2617005650604489e-06,1.2616903441179805e-06,1.261680123254296e-06,1.2616699024800388e-06,1.2616596818217415e-06,1.2616494612493075e-06,1.261639240765788e-06,1.2616290203429757e-06,1.261618800029813e-06,1.261608579795537e-06,1.2615983596689286e-06,1.2615881396175495e-06,1.2615779196545381e-06,1.2615676997809146e-06,1.2615574799956471e-06,1.2615472602943779e-06,1.2615370406817453e-06,1.2615268211549165e-06,1.2615166017196414e-06,1.2615063823634762e-06,1.2614961630986824e-06,1.2614859439232713e-06,1.2614757248458182e-06,1.261465505847574e-06,1.2614552869189527e-06,1.2614450680976075e-06,1.2614348493534472e-06,1.2614246307055788e-06,1.261414412149124e-06,1.261404193675205e-06,1.2613939752733305e-06,1.261383756961036e-06,1.2613735387562942e-06,1.2613633206415947e-06,1.261353102612459e-06,1.2613428846483146e-06,1.2613326667831961e-06,1.2613224489972716e-06,1.2613122313058508e-06,1.2613020136912495e-06,1.2612917961883918e-06,1.2612815787726558e-06,1.2612713614503245e-06,1.261261144217205e-06,1.2612509270759188e-06,1.2612407100083917e-06,1.2612304930332057e-06,1.2612202761455632e-06,1.2612100593261202e-06,1.2611998426133714e-06,1.261189625990137e-06,1.2611794094504232e-06,1.2611691930030468e-06,1.2611589766459102e-06,1.2611487603743362e-06,1.2611385441938873e-06,1.2611283280786416e-06,1.2611181120515643e-06,1.2611078961302274e-06,1.261097680301973e-06,1.2610874645545355e-06,1.2610772488623032e-06,1.2610670332940202e-06,1.2610568178168962e-06,1.2610466024073798e-06,1.2610363870996128e-06,1.2610261718644903e-06,1.2610159567388674e-06,1.2610057416803107e-06,1.2609955267265566e-06,1.260985311855974e-06,1.2609750970785264e-06,1.2609648823926777e-06,1.2609546677787291e-06,1.2609444532685788e-06,1.2609342388474029e-06,1.2609240245101016e-06,1.2609138102602653e-06,1.2609035961026002e-06,1.260893382009336e-06,1.2608831680231926e-06,1.2608729541062436e-06,1.2608627402784712e-06,1.2608525265556388e-06,1.2608423129000469e-06,1.26083209935739e-06,1.260821885902993e-06,1.260811672535626e-06,1.260801459252698e-06,1.260791246057599e-06,1.2607810329297907e-06,1.260770819910568e-06,1.2607606069792121e-06,1.2607503941370863e-06,1.2607401813720675e-06,1.2607299686870044e-06,1.2607197561136226e-06,1.260709543621856e-06,1.2606993312538508e-06,1.2606891189348878e-06,1.2606789067084818e-06,1.2606686945467915e-06,1.2606584824795829e-06,1.2606482705248189e-06,1.2606380586482604e-06,1.2606278468628499e-06,1.2606176351616067e-06,1.2606074235521405e-06,1.2605972120220496e-06,1.2605870005665517e-06,1.2605767892174546e-06,1.2605665779568792e-06,1.2605563667813692e-06,1.2605461556737582e-06,1.2605359446771014e-06,1.2605257337731286e-06,1.2605155229607685e-06,1.2605053122300065e-06,1.2604951015711278e-06,1.2604848910168021e-06,1.2604746805423415e-06,1.2604644701629826e-06,1.2604542598672792e-06,1.2604440496603935e-06,1.2604338395414826e-06,1.2604236295123102e-06,1.2604134195691347e-06,1.2604032097138247e-06,1.2603929999466893e-06,1.2603827902704035e-06,1.2603725806858628e-06,1.2603623711718338e-06,1.2603521617578673e-06,1.260341952411087e-06,1.2603317431705453e-06,1.2603215340196683e-06,1.2603113249569196e-06,1.26030111598259e-06,1.260290907090387e-06,1.2602806982910264e-06,1.2602704895879142e-06,1.2602602809580819e-06,1.2602500723993218e-06,1.2602398639324985e-06,1.2602296555656273e-06,1.2602194472757848e-06,1.2602092390912235e-06,1.2601990309932703e-06,1.2601888229834376e-06,1.2601786150623476e-06,1.2601684072298253e-06,1.2601581994836184e-06,1.2601479918135825e-06,1.260137784240409e-06,1.2601275767567618e-06,1.260117369359722e-06,1.2601071620288221e-06,1.2600969548094962e-06,1.2600867476668033e-06,1.2600765406244306e-06,1.2600663336699185e-06,1.260056126803207e-06,1.2600459200249777e-06,1.260035713308206e-06,1.2600255066842059e-06,1.2600153001480489e-06,1.260005093722022e-06,1.2599948873823915e-06,1.2599846811157509e-06,1.2599744749390575e-06,1.259964268849643e-06,1.2599540628593897e-06,1.2599438569568042e-06,1.2599336511441656e-06,1.2599234454673267e-06,1.259913239829325e-06,1.2599030342737725e-06,1.2598928287924927e-06,1.259882623417102e-06,1.259872418128667e-06,1.2598622129206462e-06,1.2598520078096774e-06,1.2598418027863632e-06,1.2598315978405777e-06,1.2598213929931807e-06,1.2598111882329096e-06,1.2598009835428476e-06,1.2597907789578731e-06,1.2597805744495626e-06,1.2597703700307084e-06,1.2597601657064077e-06,1.259749961470071e-06,1.2597397573193546e-06,1.259729553262476e-06,1.2597193492882025e-06,1.2597091453912915e-06,1.259698941601095e-06,1.2596887378947174e-06,1.2596785342572573e-06,1.2596683307584825e-06,1.2596581273162995e-06,1.2596479239653256e-06,1.2596377206988164e-06,1.2596275175201966e-06,1.2596173144308546e-06,1.259607111438992e-06,1.259596908525438e-06,1.2595867056996563e-06,1.259576502963165e-06,1.259566300312453e-06,1.2595560977288685e-06,1.2595458952637833e-06,1.2595356928801882e-06,1.2595254905762097e-06,1.2595152883451415e-06,1.259505086221071e-06,1.2594948841836404e-06,1.259484682211444e-06,1.2594744803527752e-06,1.259464278597537e-06,1.2594540769119746e-06,1.2594438753142835e-06,1.2594336737957106e-06,1.2594234723687475e-06,1.2594132710305145e-06,1.2594030697693297e-06,1.2593928686536644e-06,1.2593826675807545e-06,1.2593724665978477e-06,1.2593622656987719e-06,1.259352064886947e-06,1.2593418641707307e-06,1.2593316635417836e-06,1.2593214629972628e-06,1.2593112625449208e-06,1.2593010621774693e-06,1.259290861898143e-06,1.2592806617045353e-06,1.2592704615949617e-06,1.2592602615779358e-06,1.2592500616476316e-06,1.2592398617940032e-06,1.2592296620327382e-06,1.2592194624126931e-06,1.2592092628326197e-06,1.2591990633424442e-06,1.2591888639221325e-06,1.2591786646033948e-06,1.259168465375789e-06,1.259158266239884e-06,1.2591480671887434e-06,1.2591378682254028e-06,1.2591276693484103e-06,1.25911747053486e-06,1.2591072718219967e-06,1.2590970731981172e-06,1.259086874674859e-06,1.259076676219765e-06,1.2590664778654887e-06,1.2590562796076484e-06,1.2590460814296972e-06,1.2590358833370844e-06,1.2590256853433897e-06,1.2590154874341403e-06,1.259005289612633e-06,1.2589950918787923e-06,1.2589848942369784e-06,1.2589746966794158e-06,1.2589644992086602e-06,1.2589543018246934e-06,1.2589441045327433e-06,1.258933907328422e-06,1.2589237102083538e-06,1.2589135131826645e-06,1.2589033162461743e-06,1.2588931193993024e-06,1.2588829226344783e-06,1.258872725936817e-06,1.2588625293439592e-06,1.258852332842759e-06,1.258842136422772e-06,1.2588319400726919e-06,1.2588217438345484e-06,1.258811547687618e-06,1.2588013516046096e-06,1.2587911556069532e-06,1.2587809596986393e-06,1.258770763899121e-06,1.2587605681854998e-06,1.2587503725569994e-06,1.2587401770153242e-06,1.258729981562685e-06,1.258719786198701e-06,1.258709590886994e-06,1.2586993956979676e-06,1.2586892005851775e-06,1.258679005571415e-06,1.2586688106442878e-06,1.2586586158013237e-06,1.2586484210609678e-06,1.2586382263973464e-06,1.2586280318239854e-06,1.2586178373214637e-06,1.2586076429231498e-06,1.2585974486132639e-06,1.2585872543914565e-06,1.2585770602447126e-06,1.2585668661904185e-06,1.258556672228621e-06,1.258546478356929e-06,1.2585362845725968e-06,1.2585260908796402e-06,1.2585158972744074e-06,1.2585057037516294e-06,1.2584955103226094e-06,1.258485316979704e-06,1.258475123711405e-06,1.2584649305454788e-06,1.2584547374583229e-06,1.2584445444610418e-06,1.2584343515369942e-06,1.2584241587150943e-06,1.2584139659944258e-06,1.2584037733514724e-06,1.258393580781841e-06,1.2583833883129162e-06,1.258373195925673e-06,1.2583630036307414e-06,1.2583528114272116e-06,1.2583426193092496e-06,1.2583324272809863e-06,1.2583222353401085e-06,1.2583120434883366e-06,1.2583018517028842e-06,1.2582916600093372e-06,1.2582814684188173e-06,1.2582712769199028e-06,1.258261085501684e-06,1.2582508941669494e-06,1.2582407029310871e-06,1.2582305117813842e-06,1.258220320714483e-06,1.25821012973977e-06,1.258199938851975e-06,1.2581897480552852e-06,1.2581795573361954e-06,1.2581693667209058e-06,1.258159176180792e-06,1.2581489857314676e-06,1.2581387953485093e-06,1.2581286050556998e-06,1.258118414851922e-06,1.2581082247546924e-06,1.2580980347443812e-06,1.2580878448250355e-06,1.2580776549902335e-06,1.2580674652465163e-06,1.2580572755855418e-06,1.2580470860151017e-06,1.2580368965133594e-06,1.2580267071188665e-06,1.2580165178048856e-06,1.2580063285760226e-06,1.2579961394421912e-06,1.257985950393818e-06,1.2579757614352937e-06,1.257965572565463e-06,1.2579553837895765e-06,1.257945195113185e-06,1.2579350065012607e-06,1.2579248179623264e-06,1.257914629534162e-06,1.2579044411794604e-06,1.2578942529665709e-06,1.2578840647988004e-06,1.2578738767142906e-06,1.2578636887191761e-06,1.2578535008148596e-06,1.2578433129781209e-06,1.2578331252480513e-06,1.2578229376159883e-06,1.25781275006851e-06,1.2578025625881899e-06,1.2577923751900478e-06,1.2577821878946713e-06,1.2577720006909958e-06,1.2577618135585915e-06,1.2577516265352074e-06,1.257741439592006e-06,1.2577312527408137e-06,1.2577210660078482e-06,1.2577108793313777e-06,1.2577006927392825e-06,1.2576905062370393e-06,1.257680319823658e-06,1.2576701334989626e-06,1.2576599472671473e-06,1.257649761118084e-06,1.2576395750555797e-06,1.2576293890739034e-06,1.2576192031731803e-06,1.2576090174191494e-06,1.2575988317077023e-06,1.257588646091993e-06,1.2575784605599913e-06,1.2575682750940849e-06,1.2575580897332698e-06,1.257547904462283e-06,1.257537719276014e-06,1.2575275341654825e-06,1.25751734915574e-06,1.257507164235604e-06,1.2574969794046778e-06,1.25748679466699e-06,1.2574766099877107e-06,1.257466425419622e-06,1.2574562409363633e-06,1.2574460565406258e-06,1.2574358722253693e-06,1.2574256880051909e-06,1.257415503865745e-06,1.257405319824054e-06,1.2573951358678715e-06,1.2573849519799457e-06,1.257374768197028e-06,1.2573645844934586e-06,1.2573544008959125e-06,1.2573442173789236e-06,1.257334033923378e-06,1.2573238505817898e-06,1.2573136673287976e-06,1.2573034841641926e-06,1.257293301063861e-06,1.2572831181181956e-06,1.2572729352126152e-06,1.2572627523957965e-06,1.257252569669655e-06,1.257242387031852e-06,1.2572322044777875e-06,1.2572220220122172e-06,1.2572118396326752e-06,1.2572016573284514e-06,1.2571914751222812e-06,1.2571812929959895e-06,1.257171110971551e-06,1.257160929018082e-06,1.2571507471667094e-06,1.2571405654052854e-06,1.2571303837249082e-06,1.2571202021469287e-06,1.2571100206466437e-06,1.2570998392365618e-06,1.2570896579103337e-06,1.2570794766717982e-06,1.2570692955222406e-06,1.2570591144590833e-06,1.2570489334825586e-06,1.2570387525786679e-06,1.2570285718040502e-06,1.2570183910916472e-06,1.2570082104701282e-06,1.2569980299324064e-06,1.256987849482786e-06,1.25697766912114e-06,1.2569674888460942e-06,1.2569573086306725e-06,1.2569471285334752e-06,1.2569369485091026e-06,1.2569267685857145e-06,1.256916588750489e-06,1.2569064089819896e-06,1.2568962293193043e-06,1.2568860497853555e-06,1.256875870300503e-06,1.2568656909033152e-06,1.2568555115755573e-06,1.2568453323362292e-06,1.2568351532036184e-06,1.2568249741393894e-06,1.2568147951794356e-06,1.2568046163017724e-06,1.2567944375187817e-06,1.2567842588128904e-06,1.2567740801923135e-06,1.2567639016525497e-06,1.2567537232217258e-06,1.2567435448737684e-06,1.2567333665951119e-06,1.256723188403965e-06,1.2567130103169828e-06,1.2567028323250604e-06,1.2566926544064551e-06,1.256682476588311e-06,1.256672298842815e-06,1.2566621211996498e-06,1.2566519436459164e-06,1.2566417661775619e-06,1.2566315887968248e-06,1.2566214115023518e-06,1.2566112343070825e-06,1.256601057169746e-06,1.2565908801323679e-06,1.256580703170223e-06,1.2565705262950675e-06,1.2565603495245792e-06,1.2565501728327535e-06,1.2565399962429892e-06,1.2565298197206662e-06,1.2565196433075502e-06,1.2565094669780628e-06,1.256499290740395e-06,1.2564891145695147e-06,1.2564789384859172e-06,1.2564687625109675e-06,1.2564585866177505e-06,1.2564484108180704e-06,1.256438235102723e-06,1.2564280594641059e-06,1.2564178839160487e-06,1.2564077084455524e-06,1.256397533079746e-06,1.2563873578065887e-06,1.256377182600339e-06,1.2563670074995936e-06,1.2563568324816204e-06,1.2563466575543484e-06,1.2563364827214823e-06,1.2563263079695503e-06,1.256316133306133e-06,1.256305958729349e-06,1.2562957842044732e-06,1.25628560979676e-06,1.2562754354746509e-06,1.2562652612325936e-06,1.2562550870951207e-06,1.256244913035312e-06,1.2562347390599988e-06,1.2562245651842443e-06,1.2562143913973062e-06,1.256204217697269e-06,1.2561940440604004e-06,1.2561838705291682e-06,1.256173697088273e-06,1.2561635237287864e-06,1.2561533504684892e-06,1.2561431772887435e-06,1.2561330041964164e-06,1.2561228311971762e-06,1.2561126582779442e-06,1.256102485458135e-06,1.2560923127182803e-06,1.2560821400670869e-06,1.256071967498932e-06,1.2560617950106488e-06,1.2560516226222105e-06,1.2560414503250785e-06,1.2560312781164883e-06,1.2560211060228032e-06,1.2560109339884661e-06,1.256000762042766e-06,1.255990590169781e-06,1.2559804184301632e-06,1.2559702467642384e-06,1.2559600751701277e-06,1.255949903663955e-06,1.2559397322260801e-06,1.2559295608956401e-06,1.2559193896354522e-06,1.2559092184774935e-06,1.255899047407025e-06,1.2558888764279911e-06,1.2558787055341678e-06,1.2558685347197134e-06,1.2558583639876294e-06,1.2558481933678898e-06,1.2558380228241914e-06,1.2558278523768383e-06,1.2558176820164734e-06,1.255807511736482e-06,1.2557973415321365e-06,1.2557871714285668e-06,1.2557770014046194e-06,1.2557668314733203e-06,1.2557566616203626e-06,1.2557464918737237e-06,1.2557363222085407e-06,1.2557261526310079e-06,1.2557159831372604e-06,1.255705813717006e-06,1.2556956443938627e-06,1.2556854751464588e-06,1.2556753060069462e-06,1.2556651369521197e-06,1.2556549679847168e-06,1.2556447991066316e-06,1.2556346303174831e-06,1.255624461623696e-06,1.2556142930074896e-06,1.2556041244778789e-06,1.255593956019193e-06,1.2555837876649307e-06,1.2555736194385492e-06,1.2555634512607891e-06,1.2555532831683086e-06,1.2555431151634946e-06,1.255532947285096e-06,1.255522779496895e-06,1.255512611756077e-06,1.2555024440827863e-06,1.2554922765210708e-06,1.2554821090652475e-06,1.2554719416706723e-06,1.255461774352127e-06,1.2554516071363513e-06,1.2554414399963392e-06,1.2554312729599628e-06,1.2554211060077105e-06,1.255410939142044e-06,1.255400772364612e-06,1.2553906056568992e-06,1.2553804390341034e-06,1.2553702724996391e-06,1.2553601060736802e-06,1.255349939730718e-06,1.2553397734706041e-06,1.2553296073084155e-06,1.2553194412406956e-06,1.255309275244039e-06,1.2552991093379108e-06,1.25528894350629e-06,1.2552787777809386e-06,1.255268612142446e-06,1.2552584465863582e-06,1.2552482811134132e-06,1.2552381157373362e-06,1.2552279504435046e-06,1.2552177852248727e-06,1.2552076200963104e-06,1.2551974550721169e-06,1.2551872901372737e-06,1.2551771252676827e-06,1.2551669604813219e-06,1.2551567958037567e-06,1.2551466312160441e-06,1.2551364667068003e-06,1.2551263022860055e-06,1.2551161379563265e-06,1.2551059737182075e-06,1.2550958095701887e-06,1.2550856455426298e-06,1.2550754815593458e-06,1.2550653176517793e-06,1.2550551538520898e-06,1.2550449901332935e-06,1.2550348264968676e-06,1.255024662947766e-06,1.2550144994990873e-06,1.2550043361380368e-06,1.2549941728502774e-06,1.2549840096638305e-06,1.254973846545933e-06,1.254963683526416e-06,1.2549535206025352e-06,1.2549433577599936e-06,1.254933195004316e-06,1.2549230323425246e-06,1.2549128697658142e-06,1.2549027072832188e-06,1.2548925448839215e-06,1.2548823825733806e-06,1.254872220352795e-06,1.2548620582183819e-06,1.2548518961734273e-06,1.2548417342117337e-06,1.254831572356406e-06,1.2548214105710213e-06,1.2548112488718014e-06,1.254801087271901e-06,1.2547909257492416e-06,1.2547807643309067e-06,1.2547706029833956e-06,1.2547604417196487e-06,1.2547502805270534e-06,1.254740119441025e-06,1.2547299584347656e-06,1.2547197975217396e-06,1.2547096367091921e-06,1.2546994759738153e-06,1.254689315330006e-06,1.2546791547688143e-06,1.2546689942968546e-06,1.2546588339313416e-06,1.2546486736145828e-06,1.2546385134053115e-06,1.2546283532826014e-06,1.254618193246383e-06,1.2546080333036027e-06,1.2545978734445365e-06,1.2545877136725222e-06,1.2545775539829983e-06,1.2545673943756849e-06,1.2545572348701473e-06,1.2545470754452452e-06,1.2545369161123798e-06,1.2545267568599374e-06,1.254516597686905e-06,1.2545064386049807e-06,1.254496279602364e-06,1.2544861207102245e-06,1.2544759618851382e-06,1.2544658031493024e-06,1.254455644495829e-06,1.254445485930234e-06,1.2544353274905089e-06,1.254425169149665e-06,1.2544150108659794e-06,1.2544048526716053e-06,1.254394694562512e-06,1.2543845365370844e-06,1.254374378599948e-06,1.2543642207391862e-06,1.2543540629818122e-06,1.2543439053431535e-06,1.2543337477611164e-06,1.2543235902558387e-06,1.2543134328489346e-06,1.2543032755218484e-06,1.2542931182890907e-06,1.2542829611348645e-06,1.2542728040771567e-06,1.254262647097177e-06,1.2542524902145632e-06,1.2542423334227926e-06,1.254232176697815e-06,1.2542220200777689e-06,1.2542118635483517e-06,1.2542017071058346e-06,1.2541915507245203e-06,1.2541813944875105e-06,1.2541712382844202e-06,1.2541610821749164e-06,1.2541509261542236e-06,1.2541407702352806e-06,1.2541306144041561e-06,1.2541204586586324e-06,1.2541103029990333e-06,1.2541001474175502e-06,1.254089991930943e-06,1.2540798365193274e-06,1.2540696812005924e-06,1.2540595259617e-06,1.2540493708295971e-06,1.2540392157686303e-06,1.2540290608129762e-06,1.254018905942606e-06,1.2540087511551236e-06,1.2539985964580815e-06,1.2539884418524693e-06,1.2539782873329042e-06,1.2539681328973874e-06,1.2539579785402768e-06,1.2539478242665547e-06,1.253937670097157e-06,1.2539275160088327e-06,1.2539173620134041e-06,1.2539072081098708e-06,1.2538970542905802e-06,1.253886900536694e-06,1.2538767468938191e-06,1.2538665933457872e-06,1.2538564398853805e-06,1.2538462865006544e-06,1.2538361332039228e-06,1.253825979990241e-06,1.253815826869017e-06,1.2538056738226413e-06,1.25379552087187e-06,1.253785368016466e-06,1.2537752152656924e-06,1.2537650625665057e-06,1.253754909982437e-06,1.2537447574789417e-06,1.2537346050629892e-06,1.2537244527939857e-06,1.2537143005670426e-06,1.2537041484003423e-06,1.2536939963194703e-06,1.2536838443475897e-06,1.25367369245264e-06,1.253663540645951e-06,1.2536533889299336e-06,1.2536432373364656e-06,1.2536330857915743e-06,1.2536229343364058e-06,1.253612782967246e-06,1.2536026316855417e-06,1.253592480480765e-06,1.253582329374334e-06,1.2535721783598618e-06,1.2535620274271659e-06,1.253551876583023e-06,1.2535417258275097e-06,1.2535315751474337e-06,1.2535214245687428e-06,1.2535112740615966e-06,1.2535011236493362e-06,1.253490973329955e-06,1.253480823087722e-06,1.2534706729349336e-06,1.2534605228815124e-06,1.2534503729122046e-06,1.253440223022188e-06,1.2534300732319024e-06,1.2534199234990084e-06,1.253409773854824e-06,1.2533996243249054e-06,1.2533894748817256e-06,1.2533793255251018e-06,1.2533691762379118e-06,1.2533590270361275e-06,1.2533488779249457e-06,1.2533387289051515e-06,1.2533285799964232e-06,1.253318431166126e-06,1.2533082824215917e-06,1.2532981337643905e-06,1.2532879851981859e-06,1.253277836711667e-06,1.253267688323043e-06,1.2532575400099794e-06,1.2532473917994424e-06,1.2532372436705621e-06,1.2532270956076429e-06,1.2532169476493898e-06,1.253206799782702e-06,1.2531966519966767e-06,1.2531865042864158e-06,1.2531763566680709e-06,1.253166209136696e-06,1.253156061690346e-06,1.253145914340124e-06,1.2531357670686096e-06,1.2531256198895258e-06,1.2531154728081e-06,1.2531053258069745e-06,1.2530951789054109e-06,1.2530850320770133e-06,1.2530748853390493e-06,1.2530647387366191e-06,1.2530545921777235e-06,1.253044445700164e-06,1.2530342993137884e-06,1.2530241530184865e-06,1.2530140068276102e-06,1.253003860707124e-06,1.2529937146741162e-06,1.2529835687288731e-06,1.2529734228708884e-06,1.2529632771111633e-06,1.252953131417077e-06,1.2529429858188912e-06,1.2529328403112442e-06,1.2529226949147728e-06,1.2529125495646167e-06,1.252902404298796e-06,1.25289225914431e-06,1.252882114073459e-06,1.2528719690840985e-06,1.2528618241636795e-06,1.2528516793511092e-06,1.2528415346237963e-06,1.2528313899831568e-06,1.2528212454384943e-06,1.252811100965637e-06,1.252800956593332e-06,1.2527908123066234e-06,1.2527806681029821e-06,1.252770524021669e-06,1.252760380000452e-06,1.2527502360639067e-06,1.2527400922039364e-06,1.2527299484509742e-06,1.252719804773398e-06,1.2527096611952672e-06,1.252699517701835e-06,1.252689374291492e-06,1.252679230963697e-06,1.2526690877304466e-06,1.2526589445802527e-06,1.2526488015240122e-06,1.252638658544118e-06,1.252628515659536e-06,1.2526183728459325e-06,1.2526082301350442e-06,1.2525980875367271e-06,1.2525879450027381e-06,1.2525778025503974e-06,1.2525676601916064e-06,1.252557517916804e-06,1.2525473757308472e-06,1.2525372336329442e-06,1.2525270916137603e-06,1.2525169496900022e-06,1.2525068078640252e-06,1.252496666113473e-06,1.252486524456359e-06,1.252476382884401e-06,1.2524662413982087e-06,1.2524561000047498e-06,1.2524459586757147e-06,1.2524358174514123e-06,1.2524256763144792e-06,1.2524155352660225e-06,1.252405394304254e-06,1.2523952534300728e-06,1.2523851126429286e-06,1.252374971940577e-06,1.252364831328293e-06,1.2523546908015261e-06,1.2523445503572898e-06,1.2523344100018945e-06,1.2523242697420552e-06,1.2523141295484777e-06,1.2523039894625749e-06,1.2522938494651423e-06,1.25228370955326e-06,1.252273569721803e-06,1.2522634299871848e-06,1.2522532903376363e-06,1.2522431507780585e-06,1.25223301129961e-06,1.2522228719139309e-06,1.2522127326172093e-06,1.2522025933992081e-06,1.2521924542753772e-06,1.2521823152354315e-06,1.25217217628447e-06,1.2521620374189335e-06,1.2521518986425967e-06,1.2521417599570708e-06,1.2521316213437769e-06,1.2521214828308093e-06,1.2521113444022167e-06,1.252101206064951e-06,1.2520910677966024e-06,1.252080929636335e-06,1.252070791554646e-06,1.2520606535575981e-06,1.2520505156526014e-06,1.2520403778367212e-06,1.2520302401098397e-06,1.2520201024672015e-06,1.252009964908787e-06,1.2519998274330563e-06,1.251989690052461e-06,1.2519795527629187e-06,1.2519694155627362e-06,1.2519592784473176e-06,1.2519491414183372e-06,1.25193900447853e-06,1.2519288676725522e-06,1.2519187309068674e-06,1.251908594225588e-06,1.2518984576362673e-06,1.2518883211335285e-06,1.251878184714008e-06,1.2518680483878455e-06,1.2518579121463377e-06,1.2518477759940618e-06,1.2518376399384796e-06,1.2518275039662272e-06,1.2518173680748167e-06,1.2518072322745255e-06,1.2517970965501253e-06,1.2517869609214509e-06,1.2517768253765374e-06,1.2517666899154825e-06,1.2517565545376167e-06,1.2517464192583899e-06,1.2517362840482878e-06,1.2517261489370372e-06,1.251716013919337e-06,1.2517058789896648e-06,1.2516957441493292e-06,1.2516856094316436e-06,1.2516754747620419e-06,1.2516653401562626e-06,1.251655205665009e-06,1.2516450712585982e-06,1.2516349369430879e-06,1.2516248027314834e-06,1.2516146685987708e-06,1.2516045345415917e-06,1.251594400571415e-06,1.2515842666904184e-06,1.25157413290007e-06,1.2515639991857475e-06,1.2515538655576397e-06,1.2515437320271532e-06,1.2515335985869128e-06,1.2515234652312577e-06,1.2515133319628776e-06,1.2515031987800383e-06,1.2514930656933839e-06,1.251482932676887e-06,1.2514727997451803e-06,1.251462666894904e-06,1.2514525341531925e-06,1.2514424014911431e-06,1.251432268919218e-06,1.2514221364358641e-06,1.2514120040413218e-06,1.251401871736382e-06,1.251391739505431e-06,1.251381607372033e-06,1.2513714753258597e-06,1.2513613433635822e-06,1.2513512114935557e-06,1.2513410797088559e-06,1.2513309479991888e-06,1.2513208163900073e-06,1.2513106848609349e-06,1.2513005534284208e-06,1.25129042207277e-06,1.2512802908121166e-06,1.2512701596454699e-06,1.2512600285525406e-06,1.2512498975582327e-06,1.2512397666487049e-06,1.2512296358172411e-06,1.2512195050778202e-06,1.2512093744247621e-06,1.2511992438671338e-06,1.2511891133937024e-06,1.2511789830078891e-06,1.2511688527090037e-06,1.251158722492031e-06,1.2511485923469642e-06,1.2511384623130587e-06,1.2511283323546265e-06,1.2511182024787745e-06,1.251108072700882e-06,1.251097943015008e-06,1.2510878134151763e-06,1.2510776838955303e-06,1.2510675544704483e-06,1.2510574251326674e-06,1.25104729588196e-06,1.2510371667227886e-06,1.2510270376456952e-06,1.2510169086635956e-06,1.2510067797572844e-06,1.2509966509442104e-06,1.2509865222176197e-06,1.250976393579258e-06,1.2509662650168683e-06,1.250956136552624e-06,1.2509460081672375e-06,1.2509358798576117e-06,1.2509257516630727e-06,1.2509156235274758e-06,1.2509054955033196e-06,1.25089536756319e-06,1.2508852397196558e-06,1.250875111954167e-06,1.2508649842650823e-06,1.250854856686839e-06,1.250844729175779e-06,1.2508346017460994e-06,1.2508244744020819e-06,1.2508143471389759e-06,1.250804219981331e-06,1.2507940929156537e-06,1.250783965934156e-06,1.2507738390419303e-06,1.2507637122189153e-06,1.2507535855029904e-06,1.250743458854944e-06,1.2507333323116915e-06,1.2507232058967472e-06,1.250713079532369e-06,1.2507029532516966e-06,1.2506928270412646e-06,1.2506827009338459e-06,1.2506725749184414e-06,1.250662448981955e-06,1.250652323137938e-06,1.2506421973720453e-06,1.2506320717086967e-06,1.2506219460980912e-06,1.2506118205962094e-06,1.2506016951888441e-06
